
     Program GIPAW v.5.0.2 (svn rev. 9656) starts on 20Oct2013 at 23: 8: 7 

     This program is part of the open-source Quantum ESPRESSO suite
     for quantum simulation of materials; please cite
         "P. Giannozzi et al., J. Phys.:Condens. Matter 21 395502 (2009);
          URL http://www.quantum-espresso.org", 
     in publications or presentations arising from this work. More details at
     http://www.quantum-espresso.org/quote.php

     Parallel version (MPI), running on    48 processors
     R & G space division:  proc/nbgrp/npool/nimage =      48

   Info: using nr1, nr2, nr3 values from input

   Info: using nr1s, nr2s, nr3s values from input

     IMPORTANT: XC functional enforced from input :
     Exchange-correlation      =  SLA  PW   PBX  PBC ( 1 4 3 4 0)
     EXX-fraction              =        0.00
     Any further DFT definition will be discarded
     Please, verify this is what you really want

               file H.pbe-kjpaw_psl.0.1.UPF: wavefunction(s)  1S renormalized
               file C.pbe-n-kjpaw_psl.0.1.UPF: wavefunction(s)  2P renormalized
               file N.pbe-n-kjpaw_psl.0.1.UPF: wavefunction(s)  2P renormalized
               file S.pbe-n-kjpaw_psl.0.1.UPF: wavefunction(s)  3P renormalized
               file Cl.pbe-n-kjpaw_psl.0.3.0.UPF: wavefunction(s)  3S 3P renormalized
               file Ni.pbe-n-kjpaw_psl.0.1.UPF: wavefunction(s)  4S 3D renormalized

     Parallelization info
     --------------------
     sticks:   dense  smooth     PW     G-vecs:    dense   smooth      PW
     Min         324     129     34                28630     7225     988
     Max         325     130     35                28635     7254     993
     Sum       15589    6221   1649              1374345   347575   47515


     Subspace diagonalization in iterative solution of the eigenvalue problem:
     scalapack distributed-memory algorithm (size of sub-group:  4*  4 procs)

     init_paw_1: ntyp= 1  rc=    1.0000  rs=    0.6667
     init_paw_1: ntyp= 1  rc=    1.0000  rs=    0.6667

     init_gipaw_1: projectors nearly linearly dependent:
     ntyp =  1, l/n1/n2 =  0 2 1  0.99968852
     init_paw_1: ntyp= 2  rc=    1.3000  rs=    0.8667
     init_paw_1: ntyp= 2  rc=    1.3000  rs=    0.8667
     init_paw_1: ntyp= 2  rc=    1.4500  rs=    0.9667
     init_paw_1: ntyp= 2  rc=    1.4500  rs=    0.9667
     init_gipaw_1: projectors nearly linearly dependent:
     ntyp =  2, l/n1/n2 =  0 2 1  0.99877758
     init_gipaw_1: projectors nearly linearly dependent:
     ntyp =  2, l/n1/n2 =  1 2 1  0.99940894
     init_paw_1: ntyp= 3  rc=    1.3000  rs=    0.8667
     init_paw_1: ntyp= 3  rc=    1.3000  rs=    0.8667
     init_paw_1: ntyp= 3  rc=    1.4500  rs=    0.9667
     init_paw_1: ntyp= 3  rc=    1.4500  rs=    0.9667
     init_gipaw_1: projectors nearly linearly dependent:
     ntyp =  3, l/n1/n2 =  0 2 1  0.99709514
     init_gipaw_1: projectors nearly linearly dependent:
     ntyp =  3, l/n1/n2 =  1 2 1  0.99857174
     init_paw_1: ntyp= 4  rc=    2.1000  rs=    1.4000
     init_paw_1: ntyp= 4  rc=    2.1000  rs=    1.4000
     init_paw_1: ntyp= 4  rc=    2.1000  rs=    1.4000
     init_paw_1: ntyp= 4  rc=    2.1000  rs=    1.4000
     init_paw_1: ntyp= 5  rc=    1.8000  rs=    1.2000
     init_paw_1: ntyp= 5  rc=    1.8000  rs=    1.2000
     init_paw_1: ntyp= 5  rc=    2.1000  rs=    1.4000
     init_paw_1: ntyp= 5  rc=    2.1000  rs=    1.4000
     init_paw_1: ntyp= 6  rc=    2.2000  rs=    1.4667
     init_paw_1: ntyp= 6  rc=    2.2000  rs=    1.4667
     init_paw_1: ntyp= 6  rc=    2.2000  rs=    1.4667
     init_paw_1: ntyp= 6  rc=    2.2000  rs=    1.4667
     init_paw_1: ntyp= 6  rc=    1.8000  rs=    1.2000
     init_paw_1: ntyp= 6  rc=    1.8000  rs=    1.2000
     init_gipaw_1: projectors nearly linearly dependent:
     ntyp =  6, l/n1/n2 =  2 2 1  0.99537520


     GIPAW job: efg                                                                             

     GIPAW        :    41.74s CPU        42.34s WALL


     ELECTRIC FIELD GRADIENTS TENSORS IN Hartree/bohrradius:

     ----- bare term -----
     C    1        0.387929       -0.481335       -0.529799
     C    1       -0.481335       -0.295680        0.487618
     C    1       -0.529799        0.487618       -0.092248

     C    2        0.387924       -0.481276        0.529798
     C    2       -0.481276       -0.295595       -0.487587
     C    2        0.529798       -0.487587       -0.092330

     C    3       -0.295898        0.481568       -0.487571
     C    3        0.481568        0.388186       -0.529462
     C    3       -0.487571       -0.529462       -0.092288

     C    4       -0.295753        0.481330       -0.487511
     C    4        0.481330        0.387989       -0.529746
     C    4       -0.487511       -0.529746       -0.092236

     C    5       -0.295691        0.481471        0.487562
     C    5        0.481471        0.388072        0.529941
     C    5        0.487562        0.529941       -0.092382

     C    6        0.388121       -0.481514        0.529514
     C    6       -0.481514       -0.295739       -0.487647
     C    6        0.529514       -0.487647       -0.092382

     C    7        0.388125       -0.481573       -0.529515
     C    7       -0.481573       -0.295825        0.487677
     C    7       -0.529515        0.487677       -0.092300

     C    8       -0.295835        0.481709        0.487622
     C    8        0.481709        0.388269        0.529657
     C    8        0.487622        0.529657       -0.092434

     Cl   9        0.030726        0.000272        0.000002
     Cl   9        0.000272        0.028439       -0.000016
     Cl   9        0.000002       -0.000016       -0.059165

     Cl  10        0.040854        0.000090        0.000075
     Cl  10        0.000090        0.040831        0.000008
     Cl  10        0.000075        0.000008       -0.081685

     Cl  11        0.030703        0.000272        0.000002
     Cl  11        0.000272        0.028415       -0.000016
     Cl  11        0.000002       -0.000016       -0.059118

     Cl  12        0.040834        0.000089        0.000075
     Cl  12        0.000089        0.040810        0.000009
     Cl  12        0.000075        0.000009       -0.081644

     H   13        0.175709       -0.139217       -0.623724
     H   13       -0.139217        0.458079       -0.344985
     H   13       -0.623724       -0.344985       -0.633789

     H   14        0.313443        0.615556        0.228673
     H   14        0.615556       -0.670554       -0.616726
     H   14        0.228673       -0.616726        0.357110

     H   15        0.457936        0.139087       -0.344975
     H   15        0.139087        0.175958        0.623269
     H   15       -0.344975        0.623269       -0.633894

     H   16        0.457934        0.139091        0.344974
     H   16        0.139091        0.175961       -0.623265
     H   16        0.344974       -0.623265       -0.633895

     H   17        0.359888        0.525020       -0.305128
     H   17        0.525020       -0.291749        0.794229
     H   17       -0.305128        0.794229       -0.068139

     H   18        0.359930        0.525001        0.305102
     H   18        0.525001       -0.291750       -0.794251
     H   18        0.305102       -0.794251       -0.068180

     H   19       -0.291839       -0.525042        0.794225
     H   19       -0.525042        0.359946        0.305075
     H   19        0.794225        0.305075       -0.068107

     H   20       -0.291742       -0.525035       -0.794213
     H   20       -0.525035        0.359905       -0.305113
     H   20       -0.794213       -0.305113       -0.068162

     H   21       -0.668070        0.721210        0.480916
     H   21        0.721210        0.316666       -0.170593
     H   21        0.480916       -0.170593        0.351404

     H   22        0.316651       -0.721219        0.170598
     H   22       -0.721219       -0.668049        0.480896
     H   22        0.170598        0.480896        0.351399

     H   23       -0.670457       -0.615535        0.616647
     H   23       -0.615535        0.313352        0.228636
     H   23        0.616647        0.228636        0.357105

     H   24       -0.670620       -0.615698       -0.616738
     H   24       -0.615698        0.313347       -0.228720
     H   24       -0.616738       -0.228720        0.357273

     H   25       -0.670598       -0.615696        0.616735
     H   25       -0.615696        0.313338        0.228725
     H   25        0.616735        0.228725        0.357260

     H   26        0.316736       -0.721275       -0.170704
     H   26       -0.721275       -0.668139       -0.481051
     H   26       -0.170704       -0.481051        0.351403

     H   27        0.316713       -0.721269        0.170699
     H   27       -0.721269       -0.668118        0.481021
     H   27        0.170699        0.481021        0.351405

     H   28       -0.668139        0.721260        0.481041
     H   28        0.721260        0.316729       -0.170693
     H   28        0.481041       -0.170693        0.351410

     H   29       -0.668130        0.721275       -0.481074
     H   29        0.721275        0.316722        0.170705
     H   29       -0.481074        0.170705        0.351408

     H   30       -0.291411       -0.524913       -0.794393
     H   30       -0.524913        0.359935       -0.305241
     H   30       -0.794393       -0.305241       -0.068524

     H   31        0.359919        0.524898       -0.305256
     H   31        0.524898       -0.291418        0.794409
     H   31       -0.305256        0.794409       -0.068501

     H   32        0.458052        0.139212        0.345007
     H   32        0.139212        0.175722       -0.623658
     H   32        0.345007       -0.623658       -0.633775

     H   33        0.313429        0.615716        0.228762
     H   33        0.615716       -0.670695       -0.616814
     H   33        0.228762       -0.616814        0.357266

     H   34        0.313430        0.615719       -0.228759
     H   34        0.615719       -0.670697        0.616835
     H   34       -0.228759        0.616835        0.357268

     H   35        0.175948       -0.139095       -0.623332
     H   35       -0.139095        0.457961       -0.344952
     H   35       -0.623332       -0.344952       -0.633910

     H   36        0.175942       -0.139107        0.623337
     H   36       -0.139107        0.457970        0.344959
     H   36        0.623337        0.344959       -0.633912

     H   37        0.458054        0.139209       -0.345008
     H   37        0.139209        0.175720        0.623662
     H   37       -0.345008        0.623662       -0.633774

     H   38        0.359961        0.524879        0.305231
     H   38        0.524879       -0.291419       -0.794431
     H   38        0.305231       -0.794431       -0.068541

     H   39       -0.291508       -0.524921        0.794406
     H   39       -0.524921        0.359977        0.305203
     H   39        0.794406        0.305203       -0.068469

     H   40       -0.670479       -0.615537       -0.616649
     H   40       -0.615537        0.313362       -0.228631
     H   40       -0.616649       -0.228631        0.357117

     H   41        0.316674       -0.721225       -0.170603
     H   41       -0.721225       -0.668071       -0.480926
     H   41       -0.170603       -0.480926        0.351397

     H   42       -0.668062        0.721225       -0.480949
     H   42        0.721225        0.316660        0.170605
     H   42       -0.480949        0.170605        0.351402

     H   43        0.313444        0.615558       -0.228670
     H   43        0.615558       -0.670556        0.616746
     H   43       -0.228670        0.616746        0.357112

     H   44        0.175703       -0.139228        0.623730
     H   44       -0.139228        0.458088        0.344992
     H   44        0.623730        0.344992       -0.633791

     N   45       -0.216401        0.261605       -0.182647
     N   45        0.261605        0.104944       -0.104622
     N   45       -0.182647       -0.104622        0.111458

     N   46        0.105120       -0.260811       -0.104326
     N   46       -0.260811       -0.216300        0.182434
     N   46       -0.104326        0.182434        0.111180

     N   47        0.105085       -0.260816        0.104320
     N   47       -0.260816       -0.216295       -0.182487
     N   47        0.104320       -0.182487        0.111210

     N   48        0.161888       -0.175564       -0.280756
     N   48       -0.175564       -0.011229        0.231384
     N   48       -0.280756        0.231384       -0.150658

     N   49        0.162177       -0.175578        0.280820
     N   49       -0.175578       -0.011365       -0.231083
     N   49        0.280820       -0.231083       -0.150812

     N   50       -0.011557        0.175687       -0.231149
     N   50        0.175687        0.161921       -0.280237
     N   50       -0.231149       -0.280237       -0.150365

     N   51       -0.011437        0.175577       -0.231198
     N   51        0.175577        0.161914       -0.280553
     N   51       -0.231198       -0.280553       -0.150477

     N   52       -0.011229        0.175638        0.231283
     N   52        0.175638        0.161803        0.280721
     N   52        0.231283        0.280721       -0.150575

     N   53        0.162184       -0.175689        0.280504
     N   53       -0.175689       -0.011485       -0.231034
     N   53        0.280504       -0.231034       -0.150700

     N   54        0.105404       -0.260849        0.104239
     N   54       -0.260849       -0.216479       -0.182813
     N   54        0.104239       -0.182813        0.111075

     N   55       -0.216192        0.261523        0.182278
     N   55        0.261523        0.104584        0.104681
     N   55        0.182278        0.104681        0.111607

     N   56       -0.216217        0.261571       -0.182322
     N   56        0.261571        0.104625       -0.104704
     N   56       -0.182322       -0.104704        0.111592

     N   57        0.105439       -0.260845       -0.104244
     N   57       -0.260845       -0.216484        0.182760
     N   57       -0.104244        0.182760        0.111045

     N   58        0.161895       -0.175675       -0.280440
     N   58       -0.175675       -0.011349        0.231335
     N   58       -0.280440        0.231335       -0.150546

     N   59       -0.011348        0.175749        0.231234
     N   59        0.175749        0.161811        0.280405
     N   59        0.231234        0.280405       -0.150462

     N   60       -0.216376        0.261557        0.182604
     N   60        0.261557        0.104903        0.104600
     N   60        0.182604        0.104600        0.111472

     Ni  61        0.009477       -0.000029       -0.000006
     Ni  61       -0.000029        0.009479        0.000017
     Ni  61       -0.000006        0.000017       -0.018957

     Ni  62        0.009502       -0.000029       -0.000006
     Ni  62       -0.000029        0.009505        0.000017
     Ni  62       -0.000006        0.000017       -0.019007

     S   63       -0.017133       -0.120203       -0.076770
     S   63       -0.120203       -0.049509       -0.018736
     S   63       -0.076770       -0.018736        0.066642

     S   64       -0.017130       -0.120200        0.076924
     S   64       -0.120200       -0.049511        0.018688
     S   64        0.076924        0.018688        0.066641

     S   65       -0.050054        0.120657        0.018753
     S   65        0.120657       -0.016881       -0.076665
     S   65        0.018753       -0.076665        0.066935

     S   66       -0.050064        0.120627        0.018728
     S   66        0.120627       -0.016896       -0.076668
     S   66        0.018728       -0.076668        0.066960

     S   67       -0.050034        0.120523       -0.018717
     S   67        0.120523       -0.016898        0.076758
     S   67       -0.018717        0.076758        0.066932

     S   68       -0.017116       -0.120230        0.076921
     S   68       -0.120230       -0.049500        0.018713
     S   68        0.076921        0.018713        0.066616

     S   69       -0.017119       -0.120233       -0.076767
     S   69       -0.120233       -0.049499       -0.018761
     S   69       -0.076767       -0.018761        0.066618

     S   70       -0.050024        0.120552       -0.018743
     S   70        0.120552       -0.016884        0.076755
     S   70       -0.018743        0.076755        0.066908

     ----- ionic term -----
     C    1       -0.369060        0.386359        0.403257
     C    1        0.386359        0.304403       -0.450124
     C    1        0.403257       -0.450124        0.064657

     C    2       -0.369060        0.386359       -0.403257
     C    2        0.386359        0.304403        0.450124
     C    2       -0.403257        0.450124        0.064657

     C    3        0.304505       -0.386563        0.450178
     C    3       -0.386563       -0.369240        0.402996
     C    3        0.450178        0.402996        0.064734

     C    4        0.304403       -0.386359        0.450124
     C    4       -0.386359       -0.369060        0.403257
     C    4        0.450124        0.403257        0.064657

     C    5        0.304403       -0.386359       -0.450124
     C    5       -0.386359       -0.369060       -0.403257
     C    5       -0.450124       -0.403257        0.064657

     C    6       -0.369240        0.386563       -0.402996
     C    6        0.386563        0.304505        0.450178
     C    6       -0.402996        0.450178        0.064734

     C    7       -0.369240        0.386563        0.402996
     C    7        0.386563        0.304505       -0.450178
     C    7        0.402996       -0.450178        0.064734

     C    8        0.304505       -0.386563       -0.450178
     C    8       -0.386563       -0.369240       -0.402996
     C    8       -0.450178       -0.402996        0.064734

     Cl   9       -0.037755       -0.000000       -0.000000
     Cl   9       -0.000000       -0.037755        0.000000
     Cl   9       -0.000000        0.000000        0.075509

     Cl  10       -0.076353        0.000000       -0.000000
     Cl  10        0.000000       -0.076353       -0.000000
     Cl  10       -0.000000       -0.000000        0.152705

     Cl  11       -0.037757       -0.000000       -0.000000
     Cl  11       -0.000000       -0.037757       -0.000000
     Cl  11       -0.000000       -0.000000        0.075514

     Cl  12       -0.076307       -0.000000       -0.000000
     Cl  12       -0.000000       -0.076307       -0.000000
     Cl  12       -0.000000       -0.000000        0.152614

     H   13       -0.286970        0.187323        0.845248
     H   13        0.187323       -0.625776        0.512358
     H   13        0.845248        0.512358        0.912746

     H   14       -0.390172       -0.782398       -0.282668
     H   14       -0.782398        0.818130        0.802434
     H   14       -0.282668        0.802434       -0.427958

     H   15       -0.625508       -0.187104        0.512204
     H   15       -0.187104       -0.287211       -0.844562
     H   15        0.512204       -0.844562        0.912719

     H   16       -0.625508       -0.187104       -0.512204
     H   16       -0.187104       -0.287211        0.844562
     H   16       -0.512204        0.844562        0.912719

     H   17       -0.444760       -0.718365        0.420120
     H   17       -0.718365        0.394752       -1.038787
     H   17        0.420120       -1.038787        0.050008

     H   18       -0.444760       -0.718365       -0.420120
     H   18       -0.718365        0.394752        1.038787
     H   18       -0.420120        1.038787        0.050008

     H   19        0.394752        0.718365       -1.038787
     H   19        0.718365       -0.444760       -0.420120
     H   19       -1.038787       -0.420120        0.050008

     H   20        0.394752        0.718365        1.038787
     H   20        0.718365       -0.444760        0.420120
     H   20        1.038787        0.420120        0.050008

     H   21        0.882128       -0.924406       -0.596904
     H   21       -0.924406       -0.418051        0.178473
     H   21       -0.596904        0.178473       -0.464077

     H   22       -0.418051        0.924406       -0.178473
     H   22        0.924406        0.882128       -0.596904
     H   22       -0.178473       -0.596904       -0.464077

     H   23        0.818130        0.782398       -0.802434
     H   23        0.782398       -0.390172       -0.282668
     H   23       -0.802434       -0.282668       -0.427958

     H   24        0.818560        0.782818        0.802784
     H   24        0.782818       -0.390306        0.282856
     H   24        0.802784        0.282856       -0.428254

     H   25        0.818560        0.782818       -0.802784
     H   25        0.782818       -0.390306       -0.282856
     H   25       -0.802784       -0.282856       -0.428254

     H   26       -0.418175        0.924519        0.178613
     H   26        0.924519        0.882286        0.597115
     H   26        0.178613        0.597115       -0.464111

     H   27       -0.418175        0.924519       -0.178613
     H   27        0.924519        0.882286       -0.597115
     H   27       -0.178613       -0.597115       -0.464111

     H   28        0.882286       -0.924519       -0.597115
     H   28       -0.924519       -0.418175        0.178613
     H   28       -0.597115        0.178613       -0.464111

     H   29        0.882286       -0.924519        0.597115
     H   29       -0.924519       -0.418175       -0.178613
     H   29        0.597115       -0.178613       -0.464111

     H   30        0.394300        0.718224        1.039044
     H   30        0.718224       -0.444794        0.420326
     H   30        1.039044        0.420326        0.050495

     H   31       -0.444794       -0.718224        0.420326
     H   31       -0.718224        0.394300       -1.039044
     H   31        0.420326       -1.039044        0.050495

     H   32       -0.625776       -0.187323       -0.512358
     H   32       -0.187323       -0.286970        0.845248
     H   32       -0.512358        0.845248        0.912746

     H   33       -0.390306       -0.782818       -0.282856
     H   33       -0.782818        0.818560        0.802784
     H   33       -0.282856        0.802784       -0.428254

     H   34       -0.390306       -0.782818        0.282856
     H   34       -0.782818        0.818560       -0.802784
     H   34        0.282856       -0.802784       -0.428254

     H   35       -0.287211        0.187104        0.844562
     H   35        0.187104       -0.625508        0.512204
     H   35        0.844562        0.512204        0.912719

     H   36       -0.287211        0.187104       -0.844562
     H   36        0.187104       -0.625508       -0.512204
     H   36       -0.844562       -0.512204        0.912719

     H   37       -0.625776       -0.187323        0.512358
     H   37       -0.187323       -0.286970       -0.845248
     H   37        0.512358       -0.845248        0.912746

     H   38       -0.444794       -0.718224       -0.420326
     H   38       -0.718224        0.394300        1.039044
     H   38       -0.420326        1.039044        0.050495

     H   39        0.394300        0.718224       -1.039044
     H   39        0.718224       -0.444794       -0.420326
     H   39       -1.039044       -0.420326        0.050495

     H   40        0.818130        0.782398        0.802434
     H   40        0.782398       -0.390172        0.282668
     H   40        0.802434        0.282668       -0.427958

     H   41       -0.418051        0.924406        0.178473
     H   41        0.924406        0.882128        0.596904
     H   41        0.178473        0.596904       -0.464077

     H   42        0.882128       -0.924406        0.596904
     H   42       -0.924406       -0.418051       -0.178473
     H   42        0.596904       -0.178473       -0.464077

     H   43       -0.390172       -0.782398        0.282668
     H   43       -0.782398        0.818130       -0.802434
     H   43        0.282668       -0.802434       -0.427958

     H   44       -0.286970        0.187323       -0.845248
     H   44        0.187323       -0.625776       -0.512358
     H   44       -0.845248       -0.512358        0.912746

     N   45        0.273135       -0.377368        0.313613
     N   45       -0.377368       -0.163933        0.208162
     N   45        0.313613        0.208162       -0.109202

     N   46       -0.163694        0.377422        0.208247
     N   46        0.377422        0.272959       -0.313332
     N   46        0.208247       -0.313332       -0.109265

     N   47       -0.163694        0.377422       -0.208247
     N   47        0.377422        0.272959        0.313332
     N   47       -0.208247        0.313332       -0.109265

     N   48       -0.202754        0.273103        0.421140
     N   48        0.273103        0.011094       -0.316788
     N   48        0.421140       -0.316788        0.191659

     N   49       -0.202754        0.273103       -0.421140
     N   49        0.273103        0.011094        0.316788
     N   49       -0.421140        0.316788        0.191659

     N   50        0.011110       -0.273273        0.316798
     N   50       -0.273273       -0.202784        0.420857
     N   50        0.316798        0.420857        0.191674

     N   51        0.011094       -0.273103        0.316788
     N   51       -0.273103       -0.202754        0.421140
     N   51        0.316788        0.421140        0.191659

     N   52        0.011094       -0.273103       -0.316788
     N   52       -0.273103       -0.202754       -0.421140
     N   52       -0.316788       -0.421140        0.191659

     N   53       -0.202784        0.273273       -0.420857
     N   53        0.273273        0.011110        0.316798
     N   53       -0.420857        0.316798        0.191674

     N   54       -0.163933        0.377368       -0.208162
     N   54        0.377368        0.273135        0.313613
     N   54       -0.208162        0.313613       -0.109202

     N   55        0.272959       -0.377422       -0.313332
     N   55       -0.377422       -0.163694       -0.208247
     N   55       -0.313332       -0.208247       -0.109265

     N   56        0.272959       -0.377422        0.313332
     N   56       -0.377422       -0.163694        0.208247
     N   56        0.313332        0.208247       -0.109265

     N   57       -0.163933        0.377368        0.208162
     N   57        0.377368        0.273135       -0.313613
     N   57        0.208162       -0.313613       -0.109202

     N   58       -0.202784        0.273273        0.420857
     N   58        0.273273        0.011110       -0.316798
     N   58        0.420857       -0.316798        0.191674

     N   59        0.011110       -0.273273       -0.316798
     N   59       -0.273273       -0.202784       -0.420857
     N   59       -0.316798       -0.420857        0.191674

     N   60        0.273135       -0.377368       -0.313613
     N   60       -0.377368       -0.163933       -0.208162
     N   60       -0.313613       -0.208162       -0.109202

     Ni  61        0.077961       -0.000000       -0.000000
     Ni  61       -0.000000        0.077961       -0.000000
     Ni  61       -0.000000       -0.000000       -0.155921

     Ni  62        0.077952       -0.000000       -0.000000
     Ni  62       -0.000000        0.077952       -0.000000
     Ni  62       -0.000000       -0.000000       -0.155905

     S   63       -0.030677        0.210045        0.159837
     S   63        0.210045        0.158451        0.032458
     S   63        0.159837        0.032458       -0.127774

     S   64       -0.030677        0.210045       -0.159837
     S   64        0.210045        0.158451       -0.032458
     S   64       -0.159837       -0.032458       -0.127774

     S   65        0.158403       -0.210043       -0.032497
     S   65       -0.210043       -0.030658        0.159857
     S   65       -0.032497        0.159857       -0.127745

     S   66        0.158451       -0.210045       -0.032458
     S   66       -0.210045       -0.030677        0.159837
     S   66       -0.032458        0.159837       -0.127774

     S   67        0.158451       -0.210045        0.032458
     S   67       -0.210045       -0.030677       -0.159837
     S   67        0.032458       -0.159837       -0.127774

     S   68       -0.030658        0.210043       -0.159857
     S   68        0.210043        0.158403       -0.032497
     S   68       -0.159857       -0.032497       -0.127745

     S   69       -0.030658        0.210043        0.159857
     S   69        0.210043        0.158403        0.032497
     S   69        0.159857        0.032497       -0.127745

     S   70        0.158403       -0.210043        0.032497
     S   70       -0.210043       -0.030658       -0.159857
     S   70        0.032497       -0.159857       -0.127745

     ----- GIPAW term -----
     C    1        0.032160       -0.089928       -0.102936
     C    1       -0.089928       -0.016764        0.052957
     C    1       -0.102936        0.052957       -0.015397

     C    2        0.032140       -0.089880        0.102936
     C    2       -0.089880       -0.016666       -0.052908
     C    2        0.102936       -0.052908       -0.015474

     C    3       -0.016961        0.090001       -0.052789
     C    3        0.090001        0.032246       -0.102824
     C    3       -0.052789       -0.102824       -0.015286

     C    4       -0.016876        0.089923       -0.052817
     C    4        0.089923        0.032236       -0.102867
     C    4       -0.052817       -0.102867       -0.015360

     C    5       -0.016813        0.090087        0.052892
     C    5        0.090087        0.032341        0.103084
     C    5        0.052892        0.103084       -0.015528

     C    6        0.032150       -0.089958        0.102892
     C    6       -0.089958       -0.016750       -0.052880
     C    6        0.102892       -0.052880       -0.015399

     C    7        0.032170       -0.090006       -0.102892
     C    7       -0.090006       -0.016848        0.052929
     C    7       -0.102892        0.052929       -0.015322

     C    8       -0.016898        0.090165        0.052864
     C    8        0.090165        0.032352        0.103040
     C    8        0.052864        0.103040       -0.015454

     Cl   9        0.269771        0.003416        0.000056
     Cl   9        0.003416        0.241605       -0.000256
     Cl   9        0.000056       -0.000256       -0.511377

     Cl  10        0.011157        0.001186        0.001013
     Cl  10        0.001186        0.010928        0.000121
     Cl  10        0.001013        0.000121       -0.022085

     Cl  11        0.269534        0.003410        0.000055
     Cl  11        0.003410        0.241372       -0.000258
     Cl  11        0.000055       -0.000258       -0.510906

     Cl  12        0.011368        0.001187        0.001016
     Cl  12        0.001187        0.011137        0.000120
     Cl  12        0.001016        0.000120       -0.022505

     H   13        0.000000        0.000000       -0.000000
     H   13        0.000000       -0.000000        0.000000
     H   13       -0.000000        0.000000        0.000000

     H   14        0.000000        0.000000       -0.000000
     H   14        0.000000       -0.000000        0.000000
     H   14       -0.000000        0.000000        0.000000

     H   15        0.000000        0.000000       -0.000000
     H   15        0.000000       -0.000000        0.000000
     H   15       -0.000000        0.000000        0.000000

     H   16        0.000000        0.000000       -0.000000
     H   16        0.000000       -0.000000        0.000000
     H   16       -0.000000        0.000000        0.000000

     H   17        0.000000        0.000000       -0.000000
     H   17        0.000000       -0.000000        0.000000
     H   17       -0.000000        0.000000        0.000000

     H   18        0.000000        0.000000       -0.000000
     H   18        0.000000       -0.000000        0.000000
     H   18       -0.000000        0.000000        0.000000

     H   19        0.000000        0.000000       -0.000000
     H   19        0.000000       -0.000000        0.000000
     H   19       -0.000000        0.000000        0.000000

     H   20        0.000000        0.000000       -0.000000
     H   20        0.000000       -0.000000        0.000000
     H   20       -0.000000        0.000000        0.000000

     H   21        0.000000        0.000000       -0.000000
     H   21        0.000000       -0.000000        0.000000
     H   21       -0.000000        0.000000        0.000000

     H   22        0.000000        0.000000       -0.000000
     H   22        0.000000       -0.000000        0.000000
     H   22       -0.000000        0.000000        0.000000

     H   23        0.000000        0.000000       -0.000000
     H   23        0.000000       -0.000000        0.000000
     H   23       -0.000000        0.000000        0.000000

     H   24        0.000000        0.000000       -0.000000
     H   24        0.000000       -0.000000        0.000000
     H   24       -0.000000        0.000000        0.000000

     H   25        0.000000        0.000000       -0.000000
     H   25        0.000000       -0.000000        0.000000
     H   25       -0.000000        0.000000        0.000000

     H   26        0.000000        0.000000       -0.000000
     H   26        0.000000       -0.000000        0.000000
     H   26       -0.000000        0.000000        0.000000

     H   27        0.000000        0.000000       -0.000000
     H   27        0.000000       -0.000000        0.000000
     H   27       -0.000000        0.000000        0.000000

     H   28        0.000000        0.000000       -0.000000
     H   28        0.000000       -0.000000        0.000000
     H   28       -0.000000        0.000000        0.000000

     H   29        0.000000        0.000000       -0.000000
     H   29        0.000000       -0.000000        0.000000
     H   29       -0.000000        0.000000        0.000000

     H   30        0.000000        0.000000       -0.000000
     H   30        0.000000       -0.000000        0.000000
     H   30       -0.000000        0.000000        0.000000

     H   31        0.000000        0.000000       -0.000000
     H   31        0.000000       -0.000000        0.000000
     H   31       -0.000000        0.000000        0.000000

     H   32        0.000000        0.000000       -0.000000
     H   32        0.000000       -0.000000        0.000000
     H   32       -0.000000        0.000000        0.000000

     H   33        0.000000        0.000000       -0.000000
     H   33        0.000000       -0.000000        0.000000
     H   33       -0.000000        0.000000        0.000000

     H   34        0.000000        0.000000       -0.000000
     H   34        0.000000       -0.000000        0.000000
     H   34       -0.000000        0.000000        0.000000

     H   35        0.000000        0.000000       -0.000000
     H   35        0.000000       -0.000000        0.000000
     H   35       -0.000000        0.000000        0.000000

     H   36        0.000000        0.000000       -0.000000
     H   36        0.000000       -0.000000        0.000000
     H   36       -0.000000        0.000000        0.000000

     H   37        0.000000        0.000000       -0.000000
     H   37        0.000000       -0.000000        0.000000
     H   37       -0.000000        0.000000        0.000000

     H   38        0.000000        0.000000       -0.000000
     H   38        0.000000       -0.000000        0.000000
     H   38       -0.000000        0.000000        0.000000

     H   39        0.000000        0.000000       -0.000000
     H   39        0.000000       -0.000000        0.000000
     H   39       -0.000000        0.000000        0.000000

     H   40        0.000000        0.000000       -0.000000
     H   40        0.000000       -0.000000        0.000000
     H   40       -0.000000        0.000000        0.000000

     H   41        0.000000        0.000000       -0.000000
     H   41        0.000000       -0.000000        0.000000
     H   41       -0.000000        0.000000        0.000000

     H   42        0.000000        0.000000       -0.000000
     H   42        0.000000       -0.000000        0.000000
     H   42       -0.000000        0.000000        0.000000

     H   43        0.000000        0.000000       -0.000000
     H   43        0.000000       -0.000000        0.000000
     H   43       -0.000000        0.000000        0.000000

     H   44        0.000000        0.000000       -0.000000
     H   44        0.000000       -0.000000        0.000000
     H   44       -0.000000        0.000000        0.000000

     N   45        0.105883       -0.252500        0.262073
     N   45       -0.252500       -0.096228        0.215322
     N   45        0.262073        0.215322       -0.009655

     N   46       -0.095605        0.254041        0.215968
     N   46        0.254041        0.105837       -0.262007
     N   46        0.215968       -0.262007       -0.010232

     N   47       -0.095684        0.254036       -0.215972
     N   47        0.254036        0.105865        0.261932
     N   47       -0.215972        0.261932       -0.010182

     N   48       -0.084733        0.175212        0.273655
     N   48        0.175212       -0.013900       -0.201798
     N   48        0.273655       -0.201798        0.098632

     N   49       -0.084175        0.175186       -0.273539
     N   49        0.175186       -0.014169        0.202385
     N   49       -0.273539        0.202385        0.098345

     N   50       -0.014524       -0.175273        0.202346
     N   50       -0.175273       -0.084727        0.274143
     N   50        0.202346        0.274143        0.099251

     N   51       -0.014296       -0.175170        0.202192
     N   51       -0.175170       -0.084681        0.274047
     N   51        0.202192        0.274047        0.098977

     N   52       -0.013916       -0.175074       -0.201970
     N   52       -0.175074       -0.084874       -0.273726
     N   52       -0.201970       -0.273726        0.098790

     N   53       -0.084221        0.175289       -0.273634
     N   53        0.175289       -0.014398        0.202539
     N   53       -0.273634        0.202539        0.098619

     N   54       -0.095425        0.253876       -0.215995
     N   54        0.253876        0.105804        0.261776
     N   54       -0.215995        0.261776       -0.010380

     N   55        0.105949       -0.252747       -0.262294
     N   55       -0.252747       -0.096548       -0.215363
     N   55       -0.262294       -0.215363       -0.009401

     N   56        0.105944       -0.252662        0.262229
     N   56       -0.252662       -0.096486        0.215299
     N   56        0.262229        0.215299       -0.009458

     N   57       -0.095346        0.253881        0.215991
     N   57        0.253881        0.105776       -0.261852
     N   57        0.215991       -0.261852       -0.010430

     N   58       -0.084779        0.175315        0.273750
     N   58        0.175315       -0.014128       -0.201952
     N   58        0.273750       -0.201952        0.098907

