
     Program QE v.6.0 (svn rev. 13079) starts on 12Jan2017 at  7:16:37 

     This program is part of the open-source Quantum ESPRESSO suite
     for quantum simulation of materials; please cite
         "P. Giannozzi et al., J. Phys.:Condens. Matter 21 395502 (2009);
          URL http://www.quantum-espresso.org", 
     in publications or presentations arising from this work. More details at
     http://www.quantum-espresso.org/quote

     Parallel version (MPI), running on     8 processors
     R & G space division:  proc/nbgrp/npool/nimage =       8

     ***** This is GIPAW svn revision unknown      *****

     Parallelizing q-star over 1 images

     Reading data from directory:
     /users/majewski/paradichlorobenzene/pbe/9_constraint/scratch/pbe.ecut100.np8.dt60.pcl2phi-129368.save
     Message from routine read_xml_file:
     file /users/majewski/paradichlorobenzene/pbe/9_constraint/scratch/pbe.ecut100.np8.dt60.pcl2phi-129368.save not guaranteed to be safe for post-processing

   Info: using nr1, nr2, nr3 values from input

   Info: using nr1, nr2, nr3 values from input

     IMPORTANT: XC functional enforced from input :
     Exchange-correlation      =  SLA  PW   PBX  PBC ( 1  4  3  4 0 0)
     Any further DFT definition will be discarded
     Please, verify this is what you really want

               file C.pbe-n-kjpaw_psl.1.0.0.UPF: wavefunction(s)  2S 2P renormalized
               file Cl.pbe-n-kjpaw_psl.1.0.0.UPF: wavefunction(s)  3S 3P renormalized
               file H.pbe-kjpaw_psl.1.0.0.UPF: wavefunction(s)  1S renormalized

     Parallelization info
     --------------------
     sticks:   dense  smooth     PW     G-vecs:    dense   smooth      PW
     Min        3057    1223    332               144436    36536    5170
     Max        3059    1225    333               144437    36537    5171
     Sum       24467    9791   2657              1155489   292295   41363


     Subspace diagonalization in iterative solution of the eigenvalue problem:
     a serial algorithm will be used

     GIPAW projectors -----------------------------------------------
     atom=  C    l=0  rc=    1.2000  rs=    0.8000
     atom=  C    l=0  rc=    1.2000  rs=    0.8000
     atom=  C    l=1  rc=    1.4000  rs=    0.9333
     atom=  C    l=1  rc=    1.4000  rs=    0.9333
     projs nearly linearly dependent: l=1  n1,n2= 1, 2  s=  0.99951561

     atom=  Cl   l=0  rc=    1.6000  rs=    1.0667
     atom=  Cl   l=0  rc=    1.6000  rs=    1.0667
     atom=  Cl   l=1  rc=    1.6000  rs=    1.0667
     atom=  Cl   l=1  rc=    1.6000  rs=    1.0667
     atom=  Cl   l=2  rc=    1.6000  rs=    1.0667
     atom=  Cl   l=2  rc=    1.6000  rs=    1.0667
     projs nearly linearly dependent: l=2  n1,n2= 1, 2  s=  0.99993509

     atom=  H    l=0  rc=    1.0000  rs=    0.6667
     atom=  H    l=0  rc=    1.0000  rs=    0.6667
     projs nearly linearly dependent: l=0  n1,n2= 1, 2  s=  0.99968852
     -----------------------------------------------------------------

     GIPAW integrals: -------------------------------------------
     Atom  i/j   nmr_para   nmr_dia   epr_rmc  epr_para   epr_dia
       C   1 1   0.83E+03  0.17E-01  0.93E+01  0.24E+08  0.24E+03
       C   2 1   0.86E+03 -0.61E-01  0.94E+01  0.25E+08  0.25E+03
       C   2 2   0.90E+03 -0.15E+00  0.97E+01  0.26E+08  0.26E+03
       C   3 3   0.33E+01  0.34E+00  0.18E+01  0.55E+03  0.21E+02
       C   4 3   0.35E+01  0.37E+00  0.20E+01  0.59E+03  0.22E+02
       C   4 4   0.38E+01  0.39E+00  0.22E+01  0.63E+03  0.24E+02
       Cl  1 1   0.14E+04 -0.47E+00  0.84E+01  0.32E+09  0.42E+03
       Cl  2 1   0.21E+04 -0.37E+00  0.12E+02  0.49E+09  0.65E+03
       Cl  2 2   0.33E+04 -0.16E+00  0.21E+02  0.76E+09  0.10E+04
       Cl  3 3   0.21E+02  0.79E-01  0.89E+01  0.23E+05  0.13E+03
       Cl  4 3   0.24E+02  0.67E-01  0.99E+01  0.27E+05  0.15E+03
       Cl  4 4   0.28E+02  0.44E-01  0.11E+02  0.32E+05  0.18E+03
       Cl  5 5   0.77E+00  0.19E+00  0.18E+01  0.12E+03  0.22E+02
       Cl  6 5   0.80E+00  0.19E+00  0.19E+01  0.12E+03  0.23E+02
       Cl  6 6   0.83E+00  0.20E+00  0.19E+01  0.12E+03  0.23E+02
       H   1 1   0.39E+02  0.19E+00  0.29E+00  0.78E+05  0.13E+02
       H   2 1   0.41E+02  0.21E+00  0.32E+00  0.82E+05  0.14E+02
       H   2 2   0.43E+02  0.22E+00  0.36E+00  0.86E+05  0.15E+02
     ------------------------------------------------------------

     alpha_pv=     34.1894 eV

     Number of occupied bands for each k-point:
     k-point:     1    nbnd_occ=  42
     k-point:     2    nbnd_occ=  42
     k-point:     3    nbnd_occ=  42
     k-point:     4    nbnd_occ=  42
     k-point:     5    nbnd_occ=  42
     k-point:     6    nbnd_occ=  42
     k-point:     7    nbnd_occ=  42
     k-point:     8    nbnd_occ=  42
     k-point:     9    nbnd_occ=  42
     k-point:    10    nbnd_occ=  42
     k-point:    11    nbnd_occ=  42
     k-point:    12    nbnd_occ=  42
     k-point:    13    nbnd_occ=  42
     k-point:    14    nbnd_occ=  42
     k-point:    15    nbnd_occ=  42
     k-point:    16    nbnd_occ=  42


     q-space interpolation up to   110.00 Rydberg

     GIPAW job: efg                                                                             


     ELECTRIC FIELD GRADIENTS TENSORS IN Hartree/bohrradius^2:

     ----- bare term -----
     Cl   1       -0.044621        0.012969       -0.054384
     Cl   1        0.012969       -0.024540        0.038144
     Cl   1       -0.054384        0.038144        0.069161

     C    2       -0.078943        0.278678       -0.139912
     C    2        0.278678       -0.263983       -0.229819
     C    2       -0.139912       -0.229819        0.342926

     C    3       -0.048074        0.258407       -0.161200
     C    3        0.258407       -0.124338       -0.316380
     C    3       -0.161200       -0.316380        0.172412

     H    4        0.083763       -0.106310       -0.267965
     H    4       -0.106310        0.514600       -0.135398
     H    4       -0.267965       -0.135398       -0.598363

     C    5       -0.572625        0.388371       -0.480450
     C    5        0.388371        0.377889       -0.150419
     C    5       -0.480450       -0.150419        0.194735

     H    6       -0.058847        0.211595       -0.267734
     H    6        0.211595       -0.301665       -0.400984
     H    6       -0.267734       -0.400984        0.360513

     H    7        0.435887        0.097476       -0.138481
     H    7        0.097476       -0.185704        0.577929
     H    7       -0.138481        0.577929       -0.250184

     C    8       -0.175798       -0.304098       -0.183806
     C    8       -0.304098       -0.225254        0.395699
     C    8       -0.183806        0.395699        0.401052

     H    9       -0.430929        0.457873       -0.153269
     H    9        0.457873        0.176905       -0.012851
     H    9       -0.153269       -0.012851        0.254024

     C   10       -0.292989       -0.259157       -0.069249
     C   10       -0.259157       -0.105981        0.368668
     C   10       -0.069249        0.368668        0.398970

     C   11       -0.037963        0.145945       -0.204316
     C   11        0.145945       -0.024051        0.378586
     C   11       -0.204316        0.378586        0.062014

     Cl  12        0.287291       -0.083093        0.172630
     Cl  12       -0.083093        0.036994       -0.599625
     Cl  12        0.172630       -0.599625       -0.324285

     H   13        0.241321        0.261873       -0.134267
     H   13        0.261873       -0.588135       -0.022034
     H   13       -0.134267       -0.022034        0.346814

     C   14       -0.109393       -0.255883       -0.346251
     C   14       -0.255883       -0.081278       -0.377962
     C   14       -0.346251       -0.377962        0.190671

     H   15        0.067105       -0.111837       -0.281329
     H   15       -0.111837       -0.163122       -0.474332
     H   15       -0.281329       -0.474332        0.096017

     C   16       -0.725902        0.322717       -0.276103
     C   16        0.322717        0.248446       -0.092336
     C   16       -0.276103       -0.092336        0.477456

     C   17        0.125200        0.156646       -0.081834
     C   17        0.156646       -0.309624       -0.479310
     C   17       -0.081834       -0.479310        0.184424

     Cl  18        0.281688        0.163733       -0.123057
     Cl  18        0.163733        0.192591       -0.450805
     Cl  18       -0.123057       -0.450805       -0.474278

     H   19        0.156105        0.018031       -0.301426
     H   19        0.018031       -0.248560        0.473698
     H   19       -0.301426        0.473698        0.092455

     C   20       -0.515245       -0.311529       -0.100319
     C   20       -0.311529        0.139492        0.338843
     C   20       -0.100319        0.338843        0.375753

     H   21       -0.620405        0.050980        0.099161
     H   21        0.050980        0.404066        0.255627
     H   21        0.099161        0.255627        0.216339

     C   22        0.057585        0.097275       -0.247428
     C   22        0.097275       -0.446511        0.409538
     C   22       -0.247428        0.409538        0.388926

     C   23       -0.731789       -0.167221       -0.250949
     C   23       -0.167221        0.130608        0.104699
     C   23       -0.250949        0.104699        0.601181

     Cl  24        0.220859       -0.054207        0.066640
     Cl  24       -0.054207        0.235040        0.142391
     Cl  24        0.066640        0.142391       -0.455900

     ----- ionic term -----
     Cl   1        0.216410       -0.233439        0.038100
     Cl   1       -0.233439       -0.067978       -0.010502
     Cl   1        0.038100       -0.010502       -0.148432

     C    2        0.142034       -0.209642        0.281587
     C    2       -0.209642        0.130239        0.433604
     C    2        0.281587        0.433604       -0.272273

     C    3        0.049730       -0.232115        0.270098
     C    3       -0.232115        0.223716        0.345734
     C    3        0.270098        0.345734       -0.273446

     H    4        0.335938        0.426148        0.675737
     H    4        0.426148       -0.264279        0.377637
     H    4        0.675737        0.377637       -0.071659

     C    5        0.163137       -0.203714        0.385343
     C    5       -0.203714        0.120624        0.185259
     C    5        0.385343        0.185259       -0.283761

     H    6       -0.516765       -0.121887        0.002525
     H    6       -0.121887        0.948052        0.413944
     H    6        0.002525        0.413944       -0.431287

     H    7       -0.509314       -0.081254        0.062760
     H    7       -0.081254        0.469461       -0.799742
     H    7        0.062760       -0.799742        0.039854

     C    8        0.440197        0.111941        0.080172
     C    8        0.111941       -0.119689       -0.396081
     C    8        0.080172       -0.396081       -0.320508

     H    9        0.580671       -0.226540        0.705383
     H    9       -0.226540       -0.549022       -0.228294
     H    9        0.705383       -0.228294       -0.031649

     C   10        0.171160        0.176686        0.042623
     C   10        0.176686        0.029595       -0.512245
     C   10        0.042623       -0.512245       -0.200755

     C   11        0.270496        0.046306        0.069409
     C   11        0.046306        0.028555       -0.479654
     C   11        0.069409       -0.479654       -0.299051

     Cl  12        0.133460        0.177990       -0.061457
     Cl  12        0.177990       -0.012104       -0.034858
     Cl  12       -0.061457       -0.034858       -0.121356

     H   13       -0.492339       -0.103805       -0.041897
     H   13       -0.103805        0.695521        0.651240
     H   13       -0.041897        0.651240       -0.203182

     C   14        0.212126       -0.172170        0.376610
     C   14       -0.172170        0.042694        0.262493
     C   14        0.376610        0.262493       -0.254820

     H   15        0.271859        0.345257        0.723142
     H   15        0.345257       -0.310910        0.369912
     H   15        0.723142        0.369912        0.039051

     C   16        0.091158       -0.236886        0.296939
     C   16       -0.236886        0.201667        0.300554
     C   16        0.296939        0.300554       -0.292825

     C   17        0.082924       -0.195068        0.396056
     C   17       -0.195068        0.169939        0.296310
     C   17        0.396056        0.296310       -0.252863

     Cl  18        0.135339       -0.187743        0.112733
     Cl  18       -0.187743       -0.003099       -0.063651
     Cl  18        0.112733       -0.063651       -0.132241

     H   19       -0.515938       -0.189986        0.087422
     H   19       -0.189986        0.702573       -0.713765
     H   19        0.087422       -0.713765       -0.186635

     C   20        0.305879        0.037577        0.043874
     C   20        0.037577        0.045795       -0.371294
     C   20        0.043874       -0.371294       -0.351674

     H   21        0.691483       -0.384346        0.557037
     H   21       -0.384346       -0.422024       -0.257686
     H   21        0.557037       -0.257686       -0.269458

     C   22        0.149454        0.081616        0.062761
     C   22        0.081616        0.112563       -0.498305
     C   22        0.062761       -0.498305       -0.262017

     C   23        0.314180        0.036678        0.174435
     C   23        0.036678        0.019816       -0.462205
     C   23        0.174435       -0.462205       -0.333996

     Cl  24        0.109047        0.213639       -0.053125
     Cl  24        0.213639        0.013832       -0.034681
     Cl  24       -0.053125       -0.034681       -0.122878

     ----- GIPAW term -----
     Cl   1       -0.410707       -1.631083        0.840274
     Cl   1       -1.631083       -1.378255       -0.410640
     Cl   1        0.840274       -0.410640        1.788962

     C    2       -0.053834       -0.013829       -0.007192
     C    2       -0.013829       -0.055132       -0.091977
     C    2       -0.007192       -0.091977        0.108966

     C    3       -0.063330        0.060820       -0.093149
     C    3        0.060820       -0.028491       -0.124466
     C    3       -0.093149       -0.124466        0.091821

     H    4       -0.000000        0.000000        0.000000
     H    4        0.000000        0.000000        0.000000
     H    4        0.000000        0.000000        0.000000

     C    5       -0.027839        0.234025       -0.041400
     C    5        0.234025        0.145643        0.023621
     C    5       -0.041400        0.023621       -0.117805

     H    6       -0.000000        0.000000        0.000000
     H    6        0.000000        0.000000        0.000000
     H    6        0.000000        0.000000        0.000000

     H    7       -0.000000        0.000000        0.000000
     H    7        0.000000        0.000000        0.000000
     H    7        0.000000        0.000000        0.000000

     C    8       -0.032643       -0.099540        0.017450
     C    8       -0.099540       -0.028533        0.012998
     C    8        0.017450        0.012998        0.061176

     H    9       -0.000000        0.000000        0.000000
     H    9        0.000000        0.000000        0.000000
     H    9        0.000000        0.000000        0.000000

     C   10       -0.130545       -0.054167       -0.048618
     C   10       -0.054167        0.025538        0.175722
     C   10       -0.048618        0.175722        0.105006

     C   11       -0.028746        0.045551       -0.024140
     C   11        0.045551        0.013753        0.100629
     C   11       -0.024140        0.100629        0.014993

     Cl  12        0.372378        0.073319       -0.161651
     Cl  12        0.073319       -0.168526       -0.384717
     Cl  12       -0.161651       -0.384717       -0.203851

     H   13       -0.000000        0.000000        0.000000
     H   13        0.000000        0.000000        0.000000
     H   13        0.000000        0.000000        0.000000

     C   14       -0.024834       -0.108278        0.016648
     C   14       -0.108278        0.050752       -0.132503
     C   14        0.016648       -0.132503       -0.025919

     H   15       -0.000000        0.000000        0.000000
     H   15        0.000000        0.000000        0.000000
     H   15        0.000000        0.000000        0.000000

     C   16       -0.160709       -0.054785       -0.045196
     C   16       -0.054785        0.206116        0.055244
     C   16       -0.045196        0.055244       -0.045407

     C   17       -0.053284        0.027827        0.055710
     C   17        0.027827        0.122119        0.152033
     C   17        0.055710        0.152033       -0.068835

     Cl  18        0.256792       -0.139303        0.229239
     Cl  18       -0.139303       -0.061478       -0.242847
     Cl  18        0.229239       -0.242847       -0.195315

     H   19       -0.000000        0.000000        0.000000
     H   19        0.000000        0.000000        0.000000
     H   19        0.000000        0.000000        0.000000

     C   20       -0.082472        0.113696        0.070244
     C   20        0.113696        0.128778        0.121551
     C   20        0.070244        0.121551       -0.046307

     H   21       -0.000000        0.000000        0.000000
     H   21        0.000000        0.000000        0.000000
     H   21        0.000000        0.000000        0.000000

     C   22       -0.065172        0.113724       -0.124100
     C   22        0.113724       -0.048503       -0.134313
     C   22       -0.124100       -0.134313        0.113675

     C   23       -0.180432        0.036471        0.008447
     C   23        0.036471       -0.050167       -0.134628
     C   23        0.008447       -0.134628        0.230599

     Cl  24       -0.214665        0.849378       -0.058829
     Cl  24        0.849378       -0.615894       -0.378296
     Cl  24       -0.058829       -0.378296        0.830559

     ----- total EFG -----
     Cl   1       -0.238918       -1.851553        0.823990
     Cl   1       -1.851553       -1.470773       -0.382998
     Cl   1        0.823990       -0.382998        1.709691

     C    2        0.009257        0.055207        0.134483
     C    2        0.055207       -0.188876        0.111808
     C    2        0.134483        0.111808        0.179619

     C    3       -0.061673        0.087112        0.015748
     C    3        0.087112        0.070887       -0.095112
     C    3        0.015748       -0.095112       -0.009213

     H    4        0.419701        0.319838        0.407772
     H    4        0.319838        0.250321        0.242238
     H    4        0.407772        0.242238       -0.670022

     C    5       -0.437326        0.418682       -0.136507
     C    5        0.418682        0.644156        0.058460
     C    5       -0.136507        0.058460       -0.206830

     H    6       -0.575612        0.089708       -0.265209
     H    6        0.089708        0.646386        0.012960
     H    6       -0.265209        0.012960       -0.070774

     H    7       -0.073427        0.016223       -0.075721
     H    7        0.016223        0.283757       -0.221813
     H    7       -0.075721       -0.221813       -0.210330

     C    8        0.231757       -0.291697       -0.086184
     C    8       -0.291697       -0.373476        0.012616
     C    8       -0.086184        0.012616        0.141719

     H    9        0.149742        0.231333        0.552114
     H    9        0.231333       -0.372117       -0.241145
     H    9        0.552114       -0.241145        0.222374

     C   10       -0.252374       -0.136637       -0.075244
     C   10       -0.136637       -0.050848        0.032145
     C   10       -0.075244        0.032145        0.303222

     C   11        0.203786        0.237802       -0.159047
     C   11        0.237802        0.018257       -0.000440
     C   11       -0.159047       -0.000440       -0.222043

     Cl  12        0.793129        0.168216       -0.050478
     Cl  12        0.168216       -0.143636       -1.019200
     Cl  12       -0.050478       -1.019200       -0.649492

     H   13       -0.251018        0.158068       -0.176164
     H   13        0.158068        0.107386        0.629206
     H   13       -0.176164        0.629206        0.143632

     C   14        0.077899       -0.536330        0.047007
     C   14       -0.536330        0.012169       -0.247973
     C   14        0.047007       -0.247973       -0.090068

     H   15        0.338964        0.233420        0.441814
     H   15        0.233420       -0.474032       -0.104420
     H   15        0.441814       -0.104420        0.135068

     C   16       -0.795453        0.031045       -0.024361
     C   16        0.031045        0.656230        0.263462
     C   16       -0.024361        0.263462        0.139223

     C   17        0.154840       -0.010595        0.369932
     C   17       -0.010595       -0.017566       -0.030967
     C   17        0.369932       -0.030967       -0.137274

     Cl  18        0.673819       -0.163313        0.218915
     Cl  18       -0.163313        0.128015       -0.757303
     Cl  18        0.218915       -0.757303       -0.801834

     H   19       -0.359832       -0.171955       -0.214004
     H   19       -0.171955        0.454012       -0.240067
     H   19       -0.214004       -0.240067       -0.094180

     C   20       -0.291837       -0.160256        0.013798
     C   20       -0.160256        0.314065        0.089100
     C   20        0.013798        0.089100       -0.022228

     H   21        0.071078       -0.333366        0.656198
     H   21       -0.333366       -0.017959       -0.002059
     H   21        0.656198       -0.002059       -0.053119

     C   22        0.141868        0.292615       -0.308767
     C   22        0.292615       -0.382452       -0.223080
     C   22       -0.308767       -0.223080        0.240584

     C   23       -0.598041       -0.094072       -0.068068
     C   23       -0.094072        0.100257       -0.492134
     C   23       -0.068068       -0.492134        0.497784

     Cl  24        0.115241        1.008810       -0.045315
     Cl  24        1.008810       -0.367022       -0.270587
     Cl  24       -0.045315       -0.270587        0.251781

     ----- total EFG (symmetrized) -----
     Cl   1       -0.238918       -1.851553        0.823990
     Cl   1       -1.851553       -1.470773       -0.382998
     Cl   1        0.823990       -0.382998        1.709691

     C    2        0.009257        0.055207        0.134483
     C    2        0.055207       -0.188876        0.111808
     C    2        0.134483        0.111808        0.179619

     C    3       -0.061673        0.087112        0.015748
     C    3        0.087112        0.070887       -0.095112
     C    3        0.015748       -0.095112       -0.009213

     H    4        0.419701        0.319838        0.407772
     H    4        0.319838        0.250321        0.242238
     H    4        0.407772        0.242238       -0.670022

     C    5       -0.437326        0.418682       -0.136507
     C    5        0.418682        0.644156        0.058460
     C    5       -0.136507        0.058460       -0.206830

     H    6       -0.575612        0.089708       -0.265209
     H    6        0.089708        0.646386        0.012960
     H    6       -0.265209        0.012960       -0.070774

     H    7       -0.073427        0.016223       -0.075721
     H    7        0.016223        0.283757       -0.221813
     H    7       -0.075721       -0.221813       -0.210330

     C    8        0.231757       -0.291697       -0.086184
     C    8       -0.291697       -0.373476        0.012616
     C    8       -0.086184        0.012616        0.141719

     H    9        0.149742        0.231333        0.552114
     H    9        0.231333       -0.372117       -0.241145
     H    9        0.552114       -0.241145        0.222374

     C   10       -0.252374       -0.136637       -0.075244
     C   10       -0.136637       -0.050848        0.032145
     C   10       -0.075244        0.032145        0.303222

     C   11        0.203786        0.237802       -0.159047
     C   11        0.237802        0.018257       -0.000440
     C   11       -0.159047       -0.000440       -0.222043

     Cl  12        0.793129        0.168216       -0.050478
     Cl  12        0.168216       -0.143636       -1.019200
     Cl  12       -0.050478       -1.019200       -0.649492

     H   13       -0.251018        0.158068       -0.176164
     H   13        0.158068        0.107386        0.629206
     H   13       -0.176164        0.629206        0.143632

     C   14        0.077899       -0.536330        0.047007
     C   14       -0.536330        0.012169       -0.247973
     C   14        0.047007       -0.247973       -0.090068

     H   15        0.338964        0.233420        0.441814
     H   15        0.233420       -0.474032       -0.104420
     H   15        0.441814       -0.104420        0.135068

     C   16       -0.795453        0.031045       -0.024361
     C   16        0.031045        0.656230        0.263462
     C   16       -0.024361        0.263462        0.139223

     C   17        0.154840       -0.010595        0.369932
     C   17       -0.010595       -0.017566       -0.030967
     C   17        0.369932       -0.030967       -0.137274

     Cl  18        0.673819       -0.163313        0.218915
     Cl  18       -0.163313        0.128015       -0.757303
     Cl  18        0.218915       -0.757303       -0.801834

     H   19       -0.359832       -0.171955       -0.214004
     H   19       -0.171955        0.454012       -0.240067
     H   19       -0.214004       -0.240067       -0.094180

     C   20       -0.291837       -0.160256        0.013798
     C   20       -0.160256        0.314065        0.089100
     C   20        0.013798        0.089100       -0.022228

     H   21        0.071078       -0.333366        0.656198
     H   21       -0.333366       -0.017959       -0.002059
     H   21        0.656198       -0.002059       -0.053119

     C   22        0.141868        0.292615       -0.308767
     C   22        0.292615       -0.382452       -0.223080
     C   22       -0.308767       -0.223080        0.240584

     C   23       -0.598041       -0.094072       -0.068068
     C   23       -0.094072        0.100257       -0.492134
     C   23       -0.068068       -0.492134        0.497784

     Cl  24        0.115241        1.008810       -0.045315
     Cl  24        1.008810       -0.367022       -0.270587
     Cl  24       -0.045315       -0.270587        0.251781


     NQR/NMR SPECTROSCOPIC PARAMETERS:
     Cl   1    Vxx=    0.4625    axis=( -0.643148  0.501270  0.578869)
     Cl   1    Vyy=    2.3504    axis=(  0.485920 -0.317085  0.814456)
     Cl   1    Vzz=   -2.8130    axis=( -0.591814 -0.805099  0.039644)
     Cl   1  Q=        -8.1650 1e-30 m^2  Cq=        53.9651 MHz  eta= 0.67113

     C    2    Vxx=   -0.0646    axis=(  0.881618 -0.031992 -0.470878)
     C    2    Vyy=   -0.2217    axis=(  0.092259 -0.966771  0.238418)
     C    2    Vzz=    0.2863    axis=(  0.462858  0.253636  0.849371)
     C    2  Q=         1.0000 1e-30 m^2  Cq=         0.6727 MHz  eta= 0.54889

     C    3    Vxx=   -0.0186    axis=(  0.635877  0.179023  0.750741)
     C    3    Vyy=   -0.1359    axis=(  0.709512 -0.518404 -0.477337)
     C    3    Vzz=    0.1545    axis=( -0.303733 -0.836187  0.456660)
     C    3  Q=         1.0000 1e-30 m^2  Cq=         0.3629 MHz  eta= 0.75976

     H    4    Vxx=    0.0073    axis=(  0.576856 -0.814935  0.055832)
     H    4    Vyy=    0.8155    axis=(  0.767977  0.564364  0.302829)
     H    4    Vzz=   -0.8229    axis=( -0.278296 -0.131812  0.951408)
     H    4  Q=         1.0000 1e-30 m^2  Cq=        -1.9334 MHz  eta= 0.98219

     C    5    Vxx=   -0.1554    axis=( -0.314867  0.095838  0.944285)
     C    5    Vyy=   -0.6320    axis=( -0.892733  0.307946 -0.328932)
     C    5    Vzz=    0.7874    axis=( -0.322313 -0.946565 -0.011404)
     C    5  Q=         1.0000 1e-30 m^2  Cq=         1.8501 MHz  eta= 0.60535

     H    6    Vxx=    0.0420    axis=( -0.389584  0.038095  0.920203)
     H    6    Vyy=    0.6530    axis=( -0.074876 -0.997147  0.009581)
     H    6    Vzz=   -0.6950    axis=(  0.917942 -0.065168  0.391325)
     H    6  Q=         1.0000 1e-30 m^2  Cq=        -1.6331 MHz  eta= 0.87902

     H    7    Vxx=   -0.0597    axis=(  0.959754 -0.182942 -0.213082)
     H    7    Vyy=   -0.3131    axis=(  0.264080  0.329689  0.906403)
     H    7    Vzz=    0.3728    axis=( -0.095568 -0.926195  0.364732)
     H    7  Q=         1.0000 1e-30 m^2  Cq=         0.8759 MHz  eta= 0.67966

     C    8    Vxx=    0.1122    axis=(  0.299475 -0.155407  0.941363)
     C    8    Vyy=    0.3796    axis=( -0.876444  0.345094  0.335793)
     C    8    Vzz=   -0.4918    axis=( -0.377043 -0.925613 -0.032858)
     C    8  Q=         1.0000 1e-30 m^2  Cq=        -1.1557 MHz  eta= 0.54369

     H    9    Vxx=   -0.0362    axis=( -0.529230 -0.704210  0.473290)
     H    9    Vyy=   -0.7035    axis=(  0.508136 -0.709771 -0.487877)
     H    9    Vzz=    0.7397    axis=(  0.679495 -0.017703  0.733466)
     H    9  Q=         1.0000 1e-30 m^2  Cq=         1.7380 MHz  eta= 0.90213

     C   10    Vxx=    0.0054    axis=( -0.412663  0.888623 -0.200147)
     C   10    Vyy=    0.3205    axis=( -0.162623  0.144325  0.976076)
     C   10    Vzz=   -0.3259    axis=(  0.896249  0.435339  0.084953)
     C   10  Q=         1.0000 1e-30 m^2  Cq=        -0.7657 MHz  eta= 0.96708

     C   11    Vxx=   -0.0955    axis=(  0.379325 -0.794557 -0.474122)
     C   11    Vyy=   -0.2995    axis=(  0.416795 -0.310752  0.854234)
     C   11    Vzz=    0.3950    axis=( -0.826071 -0.521644  0.213291)
     C   11  Q=         1.0000 1e-30 m^2  Cq=         0.9281 MHz  eta= 0.51631

     Cl  12    Vxx=    0.5461    axis=( -0.548900  0.647421 -0.528730)
     Cl  12    Vyy=    0.9024    axis=( -0.835397 -0.446567  0.320452)
     Cl  12    Vzz=   -1.4485    axis=( -0.028646  0.617595  0.785974)
     Cl  12  Q=        -8.1650 1e-30 m^2  Cq=        27.7889 MHz  eta= 0.24599

     H   13    Vxx=   -0.1098    axis=(  0.857707  0.379762 -0.346584)
     H   13    Vyy=   -0.6454    axis=( -0.513864  0.611121 -0.602059)
     H   13    Vzz=    0.7552    axis=( -0.016835  0.694487  0.719308)
     H   13  Q=         1.0000 1e-30 m^2  Cq=         1.7745 MHz  eta= 0.70911

     C   14    Vxx=   -0.0959    axis=( -0.428846 -0.059989  0.901384)
     C   14    Vyy=   -0.5450    axis=(  0.600408  0.726600  0.334010)
     C   14    Vzz=    0.6409    axis=( -0.674982  0.684437 -0.275582)
     C   14  Q=         1.0000 1e-30 m^2  Cq=         1.5059 MHz  eta= 0.70066

     H   15    Vxx=   -0.0886    axis=(  0.483166  0.489280 -0.726055)
     H   15    Vyy=   -0.6142    axis=(  0.368752 -0.865858 -0.338100)
     H   15    Vzz=    0.7028    axis=( -0.794086 -0.104375 -0.598776)
     H   15  Q=         1.0000 1e-30 m^2  Cq=         1.6513 MHz  eta= 0.74793

     C   16    Vxx=    0.0301    axis=( -0.041705 -0.385729  0.921669)
     C   16    Vyy=    0.7671    axis=(  0.012297  0.922204  0.386509)
     C   16    Vzz=   -0.7971    axis=( -0.999054  0.027453 -0.033717)
     C   16  Q=         1.0000 1e-30 m^2  Cq=        -1.8729 MHz  eta= 0.92457

     C   17    Vxx=   -0.0181    axis=(  0.080506  0.996713 -0.009097)
     C   17    Vyy=   -0.3900    axis=( -0.560259  0.052798  0.826633)
     C   17    Vzz=    0.4081    axis=(  0.824396 -0.061452  0.562668)
     C   17  Q=         1.0000 1e-30 m^2  Cq=         0.9589 MHz  eta= 0.91111

     Cl  18    Vxx=    0.3589    axis=(  0.610975  0.710809 -0.348512)
     Cl  18    Vyy=    0.8732    axis=(  0.789420 -0.514017  0.335562)
     Cl  18    Vzz=   -1.2322    axis=( -0.059380  0.480142  0.875178)
     Cl  18  Q=        -8.1650 1e-30 m^2  Cq=        23.6384 MHz  eta= 0.41737

     H   19    Vxx=   -0.0015    axis=(  0.571985 -0.202951 -0.794760)
     H   19    Vyy=   -0.5517    axis=(  0.813683  0.262872  0.518477)
     H   19    Vzz=    0.5532    axis=( -0.103695  0.943244 -0.315497)
     H   19  Q=         1.0000 1e-30 m^2  Cq=         1.2998 MHz  eta= 0.99470

     C   20    Vxx=   -0.0359    axis=(  0.161065 -0.173617  0.971553)
     C   20    Vyy=   -0.3356    axis=(  0.960802  0.252652 -0.114134)
     C   20    Vzz=    0.3715    axis=( -0.225649  0.951853  0.207505)
     C   20  Q=         1.0000 1e-30 m^2  Cq=         0.8728 MHz  eta= 0.80692

     H   21    Vxx=   -0.0268    axis=(  0.020870  0.892606  0.450354)
     H   21    Vyy=   -0.7250    axis=( -0.678759 -0.318083  0.661898)
     H   21    Vzz=    0.7518    axis=(  0.734065 -0.319496  0.599226)
     H   21  Q=         1.0000 1e-30 m^2  Cq=         1.7665 MHz  eta= 0.92873

     C   22    Vxx=   -0.1089    axis=( -0.687821 -0.158024 -0.708470)
     C   22    Vyy=   -0.5234    axis=( -0.347771  0.928447  0.130545)
     C   22    Vzz=    0.6324    axis=(  0.637147  0.336177 -0.693562)
     C   22  Q=         1.0000 1e-30 m^2  Cq=         1.4858 MHz  eta= 0.65545

     C   23    Vxx=   -0.1981    axis=( -0.278646  0.796748  0.536237)
     C   23    Vyy=   -0.6317    axis=( -0.960390 -0.229596 -0.157913)
     C   23    Vzz=    0.8298    axis=( -0.002699 -0.558998  0.829165)
     C   23  Q=         1.0000 1e-30 m^2  Cq=         1.9497 MHz  eta= 0.52261

     Cl  24    Vxx=    0.2169    axis=(  0.297451  0.072749  0.951962)
     Cl  24    Vyy=    0.9701    axis=( -0.739000 -0.613759  0.277812)
     Cl  24    Vzz=   -1.1871    axis=(  0.604485 -0.786135 -0.128801)
     Cl  24  Q=        -8.1650 1e-30 m^2  Cq=        22.7732 MHz  eta= 0.63449

     Initialization:
     gipaw_setup  :      9.08s CPU     11.53s WALL (       1 calls)

     Linear response

     Apply operators

     Induced current

     Other routines
     efg          :     10.03s CPU     13.66s WALL (       1 calls)

     General routines
     calbec       :      3.50s CPU      4.65s WALL (      16 calls)
     fft          :      1.50s CPU      2.03s WALL (      15 calls)
     ffts         :      0.06s CPU      0.07s WALL (       2 calls)
     fftw         :      3.59s CPU      5.19s WALL (     672 calls)
     davcio       :      0.01s CPU      0.31s WALL (      32 calls)

     Parallel routines
     fft_scatter  :      2.62s CPU      4.27s WALL (     689 calls)

     Plugins

     GIPAW        :     63.83s CPU     78.76s WALL (       1 calls)
