
     Program QE v.6.0 (svn rev. 13079) starts on 22Dec2016 at  4: 1:40 

     This program is part of the open-source Quantum ESPRESSO suite
     for quantum simulation of materials; please cite
         "P. Giannozzi et al., J. Phys.:Condens. Matter 21 395502 (2009);
          URL http://www.quantum-espresso.org", 
     in publications or presentations arising from this work. More details at
     http://www.quantum-espresso.org/quote

     Parallel version (MPI), running on     8 processors
     R & G space division:  proc/nbgrp/npool/nimage =       8

     ***** This is GIPAW svn revision unknown      *****

     Parallelizing q-star over 1 images

     Reading data from directory:
     /users/majewski/paradichlorobenzene/pbe/9_constraint/scratch/pbe.ecut100.np8.dt60.pcl2phi-129368.save
     Message from routine read_xml_file:
     file /users/majewski/paradichlorobenzene/pbe/9_constraint/scratch/pbe.ecut100.np8.dt60.pcl2phi-129368.save not guaranteed to be safe for post-processing

   Info: using nr1, nr2, nr3 values from input

   Info: using nr1, nr2, nr3 values from input

     IMPORTANT: XC functional enforced from input :
     Exchange-correlation      =  SLA  PW   PBX  PBC ( 1  4  3  4 0 0)
     Any further DFT definition will be discarded
     Please, verify this is what you really want

               file C.pbe-n-kjpaw_psl.1.0.0.UPF: wavefunction(s)  2S 2P renormalized
               file Cl.pbe-n-kjpaw_psl.1.0.0.UPF: wavefunction(s)  3S 3P renormalized
               file H.pbe-kjpaw_psl.1.0.0.UPF: wavefunction(s)  1S renormalized

     Parallelization info
     --------------------
     sticks:   dense  smooth     PW     G-vecs:    dense   smooth      PW
     Min        3057    1223    332               144436    36536    5170
     Max        3059    1225    333               144437    36537    5171
     Sum       24467    9791   2657              1155489   292295   41363


     Subspace diagonalization in iterative solution of the eigenvalue problem:
     a serial algorithm will be used

     GIPAW projectors -----------------------------------------------
     atom=  C    l=0  rc=    1.2000  rs=    0.8000
     atom=  C    l=0  rc=    1.2000  rs=    0.8000
     atom=  C    l=1  rc=    1.4000  rs=    0.9333
     atom=  C    l=1  rc=    1.4000  rs=    0.9333
     projs nearly linearly dependent: l=1  n1,n2= 1, 2  s=  0.99951561

     atom=  Cl   l=0  rc=    1.6000  rs=    1.0667
     atom=  Cl   l=0  rc=    1.6000  rs=    1.0667
     atom=  Cl   l=1  rc=    1.6000  rs=    1.0667
     atom=  Cl   l=1  rc=    1.6000  rs=    1.0667
     atom=  Cl   l=2  rc=    1.6000  rs=    1.0667
     atom=  Cl   l=2  rc=    1.6000  rs=    1.0667
     projs nearly linearly dependent: l=2  n1,n2= 1, 2  s=  0.99993509

     atom=  H    l=0  rc=    1.0000  rs=    0.6667
     atom=  H    l=0  rc=    1.0000  rs=    0.6667
     projs nearly linearly dependent: l=0  n1,n2= 1, 2  s=  0.99968852
     -----------------------------------------------------------------

     GIPAW integrals: -------------------------------------------
     Atom  i/j   nmr_para   nmr_dia   epr_rmc  epr_para   epr_dia
       C   1 1   0.83E+03  0.17E-01  0.93E+01  0.24E+08  0.24E+03
       C   2 1   0.86E+03 -0.61E-01  0.94E+01  0.25E+08  0.25E+03
       C   2 2   0.90E+03 -0.15E+00  0.97E+01  0.26E+08  0.26E+03
       C   3 3   0.33E+01  0.34E+00  0.18E+01  0.55E+03  0.21E+02
       C   4 3   0.35E+01  0.37E+00  0.20E+01  0.59E+03  0.22E+02
       C   4 4   0.38E+01  0.39E+00  0.22E+01  0.63E+03  0.24E+02
       Cl  1 1   0.14E+04 -0.47E+00  0.84E+01  0.32E+09  0.42E+03
       Cl  2 1   0.21E+04 -0.37E+00  0.12E+02  0.49E+09  0.65E+03
       Cl  2 2   0.33E+04 -0.16E+00  0.21E+02  0.76E+09  0.10E+04
       Cl  3 3   0.21E+02  0.79E-01  0.89E+01  0.23E+05  0.13E+03
       Cl  4 3   0.24E+02  0.67E-01  0.99E+01  0.27E+05  0.15E+03
       Cl  4 4   0.28E+02  0.44E-01  0.11E+02  0.32E+05  0.18E+03
       Cl  5 5   0.77E+00  0.19E+00  0.18E+01  0.12E+03  0.22E+02
       Cl  6 5   0.80E+00  0.19E+00  0.19E+01  0.12E+03  0.23E+02
       Cl  6 6   0.83E+00  0.20E+00  0.19E+01  0.12E+03  0.23E+02
       H   1 1   0.39E+02  0.19E+00  0.29E+00  0.78E+05  0.13E+02
       H   2 1   0.41E+02  0.21E+00  0.32E+00  0.82E+05  0.14E+02
       H   2 2   0.43E+02  0.22E+00  0.36E+00  0.86E+05  0.15E+02
     ------------------------------------------------------------

     alpha_pv=     34.3553 eV

     Number of occupied bands for each k-point:
     k-point:     1    nbnd_occ=  42
     k-point:     2    nbnd_occ=  42
     k-point:     3    nbnd_occ=  42
     k-point:     4    nbnd_occ=  42
     k-point:     5    nbnd_occ=  42
     k-point:     6    nbnd_occ=  42
     k-point:     7    nbnd_occ=  42
     k-point:     8    nbnd_occ=  42
     k-point:     9    nbnd_occ=  42
     k-point:    10    nbnd_occ=  42
     k-point:    11    nbnd_occ=  42
     k-point:    12    nbnd_occ=  42
     k-point:    13    nbnd_occ=  42
     k-point:    14    nbnd_occ=  42
     k-point:    15    nbnd_occ=  42
     k-point:    16    nbnd_occ=  42


     q-space interpolation up to   110.00 Rydberg

     GIPAW job: efg                                                                             


     ELECTRIC FIELD GRADIENTS TENSORS IN Hartree/bohrradius^2:

     ----- bare term -----
     Cl   1       -0.130646        0.257065       -0.011155
     Cl   1        0.257065        0.134710       -0.010222
     Cl   1       -0.011155       -0.010222       -0.004064

     C    2        0.027132        0.299684       -0.118147
     C    2        0.299684       -0.044009       -0.597711
     C    2       -0.118147       -0.597711        0.016877

     C    3       -0.584125        0.385546       -0.297083
     C    3        0.385546        0.281293       -0.230603
     C    3       -0.297083       -0.230603        0.302832

     H    4       -0.072988       -0.443229       -0.249906
     H    4       -0.443229       -0.328724       -0.141228
     H    4       -0.249906       -0.141228        0.401712

     C    5       -0.143266        0.217462       -0.198019
     C    5        0.217462       -0.008199       -0.473871
     C    5       -0.198019       -0.473871        0.151466

     H    6        0.290683       -0.403949       -0.068718
     H    6       -0.403949       -0.625293       -0.330763
     H    6       -0.068718       -0.330763        0.334610

     H    7        0.507485       -0.000951       -0.094922
     H    7       -0.000951       -0.309923        0.394125
     H    7       -0.094922        0.394125       -0.197562

     C    8       -0.743886       -0.336048       -0.226068
     C    8       -0.336048        0.398092        0.268669
     C    8       -0.226068        0.268669        0.345794

     H    9        0.072076       -0.094721       -0.464924
     H    9       -0.094721        0.050626       -0.249531
     H    9       -0.464924       -0.249531       -0.122702

     C   10        0.022420       -0.027302       -0.215055
     C   10       -0.027302       -0.021110        0.659117
     C   10       -0.215055        0.659117       -0.001311

     C   11       -0.585642       -0.364323       -0.253108
     C   11       -0.364323        0.219461        0.284710
     C   11       -0.253108        0.284710        0.366182

     Cl  12       -0.041462        0.087622       -0.035634
     Cl  12        0.087622        0.059498        0.124903
     Cl  12       -0.035634        0.124903       -0.018036

     H   13        0.158484       -0.080789        0.251079
     H   13       -0.080789       -0.153529       -0.469875
     H   13        0.251079       -0.469875       -0.004955

     C   14       -0.682893        0.426135       -0.456519
     C   14        0.426135        0.431668       -0.146115
     C   14       -0.456519       -0.146115        0.251225

     H   15       -0.284481       -0.193607       -0.477705
     H   15       -0.193607        0.394229       -0.157700
     H   15       -0.477705       -0.157700       -0.109748

     C   16        0.016367        0.461782       -0.128705
     C   16        0.461782       -0.220821       -0.601068
     C   16       -0.128705       -0.601068        0.204454

     C   17       -0.541976        0.307333       -0.369506
     C   17        0.307333        0.240584       -0.296952
     C   17       -0.369506       -0.296952        0.301392

     Cl  18        0.006442       -0.103573       -0.036161
     Cl  18       -0.103573        0.034611        0.055046
     Cl  18       -0.036161        0.055046       -0.041053

     H   19        0.423381       -0.076443        0.002468
     H   19       -0.076443       -0.705978        0.410269
     H   19        0.002468        0.410269        0.282597

     C   20       -0.145100        0.245545       -0.416687
     C   20        0.245545        0.017216        0.496687
     C   20       -0.416687        0.496687        0.127884

     H   21        0.033742        0.043701       -0.264829
     H   21        0.043701        0.141488        0.546935
     H   21       -0.264829        0.546935       -0.175230

     C   22       -0.507486       -0.341839       -0.387485
     C   22       -0.341839        0.074692        0.048010
     C   22       -0.387485        0.048010        0.432794

     C   23        0.057750        0.349243       -0.527121
     C   23        0.349243       -0.198083        0.562130
     C   23       -0.527121        0.562130        0.140334

     Cl  24       -0.241118       -0.192549       -0.020502
     Cl  24       -0.192549        0.109657       -0.134866
     Cl  24       -0.020502       -0.134866        0.131460

     ----- ionic term -----
     Cl   1        0.154452       -0.207955        0.005234
     Cl   1       -0.207955        0.010937       -0.001078
     Cl   1        0.005234       -0.001078       -0.165389

     C    2        0.264002       -0.171991        0.275387
     C    2       -0.171991        0.089116        0.397592
     C    2        0.275387        0.397592       -0.353118

     C    3        0.137767       -0.191574        0.151146
     C    3       -0.191574        0.206141        0.423308
     C    3        0.151146        0.423308       -0.343908

     H    4        0.483186        0.460508        0.609140
     H    4        0.460508       -0.286482        0.342476
     H    4        0.609140        0.342476       -0.196704

     C    5        0.305030       -0.148816        0.231750
     C    5       -0.148816        0.038596        0.301244
     C    5        0.231750        0.301244       -0.343626

     H    6       -0.483801        0.178525        0.113575
     H    6        0.178525        0.650771        0.688110
     H    6        0.113575        0.688110       -0.166970

     H    7       -0.529526       -0.040739        0.044590
     H    7       -0.040739        0.591386       -0.739992
     H    7        0.044590       -0.739992       -0.061860

     C    8        0.206603        0.249116        0.338680
     C    8        0.249116        0.004227       -0.291918
     C    8        0.338680       -0.291918       -0.210830

     H    9        0.345917       -0.079101        0.788947
     H    9       -0.079101       -0.475659       -0.169122
     H    9        0.788947       -0.169122        0.129742

     C   10        0.058203        0.333140        0.214698
     C   10        0.333140        0.168387       -0.384691
     C   10        0.214698       -0.384691       -0.226590

     C   11        0.179134        0.241958        0.312161
     C   11        0.241958        0.081523       -0.396604
     C   11        0.312161       -0.396604       -0.260657

     Cl  12        0.155371        0.249993        0.025615
     Cl  12        0.249993       -0.000593        0.010227
     Cl  12        0.025615        0.010227       -0.154778

     H   13       -0.500975       -0.064510       -0.020253
     H   13       -0.064510        0.539640        0.762006
     H   13       -0.020253        0.762006       -0.038665

     C   14        0.359115       -0.200520        0.277801
     C   14       -0.200520       -0.028191        0.311159
     C   14        0.277801        0.311159       -0.330925

     H   15        0.435962        0.393844        0.692769
     H   15        0.393844       -0.347841        0.345351
     H   15        0.692769        0.345351       -0.088121

     C   16        0.164264       -0.249713        0.177364
     C   16       -0.249713        0.138390        0.391916
     C   16        0.177364        0.391916       -0.302654

     C   17        0.243358       -0.224236        0.175315
     C   17       -0.224236        0.076683        0.391149
     C   17        0.175315        0.391149       -0.320041

     Cl  18        0.176336       -0.225200       -0.001966
     Cl  18       -0.225200       -0.031240        0.008986
     Cl  18       -0.001966        0.008986       -0.145096

     H   19       -0.511252       -0.100427        0.082165
     H   19       -0.100427        0.689267       -0.685044
     H   19        0.082165       -0.685044       -0.178015

     C   20        0.248672        0.206083        0.356567
     C   20        0.206083        0.054176       -0.257376
     C   20        0.356567       -0.257376       -0.302847

     H   21        0.349592       -0.330544        0.745173
     H   21       -0.330544       -0.385255       -0.334012
     H   21        0.745173       -0.334012        0.035663

     C   22        0.095677        0.246770        0.255750
     C   22        0.246770        0.149631       -0.337246
     C   22        0.255750       -0.337246       -0.245308

     C   23        0.197721        0.194267        0.357412
     C   23        0.194267       -0.011303       -0.334970
     C   23        0.357412       -0.334970       -0.186418

     Cl  24        0.150047        0.181629        0.022110
     Cl  24        0.181629       -0.013772        0.006763
     Cl  24        0.022110        0.006763       -0.136274

     ----- GIPAW term -----
     Cl   1        0.130002        0.647723       -0.158181
     Cl   1        0.647723        2.244861       -0.083401
     Cl   1       -0.158181       -0.083401       -2.374862

     C    2        0.024009        0.124092       -0.008645
     C    2        0.124092        0.182170       -0.070187
     C    2       -0.008645       -0.070187       -0.206179

     C    3       -0.179347        0.157820       -0.075724
     C    3        0.157820        0.264898       -0.055193
     C    3       -0.075724       -0.055193       -0.085551

     H    4       -0.000000        0.000000        0.000000
     H    4        0.000000        0.000000        0.000000
     H    4        0.000000        0.000000        0.000000

     C    5       -0.086612        0.115848       -0.014469
     C    5        0.115848        0.213125       -0.096711
     C    5       -0.014469       -0.096711       -0.126513

     H    6       -0.000000        0.000000        0.000000
     H    6        0.000000        0.000000        0.000000
     H    6        0.000000        0.000000        0.000000

     H    7       -0.000000        0.000000        0.000000
     H    7        0.000000        0.000000        0.000000
     H    7        0.000000        0.000000        0.000000

     C    8       -0.214979        0.027203        0.004685
     C    8        0.027203        0.279827        0.102650
     C    8        0.004685        0.102650       -0.064848

     H    9       -0.000000        0.000000        0.000000
     H    9        0.000000        0.000000        0.000000
     H    9        0.000000        0.000000        0.000000

     C   10       -0.117323        0.052027       -0.023142
     C   10        0.052027        0.245310        0.151492
     C   10       -0.023142        0.151492       -0.127988

     C   11       -0.126384        0.125558       -0.010719
     C   11        0.125558        0.246319        0.077553
     C   11       -0.010719        0.077553       -0.119935

     Cl  12        0.359103        2.678775        0.127457
     Cl  12        2.678775        1.038206        1.598854
     Cl  12        0.127457        1.598854       -1.397309

     H   13       -0.000000        0.000000        0.000000
     H   13        0.000000        0.000000        0.000000
     H   13        0.000000        0.000000        0.000000

     C   14       -0.109303        0.218908       -0.044509
     C   14        0.218908        0.211518        0.022715
     C   14       -0.044509        0.022715       -0.102215

     H   15       -0.000000        0.000000        0.000000
     H   15        0.000000        0.000000        0.000000
     H   15        0.000000        0.000000        0.000000

     C   16       -0.026463        0.182789       -0.026910
     C   16        0.182789        0.104962       -0.109263
     C   16       -0.026910       -0.109263       -0.078499

     C   17       -0.126390       -0.046455       -0.056774
     C   17       -0.046455        0.250346       -0.040716
     C   17       -0.056774       -0.040716       -0.123956

     Cl  18        1.281870       -2.798641       -0.321727
     Cl  18       -2.798641        0.378902        0.437443
     Cl  18       -0.321727        0.437443       -1.660772

     H   19       -0.000000        0.000000        0.000000
     H   19        0.000000        0.000000        0.000000
     H   19        0.000000        0.000000        0.000000

     C   20       -0.036552        0.202033       -0.080851
     C   20        0.202033        0.154043        0.058585
     C   20       -0.080851        0.058585       -0.117491

     H   21       -0.000000        0.000000        0.000000
     H   21        0.000000        0.000000        0.000000
     H   21        0.000000        0.000000        0.000000

     C   22       -0.099303        0.100910       -0.168984
     C   22        0.100910        0.073477       -0.152878
     C   22       -0.168984       -0.152878        0.025826

     C   23        0.108359        0.277637       -0.159293
     C   23        0.277637       -0.014327        0.003220
     C   23       -0.159293        0.003220       -0.094032

     Cl  24       -0.247571        1.393588       -0.166247
     Cl  24        1.393588        1.199434       -1.329353
     Cl  24       -0.166247       -1.329353       -0.951863

     ----- total EFG -----
     Cl   1        0.153808        0.696833       -0.164102
     Cl   1        0.696833        2.390507       -0.094702
     Cl   1       -0.164102       -0.094702       -2.544316

     C    2        0.315144        0.251784        0.148595
     C    2        0.251784        0.227277       -0.270306
     C    2        0.148595       -0.270306       -0.542420

     C    3       -0.625705        0.351792       -0.221662
     C    3        0.351792        0.752332        0.137512
     C    3       -0.221662        0.137512       -0.126627

     H    4        0.410198        0.017279        0.359235
     H    4        0.017279       -0.615206        0.201247
     H    4        0.359235        0.201247        0.205008

     C    5        0.075152        0.184494        0.019262
     C    5        0.184494        0.243522       -0.269338
     C    5        0.019262       -0.269338       -0.318673

     H    6       -0.193118       -0.225424        0.044857
     H    6       -0.225424        0.025478        0.357347
     H    6        0.044857        0.357347        0.167640

     H    7       -0.022041       -0.041690       -0.050332
     H    7       -0.041690        0.281462       -0.345867
     H    7       -0.050332       -0.345867       -0.259422

     C    8       -0.752263       -0.059730        0.117298
     C    8       -0.059730        0.682146        0.079401
     C    8        0.117298        0.079401        0.070117

     H    9        0.417993       -0.173823        0.324023
     H    9       -0.173823       -0.425033       -0.418653
     H    9        0.324023       -0.418653        0.007040

     C   10       -0.036699        0.357865       -0.023498
     C   10        0.357865        0.392588        0.425917
     C   10       -0.023498        0.425917       -0.355889

     C   11       -0.532893        0.003193        0.048334
     C   11        0.003193        0.547303       -0.034341
     C   11        0.048334       -0.034341       -0.014411

     Cl  12        0.473012        3.016390        0.117438
     Cl  12        3.016390        1.097111        1.733983
     Cl  12        0.117438        1.733983       -1.570124

     H   13       -0.342491       -0.145300        0.230827
     H   13       -0.145300        0.386111        0.292131
     H   13        0.230827        0.292131       -0.043620

     C   14       -0.433081        0.444524       -0.223227
     C   14        0.444524        0.614995        0.187760
     C   14       -0.223227        0.187760       -0.181914

     H   15        0.151480        0.200237        0.215064
     H   15        0.200237        0.046388        0.187651
     H   15        0.215064        0.187651       -0.197869

     C   16        0.154168        0.394858        0.021748
     C   16        0.394858        0.022530       -0.318415
     C   16        0.021748       -0.318415       -0.176699

     C   17       -0.425009        0.036642       -0.250966
     C   17        0.036642        0.567613        0.053481
     C   17       -0.250966        0.053481       -0.142604

     Cl  18        1.464648       -3.127413       -0.359854
     Cl  18       -3.127413        0.382273        0.501475
     Cl  18       -0.359854        0.501475       -1.846921

     H   19       -0.087871       -0.176870        0.084633
     H   19       -0.176870       -0.016710       -0.274776
     H   19        0.084633       -0.274776        0.104582

     C   20        0.067020        0.653661       -0.140971
     C   20        0.653661        0.225435        0.297896
     C   20       -0.140971        0.297896       -0.292455

     H   21        0.383334       -0.286843        0.480343
     H   21       -0.286843       -0.243767        0.212923
     H   21        0.480343        0.212923       -0.139567

     C   22       -0.511111        0.005841       -0.300720
     C   22        0.005841        0.297800       -0.442114
     C   22       -0.300720       -0.442114        0.213311

     C   23        0.363830        0.821147       -0.329001
     C   23        0.821147       -0.223714        0.230380
     C   23       -0.329001        0.230380       -0.140117

     Cl  24       -0.338642        1.382668       -0.164639
     Cl  24        1.382668        1.295319       -1.457456
     Cl  24       -0.164639       -1.457456       -0.956677

     ----- total EFG (symmetrized) -----
     Cl   1        0.153808        0.696833       -0.164102
     Cl   1        0.696833        2.390507       -0.094702
     Cl   1       -0.164102       -0.094702       -2.544316

     C    2        0.315144        0.251784        0.148595
     C    2        0.251784        0.227277       -0.270306
     C    2        0.148595       -0.270306       -0.542420

     C    3       -0.625705        0.351792       -0.221662
     C    3        0.351792        0.752332        0.137512
     C    3       -0.221662        0.137512       -0.126627

     H    4        0.410198        0.017279        0.359235
     H    4        0.017279       -0.615206        0.201247
     H    4        0.359235        0.201247        0.205008

     C    5        0.075152        0.184494        0.019262
     C    5        0.184494        0.243522       -0.269338
     C    5        0.019262       -0.269338       -0.318673

     H    6       -0.193118       -0.225424        0.044857
     H    6       -0.225424        0.025478        0.357347
     H    6        0.044857        0.357347        0.167640

     H    7       -0.022041       -0.041690       -0.050332
     H    7       -0.041690        0.281462       -0.345867
     H    7       -0.050332       -0.345867       -0.259422

     C    8       -0.752263       -0.059730        0.117298
     C    8       -0.059730        0.682146        0.079401
     C    8        0.117298        0.079401        0.070117

     H    9        0.417993       -0.173823        0.324023
     H    9       -0.173823       -0.425033       -0.418653
     H    9        0.324023       -0.418653        0.007040

     C   10       -0.036699        0.357865       -0.023498
     C   10        0.357865        0.392588        0.425917
     C   10       -0.023498        0.425917       -0.355889

     C   11       -0.532893        0.003193        0.048334
     C   11        0.003193        0.547303       -0.034341
     C   11        0.048334       -0.034341       -0.014411

     Cl  12        0.473012        3.016390        0.117438
     Cl  12        3.016390        1.097111        1.733983
     Cl  12        0.117438        1.733983       -1.570124

     H   13       -0.342491       -0.145300        0.230827
     H   13       -0.145300        0.386111        0.292131
     H   13        0.230827        0.292131       -0.043620

     C   14       -0.433081        0.444524       -0.223227
     C   14        0.444524        0.614995        0.187760
     C   14       -0.223227        0.187760       -0.181914

     H   15        0.151480        0.200237        0.215064
     H   15        0.200237        0.046388        0.187651
     H   15        0.215064        0.187651       -0.197869

     C   16        0.154168        0.394858        0.021748
     C   16        0.394858        0.022530       -0.318415
     C   16        0.021748       -0.318415       -0.176699

     C   17       -0.425009        0.036642       -0.250966
     C   17        0.036642        0.567613        0.053481
     C   17       -0.250966        0.053481       -0.142604

     Cl  18        1.464648       -3.127413       -0.359854
     Cl  18       -3.127413        0.382273        0.501475
     Cl  18       -0.359854        0.501475       -1.846921

     H   19       -0.087871       -0.176870        0.084633
     H   19       -0.176870       -0.016710       -0.274776
     H   19        0.084633       -0.274776        0.104582

     C   20        0.067020        0.653661       -0.140971
     C   20        0.653661        0.225435        0.297896
     C   20       -0.140971        0.297896       -0.292455

     H   21        0.383334       -0.286843        0.480343
     H   21       -0.286843       -0.243767        0.212923
     H   21        0.480343        0.212923       -0.139567

     C   22       -0.511111        0.005841       -0.300720
     C   22        0.005841        0.297800       -0.442114
     C   22       -0.300720       -0.442114        0.213311

     C   23        0.363830        0.821147       -0.329001
     C   23        0.821147       -0.223714        0.230380
     C   23       -0.329001        0.230380       -0.140117

     Cl  24       -0.338642        1.382668       -0.164639
     Cl  24        1.382668        1.295319       -1.457456
     Cl  24       -0.164639       -1.457456       -0.956677


     NQR/NMR SPECTROSCOPIC PARAMETERS:
     Cl   1    Vxx=   -0.0386    axis=(  0.959370 -0.277251 -0.052352)
     Cl   1    Vyy=   -2.5548    axis=( -0.057652 -0.010993 -0.998276)
     Cl   1    Vzz=    2.5935    axis=(  0.276198  0.960735 -0.026531)
     Cl   1  Q=        -8.1650 1e-30 m^2  Cq=       -49.7541 MHz  eta= 0.97022

     C    2    Vxx=    0.1466    axis=( -0.637380  0.660641 -0.396611)
     C    2    Vyy=    0.5308    axis=(  0.737842  0.671640 -0.067000)
     C    2    Vzz=   -0.6775    axis=( -0.222117  0.335341  0.915539)
     C    2  Q=         1.0000 1e-30 m^2  Cq=        -1.5918 MHz  eta= 0.56712

     C    3    Vxx=   -0.0424    axis=( -0.357097 -0.003549  0.934061)
     C    3    Vyy=   -0.8017    axis=( -0.907943  0.236165 -0.346215)
     C    3    Vzz=    0.8441    axis=( -0.219364 -0.971706 -0.087557)
     C    3  Q=         1.0000 1e-30 m^2  Cq=         1.9834 MHz  eta= 0.89953

     H    4    Vxx=   -0.0291    axis=( -0.620410  0.238270  0.747207)
     H    4    Vyy=   -0.6663    axis=(  0.068316  0.965530 -0.251166)
     H    4    Vzz=    0.6954    axis=( -0.781297 -0.104780 -0.615302)
     H    4  Q=         1.0000 1e-30 m^2  Cq=         1.6340 MHz  eta= 0.91633

     C    5    Vxx=    0.0128    axis=(  0.886285 -0.332918  0.321970)
     C    5    Vyy=    0.4296    axis=(  0.428303  0.853686 -0.296272)
     C    5    Vzz=   -0.4424    axis=( -0.176227  0.400482  0.899199)
     C    5  Q=         1.0000 1e-30 m^2  Cq=        -1.0395 MHz  eta= 0.94192

     H    6    Vxx=   -0.0379    axis=(  0.740294 -0.402604  0.538400)
     H    6    Vyy=   -0.4420    axis=( -0.649787 -0.633939  0.419403)
     H    6    Vzz=    0.4799    axis=( -0.172459  0.660327  0.730908)
     H    6  Q=         1.0000 1e-30 m^2  Cq=         1.1276 MHz  eta= 0.84205

     H    7    Vxx=   -0.0128    axis=(  0.987966 -0.036643 -0.150267)
     H    7    Vyy=   -0.4377    axis=(  0.151124  0.435517  0.887404)
     H    7    Vzz=    0.4506    axis=(  0.032927 -0.899434  0.435814)
     H    7  Q=         1.0000 1e-30 m^2  Cq=         1.0587 MHz  eta= 0.94301

     C    8    Vxx=    0.0784    axis=(  0.146980 -0.114667  0.982471)
     C    8    Vyy=    0.6937    axis=( -0.031215  0.992225  0.120475)
     C    8    Vzz=   -0.7721    axis=( -0.988647 -0.048375  0.142258)
     C    8  Q=         1.0000 1e-30 m^2  Cq=        -1.8140 MHz  eta= 0.79691

     H    9    Vxx=   -0.0350    axis=(  0.628981  0.421142 -0.653470)
     H    9    Vyy=   -0.6805    axis=( -0.021081  0.849492  0.527181)
     H    9    Vzz=    0.7156    axis=( -0.777135  0.317811 -0.543192)
     H    9  Q=         1.0000 1e-30 m^2  Cq=         1.6813 MHz  eta= 0.90209

     C   10    Vxx=   -0.1141    axis=(  0.858838 -0.216238 -0.464369)
     C   10    Vyy=   -0.6073    axis=( -0.326720  0.466964 -0.821705)
     C   10    Vzz=    0.7214    axis=(  0.394528  0.857430  0.330397)
     C   10  Q=         1.0000 1e-30 m^2  Cq=         1.6949 MHz  eta= 0.68367

     C   11    Vxx=   -0.0120    axis=(  0.092592  0.060495  0.993865)
     C   11    Vyy=   -0.5374    axis=( -0.995704  0.005857  0.092407)
     C   11    Vzz=    0.5494    axis=( -0.000231 -0.998151  0.060778)
     C   11  Q=         1.0000 1e-30 m^2  Cq=         1.2909 MHz  eta= 0.95632

     Cl  12    Vxx=   -1.0179    axis=( -0.617251  0.276405  0.736614)
     Cl  12    Vyy=   -3.1364    axis=( -0.484395  0.604256 -0.632642)
     Cl  12    Vzz=    4.1543    axis=(  0.619969  0.747312  0.239088)
     Cl  12  Q=        -8.1650 1e-30 m^2  Cq=       -79.6974 MHz  eta= 0.50996

     H   13    Vxx=    0.0145    axis=(  0.603856 -0.333131  0.724142)
     H   13    Vyy=    0.5347    axis=( -0.032809  0.897321  0.440158)
     H   13    Vzz=   -0.5492    axis=( -0.796418 -0.289550  0.530923)
     H   13  Q=         1.0000 1e-30 m^2  Cq=        -1.2904 MHz  eta= 0.94729

     C   14    Vxx=   -0.0548    axis=( -0.458300  0.055492  0.887063)
     C   14    Vyy=   -0.7341    axis=( -0.828254  0.335391 -0.448897)
     C   14    Vzz=    0.7889    axis=( -0.322423 -0.940443 -0.107748)
     C   14  Q=         1.0000 1e-30 m^2  Cq=         1.8536 MHz  eta= 0.86098

     H   15    Vxx=   -0.1071    axis=(  0.641833 -0.764513 -0.059750)
     H   15    Vyy=   -0.3274    axis=(  0.280380  0.306481 -0.909646)
     H   15    Vzz=    0.4344    axis=(  0.713749  0.567088  0.411064)
     H   15  Q=         1.0000 1e-30 m^2  Cq=         1.0207 MHz  eta= 0.50717

     C   16    Vxx=   -0.0204    axis=(  0.616667 -0.312480  0.722550)
     C   16    Vyy=   -0.5238    axis=(  0.405185 -0.660944 -0.631647)
     C   16    Vzz=    0.5443    axis=( -0.674942 -0.682282  0.280970)
     C   16  Q=         1.0000 1e-30 m^2  Cq=         1.2788 MHz  eta= 0.92492

     C   17    Vxx=    0.0028    axis=( -0.508468 -0.048419  0.859718)
     C   17    Vyy=    0.5720    axis=( -0.019602 -0.997508 -0.067772)
     C   17    Vzz=   -0.5748    axis=(  0.860858 -0.051312  0.506252)
     C   17  Q=         1.0000 1e-30 m^2  Cq=        -1.3505 MHz  eta= 0.99021

     Cl  18    Vxx=   -1.8496    axis=(  0.298828  0.209548  0.931016)
     Cl  18    Vyy=   -2.3074    axis=(  0.577506  0.736967 -0.351235)
     Cl  18    Vzz=    4.1570    axis=( -0.759729  0.642626  0.099211)
     Cl  18  Q=        -8.1650 1e-30 m^2  Cq=       -79.7500 MHz  eta= 0.11015

     H   19    Vxx=   -0.1057    axis=( -0.794778  0.194987  0.574724)
     H   19    Vyy=   -0.2863    axis=( -0.493947 -0.758046 -0.425890)
     H   19    Vzz=    0.3920    axis=(  0.352625 -0.622372  0.698791)
     H   19  Q=         1.0000 1e-30 m^2  Cq=         0.9211 MHz  eta= 0.46084

     C   20    Vxx=   -0.0924    axis=( -0.512168  0.298560  0.805324)
     C   20    Vyy=   -0.7284    axis=( -0.576133  0.575971 -0.579939)
     C   20    Vzz=    0.8207    axis=( -0.636989 -0.760999 -0.122983)
     C   20  Q=         1.0000 1e-30 m^2  Cq=         1.9284 MHz  eta= 0.77493

     H   21    Vxx=   -0.0100    axis=(  0.178768 -0.773376 -0.608220)
     H   21    Vyy=   -0.6814    axis=( -0.456175 -0.612870  0.645209)
     H   21    Vzz=    0.6914    axis=( -0.871749  0.162113 -0.462356)
     H   21  Q=         1.0000 1e-30 m^2  Cq=         1.6246 MHz  eta= 0.97105

     C   22    Vxx=   -0.0884    axis=( -0.414217  0.688202  0.595653)
     C   22    Vyy=   -0.6470    axis=( -0.894114 -0.185258 -0.407724)
     C   22    Vzz=    0.7354    axis=( -0.170247 -0.701468  0.692068)
     C   22  Q=         1.0000 1e-30 m^2  Cq=         1.7279 MHz  eta= 0.75966

     C   23    Vxx=    0.0146    axis=( -0.131543  0.416385  0.899622)
     C   23    Vyy=    0.9604    axis=( -0.826386 -0.547298  0.132479)
     C   23    Vzz=   -0.9750    axis=(  0.547524 -0.726009  0.416088)
     C   23  Q=         1.0000 1e-30 m^2  Cq=        -2.2909 MHz  eta= 0.97001

     Cl  24    Vxx=   -0.7382    axis=( -0.824071  0.173920 -0.539127)
     Cl  24    Vyy=   -1.8688    axis=(  0.388044 -0.520049 -0.760901)
     Cl  24    Vzz=    2.6070    axis=( -0.412709 -0.836242  0.361069)
     Cl  24  Q=        -8.1650 1e-30 m^2  Cq=       -50.0140 MHz  eta= 0.43371

     Initialization:
     gipaw_setup  :      9.24s CPU     11.00s WALL (       1 calls)

     Linear response

     Apply operators

     Induced current

     Other routines
     efg          :      9.20s CPU     11.56s WALL (       1 calls)

     General routines
     calbec       :      3.20s CPU      4.23s WALL (      16 calls)
     fft          :      1.98s CPU      3.71s WALL (      15 calls)
     ffts         :      0.04s CPU      0.03s WALL (       2 calls)
     fftw         :      3.30s CPU      3.86s WALL (     672 calls)
     davcio       :      0.00s CPU      0.34s WALL (      32 calls)

     Parallel routines
     fft_scatter  :      2.45s CPU      4.64s WALL (     689 calls)

     Plugins

     GIPAW        :     61.39s CPU     76.22s WALL (       1 calls)
