
     Program QE v.6.0 (svn rev. 13079) starts on  2Jan2017 at  5:15:18 

     This program is part of the open-source Quantum ESPRESSO suite
     for quantum simulation of materials; please cite
         "P. Giannozzi et al., J. Phys.:Condens. Matter 21 395502 (2009);
          URL http://www.quantum-espresso.org", 
     in publications or presentations arising from this work. More details at
     http://www.quantum-espresso.org/quote

     Parallel version (MPI), running on     8 processors
     R & G space division:  proc/nbgrp/npool/nimage =       8

     ***** This is GIPAW svn revision unknown      *****

     Parallelizing q-star over 1 images

     Reading data from directory:
     /users/majewski/paradichlorobenzene/pbe/9_constraint/scratch/pbe.ecut100.np8.dt60.pcl2phi-129368.save
     Message from routine read_xml_file:
     file /users/majewski/paradichlorobenzene/pbe/9_constraint/scratch/pbe.ecut100.np8.dt60.pcl2phi-129368.save not guaranteed to be safe for post-processing

   Info: using nr1, nr2, nr3 values from input

   Info: using nr1, nr2, nr3 values from input

     IMPORTANT: XC functional enforced from input :
     Exchange-correlation      =  SLA  PW   PBX  PBC ( 1  4  3  4 0 0)
     Any further DFT definition will be discarded
     Please, verify this is what you really want

               file C.pbe-n-kjpaw_psl.1.0.0.UPF: wavefunction(s)  2S 2P renormalized
               file Cl.pbe-n-kjpaw_psl.1.0.0.UPF: wavefunction(s)  3S 3P renormalized
               file H.pbe-kjpaw_psl.1.0.0.UPF: wavefunction(s)  1S renormalized

     Parallelization info
     --------------------
     sticks:   dense  smooth     PW     G-vecs:    dense   smooth      PW
     Min        3057    1223    332               144436    36536    5170
     Max        3059    1225    333               144437    36537    5171
     Sum       24467    9791   2657              1155489   292295   41363


     Subspace diagonalization in iterative solution of the eigenvalue problem:
     a serial algorithm will be used

     GIPAW projectors -----------------------------------------------
     atom=  C    l=0  rc=    1.2000  rs=    0.8000
     atom=  C    l=0  rc=    1.2000  rs=    0.8000
     atom=  C    l=1  rc=    1.4000  rs=    0.9333
     atom=  C    l=1  rc=    1.4000  rs=    0.9333
     projs nearly linearly dependent: l=1  n1,n2= 1, 2  s=  0.99951561

     atom=  Cl   l=0  rc=    1.6000  rs=    1.0667
     atom=  Cl   l=0  rc=    1.6000  rs=    1.0667
     atom=  Cl   l=1  rc=    1.6000  rs=    1.0667
     atom=  Cl   l=1  rc=    1.6000  rs=    1.0667
     atom=  Cl   l=2  rc=    1.6000  rs=    1.0667
     atom=  Cl   l=2  rc=    1.6000  rs=    1.0667
     projs nearly linearly dependent: l=2  n1,n2= 1, 2  s=  0.99993509

     atom=  H    l=0  rc=    1.0000  rs=    0.6667
     atom=  H    l=0  rc=    1.0000  rs=    0.6667
     projs nearly linearly dependent: l=0  n1,n2= 1, 2  s=  0.99968852
     -----------------------------------------------------------------

     GIPAW integrals: -------------------------------------------
     Atom  i/j   nmr_para   nmr_dia   epr_rmc  epr_para   epr_dia
       C   1 1   0.83E+03  0.17E-01  0.93E+01  0.24E+08  0.24E+03
       C   2 1   0.86E+03 -0.61E-01  0.94E+01  0.25E+08  0.25E+03
       C   2 2   0.90E+03 -0.15E+00  0.97E+01  0.26E+08  0.26E+03
       C   3 3   0.33E+01  0.34E+00  0.18E+01  0.55E+03  0.21E+02
       C   4 3   0.35E+01  0.37E+00  0.20E+01  0.59E+03  0.22E+02
       C   4 4   0.38E+01  0.39E+00  0.22E+01  0.63E+03  0.24E+02
       Cl  1 1   0.14E+04 -0.47E+00  0.84E+01  0.32E+09  0.42E+03
       Cl  2 1   0.21E+04 -0.37E+00  0.12E+02  0.49E+09  0.65E+03
       Cl  2 2   0.33E+04 -0.16E+00  0.21E+02  0.76E+09  0.10E+04
       Cl  3 3   0.21E+02  0.79E-01  0.89E+01  0.23E+05  0.13E+03
       Cl  4 3   0.24E+02  0.67E-01  0.99E+01  0.27E+05  0.15E+03
       Cl  4 4   0.28E+02  0.44E-01  0.11E+02  0.32E+05  0.18E+03
       Cl  5 5   0.77E+00  0.19E+00  0.18E+01  0.12E+03  0.22E+02
       Cl  6 5   0.80E+00  0.19E+00  0.19E+01  0.12E+03  0.23E+02
       Cl  6 6   0.83E+00  0.20E+00  0.19E+01  0.12E+03  0.23E+02
       H   1 1   0.39E+02  0.19E+00  0.29E+00  0.78E+05  0.13E+02
       H   2 1   0.41E+02  0.21E+00  0.32E+00  0.82E+05  0.14E+02
       H   2 2   0.43E+02  0.22E+00  0.36E+00  0.86E+05  0.15E+02
     ------------------------------------------------------------

     alpha_pv=     33.9884 eV

     Number of occupied bands for each k-point:
     k-point:     1    nbnd_occ=  42
     k-point:     2    nbnd_occ=  42
     k-point:     3    nbnd_occ=  42
     k-point:     4    nbnd_occ=  42
     k-point:     5    nbnd_occ=  42
     k-point:     6    nbnd_occ=  42
     k-point:     7    nbnd_occ=  42
     k-point:     8    nbnd_occ=  42
     k-point:     9    nbnd_occ=  42
     k-point:    10    nbnd_occ=  42
     k-point:    11    nbnd_occ=  42
     k-point:    12    nbnd_occ=  42
     k-point:    13    nbnd_occ=  42
     k-point:    14    nbnd_occ=  42
     k-point:    15    nbnd_occ=  42
     k-point:    16    nbnd_occ=  42


     q-space interpolation up to   110.00 Rydberg

     GIPAW job: efg                                                                             


     ELECTRIC FIELD GRADIENTS TENSORS IN Hartree/bohrradius^2:

     ----- bare term -----
     Cl   1        0.094490       -0.026090       -0.015598
     Cl   1       -0.026090       -0.007700        0.001313
     Cl   1       -0.015598        0.001313       -0.086790

     C    2       -0.048239        0.370097       -0.247927
     C    2        0.370097       -0.252216       -0.490626
     C    2       -0.247927       -0.490626        0.300455

     C    3       -0.066479        0.074612       -0.367721
     C    3        0.074612       -0.179514       -0.495288
     C    3       -0.367721       -0.495288        0.245992

     H    4       -0.448049       -0.255617       -0.537853
     H    4       -0.255617        0.348483       -0.205019
     H    4       -0.537853       -0.205019        0.099566

     C    5       -0.182772        0.393741       -0.032497
     C    5        0.393741       -0.331738       -0.420435
     C    5       -0.032497       -0.420435        0.514510

     H    6        0.274109       -0.105499       -0.378554
     H    6       -0.105499       -0.052063       -0.449543
     H    6       -0.378554       -0.449543       -0.222046

     H    7        0.325073        0.168284       -0.182732
     H    7        0.168284       -0.325904        0.547527
     H    7       -0.182732        0.547527        0.000832

     C    8       -0.180766       -0.402212       -0.065051
     C    8       -0.402212       -0.317510        0.413529
     C    8       -0.065051        0.413529        0.498276

     H    9       -0.443887        0.540682       -0.177773
     H    9        0.540682        0.085607        0.046919
     H    9       -0.177773        0.046919        0.358280

     C   10       -0.346412       -0.266424       -0.306340
     C   10       -0.266424       -0.016255        0.331731
     C   10       -0.306340        0.331731        0.362667

     C   11       -0.043640       -0.207924       -0.167039
     C   11       -0.207924       -0.331079        0.473138
     C   11       -0.167039        0.473138        0.374718

     Cl  12        0.048087       -0.005523       -0.054238
     Cl  12       -0.005523        0.006863        0.027077
     Cl  12       -0.054238        0.027077       -0.054949

     H   13        0.298040        0.116248       -0.025155
     H   13        0.116248       -0.524268       -0.433996
     H   13       -0.025155       -0.433996        0.226228

     C   14       -0.211160       -0.025925       -0.455861
     C   14       -0.025925       -0.048172       -0.439988
     C   14       -0.455861       -0.439988        0.259333

     H   15       -0.446181       -0.307158       -0.470984
     H   15       -0.307158        0.243305       -0.128872
     H   15       -0.470984       -0.128872        0.202876

     C   16        0.059730        0.543243        0.110467
     C   16        0.543243       -0.540437       -0.508562
     C   16        0.110467       -0.508562        0.480707

     C   17       -0.334809       -0.091346       -0.315170
     C   17       -0.091346       -0.071433       -0.490761
     C   17       -0.315170       -0.490761        0.406242

     Cl  18        0.093271        0.104162        0.093645
     Cl  18        0.104162        0.028703        0.291034
     Cl  18        0.093645        0.291034       -0.121974

     H   19        0.405378        0.034462       -0.096483
     H   19        0.034462       -0.387936        0.520132
     H   19       -0.096483        0.520132       -0.017442

     C   20       -0.619172       -0.232596       -0.398973
     C   20       -0.232596        0.040083        0.232301
     C   20       -0.398973        0.232301        0.579088

     H   21       -0.507659        0.272867       -0.271540
     H   21        0.272867        0.382016        0.175508
     H   21       -0.271540        0.175508        0.125643

     C   22       -0.039298       -0.415443        0.044408
     C   22       -0.415443       -0.585029        0.457432
     C   22        0.044408        0.457432        0.624327

     C   23       -0.593551       -0.022322       -0.261917
     C   23       -0.022322       -0.008806        0.280898
     C   23       -0.261917        0.280898        0.602356

     Cl  24       -0.072174       -0.051471        0.051668
     Cl  24       -0.051471       -0.038174       -0.066064
     Cl  24        0.051668       -0.066064        0.110348

     ----- ionic term -----
     Cl   1        0.133745       -0.232084        0.010806
     Cl   1       -0.232084        0.022563       -0.003942
     Cl   1        0.010806       -0.003942       -0.156308

     C    2        0.227835       -0.164794        0.253177
     C    2       -0.164794        0.091641        0.406824
     C    2        0.253177        0.406824       -0.319476

     C    3        0.128359       -0.196546        0.142936
     C    3       -0.196546        0.124011        0.447432
     C    3        0.142936        0.447432       -0.252370

     H    4        0.488284        0.320759        0.685226
     H    4        0.320759       -0.423927        0.294344
     H    4        0.685226        0.294344       -0.064357

     C    5        0.302842       -0.112097        0.210955
     C    5       -0.112097       -0.026733        0.344492
     C    5        0.210955        0.344492       -0.276109

     H    6       -0.495404        0.163178        0.113889
     H    6        0.163178        0.495678        0.765388
     H    6        0.113889        0.765388       -0.000274

     H    7       -0.491955       -0.074275        0.061305
     H    7       -0.074275        0.674900       -0.705222
     H    7        0.061305       -0.705222       -0.182945

     C    8        0.416874        0.196267        0.203596
     C    8        0.196267        0.019160       -0.305385
     C    8        0.203596       -0.305385       -0.436034

     H    9        0.716179       -0.497208        0.441440
     H    9       -0.497208       -0.321667       -0.240871
     H    9        0.441440       -0.240871       -0.394512

     C   10        0.234753        0.185254        0.118980
     C   10        0.185254        0.179829       -0.388896
     C   10        0.118980       -0.388896       -0.414583

     C   11        0.212570        0.143991        0.206990
     C   11        0.143991        0.127811       -0.400280
     C   11        0.206990       -0.400280       -0.340381

     Cl  12        0.124849        0.205819       -0.021110
     Cl  12        0.205819        0.011436       -0.014110
     Cl  12       -0.021110       -0.014110       -0.136285

     H   13       -0.519591        0.104550        0.073479
     H   13        0.104550        0.740336        0.680247
     H   13        0.073479        0.680247       -0.220745

     C   14        0.297249       -0.160794        0.216677
     C   14       -0.160794        0.070225        0.321445
     C   14        0.216677        0.321445       -0.367474

     H   15        0.677403        0.380334        0.568334
     H   15        0.380334       -0.387679        0.266498
     H   15        0.568334        0.266498       -0.289724

     C   16        0.160627       -0.264816        0.094928
     C   16       -0.264816        0.144960        0.433741
     C   16        0.094928        0.433741       -0.305587

     C   17        0.284979       -0.153701        0.118538
     C   17       -0.153701       -0.024752        0.452039
     C   17        0.118538        0.452039       -0.260227

     Cl  18        0.204611       -0.174256       -0.049370
     Cl  18       -0.174256       -0.089389        0.030461
     Cl  18       -0.049370        0.030461       -0.115222

     H   19       -0.526807       -0.086550        0.075156
     H   19       -0.086550        0.381450       -0.813702
     H   19        0.075156       -0.813702        0.145357

     C   20        0.292223        0.206776        0.204287
     C   20        0.206776        0.018193       -0.342990
     C   20        0.204287       -0.342990       -0.310415

     H   21        0.694849       -0.351054        0.611786
     H   21       -0.351054       -0.408479       -0.241914
     H   21        0.611786       -0.241914       -0.286370

     C   22        0.166217        0.261693        0.130198
     C   22        0.261693        0.173631       -0.429935
     C   22        0.130198       -0.429935       -0.339848

     C   23        0.224943        0.166587        0.189736
     C   23        0.166587        0.116564       -0.410928
     C   23        0.189736       -0.410928       -0.341507

     Cl  24        0.110571        0.214024        0.001888
     Cl  24        0.214024        0.034441       -0.008193
     Cl  24        0.001888       -0.008193       -0.145012

     ----- GIPAW term -----
     Cl   1        2.106512       -2.221492       -0.111079
     Cl   1       -2.221492       -0.061473       -0.010870
     Cl   1       -0.111079       -0.010870       -2.045039

     C    2        0.188670        0.014904       -0.102646
     C    2        0.014904       -0.100293       -0.086127
     C    2       -0.102646       -0.086127       -0.088377

     C    3        0.112396       -0.002474       -0.082013
     C    3       -0.002474       -0.071583       -0.079079
     C    3       -0.082013       -0.079079       -0.040812

     H    4       -0.000000        0.000000        0.000000
     H    4        0.000000        0.000000        0.000000
     H    4        0.000000        0.000000        0.000000

     C    5        0.013802        0.066663        0.122379
     C    5        0.066663       -0.162459       -0.087681
     C    5        0.122379       -0.087681        0.148656

     H    6       -0.000000        0.000000        0.000000
     H    6        0.000000        0.000000        0.000000
     H    6        0.000000        0.000000        0.000000

     H    7       -0.000000        0.000000        0.000000
     H    7        0.000000        0.000000        0.000000
     H    7        0.000000        0.000000        0.000000

     C    8        0.026265       -0.080315        0.100811
     C    8       -0.080315       -0.148452        0.077300
     C    8        0.100811        0.077300        0.122188

     H    9       -0.000000        0.000000        0.000000
     H    9        0.000000        0.000000        0.000000
     H    9        0.000000        0.000000        0.000000

     C   10       -0.047012       -0.101001       -0.012489
     C   10       -0.101001        0.015630       -0.001267
     C   10       -0.012489       -0.001267        0.031383

     C   11        0.067506        0.052177        0.044319
     C   11        0.052177       -0.082791        0.018014
     C   11        0.044319        0.018014        0.015284

     Cl  12        1.778164        2.065812       -0.449612
     Cl  12        2.065812        0.068924        0.213005
     Cl  12       -0.449612        0.213005       -1.847088

     H   13       -0.000000        0.000000        0.000000
     H   13        0.000000        0.000000        0.000000
     H   13        0.000000        0.000000        0.000000

     C   14        0.117040       -0.056934       -0.060913
     C   14       -0.056934       -0.081630       -0.087139
     C   14       -0.060913       -0.087139       -0.035410

     H   15       -0.000000        0.000000        0.000000
     H   15        0.000000        0.000000        0.000000
     H   15        0.000000        0.000000        0.000000

     C   16        0.123779        0.088766        0.167101
     C   16        0.088766       -0.179636       -0.057397
     C   16        0.167101       -0.057397        0.055857

     C   17       -0.031598       -0.149014        0.013562
     C   17       -0.149014       -0.070741       -0.084657
     C   17        0.013562       -0.084657        0.102340

     Cl  18       -0.360544       -0.197458       -0.634585
     Cl  18       -0.197458       -0.227042       -1.085068
     Cl  18       -0.634585       -1.085068        0.587586

     H   19       -0.000000        0.000000        0.000000
     H   19        0.000000        0.000000        0.000000
     H   19        0.000000        0.000000        0.000000

     C   20       -0.151478       -0.037107       -0.047001
     C   20       -0.037107       -0.033436       -0.012081
     C   20       -0.047001       -0.012081        0.184914

     H   21       -0.000000        0.000000        0.000000
     H   21        0.000000        0.000000        0.000000
     H   21        0.000000        0.000000        0.000000

     C   22       -0.071574       -0.080246        0.109763
     C   22       -0.080246       -0.179043       -0.023595
     C   22        0.109763       -0.023595        0.250618

     C   23       -0.160609        0.084288        0.000921
     C   23        0.084288       -0.114568       -0.018574
     C   23        0.000921       -0.018574        0.275178

     Cl  24       -0.435139        1.055281        0.887950
     Cl  24        1.055281       -0.734626       -1.708632
     Cl  24        0.887950       -1.708632        1.169765

     ----- total EFG -----
     Cl   1        2.334747       -2.479667       -0.115871
     Cl   1       -2.479667       -0.046610       -0.013498
     Cl   1       -0.115871       -0.013498       -2.288137

     C    2        0.368266        0.220207       -0.097396
     C    2        0.220207       -0.260868       -0.169929
     C    2       -0.097396       -0.169929       -0.107398

     C    3        0.174276       -0.124408       -0.306798
     C    3       -0.124408       -0.127086       -0.126936
     C    3       -0.306798       -0.126936       -0.047190

     H    4        0.040235        0.065142        0.147373
     H    4        0.065142       -0.075444        0.089326
     H    4        0.147373        0.089326        0.035209

     C    5        0.133873        0.348307        0.300837
     C    5        0.348307       -0.520930       -0.163623
     C    5        0.300837       -0.163623        0.387057

     H    6       -0.221295        0.057679       -0.264665
     H    6        0.057679        0.443615        0.315845
     H    6       -0.264665        0.315845       -0.222320

     H    7       -0.166882        0.094009       -0.121427
     H    7        0.094009        0.348996       -0.157696
     H    7       -0.121427       -0.157696       -0.182113

     C    8        0.262373       -0.286261        0.239356
     C    8       -0.286261       -0.446803        0.185444
     C    8        0.239356        0.185444        0.184429

     H    9        0.272292        0.043474        0.263667
     H    9        0.043474       -0.236060       -0.193952
     H    9        0.263667       -0.193952       -0.036232

     C   10       -0.158670       -0.182172       -0.199849
     C   10       -0.182172        0.179203       -0.058432
     C   10       -0.199849       -0.058432       -0.020533

     C   11        0.236436       -0.011756        0.084270
     C   11       -0.011756       -0.286058        0.090871
     C   11        0.084270        0.090871        0.049622

     Cl  12        1.951100        2.266108       -0.524960
     Cl  12        2.266108        0.087223        0.225972
     Cl  12       -0.524960        0.225972       -2.038322

     H   13       -0.221551        0.220798        0.048325
     H   13        0.220798        0.216067        0.246251
     H   13        0.048325        0.246251        0.005483

     C   14        0.203128       -0.243653       -0.300097
     C   14       -0.243653       -0.059577       -0.205682
     C   14       -0.300097       -0.205682       -0.143551

     H   15        0.231222        0.073176        0.097349
     H   15        0.073176       -0.144374        0.137625
     H   15        0.097349        0.137625       -0.086848

     C   16        0.344135        0.367193        0.372496
     C   16        0.367193       -0.575113       -0.132218
     C   16        0.372496       -0.132218        0.230978

     C   17       -0.081428       -0.394061       -0.183069
     C   17       -0.394061       -0.166926       -0.123378
     C   17       -0.183069       -0.123378        0.248354

     Cl  18       -0.062661       -0.267552       -0.590310
     Cl  18       -0.267552       -0.287728       -0.763573
     Cl  18       -0.590310       -0.763573        0.350389

     H   19       -0.121430       -0.052088       -0.021328
     H   19       -0.052088       -0.006486       -0.293570
     H   19       -0.021328       -0.293570        0.127915

     C   20       -0.478427       -0.062928       -0.241687
     C   20       -0.062928        0.024840       -0.122769
     C   20       -0.241687       -0.122769        0.453587

     H   21        0.187190       -0.078187        0.340246
     H   21       -0.078187       -0.026463       -0.066407
     H   21        0.340246       -0.066407       -0.160727

     C   22        0.055345       -0.233995        0.284369
     C   22       -0.233995       -0.590442        0.003902
     C   22        0.284369        0.003902        0.535096

     C   23       -0.529217        0.228553       -0.071259
     C   23        0.228553       -0.006810       -0.148604
     C   23       -0.071259       -0.148604        0.536027

     Cl  24       -0.396742        1.217834        0.941506
     Cl  24        1.217834       -0.738359       -1.782888
     Cl  24        0.941506       -1.782888        1.135101

     ----- total EFG (symmetrized) -----
     Cl   1        2.334747       -2.479667       -0.115871
     Cl   1       -2.479667       -0.046610       -0.013498
     Cl   1       -0.115871       -0.013498       -2.288137

     C    2        0.368266        0.220207       -0.097396
     C    2        0.220207       -0.260868       -0.169929
     C    2       -0.097396       -0.169929       -0.107398

     C    3        0.174276       -0.124408       -0.306798
     C    3       -0.124408       -0.127086       -0.126936
     C    3       -0.306798       -0.126936       -0.047190

     H    4        0.040235        0.065142        0.147373
     H    4        0.065142       -0.075444        0.089326
     H    4        0.147373        0.089326        0.035209

     C    5        0.133873        0.348307        0.300837
     C    5        0.348307       -0.520930       -0.163623
     C    5        0.300837       -0.163623        0.387057

     H    6       -0.221295        0.057679       -0.264665
     H    6        0.057679        0.443615        0.315845
     H    6       -0.264665        0.315845       -0.222320

     H    7       -0.166882        0.094009       -0.121427
     H    7        0.094009        0.348996       -0.157696
     H    7       -0.121427       -0.157696       -0.182113

     C    8        0.262373       -0.286261        0.239356
     C    8       -0.286261       -0.446803        0.185444
     C    8        0.239356        0.185444        0.184429

     H    9        0.272292        0.043474        0.263667
     H    9        0.043474       -0.236060       -0.193952
     H    9        0.263667       -0.193952       -0.036232

     C   10       -0.158670       -0.182172       -0.199849
     C   10       -0.182172        0.179203       -0.058432
     C   10       -0.199849       -0.058432       -0.020533

     C   11        0.236436       -0.011756        0.084270
     C   11       -0.011756       -0.286058        0.090871
     C   11        0.084270        0.090871        0.049622

     Cl  12        1.951100        2.266108       -0.524960
     Cl  12        2.266108        0.087223        0.225972
     Cl  12       -0.524960        0.225972       -2.038322

     H   13       -0.221551        0.220798        0.048325
     H   13        0.220798        0.216067        0.246251
     H   13        0.048325        0.246251        0.005483

     C   14        0.203128       -0.243653       -0.300097
     C   14       -0.243653       -0.059577       -0.205682
     C   14       -0.300097       -0.205682       -0.143551

     H   15        0.231222        0.073176        0.097349
     H   15        0.073176       -0.144374        0.137625
     H   15        0.097349        0.137625       -0.086848

     C   16        0.344135        0.367193        0.372496
     C   16        0.367193       -0.575113       -0.132218
     C   16        0.372496       -0.132218        0.230978

     C   17       -0.081428       -0.394061       -0.183069
     C   17       -0.394061       -0.166926       -0.123378
     C   17       -0.183069       -0.123378        0.248354

     Cl  18       -0.062661       -0.267552       -0.590310
     Cl  18       -0.267552       -0.287728       -0.763573
     Cl  18       -0.590310       -0.763573        0.350389

     H   19       -0.121430       -0.052088       -0.021328
     H   19       -0.052088       -0.006486       -0.293570
     H   19       -0.021328       -0.293570        0.127915

     C   20       -0.478427       -0.062928       -0.241687
     C   20       -0.062928        0.024840       -0.122769
     C   20       -0.241687       -0.122769        0.453587

     H   21        0.187190       -0.078187        0.340246
     H   21       -0.078187       -0.026463       -0.066407
     H   21        0.340246       -0.066407       -0.160727

     C   22        0.055345       -0.233995        0.284369
     C   22       -0.233995       -0.590442        0.003902
     C   22        0.284369        0.003902        0.535096

     C   23       -0.529217        0.228553       -0.071259
     C   23        0.228553       -0.006810       -0.148604
     C   23       -0.071259       -0.148604        0.536027

     Cl  24       -0.396742        1.217834        0.941506
     Cl  24        1.217834       -0.738359       -1.782888
     Cl  24        0.941506       -1.782888        1.135101


     NQR/NMR SPECTROSCOPIC PARAMETERS:
     Cl   1    Vxx=   -1.5989    axis=( -0.528078 -0.842644  0.105282)
     Cl   1    Vyy=   -2.2972    axis=( -0.068425 -0.081353 -0.994334)
     Cl   1    Vzz=    3.8961    axis=(  0.846435 -0.532290 -0.014697)
     Cl   1  Q=        -8.1650 1e-30 m^2  Cq=       -74.7452 MHz  eta= 0.17923

     C    2    Vxx=   -0.0778    axis=(  0.364735 -0.358785  0.859210)
     C    2    Vyy=   -0.3969    axis=(  0.194363 -0.873113 -0.447098)
     C    2    Vzz=    0.4747    axis=( -0.910599 -0.330071  0.248721)
     C    2  Q=         1.0000 1e-30 m^2  Cq=         1.1153 MHz  eta= 0.67227

     C    3    Vxx=   -0.0083    axis=(  0.276841 -0.821819  0.497968)
     C    3    Vyy=   -0.3832    axis=(  0.490740  0.566463  0.662037)
     C    3    Vzz=    0.3915    axis=( -0.826156  0.061094  0.560120)
     C    3  Q=         1.0000 1e-30 m^2  Cq=         0.9198 MHz  eta= 0.95778

     H    4    Vxx=   -0.0953    axis=(  0.700647 -0.606192 -0.376331)
     H    4    Vyy=   -0.1296    axis=(  0.278375  0.717881 -0.638086)
     H    4    Vzz=    0.2249    axis=( -0.656964 -0.342312 -0.671730)
     H    4  Q=         1.0000 1e-30 m^2  Cq=         0.5283 MHz  eta= 0.15253

     C    5    Vxx=    0.1483    axis=(  0.689715  0.489440 -0.533612)
     C    5    Vyy=    0.5904    axis=( -0.582272 -0.063154 -0.810537)
     C    5    Vzz=   -0.7387    axis=( -0.430409  0.869747  0.241429)
     C    5  Q=         1.0000 1e-30 m^2  Cq=        -1.7357 MHz  eta= 0.59851

     H    6    Vxx=   -0.0122    axis=(  0.781333  0.285624 -0.554921)
     H    6    Vyy=   -0.5601    axis=( -0.621030  0.267513 -0.736722)
     H    6    Vzz=    0.5723    axis=( -0.061977  0.920247  0.386398)
     H    6  Q=         1.0000 1e-30 m^2  Cq=         1.3448 MHz  eta= 0.95724

     H    7    Vxx=   -0.1176    axis=( -0.747542  0.342878  0.568872)
     H    7    Vyy=   -0.3010    axis=( -0.630244 -0.095765 -0.770469)
     H    7    Vzz=    0.4186    axis=( -0.209698 -0.934486  0.287685)
     H    7  Q=         1.0000 1e-30 m^2  Cq=         0.9836 MHz  eta= 0.43819

     C    8    Vxx=    0.1508    axis=( -0.460699  0.456795  0.760983)
     C    8    Vyy=    0.4794    axis=( -0.809337  0.135729 -0.571447)
     C    8    Vzz=   -0.6302    axis=(  0.364321  0.879157 -0.307170)
     C    8  Q=         1.0000 1e-30 m^2  Cq=        -1.4808 MHz  eta= 0.52131

     H    9    Vxx=   -0.0237    axis=( -0.449538 -0.650772  0.611892)
     H    9    Vyy=   -0.4055    axis=(  0.279891 -0.753132 -0.595359)
     H    9    Vzz=    0.4292    axis=(  0.848279 -0.096373  0.520707)
     H    9  Q=         1.0000 1e-30 m^2  Cq=         1.0085 MHz  eta= 0.88973

     C   10    Vxx=    0.1009    axis=( -0.415471 -0.335565  0.845447)
     C   10    Vyy=    0.2622    axis=( -0.445922  0.885251  0.132227)
     C   10    Vzz=   -0.3631    axis=( -0.792803 -0.322067 -0.517432)
     C   10  Q=         1.0000 1e-30 m^2  Cq=        -0.8532 MHz  eta= 0.44441

     C   11    Vxx=    0.0413    axis=(  0.369436 -0.260854 -0.891892)
     C   11    Vyy=    0.2697    axis=( -0.927298 -0.041216 -0.372047)
     C   11    Vzz=   -0.3110    axis=( -0.060290 -0.964498  0.257116)
     C   11  Q=         1.0000 1e-30 m^2  Cq=        -0.7308 MHz  eta= 0.73447

     Cl  12    Vxx=   -1.1716    axis=( -0.462960  0.748088  0.475429)
     Cl  12    Vyy=   -2.3154    axis=(  0.304335 -0.369610  0.877934)
     Cl  12    Vzz=    3.4870    axis=(  0.832495  0.551138 -0.056555)
     Cl  12  Q=        -8.1650 1e-30 m^2  Cq=       -66.8963 MHz  eta= 0.32804

     H   13    Vxx=   -0.1220    axis=( -0.390713 -0.361492  0.846562)
     H   13    Vyy=   -0.3243    axis=(  0.868366 -0.449887  0.208668)
     H   13    Vzz=    0.4463    axis=(  0.305425  0.816655  0.489684)
     H   13  Q=         1.0000 1e-30 m^2  Cq=         1.0486 MHz  eta= 0.45341

     C   14    Vxx=    0.1084    axis=(  0.002360 -0.775971  0.630765)
     C   14    Vyy=    0.4102    axis=( -0.881504  0.296216  0.367704)
     C   14    Vzz=   -0.5185    axis=( -0.472170 -0.556890 -0.683322)
     C   14  Q=         1.0000 1e-30 m^2  Cq=        -1.2184 MHz  eta= 0.58207

     H   15    Vxx=   -0.0314    axis=( -0.420321  0.578885  0.698729)
     H   15    Vyy=   -0.2563    axis=(  0.010585  0.773131 -0.634158)
     H   15    Vzz=    0.2876    axis=(  0.907314  0.259154  0.331091)
     H   15  Q=         1.0000 1e-30 m^2  Cq=         0.6759 MHz  eta= 0.78176

     C   16    Vxx=    0.0731    axis=( -0.477156 -0.426984  0.768119)
     C   16    Vyy=    0.6972    axis=(  0.792825  0.167934  0.585855)
     C   16    Vzz=   -0.7702    axis=(  0.379144 -0.888529 -0.258392)
     C   16  Q=         1.0000 1e-30 m^2  Cq=        -1.8098 MHz  eta= 0.81024

     C   17    Vxx=    0.2337    axis=( -0.488842  0.657386 -0.573478)
     C   17    Vyy=    0.3426    axis=(  0.572636 -0.254123 -0.779429)
     C   17    Vzz=   -0.5764    axis=( -0.658120 -0.709412 -0.252217)
     C   17  Q=         1.0000 1e-30 m^2  Cq=        -1.3542 MHz  eta= 0.18893

     Cl  18    Vxx=    0.1125    axis=(  0.796209 -0.603858  0.037492)
     Cl  18    Vyy=    0.9918    axis=( -0.359078 -0.421765  0.832573)
     Cl  18    Vzz=   -1.1043    axis=( -0.486943 -0.676365 -0.552646)
     Cl  18  Q=        -8.1650 1e-30 m^2  Cq=        21.1845 MHz  eta= 0.79632

     H   19    Vxx=   -0.1010    axis=(  0.931964 -0.262627 -0.249939)
     H   19    Vyy=   -0.2614    axis=(  0.361051  0.734942  0.574024)
     H   19    Vzz=    0.3624    axis=(  0.032936 -0.625210  0.779761)
     H   19  Q=         1.0000 1e-30 m^2  Cq=         0.8515 MHz  eta= 0.44243

     C   20    Vxx=    0.0175    axis=(  0.200927 -0.966336 -0.160692)
     C   20    Vyy=    0.5342    axis=(  0.215295  0.203588 -0.955092)
     C   20    Vzz=   -0.5517    axis=(  0.955655  0.157308  0.248954)
     C   20  Q=         1.0000 1e-30 m^2  Cq=        -1.2964 MHz  eta= 0.93653

     H   21    Vxx=   -0.0488    axis=(  0.214688  0.973809  0.074867)
     H   21    Vyy=   -0.3697    axis=( -0.515875  0.047973  0.855320)
     H   21    Vzz=    0.4185    axis=(  0.829326 -0.222249  0.512663)
     H   21  Q=         1.0000 1e-30 m^2  Cq=         0.9832 MHz  eta= 0.76674

     C   22    Vxx=   -0.0010    axis=(  0.833716 -0.333863 -0.439833)
     C   22    Vyy=   -0.6738    axis=(  0.333207  0.939332 -0.081413)
     C   22    Vzz=    0.6748    axis=(  0.440330 -0.078679  0.894382)
     C   22  Q=         1.0000 1e-30 m^2  Cq=         1.5854 MHz  eta= 0.99712

     C   23    Vxx=    0.0262    axis=(  0.328350  0.893497  0.306348)
     C   23    Vyy=    0.5890    axis=( -0.118456 -0.282817  0.951831)
     C   23    Vzz=   -0.6153    axis=( -0.937099  0.348823 -0.012977)
     C   23  Q=         1.0000 1e-30 m^2  Cq=        -1.4457 MHz  eta= 0.91474

     Cl  24    Vxx=    0.5663    axis=(  0.838108  0.506899  0.201566)
     Cl  24    Vyy=    2.2275    axis=( -0.085680  0.487239 -0.869055)
     Cl  24    Vzz=   -2.7938    axis=( -0.538734  0.711092  0.451790)
     Cl  24  Q=        -8.1650 1e-30 m^2  Cq=        53.5969 MHz  eta= 0.59463

     Initialization:
     gipaw_setup  :      9.00s CPU     11.03s WALL (       1 calls)

     Linear response

     Apply operators

     Induced current

     Other routines
     efg          :      9.50s CPU     11.73s WALL (       1 calls)

     General routines
     calbec       :      3.21s CPU      3.98s WALL (      16 calls)
     fft          :      1.63s CPU      2.59s WALL (      15 calls)
     ffts         :      0.04s CPU      0.05s WALL (       2 calls)
     fftw         :      3.40s CPU      4.21s WALL (     672 calls)
     davcio       :      0.04s CPU      0.31s WALL (      32 calls)

     Parallel routines
     fft_scatter  :      2.40s CPU      4.00s WALL (     689 calls)

     Plugins

     GIPAW        :     61.37s CPU     75.06s WALL (       1 calls)
