
     Program QE v.6.0 (svn rev. 13079) starts on  8Jan2017 at 22: 1:48 

     This program is part of the open-source Quantum ESPRESSO suite
     for quantum simulation of materials; please cite
         "P. Giannozzi et al., J. Phys.:Condens. Matter 21 395502 (2009);
          URL http://www.quantum-espresso.org", 
     in publications or presentations arising from this work. More details at
     http://www.quantum-espresso.org/quote

     Parallel version (MPI), running on     8 processors
     R & G space division:  proc/nbgrp/npool/nimage =       8

     ***** This is GIPAW svn revision unknown      *****

     Parallelizing q-star over 1 images

     Reading data from directory:
     /users/majewski/paradichlorobenzene/pbe/9_constraint/scratch/pbe.ecut100.np8.dt60.pcl2phi-129368.save
     Message from routine read_xml_file:
     file /users/majewski/paradichlorobenzene/pbe/9_constraint/scratch/pbe.ecut100.np8.dt60.pcl2phi-129368.save not guaranteed to be safe for post-processing

   Info: using nr1, nr2, nr3 values from input

   Info: using nr1, nr2, nr3 values from input

     IMPORTANT: XC functional enforced from input :
     Exchange-correlation      =  SLA  PW   PBX  PBC ( 1  4  3  4 0 0)
     Any further DFT definition will be discarded
     Please, verify this is what you really want

               file C.pbe-n-kjpaw_psl.1.0.0.UPF: wavefunction(s)  2S 2P renormalized
               file Cl.pbe-n-kjpaw_psl.1.0.0.UPF: wavefunction(s)  3S 3P renormalized
               file H.pbe-kjpaw_psl.1.0.0.UPF: wavefunction(s)  1S renormalized

     Parallelization info
     --------------------
     sticks:   dense  smooth     PW     G-vecs:    dense   smooth      PW
     Min        3057    1223    332               144436    36536    5170
     Max        3059    1225    333               144437    36537    5171
     Sum       24467    9791   2657              1155489   292295   41363


     Subspace diagonalization in iterative solution of the eigenvalue problem:
     a serial algorithm will be used

     GIPAW projectors -----------------------------------------------
     atom=  C    l=0  rc=    1.2000  rs=    0.8000
     atom=  C    l=0  rc=    1.2000  rs=    0.8000
     atom=  C    l=1  rc=    1.4000  rs=    0.9333
     atom=  C    l=1  rc=    1.4000  rs=    0.9333
     projs nearly linearly dependent: l=1  n1,n2= 1, 2  s=  0.99951561

     atom=  Cl   l=0  rc=    1.6000  rs=    1.0667
     atom=  Cl   l=0  rc=    1.6000  rs=    1.0667
     atom=  Cl   l=1  rc=    1.6000  rs=    1.0667
     atom=  Cl   l=1  rc=    1.6000  rs=    1.0667
     atom=  Cl   l=2  rc=    1.6000  rs=    1.0667
     atom=  Cl   l=2  rc=    1.6000  rs=    1.0667
     projs nearly linearly dependent: l=2  n1,n2= 1, 2  s=  0.99993509

     atom=  H    l=0  rc=    1.0000  rs=    0.6667
     atom=  H    l=0  rc=    1.0000  rs=    0.6667
     projs nearly linearly dependent: l=0  n1,n2= 1, 2  s=  0.99968852
     -----------------------------------------------------------------

     GIPAW integrals: -------------------------------------------
     Atom  i/j   nmr_para   nmr_dia   epr_rmc  epr_para   epr_dia
       C   1 1   0.83E+03  0.17E-01  0.93E+01  0.24E+08  0.24E+03
       C   2 1   0.86E+03 -0.61E-01  0.94E+01  0.25E+08  0.25E+03
       C   2 2   0.90E+03 -0.15E+00  0.97E+01  0.26E+08  0.26E+03
       C   3 3   0.33E+01  0.34E+00  0.18E+01  0.55E+03  0.21E+02
       C   4 3   0.35E+01  0.37E+00  0.20E+01  0.59E+03  0.22E+02
       C   4 4   0.38E+01  0.39E+00  0.22E+01  0.63E+03  0.24E+02
       Cl  1 1   0.14E+04 -0.47E+00  0.84E+01  0.32E+09  0.42E+03
       Cl  2 1   0.21E+04 -0.37E+00  0.12E+02  0.49E+09  0.65E+03
       Cl  2 2   0.33E+04 -0.16E+00  0.21E+02  0.76E+09  0.10E+04
       Cl  3 3   0.21E+02  0.79E-01  0.89E+01  0.23E+05  0.13E+03
       Cl  4 3   0.24E+02  0.67E-01  0.99E+01  0.27E+05  0.15E+03
       Cl  4 4   0.28E+02  0.44E-01  0.11E+02  0.32E+05  0.18E+03
       Cl  5 5   0.77E+00  0.19E+00  0.18E+01  0.12E+03  0.22E+02
       Cl  6 5   0.80E+00  0.19E+00  0.19E+01  0.12E+03  0.23E+02
       Cl  6 6   0.83E+00  0.20E+00  0.19E+01  0.12E+03  0.23E+02
       H   1 1   0.39E+02  0.19E+00  0.29E+00  0.78E+05  0.13E+02
       H   2 1   0.41E+02  0.21E+00  0.32E+00  0.82E+05  0.14E+02
       H   2 2   0.43E+02  0.22E+00  0.36E+00  0.86E+05  0.15E+02
     ------------------------------------------------------------

     alpha_pv=     34.3434 eV

     Number of occupied bands for each k-point:
     k-point:     1    nbnd_occ=  42
     k-point:     2    nbnd_occ=  42
     k-point:     3    nbnd_occ=  42
     k-point:     4    nbnd_occ=  42
     k-point:     5    nbnd_occ=  42
     k-point:     6    nbnd_occ=  42
     k-point:     7    nbnd_occ=  42
     k-point:     8    nbnd_occ=  42
     k-point:     9    nbnd_occ=  42
     k-point:    10    nbnd_occ=  42
     k-point:    11    nbnd_occ=  42
     k-point:    12    nbnd_occ=  42
     k-point:    13    nbnd_occ=  42
     k-point:    14    nbnd_occ=  42
     k-point:    15    nbnd_occ=  42
     k-point:    16    nbnd_occ=  42


     q-space interpolation up to   110.00 Rydberg

     GIPAW job: efg                                                                             


     ELECTRIC FIELD GRADIENTS TENSORS IN Hartree/bohrradius^2:

     ----- bare term -----
     Cl   1        0.028122       -0.000002        0.116966
     Cl   1       -0.000002       -0.153147        0.253943
     Cl   1        0.116966        0.253943        0.125025

     C    2        0.029148        0.278114       -0.116400
     C    2        0.278114       -0.022568       -0.610557
     C    2       -0.116400       -0.610557       -0.006580

     C    3       -0.296797        0.158789       -0.082360
     C    3        0.158789        0.019024       -0.133548
     C    3       -0.082360       -0.133548        0.277773

     H    4       -0.302134       -0.411481        0.141655
     H    4       -0.411481        0.055342        0.146219
     H    4        0.141655        0.146219        0.246793

     C    5       -0.090505        0.275087       -0.148952
     C    5        0.275087       -0.054124       -0.456532
     C    5       -0.148952       -0.456532        0.144629

     H    6        0.427769       -0.252475        0.034220
     H    6       -0.252475       -0.764363        0.058866
     H    6        0.034220        0.058866        0.336594

     H    7        0.075728        0.294442        0.161154
     H    7        0.294442       -0.418745        0.327190
     H    7        0.161154        0.327190        0.343018

     C    8       -0.560319       -0.336680       -0.476207
     C    8       -0.336680        0.049008       -0.031075
     C    8       -0.476207       -0.031075        0.511311

     H    9       -0.438153       -0.179860       -0.424719
     H    9       -0.179860        0.130109        0.127042
     H    9       -0.424719        0.127042        0.308044

     C   10       -0.005414        0.074439       -0.276991
     C   10        0.074439       -0.073933        0.632884
     C   10       -0.276991        0.632884        0.079347

     C   11       -0.576239       -0.404062       -0.217271
     C   11       -0.404062        0.191663        0.288766
     C   11       -0.217271        0.288766        0.384575

     Cl  12        0.319346       -0.030131       -0.045839
     Cl  12       -0.030131       -0.015211       -0.495086
     Cl  12       -0.045839       -0.495086       -0.304135

     H   13        0.412060        0.014143       -0.193767
     H   13        0.014143       -0.552470       -0.411448
     H   13       -0.193767       -0.411448        0.140410

     C   14       -0.876019        0.266631       -0.393669
     C   14        0.266631        0.215208        0.004461
     C   14       -0.393669        0.004461        0.660812

     H   15       -0.450806       -0.321855        0.228657
     H   15       -0.321855        0.337845       -0.006115
     H   15        0.228657       -0.006115        0.112961

     C   16        0.083141        0.197823        0.008924
     C   16        0.197823       -0.534622       -0.320609
     C   16        0.008924       -0.320609        0.451481

     C   17       -0.704823        0.139266       -0.261625
     C   17        0.139266        0.095652       -0.129607
     C   17       -0.261625       -0.129607        0.609170

     Cl  18       -0.093782        0.034379        0.068429
     Cl  18        0.034379       -0.034934        0.140304
     Cl  18        0.068429        0.140304        0.128715

     H   19        0.435208       -0.001619       -0.044279
     H   19       -0.001619       -0.760536       -0.072607
     H   19       -0.044279       -0.072607        0.325328

     C   20       -0.080758        0.193727       -0.315387
     C   20        0.193727       -0.035031        0.414250
     C   20       -0.315387        0.414250        0.115789

     H   21       -0.147883        0.391712       -0.332559
     H   21        0.391712       -0.241219        0.137348
     H   21       -0.332559        0.137348        0.389102

     C   22       -0.630654       -0.318768       -0.282943
     C   22       -0.318768        0.236331        0.130436
     C   22       -0.282943        0.130436        0.394323

     C   23        0.043513        0.232494       -0.368648
     C   23        0.232494       -0.387194        0.422093
     C   23       -0.368648        0.422093        0.343682

     Cl  24       -0.206163       -0.267386       -0.087420
     Cl  24       -0.267386       -0.077655       -0.032898
     Cl  24       -0.087420       -0.032898        0.283818

     ----- ionic term -----
     Cl   1        0.172015       -0.175981       -0.068241
     Cl   1       -0.175981       -0.024325        0.037215
     Cl   1       -0.068241        0.037215       -0.147690

     C    2        0.308495       -0.050027        0.057242
     C    2       -0.050027        0.203481        0.389178
     C    2        0.057242        0.389178       -0.511976

     C    3        0.220882       -0.146501        0.002569
     C    3       -0.146501        0.280757        0.371986
     C    3        0.002569        0.371986       -0.501639

     H    4        0.830907        0.454036        0.275449
     H    4        0.454036       -0.330589        0.164755
     H    4        0.275449        0.164755       -0.500319

     C    5        0.367141       -0.092376        0.049124
     C    5       -0.092376        0.144226        0.274910
     C    5        0.049124        0.274910       -0.511367

     H    6       -0.523428        0.080484        0.023061
     H    6        0.080484        0.910345        0.515941
     H    6        0.023061        0.515941       -0.386917

     H    7       -0.482291       -0.208136        0.105089
     H    7       -0.208136        0.774073       -0.576555
     H    7        0.105089       -0.576555       -0.291782

     C    8        0.187464        0.174172        0.355504
     C    8        0.174172        0.199523       -0.196654
     C    8        0.355504       -0.196654       -0.386987

     H    9        0.616971       -0.315362        0.644375
     H    9       -0.315362       -0.335491       -0.216987
     H    9        0.644375       -0.216987       -0.281480

     C   10        0.072776        0.259031        0.273795
     C   10        0.259031        0.347261       -0.272290
     C   10        0.273795       -0.272290       -0.420038

     C   11        0.172898        0.136182        0.385950
     C   11        0.136182        0.226186       -0.275078
     C   11        0.385950       -0.275078       -0.399084

     Cl  12        0.127662        0.226022        0.087487
     Cl  12        0.226022        0.029842        0.060462
     Cl  12        0.087487        0.060462       -0.157505

     H   13       -0.510201        0.016611       -0.022980
     H   13        0.016611        0.713193        0.669289
     H   13       -0.022980        0.669289       -0.202992

     C   14        0.413775       -0.108786        0.053636
     C   14       -0.108786        0.064415        0.313196
     C   14        0.053636        0.313196       -0.478190

     H   15        0.807837        0.431713        0.422090
     H   15        0.431713       -0.337817        0.190327
     H   15        0.422090        0.190327       -0.470020

     C   16        0.278069       -0.157304        0.047077
     C   16       -0.157304        0.203546        0.358800
     C   16        0.047077        0.358800       -0.481615

     C   17        0.276750       -0.083554        0.134481
     C   17       -0.083554        0.233079        0.315716
     C   17        0.134481        0.315716       -0.509829

     Cl  18        0.150878       -0.218992        0.017875
     Cl  18       -0.218992        0.016854       -0.005885
     Cl  18        0.017875       -0.005885       -0.167732

     H   19       -0.509679       -0.121358        0.068876
     H   19       -0.121358        0.804437       -0.571609
     H   19        0.068876       -0.571609       -0.294758

     C   20        0.246947        0.094983        0.362795
     C   20        0.094983        0.155913       -0.211574
     C   20        0.362795       -0.211574       -0.402861

     H   21        0.719409       -0.402086        0.545282
     H   21       -0.402086       -0.328826       -0.210967
     H   21        0.545282       -0.210967       -0.390583

     C   22        0.103712        0.142183        0.254489
     C   22        0.142183        0.345219       -0.261333
     C   22        0.254489       -0.261333       -0.448931

     C   23        0.133785        0.139689        0.305164
     C   23        0.139689        0.280520       -0.309626
     C   23        0.305164       -0.309626       -0.414305

     Cl  24        0.138970        0.189497        0.028859
     Cl  24        0.189497        0.027396        0.009683
     Cl  24        0.028859        0.009683       -0.166366

     ----- GIPAW term -----
     Cl   1       -0.033009        0.313503       -0.710319
     Cl   1        0.313503        0.519104       -1.036388
     Cl   1       -0.710319       -1.036388       -0.486096

     C    2        0.011894        0.120342       -0.017249
     C    2        0.120342        0.192782       -0.086386
     C    2       -0.017249       -0.086386       -0.204676

     C    3       -0.070629        0.054226       -0.046867
     C    3        0.054226        0.067293       -0.075782
     C    3       -0.046867       -0.075782        0.003336

     H    4       -0.000000        0.000000        0.000000
     H    4        0.000000        0.000000        0.000000
     H    4        0.000000        0.000000        0.000000

     C    5       -0.052338        0.164496       -0.023324
     C    5        0.164496        0.177056       -0.135402
     C    5       -0.023324       -0.135402       -0.124717

     H    6       -0.000000        0.000000        0.000000
     H    6        0.000000        0.000000        0.000000
     H    6        0.000000        0.000000        0.000000

     H    7       -0.000000        0.000000        0.000000
     H    7        0.000000        0.000000        0.000000
     H    7        0.000000        0.000000        0.000000

     C    8       -0.046158        0.071324       -0.199888
     C    8        0.071324       -0.022240       -0.151045
     C    8       -0.199888       -0.151045        0.068399

     H    9       -0.000000        0.000000        0.000000
     H    9        0.000000        0.000000        0.000000
     H    9        0.000000        0.000000        0.000000

     C   10       -0.094551        0.140200       -0.051770
     C   10        0.140200        0.226162        0.067187
     C   10       -0.051770        0.067187       -0.131612

     C   11       -0.132317        0.094681        0.005787
     C   11        0.094681        0.225417        0.114670
     C   11        0.005787        0.114670       -0.093100

     Cl  12        0.138785        0.632287       -0.250569
     Cl  12        0.632287       -0.102547        0.407952
     Cl  12       -0.250569        0.407952       -0.036238

     H   13       -0.000000        0.000000        0.000000
     H   13        0.000000        0.000000        0.000000
     H   13        0.000000        0.000000        0.000000

     C   14       -0.237855        0.048169       -0.000428
     C   14        0.048169       -0.004027        0.173164
     C   14       -0.000428        0.173164        0.241881

     H   15       -0.000000        0.000000        0.000000
     H   15        0.000000        0.000000        0.000000
     H   15        0.000000        0.000000        0.000000

     C   16       -0.065545        0.009245       -0.003827
     C   16        0.009245       -0.135579        0.024945
     C   16       -0.003827        0.024945        0.201124

     C   17       -0.180567       -0.046248        0.009603
     C   17       -0.046248       -0.060903        0.129333
     C   17        0.009603        0.129333        0.241470

     Cl  18        0.297308       -1.648492        0.572210
     Cl  18       -1.648492       -0.211520        1.390563
     Cl  18        0.572210        1.390563       -0.085788

     H   19       -0.000000        0.000000        0.000000
     H   19        0.000000        0.000000        0.000000
     H   19        0.000000        0.000000        0.000000

     C   20       -0.054246        0.085033       -0.006707
     C   20        0.085033        0.127377        0.141564
     C   20       -0.006707        0.141564       -0.073131

     H   21       -0.000000        0.000000        0.000000
     H   21        0.000000        0.000000        0.000000
     H   21        0.000000        0.000000        0.000000

     C   22       -0.174123        0.103534       -0.076627
     C   22        0.103534        0.238662       -0.081383
     C   22       -0.076627       -0.081383       -0.064539

     C   23       -0.038802        0.159196       -0.123355
     C   23        0.159196       -0.073263       -0.106866
     C   23       -0.123355       -0.106866        0.112065

     Cl  24       -0.482998        1.022718       -1.705980
     Cl  24        1.022718       -1.293740       -0.812208
     Cl  24       -1.705980       -0.812208        1.776739

     ----- total EFG -----
     Cl   1        0.167128        0.137520       -0.661595
     Cl   1        0.137520        0.341632       -0.745229
     Cl   1       -0.661595       -0.745229       -0.508761

     C    2        0.349537        0.348430       -0.076408
     C    2        0.348430        0.373695       -0.307765
     C    2       -0.076408       -0.307765       -0.723232

     C    3       -0.146544        0.066514       -0.126658
     C    3        0.066514        0.367073        0.162656
     C    3       -0.126658        0.162656       -0.220530

     H    4        0.528773        0.042556        0.417104
     H    4        0.042556       -0.275247        0.310974
     H    4        0.417104        0.310974       -0.253526

     C    5        0.224298        0.347207       -0.123151
     C    5        0.347207        0.267158       -0.317024
     C    5       -0.123151       -0.317024       -0.491456

     H    6       -0.095659       -0.171991        0.057282
     H    6       -0.171991        0.145982        0.574806
     H    6        0.057282        0.574806       -0.050323

     H    7       -0.406564        0.086306        0.266243
     H    7        0.086306        0.355328       -0.249365
     H    7        0.266243       -0.249365        0.051236

     C    8       -0.419014       -0.091184       -0.320591
     C    8       -0.091184        0.226291       -0.378773
     C    8       -0.320591       -0.378773        0.192723

     H    9        0.178819       -0.495222        0.219656
     H    9       -0.495222       -0.205383       -0.089944
     H    9        0.219656       -0.089944        0.026564

     C   10       -0.027188        0.473670       -0.054966
     C   10        0.473670        0.499490        0.427780
     C   10       -0.054966        0.427780       -0.472302

     C   11       -0.535658       -0.173199        0.174466
     C   11       -0.173199        0.643266        0.128359
     C   11        0.174466        0.128359       -0.107608

     Cl  12        0.585793        0.828178       -0.208921
     Cl  12        0.828178       -0.087916       -0.026672
     Cl  12       -0.208921       -0.026672       -0.497877

     H   13       -0.098141        0.030754       -0.216747
     H   13        0.030754        0.160723        0.257840
     H   13       -0.216747        0.257840       -0.062582

     C   14       -0.700099        0.206015       -0.340462
     C   14        0.206015        0.275596        0.490821
     C   14       -0.340462        0.490821        0.424503

     H   15        0.357031        0.109858        0.650747
     H   15        0.109858        0.000028        0.184212
     H   15        0.650747        0.184212       -0.357059

     C   16        0.295666        0.049764        0.052174
     C   16        0.049764       -0.466655        0.063135
     C   16        0.052174        0.063135        0.170989

     C   17       -0.608639        0.009463       -0.117541
     C   17        0.009463        0.267828        0.315442
     C   17       -0.117541        0.315442        0.340811

     Cl  18        0.354405       -1.833104        0.658514
     Cl  18       -1.833104       -0.229600        1.524981
     Cl  18        0.658514        1.524981       -0.124805

     H   19       -0.074471       -0.122978        0.024597
     H   19       -0.122978        0.043901       -0.644216
     H   19        0.024597       -0.644216        0.030570

     C   20        0.111944        0.373743        0.040701
     C   20        0.373743        0.248259        0.344240
     C   20        0.040701        0.344240       -0.360203

     H   21        0.571526       -0.010374        0.212723
     H   21       -0.010374       -0.570045       -0.073619
     H   21        0.212723       -0.073619       -0.001481

     C   22       -0.701066       -0.073050       -0.105081
     C   22       -0.073050        0.820213       -0.212279
     C   22       -0.105081       -0.212279       -0.119147

     C   23        0.138496        0.531379       -0.186838
     C   23        0.531379       -0.179938        0.005600
     C   23       -0.186838        0.005600        0.041442

     Cl  24       -0.550192        0.944829       -1.764542
     Cl  24        0.944829       -1.343999       -0.835423
     Cl  24       -1.764542       -0.835423        1.894191

     ----- total EFG (symmetrized) -----
     Cl   1        0.167128        0.137520       -0.661595
     Cl   1        0.137520        0.341632       -0.745229
     Cl   1       -0.661595       -0.745229       -0.508761

     C    2        0.349537        0.348430       -0.076408
     C    2        0.348430        0.373695       -0.307765
     C    2       -0.076408       -0.307765       -0.723232

     C    3       -0.146544        0.066514       -0.126658
     C    3        0.066514        0.367073        0.162656
     C    3       -0.126658        0.162656       -0.220530

     H    4        0.528773        0.042556        0.417104
     H    4        0.042556       -0.275247        0.310974
     H    4        0.417104        0.310974       -0.253526

     C    5        0.224298        0.347207       -0.123151
     C    5        0.347207        0.267158       -0.317024
     C    5       -0.123151       -0.317024       -0.491456

     H    6       -0.095659       -0.171991        0.057282
     H    6       -0.171991        0.145982        0.574806
     H    6        0.057282        0.574806       -0.050323

     H    7       -0.406564        0.086306        0.266243
     H    7        0.086306        0.355328       -0.249365
     H    7        0.266243       -0.249365        0.051236

     C    8       -0.419014       -0.091184       -0.320591
     C    8       -0.091184        0.226291       -0.378773
     C    8       -0.320591       -0.378773        0.192723

     H    9        0.178819       -0.495222        0.219656
     H    9       -0.495222       -0.205383       -0.089944
     H    9        0.219656       -0.089944        0.026564

     C   10       -0.027188        0.473670       -0.054966
     C   10        0.473670        0.499490        0.427780
     C   10       -0.054966        0.427780       -0.472302

     C   11       -0.535658       -0.173199        0.174466
     C   11       -0.173199        0.643266        0.128359
     C   11        0.174466        0.128359       -0.107608

     Cl  12        0.585793        0.828178       -0.208921
     Cl  12        0.828178       -0.087916       -0.026672
     Cl  12       -0.208921       -0.026672       -0.497877

     H   13       -0.098141        0.030754       -0.216747
     H   13        0.030754        0.160723        0.257840
     H   13       -0.216747        0.257840       -0.062582

     C   14       -0.700099        0.206015       -0.340462
     C   14        0.206015        0.275596        0.490821
     C   14       -0.340462        0.490821        0.424503

     H   15        0.357031        0.109858        0.650747
     H   15        0.109858        0.000028        0.184212
     H   15        0.650747        0.184212       -0.357059

     C   16        0.295666        0.049764        0.052174
     C   16        0.049764       -0.466655        0.063135
     C   16        0.052174        0.063135        0.170989

     C   17       -0.608639        0.009463       -0.117541
     C   17        0.009463        0.267828        0.315442
     C   17       -0.117541        0.315442        0.340811

     Cl  18        0.354405       -1.833104        0.658514
     Cl  18       -1.833104       -0.229600        1.524981
     Cl  18        0.658514        1.524981       -0.124805

     H   19       -0.074471       -0.122978        0.024597
     H   19       -0.122978        0.043901       -0.644216
     H   19        0.024597       -0.644216        0.030570

     C   20        0.111944        0.373743        0.040701
     C   20        0.373743        0.248259        0.344240
     C   20        0.040701        0.344240       -0.360203

     H   21        0.571526       -0.010374        0.212723
     H   21       -0.010374       -0.570045       -0.073619
     H   21        0.212723       -0.073619       -0.001481

     C   22       -0.701066       -0.073050       -0.105081
     C   22       -0.073050        0.820213       -0.212279
     C   22       -0.105081       -0.212279       -0.119147

     C   23        0.138496        0.531379       -0.186838
     C   23        0.531379       -0.179938        0.005600
     C   23       -0.186838        0.005600        0.041442

     Cl  24       -0.550192        0.944829       -1.764542
     Cl  24        0.944829       -1.343999       -0.835423
     Cl  24       -1.764542       -0.835423        1.894191


     NQR/NMR SPECTROSCOPIC PARAMETERS:
     Cl   1    Vxx=    0.1049    axis=(  0.770327 -0.634866 -0.059517)
     Cl   1    Vyy=    1.0455    axis=(  0.510658  0.670116 -0.538678)
     Cl   1    Vzz=   -1.1504    axis=(  0.381871  0.384565  0.840407)
     Cl   1  Q=        -8.1650 1e-30 m^2  Cq=        22.0697 MHz  eta= 0.81762

     C    2    Vxx=    0.0417    axis=(  0.756532 -0.629366  0.177644)
     C    2    Vyy=    0.7621    axis=(  0.653818  0.733532 -0.185618)
     C    2    Vzz=   -0.8039    axis=( -0.013486  0.256573  0.966431)
     C    2  Q=         1.0000 1e-30 m^2  Cq=        -1.8888 MHz  eta= 0.89617

     C    3    Vxx=   -0.0553    axis=(  0.828624  0.082731 -0.553659)
     C    3    Vyy=   -0.3558    axis=(  0.556391 -0.230793  0.798225)
     C    3    Vzz=    0.4111    axis=( -0.061742 -0.969479 -0.237271)
     C    3  Q=         1.0000 1e-30 m^2  Cq=         0.9660 MHz  eta= 0.73110

     H    4    Vxx=   -0.0954    axis=(  0.387355 -0.774126 -0.500684)
     H    4    Vyy=   -0.6418    axis=(  0.246133  0.610205 -0.753039)
     H    4    Vzz=    0.7373    axis=(  0.888468  0.168459  0.426904)
     H    4  Q=         1.0000 1e-30 m^2  Cq=         1.7323 MHz  eta= 0.74117

     C    5    Vxx=   -0.0735    axis=(  0.777662 -0.589636  0.218108)
     C    5    Vyy=   -0.6065    axis=(  0.003851 -0.342454 -0.939527)
     C    5    Vzz=    0.6800    axis=(  0.628671  0.731474 -0.264043)
     C    5  Q=         1.0000 1e-30 m^2  Cq=         1.5977 MHz  eta= 0.78382

     H    6    Vxx=   -0.0584    axis=(  0.943217 -0.098473  0.317245)
     H    6    Vyy=   -0.5849    axis=( -0.305529 -0.631982  0.712216)
     H    6    Vzz=    0.6434    axis=( -0.130359  0.768702  0.626182)
     H    6  Q=         1.0000 1e-30 m^2  Cq=         1.5117 MHz  eta= 0.81835

     H    7    Vxx=    0.0677    axis=(  0.494269  0.479988  0.724782)
     H    7    Vyy=    0.4992    axis=( -0.070625  0.853162 -0.516844)
     H    7    Vzz=   -0.5669    axis=(  0.866435 -0.204272 -0.455591)
     H    7  Q=         1.0000 1e-30 m^2  Cq=        -1.3320 MHz  eta= 0.76130

     C    8    Vxx=    0.0134    axis=(  0.522258 -0.683512 -0.509959)
     C    8    Vyy=    0.6149    axis=( -0.166003 -0.668034  0.725378)
     C    8    Vzz=   -0.6283    axis=( -0.836475 -0.294180 -0.462351)
     C    8  Q=         1.0000 1e-30 m^2  Cq=        -1.4762 MHz  eta= 0.95746

     H    9    Vxx=   -0.0613    axis=( -0.251601  0.287876  0.924026)
     H    9    Vyy=   -0.5492    axis=(  0.579265  0.809641 -0.094513)
     H    9    Vzz=    0.6105    axis=( -0.775338  0.511477 -0.370463)
     H    9  Q=         1.0000 1e-30 m^2  Cq=         1.4343 MHz  eta= 0.79927

     C   10    Vxx=   -0.1498    axis=(  0.822731 -0.270979 -0.499684)
     C   10    Vyy=   -0.7189    axis=( -0.360631  0.430664 -0.827330)
     C   10    Vzz=    0.8688    axis=(  0.439385  0.860871  0.256597)
     C   10  Q=         1.0000 1e-30 m^2  Cq=         2.0412 MHz  eta= 0.65510

     C   11    Vxx=   -0.0506    axis=(  0.362884 -0.081142  0.928295)
     C   11    Vyy=   -0.6313    axis=(  0.923966  0.160518 -0.347161)
     C   11    Vzz=    0.6819    axis=( -0.120839  0.983692  0.133222)
     C   11  Q=         1.0000 1e-30 m^2  Cq=         1.6023 MHz  eta= 0.85152

     Cl  12    Vxx=   -0.4691    axis=( -0.177769  0.447529  0.876422)
     Cl  12    Vyy=   -0.6953    axis=(  0.532325 -0.705323  0.468135)
     Cl  12    Vzz=    1.1644    axis=( -0.827665 -0.549761  0.112846)
     Cl  12  Q=        -8.1650 1e-30 m^2  Cq=       -22.3380 MHz  eta= 0.19421

     H   13    Vxx=    0.0256    axis=(  0.770285  0.522454 -0.365654)
     H   13    Vyy=    0.3527    axis=(  0.235415 -0.765864 -0.598357)
     H   13    Vzz=   -0.3783    axis=( -0.592656  0.374825 -0.712927)
     H   13  Q=         1.0000 1e-30 m^2  Cq=        -0.8889 MHz  eta= 0.86462

     C   14    Vxx=    0.0416    axis=(  0.444093  0.721977 -0.530595)
     C   14    Vyy=    0.8573    axis=( -0.087156  0.624195  0.776392)
     C   14    Vzz=   -0.8989    axis=(  0.891731 -0.298546  0.340125)
     C   14  Q=         1.0000 1e-30 m^2  Cq=        -2.1121 MHz  eta= 0.90744

     H   15    Vxx=   -0.0311    axis=(  0.272373 -0.962192 -0.000006)
     H   15    Vyy=   -0.7566    axis=(  0.489426  0.138549 -0.860968)
     H   15    Vzz=    0.7877    axis=(  0.828418  0.234502  0.508658)
     H   15  Q=         1.0000 1e-30 m^2  Cq=         1.8508 MHz  eta= 0.92111

     C   16    Vxx=    0.1548    axis=(  0.366663 -0.064927 -0.928086)
     C   16    Vyy=    0.3206    axis=( -0.928551 -0.087620 -0.360717)
     C   16    Vzz=   -0.4754    axis=(  0.057899 -0.994036  0.092415)
     C   16  Q=         1.0000 1e-30 m^2  Cq=        -1.1171 MHz  eta= 0.34882

     C   17    Vxx=   -0.0015    axis=(  0.136680  0.751387 -0.645551)
     C   17    Vyy=   -0.6258    axis=( -0.988389  0.059776 -0.139693)
     C   17    Vzz=    0.6273    axis=( -0.066375  0.657149  0.750833)
     C   17  Q=         1.0000 1e-30 m^2  Cq=         1.4739 MHz  eta= 0.99534

     Cl  18    Vxx=    0.6933    axis=(  0.573537  0.180963  0.798941)
     Cl  18    Vyy=    2.0732    axis=( -0.640076  0.707657  0.299206)
     Cl  18    Vzz=   -2.7666    axis=( -0.511231 -0.682989  0.521698)
     Cl  18  Q=        -8.1650 1e-30 m^2  Cq=        53.0751 MHz  eta= 0.49877

     H   19    Vxx=   -0.0798    axis=(  0.982444  0.005553 -0.186477)
     H   19    Vyy=   -0.6160    axis=(  0.128415  0.704943  0.697542)
     H   19    Vzz=    0.6958    axis=( -0.135329  0.709242 -0.691854)
     H   19  Q=         1.0000 1e-30 m^2  Cq=         1.6348 MHz  eta= 0.77052

     C   20    Vxx=   -0.1058    axis=(  0.797182 -0.416931 -0.436657)
     C   20    Vyy=   -0.5416    axis=( -0.218531  0.474945 -0.852450)
     C   20    Vzz=    0.6474    axis=(  0.562801  0.774981  0.287505)
     C   20  Q=         1.0000 1e-30 m^2  Cq=         1.5211 MHz  eta= 0.67308

     H   21    Vxx=   -0.0631    axis=( -0.317037 -0.129938  0.939470)
     H   21    Vyy=   -0.5797    axis=(  0.015437 -0.991146 -0.131876)
     H   21    Vzz=    0.6428    axis=(  0.948288 -0.027307  0.316235)
     H   21  Q=         1.0000 1e-30 m^2  Cq=         1.5102 MHz  eta= 0.80371

     C   22    Vxx=   -0.1401    axis=( -0.205187  0.196337  0.958827)
     C   22    Vyy=   -0.7274    axis=(  0.978210  0.072841  0.194419)
     C   22    Vzz=    0.8675    axis=( -0.031671  0.977827 -0.207005)
     C   22  Q=         1.0000 1e-30 m^2  Cq=         2.0383 MHz  eta= 0.67694

     C   23    Vxx=    0.0220    axis=(  0.107397  0.308755  0.945059)
     C   23    Vyy=    0.5751    axis=( -0.788319 -0.552772  0.270178)
     C   23    Vzz=   -0.5972    axis=(  0.605821 -0.774024  0.184032)
     C   23  Q=         1.0000 1e-30 m^2  Cq=        -1.4031 MHz  eta= 0.92619

     Cl  24    Vxx=   -1.1226    axis=(  0.601744  0.606333  0.519870)
     Cl  24    Vyy=   -2.0092    axis=( -0.645408  0.752575 -0.130689)
     Cl  24    Vzz=    3.1318    axis=( -0.470482 -0.256887  0.844189)
     Cl  24  Q=        -8.1650 1e-30 m^2  Cq=       -60.0824 MHz  eta= 0.28309

     Initialization:
     gipaw_setup  :      9.28s CPU     11.21s WALL (       1 calls)

     Linear response

     Apply operators

     Induced current

     Other routines
     efg          :      9.52s CPU     13.19s WALL (       1 calls)

     General routines
     calbec       :      3.24s CPU      4.98s WALL (      16 calls)
     fft          :      1.45s CPU      1.83s WALL (      15 calls)
     ffts         :      0.05s CPU      0.06s WALL (       2 calls)
     fftw         :      3.44s CPU      4.49s WALL (     672 calls)
     davcio       :      0.03s CPU      0.30s WALL (      32 calls)

     Parallel routines
     fft_scatter  :      2.36s CPU      3.58s WALL (     689 calls)

     Plugins

     GIPAW        :     61.74s CPU     76.02s WALL (       1 calls)
