
     Program QE v.6.0 (svn rev. 13079) starts on 17Dec2016 at 12:42:37 

     This program is part of the open-source Quantum ESPRESSO suite
     for quantum simulation of materials; please cite
         "P. Giannozzi et al., J. Phys.:Condens. Matter 21 395502 (2009);
          URL http://www.quantum-espresso.org", 
     in publications or presentations arising from this work. More details at
     http://www.quantum-espresso.org/quote

     Parallel version (MPI), running on     8 processors
     R & G space division:  proc/nbgrp/npool/nimage =       8

     ***** This is GIPAW svn revision unknown      *****

     Parallelizing q-star over 1 images

     Reading data from directory:
     /users/majewski/paradichlorobenzene/pbe/9_constraint/scratch/pbe.ecut100.np8.dt60.pcl2phi-129368.save
     Message from routine read_xml_file:
     file /users/majewski/paradichlorobenzene/pbe/9_constraint/scratch/pbe.ecut100.np8.dt60.pcl2phi-129368.save not guaranteed to be safe for post-processing

   Info: using nr1, nr2, nr3 values from input

   Info: using nr1, nr2, nr3 values from input

     IMPORTANT: XC functional enforced from input :
     Exchange-correlation      =  SLA  PW   PBX  PBC ( 1  4  3  4 0 0)
     Any further DFT definition will be discarded
     Please, verify this is what you really want

               file C.pbe-n-kjpaw_psl.1.0.0.UPF: wavefunction(s)  2S 2P renormalized
               file Cl.pbe-n-kjpaw_psl.1.0.0.UPF: wavefunction(s)  3S 3P renormalized
               file H.pbe-kjpaw_psl.1.0.0.UPF: wavefunction(s)  1S renormalized

     Parallelization info
     --------------------
     sticks:   dense  smooth     PW     G-vecs:    dense   smooth      PW
     Min        3057    1223    332               144436    36536    5170
     Max        3059    1225    333               144437    36537    5171
     Sum       24467    9791   2657              1155489   292295   41363


     Subspace diagonalization in iterative solution of the eigenvalue problem:
     a serial algorithm will be used

     GIPAW projectors -----------------------------------------------
     atom=  C    l=0  rc=    1.2000  rs=    0.8000
     atom=  C    l=0  rc=    1.2000  rs=    0.8000
     atom=  C    l=1  rc=    1.4000  rs=    0.9333
     atom=  C    l=1  rc=    1.4000  rs=    0.9333
     projs nearly linearly dependent: l=1  n1,n2= 1, 2  s=  0.99951561

     atom=  Cl   l=0  rc=    1.6000  rs=    1.0667
     atom=  Cl   l=0  rc=    1.6000  rs=    1.0667
     atom=  Cl   l=1  rc=    1.6000  rs=    1.0667
     atom=  Cl   l=1  rc=    1.6000  rs=    1.0667
     atom=  Cl   l=2  rc=    1.6000  rs=    1.0667
     atom=  Cl   l=2  rc=    1.6000  rs=    1.0667
     projs nearly linearly dependent: l=2  n1,n2= 1, 2  s=  0.99993509

     atom=  H    l=0  rc=    1.0000  rs=    0.6667
     atom=  H    l=0  rc=    1.0000  rs=    0.6667
     projs nearly linearly dependent: l=0  n1,n2= 1, 2  s=  0.99968852
     -----------------------------------------------------------------

     GIPAW integrals: -------------------------------------------
     Atom  i/j   nmr_para   nmr_dia   epr_rmc  epr_para   epr_dia
       C   1 1   0.83E+03  0.17E-01  0.93E+01  0.24E+08  0.24E+03
       C   2 1   0.86E+03 -0.61E-01  0.94E+01  0.25E+08  0.25E+03
       C   2 2   0.90E+03 -0.15E+00  0.97E+01  0.26E+08  0.26E+03
       C   3 3   0.33E+01  0.34E+00  0.18E+01  0.55E+03  0.21E+02
       C   4 3   0.35E+01  0.37E+00  0.20E+01  0.59E+03  0.22E+02
       C   4 4   0.38E+01  0.39E+00  0.22E+01  0.63E+03  0.24E+02
       Cl  1 1   0.14E+04 -0.47E+00  0.84E+01  0.32E+09  0.42E+03
       Cl  2 1   0.21E+04 -0.37E+00  0.12E+02  0.49E+09  0.65E+03
       Cl  2 2   0.33E+04 -0.16E+00  0.21E+02  0.76E+09  0.10E+04
       Cl  3 3   0.21E+02  0.79E-01  0.89E+01  0.23E+05  0.13E+03
       Cl  4 3   0.24E+02  0.67E-01  0.99E+01  0.27E+05  0.15E+03
       Cl  4 4   0.28E+02  0.44E-01  0.11E+02  0.32E+05  0.18E+03
       Cl  5 5   0.77E+00  0.19E+00  0.18E+01  0.12E+03  0.22E+02
       Cl  6 5   0.80E+00  0.19E+00  0.19E+01  0.12E+03  0.23E+02
       Cl  6 6   0.83E+00  0.20E+00  0.19E+01  0.12E+03  0.23E+02
       H   1 1   0.39E+02  0.19E+00  0.29E+00  0.78E+05  0.13E+02
       H   2 1   0.41E+02  0.21E+00  0.32E+00  0.82E+05  0.14E+02
       H   2 2   0.43E+02  0.22E+00  0.36E+00  0.86E+05  0.15E+02
     ------------------------------------------------------------

     alpha_pv=     34.4233 eV

     Number of occupied bands for each k-point:
     k-point:     1    nbnd_occ=  42
     k-point:     2    nbnd_occ=  42
     k-point:     3    nbnd_occ=  42
     k-point:     4    nbnd_occ=  42
     k-point:     5    nbnd_occ=  42
     k-point:     6    nbnd_occ=  42
     k-point:     7    nbnd_occ=  42
     k-point:     8    nbnd_occ=  42
     k-point:     9    nbnd_occ=  42
     k-point:    10    nbnd_occ=  42
     k-point:    11    nbnd_occ=  42
     k-point:    12    nbnd_occ=  42
     k-point:    13    nbnd_occ=  42
     k-point:    14    nbnd_occ=  42
     k-point:    15    nbnd_occ=  42
     k-point:    16    nbnd_occ=  42


     q-space interpolation up to   110.00 Rydberg

     GIPAW job: efg                                                                             


     ELECTRIC FIELD GRADIENTS TENSORS IN Hartree/bohrradius^2:

     ----- bare term -----
     Cl   1        0.025863       -0.028382       -0.129601
     Cl   1       -0.028382       -0.041927       -0.060141
     Cl   1       -0.129601       -0.060141        0.016064

     C    2       -0.468996        0.230045       -0.397226
     C    2        0.230045       -0.057884       -0.250019
     C    2       -0.397226       -0.250019        0.526880

     C    3       -0.042022        0.043094       -0.283212
     C    3        0.043094       -0.221393       -0.560581
     C    3       -0.283212       -0.560581        0.263415

     H    4       -0.456938       -0.116435       -0.496626
     H    4       -0.116435        0.305598       -0.154076
     H    4       -0.496626       -0.154076        0.151340

     C    5       -0.850540        0.401402       -0.420320
     C    5        0.401402        0.480733       -0.093495
     C    5       -0.420320       -0.093495        0.369807

     H    6        0.512773       -0.009773       -0.068948
     H    6       -0.009773       -0.368254       -0.421649
     H    6       -0.068948       -0.421649       -0.144519

     H    7        0.385623       -0.084576        0.085742
     H    7       -0.084576       -0.399282        0.598890
     H    7        0.085742        0.598890        0.013658

     C    8       -0.211421       -0.037787       -0.294701
     C    8       -0.037787        0.040090        0.523479
     C    8       -0.294701        0.523479        0.171331

     H    9        0.056579        0.110994       -0.317639
     H    9        0.110994        0.128288        0.549970
     H    9       -0.317639        0.549970       -0.184866

     C   10       -0.696823       -0.364704       -0.340730
     C   10       -0.364704        0.258095        0.094695
     C   10       -0.340730        0.094695        0.438728

     C   11       -0.041106       -0.079406       -0.249103
     C   11       -0.079406       -0.005315        0.640455
     C   11       -0.249103        0.640455        0.046421

     Cl  12       -0.152628       -0.186618        0.006847
     Cl  12       -0.186618        0.142541       -0.067215
     Cl  12        0.006847       -0.067215        0.010087

     H   13        0.180139        0.187349        0.324254
     H   13        0.187349       -0.065357       -0.524579
     H   13        0.324254       -0.524579       -0.114782

     C   14       -0.099027       -0.163906       -0.447817
     C   14       -0.163906       -0.217644       -0.328718
     C   14       -0.447817       -0.328718        0.316671

     H   15        0.018018       -0.166707       -0.386553
     H   15       -0.166707        0.199596       -0.510788
     H   15       -0.386553       -0.510788       -0.217614

     C   16       -0.690173        0.347882       -0.398647
     C   16        0.347882        0.239774        0.007114
     C   16       -0.398647        0.007114        0.450400

     C   17        0.052618       -0.092834       -0.266556
     C   17       -0.092834       -0.174308       -0.503759
     C   17       -0.266556       -0.503759        0.121690

     Cl  18       -0.147605        0.245577       -0.001985
     Cl  18        0.245577       -0.083705       -0.020586
     Cl  18       -0.001985       -0.020586        0.231310

     H   19        0.477417        0.054991        0.198212
     H   19        0.054991       -0.031233        0.262878
     H   19        0.198212        0.262878       -0.446184

     C   20       -0.541571       -0.353965       -0.377465
     C   20       -0.353965        0.316017        0.290606
     C   20       -0.377465        0.290606        0.225554

     H   21        0.137877        0.072187       -0.336399
     H   21        0.072187        0.347853       -0.210282
     H   21       -0.336399       -0.210282       -0.485730

     C   22        0.062754       -0.284683       -0.089120
     C   22       -0.284683       -0.144952        0.349430
     C   22       -0.089120        0.349430        0.082198

     C   23       -0.262562       -0.253102       -0.366562
     C   23       -0.253102       -0.060588        0.396939
     C   23       -0.366562        0.396939        0.323149

     Cl  24       -0.057735       -0.066332       -0.055923
     Cl  24       -0.066332       -0.027590        0.026022
     Cl  24       -0.055923        0.026022        0.085326

     ----- ionic term -----
     Cl   1        0.160856       -0.205969        0.006308
     Cl   1       -0.205969       -0.031187       -0.000469
     Cl   1        0.006308       -0.000469       -0.129670

     C    2        0.211424       -0.142541        0.250118
     C    2       -0.142541       -0.011091        0.451382
     C    2        0.250118        0.451382       -0.200333

     C    3        0.183027       -0.210559        0.171420
     C    3       -0.210559        0.035133        0.426872
     C    3        0.171420        0.426872       -0.218159

     H    4        0.506694        0.362665        0.667994
     H    4        0.362665       -0.405124        0.303465
     H    4        0.667994        0.303465       -0.101571

     C    5        0.294558       -0.125019        0.294053
     C    5       -0.125019       -0.081428        0.357420
     C    5        0.294053        0.357420       -0.213130

     H    6       -0.508571        0.080957        0.080627
     H    6        0.080957        0.457951        0.788638
     H    6        0.080627        0.788638        0.050620

     H    7       -0.527223        0.055121       -0.022782
     H    7        0.055121        0.413231       -0.783819
     H    7       -0.022782       -0.783819        0.113993

     C    8        0.179729        0.251427        0.316067
     C    8        0.251427       -0.004633       -0.285693
     C    8        0.316067       -0.285693       -0.175096

     H    9        0.280712       -0.301503        0.738501
     H    9       -0.301503       -0.420862       -0.337580
     H    9        0.738501       -0.337580        0.140150

     C   10        0.074785        0.266450        0.238441
     C   10        0.266450        0.115066       -0.365362
     C   10        0.238441       -0.365362       -0.189851

     C   11        0.162790        0.221177        0.321839
     C   11        0.221177        0.033176       -0.372985
     C   11        0.321839       -0.372985       -0.195966

     Cl  12        0.127573        0.210494        0.024787
     Cl  12        0.210494        0.023524        0.011594
     Cl  12        0.024787        0.011594       -0.151097

     H   13       -0.501630       -0.115386       -0.059578
     H   13       -0.115386        0.557335        0.755023
     H   13       -0.059578        0.755023       -0.055705

     C   14        0.339446       -0.226943        0.228712
     C   14       -0.226943       -0.044803        0.337880
     C   14        0.228712        0.337880       -0.294643

     H   15        0.558363        0.260088        0.764801
     H   15        0.260088       -0.506768        0.248710
     H   15        0.764801        0.248710       -0.051595

     C   16        0.212777       -0.274380        0.179849
     C   16       -0.274380        0.049360        0.427709
     C   16        0.179849        0.427709       -0.262138

     C   17        0.207484       -0.143990        0.252333
     C   17       -0.143990       -0.000339        0.488849
     C   17        0.252333        0.488849       -0.207145

     Cl  18        0.176784       -0.185750       -0.009747
     Cl  18       -0.185750       -0.045803        0.006932
     Cl  18       -0.009747        0.006932       -0.130981

     H   19       -0.524533       -0.025634        0.042822
     H   19       -0.025634        0.504181       -0.771714
     H   19        0.042822       -0.771714        0.020352

     C   20        0.222168        0.251903        0.356261
     C   20        0.251903        0.012822       -0.282121
     C   20        0.356261       -0.282121       -0.234990

     H   21        0.405346       -0.222271        0.772619
     H   21       -0.222271       -0.428103       -0.266436
     H   21        0.772619       -0.266436        0.022757

     C   22        0.075228        0.342243        0.237589
     C   22        0.342243        0.181323       -0.375268
     C   22        0.237589       -0.375268       -0.256551

     C   23        0.105662        0.288727        0.299066
     C   23        0.288727        0.109392       -0.401110
     C   23        0.299066       -0.401110       -0.215055

     Cl  24        0.161219        0.261515        0.049554
     Cl  24        0.261515       -0.009021        0.017890
     Cl  24        0.049554        0.017890       -0.152199

     ----- GIPAW term -----
     Cl   1        1.869510       -1.815169       -1.999279
     Cl   1       -1.815169       -1.060833       -0.381070
     Cl   1       -1.999279       -0.381070       -0.808677

     C    2       -0.044789       -0.105548       -0.181786
     C    2       -0.105548       -0.071359        0.053001
     C    2       -0.181786        0.053001        0.116149

     C    3       -0.053943       -0.084955       -0.080091
     C    3       -0.084955        0.074196       -0.028533
     C    3       -0.080091       -0.028533       -0.020253

     H    4       -0.000000        0.000000        0.000000
     H    4        0.000000        0.000000        0.000000
     H    4        0.000000        0.000000        0.000000

     C    5       -0.229925        0.116443       -0.036893
     C    5        0.116443        0.287588        0.083756
     C    5       -0.036893        0.083756       -0.057663

     H    6       -0.000000        0.000000        0.000000
     H    6        0.000000        0.000000        0.000000
     H    6        0.000000        0.000000        0.000000

     H    7       -0.000000        0.000000        0.000000
     H    7        0.000000        0.000000        0.000000
     H    7        0.000000        0.000000        0.000000

     C    8       -0.104533        0.012048       -0.036684
     C    8        0.012048        0.208372        0.140447
     C    8       -0.036684        0.140447       -0.103839

     H    9       -0.000000        0.000000        0.000000
     H    9        0.000000        0.000000        0.000000
     H    9        0.000000        0.000000        0.000000

     C   10       -0.247105       -0.023644       -0.080602
     C   10       -0.023644        0.229273       -0.133876
     C   10       -0.080602       -0.133876        0.017832

     C   11       -0.012535        0.015783       -0.039894
     C   11        0.015783        0.197290        0.103178
     C   11       -0.039894        0.103178       -0.184755

     Cl  12        0.372053        1.062145        0.054102
     Cl  12        1.062145        1.370772       -0.633817
     Cl  12        0.054102       -0.633817       -1.742825

     H   13       -0.000000        0.000000        0.000000
     H   13        0.000000        0.000000        0.000000
     H   13        0.000000        0.000000        0.000000

     C   14       -0.013562       -0.142358       -0.194170
     C   14       -0.142358       -0.097114        0.075389
     C   14       -0.194170        0.075389        0.110676

     H   15       -0.000000        0.000000        0.000000
     H   15        0.000000        0.000000        0.000000
     H   15        0.000000        0.000000        0.000000

     C   16       -0.195992       -0.058335       -0.129443
     C   16       -0.058335        0.148336        0.186074
     C   16       -0.129443        0.186074        0.047657

     C   17       -0.076450       -0.100275       -0.026831
     C   17       -0.100275        0.176276        0.132079
     C   17       -0.026831        0.132079       -0.099826

     Cl  18       -0.776841        0.662709       -0.001718
     Cl  18        0.662709        2.453728        0.274346
     Cl  18       -0.001718        0.274346       -1.676887

     H   19       -0.000000        0.000000        0.000000
     H   19        0.000000        0.000000        0.000000
     H   19        0.000000        0.000000        0.000000

     C   20       -0.121980       -0.151861       -0.105530
     C   20       -0.151861        0.145174        0.151315
     C   20       -0.105530        0.151315       -0.023193

     H   21       -0.000000        0.000000        0.000000
     H   21        0.000000        0.000000        0.000000
     H   21        0.000000        0.000000        0.000000

     C   22       -0.029843       -0.082104       -0.066555
     C   22       -0.082104        0.016744        0.118649
     C   22       -0.066555        0.118649        0.013098

     C   23       -0.090475       -0.023453       -0.102747
     C   23       -0.023453        0.038343        0.203920
     C   23       -0.102747        0.203920        0.052132

     Cl  24       -0.459482        0.787422       -1.145797
     Cl  24        0.787422       -0.558494        1.805763
     Cl  24       -1.145797        1.805763        1.017976

     ----- total EFG -----
     Cl   1        2.056229       -2.049521       -2.122572
     Cl   1       -2.049521       -1.133947       -0.441680
     Cl   1       -2.122572       -0.441680       -0.922283

     C    2       -0.302361       -0.018045       -0.328894
     C    2       -0.018045       -0.140334        0.254364
     C    2       -0.328894        0.254364        0.442696

     C    3        0.087063       -0.252420       -0.191883
     C    3       -0.252420       -0.112065       -0.162243
     C    3       -0.191883       -0.162243        0.025002

     H    4        0.049756        0.246230        0.171368
     H    4        0.246230       -0.099526        0.149389
     H    4        0.171368        0.149389        0.049770

     C    5       -0.785907        0.392826       -0.163160
     C    5        0.392826        0.686893        0.347680
     C    5       -0.163160        0.347680        0.099014

     H    6        0.004202        0.071185        0.011679
     H    6        0.071185        0.089697        0.366989
     H    6        0.011679        0.366989       -0.093899

     H    7       -0.141600       -0.029455        0.062960
     H    7       -0.029455        0.013949       -0.184929
     H    7        0.062960       -0.184929        0.127651

     C    8       -0.136225        0.225687       -0.015317
     C    8        0.225687        0.243829        0.378233
     C    8       -0.015317        0.378233       -0.107604

     H    9        0.337290       -0.190509        0.420861
     H    9       -0.190509       -0.292574        0.212389
     H    9        0.420861        0.212389       -0.044716

     C   10       -0.869142       -0.121898       -0.182891
     C   10       -0.121898        0.602434       -0.404543
     C   10       -0.182891       -0.404543        0.266708

     C   11        0.109149        0.157554        0.032843
     C   11        0.157554        0.225150        0.370649
     C   11        0.032843        0.370649       -0.334300

     Cl  12        0.346998        1.086020        0.085736
     Cl  12        1.086020        1.536837       -0.689437
     Cl  12        0.085736       -0.689437       -1.883835

     H   13       -0.321491        0.071963        0.264676
     H   13        0.071963        0.491978        0.230444
     H   13        0.264676        0.230444       -0.170487

     C   14        0.226857       -0.533206       -0.413275
     C   14       -0.533206       -0.359560        0.084551
     C   14       -0.413275        0.084551        0.132703

     H   15        0.576382        0.093381        0.378248
     H   15        0.093381       -0.307172       -0.262078
     H   15        0.378248       -0.262078       -0.269209

     C   16       -0.673388        0.015167       -0.348240
     C   16        0.015167        0.437470        0.620897
     C   16       -0.348240        0.620897        0.235919

     C   17        0.183652       -0.337099       -0.041054
     C   17       -0.337099        0.001629        0.117169
     C   17       -0.041054        0.117169       -0.185281

     Cl  18       -0.747663        0.722536       -0.013450
     Cl  18        0.722536        2.324220        0.260692
     Cl  18       -0.013450        0.260692       -1.576558

     H   19       -0.047116        0.029357        0.241034
     H   19        0.029357        0.472949       -0.508836
     H   19        0.241034       -0.508836       -0.425833

     C   20       -0.441383       -0.253923       -0.126734
     C   20       -0.253923        0.474013        0.159800
     C   20       -0.126734        0.159800       -0.032629

     H   21        0.543222       -0.150085        0.436220
     H   21       -0.150085       -0.080250       -0.476718
     H   21        0.436220       -0.476718       -0.462973

     C   22        0.108140       -0.024545        0.081913
     C   22       -0.024545        0.053115        0.092811
     C   22        0.081913        0.092811       -0.161255

     C   23       -0.247375        0.012173       -0.170244
     C   23        0.012173        0.087148        0.199750
     C   23       -0.170244        0.199750        0.160227

     Cl  24       -0.355998        0.982606       -1.152166
     Cl  24        0.982606       -0.595105        1.849675
     Cl  24       -1.152166        1.849675        0.951103

     ----- total EFG (symmetrized) -----
     Cl   1        2.056229       -2.049521       -2.122572
     Cl   1       -2.049521       -1.133947       -0.441680
     Cl   1       -2.122572       -0.441680       -0.922283

     C    2       -0.302361       -0.018045       -0.328894
     C    2       -0.018045       -0.140334        0.254364
     C    2       -0.328894        0.254364        0.442696

     C    3        0.087063       -0.252420       -0.191883
     C    3       -0.252420       -0.112065       -0.162243
     C    3       -0.191883       -0.162243        0.025002

     H    4        0.049756        0.246230        0.171368
     H    4        0.246230       -0.099526        0.149389
     H    4        0.171368        0.149389        0.049770

     C    5       -0.785907        0.392826       -0.163160
     C    5        0.392826        0.686893        0.347680
     C    5       -0.163160        0.347680        0.099014

     H    6        0.004202        0.071185        0.011679
     H    6        0.071185        0.089697        0.366989
     H    6        0.011679        0.366989       -0.093899

     H    7       -0.141600       -0.029455        0.062960
     H    7       -0.029455        0.013949       -0.184929
     H    7        0.062960       -0.184929        0.127651

     C    8       -0.136225        0.225687       -0.015317
     C    8        0.225687        0.243829        0.378233
     C    8       -0.015317        0.378233       -0.107604

     H    9        0.337290       -0.190509        0.420861
     H    9       -0.190509       -0.292574        0.212389
     H    9        0.420861        0.212389       -0.044716

     C   10       -0.869142       -0.121898       -0.182891
     C   10       -0.121898        0.602434       -0.404543
     C   10       -0.182891       -0.404543        0.266708

     C   11        0.109149        0.157554        0.032843
     C   11        0.157554        0.225150        0.370649
     C   11        0.032843        0.370649       -0.334300

     Cl  12        0.346998        1.086020        0.085736
     Cl  12        1.086020        1.536837       -0.689437
     Cl  12        0.085736       -0.689437       -1.883835

     H   13       -0.321491        0.071963        0.264676
     H   13        0.071963        0.491978        0.230444
     H   13        0.264676        0.230444       -0.170487

     C   14        0.226857       -0.533206       -0.413275
     C   14       -0.533206       -0.359560        0.084551
     C   14       -0.413275        0.084551        0.132703

     H   15        0.576382        0.093381        0.378248
     H   15        0.093381       -0.307172       -0.262078
     H   15        0.378248       -0.262078       -0.269209

     C   16       -0.673388        0.015167       -0.348240
     C   16        0.015167        0.437470        0.620897
     C   16       -0.348240        0.620897        0.235919

     C   17        0.183652       -0.337099       -0.041054
     C   17       -0.337099        0.001629        0.117169
     C   17       -0.041054        0.117169       -0.185281

     Cl  18       -0.747663        0.722536       -0.013450
     Cl  18        0.722536        2.324220        0.260692
     Cl  18       -0.013450        0.260692       -1.576558

     H   19       -0.047116        0.029357        0.241034
     H   19        0.029357        0.472949       -0.508836
     H   19        0.241034       -0.508836       -0.425833

     C   20       -0.441383       -0.253923       -0.126734
     C   20       -0.253923        0.474013        0.159800
     C   20       -0.126734        0.159800       -0.032629

     H   21        0.543222       -0.150085        0.436220
     H   21       -0.150085       -0.080250       -0.476718
     H   21        0.436220       -0.476718       -0.462973

     C   22        0.108140       -0.024545        0.081913
     C   22       -0.024545        0.053115        0.092811
     C   22        0.081913        0.092811       -0.161255

     C   23       -0.247375        0.012173       -0.170244
     C   23        0.012173        0.087148        0.199750
     C   23       -0.170244        0.199750        0.160227

     Cl  24       -0.355998        0.982606       -1.152166
     Cl  24        0.982606       -0.595105        1.849675
     Cl  24       -1.152166        1.849675        0.951103


     NQR/NMR SPECTROSCOPIC PARAMETERS:
     Cl   1    Vxx=   -0.5869    axis=(  0.032402 -0.698535  0.714842)
     Cl   1    Vyy=   -3.1453    axis=( -0.492978 -0.633334 -0.596541)
     Cl   1    Vzz=    3.7322    axis=( -0.869438  0.333072  0.364883)
     Cl   1  Q=        -8.1650 1e-30 m^2  Cq=       -71.5999 MHz  eta= 0.68550

     C    2    Vxx=   -0.1955    axis=(  0.372985  0.911899 -0.171240)
     C    2    Vyy=   -0.4482    axis=( -0.871490  0.280979 -0.401939)
     C    2    Vzz=    0.6437    axis=( -0.318413  0.299151  0.899512)
     C    2  Q=         1.0000 1e-30 m^2  Cq=         1.5125 MHz  eta= 0.39265

     C    3    Vxx=    0.1309    axis=(  0.083873 -0.612224  0.786223)
     C    3    Vyy=    0.2873    axis=(  0.843038 -0.377064 -0.383549)
     C    3    Vzz=   -0.4181    axis=(  0.531274  0.694986  0.484502)
     C    3  Q=         1.0000 1e-30 m^2  Cq=        -0.9824 MHz  eta= 0.37403

     H    4    Vxx=   -0.1020    axis=( -0.497837 -0.267308  0.825048)
     H    4    Vyy=   -0.2835    axis=( -0.566810  0.820313 -0.076242)
     H    4    Vzz=    0.3856    axis=( -0.656418 -0.505602 -0.559895)
     H    4  Q=         1.0000 1e-30 m^2  Cq=         0.9060 MHz  eta= 0.47075

     C    5    Vxx=    0.0431    axis=( -0.316726 -0.293780  0.901875)
     C    5    Vyy=    0.9005    axis=( -0.178331 -0.915426 -0.360822)
     C    5    Vzz=   -0.9435    axis=(  0.931602 -0.275114  0.237549)
     C    5  Q=         1.0000 1e-30 m^2  Cq=        -2.2169 MHz  eta= 0.90873

     H    6    Vxx=   -0.0032    axis=(  0.982353 -0.073748 -0.171882)
     H    6    Vyy=   -0.3835    axis=( -0.090094  0.618758 -0.780398)
     H    6    Vzz=    0.3867    axis=(  0.163906  0.782112  0.601195)
     H    6  Q=         1.0000 1e-30 m^2  Cq=         0.9086 MHz  eta= 0.98353

     H    7    Vxx=   -0.1175    axis=(  0.353016  0.788266  0.504001)
     H    7    Vyy=   -0.1579    axis=( -0.921584  0.200009  0.332686)
     H    7    Vzz=    0.2754    axis=(  0.161440 -0.581922  0.797059)
     H    7  Q=         1.0000 1e-30 m^2  Cq=         0.6471 MHz  eta= 0.14688

     C    8    Vxx=   -0.1145    axis=(  0.839070  0.043894 -0.542250)
     C    8    Vyy=   -0.4215    axis=( -0.473020  0.551212 -0.687326)
     C    8    Vzz=    0.5360    axis=( -0.268725 -0.833210 -0.483268)
     C    8  Q=         1.0000 1e-30 m^2  Cq=         1.2594 MHz  eta= 0.57268

     H    9    Vxx=   -0.0239    axis=(  0.332519 -0.718653 -0.610712)
     H    9    Vyy=   -0.5870    axis=(  0.412116  0.693186 -0.591316)
     H    9    Vzz=    0.6110    axis=(  0.848287 -0.055060  0.526666)
     H    9  Q=         1.0000 1e-30 m^2  Cq=         1.4355 MHz  eta= 0.92164

     C   10    Vxx=    0.0492    axis=( -0.232764  0.540102  0.808771)
     C   10    Vyy=    0.8726    axis=( -0.000110 -0.831627  0.555334)
     C   10    Vzz=   -0.9217    axis=( -0.972533 -0.129173 -0.193633)
     C   10  Q=         1.0000 1e-30 m^2  Cq=        -2.1657 MHz  eta= 0.89327

     C   11    Vxx=    0.0456    axis=(  0.917500 -0.321410 -0.234283)
     C   11    Vyy=    0.4761    axis=( -0.391985 -0.830512 -0.395724)
     C   11    Vzz=   -0.5217    axis=( -0.067385  0.454912 -0.887983)
     C   11  Q=         1.0000 1e-30 m^2  Cq=        -1.2258 MHz  eta= 0.82530

     Cl  12    Vxx=   -0.1967    axis=(  0.863346 -0.450235  0.227863)
     Cl  12    Vyy=   -2.0577    axis=(  0.136562 -0.226242 -0.964451)
     Cl  12    Vzz=    2.2544    axis=(  0.485782  0.863772 -0.133840)
     Cl  12  Q=        -8.1650 1e-30 m^2  Cq=       -43.2502 MHz  eta= 0.82547

     H   13    Vxx=   -0.0617    axis=(  0.610444 -0.370675  0.699970)
     H   13    Vyy=   -0.5284    axis=( -0.773226 -0.087320  0.628090)
     H   13    Vzz=    0.5901    axis=(  0.171696  0.924649  0.339919)
     H   13  Q=         1.0000 1e-30 m^2  Cq=         1.3864 MHz  eta= 0.79088

     C   14    Vxx=   -0.0876    axis=(  0.352920 -0.434246  0.828781)
     C   14    Vyy=   -0.7016    axis=( -0.551324 -0.812185 -0.190780)
     C   14    Vzz=    0.7892    axis=(  0.755969 -0.389597 -0.526047)
     C   14  Q=         1.0000 1e-30 m^2  Cq=         1.8544 MHz  eta= 0.77806

     H   15    Vxx=   -0.0773    axis=( -0.233069 -0.770705  0.593037)
     H   15    Vyy=   -0.6437    axis=(  0.272307 -0.637159 -0.721025)
     H   15    Vzz=    0.7209    axis=(  0.933556 -0.006560  0.358371)
     H   15  Q=         1.0000 1e-30 m^2  Cq=         1.6939 MHz  eta= 0.78564

     C   16    Vxx=   -0.1566    axis=( -0.440836 -0.643124  0.626143)
     C   16    Vyy=   -0.8376    axis=( -0.887848  0.209947 -0.409449)
     C   16    Vzz=    0.9942    axis=(  0.131869 -0.736420 -0.663548)
     C   16  Q=         1.0000 1e-30 m^2  Cq=         2.3360 MHz  eta= 0.68490

     C   17    Vxx=   -0.1568    axis=(  0.451924  0.356890  0.817554)
     C   17    Vyy=   -0.3019    axis=( -0.443121 -0.705601  0.552966)
     C   17    Vzz=    0.4587    axis=( -0.774214  0.612174  0.160733)
     C   17  Q=         1.0000 1e-30 m^2  Cq=         1.0778 MHz  eta= 0.31624

     Cl  18    Vxx=   -0.9021    axis=(  0.972593 -0.209699 -0.100443)
     Cl  18    Vyy=   -1.5991    axis=(  0.084954 -0.081629  0.993036)
     Cl  18    Vzz=    2.5012    axis=( -0.216438 -0.974353 -0.061577)
     Cl  18  Q=        -8.1650 1e-30 m^2  Cq=       -47.9842 MHz  eta= 0.27870

     H   19    Vxx=    0.0242    axis=(  0.941670  0.223603  0.251513)
     H   19    Vyy=    0.7097    axis=( -0.100291  0.899853 -0.424507)
     H   19    Vzz=   -0.7340    axis=( -0.321246  0.374522  0.869790)
     H   19  Q=         1.0000 1e-30 m^2  Cq=        -1.7245 MHz  eta= 0.93397

     C   20    Vxx=   -0.0736    axis=( -0.102018 -0.321991  0.941230)
     C   20    Vyy=   -0.5221    axis=( -0.959993 -0.216169 -0.178002)
     C   20    Vzz=    0.5956    axis=(  0.260780 -0.921734 -0.287056)
     C   20  Q=         1.0000 1e-30 m^2  Cq=         1.3995 MHz  eta= 0.75300

     H   21    Vxx=    0.0217    axis=(  0.505267  0.797515 -0.329658)
     H   21    Vyy=    0.8244    axis=( -0.836096  0.357831 -0.415813)
     H   21    Vzz=   -0.8461    axis=( -0.213656  0.485723  0.847599)
     H   21  Q=         1.0000 1e-30 m^2  Cq=        -1.9880 MHz  eta= 0.94866

     C   22    Vxx=    0.0870    axis=(  0.118928 -0.942283 -0.312984)
     C   22    Vyy=    0.1311    axis=( -0.960114 -0.028799 -0.278122)
     C   22    Vzz=   -0.2182    axis=( -0.253056 -0.333577  0.908124)
     C   22  Q=         1.0000 1e-30 m^2  Cq=        -0.5126 MHz  eta= 0.20210

     C   23    Vxx=   -0.0263    axis=( -0.405124 -0.784183  0.470034)
     C   23    Vyy=   -0.3271    axis=( -0.889554  0.219379 -0.400708)
     C   23    Vzz=    0.3534    axis=( -0.211113  0.580457  0.786448)
     C   23  Q=         1.0000 1e-30 m^2  Cq=         0.8302 MHz  eta= 0.85119

     Cl  24    Vxx=    0.4682    axis=(  0.827267  0.547827 -0.124556)
     Cl  24    Vyy=    2.2644    axis=( -0.192977  0.485304  0.852784)
     Cl  24    Vzz=   -2.7326    axis=(  0.527625 -0.681444  0.507194)
     Cl  24  Q=        -8.1650 1e-30 m^2  Cq=        52.4238 MHz  eta= 0.65735

     Initialization:
     gipaw_setup  :      9.14s CPU     10.96s WALL (       1 calls)

     Linear response

     Apply operators

     Induced current

     Other routines
     efg          :      9.37s CPU     11.73s WALL (       1 calls)

     General routines
     calbec       :      3.32s CPU      4.26s WALL (      16 calls)
     fft          :      1.49s CPU      1.91s WALL (      15 calls)
     ffts         :      0.04s CPU      0.05s WALL (       2 calls)
     fftw         :      3.32s CPU      4.02s WALL (     672 calls)
     davcio       :      0.04s CPU      0.33s WALL (      32 calls)

     Parallel routines
     fft_scatter  :      2.20s CPU      3.05s WALL (     689 calls)

     Plugins

     GIPAW        :     62.03s CPU     72.32s WALL (       1 calls)
