
     Program QE v.6.0 (svn rev. 13079) starts on 11Jan2017 at  3:32:48 

     This program is part of the open-source Quantum ESPRESSO suite
     for quantum simulation of materials; please cite
         "P. Giannozzi et al., J. Phys.:Condens. Matter 21 395502 (2009);
          URL http://www.quantum-espresso.org", 
     in publications or presentations arising from this work. More details at
     http://www.quantum-espresso.org/quote

     Parallel version (MPI), running on     8 processors
     R & G space division:  proc/nbgrp/npool/nimage =       8

     ***** This is GIPAW svn revision unknown      *****

     Parallelizing q-star over 1 images

     Reading data from directory:
     /users/majewski/paradichlorobenzene/pbe/9_constraint/scratch/pbe.ecut100.np8.dt60.pcl2phi-129368.save
     Message from routine read_xml_file:
     file /users/majewski/paradichlorobenzene/pbe/9_constraint/scratch/pbe.ecut100.np8.dt60.pcl2phi-129368.save not guaranteed to be safe for post-processing

   Info: using nr1, nr2, nr3 values from input

   Info: using nr1, nr2, nr3 values from input

     IMPORTANT: XC functional enforced from input :
     Exchange-correlation      =  SLA  PW   PBX  PBC ( 1  4  3  4 0 0)
     Any further DFT definition will be discarded
     Please, verify this is what you really want

               file C.pbe-n-kjpaw_psl.1.0.0.UPF: wavefunction(s)  2S 2P renormalized
               file Cl.pbe-n-kjpaw_psl.1.0.0.UPF: wavefunction(s)  3S 3P renormalized
               file H.pbe-kjpaw_psl.1.0.0.UPF: wavefunction(s)  1S renormalized

     Parallelization info
     --------------------
     sticks:   dense  smooth     PW     G-vecs:    dense   smooth      PW
     Min        3057    1223    332               144436    36536    5170
     Max        3059    1225    333               144437    36537    5171
     Sum       24467    9791   2657              1155489   292295   41363


     Subspace diagonalization in iterative solution of the eigenvalue problem:
     a serial algorithm will be used

     GIPAW projectors -----------------------------------------------
     atom=  C    l=0  rc=    1.2000  rs=    0.8000
     atom=  C    l=0  rc=    1.2000  rs=    0.8000
     atom=  C    l=1  rc=    1.4000  rs=    0.9333
     atom=  C    l=1  rc=    1.4000  rs=    0.9333
     projs nearly linearly dependent: l=1  n1,n2= 1, 2  s=  0.99951561

     atom=  Cl   l=0  rc=    1.6000  rs=    1.0667
     atom=  Cl   l=0  rc=    1.6000  rs=    1.0667
     atom=  Cl   l=1  rc=    1.6000  rs=    1.0667
     atom=  Cl   l=1  rc=    1.6000  rs=    1.0667
     atom=  Cl   l=2  rc=    1.6000  rs=    1.0667
     atom=  Cl   l=2  rc=    1.6000  rs=    1.0667
     projs nearly linearly dependent: l=2  n1,n2= 1, 2  s=  0.99993509

     atom=  H    l=0  rc=    1.0000  rs=    0.6667
     atom=  H    l=0  rc=    1.0000  rs=    0.6667
     projs nearly linearly dependent: l=0  n1,n2= 1, 2  s=  0.99968852
     -----------------------------------------------------------------

     GIPAW integrals: -------------------------------------------
     Atom  i/j   nmr_para   nmr_dia   epr_rmc  epr_para   epr_dia
       C   1 1   0.83E+03  0.17E-01  0.93E+01  0.24E+08  0.24E+03
       C   2 1   0.86E+03 -0.61E-01  0.94E+01  0.25E+08  0.25E+03
       C   2 2   0.90E+03 -0.15E+00  0.97E+01  0.26E+08  0.26E+03
       C   3 3   0.33E+01  0.34E+00  0.18E+01  0.55E+03  0.21E+02
       C   4 3   0.35E+01  0.37E+00  0.20E+01  0.59E+03  0.22E+02
       C   4 4   0.38E+01  0.39E+00  0.22E+01  0.63E+03  0.24E+02
       Cl  1 1   0.14E+04 -0.47E+00  0.84E+01  0.32E+09  0.42E+03
       Cl  2 1   0.21E+04 -0.37E+00  0.12E+02  0.49E+09  0.65E+03
       Cl  2 2   0.33E+04 -0.16E+00  0.21E+02  0.76E+09  0.10E+04
       Cl  3 3   0.21E+02  0.79E-01  0.89E+01  0.23E+05  0.13E+03
       Cl  4 3   0.24E+02  0.67E-01  0.99E+01  0.27E+05  0.15E+03
       Cl  4 4   0.28E+02  0.44E-01  0.11E+02  0.32E+05  0.18E+03
       Cl  5 5   0.77E+00  0.19E+00  0.18E+01  0.12E+03  0.22E+02
       Cl  6 5   0.80E+00  0.19E+00  0.19E+01  0.12E+03  0.23E+02
       Cl  6 6   0.83E+00  0.20E+00  0.19E+01  0.12E+03  0.23E+02
       H   1 1   0.39E+02  0.19E+00  0.29E+00  0.78E+05  0.13E+02
       H   2 1   0.41E+02  0.21E+00  0.32E+00  0.82E+05  0.14E+02
       H   2 2   0.43E+02  0.22E+00  0.36E+00  0.86E+05  0.15E+02
     ------------------------------------------------------------

     alpha_pv=     33.7310 eV

     Number of occupied bands for each k-point:
     k-point:     1    nbnd_occ=  42
     k-point:     2    nbnd_occ=  42
     k-point:     3    nbnd_occ=  42
     k-point:     4    nbnd_occ=  42
     k-point:     5    nbnd_occ=  42
     k-point:     6    nbnd_occ=  42
     k-point:     7    nbnd_occ=  42
     k-point:     8    nbnd_occ=  42
     k-point:     9    nbnd_occ=  42
     k-point:    10    nbnd_occ=  42
     k-point:    11    nbnd_occ=  42
     k-point:    12    nbnd_occ=  42
     k-point:    13    nbnd_occ=  42
     k-point:    14    nbnd_occ=  42
     k-point:    15    nbnd_occ=  42
     k-point:    16    nbnd_occ=  42


     q-space interpolation up to   110.00 Rydberg

     GIPAW job: efg                                                                             


     ELECTRIC FIELD GRADIENTS TENSORS IN Hartree/bohrradius^2:

     ----- bare term -----
     Cl   1       -0.057339        0.059259       -0.001519
     Cl   1        0.059259       -0.025010        0.021885
     Cl   1       -0.001519        0.021885        0.082348

     C    2       -0.392077        0.118972       -0.356746
     C    2        0.118972        0.087193       -0.272885
     C    2       -0.356746       -0.272885        0.304884

     C    3        0.012403        0.400066       -0.143475
     C    3        0.400066       -0.143348       -0.631574
     C    3       -0.143475       -0.631574        0.130945

     H    4        0.055143        0.041155       -0.481807
     H    4        0.041155        0.032227        0.241971
     H    4       -0.481807        0.241971       -0.087370

     C    5       -0.725735        0.346305       -0.361034
     C    5        0.346305        0.336879       -0.217789
     C    5       -0.361034       -0.217789        0.388857

     H    6        0.333420       -0.063056        0.095923
     H    6       -0.063056       -0.332995       -0.520371
     H    6        0.095923       -0.520371       -0.000425

     H    7        0.413286        0.239135        0.069180
     H    7        0.239135       -0.604402       -0.252387
     H    7        0.069180       -0.252387        0.191116

     C    8       -0.382811        0.025853       -0.222253
     C    8        0.025853       -0.012913        0.139686
     C    8       -0.222253        0.139686        0.395724

     H    9       -0.310256        0.337318        0.240537
     H    9        0.337318        0.162862       -0.113494
     H    9        0.240537       -0.113494        0.147394

     C   10        0.143337       -0.114358        0.180385
     C   10       -0.114358       -0.163142        0.004293
     C   10        0.180385        0.004293        0.019805

     C   11       -0.371591        0.152212       -0.271377
     C   11        0.152212       -0.076329        0.503661
     C   11       -0.271377        0.503661        0.447920

     Cl  12       -0.176616       -0.129605        0.003436
     Cl  12       -0.129605       -0.064710        0.080714
     Cl  12        0.003436        0.080714        0.241326

     H   13        0.489043       -0.032354       -0.012306
     H   13       -0.032354       -0.057704       -0.516477
     H   13       -0.012306       -0.516477       -0.431339

     C   14       -0.234253        0.285607       -0.111535
     C   14        0.285607       -0.347185       -0.385570
     C   14       -0.111535       -0.385570        0.581438

     H   15        0.055755       -0.043060       -0.510697
     H   15       -0.043060        0.402844        0.119431
     H   15       -0.510697        0.119431       -0.458599

     C   16       -0.318025        0.148362       -0.237658
     C   16        0.148362       -0.118291       -0.411261
     C   16       -0.237658       -0.411261        0.436316

     C   17       -0.131201        0.088851       -0.361700
     C   17        0.088851       -0.367035       -0.497586
     C   17       -0.361700       -0.497586        0.498236

     Cl  18       -0.140686        0.078849       -0.111329
     Cl  18        0.078849       -0.104192       -0.088844
     Cl  18       -0.111329       -0.088844        0.244878

     H   19        0.043505        0.465106        0.043243
     H   19        0.465106       -0.435587        0.234077
     H   19        0.043243        0.234077        0.392081

     C   20       -0.025933       -0.507055       -0.232855
     C   20       -0.507055       -0.355177        0.342305
     C   20       -0.232855        0.342305        0.381110

     H   21       -0.564280        0.348717        0.189742
     H   21        0.348717        0.339132       -0.007868
     H   21        0.189742       -0.007868        0.225148

     C   22       -0.027369       -0.063172       -0.380515
     C   22       -0.063172       -0.290820        0.436032
     C   22       -0.380515        0.436032        0.318189

     C   23       -0.211753       -0.277229       -0.303591
     C   23       -0.277229       -0.165552        0.387512
     C   23       -0.303591        0.387512        0.377305

     Cl  24       -0.090117        0.048848       -0.005130
     Cl  24        0.048848       -0.066316       -0.093505
     Cl  24       -0.005130       -0.093505        0.156433

     ----- ionic term -----
     Cl   1        0.077575       -0.207523        0.051081
     Cl   1       -0.207523        0.074251       -0.033886
     Cl   1        0.051081       -0.033886       -0.151826

     C    2        0.039921       -0.224077        0.384023
     C    2       -0.224077        0.079544        0.374716
     C    2        0.384023        0.374716       -0.119466

     C    3        0.071751       -0.369111        0.255937
     C    3       -0.369111        0.128590        0.354744
     C    3        0.255937        0.354744       -0.200341

     H    4        0.484029        0.040992        0.785614
     H    4        0.040992       -0.506130        0.110819
     H    4        0.785614        0.110819        0.022101

     C    5        0.177044       -0.368062        0.294726
     C    5       -0.368062        0.065903        0.240976
     C    5        0.294726        0.240976       -0.242947

     H    6       -0.519116       -0.071216       -0.032773
     H    6       -0.071216        0.566545        0.735639
     H    6       -0.032773        0.735639       -0.047428

     H    7       -0.475796       -0.208695        0.052284
     H    7       -0.208695        0.898644       -0.469353
     H    7        0.052284       -0.469353       -0.422848

     C    8        0.411301        0.069757        0.023189
     C    8        0.069757        0.139945       -0.235468
     C    8        0.023189       -0.235468       -0.551246

     H    9        0.895531       -0.390326        0.328506
     H    9       -0.390326       -0.344109       -0.138825
     H    9        0.328506       -0.138825       -0.551423

     C   10        0.270282        0.123884        0.025568
     C   10        0.123884        0.281846       -0.254146
     C   10        0.025568       -0.254146       -0.552128

     C   11        0.305227        0.043086        0.116538
     C   11        0.043086        0.241397       -0.257873
     C   11        0.116538       -0.257873       -0.546624

     Cl  12        0.161459        0.185647       -0.017207
     Cl  12        0.185647       -0.005097       -0.019231
     Cl  12       -0.017207       -0.019231       -0.156362

     H   13       -0.535347        0.034287        0.044943
     H   13        0.034287        0.600651        0.732260
     H   13        0.044943        0.732260       -0.065303

     C   14        0.172627       -0.241953        0.335596
     C   14       -0.241953        0.038026        0.279688
     C   14        0.335596        0.279688       -0.210653

     H   15        0.528956        0.198889        0.739299
     H   15        0.198889       -0.479190        0.213390
     H   15        0.739299        0.213390       -0.049766

     C   16        0.074895       -0.267198        0.236477
     C   16       -0.267198        0.152974        0.384028
     C   16        0.236477        0.384028       -0.227869

     C   17        0.105971       -0.273966        0.324759
     C   17       -0.273966        0.077603        0.363267
     C   17        0.324759        0.363267       -0.183574

     Cl  18        0.122254       -0.219314        0.015215
     Cl  18       -0.219314        0.026054       -0.003242
     Cl  18        0.015215       -0.003242       -0.148308

     H   19       -0.518010       -0.183480        0.079909
     H   19       -0.183480        0.758858       -0.615099
     H   19        0.079909       -0.615099       -0.240848

     C   20        0.329642        0.084710        0.096591
     C   20        0.084710        0.140552       -0.287018
     C   20        0.096591       -0.287018       -0.470194

     H   21        0.797972       -0.405465        0.437471
     H   21       -0.405465       -0.374125       -0.190763
     H   21        0.437471       -0.190763       -0.423847

     C   22        0.202648        0.136962        0.060457
     C   22        0.136962        0.269899       -0.344578
     C   22        0.060457       -0.344578       -0.472548

     C   23        0.258982        0.057471        0.026984
     C   23        0.057471        0.254732       -0.331974
     C   23        0.026984       -0.331974       -0.513714

     Cl  24        0.097300        0.199666       -0.046953
     Cl  24        0.199666        0.034196       -0.030959
     Cl  24       -0.046953       -0.030959       -0.131496

     ----- GIPAW term -----
     Cl   1        0.609406        0.745408       -1.035835
     Cl   1        0.745408        0.943067       -1.284933
     Cl   1       -1.035835       -1.284933       -1.552473

     C    2        0.000777       -0.013001        0.027672
     C    2       -0.013001        0.036096        0.065507
     C    2        0.027672        0.065507       -0.036873

     C    3       -0.061192        0.162261       -0.047517
     C    3        0.162261        0.152127       -0.159583
     C    3       -0.047517       -0.159583       -0.090935

     H    4       -0.000000        0.000000        0.000000
     H    4        0.000000        0.000000        0.000000
     H    4        0.000000        0.000000        0.000000

     C    5       -0.199345        0.037824       -0.045806
     C    5        0.037824        0.229725       -0.007085
     C    5       -0.045806       -0.007085       -0.030381

     H    6       -0.000000        0.000000        0.000000
     H    6        0.000000        0.000000        0.000000
     H    6        0.000000        0.000000        0.000000

     H    7       -0.000000        0.000000        0.000000
     H    7        0.000000        0.000000        0.000000
     H    7        0.000000        0.000000        0.000000

     C    8       -0.103612        0.010534       -0.009308
     C    8        0.010534       -0.047478        0.083455
     C    8       -0.009308        0.083455        0.151091

     H    9       -0.000000        0.000000        0.000000
     H    9        0.000000        0.000000        0.000000
     H    9        0.000000        0.000000        0.000000

     C   10        0.016751        0.001938        0.020916
     C   10        0.001938       -0.001937       -0.019151
     C   10        0.020916       -0.019151       -0.014814

     C   11       -0.064467        0.155062        0.054951
     C   11        0.155062       -0.099812        0.110605
     C   11        0.054951        0.110605        0.164278

     Cl  12       -0.809395        1.251759       -0.007745
     Cl  12        1.251759       -1.100608        1.399769
     Cl  12       -0.007745        1.399769        1.910004

     H   13       -0.000000        0.000000        0.000000
     H   13        0.000000        0.000000        0.000000
     H   13        0.000000        0.000000        0.000000

     C   14       -0.110823        0.039009        0.025674
     C   14        0.039009       -0.200230       -0.073791
     C   14        0.025674       -0.073791        0.311053

     H   15       -0.000000        0.000000        0.000000
     H   15        0.000000        0.000000        0.000000
     H   15        0.000000        0.000000        0.000000

     C   16       -0.183593       -0.002844       -0.046542
     C   16       -0.002844       -0.076955       -0.155464
     C   16       -0.046542       -0.155464        0.260548

     C   17       -0.049595       -0.082732       -0.098982
     C   17       -0.082732       -0.142169       -0.126830
     C   17       -0.098982       -0.126830        0.191764

     Cl  18       -0.111259       -1.465254       -1.038151
     Cl  18       -1.465254       -0.953923       -1.041462
     Cl  18       -1.038151       -1.041462        1.065182

     H   19       -0.000000        0.000000        0.000000
     H   19        0.000000        0.000000        0.000000
     H   19        0.000000        0.000000        0.000000

     C   20        0.191243       -0.170890       -0.097402
     C   20       -0.170890       -0.152715        0.083294
     C   20       -0.097402        0.083294       -0.038528

     H   21       -0.000000        0.000000        0.000000
     H   21        0.000000        0.000000        0.000000
     H   21        0.000000        0.000000        0.000000

     C   22        0.042170       -0.031653       -0.236564
     C   22       -0.031653       -0.124197        0.089645
     C   22       -0.236564        0.089645        0.082027

     C   23        0.119967        0.110176       -0.106562
     C   23        0.110176       -0.065005        0.032062
     C   23       -0.106562        0.032062       -0.054962

     Cl  24       -0.139629        2.180590       -0.465913
     Cl  24        2.180590       -0.728760       -1.374470
     Cl  24       -0.465913       -1.374470        0.868389

     ----- total EFG -----
     Cl   1        0.629642        0.597144       -0.986274
     Cl   1        0.597144        0.992309       -1.296934
     Cl   1       -0.986274       -1.296934       -1.621951

     C    2       -0.351379       -0.118105        0.054949
     C    2       -0.118105        0.202833        0.167338
     C    2        0.054949        0.167338        0.148545

     C    3        0.022962        0.193216        0.064945
     C    3        0.193216        0.137369       -0.436414
     C    3        0.064945       -0.436414       -0.160331

     H    4        0.539172        0.082147        0.303807
     H    4        0.082147       -0.473903        0.352790
     H    4        0.303807        0.352790       -0.065269

     C    5       -0.748036        0.016067       -0.112114
     C    5        0.016067        0.632507        0.016103
     C    5       -0.112114        0.016103        0.115529

     H    6       -0.185696       -0.134272        0.063150
     H    6       -0.134272        0.233550        0.215268
     H    6        0.063150        0.215268       -0.047853

     H    7       -0.062510        0.030440        0.121465
     H    7        0.030440        0.294242       -0.721740
     H    7        0.121465       -0.721740       -0.231732

     C    8       -0.075122        0.106143       -0.208372
     C    8        0.106143        0.079554       -0.012327
     C    8       -0.208372       -0.012327       -0.004431

     H    9        0.585276       -0.053008        0.569043
     H    9       -0.053008       -0.181247       -0.252319
     H    9        0.569043       -0.252319       -0.404029

     C   10        0.430370        0.011464        0.226869
     C   10        0.011464        0.116768       -0.269004
     C   10        0.226869       -0.269004       -0.547138

     C   11       -0.130831        0.350360       -0.099888
     C   11        0.350360        0.065256        0.356394
     C   11       -0.099888        0.356394        0.065574

     Cl  12       -0.824553        1.307801       -0.021516
     Cl  12        1.307801       -1.170416        1.461252
     Cl  12       -0.021516        1.461252        1.994968

     H   13       -0.046304        0.001933        0.032637
     H   13        0.001933        0.542947        0.215784
     H   13        0.032637        0.215784       -0.496643

     C   14       -0.172449        0.082664        0.249735
     C   14        0.082664       -0.509389       -0.179674
     C   14        0.249735       -0.179674        0.681838

     H   15        0.584711        0.155829        0.228602
     H   15        0.155829       -0.076346        0.332822
     H   15        0.228602        0.332822       -0.508365

     C   16       -0.426724       -0.121680       -0.047722
     C   16       -0.121680       -0.042271       -0.182698
     C   16       -0.047722       -0.182698        0.468995

     C   17       -0.074825       -0.267847       -0.135922
     C   17       -0.267847       -0.431601       -0.261150
     C   17       -0.135922       -0.261150        0.506426

     Cl  18       -0.129691       -1.605719       -1.134266
     Cl  18       -1.605719       -1.032061       -1.133548
     Cl  18       -1.134266       -1.133548        1.161752

     H   19       -0.474504        0.281626        0.123152
     H   19        0.281626        0.323271       -0.381022
     H   19        0.123152       -0.381022        0.151233

     C   20        0.494952       -0.593235       -0.233666
     C   20       -0.593235       -0.367340        0.138581
     C   20       -0.233666        0.138581       -0.127612

     H   21        0.233691       -0.056748        0.627213
     H   21       -0.056748       -0.034993       -0.198631
     H   21        0.627213       -0.198631       -0.198699

     C   22        0.217450        0.042136       -0.556622
     C   22        0.042136       -0.145118        0.181099
     C   22       -0.556622        0.181099       -0.072332

     C   23        0.167196       -0.109583       -0.383169
     C   23       -0.109583        0.024175        0.087601
     C   23       -0.383169        0.087601       -0.191371

     Cl  24       -0.132445        2.429104       -0.517996
     Cl  24        2.429104       -0.760880       -1.498935
     Cl  24       -0.517996       -1.498935        0.893326

     ----- total EFG (symmetrized) -----
     Cl   1        0.629642        0.597144       -0.986274
     Cl   1        0.597144        0.992309       -1.296934
     Cl   1       -0.986274       -1.296934       -1.621951

     C    2       -0.351379       -0.118105        0.054949
     C    2       -0.118105        0.202833        0.167338
     C    2        0.054949        0.167338        0.148545

     C    3        0.022962        0.193216        0.064945
     C    3        0.193216        0.137369       -0.436414
     C    3        0.064945       -0.436414       -0.160331

     H    4        0.539172        0.082147        0.303807
     H    4        0.082147       -0.473903        0.352790
     H    4        0.303807        0.352790       -0.065269

     C    5       -0.748036        0.016067       -0.112114
     C    5        0.016067        0.632507        0.016103
     C    5       -0.112114        0.016103        0.115529

     H    6       -0.185696       -0.134272        0.063150
     H    6       -0.134272        0.233550        0.215268
     H    6        0.063150        0.215268       -0.047853

     H    7       -0.062510        0.030440        0.121465
     H    7        0.030440        0.294242       -0.721740
     H    7        0.121465       -0.721740       -0.231732

     C    8       -0.075122        0.106143       -0.208372
     C    8        0.106143        0.079554       -0.012327
     C    8       -0.208372       -0.012327       -0.004431

     H    9        0.585276       -0.053008        0.569043
     H    9       -0.053008       -0.181247       -0.252319
     H    9        0.569043       -0.252319       -0.404029

     C   10        0.430370        0.011464        0.226869
     C   10        0.011464        0.116768       -0.269004
     C   10        0.226869       -0.269004       -0.547138

     C   11       -0.130831        0.350360       -0.099888
     C   11        0.350360        0.065256        0.356394
     C   11       -0.099888        0.356394        0.065574

     Cl  12       -0.824553        1.307801       -0.021516
     Cl  12        1.307801       -1.170416        1.461252
     Cl  12       -0.021516        1.461252        1.994968

     H   13       -0.046304        0.001933        0.032637
     H   13        0.001933        0.542947        0.215784
     H   13        0.032637        0.215784       -0.496643

     C   14       -0.172449        0.082664        0.249735
     C   14        0.082664       -0.509389       -0.179674
     C   14        0.249735       -0.179674        0.681838

     H   15        0.584711        0.155829        0.228602
     H   15        0.155829       -0.076346        0.332822
     H   15        0.228602        0.332822       -0.508365

     C   16       -0.426724       -0.121680       -0.047722
     C   16       -0.121680       -0.042271       -0.182698
     C   16       -0.047722       -0.182698        0.468995

     C   17       -0.074825       -0.267847       -0.135922
     C   17       -0.267847       -0.431601       -0.261150
     C   17       -0.135922       -0.261150        0.506426

     Cl  18       -0.129691       -1.605719       -1.134266
     Cl  18       -1.605719       -1.032061       -1.133548
     Cl  18       -1.134266       -1.133548        1.161752

     H   19       -0.474504        0.281626        0.123152
     H   19        0.281626        0.323271       -0.381022
     H   19        0.123152       -0.381022        0.151233

     C   20        0.494952       -0.593235       -0.233666
     C   20       -0.593235       -0.367340        0.138581
     C   20       -0.233666        0.138581       -0.127612

     H   21        0.233691       -0.056748        0.627213
     H   21       -0.056748       -0.034993       -0.198631
     H   21        0.627213       -0.198631       -0.198699

     C   22        0.217450        0.042136       -0.556622
     C   22        0.042136       -0.145118        0.181099
     C   22       -0.556622        0.181099       -0.072332

     C   23        0.167196       -0.109583       -0.383169
     C   23       -0.109583        0.024175        0.087601
     C   23       -0.383169        0.087601       -0.191371

     Cl  24       -0.132445        2.429104       -0.517996
     Cl  24        2.429104       -0.760880       -1.498935
     Cl  24       -0.517996       -1.498935        0.893326


     NQR/NMR SPECTROSCOPIC PARAMETERS:
     Cl   1    Vxx=    0.1870    axis=(  0.799348 -0.600847 -0.005041)
     Cl   1    Vyy=    2.1406    axis=(  0.549775  0.734738 -0.397377)
     Cl   1    Vzz=   -2.3276    axis=(  0.242466  0.314871  0.917642)
     Cl   1  Q=        -8.1650 1e-30 m^2  Cq=        44.6533 MHz  eta= 0.83931

     C    2    Vxx=    0.0410    axis=( -0.282069  0.582479 -0.762335)
     C    2    Vyy=    0.3497    axis=( -0.081994  0.777058  0.624066)
     C    2    Vzz=   -0.3907    axis=( -0.955884 -0.238537  0.171424)
     C    2  Q=         1.0000 1e-30 m^2  Cq=        -0.9180 MHz  eta= 0.79003

     C    3    Vxx=    0.0412    axis=( -0.917147  0.046339 -0.395846)
     C    3    Vyy=    0.4827    axis=( -0.266516 -0.809785  0.522703)
     C    3    Vzz=   -0.5239    axis=( -0.296328  0.584894  0.755042)
     C    3  Q=         1.0000 1e-30 m^2  Cq=        -1.2309 MHz  eta= 0.84260

     H    4    Vxx=   -0.0235    axis=( -0.468397  0.490307  0.734985)
     H    4    Vyy=   -0.6831    axis=(  0.072385  0.850384 -0.521159)
     H    4    Vzz=    0.7067    axis=(  0.880548  0.190907  0.433808)
     H    4  Q=         1.0000 1e-30 m^2  Cq=         1.6604 MHz  eta= 0.93339

     C    5    Vxx=    0.1295    axis=( -0.127186 -0.027675  0.991493)
     C    5    Vyy=    0.6331    axis=( -0.009267 -0.999534 -0.029089)
     C    5    Vzz=   -0.7626    axis=(  0.991836 -0.012887  0.126870)
     C    5  Q=         1.0000 1e-30 m^2  Cq=        -1.7918 MHz  eta= 0.66047

     H    6    Vxx=   -0.0633    axis=(  0.639856 -0.240014  0.730053)
     H    6    Vyy=   -0.3015    axis=( -0.750415 -0.399990  0.526200)
     H    6    Vzz=    0.3648    axis=( -0.165718  0.884535  0.436046)
     H    6  Q=         1.0000 1e-30 m^2  Cq=         0.8572 MHz  eta= 0.65311

     H    7    Vxx=   -0.0451    axis=(  0.984666  0.138176  0.106495)
     H    7    Vyy=   -0.7567    axis=( -0.166459  0.561503  0.810559)
     H    7    Vzz=    0.8018    axis=(  0.052202 -0.815857  0.575893)
     H    7  Q=         1.0000 1e-30 m^2  Cq=         1.8838 MHz  eta= 0.88749

     C    8    Vxx=    0.0482    axis=(  0.182904 -0.828009 -0.530045)
     C    8    Vyy=    0.2190    axis=( -0.611035 -0.518103  0.598502)
     C    8    Vzz=   -0.2672    axis=(  0.770183 -0.214407  0.600706)
     C    8  Q=         1.0000 1e-30 m^2  Cq=        -0.6278 MHz  eta= 0.63909

     H    9    Vxx=   -0.1252    axis=(  0.280079  0.923041 -0.263726)
     H    9    Vyy=   -0.7423    axis=( -0.356295  0.355050  0.864288)
     H    9    Vzz=    0.8675    axis=(  0.891409 -0.148104  0.428317)
     H    9  Q=         1.0000 1e-30 m^2  Cq=         2.0383 MHz  eta= 0.71126

     C   10    Vxx=    0.1975    axis=(  0.218750  0.937133 -0.271900)
     C   10    Vyy=    0.4876    axis=(  0.956647 -0.151056  0.249015)
     C   10    Vzz=   -0.6851    axis=( -0.192288  0.314584  0.929550)
     C   10  Q=         1.0000 1e-30 m^2  Cq=        -1.6097 MHz  eta= 0.42347

     C   11    Vxx=    0.0656    axis=( -0.699362 -0.196047  0.687356)
     C   11    Vyy=    0.4862    axis=( -0.338597 -0.756034 -0.560147)
     C   11    Vzz=   -0.5518    axis=( -0.629480  0.624482 -0.462360)
     C   11  Q=         1.0000 1e-30 m^2  Cq=        -1.2965 MHz  eta= 0.76238

     Cl  12    Vxx=   -0.0280    axis=(  0.805164  0.484783 -0.341608)
     Cl  12    Vyy=   -2.6052    axis=( -0.575094  0.778916 -0.250113)
     Cl  12    Vzz=    2.6332    axis=(  0.144834  0.397839  0.905951)
     Cl  12  Q=        -8.1650 1e-30 m^2  Cq=       -50.5170 MHz  eta= 0.97873

     H   13    Vxx=   -0.0444    axis=(  0.997881 -0.025304  0.059939)
     H   13    Vyy=   -0.5417    axis=(  0.063728  0.194619 -0.978807)
     H   13    Vzz=    0.5861    axis=(  0.013103  0.980553  0.195819)
     H   13  Q=         1.0000 1e-30 m^2  Cq=         1.3770 MHz  eta= 0.84850

     C   14    Vxx=   -0.1930    axis=(  0.917920  0.348003 -0.190570)
     C   14    Vyy=   -0.5748    axis=( -0.312048  0.929847  0.194963)
     C   14    Vzz=    0.7678    axis=(  0.245049 -0.119493  0.962119)
     C   14  Q=         1.0000 1e-30 m^2  Cq=         1.8039 MHz  eta= 0.49735

     H   15    Vxx=    0.0041    axis=(  0.376544 -0.844629 -0.380548)
     H   15    Vyy=    0.6982    axis=( -0.920569 -0.295136 -0.255827)
     H   15    Vzz=   -0.7023    axis=(  0.103765  0.446651 -0.888671)
     H   15  Q=         1.0000 1e-30 m^2  Cq=        -1.6502 MHz  eta= 0.98822

     C   16    Vxx=   -0.0551    axis=( -0.331078  0.899979  0.283594)
     C   16    Vyy=   -0.4726    axis=(  0.943561  0.312909  0.108540)
     C   16    Vzz=    0.5276    axis=( -0.008944 -0.303523  0.952782)
     C   16  Q=         1.0000 1e-30 m^2  Cq=         1.2398 MHz  eta= 0.79123

     C   17    Vxx=    0.0686    axis=(  0.882850 -0.469616 -0.006032)
     C   17    Vyy=    0.5814    axis=(  0.110700  0.220557 -0.969072)
     C   17    Vzz=   -0.6500    axis=(  0.456423  0.854877  0.246705)
     C   17  Q=         1.0000 1e-30 m^2  Cq=        -1.5272 MHz  eta= 0.78897

     Cl  18    Vxx=    1.0334    axis=(  0.700148 -0.673856  0.236030)
     Cl  18    Vyy=    1.8423    axis=( -0.419366 -0.120567  0.899775)
     Cl  18    Vzz=   -2.8757    axis=( -0.577862 -0.728959 -0.367008)
     Cl  18  Q=        -8.1650 1e-30 m^2  Cq=        55.1680 MHz  eta= 0.28131

     H   19    Vxx=   -0.0057    axis=( -0.474344 -0.461936 -0.749409)
     H   19    Vyy=   -0.6421    axis=( -0.869542  0.378766  0.316911)
     H   19    Vzz=    0.6477    axis=(  0.137458  0.801967 -0.581338)
     H   19  Q=         1.0000 1e-30 m^2  Cq=         1.5219 MHz  eta= 0.98246

     C   20    Vxx=   -0.2006    axis=(  0.249742 -0.087031  0.964393)
     C   20    Vyy=   -0.6702    axis=(  0.447812  0.893429 -0.035340)
     C   20    Vzz=    0.8708    axis=( -0.858541  0.440693  0.262100)
     C   20  Q=         1.0000 1e-30 m^2  Cq=         2.0460 MHz  eta= 0.53921

     H   21    Vxx=   -0.0435    axis=(  0.292038  0.955457 -0.042608)
     H   21    Vyy=   -0.6727    axis=( -0.548413  0.203789  0.810995)
     H   21    Vzz=    0.7162    axis=(  0.783554 -0.213475  0.583499)
     H   21  Q=         1.0000 1e-30 m^2  Cq=         1.6828 MHz  eta= 0.87859

     C   22    Vxx=   -0.0849    axis=(  0.305472  0.922553  0.235758)
     C   22    Vyy=   -0.5706    axis=(  0.548552 -0.372879  0.748367)
     C   22    Vzz=    0.6555    axis=( -0.778317  0.099280  0.619972)
     C   22  Q=         1.0000 1e-30 m^2  Cq=         1.5401 MHz  eta= 0.74099

     C   23    Vxx=   -0.0204    axis=(  0.278024  0.950919 -0.135850)
     C   23    Vyy=   -0.4356    axis=(  0.531621 -0.034531  0.846278)
     C   23    Vzz=    0.4560    axis=(  0.800051 -0.307507 -0.515129)
     C   23  Q=         1.0000 1e-30 m^2  Cq=         1.0715 MHz  eta= 0.91062

     Cl  24    Vxx=    0.0997    axis=( -0.567937 -0.223207 -0.792228)
     Cl  24    Vyy=    2.9677    axis=(  0.563067  0.596687 -0.571769)
     Cl  24    Vzz=   -3.0674    axis=( -0.600335  0.770807  0.213200)
     Cl  24  Q=        -8.1650 1e-30 m^2  Cq=        58.8458 MHz  eta= 0.93502

     Initialization:
     gipaw_setup  :      9.41s CPU     11.48s WALL (       1 calls)

     Linear response

     Apply operators

     Induced current

     Other routines
     efg          :      9.42s CPU     12.34s WALL (       1 calls)

     General routines
     calbec       :      3.37s CPU      4.73s WALL (      16 calls)
     fft          :      1.50s CPU      1.96s WALL (      15 calls)
     ffts         :      0.04s CPU      0.04s WALL (       2 calls)
     fftw         :      3.26s CPU      4.09s WALL (     672 calls)
     davcio       :      0.02s CPU      0.32s WALL (      32 calls)

     Parallel routines
     fft_scatter  :      2.12s CPU      3.26s WALL (     689 calls)

     Plugins

     GIPAW        :     61.90s CPU     76.24s WALL (       1 calls)
