
     Program QE v.6.0 (svn rev. 13079) starts on  4Jan2017 at 13: 8:20 

     This program is part of the open-source Quantum ESPRESSO suite
     for quantum simulation of materials; please cite
         "P. Giannozzi et al., J. Phys.:Condens. Matter 21 395502 (2009);
          URL http://www.quantum-espresso.org", 
     in publications or presentations arising from this work. More details at
     http://www.quantum-espresso.org/quote

     Parallel version (MPI), running on     8 processors
     R & G space division:  proc/nbgrp/npool/nimage =       8

     ***** This is GIPAW svn revision unknown      *****

     Parallelizing q-star over 1 images

     Reading data from directory:
     /users/majewski/paradichlorobenzene/pbe/9_constraint/scratch/pbe.ecut100.np8.dt60.pcl2phi-129368.save
     Message from routine read_xml_file:
     file /users/majewski/paradichlorobenzene/pbe/9_constraint/scratch/pbe.ecut100.np8.dt60.pcl2phi-129368.save not guaranteed to be safe for post-processing

   Info: using nr1, nr2, nr3 values from input

   Info: using nr1, nr2, nr3 values from input

     IMPORTANT: XC functional enforced from input :
     Exchange-correlation      =  SLA  PW   PBX  PBC ( 1  4  3  4 0 0)
     Any further DFT definition will be discarded
     Please, verify this is what you really want

               file C.pbe-n-kjpaw_psl.1.0.0.UPF: wavefunction(s)  2S 2P renormalized
               file Cl.pbe-n-kjpaw_psl.1.0.0.UPF: wavefunction(s)  3S 3P renormalized
               file H.pbe-kjpaw_psl.1.0.0.UPF: wavefunction(s)  1S renormalized

     Parallelization info
     --------------------
     sticks:   dense  smooth     PW     G-vecs:    dense   smooth      PW
     Min        3057    1223    332               144436    36536    5170
     Max        3059    1225    333               144437    36537    5171
     Sum       24467    9791   2657              1155489   292295   41363


     Subspace diagonalization in iterative solution of the eigenvalue problem:
     a serial algorithm will be used

     GIPAW projectors -----------------------------------------------
     atom=  C    l=0  rc=    1.2000  rs=    0.8000
     atom=  C    l=0  rc=    1.2000  rs=    0.8000
     atom=  C    l=1  rc=    1.4000  rs=    0.9333
     atom=  C    l=1  rc=    1.4000  rs=    0.9333
     projs nearly linearly dependent: l=1  n1,n2= 1, 2  s=  0.99951561

     atom=  Cl   l=0  rc=    1.6000  rs=    1.0667
     atom=  Cl   l=0  rc=    1.6000  rs=    1.0667
     atom=  Cl   l=1  rc=    1.6000  rs=    1.0667
     atom=  Cl   l=1  rc=    1.6000  rs=    1.0667
     atom=  Cl   l=2  rc=    1.6000  rs=    1.0667
     atom=  Cl   l=2  rc=    1.6000  rs=    1.0667
     projs nearly linearly dependent: l=2  n1,n2= 1, 2  s=  0.99993509

     atom=  H    l=0  rc=    1.0000  rs=    0.6667
     atom=  H    l=0  rc=    1.0000  rs=    0.6667
     projs nearly linearly dependent: l=0  n1,n2= 1, 2  s=  0.99968852
     -----------------------------------------------------------------

     GIPAW integrals: -------------------------------------------
     Atom  i/j   nmr_para   nmr_dia   epr_rmc  epr_para   epr_dia
       C   1 1   0.83E+03  0.17E-01  0.93E+01  0.24E+08  0.24E+03
       C   2 1   0.86E+03 -0.61E-01  0.94E+01  0.25E+08  0.25E+03
       C   2 2   0.90E+03 -0.15E+00  0.97E+01  0.26E+08  0.26E+03
       C   3 3   0.33E+01  0.34E+00  0.18E+01  0.55E+03  0.21E+02
       C   4 3   0.35E+01  0.37E+00  0.20E+01  0.59E+03  0.22E+02
       C   4 4   0.38E+01  0.39E+00  0.22E+01  0.63E+03  0.24E+02
       Cl  1 1   0.14E+04 -0.47E+00  0.84E+01  0.32E+09  0.42E+03
       Cl  2 1   0.21E+04 -0.37E+00  0.12E+02  0.49E+09  0.65E+03
       Cl  2 2   0.33E+04 -0.16E+00  0.21E+02  0.76E+09  0.10E+04
       Cl  3 3   0.21E+02  0.79E-01  0.89E+01  0.23E+05  0.13E+03
       Cl  4 3   0.24E+02  0.67E-01  0.99E+01  0.27E+05  0.15E+03
       Cl  4 4   0.28E+02  0.44E-01  0.11E+02  0.32E+05  0.18E+03
       Cl  5 5   0.77E+00  0.19E+00  0.18E+01  0.12E+03  0.22E+02
       Cl  6 5   0.80E+00  0.19E+00  0.19E+01  0.12E+03  0.23E+02
       Cl  6 6   0.83E+00  0.20E+00  0.19E+01  0.12E+03  0.23E+02
       H   1 1   0.39E+02  0.19E+00  0.29E+00  0.78E+05  0.13E+02
       H   2 1   0.41E+02  0.21E+00  0.32E+00  0.82E+05  0.14E+02
       H   2 2   0.43E+02  0.22E+00  0.36E+00  0.86E+05  0.15E+02
     ------------------------------------------------------------

     alpha_pv=     34.2152 eV

     Number of occupied bands for each k-point:
     k-point:     1    nbnd_occ=  42
     k-point:     2    nbnd_occ=  42
     k-point:     3    nbnd_occ=  42
     k-point:     4    nbnd_occ=  42
     k-point:     5    nbnd_occ=  42
     k-point:     6    nbnd_occ=  42
     k-point:     7    nbnd_occ=  42
     k-point:     8    nbnd_occ=  42
     k-point:     9    nbnd_occ=  42
     k-point:    10    nbnd_occ=  42
     k-point:    11    nbnd_occ=  42
     k-point:    12    nbnd_occ=  42
     k-point:    13    nbnd_occ=  42
     k-point:    14    nbnd_occ=  42
     k-point:    15    nbnd_occ=  42
     k-point:    16    nbnd_occ=  42


     q-space interpolation up to   110.00 Rydberg

     GIPAW job: efg                                                                             


     ELECTRIC FIELD GRADIENTS TENSORS IN Hartree/bohrradius^2:

     ----- bare term -----
     Cl   1        0.064379        0.059339       -0.022189
     Cl   1        0.059339       -0.032181        0.009857
     Cl   1       -0.022189        0.009857       -0.032198

     C    2       -0.714575        0.460025       -0.379678
     C    2        0.460025        0.356372       -0.071830
     C    2       -0.379678       -0.071830        0.358202

     C    3        0.154608        0.132937       -0.127120
     C    3        0.132937       -0.137348       -0.591223
     C    3       -0.127120       -0.591223       -0.017261

     H    4       -0.035467        0.066430       -0.521269
     H    4        0.066430       -0.020861        0.165752
     H    4       -0.521269        0.165752        0.056328

     C    5       -0.962548        0.385725       -0.461495
     C    5        0.385725        0.457550        0.018744
     C    5       -0.461495        0.018744        0.504997

     H    6        0.444303       -0.037489       -0.075758
     H    6       -0.037489       -0.578445       -0.660302
     H    6       -0.075758       -0.660302        0.134142

     H    7        0.200341        0.404061        0.162560
     H    7        0.404061       -0.498483       -0.165878
     H    7        0.162560       -0.165878        0.298142

     C    8       -0.123097       -0.062257       -0.107913
     C    8       -0.062257       -0.126740        0.076239
     C    8       -0.107913        0.076239        0.249837

     H    9       -0.370485        0.372374        0.211480
     H    9        0.372374        0.181493       -0.108848
     H    9        0.211480       -0.108848        0.188991

     C   10        0.041820       -0.014207        0.189074
     C   10       -0.014207       -0.098672       -0.055372
     C   10        0.189074       -0.055372        0.056852

     C   11       -0.196011        0.159319       -0.173201
     C   11        0.159319        0.026665        0.289989
     C   11       -0.173201        0.289989        0.169346

     Cl  12        0.025201       -0.123522        0.037972
     Cl  12       -0.123522        0.053912       -0.146909
     Cl  12        0.037972       -0.146909       -0.079113

     H   13        0.367383        0.164732        0.114924
     H   13        0.164732       -0.456557       -0.553924
     H   13        0.114924       -0.553924        0.089174

     C   14       -0.022463       -0.068768       -0.232634
     C   14       -0.068768       -0.237500       -0.335869
     C   14       -0.232634       -0.335869        0.259963

     H   15        0.137126       -0.092420       -0.308450
     H   15       -0.092420        0.464213       -0.175815
     H   15       -0.308450       -0.175815       -0.601338

     C   16       -0.414122        0.359010       -0.277943
     C   16        0.359010        0.229444       -0.045487
     C   16       -0.277943       -0.045487        0.184678

     C   17        0.113576       -0.113365       -0.202429
     C   17       -0.113365       -0.464030       -0.385427
     C   17       -0.202429       -0.385427        0.350454

     Cl  18       -0.140682        0.365520        0.084868
     Cl  18        0.365520        0.063005       -0.052721
     Cl  18        0.084868       -0.052721        0.077677

     H   19        0.099334        0.019529       -0.319644
     H   19        0.019529       -0.222823        0.467191
     H   19       -0.319644        0.467191        0.123489

     C   20       -0.517851       -0.330363       -0.022309
     C   20       -0.330363        0.168618        0.372026
     C   20       -0.022309        0.372026        0.349233

     H   21       -0.450800       -0.158107       -0.357377
     H   21       -0.158107        0.119896        0.232528
     H   21       -0.357377        0.232528        0.330903

     C   22       -0.009337       -0.125869       -0.196675
     C   22       -0.125869       -0.079251        0.606941
     C   22       -0.196675        0.606941        0.088589

     C   23       -0.553277       -0.389969       -0.373506
     C   23       -0.389969        0.274566        0.283931
     C   23       -0.373506        0.283931        0.278712

     Cl  24        0.015351       -0.069634        0.021736
     Cl  24       -0.069634        0.030158       -0.049492
     Cl  24        0.021736       -0.049492       -0.045509

     ----- ionic term -----
     Cl   1        0.147477       -0.217922        0.027590
     Cl   1       -0.217922        0.009904       -0.008597
     Cl   1        0.027590       -0.008597       -0.157381

     C    2        0.062163       -0.213604        0.336035
     C    2       -0.213604        0.119917        0.405832
     C    2        0.336035        0.405832       -0.182080

     C    3        0.029576       -0.233361        0.270655
     C    3       -0.233361        0.186943        0.360083
     C    3        0.270655        0.360083       -0.216519

     H    4        0.433312        0.254810        0.740947
     H    4        0.254810       -0.421639        0.248533
     H    4        0.740947        0.248533       -0.011673

     C    5        0.162438       -0.214546        0.395592
     C    5       -0.214546        0.018064        0.258722
     C    5        0.395592        0.258722       -0.180503

     H    6       -0.527671        0.047506        0.053671
     H    6        0.047506        0.543152        0.747894
     H    6        0.053671        0.747894       -0.015481

     H    7       -0.428851       -0.329817        0.120431
     H    7       -0.329817        0.808747       -0.523069
     H    7        0.120431       -0.523069       -0.379896

     C    8        0.414922        0.114754        0.125930
     C    8        0.114754        0.088287       -0.278335
     C    8        0.125930       -0.278335       -0.503209

     H    9        0.869110       -0.293568        0.486213
     H    9       -0.293568       -0.435779       -0.180103
     H    9        0.486213       -0.180103       -0.433331

     C   10        0.259160        0.167464        0.101703
     C   10        0.167464        0.196040       -0.363825
     C   10        0.101703       -0.363825       -0.455200

     C   11        0.363367        0.045825        0.238339
     C   11        0.045825        0.096025       -0.343963
     C   11        0.238339       -0.343963       -0.459392

     Cl  12        0.136754        0.172589       -0.007240
     Cl  12        0.172589        0.016167       -0.017414
     Cl  12       -0.007240       -0.017414       -0.152921

     H   13       -0.525019       -0.024652       -0.000538
     H   13       -0.024652        0.721651        0.655799
     H   13       -0.000538        0.655799       -0.196632

     C   14        0.123795       -0.257184        0.347259
     C   14       -0.257184        0.115282        0.235586
     C   14        0.347259        0.235586       -0.239077

     H   15        0.471106        0.109418        0.813942
     H   15        0.109418       -0.509153        0.160507
     H   15        0.813942        0.160507        0.038047

     C   16        0.041249       -0.314443        0.274978
     C   16       -0.314443        0.179392        0.316204
     C   16        0.274978        0.316204       -0.220641

     C   17        0.100480       -0.276097        0.368033
     C   17       -0.276097        0.103561        0.372387
     C   17        0.368033        0.372387       -0.204041

     Cl  18        0.118347       -0.229128        0.040594
     Cl  18       -0.229128        0.044069       -0.017191
     Cl  18        0.040594       -0.017191       -0.162416

     H   19       -0.480534       -0.284948        0.112704
     H   19       -0.284948        0.810145       -0.573991
     H   19        0.112704       -0.573991       -0.329611

     C   20        0.397227        0.120745        0.162834
     C   20        0.120745        0.086434       -0.324245
     C   20        0.162834       -0.324245       -0.483661

     H   21        0.737305       -0.316414        0.596459
     H   21       -0.316414       -0.409347       -0.224372
     H   21        0.596459       -0.224372       -0.327958

     C   22        0.174221        0.226146        0.076675
     C   22        0.226146        0.256640       -0.434662
     C   22        0.076675       -0.434662       -0.430860

     C   23        0.251443        0.154841        0.111217
     C   23        0.154841        0.201579       -0.390704
     C   23        0.111217       -0.390704       -0.453022

     Cl  24        0.102682        0.218313       -0.032920
     Cl  24        0.218313        0.027197       -0.030000
     Cl  24       -0.032920       -0.030000       -0.129878

     ----- GIPAW term -----
     Cl   1       -0.069162       -0.618579       -0.099647
     Cl   1       -0.618579        2.615732        0.014800
     Cl   1       -0.099647        0.014800       -2.546570

     C    2       -0.156820        0.052267       -0.029392
     C    2        0.052267        0.268488        0.069152
     C    2       -0.029392        0.069152       -0.111668

     C    3       -0.088385        0.016730       -0.000592
     C    3        0.016730        0.236963       -0.007484
     C    3       -0.000592       -0.007484       -0.148578

     H    4       -0.000000        0.000000        0.000000
     H    4        0.000000        0.000000        0.000000
     H    4        0.000000        0.000000        0.000000

     C    5       -0.229622        0.050059       -0.036117
     C    5        0.050059        0.212261        0.182657
     C    5       -0.036117        0.182657        0.017361

     H    6       -0.000000        0.000000        0.000000
     H    6        0.000000        0.000000        0.000000
     H    6        0.000000        0.000000        0.000000

     H    7       -0.000000        0.000000        0.000000
     H    7        0.000000        0.000000        0.000000
     H    7        0.000000        0.000000        0.000000

     C    8       -0.023765       -0.033768       -0.041466
     C    8       -0.033768       -0.012599        0.067694
     C    8       -0.041466        0.067694        0.036364

     H    9       -0.000000        0.000000        0.000000
     H    9        0.000000        0.000000        0.000000
     H    9        0.000000        0.000000        0.000000

     C   10        0.007376        0.009337        0.019971
     C   10        0.009337        0.003440       -0.019126
     C   10        0.019971       -0.019126       -0.010816

     C   11       -0.047473        0.059299       -0.003170
     C   11        0.059299       -0.032625        0.075343
     C   11       -0.003170        0.075343        0.080098

     Cl  12       -0.623657        0.483707       -0.660099
     Cl  12        0.483707       -0.599427        1.333741
     Cl  12       -0.660099        1.333741        1.223084

     H   13       -0.000000        0.000000        0.000000
     H   13        0.000000        0.000000        0.000000
     H   13        0.000000        0.000000        0.000000

     C   14       -0.097313       -0.068976       -0.051882
     C   14       -0.068976        0.050168        0.141403
     C   14       -0.051882        0.141403        0.047145

     H   15       -0.000000        0.000000        0.000000
     H   15        0.000000        0.000000        0.000000
     H   15        0.000000        0.000000        0.000000

     C   16       -0.075020       -0.005970       -0.073200
     C   16       -0.005970        0.016375        0.065683
     C   16       -0.073200        0.065683        0.058645

     C   17       -0.060776       -0.097335       -0.034441
     C   17       -0.097335       -0.058559        0.129032
     C   17       -0.034441        0.129032        0.119335

     Cl  18       -0.589779       -0.488798       -1.274948
     Cl  18       -0.488798       -1.000462        0.643342
     Cl  18       -1.274948        0.643342        1.590241

     H   19       -0.000000        0.000000        0.000000
     H   19        0.000000        0.000000        0.000000
     H   19        0.000000        0.000000        0.000000

     C   20       -0.148502        0.047448        0.080527
     C   20        0.047448        0.117057        0.197694
     C   20        0.080527        0.197694        0.031446

     H   21       -0.000000        0.000000        0.000000
     H   21        0.000000        0.000000        0.000000
     H   21        0.000000        0.000000        0.000000

     C   22       -0.119829        0.013390       -0.026931
     C   22        0.013390        0.251535        0.044466
     C   22       -0.026931        0.044466       -0.131706

     C   23       -0.148358       -0.030249       -0.058942
     C   23       -0.030249        0.267993        0.110916
     C   23       -0.058942        0.110916       -0.119635

     Cl  24        0.132746        0.172827        0.427234
     Cl  24        0.172827        2.130219       -1.204682
     Cl  24        0.427234       -1.204682       -2.262965

     ----- total EFG -----
     Cl   1        0.142695       -0.777161       -0.094246
     Cl   1       -0.777161        2.593455        0.016059
     Cl   1       -0.094246        0.016059       -2.736149

     C    2       -0.809232        0.298688       -0.073035
     C    2        0.298688        0.744777        0.403155
     C    2       -0.073035        0.403155        0.064455

     C    3        0.095799       -0.083694        0.142943
     C    3       -0.083694        0.286559       -0.238624
     C    3        0.142943       -0.238624       -0.382358

     H    4        0.397845        0.321240        0.219678
     H    4        0.321240       -0.442500        0.414285
     H    4        0.219678        0.414285        0.044655

     C    5       -1.029731        0.221238       -0.102020
     C    5        0.221238        0.687875        0.460124
     C    5       -0.102020        0.460124        0.341856

     H    6       -0.083368        0.010016       -0.022087
     H    6        0.010016       -0.035293        0.087592
     H    6       -0.022087        0.087592        0.118661

     H    7       -0.228510        0.074244        0.282991
     H    7        0.074244        0.310264       -0.688947
     H    7        0.282991       -0.688947       -0.081755

     C    8        0.268059        0.018728       -0.023449
     C    8        0.018728       -0.051052       -0.134402
     C    8       -0.023449       -0.134402       -0.217008

     H    9        0.498625        0.078806        0.697693
     H    9        0.078806       -0.254286       -0.288951
     H    9        0.697693       -0.288951       -0.244339

     C   10        0.308356        0.162594        0.310748
     C   10        0.162594        0.100808       -0.438323
     C   10        0.310748       -0.438323       -0.409165

     C   11        0.119883        0.264443        0.061969
     C   11        0.264443        0.090065        0.021370
     C   11        0.061969        0.021370       -0.209948

     Cl  12       -0.461702        0.532774       -0.629368
     Cl  12        0.532774       -0.529348        1.169417
     Cl  12       -0.629368        1.169417        0.991050

     H   13       -0.157636        0.140080        0.114385
     H   13        0.140080        0.265094        0.101874
     H   13        0.114385        0.101874       -0.107458

     C   14        0.004019       -0.394927        0.062743
     C   14       -0.394927       -0.072050        0.041121
     C   14        0.062743        0.041121        0.068031

     H   15        0.608232        0.016997        0.505492
     H   15        0.016997       -0.044940       -0.015308
     H   15        0.505492       -0.015308       -0.563291

     C   16       -0.447893        0.038597       -0.076165
     C   16        0.038597        0.425212        0.336400
     C   16       -0.076165        0.336400        0.022682

     C   17        0.153279       -0.486797        0.131164
     C   17       -0.486797       -0.419028        0.115991
     C   17        0.131164        0.115991        0.265748

     Cl  18       -0.612114       -0.352407       -1.149486
     Cl  18       -0.352407       -0.893388        0.573429
     Cl  18       -1.149486        0.573429        1.505503

     H   19       -0.381200       -0.265419       -0.206940
     H   19       -0.265419        0.587322       -0.106800
     H   19       -0.206940       -0.106800       -0.206122

     C   20       -0.269126       -0.162171        0.221051
     C   20       -0.162171        0.372108        0.245475
     C   20        0.221051        0.245475       -0.102982

     H   21        0.286505       -0.474520        0.239082
     H   21       -0.474520       -0.289450        0.008156
     H   21        0.239082        0.008156        0.002946

     C   22        0.045054        0.113667       -0.146931
     C   22        0.113667        0.428924        0.216745
     C   22       -0.146931        0.216745       -0.473978

     C   23       -0.450192       -0.265378       -0.321231
     C   23       -0.265378        0.744138        0.004142
     C   23       -0.321231        0.004142       -0.293945

     Cl  24        0.250778        0.321507        0.416050
     Cl  24        0.321507        2.187575       -1.284174
     Cl  24        0.416050       -1.284174       -2.438353

     ----- total EFG (symmetrized) -----
     Cl   1        0.142695       -0.777161       -0.094246
     Cl   1       -0.777161        2.593455        0.016059
     Cl   1       -0.094246        0.016059       -2.736149

     C    2       -0.809232        0.298688       -0.073035
     C    2        0.298688        0.744777        0.403155
     C    2       -0.073035        0.403155        0.064455

     C    3        0.095799       -0.083694        0.142943
     C    3       -0.083694        0.286559       -0.238624
     C    3        0.142943       -0.238624       -0.382358

     H    4        0.397845        0.321240        0.219678
     H    4        0.321240       -0.442500        0.414285
     H    4        0.219678        0.414285        0.044655

     C    5       -1.029731        0.221238       -0.102020
     C    5        0.221238        0.687875        0.460124
     C    5       -0.102020        0.460124        0.341856

     H    6       -0.083368        0.010016       -0.022087
     H    6        0.010016       -0.035293        0.087592
     H    6       -0.022087        0.087592        0.118661

     H    7       -0.228510        0.074244        0.282991
     H    7        0.074244        0.310264       -0.688947
     H    7        0.282991       -0.688947       -0.081755

     C    8        0.268059        0.018728       -0.023449
     C    8        0.018728       -0.051052       -0.134402
     C    8       -0.023449       -0.134402       -0.217008

     H    9        0.498625        0.078806        0.697693
     H    9        0.078806       -0.254286       -0.288951
     H    9        0.697693       -0.288951       -0.244339

     C   10        0.308356        0.162594        0.310748
     C   10        0.162594        0.100808       -0.438323
     C   10        0.310748       -0.438323       -0.409165

     C   11        0.119883        0.264443        0.061969
     C   11        0.264443        0.090065        0.021370
     C   11        0.061969        0.021370       -0.209948

     Cl  12       -0.461702        0.532774       -0.629368
     Cl  12        0.532774       -0.529348        1.169417
     Cl  12       -0.629368        1.169417        0.991050

     H   13       -0.157636        0.140080        0.114385
     H   13        0.140080        0.265094        0.101874
     H   13        0.114385        0.101874       -0.107458

     C   14        0.004019       -0.394927        0.062743
     C   14       -0.394927       -0.072050        0.041121
     C   14        0.062743        0.041121        0.068031

     H   15        0.608232        0.016997        0.505492
     H   15        0.016997       -0.044940       -0.015308
     H   15        0.505492       -0.015308       -0.563291

     C   16       -0.447893        0.038597       -0.076165
     C   16        0.038597        0.425212        0.336400
     C   16       -0.076165        0.336400        0.022682

     C   17        0.153279       -0.486797        0.131164
     C   17       -0.486797       -0.419028        0.115991
     C   17        0.131164        0.115991        0.265748

     Cl  18       -0.612114       -0.352407       -1.149486
     Cl  18       -0.352407       -0.893388        0.573429
     Cl  18       -1.149486        0.573429        1.505503

     H   19       -0.381200       -0.265419       -0.206940
     H   19       -0.265419        0.587322       -0.106800
     H   19       -0.206940       -0.106800       -0.206122

     C   20       -0.269126       -0.162171        0.221051
     C   20       -0.162171        0.372108        0.245475
     C   20        0.221051        0.245475       -0.102982

     H   21        0.286505       -0.474520        0.239082
     H   21       -0.474520       -0.289450        0.008156
     H   21        0.239082        0.008156        0.002946

     C   22        0.045054        0.113667       -0.146931
     C   22        0.113667        0.428924        0.216745
     C   22       -0.146931        0.216745       -0.473978

     C   23       -0.450192       -0.265378       -0.321231
     C   23       -0.265378        0.744138        0.004142
     C   23       -0.321231        0.004142       -0.293945

     Cl  24        0.250778        0.321507        0.416050
     Cl  24        0.321507        2.187575       -1.284174
     Cl  24        0.416050       -1.284174       -2.438353


     NQR/NMR SPECTROSCOPIC PARAMETERS:
     Cl   1    Vxx=   -0.0802    axis=( -0.959700 -0.279156  0.032367)
     Cl   1    Vyy=   -2.7392    axis=(  0.033176  0.001825  0.999448)
     Cl   1    Vzz=    2.8194    axis=( -0.279060  0.960244  0.007510)
     Cl   1  Q=        -8.1650 1e-30 m^2  Cq=       -54.0894 MHz  eta= 0.94312

     C    2    Vxx=   -0.0762    axis=( -0.235838 -0.357884  0.903493)
     C    2    Vyy=   -0.8890    axis=( -0.962142  0.216687 -0.165315)
     C    2    Vzz=    0.9652    axis=( -0.136611 -0.908276 -0.395438)
     C    2  Q=         1.0000 1e-30 m^2  Cq=         2.2679 MHz  eta= 0.84216

     C    3    Vxx=    0.0676    axis=(  0.905951  0.418203  0.066022)
     C    3    Vyy=    0.4131    axis=( -0.376204  0.866688 -0.327601)
     C    3    Vzz=   -0.4807    axis=( -0.194224  0.271953  0.942506)
     C    3  Q=         1.0000 1e-30 m^2  Cq=        -1.1294 MHz  eta= 0.71880

     H    4    Vxx=    0.0018    axis=( -0.616812  0.249951  0.746369)
     H    4    Vyy=    0.7070    axis=( -0.768559 -0.395916 -0.502562)
     H    4    Vzz=   -0.7088    axis=( -0.169884  0.883615 -0.436307)
     H    4  Q=         1.0000 1e-30 m^2  Cq=        -1.6655 MHz  eta= 0.99478

     C    5    Vxx=    0.0630    axis=( -0.185844 -0.539090  0.821489)
     C    5    Vyy=    1.0141    axis=(  0.061806  0.827984  0.557334)
     C    5    Vzz=   -1.0771    axis=( -0.980633  0.154351 -0.120557)
     C    5  Q=         1.0000 1e-30 m^2  Cq=        -2.5307 MHz  eta= 0.88304

     H    6    Vxx=   -0.0609    axis=( -0.609787 -0.739294  0.285665)
     H    6    Vyy=   -0.0985    axis=( -0.789801  0.536740 -0.296858)
     H    6    Vzz=    0.1594    axis=( -0.066137  0.406638  0.911192)
     H    6  Q=         1.0000 1e-30 m^2  Cq=         0.3744 MHz  eta= 0.23595

     H    7    Vxx=   -0.0969    axis=(  0.876604  0.366929  0.311334)
     H    7    Vyy=   -0.7458    axis=(  0.468846 -0.505511 -0.724322)
     H    7    Vzz=    0.8427    axis=(  0.108392 -0.780911  0.615166)
     H    7  Q=         1.0000 1e-30 m^2  Cq=         1.9800 MHz  eta= 0.76996

     C    8    Vxx=    0.0208    axis=( -0.111463  0.869830 -0.480596)
     C    8    Vyy=    0.2714    axis=( -0.993560 -0.087638  0.071817)
     C    8    Vzz=   -0.2922    axis=(  0.020350  0.485506  0.873997)
     C    8  Q=         1.0000 1e-30 m^2  Cq=        -0.6866 MHz  eta= 0.85759

     H    9    Vxx=   -0.1104    axis=(  0.297320  0.884537 -0.359437)
     H    9    Vyy=   -0.8130    axis=( -0.438185  0.460887  0.771736)
     H    9    Vzz=    0.9234    axis=(  0.848289 -0.071953  0.524622)
     H    9  Q=         1.0000 1e-30 m^2  Cq=         2.1697 MHz  eta= 0.76093

     C   10    Vxx=    0.3504    axis=(  0.173427  0.882069 -0.438037)
     C   10    Vyy=    0.4242    axis=(  0.935480 -0.008490  0.353278)
     C   10    Vzz=   -0.7747    axis=( -0.307896  0.471043  0.826631)
     C   10  Q=         1.0000 1e-30 m^2  Cq=        -1.8202 MHz  eta= 0.09525

     C   11    Vxx=   -0.1491    axis=(  0.606400 -0.703606  0.370429)
     C   11    Vyy=   -0.2268    axis=(  0.323259 -0.207484 -0.923284)
     C   11    Vzz=    0.3759    axis=(  0.726486  0.679625  0.101629)
     C   11  Q=         1.0000 1e-30 m^2  Cq=         0.8833 MHz  eta= 0.20681

     Cl  12    Vxx=   -0.0064    axis=(  0.823590  0.552525 -0.128122)
     Cl  12    Vyy=   -1.6657    axis=( -0.546065  0.711358 -0.442474)
     Cl  12    Vzz=    1.6721    axis=( -0.153337  0.434380  0.887582)
     Cl  12  Q=        -8.1650 1e-30 m^2  Cq=       -32.0782 MHz  eta= 0.99238

     H   13    Vxx=   -0.0911    axis=(  0.475842 -0.409676  0.778293)
     H   13    Vyy=   -0.2547    axis=( -0.820715  0.111337  0.560385)
     H   13    Vzz=    0.3459    axis=(  0.316229  0.905411  0.283249)
     H   13  Q=         1.0000 1e-30 m^2  Cq=         0.8127 MHz  eta= 0.47296

     C   14    Vxx=    0.0772    axis=(  0.046832  0.148264  0.987838)
     C   14    Vyy=    0.3640    axis=( -0.742638  0.666548 -0.064834)
     C   14    Vzz=   -0.4411    axis=( -0.668054 -0.730570  0.141322)
     C   14  Q=         1.0000 1e-30 m^2  Cq=        -1.0365 MHz  eta= 0.65010

     H   15    Vxx=   -0.0445    axis=( -0.001817  0.999510 -0.031263)
     H   15    Vyy=   -0.7518    axis=(  0.348556 -0.028669 -0.936849)
     H   15    Vzz=    0.7963    axis=( -0.937286 -0.012599 -0.348333)
     H   15  Q=         1.0000 1e-30 m^2  Cq=         1.8710 MHz  eta= 0.88826

     C   16    Vxx=   -0.1441    axis=( -0.270305 -0.476120  0.836807)
     C   16    Vyy=   -0.4719    axis=( -0.962767  0.130254 -0.236881)
     C   16    Vzz=    0.6160    axis=(  0.003786 -0.869680 -0.493601)
     C   16  Q=         1.0000 1e-30 m^2  Cq=         1.4473 MHz  eta= 0.53207

     C   17    Vxx=    0.2740    axis=( -0.208899  0.302390  0.930012)
     C   17    Vyy=    0.4514    axis=( -0.842391  0.427401 -0.328186)
     C   17    Vzz=   -0.7254    axis=( -0.496728 -0.851991  0.165447)
     C   17  Q=         1.0000 1e-30 m^2  Cq=        -1.7043 MHz  eta= 0.24452

     Cl  18    Vxx=   -0.9795    axis=( -0.431874  0.814359 -0.387691)
     Cl  18    Vyy=   -1.1759    axis=(  0.809468  0.539548  0.231623)
     Cl  18    Vzz=    2.1554    axis=( -0.397802  0.213792  0.892214)
     Cl  18  Q=        -8.1650 1e-30 m^2  Cq=       -41.3506 MHz  eta= 0.09114

     H   19    Vxx=   -0.0729    axis=( -0.514638 -0.068636  0.854656)
     H   19    Vyy=   -0.5857    axis=(  0.824594  0.233501  0.515288)
     H   19    Vzz=    0.6586    axis=( -0.234930  0.969931 -0.063572)
     H   19  Q=         1.0000 1e-30 m^2  Cq=         1.5475 MHz  eta= 0.77852

     C   20    Vxx=    0.0267    axis=(  0.656075 -0.207601  0.725581)
     C   20    Vyy=    0.4823    axis=( -0.096748  0.930353  0.353670)
     C   20    Vzz=   -0.5089    axis=( -0.748469 -0.302232  0.590297)
     C   20  Q=         1.0000 1e-30 m^2  Cq=        -1.1958 MHz  eta= 0.89524

     H   21    Vxx=   -0.0378    axis=( -0.169129  0.348836  0.921796)
     H   21    Vyy=   -0.5846    axis=(  0.512514  0.830001 -0.220063)
     H   21    Vzz=    0.6225    axis=( -0.841858  0.435215 -0.319160)
     H   21  Q=         1.0000 1e-30 m^2  Cq=         1.4625 MHz  eta= 0.87844

     C   22    Vxx=    0.0771    axis=(  0.946274 -0.120969 -0.299886)
     C   22    Vyy=    0.4928    axis=( -0.183078 -0.964861 -0.188485)
     C   22    Vzz=   -0.5699    axis=(  0.266547 -0.233261  0.935170)
     C   22  Q=         1.0000 1e-30 m^2  Cq=        -1.3391 MHz  eta= 0.72948

     C   23    Vxx=   -0.0731    axis=( -0.558343 -0.185409  0.808626)
     C   23    Vyy=   -0.7322    axis=( -0.799036 -0.141987 -0.584278)
     C   23    Vzz=    0.8053    axis=(  0.223145 -0.972349 -0.068872)
     C   23  Q=         1.0000 1e-30 m^2  Cq=         1.8922 MHz  eta= 0.81849

     Cl  24    Vxx=    0.3073    axis=(  0.983706 -0.050325  0.172597)
     Cl  24    Vyy=    2.5392    axis=(  0.091803  0.966035 -0.241555)
     Cl  24    Vzz=   -2.8466    axis=( -0.154579  0.253464  0.954914)
     Cl  24  Q=        -8.1650 1e-30 m^2  Cq=        54.6099 MHz  eta= 0.78407

     Initialization:
     gipaw_setup  :      9.16s CPU     11.63s WALL (       1 calls)

     Linear response

     Apply operators

     Induced current

     Other routines
     efg          :      9.83s CPU     12.27s WALL (       1 calls)

     General routines
     calbec       :      3.42s CPU      4.34s WALL (      16 calls)
     fft          :      1.90s CPU      3.33s WALL (      15 calls)
     ffts         :      0.04s CPU      0.05s WALL (       2 calls)
     fftw         :      3.60s CPU      4.54s WALL (     672 calls)
     davcio       :      0.05s CPU      0.34s WALL (      32 calls)

     Parallel routines
     fft_scatter  :      2.89s CPU      5.02s WALL (     689 calls)

     Plugins

     GIPAW        :     61.63s CPU     73.66s WALL (       1 calls)
