
     Program QE v.6.0 (svn rev. 13079) starts on 24Jan2017 at  9:24: 6 

     This program is part of the open-source Quantum ESPRESSO suite
     for quantum simulation of materials; please cite
         "P. Giannozzi et al., J. Phys.:Condens. Matter 21 395502 (2009);
          URL http://www.quantum-espresso.org", 
     in publications or presentations arising from this work. More details at
     http://www.quantum-espresso.org/quote

     Parallel version (MPI), running on     8 processors
     R & G space division:  proc/nbgrp/npool/nimage =       8

     ***** This is GIPAW svn revision unknown      *****

     Parallelizing q-star over 1 images

     Reading data from directory:
     /users/majewski/paradichlorobenzene/pbe/9_constraint/scratch/pbe.ecut100.np8.dt60.pcl2phi-129368.save
     Message from routine read_xml_file:
     file /users/majewski/paradichlorobenzene/pbe/9_constraint/scratch/pbe.ecut100.np8.dt60.pcl2phi-129368.save not guaranteed to be safe for post-processing

   Info: using nr1, nr2, nr3 values from input

   Info: using nr1, nr2, nr3 values from input

     IMPORTANT: XC functional enforced from input :
     Exchange-correlation      =  SLA  PW   PBX  PBC ( 1  4  3  4 0 0)
     Any further DFT definition will be discarded
     Please, verify this is what you really want

               file C.pbe-n-kjpaw_psl.1.0.0.UPF: wavefunction(s)  2S 2P renormalized
               file Cl.pbe-n-kjpaw_psl.1.0.0.UPF: wavefunction(s)  3S 3P renormalized
               file H.pbe-kjpaw_psl.1.0.0.UPF: wavefunction(s)  1S renormalized

     Parallelization info
     --------------------
     sticks:   dense  smooth     PW     G-vecs:    dense   smooth      PW
     Min        3057    1223    332               144436    36536    5170
     Max        3059    1225    333               144437    36537    5171
     Sum       24467    9791   2657              1155489   292295   41363


     Subspace diagonalization in iterative solution of the eigenvalue problem:
     a serial algorithm will be used

     GIPAW projectors -----------------------------------------------
     atom=  C    l=0  rc=    1.2000  rs=    0.8000
     atom=  C    l=0  rc=    1.2000  rs=    0.8000
     atom=  C    l=1  rc=    1.4000  rs=    0.9333
     atom=  C    l=1  rc=    1.4000  rs=    0.9333
     projs nearly linearly dependent: l=1  n1,n2= 1, 2  s=  0.99951561

     atom=  Cl   l=0  rc=    1.6000  rs=    1.0667
     atom=  Cl   l=0  rc=    1.6000  rs=    1.0667
     atom=  Cl   l=1  rc=    1.6000  rs=    1.0667
     atom=  Cl   l=1  rc=    1.6000  rs=    1.0667
     atom=  Cl   l=2  rc=    1.6000  rs=    1.0667
     atom=  Cl   l=2  rc=    1.6000  rs=    1.0667
     projs nearly linearly dependent: l=2  n1,n2= 1, 2  s=  0.99993509

     atom=  H    l=0  rc=    1.0000  rs=    0.6667
     atom=  H    l=0  rc=    1.0000  rs=    0.6667
     projs nearly linearly dependent: l=0  n1,n2= 1, 2  s=  0.99968852
     -----------------------------------------------------------------

     GIPAW integrals: -------------------------------------------
     Atom  i/j   nmr_para   nmr_dia   epr_rmc  epr_para   epr_dia
       C   1 1   0.83E+03  0.17E-01  0.93E+01  0.24E+08  0.24E+03
       C   2 1   0.86E+03 -0.61E-01  0.94E+01  0.25E+08  0.25E+03
       C   2 2   0.90E+03 -0.15E+00  0.97E+01  0.26E+08  0.26E+03
       C   3 3   0.33E+01  0.34E+00  0.18E+01  0.55E+03  0.21E+02
       C   4 3   0.35E+01  0.37E+00  0.20E+01  0.59E+03  0.22E+02
       C   4 4   0.38E+01  0.39E+00  0.22E+01  0.63E+03  0.24E+02
       Cl  1 1   0.14E+04 -0.47E+00  0.84E+01  0.32E+09  0.42E+03
       Cl  2 1   0.21E+04 -0.37E+00  0.12E+02  0.49E+09  0.65E+03
       Cl  2 2   0.33E+04 -0.16E+00  0.21E+02  0.76E+09  0.10E+04
       Cl  3 3   0.21E+02  0.79E-01  0.89E+01  0.23E+05  0.13E+03
       Cl  4 3   0.24E+02  0.67E-01  0.99E+01  0.27E+05  0.15E+03
       Cl  4 4   0.28E+02  0.44E-01  0.11E+02  0.32E+05  0.18E+03
       Cl  5 5   0.77E+00  0.19E+00  0.18E+01  0.12E+03  0.22E+02
       Cl  6 5   0.80E+00  0.19E+00  0.19E+01  0.12E+03  0.23E+02
       Cl  6 6   0.83E+00  0.20E+00  0.19E+01  0.12E+03  0.23E+02
       H   1 1   0.39E+02  0.19E+00  0.29E+00  0.78E+05  0.13E+02
       H   2 1   0.41E+02  0.21E+00  0.32E+00  0.82E+05  0.14E+02
       H   2 2   0.43E+02  0.22E+00  0.36E+00  0.86E+05  0.15E+02
     ------------------------------------------------------------

     alpha_pv=     34.1100 eV

     Number of occupied bands for each k-point:
     k-point:     1    nbnd_occ=  42
     k-point:     2    nbnd_occ=  42
     k-point:     3    nbnd_occ=  42
     k-point:     4    nbnd_occ=  42
     k-point:     5    nbnd_occ=  42
     k-point:     6    nbnd_occ=  42
     k-point:     7    nbnd_occ=  42
     k-point:     8    nbnd_occ=  42
     k-point:     9    nbnd_occ=  42
     k-point:    10    nbnd_occ=  42
     k-point:    11    nbnd_occ=  42
     k-point:    12    nbnd_occ=  42
     k-point:    13    nbnd_occ=  42
     k-point:    14    nbnd_occ=  42
     k-point:    15    nbnd_occ=  42
     k-point:    16    nbnd_occ=  42


     q-space interpolation up to   110.00 Rydberg

     GIPAW job: efg                                                                             


     ELECTRIC FIELD GRADIENTS TENSORS IN Hartree/bohrradius^2:

     ----- bare term -----
     Cl   1       -0.172130        0.119541        0.028526
     Cl   1        0.119541        0.017039       -0.125718
     Cl   1        0.028526       -0.125718        0.155091

     C    2       -0.016859        0.026466       -0.204832
     C    2        0.026466        0.031429       -0.633832
     C    2       -0.204832       -0.633832       -0.014570

     C    3       -0.514456        0.392055       -0.326448
     C    3        0.392055        0.242205       -0.243858
     C    3       -0.326448       -0.243858        0.272251

     H    4       -0.441646       -0.414221       -0.431622
     H    4       -0.414221        0.212296       -0.226790
     H    4       -0.431622       -0.226790        0.229350

     C    5       -0.113172        0.240481       -0.156349
     C    5        0.240481       -0.041424       -0.430324
     C    5       -0.156349       -0.430324        0.154597

     H    6        0.445572        0.009245        0.030173
     H    6        0.009245       -0.405029       -0.637278
     H    6        0.030173       -0.637278       -0.040543

     H    7        0.121048        0.087640       -0.126618
     H    7        0.087640       -0.381886        0.530376
     H    7       -0.126618        0.530376        0.260838

     C    8       -0.665405       -0.312591       -0.392061
     C    8       -0.312591        0.200829        0.118122
     C    8       -0.392061        0.118122        0.464576

     H    9       -0.658004        0.090939        0.079930
     H    9        0.090939        0.425293        0.218076
     H    9        0.079930        0.218076        0.232711

     C   10       -0.015092        0.033702       -0.348407
     C   10        0.033702       -0.267845        0.539475
     C   10       -0.348407        0.539475        0.282937

     C   11       -0.477025       -0.296390       -0.311315
     C   11       -0.296390        0.140042        0.391914
     C   11       -0.311315        0.391914        0.336983

     Cl  12       -0.020034        0.068658       -0.030369
     Cl  12        0.068658        0.149933        0.016654
     Cl  12       -0.030369        0.016654       -0.129899

     H   13        0.547136        0.019017       -0.011116
     H   13        0.019017       -0.033176       -0.178709
     H   13       -0.011116       -0.178709       -0.513961

     C   14       -0.676997        0.326338       -0.210916
     C   14        0.326338        0.376810       -0.150041
     C   14       -0.210916       -0.150041        0.300187

     H   15       -0.412116        0.254357       -0.337658
     H   15        0.254357        0.043467       -0.208903
     H   15       -0.337658       -0.208903        0.368650

     C   16        0.053191        0.026204       -0.215220
     C   16        0.026204       -0.036094       -0.640284
     C   16       -0.215220       -0.640284       -0.017096

     C   17       -0.645738        0.380776       -0.389980
     C   17        0.380776        0.351836       -0.168674
     C   17       -0.389980       -0.168674        0.293902

     Cl  18       -0.089926        0.008347        0.046514
     Cl  18        0.008347       -0.056925        0.095155
     Cl  18        0.046514        0.095155        0.146851

     H   19        0.454058       -0.054131       -0.066177
     H   19       -0.054131       -0.789409        0.004140
     H   19       -0.066177        0.004140        0.335351

     C   20       -0.198992       -0.014065       -0.250656
     C   20       -0.014065        0.002285        0.478780
     C   20       -0.250656        0.478780        0.196707

     H   21       -0.219628        0.501994       -0.135274
     H   21        0.501994       -0.141039       -0.114021
     H   21       -0.135274       -0.114021        0.360667

     C   22       -0.636548       -0.321121       -0.150226
     C   22       -0.321121        0.258049        0.276488
     C   22       -0.150226        0.276488        0.378500

     C   23       -0.065624        0.108738       -0.318666
     C   23        0.108738        0.030923        0.684527
     C   23       -0.318666        0.684527        0.034701

     Cl  24       -0.228505       -0.258272       -0.009205
     Cl  24       -0.258272        0.214539        0.001326
     Cl  24       -0.009205        0.001326        0.013966

     ----- ionic term -----
     Cl   1        0.079064       -0.196784        0.009139
     Cl   1       -0.196784        0.070861        0.001673
     Cl   1        0.009139        0.001673       -0.149925

     C    2        0.174328       -0.160537        0.285071
     C    2       -0.160537        0.075329        0.390637
     C    2        0.285071        0.390637       -0.249657

     C    3        0.152044       -0.207069        0.191116
     C    3       -0.207069        0.061776        0.394968
     C    3        0.191116        0.394968       -0.213821

     H    4        0.565796        0.171706        0.730674
     H    4        0.171706       -0.524761        0.181655
     H    4        0.730674        0.181655       -0.041035

     C    5        0.285368       -0.181281        0.186088
     C    5       -0.181281       -0.032399        0.332922
     C    5        0.186088        0.332922       -0.252969

     H    6       -0.504362       -0.033215       -0.027693
     H    6       -0.033215        0.406333        0.799248
     H    6       -0.027693        0.799248        0.098029

     H    7       -0.495775       -0.191084        0.109586
     H    7       -0.191084        0.657152       -0.682695
     H    7        0.109586       -0.682695       -0.161377

     C    8        0.343692        0.132288        0.237860
     C    8        0.132288        0.075259       -0.292036
     C    8        0.237860       -0.292036       -0.418951

     H    9        0.845982       -0.387105        0.409171
     H    9       -0.387105       -0.358287       -0.171807
     H    9        0.409171       -0.171807       -0.487695

     C   10        0.241085        0.197627        0.132094
     C   10        0.197627        0.245839       -0.324885
     C   10        0.132094       -0.324885       -0.486924

     C   11        0.241608        0.122917        0.225564
     C   11        0.122917        0.207717       -0.357566
     C   11        0.225564       -0.357566       -0.449325

     Cl  12        0.153393        0.220434        0.000279
     Cl  12        0.220434        0.003648       -0.008113
     Cl  12        0.000279       -0.008113       -0.157041

     H   13       -0.517334        0.067307        0.082906
     H   13        0.067307        0.423736        0.800979
     H   13        0.082906        0.800979        0.093599

     C   14        0.327621       -0.186666        0.230276
     C   14       -0.186666       -0.065569        0.331593
     C   14        0.230276        0.331593       -0.262052

     H   15        0.767231        0.338656        0.521897
     H   15        0.338656       -0.431723        0.212675
     H   15        0.521897        0.212675       -0.335508

     C   16        0.192426       -0.188987        0.114029
     C   16       -0.188987        0.094449        0.436025
     C   16        0.114029        0.436025       -0.286875

     C   17        0.204432       -0.158416        0.164853
     C   17       -0.158416        0.042175        0.487174
     C   17        0.164853        0.487174       -0.246607

     Cl  18        0.156227       -0.226147       -0.051946
     Cl  18       -0.226147       -0.023367        0.037746
     Cl  18       -0.051946        0.037746       -0.132861

     H   19       -0.499630        0.043980       -0.009159
     H   19        0.043980        0.711380       -0.666025
     H   19       -0.009159       -0.666025       -0.211750

     C   20        0.329355        0.244023        0.257502
     C   20        0.244023        0.136123       -0.240920
     C   20        0.257502       -0.240920       -0.465478

     H   21        0.816586       -0.395880        0.465968
     H   21       -0.395880       -0.363916       -0.203870
     H   21        0.465968       -0.203870       -0.452669

     C   22        0.234344        0.287863        0.188144
     C   22        0.287863        0.212843       -0.295138
     C   22        0.188144       -0.295138       -0.447186

     C   23        0.280457        0.149439        0.227455
     C   23        0.149439        0.112538       -0.348675
     C   23        0.227455       -0.348675       -0.392995

     Cl  24        0.159047        0.194870        0.018406
     Cl  24        0.194870       -0.002013        0.002417
     Cl  24        0.018406        0.002417       -0.157034

     ----- GIPAW term -----
     Cl   1        0.345464       -1.870916        0.184517
     Cl   1       -1.870916        0.266806       -1.035921
     Cl   1        0.184517       -1.035921       -0.612270

     C    2       -0.045743        0.012358       -0.057734
     C    2        0.012358        0.153195       -0.181397
     C    2       -0.057734       -0.181397       -0.107452

     C    3       -0.135347        0.193548       -0.089104
     C    3        0.193548        0.226950       -0.053842
     C    3       -0.089104       -0.053842       -0.091603

     H    4       -0.000000        0.000000        0.000000
     H    4        0.000000        0.000000        0.000000
     H    4        0.000000        0.000000        0.000000

     C    5       -0.086597        0.127056        0.008287
     C    5        0.127056        0.210835       -0.031007
     C    5        0.008287       -0.031007       -0.124238

     H    6       -0.000000        0.000000        0.000000
     H    6        0.000000        0.000000        0.000000
     H    6        0.000000        0.000000        0.000000

     H    7       -0.000000        0.000000        0.000000
     H    7        0.000000        0.000000        0.000000
     H    7        0.000000        0.000000        0.000000

     C    8       -0.137769        0.050362       -0.094116
     C    8        0.050362        0.129925       -0.086548
     C    8       -0.094116       -0.086548        0.007845

     H    9       -0.000000        0.000000        0.000000
     H    9        0.000000        0.000000        0.000000
     H    9        0.000000        0.000000        0.000000

     C   10       -0.008574        0.128939       -0.129004
     C   10        0.128939        0.010921        0.013516
     C   10       -0.129004        0.013516       -0.002347

     C   11       -0.111398        0.085398       -0.034040
     C   11        0.085398        0.200366        0.131921
     C   11       -0.034040        0.131921       -0.088969

     Cl  12        0.843390        2.447626       -0.179247
     Cl  12        2.447626        1.530282        0.198887
     Cl  12       -0.179247        0.198887       -2.373672

     H   13       -0.000000        0.000000        0.000000
     H   13        0.000000        0.000000        0.000000
     H   13        0.000000        0.000000        0.000000

     C   14       -0.164497        0.032841       -0.010921
     C   14        0.032841        0.204696       -0.082691
     C   14       -0.010921       -0.082691       -0.040199

     H   15       -0.000000        0.000000        0.000000
     H   15        0.000000        0.000000        0.000000
     H   15        0.000000        0.000000        0.000000

     C   16       -0.113407       -0.054700       -0.024744
     C   16       -0.054700        0.267711       -0.088025
     C   16       -0.024744       -0.088025       -0.154304

     C   17       -0.159712        0.022433       -0.046849
     C   17        0.022433        0.298913        0.041119
     C   17       -0.046849        0.041119       -0.139201

     Cl  18       -0.421885       -1.593588        0.325112
     Cl  18       -1.593588       -0.726058        1.652591
     Cl  18        0.325112        1.652591        1.147943

     H   19       -0.000000        0.000000        0.000000
     H   19        0.000000        0.000000        0.000000
     H   19        0.000000        0.000000        0.000000

     C   20       -0.108681       -0.016784       -0.033600
     C   20       -0.016784        0.142185        0.225386
     C   20       -0.033600        0.225386       -0.033503

     H   21       -0.000000        0.000000        0.000000
     H   21        0.000000        0.000000        0.000000
     H   21        0.000000        0.000000        0.000000

     C   22       -0.209808        0.054022       -0.005079
     C   22        0.054022        0.286606        0.074182
     C   22       -0.005079        0.074182       -0.076798

     C   23       -0.034901        0.124369       -0.049789
     C   23        0.124369        0.209645        0.136125
     C   23       -0.049789        0.136125       -0.174744

     Cl  24       -0.296997        0.540408       -0.111646
     Cl  24        0.540408        2.327078       -0.061365
     Cl  24       -0.111646       -0.061365       -2.030081

     ----- total EFG -----
     Cl   1        0.252398       -1.948159        0.222182
     Cl   1       -1.948159        0.354707       -1.159965
     Cl   1        0.222182       -1.159965       -0.607104

     C    2        0.111726       -0.121713        0.022504
     C    2       -0.121713        0.259953       -0.424592
     C    2        0.022504       -0.424592       -0.371679

     C    3       -0.497758        0.378533       -0.224436
     C    3        0.378533        0.530931        0.097269
     C    3       -0.224436        0.097269       -0.033173

     H    4        0.124150       -0.242515        0.299052
     H    4       -0.242515       -0.312465       -0.045136
     H    4        0.299052       -0.045136        0.188315

     C    5        0.085598        0.186255        0.038026
     C    5        0.186255        0.137013       -0.128410
     C    5        0.038026       -0.128410       -0.222611

     H    6       -0.058790       -0.023970        0.002480
     H    6       -0.023970        0.001305        0.161970
     H    6        0.002480        0.161970        0.057485

     H    7       -0.374727       -0.103444       -0.017032
     H    7       -0.103444        0.275265       -0.152320
     H    7       -0.017032       -0.152320        0.099461

     C    8       -0.459482       -0.129941       -0.248317
     C    8       -0.129941        0.406013       -0.260462
     C    8       -0.248317       -0.260462        0.053469

     H    9        0.187978       -0.296166        0.489101
     H    9       -0.296166        0.067006        0.046270
     H    9        0.489101        0.046270       -0.254984

     C   10        0.217419        0.360268       -0.345317
     C   10        0.360268       -0.011085        0.228106
     C   10       -0.345317        0.228106       -0.206335

     C   11       -0.346814       -0.088075       -0.119791
     C   11       -0.088075        0.548125        0.166269
     C   11       -0.119791        0.166269       -0.201311

     Cl  12        0.976749        2.736717       -0.209337
     Cl  12        2.736717        1.683863        0.207428
     Cl  12       -0.209337        0.207428       -2.660612

     H   13        0.029802        0.086324        0.071790
     H   13        0.086324        0.390560        0.622270
     H   13        0.071790        0.622270       -0.420362

     C   14       -0.513873        0.172513        0.008440
     C   14        0.172513        0.515937        0.098861
     C   14        0.008440        0.098861       -0.002064

     H   15        0.355115        0.593013        0.184238
     H   15        0.593013       -0.388256        0.003773
     H   15        0.184238        0.003773        0.033142

     C   16        0.132209       -0.217484       -0.125935
     C   16       -0.217484        0.326066       -0.292284
     C   16       -0.125935       -0.292284       -0.458276

     C   17       -0.601019        0.244793       -0.271976
     C   17        0.244793        0.692924        0.359619
     C   17       -0.271976        0.359619       -0.091905

     Cl  18       -0.355584       -1.811387        0.319680
     Cl  18       -1.811387       -0.806350        1.785492
     Cl  18        0.319680        1.785492        1.161934

     H   19       -0.045573       -0.010151       -0.075337
     H   19       -0.010151       -0.078029       -0.661885
     H   19       -0.075337       -0.661885        0.123601

     C   20        0.021682        0.213174       -0.026754
     C   20        0.213174        0.280593        0.463245
     C   20       -0.026754        0.463245       -0.302275

     H   21        0.596958        0.106114        0.330694
     H   21        0.106114       -0.504955       -0.317890
     H   21        0.330694       -0.317890       -0.092003

     C   22       -0.612013        0.020764        0.032839
     C   22        0.020764        0.757497        0.055531
     C   22        0.032839        0.055531       -0.145484

     C   23        0.179932        0.382546       -0.141000
     C   23        0.382546        0.353106        0.471976
     C   23       -0.141000        0.471976       -0.533038

     Cl  24       -0.366455        0.477006       -0.102445
     Cl  24        0.477006        2.539603       -0.057622
     Cl  24       -0.102445       -0.057622       -2.173149

     ----- total EFG (symmetrized) -----
     Cl   1        0.252398       -1.948159        0.222182
     Cl   1       -1.948159        0.354707       -1.159965
     Cl   1        0.222182       -1.159965       -0.607104

     C    2        0.111726       -0.121713        0.022504
     C    2       -0.121713        0.259953       -0.424592
     C    2        0.022504       -0.424592       -0.371679

     C    3       -0.497758        0.378533       -0.224436
     C    3        0.378533        0.530931        0.097269
     C    3       -0.224436        0.097269       -0.033173

     H    4        0.124150       -0.242515        0.299052
     H    4       -0.242515       -0.312465       -0.045136
     H    4        0.299052       -0.045136        0.188315

     C    5        0.085598        0.186255        0.038026
     C    5        0.186255        0.137013       -0.128410
     C    5        0.038026       -0.128410       -0.222611

     H    6       -0.058790       -0.023970        0.002480
     H    6       -0.023970        0.001305        0.161970
     H    6        0.002480        0.161970        0.057485

     H    7       -0.374727       -0.103444       -0.017032
     H    7       -0.103444        0.275265       -0.152320
     H    7       -0.017032       -0.152320        0.099461

     C    8       -0.459482       -0.129941       -0.248317
     C    8       -0.129941        0.406013       -0.260462
     C    8       -0.248317       -0.260462        0.053469

     H    9        0.187978       -0.296166        0.489101
     H    9       -0.296166        0.067006        0.046270
     H    9        0.489101        0.046270       -0.254984

     C   10        0.217419        0.360268       -0.345317
     C   10        0.360268       -0.011085        0.228106
     C   10       -0.345317        0.228106       -0.206335

     C   11       -0.346814       -0.088075       -0.119791
     C   11       -0.088075        0.548125        0.166269
     C   11       -0.119791        0.166269       -0.201311

     Cl  12        0.976749        2.736717       -0.209337
     Cl  12        2.736717        1.683863        0.207428
     Cl  12       -0.209337        0.207428       -2.660612

     H   13        0.029802        0.086324        0.071790
     H   13        0.086324        0.390560        0.622270
     H   13        0.071790        0.622270       -0.420362

     C   14       -0.513873        0.172513        0.008440
     C   14        0.172513        0.515937        0.098861
     C   14        0.008440        0.098861       -0.002064

     H   15        0.355115        0.593013        0.184238
     H   15        0.593013       -0.388256        0.003773
     H   15        0.184238        0.003773        0.033142

     C   16        0.132209       -0.217484       -0.125935
     C   16       -0.217484        0.326066       -0.292284
     C   16       -0.125935       -0.292284       -0.458276

     C   17       -0.601019        0.244793       -0.271976
     C   17        0.244793        0.692924        0.359619
     C   17       -0.271976        0.359619       -0.091905

     Cl  18       -0.355584       -1.811387        0.319680
     Cl  18       -1.811387       -0.806350        1.785492
     Cl  18        0.319680        1.785492        1.161934

     H   19       -0.045573       -0.010151       -0.075337
     H   19       -0.010151       -0.078029       -0.661885
     H   19       -0.075337       -0.661885        0.123601

     C   20        0.021682        0.213174       -0.026754
     C   20        0.213174        0.280593        0.463245
     C   20       -0.026754        0.463245       -0.302275

     H   21        0.596958        0.106114        0.330694
     H   21        0.106114       -0.504955       -0.317890
     H   21        0.330694       -0.317890       -0.092003

     C   22       -0.612013        0.020764        0.032839
     C   22        0.020764        0.757497        0.055531
     C   22        0.032839        0.055531       -0.145484

     C   23        0.179932        0.382546       -0.141000
     C   23        0.382546        0.353106        0.471976
     C   23       -0.141000        0.471976       -0.533038

     Cl  24       -0.366455        0.477006       -0.102445
     Cl  24        0.477006        2.539603       -0.057622
     Cl  24       -0.102445       -0.057622       -2.173149


     NQR/NMR SPECTROSCOPIC PARAMETERS:
     Cl   1    Vxx=   -0.5621    axis=( -0.553820 -0.137908  0.821136)
     Cl   1    Vyy=   -2.0063    axis=(  0.544404  0.686214  0.482425)
     Cl   1    Vzz=    2.5685    axis=(  0.630005 -0.714207  0.304961)
     Cl   1  Q=        -8.1650 1e-30 m^2  Cq=       -49.2751 MHz  eta= 0.56228

     C    2    Vxx=    0.0778    axis=(  0.956496  0.234474 -0.173600)
     C    2    Vyy=    0.5090    axis=(  0.287368 -0.859883  0.421925)
     C    2    Vzz=   -0.5868    axis=( -0.050345 -0.453457 -0.889855)
     C    2  Q=         1.0000 1e-30 m^2  Cq=        -1.3787 MHz  eta= 0.73480

     C    3    Vxx=    0.0538    axis=( -0.332880  0.072421  0.940184)
     C    3    Vyy=    0.6560    axis=( -0.305426 -0.951578 -0.034840)
     C    3    Vzz=   -0.7098    axis=(  0.892135 -0.298754  0.338881)
     C    3  Q=         1.0000 1e-30 m^2  Cq=        -1.6677 MHz  eta= 0.84845

     H    4    Vxx=   -0.0723    axis=(  0.556275 -0.427845 -0.712395)
     H    4    Vyy=   -0.4335    axis=( -0.464627 -0.870890  0.160228)
     H    4    Vzz=    0.5059    axis=( -0.688970  0.241867 -0.683242)
     H    4  Q=         1.0000 1e-30 m^2  Cq=         1.1885 MHz  eta= 0.71412

     C    5    Vxx=   -0.0187    axis=( -0.734544  0.504012 -0.454332)
     C    5    Vyy=   -0.2910    axis=( -0.279445  0.385454  0.879395)
     C    5    Vzz=    0.3097    axis=(  0.618350  0.772915 -0.142289)
     C    5  Q=         1.0000 1e-30 m^2  Cq=         0.7276 MHz  eta= 0.87934

     H    6    Vxx=   -0.0546    axis=( -0.969254  0.149871 -0.195155)
     H    6    Vyy=   -0.1399    axis=( -0.240150 -0.748983  0.617537)
     H    6    Vzz=    0.1945    axis=( -0.053617  0.645417  0.761946)
     H    6  Q=         1.0000 1e-30 m^2  Cq=         0.4570 MHz  eta= 0.43875

     H    7    Vxx=    0.0221    axis=( -0.157653  0.461031  0.873267)
     H    7    Vyy=    0.3722    axis=( -0.109655  0.870684 -0.479463)
     H    7    Vzz=   -0.3943    axis=( -0.981387 -0.171347 -0.086712)
     H    7  Q=         1.0000 1e-30 m^2  Cq=        -0.9264 MHz  eta= 0.88779

     C    8    Vxx=    0.0650    axis=(  0.471285 -0.414875 -0.778311)
     C    8    Vyy=    0.5442    axis=(  0.001854  0.882922 -0.469515)
     C    8    Vzz=   -0.6092    axis=(  0.881979  0.219833  0.416877)
     C    8  Q=         1.0000 1e-30 m^2  Cq=        -1.4315 MHz  eta= 0.78664

     H    9    Vxx=    0.0281    axis=( -0.186340 -0.866228 -0.463602)
     H    9    Vyy=    0.6031    axis=( -0.803187  0.406066 -0.435891)
     H    9    Vzz=   -0.6312    axis=(  0.565834  0.291135 -0.771409)
     H    9  Q=         1.0000 1e-30 m^2  Cq=        -1.4831 MHz  eta= 0.91109

     C   10    Vxx=    0.1189    axis=( -0.179204  0.705864  0.685305)
     C   10    Vyy=    0.5197    axis=( -0.847362 -0.464667  0.257025)
     C   10    Vzz=   -0.6386    axis=(  0.499864 -0.534641  0.681392)
     C   10  Q=         1.0000 1e-30 m^2  Cq=        -1.5005 MHz  eta= 0.62760

     C   11    Vxx=   -0.1823    axis=( -0.479342 -0.249331  0.841466)
     C   11    Vyy=   -0.4142    axis=( -0.869620  0.005708 -0.493688)
     C   11    Vzz=    0.5966    axis=( -0.118289  0.968401  0.219560)
     C   11  Q=         1.0000 1e-30 m^2  Cq=         1.4017 MHz  eta= 0.38872

     Cl  12    Vxx=   -1.3625    axis=( -0.732940  0.643394  0.221004)
     Cl  12    Vyy=   -2.7273    axis=(  0.164324 -0.147808  0.975269)
     Cl  12    Vzz=    4.0898    axis=( -0.660149 -0.751130 -0.002609)
     Cl  12  Q=        -8.1650 1e-30 m^2  Cq=       -78.4610 MHz  eta= 0.33371

     H   13    Vxx=    0.0135    axis=(  0.987938 -0.147293 -0.047790)
     H   13    Vyy=    0.7448    axis=( -0.152266 -0.867866 -0.472888)
     H   13    Vzz=   -0.7582    axis=(  0.028178  0.474461 -0.879825)
     H   13  Q=         1.0000 1e-30 m^2  Cq=        -1.7815 MHz  eta= 0.96450

     C   14    Vxx=   -0.0193    axis=( -0.041929 -0.168381  0.984830)
     C   14    Vyy=   -0.5421    axis=( -0.986654  0.162206 -0.014274)
     C   14    Vzz=    0.5614    axis=( -0.157342 -0.972285 -0.172935)
     C   14  Q=         1.0000 1e-30 m^2  Cq=         1.3192 MHz  eta= 0.93115

     H   15    Vxx=    0.0042    axis=( -0.147142 -0.213028  0.965903)
     H   15    Vyy=    0.7222    axis=(  0.857726  0.458853  0.231862)
     H   15    Vzz=   -0.7264    axis=( -0.492600  0.862597  0.115203)
     H   15  Q=         1.0000 1e-30 m^2  Cq=        -1.7068 MHz  eta= 0.98832

     C   16    Vxx=    0.1000    axis=(  0.860990  0.344236 -0.374429)
     C   16    Vyy=    0.5050    axis=(  0.439676 -0.873819  0.207667)
     C   16    Vzz=   -0.6050    axis=(  0.255697  0.343427  0.903702)
     C   16  Q=         1.0000 1e-30 m^2  Cq=        -1.4215 MHz  eta= 0.66934

     C   17    Vxx=   -0.0326    axis=( -0.501670 -0.242361  0.830414)
     C   17    Vyy=   -0.8128    axis=( -0.859675  0.246613 -0.447372)
     C   17    Vzz=    0.8453    axis=( -0.096366 -0.938319 -0.332070)
     C   17  Q=         1.0000 1e-30 m^2  Cq=         1.9862 MHz  eta= 0.92298

     Cl  18    Vxx=    0.5949    axis=(  0.778391 -0.312321  0.544577)
     Cl  18    Vyy=    2.4172    axis=( -0.294559  0.584347  0.756157)
     Cl  18    Vzz=   -3.0121    axis=( -0.554385 -0.748996  0.362853)
     Cl  18  Q=        -8.1650 1e-30 m^2  Cq=        57.7851 MHz  eta= 0.60501

     H   19    Vxx=   -0.0437    axis=(  0.993277 -0.115393 -0.009247)
     H   19    Vyy=   -0.6521    axis=(  0.093528  0.752858  0.651504)
     H   19    Vzz=    0.6958    axis=( -0.068218 -0.647989  0.758589)
     H   19  Q=         1.0000 1e-30 m^2  Cq=         1.6348 MHz  eta= 0.87440

     C   20    Vxx=   -0.0051    axis=(  0.930424 -0.158312 -0.330529)
     C   20    Vyy=   -0.5857    axis=( -0.212778  0.500963 -0.838905)
     C   20    Vzz=    0.5908    axis=(  0.298391  0.850866  0.432423)
     C   20  Q=         1.0000 1e-30 m^2  Cq=         1.3881 MHz  eta= 0.98278

     H   21    Vxx=   -0.0025    axis=(  0.324902  0.553735 -0.766691)
     H   21    Vyy=   -0.7278    axis=( -0.196035  0.832497  0.518189)
     H   21    Vzz=    0.7304    axis=( -0.925207  0.018062 -0.379031)
     H   21  Q=         1.0000 1e-30 m^2  Cq=         1.7161 MHz  eta= 0.99302

     C   22    Vxx=   -0.1468    axis=(  0.067483 -0.062700  0.995748)
     C   22    Vyy=   -0.6145    axis=(  0.997583 -0.012329 -0.068384)
     C   22    Vzz=    0.7613    axis=(  0.016565  0.997956  0.061716)
     C   22  Q=         1.0000 1e-30 m^2  Cq=         1.7887 MHz  eta= 0.61445

     C   23    Vxx=    0.0896    axis=(  0.812829 -0.360618 -0.457453)
     C   23    Vyy=    0.7321    axis=( -0.507101 -0.824506 -0.251074)
     C   23    Vzz=   -0.8217    axis=(  0.286631 -0.436056  0.853052)
     C   23  Q=         1.0000 1e-30 m^2  Cq=        -1.9306 MHz  eta= 0.78199

     Cl  24    Vxx=   -0.4379    axis=(  0.985865 -0.158965 -0.052924)
     Cl  24    Vyy=   -2.1791    axis=(  0.054676  0.006666  0.998482)
     Cl  24    Vzz=    2.6170    axis=( -0.158371 -0.987262  0.015263)
     Cl  24  Q=        -8.1650 1e-30 m^2  Cq=       -50.2061 MHz  eta= 0.66537

     Initialization:
     gipaw_setup  :     10.04s CPU     12.74s WALL (       1 calls)

     Linear response

     Apply operators

     Induced current

     Other routines
     efg          :      9.71s CPU     12.27s WALL (       1 calls)

     General routines
     calbec       :      3.29s CPU      4.36s WALL (      16 calls)
     fft          :      2.00s CPU      3.55s WALL (      15 calls)
     ffts         :      0.04s CPU      0.05s WALL (       2 calls)
     fftw         :      3.57s CPU      4.07s WALL (     672 calls)
     davcio       :      0.02s CPU      0.38s WALL (      32 calls)

     Parallel routines
     fft_scatter  :      2.73s CPU      4.69s WALL (     689 calls)

     Plugins

     GIPAW        :     63.41s CPU     78.03s WALL (       1 calls)
