
     Program QE v.6.0 (svn rev. 13079) starts on  7Jan2017 at 20:12:36 

     This program is part of the open-source Quantum ESPRESSO suite
     for quantum simulation of materials; please cite
         "P. Giannozzi et al., J. Phys.:Condens. Matter 21 395502 (2009);
          URL http://www.quantum-espresso.org", 
     in publications or presentations arising from this work. More details at
     http://www.quantum-espresso.org/quote

     Parallel version (MPI), running on     8 processors
     R & G space division:  proc/nbgrp/npool/nimage =       8

     ***** This is GIPAW svn revision unknown      *****

     Parallelizing q-star over 1 images

     Reading data from directory:
     /users/majewski/paradichlorobenzene/pbe/9_constraint/scratch/pbe.ecut100.np8.dt60.pcl2phi-129368.save
     Message from routine read_xml_file:
     file /users/majewski/paradichlorobenzene/pbe/9_constraint/scratch/pbe.ecut100.np8.dt60.pcl2phi-129368.save not guaranteed to be safe for post-processing

   Info: using nr1, nr2, nr3 values from input

   Info: using nr1, nr2, nr3 values from input

     IMPORTANT: XC functional enforced from input :
     Exchange-correlation      =  SLA  PW   PBX  PBC ( 1  4  3  4 0 0)
     Any further DFT definition will be discarded
     Please, verify this is what you really want

               file C.pbe-n-kjpaw_psl.1.0.0.UPF: wavefunction(s)  2S 2P renormalized
               file Cl.pbe-n-kjpaw_psl.1.0.0.UPF: wavefunction(s)  3S 3P renormalized
               file H.pbe-kjpaw_psl.1.0.0.UPF: wavefunction(s)  1S renormalized

     Parallelization info
     --------------------
     sticks:   dense  smooth     PW     G-vecs:    dense   smooth      PW
     Min        3057    1223    332               144436    36536    5170
     Max        3059    1225    333               144437    36537    5171
     Sum       24467    9791   2657              1155489   292295   41363


     Subspace diagonalization in iterative solution of the eigenvalue problem:
     a serial algorithm will be used

     GIPAW projectors -----------------------------------------------
     atom=  C    l=0  rc=    1.2000  rs=    0.8000
     atom=  C    l=0  rc=    1.2000  rs=    0.8000
     atom=  C    l=1  rc=    1.4000  rs=    0.9333
     atom=  C    l=1  rc=    1.4000  rs=    0.9333
     projs nearly linearly dependent: l=1  n1,n2= 1, 2  s=  0.99951561

     atom=  Cl   l=0  rc=    1.6000  rs=    1.0667
     atom=  Cl   l=0  rc=    1.6000  rs=    1.0667
     atom=  Cl   l=1  rc=    1.6000  rs=    1.0667
     atom=  Cl   l=1  rc=    1.6000  rs=    1.0667
     atom=  Cl   l=2  rc=    1.6000  rs=    1.0667
     atom=  Cl   l=2  rc=    1.6000  rs=    1.0667
     projs nearly linearly dependent: l=2  n1,n2= 1, 2  s=  0.99993509

     atom=  H    l=0  rc=    1.0000  rs=    0.6667
     atom=  H    l=0  rc=    1.0000  rs=    0.6667
     projs nearly linearly dependent: l=0  n1,n2= 1, 2  s=  0.99968852
     -----------------------------------------------------------------

     GIPAW integrals: -------------------------------------------
     Atom  i/j   nmr_para   nmr_dia   epr_rmc  epr_para   epr_dia
       C   1 1   0.83E+03  0.17E-01  0.93E+01  0.24E+08  0.24E+03
       C   2 1   0.86E+03 -0.61E-01  0.94E+01  0.25E+08  0.25E+03
       C   2 2   0.90E+03 -0.15E+00  0.97E+01  0.26E+08  0.26E+03
       C   3 3   0.33E+01  0.34E+00  0.18E+01  0.55E+03  0.21E+02
       C   4 3   0.35E+01  0.37E+00  0.20E+01  0.59E+03  0.22E+02
       C   4 4   0.38E+01  0.39E+00  0.22E+01  0.63E+03  0.24E+02
       Cl  1 1   0.14E+04 -0.47E+00  0.84E+01  0.32E+09  0.42E+03
       Cl  2 1   0.21E+04 -0.37E+00  0.12E+02  0.49E+09  0.65E+03
       Cl  2 2   0.33E+04 -0.16E+00  0.21E+02  0.76E+09  0.10E+04
       Cl  3 3   0.21E+02  0.79E-01  0.89E+01  0.23E+05  0.13E+03
       Cl  4 3   0.24E+02  0.67E-01  0.99E+01  0.27E+05  0.15E+03
       Cl  4 4   0.28E+02  0.44E-01  0.11E+02  0.32E+05  0.18E+03
       Cl  5 5   0.77E+00  0.19E+00  0.18E+01  0.12E+03  0.22E+02
       Cl  6 5   0.80E+00  0.19E+00  0.19E+01  0.12E+03  0.23E+02
       Cl  6 6   0.83E+00  0.20E+00  0.19E+01  0.12E+03  0.23E+02
       H   1 1   0.39E+02  0.19E+00  0.29E+00  0.78E+05  0.13E+02
       H   2 1   0.41E+02  0.21E+00  0.32E+00  0.82E+05  0.14E+02
       H   2 2   0.43E+02  0.22E+00  0.36E+00  0.86E+05  0.15E+02
     ------------------------------------------------------------

     alpha_pv=     34.5388 eV

     Number of occupied bands for each k-point:
     k-point:     1    nbnd_occ=  42
     k-point:     2    nbnd_occ=  42
     k-point:     3    nbnd_occ=  42
     k-point:     4    nbnd_occ=  42
     k-point:     5    nbnd_occ=  42
     k-point:     6    nbnd_occ=  42
     k-point:     7    nbnd_occ=  42
     k-point:     8    nbnd_occ=  42
     k-point:     9    nbnd_occ=  42
     k-point:    10    nbnd_occ=  42
     k-point:    11    nbnd_occ=  42
     k-point:    12    nbnd_occ=  42
     k-point:    13    nbnd_occ=  42
     k-point:    14    nbnd_occ=  42
     k-point:    15    nbnd_occ=  42
     k-point:    16    nbnd_occ=  42


     q-space interpolation up to   110.00 Rydberg

     GIPAW job: efg                                                                             


     ELECTRIC FIELD GRADIENTS TENSORS IN Hartree/bohrradius^2:

     ----- bare term -----
     Cl   1       -0.219909        0.298714        0.008175
     Cl   1        0.298714        0.030502       -0.034207
     Cl   1        0.008175       -0.034207        0.189407

     C    2       -0.053839       -0.286262       -0.357558
     C    2       -0.286262       -0.050225       -0.628979
     C    2       -0.357558       -0.628979        0.104065

     C    3       -0.248492        0.304364        0.145056
     C    3        0.304364       -0.055630       -0.128306
     C    3        0.145056       -0.128306        0.304121

     H    4       -0.143943       -0.431235        0.006856
     H    4       -0.431235       -0.191946        0.209794
     H    4        0.006856        0.209794        0.335889

     C    5       -0.181575       -0.312495       -0.350546
     C    5       -0.312495       -0.010333       -0.539883
     C    5       -0.350546       -0.539883        0.191907

     H    6        0.436062        0.093841       -0.087777
     H    6        0.093841       -0.765404        0.011807
     H    6       -0.087777        0.011807        0.329342

     H    7        0.057778        0.010719        0.359692
     H    7        0.010719        0.237447        0.178005
     H    7        0.359692        0.178005       -0.295225

     C    8       -0.276408        0.123846       -0.227899
     C    8        0.123846        0.353656       -0.083805
     C    8       -0.227899       -0.083805       -0.077248

     H    9        0.193070        0.040969       -0.053950
     H    9        0.040969        0.302158       -0.169401
     H    9       -0.053950       -0.169401       -0.495229

     C   10        0.096601       -0.209607        0.191068
     C   10       -0.209607       -0.105433       -0.053506
     C   10        0.191068       -0.053506        0.008832

     C   11       -0.084274       -0.068869       -0.557920
     C   11       -0.068869       -0.174228        0.500759
     C   11       -0.557920        0.500759        0.258502

     Cl  12       -0.156385       -0.079308       -0.059540
     Cl  12       -0.079308       -0.110514        0.021845
     Cl  12       -0.059540        0.021845        0.266898

     H   13        0.320363       -0.030691       -0.293436
     H   13       -0.030691       -0.189562       -0.441559
     H   13       -0.293436       -0.441559       -0.130800

     C   14       -0.415765        0.335904       -0.014668
     C   14        0.335904       -0.005834       -0.434822
     C   14       -0.014668       -0.434822        0.421598

     H   15       -0.655340       -0.364921       -0.025870
     H   15       -0.364921        0.364805       -0.062381
     H   15       -0.025870       -0.062381        0.290536

     C   16        0.031680       -0.087486       -0.394712
     C   16       -0.087486       -0.243467       -0.566248
     C   16       -0.394712       -0.566248        0.211787

     C   17       -0.201900        0.427068       -0.300505
     C   17        0.427068       -0.216905       -0.272966
     C   17       -0.300505       -0.272966        0.418805

     Cl  18       -0.061641       -0.017796        0.308813
     Cl  18       -0.017796        0.238031        0.004321
     Cl  18        0.308813        0.004321       -0.176390

     H   19        0.209941       -0.285269        0.162870
     H   19       -0.285269       -0.384602        0.518630
     H   19        0.162870        0.518630        0.174661

     C   20       -0.133751        0.178528       -0.428305
     C   20        0.178528       -0.097008        0.391003
     C   20       -0.428305        0.391003        0.230758

     H   21        0.121695        0.106283       -0.318508
     H   21        0.106283        0.330229        0.397041
     H   21       -0.318508        0.397041       -0.451924

     C   22       -0.734415       -0.341124       -0.325246
     C   22       -0.341124        0.214826        0.001349
     C   22       -0.325246        0.001349        0.519589

     C   23        0.086753       -0.392481        0.044549
     C   23       -0.392481       -0.355346        0.485726
     C   23        0.044549        0.485726        0.268593

     Cl  24       -0.030251       -0.094687       -0.058017
     Cl  24       -0.094687        0.007990        0.076107
     Cl  24       -0.058017        0.076107        0.022261

     ----- ionic term -----
     Cl   1        0.163465       -0.178104        0.021272
     Cl   1       -0.178104       -0.013590       -0.002726
     Cl   1        0.021272       -0.002726       -0.149875

     C    2        0.250920       -0.037325        0.255302
     C    2       -0.037325        0.135427        0.396369
     C    2        0.255302        0.396369       -0.386347

     C    3        0.239697       -0.128459        0.057526
     C    3       -0.128459        0.199659        0.399983
     C    3        0.057526        0.399983       -0.439357

     H    4        0.728746        0.509635        0.421868
     H    4        0.509635       -0.280377        0.232597
     H    4        0.421868        0.232597       -0.448369

     C    5        0.377162       -0.077768        0.061929
     C    5       -0.077768        0.068985        0.315459
     C    5        0.061929        0.315459       -0.446148

     H    6       -0.496697        0.121061        0.034754
     H    6        0.121061        0.766532        0.632879
     H    6        0.034754        0.632879       -0.269835

     H    7       -0.515680        0.159654       -0.123457
     H    7        0.159654        0.297021       -0.768448
     H    7       -0.123457       -0.768448        0.218659

     C    8        0.137672        0.284261        0.329205
     C    8        0.284261       -0.149753       -0.271618
     C    8        0.329205       -0.271618        0.012081

     H    9        0.005772       -0.040709        0.724493
     H    9       -0.040709       -0.545114       -0.107977
     H    9        0.724493       -0.107977        0.539342

     C   10        0.058121        0.372232        0.202467
     C   10        0.372232       -0.069153       -0.320333
     C   10        0.202467       -0.320333        0.011032

     C   11        0.081710        0.260995        0.268389
     C   11        0.260995       -0.080199       -0.440146
     C   11        0.268389       -0.440146       -0.001511

     Cl  12        0.188053        0.220298        0.054095
     Cl  12        0.220298       -0.059774        0.023903
     Cl  12        0.054095        0.023903       -0.128279

     H   13       -0.531326        0.099012        0.066587
     H   13        0.099012        0.691414        0.714705
     H   13        0.066587        0.714705       -0.160088

     C   14        0.328653       -0.092392        0.175937
     C   14       -0.092392        0.024156        0.365054
     C   14        0.175937        0.365054       -0.352809

     H   15        0.666556        0.505337        0.445002
     H   15        0.505337       -0.333559        0.268716
     H   15        0.445002        0.268716       -0.332997

     C   16        0.238299       -0.185476        0.029421
     C   16       -0.185476        0.077162        0.421090
     C   16        0.029421        0.421090       -0.315462

     C   17        0.279546       -0.094056        0.009495
     C   17       -0.094056        0.039920        0.423624
     C   17        0.009495        0.423624       -0.319466

     Cl  18        0.140649       -0.208638       -0.066431
     Cl  18       -0.208638       -0.026859        0.024798
     Cl  18       -0.066431        0.024798       -0.113790

     H   19       -0.524998        0.096294       -0.043807
     H   19        0.096294        0.664447       -0.701295
     H   19       -0.043807       -0.701295       -0.139449

     C   20        0.112037        0.181515        0.307010
     C   20        0.181515       -0.012991       -0.307881
     C   20        0.307010       -0.307881       -0.099047

     H   21        0.206738       -0.267026        0.733076
     H   21       -0.267026       -0.450495       -0.333359
     H   21        0.733076       -0.333359        0.243757

     C   22        0.021053        0.266322        0.194460
     C   22        0.266322        0.074221       -0.429040
     C   22        0.194460       -0.429040       -0.095274

     C   23       -0.021031        0.325881        0.306212
     C   23        0.325881        0.055411       -0.422310
     C   23        0.306212       -0.422310       -0.034380

     Cl  24        0.110351        0.238989        0.056668
     Cl  24        0.238989        0.032780        0.038781
     Cl  24        0.056668        0.038781       -0.143131

     ----- GIPAW term -----
     Cl   1       -1.191878       -0.053735       -0.280536
     Cl   1       -0.053735        2.189465       -1.716967
     Cl   1       -0.280536       -1.716967       -0.997587

     C    2       -0.032113       -0.141620        0.002594
     C    2       -0.141620        0.061830       -0.167041
     C    2        0.002594       -0.167041       -0.029716

     C    3       -0.045282       -0.027511        0.057332
     C    3       -0.027511        0.047726       -0.054000
     C    3        0.057332       -0.054000       -0.002444

     H    4       -0.000000        0.000000        0.000000
     H    4        0.000000        0.000000        0.000000
     H    4        0.000000        0.000000        0.000000

     C    5       -0.032911       -0.183119        0.032767
     C    5       -0.183119        0.083175       -0.200654
     C    5        0.032767       -0.200654       -0.050265

     H    6       -0.000000        0.000000        0.000000
     H    6        0.000000        0.000000        0.000000
     H    6        0.000000        0.000000        0.000000

     H    7       -0.000000        0.000000        0.000000
     H    7        0.000000        0.000000        0.000000
     H    7        0.000000        0.000000        0.000000

     C    8        0.027023        0.009740        0.023209
     C    8        0.009740        0.011728       -0.044643
     C    8        0.023209       -0.044643       -0.038751

     H    9       -0.000000        0.000000        0.000000
     H    9        0.000000        0.000000        0.000000
     H    9        0.000000        0.000000        0.000000

     C   10        0.019271        0.004315        0.021347
     C   10        0.004315       -0.007609       -0.025677
     C   10        0.021347       -0.025677       -0.011662

     C   11        0.039907        0.003331       -0.220042
     C   11        0.003331       -0.067759        0.167473
     C   11       -0.220042        0.167473        0.027853

     Cl  12       -0.619682        1.466802       -0.595552
     Cl  12        1.466802       -1.415313        0.392826
     Cl  12       -0.595552        0.392826        2.034995

     H   13       -0.000000        0.000000        0.000000
     H   13        0.000000        0.000000        0.000000
     H   13        0.000000        0.000000        0.000000

     C   14       -0.079012       -0.064068        0.117739
     C   14       -0.064068        0.029117       -0.189915
     C   14        0.117739       -0.189915        0.049894

     H   15       -0.000000        0.000000        0.000000
     H   15        0.000000        0.000000        0.000000
     H   15        0.000000        0.000000        0.000000

     C   16        0.118729       -0.132524       -0.120328
     C   16       -0.132524       -0.063422       -0.080879
     C   16       -0.120328       -0.080879       -0.055306

     C   17        0.176761       -0.078402       -0.180447
     C   17       -0.078402       -0.131000        0.013704
     C   17       -0.180447        0.013704       -0.045761

     Cl  18        0.276881       -0.812831       -1.099912
     Cl  18       -0.812831       -0.683137       -0.561222
     Cl  18       -1.099912       -0.561222        0.406256

     H   19       -0.000000        0.000000        0.000000
     H   19        0.000000        0.000000        0.000000
     H   19        0.000000        0.000000        0.000000

     C   20       -0.040044        0.170091       -0.134540
     C   20        0.170091        0.056230       -0.050966
     C   20       -0.134540       -0.050966       -0.016186

     H   21       -0.000000        0.000000        0.000000
     H   21        0.000000        0.000000        0.000000
     H   21        0.000000        0.000000        0.000000

     C   22       -0.247984       -0.055099       -0.021249
     C   22       -0.055099        0.063192       -0.189086
     C   22       -0.021249       -0.189086        0.184792

     C   23       -0.005113       -0.107106        0.092889
     C   23       -0.107106        0.060584       -0.097566
     C   23        0.092889       -0.097566       -0.055471

     Cl  24       -0.306913        0.263743        1.125508
     Cl  24        0.263743       -0.343069       -1.613678
     Cl  24        1.125508       -1.613678        0.649982

     ----- total EFG -----
     Cl   1       -1.248322        0.066874       -0.251089
     Cl   1        0.066874        2.206377       -1.753901
     Cl   1       -0.251089       -1.753901       -0.958055

     C    2        0.164967       -0.465208       -0.099662
     C    2       -0.465208        0.147031       -0.399651
     C    2       -0.099662       -0.399651       -0.311998

     C    3       -0.054077        0.148393        0.259914
     C    3        0.148393        0.191756        0.217678
     C    3        0.259914        0.217678       -0.137679

     H    4        0.584804        0.078400        0.428723
     H    4        0.078400       -0.472323        0.442391
     H    4        0.428723        0.442391       -0.112480

     C    5        0.162677       -0.573382       -0.255850
     C    5       -0.573382        0.141828       -0.425079
     C    5       -0.255850       -0.425079       -0.304505

     H    6       -0.060635        0.214902       -0.053022
     H    6        0.214902        0.001129        0.644686
     H    6       -0.053022        0.644686        0.059507

     H    7       -0.457902        0.170373        0.236234
     H    7        0.170373        0.534468       -0.590444
     H    7        0.236234       -0.590444       -0.076566

     C    8       -0.111713        0.417846        0.124515
     C    8        0.417846        0.215632       -0.400065
     C    8        0.124515       -0.400065       -0.103919

     H    9        0.198843        0.000260        0.670543
     H    9        0.000260       -0.242956       -0.277378
     H    9        0.670543       -0.277378        0.044113

     C   10        0.173993        0.166939        0.414882
     C   10        0.166939       -0.182195       -0.399516
     C   10        0.414882       -0.399516        0.008202

     C   11        0.037343        0.195457       -0.509573
     C   11        0.195457       -0.322187        0.228086
     C   11       -0.509573        0.228086        0.284843

     Cl  12       -0.588014        1.607792       -0.600997
     Cl  12        1.607792       -1.585601        0.438574
     Cl  12       -0.600997        0.438574        2.173615

     H   13       -0.210963        0.068322       -0.226849
     H   13        0.068322        0.501851        0.273146
     H   13       -0.226849        0.273146       -0.290888

     C   14       -0.166123        0.179444        0.279009
     C   14        0.179444        0.047440       -0.259682
     C   14        0.279009       -0.259682        0.118683

     H   15        0.011215        0.140416        0.419131
     H   15        0.140416        0.031246        0.206335
     H   15        0.419131        0.206335       -0.042461

     C   16        0.388708       -0.405486       -0.485620
     C   16       -0.405486       -0.229727       -0.226037
     C   16       -0.485620       -0.226037       -0.158980

     C   17        0.254407        0.254610       -0.471458
     C   17        0.254610       -0.307985        0.164362
     C   17       -0.471458        0.164362        0.053578

     Cl  18        0.355890       -1.039266       -0.857531
     Cl  18       -1.039266       -0.471965       -0.532103
     Cl  18       -0.857531       -0.532103        0.116076

     H   19       -0.315058       -0.188975        0.119063
     H   19       -0.188975        0.279846       -0.182665
     H   19        0.119063       -0.182665        0.035212

     C   20       -0.061757        0.530134       -0.255834
     C   20        0.530134       -0.053769        0.032156
     C   20       -0.255834        0.032156        0.115526

     H   21        0.328434       -0.160743        0.414568
     H   21       -0.160743       -0.120266        0.063683
     H   21        0.414568        0.063683       -0.208167

     C   22       -0.961346       -0.129901       -0.152034
     C   22       -0.129901        0.352239       -0.616777
     C   22       -0.152034       -0.616777        0.609106

     C   23        0.060609       -0.173706        0.443650
     C   23       -0.173706       -0.239351       -0.034150
     C   23        0.443650       -0.034150        0.178742

     Cl  24       -0.226813        0.408045        1.124159
     Cl  24        0.408045       -0.302300       -1.498790
     Cl  24        1.124159       -1.498790        0.529113

     ----- total EFG (symmetrized) -----
     Cl   1       -1.248322        0.066874       -0.251089
     Cl   1        0.066874        2.206377       -1.753901
     Cl   1       -0.251089       -1.753901       -0.958055

     C    2        0.164967       -0.465208       -0.099662
     C    2       -0.465208        0.147031       -0.399651
     C    2       -0.099662       -0.399651       -0.311998

     C    3       -0.054077        0.148393        0.259914
     C    3        0.148393        0.191756        0.217678
     C    3        0.259914        0.217678       -0.137679

     H    4        0.584804        0.078400        0.428723
     H    4        0.078400       -0.472323        0.442391
     H    4        0.428723        0.442391       -0.112480

     C    5        0.162677       -0.573382       -0.255850
     C    5       -0.573382        0.141828       -0.425079
     C    5       -0.255850       -0.425079       -0.304505

     H    6       -0.060635        0.214902       -0.053022
     H    6        0.214902        0.001129        0.644686
     H    6       -0.053022        0.644686        0.059507

     H    7       -0.457902        0.170373        0.236234
     H    7        0.170373        0.534468       -0.590444
     H    7        0.236234       -0.590444       -0.076566

     C    8       -0.111713        0.417846        0.124515
     C    8        0.417846        0.215632       -0.400065
     C    8        0.124515       -0.400065       -0.103919

     H    9        0.198843        0.000260        0.670543
     H    9        0.000260       -0.242956       -0.277378
     H    9        0.670543       -0.277378        0.044113

     C   10        0.173993        0.166939        0.414882
     C   10        0.166939       -0.182195       -0.399516
     C   10        0.414882       -0.399516        0.008202

     C   11        0.037343        0.195457       -0.509573
     C   11        0.195457       -0.322187        0.228086
     C   11       -0.509573        0.228086        0.284843

     Cl  12       -0.588014        1.607792       -0.600997
     Cl  12        1.607792       -1.585601        0.438574
     Cl  12       -0.600997        0.438574        2.173615

     H   13       -0.210963        0.068322       -0.226849
     H   13        0.068322        0.501851        0.273146
     H   13       -0.226849        0.273146       -0.290888

     C   14       -0.166123        0.179444        0.279009
     C   14        0.179444        0.047440       -0.259682
     C   14        0.279009       -0.259682        0.118683

     H   15        0.011215        0.140416        0.419131
     H   15        0.140416        0.031246        0.206335
     H   15        0.419131        0.206335       -0.042461

     C   16        0.388708       -0.405486       -0.485620
     C   16       -0.405486       -0.229727       -0.226037
     C   16       -0.485620       -0.226037       -0.158980

     C   17        0.254407        0.254610       -0.471458
     C   17        0.254610       -0.307985        0.164362
     C   17       -0.471458        0.164362        0.053578

     Cl  18        0.355890       -1.039266       -0.857531
     Cl  18       -1.039266       -0.471965       -0.532103
     Cl  18       -0.857531       -0.532103        0.116076

     H   19       -0.315058       -0.188975        0.119063
     H   19       -0.188975        0.279846       -0.182665
     H   19        0.119063       -0.182665        0.035212

     C   20       -0.061757        0.530134       -0.255834
     C   20        0.530134       -0.053769        0.032156
     C   20       -0.255834        0.032156        0.115526

     H   21        0.328434       -0.160743        0.414568
     H   21       -0.160743       -0.120266        0.063683
     H   21        0.414568        0.063683       -0.208167

     C   22       -0.961346       -0.129901       -0.152034
     C   22       -0.129901        0.352239       -0.616777
     C   22       -0.152034       -0.616777        0.609106

     C   23        0.060609       -0.173706        0.443650
     C   23       -0.173706       -0.239351       -0.034150
     C   23        0.443650       -0.034150        0.178742

     Cl  24       -0.226813        0.408045        1.124159
     Cl  24        0.408045       -0.302300       -1.498790
     Cl  24        1.124159       -1.498790        0.529113


     NQR/NMR SPECTROSCOPIC PARAMETERS:
     Cl   1    Vxx=   -1.1812    axis=(  0.939260 -0.172238 -0.296860)
     Cl   1    Vyy=   -1.8113    axis=(  0.341040  0.371323  0.863604)
     Cl   1    Vzz=    2.9926    axis=(  0.038515  0.912389 -0.407509)
     Cl   1  Q=        -8.1650 1e-30 m^2  Cq=       -57.4108 MHz  eta= 0.21056

     C    2    Vxx=    0.0107    axis=(  0.666333  0.360760 -0.652574)
     C    2    Vyy=    0.6722    axis=( -0.631211  0.738807 -0.236088)
     C    2    Vzz=   -0.6829    axis=(  0.396955  0.569225  0.720007)
     C    2  Q=         1.0000 1e-30 m^2  Cq=        -1.6045 MHz  eta= 0.96866

     C    3    Vxx=   -0.0671    axis=(  0.655539 -0.669503  0.349335)
     C    3    Vyy=   -0.3701    axis=(  0.583182  0.154933 -0.797430)
     C    3    Vzz=    0.4372    axis=(  0.479758  0.726472  0.492006)
     C    3  Q=         1.0000 1e-30 m^2  Cq=         1.0272 MHz  eta= 0.69292

     H    4    Vxx=   -0.0504    axis=( -0.504158  0.578568  0.641158)
     H    4    Vyy=   -0.7949    axis=(  0.141533  0.787730 -0.599541)
     H    4    Vzz=    0.8453    axis=(  0.851935  0.211519  0.479027)
     H    4  Q=         1.0000 1e-30 m^2  Cq=         1.9862 MHz  eta= 0.88078

     C    5    Vxx=    0.1112    axis=( -0.564273 -0.378122  0.733907)
     C    5    Vyy=    0.7414    axis=( -0.666641  0.733078 -0.134859)
     C    5    Vzz=   -0.8527    axis=( -0.487018 -0.565350 -0.665727)
     C    5  Q=         1.0000 1e-30 m^2  Cq=        -2.0034 MHz  eta= 0.73913

     H    6    Vxx=   -0.0166    axis=(  0.941454  0.114835 -0.316980)
     H    6    Vyy=   -0.6758    axis=( -0.301832  0.705973 -0.640703)
     H    6    Vzz=    0.6924    axis=(  0.150204  0.698867  0.699302)
     H    6  Q=         1.0000 1e-30 m^2  Cq=         1.6269 MHz  eta= 0.95214

     H    7    Vxx=   -0.1565    axis=(  0.693180  0.361769  0.623398)
     H    7    Vyy=   -0.7376    axis=(  0.720548 -0.368994 -0.587072)
     H    7    Vzz=    0.8942    axis=( -0.017646 -0.856135  0.516451)
     H    7  Q=         1.0000 1e-30 m^2  Cq=         2.1009 MHz  eta= 0.64988

     C    8    Vxx=    0.0168    axis=(  0.692136 -0.002286  0.721763)
     C    8    Vyy=    0.6120    axis=( -0.409245 -0.824953  0.389834)
     C    8    Vzz=   -0.6287    axis=(  0.594530 -0.565196 -0.571916)
     C    8  Q=         1.0000 1e-30 m^2  Cq=        -1.4772 MHz  eta= 0.94671

     H    9    Vxx=   -0.1671    axis=(  0.434209  0.868996 -0.237292)
     H    9    Vyy=   -0.6620    axis=( -0.544720  0.463094  0.699160)
     H    9    Vzz=    0.8291    axis=( -0.717456  0.174324 -0.674439)
     H    9  Q=         1.0000 1e-30 m^2  Cq=         1.9481 MHz  eta= 0.59696

     C   10    Vxx=    0.1406    axis=( -0.593270 -0.729132  0.341170)
     C   10    Vyy=    0.5434    axis=(  0.680135 -0.227286  0.696963)
     C   10    Vzz=   -0.6839    axis=(  0.430635 -0.645529 -0.630750)
     C   10  Q=         1.0000 1e-30 m^2  Cq=        -1.6070 MHz  eta= 0.58891

     C   11    Vxx=   -0.0499    axis=(  0.573305  0.727388  0.377132)
     C   11    Vyy=   -0.6393    axis=( -0.554809  0.683343 -0.474584)
     C   11    Vzz=    0.6892    axis=( -0.602917  0.062845  0.795325)
     C   11  Q=         1.0000 1e-30 m^2  Cq=         1.6193 MHz  eta= 0.85525

     Cl  12    Vxx=    0.5681    axis=(  0.782415  0.609816  0.126301)
     Cl  12    Vyy=    2.3022    axis=(  0.185194 -0.034203 -0.982107)
     Cl  12    Vzz=   -2.8703    axis=( -0.594584  0.791805 -0.139695)
     Cl  12  Q=        -8.1650 1e-30 m^2  Cq=        55.0653 MHz  eta= 0.60416

     H   13    Vxx=   -0.0426    axis=(  0.815081  0.174826 -0.552339)
     H   13    Vyy=   -0.5443    axis=(  0.579339 -0.241131  0.778603)
     H   13    Vzz=    0.5869    axis=(  0.002934 -0.954616 -0.297825)
     H   13  Q=         1.0000 1e-30 m^2  Cq=         1.3789 MHz  eta= 0.85487

     C   14    Vxx=    0.1268    axis=(  0.664597  0.706459  0.243367)
     C   14    Vyy=    0.3695    axis=(  0.251940 -0.518499  0.817120)
     C   14    Vzz=   -0.4963    axis=( -0.703447  0.481741  0.522578)
     C   14  Q=         1.0000 1e-30 m^2  Cq=        -1.1661 MHz  eta= 0.48903

     H   15    Vxx=   -0.0823    axis=(  0.416746 -0.885878  0.203819)
     H   15    Vyy=   -0.4429    axis=( -0.649562 -0.133359  0.748522)
     H   15    Vzz=    0.5252    axis=(  0.635918  0.444336  0.631010)
     H   15  Q=         1.0000 1e-30 m^2  Cq=         1.2341 MHz  eta= 0.68668

     C   16    Vxx=    0.0254    axis=(  0.084687 -0.732759  0.675198)
     C   16    Vyy=    0.7392    axis=( -0.873585  0.271322  0.404023)
     C   16    Vzz=   -0.7647    axis=( -0.479247 -0.624058 -0.617149)
     C   16  Q=         1.0000 1e-30 m^2  Cq=        -1.7966 MHz  eta= 0.93352

     C   17    Vxx=   -0.0367    axis=( -0.362795 -0.707735 -0.606211)
     C   17    Vyy=   -0.6096    axis=(  0.490367 -0.698171  0.521629)
     C   17    Vzz=    0.6463    axis=( -0.792414 -0.108022  0.600343)
     C   17  Q=         1.0000 1e-30 m^2  Cq=         1.5185 MHz  eta= 0.88648

     Cl  18    Vxx=    0.3994    axis=( -0.141782  0.633542 -0.760607)
     Cl  18    Vyy=    1.2701    axis=(  0.821498 -0.353399 -0.447493)
     Cl  18    Vzz=   -1.6695    axis=( -0.552304 -0.688283 -0.470347)
     Cl  18  Q=        -8.1650 1e-30 m^2  Cq=        32.0291 MHz  eta= 0.52150

     H   19    Vxx=   -0.0616    axis=(  0.043691  0.489952  0.870654)
     H   19    Vyy=   -0.3813    axis=(  0.958372  0.225578 -0.175035)
     H   19    Vzz=    0.4429    axis=( -0.282159  0.842058 -0.459700)
     H   19  Q=         1.0000 1e-30 m^2  Cq=         1.0406 MHz  eta= 0.72180

     C   20    Vxx=    0.1076    axis=( -0.084676 -0.454871 -0.886522)
     C   20    Vyy=    0.5369    axis=( -0.699067 -0.606878  0.378158)
     C   20    Vzz=   -0.6444    axis=(  0.710025 -0.651760  0.266598)
     C   20  Q=         1.0000 1e-30 m^2  Cq=        -1.5142 MHz  eta= 0.66610

     H   21    Vxx=   -0.0883    axis=(  0.029661 -0.921545 -0.387137)
     H   21    Vyy=   -0.4838    axis=(  0.479833  0.352890 -0.803261)
     H   21    Vzz=    0.5721    axis=(  0.876858 -0.161935  0.452655)
     H   21  Q=         1.0000 1e-30 m^2  Cq=         1.3443 MHz  eta= 0.69119

     C   22    Vxx=   -0.1042    axis=( -0.223417  0.760390  0.609830)
     C   22    Vyy=   -1.0071    axis=( -0.974564 -0.162947 -0.153863)
     C   22    Vzz=    1.1113    axis=( -0.017626 -0.628694  0.777453)
     C   22  Q=         1.0000 1e-30 m^2  Cq=         2.6111 MHz  eta= 0.81239

     C   23    Vxx=   -0.1841    axis=( -0.350242  0.790369  0.502641)
     C   23    Vyy=   -0.4072    axis=( -0.660473 -0.588906  0.465795)
     C   23    Vzz=    0.5912    axis=(  0.664158 -0.168840  0.728277)
     C   23  Q=         1.0000 1e-30 m^2  Cq=         1.3892 MHz  eta= 0.37727

     Cl  24    Vxx=    0.1384    axis=(  0.794597  0.605936  0.038177)
     Cl  24    Vyy=    1.8990    axis=(  0.333126 -0.487688  0.806962)
     Cl  24    Vzz=   -2.0373    axis=(  0.507586 -0.628492 -0.589368)
     Cl  24  Q=        -8.1650 1e-30 m^2  Cq=        39.0853 MHz  eta= 0.86417

     Initialization:
     gipaw_setup  :      9.55s CPU     11.79s WALL (       1 calls)

     Linear response

     Apply operators

     Induced current

     Other routines
     efg          :     10.33s CPU     13.72s WALL (       1 calls)

     General routines
     calbec       :      3.42s CPU      4.67s WALL (      16 calls)
     fft          :      1.65s CPU      2.66s WALL (      15 calls)
     ffts         :      0.04s CPU      0.05s WALL (       2 calls)
     fftw         :      3.84s CPU      5.38s WALL (     672 calls)
     davcio       :      0.03s CPU      0.32s WALL (      32 calls)

     Parallel routines
     fft_scatter  :      2.76s CPU      5.08s WALL (     689 calls)

     Plugins

     GIPAW        :     63.64s CPU     78.78s WALL (       1 calls)
