
     Program QE v.6.0 (svn rev. 13079) starts on 23Jan2017 at 17:32:59 

     This program is part of the open-source Quantum ESPRESSO suite
     for quantum simulation of materials; please cite
         "P. Giannozzi et al., J. Phys.:Condens. Matter 21 395502 (2009);
          URL http://www.quantum-espresso.org", 
     in publications or presentations arising from this work. More details at
     http://www.quantum-espresso.org/quote

     Parallel version (MPI), running on     8 processors
     R & G space division:  proc/nbgrp/npool/nimage =       8

     ***** This is GIPAW svn revision unknown      *****

     Parallelizing q-star over 1 images

     Reading data from directory:
     /users/majewski/paradichlorobenzene/pbe/9_constraint/scratch/pbe.ecut100.np8.dt60.pcl2phi-129368.save
     Message from routine read_xml_file:
     file /users/majewski/paradichlorobenzene/pbe/9_constraint/scratch/pbe.ecut100.np8.dt60.pcl2phi-129368.save not guaranteed to be safe for post-processing

   Info: using nr1, nr2, nr3 values from input

   Info: using nr1, nr2, nr3 values from input

     IMPORTANT: XC functional enforced from input :
     Exchange-correlation      =  SLA  PW   PBX  PBC ( 1  4  3  4 0 0)
     Any further DFT definition will be discarded
     Please, verify this is what you really want

               file C.pbe-n-kjpaw_psl.1.0.0.UPF: wavefunction(s)  2S 2P renormalized
               file Cl.pbe-n-kjpaw_psl.1.0.0.UPF: wavefunction(s)  3S 3P renormalized
               file H.pbe-kjpaw_psl.1.0.0.UPF: wavefunction(s)  1S renormalized

     Parallelization info
     --------------------
     sticks:   dense  smooth     PW     G-vecs:    dense   smooth      PW
     Min        3057    1223    332               144436    36536    5170
     Max        3059    1225    333               144437    36537    5171
     Sum       24467    9791   2657              1155489   292295   41363


     Subspace diagonalization in iterative solution of the eigenvalue problem:
     a serial algorithm will be used

     GIPAW projectors -----------------------------------------------
     atom=  C    l=0  rc=    1.2000  rs=    0.8000
     atom=  C    l=0  rc=    1.2000  rs=    0.8000
     atom=  C    l=1  rc=    1.4000  rs=    0.9333
     atom=  C    l=1  rc=    1.4000  rs=    0.9333
     projs nearly linearly dependent: l=1  n1,n2= 1, 2  s=  0.99951561

     atom=  Cl   l=0  rc=    1.6000  rs=    1.0667
     atom=  Cl   l=0  rc=    1.6000  rs=    1.0667
     atom=  Cl   l=1  rc=    1.6000  rs=    1.0667
     atom=  Cl   l=1  rc=    1.6000  rs=    1.0667
     atom=  Cl   l=2  rc=    1.6000  rs=    1.0667
     atom=  Cl   l=2  rc=    1.6000  rs=    1.0667
     projs nearly linearly dependent: l=2  n1,n2= 1, 2  s=  0.99993509

     atom=  H    l=0  rc=    1.0000  rs=    0.6667
     atom=  H    l=0  rc=    1.0000  rs=    0.6667
     projs nearly linearly dependent: l=0  n1,n2= 1, 2  s=  0.99968852
     -----------------------------------------------------------------

     GIPAW integrals: -------------------------------------------
     Atom  i/j   nmr_para   nmr_dia   epr_rmc  epr_para   epr_dia
       C   1 1   0.83E+03  0.17E-01  0.93E+01  0.24E+08  0.24E+03
       C   2 1   0.86E+03 -0.61E-01  0.94E+01  0.25E+08  0.25E+03
       C   2 2   0.90E+03 -0.15E+00  0.97E+01  0.26E+08  0.26E+03
       C   3 3   0.33E+01  0.34E+00  0.18E+01  0.55E+03  0.21E+02
       C   4 3   0.35E+01  0.37E+00  0.20E+01  0.59E+03  0.22E+02
       C   4 4   0.38E+01  0.39E+00  0.22E+01  0.63E+03  0.24E+02
       Cl  1 1   0.14E+04 -0.47E+00  0.84E+01  0.32E+09  0.42E+03
       Cl  2 1   0.21E+04 -0.37E+00  0.12E+02  0.49E+09  0.65E+03
       Cl  2 2   0.33E+04 -0.16E+00  0.21E+02  0.76E+09  0.10E+04
       Cl  3 3   0.21E+02  0.79E-01  0.89E+01  0.23E+05  0.13E+03
       Cl  4 3   0.24E+02  0.67E-01  0.99E+01  0.27E+05  0.15E+03
       Cl  4 4   0.28E+02  0.44E-01  0.11E+02  0.32E+05  0.18E+03
       Cl  5 5   0.77E+00  0.19E+00  0.18E+01  0.12E+03  0.22E+02
       Cl  6 5   0.80E+00  0.19E+00  0.19E+01  0.12E+03  0.23E+02
       Cl  6 6   0.83E+00  0.20E+00  0.19E+01  0.12E+03  0.23E+02
       H   1 1   0.39E+02  0.19E+00  0.29E+00  0.78E+05  0.13E+02
       H   2 1   0.41E+02  0.21E+00  0.32E+00  0.82E+05  0.14E+02
       H   2 2   0.43E+02  0.22E+00  0.36E+00  0.86E+05  0.15E+02
     ------------------------------------------------------------

     alpha_pv=     34.3230 eV

     Number of occupied bands for each k-point:
     k-point:     1    nbnd_occ=  42
     k-point:     2    nbnd_occ=  42
     k-point:     3    nbnd_occ=  42
     k-point:     4    nbnd_occ=  42
     k-point:     5    nbnd_occ=  42
     k-point:     6    nbnd_occ=  42
     k-point:     7    nbnd_occ=  42
     k-point:     8    nbnd_occ=  42
     k-point:     9    nbnd_occ=  42
     k-point:    10    nbnd_occ=  42
     k-point:    11    nbnd_occ=  42
     k-point:    12    nbnd_occ=  42
     k-point:    13    nbnd_occ=  42
     k-point:    14    nbnd_occ=  42
     k-point:    15    nbnd_occ=  42
     k-point:    16    nbnd_occ=  42


     q-space interpolation up to   110.00 Rydberg

     GIPAW job: efg                                                                             


     ELECTRIC FIELD GRADIENTS TENSORS IN Hartree/bohrradius^2:

     ----- bare term -----
     Cl   1        0.046023        0.153454       -0.029131
     Cl   1        0.153454        0.078155       -0.015451
     Cl   1       -0.029131       -0.015451       -0.124178

     C    2        0.054764        0.474003       -0.128868
     C    2        0.474003       -0.272776       -0.522219
     C    2       -0.128868       -0.522219        0.218012

     C    3       -0.100091       -0.001960       -0.008726
     C    3       -0.001960       -0.062440       -0.092883
     C    3       -0.008726       -0.092883        0.162531

     H    4       -0.266940       -0.395070        0.120918
     H    4       -0.395070        0.008076        0.145028
     H    4        0.120918        0.145028        0.258864

     C    5       -0.126178        0.167839       -0.096647
     C    5        0.167839       -0.170706       -0.035113
     C    5       -0.096647       -0.035113        0.296884

     H    6        0.217990       -0.409725        0.171843
     H    6       -0.409725       -0.510224        0.163820
     H    6        0.171843        0.163820        0.292234

     H    7        0.502020       -0.030207       -0.209793
     H    7       -0.030207       -0.042029        0.254905
     H    7       -0.209793        0.254905       -0.459991

     C    8       -0.524367       -0.325656       -0.068519
     C    8       -0.325656        0.130289        0.412217
     C    8       -0.068519        0.412217        0.394078

     H    9        0.036459       -0.099101       -0.494786
     H    9       -0.099101        0.159591       -0.227436
     H    9       -0.494786       -0.227436       -0.196049

     C   10       -0.027704        0.169154       -0.245845
     C   10        0.169154       -0.080976        0.647553
     C   10       -0.245845        0.647553        0.108680

     C   11       -0.274432       -0.294633       -0.207723
     C   11       -0.294633       -0.106293        0.378794
     C   11       -0.207723        0.378794        0.380725

     Cl  12       -0.009324        0.131560        0.001357
     Cl  12        0.131560        0.031365        0.094414
     Cl  12        0.001357        0.094414       -0.022042

     H   13        0.510224       -0.096455       -0.048176
     H   13       -0.096455       -0.646196        0.126354
     H   13       -0.048176        0.126354        0.135972

     C   14       -0.514328       -0.109280       -0.251241
     C   14       -0.109280       -0.018176       -0.326389
     C   14       -0.251241       -0.326389        0.532504

     H   15       -0.287178       -0.460905        0.060013
     H   15       -0.460905        0.090187        0.195961
     H   15        0.060013        0.195961        0.196991

     C   16       -0.133198        0.391979        0.152319
     C   16        0.391979       -0.403418       -0.486269
     C   16        0.152319       -0.486269        0.536616

     C   17       -0.100163       -0.011298       -0.464881
     C   17       -0.011298       -0.037580       -0.450978
     C   17       -0.464881       -0.450978        0.137742

     Cl  18        0.014034        0.243585        0.023792
     Cl  18        0.243585        0.036421        0.033257
     Cl  18        0.023792        0.033257       -0.050455

     H   19        0.173106       -0.225286        0.217566
     H   19       -0.225286       -0.253934        0.546897
     H   19        0.217566        0.546897        0.080828

     C   20       -0.050087        0.205579       -0.558043
     C   20        0.205579       -0.139906        0.435035
     C   20       -0.558043        0.435035        0.189993

     H   21        0.046386        0.081940       -0.197626
     H   21        0.081940        0.523912        0.150616
     H   21       -0.197626        0.150616       -0.570298

     C   22       -0.071359       -0.468523       -0.318666
     C   22       -0.468523       -0.288663        0.147162
     C   22       -0.318666        0.147162        0.360023

     C   23        0.131598        0.286981       -0.608097
     C   23        0.286981       -0.216124        0.569098
     C   23       -0.608097        0.569098        0.084526

     Cl  24       -0.080928       -0.362926       -0.144910
     Cl  24       -0.362926       -0.155397       -0.009268
     Cl  24       -0.144910       -0.009268        0.236324

     ----- ionic term -----
     Cl   1        0.155900       -0.193063       -0.003134
     Cl   1       -0.193063        0.014038       -0.005944
     Cl   1       -0.003134       -0.005944       -0.169938

     C    2        0.323618       -0.027956        0.168666
     C    2       -0.027956        0.264345        0.267088
     C    2        0.168666        0.267088       -0.587963

     C    3        0.234079       -0.147602        0.088497
     C    3       -0.147602        0.359420        0.265227
     C    3        0.088497        0.265227       -0.593499

     H    4        0.703306        0.563374        0.339491
     H    4        0.563374       -0.183538        0.221451
     H    4        0.339491        0.221451       -0.519768

     C    5        0.424692       -0.109227        0.132843
     C    5       -0.109227        0.167824        0.216024
     C    5        0.132843        0.216024       -0.592517

     H    6       -0.483200        0.192404        0.079561
     H    6        0.192404        0.904484        0.473928
     H    6        0.079561        0.473928       -0.421284

     H    7       -0.527377       -0.051809        0.071471
     H    7       -0.051809        0.417596       -0.783000
     H    7        0.071471       -0.783000        0.109781

     C    8        0.155290        0.236168        0.346106
     C    8        0.236168       -0.060639       -0.290522
     C    8        0.346106       -0.290522       -0.094652

     H    9        0.358453       -0.112939        0.775771
     H    9       -0.112939       -0.502171       -0.179715
     H    9        0.775771       -0.179715        0.143718

     C   10        0.045495        0.277006        0.223881
     C   10        0.277006        0.073419       -0.403290
     C   10        0.223881       -0.403290       -0.118914

     C   11        0.097031        0.198052        0.321597
     C   11        0.198052        0.036297       -0.427193
     C   11        0.321597       -0.427193       -0.133328

     Cl  12        0.118683        0.222359        0.011741
     Cl  12        0.222359        0.029069        0.011238
     Cl  12        0.011741        0.011238       -0.147752

     H   13       -0.485994        0.233832        0.081044
     H   13        0.233832        0.885760        0.482023
     H   13        0.081044        0.482023       -0.399766

     C   14        0.404311       -0.030892        0.162912
     C   14       -0.030892        0.152339        0.247762
     C   14        0.162912        0.247762       -0.556650

     H   15        0.765445        0.502875        0.392838
     H   15        0.502875       -0.249202        0.177653
     H   15        0.392838        0.177653       -0.516243

     C   16        0.259340       -0.130611        0.090754
     C   16       -0.130611        0.295092        0.258488
     C   16        0.090754        0.258488       -0.554432

     C   17        0.278250       -0.057454        0.131007
     C   17       -0.057454        0.282382        0.248930
     C   17        0.131007        0.248930       -0.560632

     Cl  18        0.135184       -0.188570        0.012505
     Cl  18       -0.188570        0.018666       -0.002328
     Cl  18        0.012505       -0.002328       -0.153850

     H   19       -0.534464       -0.021396        0.025591
     H   19       -0.021396        0.658448       -0.716632
     H   19        0.025591       -0.716632       -0.123985

     C   20        0.194955        0.253030        0.321184
     C   20        0.253030        0.071245       -0.272902
     C   20        0.321184       -0.272902       -0.266200

     H   21        0.351673       -0.157722        0.814740
     H   21       -0.157722       -0.497665       -0.214970
     H   21        0.814740       -0.214970        0.145991

     C   22        0.064440        0.325041        0.249833
     C   22        0.325041        0.137060       -0.346789
     C   22        0.249833       -0.346789       -0.201499

     C   23        0.106923        0.301965        0.345857
     C   23        0.301965        0.043775       -0.361219
     C   23        0.345857       -0.361219       -0.150698

     Cl  24        0.139654        0.231611        0.028938
     Cl  24        0.231611        0.021202        0.006451
     Cl  24        0.028938        0.006451       -0.160856

     ----- GIPAW term -----
     Cl   1        2.179108        0.253060       -0.345736
     Cl   1        0.253060        0.532596       -0.199876
     Cl   1       -0.345736       -0.199876       -2.711703

     C    2        0.208121        0.120083       -0.027749
     C    2        0.120083       -0.061581       -0.076829
     C    2       -0.027749       -0.076829       -0.146541

     C    3       -0.009735        0.018515       -0.038793
     C    3        0.018515        0.002062       -0.027544
     C    3       -0.038793       -0.027544        0.007673

     H    4       -0.000000        0.000000        0.000000
     H    4        0.000000        0.000000        0.000000
     H    4        0.000000        0.000000        0.000000

     C    5        0.009452        0.046785       -0.064839
     C    5        0.046785       -0.044267       -0.039255
     C    5       -0.064839       -0.039255        0.034814

     H    6       -0.000000        0.000000        0.000000
     H    6        0.000000        0.000000        0.000000
     H    6        0.000000        0.000000        0.000000

     H    7       -0.000000        0.000000        0.000000
     H    7        0.000000        0.000000        0.000000
     H    7        0.000000        0.000000        0.000000

     C    8       -0.140686        0.055658        0.080654
     C    8        0.055658        0.111524        0.197462
     C    8        0.080654        0.197462        0.029162

     H    9       -0.000000        0.000000        0.000000
     H    9        0.000000        0.000000        0.000000
     H    9        0.000000        0.000000        0.000000

     C   10       -0.076736        0.160407        0.026916
     C   10        0.160407        0.095030        0.213463
     C   10        0.026916        0.213463       -0.018293

     C   11        0.079560        0.173051       -0.008101
     C   11        0.173051        0.012884        0.062000
     C   11       -0.008101        0.062000       -0.092445

     Cl  12        0.884603        3.166890        0.505708
     Cl  12        3.166890        0.609593        1.255959
     Cl  12        0.505708        1.255959       -1.494196

     H   13       -0.000000        0.000000        0.000000
     H   13        0.000000        0.000000        0.000000
     H   13        0.000000        0.000000        0.000000

     C   14       -0.085345       -0.068881        0.147082
     C   14       -0.068881       -0.116458       -0.092067
     C   14        0.147082       -0.092067        0.201804

     H   15       -0.000000        0.000000        0.000000
     H   15        0.000000        0.000000        0.000000
     H   15        0.000000        0.000000        0.000000

     C   16       -0.085754        0.003532        0.129227
     C   16        0.003532       -0.109108       -0.151810
     C   16        0.129227       -0.151810        0.194862

     C   17        0.167385       -0.049441       -0.053449
     C   17       -0.049441       -0.026518       -0.047777
     C   17       -0.053449       -0.047777       -0.140867

     Cl  18        1.659532       -0.065600        0.260908
     Cl  18       -0.065600        0.558106        0.307802
     Cl  18        0.260908        0.307802       -2.217639

     H   19       -0.000000        0.000000        0.000000
     H   19        0.000000        0.000000        0.000000
     H   19        0.000000        0.000000        0.000000

     C   20        0.139764        0.161463       -0.206177
     C   20        0.161463       -0.112316        0.026250
     C   20       -0.206177        0.026250       -0.027448

     H   21       -0.000000        0.000000        0.000000
     H   21        0.000000        0.000000        0.000000
     H   21        0.000000        0.000000        0.000000

     C   22        0.122860       -0.006426       -0.207543
     C   22       -0.006426       -0.148717       -0.040890
     C   22       -0.207543       -0.040890        0.025858

     C   23        0.233536        0.182567       -0.197267
     C   23        0.182567       -0.116674        0.056078
     C   23       -0.197267        0.056078       -0.116862

     Cl  24        2.189264        0.623503       -1.910101
     Cl  24        0.623503       -1.490857       -0.096637
     Cl  24       -1.910101       -0.096637       -0.698407

     ----- total EFG -----
     Cl   1        2.381030        0.213451       -0.378001
     Cl   1        0.213451        0.624788       -0.221270
     Cl   1       -0.378001       -0.221270       -3.005819

     C    2        0.586504        0.566130        0.012048
     C    2        0.566130       -0.070012       -0.331959
     C    2        0.012048       -0.331959       -0.516492

     C    3        0.124253       -0.131047        0.040978
     C    3       -0.131047        0.299042        0.144800
     C    3        0.040978        0.144800       -0.423295

     H    4        0.436366        0.168304        0.460409
     H    4        0.168304       -0.175462        0.366479
     H    4        0.460409        0.366479       -0.260904

     C    5        0.307966        0.105397       -0.028643
     C    5        0.105397       -0.047148        0.141657
     C    5       -0.028643        0.141657       -0.260818

     H    6       -0.265211       -0.217321        0.251404
     H    6       -0.217321        0.394260        0.637747
     H    6        0.251404        0.637747       -0.129049

     H    7       -0.025357       -0.082016       -0.138322
     H    7       -0.082016        0.375567       -0.528095
     H    7       -0.138322       -0.528095       -0.350210

     C    8       -0.509763       -0.033830        0.358241
     C    8       -0.033830        0.181174        0.319156
     C    8        0.358241        0.319156        0.328588

     H    9        0.394912       -0.212039        0.280985
     H    9       -0.212039       -0.342580       -0.407152
     H    9        0.280985       -0.407152       -0.052331

     C   10       -0.058945        0.606567        0.004951
     C   10        0.606567        0.087473        0.457726
     C   10        0.004951        0.457726       -0.028528

     C   11       -0.097840        0.076470        0.105774
     C   11        0.076470       -0.057112        0.013601
     C   11        0.105774        0.013601        0.154952

     Cl  12        0.993962        3.520808        0.518805
     Cl  12        3.520808        0.670028        1.361610
     Cl  12        0.518805        1.361610       -1.663990

     H   13        0.024231        0.137377        0.032868
     H   13        0.137377        0.239563        0.608377
     H   13        0.032868        0.608377       -0.263794

     C   14       -0.195362       -0.209054        0.058753
     C   14       -0.209054        0.017704       -0.170694
     C   14        0.058753       -0.170694        0.177657

     H   15        0.478267        0.041970        0.452851
     H   15        0.041970       -0.159015        0.373614
     H   15        0.452851        0.373614       -0.319252

     C   16        0.040387        0.264900        0.372300
     C   16        0.264900       -0.217434       -0.379591
     C   16        0.372300       -0.379591        0.177047

     C   17        0.345472       -0.118194       -0.387323
     C   17       -0.118194        0.218285       -0.249824
     C   17       -0.387323       -0.249824       -0.563756

     Cl  18        1.808750       -0.010585        0.297205
     Cl  18       -0.010585        0.613194        0.338731
     Cl  18        0.297205        0.338731       -2.421944

     H   19       -0.361357       -0.246683        0.243157
     H   19       -0.246683        0.404514       -0.169736
     H   19        0.243157       -0.169736       -0.043157

     C   20        0.284632        0.620072       -0.443037
     C   20        0.620072       -0.180977        0.188383
     C   20       -0.443037        0.188383       -0.103655

     H   21        0.398059       -0.075783        0.617115
     H   21       -0.075783        0.026247       -0.064354
     H   21        0.617115       -0.064354       -0.424306

     C   22        0.115940       -0.149907       -0.276376
     C   22       -0.149907       -0.300321       -0.240517
     C   22       -0.276376       -0.240517        0.184381

     C   23        0.472057        0.771513       -0.459507
     C   23        0.771513       -0.289023        0.263957
     C   23       -0.459507        0.263957       -0.183034

     Cl  24        2.247990        0.492188       -2.026074
     Cl  24        0.492188       -1.625052       -0.099454
     Cl  24       -2.026074       -0.099454       -0.622938

     ----- total EFG (symmetrized) -----
     Cl   1        2.381030        0.213451       -0.378001
     Cl   1        0.213451        0.624788       -0.221270
     Cl   1       -0.378001       -0.221270       -3.005819

     C    2        0.586504        0.566130        0.012048
     C    2        0.566130       -0.070012       -0.331959
     C    2        0.012048       -0.331959       -0.516492

     C    3        0.124253       -0.131047        0.040978
     C    3       -0.131047        0.299042        0.144800
     C    3        0.040978        0.144800       -0.423295

     H    4        0.436366        0.168304        0.460409
     H    4        0.168304       -0.175462        0.366479
     H    4        0.460409        0.366479       -0.260904

     C    5        0.307966        0.105397       -0.028643
     C    5        0.105397       -0.047148        0.141657
     C    5       -0.028643        0.141657       -0.260818

     H    6       -0.265211       -0.217321        0.251404
     H    6       -0.217321        0.394260        0.637747
     H    6        0.251404        0.637747       -0.129049

     H    7       -0.025357       -0.082016       -0.138322
     H    7       -0.082016        0.375567       -0.528095
     H    7       -0.138322       -0.528095       -0.350210

     C    8       -0.509763       -0.033830        0.358241
     C    8       -0.033830        0.181174        0.319156
     C    8        0.358241        0.319156        0.328588

     H    9        0.394912       -0.212039        0.280985
     H    9       -0.212039       -0.342580       -0.407152
     H    9        0.280985       -0.407152       -0.052331

     C   10       -0.058945        0.606567        0.004951
     C   10        0.606567        0.087473        0.457726
     C   10        0.004951        0.457726       -0.028528

     C   11       -0.097840        0.076470        0.105774
     C   11        0.076470       -0.057112        0.013601
     C   11        0.105774        0.013601        0.154952

     Cl  12        0.993962        3.520808        0.518805
     Cl  12        3.520808        0.670028        1.361610
     Cl  12        0.518805        1.361610       -1.663990

     H   13        0.024231        0.137377        0.032868
     H   13        0.137377        0.239563        0.608377
     H   13        0.032868        0.608377       -0.263794

     C   14       -0.195362       -0.209054        0.058753
     C   14       -0.209054        0.017704       -0.170694
     C   14        0.058753       -0.170694        0.177657

     H   15        0.478267        0.041970        0.452851
     H   15        0.041970       -0.159015        0.373614
     H   15        0.452851        0.373614       -0.319252

     C   16        0.040387        0.264900        0.372300
     C   16        0.264900       -0.217434       -0.379591
     C   16        0.372300       -0.379591        0.177047

     C   17        0.345472       -0.118194       -0.387323
     C   17       -0.118194        0.218285       -0.249824
     C   17       -0.387323       -0.249824       -0.563756

     Cl  18        1.808750       -0.010585        0.297205
     Cl  18       -0.010585        0.613194        0.338731
     Cl  18        0.297205        0.338731       -2.421944

     H   19       -0.361357       -0.246683        0.243157
     H   19       -0.246683        0.404514       -0.169736
     H   19        0.243157       -0.169736       -0.043157

     C   20        0.284632        0.620072       -0.443037
     C   20        0.620072       -0.180977        0.188383
     C   20       -0.443037        0.188383       -0.103655

     H   21        0.398059       -0.075783        0.617115
     H   21       -0.075783        0.026247       -0.064354
     H   21        0.617115       -0.064354       -0.424306

     C   22        0.115940       -0.149907       -0.276376
     C   22       -0.149907       -0.300321       -0.240517
     C   22       -0.276376       -0.240517        0.184381

     C   23        0.472057        0.771513       -0.459507
     C   23        0.771513       -0.289023        0.263957
     C   23       -0.459507        0.263957       -0.183034

     Cl  24        2.247990        0.492188       -2.026074
     Cl  24        0.492188       -1.625052       -0.099454
     Cl  24       -2.026074       -0.099454       -0.622938


     NQR/NMR SPECTROSCOPIC PARAMETERS:
     Cl   1    Vxx=    0.6075    axis=(  0.129252 -0.990491  0.047134)
     Cl   1    Vyy=    2.4363    axis=(  0.989332  0.125588 -0.073823)
     Cl   1    Vzz=   -3.0438    axis=(  0.067202  0.056173  0.996157)
     Cl   1  Q=        -8.1650 1e-30 m^2  Cq=        58.3937 MHz  eta= 0.60085

     C    2    Vxx=   -0.1653    axis=( -0.467733  0.634250 -0.615591)
     C    2    Vyy=   -0.7648    axis=( -0.247656  0.574529  0.780117)
     C    2    Vzz=    0.9301    axis=( -0.848464 -0.517342  0.111650)
     C    2  Q=         1.0000 1e-30 m^2  Cq=         2.1854 MHz  eta= 0.64452

     C    3    Vxx=    0.0744    axis=(  0.896402  0.400328  0.190267)
     C    3    Vyy=    0.3843    axis=( -0.428195  0.893027  0.138389)
     C    3    Vzz=   -0.4587    axis=( -0.114513 -0.205523  0.971929)
     C    3  Q=         1.0000 1e-30 m^2  Cq=        -1.0779 MHz  eta= 0.67552

     H    4    Vxx=   -0.1246    axis=(  0.519089 -0.781171 -0.346869)
     H    4    Vyy=   -0.6502    axis=(  0.259641  0.530767 -0.806767)
     H    4    Vzz=    0.7748    axis=(  0.814330  0.328723  0.478339)
     H    4  Q=         1.0000 1e-30 m^2  Cq=         1.8204 MHz  eta= 0.67842

     C    5    Vxx=    0.0027    axis=( -0.245872  0.842386  0.479513)
     C    5    Vyy=    0.3371    axis=( -0.962502 -0.270674 -0.018020)
     C    5    Vzz=   -0.3398    axis=(  0.114612 -0.465963  0.877350)
     C    5  Q=         1.0000 1e-30 m^2  Cq=        -0.7984 MHz  eta= 0.98396

     H    6    Vxx=   -0.0517    axis=(  0.836636 -0.272132  0.475379)
     H    6    Vyy=   -0.7719    axis=(  0.546294  0.477968 -0.687829)
     H    6    Vzz=    0.8236    axis=( -0.040036  0.835159  0.548550)
     H    6  Q=         1.0000 1e-30 m^2  Cq=         1.9350 MHz  eta= 0.87451

     H    7    Vxx=    0.0147    axis=(  0.970098 -0.101888 -0.220291)
     H    7    Vyy=    0.6535    axis=( -0.012404  0.885624 -0.464238)
     H    7    Vzz=   -0.6682    axis=(  0.242395  0.453089  0.857878)
     H    7  Q=         1.0000 1e-30 m^2  Cq=        -1.5700 MHz  eta= 0.95610

     C    8    Vxx=    0.0227    axis=(  0.352296 -0.822826  0.445920)
     C    8    Vyy=    0.6454    axis=( -0.235063 -0.538988 -0.808849)
     C    8    Vzz=   -0.6681    axis=(  0.905888  0.180135 -0.383299)
     C    8  Q=         1.0000 1e-30 m^2  Cq=        -1.5697 MHz  eta= 0.93205

     H    9    Vxx=   -0.0459    axis=( -0.623581 -0.440566  0.645793)
     H    9    Vyy=   -0.6298    axis=(  0.012877  0.820176  0.571966)
     H    9    Vzz=    0.6757    axis=(  0.781653 -0.364983  0.505773)
     H    9  Q=         1.0000 1e-30 m^2  Cq=         1.5877 MHz  eta= 0.86418

     C   10    Vxx=   -0.0443    axis=( -0.599308 -0.021035  0.800242)
     C   10    Vyy=   -0.7407    axis=( -0.598268  0.675969 -0.430280)
     C   10    Vzz=    0.7850    axis=( -0.531888 -0.736629 -0.417698)
     C   10  Q=         1.0000 1e-30 m^2  Cq=         1.8444 MHz  eta= 0.88722

     C   11    Vxx=   -0.0239    axis=( -0.425047 -0.848239  0.315952)
     C   11    Vyy=   -0.1757    axis=(  0.827594 -0.505559 -0.243925)
     C   11    Vzz=    0.1996    axis=(  0.366639  0.157801  0.916883)
     C   11  Q=         1.0000 1e-30 m^2  Cq=         0.4690 MHz  eta= 0.76091

     Cl  12    Vxx=   -1.5967    axis=( -0.472861  0.222300  0.852634)
     Cl  12    Vyy=   -3.0370    axis=( -0.541189  0.690356 -0.480128)
     Cl  12    Vzz=    4.6337    axis=(  0.695354  0.688470  0.206136)
     Cl  12  Q=        -8.1650 1e-30 m^2  Cq=       -88.8955 MHz  eta= 0.31083

     H   13    Vxx=    0.0006    axis=(  0.977093 -0.127006 -0.170757)
     H   13    Vyy=    0.6734    axis=(  0.200479  0.818509  0.538378)
     H   13    Vzz=   -0.6740    axis=(  0.071389 -0.560279  0.825222)
     H   13  Q=         1.0000 1e-30 m^2  Cq=        -1.5836 MHz  eta= 0.99813

     C   14    Vxx=   -0.0130    axis=( -0.458378  0.587309  0.667051)
     C   14    Vyy=   -0.3269    axis=( -0.831560 -0.548313 -0.088659)
     C   14    Vzz=    0.3399    axis=(  0.313682 -0.595332  0.739718)
     C   14  Q=         1.0000 1e-30 m^2  Cq=         0.7987 MHz  eta= 0.92349

     H   15    Vxx=   -0.0093    axis=(  0.421679 -0.824365 -0.377635)
     H   15    Vyy=   -0.7194    axis=(  0.286968  0.516395 -0.806836)
     H   15    Vzz=    0.7288    axis=(  0.860137  0.231857  0.454320)
     H   15  Q=         1.0000 1e-30 m^2  Cq=         1.7123 MHz  eta= 0.97438

     C   16    Vxx=    0.1787    axis=( -0.694724 -0.682391  0.227376)
     C   16    Vyy=    0.5181    axis=(  0.508894 -0.242916  0.825844)
     C   16    Vzz=   -0.6969    axis=(  0.508316 -0.689445 -0.516024)
     C   16  Q=         1.0000 1e-30 m^2  Cq=        -1.6373 MHz  eta= 0.48702

     C   17    Vxx=    0.2912    axis=(  0.020877  0.957063 -0.289126)
     C   17    Vyy=    0.4910    axis=(  0.940925 -0.116567 -0.317918)
     C   17    Vzz=   -0.7822    axis=(  0.337971  0.265409  0.902958)
     C   17  Q=         1.0000 1e-30 m^2  Cq=        -1.8378 MHz  eta= 0.25545

     Cl  18    Vxx=    0.6501    axis=( -0.018572  0.993999  0.107803)
     Cl  18    Vyy=    1.8297    axis=(  0.997444  0.010980  0.070600)
     Cl  18    Vzz=   -2.4798    axis=( -0.068993 -0.108839  0.991662)
     Cl  18  Q=        -8.1650 1e-30 m^2  Cq=        47.5737 MHz  eta= 0.47566

     H   19    Vxx=   -0.0537    axis=(  0.288407  0.465248  0.836879)
     H   19    Vyy=   -0.5160    axis=( -0.899903 -0.166874  0.402898)
     H   19    Vzz=    0.5697    axis=(  0.327101 -0.869309  0.370551)
     H   19  Q=         1.0000 1e-30 m^2  Cq=         1.3385 MHz  eta= 0.81140

     C   20    Vxx=    0.0486    axis=( -0.027790  0.588106  0.808307)
     C   20    Vyy=    0.7983    axis=(  0.829072  0.465309 -0.310044)
     C   20    Vzz=   -0.8470    axis=( -0.558451  0.661528 -0.500513)
     C   20  Q=         1.0000 1e-30 m^2  Cq=        -1.9900 MHz  eta= 0.88514

     H   21    Vxx=    0.0136    axis=(  0.131484  0.990522  0.039726)
     H   21    Vyy=    0.7416    axis=(  0.872692 -0.134666  0.469334)
     H   21    Vzz=   -0.7552    axis=(  0.470235 -0.027041 -0.882127)
     H   21  Q=         1.0000 1e-30 m^2  Cq=        -1.7745 MHz  eta= 0.96397

     C   22    Vxx=    0.0644    axis=(  0.690545 -0.574006  0.440073)
     C   22    Vyy=    0.4394    axis=( -0.608105 -0.131328  0.782918)
     C   22    Vzz=   -0.5038    axis=( -0.391606 -0.808251 -0.439744)
     C   22  Q=         1.0000 1e-30 m^2  Cq=        -1.1838 MHz  eta= 0.74427

     C   23    Vxx=    0.0240    axis=( -0.068243  0.539473  0.839233)
     C   23    Vyy=    1.0105    axis=(  0.856906  0.462495 -0.227619)
     C   23    Vzz=   -1.0345    axis=( -0.510935  0.703610 -0.493840)
     C   23  Q=         1.0000 1e-30 m^2  Cq=        -2.4307 MHz  eta= 0.95359

     Cl  24    Vxx=   -1.5342    axis=(  0.263289  0.701760  0.661975)
     Cl  24    Vyy=   -1.8083    axis=(  0.383232 -0.705803  0.595798)
     Cl  24    Vzz=    3.3425    axis=(  0.885331  0.096823 -0.454768)
     Cl  24  Q=        -8.1650 1e-30 m^2  Cq=       -64.1251 MHz  eta= 0.08201

     Initialization:
     gipaw_setup  :      9.06s CPU     10.62s WALL (       1 calls)

     Linear response

     Apply operators

     Induced current

     Other routines
     efg          :      9.07s CPU     11.32s WALL (       1 calls)

     General routines
     calbec       :      3.17s CPU      4.14s WALL (      16 calls)
     fft          :      1.49s CPU      1.96s WALL (      15 calls)
     ffts         :      0.03s CPU      0.04s WALL (       2 calls)
     fftw         :      3.15s CPU      3.80s WALL (     672 calls)
     davcio       :      0.03s CPU      0.34s WALL (      32 calls)

     Parallel routines
     fft_scatter  :      2.01s CPU      2.91s WALL (     689 calls)

     Plugins

     GIPAW        :     61.60s CPU     74.08s WALL (       1 calls)
