
     Program QE v.6.0 (svn rev. 13079) starts on  7Jan2017 at 22:13:36 

     This program is part of the open-source Quantum ESPRESSO suite
     for quantum simulation of materials; please cite
         "P. Giannozzi et al., J. Phys.:Condens. Matter 21 395502 (2009);
          URL http://www.quantum-espresso.org", 
     in publications or presentations arising from this work. More details at
     http://www.quantum-espresso.org/quote

     Parallel version (MPI), running on     8 processors
     R & G space division:  proc/nbgrp/npool/nimage =       8

     ***** This is GIPAW svn revision unknown      *****

     Parallelizing q-star over 1 images

     Reading data from directory:
     /users/majewski/paradichlorobenzene/pbe/9_constraint/scratch/pbe.ecut100.np8.dt60.pcl2phi-129368.save
     Message from routine read_xml_file:
     file /users/majewski/paradichlorobenzene/pbe/9_constraint/scratch/pbe.ecut100.np8.dt60.pcl2phi-129368.save not guaranteed to be safe for post-processing

   Info: using nr1, nr2, nr3 values from input

   Info: using nr1, nr2, nr3 values from input

     IMPORTANT: XC functional enforced from input :
     Exchange-correlation      =  SLA  PW   PBX  PBC ( 1  4  3  4 0 0)
     Any further DFT definition will be discarded
     Please, verify this is what you really want

               file C.pbe-n-kjpaw_psl.1.0.0.UPF: wavefunction(s)  2S 2P renormalized
               file Cl.pbe-n-kjpaw_psl.1.0.0.UPF: wavefunction(s)  3S 3P renormalized
               file H.pbe-kjpaw_psl.1.0.0.UPF: wavefunction(s)  1S renormalized

     Parallelization info
     --------------------
     sticks:   dense  smooth     PW     G-vecs:    dense   smooth      PW
     Min        3057    1223    332               144436    36536    5170
     Max        3059    1225    333               144437    36537    5171
     Sum       24467    9791   2657              1155489   292295   41363


     Subspace diagonalization in iterative solution of the eigenvalue problem:
     a serial algorithm will be used

     GIPAW projectors -----------------------------------------------
     atom=  C    l=0  rc=    1.2000  rs=    0.8000
     atom=  C    l=0  rc=    1.2000  rs=    0.8000
     atom=  C    l=1  rc=    1.4000  rs=    0.9333
     atom=  C    l=1  rc=    1.4000  rs=    0.9333
     projs nearly linearly dependent: l=1  n1,n2= 1, 2  s=  0.99951561

     atom=  Cl   l=0  rc=    1.6000  rs=    1.0667
     atom=  Cl   l=0  rc=    1.6000  rs=    1.0667
     atom=  Cl   l=1  rc=    1.6000  rs=    1.0667
     atom=  Cl   l=1  rc=    1.6000  rs=    1.0667
     atom=  Cl   l=2  rc=    1.6000  rs=    1.0667
     atom=  Cl   l=2  rc=    1.6000  rs=    1.0667
     projs nearly linearly dependent: l=2  n1,n2= 1, 2  s=  0.99993509

     atom=  H    l=0  rc=    1.0000  rs=    0.6667
     atom=  H    l=0  rc=    1.0000  rs=    0.6667
     projs nearly linearly dependent: l=0  n1,n2= 1, 2  s=  0.99968852
     -----------------------------------------------------------------

     GIPAW integrals: -------------------------------------------
     Atom  i/j   nmr_para   nmr_dia   epr_rmc  epr_para   epr_dia
       C   1 1   0.83E+03  0.17E-01  0.93E+01  0.24E+08  0.24E+03
       C   2 1   0.86E+03 -0.61E-01  0.94E+01  0.25E+08  0.25E+03
       C   2 2   0.90E+03 -0.15E+00  0.97E+01  0.26E+08  0.26E+03
       C   3 3   0.33E+01  0.34E+00  0.18E+01  0.55E+03  0.21E+02
       C   4 3   0.35E+01  0.37E+00  0.20E+01  0.59E+03  0.22E+02
       C   4 4   0.38E+01  0.39E+00  0.22E+01  0.63E+03  0.24E+02
       Cl  1 1   0.14E+04 -0.47E+00  0.84E+01  0.32E+09  0.42E+03
       Cl  2 1   0.21E+04 -0.37E+00  0.12E+02  0.49E+09  0.65E+03
       Cl  2 2   0.33E+04 -0.16E+00  0.21E+02  0.76E+09  0.10E+04
       Cl  3 3   0.21E+02  0.79E-01  0.89E+01  0.23E+05  0.13E+03
       Cl  4 3   0.24E+02  0.67E-01  0.99E+01  0.27E+05  0.15E+03
       Cl  4 4   0.28E+02  0.44E-01  0.11E+02  0.32E+05  0.18E+03
       Cl  5 5   0.77E+00  0.19E+00  0.18E+01  0.12E+03  0.22E+02
       Cl  6 5   0.80E+00  0.19E+00  0.19E+01  0.12E+03  0.23E+02
       Cl  6 6   0.83E+00  0.20E+00  0.19E+01  0.12E+03  0.23E+02
       H   1 1   0.39E+02  0.19E+00  0.29E+00  0.78E+05  0.13E+02
       H   2 1   0.41E+02  0.21E+00  0.32E+00  0.82E+05  0.14E+02
       H   2 2   0.43E+02  0.22E+00  0.36E+00  0.86E+05  0.15E+02
     ------------------------------------------------------------

     alpha_pv=     34.0855 eV

     Number of occupied bands for each k-point:
     k-point:     1    nbnd_occ=  42
     k-point:     2    nbnd_occ=  42
     k-point:     3    nbnd_occ=  42
     k-point:     4    nbnd_occ=  42
     k-point:     5    nbnd_occ=  42
     k-point:     6    nbnd_occ=  42
     k-point:     7    nbnd_occ=  42
     k-point:     8    nbnd_occ=  42
     k-point:     9    nbnd_occ=  42
     k-point:    10    nbnd_occ=  42
     k-point:    11    nbnd_occ=  42
     k-point:    12    nbnd_occ=  42
     k-point:    13    nbnd_occ=  42
     k-point:    14    nbnd_occ=  42
     k-point:    15    nbnd_occ=  42
     k-point:    16    nbnd_occ=  42


     q-space interpolation up to   110.00 Rydberg

     GIPAW job: efg                                                                             


     ELECTRIC FIELD GRADIENTS TENSORS IN Hartree/bohrradius^2:

     ----- bare term -----
     Cl   1       -0.188098        0.300088        0.017802
     Cl   1        0.300088       -0.031369        0.015662
     Cl   1        0.017802        0.015662        0.219467

     C    2       -0.060991       -0.191368       -0.297975
     C    2       -0.191368       -0.001704       -0.630842
     C    2       -0.297975       -0.630842        0.062694

     C    3       -0.209266        0.306404        0.159322
     C    3        0.306404       -0.063102       -0.052599
     C    3        0.159322       -0.052599        0.272368

     H    4       -0.158302       -0.424287        0.057572
     H    4       -0.424287       -0.140572        0.222822
     H    4        0.057572        0.222822        0.298874

     C    5       -0.187017       -0.346958       -0.352170
     C    5       -0.346958       -0.041600       -0.540946
     C    5       -0.352170       -0.540946        0.228616

     H    6        0.311709        0.226555       -0.163360
     H    6        0.226555       -0.637631        0.022229
     H    6       -0.163360        0.022229        0.325922

     H    7       -0.051199       -0.033104        0.293339
     H    7       -0.033104        0.256731        0.193902
     H    7        0.293339        0.193902       -0.205531

     C    8       -0.271997        0.049240       -0.252226
     C    8        0.049240        0.319728       -0.063839
     C    8       -0.252226       -0.063839       -0.047731

     H    9        0.185022        0.052454       -0.124950
     H    9        0.052454        0.379755       -0.141118
     H    9       -0.124950       -0.141118       -0.564777

     C   10        0.125691       -0.156482        0.237927
     C   10       -0.156482       -0.139430       -0.030801
     C   10        0.237927       -0.030801        0.013739

     C   11       -0.278665       -0.225648       -0.433014
     C   11       -0.225648       -0.053683        0.493825
     C   11       -0.433014        0.493825        0.332348

     Cl  12       -0.128020       -0.050804       -0.051202
     Cl  12       -0.050804       -0.092628        0.035891
     Cl  12       -0.051202        0.035891        0.220648

     H   13        0.426623       -0.046683        0.120935
     H   13       -0.046683       -0.207929       -0.429244
     H   13        0.120935       -0.429244       -0.218693

     C   14       -0.543133        0.329388       -0.179799
     C   14        0.329388        0.130778       -0.383223
     C   14       -0.179799       -0.383223        0.412355

     H   15       -0.696967       -0.206566       -0.130070
     H   15       -0.206566        0.405017       -0.145863
     H   15       -0.130070       -0.145863        0.291951

     C   16        0.045748       -0.092345       -0.431979
     C   16       -0.092345       -0.306937       -0.533641
     C   16       -0.431979       -0.533641        0.261190

     C   17       -0.224456        0.355344       -0.349377
     C   17        0.355344       -0.199164       -0.333123
     C   17       -0.349377       -0.333123        0.423620

     Cl  18       -0.055556       -0.005514        0.261139
     Cl  18       -0.005514        0.203039       -0.021777
     Cl  18        0.261139       -0.021777       -0.147483

     H   19        0.078051       -0.193894        0.310720
     H   19       -0.193894       -0.092336        0.514594
     H   19        0.310720        0.514594        0.014284

     C   20       -0.212145       -0.012283       -0.361920
     C   20       -0.012283       -0.074683        0.454602
     C   20       -0.361920        0.454602        0.286828

     H   21        0.107617        0.116295       -0.324558
     H   21        0.116295        0.260638        0.473193
     H   21       -0.324558        0.473193       -0.368254

     C   22       -0.686296       -0.358858       -0.385318
     C   22       -0.358858        0.244341       -0.004933
     C   22       -0.385318       -0.004933        0.441955

     C   23        0.073377       -0.391403        0.023646
     C   23       -0.391403       -0.295478        0.434812
     C   23        0.023646        0.434812        0.222101

     Cl  24       -0.003875       -0.061388       -0.100684
     Cl  24       -0.061388        0.034017        0.109547
     Cl  24       -0.100684        0.109547       -0.030141

     ----- ionic term -----
     Cl   1        0.183570       -0.201099        0.019545
     Cl   1       -0.201099       -0.015500       -0.001503
     Cl   1        0.019545       -0.001503       -0.168070

     C    2        0.297443       -0.110018        0.205003
     C    2       -0.110018        0.143167        0.378275
     C    2        0.205003        0.378275       -0.440610

     C    3        0.297423       -0.163589        0.008191
     C    3       -0.163589        0.165558        0.382810
     C    3        0.008191        0.382810       -0.462981

     H    4        0.787246        0.497887        0.359406
     H    4        0.497887       -0.293773        0.202458
     H    4        0.359406        0.202458       -0.493473

     C    5        0.448745       -0.047438        0.069197
     C    5       -0.047438        0.041807        0.329784
     C    5        0.069197        0.329784       -0.490552

     H    6       -0.503511        0.033618       -0.015607
     H    6        0.033618        0.849640        0.588987
     H    6       -0.015607        0.588987       -0.346129

     H    7       -0.377963        0.364986       -0.298532
     H    7        0.364986        0.257311       -0.690114
     H    7       -0.298532       -0.690114        0.120652

     C    8        0.158016        0.369938        0.284866
     C    8        0.369938       -0.118363       -0.246542
     C    8        0.284866       -0.246542       -0.039652

     H    9        0.230185       -0.201492        0.761858
     H    9       -0.201492       -0.471762       -0.279182
     H    9        0.761858       -0.279182        0.241577

     C   10        0.094368        0.396216        0.183370
     C   10        0.396216       -0.028118       -0.350409
     C   10        0.183370       -0.350409       -0.066249

     C   11        0.190633        0.332356        0.269446
     C   11        0.332356       -0.111169       -0.375862
     C   11        0.269446       -0.375862       -0.079464

     Cl  12        0.199703        0.243810        0.058299
     Cl  12        0.243810       -0.056791        0.028593
     Cl  12        0.058299        0.028593       -0.142912

     H   13       -0.516603       -0.078224       -0.052191
     H   13       -0.078224        0.581612        0.754183
     H   13       -0.052191        0.754183       -0.065009

     C   14        0.337154       -0.107473        0.126740
     C   14       -0.107473        0.010509        0.362445
     C   14        0.126740        0.362445       -0.347663

     H   15        0.605257        0.416271        0.580215
     H   15        0.416271       -0.401103        0.286800
     H   15        0.580215        0.286800       -0.204154

     C   16        0.179737       -0.149961        0.076552
     C   16       -0.149961        0.104747        0.461836
     C   16        0.076552        0.461836       -0.284484

     C   17        0.274861       -0.004382        0.075811
     C   17       -0.004382        0.078050        0.480599
     C   17        0.075811        0.480599       -0.352912

     Cl  18        0.136015       -0.199338       -0.055228
     Cl  18       -0.199338       -0.022602        0.021523
     Cl  18       -0.055228        0.021523       -0.113413

     H   19       -0.474578        0.219822       -0.151833
     H   19        0.219822        0.413501       -0.759810
     H   19       -0.151833       -0.759810        0.061077

     C   20        0.265407        0.330987        0.352813
     C   20        0.330987       -0.093515       -0.245887
     C   20        0.352813       -0.245887       -0.171893

     H   21        0.398470       -0.284850        0.729256
     H   21       -0.284850       -0.454734       -0.288935
     H   21        0.729256       -0.288935        0.056264

     C   22        0.189519        0.358556        0.258769
     C   22        0.358556        0.012813       -0.291143
     C   22        0.258769       -0.291143       -0.202333

     C   23        0.049685        0.307692        0.341899
     C   23        0.307692       -0.024657       -0.331622
     C   23        0.341899       -0.331622       -0.025028

     Cl  24        0.118767        0.217152        0.065181
     Cl  24        0.217152        0.012769        0.043572
     Cl  24        0.065181        0.043572       -0.131536

     ----- GIPAW term -----
     Cl   1       -1.181529        0.042856       -0.258773
     Cl   1        0.042856        2.061916       -1.610359
     Cl   1       -0.258773       -1.610359       -0.880387

     C    2       -0.059862       -0.094035       -0.025609
     C    2       -0.094035        0.097416       -0.192048
     C    2       -0.025609       -0.192048       -0.037554

     C    3       -0.020236       -0.025002        0.051279
     C    3       -0.025002        0.035505       -0.019884
     C    3        0.051279       -0.019884       -0.015269

     H    4       -0.000000        0.000000        0.000000
     H    4        0.000000        0.000000        0.000000
     H    4        0.000000        0.000000        0.000000

     C    5        0.014761       -0.205924        0.063646
     C    5       -0.205924        0.017850       -0.191579
     C    5        0.063646       -0.191579       -0.032611

     H    6       -0.000000        0.000000        0.000000
     H    6        0.000000        0.000000        0.000000
     H    6        0.000000        0.000000        0.000000

     H    7       -0.000000        0.000000        0.000000
     H    7        0.000000        0.000000        0.000000
     H    7        0.000000        0.000000        0.000000

     C    8        0.030984       -0.011622        0.003160
     C    8       -0.011622        0.013384       -0.035112
     C    8        0.003160       -0.035112       -0.044367

     H    9       -0.000000        0.000000        0.000000
     H    9        0.000000        0.000000        0.000000
     H    9        0.000000        0.000000        0.000000

     C   10        0.013254        0.010924        0.031295
     C   10        0.010924       -0.004573       -0.025765
     C   10        0.031295       -0.025765       -0.008681

     C   11       -0.071839       -0.005211       -0.128437
     C   11       -0.005211        0.048211        0.218773
     C   11       -0.128437        0.218773        0.023628

     Cl  12       -0.649201        1.510947       -0.396148
     Cl  12        1.510947       -1.346916        0.791643
     Cl  12       -0.396148        0.791643        1.996117

     H   13       -0.000000        0.000000        0.000000
     H   13        0.000000        0.000000        0.000000
     H   13        0.000000        0.000000        0.000000

     C   14       -0.133096       -0.026022        0.030326
     C   14       -0.026022        0.114717       -0.147819
     C   14        0.030326       -0.147819        0.018379

     H   15       -0.000000        0.000000        0.000000
     H   15        0.000000        0.000000        0.000000
     H   15        0.000000        0.000000        0.000000

     C   16        0.087541       -0.135608       -0.192729
     C   16       -0.135608       -0.078039       -0.031099
     C   16       -0.192729       -0.031099       -0.009501

     C   17        0.131346       -0.061911       -0.203417
     C   17       -0.061911       -0.129324       -0.013477
     C   17       -0.203417       -0.013477       -0.002022

     Cl  18        0.266104       -0.926873       -1.241074
     Cl  18       -0.926873       -0.830453       -0.525714
     Cl  18       -1.241074       -0.525714        0.564349

     H   19       -0.000000        0.000000        0.000000
     H   19        0.000000        0.000000        0.000000
     H   19        0.000000        0.000000        0.000000

     C   20       -0.044226        0.065727       -0.073156
     C   20        0.065727        0.054907        0.055413
     C   20       -0.073156        0.055413       -0.010681

     H   21       -0.000000        0.000000        0.000000
     H   21        0.000000        0.000000        0.000000
     H   21        0.000000        0.000000        0.000000

     C   22       -0.194530        0.009787       -0.096347
     C   22        0.009787        0.082454       -0.169470
     C   22       -0.096347       -0.169470        0.112076

     C   23        0.011671       -0.127646        0.110860
     C   23       -0.127646        0.074414       -0.118978
     C   23        0.110860       -0.118978       -0.086086

     Cl  24       -0.177360        0.308784        1.132355
     Cl  24        0.308784       -0.450995       -1.392666
     Cl  24        1.132355       -1.392666        0.628356

     ----- total EFG -----
     Cl   1       -1.186057        0.141846       -0.221425
     Cl   1        0.141846        2.015047       -1.596200
     Cl   1       -0.221425       -1.596200       -0.828990

     C    2        0.176590       -0.395420       -0.118581
     C    2       -0.395420        0.238879       -0.444616
     C    2       -0.118581       -0.444616       -0.415470

     C    3        0.067920        0.117813        0.218792
     C    3        0.117813        0.137961        0.310327
     C    3        0.218792        0.310327       -0.205882

     H    4        0.628944        0.073600        0.416978
     H    4        0.073600       -0.434346        0.425280
     H    4        0.416978        0.425280       -0.194598

     C    5        0.276489       -0.600320       -0.219327
     C    5       -0.600320        0.018058       -0.402740
     C    5       -0.219327       -0.402740       -0.294547

     H    6       -0.191802        0.260173       -0.178967
     H    6        0.260173        0.212009        0.611216
     H    6       -0.178967        0.611216       -0.020207

     H    7       -0.429163        0.331882       -0.005193
     H    7        0.331882        0.514042       -0.496212
     H    7       -0.005193       -0.496212       -0.084879

     C    8       -0.082998        0.407555        0.035800
     C    8        0.407555        0.214748       -0.345493
     C    8        0.035800       -0.345493       -0.131751

     H    9        0.415206       -0.149038        0.636908
     H    9       -0.149038       -0.092007       -0.420300
     H    9        0.636908       -0.420300       -0.323200

     C   10        0.233313        0.250658        0.452591
     C   10        0.250658       -0.172122       -0.406975
     C   10        0.452591       -0.406975       -0.061191

     C   11       -0.159871        0.101497       -0.292006
     C   11        0.101497       -0.116641        0.336736
     C   11       -0.292006        0.336736        0.276512

     Cl  12       -0.577518        1.703954       -0.389051
     Cl  12        1.703954       -1.496334        0.856127
     Cl  12       -0.389051        0.856127        2.073853

     H   13       -0.089980       -0.124907        0.068744
     H   13       -0.124907        0.373682        0.324940
     H   13        0.068744        0.324940       -0.283702

     C   14       -0.339075        0.195893       -0.022733
     C   14        0.195893        0.256004       -0.168598
     C   14       -0.022733       -0.168598        0.083071

     H   15       -0.091710        0.209705        0.450145
     H   15        0.209705        0.003914        0.140937
     H   15        0.450145        0.140937        0.087796

     C   16        0.313025       -0.377914       -0.548155
     C   16       -0.377914       -0.280229       -0.102904
     C   16       -0.548155       -0.102904       -0.032796

     C   17        0.181752        0.289051       -0.476983
     C   17        0.289051       -0.250437        0.133999
     C   17       -0.476983        0.133999        0.068686

     Cl  18        0.346563       -1.131726       -1.035164
     Cl  18       -1.131726       -0.650016       -0.525968
     Cl  18       -1.035164       -0.525968        0.303454

     H   19       -0.396527        0.025928        0.158887
     H   19        0.025928        0.321166       -0.245216
     H   19        0.158887       -0.245216        0.075361

     C   20        0.009036        0.384431       -0.082264
     C   20        0.384431       -0.113291        0.264128
     C   20       -0.082264        0.264128        0.104255

     H   21        0.506087       -0.168555        0.404698
     H   21       -0.168555       -0.194096        0.184259
     H   21        0.404698        0.184259       -0.311991

     C   22       -0.691307        0.009485       -0.222897
     C   22        0.009485        0.339608       -0.465546
     C   22       -0.222897       -0.465546        0.351699

     C   23        0.134733       -0.211358        0.476405
     C   23       -0.211358       -0.245721       -0.015788
     C   23        0.476405       -0.015788        0.110987

     Cl  24       -0.062469        0.464548        1.096852
     Cl  24        0.464548       -0.404210       -1.239547
     Cl  24        1.096852       -1.239547        0.466678

     ----- total EFG (symmetrized) -----
     Cl   1       -1.186057        0.141846       -0.221425
     Cl   1        0.141846        2.015047       -1.596200
     Cl   1       -0.221425       -1.596200       -0.828990

     C    2        0.176590       -0.395420       -0.118581
     C    2       -0.395420        0.238879       -0.444616
     C    2       -0.118581       -0.444616       -0.415470

     C    3        0.067920        0.117813        0.218792
     C    3        0.117813        0.137961        0.310327
     C    3        0.218792        0.310327       -0.205882

     H    4        0.628944        0.073600        0.416978
     H    4        0.073600       -0.434346        0.425280
     H    4        0.416978        0.425280       -0.194598

     C    5        0.276489       -0.600320       -0.219327
     C    5       -0.600320        0.018058       -0.402740
     C    5       -0.219327       -0.402740       -0.294547

     H    6       -0.191802        0.260173       -0.178967
     H    6        0.260173        0.212009        0.611216
     H    6       -0.178967        0.611216       -0.020207

     H    7       -0.429163        0.331882       -0.005193
     H    7        0.331882        0.514042       -0.496212
     H    7       -0.005193       -0.496212       -0.084879

     C    8       -0.082998        0.407555        0.035800
     C    8        0.407555        0.214748       -0.345493
     C    8        0.035800       -0.345493       -0.131751

     H    9        0.415206       -0.149038        0.636908
     H    9       -0.149038       -0.092007       -0.420300
     H    9        0.636908       -0.420300       -0.323200

     C   10        0.233313        0.250658        0.452591
     C   10        0.250658       -0.172122       -0.406975
     C   10        0.452591       -0.406975       -0.061191

     C   11       -0.159871        0.101497       -0.292006
     C   11        0.101497       -0.116641        0.336736
     C   11       -0.292006        0.336736        0.276512

     Cl  12       -0.577518        1.703954       -0.389051
     Cl  12        1.703954       -1.496334        0.856127
     Cl  12       -0.389051        0.856127        2.073853

     H   13       -0.089980       -0.124907        0.068744
     H   13       -0.124907        0.373682        0.324940
     H   13        0.068744        0.324940       -0.283702

     C   14       -0.339075        0.195893       -0.022733
     C   14        0.195893        0.256004       -0.168598
     C   14       -0.022733       -0.168598        0.083071

     H   15       -0.091710        0.209705        0.450145
     H   15        0.209705        0.003914        0.140937
     H   15        0.450145        0.140937        0.087796

     C   16        0.313025       -0.377914       -0.548155
     C   16       -0.377914       -0.280229       -0.102904
     C   16       -0.548155       -0.102904       -0.032796

     C   17        0.181752        0.289051       -0.476983
     C   17        0.289051       -0.250437        0.133999
     C   17       -0.476983        0.133999        0.068686

     Cl  18        0.346563       -1.131726       -1.035164
     Cl  18       -1.131726       -0.650016       -0.525968
     Cl  18       -1.035164       -0.525968        0.303454

     H   19       -0.396527        0.025928        0.158887
     H   19        0.025928        0.321166       -0.245216
     H   19        0.158887       -0.245216        0.075361

     C   20        0.009036        0.384431       -0.082264
     C   20        0.384431       -0.113291        0.264128
     C   20       -0.082264        0.264128        0.104255

     H   21        0.506087       -0.168555        0.404698
     H   21       -0.168555       -0.194096        0.184259
     H   21        0.404698        0.184259       -0.311991

     C   22       -0.691307        0.009485       -0.222897
     C   22        0.009485        0.339608       -0.465546
     C   22       -0.222897       -0.465546        0.351699

     C   23        0.134733       -0.211358        0.476405
     C   23       -0.211358       -0.245721       -0.015788
     C   23        0.476405       -0.015788        0.110987

     Cl  24       -0.062469        0.464548        1.096852
     Cl  24        0.464548       -0.404210       -1.239547
     Cl  24        1.096852       -1.239547        0.466678


     NQR/NMR SPECTROSCOPIC PARAMETERS:
     Cl   1    Vxx=   -1.1465    axis=(  0.939072 -0.187558 -0.288038)
     Cl   1    Vyy=   -1.5966    axis=(  0.339132  0.369105  0.865304)
     Cl   1    Vzz=    2.7431    axis=(  0.055979  0.910266 -0.410223)
     Cl   1  Q=        -8.1650 1e-30 m^2  Cq=       -52.6253 MHz  eta= 0.16411

     C    2    Vxx=    0.0658    axis=(  0.760717  0.372509 -0.531552)
     C    2    Vyy=    0.6709    axis=(  0.564718 -0.783570  0.259060)
     C    2    Vzz=   -0.7367    axis=(  0.320006  0.497248  0.806437)
     C    2  Q=         1.0000 1e-30 m^2  Cq=        -1.7309 MHz  eta= 0.82131

     C    3    Vxx=   -0.0198    axis=(  0.813483 -0.581440 -0.013183)
     C    3    Vyy=   -0.4269    axis=( -0.283173 -0.415778  0.864258)
     C    3    Vzz=    0.4467    axis=( -0.507995 -0.699326 -0.502876)
     C    3  Q=         1.0000 1e-30 m^2  Cq=         1.0496 MHz  eta= 0.91120

     H    4    Vxx=   -0.0631    axis=(  0.447519 -0.633871 -0.630820)
     H    4    Vyy=   -0.7859    axis=(  0.151203  0.748876 -0.645231)
     H    4    Vzz=    0.8490    axis=(  0.881399  0.193371  0.430979)
     H    4  Q=         1.0000 1e-30 m^2  Cq=         1.9948 MHz  eta= 0.85141

     C    5    Vxx=    0.0728    axis=( -0.472479 -0.439455  0.763965)
     C    5    Vyy=    0.7689    axis=( -0.753336  0.651271 -0.091275)
     C    5    Vzz=   -0.8417    axis=( -0.457437 -0.618648 -0.638769)
     C    5  Q=         1.0000 1e-30 m^2  Cq=        -1.9776 MHz  eta= 0.82709

     H    6    Vxx=   -0.0197    axis=(  0.853322  0.249490 -0.457816)
     H    6    Vyy=   -0.7071    axis=( -0.511401  0.571510 -0.641752)
     H    6    Vzz=    0.7269    axis=(  0.101536  0.781749  0.615271)
     H    6  Q=         1.0000 1e-30 m^2  Cq=         1.7078 MHz  eta= 0.94575

     H    7    Vxx=   -0.2630    axis=(  0.535040  0.280408  0.796934)
     H    7    Vyy=   -0.5981    axis=( -0.814670  0.421033  0.398803)
     H    7    Vzz=    0.8611    axis=( -0.223707 -0.862614  0.453709)
     H    7  Q=         1.0000 1e-30 m^2  Cq=         2.0233 MHz  eta= 0.38924

     C    8    Vxx=   -0.0752    axis=(  0.667213 -0.052492  0.743015)
     C    8    Vyy=   -0.5260    axis=(  0.582966 -0.584121 -0.564760)
     C    8    Vzz=    0.6012    axis=( -0.463656 -0.809968  0.359132)
     C    8  Q=         1.0000 1e-30 m^2  Cq=         1.4127 MHz  eta= 0.74987

     H    9    Vxx=   -0.0855    axis=(  0.491394  0.850555 -0.187316)
     H    9    Vyy=   -0.8184    axis=( -0.380855  0.403275  0.832057)
     H    9    Vzz=    0.9040    axis=(  0.783250 -0.337528  0.522106)
     H    9  Q=         1.0000 1e-30 m^2  Cq=         2.1240 MHz  eta= 0.81073

     C   10    Vxx=    0.2056    axis=(  0.430223  0.778280 -0.457372)
     C   10    Vyy=    0.5647    axis=(  0.785164 -0.072600  0.615018)
     C   10    Vzz=   -0.7703    axis=( -0.445451  0.623707  0.642311)
     C   10  Q=         1.0000 1e-30 m^2  Cq=        -1.8098 MHz  eta= 0.46614

     C   11    Vxx=   -0.0393    axis=(  0.725082  0.685958 -0.060982)
     C   11    Vyy=   -0.4957    axis=( -0.617436  0.608315 -0.498724)
     C   11    Vzz=    0.5350    axis=( -0.305007  0.399268  0.864613)
     C   11  Q=         1.0000 1e-30 m^2  Cq=         1.2571 MHz  eta= 0.85312

     Cl  12    Vxx=    0.7001    axis=(  0.807315  0.575605 -0.130082)
     Cl  12    Vyy=    2.2685    axis=(  0.000740 -0.221420 -0.975178)
     Cl  12    Vzz=   -2.9686    axis=( -0.590121  0.787180 -0.179181)
     Cl  12  Q=        -8.1650 1e-30 m^2  Cq=        56.9511 MHz  eta= 0.52835

     H   13    Vxx=   -0.0685    axis=(  0.942579  0.021330  0.333302)
     H   13    Vyy=   -0.4521    axis=(  0.299403  0.388255 -0.871559)
     H   13    Vzz=    0.5206    axis=( -0.147997  0.921305  0.359574)
     H   13  Q=         1.0000 1e-30 m^2  Cq=         1.2231 MHz  eta= 0.73683

     C   14    Vxx=   -0.0038    axis=(  0.190829  0.429081  0.882878)
     C   14    Vyy=   -0.3994    axis=( -0.952052  0.300000  0.059979)
     C   14    Vzz=    0.4032    axis=( -0.239128 -0.851991  0.465756)
     C   14  Q=         1.0000 1e-30 m^2  Cq=         0.9472 MHz  eta= 0.98124

     H   15    Vxx=   -0.0891    axis=( -0.116783  0.899997 -0.419961)
     H   15    Vyy=   -0.4737    axis=( -0.789218  0.172601  0.589358)
     H   15    Vzz=    0.5628    axis=(  0.602907  0.400268  0.690137)
     H   15  Q=         1.0000 1e-30 m^2  Cq=         1.3223 MHz  eta= 0.68350

     C   16    Vxx=   -0.0856    axis=(  0.200167 -0.732562  0.650604)
     C   16    Vyy=   -0.6901    axis=( -0.540466 -0.636430 -0.550321)
     C   16    Vzz=    0.7757    axis=( -0.817208  0.241474  0.523317)
     C   16  Q=         1.0000 1e-30 m^2  Cq=         1.8226 MHz  eta= 0.77936

     C   17    Vxx=   -0.0209    axis=(  0.319215  0.744290  0.586629)
     C   17    Vyy=   -0.6051    axis=(  0.554349 -0.648713  0.521410)
     C   17    Vzz=    0.6260    axis=( -0.768635 -0.158755  0.619675)
     C   17  Q=         1.0000 1e-30 m^2  Cq=         1.4708 MHz  eta= 0.93338

     Cl  18    Vxx=    0.3896    axis=(  0.274061 -0.654737  0.704422)
     Cl  18    Vyy=    1.4882    axis=(  0.781175 -0.275673 -0.560152)
     Cl  18    Vzz=   -1.8778    axis=( -0.560942 -0.703792 -0.435913)
     Cl  18  Q=        -8.1650 1e-30 m^2  Cq=        36.0248 MHz  eta= 0.58506

     H   19    Vxx=   -0.0186    axis=(  0.359683  0.527860  0.769410)
     H   19    Vyy=   -0.4585    axis=( -0.930179  0.137936  0.340207)
     H   19    Vzz=    0.4771    axis=(  0.073452 -0.838056  0.540618)
     H   19  Q=         1.0000 1e-30 m^2  Cq=         1.1209 MHz  eta= 0.92205

     C   20    Vxx=    0.1502    axis=( -0.584909 -0.041382  0.810042)
     C   20    Vyy=    0.3932    axis=( -0.580065 -0.676709 -0.453420)
     C   20    Vzz=   -0.5434    axis=(  0.566926 -0.735087  0.371809)
     C   20  Q=         1.0000 1e-30 m^2  Cq=        -1.2767 MHz  eta= 0.44730

     H   21    Vxx=   -0.0695    axis=(  0.095880 -0.863100 -0.495848)
     H   21    Vyy=   -0.6118    axis=(  0.360822  0.494399 -0.790808)
     H   21    Vzz=    0.6814    axis=(  0.927693 -0.103090  0.358829)
     H   21  Q=         1.0000 1e-30 m^2  Cq=         1.6009 MHz  eta= 0.79595

     C   22    Vxx=   -0.0847    axis=( -0.228729  0.721810  0.653202)
     C   22    Vyy=   -0.7448    axis=( -0.967287 -0.092886 -0.236069)
     C   22    Vzz=    0.8295    axis=( -0.109723 -0.685830  0.719443)
     C   22  Q=         1.0000 1e-30 m^2  Cq=         1.9490 MHz  eta= 0.79579

     C   23    Vxx=   -0.1755    axis=( -0.300923  0.783556  0.543586)
     C   23    Vyy=   -0.4547    axis=(  0.624050  0.592815 -0.509050)
     C   23    Vzz=    0.6302    axis=(  0.721115 -0.186041  0.667370)
     C   23  Q=         1.0000 1e-30 m^2  Cq=         1.4806 MHz  eta= 0.44299

     Cl  24    Vxx=    0.2495    axis=(  0.752875  0.655109 -0.063329)
     Cl  24    Vyy=    1.6363    axis=(  0.417185 -0.400584  0.815775)
     Cl  24    Vzz=   -1.8858    axis=(  0.509053 -0.640597 -0.574892)
     Cl  24  Q=        -8.1650 1e-30 m^2  Cq=        36.1776 MHz  eta= 0.73540

     Initialization:
     gipaw_setup  :      9.06s CPU     10.74s WALL (       1 calls)

     Linear response

     Apply operators

     Induced current

     Other routines
     efg          :      9.15s CPU     11.33s WALL (       1 calls)

     General routines
     calbec       :      3.15s CPU      4.09s WALL (      16 calls)
     fft          :      1.48s CPU      1.98s WALL (      15 calls)
     ffts         :      0.04s CPU      0.05s WALL (       2 calls)
     fftw         :      3.20s CPU      3.92s WALL (     672 calls)
     davcio       :      0.03s CPU      0.32s WALL (      32 calls)

     Parallel routines
     fft_scatter  :      2.14s CPU      3.13s WALL (     689 calls)

     Plugins

     GIPAW        :     61.08s CPU     70.18s WALL (       1 calls)
