
     Program QE v.6.0 (svn rev. 13079) starts on 11Jan2017 at  7:29:35 

     This program is part of the open-source Quantum ESPRESSO suite
     for quantum simulation of materials; please cite
         "P. Giannozzi et al., J. Phys.:Condens. Matter 21 395502 (2009);
          URL http://www.quantum-espresso.org", 
     in publications or presentations arising from this work. More details at
     http://www.quantum-espresso.org/quote

     Parallel version (MPI), running on     8 processors
     R & G space division:  proc/nbgrp/npool/nimage =       8

     ***** This is GIPAW svn revision unknown      *****

     Parallelizing q-star over 1 images

     Reading data from directory:
     /users/majewski/paradichlorobenzene/pbe/9_constraint/scratch/pbe.ecut100.np8.dt60.pcl2phi-129368.save
     Message from routine read_xml_file:
     file /users/majewski/paradichlorobenzene/pbe/9_constraint/scratch/pbe.ecut100.np8.dt60.pcl2phi-129368.save not guaranteed to be safe for post-processing

   Info: using nr1, nr2, nr3 values from input

   Info: using nr1, nr2, nr3 values from input

     IMPORTANT: XC functional enforced from input :
     Exchange-correlation      =  SLA  PW   PBX  PBC ( 1  4  3  4 0 0)
     Any further DFT definition will be discarded
     Please, verify this is what you really want

               file C.pbe-n-kjpaw_psl.1.0.0.UPF: wavefunction(s)  2S 2P renormalized
               file Cl.pbe-n-kjpaw_psl.1.0.0.UPF: wavefunction(s)  3S 3P renormalized
               file H.pbe-kjpaw_psl.1.0.0.UPF: wavefunction(s)  1S renormalized

     Parallelization info
     --------------------
     sticks:   dense  smooth     PW     G-vecs:    dense   smooth      PW
     Min        3057    1223    332               144436    36536    5170
     Max        3059    1225    333               144437    36537    5171
     Sum       24467    9791   2657              1155489   292295   41363


     Subspace diagonalization in iterative solution of the eigenvalue problem:
     a serial algorithm will be used

     GIPAW projectors -----------------------------------------------
     atom=  C    l=0  rc=    1.2000  rs=    0.8000
     atom=  C    l=0  rc=    1.2000  rs=    0.8000
     atom=  C    l=1  rc=    1.4000  rs=    0.9333
     atom=  C    l=1  rc=    1.4000  rs=    0.9333
     projs nearly linearly dependent: l=1  n1,n2= 1, 2  s=  0.99951561

     atom=  Cl   l=0  rc=    1.6000  rs=    1.0667
     atom=  Cl   l=0  rc=    1.6000  rs=    1.0667
     atom=  Cl   l=1  rc=    1.6000  rs=    1.0667
     atom=  Cl   l=1  rc=    1.6000  rs=    1.0667
     atom=  Cl   l=2  rc=    1.6000  rs=    1.0667
     atom=  Cl   l=2  rc=    1.6000  rs=    1.0667
     projs nearly linearly dependent: l=2  n1,n2= 1, 2  s=  0.99993509

     atom=  H    l=0  rc=    1.0000  rs=    0.6667
     atom=  H    l=0  rc=    1.0000  rs=    0.6667
     projs nearly linearly dependent: l=0  n1,n2= 1, 2  s=  0.99968852
     -----------------------------------------------------------------

     GIPAW integrals: -------------------------------------------
     Atom  i/j   nmr_para   nmr_dia   epr_rmc  epr_para   epr_dia
       C   1 1   0.83E+03  0.17E-01  0.93E+01  0.24E+08  0.24E+03
       C   2 1   0.86E+03 -0.61E-01  0.94E+01  0.25E+08  0.25E+03
       C   2 2   0.90E+03 -0.15E+00  0.97E+01  0.26E+08  0.26E+03
       C   3 3   0.33E+01  0.34E+00  0.18E+01  0.55E+03  0.21E+02
       C   4 3   0.35E+01  0.37E+00  0.20E+01  0.59E+03  0.22E+02
       C   4 4   0.38E+01  0.39E+00  0.22E+01  0.63E+03  0.24E+02
       Cl  1 1   0.14E+04 -0.47E+00  0.84E+01  0.32E+09  0.42E+03
       Cl  2 1   0.21E+04 -0.37E+00  0.12E+02  0.49E+09  0.65E+03
       Cl  2 2   0.33E+04 -0.16E+00  0.21E+02  0.76E+09  0.10E+04
       Cl  3 3   0.21E+02  0.79E-01  0.89E+01  0.23E+05  0.13E+03
       Cl  4 3   0.24E+02  0.67E-01  0.99E+01  0.27E+05  0.15E+03
       Cl  4 4   0.28E+02  0.44E-01  0.11E+02  0.32E+05  0.18E+03
       Cl  5 5   0.77E+00  0.19E+00  0.18E+01  0.12E+03  0.22E+02
       Cl  6 5   0.80E+00  0.19E+00  0.19E+01  0.12E+03  0.23E+02
       Cl  6 6   0.83E+00  0.20E+00  0.19E+01  0.12E+03  0.23E+02
       H   1 1   0.39E+02  0.19E+00  0.29E+00  0.78E+05  0.13E+02
       H   2 1   0.41E+02  0.21E+00  0.32E+00  0.82E+05  0.14E+02
       H   2 2   0.43E+02  0.22E+00  0.36E+00  0.86E+05  0.15E+02
     ------------------------------------------------------------

     alpha_pv=     34.3364 eV

     Number of occupied bands for each k-point:
     k-point:     1    nbnd_occ=  42
     k-point:     2    nbnd_occ=  42
     k-point:     3    nbnd_occ=  42
     k-point:     4    nbnd_occ=  42
     k-point:     5    nbnd_occ=  42
     k-point:     6    nbnd_occ=  42
     k-point:     7    nbnd_occ=  42
     k-point:     8    nbnd_occ=  42
     k-point:     9    nbnd_occ=  42
     k-point:    10    nbnd_occ=  42
     k-point:    11    nbnd_occ=  42
     k-point:    12    nbnd_occ=  42
     k-point:    13    nbnd_occ=  42
     k-point:    14    nbnd_occ=  42
     k-point:    15    nbnd_occ=  42
     k-point:    16    nbnd_occ=  42


     q-space interpolation up to   110.00 Rydberg

     GIPAW job: efg                                                                             


     ELECTRIC FIELD GRADIENTS TENSORS IN Hartree/bohrradius^2:

     ----- bare term -----
     Cl   1       -0.032414       -0.058744        0.082210
     Cl   1       -0.058744       -0.074477        0.138345
     Cl   1        0.082210        0.138345        0.106891

     C    2       -0.338408        0.244722       -0.465023
     C    2        0.244722        0.158325       -0.339739
     C    2       -0.465023       -0.339739        0.180083

     C    3        0.076202        0.564472       -0.045200
     C    3        0.564472       -0.413114       -0.523929
     C    3       -0.045200       -0.523929        0.336912

     H    4       -0.158440       -0.130730       -0.525737
     H    4       -0.130730        0.170316        0.072269
     H    4       -0.525737        0.072269       -0.011877

     C    5       -0.540867        0.253846       -0.392587
     C    5        0.253846        0.040336       -0.281656
     C    5       -0.392587       -0.281656        0.500531

     H    6        0.236738        0.073543       -0.036142
     H    6        0.073543       -0.438669       -0.498702
     H    6       -0.036142       -0.498702        0.201931

     H    7        0.336565        0.239814        0.071326
     H    7        0.239814       -0.544986       -0.283776
     H    7        0.071326       -0.283776        0.208422

     C    8       -0.248828        0.065161       -0.184254
     C    8        0.065161       -0.039830        0.097770
     C    8       -0.184254        0.097770        0.288658

     H    9       -0.336822        0.356401        0.242227
     H    9        0.356401        0.194397       -0.108996
     H    9        0.242227       -0.108996        0.142424

     C   10        0.100787       -0.162997        0.185326
     C   10       -0.162997       -0.131757       -0.025856
     C   10        0.185326       -0.025856        0.030970

     C   11       -0.338852        0.202404       -0.229309
     C   11        0.202404       -0.037731        0.478418
     C   11       -0.229309        0.478418        0.376583

     Cl  12       -0.133136       -0.197788        0.001654
     Cl  12       -0.197788       -0.010113        0.006495
     Cl  12        0.001654        0.006495        0.143249

     H   13        0.437889        0.022579        0.174146
     H   13        0.022579       -0.031627       -0.513420
     H   13        0.174146       -0.513420       -0.406261

     C   14       -0.226385        0.154287       -0.304239
     C   14        0.154287       -0.296730       -0.366311
     C   14       -0.304239       -0.366311        0.523115

     H   15        0.135093       -0.052759       -0.394634
     H   15       -0.052759        0.380363        0.158387
     H   15       -0.394634        0.158387       -0.515455

     C   16       -0.260621        0.242565       -0.241376
     C   16        0.242565       -0.070771       -0.210978
     C   16       -0.241376       -0.210978        0.331392

     C   17       -0.089580        0.035593       -0.367852
     C   17        0.035593       -0.410547       -0.471944
     C   17       -0.367852       -0.471944        0.500127

     Cl  18       -0.183873        0.090383       -0.056015
     Cl  18        0.090383       -0.118408        0.048065
     Cl  18       -0.056015        0.048065        0.302281

     H   19        0.187798        0.426873        0.217444
     H   19        0.426873       -0.486279       -0.106896
     H   19        0.217444       -0.106896        0.298481

     C   20       -0.176975       -0.412189       -0.381460
     C   20       -0.412189       -0.282797        0.160268
     C   20       -0.381460        0.160268        0.459772

     H   21       -0.393964        0.316409        0.233647
     H   21        0.316409        0.215906       -0.062551
     H   21        0.233647       -0.062551        0.178058

     C   22       -0.010357       -0.003679       -0.163522
     C   22       -0.003679       -0.301529        0.324625
     C   22       -0.163522        0.324625        0.311885

     C   23       -0.331659       -0.248553       -0.304859
     C   23       -0.248553       -0.049783        0.342446
     C   23       -0.304859        0.342446        0.381441

     Cl  24       -0.111527       -0.005814        0.015051
     Cl  24       -0.005814       -0.085716       -0.044418
     Cl  24        0.015051       -0.044418        0.197243

     ----- ionic term -----
     Cl   1        0.087756       -0.205282        0.057458
     Cl   1       -0.205282        0.071118       -0.040477
     Cl   1        0.057458       -0.040477       -0.158874

     C    2       -0.002587       -0.257347        0.401484
     C    2       -0.257347        0.192136        0.302482
     C    2        0.401484        0.302482       -0.189549

     C    3        0.080485       -0.353906        0.242864
     C    3       -0.353906        0.259697        0.320556
     C    3        0.242864        0.320556       -0.340182

     H    4        0.500686        0.122730        0.778352
     H    4        0.122730       -0.461032        0.159341
     H    4        0.778352        0.159341       -0.039655

     C    5        0.190286       -0.298529        0.286251
     C    5       -0.298529        0.115893        0.280207
     C    5        0.286251        0.280207       -0.306178

     H    6       -0.512427       -0.053022       -0.048244
     H    6       -0.053022        0.633190        0.709240
     H    6       -0.048244        0.709240       -0.120763

     H    7       -0.482386       -0.247554        0.042269
     H    7       -0.247554        1.023525       -0.294687
     H    7        0.042269       -0.294687       -0.541139

     C    8        0.417308        0.087209        0.020310
     C    8        0.087209        0.186751       -0.201730
     C    8        0.020310       -0.201730       -0.604059

     H    9        0.914880       -0.273557        0.406936
     H    9       -0.273557       -0.407051       -0.140651
     H    9        0.406936       -0.140651       -0.507829

     C   10        0.278037        0.209649        0.041008
     C   10        0.209649        0.261012       -0.299643
     C   10        0.041008       -0.299643       -0.539049

     C   11        0.318141        0.059158        0.041282
     C   11        0.059158        0.238858       -0.279651
     C   11        0.041282       -0.279651       -0.556999

     Cl  12        0.154352        0.189675       -0.017840
     Cl  12        0.189675        0.005992       -0.017944
     Cl  12       -0.017840       -0.017944       -0.160344

     H   13       -0.549710       -0.012478        0.026677
     H   13       -0.012478        0.565449        0.744412
     H   13        0.026677        0.744412       -0.015739

     C   14        0.109857       -0.278600        0.380057
     C   14       -0.278600        0.035556        0.251849
     C   14        0.380057        0.251849       -0.145413

     H   15        0.489028        0.095008        0.766140
     H   15        0.095008       -0.512164        0.154815
     H   15        0.766140        0.154815        0.023136

     C   16        0.070547       -0.328900        0.249451
     C   16       -0.328900        0.108084        0.330098
     C   16        0.249451        0.330098       -0.178631

     C   17        0.176193       -0.239089        0.304687
     C   17       -0.239089        0.011251        0.401017
     C   17        0.304687        0.401017       -0.187444

     Cl  18        0.163388       -0.220044        0.013835
     Cl  18       -0.220044       -0.011094        0.000122
     Cl  18        0.013835        0.000122       -0.152293

     H   19       -0.499970       -0.244875        0.031286
     H   19       -0.244875        1.044735       -0.262010
     H   19        0.031286       -0.262010       -0.544764

     C   20        0.403429        0.079710       -0.017620
     C   20        0.079710        0.192437       -0.205115
     C   20       -0.017620       -0.205115       -0.595867

     H   21        0.878420       -0.521252        0.162427
     H   21       -0.521252       -0.290131       -0.113227
     H   21        0.162427       -0.113227       -0.588289

     C   22        0.261417        0.128068       -0.042545
     C   22        0.128068        0.307332       -0.285897
     C   22       -0.042545       -0.285897       -0.568749

     C   23        0.302983        0.068984       -0.011546
     C   23        0.068984        0.273354       -0.297436
     C   23       -0.011546       -0.297436       -0.576338

     Cl  24        0.119070        0.220954       -0.072964
     Cl  24        0.220954        0.024674       -0.041293
     Cl  24       -0.072964       -0.041293       -0.143744

     ----- GIPAW term -----
     Cl   1        0.256513        0.378390       -0.916436
     Cl   1        0.378390        0.704051       -1.263089
     Cl   1       -0.916436       -1.263089       -0.960564

     C    2        0.003871        0.061407       -0.080141
     C    2        0.061407        0.146886       -0.042652
     C    2       -0.080141       -0.042652       -0.150757

     C    3        0.085259        0.199265        0.038133
     C    3        0.199265       -0.057179       -0.043208
     C    3        0.038133       -0.043208       -0.028080

     H    4       -0.000000        0.000000        0.000000
     H    4        0.000000        0.000000        0.000000
     H    4        0.000000        0.000000        0.000000

     C    5       -0.108239        0.042512       -0.058339
     C    5        0.042512       -0.000350       -0.013628
     C    5       -0.058339       -0.013628        0.108589

     H    6       -0.000000        0.000000        0.000000
     H    6        0.000000        0.000000        0.000000
     H    6        0.000000        0.000000        0.000000

     H    7       -0.000000        0.000000        0.000000
     H    7        0.000000        0.000000        0.000000
     H    7        0.000000        0.000000        0.000000

     C    8       -0.064142        0.011682       -0.006792
     C    8        0.011682       -0.020765        0.074355
     C    8       -0.006792        0.074355        0.084907

     H    9       -0.000000        0.000000        0.000000
     H    9        0.000000        0.000000        0.000000
     H    9        0.000000        0.000000        0.000000

     C   10        0.016939        0.001086        0.023787
     C   10        0.001086        0.003507       -0.018524
     C   10        0.023787       -0.018524       -0.020446

     C   11       -0.100098        0.116576        0.030813
     C   11        0.116576       -0.077533        0.150232
     C   11        0.030813        0.150232        0.177631

     Cl  12       -0.973941        0.920661        0.271053
     Cl  12        0.920661       -0.984088        1.475470
     Cl  12        0.271053        1.475470        1.958029

     H   13       -0.000000        0.000000        0.000000
     H   13        0.000000        0.000000        0.000000
     H   13        0.000000        0.000000        0.000000

     C   14       -0.090966        0.006152       -0.112146
     C   14        0.006152       -0.187625       -0.042025
     C   14       -0.112146       -0.042025        0.278591

     H   15       -0.000000        0.000000        0.000000
     H   15        0.000000        0.000000        0.000000
     H   15        0.000000        0.000000        0.000000

     C   16       -0.123521        0.024309       -0.103568
     C   16        0.024309       -0.082860       -0.062188
     C   16       -0.103568       -0.062188        0.206381

     C   17       -0.039419       -0.102182       -0.105902
     C   17       -0.102182       -0.162922       -0.070302
     C   17       -0.105902       -0.070302        0.202340

     Cl  18       -0.239605       -1.702901       -0.464646
     Cl  18       -1.702901       -1.035831        0.478908
     Cl  18       -0.464646        0.478908        1.275436

     H   19       -0.000000        0.000000        0.000000
     H   19        0.000000        0.000000        0.000000
     H   19        0.000000        0.000000        0.000000

     C   20        0.138180       -0.047901       -0.208377
     C   20       -0.047901       -0.169266        0.000476
     C   20       -0.208377        0.000476        0.031086

     H   21       -0.000000        0.000000        0.000000
     H   21        0.000000        0.000000        0.000000
     H   21        0.000000        0.000000        0.000000

     C   22       -0.013759       -0.000408       -0.132322
     C   22       -0.000408       -0.098568        0.042093
     C   22       -0.132322        0.042093        0.112327

     C   23        0.041304        0.155881       -0.074403
     C   23        0.155881        0.028036        0.017150
     C   23       -0.074403        0.017150       -0.069339

     Cl  24       -0.507078        1.730700       -0.097346
     Cl  24        1.730700       -1.309390       -0.811679
     Cl  24       -0.097346       -0.811679        1.816468

     ----- total EFG -----
     Cl   1        0.311855        0.114364       -0.776769
     Cl   1        0.114364        0.700692       -1.165221
     Cl   1       -0.776769       -1.165221       -1.012547

     C    2       -0.337124        0.048782       -0.143680
     C    2        0.048782        0.497347       -0.079909
     C    2       -0.143680       -0.079909       -0.160223

     C    3        0.241947        0.409830        0.235796
     C    3        0.409830       -0.210596       -0.246581
     C    3        0.235796       -0.246581       -0.031350

     H    4        0.342246       -0.008000        0.252616
     H    4       -0.008000       -0.290715        0.231610
     H    4        0.252616        0.231610       -0.051531

     C    5       -0.458820       -0.002170       -0.164676
     C    5       -0.002170        0.155879       -0.015077
     C    5       -0.164676       -0.015077        0.302941

     H    6       -0.275689        0.020521       -0.084385
     H    6        0.020521        0.194521        0.210537
     H    6       -0.084385        0.210537        0.081168

     H    7       -0.145822       -0.007740        0.113594
     H    7       -0.007740        0.478538       -0.578463
     H    7        0.113594       -0.578463       -0.332717

     C    8        0.104338        0.164053       -0.170735
     C    8        0.164053        0.126156       -0.029605
     C    8       -0.170735       -0.029605       -0.230494

     H    9        0.578058        0.082844        0.649163
     H    9        0.082844       -0.212653       -0.249647
     H    9        0.649163       -0.249647       -0.365405

     C   10        0.395764        0.047738        0.250121
     C   10        0.047738        0.132762       -0.344023
     C   10        0.250121       -0.344023       -0.528525

     C   11       -0.120809        0.378139       -0.157214
     C   11        0.378139        0.123595        0.348999
     C   11       -0.157214        0.348999       -0.002785

     Cl  12       -0.952725        0.912548        0.254867
     Cl  12        0.912548       -0.988209        1.464022
     Cl  12        0.254867        1.464022        1.940934

     H   13       -0.111821        0.010101        0.200823
     H   13        0.010101        0.533821        0.230991
     H   13        0.200823        0.230991       -0.422000

     C   14       -0.207493       -0.118161       -0.036329
     C   14       -0.118161       -0.448799       -0.156488
     C   14       -0.036329       -0.156488        0.656292

     H   15        0.624120        0.042249        0.371506
     H   15        0.042249       -0.131801        0.313202
     H   15        0.371506        0.313202       -0.492319

     C   16       -0.313595       -0.062026       -0.095492
     C   16       -0.062026       -0.045547        0.056932
     C   16       -0.095492        0.056932        0.359142

     C   17        0.047194       -0.305678       -0.169066
     C   17       -0.305678       -0.562218       -0.141229
     C   17       -0.169066       -0.141229        0.515024

     Cl  18       -0.260090       -1.832563       -0.506826
     Cl  18       -1.832563       -1.165334        0.527095
     Cl  18       -0.506826        0.527095        1.425423

     H   19       -0.312173        0.181998        0.248730
     H   19        0.181998        0.558456       -0.368906
     H   19        0.248730       -0.368906       -0.246283

     C   20        0.364635       -0.380379       -0.607457
     C   20       -0.380379       -0.259626       -0.044371
     C   20       -0.607457       -0.044371       -0.105009

     H   21        0.484456       -0.204843        0.396074
     H   21       -0.204843       -0.074224       -0.175778
     H   21        0.396074       -0.175778       -0.410231

     C   22        0.237302        0.123981       -0.338389
     C   22        0.123981       -0.092765        0.080822
     C   22       -0.338389        0.080822       -0.144537

     C   23        0.012629       -0.023688       -0.390807
     C   23       -0.023688        0.251607        0.062159
     C   23       -0.390807        0.062159       -0.264235

     Cl  24       -0.499535        1.945840       -0.155259
     Cl  24        1.945840       -1.370432       -0.897390
     Cl  24       -0.155259       -0.897390        1.869967

     ----- total EFG (symmetrized) -----
     Cl   1        0.311855        0.114364       -0.776769
     Cl   1        0.114364        0.700692       -1.165221
     Cl   1       -0.776769       -1.165221       -1.012547

     C    2       -0.337124        0.048782       -0.143680
     C    2        0.048782        0.497347       -0.079909
     C    2       -0.143680       -0.079909       -0.160223

     C    3        0.241947        0.409830        0.235796
     C    3        0.409830       -0.210596       -0.246581
     C    3        0.235796       -0.246581       -0.031350

     H    4        0.342246       -0.008000        0.252616
     H    4       -0.008000       -0.290715        0.231610
     H    4        0.252616        0.231610       -0.051531

     C    5       -0.458820       -0.002170       -0.164676
     C    5       -0.002170        0.155879       -0.015077
     C    5       -0.164676       -0.015077        0.302941

     H    6       -0.275689        0.020521       -0.084385
     H    6        0.020521        0.194521        0.210537
     H    6       -0.084385        0.210537        0.081168

     H    7       -0.145822       -0.007740        0.113594
     H    7       -0.007740        0.478538       -0.578463
     H    7        0.113594       -0.578463       -0.332717

     C    8        0.104338        0.164053       -0.170735
     C    8        0.164053        0.126156       -0.029605
     C    8       -0.170735       -0.029605       -0.230494

     H    9        0.578058        0.082844        0.649163
     H    9        0.082844       -0.212653       -0.249647
     H    9        0.649163       -0.249647       -0.365405

     C   10        0.395764        0.047738        0.250121
     C   10        0.047738        0.132762       -0.344023
     C   10        0.250121       -0.344023       -0.528525

     C   11       -0.120809        0.378139       -0.157214
     C   11        0.378139        0.123595        0.348999
     C   11       -0.157214        0.348999       -0.002785

     Cl  12       -0.952725        0.912548        0.254867
     Cl  12        0.912548       -0.988209        1.464022
     Cl  12        0.254867        1.464022        1.940934

     H   13       -0.111821        0.010101        0.200823
     H   13        0.010101        0.533821        0.230991
     H   13        0.200823        0.230991       -0.422000

     C   14       -0.207493       -0.118161       -0.036329
     C   14       -0.118161       -0.448799       -0.156488
     C   14       -0.036329       -0.156488        0.656292

     H   15        0.624120        0.042249        0.371506
     H   15        0.042249       -0.131801        0.313202
     H   15        0.371506        0.313202       -0.492319

     C   16       -0.313595       -0.062026       -0.095492
     C   16       -0.062026       -0.045547        0.056932
     C   16       -0.095492        0.056932        0.359142

     C   17        0.047194       -0.305678       -0.169066
     C   17       -0.305678       -0.562218       -0.141229
     C   17       -0.169066       -0.141229        0.515024

     Cl  18       -0.260090       -1.832563       -0.506826
     Cl  18       -1.832563       -1.165334        0.527095
     Cl  18       -0.506826        0.527095        1.425423

     H   19       -0.312173        0.181998        0.248730
     H   19        0.181998        0.558456       -0.368906
     H   19        0.248730       -0.368906       -0.246283

     C   20        0.364635       -0.380379       -0.607457
     C   20       -0.380379       -0.259626       -0.044371
     C   20       -0.607457       -0.044371       -0.105009

     H   21        0.484456       -0.204843        0.396074
     H   21       -0.204843       -0.074224       -0.175778
     H   21        0.396074       -0.175778       -0.410231

     C   22        0.237302        0.123981       -0.338389
     C   22        0.123981       -0.092765        0.080822
     C   22       -0.338389        0.080822       -0.144537

     C   23        0.012629       -0.023688       -0.390807
     C   23       -0.023688        0.251607        0.062159
     C   23       -0.390807        0.062159       -0.264235

     Cl  24       -0.499535        1.945840       -0.155259
     Cl  24        1.945840       -1.370432       -0.897390
     Cl  24       -0.155259       -0.897390        1.869967


     NQR/NMR SPECTROSCOPIC PARAMETERS:
     Cl   1    Vxx=    0.3160    axis=(  0.867838 -0.490863 -0.076886)
     Cl   1    Vyy=    1.4870    axis=( -0.397161 -0.778340  0.486262)
     Cl   1    Vzz=   -1.8030    axis=( -0.298531 -0.391460 -0.870424)
     Cl   1  Q=        -8.1650 1e-30 m^2  Cq=        34.5896 MHz  eta= 0.64949

     C    2    Vxx=   -0.0947    axis=(  0.480231 -0.156060 -0.863147)
     C    2    Vyy=   -0.4174    axis=( -0.873535  0.004064 -0.486745)
     C    2    Vzz=    0.5121    axis=(  0.079469  0.987739 -0.134373)
     C    2  Q=         1.0000 1e-30 m^2  Cq=         1.2033 MHz  eta= 0.63006

     C    3    Vxx=    0.1381    axis=(  0.078942 -0.512103  0.855288)
     C    3    Vyy=    0.4984    axis=(  0.877357  0.443038  0.184290)
     C    3    Vzz=   -0.6365    axis=( -0.473301  0.735845  0.484272)
     C    3  Q=         1.0000 1e-30 m^2  Cq=        -1.4955 MHz  eta= 0.56620

     H    4    Vxx=   -0.0200    axis=( -0.454396  0.586826  0.670193)
     H    4    Vyy=   -0.4584    axis=(  0.188334  0.798630 -0.571595)
     H    4    Vzz=    0.4784    axis=(  0.870663  0.133510  0.473414)
     H    4  Q=         1.0000 1e-30 m^2  Cq=         1.1240 MHz  eta= 0.91635

     C    5    Vxx=    0.1548    axis=(  0.023688 -0.996893 -0.075126)
     C    5    Vyy=    0.3381    axis=(  0.201528  0.078366 -0.976343)
     C    5    Vzz=   -0.4929    axis=(  0.979196  0.007987  0.202758)
     C    5  Q=         1.0000 1e-30 m^2  Cq=        -1.1582 MHz  eta= 0.37195

     H    6    Vxx=   -0.0523    axis=( -0.331038 -0.596299  0.731328)
     H    6    Vyy=   -0.3056    axis=( -0.941924  0.162406 -0.293945)
     H    6    Vzz=    0.3579    axis=(  0.056507 -0.786163 -0.615431)
     H    6  Q=         1.0000 1e-30 m^2  Cq=         0.8408 MHz  eta= 0.70771

     H    7    Vxx=   -0.1309    axis=(  0.979813  0.144037  0.138636)
     H    7    Vyy=   -0.6523    axis=( -0.189348  0.446131  0.874708)
     H    7    Vzz=    0.7832    axis=(  0.064141 -0.883301  0.464398)
     H    7  Q=         1.0000 1e-30 m^2  Cq=         1.8403 MHz  eta= 0.66578

     C    8    Vxx=   -0.0109    axis=(  0.566433 -0.751058 -0.339213)
     C    8    Vyy=   -0.3057    axis=(  0.415019 -0.095637  0.904772)
     C    8    Vzz=    0.3166    axis=( -0.711978 -0.653273  0.257531)
     C    8  Q=         1.0000 1e-30 m^2  Cq=         0.7439 MHz  eta= 0.93089

     H    9    Vxx=   -0.1006    axis=(  0.213496  0.915840 -0.340084)
     H    9    Vyy=   -0.8096    axis=( -0.407864  0.399879  0.820819)
     H    9    Vzz=    0.9102    axis=(  0.887731 -0.036533  0.458910)
     H    9  Q=         1.0000 1e-30 m^2  Cq=         2.1387 MHz  eta= 0.77887

     C   10    Vxx=    0.2644    axis=(  0.263810  0.912493 -0.312666)
     C   10    Vyy=    0.4657    axis=(  0.940009 -0.170520  0.295477)
     C   10    Vzz=   -0.7302    axis=( -0.216305  0.371859  0.902737)
     C   10  Q=         1.0000 1e-30 m^2  Cq=        -1.7156 MHz  eta= 0.27567

     C   11    Vxx=    0.0998    axis=(  0.672695  0.087000 -0.734788)
     C   11    Vyy=    0.4950    axis=( -0.382783 -0.808931 -0.446215)
     C   11    Vzz=   -0.5949    axis=(  0.633213 -0.581431  0.510861)
     C   11  Q=         1.0000 1e-30 m^2  Cq=        -1.3977 MHz  eta= 0.66439

     Cl  12    Vxx=   -0.5375    axis=( -0.807510 -0.467761  0.359342)
     Cl  12    Vyy=   -2.1082    axis=( -0.565959  0.786063 -0.248587)
     Cl  12    Vzz=    2.6458    axis=(  0.166186  0.404110  0.899487)
     Cl  12  Q=        -8.1650 1e-30 m^2  Cq=       -50.7575 MHz  eta= 0.59366

     H   13    Vxx=   -0.0321    axis=(  0.913340 -0.167751  0.371039)
     H   13    Vyy=   -0.5591    axis=( -0.398942 -0.186085  0.897896)
     H   13    Vzz=    0.5912    axis=( -0.081578 -0.968107 -0.236882)
     H   13  Q=         1.0000 1e-30 m^2  Cq=         1.3891 MHz  eta= 0.89143

     C   14    Vxx=   -0.1600    axis=(  0.930487 -0.365208 -0.028601)
     C   14    Vyy=   -0.5185    axis=(  0.365629  0.921064  0.134000)
     C   14    Vzz=    0.6785    axis=( -0.022594 -0.135143  0.990569)
     C   14  Q=         1.0000 1e-30 m^2  Cq=         1.5941 MHz  eta= 0.52835

     H   15    Vxx=   -0.0145    axis=(  0.273627 -0.888072 -0.369401)
     H   15    Vyy=   -0.7426    axis=(  0.224046  0.432343 -0.873432)
     H   15    Vzz=    0.7572    axis=(  0.935378  0.156232  0.317270)
     H   15  Q=         1.0000 1e-30 m^2  Cq=         1.7791 MHz  eta= 0.96159

     C   16    Vxx=   -0.0454    axis=( -0.162315  0.971103 -0.174963)
     C   16    Vyy=   -0.3369    axis=( -0.975638 -0.184469 -0.118755)
     C   16    Vzz=    0.3824    axis=( -0.147598  0.151425  0.977387)
     C   16  Q=         1.0000 1e-30 m^2  Cq=         0.8984 MHz  eta= 0.76235

     C   17    Vxx=    0.1488    axis=(  0.873617 -0.423257  0.240097)
     C   17    Vyy=    0.5714    axis=(  0.283972  0.042760 -0.957879)
     C   17    Vzz=   -0.7203    axis=(  0.395162  0.905000  0.157549)
     C   17  Q=         1.0000 1e-30 m^2  Cq=        -1.6924 MHz  eta= 0.58675

     Cl  18    Vxx=    0.5668    axis=( -0.615580  0.455598 -0.643034)
     Cl  18    Vyy=    2.0363    axis=( -0.496096  0.409970  0.765384)
     Cl  18    Vzz=   -2.6030    axis=( -0.612332 -0.790162  0.026349)
     Cl  18  Q=        -8.1650 1e-30 m^2  Cq=        49.9381 MHz  eta= 0.56452

     H   19    Vxx=   -0.0554    axis=( -0.744569 -0.167584 -0.646167)
     H   19    Vyy=   -0.6533    axis=( -0.662217  0.307481  0.683318)
     H   19    Vzz=    0.7087    axis=(  0.084171  0.936681 -0.339918)
     H   19  Q=         1.0000 1e-30 m^2  Cq=         1.6651 MHz  eta= 0.84379

     C   20    Vxx=   -0.1681    axis=(  0.120137 -0.790604  0.600427)
     C   20    Vyy=   -0.6906    axis=( -0.556193 -0.554577 -0.618946)
     C   20    Vzz=    0.8588    axis=( -0.822324  0.259595  0.506353)
     C   20  Q=         1.0000 1e-30 m^2  Cq=         2.0177 MHz  eta= 0.60844

     H   21    Vxx=   -0.1377    axis=(  0.357552  0.930419 -0.080482)
     H   21    Vyy=   -0.5790    axis=( -0.308168  0.198899  0.930307)
     H   21    Vzz=    0.7168    axis=(  0.881583 -0.307831  0.357842)
     H   21  Q=         1.0000 1e-30 m^2  Cq=         1.6841 MHz  eta= 0.61566

     C   22    Vxx=   -0.0434    axis=(  0.093980  0.907097  0.410295)
     C   22    Vyy=   -0.4001    axis=( -0.489183  0.401013 -0.774525)
     C   22    Vzz=    0.4435    axis=( -0.867103 -0.127920  0.481423)
     C   22  Q=         1.0000 1e-30 m^2  Cq=         1.0420 MHz  eta= 0.80444

     C   23    Vxx=    0.2131    axis=(  0.503977  0.807129 -0.307491)
     C   23    Vyy=    0.3290    axis=( -0.645459  0.588510  0.486866)
     C   23    Vzz=   -0.5421    axis=(  0.573925 -0.046896  0.817564)
     C   23  Q=         1.0000 1e-30 m^2  Cq=        -1.2738 MHz  eta= 0.21373

     Cl  24    Vxx=    0.6943    axis=(  0.735144  0.488539  0.469991)
     Cl  24    Vyy=    2.3111    axis=( -0.308630 -0.376085  0.873675)
     Cl  24    Vzz=   -3.0054    axis=(  0.603581 -0.787331 -0.125699)
     Cl  24  Q=        -8.1650 1e-30 m^2  Cq=        57.6574 MHz  eta= 0.53796

     Initialization:
     gipaw_setup  :      9.19s CPU     10.75s WALL (       1 calls)

     Linear response

     Apply operators

     Induced current

     Other routines
     efg          :      9.18s CPU     11.58s WALL (       1 calls)

     General routines
     calbec       :      3.25s CPU      4.08s WALL (      16 calls)
     fft          :      1.42s CPU      1.88s WALL (      15 calls)
     ffts         :      0.03s CPU      0.06s WALL (       2 calls)
     fftw         :      3.27s CPU      4.08s WALL (     672 calls)
     davcio       :      0.03s CPU      0.33s WALL (      32 calls)

     Parallel routines
     fft_scatter  :      2.14s CPU      3.19s WALL (     689 calls)

     Plugins

     GIPAW        :     60.94s CPU     72.99s WALL (       1 calls)
