
     Program QE v.6.0 (svn rev. 13079) starts on 11Jan2017 at 17:30:58 

     This program is part of the open-source Quantum ESPRESSO suite
     for quantum simulation of materials; please cite
         "P. Giannozzi et al., J. Phys.:Condens. Matter 21 395502 (2009);
          URL http://www.quantum-espresso.org", 
     in publications or presentations arising from this work. More details at
     http://www.quantum-espresso.org/quote

     Parallel version (MPI), running on     8 processors
     R & G space division:  proc/nbgrp/npool/nimage =       8

     ***** This is GIPAW svn revision unknown      *****

     Parallelizing q-star over 1 images

     Reading data from directory:
     /users/majewski/paradichlorobenzene/pbe/9_constraint/scratch/pbe.ecut100.np8.dt60.pcl2phi-129368.save
     Message from routine read_xml_file:
     file /users/majewski/paradichlorobenzene/pbe/9_constraint/scratch/pbe.ecut100.np8.dt60.pcl2phi-129368.save not guaranteed to be safe for post-processing

   Info: using nr1, nr2, nr3 values from input

   Info: using nr1, nr2, nr3 values from input

     IMPORTANT: XC functional enforced from input :
     Exchange-correlation      =  SLA  PW   PBX  PBC ( 1  4  3  4 0 0)
     Any further DFT definition will be discarded
     Please, verify this is what you really want

               file C.pbe-n-kjpaw_psl.1.0.0.UPF: wavefunction(s)  2S 2P renormalized
               file Cl.pbe-n-kjpaw_psl.1.0.0.UPF: wavefunction(s)  3S 3P renormalized
               file H.pbe-kjpaw_psl.1.0.0.UPF: wavefunction(s)  1S renormalized

     Parallelization info
     --------------------
     sticks:   dense  smooth     PW     G-vecs:    dense   smooth      PW
     Min        3057    1223    332               144436    36536    5170
     Max        3059    1225    333               144437    36537    5171
     Sum       24467    9791   2657              1155489   292295   41363


     Subspace diagonalization in iterative solution of the eigenvalue problem:
     a serial algorithm will be used

     GIPAW projectors -----------------------------------------------
     atom=  C    l=0  rc=    1.2000  rs=    0.8000
     atom=  C    l=0  rc=    1.2000  rs=    0.8000
     atom=  C    l=1  rc=    1.4000  rs=    0.9333
     atom=  C    l=1  rc=    1.4000  rs=    0.9333
     projs nearly linearly dependent: l=1  n1,n2= 1, 2  s=  0.99951561

     atom=  Cl   l=0  rc=    1.6000  rs=    1.0667
     atom=  Cl   l=0  rc=    1.6000  rs=    1.0667
     atom=  Cl   l=1  rc=    1.6000  rs=    1.0667
     atom=  Cl   l=1  rc=    1.6000  rs=    1.0667
     atom=  Cl   l=2  rc=    1.6000  rs=    1.0667
     atom=  Cl   l=2  rc=    1.6000  rs=    1.0667
     projs nearly linearly dependent: l=2  n1,n2= 1, 2  s=  0.99993509

     atom=  H    l=0  rc=    1.0000  rs=    0.6667
     atom=  H    l=0  rc=    1.0000  rs=    0.6667
     projs nearly linearly dependent: l=0  n1,n2= 1, 2  s=  0.99968852
     -----------------------------------------------------------------

     GIPAW integrals: -------------------------------------------
     Atom  i/j   nmr_para   nmr_dia   epr_rmc  epr_para   epr_dia
       C   1 1   0.83E+03  0.17E-01  0.93E+01  0.24E+08  0.24E+03
       C   2 1   0.86E+03 -0.61E-01  0.94E+01  0.25E+08  0.25E+03
       C   2 2   0.90E+03 -0.15E+00  0.97E+01  0.26E+08  0.26E+03
       C   3 3   0.33E+01  0.34E+00  0.18E+01  0.55E+03  0.21E+02
       C   4 3   0.35E+01  0.37E+00  0.20E+01  0.59E+03  0.22E+02
       C   4 4   0.38E+01  0.39E+00  0.22E+01  0.63E+03  0.24E+02
       Cl  1 1   0.14E+04 -0.47E+00  0.84E+01  0.32E+09  0.42E+03
       Cl  2 1   0.21E+04 -0.37E+00  0.12E+02  0.49E+09  0.65E+03
       Cl  2 2   0.33E+04 -0.16E+00  0.21E+02  0.76E+09  0.10E+04
       Cl  3 3   0.21E+02  0.79E-01  0.89E+01  0.23E+05  0.13E+03
       Cl  4 3   0.24E+02  0.67E-01  0.99E+01  0.27E+05  0.15E+03
       Cl  4 4   0.28E+02  0.44E-01  0.11E+02  0.32E+05  0.18E+03
       Cl  5 5   0.77E+00  0.19E+00  0.18E+01  0.12E+03  0.22E+02
       Cl  6 5   0.80E+00  0.19E+00  0.19E+01  0.12E+03  0.23E+02
       Cl  6 6   0.83E+00  0.20E+00  0.19E+01  0.12E+03  0.23E+02
       H   1 1   0.39E+02  0.19E+00  0.29E+00  0.78E+05  0.13E+02
       H   2 1   0.41E+02  0.21E+00  0.32E+00  0.82E+05  0.14E+02
       H   2 2   0.43E+02  0.22E+00  0.36E+00  0.86E+05  0.15E+02
     ------------------------------------------------------------

     alpha_pv=     33.7134 eV

     Number of occupied bands for each k-point:
     k-point:     1    nbnd_occ=  42
     k-point:     2    nbnd_occ=  42
     k-point:     3    nbnd_occ=  42
     k-point:     4    nbnd_occ=  42
     k-point:     5    nbnd_occ=  42
     k-point:     6    nbnd_occ=  42
     k-point:     7    nbnd_occ=  42
     k-point:     8    nbnd_occ=  42
     k-point:     9    nbnd_occ=  42
     k-point:    10    nbnd_occ=  42
     k-point:    11    nbnd_occ=  42
     k-point:    12    nbnd_occ=  42
     k-point:    13    nbnd_occ=  42
     k-point:    14    nbnd_occ=  42
     k-point:    15    nbnd_occ=  42
     k-point:    16    nbnd_occ=  42


     q-space interpolation up to   110.00 Rydberg

     GIPAW job: efg                                                                             


     ELECTRIC FIELD GRADIENTS TENSORS IN Hartree/bohrradius^2:

     ----- bare term -----
     Cl   1        0.107521        0.005303        0.040825
     Cl   1        0.005303        0.016734        0.213401
     Cl   1        0.040825        0.213401       -0.124256

     C    2       -0.466754        0.288984       -0.409130
     C    2        0.288984        0.204151       -0.334388
     C    2       -0.409130       -0.334388        0.262603

     C    3        0.105167        0.596744       -0.054973
     C    3        0.596744       -0.370562       -0.545624
     C    3       -0.054973       -0.545624        0.265395

     H    4       -0.259802       -0.212231       -0.470759
     H    4       -0.212231        0.378000       -0.066179
     H    4       -0.470759       -0.066179       -0.118198

     C    5       -0.585406        0.186602       -0.348476
     C    5        0.186602        0.130478       -0.192105
     C    5       -0.348476       -0.192105        0.454928

     H    6        0.207555        0.103421       -0.150295
     H    6        0.103421       -0.452204       -0.452423
     H    6       -0.150295       -0.452423        0.244650

     H    7        0.340705        0.385343       -0.002644
     H    7        0.385343       -0.711930        0.187900
     H    7       -0.002644        0.187900        0.371225

     C    8       -0.048795       -0.079599       -0.131707
     C    8       -0.079599       -0.091844        0.324824
     C    8       -0.131707        0.324824        0.140638

     H    9       -0.233328        0.346033        0.168541
     H    9        0.346033        0.028573       -0.159349
     H    9        0.168541       -0.159349        0.204755

     C   10       -0.038423       -0.073447        0.164937
     C   10       -0.073447       -0.089211       -0.055325
     C   10        0.164937       -0.055325        0.127634

     C   11       -0.176243        0.179774       -0.249772
     C   11        0.179774       -0.020051        0.542733
     C   11       -0.249772        0.542733        0.196293

     Cl  12        0.218572       -0.159335        0.002799
     Cl  12       -0.159335        0.252233       -0.262646
     Cl  12        0.002799       -0.262646       -0.470805

     H   13        0.187781        0.299026        0.168373
     H   13        0.299026       -0.369559       -0.508066
     H   13        0.168373       -0.508066        0.181778

     C   14       -0.139514       -0.003533       -0.309156
     C   14       -0.003533       -0.261504       -0.283439
     C   14       -0.309156       -0.283439        0.401018

     H   15        0.084470       -0.124631       -0.388379
     H   15       -0.124631        0.475846       -0.250338
     H   15       -0.388379       -0.250338       -0.560316

     C   16       -0.558452        0.326380       -0.377085
     C   16        0.326380        0.063390       -0.029248
     C   16       -0.377085       -0.029248        0.495062

     C   17        0.025070       -0.011137       -0.229186
     C   17       -0.011137       -0.507086       -0.329508
     C   17       -0.229186       -0.329508        0.482016

     Cl  18       -0.172682        0.163093        0.015367
     Cl  18        0.163093       -0.044683        0.090301
     Cl  18        0.015367        0.090301        0.217365

     H   19        0.098064        0.104351       -0.054962
     H   19        0.104351       -0.407824        0.535017
     H   19       -0.054962        0.535017        0.309761

     C   20       -0.646584       -0.311781       -0.459327
     C   20       -0.311781        0.148067        0.007983
     C   20       -0.459327        0.007983        0.498517

     H   21       -0.472981        0.274738        0.255501
     H   21        0.274738        0.319113        0.024604
     H   21        0.255501        0.024604        0.153868

     C   22        0.091637        0.048989       -0.103223
     C   22        0.048989       -0.460211        0.344858
     C   22       -0.103223        0.344858        0.368573

     C   23       -0.729587       -0.242026       -0.321078
     C   23       -0.242026        0.115103        0.078228
     C   23       -0.321078        0.078228        0.614485

     Cl  24        0.032952       -0.018970        0.109318
     Cl  24       -0.018970        0.089388        0.055971
     Cl  24        0.109318        0.055971       -0.122340

     ----- ionic term -----
     Cl   1        0.127870       -0.201084        0.092439
     Cl   1       -0.201084        0.014286       -0.054880
     Cl   1        0.092439       -0.054880       -0.142156

     C    2        0.045760       -0.246772        0.375860
     C    2       -0.246772        0.154613        0.295532
     C    2        0.375860        0.295532       -0.200373

     C    3        0.075550       -0.283471        0.249695
     C    3       -0.283471        0.220562        0.329374
     C    3        0.249695        0.329374       -0.296112

     H    4        0.449886        0.285163        0.730600
     H    4        0.285163       -0.371736        0.273337
     H    4        0.730600        0.273337       -0.078150

     C    5        0.166660       -0.165225        0.370438
     C    5       -0.165225        0.077542        0.299522
     C    5        0.370438        0.299522       -0.244202

     H    6       -0.516178        0.032695        0.012886
     H    6        0.032695        0.692934        0.682437
     H    6        0.012886        0.682437       -0.176756

     H    7       -0.535963       -0.148126        0.071173
     H    7       -0.148126        0.532651       -0.772578
     H    7        0.071173       -0.772578        0.003312

     C    8        0.292533        0.049817       -0.029171
     C    8        0.049817        0.103524       -0.325659
     C    8       -0.029171       -0.325659       -0.396057

     H    9        0.849322       -0.491285        0.223207
     H    9       -0.491285       -0.312846       -0.132259
     H    9        0.223207       -0.132259       -0.536476

     C   10        0.205367        0.063924       -0.020514
     C   10        0.063924        0.245671       -0.358721
     C   10       -0.020514       -0.358721       -0.451038

     C   11        0.320316       -0.024196        0.042563
     C   11       -0.024196        0.168605       -0.346954
     C   11        0.042563       -0.346954       -0.488922

     Cl  12        0.095161        0.161804       -0.051628
     Cl  12        0.161804        0.022791       -0.042390
     Cl  12       -0.051628       -0.042390       -0.117952

     H   13       -0.519959       -0.159227       -0.054870
     H   13       -0.159227        0.744325        0.623088
     H   13       -0.054870        0.623088       -0.224366

     C   14        0.145520       -0.301657        0.293986
     C   14       -0.301657        0.102191        0.247434
     C   14        0.293986        0.247434       -0.247711

     H   15        0.512958        0.209224        0.736680
     H   15        0.209224       -0.472503        0.224663
     H   15        0.736680        0.224663       -0.040455

     C   16        0.096457       -0.300732        0.236519
     C   16       -0.300732        0.180966        0.361242
     C   16        0.236519        0.361242       -0.277423

     C   17        0.125886       -0.164655        0.343831
     C   17       -0.164655        0.088973        0.446942
     C   17        0.343831        0.446942       -0.214859

     Cl  18        0.166313       -0.205345        0.023694
     Cl  18       -0.205345       -0.013546       -0.003592
     Cl  18        0.023694       -0.003592       -0.152767

     H   19       -0.489536       -0.170890        0.085679
     H   19       -0.170890        0.638806       -0.712368
     H   19        0.085679       -0.712368       -0.149269

     C   20        0.446820        0.058218        0.010926
     C   20        0.058218        0.032957       -0.321773
     C   20        0.010926       -0.321773       -0.479777

     H   21        0.806374       -0.517117        0.305778
     H   21       -0.517117       -0.307145       -0.190480
     H   21        0.305778       -0.190480       -0.499229

     C   22        0.219978        0.107151       -0.010891
     C   22        0.107151        0.223790       -0.409324
     C   22       -0.010891       -0.409324       -0.443768

     C   23        0.251865        0.026181        0.008606
     C   23        0.026181        0.202655       -0.368825
     C   23        0.008606       -0.368825       -0.454520

     Cl  24        0.136533        0.205971       -0.040682
     Cl  24        0.205971       -0.004194       -0.024640
     Cl  24       -0.040682       -0.024640       -0.132339

     ----- GIPAW term -----
     Cl   1       -0.347360       -0.626504       -0.671237
     Cl   1       -0.626504       -0.212195       -1.373173
     Cl   1       -0.671237       -1.373173        0.559555

     C    2       -0.091857       -0.000444       -0.071927
     C    2       -0.000444        0.216744       -0.062688
     C    2       -0.071927       -0.062688       -0.124888

     C    3        0.082723        0.238845        0.011059
     C    3        0.238845       -0.009989       -0.063174
     C    3        0.011059       -0.063174       -0.072734

     H    4       -0.000000        0.000000        0.000000
     H    4        0.000000        0.000000        0.000000
     H    4        0.000000        0.000000        0.000000

     C    5       -0.054933        0.089917        0.092008
     C    5        0.089917       -0.032737        0.064106
     C    5        0.092008        0.064106        0.087669

     H    6       -0.000000        0.000000        0.000000
     H    6        0.000000        0.000000        0.000000
     H    6        0.000000        0.000000        0.000000

     H    7       -0.000000        0.000000        0.000000
     H    7        0.000000        0.000000        0.000000
     H    7        0.000000        0.000000        0.000000

     C    8       -0.047343       -0.067229       -0.025839
     C    8       -0.067229        0.112351        0.132019
     C    8       -0.025839        0.132019       -0.065008

     H    9       -0.000000        0.000000        0.000000
     H    9        0.000000        0.000000        0.000000
     H    9        0.000000        0.000000        0.000000

     C   10       -0.003464        0.006344        0.019177
     C   10        0.006344        0.007059       -0.009302
     C   10        0.019177       -0.009302       -0.003594

     C   11       -0.076201        0.086959       -0.018169
     C   11        0.086959        0.007126        0.187319
     C   11       -0.018169        0.187319        0.069074

     Cl  12       -0.166203        0.363091       -0.250970
     Cl  12        0.363091       -0.447486        0.190925
     Cl  12       -0.250970        0.190925        0.613689

     H   13       -0.000000        0.000000        0.000000
     H   13        0.000000        0.000000        0.000000
     H   13        0.000000        0.000000        0.000000

     C   14       -0.095995       -0.068728       -0.100754
     C   14       -0.068728       -0.058515        0.125705
     C   14       -0.100754        0.125705        0.154511

     H   15       -0.000000        0.000000        0.000000
     H   15        0.000000        0.000000        0.000000
     H   15        0.000000        0.000000        0.000000

     C   16       -0.186993       -0.008421       -0.141632
     C   16       -0.008421       -0.035525        0.132060
     C   16       -0.141632        0.132060        0.222519

     C   17       -0.077726       -0.093958       -0.031227
     C   17       -0.093958       -0.127234        0.134570
     C   17       -0.031227        0.134570        0.204960

     Cl  18       -0.843354       -0.917945        0.471755
     Cl  18       -0.917945       -0.618369        1.817523
     Cl  18        0.471755        1.817523        1.461723

     H   19       -0.000000        0.000000        0.000000
     H   19        0.000000        0.000000        0.000000
     H   19        0.000000        0.000000        0.000000

     C   20       -0.097089        0.090082       -0.161712
     C   20        0.090082        0.064995       -0.155874
     C   20       -0.161712       -0.155874        0.032094

     H   21       -0.000000        0.000000        0.000000
     H   21        0.000000        0.000000        0.000000
     H   21        0.000000        0.000000        0.000000

     C   22       -0.042281        0.054711       -0.079345
     C   22        0.054711       -0.093711       -0.069777
     C   22       -0.079345       -0.069777        0.135992

     C   23       -0.175928        0.060437       -0.080811
     C   23        0.060437       -0.030263       -0.152536
     C   23       -0.080811       -0.152536        0.206191

     Cl  24       -0.389774        1.347226       -0.768079
     Cl  24        1.347226       -1.201179       -0.246051
     Cl  24       -0.768079       -0.246051        1.590953

     ----- total EFG -----
     Cl   1       -0.111969       -0.822285       -0.537973
     Cl   1       -0.822285       -0.181175       -1.214652
     Cl   1       -0.537973       -1.214652        0.293143

     C    2       -0.512850        0.041768       -0.105197
     C    2        0.041768        0.575508       -0.101544
     C    2       -0.105197       -0.101544       -0.062657

     C    3        0.263440        0.552118        0.205781
     C    3        0.552118       -0.159989       -0.279424
     C    3        0.205781       -0.279424       -0.103451

     H    4        0.190085        0.072931        0.259841
     H    4        0.072931        0.006264        0.207158
     H    4        0.259841        0.207158       -0.196349

     C    5       -0.473679        0.111295        0.113969
     C    5        0.111295        0.175283        0.171523
     C    5        0.113969        0.171523        0.298395

     H    6       -0.308623        0.136116       -0.137409
     H    6        0.136116        0.240730        0.230014
     H    6       -0.137409        0.230014        0.067893

     H    7       -0.195258        0.237217        0.068528
     H    7        0.237217       -0.179279       -0.584678
     H    7        0.068528       -0.584678        0.374537

     C    8        0.196396       -0.097011       -0.186717
     C    8       -0.097011        0.124031        0.131184
     C    8       -0.186717        0.131184       -0.320427

     H    9        0.615994       -0.145252        0.391748
     H    9       -0.145252       -0.284273       -0.291608
     H    9        0.391748       -0.291608       -0.331721

     C   10        0.163480       -0.003179        0.163600
     C   10       -0.003179        0.163519       -0.423348
     C   10        0.163600       -0.423348       -0.326998

     C   11        0.067873        0.242537       -0.225378
     C   11        0.242537        0.155681        0.383099
     C   11       -0.225378        0.383099       -0.223554

     Cl  12        0.147529        0.365560       -0.299800
     Cl  12        0.365560       -0.172461       -0.114110
     Cl  12       -0.299800       -0.114110        0.024932

     H   13       -0.332177        0.139800        0.113502
     H   13        0.139800        0.374766        0.115023
     H   13        0.113502        0.115023       -0.042589

     C   14       -0.089989       -0.373918       -0.115924
     C   14       -0.373918       -0.217828        0.089700
     C   14       -0.115924        0.089700        0.307817

     H   15        0.597428        0.084592        0.348301
     H   15        0.084592        0.003343       -0.025674
     H   15        0.348301       -0.025674       -0.600771

     C   16       -0.648988        0.017227       -0.282199
     C   16        0.017227        0.208830        0.464055
     C   16       -0.282199        0.464055        0.440158

     C   17        0.073229       -0.269750        0.083417
     C   17       -0.269750       -0.545346        0.252005
     C   17        0.083417        0.252005        0.472117

     Cl  18       -0.849723       -0.960197        0.510816
     Cl  18       -0.960197       -0.676599        1.904232
     Cl  18        0.510816        1.904232        1.526322

     H   19       -0.391473       -0.066539        0.030716
     H   19       -0.066539        0.230981       -0.177351
     H   19        0.030716       -0.177351        0.160491

     C   20       -0.296853       -0.163480       -0.610113
     C   20       -0.163480        0.246019       -0.469664
     C   20       -0.610113       -0.469664        0.050834

     H   21        0.333394       -0.242379        0.561279
     H   21       -0.242379        0.011967       -0.165876
     H   21        0.561279       -0.165876       -0.345361

     C   22        0.269334        0.210850       -0.193459
     C   22        0.210850       -0.330132       -0.134243
     C   22       -0.193459       -0.134243        0.060798

     C   23       -0.653650       -0.155408       -0.393283
     C   23       -0.155408        0.287495       -0.443133
     C   23       -0.393283       -0.443133        0.366155

     Cl  24       -0.220288        1.534228       -0.699444
     Cl  24        1.534228       -1.115986       -0.214720
     Cl  24       -0.699444       -0.214720        1.336274

     ----- total EFG (symmetrized) -----
     Cl   1       -0.111969       -0.822285       -0.537973
     Cl   1       -0.822285       -0.181175       -1.214652
     Cl   1       -0.537973       -1.214652        0.293143

     C    2       -0.512850        0.041768       -0.105197
     C    2        0.041768        0.575508       -0.101544
     C    2       -0.105197       -0.101544       -0.062657

     C    3        0.263440        0.552118        0.205781
     C    3        0.552118       -0.159989       -0.279424
     C    3        0.205781       -0.279424       -0.103451

     H    4        0.190085        0.072931        0.259841
     H    4        0.072931        0.006264        0.207158
     H    4        0.259841        0.207158       -0.196349

     C    5       -0.473679        0.111295        0.113969
     C    5        0.111295        0.175283        0.171523
     C    5        0.113969        0.171523        0.298395

     H    6       -0.308623        0.136116       -0.137409
     H    6        0.136116        0.240730        0.230014
     H    6       -0.137409        0.230014        0.067893

     H    7       -0.195258        0.237217        0.068528
     H    7        0.237217       -0.179279       -0.584678
     H    7        0.068528       -0.584678        0.374537

     C    8        0.196396       -0.097011       -0.186717
     C    8       -0.097011        0.124031        0.131184
     C    8       -0.186717        0.131184       -0.320427

     H    9        0.615994       -0.145252        0.391748
     H    9       -0.145252       -0.284273       -0.291608
     H    9        0.391748       -0.291608       -0.331721

     C   10        0.163480       -0.003179        0.163600
     C   10       -0.003179        0.163519       -0.423348
     C   10        0.163600       -0.423348       -0.326998

     C   11        0.067873        0.242537       -0.225378
     C   11        0.242537        0.155681        0.383099
     C   11       -0.225378        0.383099       -0.223554

     Cl  12        0.147529        0.365560       -0.299800
     Cl  12        0.365560       -0.172461       -0.114110
     Cl  12       -0.299800       -0.114110        0.024932

     H   13       -0.332177        0.139800        0.113502
     H   13        0.139800        0.374766        0.115023
     H   13        0.113502        0.115023       -0.042589

     C   14       -0.089989       -0.373918       -0.115924
     C   14       -0.373918       -0.217828        0.089700
     C   14       -0.115924        0.089700        0.307817

     H   15        0.597428        0.084592        0.348301
     H   15        0.084592        0.003343       -0.025674
     H   15        0.348301       -0.025674       -0.600771

     C   16       -0.648988        0.017227       -0.282199
     C   16        0.017227        0.208830        0.464055
     C   16       -0.282199        0.464055        0.440158

     C   17        0.073229       -0.269750        0.083417
     C   17       -0.269750       -0.545346        0.252005
     C   17        0.083417        0.252005        0.472117

     Cl  18       -0.849723       -0.960197        0.510816
     Cl  18       -0.960197       -0.676599        1.904232
     Cl  18        0.510816        1.904232        1.526322

     H   19       -0.391473       -0.066539        0.030716
     H   19       -0.066539        0.230981       -0.177351
     H   19        0.030716       -0.177351        0.160491

     C   20       -0.296853       -0.163480       -0.610113
     C   20       -0.163480        0.246019       -0.469664
     C   20       -0.610113       -0.469664        0.050834

     H   21        0.333394       -0.242379        0.561279
     H   21       -0.242379        0.011967       -0.165876
     H   21        0.561279       -0.165876       -0.345361

     C   22        0.269334        0.210850       -0.193459
     C   22        0.210850       -0.330132       -0.134243
     C   22       -0.193459       -0.134243        0.060798

     C   23       -0.653650       -0.155408       -0.393283
     C   23       -0.155408        0.287495       -0.443133
     C   23       -0.393283       -0.443133        0.366155

     Cl  24       -0.220288        1.534228       -0.699444
     Cl  24        1.534228       -1.115986       -0.214720
     Cl  24       -0.699444       -0.214720        1.336274


     NQR/NMR SPECTROSCOPIC PARAMETERS:
     Cl   1    Vxx=    0.4566    axis=( -0.853738  0.323190  0.408265)
     Cl   1    Vyy=    1.3048    axis=(  0.103433 -0.663181  0.741278)
     Cl   1    Vzz=   -1.7613    axis=( -0.510327 -0.675084 -0.532754)
     Cl   1  Q=        -8.1650 1e-30 m^2  Cq=        33.7904 MHz  eta= 0.48156

     C    2    Vxx=   -0.0577    axis=( -0.207323  0.168207  0.963703)
     C    2    Vyy=   -0.5365    axis=(  0.976865 -0.017226  0.213162)
     C    2    Vzz=    0.5943    axis=( -0.052456 -0.985601  0.160744)
     C    2  Q=         1.0000 1e-30 m^2  Cq=         1.3963 MHz  eta= 0.80565

     C    3    Vxx=    0.0880    axis=(  0.259367 -0.408575  0.875097)
     C    3    Vyy=    0.6432    axis=( -0.826790 -0.562240 -0.017456)
     C    3    Vzz=   -0.7312    axis=(  0.499147 -0.718994 -0.483632)
     C    3  Q=         1.0000 1e-30 m^2  Cq=        -1.7181 MHz  eta= 0.75931

     H    4    Vxx=   -0.0005    axis=(  0.537564 -0.827496 -0.162098)
     H    4    Vyy=   -0.3910    axis=(  0.335658  0.386344 -0.859111)
     H    4    Vzz=    0.3916    axis=(  0.773536  0.407418  0.485440)
     H    4  Q=         1.0000 1e-30 m^2  Cq=         0.9200 MHz  eta= 0.99727

     C    5    Vxx=    0.0557    axis=(  0.042543  0.806386 -0.589858)
     C    5    Vyy=    0.4460    axis=(  0.168823  0.576100  0.799755)
     C    5    Vzz=   -0.5017    axis=( -0.984728  0.133606  0.111628)
     C    5  Q=         1.0000 1e-30 m^2  Cq=        -1.1788 MHz  eta= 0.77800

     H    6    Vxx=    0.0185    axis=( -0.499285 -0.456437  0.736464)
     H    6    Vyy=    0.4018    axis=(  0.052781  0.832390  0.551671)
     H    6    Vzz=   -0.4203    axis=( -0.864828  0.314313 -0.391509)
     H    6  Q=         1.0000 1e-30 m^2  Cq=        -0.9875 MHz  eta= 0.91199

     H    7    Vxx=   -0.0810    axis=(  0.889714  0.340871  0.303671)
     H    7    Vyy=   -0.6689    axis=( -0.450109  0.766072  0.458842)
     H    7    Vzz=    0.7498    axis=( -0.076228 -0.544923  0.835014)
     H    7  Q=         1.0000 1e-30 m^2  Cq=         1.7618 MHz  eta= 0.78399

     C    8    Vxx=    0.0567    axis=(  0.572150  0.820147  0.002016)
     C    8    Vyy=    0.3423    axis=( -0.775845  0.540443  0.325555)
     C    8    Vzz=   -0.3990    axis=(  0.265913 -0.187830  0.945521)
     C    8  Q=         1.0000 1e-30 m^2  Cq=        -0.9375 MHz  eta= 0.71590

     H    9    Vxx=   -0.1740    axis=(  0.386029  0.782678 -0.488259)
     H    9    Vyy=   -0.6355    axis=( -0.180285  0.583088  0.792152)
     H    9    Vzz=    0.8095    axis=(  0.904698 -0.217768  0.366194)
     H    9  Q=         1.0000 1e-30 m^2  Cq=         1.9021 MHz  eta= 0.57012

     C   10    Vxx=    0.1613    axis=(  0.930768  0.365575 -0.005102)
     C   10    Vyy=    0.4357    axis=( -0.316597  0.798931 -0.511346)
     C   10    Vzz=   -0.5971    axis=( -0.182859  0.477560  0.859360)
     C   10  Q=         1.0000 1e-30 m^2  Cq=        -1.4029 MHz  eta= 0.45958

     C   11    Vxx=    0.1880    axis=( -0.838636  0.084658  0.538074)
     C   11    Vyy=    0.4249    axis=( -0.336479 -0.857344 -0.389542)
     C   11    Vzz=   -0.6129    axis=(  0.428337 -0.507734  0.747485)
     C   11  Q=         1.0000 1e-30 m^2  Cq=        -1.4401 MHz  eta= 0.38657

     Cl  12    Vxx=   -0.1430    axis=(  0.298809  0.451873  0.840550)
     Cl  12    Vyy=   -0.4258    axis=( -0.599705  0.774060 -0.202938)
     Cl  12    Vzz=    0.5688    axis=( -0.742338 -0.443442  0.502287)
     Cl  12  Q=        -8.1650 1e-30 m^2  Cq=       -10.9112 MHz  eta= 0.49718

     H   13    Vxx=   -0.0554    axis=(  0.217981 -0.317620  0.922823)
     H   13    Vyy=   -0.3842    axis=(  0.953039 -0.134416 -0.271382)
     H   13    Vzz=    0.4396    axis=(  0.210239  0.938642  0.273405)
     H   13  Q=         1.0000 1e-30 m^2  Cq=         1.0328 MHz  eta= 0.74809

     C   14    Vxx=    0.1145    axis=( -0.605600  0.518399 -0.603748)
     C   14    Vyy=    0.4188    axis=( -0.464840  0.385348  0.797139)
     C   14    Vzz=   -0.5333    axis=( -0.645889 -0.763393 -0.007606)
     C   14  Q=         1.0000 1e-30 m^2  Cq=        -1.2530 MHz  eta= 0.57053

     H   15    Vxx=   -0.0016    axis=( -0.086221  0.991961 -0.092628)
     H   15    Vyy=   -0.6978    axis=(  0.263179 -0.066994 -0.962418)
     H   15    Vzz=    0.6994    axis=( -0.960886 -0.107359 -0.255287)
     H   15  Q=         1.0000 1e-30 m^2  Cq=         1.6433 MHz  eta= 0.99539

     C   16    Vxx=   -0.0956    axis=( -0.295805 -0.793647  0.531624)
     C   16    Vyy=   -0.7381    axis=( -0.944221  0.158605 -0.288603)
     C   16    Vzz=    0.8337    axis=( -0.144730  0.587341  0.796294)
     C   16  Q=         1.0000 1e-30 m^2  Cq=         1.9589 MHz  eta= 0.77068

     C   17    Vxx=    0.1741    axis=(  0.939065 -0.342684  0.026921)
     C   17    Vyy=    0.5321    axis=( -0.050650 -0.215410 -0.975209)
     C   17    Vzz=   -0.7062    axis=(  0.339988  0.914421 -0.219641)
     C   17  Q=         1.0000 1e-30 m^2  Cq=        -1.6592 MHz  eta= 0.50704

     Cl  18    Vxx=   -0.1314    axis=(  0.834044 -0.472159  0.285371)
     Cl  18    Vyy=   -2.4938    axis=(  0.551575  0.724541 -0.413286)
     Cl  18    Vzz=    2.6251    axis=( -0.011626  0.502102  0.864730)
     Cl  18  Q=        -8.1650 1e-30 m^2  Cq=       -50.3620 MHz  eta= 0.89991

     H   19    Vxx=    0.0157    axis=( -0.043823  0.627170  0.777648)
     H   19    Vyy=    0.3831    axis=( -0.091291  0.772626 -0.628264)
     H   19    Vzz=   -0.3988    axis=( -0.994860 -0.098525  0.023396)
     H   19  Q=         1.0000 1e-30 m^2  Cq=        -0.9370 MHz  eta= 0.92112

     C   20    Vxx=    0.1894    axis=( -0.623517  0.720326  0.303902)
     C   20    Vyy=    0.7228    axis=( -0.338251 -0.599002  0.725798)
     C   20    Vzz=   -0.9122    axis=( -0.704849 -0.349752 -0.617139)
     C   20  Q=         1.0000 1e-30 m^2  Cq=        -2.1432 MHz  eta= 0.58477

     H   21    Vxx=   -0.1009    axis=(  0.336723  0.930918  0.141454)
     H   21    Vyy=   -0.6629    axis=( -0.482678  0.041662  0.874807)
     H   21    Vzz=    0.7639    axis=(  0.808480 -0.362844  0.463362)
     H   21  Q=         1.0000 1e-30 m^2  Cq=         1.7948 MHz  eta= 0.73579

     C   22    Vxx=   -0.0546    axis=(  0.520907 -0.017183  0.853441)
     C   22    Vyy=   -0.4089    axis=(  0.247846 -0.953682 -0.170477)
     C   22    Vzz=    0.4635    axis=(  0.816840  0.300325 -0.492521)
     C   22  Q=         1.0000 1e-30 m^2  Cq=         1.0891 MHz  eta= 0.76449

     C   23    Vxx=    0.0692    axis=(  0.438943 -0.735445 -0.516188)
     C   23    Vyy=    0.7982    axis=( -0.141425 -0.623879  0.768618)
     C   23    Vzz=   -0.8674    axis=( -0.887315 -0.264377 -0.377857)
     C   23  Q=         1.0000 1e-30 m^2  Cq=        -2.0381 MHz  eta= 0.84039

     Cl  24    Vxx=    0.4236    axis=(  0.610740  0.526094  0.591795)
     Cl  24    Vyy=    1.8605    axis=( -0.504248 -0.317836  0.802941)
     Cl  24    Vzz=   -2.2841    axis=( -0.610516  0.788800 -0.071167)
     Cl  24  Q=        -8.1650 1e-30 m^2  Cq=        43.8189 MHz  eta= 0.62912

     Initialization:
     gipaw_setup  :      9.45s CPU     11.33s WALL (       1 calls)

     Linear response

     Apply operators

     Induced current

     Other routines
     efg          :      9.57s CPU     12.26s WALL (       1 calls)

     General routines
     calbec       :      3.39s CPU      4.56s WALL (      16 calls)
     fft          :      1.70s CPU      2.67s WALL (      15 calls)
     ffts         :      0.10s CPU      0.23s WALL (       2 calls)
     fftw         :      3.38s CPU      4.18s WALL (     672 calls)
     davcio       :      0.02s CPU      0.35s WALL (      32 calls)

     Parallel routines
     fft_scatter  :      2.43s CPU      4.25s WALL (     689 calls)

     Plugins

     GIPAW        :     61.17s CPU     73.02s WALL (       1 calls)
