
     Program QE v.6.0 (svn rev. 13079) starts on  5Jan2017 at  9:47: 8 

     This program is part of the open-source Quantum ESPRESSO suite
     for quantum simulation of materials; please cite
         "P. Giannozzi et al., J. Phys.:Condens. Matter 21 395502 (2009);
          URL http://www.quantum-espresso.org", 
     in publications or presentations arising from this work. More details at
     http://www.quantum-espresso.org/quote

     Parallel version (MPI), running on     8 processors
     R & G space division:  proc/nbgrp/npool/nimage =       8

     ***** This is GIPAW svn revision unknown      *****

     Parallelizing q-star over 1 images

     Reading data from directory:
     /users/majewski/paradichlorobenzene/pbe/9_constraint/scratch/pbe.ecut100.np8.dt60.pcl2phi-129368.save
     Message from routine read_xml_file:
     file /users/majewski/paradichlorobenzene/pbe/9_constraint/scratch/pbe.ecut100.np8.dt60.pcl2phi-129368.save not guaranteed to be safe for post-processing

   Info: using nr1, nr2, nr3 values from input

   Info: using nr1, nr2, nr3 values from input

     IMPORTANT: XC functional enforced from input :
     Exchange-correlation      =  SLA  PW   PBX  PBC ( 1  4  3  4 0 0)
     Any further DFT definition will be discarded
     Please, verify this is what you really want

               file C.pbe-n-kjpaw_psl.1.0.0.UPF: wavefunction(s)  2S 2P renormalized
               file Cl.pbe-n-kjpaw_psl.1.0.0.UPF: wavefunction(s)  3S 3P renormalized
               file H.pbe-kjpaw_psl.1.0.0.UPF: wavefunction(s)  1S renormalized

     Parallelization info
     --------------------
     sticks:   dense  smooth     PW     G-vecs:    dense   smooth      PW
     Min        3057    1223    332               144436    36536    5170
     Max        3059    1225    333               144437    36537    5171
     Sum       24467    9791   2657              1155489   292295   41363


     Subspace diagonalization in iterative solution of the eigenvalue problem:
     a serial algorithm will be used

     GIPAW projectors -----------------------------------------------
     atom=  C    l=0  rc=    1.2000  rs=    0.8000
     atom=  C    l=0  rc=    1.2000  rs=    0.8000
     atom=  C    l=1  rc=    1.4000  rs=    0.9333
     atom=  C    l=1  rc=    1.4000  rs=    0.9333
     projs nearly linearly dependent: l=1  n1,n2= 1, 2  s=  0.99951561

     atom=  Cl   l=0  rc=    1.6000  rs=    1.0667
     atom=  Cl   l=0  rc=    1.6000  rs=    1.0667
     atom=  Cl   l=1  rc=    1.6000  rs=    1.0667
     atom=  Cl   l=1  rc=    1.6000  rs=    1.0667
     atom=  Cl   l=2  rc=    1.6000  rs=    1.0667
     atom=  Cl   l=2  rc=    1.6000  rs=    1.0667
     projs nearly linearly dependent: l=2  n1,n2= 1, 2  s=  0.99993509

     atom=  H    l=0  rc=    1.0000  rs=    0.6667
     atom=  H    l=0  rc=    1.0000  rs=    0.6667
     projs nearly linearly dependent: l=0  n1,n2= 1, 2  s=  0.99968852
     -----------------------------------------------------------------

     GIPAW integrals: -------------------------------------------
     Atom  i/j   nmr_para   nmr_dia   epr_rmc  epr_para   epr_dia
       C   1 1   0.83E+03  0.17E-01  0.93E+01  0.24E+08  0.24E+03
       C   2 1   0.86E+03 -0.61E-01  0.94E+01  0.25E+08  0.25E+03
       C   2 2   0.90E+03 -0.15E+00  0.97E+01  0.26E+08  0.26E+03
       C   3 3   0.33E+01  0.34E+00  0.18E+01  0.55E+03  0.21E+02
       C   4 3   0.35E+01  0.37E+00  0.20E+01  0.59E+03  0.22E+02
       C   4 4   0.38E+01  0.39E+00  0.22E+01  0.63E+03  0.24E+02
       Cl  1 1   0.14E+04 -0.47E+00  0.84E+01  0.32E+09  0.42E+03
       Cl  2 1   0.21E+04 -0.37E+00  0.12E+02  0.49E+09  0.65E+03
       Cl  2 2   0.33E+04 -0.16E+00  0.21E+02  0.76E+09  0.10E+04
       Cl  3 3   0.21E+02  0.79E-01  0.89E+01  0.23E+05  0.13E+03
       Cl  4 3   0.24E+02  0.67E-01  0.99E+01  0.27E+05  0.15E+03
       Cl  4 4   0.28E+02  0.44E-01  0.11E+02  0.32E+05  0.18E+03
       Cl  5 5   0.77E+00  0.19E+00  0.18E+01  0.12E+03  0.22E+02
       Cl  6 5   0.80E+00  0.19E+00  0.19E+01  0.12E+03  0.23E+02
       Cl  6 6   0.83E+00  0.20E+00  0.19E+01  0.12E+03  0.23E+02
       H   1 1   0.39E+02  0.19E+00  0.29E+00  0.78E+05  0.13E+02
       H   2 1   0.41E+02  0.21E+00  0.32E+00  0.82E+05  0.14E+02
       H   2 2   0.43E+02  0.22E+00  0.36E+00  0.86E+05  0.15E+02
     ------------------------------------------------------------

     alpha_pv=     34.2616 eV

     Number of occupied bands for each k-point:
     k-point:     1    nbnd_occ=  42
     k-point:     2    nbnd_occ=  42
     k-point:     3    nbnd_occ=  42
     k-point:     4    nbnd_occ=  42
     k-point:     5    nbnd_occ=  42
     k-point:     6    nbnd_occ=  42
     k-point:     7    nbnd_occ=  42
     k-point:     8    nbnd_occ=  42
     k-point:     9    nbnd_occ=  42
     k-point:    10    nbnd_occ=  42
     k-point:    11    nbnd_occ=  42
     k-point:    12    nbnd_occ=  42
     k-point:    13    nbnd_occ=  42
     k-point:    14    nbnd_occ=  42
     k-point:    15    nbnd_occ=  42
     k-point:    16    nbnd_occ=  42


     q-space interpolation up to   110.00 Rydberg

     GIPAW job: efg                                                                             


     ELECTRIC FIELD GRADIENTS TENSORS IN Hartree/bohrradius^2:

     ----- bare term -----
     Cl   1        0.145742        0.078900       -0.082578
     Cl   1        0.078900       -0.220592        0.101372
     Cl   1       -0.082578        0.101372        0.074850

     C    2       -0.424367        0.445339       -0.094593
     C    2        0.445339       -0.009987       -0.309119
     C    2       -0.094593       -0.309119        0.434354

     C    3        0.139922       -0.071516       -0.247284
     C    3       -0.071516       -0.107688       -0.441163
     C    3       -0.247284       -0.441163       -0.032234

     H    4        0.112228        0.012243       -0.436745
     H    4        0.012243        0.261430        0.220035
     H    4       -0.436745        0.220035       -0.373658

     C    5       -0.516904        0.318768       -0.051227
     C    5        0.318768        0.166019       -0.298392
     C    5       -0.051227       -0.298392        0.350885

     H    6        0.225429        0.089973       -0.431394
     H    6        0.089973       -0.043527       -0.306388
     H    6       -0.431394       -0.306388       -0.181902

     H    7        0.207343        0.103986       -0.429354
     H    7        0.103986        0.036627        0.397324
     H    7       -0.429354        0.397324       -0.243971

     C    8        0.110306       -0.572371        0.129876
     C    8       -0.572371       -0.535018        0.398373
     C    8        0.129876        0.398373        0.424712

     H    9       -0.753743        0.090828       -0.202220
     H    9        0.090828        0.414496        0.150934
     H    9       -0.202220        0.150934        0.339246

     C   10        0.013714       -0.051463       -0.429893
     C   10       -0.051463       -0.216738        0.501550
     C   10       -0.429893        0.501550        0.203024

     C   11       -0.227692       -0.031887       -0.217189
     C   11       -0.031887       -0.019489        0.518497
     C   11       -0.217189        0.518497        0.247181

     Cl  12       -0.089002       -0.109899       -0.038438
     Cl  12       -0.109899        0.009110        0.058387
     Cl  12       -0.038438        0.058387        0.079892

     H   13        0.116495        0.107549        0.384548
     H   13        0.107549        0.037890       -0.453668
     H   13        0.384548       -0.453668       -0.154386

     C   14        0.005946       -0.227479       -0.565458
     C   14       -0.227479       -0.100533       -0.458524
     C   14       -0.565458       -0.458524        0.094586

     H   15        0.084055       -0.042439       -0.152082
     H   15       -0.042439        0.486112       -0.187205
     H   15       -0.152082       -0.187205       -0.570167

     C   16       -0.044626        0.460295       -0.216421
     C   16        0.460295       -0.237969       -0.092236
     C   16       -0.216421       -0.092236        0.282595

     C   17        0.138930       -0.390364       -0.576350
     C   17       -0.390364       -0.200688       -0.614281
     C   17       -0.576350       -0.614281        0.061758

     Cl  18       -0.199004        0.397196       -0.084766
     Cl  18        0.397196       -0.089576        0.025282
     Cl  18       -0.084766        0.025282        0.288581

     H   19        0.548452        0.016730        0.033659
     H   19        0.016730       -0.099193        0.244916
     H   19        0.033659        0.244916       -0.449259

     C   20       -0.672428       -0.351195       -0.241321
     C   20       -0.351195        0.379157        0.271719
     C   20       -0.241321        0.271719        0.293271

     H   21       -0.384628       -0.079161       -0.419086
     H   21       -0.079161        0.060796        0.323568
     H   21       -0.419086        0.323568        0.323832

     C   22        0.116476       -0.424057       -0.009366
     C   22       -0.424057       -0.197575        0.574789
     C   22       -0.009366        0.574789        0.081099

     C   23       -0.451481       -0.300310       -0.424912
     C   23       -0.300310        0.259920        0.108710
     C   23       -0.424912        0.108710        0.191561

     Cl  24       -0.057245        0.045020       -0.173557
     Cl  24        0.045020       -0.001954        0.171122
     Cl  24       -0.173557        0.171122        0.059200

     ----- ionic term -----
     Cl   1        0.091507       -0.237304        0.008492
     Cl   1       -0.237304        0.051003       -0.004342
     Cl   1        0.008492       -0.004342       -0.142511

     C    2       -0.037370       -0.307174        0.309983
     C    2       -0.307174        0.163673        0.386024
     C    2        0.309983        0.386024       -0.126302

     C    3       -0.055737       -0.259511        0.253890
     C    3       -0.259511        0.231401        0.400325
     C    3        0.253890        0.400325       -0.175664

     H    4        0.253637        0.241882        0.762714
     H    4        0.241882       -0.410037        0.292534
     H    4        0.762714        0.292534        0.156400

     C    5        0.155186       -0.201533        0.403144
     C    5       -0.201533        0.004718        0.254729
     C    5        0.403144        0.254729       -0.159903

     H    6       -0.503476        0.187773        0.159509
     H    6        0.187773        0.442502        0.761412
     H    6        0.159509        0.761412        0.060974

     H    7       -0.521508       -0.066706        0.085661
     H    7       -0.066706        0.354055       -0.807350
     H    7        0.085661       -0.807350        0.167453

     C    8        0.256623        0.303686        0.182925
     C    8        0.303686       -0.032300       -0.346482
     C    8        0.182925       -0.346482       -0.224323

     H    9        0.708370       -0.213600        0.622910
     H    9       -0.213600       -0.527824       -0.201902
     H    9        0.622910       -0.201902       -0.180546

     C   10        0.160722        0.280820        0.127479
     C   10        0.280820        0.023460       -0.469780
     C   10        0.127479       -0.469780       -0.184182

     C   11        0.329677        0.148441        0.263901
     C   11        0.148441       -0.106305       -0.420319
     C   11        0.263901       -0.420319       -0.223372

     Cl  12        0.119684        0.195412       -0.015880
     Cl  12        0.195412        0.021030       -0.016858
     Cl  12       -0.015880       -0.016858       -0.140713

     H   13       -0.529805       -0.046294       -0.000531
     H   13       -0.046294        0.380961        0.773716
     H   13       -0.000531        0.773716        0.148844

     C   14        0.109966       -0.332032        0.361417
     C   14       -0.332032       -0.017137        0.220409
     C   14        0.361417        0.220409       -0.092829

     H   15        0.268663        0.211970        0.784004
     H   15        0.211970       -0.456228        0.279379
     H   15        0.784004        0.279379        0.187565

     C   16        0.002617       -0.307345        0.261332
     C   16       -0.307345        0.099380        0.367575
     C   16        0.261332        0.367575       -0.101997

     C   17        0.122846       -0.292259        0.369536
     C   17       -0.292259        0.001815        0.354549
     C   17        0.369536        0.354549       -0.124660

     Cl  18        0.135648       -0.226847        0.056257
     Cl  18       -0.226847        0.018590       -0.023829
     Cl  18        0.056257       -0.023829       -0.154237

     H   19       -0.535509       -0.082352        0.058506
     H   19       -0.082352        0.521393       -0.818872
     H   19        0.058506       -0.818872        0.014116

     C   20        0.369691        0.239150        0.187618
     C   20        0.239150       -0.008022       -0.363226
     C   20        0.187618       -0.363226       -0.361668

     H   21        0.824356       -0.331006        0.522506
     H   21       -0.331006       -0.438580       -0.202169
     H   21        0.522506       -0.202169       -0.385776

     C   22        0.191933        0.265385        0.099667
     C   22        0.265385        0.138092       -0.451714
     C   22        0.099667       -0.451714       -0.330025

     C   23        0.153077        0.249527        0.203481
     C   23        0.249527        0.075012       -0.430379
     C   23        0.203481       -0.430379       -0.228088

     Cl  24        0.090711        0.219315       -0.033597
     Cl  24        0.219315        0.038081       -0.039086
     Cl  24       -0.033597       -0.039086       -0.128792

     ----- GIPAW term -----
     Cl   1       -0.153395       -0.793763       -0.363896
     Cl   1       -0.793763        1.662155       -1.223079
     Cl   1       -0.363896       -1.223079       -1.508760

     C    2       -0.086471       -0.078403        0.049779
     C    2       -0.078403        0.096379       -0.147918
     C    2        0.049779       -0.147918       -0.009909

     C    3       -0.041701       -0.067264       -0.006615
     C    3       -0.067264        0.077873       -0.102105
     C    3       -0.006615       -0.102105       -0.036172

     H    4       -0.000000        0.000000        0.000000
     H    4        0.000000        0.000000        0.000000
     H    4        0.000000        0.000000        0.000000

     C    5       -0.068712       -0.143621        0.082957
     C    5       -0.143621        0.144015       -0.106230
     C    5        0.082957       -0.106230       -0.075302

     H    6       -0.000000        0.000000        0.000000
     H    6        0.000000        0.000000        0.000000
     H    6        0.000000        0.000000        0.000000

     H    7       -0.000000        0.000000        0.000000
     H    7        0.000000        0.000000        0.000000
     H    7        0.000000        0.000000        0.000000

     C    8        0.217447       -0.126246        0.180870
     C    8       -0.126246       -0.211172        0.037103
     C    8        0.180870        0.037103       -0.006275

     H    9       -0.000000        0.000000        0.000000
     H    9        0.000000        0.000000        0.000000
     H    9        0.000000        0.000000        0.000000

     C   10        0.166120       -0.000497       -0.155893
     C   10       -0.000497       -0.098713        0.081451
     C   10       -0.155893        0.081451       -0.067406

     C   11       -0.072752        0.011938       -0.093165
     C   11        0.011938       -0.014018        0.189418
     C   11       -0.093165        0.189418        0.086770

     Cl  12       -0.248817        0.354553       -1.369139
     Cl  12        0.354553       -0.125435        1.992333
     Cl  12       -1.369139        1.992333        0.374252

     H   13       -0.000000        0.000000        0.000000
     H   13        0.000000        0.000000        0.000000
     H   13        0.000000        0.000000        0.000000

     C   14        0.228549       -0.140427       -0.173899
     C   14       -0.140427       -0.134051       -0.049660
     C   14       -0.173899       -0.049660       -0.094498

     H   15       -0.000000        0.000000        0.000000
     H   15        0.000000        0.000000        0.000000
     H   15        0.000000        0.000000        0.000000

     C   16        0.093889        0.021974       -0.156139
     C   16        0.021974       -0.117751        0.029158
     C   16       -0.156139        0.029158        0.023862

     C   17        0.225683       -0.244540       -0.149421
     C   17       -0.244540       -0.083909       -0.044484
     C   17       -0.149421       -0.044484       -0.141773

     Cl  18        1.086527       -0.609325       -2.296296
     Cl  18       -0.609325       -1.459327        0.422252
     Cl  18       -2.296296        0.422252        0.372801

     H   19       -0.000000        0.000000        0.000000
     H   19        0.000000        0.000000        0.000000
     H   19        0.000000        0.000000        0.000000

     C   20       -0.196959       -0.060522       -0.027101
     C   20       -0.060522        0.224082        0.149638
     C   20       -0.027101        0.149638       -0.027123

     H   21       -0.000000        0.000000        0.000000
     H   21        0.000000        0.000000        0.000000
     H   21        0.000000        0.000000        0.000000

     C   22       -0.049739       -0.170788        0.029433
     C   22       -0.170788        0.188990        0.025387
     C   22        0.029433        0.025387       -0.139251

     C   23        0.020950       -0.155176        0.039185
     C   23       -0.155176        0.115207       -0.107035
     C   23        0.039185       -0.107035       -0.136157

     Cl  24        0.162788       -0.180631        0.922232
     Cl  24       -0.180631        0.182112       -1.208539
     Cl  24        0.922232       -1.208539       -0.344900

     ----- total EFG -----
     Cl   1        0.083855       -0.952167       -0.437983
     Cl   1       -0.952167        1.492566       -1.126049
     Cl   1       -0.437983       -1.126049       -1.576421

     C    2       -0.548208        0.059762        0.265168
     C    2        0.059762        0.250065       -0.071013
     C    2        0.265168       -0.071013        0.298143

     C    3        0.042484       -0.398292       -0.000009
     C    3       -0.398292        0.201586       -0.142943
     C    3       -0.000009       -0.142943       -0.244070

     H    4        0.365865        0.254126        0.325969
     H    4        0.254126       -0.148607        0.512569
     H    4        0.325969        0.512569       -0.217258

     C    5       -0.430430       -0.026386        0.434873
     C    5       -0.026386        0.314751       -0.149892
     C    5        0.434873       -0.149892        0.115679

     H    6       -0.278046        0.277746       -0.271885
     H    6        0.277746        0.398975        0.455024
     H    6       -0.271885        0.455024       -0.120928

     H    7       -0.314165        0.037280       -0.343693
     H    7        0.037280        0.390682       -0.410026
     H    7       -0.343693       -0.410026       -0.076518

     C    8        0.584376       -0.394930        0.493670
     C    8       -0.394930       -0.778491        0.088994
     C    8        0.493670        0.088994        0.194115

     H    9       -0.045373       -0.122772        0.420690
     H    9       -0.122772       -0.113328       -0.050968
     H    9        0.420690       -0.050968        0.158701

     C   10        0.340555        0.228860       -0.458308
     C   10        0.228860       -0.291991        0.113222
     C   10       -0.458308        0.113222       -0.048564

     C   11        0.029233        0.128492       -0.046454
     C   11        0.128492       -0.139811        0.287597
     C   11       -0.046454        0.287597        0.110579

     Cl  12       -0.218135        0.440066       -1.423456
     Cl  12        0.440066       -0.095296        2.033863
     Cl  12       -1.423456        2.033863        0.313431

     H   13       -0.413309        0.061255        0.384016
     H   13        0.061255        0.418851        0.320047
     H   13        0.384016        0.320047       -0.005542

     C   14        0.344461       -0.699937       -0.377941
     C   14       -0.699937       -0.251721       -0.287775
     C   14       -0.377941       -0.287775       -0.092740

     H   15        0.352718        0.169530        0.631922
     H   15        0.169530        0.029885        0.092174
     H   15        0.631922        0.092174       -0.382602

     C   16        0.051880        0.174924       -0.111227
     C   16        0.174924       -0.256340        0.304496
     C   16       -0.111227        0.304496        0.204460

     C   17        0.487458       -0.927164       -0.356235
     C   17       -0.927164       -0.282782       -0.304216
     C   17       -0.356235       -0.304216       -0.204675

     Cl  18        1.023170       -0.438977       -2.324805
     Cl  18       -0.438977       -1.530314        0.423705
     Cl  18       -2.324805        0.423705        0.507144

     H   19        0.012943       -0.065622        0.092165
     H   19       -0.065622        0.422200       -0.573956
     H   19        0.092165       -0.573956       -0.435143

     C   20       -0.499696       -0.172567       -0.080803
     C   20       -0.172567        0.595217        0.058131
     C   20       -0.080803        0.058131       -0.095520

     H   21        0.439729       -0.410167        0.103420
     H   21       -0.410167       -0.377784        0.121398
     H   21        0.103420        0.121398       -0.061945

     C   22        0.258670       -0.329460        0.119735
     C   22       -0.329460        0.129507        0.148462
     C   22        0.119735        0.148462       -0.388177

     C   23       -0.277454       -0.205960       -0.182245
     C   23       -0.205960        0.450138       -0.428704
     C   23       -0.182245       -0.428704       -0.172684

     Cl  24        0.196254        0.083704        0.715078
     Cl  24        0.083704        0.218238       -1.076503
     Cl  24        0.715078       -1.076503       -0.414492

     ----- total EFG (symmetrized) -----
     Cl   1        0.083855       -0.952167       -0.437983
     Cl   1       -0.952167        1.492566       -1.126049
     Cl   1       -0.437983       -1.126049       -1.576421

     C    2       -0.548208        0.059762        0.265168
     C    2        0.059762        0.250065       -0.071013
     C    2        0.265168       -0.071013        0.298143

     C    3        0.042484       -0.398292       -0.000009
     C    3       -0.398292        0.201586       -0.142943
     C    3       -0.000009       -0.142943       -0.244070

     H    4        0.365865        0.254126        0.325969
     H    4        0.254126       -0.148607        0.512569
     H    4        0.325969        0.512569       -0.217258

     C    5       -0.430430       -0.026386        0.434873
     C    5       -0.026386        0.314751       -0.149892
     C    5        0.434873       -0.149892        0.115679

     H    6       -0.278046        0.277746       -0.271885
     H    6        0.277746        0.398975        0.455024
     H    6       -0.271885        0.455024       -0.120928

     H    7       -0.314165        0.037280       -0.343693
     H    7        0.037280        0.390682       -0.410026
     H    7       -0.343693       -0.410026       -0.076518

     C    8        0.584376       -0.394930        0.493670
     C    8       -0.394930       -0.778491        0.088994
     C    8        0.493670        0.088994        0.194115

     H    9       -0.045373       -0.122772        0.420690
     H    9       -0.122772       -0.113328       -0.050968
     H    9        0.420690       -0.050968        0.158701

     C   10        0.340555        0.228860       -0.458308
     C   10        0.228860       -0.291991        0.113222
     C   10       -0.458308        0.113222       -0.048564

     C   11        0.029233        0.128492       -0.046454
     C   11        0.128492       -0.139811        0.287597
     C   11       -0.046454        0.287597        0.110579

     Cl  12       -0.218135        0.440066       -1.423456
     Cl  12        0.440066       -0.095296        2.033863
     Cl  12       -1.423456        2.033863        0.313431

     H   13       -0.413309        0.061255        0.384016
     H   13        0.061255        0.418851        0.320047
     H   13        0.384016        0.320047       -0.005542

     C   14        0.344461       -0.699937       -0.377941
     C   14       -0.699937       -0.251721       -0.287775
     C   14       -0.377941       -0.287775       -0.092740

     H   15        0.352718        0.169530        0.631922
     H   15        0.169530        0.029885        0.092174
     H   15        0.631922        0.092174       -0.382602

     C   16        0.051880        0.174924       -0.111227
     C   16        0.174924       -0.256340        0.304496
     C   16       -0.111227        0.304496        0.204460

     C   17        0.487458       -0.927164       -0.356235
     C   17       -0.927164       -0.282782       -0.304216
     C   17       -0.356235       -0.304216       -0.204675

     Cl  18        1.023170       -0.438977       -2.324805
     Cl  18       -0.438977       -1.530314        0.423705
     Cl  18       -2.324805        0.423705        0.507144

     H   19        0.012943       -0.065622        0.092165
     H   19       -0.065622        0.422200       -0.573956
     H   19        0.092165       -0.573956       -0.435143

     C   20       -0.499696       -0.172567       -0.080803
     C   20       -0.172567        0.595217        0.058131
     C   20       -0.080803        0.058131       -0.095520

     H   21        0.439729       -0.410167        0.103420
     H   21       -0.410167       -0.377784        0.121398
     H   21        0.103420        0.121398       -0.061945

     C   22        0.258670       -0.329460        0.119735
     C   22       -0.329460        0.129507        0.148462
     C   22        0.119735        0.148462       -0.388177

     C   23       -0.277454       -0.205960       -0.182245
     C   23       -0.205960        0.450138       -0.428704
     C   23       -0.182245       -0.428704       -0.172684

     Cl  24        0.196254        0.083704        0.715078
     Cl  24        0.083704        0.218238       -1.076503
     Cl  24        0.715078       -1.076503       -0.414492


     NQR/NMR SPECTROSCOPIC PARAMETERS:
     Cl   1    Vxx=    0.0211    axis=(  0.875129  0.248598 -0.415147)
     Cl   1    Vyy=    2.1634    axis=(  0.364973 -0.902422  0.228975)
     Cl   1    Vzz=   -2.1845    axis=(  0.317715  0.351900  0.880468)
     Cl   1  Q=        -8.1650 1e-30 m^2  Cq=        41.9089 MHz  eta= 0.98064

     C    2    Vxx=    0.2374    axis=(  0.177393  0.932209  0.315465)
     C    2    Vyy=    0.3938    axis=(  0.232993 -0.351217  0.906841)
     C    2    Vzz=   -0.6312    axis=(  0.956162 -0.087366 -0.279502)
     C    2  Q=         1.0000 1e-30 m^2  Cq=        -1.4830 MHz  eta= 0.24774

     C    3    Vxx=   -0.1813    axis=( -0.581594 -0.326854  0.744926)
     C    3    Vyy=   -0.3626    axis=(  0.531535  0.540520  0.652157)
     C    3    Vzz=    0.5439    axis=(  0.615807 -0.775245  0.140629)
     C    3  Q=         1.0000 1e-30 m^2  Cq=         1.2779 MHz  eta= 0.33317

     H    4    Vxx=   -0.0572    axis=(  0.687233 -0.575472 -0.443331)
     H    4    Vyy=   -0.7012    axis=(  0.070998  0.660568 -0.747402)
     H    4    Vzz=    0.7585    axis=(  0.722959  0.482164  0.494822)
     H    4  Q=         1.0000 1e-30 m^2  Cq=         1.7821 MHz  eta= 0.84913

     C    5    Vxx=    0.1916    axis=(  0.356056  0.751850  0.554929)
     C    5    Vyy=    0.4818    axis=( -0.339697  0.657359 -0.672670)
     C    5    Vzz=   -0.6734    axis=(  0.870534 -0.051000 -0.489458)
     C    5  Q=         1.0000 1e-30 m^2  Cq=        -1.5822 MHz  eta= 0.43088

     H    6    Vxx=    0.0371    axis=(  0.742313  0.224227 -0.631421)
     H    6    Vyy=    0.6762    axis=( -0.125089 -0.879404 -0.459348)
     H    6    Vzz=   -0.7133    axis=( -0.658273  0.419964 -0.624745)
     H    6  Q=         1.0000 1e-30 m^2  Cq=        -1.6759 MHz  eta= 0.89592

     H    7    Vxx=   -0.0647    axis=( -0.655582  0.534188  0.533719)
     H    7    Vyy=   -0.6103    axis=( -0.722650 -0.238781 -0.648661)
     H    7    Vzz=    0.6751    axis=( -0.219065 -0.810942  0.542571)
     H    7  Q=         1.0000 1e-30 m^2  Cq=         1.5862 MHz  eta= 0.80821

     C    8    Vxx=   -0.0354    axis=( -0.446181  0.336444  0.829294)
     C    8    Vyy=   -0.9306    axis=(  0.310002  0.927378 -0.209448)
     C    8    Vzz=    0.9660    axis=( -0.839536  0.163631 -0.518076)
     C    8  Q=         1.0000 1e-30 m^2  Cq=         2.2697 MHz  eta= 0.92674

     H    9    Vxx=   -0.1190    axis=( -0.077060  0.953394  0.291721)
     H    9    Vyy=   -0.3922    axis=( -0.782261 -0.239224  0.575186)
     H    9    Vzz=    0.5112    axis=(  0.618166 -0.183878  0.764238)
     H    9  Q=         1.0000 1e-30 m^2  Cq=         1.2012 MHz  eta= 0.53447

     C   10    Vxx=   -0.1113    axis=(  0.266594  0.731162  0.627956)
     C   10    Vyy=   -0.5508    axis=(  0.468802 -0.667641  0.578343)
     C   10    Vzz=    0.6621    axis=( -0.842112 -0.140204  0.520760)
     C   10  Q=         1.0000 1e-30 m^2  Cq=         1.5556 MHz  eta= 0.66377

     C   11    Vxx=    0.0693    axis=(  0.940444  0.192123 -0.280454)
     C   11    Vyy=    0.3031    axis=(  0.127322  0.565878  0.814599)
     C   11    Vzz=   -0.3724    axis=(  0.315206 -0.801792  0.507715)
     C   11  Q=         1.0000 1e-30 m^2  Cq=        -0.8751 MHz  eta= 0.62767

     Cl  12    Vxx=    0.2363    axis=(  0.814983  0.573533 -0.082844)
     Cl  12    Vyy=    2.4101    axis=(  0.318707 -0.563020 -0.762518)
     Cl  12    Vzz=   -2.6464    axis=( -0.483972  0.595036 -0.641641)
     Cl  12  Q=        -8.1650 1e-30 m^2  Cq=        50.7695 MHz  eta= 0.82145

     H   13    Vxx=    0.0080    axis=( -0.503096  0.576497 -0.643852)
     H   13    Vyy=    0.6493    axis=(  0.240493  0.808962  0.536418)
     H   13    Vzz=   -0.6572    axis=( -0.830095 -0.115028  0.545629)
     H   13  Q=         1.0000 1e-30 m^2  Cq=        -1.5442 MHz  eta= 0.97579

     C   14    Vxx=    0.1145    axis=( -0.094677 -0.496894  0.862631)
     C   14    Vyy=    0.8378    axis=(  0.847984 -0.494182 -0.191591)
     C   14    Vzz=   -0.9523    axis=(  0.521497  0.713358  0.468146)
     C   14  Q=         1.0000 1e-30 m^2  Cq=        -2.2374 MHz  eta= 0.75951

     H   15    Vxx=   -0.0206    axis=(  0.216504 -0.967369  0.131620)
     H   15    Vyy=   -0.7461    axis=( -0.499247  0.006153  0.866438)
     H   15    Vzz=    0.7667    axis=( -0.838975 -0.253298 -0.481624)
     H   15  Q=         1.0000 1e-30 m^2  Cq=         1.8014 MHz  eta= 0.94626

     C   16    Vxx=    0.1290    axis=(  0.929821  0.359337 -0.079434)
     C   16    Vyy=    0.3578    axis=( -0.086296  0.422724  0.902141)
     C   16    Vzz=   -0.4868    axis=(  0.357751 -0.831974  0.424067)
     C   16  Q=         1.0000 1e-30 m^2  Cq=        -1.1437 MHz  eta= 0.47004

     C   17    Vxx=    0.0048    axis=( -0.160219 -0.425600  0.890614)
     C   17    Vyy=    1.1196    axis=( -0.839871  0.532821  0.103530)
     C   17    Vzz=   -1.1244    axis=( -0.518600 -0.731414 -0.442818)
     C   17  Q=         1.0000 1e-30 m^2  Cq=        -2.6418 MHz  eta= 0.99149

     Cl  18    Vxx=   -1.5628    axis=( -0.641414 -0.436244 -0.631094)
     Cl  18    Vyy=   -1.6203    axis=(  0.207800 -0.890637  0.404456)
     Cl  18    Vzz=    3.1831    axis=( -0.738517  0.128283  0.661918)
     Cl  18  Q=        -8.1650 1e-30 m^2  Cq=       -61.0661 MHz  eta= 0.01807

     H   19    Vxx=    0.0027    axis=(  0.987578  0.157115  0.001926)
     H   19    Vyy=    0.7240    axis=( -0.139591  0.882923 -0.448287)
     H   19    Vzz=   -0.7267    axis=( -0.072133  0.442450  0.893888)
     H   19  Q=         1.0000 1e-30 m^2  Cq=        -1.7074 MHz  eta= 0.99262

     C   20    Vxx=   -0.0908    axis=(  0.143728  0.119405 -0.982387)
     C   20    Vyy=   -0.5378    axis=(  0.977046  0.140605  0.160036)
     C   20    Vzz=    0.6285    axis=(  0.157237 -0.982839 -0.096456)
     C   20  Q=         1.0000 1e-30 m^2  Cq=         1.4768 MHz  eta= 0.71119

     H   21    Vxx=   -0.0220    axis=(  0.037442  0.283739  0.958170)
     H   21    Vyy=   -0.5917    axis=(  0.378918  0.883206 -0.276348)
     H   21    Vzz=    0.6137    axis=( -0.924673  0.373415 -0.074445)
     H   21  Q=         1.0000 1e-30 m^2  Cq=         1.4419 MHz  eta= 0.92845

     C   22    Vxx=   -0.0378    axis=(  0.559362  0.677148  0.478106)
     C   22    Vyy=   -0.4920    axis=( -0.302567 -0.370193  0.878300)
     C   22    Vzz=    0.5298    axis=( -0.771730  0.635947  0.002190)
     C   22  Q=         1.0000 1e-30 m^2  Cq=         1.2449 MHz  eta= 0.85722

     C   23    Vxx=   -0.0803    axis=( -0.767885  0.194990  0.610190)
     C   23    Vyy=   -0.5996    axis=( -0.630777 -0.396231 -0.667174)
     C   23    Vzz=    0.6799    axis=(  0.111683 -0.897207  0.427255)
     C   23  Q=         1.0000 1e-30 m^2  Cq=         1.5976 MHz  eta= 0.76369

     Cl  24    Vxx=    0.2793    axis=(  0.842723  0.537206  0.035035)
     Cl  24    Vyy=    1.1823    axis=(  0.399267 -0.667336  0.628688)
     Cl  24    Vzz=   -1.4617    axis=(  0.361115 -0.515822 -0.776868)
     Cl  24  Q=        -8.1650 1e-30 m^2  Cq=        28.0412 MHz  eta= 0.61778

     Initialization:
     gipaw_setup  :      9.45s CPU     11.48s WALL (       1 calls)

     Linear response

     Apply operators

     Induced current

     Other routines
     efg          :     11.29s CPU     26.28s WALL (       1 calls)

     General routines
     calbec       :      3.31s CPU      4.48s WALL (      16 calls)
     fft          :      1.52s CPU      2.14s WALL (      15 calls)
     ffts         :      0.04s CPU      0.05s WALL (       2 calls)
     fftw         :      5.20s CPU      9.95s WALL (     672 calls)
     davcio       :      0.06s CPU      8.50s WALL (      32 calls)

     Parallel routines
     fft_scatter  :      4.11s CPU      9.33s WALL (     689 calls)

     Plugins

     GIPAW        :     63.37s CPU     88.60s WALL (       1 calls)
