
     Program QE v.6.0 (svn rev. 13079) starts on  5Jan2017 at  1:56: 7 

     This program is part of the open-source Quantum ESPRESSO suite
     for quantum simulation of materials; please cite
         "P. Giannozzi et al., J. Phys.:Condens. Matter 21 395502 (2009);
          URL http://www.quantum-espresso.org", 
     in publications or presentations arising from this work. More details at
     http://www.quantum-espresso.org/quote

     Parallel version (MPI), running on     8 processors
     R & G space division:  proc/nbgrp/npool/nimage =       8

     ***** This is GIPAW svn revision unknown      *****

     Parallelizing q-star over 1 images

     Reading data from directory:
     /users/majewski/paradichlorobenzene/pbe/9_constraint/scratch/pbe.ecut100.np8.dt60.pcl2phi-129368.save
     Message from routine read_xml_file:
     file /users/majewski/paradichlorobenzene/pbe/9_constraint/scratch/pbe.ecut100.np8.dt60.pcl2phi-129368.save not guaranteed to be safe for post-processing

   Info: using nr1, nr2, nr3 values from input

   Info: using nr1, nr2, nr3 values from input

     IMPORTANT: XC functional enforced from input :
     Exchange-correlation      =  SLA  PW   PBX  PBC ( 1  4  3  4 0 0)
     Any further DFT definition will be discarded
     Please, verify this is what you really want

               file C.pbe-n-kjpaw_psl.1.0.0.UPF: wavefunction(s)  2S 2P renormalized
               file Cl.pbe-n-kjpaw_psl.1.0.0.UPF: wavefunction(s)  3S 3P renormalized
               file H.pbe-kjpaw_psl.1.0.0.UPF: wavefunction(s)  1S renormalized

     Parallelization info
     --------------------
     sticks:   dense  smooth     PW     G-vecs:    dense   smooth      PW
     Min        3057    1223    332               144436    36536    5170
     Max        3059    1225    333               144437    36537    5171
     Sum       24467    9791   2657              1155489   292295   41363


     Subspace diagonalization in iterative solution of the eigenvalue problem:
     a serial algorithm will be used

     GIPAW projectors -----------------------------------------------
     atom=  C    l=0  rc=    1.2000  rs=    0.8000
     atom=  C    l=0  rc=    1.2000  rs=    0.8000
     atom=  C    l=1  rc=    1.4000  rs=    0.9333
     atom=  C    l=1  rc=    1.4000  rs=    0.9333
     projs nearly linearly dependent: l=1  n1,n2= 1, 2  s=  0.99951561

     atom=  Cl   l=0  rc=    1.6000  rs=    1.0667
     atom=  Cl   l=0  rc=    1.6000  rs=    1.0667
     atom=  Cl   l=1  rc=    1.6000  rs=    1.0667
     atom=  Cl   l=1  rc=    1.6000  rs=    1.0667
     atom=  Cl   l=2  rc=    1.6000  rs=    1.0667
     atom=  Cl   l=2  rc=    1.6000  rs=    1.0667
     projs nearly linearly dependent: l=2  n1,n2= 1, 2  s=  0.99993509

     atom=  H    l=0  rc=    1.0000  rs=    0.6667
     atom=  H    l=0  rc=    1.0000  rs=    0.6667
     projs nearly linearly dependent: l=0  n1,n2= 1, 2  s=  0.99968852
     -----------------------------------------------------------------

     GIPAW integrals: -------------------------------------------
     Atom  i/j   nmr_para   nmr_dia   epr_rmc  epr_para   epr_dia
       C   1 1   0.83E+03  0.17E-01  0.93E+01  0.24E+08  0.24E+03
       C   2 1   0.86E+03 -0.61E-01  0.94E+01  0.25E+08  0.25E+03
       C   2 2   0.90E+03 -0.15E+00  0.97E+01  0.26E+08  0.26E+03
       C   3 3   0.33E+01  0.34E+00  0.18E+01  0.55E+03  0.21E+02
       C   4 3   0.35E+01  0.37E+00  0.20E+01  0.59E+03  0.22E+02
       C   4 4   0.38E+01  0.39E+00  0.22E+01  0.63E+03  0.24E+02
       Cl  1 1   0.14E+04 -0.47E+00  0.84E+01  0.32E+09  0.42E+03
       Cl  2 1   0.21E+04 -0.37E+00  0.12E+02  0.49E+09  0.65E+03
       Cl  2 2   0.33E+04 -0.16E+00  0.21E+02  0.76E+09  0.10E+04
       Cl  3 3   0.21E+02  0.79E-01  0.89E+01  0.23E+05  0.13E+03
       Cl  4 3   0.24E+02  0.67E-01  0.99E+01  0.27E+05  0.15E+03
       Cl  4 4   0.28E+02  0.44E-01  0.11E+02  0.32E+05  0.18E+03
       Cl  5 5   0.77E+00  0.19E+00  0.18E+01  0.12E+03  0.22E+02
       Cl  6 5   0.80E+00  0.19E+00  0.19E+01  0.12E+03  0.23E+02
       Cl  6 6   0.83E+00  0.20E+00  0.19E+01  0.12E+03  0.23E+02
       H   1 1   0.39E+02  0.19E+00  0.29E+00  0.78E+05  0.13E+02
       H   2 1   0.41E+02  0.21E+00  0.32E+00  0.82E+05  0.14E+02
       H   2 2   0.43E+02  0.22E+00  0.36E+00  0.86E+05  0.15E+02
     ------------------------------------------------------------

     alpha_pv=     34.0961 eV

     Number of occupied bands for each k-point:
     k-point:     1    nbnd_occ=  42
     k-point:     2    nbnd_occ=  42
     k-point:     3    nbnd_occ=  42
     k-point:     4    nbnd_occ=  42
     k-point:     5    nbnd_occ=  42
     k-point:     6    nbnd_occ=  42
     k-point:     7    nbnd_occ=  42
     k-point:     8    nbnd_occ=  42
     k-point:     9    nbnd_occ=  42
     k-point:    10    nbnd_occ=  42
     k-point:    11    nbnd_occ=  42
     k-point:    12    nbnd_occ=  42
     k-point:    13    nbnd_occ=  42
     k-point:    14    nbnd_occ=  42
     k-point:    15    nbnd_occ=  42
     k-point:    16    nbnd_occ=  42


     q-space interpolation up to   110.00 Rydberg

     GIPAW job: efg                                                                             


     ELECTRIC FIELD GRADIENTS TENSORS IN Hartree/bohrradius^2:

     ----- bare term -----
     Cl   1        0.030425        0.058356       -0.052449
     Cl   1        0.058356       -0.001800       -0.009596
     Cl   1       -0.052449       -0.009596       -0.028625

     C    2       -0.625689        0.457599       -0.229564
     C    2        0.457599        0.212271       -0.194919
     C    2       -0.229564       -0.194919        0.413418

     C    3        0.294445        0.035023       -0.157041
     C    3        0.035023       -0.162361       -0.340688
     C    3       -0.157041       -0.340688       -0.132084

     H    4        0.102294        0.108089       -0.398466
     H    4        0.108089        0.048967        0.223033
     H    4       -0.398466        0.223033       -0.151261

     C    5       -0.714515        0.330818       -0.159242
     C    5        0.330818        0.333589       -0.131981
     C    5       -0.159242       -0.131981        0.380927

     H    6        0.532459       -0.020968        0.076378
     H    6       -0.020968       -0.094267       -0.223645
     H    6        0.076378       -0.223645       -0.438193

     H    7        0.119192        0.492975        0.023249
     H    7        0.492975       -0.494594        0.120115
     H    7        0.023249        0.120115        0.375401

     C    8        0.039915       -0.464024        0.043895
     C    8       -0.464024       -0.334941        0.365534
     C    8        0.043895        0.365534        0.295026

     H    9       -0.446735        0.539156       -0.005395
     H    9        0.539156        0.096829       -0.048170
     H    9       -0.005395       -0.048170        0.349906

     C   10       -0.156354       -0.185610       -0.333478
     C   10       -0.185610       -0.016781        0.304951
     C   10       -0.333478        0.304951        0.173135

     C   11       -0.092280       -0.301984       -0.163352
     C   11       -0.301984       -0.081819        0.537708
     C   11       -0.163352        0.537708        0.174100

     Cl  12        0.067100       -0.048437        0.088766
     Cl  12       -0.048437        0.131986       -0.084921
     Cl  12        0.088766       -0.084921       -0.199086

     H   13        0.370538        0.136509        0.167179
     H   13        0.136509       -0.293655       -0.623433
     H   13        0.167179       -0.623433       -0.076882

     C   14       -0.130608       -0.209066       -0.417144
     C   14       -0.209066       -0.051361       -0.409968
     C   14       -0.417144       -0.409968        0.181969

     H   15        0.047390       -0.084407       -0.213060
     H   15       -0.084407        0.515222       -0.208638
     H   15       -0.213060       -0.208638       -0.562612

     C   16       -0.238140        0.415537       -0.366006
     C   16        0.415537       -0.141259       -0.065781
     C   16       -0.366006       -0.065781        0.379398

     C   17        0.063354       -0.384003       -0.528065
     C   17       -0.384003       -0.240144       -0.554524
     C   17       -0.528065       -0.554524        0.176790

     Cl  18       -0.226325        0.377850        0.199571
     Cl  18        0.377850        0.104601        0.024896
     Cl  18        0.199571        0.024896        0.121724

     H   19        0.542152        0.019953        0.061692
     H   19        0.019953       -0.127053        0.247150
     H   19        0.061692        0.247150       -0.415099

     C   20       -0.609453       -0.302881       -0.266753
     C   20       -0.302881        0.354417        0.092603
     C   20       -0.266753        0.092603        0.255036

     H   21       -0.058392       -0.221193       -0.464619
     H   21       -0.221193       -0.167944       -0.016278
     H   21       -0.464619       -0.016278        0.226336

     C   22        0.164482       -0.271080       -0.032139
     C   22       -0.271080       -0.172324        0.571908
     C   22       -0.032139        0.571908        0.007843

     C   23       -0.540049       -0.387468       -0.431952
     C   23       -0.387468        0.307716        0.080134
     C   23       -0.431952        0.080134        0.232332

     Cl  24       -0.003366       -0.019437       -0.030036
     Cl  24       -0.019437       -0.030015        0.054106
     Cl  24       -0.030036        0.054106        0.033381

     ----- ionic term -----
     Cl   1        0.139502       -0.231733        0.006575
     Cl   1       -0.231733        0.005110        0.000494
     Cl   1        0.006575        0.000494       -0.144612

     C    2        0.105233       -0.295550        0.271655
     C    2       -0.295550        0.046244        0.399010
     C    2        0.271655        0.399010       -0.151476

     C    3        0.046557       -0.343742        0.242408
     C    3       -0.343742        0.113797        0.352089
     C    3        0.242408        0.352089       -0.160354

     H    4        0.432359        0.110192        0.763947
     H    4        0.110192       -0.487834        0.156704
     H    4        0.763947        0.156704        0.055475

     C    5        0.118817       -0.330493        0.360091
     C    5       -0.330493       -0.012639        0.245969
     C    5        0.360091        0.245969       -0.106178

     H    6       -0.541407       -0.092457       -0.044709
     H    6       -0.092457        0.435339        0.777620
     H    6       -0.044709        0.777620        0.106069

     H    7       -0.501023       -0.215290        0.091983
     H    7       -0.215290        0.802483       -0.605196
     H    7        0.091983       -0.605196       -0.301460

     C    8        0.272786        0.152730        0.165847
     C    8        0.152730        0.093750       -0.299505
     C    8        0.165847       -0.299505       -0.366536

     H    9        0.657065       -0.394169        0.564664
     H    9       -0.394169       -0.397966       -0.268244
     H    9        0.564664       -0.268244       -0.259098

     C   10        0.124247        0.164622        0.116547
     C   10        0.164622        0.174921       -0.439926
     C   10        0.116547       -0.439926       -0.299168

     C   11        0.189430        0.205371        0.174426
     C   11        0.205371        0.101163       -0.413194
     C   11        0.174426       -0.413194       -0.290593

     Cl  12        0.072505        0.188243       -0.052011
     Cl  12        0.188243        0.056689       -0.047908
     Cl  12       -0.052011       -0.047908       -0.129194

     H   13       -0.526777        0.028779        0.018855
     H   13        0.028779        0.498193        0.760010
     H   13        0.018855        0.760010        0.028584

     C   14        0.142503       -0.299293        0.319145
     C   14       -0.299293        0.083659        0.250256
     C   14        0.319145        0.250256       -0.226162

     H   15        0.382746        0.135560        0.817356
     H   15        0.135560       -0.485540        0.198248
     H   15        0.817356        0.198248        0.102794

     C   16       -0.017979       -0.330075        0.272231
     C   16       -0.330075        0.234206        0.381834
     C   16        0.272231        0.381834       -0.216227

     C   17       -0.017655       -0.289162        0.414174
     C   17       -0.289162        0.136108        0.349797
     C   17        0.414174        0.349797       -0.118453

     Cl  18        0.081953       -0.213730        0.064835
     Cl  18       -0.213730        0.072485       -0.041004
     Cl  18        0.064835       -0.041004       -0.154438

     H   19       -0.499717       -0.110875        0.098203
     H   19       -0.110875        0.549539       -0.771459
     H   19        0.098203       -0.771459       -0.049822

     C   20        0.324895        0.246102        0.197719
     C   20        0.246102       -0.008797       -0.312157
     C   20        0.197719       -0.312157       -0.316098

     H   21        0.689608       -0.090190        0.705706
     H   21       -0.090190       -0.510482       -0.143334
     H   21        0.705706       -0.143334       -0.179126

     C   22        0.155540        0.272010        0.147222
     C   22        0.272010        0.102422       -0.429161
     C   22        0.147222       -0.429161       -0.257961

     C   23        0.185376        0.175233        0.164001
     C   23        0.175233        0.076506       -0.463367
     C   23        0.164001       -0.463367       -0.261882

     Cl  24        0.120120        0.211906       -0.033168
     Cl  24        0.211906        0.004161       -0.037935
     Cl  24       -0.033168       -0.037935       -0.124281

     ----- GIPAW term -----
     Cl   1       -0.119016       -1.636106       -0.157890
     Cl   1       -1.636106        2.442446       -0.709709
     Cl   1       -0.157890       -0.709709       -2.323430

     C    2       -0.129117       -0.062683       -0.004078
     C    2       -0.062683        0.217715       -0.065842
     C    2       -0.004078       -0.065842       -0.088598

     C    3       -0.008702       -0.011079       -0.011732
     C    3       -0.011079        0.074044       -0.026666
     C    3       -0.011732       -0.026666       -0.065343

     H    4       -0.000000        0.000000        0.000000
     H    4        0.000000        0.000000        0.000000
     H    4        0.000000        0.000000        0.000000

     C    5       -0.148058       -0.055221        0.019104
     C    5       -0.055221        0.202475       -0.042651
     C    5        0.019104       -0.042651       -0.054417

     H    6       -0.000000        0.000000        0.000000
     H    6        0.000000        0.000000        0.000000
     H    6        0.000000        0.000000        0.000000

     H    7       -0.000000        0.000000        0.000000
     H    7        0.000000        0.000000        0.000000
     H    7        0.000000        0.000000        0.000000

     C    8        0.074594       -0.216450        0.045167
     C    8       -0.216450        0.012239        0.038576
     C    8        0.045167        0.038576       -0.086834

     H    9       -0.000000        0.000000        0.000000
     H    9        0.000000        0.000000        0.000000
     H    9        0.000000        0.000000        0.000000

     C   10        0.043643       -0.140556       -0.159127
     C   10       -0.140556        0.012419        0.096002
     C   10       -0.159127        0.096002       -0.056062

     C   11        0.034139       -0.097569       -0.125334
     C   11       -0.097569        0.005795        0.166758
     C   11       -0.125334        0.166758       -0.039934

     Cl  12       -0.420950        0.815164       -0.781484
     Cl  12        0.815164       -0.990905        0.696564
     Cl  12       -0.781484        0.696564        1.411855

     H   13       -0.000000        0.000000        0.000000
     H   13        0.000000        0.000000        0.000000
     H   13        0.000000        0.000000        0.000000

     C   14       -0.054007       -0.180279       -0.116477
     C   14       -0.180279        0.113628        0.041803
     C   14       -0.116477        0.041803       -0.059621

     H   15       -0.000000        0.000000        0.000000
     H   15        0.000000        0.000000        0.000000
     H   15        0.000000        0.000000        0.000000

     C   16        0.048752       -0.058035       -0.209019
     C   16       -0.058035       -0.083802        0.101907
     C   16       -0.209019        0.101907        0.035049

     C   17        0.064466       -0.246290       -0.169470
     C   17       -0.246290       -0.020620        0.048419
     C   17       -0.169470        0.048419       -0.043846

     Cl  18        0.197955       -0.008579       -1.492487
     Cl  18       -0.008579       -0.997782        0.013777
     Cl  18       -1.492487        0.013777        0.799826

     H   19       -0.000000        0.000000        0.000000
     H   19        0.000000        0.000000        0.000000
     H   19        0.000000        0.000000        0.000000

     C   20       -0.122597       -0.070421       -0.032594
     C   20       -0.070421        0.159626        0.058575
     C   20       -0.032594        0.058575       -0.037028

     H   21       -0.000000        0.000000        0.000000
     H   21        0.000000        0.000000        0.000000
     H   21        0.000000        0.000000        0.000000

     C   22       -0.064464       -0.090549        0.019517
     C   22       -0.090549        0.202156        0.022613
     C   22        0.019517        0.022613       -0.137692

     C   23       -0.049359       -0.151306        0.001650
     C   23       -0.151306        0.185693       -0.092405
     C   23        0.001650       -0.092405       -0.136334

     Cl  24        0.052701       -0.008550        1.084667
     Cl  24       -0.008550        0.463924       -1.755972
     Cl  24        1.084667       -1.755972       -0.516625

     ----- total EFG -----
     Cl   1        0.050911       -1.809483       -0.203763
     Cl   1       -1.809483        2.445757       -0.718811
     Cl   1       -0.203763       -0.718811       -2.496668

     C    2       -0.649573        0.099366        0.038013
     C    2        0.099366        0.476230        0.138248
     C    2        0.038013        0.138248        0.173344

     C    3        0.332300       -0.319798        0.073636
     C    3       -0.319798        0.025480       -0.015265
     C    3        0.073636       -0.015265       -0.357781

     H    4        0.534653        0.218281        0.365481
     H    4        0.218281       -0.438867        0.379737
     H    4        0.365481        0.379737       -0.095786

     C    5       -0.743756       -0.054897        0.219954
     C    5       -0.054897        0.523424        0.071337
     C    5        0.219954        0.071337        0.220331

     H    6       -0.008948       -0.113425        0.031669
     H    6       -0.113425        0.341072        0.553975
     H    6        0.031669        0.553975       -0.332124

     H    7       -0.381831        0.277686        0.115231
     H    7        0.277686        0.307890       -0.485081
     H    7        0.115231       -0.485081        0.073941

     C    8        0.387295       -0.527745        0.254909
     C    8       -0.527745       -0.228952        0.104604
     C    8        0.254909        0.104604       -0.158343

     H    9        0.210330        0.144986        0.559269
     H    9        0.144986       -0.301138       -0.316413
     H    9        0.559269       -0.316413        0.090808

     C   10        0.011536       -0.161545       -0.376058
     C   10       -0.161545        0.170560       -0.038973
     C   10       -0.376058       -0.038973       -0.182095

     C   11        0.131290       -0.194182       -0.114260
     C   11       -0.194182        0.025138        0.291272
     C   11       -0.114260        0.291272       -0.156428

     Cl  12       -0.281345        0.954970       -0.744730
     Cl  12        0.954970       -0.802230        0.563735
     Cl  12       -0.744730        0.563735        1.083575

     H   13       -0.156239        0.165288        0.186034
     H   13        0.165288        0.204537        0.136577
     H   13        0.186034        0.136577       -0.048299

     C   14       -0.042112       -0.688638       -0.214476
     C   14       -0.688638        0.145926       -0.117908
     C   14       -0.214476       -0.117908       -0.103814

     H   15        0.430136        0.051153        0.604296
     H   15        0.051153        0.029682       -0.010390
     H   15        0.604296       -0.010390       -0.459818

     C   16       -0.207366        0.027427       -0.302794
     C   16        0.027427        0.009146        0.417959
     C   16       -0.302794        0.417959        0.198221

     C   17        0.110165       -0.919455       -0.283361
     C   17       -0.919455       -0.124655       -0.156308
     C   17       -0.283361       -0.156308        0.014491

     Cl  18        0.053583        0.155541       -1.228081
     Cl  18        0.155541       -0.820696       -0.002331
     Cl  18       -1.228081       -0.002331        0.767113

     H   19        0.042434       -0.090922        0.159895
     H   19       -0.090922        0.422486       -0.524309
     H   19        0.159895       -0.524309       -0.464921

     C   20       -0.407155       -0.127200       -0.101628
     C   20       -0.127200        0.505245       -0.160979
     C   20       -0.101628       -0.160979       -0.098090

     H   21        0.631216       -0.311383        0.241087
     H   21       -0.311383       -0.678426       -0.159612
     H   21        0.241087       -0.159612        0.047210

     C   22        0.255557       -0.089619        0.134601
     C   22       -0.089619        0.132253        0.165359
     C   22        0.134601        0.165359       -0.387810

     C   23       -0.404032       -0.363540       -0.266300
     C   23       -0.363540        0.569916       -0.475638
     C   23       -0.266300       -0.475638       -0.165883

     Cl  24        0.169455        0.183919        1.021464
     Cl  24        0.183919        0.438070       -1.739802
     Cl  24        1.021464       -1.739802       -0.607525

     ----- total EFG (symmetrized) -----
     Cl   1        0.050911       -1.809483       -0.203763
     Cl   1       -1.809483        2.445757       -0.718811
     Cl   1       -0.203763       -0.718811       -2.496668

     C    2       -0.649573        0.099366        0.038013
     C    2        0.099366        0.476230        0.138248
     C    2        0.038013        0.138248        0.173344

     C    3        0.332300       -0.319798        0.073636
     C    3       -0.319798        0.025480       -0.015265
     C    3        0.073636       -0.015265       -0.357781

     H    4        0.534653        0.218281        0.365481
     H    4        0.218281       -0.438867        0.379737
     H    4        0.365481        0.379737       -0.095786

     C    5       -0.743756       -0.054897        0.219954
     C    5       -0.054897        0.523424        0.071337
     C    5        0.219954        0.071337        0.220331

     H    6       -0.008948       -0.113425        0.031669
     H    6       -0.113425        0.341072        0.553975
     H    6        0.031669        0.553975       -0.332124

     H    7       -0.381831        0.277686        0.115231
     H    7        0.277686        0.307890       -0.485081
     H    7        0.115231       -0.485081        0.073941

     C    8        0.387295       -0.527745        0.254909
     C    8       -0.527745       -0.228952        0.104604
     C    8        0.254909        0.104604       -0.158343

     H    9        0.210330        0.144986        0.559269
     H    9        0.144986       -0.301138       -0.316413
     H    9        0.559269       -0.316413        0.090808

     C   10        0.011536       -0.161545       -0.376058
     C   10       -0.161545        0.170560       -0.038973
     C   10       -0.376058       -0.038973       -0.182095

     C   11        0.131290       -0.194182       -0.114260
     C   11       -0.194182        0.025138        0.291272
     C   11       -0.114260        0.291272       -0.156428

     Cl  12       -0.281345        0.954970       -0.744730
     Cl  12        0.954970       -0.802230        0.563735
     Cl  12       -0.744730        0.563735        1.083575

     H   13       -0.156239        0.165288        0.186034
     H   13        0.165288        0.204537        0.136577
     H   13        0.186034        0.136577       -0.048299

     C   14       -0.042112       -0.688638       -0.214476
     C   14       -0.688638        0.145926       -0.117908
     C   14       -0.214476       -0.117908       -0.103814

     H   15        0.430136        0.051153        0.604296
     H   15        0.051153        0.029682       -0.010390
     H   15        0.604296       -0.010390       -0.459818

     C   16       -0.207366        0.027427       -0.302794
     C   16        0.027427        0.009146        0.417959
     C   16       -0.302794        0.417959        0.198221

     C   17        0.110165       -0.919455       -0.283361
     C   17       -0.919455       -0.124655       -0.156308
     C   17       -0.283361       -0.156308        0.014491

     Cl  18        0.053583        0.155541       -1.228081
     Cl  18        0.155541       -0.820696       -0.002331
     Cl  18       -1.228081       -0.002331        0.767113

     H   19        0.042434       -0.090922        0.159895
     H   19       -0.090922        0.422486       -0.524309
     H   19        0.159895       -0.524309       -0.464921

     C   20       -0.407155       -0.127200       -0.101628
     C   20       -0.127200        0.505245       -0.160979
     C   20       -0.101628       -0.160979       -0.098090

     H   21        0.631216       -0.311383        0.241087
     H   21       -0.311383       -0.678426       -0.159612
     H   21        0.241087       -0.159612        0.047210

     C   22        0.255557       -0.089619        0.134601
     C   22       -0.089619        0.132253        0.165359
     C   22        0.134601        0.165359       -0.387810

     C   23       -0.404032       -0.363540       -0.266300
     C   23       -0.363540        0.569916       -0.475638
     C   23       -0.266300       -0.475638       -0.165883

     Cl  24        0.169455        0.183919        1.021464
     Cl  24        0.183919        0.438070       -1.739802
     Cl  24        1.021464       -1.739802       -0.607525


     NQR/NMR SPECTROSCOPIC PARAMETERS:
     Cl   1    Vxx=   -0.7709    axis=(  0.862419  0.423008 -0.278022)
     Cl   1    Vyy=   -2.6960    axis=(  0.206985  0.206530  0.956296)
     Cl   1    Vzz=    3.4669    axis=(  0.461941 -0.882275  0.090560)
     Cl   1  Q=        -8.1650 1e-30 m^2  Cq=       -66.5116 MHz  eta= 0.55527

     C    2    Vxx=    0.1197    axis=( -0.000609 -0.361413  0.932406)
     C    2    Vyy=    0.5394    axis=(  0.089125  0.928676  0.360025)
     C    2    Vzz=   -0.6591    axis=( -0.996020  0.083320  0.031646)
     C    2  Q=         1.0000 1e-30 m^2  Cq=        -1.5486 MHz  eta= 0.63668

     C    3    Vxx=   -0.1722    axis=(  0.516295  0.845655  0.135306)
     C    3    Vyy=   -0.3669    axis=(  0.137813  0.073894 -0.987698)
     C    3    Vzz=    0.5391    axis=( -0.845250  0.528591 -0.078391)
     C    3  Q=         1.0000 1e-30 m^2  Cq=         1.2667 MHz  eta= 0.36115

     H    4    Vxx=   -0.1249    axis=(  0.541772 -0.467884 -0.698260)
     H    4    Vyy=   -0.6842    axis=(  0.014809  0.835927 -0.548640)
     H    4    Vzz=    0.8091    axis=( -0.840395 -0.286898 -0.459811)
     H    4  Q=         1.0000 1e-30 m^2  Cq=         1.9012 MHz  eta= 0.69126

     C    5    Vxx=    0.2558    axis=(  0.221103 -0.208562  0.952688)
     C    5    Vyy=    0.5394    axis=( -0.004937  0.976614  0.214946)
     C    5    Vzz=   -0.7952    axis=( -0.975238 -0.052228  0.214903)
     C    5  Q=         1.0000 1e-30 m^2  Cq=        -1.8683 MHz  eta= 0.35671

     H    6    Vxx=   -0.0085    axis=(  0.983877  0.044876  0.173124)
     H    6    Vyy=   -0.6546    axis=(  0.128869  0.493327 -0.860245)
     H    6    Vzz=    0.6631    axis=( -0.124011  0.868686  0.479590)
     H    6  Q=         1.0000 1e-30 m^2  Cq=         1.5580 MHz  eta= 0.97422

     H    7    Vxx=   -0.0916    axis=(  0.632014  0.380486  0.675122)
     H    7    Vyy=   -0.6194    axis=(  0.761891 -0.464373 -0.451531)
     H    7    Vzz=    0.7109    axis=( -0.141707 -0.799743  0.583378)
     H    7  Q=         1.0000 1e-30 m^2  Cq=         1.6704 MHz  eta= 0.74240

     C    8    Vxx=   -0.0883    axis=(  0.049345  0.470111  0.881227)
     C    8    Vyy=   -0.6358    axis=(  0.496188  0.754183 -0.430121)
     C    8    Vzz=    0.7241    axis=( -0.866812  0.458479 -0.196049)
     C    8  Q=         1.0000 1e-30 m^2  Cq=         1.7013 MHz  eta= 0.75620

     H    9    Vxx=   -0.0281    axis=(  0.513318  0.751892 -0.413719)
     H    9    Vyy=   -0.6965    axis=( -0.471508  0.649890  0.596090)
     H    9    Vzz=    0.7246    axis=(  0.717067 -0.110912  0.688124)
     H    9  Q=         1.0000 1e-30 m^2  Cq=         1.7025 MHz  eta= 0.92257

     C   10    Vxx=    0.1344    axis=(  0.297992  0.837909 -0.457285)
     C   10    Vyy=    0.3649    axis=( -0.725251  0.510210  0.462273)
     C   10    Vzz=   -0.4993    axis=(  0.620654  0.193893  0.759733)
     C   10  Q=         1.0000 1e-30 m^2  Cq=        -1.1731 MHz  eta= 0.46169

     C   11    Vxx=   -0.0442    axis=(  0.783409  0.465852  0.411403)
     C   11    Vyy=   -0.3720    axis=(  0.054633  0.607764 -0.792236)
     C   11    Vzz=    0.4162    axis=( -0.619101  0.643121  0.450677)
     C   11  Q=         1.0000 1e-30 m^2  Cq=         0.9779 MHz  eta= 0.78767

     Cl  12    Vxx=    0.3920    axis=(  0.709534  0.670169  0.217797)
     Cl  12    Vyy=    1.4219    axis=(  0.361134 -0.080420 -0.929040)
     Cl  12    Vzz=   -1.8139    axis=( -0.605098  0.737839 -0.299081)
     Cl  12  Q=        -8.1650 1e-30 m^2  Cq=        34.7988 MHz  eta= 0.56774

     H   13    Vxx=   -0.0641    axis=(  0.374903 -0.593004  0.712597)
     H   13    Vyy=   -0.3023    axis=( -0.831311  0.125176  0.541528)
     H   13    Vzz=    0.3664    axis=(  0.410329  0.795410  0.446042)
     H   13  Q=         1.0000 1e-30 m^2  Cq=         0.8609 MHz  eta= 0.65021

     C   14    Vxx=   -0.0162    axis=( -0.226013 -0.281899  0.932444)
     C   14    Vyy=   -0.7341    axis=(  0.712351  0.605070  0.355592)
     C   14    Vzz=    0.7503    axis=( -0.664435  0.744595  0.064058)
     C   14  Q=         1.0000 1e-30 m^2  Cq=         1.7629 MHz  eta= 0.95687

     H   15    Vxx=    0.0286    axis=( -0.033245  0.997501 -0.062349)
     H   15    Vyy=    0.7380    axis=( -0.891522 -0.057795 -0.449276)
     H   15    Vzz=   -0.7666    axis=( -0.451756  0.040649  0.891215)
     H   15  Q=         1.0000 1e-30 m^2  Cq=        -1.8012 MHz  eta= 0.92532

     C   16    Vxx=   -0.0932    axis=(  0.716412  0.665353 -0.209902)
     C   16    Vyy=   -0.5028    axis=( -0.639705  0.506377 -0.578239)
     C   16    Vzz=    0.5960    axis=( -0.278443  0.548533  0.788404)
     C   16  Q=         1.0000 1e-30 m^2  Cq=         1.4003 MHz  eta= 0.68730

     C   17    Vxx=    0.0906    axis=( -0.092600 -0.295050  0.950984)
     C   17    Vyy=    0.9334    axis=(  0.757980 -0.640222 -0.124827)
     C   17    Vzz=   -1.0240    axis=(  0.645672  0.709268  0.282927)
     C   17  Q=         1.0000 1e-30 m^2  Cq=        -2.4060 MHz  eta= 0.82309

     Cl  18    Vxx=   -0.7215    axis=(  0.494788  0.766545  0.409381)
     Cl  18    Vyy=   -0.9713    axis=( -0.627248  0.641067 -0.442258)
     Cl  18    Vzz=    1.6928    axis=( -0.601452 -0.037959  0.798007)
     Cl  18  Q=        -8.1650 1e-30 m^2  Cq=       -32.4759 MHz  eta= 0.14753

     H   19    Vxx=    0.0231    axis=(  0.964190  0.263125  0.033214)
     H   19    Vyy=    0.7002    axis=(  0.224600 -0.876712  0.425361)
     H   19    Vzz=   -0.7233    axis=(  0.141042 -0.402669 -0.904414)
     H   19  Q=         1.0000 1e-30 m^2  Cq=        -1.6994 MHz  eta= 0.93604

     C   20    Vxx=   -0.0882    axis=( -0.360531  0.171425  0.916859)
     C   20    Vyy=   -0.4677    axis=(  0.926867  0.176039  0.331552)
     C   20    Vzz=    0.5559    axis=(  0.104567 -0.969342  0.222356)
     C   20  Q=         1.0000 1e-30 m^2  Cq=         1.3061 MHz  eta= 0.68258

     H   21    Vxx=   -0.0369    axis=( -0.361826 -0.055907  0.930568)
     H   21    Vyy=   -0.7626    axis=( -0.193974 -0.971838 -0.133808)
     H   21    Vzz=    0.7995    axis=(  0.911842 -0.228921  0.340792)
     H   21  Q=         1.0000 1e-30 m^2  Cq=         1.8785 MHz  eta= 0.90759

     C   22    Vxx=    0.1627    axis=(  0.341704  0.873790  0.346019)
     C   22    Vyy=    0.3063    axis=(  0.916217 -0.391702  0.084360)
     C   22    Vzz=   -0.4690    axis=( -0.209249 -0.288202  0.934427)
     C   22  Q=         1.0000 1e-30 m^2  Cq=        -1.1019 MHz  eta= 0.30616

     C   23    Vxx=   -0.0277    axis=(  0.671533 -0.166203 -0.722094)
     C   23    Vyy=   -0.8147    axis=(  0.717905  0.387217  0.578512)
     C   23    Vzz=    0.8424    axis=(  0.183457 -0.906885  0.379347)
     C   23  Q=         1.0000 1e-30 m^2  Cq=         1.9793 MHz  eta= 0.93422

     Cl  24    Vxx=    0.3880    axis=(  0.882860  0.457401  0.106502)
     Cl  24    Vyy=    1.8763    axis=(  0.297499 -0.720164  0.626784)
     Cl  24    Vzz=   -2.2643    axis=(  0.363391 -0.521678 -0.771880)
     Cl  24  Q=        -8.1650 1e-30 m^2  Cq=        43.4389 MHz  eta= 0.65732

     Initialization:
     gipaw_setup  :      9.26s CPU     10.97s WALL (       1 calls)

     Linear response

     Apply operators

     Induced current

     Other routines
     efg          :      9.32s CPU     11.45s WALL (       1 calls)

     General routines
     calbec       :      3.25s CPU      4.19s WALL (      16 calls)
     fft          :      1.40s CPU      1.98s WALL (      15 calls)
     ffts         :      0.04s CPU      0.04s WALL (       2 calls)
     fftw         :      3.27s CPU      3.94s WALL (     672 calls)
     davcio       :      0.02s CPU      0.31s WALL (      32 calls)

     Parallel routines
     fft_scatter  :      2.02s CPU      3.06s WALL (     689 calls)

     Plugins

     GIPAW        :     60.50s CPU     72.90s WALL (       1 calls)
