
     Program QE v.6.0 (svn rev. 13079) starts on 29Dec2016 at  4:16:37 

     This program is part of the open-source Quantum ESPRESSO suite
     for quantum simulation of materials; please cite
         "P. Giannozzi et al., J. Phys.:Condens. Matter 21 395502 (2009);
          URL http://www.quantum-espresso.org", 
     in publications or presentations arising from this work. More details at
     http://www.quantum-espresso.org/quote

     Parallel version (MPI), running on     8 processors
     R & G space division:  proc/nbgrp/npool/nimage =       8

     ***** This is GIPAW svn revision unknown      *****

     Parallelizing q-star over 1 images

     Reading data from directory:
     /users/majewski/paradichlorobenzene/pbe/9_constraint/scratch/pbe.ecut100.np8.dt60.pcl2phi-129368.save
     Message from routine read_xml_file:
     file /users/majewski/paradichlorobenzene/pbe/9_constraint/scratch/pbe.ecut100.np8.dt60.pcl2phi-129368.save not guaranteed to be safe for post-processing

   Info: using nr1, nr2, nr3 values from input

   Info: using nr1, nr2, nr3 values from input

     IMPORTANT: XC functional enforced from input :
     Exchange-correlation      =  SLA  PW   PBX  PBC ( 1  4  3  4 0 0)
     Any further DFT definition will be discarded
     Please, verify this is what you really want

               file C.pbe-n-kjpaw_psl.1.0.0.UPF: wavefunction(s)  2S 2P renormalized
               file Cl.pbe-n-kjpaw_psl.1.0.0.UPF: wavefunction(s)  3S 3P renormalized
               file H.pbe-kjpaw_psl.1.0.0.UPF: wavefunction(s)  1S renormalized

     Parallelization info
     --------------------
     sticks:   dense  smooth     PW     G-vecs:    dense   smooth      PW
     Min        3057    1223    332               144436    36536    5170
     Max        3059    1225    333               144437    36537    5171
     Sum       24467    9791   2657              1155489   292295   41363


     Subspace diagonalization in iterative solution of the eigenvalue problem:
     a serial algorithm will be used

     GIPAW projectors -----------------------------------------------
     atom=  C    l=0  rc=    1.2000  rs=    0.8000
     atom=  C    l=0  rc=    1.2000  rs=    0.8000
     atom=  C    l=1  rc=    1.4000  rs=    0.9333
     atom=  C    l=1  rc=    1.4000  rs=    0.9333
     projs nearly linearly dependent: l=1  n1,n2= 1, 2  s=  0.99951561

     atom=  Cl   l=0  rc=    1.6000  rs=    1.0667
     atom=  Cl   l=0  rc=    1.6000  rs=    1.0667
     atom=  Cl   l=1  rc=    1.6000  rs=    1.0667
     atom=  Cl   l=1  rc=    1.6000  rs=    1.0667
     atom=  Cl   l=2  rc=    1.6000  rs=    1.0667
     atom=  Cl   l=2  rc=    1.6000  rs=    1.0667
     projs nearly linearly dependent: l=2  n1,n2= 1, 2  s=  0.99993509

     atom=  H    l=0  rc=    1.0000  rs=    0.6667
     atom=  H    l=0  rc=    1.0000  rs=    0.6667
     projs nearly linearly dependent: l=0  n1,n2= 1, 2  s=  0.99968852
     -----------------------------------------------------------------

     GIPAW integrals: -------------------------------------------
     Atom  i/j   nmr_para   nmr_dia   epr_rmc  epr_para   epr_dia
       C   1 1   0.83E+03  0.17E-01  0.93E+01  0.24E+08  0.24E+03
       C   2 1   0.86E+03 -0.61E-01  0.94E+01  0.25E+08  0.25E+03
       C   2 2   0.90E+03 -0.15E+00  0.97E+01  0.26E+08  0.26E+03
       C   3 3   0.33E+01  0.34E+00  0.18E+01  0.55E+03  0.21E+02
       C   4 3   0.35E+01  0.37E+00  0.20E+01  0.59E+03  0.22E+02
       C   4 4   0.38E+01  0.39E+00  0.22E+01  0.63E+03  0.24E+02
       Cl  1 1   0.14E+04 -0.47E+00  0.84E+01  0.32E+09  0.42E+03
       Cl  2 1   0.21E+04 -0.37E+00  0.12E+02  0.49E+09  0.65E+03
       Cl  2 2   0.33E+04 -0.16E+00  0.21E+02  0.76E+09  0.10E+04
       Cl  3 3   0.21E+02  0.79E-01  0.89E+01  0.23E+05  0.13E+03
       Cl  4 3   0.24E+02  0.67E-01  0.99E+01  0.27E+05  0.15E+03
       Cl  4 4   0.28E+02  0.44E-01  0.11E+02  0.32E+05  0.18E+03
       Cl  5 5   0.77E+00  0.19E+00  0.18E+01  0.12E+03  0.22E+02
       Cl  6 5   0.80E+00  0.19E+00  0.19E+01  0.12E+03  0.23E+02
       Cl  6 6   0.83E+00  0.20E+00  0.19E+01  0.12E+03  0.23E+02
       H   1 1   0.39E+02  0.19E+00  0.29E+00  0.78E+05  0.13E+02
       H   2 1   0.41E+02  0.21E+00  0.32E+00  0.82E+05  0.14E+02
       H   2 2   0.43E+02  0.22E+00  0.36E+00  0.86E+05  0.15E+02
     ------------------------------------------------------------

     alpha_pv=     34.1404 eV

     Number of occupied bands for each k-point:
     k-point:     1    nbnd_occ=  42
     k-point:     2    nbnd_occ=  42
     k-point:     3    nbnd_occ=  42
     k-point:     4    nbnd_occ=  42
     k-point:     5    nbnd_occ=  42
     k-point:     6    nbnd_occ=  42
     k-point:     7    nbnd_occ=  42
     k-point:     8    nbnd_occ=  42
     k-point:     9    nbnd_occ=  42
     k-point:    10    nbnd_occ=  42
     k-point:    11    nbnd_occ=  42
     k-point:    12    nbnd_occ=  42
     k-point:    13    nbnd_occ=  42
     k-point:    14    nbnd_occ=  42
     k-point:    15    nbnd_occ=  42
     k-point:    16    nbnd_occ=  42


     q-space interpolation up to   110.00 Rydberg

     GIPAW job: efg                                                                             


     ELECTRIC FIELD GRADIENTS TENSORS IN Hartree/bohrradius^2:

     ----- bare term -----
     Cl   1       -0.065067        0.217755        0.016132
     Cl   1        0.217755        0.133522        0.045883
     Cl   1        0.016132        0.045883       -0.068454

     C    2       -0.176073        0.288031       -0.329390
     C    2        0.288031       -0.161911       -0.537294
     C    2       -0.329390       -0.537294        0.337983

     C    3       -0.141076        0.139412       -0.173271
     C    3        0.139412       -0.183824       -0.332160
     C    3       -0.173271       -0.332160        0.324900

     H    4       -0.540167       -0.341936        0.209324
     H    4       -0.341936        0.340195        0.007679
     H    4        0.209324        0.007679        0.199972

     C    5       -0.085107        0.208133       -0.100214
     C    5        0.208133       -0.218623       -0.124299
     C    5       -0.100214       -0.124299        0.303730

     H    6        0.311366       -0.405591        0.135577
     H    6       -0.405591       -0.617210        0.102772
     H    6        0.135577        0.102772        0.305844

     H    7        0.302669        0.000380       -0.123678
     H    7        0.000380       -0.503640        0.606422
     H    7       -0.123678        0.606422        0.200971

     C    8       -0.724347       -0.315784       -0.395770
     C    8       -0.315784        0.284026        0.028895
     C    8       -0.395770        0.028895        0.440321

     H    9       -0.602457       -0.134585       -0.144878
     H    9       -0.134585        0.269020        0.287274
     H    9       -0.144878        0.287274        0.333437

     C   10        0.049060        0.166264       -0.324969
     C   10        0.166264       -0.231268        0.527472
     C   10       -0.324969        0.527472        0.182208

     C   11       -0.635527       -0.357172       -0.345856
     C   11       -0.357172        0.182704        0.096885
     C   11       -0.345856        0.096885        0.452823

     Cl  12        0.031754        0.138136       -0.082520
     Cl  12        0.138136       -0.003800       -0.056763
     Cl  12       -0.082520       -0.056763       -0.027954

     H   13        0.363437       -0.063136       -0.138705
     H   13       -0.063136       -0.347610       -0.517497
     H   13       -0.138705       -0.517497       -0.015828

     C   14       -0.489329        0.318269       -0.393176
     C   14        0.318269        0.112870       -0.396953
     C   14       -0.393176       -0.396953        0.376459

     H   15       -0.312523       -0.175834       -0.528614
     H   15       -0.175834        0.342556       -0.150223
     H   15       -0.528614       -0.150223       -0.030033

     C   16       -0.056229        0.316527       -0.197350
     C   16        0.316527       -0.122746       -0.655472
     C   16       -0.197350       -0.655472        0.178976

     C   17       -0.218550        0.253976       -0.533729
     C   17        0.253976        0.124402       -0.347046
     C   17       -0.533729       -0.347046        0.094148

     Cl  18       -0.071573        0.082127       -0.009407
     Cl  18        0.082127       -0.017442        0.007059
     Cl  18       -0.009407        0.007059        0.089015

     H   19        0.222454       -0.234858        0.250042
     H   19       -0.234858       -0.224740        0.565152
     H   19        0.250042        0.565152        0.002286

     C   20       -0.065716        0.323600       -0.495004
     C   20        0.323600       -0.102197        0.424853
     C   20       -0.495004        0.424853        0.167912

     H   21       -0.032217        0.142721       -0.387138
     H   21        0.142721        0.388439        0.369842
     H   21       -0.387138        0.369842       -0.356223

     C   22       -0.583767       -0.345905       -0.405173
     C   22       -0.345905        0.145187        0.005465
     C   22       -0.405173        0.005465        0.438579

     C   23        0.031066        0.363832       -0.473918
     C   23        0.363832       -0.137192        0.591976
     C   23       -0.473918        0.591976        0.106126

     Cl  24       -0.267322       -0.283323        0.065500
     Cl  24       -0.283323        0.051985        0.088869
     Cl  24        0.065500        0.088869        0.215337

     ----- ionic term -----
     Cl   1        0.165266       -0.223440        0.038211
     Cl   1       -0.223440        0.027021       -0.018651
     Cl   1        0.038211       -0.018651       -0.192287

     C    2        0.292665       -0.188167        0.297192
     C    2       -0.188167        0.168991        0.287015
     C    2        0.297192        0.287015       -0.461656

     C    3        0.208751       -0.285775        0.143304
     C    3       -0.285775        0.295668        0.322836
     C    3        0.143304        0.322836       -0.504419

     H    4        0.877992        0.268001        0.479666
     H    4        0.268001       -0.425259        0.179951
     H    4        0.479666        0.179951       -0.452733

     C    5        0.341493       -0.217218        0.209573
     C    5       -0.217218        0.137799        0.272623
     C    5        0.209573        0.272623       -0.479292

     H    6       -0.487209        0.073550        0.043695
     H    6        0.073550        0.747464        0.630841
     H    6        0.043695        0.630841       -0.260255

     H    7       -0.507527       -0.058291        0.051059
     H    7       -0.058291        0.628998       -0.731565
     H    7        0.051059       -0.731565       -0.121471

     C    8        0.307087        0.191476        0.274357
     C    8        0.191476        0.032365       -0.330769
     C    8        0.274357       -0.330769       -0.339453

     H    9        0.656949       -0.373376        0.581034
     H    9       -0.373376       -0.382412       -0.257503
     H    9        0.581034       -0.257503       -0.274537

     C   10        0.143060        0.242143        0.161127
     C   10        0.242143        0.213449       -0.428623
     C   10        0.161127       -0.428623       -0.356509

     C   11        0.202114        0.165744        0.302569
     C   11        0.165744        0.094056       -0.444762
     C   11        0.302569       -0.444762       -0.296170

     Cl  12        0.173143        0.232356       -0.006332
     Cl  12        0.232356       -0.009975       -0.003734
     Cl  12       -0.006332       -0.003734       -0.163168

     H   13       -0.501021        0.217767        0.114557
     H   13        0.217767        0.679438        0.659250
     H   13        0.114557        0.659250       -0.178418

     C   14        0.276603       -0.118874        0.264954
     C   14       -0.118874        0.104202        0.269552
     C   14        0.264954        0.269552       -0.380805

     H   15        0.551948        0.428997        0.634924
     H   15        0.428997       -0.306283        0.296605
     H   15        0.634924        0.296605       -0.245665

     C   16        0.097332       -0.124439        0.204621
     C   16       -0.124439        0.257111        0.385202
     C   16        0.204621        0.385202       -0.354443

     C   17        0.233255       -0.128056        0.221275
     C   17       -0.128056        0.185526        0.387695
     C   17        0.221275        0.387695       -0.418781

     Cl  18        0.113626       -0.218832       -0.007706
     Cl  18       -0.218832        0.037268        0.017197
     Cl  18       -0.007706        0.017197       -0.150894

     H   19       -0.531161       -0.003168        0.017879
     H   19       -0.003168        0.562842       -0.770256
     H   19        0.017879       -0.770256       -0.031681

     C   20        0.286639        0.172199        0.318747
     C   20        0.172199       -0.016452       -0.319925
     C   20        0.318747       -0.319925       -0.270187

     H   21        0.583683       -0.166390        0.761239
     H   21       -0.166390       -0.515444       -0.175493
     H   21        0.761239       -0.175493       -0.068238

     C   22        0.153119        0.228063        0.235837
     C   22        0.228063        0.080874       -0.372127
     C   22        0.235837       -0.372127       -0.233992

     C   23        0.218365        0.154933        0.261729
     C   23        0.154933        0.048184       -0.466310
     C   23        0.261729       -0.466310       -0.266549

     Cl  24        0.140484        0.206308       -0.017334
     Cl  24        0.206308       -0.000925       -0.027783
     Cl  24       -0.017334       -0.027783       -0.139559

     ----- GIPAW term -----
     Cl   1        0.920285       -0.221296        0.176830
     Cl   1       -0.221296        1.352174        0.471827
     Cl   1        0.176830        0.471827       -2.272459

     C    2        0.063925        0.028314       -0.186854
     C    2        0.028314       -0.079833       -0.151194
     C    2       -0.186854       -0.151194        0.015907

     C    3       -0.052231        0.060428       -0.125590
     C    3        0.060428       -0.043474       -0.118881
     C    3       -0.125590       -0.118881        0.095705

     H    4       -0.000000        0.000000        0.000000
     H    4        0.000000        0.000000        0.000000
     H    4        0.000000        0.000000        0.000000

     C    5        0.021950        0.078511       -0.072866
     C    5        0.078511       -0.039584       -0.069982
     C    5       -0.072866       -0.069982        0.017634

     H    6       -0.000000        0.000000        0.000000
     H    6        0.000000        0.000000        0.000000
     H    6        0.000000        0.000000        0.000000

     H    7       -0.000000        0.000000        0.000000
     H    7        0.000000        0.000000        0.000000
     H    7        0.000000        0.000000        0.000000

     C    8       -0.122205        0.128817       -0.103097
     C    8        0.128817        0.177053       -0.133150
     C    8       -0.103097       -0.133150       -0.054847

     H    9       -0.000000        0.000000        0.000000
     H    9        0.000000        0.000000        0.000000
     H    9        0.000000        0.000000        0.000000

     C   10       -0.068405        0.179477       -0.107970
     C   10        0.179477        0.132044       -0.089415
     C   10       -0.107970       -0.089415       -0.063638

     C   11       -0.082362        0.162996       -0.108076
     C   11        0.162996        0.146976       -0.118648
     C   11       -0.108076       -0.118648       -0.064614

     Cl  12        1.583779        3.274788       -1.144284
     Cl  12        3.274788       -0.027529       -0.805846
     Cl  12       -1.144284       -0.805846       -1.556249

     H   13       -0.000000        0.000000        0.000000
     H   13        0.000000        0.000000        0.000000
     H   13        0.000000        0.000000        0.000000

     C   14       -0.101654        0.104613       -0.097487
     C   14        0.104613        0.054551       -0.140224
     C   14       -0.097487       -0.140224        0.047103

     H   15       -0.000000        0.000000        0.000000
     H   15        0.000000        0.000000        0.000000
     H   15        0.000000        0.000000        0.000000

     C   16       -0.093570        0.104832       -0.060988
     C   16        0.104832        0.140676       -0.195493
     C   16       -0.060988       -0.195493       -0.047105

     C   17        0.033438        0.126643       -0.145466
     C   17        0.126643        0.105745       -0.121719
     C   17       -0.145466       -0.121719       -0.139184

     Cl  18        1.008663        1.151522       -0.112680
     Cl  18        1.151522        1.234213       -0.103411
     Cl  18       -0.112680       -0.103411       -2.242877

     H   19       -0.000000        0.000000        0.000000
     H   19        0.000000        0.000000        0.000000
     H   19        0.000000        0.000000        0.000000

     C   20        0.034038        0.225518       -0.166009
     C   20        0.225518        0.005850       -0.039392
     C   20       -0.166009       -0.039392       -0.039887

     H   21       -0.000000        0.000000        0.000000
     H   21        0.000000        0.000000        0.000000
     H   21        0.000000        0.000000        0.000000

     C   22       -0.138738        0.087677       -0.162985
     C   22        0.087677        0.094493       -0.174423
     C   22       -0.162985       -0.174423        0.044245

     C   23        0.003084        0.248599       -0.111139
     C   23        0.248599        0.107476       -0.047266
     C   23       -0.111139       -0.047266       -0.110560

     Cl  24        0.354641        2.190080        0.618623
     Cl  24        2.190080        0.905137        0.817366
     Cl  24        0.618623        0.817366       -1.259778

     ----- total EFG -----
     Cl   1        1.020484       -0.226981        0.231173
     Cl   1       -0.226981        1.512716        0.499058
     Cl   1        0.231173        0.499058       -2.533200

     C    2        0.180518        0.128178       -0.219052
     C    2        0.128178       -0.072753       -0.401473
     C    2       -0.219052       -0.401473       -0.107765

     C    3        0.015444       -0.085936       -0.155557
     C    3       -0.085936        0.068370       -0.128205
     C    3       -0.155557       -0.128205       -0.083814

     H    4        0.337825       -0.073935        0.688991
     H    4       -0.073935       -0.085064        0.187630
     H    4        0.688991        0.187630       -0.252761

     C    5        0.278336        0.069426        0.036494
     C    5        0.069426       -0.120408        0.078342
     C    5        0.036494        0.078342       -0.157928

     H    6       -0.175843       -0.332040        0.179273
     H    6       -0.332040        0.130254        0.733613
     H    6        0.179273        0.733613        0.045589

     H    7       -0.204858       -0.057910       -0.072618
     H    7       -0.057910        0.125357       -0.125144
     H    7       -0.072618       -0.125144        0.079500

     C    8       -0.539465        0.004509       -0.224511
     C    8        0.004509        0.493443       -0.435024
     C    8       -0.224511       -0.435024        0.046021

     H    9        0.054493       -0.507961        0.436156
     H    9       -0.507961       -0.113392        0.029771
     H    9        0.436156        0.029771        0.058900

     C   10        0.123715        0.587884       -0.271812
     C   10        0.587884        0.114225        0.009434
     C   10       -0.271812        0.009434       -0.237939

     C   11       -0.515775       -0.028432       -0.151363
     C   11       -0.028432        0.423736       -0.466525
     C   11       -0.151363       -0.466525        0.092038

     Cl  12        1.788676        3.645280       -1.233135
     Cl  12        3.645280       -0.041305       -0.866343
     Cl  12       -1.233135       -0.866343       -1.747371

     H   13       -0.137583        0.154631       -0.024148
     H   13        0.154631        0.331829        0.141753
     H   13       -0.024148        0.141753       -0.194245

     C   14       -0.314381        0.304008       -0.225709
     C   14        0.304008        0.271623       -0.267625
     C   14       -0.225709       -0.267625        0.042758

     H   15        0.239425        0.253163        0.106310
     H   15        0.253163        0.036273        0.146382
     H   15        0.106310        0.146382       -0.275698

     C   16       -0.052467        0.296920       -0.053718
     C   16        0.296920        0.275040       -0.465763
     C   16       -0.053718       -0.465763       -0.222573

     C   17        0.048143        0.252563       -0.457920
     C   17        0.252563        0.415674       -0.081069
     C   17       -0.457920       -0.081069       -0.463817

     Cl  18        1.050717        1.014816       -0.129793
     Cl  18        1.014816        1.254039       -0.079155
     Cl  18       -0.129793       -0.079155       -2.304756

     H   19       -0.308707       -0.238026        0.267921
     H   19       -0.238026        0.338102       -0.205104
     H   19        0.267921       -0.205104       -0.029395

     C   20        0.254961        0.721316       -0.342265
     C   20        0.721316       -0.112798        0.065535
     C   20       -0.342265        0.065535       -0.142162

     H   21        0.551466       -0.023669        0.374101
     H   21       -0.023669       -0.127005        0.194349
     H   21        0.374101        0.194349       -0.424461

     C   22       -0.569386       -0.030165       -0.332320
     C   22       -0.030165        0.320554       -0.541085
     C   22       -0.332320       -0.541085        0.248832

     C   23        0.252515        0.767364       -0.323328
     C   23        0.767364        0.018468        0.078400
     C   23       -0.323328        0.078400       -0.270983

     Cl  24        0.227803        2.113066        0.666788
     Cl  24        2.113066        0.956197        0.878453
     Cl  24        0.666788        0.878453       -1.184000

     ----- total EFG (symmetrized) -----
     Cl   1        1.020484       -0.226981        0.231173
     Cl   1       -0.226981        1.512716        0.499058
     Cl   1        0.231173        0.499058       -2.533200

     C    2        0.180518        0.128178       -0.219052
     C    2        0.128178       -0.072753       -0.401473
     C    2       -0.219052       -0.401473       -0.107765

     C    3        0.015444       -0.085936       -0.155557
     C    3       -0.085936        0.068370       -0.128205
     C    3       -0.155557       -0.128205       -0.083814

     H    4        0.337825       -0.073935        0.688991
     H    4       -0.073935       -0.085064        0.187630
     H    4        0.688991        0.187630       -0.252761

     C    5        0.278336        0.069426        0.036494
     C    5        0.069426       -0.120408        0.078342
     C    5        0.036494        0.078342       -0.157928

     H    6       -0.175843       -0.332040        0.179273
     H    6       -0.332040        0.130254        0.733613
     H    6        0.179273        0.733613        0.045589

     H    7       -0.204858       -0.057910       -0.072618
     H    7       -0.057910        0.125357       -0.125144
     H    7       -0.072618       -0.125144        0.079500

     C    8       -0.539465        0.004509       -0.224511
     C    8        0.004509        0.493443       -0.435024
     C    8       -0.224511       -0.435024        0.046021

     H    9        0.054493       -0.507961        0.436156
     H    9       -0.507961       -0.113392        0.029771
     H    9        0.436156        0.029771        0.058900

     C   10        0.123715        0.587884       -0.271812
     C   10        0.587884        0.114225        0.009434
     C   10       -0.271812        0.009434       -0.237939

     C   11       -0.515775       -0.028432       -0.151363
     C   11       -0.028432        0.423736       -0.466525
     C   11       -0.151363       -0.466525        0.092038

     Cl  12        1.788676        3.645280       -1.233135
     Cl  12        3.645280       -0.041305       -0.866343
     Cl  12       -1.233135       -0.866343       -1.747371

     H   13       -0.137583        0.154631       -0.024148
     H   13        0.154631        0.331829        0.141753
     H   13       -0.024148        0.141753       -0.194245

     C   14       -0.314381        0.304008       -0.225709
     C   14        0.304008        0.271623       -0.267625
     C   14       -0.225709       -0.267625        0.042758

     H   15        0.239425        0.253163        0.106310
     H   15        0.253163        0.036273        0.146382
     H   15        0.106310        0.146382       -0.275698

     C   16       -0.052467        0.296920       -0.053718
     C   16        0.296920        0.275040       -0.465763
     C   16       -0.053718       -0.465763       -0.222573

     C   17        0.048143        0.252563       -0.457920
     C   17        0.252563        0.415674       -0.081069
     C   17       -0.457920       -0.081069       -0.463817

     Cl  18        1.050717        1.014816       -0.129793
     Cl  18        1.014816        1.254039       -0.079155
     Cl  18       -0.129793       -0.079155       -2.304756

     H   19       -0.308707       -0.238026        0.267921
     H   19       -0.238026        0.338102       -0.205104
     H   19        0.267921       -0.205104       -0.029395

     C   20        0.254961        0.721316       -0.342265
     C   20        0.721316       -0.112798        0.065535
     C   20       -0.342265        0.065535       -0.142162

     H   21        0.551466       -0.023669        0.374101
     H   21       -0.023669       -0.127005        0.194349
     H   21        0.374101        0.194349       -0.424461

     C   22       -0.569386       -0.030165       -0.332320
     C   22       -0.030165        0.320554       -0.541085
     C   22       -0.332320       -0.541085        0.248832

     C   23        0.252515        0.767364       -0.323328
     C   23        0.767364        0.018468        0.078400
     C   23       -0.323328        0.078400       -0.270983

     Cl  24        0.227803        2.113066        0.666788
     Cl  24        2.113066        0.956197        0.878453
     Cl  24        0.666788        0.878453       -1.184000


     NQR/NMR SPECTROSCOPIC PARAMETERS:
     Cl   1    Vxx=    0.9739    axis=( -0.947592 -0.301605 -0.105378)
     Cl   1    Vyy=    1.6381    axis=( -0.311559  0.945381  0.095839)
     Cl   1    Vzz=   -2.6121    axis=( -0.070717 -0.123648  0.989803)
     Cl   1  Q=        -8.1650 1e-30 m^2  Cq=        50.1110 MHz  eta= 0.25427

     C    2    Vxx=   -0.0005    axis=(  0.782873 -0.518880  0.343327)
     C    2    Vyy=   -0.5001    axis=(  0.113796  0.661916  0.740889)
     C    2    Vzz=    0.5006    axis=( -0.611686 -0.540953  0.577243)
     C    2  Q=         1.0000 1e-30 m^2  Cq=         1.1762 MHz  eta= 0.99800

     C    3    Vxx=    0.1265    axis=( -0.840038  0.373243  0.393733)
     C    3    Vyy=    0.1416    axis=( -0.111336 -0.828892  0.548218)
     C    3    Vzz=   -0.2682    axis=(  0.530980  0.416687  0.737856)
     C    3  Q=         1.0000 1e-30 m^2  Cq=        -0.6301 MHz  eta= 0.05624

     H    4    Vxx=   -0.0297    axis=(  0.194278 -0.958958 -0.206531)
     H    4    Vyy=   -0.7645    axis=(  0.522329  0.279342 -0.805693)
     H    4    Vzz=    0.7942    axis=(  0.830319  0.048652  0.555161)
     H    4  Q=         1.0000 1e-30 m^2  Cq=         1.8660 MHz  eta= 0.92527

     C    5    Vxx=   -0.0754    axis=( -0.212149  0.754031  0.621634)
     C    5    Vyy=   -0.2202    axis=(  0.031051 -0.630592  0.775493)
     C    5    Vzz=    0.2955    axis=(  0.976744  0.183823  0.110366)
     C    5  Q=         1.0000 1e-30 m^2  Cq=         0.6944 MHz  eta= 0.49003

     H    6    Vxx=    0.0042    axis=(  0.869161 -0.236892  0.434098)
     H    6    Vyy=    0.8379    axis=( -0.126597  0.741966  0.658376)
     H    6    Vzz=   -0.8421    axis=( -0.478050 -0.627191  0.614898)
     H    6  Q=         1.0000 1e-30 m^2  Cq=        -1.9785 MHz  eta= 0.99004

     H    7    Vxx=    0.0145    axis=( -0.389794  0.592374  0.705091)
     H    7    Vyy=    0.2297    axis=( -0.005008 -0.767005  0.641622)
     H    7    Vzz=   -0.2442    axis=(  0.920889  0.246569  0.301940)
     H    7  Q=         1.0000 1e-30 m^2  Cq=        -0.5737 MHz  eta= 0.88117

     C    8    Vxx=   -0.1344    axis=(  0.409145 -0.521659 -0.748647)
     C    8    Vyy=   -0.6360    axis=( -0.907573 -0.147767 -0.393035)
     C    8    Vzz=    0.7704    axis=(  0.094405  0.840260 -0.533902)
     C    8  Q=         1.0000 1e-30 m^2  Cq=         1.8101 MHz  eta= 0.65106

     H    9    Vxx=    0.0158    axis=( -0.118732  0.641612  0.757784)
     H    9    Vyy=    0.6693    axis=(  0.734003 -0.457250  0.502158)
     H    9    Vzz=   -0.6851    axis=(  0.668687  0.615838 -0.416655)
     H    9  Q=         1.0000 1e-30 m^2  Cq=        -1.6097 MHz  eta= 0.95397

     C   10    Vxx=   -0.1537    axis=(  0.240639 -0.498605 -0.832758)
     C   10    Vyy=   -0.5897    axis=(  0.652605 -0.551973  0.519069)
     C   10    Vzz=    0.7435    axis=( -0.718470 -0.668371  0.192566)
     C   10  Q=         1.0000 1e-30 m^2  Cq=         1.7468 MHz  eta= 0.58640

     C   11    Vxx=   -0.1796    axis=( -0.380242  0.554454  0.740268)
     C   11    Vyy=   -0.5767    axis=(  0.923476  0.183396  0.336984)
     C   11    Vzz=    0.7563    axis=(  0.051080  0.811755 -0.581760)
     C   11  Q=         1.0000 1e-30 m^2  Cq=         1.7770 MHz  eta= 0.52495

     Cl  12    Vxx=   -2.0780    axis=(  0.116072  0.205598  0.971729)
     Cl  12    Vyy=   -2.8914    axis=( -0.626538  0.774294 -0.088985)
     Cl  12    Vzz=    4.9694    axis=( -0.770699 -0.598497  0.218689)
     Cl  12  Q=        -8.1650 1e-30 m^2  Cq=       -95.3349 MHz  eta= 0.16369

     H   13    Vxx=   -0.1379    axis=(  0.810241 -0.092051 -0.578823)
     H   13    Vyy=   -0.2683    axis=( -0.525968  0.321528 -0.787387)
     H   13    Vzz=    0.4062    axis=(  0.258587  0.942415  0.212099)
     H   13  Q=         1.0000 1e-30 m^2  Cq=         0.9543 MHz  eta= 0.32096

     C   14    Vxx=   -0.1328    axis=( -0.048854  0.576429  0.815685)
     C   14    Vyy=   -0.4711    axis=(  0.923342 -0.285339  0.256945)
     C   14    Vzz=    0.6040    axis=(  0.380857  0.765710 -0.518301)
     C   14  Q=         1.0000 1e-30 m^2  Cq=         1.4191 MHz  eta= 0.56009

     H   15    Vxx=   -0.1171    axis=(  0.609857 -0.742658 -0.276647)
     H   15    Vyy=   -0.3337    axis=(  0.014341  0.359361 -0.933088)
     H   15    Vzz=    0.4508    axis=(  0.792382  0.565083  0.229810)
     H   15  Q=         1.0000 1e-30 m^2  Cq=         1.0592 MHz  eta= 0.48052

     C   16    Vxx=   -0.1367    axis=(  0.893663 -0.178968  0.411506)
     C   16    Vyy=   -0.5300    axis=( -0.254589  0.552944  0.793371)
     C   16    Vzz=    0.6666    axis=( -0.369528 -0.813771  0.448582)
     C   16  Q=         1.0000 1e-30 m^2  Cq=         1.5663 MHz  eta= 0.58997

     C   17    Vxx=    0.1043    axis=(  0.643887 -0.633841 -0.428549)
     C   17    Vyy=    0.6312    axis=( -0.564471 -0.771636  0.293173)
     C   17    Vzz=   -0.7355    axis=(  0.516509 -0.053133  0.854632)
     C   17  Q=         1.0000 1e-30 m^2  Cq=        -1.7282 MHz  eta= 0.71641

     Cl  18    Vxx=    0.1332    axis=(  0.740551 -0.671769 -0.017615)
     Cl  18    Vyy=    2.1770    axis=(  0.671094  0.740659 -0.032516)
     Cl  18    Vzz=   -2.3103    axis=(  0.034890  0.012259  0.999316)
     Cl  18  Q=        -8.1650 1e-30 m^2  Cq=        44.3211 MHz  eta= 0.88465

     H   19    Vxx=   -0.0725    axis=(  0.306159  0.561492  0.768761)
     H   19    Vyy=   -0.4851    axis=( -0.879881 -0.141380  0.453675)
     H   19    Vzz=    0.5576    axis=(  0.363423 -0.815315  0.450761)
     H   19  Q=         1.0000 1e-30 m^2  Cq=         1.3101 MHz  eta= 0.73995

     C   20    Vxx=   -0.0846    axis=(  0.063163 -0.451946 -0.889806)
     C   20    Vyy=   -0.7856    axis=(  0.607662 -0.689848  0.393519)
     C   20    Vzz=    0.8701    axis=( -0.791680 -0.565557  0.231057)
     C   20  Q=         1.0000 1e-30 m^2  Cq=         2.0445 MHz  eta= 0.80559

     H   21    Vxx=   -0.0552    axis=(  0.163724 -0.931632 -0.324434)
     H   21    Vyy=   -0.6253    axis=(  0.289253  0.359752 -0.887080)
     H   21    Vzz=    0.6804    axis=(  0.943147  0.051393  0.328378)
     H   21  Q=         1.0000 1e-30 m^2  Cq=         1.5987 MHz  eta= 0.83785

     C   22    Vxx=   -0.1179    axis=( -0.466378  0.674391  0.572440)
     C   22    Vyy=   -0.7399    axis=( -0.872037 -0.241903 -0.425481)
     C   22    Vzz=    0.8578    axis=( -0.148466 -0.697624  0.700912)
     C   22  Q=         1.0000 1e-30 m^2  Cq=         2.0154 MHz  eta= 0.72517

     C   23    Vxx=   -0.1558    axis=(  0.194164 -0.466839 -0.862764)
     C   23    Vyy=   -0.7882    axis=(  0.612581 -0.629236  0.478338)
     C   23    Vzz=    0.9440    axis=( -0.766188 -0.621389  0.163802)
     C   23  Q=         1.0000 1e-30 m^2  Cq=         2.2180 MHz  eta= 0.66992

     Cl  24    Vxx=   -1.4449    axis=( -0.491083  0.116326  0.863311)
     Cl  24    Vyy=   -1.5796    axis=( -0.611007  0.660377 -0.436545)
     Cl  24    Vzz=    3.0245    axis=( -0.620892 -0.741869 -0.253224)
     Cl  24  Q=        -8.1650 1e-30 m^2  Cq=       -58.0241 MHz  eta= 0.04453

     Initialization:
     gipaw_setup  :      8.94s CPU     10.79s WALL (       1 calls)

     Linear response

     Apply operators

     Induced current

     Other routines
     efg          :      9.09s CPU     11.17s WALL (       1 calls)

     General routines
     calbec       :      3.24s CPU      4.20s WALL (      16 calls)
     fft          :      1.63s CPU      2.86s WALL (      15 calls)
     ffts         :      0.06s CPU      0.06s WALL (       2 calls)
     fftw         :      3.10s CPU      3.74s WALL (     672 calls)
     davcio       :      0.03s CPU      0.32s WALL (      32 calls)

     Parallel routines
     fft_scatter  :      2.29s CPU      3.89s WALL (     689 calls)

     Plugins

     GIPAW        :     60.47s CPU     73.84s WALL (       1 calls)
