
     Program QE v.6.0 (svn rev. 13079) starts on 10Jan2017 at 15:55:58 

     This program is part of the open-source Quantum ESPRESSO suite
     for quantum simulation of materials; please cite
         "P. Giannozzi et al., J. Phys.:Condens. Matter 21 395502 (2009);
          URL http://www.quantum-espresso.org", 
     in publications or presentations arising from this work. More details at
     http://www.quantum-espresso.org/quote

     Parallel version (MPI), running on     8 processors
     R & G space division:  proc/nbgrp/npool/nimage =       8

     ***** This is GIPAW svn revision unknown      *****

     Parallelizing q-star over 1 images

     Reading data from directory:
     /users/majewski/paradichlorobenzene/pbe/9_constraint/scratch/pbe.ecut100.np8.dt60.pcl2phi-129368.save
     Message from routine read_xml_file:
     file /users/majewski/paradichlorobenzene/pbe/9_constraint/scratch/pbe.ecut100.np8.dt60.pcl2phi-129368.save not guaranteed to be safe for post-processing

   Info: using nr1, nr2, nr3 values from input

   Info: using nr1, nr2, nr3 values from input

     IMPORTANT: XC functional enforced from input :
     Exchange-correlation      =  SLA  PW   PBX  PBC ( 1  4  3  4 0 0)
     Any further DFT definition will be discarded
     Please, verify this is what you really want

               file C.pbe-n-kjpaw_psl.1.0.0.UPF: wavefunction(s)  2S 2P renormalized
               file Cl.pbe-n-kjpaw_psl.1.0.0.UPF: wavefunction(s)  3S 3P renormalized
               file H.pbe-kjpaw_psl.1.0.0.UPF: wavefunction(s)  1S renormalized

     Parallelization info
     --------------------
     sticks:   dense  smooth     PW     G-vecs:    dense   smooth      PW
     Min        3057    1223    332               144436    36536    5170
     Max        3059    1225    333               144437    36537    5171
     Sum       24467    9791   2657              1155489   292295   41363


     Subspace diagonalization in iterative solution of the eigenvalue problem:
     a serial algorithm will be used

     GIPAW projectors -----------------------------------------------
     atom=  C    l=0  rc=    1.2000  rs=    0.8000
     atom=  C    l=0  rc=    1.2000  rs=    0.8000
     atom=  C    l=1  rc=    1.4000  rs=    0.9333
     atom=  C    l=1  rc=    1.4000  rs=    0.9333
     projs nearly linearly dependent: l=1  n1,n2= 1, 2  s=  0.99951561

     atom=  Cl   l=0  rc=    1.6000  rs=    1.0667
     atom=  Cl   l=0  rc=    1.6000  rs=    1.0667
     atom=  Cl   l=1  rc=    1.6000  rs=    1.0667
     atom=  Cl   l=1  rc=    1.6000  rs=    1.0667
     atom=  Cl   l=2  rc=    1.6000  rs=    1.0667
     atom=  Cl   l=2  rc=    1.6000  rs=    1.0667
     projs nearly linearly dependent: l=2  n1,n2= 1, 2  s=  0.99993509

     atom=  H    l=0  rc=    1.0000  rs=    0.6667
     atom=  H    l=0  rc=    1.0000  rs=    0.6667
     projs nearly linearly dependent: l=0  n1,n2= 1, 2  s=  0.99968852
     -----------------------------------------------------------------

     GIPAW integrals: -------------------------------------------
     Atom  i/j   nmr_para   nmr_dia   epr_rmc  epr_para   epr_dia
       C   1 1   0.83E+03  0.17E-01  0.93E+01  0.24E+08  0.24E+03
       C   2 1   0.86E+03 -0.61E-01  0.94E+01  0.25E+08  0.25E+03
       C   2 2   0.90E+03 -0.15E+00  0.97E+01  0.26E+08  0.26E+03
       C   3 3   0.33E+01  0.34E+00  0.18E+01  0.55E+03  0.21E+02
       C   4 3   0.35E+01  0.37E+00  0.20E+01  0.59E+03  0.22E+02
       C   4 4   0.38E+01  0.39E+00  0.22E+01  0.63E+03  0.24E+02
       Cl  1 1   0.14E+04 -0.47E+00  0.84E+01  0.32E+09  0.42E+03
       Cl  2 1   0.21E+04 -0.37E+00  0.12E+02  0.49E+09  0.65E+03
       Cl  2 2   0.33E+04 -0.16E+00  0.21E+02  0.76E+09  0.10E+04
       Cl  3 3   0.21E+02  0.79E-01  0.89E+01  0.23E+05  0.13E+03
       Cl  4 3   0.24E+02  0.67E-01  0.99E+01  0.27E+05  0.15E+03
       Cl  4 4   0.28E+02  0.44E-01  0.11E+02  0.32E+05  0.18E+03
       Cl  5 5   0.77E+00  0.19E+00  0.18E+01  0.12E+03  0.22E+02
       Cl  6 5   0.80E+00  0.19E+00  0.19E+01  0.12E+03  0.23E+02
       Cl  6 6   0.83E+00  0.20E+00  0.19E+01  0.12E+03  0.23E+02
       H   1 1   0.39E+02  0.19E+00  0.29E+00  0.78E+05  0.13E+02
       H   2 1   0.41E+02  0.21E+00  0.32E+00  0.82E+05  0.14E+02
       H   2 2   0.43E+02  0.22E+00  0.36E+00  0.86E+05  0.15E+02
     ------------------------------------------------------------

     alpha_pv=     34.1301 eV

     Number of occupied bands for each k-point:
     k-point:     1    nbnd_occ=  42
     k-point:     2    nbnd_occ=  42
     k-point:     3    nbnd_occ=  42
     k-point:     4    nbnd_occ=  42
     k-point:     5    nbnd_occ=  42
     k-point:     6    nbnd_occ=  42
     k-point:     7    nbnd_occ=  42
     k-point:     8    nbnd_occ=  42
     k-point:     9    nbnd_occ=  42
     k-point:    10    nbnd_occ=  42
     k-point:    11    nbnd_occ=  42
     k-point:    12    nbnd_occ=  42
     k-point:    13    nbnd_occ=  42
     k-point:    14    nbnd_occ=  42
     k-point:    15    nbnd_occ=  42
     k-point:    16    nbnd_occ=  42


     q-space interpolation up to   110.00 Rydberg

     GIPAW job: efg                                                                             


     ELECTRIC FIELD GRADIENTS TENSORS IN Hartree/bohrradius^2:

     ----- bare term -----
     Cl   1       -0.030377        0.226542        0.100602
     Cl   1        0.226542        0.002281        0.102563
     Cl   1        0.100602        0.102563        0.028097

     C    2       -0.282970        0.225539       -0.459719
     C    2        0.225539        0.157908       -0.288182
     C    2       -0.459719       -0.288182        0.125063

     C    3        0.159744        0.281180        0.012466
     C    3        0.281180       -0.174776       -0.379042
     C    3        0.012466       -0.379042        0.015031

     H    4        0.198105       -0.030691       -0.273694
     H    4       -0.030691        0.224800        0.269163
     H    4       -0.273694        0.269163       -0.422904

     C    5       -0.563036        0.348915       -0.331422
     C    5        0.348915        0.276210       -0.352234
     C    5       -0.331422       -0.352234        0.286826

     H    6        0.493003       -0.034590        0.157109
     H    6       -0.034590        0.072485       -0.177186
     H    6        0.157109       -0.177186       -0.565489

     H    7        0.373763        0.317061        0.079770
     H    7        0.317061       -0.646893        0.085266
     H    7        0.079770        0.085266        0.273130

     C    8       -0.356901       -0.253459       -0.354613
     C    8       -0.253459       -0.102953        0.431387
     C    8       -0.354613        0.431387        0.459854

     H    9       -0.457072        0.456721       -0.208200
     H    9        0.456721        0.168486        0.046382
     H    9       -0.208200        0.046382        0.288586

     C   10       -0.183226       -0.235818       -0.328140
     C   10       -0.235818       -0.234677        0.509894
     C   10       -0.328140        0.509894        0.417903

     C   11       -0.279576        0.091381       -0.339531
     C   11        0.091381       -0.075708        0.533702
     C   11       -0.339531        0.533702        0.355285

     Cl  12       -0.138374       -0.129497        0.126520
     Cl  12       -0.129497       -0.123770       -0.026008
     Cl  12        0.126520       -0.026008        0.262143

     H   13        0.431613       -0.057169       -0.271546
     H   13       -0.057169        0.033044       -0.403185
     H   13       -0.271546       -0.403185       -0.464657

     C   14       -0.138108        0.418657        0.013232
     C   14        0.418657       -0.400920       -0.393200
     C   14        0.013232       -0.393200        0.539028

     H   15        0.044644       -0.048992       -0.507931
     H   15       -0.048992        0.395266        0.124916
     H   15       -0.507931        0.124916       -0.439910

     C   16       -0.227874        0.053675       -0.230892
     C   16        0.053675       -0.121636       -0.615825
     C   16       -0.230892       -0.615825        0.349510

     C   17       -0.151130        0.077216       -0.483758
     C   17        0.077216       -0.141641       -0.519709
     C   17       -0.483758       -0.519709        0.292771

     Cl  18       -0.037182        0.035442        0.005448
     Cl  18        0.035442       -0.033897        0.042130
     Cl  18        0.005448        0.042130        0.071079

     H   19        0.495486        0.025466        0.100337
     H   19        0.025466       -0.025487        0.371032
     H   19        0.100337        0.371032       -0.469999

     C   20       -0.376617       -0.291200       -0.278724
     C   20       -0.291200       -0.107936        0.437279
     C   20       -0.278724        0.437279        0.484553

     H   21       -0.196062        0.148671       -0.531115
     H   21        0.148671        0.387044        0.127444
     H   21       -0.531115        0.127444       -0.190983

     C   22       -0.154161       -0.182726       -0.264071
     C   22       -0.182726       -0.174923        0.591759
     C   22       -0.264071        0.591759        0.329084

     C   23       -0.187341       -0.120265       -0.328331
     C   23       -0.120265       -0.142636        0.487784
     C   23       -0.328331        0.487784        0.329977

     Cl  24       -0.010734       -0.012195       -0.028189
     Cl  24       -0.012195        0.015897        0.016315
     Cl  24       -0.028189        0.016315       -0.005163

     ----- ionic term -----
     Cl   1        0.129057       -0.221841       -0.013983
     Cl   1       -0.221841        0.005935        0.017320
     Cl   1       -0.013983        0.017320       -0.134992

     C    2        0.114656       -0.269240        0.258586
     C    2       -0.269240       -0.032212        0.447053
     C    2        0.258586        0.447053       -0.082444

     C    3       -0.037551       -0.365666        0.225121
     C    3       -0.365666        0.085718        0.376990
     C    3        0.225121        0.376990       -0.048167

     H    4        0.263545        0.060373        0.800254
     H    4        0.060373       -0.530016        0.122369
     H    4        0.800254        0.122369        0.266471

     C    5        0.075556       -0.359427        0.354832
     C    5       -0.359427       -0.011779        0.237697
     C    5        0.354832        0.237697       -0.063777

     H    6       -0.566793       -0.009309        0.027649
     H    6       -0.009309        0.302693        0.801927
     H    6        0.027649        0.801927        0.264100

     H    7       -0.501910       -0.190489        0.072527
     H    7       -0.190489        0.833229       -0.570165
     H    7        0.072527       -0.570165       -0.331319

     C    8        0.290643        0.118268        0.233518
     C    8        0.118268        0.111411       -0.269666
     C    8        0.233518       -0.269666       -0.402054

     H    9        0.645198       -0.429499        0.588835
     H    9       -0.429499       -0.351695       -0.268254
     H    9        0.588835       -0.268254       -0.293503

     C   10        0.151763        0.140190        0.193524
     C   10        0.140190        0.173379       -0.386853
     C   10        0.193524       -0.386853       -0.325142

     C   11        0.219794        0.139979        0.301915
     C   11        0.139979        0.083127       -0.429513
     C   11        0.301915       -0.429513       -0.302921

     Cl  12        0.122687        0.217988       -0.008097
     Cl  12        0.217988        0.028055       -0.018290
     Cl  12       -0.008097       -0.018290       -0.150742

     H   13       -0.524889        0.095620        0.072132
     H   13        0.095620        0.360440        0.789296
     H   13        0.072132        0.789296        0.164449

     C   14        0.152519       -0.203664        0.317480
     C   14       -0.203664        0.008864        0.294646
     C   14        0.317480        0.294646       -0.161383

     H   15        0.406838        0.218874        0.785591
     H   15        0.218874       -0.464675        0.243108
     H   15        0.785591        0.243108        0.057836

     C   16       -0.003988       -0.203075        0.260917
     C   16       -0.203075        0.191613        0.397763
     C   16        0.260917        0.397763       -0.187625

     C   17       -0.035629       -0.250817        0.406542
     C   17       -0.250817        0.130026        0.324688
     C   17        0.406542        0.324688       -0.094397

     Cl  18        0.042634       -0.201207        0.027476
     Cl  18       -0.201207        0.095996       -0.020006
     Cl  18        0.027476       -0.020006       -0.138630

     H   19       -0.513319        0.006691        0.019756
     H   19        0.006691        0.403676       -0.796581
     H   19        0.019756       -0.796581        0.109642

     C   20        0.304159        0.188379        0.280490
     C   20        0.188379       -0.039758       -0.342523
     C   20        0.280490       -0.342523       -0.264401

     H   21        0.448078       -0.301238        0.748120
     H   21       -0.301238       -0.423302       -0.304565
     H   21        0.748120       -0.304565       -0.024775

     C   22        0.077792        0.234413        0.177419
     C   22        0.234413        0.166672       -0.468376
     C   22        0.177419       -0.468376       -0.244464

     C   23        0.220807        0.178380        0.205871
     C   23        0.178380        0.099983       -0.448816
     C   23        0.205871       -0.448816       -0.320790

     Cl  24        0.157293        0.216860        0.000599
     Cl  24        0.216860       -0.012614       -0.009177
     Cl  24        0.000599       -0.009177       -0.144680

     ----- GIPAW term -----
     Cl   1        1.255577        0.115066        1.204135
     Cl   1        0.115066        0.230475        1.194633
     Cl   1        1.204135        1.194633       -1.486051

     C    2        0.073741        0.103870       -0.035972
     C    2        0.103870        0.101759        0.010838
     C    2       -0.035972        0.010838       -0.175500

     C    3       -0.008529        0.086141       -0.021621
     C    3        0.086141        0.056474       -0.081730
     C    3       -0.021621       -0.081730       -0.047945

     H    4       -0.000000        0.000000        0.000000
     H    4        0.000000        0.000000        0.000000
     H    4        0.000000        0.000000        0.000000

     C    5       -0.160468        0.119918       -0.087057
     C    5        0.119918        0.144674       -0.187859
     C    5       -0.087057       -0.187859        0.015794

     H    6       -0.000000        0.000000        0.000000
     H    6        0.000000        0.000000        0.000000
     H    6        0.000000        0.000000        0.000000

     H    7       -0.000000        0.000000        0.000000
     H    7        0.000000        0.000000        0.000000
     H    7        0.000000        0.000000        0.000000

     C    8       -0.059634       -0.067957       -0.084080
     C    8       -0.067957       -0.032278        0.137176
     C    8       -0.084080        0.137176        0.091912

     H    9       -0.000000        0.000000        0.000000
     H    9        0.000000        0.000000        0.000000
     H    9        0.000000        0.000000        0.000000

     C   10       -0.036604       -0.042285       -0.128840
     C   10       -0.042285       -0.046046        0.102389
     C   10       -0.128840        0.102389        0.082649

     C   11       -0.006697        0.159888       -0.014798
     C   11        0.159888       -0.046256        0.109501
     C   11       -0.014798        0.109501        0.052953

     Cl  12        0.288635        1.375720        1.276893
     Cl  12        1.375720       -1.193551       -0.282283
     Cl  12        1.276893       -0.282283        0.904915

     H   13       -0.000000        0.000000        0.000000
     H   13        0.000000        0.000000        0.000000
     H   13        0.000000        0.000000        0.000000

     C   14       -0.000669        0.095954        0.144496
     C   14        0.095954       -0.188220       -0.040798
     C   14        0.144496       -0.040798        0.188889

     H   15       -0.000000        0.000000        0.000000
     H   15        0.000000        0.000000        0.000000
     H   15        0.000000        0.000000        0.000000

     C   16       -0.152532       -0.056397       -0.004752
     C   16       -0.056397        0.007266       -0.238676
     C   16       -0.004752       -0.238676        0.145266

     C   17        0.036507       -0.062511       -0.149779
     C   17       -0.062511       -0.025527       -0.142323
     C   17       -0.149779       -0.142323       -0.010980

     Cl  18        0.346424        0.466862       -1.138595
     Cl  18        0.466862        0.828768       -1.529697
     Cl  18       -1.138595       -1.529697       -1.175192

     H   19       -0.000000        0.000000        0.000000
     H   19        0.000000        0.000000        0.000000
     H   19        0.000000        0.000000        0.000000

     C   20       -0.088007       -0.049967       -0.042023
     C   20       -0.049967       -0.064721        0.138056
     C   20       -0.042023        0.138056        0.152727

     H   21       -0.000000        0.000000        0.000000
     H   21        0.000000        0.000000        0.000000
     H   21        0.000000        0.000000        0.000000

     C   22       -0.076392        0.006128       -0.054179
     C   22        0.006128        0.038849        0.141847
     C   22       -0.054179        0.141847        0.037543

     C   23        0.055693        0.119697       -0.057272
     C   23        0.119697       -0.017024        0.078769
     C   23       -0.057272        0.078769       -0.038669

     Cl  24        1.397229        2.235168       -0.228296
     Cl  24        2.235168        0.208992        0.127466
     Cl  24       -0.228296        0.127466       -1.606222

     ----- total EFG -----
     Cl   1        1.354256        0.119767        1.290755
     Cl   1        0.119767        0.238690        1.314516
     Cl   1        1.290755        1.314516       -1.592947

     C    2       -0.094573        0.060169       -0.237105
     C    2        0.060169        0.227455        0.169709
     C    2       -0.237105        0.169709       -0.132881

     C    3        0.113664        0.001655        0.215967
     C    3        0.001655       -0.032584       -0.083782
     C    3        0.215967       -0.083782       -0.081080

     H    4        0.461650        0.029682        0.526560
     H    4        0.029682       -0.305217        0.391532
     H    4        0.526560        0.391532       -0.156433

     C    5       -0.647949        0.109406       -0.063647
     C    5        0.109406        0.409105       -0.302396
     C    5       -0.063647       -0.302396        0.238843

     H    6       -0.073790       -0.043899        0.184758
     H    6       -0.043899        0.375178        0.624741
     H    6        0.184758        0.624741       -0.301388

     H    7       -0.128147        0.126572        0.152297
     H    7        0.126572        0.186336       -0.484899
     H    7        0.152297       -0.484899       -0.058189

     C    8       -0.125891       -0.203148       -0.205175
     C    8       -0.203148       -0.023820        0.298898
     C    8       -0.205175        0.298898        0.149712

     H    9        0.188126        0.027222        0.380635
     H    9        0.027222       -0.183210       -0.221872
     H    9        0.380635       -0.221872       -0.004917

     C   10       -0.068067       -0.137912       -0.263456
     C   10       -0.137912       -0.107343        0.225430
     C   10       -0.263456        0.225430        0.175410

     C   11       -0.066479        0.391249       -0.052415
     C   11        0.391249       -0.038837        0.213689
     C   11       -0.052415        0.213689        0.105316

     Cl  12        0.272948        1.464211        1.395315
     Cl  12        1.464211       -1.289265       -0.326581
     Cl  12        1.395315       -0.326581        1.016317

     H   13       -0.093275        0.038451       -0.199414
     H   13        0.038451        0.393483        0.386111
     H   13       -0.199414        0.386111       -0.300208

     C   14        0.013743        0.310947        0.475208
     C   14        0.310947       -0.580277       -0.139352
     C   14        0.475208       -0.139352        0.566534

     H   15        0.451482        0.169882        0.277660
     H   15        0.169882       -0.069408        0.368023
     H   15        0.277660        0.368023       -0.382074

     C   16       -0.384395       -0.205797        0.025273
     C   16       -0.205797        0.077243       -0.456738
     C   16        0.025273       -0.456738        0.307151

     C   17       -0.150253       -0.236112       -0.226995
     C   17       -0.236112       -0.037141       -0.337344
     C   17       -0.226995       -0.337344        0.187395

     Cl  18        0.351876        0.301096       -1.105671
     Cl  18        0.301096        0.890867       -1.507573
     Cl  18       -1.105671       -1.507573       -1.242743

     H   19       -0.017833        0.032157        0.120093
     H   19        0.032157        0.378190       -0.425549
     H   19        0.120093       -0.425549       -0.360357

     C   20       -0.160465       -0.152788       -0.040257
     C   20       -0.152788       -0.212415        0.232813
     C   20       -0.040257        0.232813        0.372880

     H   21        0.252016       -0.152567        0.217005
     H   21       -0.152567       -0.036258       -0.177120
     H   21        0.217005       -0.177120       -0.215758

     C   22       -0.152760        0.057815       -0.140831
     C   22        0.057815        0.030598        0.265229
     C   22       -0.140831        0.265229        0.122162

     C   23        0.089159        0.177812       -0.179732
     C   23        0.177812       -0.059677        0.117737
     C   23       -0.179732        0.117737       -0.029482

     Cl  24        1.543788        2.439833       -0.255886
     Cl  24        2.439833        0.212276        0.134604
     Cl  24       -0.255886        0.134604       -1.756064

     ----- total EFG (symmetrized) -----
     Cl   1        1.354256        0.119767        1.290755
     Cl   1        0.119767        0.238690        1.314516
     Cl   1        1.290755        1.314516       -1.592947

     C    2       -0.094573        0.060169       -0.237105
     C    2        0.060169        0.227455        0.169709
     C    2       -0.237105        0.169709       -0.132881

     C    3        0.113664        0.001655        0.215967
     C    3        0.001655       -0.032584       -0.083782
     C    3        0.215967       -0.083782       -0.081080

     H    4        0.461650        0.029682        0.526560
     H    4        0.029682       -0.305217        0.391532
     H    4        0.526560        0.391532       -0.156433

     C    5       -0.647949        0.109406       -0.063647
     C    5        0.109406        0.409105       -0.302396
     C    5       -0.063647       -0.302396        0.238843

     H    6       -0.073790       -0.043899        0.184758
     H    6       -0.043899        0.375178        0.624741
     H    6        0.184758        0.624741       -0.301388

     H    7       -0.128147        0.126572        0.152297
     H    7        0.126572        0.186336       -0.484899
     H    7        0.152297       -0.484899       -0.058189

     C    8       -0.125891       -0.203148       -0.205175
     C    8       -0.203148       -0.023820        0.298898
     C    8       -0.205175        0.298898        0.149712

     H    9        0.188126        0.027222        0.380635
     H    9        0.027222       -0.183210       -0.221872
     H    9        0.380635       -0.221872       -0.004917

     C   10       -0.068067       -0.137912       -0.263456
     C   10       -0.137912       -0.107343        0.225430
     C   10       -0.263456        0.225430        0.175410

     C   11       -0.066479        0.391249       -0.052415
     C   11        0.391249       -0.038837        0.213689
     C   11       -0.052415        0.213689        0.105316

     Cl  12        0.272948        1.464211        1.395315
     Cl  12        1.464211       -1.289265       -0.326581
     Cl  12        1.395315       -0.326581        1.016317

     H   13       -0.093275        0.038451       -0.199414
     H   13        0.038451        0.393483        0.386111
     H   13       -0.199414        0.386111       -0.300208

     C   14        0.013743        0.310947        0.475208
     C   14        0.310947       -0.580277       -0.139352
     C   14        0.475208       -0.139352        0.566534

     H   15        0.451482        0.169882        0.277660
     H   15        0.169882       -0.069408        0.368023
     H   15        0.277660        0.368023       -0.382074

     C   16       -0.384395       -0.205797        0.025273
     C   16       -0.205797        0.077243       -0.456738
     C   16        0.025273       -0.456738        0.307151

     C   17       -0.150253       -0.236112       -0.226995
     C   17       -0.236112       -0.037141       -0.337344
     C   17       -0.226995       -0.337344        0.187395

     Cl  18        0.351876        0.301096       -1.105671
     Cl  18        0.301096        0.890867       -1.507573
     Cl  18       -1.105671       -1.507573       -1.242743

     H   19       -0.017833        0.032157        0.120093
     H   19        0.032157        0.378190       -0.425549
     H   19        0.120093       -0.425549       -0.360357

     C   20       -0.160465       -0.152788       -0.040257
     C   20       -0.152788       -0.212415        0.232813
     C   20       -0.040257        0.232813        0.372880

     H   21        0.252016       -0.152567        0.217005
     H   21       -0.152567       -0.036258       -0.177120
     H   21        0.217005       -0.177120       -0.215758

     C   22       -0.152760        0.057815       -0.140831
     C   22        0.057815        0.030598        0.265229
     C   22       -0.140831        0.265229        0.122162

     C   23        0.089159        0.177812       -0.179732
     C   23        0.177812       -0.059677        0.117737
     C   23       -0.179732        0.117737       -0.029482

     Cl  24        1.543788        2.439833       -0.255886
     Cl  24        2.439833        0.212276        0.134604
     Cl  24       -0.255886        0.134604       -1.756064


     NQR/NMR SPECTROSCOPIC PARAMETERS:
     Cl   1    Vxx=    0.5284    axis=(  0.482374 -0.845172 -0.230215)
     Cl   1    Vyy=    2.0624    axis=( -0.831767 -0.359506 -0.422989)
     Cl   1    Vzz=   -2.5908    axis=(  0.274735  0.395525 -0.876402)
     Cl   1  Q=        -8.1650 1e-30 m^2  Cq=        49.7036 MHz  eta= 0.59210

     C    2    Vxx=    0.0978    axis=( -0.769672 -0.345554  0.536840)
     C    2    Vyy=    0.2984    axis=(  0.113730 -0.901623 -0.417302)
     C    2    Vzz=   -0.3962    axis=(  0.628228 -0.260131  0.733254)
     C    2  Q=         1.0000 1e-30 m^2  Cq=        -0.9310 MHz  eta= 0.50625

     C    3    Vxx=   -0.0151    axis=(  0.304531  0.933617 -0.188733)
     C    3    Vyy=   -0.2450    axis=( -0.489257  0.323330  0.809991)
     C    3    Vzz=    0.2601    axis=(  0.817244 -0.154329  0.555243)
     C    3  Q=         1.0000 1e-30 m^2  Cq=         0.6111 MHz  eta= 0.88383

     H    4    Vxx=   -0.0818    axis=(  0.486713 -0.742338 -0.460483)
     H    4    Vyy=   -0.7284    axis=(  0.298657  0.636772 -0.710862)
     H    4    Vzz=    0.8102    axis=(  0.820923  0.208460  0.531630)
     H    4  Q=         1.0000 1e-30 m^2  Cq=         1.9036 MHz  eta= 0.79806

     C    5    Vxx=    0.0102    axis=(  0.022408  0.600012  0.799677)
     C    5    Vyy=    0.6503    axis=(  0.096356  0.794858 -0.599096)
     C    5    Vzz=   -0.6605    axis=( -0.995095  0.090478 -0.040003)
     C    5  Q=         1.0000 1e-30 m^2  Cq=        -1.5518 MHz  eta= 0.96921

     H    6    Vxx=   -0.0272    axis=(  0.960489 -0.198355  0.195236)
     H    6    Vyy=   -0.7242    axis=(  0.269194  0.483930 -0.832674)
     H    6    Vzz=    0.7514    axis=(  0.070685  0.852330  0.518205)
     H    6  Q=         1.0000 1e-30 m^2  Cq=         1.7654 MHz  eta= 0.92768

     H    7    Vxx=   -0.0314    axis=(  0.898241  0.262643  0.352395)
     H    7    Vyy=   -0.5328    axis=( -0.439400  0.554076  0.707056)
     H    7    Vzz=    0.5642    axis=( -0.009550 -0.789948  0.613099)
     H    7  Q=         1.0000 1e-30 m^2  Cq=         1.3257 MHz  eta= 0.88873

     C    8    Vxx=   -0.2163    axis=( -0.604065  0.417008 -0.679124)
     C    8    Vyy=   -0.2881    axis=( -0.680793 -0.713012  0.167733)
     C    8    Vzz=    0.5044    axis=( -0.414278  0.563665  0.714602)
     C    8  Q=         1.0000 1e-30 m^2  Cq=         1.1852 MHz  eta= 0.14230

     H    9    Vxx=   -0.0569    axis=(  0.503994  0.775687 -0.379868)
     H    9    Vyy=   -0.4479    axis=( -0.427357  0.606160  0.670772)
     H    9    Vzz=    0.5048    axis=( -0.750571  0.175726 -0.636996)
     H    9  Q=         1.0000 1e-30 m^2  Cq=         1.1861 MHz  eta= 0.77469

     C   10    Vxx=   -0.2268    axis=( -0.574501 -0.814562  0.080231)
     C   10    Vyy=   -0.2389    axis=(  0.658148 -0.401449  0.636930)
     C   10    Vzz=    0.4657    axis=( -0.486611  0.418721  0.766735)
     C   10  Q=         1.0000 1e-30 m^2  Cq=         1.0943 MHz  eta= 0.02597

     C   11    Vxx=    0.1083    axis=( -0.508631 -0.112861  0.853555)
     C   11    Vyy=    0.3944    axis=( -0.556827 -0.713015 -0.426090)
     C   11    Vzz=   -0.5027    axis=(  0.656687 -0.692005  0.299818)
     C   11  Q=         1.0000 1e-30 m^2  Cq=        -1.1811 MHz  eta= 0.56915

     Cl  12    Vxx=    0.2519    axis=( -0.488135 -0.598403  0.635325)
     Cl  12    Vyy=    2.2267    axis=(  0.668210  0.212038  0.713116)
     Cl  12    Vzz=   -2.4785    axis=( -0.561444  0.772628  0.296356)
     Cl  12  Q=        -8.1650 1e-30 m^2  Cq=        47.5493 MHz  eta= 0.79676

     H   13    Vxx=   -0.0120    axis=(  0.916343  0.227111 -0.329752)
     H   13    Vyy=   -0.5571    axis=( -0.393576  0.359580 -0.846049)
     H   13    Vzz=    0.5691    axis=( -0.073574  0.905054  0.418884)
     H   13  Q=         1.0000 1e-30 m^2  Cq=         1.3371 MHz  eta= 0.95788

     C   14    Vxx=   -0.0453    axis=( -0.722243 -0.534218  0.439291)
     C   14    Vyy=   -0.7955    axis=( -0.472191  0.844947  0.251198)
     C   14    Vzz=    0.8408    axis=(  0.505372  0.026003  0.862510)
     C   14  Q=         1.0000 1e-30 m^2  Cq=         1.9755 MHz  eta= 0.89225

     H   15    Vxx=   -0.0046    axis=(  0.514850 -0.771608 -0.373566)
     H   15    Vyy=   -0.6448    axis=(  0.137697  0.504530 -0.852343)
     H   15    Vzz=    0.6494    axis=(  0.846150  0.387390  0.366005)
     H   15  Q=         1.0000 1e-30 m^2  Cq=         1.5257 MHz  eta= 0.98587

     C   16    Vxx=   -0.1835    axis=( -0.541949  0.601061  0.587381)
     C   16    Vyy=   -0.5001    axis=( -0.828892 -0.497611 -0.255580)
     C   16    Vzz=    0.6837    axis=(  0.138669 -0.625387  0.767895)
     C   16  Q=         1.0000 1e-30 m^2  Cq=         1.6064 MHz  eta= 0.46308

     C   17    Vxx=    0.1115    axis=(  0.765712 -0.578509 -0.281091)
     C   17    Vyy=    0.4355    axis=(  0.104162  0.542798 -0.833379)
     C   17    Vzz=   -0.5469    axis=(  0.634693  0.608849  0.475886)
     C   17  Q=         1.0000 1e-30 m^2  Cq=        -1.2851 MHz  eta= 0.59242

     Cl  18    Vxx=    0.2442    axis=(  0.835081 -0.545983 -0.067395)
     Cl  18    Vyy=    2.0624    axis=( -0.448700 -0.746867  0.490772)
     Cl  18    Vzz=   -2.3066    axis=( -0.318289 -0.379595 -0.868677)
     Cl  18  Q=        -8.1650 1e-30 m^2  Cq=        44.2519 MHz  eta= 0.78822

     H   19    Vxx=    0.0081    axis=(  0.976450  0.120747  0.178788)
     H   19    Vyy=    0.5731    axis=(  0.035632 -0.907588  0.418348)
     H   19    Vzz=   -0.5812    axis=(  0.212780 -0.402125 -0.890517)
     H   19  Q=         1.0000 1e-30 m^2  Cq=        -1.3656 MHz  eta= 0.97201

     C   20    Vxx=   -0.0904    axis=(  0.832933 -0.462034  0.304544)
     C   20    Vyy=   -0.3767    axis=( -0.534173 -0.815031  0.224462)
     C   20    Vzz=    0.4671    axis=( -0.144504  0.349641  0.925673)
     C   20  Q=         1.0000 1e-30 m^2  Cq=         1.0975 MHz  eta= 0.61280

     H   21    Vxx=   -0.0832    axis=(  0.524500  0.818375 -0.234866)
     H   21    Vyy=   -0.3486    axis=( -0.220932  0.397227  0.890730)
     H   21    Vzz=    0.4318    axis=(  0.822246 -0.415298  0.389151)
     H   21  Q=         1.0000 1e-30 m^2  Cq=         1.0145 MHz  eta= 0.61459

     C   22    Vxx=   -0.0435    axis=(  0.735161  0.594192 -0.326303)
     C   22    Vyy=   -0.3125    axis=( -0.661872  0.525133 -0.534939)
     C   22    Vzz=    0.3560    axis=( -0.146504  0.609238  0.779337)
     C   22  Q=         1.0000 1e-30 m^2  Cq=         0.8364 MHz  eta= 0.75547

     C   23    Vxx=    0.0731    axis=( -0.060981 -0.706834 -0.704746)
     C   23    Vyy=    0.2463    axis=(  0.848318  0.335352 -0.409750)
     C   23    Vzz=   -0.3193    axis=(  0.525963 -0.622836  0.579170)
     C   23  Q=         1.0000 1e-30 m^2  Cq=        -0.7503 MHz  eta= 0.54245

     Cl  24    Vxx=   -1.4373    axis=( -0.457832  0.625637  0.631639)
     Cl  24    Vyy=   -1.9727    axis=(  0.397416 -0.491514  0.774903)
     Cl  24    Vzz=    3.4099    axis=( -0.795267 -0.605799  0.023607)
     Cl  24  Q=        -8.1650 1e-30 m^2  Cq=       -65.4180 MHz  eta= 0.15701

     Initialization:
     gipaw_setup  :      9.32s CPU     11.52s WALL (       1 calls)

     Linear response

     Apply operators

     Induced current

     Other routines
     efg          :     10.32s CPU     13.10s WALL (       1 calls)

     General routines
     calbec       :      3.41s CPU      4.64s WALL (      16 calls)
     fft          :      1.58s CPU      2.12s WALL (      15 calls)
     ffts         :      0.04s CPU      0.04s WALL (       2 calls)
     fftw         :      3.88s CPU      4.60s WALL (     672 calls)
     davcio       :      0.09s CPU      0.37s WALL (      32 calls)

     Parallel routines
     fft_scatter  :      2.48s CPU      3.55s WALL (     689 calls)

     Plugins

     GIPAW        :     62.49s CPU     73.90s WALL (       1 calls)
