
     Program QE v.6.0 (svn rev. 13079) starts on 22Jan2017 at 16:45:34 

     This program is part of the open-source Quantum ESPRESSO suite
     for quantum simulation of materials; please cite
         "P. Giannozzi et al., J. Phys.:Condens. Matter 21 395502 (2009);
          URL http://www.quantum-espresso.org", 
     in publications or presentations arising from this work. More details at
     http://www.quantum-espresso.org/quote

     Parallel version (MPI), running on     8 processors
     R & G space division:  proc/nbgrp/npool/nimage =       8

     ***** This is GIPAW svn revision unknown      *****

     Parallelizing q-star over 1 images

     Reading data from directory:
     /users/majewski/paradichlorobenzene/pbe/9_constraint/scratch/pbe.ecut100.np8.dt60.pcl2phi-129368.save
     Message from routine read_xml_file:
     file /users/majewski/paradichlorobenzene/pbe/9_constraint/scratch/pbe.ecut100.np8.dt60.pcl2phi-129368.save not guaranteed to be safe for post-processing

   Info: using nr1, nr2, nr3 values from input

   Info: using nr1, nr2, nr3 values from input

     IMPORTANT: XC functional enforced from input :
     Exchange-correlation      =  SLA  PW   PBX  PBC ( 1  4  3  4 0 0)
     Any further DFT definition will be discarded
     Please, verify this is what you really want

               file C.pbe-n-kjpaw_psl.1.0.0.UPF: wavefunction(s)  2S 2P renormalized
               file Cl.pbe-n-kjpaw_psl.1.0.0.UPF: wavefunction(s)  3S 3P renormalized
               file H.pbe-kjpaw_psl.1.0.0.UPF: wavefunction(s)  1S renormalized

     Parallelization info
     --------------------
     sticks:   dense  smooth     PW     G-vecs:    dense   smooth      PW
     Min        3057    1223    332               144436    36536    5170
     Max        3059    1225    333               144437    36537    5171
     Sum       24467    9791   2657              1155489   292295   41363


     Subspace diagonalization in iterative solution of the eigenvalue problem:
     a serial algorithm will be used

     GIPAW projectors -----------------------------------------------
     atom=  C    l=0  rc=    1.2000  rs=    0.8000
     atom=  C    l=0  rc=    1.2000  rs=    0.8000
     atom=  C    l=1  rc=    1.4000  rs=    0.9333
     atom=  C    l=1  rc=    1.4000  rs=    0.9333
     projs nearly linearly dependent: l=1  n1,n2= 1, 2  s=  0.99951561

     atom=  Cl   l=0  rc=    1.6000  rs=    1.0667
     atom=  Cl   l=0  rc=    1.6000  rs=    1.0667
     atom=  Cl   l=1  rc=    1.6000  rs=    1.0667
     atom=  Cl   l=1  rc=    1.6000  rs=    1.0667
     atom=  Cl   l=2  rc=    1.6000  rs=    1.0667
     atom=  Cl   l=2  rc=    1.6000  rs=    1.0667
     projs nearly linearly dependent: l=2  n1,n2= 1, 2  s=  0.99993509

     atom=  H    l=0  rc=    1.0000  rs=    0.6667
     atom=  H    l=0  rc=    1.0000  rs=    0.6667
     projs nearly linearly dependent: l=0  n1,n2= 1, 2  s=  0.99968852
     -----------------------------------------------------------------

     GIPAW integrals: -------------------------------------------
     Atom  i/j   nmr_para   nmr_dia   epr_rmc  epr_para   epr_dia
       C   1 1   0.83E+03  0.17E-01  0.93E+01  0.24E+08  0.24E+03
       C   2 1   0.86E+03 -0.61E-01  0.94E+01  0.25E+08  0.25E+03
       C   2 2   0.90E+03 -0.15E+00  0.97E+01  0.26E+08  0.26E+03
       C   3 3   0.33E+01  0.34E+00  0.18E+01  0.55E+03  0.21E+02
       C   4 3   0.35E+01  0.37E+00  0.20E+01  0.59E+03  0.22E+02
       C   4 4   0.38E+01  0.39E+00  0.22E+01  0.63E+03  0.24E+02
       Cl  1 1   0.14E+04 -0.47E+00  0.84E+01  0.32E+09  0.42E+03
       Cl  2 1   0.21E+04 -0.37E+00  0.12E+02  0.49E+09  0.65E+03
       Cl  2 2   0.33E+04 -0.16E+00  0.21E+02  0.76E+09  0.10E+04
       Cl  3 3   0.21E+02  0.79E-01  0.89E+01  0.23E+05  0.13E+03
       Cl  4 3   0.24E+02  0.67E-01  0.99E+01  0.27E+05  0.15E+03
       Cl  4 4   0.28E+02  0.44E-01  0.11E+02  0.32E+05  0.18E+03
       Cl  5 5   0.77E+00  0.19E+00  0.18E+01  0.12E+03  0.22E+02
       Cl  6 5   0.80E+00  0.19E+00  0.19E+01  0.12E+03  0.23E+02
       Cl  6 6   0.83E+00  0.20E+00  0.19E+01  0.12E+03  0.23E+02
       H   1 1   0.39E+02  0.19E+00  0.29E+00  0.78E+05  0.13E+02
       H   2 1   0.41E+02  0.21E+00  0.32E+00  0.82E+05  0.14E+02
       H   2 2   0.43E+02  0.22E+00  0.36E+00  0.86E+05  0.15E+02
     ------------------------------------------------------------

     alpha_pv=     34.5956 eV

     Number of occupied bands for each k-point:
     k-point:     1    nbnd_occ=  42
     k-point:     2    nbnd_occ=  42
     k-point:     3    nbnd_occ=  42
     k-point:     4    nbnd_occ=  42
     k-point:     5    nbnd_occ=  42
     k-point:     6    nbnd_occ=  42
     k-point:     7    nbnd_occ=  42
     k-point:     8    nbnd_occ=  42
     k-point:     9    nbnd_occ=  42
     k-point:    10    nbnd_occ=  42
     k-point:    11    nbnd_occ=  42
     k-point:    12    nbnd_occ=  42
     k-point:    13    nbnd_occ=  42
     k-point:    14    nbnd_occ=  42
     k-point:    15    nbnd_occ=  42
     k-point:    16    nbnd_occ=  42


     q-space interpolation up to   110.00 Rydberg

     GIPAW job: efg                                                                             


     ELECTRIC FIELD GRADIENTS TENSORS IN Hartree/bohrradius^2:

     ----- bare term -----
     Cl   1        0.132321       -0.008333       -0.115878
     Cl   1       -0.008333       -0.031592       -0.045244
     Cl   1       -0.115878       -0.045244       -0.100729

     C    2       -0.664830        0.249135       -0.369479
     C    2        0.249135        0.070166       -0.103825
     C    2       -0.369479       -0.103825        0.594664

     C    3        0.047193        0.451587       -0.031942
     C    3        0.451587       -0.304487       -0.514149
     C    3       -0.031942       -0.514149        0.257293

     H    4       -0.289296       -0.163307       -0.550655
     H    4       -0.163307        0.219093       -0.057512
     H    4       -0.550655       -0.057512        0.070203

     C    5       -0.787025        0.406521       -0.428458
     C    5        0.406521        0.440739       -0.123436
     C    5       -0.428458       -0.123436        0.346286

     H    6        0.253302       -0.092921        0.191215
     H    6       -0.092921       -0.239274       -0.487102
     H    6        0.191215       -0.487102       -0.014028

     H    7        0.434879        0.037872       -0.040567
     H    7        0.037872       -0.252488        0.493270
     H    7       -0.040567        0.493270       -0.182391

     C    8       -0.293796       -0.364655       -0.303231
     C    8       -0.364655       -0.166689        0.349655
     C    8       -0.303231        0.349655        0.460485

     H    9        0.010966        0.002961       -0.512305
     H    9        0.002961        0.200028       -0.224384
     H    9       -0.512305       -0.224384       -0.210994

     C   10       -0.129057       -0.175929       -0.245933
     C   10       -0.175929       -0.142367        0.642129
     C   10       -0.245933        0.642129        0.271424

     C   11       -0.337082       -0.148838       -0.396094
     C   11       -0.148838        0.033135        0.392725
     C   11       -0.396094        0.392725        0.303947

     Cl  12       -0.046648       -0.169510       -0.097176
     Cl  12       -0.169510        0.027783        0.092272
     Cl  12       -0.097176        0.092272        0.018865

     H   13        0.326035       -0.009126        0.215789
     H   13       -0.009126        0.136666       -0.219825
     H   13        0.215789       -0.219825       -0.462701

     C   14       -0.008811       -0.005800       -0.137622
     C   14       -0.005800       -0.145566       -0.214002
     C   14       -0.137622       -0.214002        0.154377

     H   15        0.107426       -0.107412       -0.344139
     H   15       -0.107412        0.499954       -0.149651
     H   15       -0.344139       -0.149651       -0.607380

     C   16       -0.394834        0.316148       -0.337449
     C   16        0.316148       -0.040543       -0.103174
     C   16       -0.337449       -0.103174        0.435377

     C   17       -0.012945       -0.048944       -0.287967
     C   17       -0.048944       -0.198818       -0.470859
     C   17       -0.287967       -0.470859        0.211762

     Cl  18       -0.200211        0.155780       -0.019066
     Cl  18        0.155780        0.124897        0.014992
     Cl  18       -0.019066        0.014992        0.075313

     H   19        0.500877        0.026994        0.090938
     H   19        0.026994       -0.030518        0.359941
     H   19        0.090938        0.359941       -0.470359

     C   20       -0.428778       -0.302166       -0.286881
     C   20       -0.302166       -0.007332        0.449132
     C   20       -0.286881        0.449132        0.436110

     H   21        0.167075        0.064225       -0.278361
     H   21        0.064225        0.356149       -0.188252
     H   21       -0.278361       -0.188252       -0.523224

     C   22        0.171301       -0.136732        0.121532
     C   22       -0.136732       -0.050454       -0.039832
     C   22        0.121532       -0.039832       -0.120847

     C   23       -0.083716       -0.074411       -0.326474
     C   23       -0.074411        0.016375        0.129791
     C   23       -0.326474        0.129791        0.067342

     Cl  24        0.101548        0.268207        0.264193
     Cl  24        0.268207       -0.180118       -0.450572
     Cl  24        0.264193       -0.450572        0.078570

     ----- ionic term -----
     Cl   1        0.182724       -0.201965        0.035108
     Cl   1       -0.201965       -0.050403       -0.015421
     Cl   1        0.035108       -0.015421       -0.132321

     C    2        0.202067       -0.263607        0.289741
     C    2       -0.263607       -0.087185        0.374711
     C    2        0.289741        0.374711       -0.114881

     C    3        0.161194       -0.349166        0.147484
     C    3       -0.349166        0.035449        0.413877
     C    3        0.147484        0.413877       -0.196643

     H    4        0.465059        0.259319        0.735248
     H    4        0.259319       -0.456292        0.283268
     H    4        0.735248        0.283268       -0.008766

     C    5        0.308503       -0.257831        0.287612
     C    5       -0.257831       -0.070445        0.334668
     C    5        0.287612        0.334668       -0.238058

     H    6       -0.504372       -0.071699       -0.020774
     H    6       -0.071699        0.501654        0.778059
     H    6       -0.020774        0.778059        0.002718

     H    7       -0.542850        0.048690       -0.029731
     H    7        0.048690        0.374229       -0.773520
     H    7       -0.029731       -0.773520        0.168622

     C    8        0.077473        0.322042        0.354663
     C    8        0.322042        0.022731       -0.226419
     C    8        0.354663       -0.226419       -0.100204

     H    9        0.390760       -0.116997        0.788692
     H    9       -0.116997       -0.496847       -0.168954
     H    9        0.788692       -0.168954        0.106087

     C   10       -0.008857        0.289669        0.269727
     C   10        0.289669        0.204770       -0.342230
     C   10        0.269727       -0.342230       -0.195913

     C   11        0.039760        0.274744        0.384736
     C   11        0.274744        0.144065       -0.325097
     C   11        0.384736       -0.325097       -0.183825

     Cl  12        0.074619        0.228279        0.039556
     Cl  12        0.228279        0.088657        0.026740
     Cl  12        0.039556        0.026740       -0.163277

     H   13       -0.542975       -0.058738       -0.071958
     H   13       -0.058738        0.205963        0.788062
     H   13       -0.071958        0.788062        0.337012

     C   14        0.207365       -0.245723        0.234653
     C   14       -0.245723       -0.136291        0.326707
     C   14        0.234653        0.326707       -0.071075

     H   15        0.527038        0.219081        0.789522
     H   15        0.219081       -0.525703        0.227447
     H   15        0.789522        0.227447       -0.001335

     C   16        0.129957       -0.282390        0.150716
     C   16       -0.282390       -0.019028        0.432038
     C   16        0.150716        0.432038       -0.110929

     C   17        0.207199       -0.237442        0.274207
     C   17       -0.237442       -0.078941        0.457955
     C   17        0.274207        0.457955       -0.128258

     Cl  18        0.141227       -0.220042        0.001826
     Cl  18       -0.220042       -0.003406        0.009209
     Cl  18        0.001826        0.009209       -0.137821

     H   19       -0.537573       -0.050372        0.048600
     H   19       -0.050372        0.544144       -0.739655
     H   19        0.048600       -0.739655       -0.006571

     C   20        0.075949        0.290211        0.411339
     C   20        0.290211        0.130785       -0.176188
     C   20        0.411339       -0.176188       -0.206733

     H   21        0.503593       -0.236957        0.765244
     H   21       -0.236957       -0.431911       -0.226718
     H   21        0.765244       -0.226718       -0.071682

     C   22       -0.024535        0.298676        0.291034
     C   22        0.298676        0.232217       -0.268613
     C   22        0.291034       -0.268613       -0.207681

     C   23        0.011727        0.280618        0.369639
     C   23        0.280618        0.077057       -0.301390
     C   23        0.369639       -0.301390       -0.088784

     Cl  24        0.091699        0.195790        0.040473
     Cl  24        0.195790        0.039430        0.018999
     Cl  24        0.040473        0.018999       -0.131128

     ----- GIPAW term -----
     Cl   1        2.653134       -1.756083       -1.177511
     Cl   1       -1.756083       -0.580928       -0.353153
     Cl   1       -1.177511       -0.353153       -2.072206

     C    2       -0.145883       -0.089361       -0.130774
     C    2       -0.089361       -0.025264        0.146343
     C    2       -0.130774        0.146343        0.171147

     C    3       -0.045699        0.169924        0.055465
     C    3        0.169924        0.102118        0.043126
     C    3        0.055465        0.043126       -0.056418

     H    4       -0.000000        0.000000        0.000000
     H    4        0.000000        0.000000        0.000000
     H    4        0.000000        0.000000        0.000000

     C    5       -0.193099        0.156200       -0.033996
     C    5        0.156200        0.250788        0.065844
     C    5       -0.033996        0.065844       -0.057689

     H    6       -0.000000        0.000000        0.000000
     H    6        0.000000        0.000000        0.000000
     H    6        0.000000        0.000000        0.000000

     H    7       -0.000000        0.000000        0.000000
     H    7        0.000000        0.000000        0.000000
     H    7        0.000000        0.000000        0.000000

     C    8        0.028663       -0.069376       -0.070863
     C    8       -0.069376       -0.079174        0.066280
     C    8       -0.070863        0.066280        0.050511

     H    9       -0.000000        0.000000        0.000000
     H    9        0.000000        0.000000        0.000000
     H    9        0.000000        0.000000        0.000000

     C   10       -0.099010       -0.001304       -0.050548
     C   10       -0.001304        0.090395        0.182011
     C   10       -0.050548        0.182011        0.008615

     C   11       -0.009487        0.080385       -0.069066
     C   11        0.080385        0.077858        0.040983
     C   11       -0.069066        0.040983       -0.068372

     Cl  12        0.713870       -0.291012       -1.302326
     Cl  12       -0.291012        0.804759        1.590839
     Cl  12       -1.302326        1.590839       -1.518629

     H   13       -0.000000        0.000000        0.000000
     H   13        0.000000        0.000000        0.000000
     H   13        0.000000        0.000000        0.000000

     C   14       -0.023432       -0.026435       -0.072210
     C   14       -0.026435       -0.103791        0.011311
     C   14       -0.072210        0.011311        0.127223

     H   15       -0.000000        0.000000        0.000000
     H   15        0.000000        0.000000        0.000000
     H   15        0.000000        0.000000        0.000000

     C   16       -0.135953        0.009677       -0.155447
     C   16        0.009677       -0.092589        0.041641
     C   16       -0.155447        0.041641        0.228543

     C   17       -0.021016       -0.123949       -0.036501
     C   17       -0.123949        0.079407        0.080948
     C   17       -0.036501        0.080948       -0.058391

     Cl  18        0.271068       -1.800257       -0.190666
     Cl  18       -1.800257        1.215708        0.189438
     Cl  18       -0.190666        0.189438       -1.486776

     H   19       -0.000000        0.000000        0.000000
     H   19        0.000000        0.000000        0.000000
     H   19        0.000000        0.000000        0.000000

     C   20       -0.139992       -0.073873       -0.082673
     C   20       -0.073873       -0.028788        0.209904
     C   20       -0.082673        0.209904        0.168779

     H   21       -0.000000        0.000000        0.000000
     H   21        0.000000        0.000000        0.000000
     H   21        0.000000        0.000000        0.000000

     C   22        0.016530       -0.000049        0.012177
     C   22       -0.000049        0.002052       -0.016893
     C   22        0.012177       -0.016893       -0.018582

     C   23        0.015369       -0.027721       -0.072003
     C   23       -0.027721        0.017345        0.054623
     C   23       -0.072003        0.054623       -0.032713

     Cl  24        0.137438        0.385106       -0.090936
     Cl  24        0.385106        0.240504        0.263936
     Cl  24       -0.090936        0.263936       -0.377942

     ----- total EFG -----
     Cl   1        2.968179       -1.966381       -1.258280
     Cl   1       -1.966381       -0.662923       -0.413818
     Cl   1       -1.258280       -0.413818       -2.305256

     C    2       -0.608647       -0.103833       -0.210511
     C    2       -0.103833       -0.042283        0.417229
     C    2       -0.210511        0.417229        0.650930

     C    3        0.162688        0.272345        0.171007
     C    3        0.272345       -0.166920       -0.057146
     C    3        0.171007       -0.057146        0.004232

     H    4        0.175762        0.096012        0.184593
     H    4        0.096012       -0.237199        0.225756
     H    4        0.184593        0.225756        0.061437

     C    5       -0.671621        0.304890       -0.174842
     C    5        0.304890        0.621082        0.277075
     C    5       -0.174842        0.277075        0.050539

     H    6       -0.251070       -0.164620        0.170441
     H    6       -0.164620        0.262380        0.290957
     H    6        0.170441        0.290957       -0.011310

     H    7       -0.107971        0.086562       -0.070298
     H    7        0.086562        0.121741       -0.280250
     H    7       -0.070298       -0.280250       -0.013769

     C    8       -0.187660       -0.111990       -0.019430
     C    8       -0.111990       -0.223132        0.189516
     C    8       -0.019430        0.189516        0.410792

     H    9        0.401726       -0.114037        0.276387
     H    9       -0.114037       -0.296819       -0.393338
     H    9        0.276387       -0.393338       -0.104907

     C   10       -0.236924        0.112437       -0.026754
     C   10        0.112437        0.152797        0.481910
     C   10       -0.026754        0.481910        0.084127

     C   11       -0.306809        0.206291       -0.080424
     C   11        0.206291        0.255058        0.108612
     C   11       -0.080424        0.108612        0.051751

     Cl  12        0.741842       -0.232243       -1.359946
     Cl  12       -0.232243        0.921199        1.709851
     Cl  12       -1.359946        1.709851       -1.663041

     H   13       -0.216940       -0.067865        0.143831
     H   13       -0.067865        0.342630        0.568237
     H   13        0.143831        0.568237       -0.125690

     C   14        0.175123       -0.277958        0.024821
     C   14       -0.277958       -0.385648        0.124016
     C   14        0.024821        0.124016        0.210526

     H   15        0.634464        0.111669        0.445383
     H   15        0.111669       -0.025750        0.077796
     H   15        0.445383        0.077796       -0.608715

     C   16       -0.400830        0.043435       -0.342179
     C   16        0.043435       -0.152161        0.370504
     C   16       -0.342179        0.370504        0.552991

     C   17        0.173238       -0.410335       -0.050262
     C   17       -0.410335       -0.198352        0.068044
     C   17       -0.050262        0.068044        0.025114

     Cl  18        0.212084       -1.864519       -0.207906
     Cl  18       -1.864519        1.337200        0.213639
     Cl  18       -0.207906        0.213639       -1.549284

     H   19       -0.036696       -0.023377        0.139538
     H   19       -0.023377        0.513626       -0.379713
     H   19        0.139538       -0.379713       -0.476930

     C   20       -0.492821       -0.085829        0.041785
     C   20       -0.085829        0.094665        0.482848
     C   20        0.041785        0.482848        0.398156

     H   21        0.670669       -0.172733        0.486882
     H   21       -0.172733       -0.075762       -0.414970
     H   21        0.486882       -0.414970       -0.594907

     C   22        0.163296        0.161895        0.424743
     C   22        0.161895        0.183815       -0.325339
     C   22        0.424743       -0.325339       -0.347111

     C   23       -0.056620        0.178486       -0.028837
     C   23        0.178486        0.110776       -0.116976
     C   23       -0.028837       -0.116976       -0.054156

     Cl  24        0.330684        0.849103        0.213730
     Cl  24        0.849103        0.099816       -0.167637
     Cl  24        0.213730       -0.167637       -0.430500

     ----- total EFG (symmetrized) -----
     Cl   1        2.968179       -1.966381       -1.258280
     Cl   1       -1.966381       -0.662923       -0.413818
     Cl   1       -1.258280       -0.413818       -2.305256

     C    2       -0.608647       -0.103833       -0.210511
     C    2       -0.103833       -0.042283        0.417229
     C    2       -0.210511        0.417229        0.650930

     C    3        0.162688        0.272345        0.171007
     C    3        0.272345       -0.166920       -0.057146
     C    3        0.171007       -0.057146        0.004232

     H    4        0.175762        0.096012        0.184593
     H    4        0.096012       -0.237199        0.225756
     H    4        0.184593        0.225756        0.061437

     C    5       -0.671621        0.304890       -0.174842
     C    5        0.304890        0.621082        0.277075
     C    5       -0.174842        0.277075        0.050539

     H    6       -0.251070       -0.164620        0.170441
     H    6       -0.164620        0.262380        0.290957
     H    6        0.170441        0.290957       -0.011310

     H    7       -0.107971        0.086562       -0.070298
     H    7        0.086562        0.121741       -0.280250
     H    7       -0.070298       -0.280250       -0.013769

     C    8       -0.187660       -0.111990       -0.019430
     C    8       -0.111990       -0.223132        0.189516
     C    8       -0.019430        0.189516        0.410792

     H    9        0.401726       -0.114037        0.276387
     H    9       -0.114037       -0.296819       -0.393338
     H    9        0.276387       -0.393338       -0.104907

     C   10       -0.236924        0.112437       -0.026754
     C   10        0.112437        0.152797        0.481910
     C   10       -0.026754        0.481910        0.084127

     C   11       -0.306809        0.206291       -0.080424
     C   11        0.206291        0.255058        0.108612
     C   11       -0.080424        0.108612        0.051751

     Cl  12        0.741842       -0.232243       -1.359946
     Cl  12       -0.232243        0.921199        1.709851
     Cl  12       -1.359946        1.709851       -1.663041

     H   13       -0.216940       -0.067865        0.143831
     H   13       -0.067865        0.342630        0.568237
     H   13        0.143831        0.568237       -0.125690

     C   14        0.175123       -0.277958        0.024821
     C   14       -0.277958       -0.385648        0.124016
     C   14        0.024821        0.124016        0.210526

     H   15        0.634464        0.111669        0.445383
     H   15        0.111669       -0.025750        0.077796
     H   15        0.445383        0.077796       -0.608715

     C   16       -0.400830        0.043435       -0.342179
     C   16        0.043435       -0.152161        0.370504
     C   16       -0.342179        0.370504        0.552991

     C   17        0.173238       -0.410335       -0.050262
     C   17       -0.410335       -0.198352        0.068044
     C   17       -0.050262        0.068044        0.025114

     Cl  18        0.212084       -1.864519       -0.207906
     Cl  18       -1.864519        1.337200        0.213639
     Cl  18       -0.207906        0.213639       -1.549284

     H   19       -0.036696       -0.023377        0.139538
     H   19       -0.023377        0.513626       -0.379713
     H   19        0.139538       -0.379713       -0.476930

     C   20       -0.492821       -0.085829        0.041785
     C   20       -0.085829        0.094665        0.482848
     C   20        0.041785        0.482848        0.398156

     H   21        0.670669       -0.172733        0.486882
     H   21       -0.172733       -0.075762       -0.414970
     H   21        0.486882       -0.414970       -0.594907

     C   22        0.163296        0.161895        0.424743
     C   22        0.161895        0.183815       -0.325339
     C   22        0.424743       -0.325339       -0.347111

     C   23       -0.056620        0.178486       -0.028837
     C   23        0.178486        0.110776       -0.116976
     C   23       -0.028837       -0.116976       -0.054156

     Cl  24        0.330684        0.849103        0.213730
     Cl  24        0.849103        0.099816       -0.167637
     Cl  24        0.213730       -0.167637       -0.430500


     NQR/NMR SPECTROSCOPIC PARAMETERS:
     Cl   1    Vxx=   -1.0041    axis=(  0.249535  0.826733 -0.504227)
     Cl   1    Vyy=   -2.9832    axis=( -0.318769 -0.421550 -0.848930)
     Cl   1    Vzz=    3.9873    axis=( -0.914395  0.372570  0.158345)
     Cl   1  Q=        -8.1650 1e-30 m^2  Cq=       -76.4939 MHz  eta= 0.49637

     C    2    Vxx=   -0.2380    axis=( -0.010823  0.904213 -0.426944)
     C    2    Vyy=   -0.6456    axis=(  0.987799  0.076003  0.135926)
     C    2    Vzz=    0.8836    axis=( -0.155355  0.420264  0.894004)
     C    2  Q=         1.0000 1e-30 m^2  Cq=         2.0762 MHz  eta= 0.46122

     C    3    Vxx=    0.0105    axis=( -0.127105 -0.475535  0.870466)
     C    3    Vyy=    0.3605    axis=( -0.849201 -0.401308 -0.343234)
     C    3    Vzz=   -0.3710    axis=(  0.512545 -0.782827 -0.352816)
     C    3  Q=         1.0000 1e-30 m^2  Cq=        -0.8717 MHz  eta= 0.94350

     H    4    Vxx=   -0.0288    axis=( -0.713017  0.337346  0.614659)
     H    4    Vyy=   -0.3586    axis=(  0.006228  0.879660 -0.475562)
     H    4    Vzz=    0.3874    axis=( -0.701120 -0.335255 -0.629313)
     H    4  Q=         1.0000 1e-30 m^2  Cq=         0.9101 MHz  eta= 0.85134

     C    5    Vxx=    0.0368    axis=( -0.334032 -0.255873  0.907167)
     C    5    Vyy=    0.7684    axis=(  0.158587  0.933471  0.321686)
     C    5    Vzz=   -0.8051    axis=( -0.929125  0.251318 -0.271231)
     C    5  Q=         1.0000 1e-30 m^2  Cq=        -1.8917 MHz  eta= 0.90867

     H    6    Vxx=    0.0079    axis=(  0.658357 -0.341253  0.670904)
     H    6    Vyy=    0.4507    axis=( -0.076775  0.856230  0.510858)
     H    6    Vzz=   -0.4587    axis=(  0.748780  0.387836 -0.537505)
     H    6  Q=         1.0000 1e-30 m^2  Cq=        -1.0777 MHz  eta= 0.96534

     H    7    Vxx=   -0.1340    axis=( -0.973549  0.189306 -0.127925)
     H    7    Vyy=   -0.2344    axis=(  0.016266  0.615911  0.787648)
     H    7    Vzz=    0.3684    axis=( -0.227897 -0.764733  0.602699)
     H    7  Q=         1.0000 1e-30 m^2  Cq=         0.8656 MHz  eta= 0.27232

     C    8    Vxx=   -0.1226    axis=(  0.827941 -0.518255  0.214303)
     C    8    Vyy=   -0.3442    axis=( -0.555697 -0.809634  0.188926)
     C    8    Vzz=    0.4668    axis=( -0.075595  0.275507  0.958322)
     C    8  Q=         1.0000 1e-30 m^2  Cq=         1.0968 MHz  eta= 0.47478

     H    9    Vxx=    0.0022    axis=(  0.572521  0.564227 -0.594867)
     H    9    Vyy=    0.6108    axis=(  0.815118 -0.313532  0.487115)
     H    9    Vzz=   -0.6129    axis=( -0.088334  0.763771  0.639415)
     H    9  Q=         1.0000 1e-30 m^2  Cq=        -1.4401 MHz  eta= 0.99293

     C   10    Vxx=   -0.1893    axis=(  0.874507  0.275178 -0.399393)
     C   10    Vyy=   -0.4172    axis=( -0.478930  0.619954 -0.621517)
     C   10    Vzz=    0.6065    axis=( -0.076577 -0.734802 -0.673945)
     C   10  Q=         1.0000 1e-30 m^2  Cq=         1.4251 MHz  eta= 0.37569

     C   11    Vxx=    0.0569    axis=( -0.311658 -0.186286  0.931755)
     C   11    Vyy=    0.3448    axis=(  0.259749  0.926541  0.272126)
     C   11    Vzz=   -0.4017    axis=( -0.914002  0.326832 -0.240376)
     C   11  Q=         1.0000 1e-30 m^2  Cq=        -0.9439 MHz  eta= 0.71654

     Cl  12    Vxx=    0.5846    axis=(  0.790851  0.611870 -0.013040)
     Cl  12    Vyy=    2.2871    axis=( -0.530498  0.695990  0.483910)
     Cl  12    Vzz=   -2.8716    axis=(  0.305166 -0.375783  0.875021)
     Cl  12  Q=        -8.1650 1e-30 m^2  Cq=        55.0908 MHz  eta= 0.59286

     H   13    Vxx=   -0.1484    axis=(  0.915139 -0.244466  0.320558)
     H   13    Vyy=   -0.5752    axis=( -0.402322 -0.503217  0.764794)
     H   13    Vzz=    0.7237    axis=(  0.025656  0.828860  0.558868)
     H   13  Q=         1.0000 1e-30 m^2  Cq=         1.7003 MHz  eta= 0.58979

     C   14    Vxx=    0.2230    axis=(  0.373228  0.018549  0.927554)
     C   14    Vyy=    0.2982    axis=(  0.850475 -0.406296 -0.334089)
     C   14    Vzz=   -0.5212    axis=(  0.370665  0.913553 -0.167416)
     C   14  Q=         1.0000 1e-30 m^2  Cq=        -1.2245 MHz  eta= 0.14423

     H   15    Vxx=   -0.0441    axis=(  0.165688 -0.986165 -0.005180)
     H   15    Vyy=   -0.7540    axis=( -0.300912 -0.055558  0.952032)
     H   15    Vzz=    0.7981    axis=( -0.939148 -0.156182 -0.305954)
     H   15  Q=         1.0000 1e-30 m^2  Cq=         1.8753 MHz  eta= 0.88949

     C   16    Vxx=   -0.2061    axis=(  0.507772  0.842027 -0.182095)
     C   16    Vyy=   -0.5819    axis=( -0.825049  0.414478 -0.384061)
     C   16    Vzz=    0.7880    axis=( -0.247915  0.345253  0.905173)
     C   16  Q=         1.0000 1e-30 m^2  Cq=         1.8516 MHz  eta= 0.47694

     C   17    Vxx=    0.0123    axis=(  0.186809 -0.046924  0.981275)
     C   17    Vyy=    0.4526    axis=( -0.823032  0.537909  0.182406)
     C   17    Vzz=   -0.4649    axis=( -0.536396 -0.841696  0.061866)
     C   17  Q=         1.0000 1e-30 m^2  Cq=        -1.0922 MHz  eta= 0.94712

     Cl  18    Vxx=   -1.1690    axis=(  0.794485  0.599385 -0.097632)
     Cl  18    Vyy=   -1.5735    axis=(  0.119321  0.003561  0.992849)
     Cl  18    Vzz=    2.7425    axis=(  0.595446 -0.800453 -0.068690)
     Cl  18  Q=        -8.1650 1e-30 m^2  Cq=       -52.6139 MHz  eta= 0.14749

     H   19    Vxx=   -0.0171    axis=(  0.973521  0.159820  0.163448)
     H   19    Vyy=   -0.6320    axis=(  0.206076 -0.304074 -0.930092)
     H   19    Vzz=    0.6491    axis=( -0.098947  0.939147 -0.328957)
     H   19  Q=         1.0000 1e-30 m^2  Cq=         1.5251 MHz  eta= 0.94729

     C   20    Vxx=   -0.2266    axis=( -0.332370  0.756888 -0.562717)
     C   20    Vyy=   -0.5262    axis=( -0.943048 -0.275446  0.186521)
     C   20    Vzz=    0.7528    axis=( -0.013822  0.592663  0.805332)
     C   20  Q=         1.0000 1e-30 m^2  Cq=         1.7687 MHz  eta= 0.39790

     H   21    Vxx=   -0.0240    axis=(  0.411591  0.867450 -0.279507)
     H   21    Vyy=   -0.9064    axis=(  0.231010 -0.395974 -0.888729)
     H   21    Vzz=    0.9304    axis=( -0.881605  0.301223 -0.363369)
     H   21  Q=         1.0000 1e-30 m^2  Cq=         2.1860 MHz  eta= 0.94838

     C   22    Vxx=    0.3237    axis=(  0.368319  0.906491 -0.206435)
     C   22    Vyy=    0.4077    axis=( -0.812277  0.205749 -0.545778)
     C   22    Vzz=   -0.7314    axis=( -0.452269  0.368703  0.812103)
     C   22  Q=         1.0000 1e-30 m^2  Cq=        -1.7184 MHz  eta= 0.11485

     C   23    Vxx=   -0.0805    axis=(  0.489141  0.074999  0.868974)
     C   23    Vyy=   -0.1850    axis=( -0.728897  0.582308  0.360036)
     C   23    Vzz=    0.2655    axis=( -0.479009 -0.809501  0.339497)
     C   23  Q=         1.0000 1e-30 m^2  Cq=         0.6237 MHz  eta= 0.39360

     Cl  24    Vxx=   -0.2504    axis=(  0.346598 -0.445049  0.825713)
     Cl  24    Vyy=   -0.8235    axis=( -0.554854  0.612486  0.563026)
     Cl  24    Vzz=    1.0739    axis=( -0.756311 -0.653294 -0.034651)
     Cl  24  Q=        -8.1650 1e-30 m^2  Cq=       -20.6027 MHz  eta= 0.53361

     Initialization:
     gipaw_setup  :      9.56s CPU     11.60s WALL (       1 calls)

     Linear response

     Apply operators

     Induced current

     Other routines
     efg          :      9.48s CPU     11.54s WALL (       1 calls)

     General routines
     calbec       :      3.20s CPU      3.92s WALL (      16 calls)
     fft          :      1.49s CPU      1.95s WALL (      15 calls)
     ffts         :      0.04s CPU      0.05s WALL (       2 calls)
     fftw         :      3.48s CPU      4.26s WALL (     672 calls)
     davcio       :      0.03s CPU      0.33s WALL (      32 calls)

     Parallel routines
     fft_scatter  :      2.15s CPU      3.29s WALL (     689 calls)

     Plugins

     GIPAW        :     62.43s CPU     74.76s WALL (       1 calls)
