
     Program QE v.6.0 (svn rev. 13079) starts on 20Jan2017 at 10:51: 1 

     This program is part of the open-source Quantum ESPRESSO suite
     for quantum simulation of materials; please cite
         "P. Giannozzi et al., J. Phys.:Condens. Matter 21 395502 (2009);
          URL http://www.quantum-espresso.org", 
     in publications or presentations arising from this work. More details at
     http://www.quantum-espresso.org/quote

     Parallel version (MPI), running on     8 processors
     R & G space division:  proc/nbgrp/npool/nimage =       8

     ***** This is GIPAW svn revision unknown      *****

     Parallelizing q-star over 1 images

     Reading data from directory:
     /users/majewski/paradichlorobenzene/pbe/9_constraint/scratch/pbe.ecut100.np8.dt60.pcl2phi-129368.save
     Message from routine read_xml_file:
     file /users/majewski/paradichlorobenzene/pbe/9_constraint/scratch/pbe.ecut100.np8.dt60.pcl2phi-129368.save not guaranteed to be safe for post-processing

   Info: using nr1, nr2, nr3 values from input

   Info: using nr1, nr2, nr3 values from input

     IMPORTANT: XC functional enforced from input :
     Exchange-correlation      =  SLA  PW   PBX  PBC ( 1  4  3  4 0 0)
     Any further DFT definition will be discarded
     Please, verify this is what you really want

               file C.pbe-n-kjpaw_psl.1.0.0.UPF: wavefunction(s)  2S 2P renormalized
               file Cl.pbe-n-kjpaw_psl.1.0.0.UPF: wavefunction(s)  3S 3P renormalized
               file H.pbe-kjpaw_psl.1.0.0.UPF: wavefunction(s)  1S renormalized

     Parallelization info
     --------------------
     sticks:   dense  smooth     PW     G-vecs:    dense   smooth      PW
     Min        3057    1223    332               144436    36536    5170
     Max        3059    1225    333               144437    36537    5171
     Sum       24467    9791   2657              1155489   292295   41363


     Subspace diagonalization in iterative solution of the eigenvalue problem:
     a serial algorithm will be used

     GIPAW projectors -----------------------------------------------
     atom=  C    l=0  rc=    1.2000  rs=    0.8000
     atom=  C    l=0  rc=    1.2000  rs=    0.8000
     atom=  C    l=1  rc=    1.4000  rs=    0.9333
     atom=  C    l=1  rc=    1.4000  rs=    0.9333
     projs nearly linearly dependent: l=1  n1,n2= 1, 2  s=  0.99951561

     atom=  Cl   l=0  rc=    1.6000  rs=    1.0667
     atom=  Cl   l=0  rc=    1.6000  rs=    1.0667
     atom=  Cl   l=1  rc=    1.6000  rs=    1.0667
     atom=  Cl   l=1  rc=    1.6000  rs=    1.0667
     atom=  Cl   l=2  rc=    1.6000  rs=    1.0667
     atom=  Cl   l=2  rc=    1.6000  rs=    1.0667
     projs nearly linearly dependent: l=2  n1,n2= 1, 2  s=  0.99993509

     atom=  H    l=0  rc=    1.0000  rs=    0.6667
     atom=  H    l=0  rc=    1.0000  rs=    0.6667
     projs nearly linearly dependent: l=0  n1,n2= 1, 2  s=  0.99968852
     -----------------------------------------------------------------

     GIPAW integrals: -------------------------------------------
     Atom  i/j   nmr_para   nmr_dia   epr_rmc  epr_para   epr_dia
       C   1 1   0.83E+03  0.17E-01  0.93E+01  0.24E+08  0.24E+03
       C   2 1   0.86E+03 -0.61E-01  0.94E+01  0.25E+08  0.25E+03
       C   2 2   0.90E+03 -0.15E+00  0.97E+01  0.26E+08  0.26E+03
       C   3 3   0.33E+01  0.34E+00  0.18E+01  0.55E+03  0.21E+02
       C   4 3   0.35E+01  0.37E+00  0.20E+01  0.59E+03  0.22E+02
       C   4 4   0.38E+01  0.39E+00  0.22E+01  0.63E+03  0.24E+02
       Cl  1 1   0.14E+04 -0.47E+00  0.84E+01  0.32E+09  0.42E+03
       Cl  2 1   0.21E+04 -0.37E+00  0.12E+02  0.49E+09  0.65E+03
       Cl  2 2   0.33E+04 -0.16E+00  0.21E+02  0.76E+09  0.10E+04
       Cl  3 3   0.21E+02  0.79E-01  0.89E+01  0.23E+05  0.13E+03
       Cl  4 3   0.24E+02  0.67E-01  0.99E+01  0.27E+05  0.15E+03
       Cl  4 4   0.28E+02  0.44E-01  0.11E+02  0.32E+05  0.18E+03
       Cl  5 5   0.77E+00  0.19E+00  0.18E+01  0.12E+03  0.22E+02
       Cl  6 5   0.80E+00  0.19E+00  0.19E+01  0.12E+03  0.23E+02
       Cl  6 6   0.83E+00  0.20E+00  0.19E+01  0.12E+03  0.23E+02
       H   1 1   0.39E+02  0.19E+00  0.29E+00  0.78E+05  0.13E+02
       H   2 1   0.41E+02  0.21E+00  0.32E+00  0.82E+05  0.14E+02
       H   2 2   0.43E+02  0.22E+00  0.36E+00  0.86E+05  0.15E+02
     ------------------------------------------------------------

     alpha_pv=     34.3276 eV

     Number of occupied bands for each k-point:
     k-point:     1    nbnd_occ=  42
     k-point:     2    nbnd_occ=  42
     k-point:     3    nbnd_occ=  42
     k-point:     4    nbnd_occ=  42
     k-point:     5    nbnd_occ=  42
     k-point:     6    nbnd_occ=  42
     k-point:     7    nbnd_occ=  42
     k-point:     8    nbnd_occ=  42
     k-point:     9    nbnd_occ=  42
     k-point:    10    nbnd_occ=  42
     k-point:    11    nbnd_occ=  42
     k-point:    12    nbnd_occ=  42
     k-point:    13    nbnd_occ=  42
     k-point:    14    nbnd_occ=  42
     k-point:    15    nbnd_occ=  42
     k-point:    16    nbnd_occ=  42


     q-space interpolation up to   110.00 Rydberg

     GIPAW job: efg                                                                             


     ELECTRIC FIELD GRADIENTS TENSORS IN Hartree/bohrradius^2:

     ----- bare term -----
     Cl   1        0.076702        0.065044        0.056164
     Cl   1        0.065044       -0.100538       -0.028306
     Cl   1        0.056164       -0.028306        0.023836

     C    2       -0.809571        0.481651       -0.351848
     C    2        0.481651        0.308769       -0.021780
     C    2       -0.351848       -0.021780        0.500801

     C    3        0.348803        0.101453       -0.066225
     C    3        0.101453       -0.306243       -0.514424
     C    3       -0.066225       -0.514424       -0.042560

     H    4       -0.027924        0.198732       -0.471590
     H    4        0.198732       -0.135994        0.084665
     H    4       -0.471590        0.084665        0.163918

     C    5       -0.525362        0.237524       -0.137980
     C    5        0.237524        0.162048        0.060184
     C    5       -0.137980        0.060184        0.363314

     H    6        0.521540        0.022980        0.040455
     H    6        0.022980        0.018954       -0.137035
     H    6        0.040455       -0.137035       -0.540493

     H    7        0.278591        0.401982        0.038544
     H    7        0.401982       -0.630573        0.048483
     H    7        0.038544        0.048483        0.351982

     C    8        0.117387        0.048941       -0.025579
     C    8        0.048941       -0.223092        0.127688
     C    8       -0.025579        0.127688        0.105705

     H    9       -0.181697        0.324804        0.120989
     H    9        0.324804       -0.056097       -0.157630
     H    9        0.120989       -0.157630        0.237795

     C   10       -0.119241       -0.010858        0.173448
     C   10       -0.010858       -0.096365       -0.213976
     C   10        0.173448       -0.213976        0.215606

     C   11        0.165598        0.017342       -0.177374
     C   11        0.017342       -0.075645        0.523070
     C   11       -0.177374        0.523070       -0.089953

     Cl  12        0.109832       -0.118821        0.118310
     Cl  12       -0.118821       -0.225043       -0.419072
     Cl  12        0.118310       -0.419072        0.115211

     H   13        0.460064       -0.057000       -0.025994
     H   13       -0.057000       -0.277778       -0.640322
     H   13       -0.025994       -0.640322       -0.182286

     C   14       -0.015153       -0.011329       -0.210251
     C   14       -0.011329       -0.217235       -0.360045
     C   14       -0.210251       -0.360045        0.232388

     H   15       -0.076403       -0.406279       -0.368822
     H   15       -0.406279       -0.211001       -0.334624
     H   15       -0.368822       -0.334624        0.287404

     C   16       -0.781674        0.358540       -0.322226
     C   16        0.358540        0.362299       -0.060853
     C   16       -0.322226       -0.060853        0.419376

     C   17        0.120705       -0.004943       -0.214140
     C   17       -0.004943       -0.032005       -0.612556
     C   17       -0.214140       -0.612556       -0.088699

     Cl  18       -0.301304        0.321799        0.034356
     Cl  18        0.321799        0.084083       -0.099572
     Cl  18        0.034356       -0.099572        0.217221

     H   19        0.445953        0.078199       -0.051736
     H   19        0.078199       -0.599226        0.540482
     H   19       -0.051736        0.540482        0.153272

     C   20       -0.886801       -0.358589       -0.468129
     C   20       -0.358589        0.346352       -0.014309
     C   20       -0.468129       -0.014309        0.540449

     H   21       -0.445470        0.247741        0.267144
     H   21        0.247741        0.327757        0.079743
     H   21        0.267144        0.079743        0.117713

     C   22        0.198965       -0.085863       -0.066648
     C   22       -0.085863       -0.555392        0.443757
     C   22       -0.066648        0.443757        0.356427

     C   23       -0.815138       -0.471513       -0.356728
     C   23       -0.471513        0.326866        0.014305
     C   23       -0.356728        0.014305        0.488273

     Cl  24       -0.008747       -0.017450        0.057940
     Cl  24       -0.017450       -0.031641       -0.030382
     Cl  24        0.057940       -0.030382        0.040388

     ----- ionic term -----
     Cl   1        0.153554       -0.230877        0.010652
     Cl   1       -0.230877       -0.006175        0.000110
     Cl   1        0.010652        0.000110       -0.147379

     C    2        0.177354       -0.210394        0.245927
     C    2       -0.210394       -0.035200        0.446742
     C    2        0.245927        0.446742       -0.142154

     C    3        0.130200       -0.295768        0.116818
     C    3       -0.295768        0.030695        0.456985
     C    3        0.116818        0.456985       -0.160895

     H    4        0.587639        0.218444        0.684760
     H    4        0.218444       -0.461862        0.210340
     H    4        0.684760        0.210340       -0.125777

     C    5        0.252119       -0.245193        0.231200
     C    5       -0.245193       -0.056103        0.338625
     C    5        0.231200        0.338625       -0.196016

     H    6       -0.524198        0.060603        0.066922
     H    6        0.060603        0.454534        0.800544
     H    6        0.066922        0.800544        0.069664

     H    7       -0.506649       -0.203536        0.113832
     H    7       -0.203536        0.615085       -0.708271
     H    7        0.113832       -0.708271       -0.108436

     C    8        0.369214        0.100568        0.045173
     C    8        0.100568        0.100397       -0.317687
     C    8        0.045173       -0.317687       -0.469610

     H    9        0.886952       -0.488889        0.201919
     H    9       -0.488889       -0.280142       -0.138048
     H    9        0.201919       -0.138048       -0.606810

     C   10        0.216080        0.131293       -0.025266
     C   10        0.131293        0.344293       -0.367401
     C   10       -0.025266       -0.367401       -0.560373

     C   11        0.314112       -0.010731        0.040129
     C   11       -0.010731        0.263544       -0.359729
     C   11        0.040129       -0.359729       -0.577656

     Cl  12        0.152522        0.170102       -0.041895
     Cl  12        0.170102       -0.004012       -0.041851
     Cl  12       -0.041895       -0.041851       -0.148510

     H   13       -0.528331        0.094740        0.082375
     H   13        0.094740        0.488192        0.797031
     H   13        0.082375        0.797031        0.040138

     C   14        0.286825       -0.175869        0.238900
     C   14       -0.175869       -0.061804        0.347359
     C   14        0.238900        0.347359       -0.225020

     H   15        0.657044        0.309204        0.627920
     H   15        0.309204       -0.464488        0.244274
     H   15        0.627920        0.244274       -0.192556

     C   16        0.173174       -0.226404        0.125446
     C   16       -0.226404        0.049774        0.433550
     C   16        0.125446        0.433550       -0.222948

     C   17        0.163612       -0.254299        0.245571
     C   17       -0.254299        0.022976        0.426576
     C   17        0.245571        0.426576       -0.186589

     Cl  18        0.117105       -0.211514       -0.013482
     Cl  18       -0.211514        0.041059        0.029068
     Cl  18       -0.013482        0.029068       -0.158164

     H   19       -0.510157       -0.075521        0.010929
     H   19       -0.075521        0.756160       -0.648532
     H   19        0.010929       -0.648532       -0.246003

     C   20        0.403222        0.080663        0.054327
     C   20        0.080663        0.145792       -0.273750
     C   20        0.054327       -0.273750       -0.549014

     H   21        0.795838       -0.587081        0.200389
     H   21       -0.587081       -0.186706       -0.132084
     H   21        0.200389       -0.132084       -0.609133

     C   22        0.225606        0.150516        0.025240
     C   22        0.150516        0.319950       -0.320475
     C   22        0.025240       -0.320475       -0.545555

     C   23        0.296399        0.081901        0.083506
     C   23        0.081901        0.216163       -0.313443
     C   23        0.083506       -0.313443       -0.512561

     Cl  24        0.168651        0.205976       -0.005836
     Cl  24        0.205976       -0.024929       -0.006500
     Cl  24       -0.005836       -0.006500       -0.143722

     ----- GIPAW term -----
     Cl   1       -0.252058       -1.155495        0.179444
     Cl   1       -1.155495        1.531719        1.679802
     Cl   1        0.179444        1.679802       -1.279661

     C    2       -0.149395        0.019987       -0.020654
     C    2        0.019987        0.167269        0.134687
     C    2       -0.020654        0.134687       -0.017874

     C    3       -0.015157        0.008451        0.012577
     C    3        0.008451        0.108442        0.026895
     C    3        0.012577        0.026895       -0.093285

     H    4       -0.000000        0.000000        0.000000
     H    4        0.000000        0.000000        0.000000
     H    4        0.000000        0.000000        0.000000

     C    5       -0.053064       -0.013548        0.007428
     C    5       -0.013548        0.048732        0.010241
     C    5        0.007428        0.010241        0.004332

     H    6       -0.000000        0.000000        0.000000
     H    6        0.000000        0.000000        0.000000
     H    6        0.000000        0.000000        0.000000

     H    7       -0.000000        0.000000        0.000000
     H    7        0.000000        0.000000        0.000000
     H    7        0.000000        0.000000        0.000000

     C    8        0.004144       -0.012886        0.010658
     C    8       -0.012886        0.049920        0.022090
     C    8        0.010658        0.022090       -0.054064

     H    9       -0.000000        0.000000        0.000000
     H    9        0.000000        0.000000        0.000000
     H    9        0.000000        0.000000        0.000000

     C   10        0.006391        0.021014        0.023167
     C   10        0.021014       -0.001604       -0.038130
     C   10        0.023167       -0.038130       -0.004786

     C   11       -0.010671       -0.001960       -0.025437
     C   11       -0.001960        0.131044        0.060002
     C   11       -0.025437        0.060002       -0.120373

     Cl  12       -0.190573       -0.147265       -0.331014
     Cl  12       -0.147265        0.209809        0.588817
     Cl  12       -0.331014        0.588817       -0.019236

     H   13       -0.000000        0.000000        0.000000
     H   13        0.000000        0.000000        0.000000
     H   13        0.000000        0.000000        0.000000

     C   14       -0.106925       -0.035103       -0.029012
     C   14       -0.035103        0.104058        0.133651
     C   14       -0.029012        0.133651        0.002867

     H   15       -0.000000        0.000000        0.000000
     H   15        0.000000        0.000000        0.000000
     H   15        0.000000        0.000000        0.000000

     C   16       -0.235441        0.029674       -0.052615
     C   16        0.029674        0.286311        0.098900
     C   16       -0.052615        0.098900       -0.050870

     C   17       -0.039457       -0.005869       -0.023873
     C   17       -0.005869        0.213238       -0.053673
     C   17       -0.023873       -0.053673       -0.173780

     Cl  18       -1.284579       -0.875502        0.223096
     Cl  18       -0.875502        1.928055       -1.980472
     Cl  18        0.223096       -1.980472       -0.643476

     H   19       -0.000000        0.000000        0.000000
     H   19        0.000000        0.000000        0.000000
     H   19        0.000000        0.000000        0.000000

     C   20       -0.183525       -0.002127       -0.070812
     C   20       -0.002127        0.092149       -0.171518
     C   20       -0.070812       -0.171518        0.091376

     H   21       -0.000000        0.000000        0.000000
     H   21        0.000000        0.000000        0.000000
     H   21        0.000000        0.000000        0.000000

     C   22       -0.064582        0.023023       -0.004309
     C   22        0.023023       -0.017327       -0.146582
     C   22       -0.004309       -0.146582        0.081909

     C   23       -0.160725       -0.014787       -0.025038
     C   23       -0.014787        0.187713       -0.142999
     C   23       -0.025038       -0.142999       -0.026988

     Cl  24       -0.204664        2.000490       -0.304552
     Cl  24        2.000490        0.666277       -1.918323
     Cl  24       -0.304552       -1.918323       -0.461613

     ----- total EFG -----
     Cl   1       -0.021802       -1.321327        0.246260
     Cl   1       -1.321327        1.425007        1.651607
     Cl   1        0.246260        1.651607       -1.403204

     C    2       -0.781612        0.291244       -0.126575
     C    2        0.291244        0.440839        0.559650
     C    2       -0.126575        0.559650        0.340773

     C    3        0.463847       -0.185864        0.063170
     C    3       -0.185864       -0.167106       -0.030544
     C    3        0.063170       -0.030544       -0.296740

     H    4        0.559715        0.417175        0.213170
     H    4        0.417175       -0.597856        0.295004
     H    4        0.213170        0.295004        0.038141

     C    5       -0.326307       -0.021217        0.100647
     C    5       -0.021217        0.154676        0.409050
     C    5        0.100647        0.409050        0.171631

     H    6       -0.002658        0.083583        0.107377
     H    6        0.083583        0.473487        0.663509
     H    6        0.107377        0.663509       -0.470829

     H    7       -0.228058        0.198446        0.152376
     H    7        0.198446       -0.015488       -0.659788
     H    7        0.152376       -0.659788        0.243546

     C    8        0.490744        0.136623        0.030253
     C    8        0.136623       -0.072775       -0.167909
     C    8        0.030253       -0.167909       -0.417969

     H    9        0.705255       -0.164085        0.322907
     H    9       -0.164085       -0.336239       -0.295679
     H    9        0.322907       -0.295679       -0.369015

     C   10        0.103230        0.141450        0.171349
     C   10        0.141450        0.246324       -0.619507
     C   10        0.171349       -0.619507       -0.349554

     C   11        0.469039        0.004651       -0.162682
     C   11        0.004651        0.318943        0.223343
     C   11       -0.162682        0.223343       -0.787982

     Cl  12        0.071781       -0.095984       -0.254599
     Cl  12       -0.095984       -0.019247        0.127894
     Cl  12       -0.254599        0.127894       -0.052535

     H   13       -0.068266        0.037740        0.056380
     H   13        0.037740        0.210414        0.156709
     H   13        0.056380        0.156709       -0.142147

     C   14        0.164747       -0.222301       -0.000362
     C   14       -0.222301       -0.174982        0.120965
     C   14       -0.000362        0.120965        0.010235

     H   15        0.580641       -0.097075        0.259098
     H   15       -0.097075       -0.675490       -0.090350
     H   15        0.259098       -0.090350        0.094848

     C   16       -0.843942        0.161809       -0.249396
     C   16        0.161809        0.698384        0.471597
     C   16       -0.249396        0.471597        0.145558

     C   17        0.244860       -0.265111        0.007558
     C   17       -0.265111        0.204209       -0.239654
     C   17        0.007558       -0.239654       -0.449068

     Cl  18       -1.468777       -0.765217        0.243970
     Cl  18       -0.765217        2.053197       -2.050977
     Cl  18        0.243970       -2.050977       -0.584419

     H   19       -0.064204        0.002679       -0.040807
     H   19        0.002679        0.156934       -0.108050
     H   19       -0.040807       -0.108050       -0.092730

     C   20       -0.667104       -0.280053       -0.484614
     C   20       -0.280053        0.584293       -0.459578
     C   20       -0.484614       -0.459578        0.082811

     H   21        0.350368       -0.339340        0.467533
     H   21       -0.339340        0.141051       -0.052342
     H   21        0.467533       -0.052342       -0.491419

     C   22        0.359988        0.087676       -0.045718
     C   22        0.087676       -0.252769       -0.023300
     C   22       -0.045718       -0.023300       -0.107219

     C   23       -0.679465       -0.404399       -0.298260
     C   23       -0.404399        0.730741       -0.442137
     C   23       -0.298260       -0.442137       -0.051276

     Cl  24       -0.044760        2.189015       -0.252448
     Cl  24        2.189015        0.609707       -1.955206
     Cl  24       -0.252448       -1.955206       -0.564947

     ----- total EFG (symmetrized) -----
     Cl   1       -0.021802       -1.321327        0.246260
     Cl   1       -1.321327        1.425007        1.651607
     Cl   1        0.246260        1.651607       -1.403204

     C    2       -0.781612        0.291244       -0.126575
     C    2        0.291244        0.440839        0.559650
     C    2       -0.126575        0.559650        0.340773

     C    3        0.463847       -0.185864        0.063170
     C    3       -0.185864       -0.167106       -0.030544
     C    3        0.063170       -0.030544       -0.296740

     H    4        0.559715        0.417175        0.213170
     H    4        0.417175       -0.597856        0.295004
     H    4        0.213170        0.295004        0.038141

     C    5       -0.326307       -0.021217        0.100647
     C    5       -0.021217        0.154676        0.409050
     C    5        0.100647        0.409050        0.171631

     H    6       -0.002658        0.083583        0.107377
     H    6        0.083583        0.473487        0.663509
     H    6        0.107377        0.663509       -0.470829

     H    7       -0.228058        0.198446        0.152376
     H    7        0.198446       -0.015488       -0.659788
     H    7        0.152376       -0.659788        0.243546

     C    8        0.490744        0.136623        0.030253
     C    8        0.136623       -0.072775       -0.167909
     C    8        0.030253       -0.167909       -0.417969

     H    9        0.705255       -0.164085        0.322907
     H    9       -0.164085       -0.336239       -0.295679
     H    9        0.322907       -0.295679       -0.369015

     C   10        0.103230        0.141450        0.171349
     C   10        0.141450        0.246324       -0.619507
     C   10        0.171349       -0.619507       -0.349554

     C   11        0.469039        0.004651       -0.162682
     C   11        0.004651        0.318943        0.223343
     C   11       -0.162682        0.223343       -0.787982

     Cl  12        0.071781       -0.095984       -0.254599
     Cl  12       -0.095984       -0.019247        0.127894
     Cl  12       -0.254599        0.127894       -0.052535

     H   13       -0.068266        0.037740        0.056380
     H   13        0.037740        0.210414        0.156709
     H   13        0.056380        0.156709       -0.142147

     C   14        0.164747       -0.222301       -0.000362
     C   14       -0.222301       -0.174982        0.120965
     C   14       -0.000362        0.120965        0.010235

     H   15        0.580641       -0.097075        0.259098
     H   15       -0.097075       -0.675490       -0.090350
     H   15        0.259098       -0.090350        0.094848

     C   16       -0.843942        0.161809       -0.249396
     C   16        0.161809        0.698384        0.471597
     C   16       -0.249396        0.471597        0.145558

     C   17        0.244860       -0.265111        0.007558
     C   17       -0.265111        0.204209       -0.239654
     C   17        0.007558       -0.239654       -0.449068

     Cl  18       -1.468777       -0.765217        0.243970
     Cl  18       -0.765217        2.053197       -2.050977
     Cl  18        0.243970       -2.050977       -0.584419

     H   19       -0.064204        0.002679       -0.040807
     H   19        0.002679        0.156934       -0.108050
     H   19       -0.040807       -0.108050       -0.092730

     C   20       -0.667104       -0.280053       -0.484614
     C   20       -0.280053        0.584293       -0.459578
     C   20       -0.484614       -0.459578        0.082811

     H   21        0.350368       -0.339340        0.467533
     H   21       -0.339340        0.141051       -0.052342
     H   21        0.467533       -0.052342       -0.491419

     C   22        0.359988        0.087676       -0.045718
     C   22        0.087676       -0.252769       -0.023300
     C   22       -0.045718       -0.023300       -0.107219

     C   23       -0.679465       -0.404399       -0.298260
     C   23       -0.404399        0.730741       -0.442137
     C   23       -0.298260       -0.442137       -0.051276

     Cl  24       -0.044760        2.189015       -0.252448
     Cl  24        2.189015        0.609707       -1.955206
     Cl  24       -0.252448       -1.955206       -0.564947


     NQR/NMR SPECTROSCOPIC PARAMETERS:
     Cl   1    Vxx=   -0.2145    axis=(  0.855071  0.212814  0.472825)
     Cl   1    Vyy=   -2.4422    axis=(  0.337048  0.464823 -0.818741)
     Cl   1    Vzz=    2.6567    axis=( -0.394020  0.859447  0.325728)
     Cl   1  Q=        -8.1650 1e-30 m^2  Cq=       -50.9681 MHz  eta= 0.83853

     C    2    Vxx=   -0.0576    axis=( -0.364155 -0.593319  0.717889)
     C    2    Vyy=   -0.9052    axis=( -0.928126  0.295151 -0.226864)
     C    2    Vzz=    0.9627    axis=( -0.077283 -0.748905 -0.658155)
     C    2  Q=         1.0000 1e-30 m^2  Cq=         2.2620 MHz  eta= 0.88043

     C    3    Vxx=   -0.2159    axis=(  0.273503  0.950800 -0.145517)
     C    3    Vyy=   -0.3045    axis=(  0.041654 -0.162851 -0.985771)
     C    3    Vzz=    0.5204    axis=( -0.960969  0.263550 -0.084145)
     C    3  Q=         1.0000 1e-30 m^2  Cq=         1.2226 MHz  eta= 0.17019

     H    4    Vxx=   -0.0179    axis=( -0.431657  0.142579  0.890698)
     H    4    Vyy=   -0.7925    axis=( -0.245198  0.931702 -0.267973)
     H    4    Vzz=    0.8104    axis=( -0.868073 -0.334070 -0.367216)
     H    4  Q=         1.0000 1e-30 m^2  Cq=         1.9042 MHz  eta= 0.95572

     C    5    Vxx=   -0.1928    axis=( -0.527329  0.633860 -0.565814)
     C    5    Vyy=   -0.3831    axis=( -0.847267 -0.342332  0.406136)
     C    5    Vzz=    0.5759    axis=(  0.063737  0.693563  0.717571)
     C    5  Q=         1.0000 1e-30 m^2  Cq=         1.3532 MHz  eta= 0.33044

     H    6    Vxx=   -0.0169    axis=(  0.986694 -0.162535 -0.004173)
     H    6    Vyy=   -0.8171    axis=(  0.070772  0.452457 -0.888974)
     H    6    Vzz=    0.8340    axis=(  0.146377  0.876850  0.457939)
     H    6  Q=         1.0000 1e-30 m^2  Cq=         1.9595 MHz  eta= 0.95952

     H    7    Vxx=   -0.0936    axis=(  0.880594  0.360519  0.307538)
     H    7    Vyy=   -0.6929    axis=( -0.473791  0.681749  0.557440)
     H    7    Vzz=    0.7865    axis=( -0.008696 -0.636588  0.771155)
     H    7  Q=         1.0000 1e-30 m^2  Cq=         1.8479 MHz  eta= 0.76198

     C    8    Vxx=   -0.0294    axis=( -0.210734  0.891255 -0.401565)
     C    8    Vyy=   -0.4928    axis=( -0.082769  0.393047  0.915786)
     C    8    Vzz=    0.5222    axis=( -0.974033 -0.226225  0.009060)
     C    8  Q=         1.0000 1e-30 m^2  Cq=         1.2269 MHz  eta= 0.88730

     H    9    Vxx=   -0.1830    axis=( -0.346201 -0.740521  0.575998)
     H    9    Vyy=   -0.6614    axis=(  0.102989 -0.640254 -0.761228)
     H    9    Vzz=    0.8444    axis=(  0.932490 -0.204217  0.297922)
     H    9  Q=         1.0000 1e-30 m^2  Cq=         1.9839 MHz  eta= 0.56662

     C   10    Vxx=    0.1558    axis=(  0.969379  0.078245  0.232769)
     C   10    Vyy=    0.6374    axis=(  0.057121  0.850034 -0.523622)
     C   10    Vzz=   -0.7932    axis=( -0.238832  0.520884  0.819536)
     C   10  Q=         1.0000 1e-30 m^2  Cq=        -1.8638 MHz  eta= 0.60720

     C   11    Vxx=    0.3571    axis=( -0.193998 -0.967670 -0.161182)
     C   11    Vyy=    0.4938    axis=( -0.973533  0.169668  0.153121)
     C   11    Vzz=   -0.8509    axis=(  0.120823 -0.186621  0.974974)
     C   11  Q=         1.0000 1e-30 m^2  Cq=        -1.9993 MHz  eta= 0.16070

     Cl  12    Vxx=   -0.0778    axis=( -0.441356 -0.893955  0.077781)
     Cl  12    Vyy=   -0.2611    axis=(  0.556685 -0.204793  0.805085)
     Cl  12    Vzz=    0.3389    axis=(  0.703780 -0.398629 -0.588038)
     Cl  12  Q=        -8.1650 1e-30 m^2  Cq=        -6.5012 MHz  eta= 0.54105

     H   13    Vxx=   -0.0660    axis=(  0.948782 -0.243596  0.201180)
     H   13    Vyy=   -0.2129    axis=(  0.273140  0.312462 -0.909814)
     H   13    Vzz=    0.2789    axis=(  0.158766  0.918166  0.362995)
     H   13  Q=         1.0000 1e-30 m^2  Cq=         0.6553 MHz  eta= 0.52669

     C   14    Vxx=    0.0348    axis=(  0.325785  0.188956  0.926369)
     C   14    Vyy=    0.2860    axis=( -0.859028  0.468406  0.206559)
     C   14    Vzz=   -0.3208    axis=( -0.394886 -0.863071  0.314918)
     C   14  Q=         1.0000 1e-30 m^2  Cq=        -0.7538 MHz  eta= 0.78318

     H   15    Vxx=   -0.0145    axis=( -0.407172 -0.064735  0.911054)
     H   15    Vyy=   -0.6897    axis=( -0.056399 -0.993800 -0.095820)
     H   15    Vzz=    0.7042    axis=(  0.911608 -0.090397  0.400997)
     H   15  Q=         1.0000 1e-30 m^2  Cq=         1.6547 MHz  eta= 0.95874

     C   16    Vxx=   -0.0180    axis=( -0.338113 -0.462994  0.819339)
     C   16    Vyy=   -0.9507    axis=( -0.941058  0.175094 -0.289400)
     C   16    Vzz=    0.9688    axis=( -0.009471 -0.868895 -0.494905)
     C   16  Q=         1.0000 1e-30 m^2  Cq=         2.2762 MHz  eta= 0.96281

     C   17    Vxx=    0.0143    axis=(  0.722186  0.619139 -0.308406)
     C   17    Vyy=    0.5213    axis=(  0.683417 -0.707476  0.180050)
     C   17    Vzz=   -0.5356    axis=(  0.106714  0.340800  0.934060)
     C   17  Q=         1.0000 1e-30 m^2  Cq=        -1.2586 MHz  eta= 0.94642

     Cl  18    Vxx=   -1.4922    axis=(  0.803941 -0.158129 -0.573301)
     Cl  18    Vyy=   -1.8110    axis=(  0.571881  0.470080  0.672292)
     Cl  18    Vzz=    3.3032    axis=( -0.163188  0.868343 -0.468348)
     Cl  18  Q=        -8.1650 1e-30 m^2  Cq=       -63.3705 MHz  eta= 0.09649

     H   19    Vxx=   -0.0488    axis=(  0.912493 -0.199451 -0.357178)
     H   19    Vyy=   -0.1495    axis=(  0.403936  0.301083  0.863820)
     H   19    Vzz=    0.1983    axis=( -0.064750 -0.932506  0.355301)
     H   19  Q=         1.0000 1e-30 m^2  Cq=         0.4659 MHz  eta= 0.50762

     C   20    Vxx=    0.1798    axis=(  0.551281 -0.430416 -0.714724)
     C   20    Vyy=    0.8571    axis=( -0.005332 -0.858455  0.512861)
     C   20    Vzz=   -1.0370    axis=(  0.834302  0.278920  0.475545)
     C   20  Q=         1.0000 1e-30 m^2  Cq=        -2.4364 MHz  eta= 0.65314

     H   21    Vxx=   -0.0325    axis=(  0.395957  0.866295  0.304552)
     H   21    Vyy=   -0.7102    axis=(  0.431718  0.117099 -0.894375)
     H   21    Vzz=    0.7427    axis=( -0.810455  0.485614 -0.327629)
     H   21  Q=         1.0000 1e-30 m^2  Cq=         1.7450 MHz  eta= 0.91261

     C   22    Vxx=   -0.1103    axis=(  0.113332 -0.092038  0.989285)
     C   22    Vyy=   -0.2669    axis=( -0.130099  0.985752  0.106614)
     C   22    Vzz=    0.3771    axis=( -0.985003 -0.140788  0.099743)
     C   22  Q=         1.0000 1e-30 m^2  Cq=         0.8862 MHz  eta= 0.41514

     C   23    Vxx=    0.0053    axis=( -0.499735  0.230321  0.834995)
     C   23    Vyy=    0.9706    axis=(  0.162424 -0.921982  0.351523)
     C   23    Vzz=   -0.9758    axis=(  0.850813  0.311292  0.423337)
     C   23  Q=         1.0000 1e-30 m^2  Cq=        -2.2928 MHz  eta= 0.98919

     Cl  24    Vxx=   -0.5771    axis=(  0.688859 -0.084481  0.719956)
     Cl  24    Vyy=   -2.6737    axis=(  0.499663 -0.664212 -0.556021)
     Cl  24    Vzz=    3.2508    axis=( -0.525177 -0.742755  0.415336)
     Cl  24  Q=        -8.1650 1e-30 m^2  Cq=       -62.3650 MHz  eta= 0.64497

     Initialization:
     gipaw_setup  :      9.11s CPU     11.00s WALL (       1 calls)

     Linear response

     Apply operators

     Induced current

     Other routines
     efg          :      9.14s CPU     11.72s WALL (       1 calls)

     General routines
     calbec       :      3.26s CPU      4.45s WALL (      16 calls)
     fft          :      1.77s CPU      2.71s WALL (      15 calls)
     ffts         :      0.03s CPU      0.04s WALL (       2 calls)
     fftw         :      3.14s CPU      3.83s WALL (     672 calls)
     davcio       :      0.02s CPU      0.33s WALL (      32 calls)

     Parallel routines
     fft_scatter  :      2.42s CPU      3.69s WALL (     689 calls)

     Plugins

     GIPAW        :     60.35s CPU     71.23s WALL (       1 calls)
