
     Program QE v.6.0 (svn rev. 13079) starts on  1Jan2017 at  0:24:19 

     This program is part of the open-source Quantum ESPRESSO suite
     for quantum simulation of materials; please cite
         "P. Giannozzi et al., J. Phys.:Condens. Matter 21 395502 (2009);
          URL http://www.quantum-espresso.org", 
     in publications or presentations arising from this work. More details at
     http://www.quantum-espresso.org/quote

     Parallel version (MPI), running on     8 processors
     R & G space division:  proc/nbgrp/npool/nimage =       8

     ***** This is GIPAW svn revision unknown      *****

     Parallelizing q-star over 1 images

     Reading data from directory:
     /users/majewski/paradichlorobenzene/pbe/9_constraint/scratch/pbe.ecut100.np8.dt60.pcl2phi-129368.save
     Message from routine read_xml_file:
     file /users/majewski/paradichlorobenzene/pbe/9_constraint/scratch/pbe.ecut100.np8.dt60.pcl2phi-129368.save not guaranteed to be safe for post-processing

   Info: using nr1, nr2, nr3 values from input

   Info: using nr1, nr2, nr3 values from input

     IMPORTANT: XC functional enforced from input :
     Exchange-correlation      =  SLA  PW   PBX  PBC ( 1  4  3  4 0 0)
     Any further DFT definition will be discarded
     Please, verify this is what you really want

               file C.pbe-n-kjpaw_psl.1.0.0.UPF: wavefunction(s)  2S 2P renormalized
               file Cl.pbe-n-kjpaw_psl.1.0.0.UPF: wavefunction(s)  3S 3P renormalized
               file H.pbe-kjpaw_psl.1.0.0.UPF: wavefunction(s)  1S renormalized

     Parallelization info
     --------------------
     sticks:   dense  smooth     PW     G-vecs:    dense   smooth      PW
     Min        3057    1223    332               144436    36536    5170
     Max        3059    1225    333               144437    36537    5171
     Sum       24467    9791   2657              1155489   292295   41363


     Subspace diagonalization in iterative solution of the eigenvalue problem:
     a serial algorithm will be used

     GIPAW projectors -----------------------------------------------
     atom=  C    l=0  rc=    1.2000  rs=    0.8000
     atom=  C    l=0  rc=    1.2000  rs=    0.8000
     atom=  C    l=1  rc=    1.4000  rs=    0.9333
     atom=  C    l=1  rc=    1.4000  rs=    0.9333
     projs nearly linearly dependent: l=1  n1,n2= 1, 2  s=  0.99951561

     atom=  Cl   l=0  rc=    1.6000  rs=    1.0667
     atom=  Cl   l=0  rc=    1.6000  rs=    1.0667
     atom=  Cl   l=1  rc=    1.6000  rs=    1.0667
     atom=  Cl   l=1  rc=    1.6000  rs=    1.0667
     atom=  Cl   l=2  rc=    1.6000  rs=    1.0667
     atom=  Cl   l=2  rc=    1.6000  rs=    1.0667
     projs nearly linearly dependent: l=2  n1,n2= 1, 2  s=  0.99993509

     atom=  H    l=0  rc=    1.0000  rs=    0.6667
     atom=  H    l=0  rc=    1.0000  rs=    0.6667
     projs nearly linearly dependent: l=0  n1,n2= 1, 2  s=  0.99968852
     -----------------------------------------------------------------

     GIPAW integrals: -------------------------------------------
     Atom  i/j   nmr_para   nmr_dia   epr_rmc  epr_para   epr_dia
       C   1 1   0.83E+03  0.17E-01  0.93E+01  0.24E+08  0.24E+03
       C   2 1   0.86E+03 -0.61E-01  0.94E+01  0.25E+08  0.25E+03
       C   2 2   0.90E+03 -0.15E+00  0.97E+01  0.26E+08  0.26E+03
       C   3 3   0.33E+01  0.34E+00  0.18E+01  0.55E+03  0.21E+02
       C   4 3   0.35E+01  0.37E+00  0.20E+01  0.59E+03  0.22E+02
       C   4 4   0.38E+01  0.39E+00  0.22E+01  0.63E+03  0.24E+02
       Cl  1 1   0.14E+04 -0.47E+00  0.84E+01  0.32E+09  0.42E+03
       Cl  2 1   0.21E+04 -0.37E+00  0.12E+02  0.49E+09  0.65E+03
       Cl  2 2   0.33E+04 -0.16E+00  0.21E+02  0.76E+09  0.10E+04
       Cl  3 3   0.21E+02  0.79E-01  0.89E+01  0.23E+05  0.13E+03
       Cl  4 3   0.24E+02  0.67E-01  0.99E+01  0.27E+05  0.15E+03
       Cl  4 4   0.28E+02  0.44E-01  0.11E+02  0.32E+05  0.18E+03
       Cl  5 5   0.77E+00  0.19E+00  0.18E+01  0.12E+03  0.22E+02
       Cl  6 5   0.80E+00  0.19E+00  0.19E+01  0.12E+03  0.23E+02
       Cl  6 6   0.83E+00  0.20E+00  0.19E+01  0.12E+03  0.23E+02
       H   1 1   0.39E+02  0.19E+00  0.29E+00  0.78E+05  0.13E+02
       H   2 1   0.41E+02  0.21E+00  0.32E+00  0.82E+05  0.14E+02
       H   2 2   0.43E+02  0.22E+00  0.36E+00  0.86E+05  0.15E+02
     ------------------------------------------------------------

     alpha_pv=     34.5238 eV

     Number of occupied bands for each k-point:
     k-point:     1    nbnd_occ=  42
     k-point:     2    nbnd_occ=  42
     k-point:     3    nbnd_occ=  42
     k-point:     4    nbnd_occ=  42
     k-point:     5    nbnd_occ=  42
     k-point:     6    nbnd_occ=  42
     k-point:     7    nbnd_occ=  42
     k-point:     8    nbnd_occ=  42
     k-point:     9    nbnd_occ=  42
     k-point:    10    nbnd_occ=  42
     k-point:    11    nbnd_occ=  42
     k-point:    12    nbnd_occ=  42
     k-point:    13    nbnd_occ=  42
     k-point:    14    nbnd_occ=  42
     k-point:    15    nbnd_occ=  42
     k-point:    16    nbnd_occ=  42


     q-space interpolation up to   110.00 Rydberg

     GIPAW job: efg                                                                             


     ELECTRIC FIELD GRADIENTS TENSORS IN Hartree/bohrradius^2:

     ----- bare term -----
     Cl   1       -0.109709        0.202293        0.041670
     Cl   1        0.202293       -0.038256       -0.049487
     Cl   1        0.041670       -0.049487        0.147965

     C    2        0.015274       -0.172064       -0.451196
     C    2       -0.172064       -0.417474       -0.421296
     C    2       -0.451196       -0.421296        0.402200

     C    3       -0.588774        0.329552       -0.272069
     C    3        0.329552        0.188759       -0.204977
     C    3       -0.272069       -0.204977        0.400015

     H    4       -0.442285       -0.455788       -0.108927
     H    4       -0.455788        0.210260        0.026231
     H    4       -0.108927        0.026231        0.232025

     C    5       -0.138089        0.103059       -0.219925
     C    5        0.103059       -0.273717       -0.276021
     C    5       -0.219925       -0.276021        0.411806

     H    6        0.463770       -0.099107       -0.022805
     H    6       -0.099107       -0.812634       -0.233767
     H    6       -0.022805       -0.233767        0.348864

     H    7        0.399627        0.021959        0.267470
     H    7        0.021959        0.130726        0.259586
     H    7        0.267470        0.259586       -0.530354

     C    8       -0.166036       -0.120945       -0.158810
     C    8       -0.120945        0.101645        0.162951
     C    8       -0.158810        0.162951        0.064391

     H    9        0.151317        0.075980       -0.316659
     H    9        0.075980        0.427289       -0.085719
     H    9       -0.316659       -0.085719       -0.578607

     C   10        0.067485       -0.148354       -0.021298
     C   10       -0.148354        0.003318        0.033679
     C   10       -0.021298        0.033679       -0.070804

     C   11       -0.092488       -0.127687       -0.315441
     C   11       -0.127687       -0.292602        0.368582
     C   11       -0.315441        0.368582        0.385090

     Cl  12       -0.057020       -0.058693        0.062547
     Cl  12       -0.058693        0.008170       -0.078390
     Cl  12        0.062547       -0.078390        0.048849

     H   13        0.264076       -0.367057        0.224771
     H   13       -0.367057       -0.503758        0.055725
     H   13        0.224771        0.055725        0.239682

     C   14       -0.294887        0.245301       -0.080435
     C   14        0.245301        0.201233        0.092862
     C   14       -0.080435        0.092862        0.093653

     H   15       -0.500198       -0.176635        0.249775
     H   15       -0.176635        0.311558       -0.113486
     H   15        0.249775       -0.113486        0.188640

     C   16        0.228391       -0.126283        0.284022
     C   16       -0.126283       -0.190679       -0.151753
     C   16        0.284022       -0.151753       -0.037712

     C   17       -0.578814        0.267874       -0.101664
     C   17        0.267874        0.273235       -0.131040
     C   17       -0.101664       -0.131040        0.305579

     Cl  18       -0.061256       -0.021978        0.037518
     Cl  18       -0.021978       -0.001234        0.131445
     Cl  18        0.037518        0.131445        0.062490

     H   19        0.312814        0.287856        0.050688
     H   19        0.287856       -0.578846        0.248668
     H   19        0.050688        0.248668        0.266031

     C   20       -0.444951       -0.117828       -0.327830
     C   20       -0.117828       -0.083063        0.338247
     C   20       -0.327830        0.338247        0.528014

     H   21       -0.378880        0.363688       -0.386375
     H   21        0.363688        0.123999        0.145201
     H   21       -0.386375        0.145201        0.254880

     C   22       -0.287728       -0.340755       -0.175924
     C   22       -0.340755       -0.227542        0.527259
     C   22       -0.175924        0.527259        0.515270

     C   23       -0.184824       -0.158978       -0.331669
     C   23       -0.158978       -0.111624        0.603821
     C   23       -0.331669        0.603821        0.296448

     Cl  24        0.003264       -0.008024       -0.023186
     Cl  24       -0.008024        0.016285        0.007001
     Cl  24       -0.023186        0.007001       -0.019550

     ----- ionic term -----
     Cl   1        0.133329       -0.208628       -0.054813
     Cl   1       -0.208628        0.004381        0.041079
     Cl   1       -0.054813        0.041079       -0.137710

     C    2        0.310284       -0.118183        0.084913
     C    2       -0.118183        0.200691        0.355473
     C    2        0.084913        0.355473       -0.510976

     C    3        0.264218       -0.230134        0.040550
     C    3       -0.230134        0.265501        0.333887
     C    3        0.040550        0.333887       -0.529719

     H    4        0.902031        0.312078        0.399227
     H    4        0.312078       -0.416141        0.150838
     H    4        0.399227        0.150838       -0.485890

     C    5        0.394483       -0.161106        0.114617
     C    5       -0.161106        0.160966        0.260889
     C    5        0.114617        0.260889       -0.555448

     H    6       -0.516145        0.141700        0.043391
     H    6        0.141700        0.982655        0.416716
     H    6        0.043391        0.416716       -0.466510

     H    7       -0.535827       -0.020304        0.030695
     H    7       -0.020304        0.540173       -0.755407
     H    7        0.030695       -0.755407       -0.004346

     C    8        0.150879        0.240750        0.321089
     C    8        0.240750        0.009311       -0.279748
     C    8        0.321089       -0.279748       -0.160190

     H    9        0.488562       -0.307696        0.746180
     H    9       -0.307696       -0.419525       -0.285763
     H    9        0.746180       -0.285763       -0.069037

     C   10        0.073451        0.253988        0.219596
     C   10        0.253988        0.122293       -0.407993
     C   10        0.219596       -0.407993       -0.195744

     C   11        0.129805        0.258583        0.282883
     C   11        0.258583        0.104549       -0.429493
     C   11        0.282883       -0.429493       -0.234354

     Cl  12        0.116566        0.245647        0.024524
     Cl  12        0.245647        0.038328        0.002642
     Cl  12        0.024524        0.002642       -0.154894

     H   13       -0.485248        0.136320        0.044212
     H   13        0.136320        0.696911        0.649056
     H   13        0.044212        0.649056       -0.211663

     C   14        0.372558       -0.116448        0.124157
     C   14       -0.116448        0.104545        0.292070
     C   14        0.124157        0.292070       -0.477103

     H   15        0.748390        0.320602        0.592913
     H   15        0.320602       -0.406142        0.199829
     H   15        0.592913        0.199829       -0.342248

     C   16        0.181894       -0.134573        0.147840
     C   16       -0.134573        0.283601        0.355588
     C   16        0.147840        0.355588       -0.465496

     C   17        0.270513       -0.057888        0.248477
     C   17       -0.057888        0.251908        0.293258
     C   17        0.248477        0.293258       -0.522421

     Cl  18        0.118820       -0.214010        0.038720
     Cl  18       -0.214010        0.060447       -0.027146
     Cl  18        0.038720       -0.027146       -0.179267

     H   19       -0.500925       -0.113846        0.107300
     H   19       -0.113846        0.507039       -0.756709
     H   19        0.107300       -0.756709       -0.006114

     C   20        0.255911        0.207512        0.364233
     C   20        0.207512        0.028049       -0.272349
     C   20        0.364233       -0.272349       -0.283959

     H   21        0.538057       -0.314634        0.685976
     H   21       -0.314634       -0.400871       -0.274927
     H   21        0.685976       -0.274927       -0.137186

     C   22        0.091196        0.290740        0.237345
     C   22        0.290740        0.220171       -0.362222
     C   22        0.237345       -0.362222       -0.311368

     C   23        0.061707        0.266886        0.317531
     C   23        0.266886        0.143386       -0.372246
     C   23        0.317531       -0.372246       -0.205093

     Cl  24        0.142577        0.209412        0.032237
     Cl  24        0.209412        0.023871        0.012774
     Cl  24        0.032237        0.012774       -0.166448

     ----- GIPAW term -----
     Cl   1        1.396435       -2.030747        0.324290
     Cl   1       -2.030747       -0.086114       -0.335804
     Cl   1        0.324290       -0.335804       -1.310321

     C    2       -0.013102       -0.150657       -0.179316
     C    2       -0.150657       -0.151925        0.035750
     C    2       -0.179316        0.035750        0.165027

     C    3       -0.185618       -0.055383       -0.069337
     C    3       -0.055383        0.225171        0.043896
     C    3       -0.069337        0.043896       -0.039553

     H    4       -0.000000        0.000000        0.000000
     H    4        0.000000        0.000000        0.000000
     H    4        0.000000        0.000000        0.000000

     C    5       -0.112647       -0.005110       -0.032809
     C    5       -0.005110       -0.032169        0.138593
     C    5       -0.032809        0.138593        0.144815

     H    6       -0.000000        0.000000        0.000000
     H    6        0.000000        0.000000        0.000000
     H    6        0.000000        0.000000        0.000000

     H    7       -0.000000        0.000000        0.000000
     H    7        0.000000        0.000000        0.000000
     H    7        0.000000        0.000000        0.000000

     C    8       -0.028485       -0.036409       -0.069004
     C    8       -0.036409       -0.027181        0.073090
     C    8       -0.069004        0.073090        0.055666

     H    9       -0.000000        0.000000        0.000000
     H    9        0.000000        0.000000        0.000000
     H    9        0.000000        0.000000        0.000000

     C   10       -0.010819       -0.008134       -0.017684
     C   10       -0.008134       -0.003962        0.013673
     C   10       -0.017684        0.013673        0.014781

     C   11       -0.066488        0.019713       -0.100080
     C   11        0.019713       -0.097231        0.137552
     C   11       -0.100080        0.137552        0.163719

     Cl  12        0.007520       -0.060239       -1.356033
     Cl  12       -0.060239       -0.143299        1.566579
     Cl  12       -1.356033        1.566579        0.135779

     H   13       -0.000000        0.000000        0.000000
     H   13        0.000000        0.000000        0.000000
     H   13        0.000000        0.000000        0.000000

     C   14        0.002576        0.003046       -0.006033
     C   14        0.003046        0.022307        0.028737
     C   14       -0.006033        0.028737       -0.024882

     H   15       -0.000000        0.000000        0.000000
     H   15        0.000000        0.000000        0.000000
     H   15        0.000000        0.000000        0.000000

     C   16        0.012946       -0.019384        0.042910
     C   16       -0.019384        0.020444        0.027398
     C   16        0.042910        0.027398       -0.033390

     C   17       -0.067558       -0.007075       -0.000875
     C   17       -0.007075       -0.004977        0.026598
     C   17       -0.000875        0.026598        0.072535

     Cl  18       -0.193475       -1.901780        0.025648
     Cl  18       -1.901780        0.386762        2.049514
     Cl  18        0.025648        2.049514       -0.193288

     H   19       -0.000000        0.000000        0.000000
     H   19        0.000000        0.000000        0.000000
     H   19        0.000000        0.000000        0.000000

     C   20       -0.149415       -0.034250       -0.085423
     C   20       -0.034250       -0.066154        0.176837
     C   20       -0.085423        0.176837        0.215569

     H   21       -0.000000        0.000000        0.000000
     H   21        0.000000        0.000000        0.000000
     H   21        0.000000        0.000000        0.000000

     C   22       -0.122255       -0.051985       -0.041736
     C   22       -0.051985       -0.024426        0.162343
     C   22       -0.041736        0.162343        0.146682

     C   23        0.024526        0.023169       -0.133035
     C   23        0.023169       -0.016478        0.174891
     C   23       -0.133035        0.174891       -0.008047

     Cl  24        1.482274        2.223739       -0.183444
     Cl  24        2.223739        0.205248        0.059889
     Cl  24       -0.183444        0.059889       -1.687522

     ----- total EFG -----
     Cl   1        1.420055       -2.037083        0.311147
     Cl   1       -2.037083       -0.119989       -0.344212
     Cl   1        0.311147       -0.344212       -1.300066

     C    2        0.312456       -0.440905       -0.545599
     C    2       -0.440905       -0.368707       -0.030073
     C    2       -0.545599       -0.030073        0.056251

     C    3       -0.510173        0.044036       -0.300856
     C    3        0.044036        0.679431        0.172807
     C    3       -0.300856        0.172807       -0.169258

     H    4        0.459746       -0.143709        0.290301
     H    4       -0.143709       -0.205880        0.177069
     H    4        0.290301        0.177069       -0.253865

     C    5        0.143747       -0.063157       -0.138117
     C    5       -0.063157       -0.144920        0.123461
     C    5       -0.138117        0.123461        0.001173

     H    6       -0.052375        0.042593        0.020587
     H    6        0.042593        0.170021        0.182948
     H    6        0.020587        0.182948       -0.117646

     H    7       -0.136200        0.001655        0.298165
     H    7        0.001655        0.670900       -0.495821
     H    7        0.298165       -0.495821       -0.534700

     C    8       -0.043642        0.083395        0.093274
     C    8        0.083395        0.083775       -0.043707
     C    8        0.093274       -0.043707       -0.040133

     H    9        0.639880       -0.231715        0.429521
     H    9       -0.231715        0.007764       -0.371481
     H    9        0.429521       -0.371481       -0.647644

     C   10        0.130118        0.097500        0.180614
     C   10        0.097500        0.121650       -0.360641
     C   10        0.180614       -0.360641       -0.251767

     C   11       -0.029170        0.150609       -0.132637
     C   11        0.150609       -0.285284        0.076642
     C   11       -0.132637        0.076642        0.314455

     Cl  12        0.067067        0.126714       -1.268962
     Cl  12        0.126714       -0.096801        1.490831
     Cl  12       -1.268962        1.490831        0.029734

     H   13       -0.221172       -0.230737        0.268983
     H   13       -0.230737        0.193153        0.704781
     H   13        0.268983        0.704781        0.028019

     C   14        0.080247        0.131899        0.037689
     C   14        0.131899        0.328085        0.413670
     C   14        0.037689        0.413670       -0.408332

     H   15        0.248192        0.143967        0.842688
     H   15        0.143967       -0.094584        0.086343
     H   15        0.842688        0.086343       -0.153608

     C   16        0.423231       -0.280240        0.474771
     C   16       -0.280240        0.113367        0.231233
     C   16        0.474771        0.231233       -0.536597

     C   17       -0.375860        0.202910        0.145938
     C   17        0.202910        0.520167        0.188816
     C   17        0.145938        0.188816       -0.144306

     Cl  18       -0.135910       -2.137768        0.101887
     Cl  18       -2.137768        0.445975        2.153813
     Cl  18        0.101887        2.153813       -0.310064

     H   19       -0.188111        0.174010        0.157988
     H   19        0.174010       -0.071806       -0.508041
     H   19        0.157988       -0.508041        0.259917

     C   20       -0.338456        0.055435       -0.049020
     C   20        0.055435       -0.121168        0.242735
     C   20       -0.049020        0.242735        0.459624

     H   21        0.159177        0.049055        0.299602
     H   21        0.049055       -0.276872       -0.129725
     H   21        0.299602       -0.129725        0.117694

     C   22       -0.318787       -0.102000        0.019685
     C   22       -0.102000       -0.031797        0.327380
     C   22        0.019685        0.327380        0.350584

     C   23       -0.098592        0.131078       -0.147174
     C   23        0.131078        0.015284        0.406466
     C   23       -0.147174        0.406466        0.083308

     Cl  24        1.628116        2.425127       -0.174393
     Cl  24        2.425127        0.245404        0.079663
     Cl  24       -0.174393        0.079663       -1.873520

     ----- total EFG (symmetrized) -----
     Cl   1        1.420055       -2.037083        0.311147
     Cl   1       -2.037083       -0.119989       -0.344212
     Cl   1        0.311147       -0.344212       -1.300066

     C    2        0.312456       -0.440905       -0.545599
     C    2       -0.440905       -0.368707       -0.030073
     C    2       -0.545599       -0.030073        0.056251

     C    3       -0.510173        0.044036       -0.300856
     C    3        0.044036        0.679431        0.172807
     C    3       -0.300856        0.172807       -0.169258

     H    4        0.459746       -0.143709        0.290301
     H    4       -0.143709       -0.205880        0.177069
     H    4        0.290301        0.177069       -0.253865

     C    5        0.143747       -0.063157       -0.138117
     C    5       -0.063157       -0.144920        0.123461
     C    5       -0.138117        0.123461        0.001173

     H    6       -0.052375        0.042593        0.020587
     H    6        0.042593        0.170021        0.182948
     H    6        0.020587        0.182948       -0.117646

     H    7       -0.136200        0.001655        0.298165
     H    7        0.001655        0.670900       -0.495821
     H    7        0.298165       -0.495821       -0.534700

     C    8       -0.043642        0.083395        0.093274
     C    8        0.083395        0.083775       -0.043707
     C    8        0.093274       -0.043707       -0.040133

     H    9        0.639880       -0.231715        0.429521
     H    9       -0.231715        0.007764       -0.371481
     H    9        0.429521       -0.371481       -0.647644

     C   10        0.130118        0.097500        0.180614
     C   10        0.097500        0.121650       -0.360641
     C   10        0.180614       -0.360641       -0.251767

     C   11       -0.029170        0.150609       -0.132637
     C   11        0.150609       -0.285284        0.076642
     C   11       -0.132637        0.076642        0.314455

     Cl  12        0.067067        0.126714       -1.268962
     Cl  12        0.126714       -0.096801        1.490831
     Cl  12       -1.268962        1.490831        0.029734

     H   13       -0.221172       -0.230737        0.268983
     H   13       -0.230737        0.193153        0.704781
     H   13        0.268983        0.704781        0.028019

     C   14        0.080247        0.131899        0.037689
     C   14        0.131899        0.328085        0.413670
     C   14        0.037689        0.413670       -0.408332

     H   15        0.248192        0.143967        0.842688
     H   15        0.143967       -0.094584        0.086343
     H   15        0.842688        0.086343       -0.153608

     C   16        0.423231       -0.280240        0.474771
     C   16       -0.280240        0.113367        0.231233
     C   16        0.474771        0.231233       -0.536597

     C   17       -0.375860        0.202910        0.145938
     C   17        0.202910        0.520167        0.188816
     C   17        0.145938        0.188816       -0.144306

     Cl  18       -0.135910       -2.137768        0.101887
     Cl  18       -2.137768        0.445975        2.153813
     Cl  18        0.101887        2.153813       -0.310064

     H   19       -0.188111        0.174010        0.157988
     H   19        0.174010       -0.071806       -0.508041
     H   19        0.157988       -0.508041        0.259917

     C   20       -0.338456        0.055435       -0.049020
     C   20        0.055435       -0.121168        0.242735
     C   20       -0.049020        0.242735        0.459624

     H   21        0.159177        0.049055        0.299602
     H   21        0.049055       -0.276872       -0.129725
     H   21        0.299602       -0.129725        0.117694

     C   22       -0.318787       -0.102000        0.019685
     C   22       -0.102000       -0.031797        0.327380
     C   22        0.019685        0.327380        0.350584

     C   23       -0.098592        0.131078       -0.147174
     C   23        0.131078        0.015284        0.406466
     C   23       -0.147174        0.406466        0.083308

     Cl  24        1.628116        2.425127       -0.174393
     Cl  24        2.425127        0.245404        0.079663
     Cl  24       -0.174393        0.079663       -1.873520


     NQR/NMR SPECTROSCOPIC PARAMETERS:
     Cl   1    Vxx=   -1.2999    axis=( -0.320360 -0.290008  0.901812)
     Cl   1    Vyy=   -1.5768    axis=(  0.480443  0.770721  0.418525)
     Cl   1    Vzz=    2.8767    axis=(  0.816421 -0.567348  0.107576)
     Cl   1  Q=        -8.1650 1e-30 m^2  Cq=       -55.1874 MHz  eta= 0.09624

     C    2    Vxx=   -0.1306    axis=( -0.284653  0.619387 -0.731664)
     C    2    Vyy=   -0.7084    axis=( -0.538040 -0.734913 -0.412814)
     C    2    Vzz=    0.8389    axis=( -0.793401  0.276156  0.542450)
     C    2  Q=         1.0000 1e-30 m^2  Cq=         1.9712 MHz  eta= 0.68876

     C    3    Vxx=   -0.0164    axis=( -0.523656 -0.173975  0.833977)
     C    3    Vyy=   -0.6971    axis=( -0.851831  0.091990 -0.515676)
     C    3    Vzz=    0.7135    axis=(  0.012998 -0.980444 -0.196368)
     C    3  Q=         1.0000 1e-30 m^2  Cq=         1.6763 MHz  eta= 0.95403

     H    4    Vxx=   -0.0597    axis=(  0.102395 -0.806403 -0.582434)
     H    4    Vyy=   -0.5111    axis=(  0.310819  0.582132 -0.751342)
     H    4    Vzz=    0.5709    axis=(  0.944937 -0.104098  0.310253)
     H    4  Q=         1.0000 1e-30 m^2  Cq=         1.3414 MHz  eta= 0.79070

     C    5    Vxx=   -0.0474    axis=(  0.617548  0.432161  0.657169)
     C    5    Vyy=   -0.2160    axis=(  0.048318 -0.854793  0.516716)
     C    5    Vzz=    0.2634    axis=( -0.785048  0.287344  0.548756)
     C    5  Q=         1.0000 1e-30 m^2  Cq=         0.6189 MHz  eta= 0.63989

     H    6    Vxx=   -0.0594    axis=(  0.989136 -0.131940 -0.064823)
     H    6    Vyy=   -0.2065    axis=( -0.000645  0.437061 -0.899431)
     H    6    Vzz=    0.2659    axis=(  0.147003  0.889702  0.432228)
     H    6  Q=         1.0000 1e-30 m^2  Cq=         0.6248 MHz  eta= 0.55324

     H    7    Vxx=   -0.0312    axis=(  0.919355  0.225496  0.322394)
     H    7    Vyy=   -0.8278    axis=(  0.379369 -0.290995 -0.878294)
     H    7    Vzz=    0.8590    axis=( -0.104236  0.929771 -0.353074)
     H    7  Q=         1.0000 1e-30 m^2  Cq=         2.0183 MHz  eta= 0.92728

     C    8    Vxx=    0.0428    axis=(  0.553447 -0.296535  0.778308)
     C    8    Vyy=    0.1251    axis=( -0.451446 -0.892099 -0.018870)
     C    8    Vzz=   -0.1679    axis=(  0.699923 -0.340921 -0.627599)
     C    8  Q=         1.0000 1e-30 m^2  Cq=        -0.3945 MHz  eta= 0.48963

     H    9    Vxx=   -0.0199    axis=(  0.443663  0.870813 -0.211773)
     H    9    Vyy=   -0.8790    axis=( -0.209760  0.330640  0.920151)
     H    9    Vzz=    0.8990    axis=(  0.871300 -0.363815  0.329355)
     H    9  Q=         1.0000 1e-30 m^2  Cq=         2.1123 MHz  eta= 0.95562

     C   10    Vxx=    0.1927    axis=(  0.953278  0.211021  0.216172)
     C   10    Vyy=    0.3417    axis=( -0.065958  0.843705 -0.532739)
     C   10    Vzz=   -0.5344    axis=( -0.294805  0.493590  0.818204)
     C   10  Q=         1.0000 1e-30 m^2  Cq=        -1.2556 MHz  eta= 0.27898

     C   11    Vxx=    0.0175    axis=(  0.839884  0.481277  0.250932)
     C   11    Vyy=    0.3607    axis=(  0.307563 -0.041081 -0.950640)
     C   11    Vzz=   -0.3782    axis=( -0.447213  0.875605 -0.182527)
     C   11  Q=         1.0000 1e-30 m^2  Cq=        -0.8886 MHz  eta= 0.90743

     Cl  12    Vxx=    0.1232    axis=( -0.760161 -0.648987 -0.031168)
     Cl  12    Vyy=    1.8992    axis=( -0.465462  0.510475  0.723022)
     Cl  12    Vzz=   -2.0224    axis=(  0.453321 -0.564121  0.690122)
     Cl  12  Q=        -8.1650 1e-30 m^2  Cq=        38.7996 MHz  eta= 0.87815

     H   13    Vxx=   -0.0086    axis=(  0.857429 -0.346977  0.380029)
     H   13    Vyy=   -0.8116    axis=(  0.514558  0.568437 -0.641957)
     H   13    Vzz=    0.8202    axis=(  0.006722  0.745980  0.665934)
     H   13  Q=         1.0000 1e-30 m^2  Cq=         1.9272 MHz  eta= 0.97908

     C   14    Vxx=    0.0418    axis=(  0.960593 -0.240031 -0.140163)
     C   14    Vyy=    0.5527    axis=(  0.276358  0.878770  0.389089)
     C   14    Vzz=   -0.5945    axis=(  0.029777 -0.412491  0.910475)
     C   14  Q=         1.0000 1e-30 m^2  Cq=        -1.3969 MHz  eta= 0.85942

     H   15    Vxx=   -0.1207    axis=(  0.105882 -0.986836  0.122240)
     H   15    Vyy=   -0.8197    axis=(  0.621710 -0.030243 -0.782664)
     H   15    Vzz=    0.9404    axis=(  0.776058  0.158868  0.610324)
     H   15  Q=         1.0000 1e-30 m^2  Cq=         2.2095 MHz  eta= 0.74324

     C   16    Vxx=    0.1635    axis=( -0.188327 -0.887397 -0.420785)
     C   16    Vyy=    0.6780    axis=( -0.899368  0.327956 -0.289107)
     C   16    Vzz=   -0.8416    axis=( -0.394552 -0.323994  0.859859)
     C   16  Q=         1.0000 1e-30 m^2  Cq=        -1.9774 MHz  eta= 0.61135

     C   17    Vxx=   -0.1661    axis=(  0.298672 -0.334234  0.893914)
     C   17    Vyy=   -0.4589    axis=(  0.926426 -0.123405 -0.355676)
     C   17    Vzz=    0.6251    axis=(  0.229193  0.934376  0.272786)
     C   17  Q=         1.0000 1e-30 m^2  Cq=         1.4686 MHz  eta= 0.46839

     Cl  18    Vxx=   -0.1200    axis=(  0.713145  0.028076  0.700454)
     Cl  18    Vyy=   -3.0003    axis=( -0.512605 -0.660697  0.548375)
     Cl  18    Vzz=    3.1203    axis=( -0.478185  0.750127  0.456781)
     Cl  18  Q=        -8.1650 1e-30 m^2  Cq=       -59.8609 MHz  eta= 0.92308

     H   19    Vxx=   -0.0495    axis=(  0.857933  0.434117  0.274761)
     H   19    Vyy=   -0.5799    axis=( -0.512668  0.688507  0.512961)
     H   19    Vzz=    0.6293    axis=(  0.033510 -0.580948  0.813251)
     H   19  Q=         1.0000 1e-30 m^2  Cq=         1.4787 MHz  eta= 0.84281

     C   20    Vxx=   -0.1796    axis=(  0.395445  0.868323 -0.299398)
     C   20    Vyy=   -0.3689    axis=(  0.917972 -0.362693  0.160565)
     C   20    Vzz=    0.5486    axis=( -0.030833  0.338334  0.940521)
     C   20  Q=         1.0000 1e-30 m^2  Cq=         1.2889 MHz  eta= 0.34512

     H   21    Vxx=   -0.0803    axis=( -0.614655 -0.535616  0.579064)
     H   21    Vyy=   -0.3624    axis=(  0.326734 -0.841053 -0.431132)
     H   21    Vzz=    0.4428    axis=(  0.717945 -0.075798  0.691961)
     H   21  Q=         1.0000 1e-30 m^2  Cq=         1.0403 MHz  eta= 0.63714

     C   22    Vxx=   -0.1597    axis=( -0.521376  0.727208 -0.446470)
     C   22    Vyy=   -0.3802    axis=(  0.852397  0.468247 -0.232730)
     C   22    Vzz=    0.5399    axis=( -0.039815  0.501910  0.864003)
     C   22  Q=         1.0000 1e-30 m^2  Cq=         1.2684 MHz  eta= 0.40850

     C   23    Vxx=    0.0060    axis=(  0.880058  0.374227 -0.292321)
     C   23    Vyy=    0.4579    axis=( -0.038409  0.669666  0.741668)
     C   23    Vzz=   -0.4640    axis=(  0.473310 -0.641484  0.603719)
     C   23  Q=         1.0000 1e-30 m^2  Cq=        -1.0901 MHz  eta= 0.97400

     Cl  24    Vxx=   -1.5076    axis=( -0.541423  0.730055  0.416990)
     Cl  24    Vyy=   -1.9525    axis=(  0.263475 -0.323658  0.908750)
     Cl  24    Vzz=    3.4601    axis=( -0.798400 -0.601885  0.017116)
     Cl  24  Q=        -8.1650 1e-30 m^2  Cq=       -66.3797 MHz  eta= 0.12856

     Initialization:
     gipaw_setup  :      9.20s CPU     11.08s WALL (       1 calls)

     Linear response

     Apply operators

     Induced current

     Other routines
     efg          :      9.20s CPU     11.56s WALL (       1 calls)

     General routines
     calbec       :      3.13s CPU      4.07s WALL (      16 calls)
     fft          :      1.53s CPU      2.37s WALL (      15 calls)
     ffts         :      0.03s CPU      0.05s WALL (       2 calls)
     fftw         :      3.30s CPU      3.98s WALL (     672 calls)
     davcio       :      0.03s CPU      0.29s WALL (      32 calls)

     Parallel routines
     fft_scatter  :      2.18s CPU      3.59s WALL (     689 calls)

     Plugins

     GIPAW        :     62.05s CPU     76.08s WALL (       1 calls)
