
     Program QE v.6.0 (svn rev. 13079) starts on 25Dec2016 at  8:39: 8 

     This program is part of the open-source Quantum ESPRESSO suite
     for quantum simulation of materials; please cite
         "P. Giannozzi et al., J. Phys.:Condens. Matter 21 395502 (2009);
          URL http://www.quantum-espresso.org", 
     in publications or presentations arising from this work. More details at
     http://www.quantum-espresso.org/quote

     Parallel version (MPI), running on     8 processors
     R & G space division:  proc/nbgrp/npool/nimage =       8

     ***** This is GIPAW svn revision unknown      *****

     Parallelizing q-star over 1 images

     Reading data from directory:
     /users/majewski/paradichlorobenzene/pbe/9_constraint/scratch/pbe.ecut100.np8.dt60.pcl2phi-129368.save
     Message from routine read_xml_file:
     file /users/majewski/paradichlorobenzene/pbe/9_constraint/scratch/pbe.ecut100.np8.dt60.pcl2phi-129368.save not guaranteed to be safe for post-processing

   Info: using nr1, nr2, nr3 values from input

   Info: using nr1, nr2, nr3 values from input

     IMPORTANT: XC functional enforced from input :
     Exchange-correlation      =  SLA  PW   PBX  PBC ( 1  4  3  4 0 0)
     Any further DFT definition will be discarded
     Please, verify this is what you really want

               file C.pbe-n-kjpaw_psl.1.0.0.UPF: wavefunction(s)  2S 2P renormalized
               file Cl.pbe-n-kjpaw_psl.1.0.0.UPF: wavefunction(s)  3S 3P renormalized
               file H.pbe-kjpaw_psl.1.0.0.UPF: wavefunction(s)  1S renormalized

     Parallelization info
     --------------------
     sticks:   dense  smooth     PW     G-vecs:    dense   smooth      PW
     Min        3057    1223    332               144436    36536    5170
     Max        3059    1225    333               144437    36537    5171
     Sum       24467    9791   2657              1155489   292295   41363


     Subspace diagonalization in iterative solution of the eigenvalue problem:
     a serial algorithm will be used

     GIPAW projectors -----------------------------------------------
     atom=  C    l=0  rc=    1.2000  rs=    0.8000
     atom=  C    l=0  rc=    1.2000  rs=    0.8000
     atom=  C    l=1  rc=    1.4000  rs=    0.9333
     atom=  C    l=1  rc=    1.4000  rs=    0.9333
     projs nearly linearly dependent: l=1  n1,n2= 1, 2  s=  0.99951561

     atom=  Cl   l=0  rc=    1.6000  rs=    1.0667
     atom=  Cl   l=0  rc=    1.6000  rs=    1.0667
     atom=  Cl   l=1  rc=    1.6000  rs=    1.0667
     atom=  Cl   l=1  rc=    1.6000  rs=    1.0667
     atom=  Cl   l=2  rc=    1.6000  rs=    1.0667
     atom=  Cl   l=2  rc=    1.6000  rs=    1.0667
     projs nearly linearly dependent: l=2  n1,n2= 1, 2  s=  0.99993509

     atom=  H    l=0  rc=    1.0000  rs=    0.6667
     atom=  H    l=0  rc=    1.0000  rs=    0.6667
     projs nearly linearly dependent: l=0  n1,n2= 1, 2  s=  0.99968852
     -----------------------------------------------------------------

     GIPAW integrals: -------------------------------------------
     Atom  i/j   nmr_para   nmr_dia   epr_rmc  epr_para   epr_dia
       C   1 1   0.83E+03  0.17E-01  0.93E+01  0.24E+08  0.24E+03
       C   2 1   0.86E+03 -0.61E-01  0.94E+01  0.25E+08  0.25E+03
       C   2 2   0.90E+03 -0.15E+00  0.97E+01  0.26E+08  0.26E+03
       C   3 3   0.33E+01  0.34E+00  0.18E+01  0.55E+03  0.21E+02
       C   4 3   0.35E+01  0.37E+00  0.20E+01  0.59E+03  0.22E+02
       C   4 4   0.38E+01  0.39E+00  0.22E+01  0.63E+03  0.24E+02
       Cl  1 1   0.14E+04 -0.47E+00  0.84E+01  0.32E+09  0.42E+03
       Cl  2 1   0.21E+04 -0.37E+00  0.12E+02  0.49E+09  0.65E+03
       Cl  2 2   0.33E+04 -0.16E+00  0.21E+02  0.76E+09  0.10E+04
       Cl  3 3   0.21E+02  0.79E-01  0.89E+01  0.23E+05  0.13E+03
       Cl  4 3   0.24E+02  0.67E-01  0.99E+01  0.27E+05  0.15E+03
       Cl  4 4   0.28E+02  0.44E-01  0.11E+02  0.32E+05  0.18E+03
       Cl  5 5   0.77E+00  0.19E+00  0.18E+01  0.12E+03  0.22E+02
       Cl  6 5   0.80E+00  0.19E+00  0.19E+01  0.12E+03  0.23E+02
       Cl  6 6   0.83E+00  0.20E+00  0.19E+01  0.12E+03  0.23E+02
       H   1 1   0.39E+02  0.19E+00  0.29E+00  0.78E+05  0.13E+02
       H   2 1   0.41E+02  0.21E+00  0.32E+00  0.82E+05  0.14E+02
       H   2 2   0.43E+02  0.22E+00  0.36E+00  0.86E+05  0.15E+02
     ------------------------------------------------------------

     alpha_pv=     34.3805 eV

     Number of occupied bands for each k-point:
     k-point:     1    nbnd_occ=  42
     k-point:     2    nbnd_occ=  42
     k-point:     3    nbnd_occ=  42
     k-point:     4    nbnd_occ=  42
     k-point:     5    nbnd_occ=  42
     k-point:     6    nbnd_occ=  42
     k-point:     7    nbnd_occ=  42
     k-point:     8    nbnd_occ=  42
     k-point:     9    nbnd_occ=  42
     k-point:    10    nbnd_occ=  42
     k-point:    11    nbnd_occ=  42
     k-point:    12    nbnd_occ=  42
     k-point:    13    nbnd_occ=  42
     k-point:    14    nbnd_occ=  42
     k-point:    15    nbnd_occ=  42
     k-point:    16    nbnd_occ=  42


     q-space interpolation up to   110.00 Rydberg

     GIPAW job: efg                                                                             


     ELECTRIC FIELD GRADIENTS TENSORS IN Hartree/bohrradius^2:

     ----- bare term -----
     Cl   1       -0.011779        0.048036        0.019195
     Cl   1        0.048036        0.103456        0.078516
     Cl   1        0.019195        0.078516       -0.091677

     C    2       -0.576901        0.420572       -0.217709
     C    2        0.420572        0.188494       -0.270044
     C    2       -0.217709       -0.270044        0.388407

     C    3        0.066453       -0.181397       -0.296534
     C    3       -0.181397       -0.078825       -0.635344
     C    3       -0.296534       -0.635344        0.012372

     H    4       -0.344825        0.046959       -0.589350
     H    4        0.046959        0.294548        0.004282
     H    4       -0.589350        0.004282        0.050277

     C    5       -0.554154        0.327177       -0.027413
     C    5        0.327177        0.217880       -0.297150
     C    5       -0.027413       -0.297150        0.336274

     H    6        0.066638        0.017336       -0.325434
     H    6        0.017336       -0.230350       -0.465597
     H    6       -0.325434       -0.465597        0.163712

     H    7        0.182676        0.465368        0.057186
     H    7        0.465368       -0.548076        0.048656
     H    7        0.057186        0.048656        0.365400

     C    8       -0.036450       -0.323891       -0.060654
     C    8       -0.323891       -0.115891        0.410943
     C    8       -0.060654        0.410943        0.152341

     H    9       -0.294707        0.561062       -0.239982
     H    9        0.561062       -0.082726        0.120258
     H    9       -0.239982        0.120258        0.377433

     C   10       -0.576892       -0.405075       -0.335848
     C   10       -0.405075        0.283977        0.128374
     C   10       -0.335848        0.128374        0.292915

     C   11        0.033296       -0.139147       -0.144375
     C   11       -0.139147       -0.120593        0.493082
     C   11       -0.144375        0.493082        0.087296

     Cl  12       -0.169685       -0.193629       -0.018446
     Cl  12       -0.193629        0.169685        0.026817
     Cl  12       -0.018446        0.026817        0.000000

     H   13        0.373357       -0.333746        0.072899
     H   13       -0.333746       -0.702620        0.086137
     H   13        0.072899        0.086137        0.329263

     C   14       -0.027097       -0.129403       -0.223033
     C   14       -0.129403       -0.111246       -0.217900
     C   14       -0.223033       -0.217900        0.138343

     H   15       -0.218300       -0.475069       -0.104608
     H   15       -0.475069       -0.095430        0.178807
     H   15       -0.104608        0.178807        0.313730

     C   16       -0.231422        0.287134        0.147372
     C   16        0.287134       -0.062827       -0.133859
     C   16        0.147372       -0.133859        0.294249

     C   17       -0.100636       -0.293124       -0.333644
     C   17       -0.293124       -0.001473       -0.728144
     C   17       -0.333644       -0.728144        0.102109

     Cl  18       -0.151030        0.197219       -0.058876
     Cl  18        0.197219       -0.004399        0.026290
     Cl  18       -0.058876        0.026290        0.155429

     H   19        0.513051       -0.008253       -0.072206
     H   19       -0.008253       -0.409479        0.451087
     H   19       -0.072206        0.451087       -0.103572

     C   20       -0.836114       -0.426187       -0.435796
     C   20       -0.426187        0.509520        0.076805
     C   20       -0.435796        0.076805        0.326593

     H   21       -0.197405        0.030909       -0.561073
     H   21        0.030909       -0.006039        0.041041
     H   21       -0.561073        0.041041        0.203444

     C   22        0.144318       -0.358516        0.008815
     C   22       -0.358516       -0.301953        0.558659
     C   22        0.008815        0.558659        0.157635

     C   23       -0.660830       -0.403379       -0.391772
     C   23       -0.403379        0.349777        0.060150
     C   23       -0.391772        0.060150        0.311053

     Cl  24       -0.009886       -0.035669        0.043147
     Cl  24       -0.035669        0.043788       -0.094115
     Cl  24        0.043147       -0.094115       -0.033902

     ----- ionic term -----
     Cl   1        0.135035       -0.246871       -0.048561
     Cl   1       -0.246871        0.018784        0.035476
     Cl   1       -0.048561        0.035476       -0.153819

     C    2        0.257441       -0.162401        0.158213
     C    2       -0.162401        0.143559        0.431589
     C    2        0.158213        0.431589       -0.401000

     C    3        0.100389       -0.152352        0.172738
     C    3       -0.152352        0.224399        0.412209
     C    3        0.172738        0.412209       -0.324787

     H    4        0.497884        0.455108        0.614539
     H    4        0.455108       -0.290128        0.326237
     H    4        0.614539        0.326237       -0.207755

     C    5        0.282838       -0.130738        0.282035
     C    5       -0.130738        0.095311        0.270586
     C    5        0.282035        0.270586       -0.378149

     H    6       -0.494495        0.238266        0.125070
     H    6        0.238266        0.782567        0.588535
     H    6        0.125070        0.588535       -0.288071

     H    7       -0.448283       -0.316613        0.114888
     H    7       -0.316613        0.843482       -0.502523
     H    7        0.114888       -0.502523       -0.395198

     C    8        0.328134        0.102492        0.262918
     C    8        0.102492        0.115547       -0.255652
     C    8        0.262918       -0.255652       -0.443682

     H    9        0.674543       -0.368104        0.598682
     H    9       -0.368104       -0.391551       -0.242754
     H    9        0.598682       -0.242754       -0.282991

     C   10        0.158764        0.175714        0.203690
     C   10        0.175714        0.233636       -0.373758
     C   10        0.203690       -0.373758       -0.392399

     C   11        0.165616        0.141349        0.303137
     C   11        0.141349        0.153861       -0.406411
     C   11        0.303137       -0.406411       -0.319477

     Cl  12        0.111644        0.190998       -0.011521
     Cl  12        0.190998        0.033233       -0.011474
     Cl  12       -0.011521       -0.011474       -0.144877

     H   13       -0.434013        0.288493        0.145099
     H   13        0.288493        0.627152        0.655805
     H   13        0.145099        0.655805       -0.193138

     C   14        0.366963       -0.117463        0.218746
     C   14       -0.117463        0.084364        0.301287
     C   14        0.218746        0.301287       -0.451326

     H   15        0.688423        0.275440        0.646843
     H   15        0.275440       -0.400196        0.215990
     H   15        0.646843        0.215990       -0.288227

     C   16        0.166011       -0.239610        0.163657
     C   16       -0.239610        0.295329        0.345418
     C   16        0.163657        0.345418       -0.461341

     C   17        0.178245       -0.162266        0.321065
     C   17       -0.162266        0.236711        0.289588
     C   17        0.321065        0.289588       -0.414957

     Cl  18        0.114395       -0.186962        0.049484
     Cl  18       -0.186962        0.053482       -0.027167
     Cl  18        0.049484       -0.027167       -0.167877

     H   19       -0.504617       -0.154209        0.131956
     H   19       -0.154209        0.514631       -0.761118
     H   19        0.131956       -0.761118       -0.010014

     C   20        0.264236        0.186484        0.298576
     C   20        0.186484        0.012175       -0.335395
     C   20        0.298576       -0.335395       -0.276411

     H   21        0.508708       -0.265396        0.733503
     H   21       -0.265396       -0.429403       -0.265440
     H   21        0.733503       -0.265440       -0.079305

     C   22        0.080037        0.256632        0.178081
     C   22        0.256632        0.213447       -0.468478
     C   22        0.178081       -0.468478       -0.293484

     C   23        0.182189        0.135355        0.211239
     C   23        0.135355        0.144012       -0.460192
     C   23        0.211239       -0.460192       -0.326201

     Cl  24        0.143680        0.196308       -0.002477
     Cl  24        0.196308       -0.007191       -0.010698
     Cl  24       -0.002477       -0.010698       -0.136490

     ----- GIPAW term -----
     Cl   1        0.036524       -1.036691        0.189830
     Cl   1       -1.036691        2.338891        1.155995
     Cl   1        0.189830        1.155995       -2.375415

     C    2       -0.134653       -0.074371        0.003230
     C    2       -0.074371        0.219348       -0.113371
     C    2        0.003230       -0.113371       -0.084695

     C    3       -0.055492       -0.158790       -0.008480
     C    3       -0.158790        0.147830       -0.144906
     C    3       -0.008480       -0.144906       -0.092339

     H    4       -0.000000        0.000000        0.000000
     H    4        0.000000        0.000000        0.000000
     H    4        0.000000        0.000000        0.000000

     C    5       -0.116886       -0.102250        0.083698
     C    5       -0.102250        0.161117       -0.134804
     C    5        0.083698       -0.134804       -0.044231

     H    6       -0.000000        0.000000        0.000000
     H    6        0.000000        0.000000        0.000000
     H    6        0.000000        0.000000        0.000000

     H    7       -0.000000        0.000000        0.000000
     H    7        0.000000        0.000000        0.000000
     H    7        0.000000        0.000000        0.000000

     C    8       -0.039475       -0.183144        0.022810
     C    8       -0.183144        0.172416        0.051829
     C    8        0.022810        0.051829       -0.132941

     H    9       -0.000000        0.000000        0.000000
     H    9        0.000000        0.000000        0.000000
     H    9        0.000000        0.000000        0.000000

     C   10       -0.132506       -0.202601       -0.049291
     C   10       -0.202601        0.224923       -0.037184
     C   10       -0.049291       -0.037184       -0.092416

     C   11       -0.042763       -0.021628        0.029164
     C   11       -0.021628        0.195178       -0.090336
     C   11        0.029164       -0.090336       -0.152415

     Cl  12        0.277057        1.077169       -0.192236
     Cl  12        1.077169        1.601928        0.191010
     Cl  12       -0.192236        0.191010       -1.878985

     H   13       -0.000000        0.000000        0.000000
     H   13        0.000000        0.000000        0.000000
     H   13        0.000000        0.000000        0.000000

     C   14       -0.031059       -0.026001       -0.006127
     C   14       -0.026001        0.056996       -0.092519
     C   14       -0.006127       -0.092519       -0.025937

     H   15       -0.000000        0.000000        0.000000
     H   15        0.000000        0.000000        0.000000
     H   15        0.000000        0.000000        0.000000

     C   16       -0.050188       -0.020271        0.052985
     C   16       -0.020271        0.043451       -0.059650
     C   16        0.052985       -0.059650        0.006737

     C   17       -0.050578       -0.181736       -0.001521
     C   17       -0.181736        0.105636       -0.226898
     C   17       -0.001521       -0.226898       -0.055058

     Cl  18        1.040061       -2.098845       -0.550565
     Cl  18       -2.098845        0.223772        0.340543
     Cl  18       -0.550565        0.340543       -1.263833

     H   19       -0.000000        0.000000        0.000000
     H   19        0.000000        0.000000        0.000000
     H   19        0.000000        0.000000        0.000000

     C   20       -0.189089       -0.156031       -0.031347
     C   20       -0.156031        0.276008       -0.059395
     C   20       -0.031347       -0.059395       -0.086919

     H   21       -0.000000        0.000000        0.000000
     H   21        0.000000        0.000000        0.000000
     H   21        0.000000        0.000000        0.000000

     C   22       -0.070712       -0.121284        0.058184
     C   22       -0.121284        0.169683       -0.073202
     C   22        0.058184       -0.073202       -0.098971

     C   23       -0.126516       -0.103799        0.000971
     C   23       -0.103799        0.231761       -0.133669
     C   23        0.000971       -0.133669       -0.105244

     Cl  24       -0.128763        1.121422        0.349554
     Cl  24        1.121422        1.764103       -1.819424
     Cl  24        0.349554       -1.819424       -1.635340

     ----- total EFG -----
     Cl   1        0.159780       -1.235527        0.160464
     Cl   1       -1.235527        2.461131        1.269987
     Cl   1        0.160464        1.269987       -2.620911

     C    2       -0.454113        0.183799       -0.056266
     C    2        0.183799        0.551401        0.048174
     C    2       -0.056266        0.048174       -0.097288

     C    3        0.111350       -0.492540       -0.132276
     C    3       -0.492540        0.293404       -0.368041
     C    3       -0.132276       -0.368041       -0.404754

     H    4        0.153059        0.502067        0.025189
     H    4        0.502067        0.004420        0.330519
     H    4        0.025189        0.330519       -0.157479

     C    5       -0.388202        0.094189        0.338320
     C    5        0.094189        0.474309       -0.161369
     C    5        0.338320       -0.161369       -0.086106

     H    6       -0.427857        0.255602       -0.200364
     H    6        0.255602        0.552217        0.122939
     H    6       -0.200364        0.122939       -0.124360

     H    7       -0.265608        0.148755        0.172074
     H    7        0.148755        0.295406       -0.453867
     H    7        0.172074       -0.453867       -0.029798

     C    8        0.252210       -0.404543        0.225074
     C    8       -0.404543        0.172072        0.207119
     C    8        0.225074        0.207119       -0.424282

     H    9        0.379835        0.192958        0.358700
     H    9        0.192958       -0.474277       -0.122496
     H    9        0.358700       -0.122496        0.094442

     C   10       -0.550635       -0.431962       -0.181449
     C   10       -0.431962        0.742535       -0.282569
     C   10       -0.181449       -0.282569       -0.191900

     C   11        0.156149       -0.019426        0.187927
     C   11       -0.019426        0.228447       -0.003665
     C   11        0.187927       -0.003665       -0.384595

     Cl  12        0.219016        1.074538       -0.222202
     Cl  12        1.074538        1.804846        0.206353
     Cl  12       -0.222202        0.206353       -2.023862

     H   13       -0.060656       -0.045253        0.217998
     H   13       -0.045253       -0.075469        0.741943
     H   13        0.217998        0.741943        0.136125

     C   14        0.308806       -0.272867       -0.010414
     C   14       -0.272867        0.030114       -0.009132
     C   14       -0.010414       -0.009132       -0.338920

     H   15        0.470123       -0.199629        0.542235
     H   15       -0.199629       -0.495627        0.394797
     H   15        0.542235        0.394797        0.025503

     C   16       -0.115599        0.027253        0.364014
     C   16        0.027253        0.275953        0.151910
     C   16        0.364014        0.151910       -0.160355

     C   17        0.027032       -0.637126       -0.014100
     C   17       -0.637126        0.340874       -0.665454
     C   17       -0.014100       -0.665454       -0.367906

     Cl  18        1.003425       -2.088588       -0.559957
     Cl  18       -2.088588        0.272855        0.339667
     Cl  18       -0.559957        0.339667       -1.276280

     H   19        0.008435       -0.162462        0.059750
     H   19       -0.162462        0.105151       -0.310031
     H   19        0.059750       -0.310031       -0.113586

     C   20       -0.760967       -0.395734       -0.168567
     C   20       -0.395734        0.797704       -0.317984
     C   20       -0.168567       -0.317984       -0.036737

     H   21        0.311303       -0.234487        0.172429
     H   21       -0.234487       -0.435441       -0.224398
     H   21        0.172429       -0.224398        0.124139

     C   22        0.153643       -0.223168        0.245080
     C   22       -0.223168        0.081177        0.016979
     C   22        0.245080        0.016979       -0.234819

     C   23       -0.605157       -0.371822       -0.179562
     C   23       -0.371822        0.725550       -0.533711
     C   23       -0.179562       -0.533711       -0.120392

     Cl  24        0.005031        1.282061        0.390224
     Cl  24        1.282061        1.800701       -1.924236
     Cl  24        0.390224       -1.924236       -1.805732

     ----- total EFG (symmetrized) -----
     Cl   1        0.159780       -1.235527        0.160464
     Cl   1       -1.235527        2.461131        1.269987
     Cl   1        0.160464        1.269987       -2.620911

     C    2       -0.454113        0.183799       -0.056266
     C    2        0.183799        0.551401        0.048174
     C    2       -0.056266        0.048174       -0.097288

     C    3        0.111350       -0.492540       -0.132276
     C    3       -0.492540        0.293404       -0.368041
     C    3       -0.132276       -0.368041       -0.404754

     H    4        0.153059        0.502067        0.025189
     H    4        0.502067        0.004420        0.330519
     H    4        0.025189        0.330519       -0.157479

     C    5       -0.388202        0.094189        0.338320
     C    5        0.094189        0.474309       -0.161369
     C    5        0.338320       -0.161369       -0.086106

     H    6       -0.427857        0.255602       -0.200364
     H    6        0.255602        0.552217        0.122939
     H    6       -0.200364        0.122939       -0.124360

     H    7       -0.265608        0.148755        0.172074
     H    7        0.148755        0.295406       -0.453867
     H    7        0.172074       -0.453867       -0.029798

     C    8        0.252210       -0.404543        0.225074
     C    8       -0.404543        0.172072        0.207119
     C    8        0.225074        0.207119       -0.424282

     H    9        0.379835        0.192958        0.358700
     H    9        0.192958       -0.474277       -0.122496
     H    9        0.358700       -0.122496        0.094442

     C   10       -0.550635       -0.431962       -0.181449
     C   10       -0.431962        0.742535       -0.282569
     C   10       -0.181449       -0.282569       -0.191900

     C   11        0.156149       -0.019426        0.187927
     C   11       -0.019426        0.228447       -0.003665
     C   11        0.187927       -0.003665       -0.384595

     Cl  12        0.219016        1.074538       -0.222202
     Cl  12        1.074538        1.804846        0.206353
     Cl  12       -0.222202        0.206353       -2.023862

     H   13       -0.060656       -0.045253        0.217998
     H   13       -0.045253       -0.075469        0.741943
     H   13        0.217998        0.741943        0.136125

     C   14        0.308806       -0.272867       -0.010414
     C   14       -0.272867        0.030114       -0.009132
     C   14       -0.010414       -0.009132       -0.338920

     H   15        0.470123       -0.199629        0.542235
     H   15       -0.199629       -0.495627        0.394797
     H   15        0.542235        0.394797        0.025503

     C   16       -0.115599        0.027253        0.364014
     C   16        0.027253        0.275953        0.151910
     C   16        0.364014        0.151910       -0.160355

     C   17        0.027032       -0.637126       -0.014100
     C   17       -0.637126        0.340874       -0.665454
     C   17       -0.014100       -0.665454       -0.367906

     Cl  18        1.003425       -2.088588       -0.559957
     Cl  18       -2.088588        0.272855        0.339667
     Cl  18       -0.559957        0.339667       -1.276280

     H   19        0.008435       -0.162462        0.059750
     H   19       -0.162462        0.105151       -0.310031
     H   19        0.059750       -0.310031       -0.113586

     C   20       -0.760967       -0.395734       -0.168567
     C   20       -0.395734        0.797704       -0.317984
     C   20       -0.168567       -0.317984       -0.036737

     H   21        0.311303       -0.234487        0.172429
     H   21       -0.234487       -0.435441       -0.224398
     H   21        0.172429       -0.224398        0.124139

     C   22        0.153643       -0.223168        0.245080
     C   22       -0.223168        0.081177        0.016979
     C   22        0.245080        0.016979       -0.234819

     C   23       -0.605157       -0.371822       -0.179562
     C   23       -0.371822        0.725550       -0.533711
     C   23       -0.179562       -0.533711       -0.120392

     Cl  24        0.005031        1.282061        0.390224
     Cl  24        1.282061        1.800701       -1.924236
     Cl  24        0.390224       -1.924236       -1.805732


     NQR/NMR SPECTROSCOPIC PARAMETERS:
     Cl   1    Vxx=   -0.2237    axis=(  0.920907  0.315553  0.228817)
     Cl   1    Vyy=   -2.9871    axis=( -0.149390 -0.256474  0.954936)
     Cl   1    Vzz=    3.2108    axis=(  0.360019 -0.913590 -0.189048)
     Cl   1  Q=        -8.1650 1e-30 m^2  Cq=       -61.5978 MHz  eta= 0.86065

     C    2    Vxx=   -0.0892    axis=( -0.165424 -0.026677  0.985862)
     C    2    Vyy=   -0.4969    axis=( -0.971312  0.177574 -0.158178)
     C    2    Vzz=    0.5860    axis=( -0.170843 -0.983746 -0.055286)
     C    2  Q=         1.0000 1e-30 m^2  Cq=         1.3769 MHz  eta= 0.69575

     C    3    Vxx=   -0.0319    axis=(  0.700223  0.368016 -0.611761)
     C    3    Vyy=   -0.7092    axis=(  0.415796  0.486347  0.768492)
     C    3    Vzz=    0.7412    axis=( -0.580345  0.792484 -0.187531)
     C    3  Q=         1.0000 1e-30 m^2  Cq=         1.7415 MHz  eta= 0.91379

     H    4    Vxx=   -0.0823    axis=( -0.562597  0.223835  0.795853)
     H    4    Vyy=   -0.5761    axis=( -0.468443  0.706895 -0.529962)
     H    4    Vzz=    0.6584    axis=(  0.681209  0.670967  0.292844)
     H    4  Q=         1.0000 1e-30 m^2  Cq=         1.5470 MHz  eta= 0.74992

     C    5    Vxx=    0.1155    axis=(  0.571843  0.206928  0.793837)
     C    5    Vyy=    0.5175    axis=( -0.005047 -0.966759  0.255639)
     C    5    Vzz=   -0.6330    axis=(  0.820348 -0.150191 -0.551790)
     C    5  Q=         1.0000 1e-30 m^2  Cq=        -1.4873 MHz  eta= 0.63495

     H    6    Vxx=   -0.0248    axis=( -0.442580  0.004997  0.896715)
     H    6    Vyy=   -0.5974    axis=( -0.870094  0.239517 -0.430776)
     H    6    Vzz=    0.6222    axis=( -0.216931 -0.970879 -0.101657)
     H    6  Q=         1.0000 1e-30 m^2  Cq=         1.4619 MHz  eta= 0.92034

     H    7    Vxx=   -0.0777    axis=(  0.767965  0.347938  0.537744)
     H    7    Vyy=   -0.5378    axis=(  0.639912 -0.452545 -0.621060)
     H    7    Vzz=    0.6155    axis=( -0.027263 -0.821061  0.570188)
     H    7  Q=         1.0000 1e-30 m^2  Cq=         1.4463 MHz  eta= 0.74746

     C    8    Vxx=    0.0158    axis=(  0.532983  0.627328  0.567792)
     C    8    Vyy=    0.6195    axis=( -0.748258  0.662736 -0.029842)
     C    8    Vzz=   -0.6353    axis=( -0.395017 -0.408950  0.822631)
     C    8  Q=         1.0000 1e-30 m^2  Cq=        -1.4928 MHz  eta= 0.95016

     H    9    Vxx=   -0.0485    axis=( -0.457240 -0.431041  0.777904)
     H    9    Vyy=   -0.5825    axis=( -0.299892  0.898194  0.321422)
     H    9    Vzz=    0.6311    axis=( -0.837255 -0.086320 -0.539956)
     H    9  Q=         1.0000 1e-30 m^2  Cq=         1.4827 MHz  eta= 0.84622

     C   10    Vxx=   -0.1226    axis=(  0.446919 -0.068189 -0.891972)
     C   10    Vyy=   -0.7953    axis=( -0.857831 -0.315497 -0.405694)
     C   10    Vzz=    0.9179    axis=( -0.253750  0.946474 -0.199496)
     C   10  Q=         1.0000 1e-30 m^2  Cq=         2.1567 MHz  eta= 0.73290

     C   11    Vxx=    0.2010    axis=( -0.775537 -0.581722 -0.245240)
     C   11    Vyy=    0.2425    axis=( -0.555923  0.813380 -0.171353)
     C   11    Vzz=   -0.4435    axis=( -0.299153 -0.003444  0.954199)
     C   11  Q=         1.0000 1e-30 m^2  Cq=        -1.0420 MHz  eta= 0.09356

     Cl  12    Vxx=   -0.2750    axis=( -0.882939  0.439879  0.164087)
     Cl  12    Vyy=   -2.0740    axis=(  0.138089 -0.090724  0.986256)
     Cl  12    Vzz=    2.3490    axis=( -0.448720 -0.893463 -0.019361)
     Cl  12  Q=        -8.1650 1e-30 m^2  Cq=       -45.0640 MHz  eta= 0.76584

     H   13    Vxx=   -0.0370    axis=(  0.955773 -0.290912  0.043221)
     H   13    Vyy=   -0.7644    axis=(  0.247808  0.717428 -0.651067)
     H   13    Vzz=    0.8014    axis=(  0.158396  0.632983  0.757788)
     H   13  Q=         1.0000 1e-30 m^2  Cq=         1.8831 MHz  eta= 0.90761

     C   14    Vxx=   -0.1361    axis=(  0.520631  0.851300 -0.065053)
     C   14    Vyy=   -0.3398    axis=(  0.038258  0.052856  0.997869)
     C   14    Vzz=    0.4759    axis=( -0.852924  0.522010  0.005050)
     C   14  Q=         1.0000 1e-30 m^2  Cq=         1.1181 MHz  eta= 0.42814

     H   15    Vxx=    0.0277    axis=( -0.463240  0.639574  0.613477)
     H   15    Vyy=    0.8364    axis=( -0.819807 -0.046306 -0.570765)
     H   15    Vzz=   -0.8640    axis=(  0.336639  0.767333 -0.545778)
     H   15  Q=         1.0000 1e-30 m^2  Cq=        -2.0301 MHz  eta= 0.93599

     C   16    Vxx=    0.1302    axis=(  0.633398 -0.612019  0.473539)
     C   16    Vyy=    0.3835    axis=(  0.394689  0.781874  0.482591)
     C   16    Vzz=   -0.5137    axis=( -0.665603 -0.118772  0.736795)
     C   16  Q=         1.0000 1e-30 m^2  Cq=        -1.2070 MHz  eta= 0.49303

     C   17    Vxx=   -0.1272    axis=( -0.774289 -0.200698  0.600164)
     C   17    Vyy=   -0.9177    axis=( -0.400737 -0.578501 -0.710456)
     C   17    Vzz=    1.0449    axis=(  0.489782 -0.790606  0.367500)
     C   17  Q=         1.0000 1e-30 m^2  Cq=         2.4551 MHz  eta= 0.75656

     Cl  18    Vxx=   -1.3179    axis=( -0.229161 -0.481503  0.845955)
     Cl  18    Vyy=   -1.5418    axis=( -0.609835 -0.606357 -0.510326)
     Cl  18    Vzz=    2.8598    axis=(  0.758674 -0.632840 -0.154684)
     Cl  18  Q=        -8.1650 1e-30 m^2  Cq=       -54.8632 MHz  eta= 0.07830

     H   19    Vxx=   -0.0573    axis=(  0.905997  0.238097 -0.349970)
     H   19    Vyy=   -0.3396    axis=(  0.145624  0.600999  0.785871)
     H   19    Vzz=    0.3970    axis=(  0.397446 -0.762961  0.509831)
     H   19  Q=         1.0000 1e-30 m^2  Cq=         0.9327 MHz  eta= 0.71110

     C   20    Vxx=   -0.0447    axis=( -0.325943  0.195986  0.924852)
     C   20    Vyy=   -0.9226    axis=(  0.926051  0.263043  0.270624)
     C   20    Vzz=    0.9673    axis=( -0.190238  0.944668 -0.267230)
     C   20  Q=         1.0000 1e-30 m^2  Cq=         2.2729 MHz  eta= 0.90755

     H   21    Vxx=    0.0289    axis=( -0.577578 -0.099875  0.810203)
     H   21    Vyy=    0.5198    axis=(  0.790281 -0.317154  0.524280)
     H   21    Vzz=   -0.5487    axis=( -0.204597 -0.943100 -0.262110)
     H   21  Q=         1.0000 1e-30 m^2  Cq=        -1.2892 MHz  eta= 0.89473

     C   22    Vxx=   -0.0130    axis=( -0.372918 -0.798145 -0.473177)
     C   22    Vyy=   -0.3843    axis=(  0.488602  0.264611 -0.831414)
     C   22    Vzz=    0.3973    axis=(  0.788797 -0.541244  0.291297)
     C   22  Q=         1.0000 1e-30 m^2  Cq=         0.9334 MHz  eta= 0.93441

     C   23    Vxx=   -0.1671    axis=(  0.542837 -0.252742 -0.800905)
     C   23    Vyy=   -0.8588    axis=( -0.823958 -0.344846 -0.449639)
     C   23    Vzz=    1.0259    axis=( -0.162546  0.903993 -0.395444)
     C   23  Q=         1.0000 1e-30 m^2  Cq=         2.4104 MHz  eta= 0.67421

     Cl  24    Vxx=   -0.0839    axis=(  0.892141 -0.187043  0.411217)
     Cl  24    Vyy=   -2.9152    axis=(  0.302240 -0.429411 -0.851033)
     Cl  24    Vzz=    2.9991    axis=(  0.335761  0.883528 -0.326563)
     Cl  24  Q=        -8.1650 1e-30 m^2  Cq=       -57.5369 MHz  eta= 0.94405

     Initialization:
     gipaw_setup  :      9.13s CPU     10.82s WALL (       1 calls)

     Linear response

     Apply operators

     Induced current

     Other routines
     efg          :      9.46s CPU     11.81s WALL (       1 calls)

     General routines
     calbec       :      3.40s CPU      4.51s WALL (      16 calls)
     fft          :      1.54s CPU      2.24s WALL (      15 calls)
     ffts         :      0.04s CPU      0.06s WALL (       2 calls)
     fftw         :      3.18s CPU      3.80s WALL (     672 calls)
     davcio       :      0.04s CPU      0.31s WALL (      32 calls)

     Parallel routines
     fft_scatter  :      2.15s CPU      3.23s WALL (     689 calls)

     Plugins

     GIPAW        :     61.54s CPU     75.52s WALL (       1 calls)
