
     Program QE v.6.0 (svn rev. 13079) starts on 17Dec2016 at 10:16:19 

     This program is part of the open-source Quantum ESPRESSO suite
     for quantum simulation of materials; please cite
         "P. Giannozzi et al., J. Phys.:Condens. Matter 21 395502 (2009);
          URL http://www.quantum-espresso.org", 
     in publications or presentations arising from this work. More details at
     http://www.quantum-espresso.org/quote

     Parallel version (MPI), running on     8 processors
     R & G space division:  proc/nbgrp/npool/nimage =       8

     ***** This is GIPAW svn revision unknown      *****

     Parallelizing q-star over 1 images

     Reading data from directory:
     /users/majewski/paradichlorobenzene/pbe/9_constraint/scratch/pbe.ecut100.np8.dt60.pcl2phi-129368.save
     Message from routine read_xml_file:
     file /users/majewski/paradichlorobenzene/pbe/9_constraint/scratch/pbe.ecut100.np8.dt60.pcl2phi-129368.save not guaranteed to be safe for post-processing

   Info: using nr1, nr2, nr3 values from input

   Info: using nr1, nr2, nr3 values from input

     IMPORTANT: XC functional enforced from input :
     Exchange-correlation      =  SLA  PW   PBX  PBC ( 1  4  3  4 0 0)
     Any further DFT definition will be discarded
     Please, verify this is what you really want

               file C.pbe-n-kjpaw_psl.1.0.0.UPF: wavefunction(s)  2S 2P renormalized
               file Cl.pbe-n-kjpaw_psl.1.0.0.UPF: wavefunction(s)  3S 3P renormalized
               file H.pbe-kjpaw_psl.1.0.0.UPF: wavefunction(s)  1S renormalized

     Parallelization info
     --------------------
     sticks:   dense  smooth     PW     G-vecs:    dense   smooth      PW
     Min        3057    1223    332               144436    36536    5170
     Max        3059    1225    333               144437    36537    5171
     Sum       24467    9791   2657              1155489   292295   41363


     Subspace diagonalization in iterative solution of the eigenvalue problem:
     a serial algorithm will be used

     GIPAW projectors -----------------------------------------------
     atom=  C    l=0  rc=    1.2000  rs=    0.8000
     atom=  C    l=0  rc=    1.2000  rs=    0.8000
     atom=  C    l=1  rc=    1.4000  rs=    0.9333
     atom=  C    l=1  rc=    1.4000  rs=    0.9333
     projs nearly linearly dependent: l=1  n1,n2= 1, 2  s=  0.99951561

     atom=  Cl   l=0  rc=    1.6000  rs=    1.0667
     atom=  Cl   l=0  rc=    1.6000  rs=    1.0667
     atom=  Cl   l=1  rc=    1.6000  rs=    1.0667
     atom=  Cl   l=1  rc=    1.6000  rs=    1.0667
     atom=  Cl   l=2  rc=    1.6000  rs=    1.0667
     atom=  Cl   l=2  rc=    1.6000  rs=    1.0667
     projs nearly linearly dependent: l=2  n1,n2= 1, 2  s=  0.99993509

     atom=  H    l=0  rc=    1.0000  rs=    0.6667
     atom=  H    l=0  rc=    1.0000  rs=    0.6667
     projs nearly linearly dependent: l=0  n1,n2= 1, 2  s=  0.99968852
     -----------------------------------------------------------------

     GIPAW integrals: -------------------------------------------
     Atom  i/j   nmr_para   nmr_dia   epr_rmc  epr_para   epr_dia
       C   1 1   0.83E+03  0.17E-01  0.93E+01  0.24E+08  0.24E+03
       C   2 1   0.86E+03 -0.61E-01  0.94E+01  0.25E+08  0.25E+03
       C   2 2   0.90E+03 -0.15E+00  0.97E+01  0.26E+08  0.26E+03
       C   3 3   0.33E+01  0.34E+00  0.18E+01  0.55E+03  0.21E+02
       C   4 3   0.35E+01  0.37E+00  0.20E+01  0.59E+03  0.22E+02
       C   4 4   0.38E+01  0.39E+00  0.22E+01  0.63E+03  0.24E+02
       Cl  1 1   0.14E+04 -0.47E+00  0.84E+01  0.32E+09  0.42E+03
       Cl  2 1   0.21E+04 -0.37E+00  0.12E+02  0.49E+09  0.65E+03
       Cl  2 2   0.33E+04 -0.16E+00  0.21E+02  0.76E+09  0.10E+04
       Cl  3 3   0.21E+02  0.79E-01  0.89E+01  0.23E+05  0.13E+03
       Cl  4 3   0.24E+02  0.67E-01  0.99E+01  0.27E+05  0.15E+03
       Cl  4 4   0.28E+02  0.44E-01  0.11E+02  0.32E+05  0.18E+03
       Cl  5 5   0.77E+00  0.19E+00  0.18E+01  0.12E+03  0.22E+02
       Cl  6 5   0.80E+00  0.19E+00  0.19E+01  0.12E+03  0.23E+02
       Cl  6 6   0.83E+00  0.20E+00  0.19E+01  0.12E+03  0.23E+02
       H   1 1   0.39E+02  0.19E+00  0.29E+00  0.78E+05  0.13E+02
       H   2 1   0.41E+02  0.21E+00  0.32E+00  0.82E+05  0.14E+02
       H   2 2   0.43E+02  0.22E+00  0.36E+00  0.86E+05  0.15E+02
     ------------------------------------------------------------

     alpha_pv=     34.0386 eV

     Number of occupied bands for each k-point:
     k-point:     1    nbnd_occ=  42
     k-point:     2    nbnd_occ=  42
     k-point:     3    nbnd_occ=  42
     k-point:     4    nbnd_occ=  42
     k-point:     5    nbnd_occ=  42
     k-point:     6    nbnd_occ=  42
     k-point:     7    nbnd_occ=  42
     k-point:     8    nbnd_occ=  42
     k-point:     9    nbnd_occ=  42
     k-point:    10    nbnd_occ=  42
     k-point:    11    nbnd_occ=  42
     k-point:    12    nbnd_occ=  42
     k-point:    13    nbnd_occ=  42
     k-point:    14    nbnd_occ=  42
     k-point:    15    nbnd_occ=  42
     k-point:    16    nbnd_occ=  42


     q-space interpolation up to   110.00 Rydberg

     GIPAW job: efg                                                                             


     ELECTRIC FIELD GRADIENTS TENSORS IN Hartree/bohrradius^2:

     ----- bare term -----
     Cl   1        0.023387       -0.061287       -0.147856
     Cl   1       -0.061287       -0.071196       -0.035780
     Cl   1       -0.147856       -0.035780        0.047809

     C    2       -0.550276        0.349618       -0.378282
     C    2        0.349618        0.018666       -0.101382
     C    2       -0.378282       -0.101382        0.531611

     C    3       -0.014428        0.067880       -0.238264
     C    3        0.067880       -0.456035       -0.410784
     C    3       -0.238264       -0.410784        0.470463

     H    4       -0.588648       -0.096773       -0.169838
     H    4       -0.096773        0.371409       -0.265222
     H    4       -0.169838       -0.265222        0.217239

     C    5       -0.898409        0.335957       -0.464703
     C    5        0.335957        0.351858        0.042284
     C    5       -0.464703        0.042284        0.546551

     H    6        0.382778       -0.010659       -0.177392
     H    6       -0.010659       -0.549903       -0.537144
     H    6       -0.177392       -0.537144        0.167124

     H    7        0.470090        0.105386       -0.021834
     H    7        0.105386       -0.804639        0.112826
     H    7       -0.021834        0.112826        0.334549

     C    8       -0.241266       -0.024008       -0.319501
     C    8       -0.024008        0.017428        0.535856
     C    8       -0.319501        0.535856        0.223838

     H    9       -0.333100        0.226896       -0.516151
     H    9        0.226896        0.306919        0.236463
     H    9       -0.516151        0.236463        0.026181

     C   10       -0.371216       -0.357342       -0.262860
     C   10       -0.357342       -0.077878        0.363883
     C   10       -0.262860        0.363883        0.449094

     C   11       -0.030311        0.019912       -0.300845
     C   11        0.019912       -0.212885        0.494588
     C   11       -0.300845        0.494588        0.243196

     Cl  12       -0.155278       -0.202204       -0.000716
     Cl  12       -0.202204        0.163420       -0.037649
     Cl  12       -0.000716       -0.037649       -0.008142

     H   13        0.340013        0.117814        0.249583
     H   13        0.117814       -0.074003       -0.560899
     H   13        0.249583       -0.560899       -0.266010

     C   14       -0.064225       -0.250911       -0.390362
     C   14       -0.250911       -0.157209       -0.359904
     C   14       -0.390362       -0.359904        0.221434

     H   15        0.044925       -0.169137       -0.329245
     H   15       -0.169137       -0.182945       -0.496631
     H   15       -0.329245       -0.496631        0.138020

     C   16       -0.663624        0.348063       -0.403012
     C   16        0.348063        0.215951        0.007518
     C   16       -0.403012        0.007518        0.447673

     C   17        0.028413        0.002946       -0.216266
     C   17        0.002946       -0.139985       -0.482205
     C   17       -0.216266       -0.482205        0.111572

     Cl  18       -0.140183        0.228304       -0.000629
     Cl  18        0.228304       -0.028085       -0.006318
     Cl  18       -0.000629       -0.006318        0.168268

     H   19        0.254537        0.050917        0.376512
     H   19        0.050917        0.072009        0.305445
     H   19        0.376512        0.305445       -0.326547

     C   20       -0.466914       -0.333644       -0.416899
     C   20       -0.333644        0.254196        0.317939
     C   20       -0.416899        0.317939        0.212718

     H   21        0.155028        0.068264       -0.306809
     H   21        0.068264        0.361959       -0.191656
     H   21       -0.306809       -0.191656       -0.516987

     C   22        0.089341       -0.212499       -0.084038
     C   22       -0.212499       -0.111717        0.375293
     C   22       -0.084038        0.375293        0.022376

     C   23       -0.303990       -0.267271       -0.421880
     C   23       -0.267271        0.007605        0.435402
     C   23       -0.421880        0.435402        0.296384

     Cl  24        0.043299       -0.020119       -0.016904
     Cl  24       -0.020119       -0.018341       -0.105298
     Cl  24       -0.016904       -0.105298       -0.024957

     ----- ionic term -----
     Cl   1        0.193712       -0.251671        0.010194
     Cl   1       -0.251671       -0.024919       -0.001277
     Cl   1        0.010194       -0.001277       -0.168793

     C    2        0.256295       -0.231987        0.246467
     C    2       -0.231987        0.058849        0.409846
     C    2        0.246467        0.409846       -0.315144

     C    3        0.209686       -0.276407        0.134311
     C    3       -0.276407        0.132350        0.400615
     C    3        0.134311        0.400615       -0.342037

     H    4        0.605189        0.355642        0.626955
     H    4        0.355642       -0.393689        0.275562
     H    4        0.626955        0.275562       -0.211500

     C    5        0.353375       -0.204788        0.197082
     C    5       -0.204788        0.037146        0.302517
     C    5        0.197082        0.302517       -0.390521

     H    6       -0.498383       -0.065110       -0.028866
     H    6       -0.065110        0.763213        0.650968
     H    6       -0.028866        0.650968       -0.264830

     H    7       -0.527759       -0.107889        0.066664
     H    7       -0.107889        0.802402       -0.610732
     H    7        0.066664       -0.610732       -0.274643

     C    8        0.160882        0.192137        0.338721
     C    8        0.192137        0.100951       -0.269773
     C    8        0.338721       -0.269773       -0.261833

     H    9        0.575592       -0.249755        0.695919
     H    9       -0.249755       -0.459559       -0.239588
     H    9        0.695919       -0.239588       -0.116033

     C   10        0.050334        0.262368        0.222603
     C   10        0.262368        0.253498       -0.406456
     C   10        0.222603       -0.406456       -0.303832

     C   11        0.067748        0.221735        0.314167
     C   11        0.221735        0.130920       -0.444776
     C   11        0.314167       -0.444776       -0.198668

     Cl  12        0.156622        0.212672        0.002526
     Cl  12        0.212672       -0.002580       -0.006536
     Cl  12        0.002526       -0.006536       -0.154042

     H   13       -0.516089        0.044077        0.052150
     H   13        0.044077        0.501185        0.776639
     H   13        0.052150        0.776639        0.014904

     C   14        0.297954       -0.135620        0.267484
     C   14       -0.135620       -0.051522        0.337231
     C   14        0.267484        0.337231       -0.246432

     H   15        0.517912        0.455040        0.640288
     H   15        0.455040       -0.324288        0.322923
     H   15        0.640288        0.322923       -0.193624

     C   16        0.160274       -0.192474        0.134489
     C   16       -0.192474        0.087714        0.429315
     C   16        0.134489        0.429315       -0.247987

     C   17        0.288826       -0.155255        0.167698
     C   17       -0.155255       -0.011282        0.435403
     C   17        0.167698        0.435403       -0.277544

     Cl  18        0.178433       -0.178652       -0.021820
     Cl  18       -0.178652       -0.047009        0.011334
     Cl  18       -0.021820        0.011334       -0.131425

     H   19       -0.511410        0.097734       -0.060454
     H   19        0.097734        0.448960       -0.766334
     H   19       -0.060454       -0.766334        0.062450

     C   20        0.132667        0.243275        0.332760
     C   20        0.243275       -0.009570       -0.289391
     C   20        0.332760       -0.289391       -0.123097

     H   21        0.288598       -0.241191        0.776703
     H   21       -0.241191       -0.418578       -0.299903
     H   21        0.776703       -0.299903        0.129980

     C   22       -0.004049        0.254619        0.248112
     C   22        0.254619        0.158795       -0.416064
     C   22        0.248112       -0.416064       -0.154747

     C   23        0.090640        0.223567        0.359160
     C   23        0.223567        0.083561       -0.413920
     C   23        0.359160       -0.413920       -0.174201

     Cl  24        0.135182        0.237781        0.058948
     Cl  24        0.237781        0.006358        0.024337
     Cl  24        0.058948        0.024337       -0.141540

     ----- GIPAW term -----
     Cl   1        1.549127       -2.217710       -1.773788
     Cl   1       -2.217710       -0.963086       -0.163925
     Cl   1       -1.773788       -0.163925       -0.586040

     C    2       -0.036870       -0.119394       -0.186377
     C    2       -0.119394       -0.029945        0.123231
     C    2       -0.186377        0.123231        0.066815

     C    3       -0.094465       -0.060424       -0.100471
     C    3       -0.060424       -0.067428        0.121602
     C    3       -0.100471        0.121602        0.161893

     H    4       -0.000000        0.000000        0.000000
     H    4        0.000000        0.000000        0.000000
     H    4        0.000000        0.000000        0.000000

     C    5       -0.243792        0.006958       -0.083213
     C    5        0.006958        0.161333        0.211900
     C    5       -0.083213        0.211900        0.082459

     H    6       -0.000000        0.000000        0.000000
     H    6        0.000000        0.000000        0.000000
     H    6        0.000000        0.000000        0.000000

     H    7       -0.000000        0.000000        0.000000
     H    7        0.000000        0.000000        0.000000
     H    7        0.000000        0.000000        0.000000

     C    8       -0.090942        0.031620       -0.040355
     C    8        0.031620        0.157957        0.160956
     C    8       -0.040355        0.160956       -0.067015

     H    9       -0.000000        0.000000        0.000000
     H    9        0.000000        0.000000        0.000000
     H    9        0.000000        0.000000        0.000000

     C   10       -0.103252       -0.021482       -0.068093
     C   10       -0.021482        0.050897        0.028522
     C   10       -0.068093        0.028522        0.052355

     C   11        0.013723        0.126137       -0.041418
     C   11        0.126137        0.033221       -0.027207
     C   11       -0.041418       -0.027207       -0.046944

     Cl  12        0.341967        0.911259       -0.018970
     Cl  12        0.911259        1.572130       -0.381306
     Cl  12       -0.018970       -0.381306       -1.914098

     H   13       -0.000000        0.000000        0.000000
     H   13        0.000000        0.000000        0.000000
     H   13        0.000000        0.000000        0.000000

     C   14       -0.006475       -0.155435       -0.151032
     C   14       -0.155435       -0.046433        0.073525
     C   14       -0.151032        0.073525        0.052908

     H   15       -0.000000        0.000000        0.000000
     H   15        0.000000        0.000000        0.000000
     H   15        0.000000        0.000000        0.000000

     C   16       -0.181822       -0.065332       -0.139418
     C   16       -0.065332        0.128997        0.184769
     C   16       -0.139418        0.184769        0.052825

     C   17       -0.065681       -0.057525       -0.001621
     C   17       -0.057525        0.186893        0.120140
     C   17       -0.001621        0.120140       -0.121212

     Cl  18       -0.560322        0.762437       -0.214896
     Cl  18        0.762437        2.428602       -0.324193
     Cl  18       -0.214896       -0.324193       -1.868280

     H   19       -0.000000        0.000000        0.000000
     H   19        0.000000        0.000000        0.000000
     H   19        0.000000        0.000000        0.000000

     C   20       -0.082397       -0.162075       -0.135387
     C   20       -0.162075        0.093846        0.156854
     C   20       -0.135387        0.156854       -0.011449

     H   21       -0.000000        0.000000        0.000000
     H   21        0.000000        0.000000        0.000000
     H   21        0.000000        0.000000        0.000000

     C   22       -0.044950       -0.058335       -0.043079
     C   22       -0.058335        0.052433        0.121140
     C   22       -0.043079        0.121140       -0.007482

     C   23       -0.087705       -0.037415       -0.122376
     C   23       -0.037415        0.082383        0.215095
     C   23       -0.122376        0.215095        0.005322

     Cl  24       -0.426213        0.699628       -0.848616
     Cl  24        0.699628       -0.130497        1.778785
     Cl  24       -0.848616        1.778785        0.556711

     ----- total EFG -----
     Cl   1        1.766226       -2.530668       -1.911449
     Cl   1       -2.530668       -1.059202       -0.200982
     Cl   1       -1.911449       -0.200982       -0.707024

     C    2       -0.330851       -0.001763       -0.318192
     C    2       -0.001763        0.047569        0.431695
     C    2       -0.318192        0.431695        0.283282

     C    3        0.100793       -0.268951       -0.204423
     C    3       -0.268951       -0.391112        0.111433
     C    3       -0.204423        0.111433        0.290319

     H    4        0.016541        0.258869        0.457117
     H    4        0.258869       -0.022280        0.010340
     H    4        0.457117        0.010340        0.005739

     C    5       -0.788826        0.138127       -0.350834
     C    5        0.138127        0.550338        0.556702
     C    5       -0.350834        0.556702        0.238488

     H    6       -0.115605       -0.075769       -0.206258
     H    6       -0.075769        0.213310        0.113825
     H    6       -0.206258        0.113825       -0.097706

     H    7       -0.057669       -0.002503        0.044830
     H    7       -0.002503       -0.002236       -0.497905
     H    7        0.044830       -0.497905        0.059906

     C    8       -0.171325        0.199750       -0.021135
     C    8        0.199750        0.276336        0.427039
     C    8       -0.021135        0.427039       -0.105011

     H    9        0.242492       -0.022859        0.179767
     H    9       -0.022859       -0.152640       -0.003125
     H    9        0.179767       -0.003125       -0.089852

     C   10       -0.424134       -0.116457       -0.108349
     C   10       -0.116457        0.226517       -0.014050
     C   10       -0.108349       -0.014050        0.197617

     C   11        0.051161        0.367783       -0.028096
     C   11        0.367783       -0.048744        0.022606
     C   11       -0.028096        0.022606       -0.002417

     Cl  12        0.343311        0.921727       -0.017160
     Cl  12        0.921727        1.732970       -0.425491
     Cl  12       -0.017160       -0.425491       -2.076281

     H   13       -0.176076        0.161890        0.301733
     H   13        0.161890        0.427182        0.215740
     H   13        0.301733        0.215740       -0.251106

     C   14        0.227254       -0.541967       -0.273909
     C   14       -0.541967       -0.255165        0.050852
     C   14       -0.273909        0.050852        0.027911

     H   15        0.562837        0.285903        0.311042
     H   15        0.285903       -0.507233       -0.173708
     H   15        0.311042       -0.173708       -0.055604

     C   16       -0.685173        0.090258       -0.407941
     C   16        0.090258        0.432661        0.621603
     C   16       -0.407941        0.621603        0.252511

     C   17        0.251559       -0.209834       -0.050190
     C   17       -0.209834        0.035626        0.073337
     C   17       -0.050190        0.073337       -0.287185

     Cl  18       -0.522072        0.812089       -0.237345
     Cl  18        0.812089        2.353508       -0.319177
     Cl  18       -0.237345       -0.319177       -1.831436

     H   19       -0.256872        0.148650        0.316058
     H   19        0.148650        0.520969       -0.460889
     H   19        0.316058       -0.460889       -0.264097

     C   20       -0.416644       -0.252444       -0.219526
     C   20       -0.252444        0.338471        0.185402
     C   20       -0.219526        0.185402        0.078172

     H   21        0.443626       -0.172927        0.469894
     H   21       -0.172927       -0.056619       -0.491559
     H   21        0.469894       -0.491559       -0.387007

     C   22        0.040342       -0.016215        0.120995
     C   22       -0.016215        0.099511        0.080368
     C   22        0.120995        0.080368       -0.139853

     C   23       -0.301055       -0.081119       -0.185096
     C   23       -0.081119        0.173550        0.236577
     C   23       -0.185096        0.236577        0.127505

     Cl  24       -0.247733        0.917290       -0.806573
     Cl  24        0.917290       -0.142480        1.697824
     Cl  24       -0.806573        1.697824        0.390213

     ----- total EFG (symmetrized) -----
     Cl   1        1.766226       -2.530668       -1.911449
     Cl   1       -2.530668       -1.059202       -0.200982
     Cl   1       -1.911449       -0.200982       -0.707024

     C    2       -0.330851       -0.001763       -0.318192
     C    2       -0.001763        0.047569        0.431695
     C    2       -0.318192        0.431695        0.283282

     C    3        0.100793       -0.268951       -0.204423
     C    3       -0.268951       -0.391112        0.111433
     C    3       -0.204423        0.111433        0.290319

     H    4        0.016541        0.258869        0.457117
     H    4        0.258869       -0.022280        0.010340
     H    4        0.457117        0.010340        0.005739

     C    5       -0.788826        0.138127       -0.350834
     C    5        0.138127        0.550338        0.556702
     C    5       -0.350834        0.556702        0.238488

     H    6       -0.115605       -0.075769       -0.206258
     H    6       -0.075769        0.213310        0.113825
     H    6       -0.206258        0.113825       -0.097706

     H    7       -0.057669       -0.002503        0.044830
     H    7       -0.002503       -0.002236       -0.497905
     H    7        0.044830       -0.497905        0.059906

     C    8       -0.171325        0.199750       -0.021135
     C    8        0.199750        0.276336        0.427039
     C    8       -0.021135        0.427039       -0.105011

     H    9        0.242492       -0.022859        0.179767
     H    9       -0.022859       -0.152640       -0.003125
     H    9        0.179767       -0.003125       -0.089852

     C   10       -0.424134       -0.116457       -0.108349
     C   10       -0.116457        0.226517       -0.014050
     C   10       -0.108349       -0.014050        0.197617

     C   11        0.051161        0.367783       -0.028096
     C   11        0.367783       -0.048744        0.022606
     C   11       -0.028096        0.022606       -0.002417

     Cl  12        0.343311        0.921727       -0.017160
     Cl  12        0.921727        1.732970       -0.425491
     Cl  12       -0.017160       -0.425491       -2.076281

     H   13       -0.176076        0.161890        0.301733
     H   13        0.161890        0.427182        0.215740
     H   13        0.301733        0.215740       -0.251106

     C   14        0.227254       -0.541967       -0.273909
     C   14       -0.541967       -0.255165        0.050852
     C   14       -0.273909        0.050852        0.027911

     H   15        0.562837        0.285903        0.311042
     H   15        0.285903       -0.507233       -0.173708
     H   15        0.311042       -0.173708       -0.055604

     C   16       -0.685173        0.090258       -0.407941
     C   16        0.090258        0.432661        0.621603
     C   16       -0.407941        0.621603        0.252511

     C   17        0.251559       -0.209834       -0.050190
     C   17       -0.209834        0.035626        0.073337
     C   17       -0.050190        0.073337       -0.287185

     Cl  18       -0.522072        0.812089       -0.237345
     Cl  18        0.812089        2.353508       -0.319177
     Cl  18       -0.237345       -0.319177       -1.831436

     H   19       -0.256872        0.148650        0.316058
     H   19        0.148650        0.520969       -0.460889
     H   19        0.316058       -0.460889       -0.264097

     C   20       -0.416644       -0.252444       -0.219526
     C   20       -0.252444        0.338471        0.185402
     C   20       -0.219526        0.185402        0.078172

     H   21        0.443626       -0.172927        0.469894
     H   21       -0.172927       -0.056619       -0.491559
     H   21        0.469894       -0.491559       -0.387007

     C   22        0.040342       -0.016215        0.120995
     C   22       -0.016215        0.099511        0.080368
     C   22        0.120995        0.080368       -0.139853

     C   23       -0.301055       -0.081119       -0.185096
     C   23       -0.081119        0.173550        0.236577
     C   23       -0.185096        0.236577        0.127505

     Cl  24       -0.247733        0.917290       -0.806573
     Cl  24        0.917290       -0.142480        1.697824
     Cl  24       -0.806573        1.697824        0.390213


     NQR/NMR SPECTROSCOPIC PARAMETERS:
     Cl   1    Vxx=   -0.6388    axis=(  0.032295 -0.582672  0.812065)
     Cl   1    Vyy=   -3.1681    axis=( -0.540286 -0.693724 -0.476274)
     Cl   1    Vzz=    3.8070    axis=( -0.840861  0.423367  0.337214)
     Cl   1  Q=        -8.1650 1e-30 m^2  Cq=       -73.0345 MHz  eta= 0.66439

     C    2    Vxx=   -0.1459    axis=(  0.568459  0.751617 -0.334554)
     C    2    Vyy=   -0.5334    axis=( -0.783007  0.369469 -0.500393)
     C    2    Vzz=    0.6793    axis=( -0.252496  0.546411  0.798549)
     C    2  Q=         1.0000 1e-30 m^2  Cq=         1.5960 MHz  eta= 0.57038

     C    3    Vxx=    0.0204    axis=( -0.704238  0.284070 -0.650656)
     C    3    Vyy=    0.4897    axis=( -0.589789  0.276089  0.758896)
     C    3    Vzz=   -0.5101    axis=( -0.395219 -0.918193  0.026891)
     C    3  Q=         1.0000 1e-30 m^2  Cq=        -1.1986 MHz  eta= 0.91998

     H    4    Vxx=   -0.0243    axis=( -0.012806 -0.869593  0.493602)
     H    4    Vyy=   -0.5132    axis=( -0.704096  0.358352  0.613052)
     H    4    Vzz=    0.5376    axis=(  0.709989  0.339692  0.616867)
     H    4  Q=         1.0000 1e-30 m^2  Cq=         1.2630 MHz  eta= 0.90945

     C    5    Vxx=   -0.0156    axis=( -0.419874 -0.582317  0.696141)
     C    5    Vyy=   -0.9632    axis=( -0.905497  0.216807 -0.364789)
     C    5    Vzz=    0.9788    axis=(  0.061495 -0.783519 -0.618318)
     C    5  Q=         1.0000 1e-30 m^2  Cq=         2.2998 MHz  eta= 0.96815

     H    6    Vxx=    0.0110    axis=(  0.606270  0.550157 -0.574251)
     H    6    Vyy=    0.3033    axis=(  0.357934 -0.833591 -0.420724)
     H    6    Vzz=   -0.3143    axis=(  0.710155 -0.049528  0.702301)
     H    6  Q=         1.0000 1e-30 m^2  Cq=        -0.7385 MHz  eta= 0.92998

     H    7    Vxx=   -0.0577    axis=(  0.995850  0.090871  0.005111)
     H    7    Vyy=   -0.4721    axis=( -0.069705  0.725378  0.684812)
     H    7    Vzz=    0.5297    axis=(  0.058523 -0.682326  0.728701)
     H    7  Q=         1.0000 1e-30 m^2  Cq=         1.2446 MHz  eta= 0.78227

     C    8    Vxx=   -0.1403    axis=(  0.868986  0.083326 -0.487770)
     C    8    Vyy=   -0.4459    axis=( -0.449905  0.543457 -0.708689)
     C    8    Vzz=    0.5862    axis=( -0.206030 -0.835291 -0.509746)
     C    8  Q=         1.0000 1e-30 m^2  Cq=         1.3774 MHz  eta= 0.52131

     H    9    Vxx=   -0.1514    axis=(  0.097876 -0.937598 -0.333662)
     H    9    Vyy=   -0.1708    axis=( -0.390404 -0.344570  0.853731)
     H    9    Vzz=    0.3222    axis=(  0.915426 -0.046703  0.399767)
     H    9  Q=         1.0000 1e-30 m^2  Cq=         0.7570 MHz  eta= 0.06031

     C   10    Vxx=    0.2150    axis=( -0.134573 -0.169739  0.976258)
     C   10    Vyy=    0.2474    axis=(  0.191394 -0.971119 -0.142463)
     C   10    Vzz=   -0.4624    axis=(  0.972244  0.167679  0.163174)
     C   10  Q=         1.0000 1e-30 m^2  Cq=        -1.0865 MHz  eta= 0.07010

     C   11    Vxx=    0.0009    axis=( -0.049995  0.082870  0.995305)
     C   11    Vyy=    0.3725    axis=( -0.753611 -0.657104  0.016857)
     C   11    Vzz=   -0.3734    axis=(  0.655417 -0.749231  0.095304)
     C   11  Q=         1.0000 1e-30 m^2  Cq=        -0.8772 MHz  eta= 0.99530

     Cl  12    Vxx=   -0.1012    axis=(  0.898064 -0.431541  0.085165)
     Cl  12    Vyy=   -2.1264    axis=(  0.037256 -0.118296 -0.992279)
     Cl  12    Vzz=    2.2276    axis=(  0.438284  0.894303 -0.090160)
     Cl  12  Q=        -8.1650 1e-30 m^2  Cq=       -42.7352 MHz  eta= 0.90911

     H   13    Vxx=   -0.0530    axis=(  0.694611 -0.476405  0.539031)
     H   13    Vyy=   -0.5212    axis=(  0.639286  0.065170 -0.766203)
     H   13    Vzz=    0.5742    axis=(  0.329894  0.876807  0.349827)
     H   13  Q=         1.0000 1e-30 m^2  Cq=         1.3491 MHz  eta= 0.81553

     C   14    Vxx=   -0.0558    axis=(  0.214051 -0.349249  0.912254)
     C   14    Vyy=   -0.6261    axis=( -0.567244 -0.804743 -0.174991)
     C   14    Vzz=    0.6820    axis=(  0.795246 -0.480014 -0.370365)
     C   14  Q=         1.0000 1e-30 m^2  Cq=         1.6023 MHz  eta= 0.83627

     H   15    Vxx=   -0.0436    axis=( -0.223831 -0.459995  0.859246)
     H   15    Vyy=   -0.6823    axis=( -0.297409  0.871802  0.389242)
     H   15    Vzz=    0.7260    axis=(  0.928142  0.168423  0.331943)
     H   15  Q=         1.0000 1e-30 m^2  Cq=         1.7057 MHz  eta= 0.87978

     C   16    Vxx=   -0.0765    axis=( -0.492128 -0.637033  0.593295)
     C   16    Vyy=   -0.9192    axis=( -0.861492  0.258480 -0.437057)
     C   16    Vzz=    0.9957    axis=(  0.125065 -0.726207 -0.676004)
     C   16  Q=         1.0000 1e-30 m^2  Cq=         2.3396 MHz  eta= 0.84627

     C   17    Vxx=   -0.0862    axis=(  0.538079  0.826166  0.167094)
     C   17    Vyy=   -0.3031    axis=(  0.010971 -0.205087  0.978682)
     C   17    Vzz=    0.3893    axis=(  0.842823 -0.524775 -0.119417)
     C   17  Q=         1.0000 1e-30 m^2  Cq=         0.9147 MHz  eta= 0.55715

     Cl  18    Vxx=   -0.7165    axis=(  0.955537 -0.265992 -0.127269)
     Cl  18    Vyy=   -1.8813    axis=( -0.144657 -0.046754 -0.988377)
     Cl  18    Vzz=    2.5978    axis=(  0.256950  0.962841 -0.083153)
     Cl  18  Q=        -8.1650 1e-30 m^2  Cq=       -49.8373 MHz  eta= 0.44836

     H   19    Vxx=   -0.0007    axis=(  0.806377  0.245541  0.538020)
     H   19    Vyy=   -0.7331    axis=( -0.591395  0.338997  0.731664)
     H   19    Vzz=    0.7338    axis=( -0.002734 -0.908180  0.418572)
     H   19  Q=         1.0000 1e-30 m^2  Cq=         1.7242 MHz  eta= 0.99800

     C   20    Vxx=   -0.0087    axis=( -0.119859 -0.534079  0.836895)
     C   20    Vyy=   -0.5373    axis=(  0.938764  0.213323  0.270584)
     C   20    Vzz=    0.5460    axis=( -0.323042  0.818079  0.475806)
     C   20  Q=         1.0000 1e-30 m^2  Cq=         1.2829 MHz  eta= 0.96811

     H   21    Vxx=   -0.0097    axis=(  0.579454  0.766498 -0.276972)
     H   21    Vyy=   -0.8119    axis=(  0.246028 -0.488498 -0.837162)
     H   21    Vzz=    0.8217    axis=( -0.776983  0.416954 -0.471642)
     H   21  Q=         1.0000 1e-30 m^2  Cq=         1.9306 MHz  eta= 0.97633

     C   22    Vxx=    0.0874    axis=(  0.811203 -0.531421  0.244012)
     C   22    Vyy=    0.1329    axis=(  0.405858  0.812068  0.419314)
     C   22    Vzz=   -0.2203    axis=( -0.420987 -0.241114  0.874434)
     C   22  Q=         1.0000 1e-30 m^2  Cq=        -0.5175 MHz  eta= 0.20677

     C   23    Vxx=   -0.0652    axis=( -0.255318 -0.722872  0.642082)
     C   23    Vyy=   -0.3700    axis=( -0.934792  0.014951 -0.354880)
     C   23    Vzz=    0.4353    axis=(  0.246933 -0.690820 -0.679552)
     C   23  Q=         1.0000 1e-30 m^2  Cq=         1.0227 MHz  eta= 0.70024

     Cl  24    Vxx=    0.4734    axis=(  0.861006  0.393236 -0.322543)
     Cl  24    Vyy=    1.8426    axis=( -0.010077  0.647250  0.762211)
     Cl  24    Vzz=   -2.3160    axis=( -0.508495  0.653019 -0.561248)
     Cl  24  Q=        -8.1650 1e-30 m^2  Cq=        44.4310 MHz  eta= 0.59122

     Initialization:
     gipaw_setup  :      9.12s CPU     10.73s WALL (       1 calls)

     Linear response

     Apply operators

     Induced current

     Other routines
     efg          :      9.30s CPU     11.82s WALL (       1 calls)

     General routines
     calbec       :      3.36s CPU      4.49s WALL (      16 calls)
     fft          :      1.55s CPU      2.12s WALL (      15 calls)
     ffts         :      0.04s CPU      0.05s WALL (       2 calls)
     fftw         :      3.18s CPU      3.93s WALL (     672 calls)
     davcio       :      0.04s CPU      0.31s WALL (      32 calls)

     Parallel routines
     fft_scatter  :      2.15s CPU      3.30s WALL (     689 calls)

     Plugins

     GIPAW        :     60.93s CPU     71.93s WALL (       1 calls)
