
     Program QE v.6.0 (svn rev. 13079) starts on  5Jan2017 at  8:19:27 

     This program is part of the open-source Quantum ESPRESSO suite
     for quantum simulation of materials; please cite
         "P. Giannozzi et al., J. Phys.:Condens. Matter 21 395502 (2009);
          URL http://www.quantum-espresso.org", 
     in publications or presentations arising from this work. More details at
     http://www.quantum-espresso.org/quote

     Parallel version (MPI), running on     8 processors
     R & G space division:  proc/nbgrp/npool/nimage =       8

     ***** This is GIPAW svn revision unknown      *****

     Parallelizing q-star over 1 images

     Reading data from directory:
     /users/majewski/paradichlorobenzene/pbe/9_constraint/scratch/pbe.ecut100.np8.dt60.pcl2phi-129368.save
     Message from routine read_xml_file:
     file /users/majewski/paradichlorobenzene/pbe/9_constraint/scratch/pbe.ecut100.np8.dt60.pcl2phi-129368.save not guaranteed to be safe for post-processing

   Info: using nr1, nr2, nr3 values from input

   Info: using nr1, nr2, nr3 values from input

     IMPORTANT: XC functional enforced from input :
     Exchange-correlation      =  SLA  PW   PBX  PBC ( 1  4  3  4 0 0)
     Any further DFT definition will be discarded
     Please, verify this is what you really want

               file C.pbe-n-kjpaw_psl.1.0.0.UPF: wavefunction(s)  2S 2P renormalized
               file Cl.pbe-n-kjpaw_psl.1.0.0.UPF: wavefunction(s)  3S 3P renormalized
               file H.pbe-kjpaw_psl.1.0.0.UPF: wavefunction(s)  1S renormalized

     Parallelization info
     --------------------
     sticks:   dense  smooth     PW     G-vecs:    dense   smooth      PW
     Min        3057    1223    332               144436    36536    5170
     Max        3059    1225    333               144437    36537    5171
     Sum       24467    9791   2657              1155489   292295   41363


     Subspace diagonalization in iterative solution of the eigenvalue problem:
     a serial algorithm will be used

     GIPAW projectors -----------------------------------------------
     atom=  C    l=0  rc=    1.2000  rs=    0.8000
     atom=  C    l=0  rc=    1.2000  rs=    0.8000
     atom=  C    l=1  rc=    1.4000  rs=    0.9333
     atom=  C    l=1  rc=    1.4000  rs=    0.9333
     projs nearly linearly dependent: l=1  n1,n2= 1, 2  s=  0.99951561

     atom=  Cl   l=0  rc=    1.6000  rs=    1.0667
     atom=  Cl   l=0  rc=    1.6000  rs=    1.0667
     atom=  Cl   l=1  rc=    1.6000  rs=    1.0667
     atom=  Cl   l=1  rc=    1.6000  rs=    1.0667
     atom=  Cl   l=2  rc=    1.6000  rs=    1.0667
     atom=  Cl   l=2  rc=    1.6000  rs=    1.0667
     projs nearly linearly dependent: l=2  n1,n2= 1, 2  s=  0.99993509

     atom=  H    l=0  rc=    1.0000  rs=    0.6667
     atom=  H    l=0  rc=    1.0000  rs=    0.6667
     projs nearly linearly dependent: l=0  n1,n2= 1, 2  s=  0.99968852
     -----------------------------------------------------------------

     GIPAW integrals: -------------------------------------------
     Atom  i/j   nmr_para   nmr_dia   epr_rmc  epr_para   epr_dia
       C   1 1   0.83E+03  0.17E-01  0.93E+01  0.24E+08  0.24E+03
       C   2 1   0.86E+03 -0.61E-01  0.94E+01  0.25E+08  0.25E+03
       C   2 2   0.90E+03 -0.15E+00  0.97E+01  0.26E+08  0.26E+03
       C   3 3   0.33E+01  0.34E+00  0.18E+01  0.55E+03  0.21E+02
       C   4 3   0.35E+01  0.37E+00  0.20E+01  0.59E+03  0.22E+02
       C   4 4   0.38E+01  0.39E+00  0.22E+01  0.63E+03  0.24E+02
       Cl  1 1   0.14E+04 -0.47E+00  0.84E+01  0.32E+09  0.42E+03
       Cl  2 1   0.21E+04 -0.37E+00  0.12E+02  0.49E+09  0.65E+03
       Cl  2 2   0.33E+04 -0.16E+00  0.21E+02  0.76E+09  0.10E+04
       Cl  3 3   0.21E+02  0.79E-01  0.89E+01  0.23E+05  0.13E+03
       Cl  4 3   0.24E+02  0.67E-01  0.99E+01  0.27E+05  0.15E+03
       Cl  4 4   0.28E+02  0.44E-01  0.11E+02  0.32E+05  0.18E+03
       Cl  5 5   0.77E+00  0.19E+00  0.18E+01  0.12E+03  0.22E+02
       Cl  6 5   0.80E+00  0.19E+00  0.19E+01  0.12E+03  0.23E+02
       Cl  6 6   0.83E+00  0.20E+00  0.19E+01  0.12E+03  0.23E+02
       H   1 1   0.39E+02  0.19E+00  0.29E+00  0.78E+05  0.13E+02
       H   2 1   0.41E+02  0.21E+00  0.32E+00  0.82E+05  0.14E+02
       H   2 2   0.43E+02  0.22E+00  0.36E+00  0.86E+05  0.15E+02
     ------------------------------------------------------------

     alpha_pv=     34.0784 eV

     Number of occupied bands for each k-point:
     k-point:     1    nbnd_occ=  42
     k-point:     2    nbnd_occ=  42
     k-point:     3    nbnd_occ=  42
     k-point:     4    nbnd_occ=  42
     k-point:     5    nbnd_occ=  42
     k-point:     6    nbnd_occ=  42
     k-point:     7    nbnd_occ=  42
     k-point:     8    nbnd_occ=  42
     k-point:     9    nbnd_occ=  42
     k-point:    10    nbnd_occ=  42
     k-point:    11    nbnd_occ=  42
     k-point:    12    nbnd_occ=  42
     k-point:    13    nbnd_occ=  42
     k-point:    14    nbnd_occ=  42
     k-point:    15    nbnd_occ=  42
     k-point:    16    nbnd_occ=  42


     q-space interpolation up to   110.00 Rydberg

     GIPAW job: efg                                                                             


     ELECTRIC FIELD GRADIENTS TENSORS IN Hartree/bohrradius^2:

     ----- bare term -----
     Cl   1        0.117035        0.070171       -0.069430
     Cl   1        0.070171       -0.164296        0.052143
     Cl   1       -0.069430        0.052143        0.047261

     C    2       -0.457251        0.461230       -0.101155
     C    2        0.461230        0.022208       -0.281046
     C    2       -0.101155       -0.281046        0.435043

     C    3        0.151777       -0.044533       -0.210987
     C    3       -0.044533       -0.102841       -0.325579
     C    3       -0.210987       -0.325579       -0.048936

     H    4        0.095617        0.049614       -0.430499
     H    4        0.049614        0.199464        0.217132
     H    4       -0.430499        0.217132       -0.295080

     C    5       -0.501473        0.332062       -0.027846
     C    5        0.332062        0.153931       -0.290365
     C    5       -0.027846       -0.290365        0.347542

     H    6        0.500245        0.023044       -0.168915
     H    6        0.023044       -0.228232       -0.339959
     H    6       -0.168915       -0.339959       -0.272013

     H    7        0.015467        0.275445       -0.385951
     H    7        0.275445       -0.067602        0.435720
     H    7       -0.385951        0.435720        0.052135

     C    8        0.104768       -0.590162        0.131901
     C    8       -0.590162       -0.533622        0.391016
     C    8        0.131901        0.391016        0.428854

     H    9       -0.717203       -0.059059       -0.236265
     H    9       -0.059059        0.366997        0.162593
     H    9       -0.236265        0.162593        0.350206

     C   10        0.053638       -0.023861       -0.466319
     C   10       -0.023861       -0.252959        0.499154
     C   10       -0.466319        0.499154        0.199321

     C   11       -0.182970       -0.115662       -0.191396
     C   11       -0.115662       -0.027597        0.506108
     C   11       -0.191396        0.506108        0.210567

     Cl  12       -0.068929       -0.086888       -0.016602
     Cl  12       -0.086888        0.010933        0.024619
     Cl  12       -0.016602        0.024619        0.057996

     H   13       -0.049467        0.188962        0.333023
     H   13        0.188962        0.020565       -0.438048
     H   13        0.333023       -0.438048        0.028903

     C   14       -0.011376       -0.276054       -0.555639
     C   14       -0.276054       -0.110379       -0.468217
     C   14       -0.555639       -0.468217        0.121755

     H   15        0.095873       -0.092950       -0.197784
     H   15       -0.092950        0.494285        0.020751
     H   15       -0.197784        0.020751       -0.590158

     C   16       -0.069091        0.480937       -0.207650
     C   16        0.480937       -0.231501       -0.067129
     C   16       -0.207650       -0.067129        0.300592

     C   17        0.104667       -0.390618       -0.566778
     C   17       -0.390618       -0.199486       -0.622901
     C   17       -0.566778       -0.622901        0.094819

     Cl  18       -0.211564        0.393867       -0.042518
     Cl  18        0.393867       -0.058809        0.018904
     Cl  18       -0.042518        0.018904        0.270373

     H   19        0.528328       -0.035823       -0.157821
     H   19       -0.035823       -0.072791        0.238757
     H   19       -0.157821        0.238757       -0.455538

     C   20       -0.582529       -0.335920       -0.234199
     C   20       -0.335920        0.307421        0.293747
     C   20       -0.234199        0.293747        0.275107

     H   21       -0.224437       -0.100649       -0.518704
     H   21       -0.100649       -0.027838        0.050100
     H   21       -0.518704        0.050100        0.252275

     C   22        0.081381       -0.253426       -0.098396
     C   22       -0.253426       -0.111116        0.594259
     C   22       -0.098396        0.594259        0.029735

     C   23       -0.373635       -0.201762       -0.464384
     C   23       -0.201762        0.228170        0.133695
     C   23       -0.464384        0.133695        0.145465

     Cl  24       -0.006383        0.053319       -0.145170
     Cl  24        0.053319       -0.027394        0.177779
     Cl  24       -0.145170        0.177779        0.033777

     ----- ionic term -----
     Cl   1        0.100246       -0.246695        0.004944
     Cl   1       -0.246695        0.046733       -0.000245
     Cl   1        0.004944       -0.000245       -0.146979

     C    2        0.019623       -0.333137        0.287696
     C    2       -0.333137        0.109739        0.360850
     C    2        0.287696        0.360850       -0.129362

     C    3        0.009161       -0.306050        0.266801
     C    3       -0.306050        0.164864        0.316015
     C    3        0.266801        0.316015       -0.174026

     H    4        0.375148        0.190355        0.764906
     H    4        0.190355       -0.452803        0.213626
     H    4        0.764906        0.213626        0.077655

     C    5        0.107832       -0.278077        0.365176
     C    5       -0.278077        0.066061        0.237803
     C    5        0.365176        0.237803       -0.173893

     H    6       -0.543316       -0.044470       -0.016278
     H    6       -0.044470        0.578581        0.744855
     H    6       -0.016278        0.744855       -0.035265

     H    7       -0.503896       -0.181826        0.144734
     H    7       -0.181826        0.536205       -0.763735
     H    7        0.144734       -0.763735       -0.032309

     C    8        0.227867        0.211246        0.217846
     C    8        0.211246       -0.004478       -0.350203
     C    8        0.217846       -0.350203       -0.223389

     H    9        0.648023       -0.125152        0.677436
     H    9       -0.125152       -0.548457       -0.172851
     H    9        0.677436       -0.172851       -0.099567

     C   10        0.094442        0.260479        0.129881
     C   10        0.260479        0.058417       -0.502485
     C   10        0.129881       -0.502485       -0.152859

     C   11        0.240224        0.162731        0.234184
     C   11        0.162731       -0.030682       -0.461295
     C   11        0.234184       -0.461295       -0.209542

     Cl  12        0.112021        0.201911       -0.023691
     Cl  12        0.201911        0.029872       -0.024453
     Cl  12       -0.023691       -0.024453       -0.141893

     H   13       -0.493827       -0.183954       -0.106560
     H   13       -0.183954        0.393083        0.755835
     H   13       -0.106560        0.755835        0.100744

     C   14        0.142049       -0.409835        0.319048
     C   14       -0.409835        0.022809        0.212696
     C   14        0.319048        0.212696       -0.164858

     H   15        0.375489        0.024814        0.816600
     H   15        0.024814       -0.522683        0.110821
     H   15        0.816600        0.110821        0.147195

     C   16        0.034917       -0.389773        0.278370
     C   16       -0.389773        0.137697        0.326981
     C   16        0.278370        0.326981       -0.172614

     C   17        0.051328       -0.255010        0.370849
     C   17       -0.255010        0.053612        0.387016
     C   17        0.370849        0.387016       -0.104939

     Cl  18        0.124889       -0.206088        0.058032
     Cl  18       -0.206088        0.017912       -0.022026
     Cl  18        0.058032       -0.022026       -0.142801

     H   19       -0.502113       -0.202853        0.146145
     H   19       -0.202853        0.517188       -0.788648
     H   19        0.146145       -0.788648       -0.015075

     C   20        0.307934        0.134903        0.205008
     C   20        0.134903       -0.017358       -0.347823
     C   20        0.205008       -0.347823       -0.290576

     H   21        0.658305       -0.282678        0.679523
     H   21       -0.282678       -0.461216       -0.227807
     H   21        0.679523       -0.227807       -0.197090

     C   22        0.148232        0.142465        0.172022
     C   22        0.142465        0.094379       -0.436998
     C   22        0.172022       -0.436998       -0.242611

     C   23        0.174958        0.135118        0.280940
     C   23        0.135118        0.022374       -0.418887
     C   23        0.280940       -0.418887       -0.197332

     Cl  24        0.088722        0.190766       -0.027258
     Cl  24        0.190766        0.023369       -0.033689
     Cl  24       -0.027258       -0.033689       -0.112091

     ----- GIPAW term -----
     Cl   1       -0.159005       -0.800051       -0.341972
     Cl   1       -0.800051        2.020354       -1.089054
     Cl   1       -0.341972       -1.089054       -1.861349

     C    2       -0.085072       -0.080524        0.044472
     C    2       -0.080524        0.112225       -0.130592
     C    2        0.044472       -0.130592       -0.027152

     C    3       -0.030946       -0.044813       -0.004801
     C    3       -0.044813        0.043212       -0.077401
     C    3       -0.004801       -0.077401       -0.012266

     H    4       -0.000000        0.000000        0.000000
     H    4        0.000000        0.000000        0.000000
     H    4        0.000000        0.000000        0.000000

     C    5       -0.058830       -0.143347        0.089451
     C    5       -0.143347        0.133844       -0.104170
     C    5        0.089451       -0.104170       -0.075013

     H    6       -0.000000        0.000000        0.000000
     H    6        0.000000        0.000000        0.000000
     H    6        0.000000        0.000000        0.000000

     H    7       -0.000000        0.000000        0.000000
     H    7        0.000000        0.000000        0.000000
     H    7        0.000000        0.000000        0.000000

     C    8        0.174312       -0.168025        0.174831
     C    8       -0.168025       -0.179962        0.010156
     C    8        0.174831        0.010156        0.005650

     H    9       -0.000000        0.000000        0.000000
     H    9        0.000000        0.000000        0.000000
     H    9        0.000000        0.000000        0.000000

     C   10        0.173928        0.001233       -0.216281
     C   10        0.001233       -0.120596        0.080418
     C   10       -0.216281        0.080418       -0.053332

     C   11       -0.042770       -0.022992       -0.108926
     C   11       -0.022992       -0.005511        0.178125
     C   11       -0.108926        0.178125        0.048281

     Cl  12       -0.266503        0.431234       -1.377146
     Cl  12        0.431234       -0.372246        1.852391
     Cl  12       -1.377146        1.852391        0.638749

     H   13       -0.000000        0.000000        0.000000
     H   13        0.000000        0.000000        0.000000
     H   13        0.000000        0.000000        0.000000

     C   14        0.192258       -0.190199       -0.168321
     C   14       -0.190199       -0.103935       -0.043483
     C   14       -0.168321       -0.043483       -0.088323

     H   15       -0.000000        0.000000        0.000000
     H   15        0.000000        0.000000        0.000000
     H   15        0.000000        0.000000        0.000000

     C   16        0.119616       -0.013903       -0.139781
     C   16       -0.013903       -0.108612        0.055668
     C   16       -0.139781        0.055668       -0.011004

     C   17        0.171431       -0.220493       -0.150179
     C   17       -0.220493       -0.066694       -0.021969
     C   17       -0.150179       -0.021969       -0.104737

     Cl  18        0.769754       -0.474750       -2.256039
     Cl  18       -0.474750       -1.437996        0.346322
     Cl  18       -2.256039        0.346322        0.668241

     H   19       -0.000000        0.000000        0.000000
     H   19        0.000000        0.000000        0.000000
     H   19        0.000000        0.000000        0.000000

     C   20       -0.171635       -0.076350       -0.043155
     C   20       -0.076350        0.161563        0.173708
     C   20       -0.043155        0.173708        0.010072

     H   21       -0.000000        0.000000        0.000000
     H   21        0.000000        0.000000        0.000000
     H   21        0.000000        0.000000        0.000000

     C   22       -0.100701       -0.078210        0.006206
     C   22       -0.078210        0.254553        0.025339
     C   22        0.006206        0.025339       -0.153851

     C   23        0.080196       -0.138233        0.041502
     C   23       -0.138233        0.058744       -0.084410
     C   23        0.041502       -0.084410       -0.138940

     Cl  24        0.092813       -0.064895        0.887638
     Cl  24       -0.064895        0.271743       -1.311677
     Cl  24        0.887638       -1.311677       -0.364557

     ----- total EFG -----
     Cl   1        0.058276       -0.976576       -0.406458
     Cl   1       -0.976576        1.902791       -1.037156
     Cl   1       -0.406458       -1.037156       -1.961067

     C    2       -0.522701        0.047569        0.231013
     C    2        0.047569        0.244172       -0.050788
     C    2        0.231013       -0.050788        0.278529

     C    3        0.129992       -0.395396        0.051014
     C    3       -0.395396        0.105235       -0.086965
     C    3        0.051014       -0.086965       -0.235227

     H    4        0.470764        0.239969        0.334407
     H    4        0.239969       -0.253339        0.430758
     H    4        0.334407        0.430758       -0.217426

     C    5       -0.452471       -0.089362        0.426780
     C    5       -0.089362        0.353836       -0.156732
     C    5        0.426780       -0.156732        0.098635

     H    6       -0.043071       -0.021426       -0.185193
     H    6       -0.021426        0.350349        0.404896
     H    6       -0.185193        0.404896       -0.307278

     H    7       -0.488429        0.093619       -0.241217
     H    7        0.093619        0.468603       -0.328016
     H    7       -0.241217       -0.328016        0.019826

     C    8        0.506947       -0.546941        0.524578
     C    8       -0.546941       -0.718063        0.050970
     C    8        0.524578        0.050970        0.211115

     H    9       -0.069180       -0.184211        0.441172
     H    9       -0.184211       -0.181460       -0.010259
     H    9        0.441172       -0.010259        0.250639

     C   10        0.322009        0.237851       -0.552720
     C   10        0.237851       -0.315138        0.077087
     C   10       -0.552720        0.077087       -0.006871

     C   11        0.014484        0.024077       -0.066138
     C   11        0.024077       -0.063790        0.222938
     C   11       -0.066138        0.222938        0.049306

     Cl  12       -0.223411        0.546256       -1.417439
     Cl  12        0.546256       -0.331442        1.852556
     Cl  12       -1.417439        1.852556        0.554852

     H   13       -0.543294        0.005008        0.226463
     H   13        0.005008        0.413648        0.317787
     H   13        0.226463        0.317787        0.129647

     C   14        0.322931       -0.876088       -0.404912
     C   14       -0.876088       -0.191505       -0.299004
     C   14       -0.404912       -0.299004       -0.131427

     H   15        0.471362       -0.068136        0.618815
     H   15       -0.068136       -0.028398        0.131572
     H   15        0.618815        0.131572       -0.442964

     C   16        0.085441        0.077261       -0.069062
     C   16        0.077261       -0.202416        0.315520
     C   16       -0.069062        0.315520        0.116975

     C   17        0.327426       -0.866120       -0.346108
     C   17       -0.866120       -0.212568       -0.257855
     C   17       -0.346108       -0.257855       -0.114858

     Cl  18        0.683079       -0.286971       -2.240525
     Cl  18       -0.286971       -1.478892        0.343201
     Cl  18       -2.240525        0.343201        0.795813

     H   19        0.026216       -0.238676       -0.011676
     H   19       -0.238676        0.444397       -0.549891
     H   19       -0.011676       -0.549891       -0.470613

     C   20       -0.446229       -0.277368       -0.072345
     C   20       -0.277368        0.451626        0.119632
     C   20       -0.072345        0.119632       -0.005397

     H   21        0.433869       -0.383327        0.160819
     H   21       -0.383327       -0.489054       -0.177706
     H   21        0.160819       -0.177706        0.055185

     C   22        0.128911       -0.189171        0.079832
     C   22       -0.189171        0.237816        0.182600
     C   22        0.079832        0.182600       -0.366727

     C   23       -0.118481       -0.204877       -0.141942
     C   23       -0.204877        0.309287       -0.369602
     C   23       -0.141942       -0.369602       -0.190807

     Cl  24        0.175152        0.179190        0.715210
     Cl  24        0.179190        0.267718       -1.167588
     Cl  24        0.715210       -1.167588       -0.442870

     ----- total EFG (symmetrized) -----
     Cl   1        0.058276       -0.976576       -0.406458
     Cl   1       -0.976576        1.902791       -1.037156
     Cl   1       -0.406458       -1.037156       -1.961067

     C    2       -0.522701        0.047569        0.231013
     C    2        0.047569        0.244172       -0.050788
     C    2        0.231013       -0.050788        0.278529

     C    3        0.129992       -0.395396        0.051014
     C    3       -0.395396        0.105235       -0.086965
     C    3        0.051014       -0.086965       -0.235227

     H    4        0.470764        0.239969        0.334407
     H    4        0.239969       -0.253339        0.430758
     H    4        0.334407        0.430758       -0.217426

     C    5       -0.452471       -0.089362        0.426780
     C    5       -0.089362        0.353836       -0.156732
     C    5        0.426780       -0.156732        0.098635

     H    6       -0.043071       -0.021426       -0.185193
     H    6       -0.021426        0.350349        0.404896
     H    6       -0.185193        0.404896       -0.307278

     H    7       -0.488429        0.093619       -0.241217
     H    7        0.093619        0.468603       -0.328016
     H    7       -0.241217       -0.328016        0.019826

     C    8        0.506947       -0.546941        0.524578
     C    8       -0.546941       -0.718063        0.050970
     C    8        0.524578        0.050970        0.211115

     H    9       -0.069180       -0.184211        0.441172
     H    9       -0.184211       -0.181460       -0.010259
     H    9        0.441172       -0.010259        0.250639

     C   10        0.322009        0.237851       -0.552720
     C   10        0.237851       -0.315138        0.077087
     C   10       -0.552720        0.077087       -0.006871

     C   11        0.014484        0.024077       -0.066138
     C   11        0.024077       -0.063790        0.222938
     C   11       -0.066138        0.222938        0.049306

     Cl  12       -0.223411        0.546256       -1.417439
     Cl  12        0.546256       -0.331442        1.852556
     Cl  12       -1.417439        1.852556        0.554852

     H   13       -0.543294        0.005008        0.226463
     H   13        0.005008        0.413648        0.317787
     H   13        0.226463        0.317787        0.129647

     C   14        0.322931       -0.876088       -0.404912
     C   14       -0.876088       -0.191505       -0.299004
     C   14       -0.404912       -0.299004       -0.131427

     H   15        0.471362       -0.068136        0.618815
     H   15       -0.068136       -0.028398        0.131572
     H   15        0.618815        0.131572       -0.442964

     C   16        0.085441        0.077261       -0.069062
     C   16        0.077261       -0.202416        0.315520
     C   16       -0.069062        0.315520        0.116975

     C   17        0.327426       -0.866120       -0.346108
     C   17       -0.866120       -0.212568       -0.257855
     C   17       -0.346108       -0.257855       -0.114858

     Cl  18        0.683079       -0.286971       -2.240525
     Cl  18       -0.286971       -1.478892        0.343201
     Cl  18       -2.240525        0.343201        0.795813

     H   19        0.026216       -0.238676       -0.011676
     H   19       -0.238676        0.444397       -0.549891
     H   19       -0.011676       -0.549891       -0.470613

     C   20       -0.446229       -0.277368       -0.072345
     C   20       -0.277368        0.451626        0.119632
     C   20       -0.072345        0.119632       -0.005397

     H   21        0.433869       -0.383327        0.160819
     H   21       -0.383327       -0.489054       -0.177706
     H   21        0.160819       -0.177706        0.055185

     C   22        0.128911       -0.189171        0.079832
     C   22       -0.189171        0.237816        0.182600
     C   22        0.079832        0.182600       -0.366727

     C   23       -0.118481       -0.204877       -0.141942
     C   23       -0.204877        0.309287       -0.369602
     C   23       -0.141942       -0.369602       -0.190807

     Cl  24        0.175152        0.179190        0.715210
     Cl  24        0.179190        0.267718       -1.167588
     Cl  24        0.715210       -1.167588       -0.442870


     NQR/NMR SPECTROSCOPIC PARAMETERS:
     Cl   1    Vxx=   -0.0764    axis=(  0.901605  0.266212 -0.340940)
     Cl   1    Vyy=   -2.3960    axis=( -0.265141 -0.282647 -0.921852)
     Cl   1    Vzz=    2.4723    axis=( -0.341774  0.921543 -0.184252)
     Cl   1  Q=        -8.1650 1e-30 m^2  Cq=       -47.4306 MHz  eta= 0.93822

     C    2    Vxx=    0.2355    axis=(  0.150894  0.941482  0.301402)
     C    2    Vyy=    0.3532    axis=(  0.224007 -0.329527  0.917188)
     C    2    Vzz=   -0.5887    axis=(  0.962835 -0.070882 -0.260622)
     C    2  Q=         1.0000 1e-30 m^2  Cq=        -1.3833 MHz  eta= 0.19985

     C    3    Vxx=   -0.2321    axis=( -0.430342 -0.283499  0.856991)
     C    3    Vyy=   -0.2935    axis=(  0.558273  0.662455  0.499484)
     C    3    Vzz=    0.5256    axis=(  0.709322 -0.693384  0.126813)
     C    3  Q=         1.0000 1e-30 m^2  Cq=         1.2350 MHz  eta= 0.11695

     H    4    Vxx=   -0.0948    axis=(  0.579524 -0.605295 -0.545683)
     H    4    Vyy=   -0.6701    axis=(  0.061287  0.700060 -0.711449)
     H    4    Vzz=    0.7649    axis=(  0.812647  0.378858  0.442799)
     H    4  Q=         1.0000 1e-30 m^2  Cq=         1.7971 MHz  eta= 0.75223

     C    5    Vxx=    0.1617    axis=(  0.346217  0.684480  0.641577)
     C    5    Vyy=    0.5232    axis=( -0.329262  0.729023 -0.600093)
     C    5    Vzz=   -0.6849    axis=(  0.878476  0.003485 -0.477773)
     C    5  Q=         1.0000 1e-30 m^2  Cq=        -1.6093 MHz  eta= 0.52776

     H    6    Vxx=   -0.0099    axis=(  0.938272  0.281601 -0.200867)
     H    6    Vyy=   -0.5502    axis=( -0.302217  0.384914 -0.872070)
     H    6    Vzz=    0.5600    axis=( -0.168259  0.878944  0.446259)
     H    6  Q=         1.0000 1e-30 m^2  Cq=         1.3158 MHz  eta= 0.96480

     H    7    Vxx=   -0.0894    axis=(  0.350417 -0.517627 -0.780558)
     H    7    Vyy=   -0.5860    axis=( -0.920967 -0.038830 -0.387701)
     H    7    Vzz=    0.6754    axis=(  0.170375  0.854725 -0.490324)
     H    7  Q=         1.0000 1e-30 m^2  Cq=         1.5870 MHz  eta= 0.73526

     C    8    Vxx=   -0.0274    axis=( -0.412557  0.387570  0.824370)
     C    8    Vyy=   -0.9787    axis=(  0.403583  0.889077 -0.216018)
     C    8    Vzz=    1.0062    axis=( -0.816650  0.243582 -0.523211)
     C    8  Q=         1.0000 1e-30 m^2  Cq=         2.3641 MHz  eta= 0.94544

     H    9    Vxx=   -0.1195    axis=(  0.312333 -0.863423 -0.396169)
     H    9    Vyy=   -0.4581    axis=(  0.747547  0.480721 -0.458346)
     H    9    Vzz=    0.5777    axis=(  0.586193 -0.152998  0.795594)
     H    9  Q=         1.0000 1e-30 m^2  Cq=         1.3573 MHz  eta= 0.58616

     C   10    Vxx=   -0.1707    axis=(  0.278347  0.766966  0.578175)
     C   10    Vyy=   -0.5837    axis=(  0.519218 -0.626581  0.581213)
     C   10    Vzz=    0.7544    axis=( -0.808044 -0.138420  0.572630)
     C   10  Q=         1.0000 1e-30 m^2  Cq=         1.7726 MHz  eta= 0.54747

     C   11    Vxx=    0.0213    axis=(  0.958854  0.283860  0.004766)
     C   11    Vyy=    0.2295    axis=( -0.177485  0.586257  0.790444)
     C   11    Vzz=   -0.2508    axis=(  0.221581 -0.758766  0.612516)
     C   11  Q=         1.0000 1e-30 m^2  Cq=        -0.5893 MHz  eta= 0.83027

     Cl  12    Vxx=    0.2644    axis=(  0.790872  0.610878 -0.036736)
     Cl  12    Vyy=    2.3011    axis=(  0.342853 -0.491998 -0.800243)
     Cl  12    Vzz=   -2.5655    axis=( -0.506925  0.620295 -0.598549)
     Cl  12  Q=        -8.1650 1e-30 m^2  Cq=        49.2172 MHz  eta= 0.79391

     H   13    Vxx=   -0.0133    axis=( -0.318747  0.568344 -0.758541)
     H   13    Vyy=   -0.6208    axis=( -0.941177 -0.095059  0.324269)
     H   13    Vzz=    0.6341    axis=(  0.112190  0.817281  0.565212)
     H   13  Q=         1.0000 1e-30 m^2  Cq=         1.4899 MHz  eta= 0.95806

     C   14    Vxx=    0.0922    axis=( -0.155472 -0.447888  0.880469)
     C   14    Vyy=    0.9997    axis=( -0.814095  0.562948  0.142615)
     C   14    Vzz=   -1.0919    axis=( -0.559534 -0.694612 -0.452146)
     C   14  Q=         1.0000 1e-30 m^2  Cq=        -2.5654 MHz  eta= 0.83116

     H   15    Vxx=    0.0006    axis=(  0.084896 -0.981322 -0.172629)
     H   15    Vyy=    0.7836    axis=(  0.892889 -0.001964  0.450272)
     H   15    Vzz=   -0.7842    axis=( -0.442201 -0.192365  0.876045)
     H   15  Q=         1.0000 1e-30 m^2  Cq=        -1.8426 MHz  eta= 0.99836

     C   16    Vxx=    0.1046    axis=(  0.976186  0.214850 -0.030000)
     C   16    Vyy=    0.3125    axis=( -0.086205  0.511092  0.855192)
     C   16    Vzz=   -0.4171    axis=(  0.199071 -0.832241  0.517442)
     C   16  Q=         1.0000 1e-30 m^2  Cq=        -0.9799 MHz  eta= 0.49856

     C   17    Vxx=    0.0558    axis=( -0.143066 -0.405617  0.902778)
     C   17    Vyy=    0.9805    axis=( -0.815541  0.565112  0.124662)
     C   17    Vzz=   -1.0363    axis=( -0.560736 -0.718417 -0.411646)
     C   17  Q=         1.0000 1e-30 m^2  Cq=        -2.4350 MHz  eta= 0.89223

     Cl  18    Vxx=   -1.4768    axis=( -0.618103 -0.589183 -0.520396)
     Cl  18    Vyy=   -1.5480    axis=(  0.368780 -0.801965  0.469950)
     Cl  18    Vzz=    3.0249    axis=( -0.694226  0.098566  0.712976)
     Cl  18  Q=        -8.1650 1e-30 m^2  Cq=       -58.0304 MHz  eta= 0.02355

     H   19    Vxx=   -0.0181    axis=(  0.948840  0.188397 -0.253397)
     H   19    Vyy=   -0.7453    axis=( -0.149323 -0.439373 -0.885807)
     H   19    Vzz=    0.7634    axis=( -0.278219  0.878327 -0.388763)
     H   19  Q=         1.0000 1e-30 m^2  Cq=         1.7937 MHz  eta= 0.95269

     C   20    Vxx=   -0.0348    axis=( -0.007030 -0.242601  0.970101)
     C   20    Vyy=   -0.5277    axis=(  0.961895  0.263529  0.072874)
     C   20    Vzz=    0.5625    axis=( -0.273329  0.933647  0.231504)
     C   20  Q=         1.0000 1e-30 m^2  Cq=         1.3216 MHz  eta= 0.87630

     H   21    Vxx=   -0.0025    axis=( -0.376997 -0.040939  0.925309)
     H   21    Vyy=   -0.6465    axis=( -0.307557 -0.936804 -0.166755)
     H   21    Vzz=    0.6490    axis=(  0.873660 -0.347451  0.340582)
     H   21  Q=         1.0000 1e-30 m^2  Cq=         1.5249 MHz  eta= 0.99237

     C   22    Vxx=    0.0535    axis=(  0.805539  0.472074  0.358125)
     C   22    Vyy=    0.3942    axis=(  0.546421 -0.825591 -0.140797)
     C   22    Vzz=   -0.4477    axis=( -0.229198 -0.309105  0.922997)
     C   22  Q=         1.0000 1e-30 m^2  Cq=        -1.0519 MHz  eta= 0.76081

     C   23    Vxx=   -0.0127    axis=(  0.845521 -0.069659 -0.529379)
     C   23    Vyy=   -0.5148    axis=(  0.499216  0.454851  0.737492)
     C   23    Vzz=    0.5276    axis=(  0.189415 -0.887839  0.419361)
     C   23  Q=         1.0000 1e-30 m^2  Cq=         1.2396 MHz  eta= 0.95173

     Cl  24    Vxx=    0.3528    axis=(  0.877456  0.469016  0.100475)
     Cl  24    Vyy=    1.2246    axis=(  0.308352 -0.712018  0.630833)
     Cl  24    Vzz=   -1.5774    axis=(  0.367411 -0.522546 -0.769386)
     Cl  24  Q=        -8.1650 1e-30 m^2  Cq=        30.2617 MHz  eta= 0.55265

     Initialization:
     gipaw_setup  :      9.41s CPU     11.31s WALL (       1 calls)

     Linear response

     Apply operators

     Induced current

     Other routines
     efg          :      9.64s CPU     12.37s WALL (       1 calls)

     General routines
     calbec       :      3.35s CPU      4.66s WALL (      16 calls)
     fft          :      1.68s CPU      2.44s WALL (      15 calls)
     ffts         :      0.04s CPU      0.06s WALL (       2 calls)
     fftw         :      3.46s CPU      4.23s WALL (     672 calls)
     davcio       :      0.05s CPU      0.31s WALL (      32 calls)

     Parallel routines
     fft_scatter  :      2.37s CPU      3.69s WALL (     689 calls)

     Plugins

     GIPAW        :     61.95s CPU     77.28s WALL (       1 calls)
