
     Program QE v.6.0 (svn rev. 13079) starts on 19Dec2016 at  7:21:43 

     This program is part of the open-source Quantum ESPRESSO suite
     for quantum simulation of materials; please cite
         "P. Giannozzi et al., J. Phys.:Condens. Matter 21 395502 (2009);
          URL http://www.quantum-espresso.org", 
     in publications or presentations arising from this work. More details at
     http://www.quantum-espresso.org/quote

     Parallel version (MPI), running on     8 processors
     R & G space division:  proc/nbgrp/npool/nimage =       8

     ***** This is GIPAW svn revision unknown      *****

     Parallelizing q-star over 1 images

     Reading data from directory:
     /users/majewski/paradichlorobenzene/pbe/9_constraint/scratch/pbe.ecut100.np8.dt60.pcl2phi-129368.save
     Message from routine read_xml_file:
     file /users/majewski/paradichlorobenzene/pbe/9_constraint/scratch/pbe.ecut100.np8.dt60.pcl2phi-129368.save not guaranteed to be safe for post-processing

   Info: using nr1, nr2, nr3 values from input

   Info: using nr1, nr2, nr3 values from input

     IMPORTANT: XC functional enforced from input :
     Exchange-correlation      =  SLA  PW   PBX  PBC ( 1  4  3  4 0 0)
     Any further DFT definition will be discarded
     Please, verify this is what you really want

               file C.pbe-n-kjpaw_psl.1.0.0.UPF: wavefunction(s)  2S 2P renormalized
               file Cl.pbe-n-kjpaw_psl.1.0.0.UPF: wavefunction(s)  3S 3P renormalized
               file H.pbe-kjpaw_psl.1.0.0.UPF: wavefunction(s)  1S renormalized

     Parallelization info
     --------------------
     sticks:   dense  smooth     PW     G-vecs:    dense   smooth      PW
     Min        3057    1223    332               144436    36536    5170
     Max        3059    1225    333               144437    36537    5171
     Sum       24467    9791   2657              1155489   292295   41363


     Subspace diagonalization in iterative solution of the eigenvalue problem:
     a serial algorithm will be used

     GIPAW projectors -----------------------------------------------
     atom=  C    l=0  rc=    1.2000  rs=    0.8000
     atom=  C    l=0  rc=    1.2000  rs=    0.8000
     atom=  C    l=1  rc=    1.4000  rs=    0.9333
     atom=  C    l=1  rc=    1.4000  rs=    0.9333
     projs nearly linearly dependent: l=1  n1,n2= 1, 2  s=  0.99951561

     atom=  Cl   l=0  rc=    1.6000  rs=    1.0667
     atom=  Cl   l=0  rc=    1.6000  rs=    1.0667
     atom=  Cl   l=1  rc=    1.6000  rs=    1.0667
     atom=  Cl   l=1  rc=    1.6000  rs=    1.0667
     atom=  Cl   l=2  rc=    1.6000  rs=    1.0667
     atom=  Cl   l=2  rc=    1.6000  rs=    1.0667
     projs nearly linearly dependent: l=2  n1,n2= 1, 2  s=  0.99993509

     atom=  H    l=0  rc=    1.0000  rs=    0.6667
     atom=  H    l=0  rc=    1.0000  rs=    0.6667
     projs nearly linearly dependent: l=0  n1,n2= 1, 2  s=  0.99968852
     -----------------------------------------------------------------

     GIPAW integrals: -------------------------------------------
     Atom  i/j   nmr_para   nmr_dia   epr_rmc  epr_para   epr_dia
       C   1 1   0.83E+03  0.17E-01  0.93E+01  0.24E+08  0.24E+03
       C   2 1   0.86E+03 -0.61E-01  0.94E+01  0.25E+08  0.25E+03
       C   2 2   0.90E+03 -0.15E+00  0.97E+01  0.26E+08  0.26E+03
       C   3 3   0.33E+01  0.34E+00  0.18E+01  0.55E+03  0.21E+02
       C   4 3   0.35E+01  0.37E+00  0.20E+01  0.59E+03  0.22E+02
       C   4 4   0.38E+01  0.39E+00  0.22E+01  0.63E+03  0.24E+02
       Cl  1 1   0.14E+04 -0.47E+00  0.84E+01  0.32E+09  0.42E+03
       Cl  2 1   0.21E+04 -0.37E+00  0.12E+02  0.49E+09  0.65E+03
       Cl  2 2   0.33E+04 -0.16E+00  0.21E+02  0.76E+09  0.10E+04
       Cl  3 3   0.21E+02  0.79E-01  0.89E+01  0.23E+05  0.13E+03
       Cl  4 3   0.24E+02  0.67E-01  0.99E+01  0.27E+05  0.15E+03
       Cl  4 4   0.28E+02  0.44E-01  0.11E+02  0.32E+05  0.18E+03
       Cl  5 5   0.77E+00  0.19E+00  0.18E+01  0.12E+03  0.22E+02
       Cl  6 5   0.80E+00  0.19E+00  0.19E+01  0.12E+03  0.23E+02
       Cl  6 6   0.83E+00  0.20E+00  0.19E+01  0.12E+03  0.23E+02
       H   1 1   0.39E+02  0.19E+00  0.29E+00  0.78E+05  0.13E+02
       H   2 1   0.41E+02  0.21E+00  0.32E+00  0.82E+05  0.14E+02
       H   2 2   0.43E+02  0.22E+00  0.36E+00  0.86E+05  0.15E+02
     ------------------------------------------------------------

     alpha_pv=     34.0636 eV

     Number of occupied bands for each k-point:
     k-point:     1    nbnd_occ=  42
     k-point:     2    nbnd_occ=  42
     k-point:     3    nbnd_occ=  42
     k-point:     4    nbnd_occ=  42
     k-point:     5    nbnd_occ=  42
     k-point:     6    nbnd_occ=  42
     k-point:     7    nbnd_occ=  42
     k-point:     8    nbnd_occ=  42
     k-point:     9    nbnd_occ=  42
     k-point:    10    nbnd_occ=  42
     k-point:    11    nbnd_occ=  42
     k-point:    12    nbnd_occ=  42
     k-point:    13    nbnd_occ=  42
     k-point:    14    nbnd_occ=  42
     k-point:    15    nbnd_occ=  42
     k-point:    16    nbnd_occ=  42


     q-space interpolation up to   110.00 Rydberg

     GIPAW job: efg                                                                             


     ELECTRIC FIELD GRADIENTS TENSORS IN Hartree/bohrradius^2:

     ----- bare term -----
     Cl   1       -0.080766        0.083153       -0.023219
     Cl   1        0.083153       -0.029596        0.007147
     Cl   1       -0.023219        0.007147        0.110362

     C    2       -0.072991        0.010120       -0.539381
     C    2        0.010120       -0.225053       -0.523610
     C    2       -0.539381       -0.523610        0.298044

     C    3       -0.056270        0.462638       -0.108172
     C    3        0.462638       -0.365040       -0.455758
     C    3       -0.108172       -0.455758        0.421310

     H    4       -0.341751       -0.205788       -0.480927
     H    4       -0.205788        0.212111       -0.309716
     H    4       -0.480927       -0.309716        0.129640

     C    5       -0.284291       -0.101310       -0.361802
     C    5       -0.101310       -0.037573       -0.445969
     C    5       -0.361802       -0.445969        0.321865

     H    6        0.311118        0.145798       -0.110669
     H    6        0.145798       -0.578332       -0.300965
     H    6       -0.110669       -0.300965        0.267214

     H    7        0.139875        0.353861       -0.072173
     H    7        0.353861       -0.445676        0.386781
     H    7       -0.072173        0.386781        0.305800

     C    8       -0.296793       -0.201359       -0.330025
     C    8       -0.201359       -0.107359        0.441897
     C    8       -0.330025        0.441897        0.404152

     H    9       -0.286114        0.481937        0.019339
     H    9        0.481937        0.055468       -0.192729
     H    9        0.019339       -0.192729        0.230645

     C   10       -0.205395       -0.341080       -0.060471
     C   10       -0.341080       -0.412689        0.534945
     C   10       -0.060471        0.534945        0.618083

     C   11       -0.179687       -0.017879       -0.393906
     C   11       -0.017879       -0.103233        0.501386
     C   11       -0.393906        0.501386        0.282920

     Cl  12       -0.119259       -0.010374       -0.062462
     Cl  12       -0.010374       -0.097410        0.057178
     Cl  12       -0.062462        0.057178        0.216669

     H   13        0.415540       -0.120373       -0.028682
     H   13       -0.120373       -0.662370       -0.274311
     H   13       -0.028682       -0.274311        0.246829

     C   14       -0.356634        0.240978       -0.346380
     C   14        0.240978       -0.089754       -0.421959
     C   14       -0.346380       -0.421959        0.446388

     H   15        0.014920       -0.152937       -0.400438
     H   15       -0.152937        0.369000       -0.404826
     H   15       -0.400438       -0.404826       -0.383920

     C   16       -0.367406        0.244743       -0.293992
     C   16        0.244743       -0.080166       -0.376844
     C   16       -0.293992       -0.376844        0.447572

     C   17       -0.032170        0.339558       -0.042126
     C   17        0.339558       -0.412192       -0.464442
     C   17       -0.042126       -0.464442        0.444362

     Cl  18       -0.044064       -0.019899       -0.038509
     Cl  18       -0.019899       -0.026875       -0.052904
     Cl  18       -0.038509       -0.052904        0.070938

     H   19        0.263275        0.395454        0.179026
     H   19        0.395454       -0.537851        0.047638
     H   19        0.179026        0.047638        0.274576

     C   20       -0.430260       -0.260305       -0.398954
     C   20       -0.260305       -0.134421        0.210798
     C   20       -0.398954        0.210798        0.564681

     H   21       -0.383078        0.493429        0.057992
     H   21        0.493429        0.150024       -0.137401
     H   21        0.057992       -0.137401        0.233055

     C   22        0.013542       -0.023439       -0.051444
     C   22       -0.023439       -0.305961        0.267958
     C   22       -0.051444        0.267958        0.292419

     C   23       -0.398481       -0.081427       -0.259652
     C   23       -0.081427       -0.044263        0.414813
     C   23       -0.259652        0.414813        0.442745

     Cl  24       -0.068362        0.023349       -0.114677
     Cl  24        0.023349       -0.091467        0.050757
     Cl  24       -0.114677        0.050757        0.159829

     ----- ionic term -----
     Cl   1        0.158992       -0.188603        0.067629
     Cl   1       -0.188603       -0.016033       -0.030058
     Cl   1        0.067629       -0.030058       -0.142958

     C    2        0.165653       -0.128048        0.396555
     C    2       -0.128048        0.157052        0.332154
     C    2        0.396555        0.332154       -0.322706

     C    3        0.117389       -0.207495        0.231616
     C    3       -0.207495        0.283234        0.341266
     C    3        0.231616        0.341266       -0.400624

     H    4        0.529226        0.369201        0.670394
     H    4        0.369201       -0.332015        0.294686
     H    4        0.670394        0.294686       -0.197211

     C    5        0.270557       -0.155661        0.319317
     C    5       -0.155661        0.081970        0.277346
     C    5        0.319317        0.277346       -0.352527

     H    6       -0.491122        0.101526        0.070990
     H    6        0.101526        0.718848        0.644640
     H    6        0.070990        0.644640       -0.227726

     H    7       -0.463030       -0.284223        0.146093
     H    7       -0.284223        0.696283       -0.639420
     H    7        0.146093       -0.639420       -0.233252

     C    8        0.371135        0.045529        0.104114
     C    8        0.045529        0.103808       -0.320278
     C    8        0.104114       -0.320278       -0.474943

     H    9        0.695484       -0.565247        0.351575
     H    9       -0.565247       -0.218129       -0.223377
     H    9        0.351575       -0.223377       -0.477355

     C   10        0.165356        0.130141        0.022025
     C   10        0.130141        0.327806       -0.401689
     C   10        0.022025       -0.401689       -0.493162

     C   11        0.282119        0.067425        0.113591
     C   11        0.067425        0.203164       -0.366900
     C   11        0.113591       -0.366900       -0.485283

     Cl  12        0.132836        0.185538       -0.038858
     Cl  12        0.185538       -0.003641       -0.023255
     Cl  12       -0.038858       -0.023255       -0.129195

     H   13       -0.533559        0.071745        0.046646
     H   13        0.071745        0.775357        0.625346
     H   13        0.046646        0.625346       -0.241798

     C   14        0.231768       -0.160150        0.374304
     C   14       -0.160150        0.070132        0.265643
     C   14        0.374304        0.265643       -0.301900

     H   15        0.252874        0.309632        0.743911
     H   15        0.309632       -0.385479        0.347588
     H   15        0.743911        0.347588        0.132604

     C   16        0.051336       -0.236682        0.244743
     C   16       -0.236682        0.213372        0.369760
     C   16        0.244743        0.369760       -0.264708

     C   17        0.161675       -0.229567        0.262838
     C   17       -0.229567        0.193085        0.400117
     C   17        0.262838        0.400117       -0.354760

     Cl  18        0.141862       -0.240735        0.009127
     Cl  18       -0.240735        0.034894       -0.000226
     Cl  18        0.009127       -0.000226       -0.176756

     H   19       -0.482910       -0.186971        0.087470
     H   19       -0.186971        0.717332       -0.643474
     H   19        0.087470       -0.643474       -0.234421

     C   20        0.390109        0.064522        0.140352
     C   20        0.064522        0.070219       -0.303666
     C   20        0.140352       -0.303666       -0.460327

     H   21        0.502206       -0.436863        0.619376
     H   21       -0.436863       -0.307824       -0.336660
     H   21        0.619376       -0.336660       -0.194382

     C   22        0.117241        0.101205        0.138778
     C   22        0.101205        0.263452       -0.453755
     C   22        0.138778       -0.453755       -0.380693

     C   23        0.239406        0.030700        0.174756
     C   23        0.030700        0.224676       -0.383743
     C   23        0.174756       -0.383743       -0.464082

     Cl  24        0.123534        0.200165        0.012551
     Cl  24        0.200165        0.028810        0.006370
     Cl  24        0.012551        0.006370       -0.152344

     ----- GIPAW term -----
     Cl   1       -0.853886       -1.249426       -0.016492
     Cl   1       -1.249426       -1.471273       -0.058539
     Cl   1       -0.016492       -0.058539        2.325159

     C    2        0.056299       -0.068479       -0.203016
     C    2       -0.068479       -0.089814       -0.135052
     C    2       -0.203016       -0.135052        0.033516

     C    3        0.092239        0.053703        0.006474
     C    3        0.053703       -0.104687       -0.060385
     C    3        0.006474       -0.060385        0.012449

     H    4       -0.000000        0.000000        0.000000
     H    4        0.000000        0.000000        0.000000
     H    4        0.000000        0.000000        0.000000

     C    5        0.077166       -0.090746        0.062287
     C    5       -0.090746       -0.088993       -0.107987
     C    5        0.062287       -0.107987        0.011826

     H    6       -0.000000        0.000000        0.000000
     H    6        0.000000        0.000000        0.000000
     H    6        0.000000        0.000000        0.000000

     H    7       -0.000000        0.000000        0.000000
     H    7        0.000000        0.000000        0.000000
     H    7        0.000000        0.000000        0.000000

     C    8       -0.035009       -0.032979       -0.051024
     C    8       -0.032979       -0.018838        0.098234
     C    8       -0.051024        0.098234        0.053848

     H    9       -0.000000        0.000000        0.000000
     H    9        0.000000        0.000000        0.000000
     H    9        0.000000        0.000000        0.000000

     C   10       -0.126649       -0.038815        0.017284
     C   10       -0.038815       -0.128653        0.147715
     C   10        0.017284        0.147715        0.255302

     C   11        0.057919        0.135174       -0.074103
     C   11        0.135174       -0.007085        0.079007
     C   11       -0.074103        0.079007       -0.050834

     Cl  12        0.224981        1.953329       -0.698172
     Cl  12        1.953329       -0.938873        0.508086
     Cl  12       -0.698172        0.508086        0.713892

     H   13       -0.000000        0.000000        0.000000
     H   13        0.000000        0.000000        0.000000
     H   13        0.000000        0.000000        0.000000

     C   14       -0.050370        0.050881       -0.064311
     C   14        0.050881       -0.028541       -0.112933
     C   14       -0.064311       -0.112933        0.078910

     H   15       -0.000000        0.000000        0.000000
     H   15        0.000000        0.000000        0.000000
     H   15        0.000000        0.000000        0.000000

     C   16       -0.107513        0.040977       -0.029149
     C   16        0.040977       -0.009215       -0.025140
     C   16       -0.029149       -0.025140        0.116728

     C   17        0.112860       -0.038710        0.126338
     C   17       -0.038710       -0.146927       -0.050234
     C   17        0.126338       -0.050234        0.034068

     Cl  18        1.011564       -2.346466       -0.241383
     Cl  18       -2.346466       -0.080260       -0.461135
     Cl  18       -0.241383       -0.461135       -0.931305

     H   19       -0.000000        0.000000        0.000000
     H   19        0.000000        0.000000        0.000000
     H   19        0.000000        0.000000        0.000000

     C   20       -0.094557       -0.063480       -0.177241
     C   20       -0.063480       -0.120164        0.083184
     C   20       -0.177241        0.083184        0.214721

     H   21       -0.000000        0.000000        0.000000
     H   21        0.000000        0.000000        0.000000
     H   21        0.000000        0.000000        0.000000

     C   22       -0.028653        0.002068       -0.075514
     C   22        0.002068       -0.081274        0.026431
     C   22       -0.075514        0.026431        0.109928

     C   23       -0.103113        0.032961       -0.117620
     C   23        0.032961       -0.094629        0.126360
     C   23       -0.117620        0.126360        0.197743

     Cl  24        0.603237        2.034286       -1.278464
     Cl  24        2.034286       -0.971489        0.407976
     Cl  24       -1.278464        0.407976        0.368252

     ----- total EFG -----
     Cl   1       -0.775661       -1.354876        0.027918
     Cl   1       -1.354876       -1.516902       -0.081450
     Cl   1        0.027918       -0.081450        2.292563

     C    2        0.148961       -0.186408       -0.345842
     C    2       -0.186408       -0.157815       -0.326508
     C    2       -0.345842       -0.326508        0.008854

     C    3        0.153358        0.308845        0.129918
     C    3        0.308845       -0.186493       -0.174877
     C    3        0.129918       -0.174877        0.033135

     H    4        0.187474        0.163413        0.189467
     H    4        0.163413       -0.119904       -0.015029
     H    4        0.189467       -0.015029       -0.067571

     C    5        0.063432       -0.347717        0.019801
     C    5       -0.347717       -0.044596       -0.276610
     C    5        0.019801       -0.276610       -0.018836

     H    6       -0.180004        0.247324       -0.039679
     H    6        0.247324        0.140516        0.343675
     H    6       -0.039679        0.343675        0.039488

     H    7       -0.323155        0.069638        0.073920
     H    7        0.069638        0.250607       -0.252639
     H    7        0.073920       -0.252639        0.072548

     C    8        0.039333       -0.188808       -0.276935
     C    8       -0.188808       -0.022389        0.219853
     C    8       -0.276935        0.219853       -0.016943

     H    9        0.409371       -0.083310        0.370914
     H    9       -0.083310       -0.162661       -0.416105
     H    9        0.370914       -0.416105       -0.246709

     C   10       -0.166688       -0.249754       -0.021162
     C   10       -0.249754       -0.213536        0.280970
     C   10       -0.021162        0.280970        0.380223

     C   11        0.160352        0.184720       -0.354418
     C   11        0.184720        0.092846        0.213493
     C   11       -0.354418        0.213493       -0.253198

     Cl  12        0.238558        2.128493       -0.799492
     Cl  12        2.128493       -1.039924        0.542009
     Cl  12       -0.799492        0.542009        0.801366

     H   13       -0.118019       -0.048629        0.017965
     H   13       -0.048629        0.112987        0.351035
     H   13        0.017965        0.351035        0.005032

     C   14       -0.175236        0.131709       -0.036387
     C   14        0.131709       -0.048163       -0.269248
     C   14       -0.036387       -0.269248        0.223398

     H   15        0.267795        0.156695        0.343474
     H   15        0.156695       -0.016479       -0.057238
     H   15        0.343474       -0.057238       -0.251316

     C   16       -0.423583        0.049038       -0.078398
     C   16        0.049038        0.123991       -0.032225
     C   16       -0.078398       -0.032225        0.299592

     C   17        0.242365        0.071281        0.347050
     C   17        0.071281       -0.366035       -0.114559
     C   17        0.347050       -0.114559        0.123670

     Cl  18        1.109363       -2.607100       -0.270765
     Cl  18       -2.607100       -0.072240       -0.514265
     Cl  18       -0.270765       -0.514265       -1.037122

     H   19       -0.219636        0.208482        0.266496
     H   19        0.208482        0.179481       -0.595837
     H   19        0.266496       -0.595837        0.040155

     C   20       -0.134709       -0.259262       -0.435844
     C   20       -0.259262       -0.184366       -0.009684
     C   20       -0.435844       -0.009684        0.319075

     H   21        0.119128        0.056566        0.677368
     H   21        0.056566       -0.157800       -0.474061
     H   21        0.677368       -0.474061        0.038673

     C   22        0.102129        0.079833        0.011820
     C   22        0.079833       -0.123783       -0.159366
     C   22        0.011820       -0.159366        0.021653

     C   23       -0.262188       -0.017767       -0.202515
     C   23       -0.017767        0.085783        0.157429
     C   23       -0.202515        0.157429        0.176405

     Cl  24        0.658408        2.257800       -1.380590
     Cl  24        2.257800       -1.034146        0.465103
     Cl  24       -1.380590        0.465103        0.375737

     ----- total EFG (symmetrized) -----
     Cl   1       -0.775661       -1.354876        0.027918
     Cl   1       -1.354876       -1.516902       -0.081450
     Cl   1        0.027918       -0.081450        2.292563

     C    2        0.148961       -0.186408       -0.345842
     C    2       -0.186408       -0.157815       -0.326508
     C    2       -0.345842       -0.326508        0.008854

     C    3        0.153358        0.308845        0.129918
     C    3        0.308845       -0.186493       -0.174877
     C    3        0.129918       -0.174877        0.033135

     H    4        0.187474        0.163413        0.189467
     H    4        0.163413       -0.119904       -0.015029
     H    4        0.189467       -0.015029       -0.067571

     C    5        0.063432       -0.347717        0.019801
     C    5       -0.347717       -0.044596       -0.276610
     C    5        0.019801       -0.276610       -0.018836

     H    6       -0.180004        0.247324       -0.039679
     H    6        0.247324        0.140516        0.343675
     H    6       -0.039679        0.343675        0.039488

     H    7       -0.323155        0.069638        0.073920
     H    7        0.069638        0.250607       -0.252639
     H    7        0.073920       -0.252639        0.072548

     C    8        0.039333       -0.188808       -0.276935
     C    8       -0.188808       -0.022389        0.219853
     C    8       -0.276935        0.219853       -0.016943

     H    9        0.409371       -0.083310        0.370914
     H    9       -0.083310       -0.162661       -0.416105
     H    9        0.370914       -0.416105       -0.246709

     C   10       -0.166688       -0.249754       -0.021162
     C   10       -0.249754       -0.213536        0.280970
     C   10       -0.021162        0.280970        0.380223

     C   11        0.160352        0.184720       -0.354418
     C   11        0.184720        0.092846        0.213493
     C   11       -0.354418        0.213493       -0.253198

     Cl  12        0.238558        2.128493       -0.799492
     Cl  12        2.128493       -1.039924        0.542009
     Cl  12       -0.799492        0.542009        0.801366

     H   13       -0.118019       -0.048629        0.017965
     H   13       -0.048629        0.112987        0.351035
     H   13        0.017965        0.351035        0.005032

     C   14       -0.175236        0.131709       -0.036387
     C   14        0.131709       -0.048163       -0.269248
     C   14       -0.036387       -0.269248        0.223398

     H   15        0.267795        0.156695        0.343474
     H   15        0.156695       -0.016479       -0.057238
     H   15        0.343474       -0.057238       -0.251316

     C   16       -0.423583        0.049038       -0.078398
     C   16        0.049038        0.123991       -0.032225
     C   16       -0.078398       -0.032225        0.299592

     C   17        0.242365        0.071281        0.347050
     C   17        0.071281       -0.366035       -0.114559
     C   17        0.347050       -0.114559        0.123670

     Cl  18        1.109363       -2.607100       -0.270765
     Cl  18       -2.607100       -0.072240       -0.514265
     Cl  18       -0.270765       -0.514265       -1.037122

     H   19       -0.219636        0.208482        0.266496
     H   19        0.208482        0.179481       -0.595837
     H   19        0.266496       -0.595837        0.040155

     C   20       -0.134709       -0.259262       -0.435844
     C   20       -0.259262       -0.184366       -0.009684
     C   20       -0.435844       -0.009684        0.319075

     H   21        0.119128        0.056566        0.677368
     H   21        0.056566       -0.157800       -0.474061
     H   21        0.677368       -0.474061        0.038673

     C   22        0.102129        0.079833        0.011820
     C   22        0.079833       -0.123783       -0.159366
     C   22        0.011820       -0.159366        0.021653

     C   23       -0.262188       -0.017767       -0.202515
     C   23       -0.017767        0.085783        0.157429
     C   23       -0.202515        0.157429        0.176405

     Cl  24        0.658408        2.257800       -1.380590
     Cl  24        2.257800       -1.034146        0.465103
     Cl  24       -1.380590        0.465103        0.375737


     NQR/NMR SPECTROSCOPIC PARAMETERS:
     Cl   1    Vxx=    0.2559    axis=( -0.794810  0.605841  0.035123)
     Cl   1    Vyy=    2.2956    axis=(  0.021943 -0.029148  0.999334)
     Cl   1    Vzz=   -2.5514    axis=(  0.606461  0.795052  0.009873)
     Cl   1  Q=        -8.1650 1e-30 m^2  Cq=        48.9474 MHz  eta= 0.79944

     C    2    Vxx=    0.1514    axis=( -0.538283  0.743469 -0.396870)
     C    2    Vyy=    0.4413    axis=(  0.713265  0.151066 -0.684421)
     C    2    Vzz=   -0.5928    axis=(  0.448893  0.651485  0.611606)
     C    2  Q=         1.0000 1e-30 m^2  Cq=        -1.3928 MHz  eta= 0.48905

     C    3    Vxx=    0.1256    axis=(  0.117981 -0.394045  0.911487)
     C    3    Vyy=    0.3381    axis=(  0.871396  0.481244  0.095255)
     C    3    Vzz=   -0.4637    axis=( -0.476182  0.783028  0.400147)
     C    3  Q=         1.0000 1e-30 m^2  Cq=        -1.0895 MHz  eta= 0.45845

     H    4    Vxx=   -0.0797    axis=(  0.100313  0.679103 -0.727157)
     H    4    Vyy=   -0.2519    axis=( -0.489771  0.669867  0.558034)
     H    4    Vzz=    0.3316    axis=( -0.866061 -0.300162 -0.399801)
     H    4  Q=         1.0000 1e-30 m^2  Cq=         0.7791 MHz  eta= 0.51943

     C    5    Vxx=   -0.0065    axis=(  0.615277  0.079057 -0.784337)
     C    5    Vyy=   -0.4450    axis=(  0.489364  0.741731  0.458647)
     C    5    Vzz=    0.4515    axis=(  0.618027 -0.666021  0.417682)
     C    5  Q=         1.0000 1e-30 m^2  Cq=         1.0609 MHz  eta= 0.97126

     H    6    Vxx=   -0.0531    axis=(  0.709094  0.258598 -0.655982)
     H    6    Vyy=   -0.4269    axis=( -0.657420  0.578808 -0.482474)
     H    6    Vzz=    0.4800    axis=( -0.254921 -0.773375 -0.580436)
     H    6  Q=         1.0000 1e-30 m^2  Cq=         1.1278 MHz  eta= 0.77873

     H    7    Vxx=   -0.0669    axis=(  0.364793  0.529445  0.765907)
     H    7    Vyy=   -0.3628    axis=( -0.930890  0.224392  0.288258)
     H    7    Vzz=    0.4297    axis=( -0.019247 -0.818130  0.574711)
     H    7  Q=         1.0000 1e-30 m^2  Cq=         1.0097 MHz  eta= 0.68870

     C    8    Vxx=   -0.1820    axis=( -0.593283 -0.801725  0.072472)
     C    8    Vyy=   -0.2792    axis=(  0.513808 -0.307836  0.800773)
     C    8    Vzz=    0.4611    axis=(  0.619691 -0.512322 -0.594567)
     C    8  Q=         1.0000 1e-30 m^2  Cq=         1.0835 MHz  eta= 0.21072

     H    9    Vxx=    0.0104    axis=(  0.537770  0.734810 -0.413349)
     H    9    Vyy=    0.6619    axis=(  0.814091 -0.325096  0.481216)
     H    9    Vzz=   -0.6723    axis=(  0.219224 -0.595287 -0.773029)
     H    9  Q=         1.0000 1e-30 m^2  Cq=        -1.5797 MHz  eta= 0.96895

     C   10    Vxx=   -0.0241    axis=(  0.790328 -0.482994  0.376960)
     C   10    Vyy=   -0.4882    axis=( -0.586286 -0.774845  0.236398)
     C   10    Vzz=    0.5124    axis=( -0.177907  0.407838  0.895554)
     C   10  Q=         1.0000 1e-30 m^2  Cq=         1.2039 MHz  eta= 0.90574

     C   11    Vxx=    0.1938    axis=( -0.055172  0.883286  0.465576)
     C   11    Vyy=    0.3788    axis=( -0.876313 -0.266328  0.401430)
     C   11    Vzz=   -0.5727    axis=(  0.478573 -0.385842  0.788729)
     C   11  Q=         1.0000 1e-30 m^2  Cq=        -1.3456 MHz  eta= 0.32305

     Cl  12    Vxx=    0.9233    axis=(  0.119606  0.382596  0.916141)
     Cl  12    Vyy=    1.9288    axis=(  0.796973  0.513278 -0.318401)
     Cl  12    Vzz=   -2.8521    axis=( -0.592054  0.768223 -0.243528)
     Cl  12  Q=        -8.1650 1e-30 m^2  Cq=        54.7167 MHz  eta= 0.35253

     H   13    Vxx=   -0.1083    axis=(  0.971064 -0.116931  0.208236)
     H   13    Vyy=   -0.3071    axis=( -0.234055 -0.639259  0.732507)
     H   13    Vzz=    0.4154    axis=( -0.047464  0.760049  0.648130)
     H   13  Q=         1.0000 1e-30 m^2  Cq=         0.9760 MHz  eta= 0.47848

     C   14    Vxx=   -0.1110    axis=(  0.733556  0.488180  0.472838)
     C   14    Vyy=   -0.2957    axis=(  0.657142 -0.686966 -0.310228)
     C   14    Vzz=    0.4068    axis=( -0.173376 -0.538292  0.824732)
     C   14  Q=         1.0000 1e-30 m^2  Cq=         0.9558 MHz  eta= 0.45407

     H   15    Vxx=   -0.0102    axis=( -0.091241  0.931827 -0.351246)
     H   15    Vyy=   -0.4567    axis=(  0.459701 -0.273474 -0.844918)
     H   15    Vzz=    0.4670    axis=( -0.883374 -0.238559 -0.403410)
     H   15  Q=         1.0000 1e-30 m^2  Cq=         1.0972 MHz  eta= 0.95612

     C   16    Vxx=    0.1203    axis=( -0.059094 -0.977689 -0.201576)
     C   16    Vyy=    0.3154    axis=( -0.116213 -0.193818  0.974130)
     C   16    Vzz=   -0.4357    axis=( -0.991465  0.080991 -0.102167)
     C   16  Q=         1.0000 1e-30 m^2  Cq=        -1.0236 MHz  eta= 0.44769

     C   17    Vxx=   -0.1018    axis=(  0.586156  0.450115 -0.673659)
     C   17    Vyy=   -0.4338    axis=(  0.276693 -0.892697 -0.355716)
     C   17    Vzz=    0.5355    axis=( -0.761487  0.022108 -0.647803)
     C   17  Q=         1.0000 1e-30 m^2  Cq=         1.2583 MHz  eta= 0.61998

     Cl  18    Vxx=   -0.7997    axis=( -0.261938 -0.287482  0.921272)
     Cl  18    Vyy=   -2.3950    axis=(  0.569239  0.724843  0.388034)
     Cl  18    Vzz=    3.1946    axis=( -0.779330  0.626065 -0.026218)
     Cl  18  Q=        -8.1650 1e-30 m^2  Cq=       -61.2874 MHz  eta= 0.49937

     H   19    Vxx=    0.0084    axis=(  0.827676  0.391587  0.402011)
     H   19    Vyy=    0.7103    axis=( -0.025645  0.741975 -0.669937)
     H   19    Vzz=   -0.7187    axis=( -0.560620  0.544181  0.624157)
     H   19  Q=         1.0000 1e-30 m^2  Cq=        -1.6887 MHz  eta= 0.97651

     C   20    Vxx=   -0.0584    axis=(  0.383452 -0.821689  0.421654)
     C   20    Vyy=   -0.5467    axis=( -0.746728 -0.544495 -0.381997)
     C   20    Vzz=    0.6051    axis=( -0.543471  0.168383  0.822366)
     C   20  Q=         1.0000 1e-30 m^2  Cq=         1.4218 MHz  eta= 0.80695

     H   21    Vxx=   -0.0120    axis=(  0.573138  0.799956 -0.177717)
     H   21    Vyy=   -0.8348    axis=(  0.514749 -0.520197 -0.681490)
     H   21    Vzz=    0.8468    axis=( -0.637610  0.299109 -0.709921)
     H   21  Q=         1.0000 1e-30 m^2  Cq=         1.9896 MHz  eta= 0.97176

     C   22    Vxx=    0.0884    axis=(  0.721583 -0.221236  0.656027)
     C   22    Vyy=    0.1537    axis=(  0.659497  0.507986 -0.554088)
     C   22    Vzz=   -0.2421    axis=(  0.210668 -0.832469 -0.512459)
     C   22  Q=         1.0000 1e-30 m^2  Cq=        -0.5688 MHz  eta= 0.26970

     C   23    Vxx=   -0.0007    axis=(  0.281024  0.854065 -0.437719)
     C   23    Vyy=   -0.3456    axis=( -0.916406  0.103362 -0.386672)
     C   23    Vzz=    0.3464    axis=( -0.285000  0.509793  0.811718)
     C   23  Q=         1.0000 1e-30 m^2  Cq=         0.8139 MHz  eta= 0.99568

     Cl  24    Vxx=    0.4118    axis=( -0.147610 -0.504178 -0.850891)
     Cl  24    Vyy=    2.6074    axis=( -0.800203 -0.444744  0.402341)
     Cl  24    Vzz=   -3.0193    axis=( -0.581280  0.740275 -0.337796)
     Cl  24  Q=        -8.1650 1e-30 m^2  Cq=        57.9228 MHz  eta= 0.72720

     Initialization:
     gipaw_setup  :      9.12s CPU     11.01s WALL (       1 calls)

     Linear response

     Apply operators

     Induced current

     Other routines
     efg          :      9.15s CPU     11.19s WALL (       1 calls)

     General routines
     calbec       :      3.24s CPU      4.08s WALL (      16 calls)
     fft          :      1.60s CPU      2.42s WALL (      15 calls)
     ffts         :      0.03s CPU      0.04s WALL (       2 calls)
     fftw         :      3.15s CPU      3.77s WALL (     672 calls)
     davcio       :      0.02s CPU      0.32s WALL (      32 calls)

     Parallel routines
     fft_scatter  :      2.24s CPU      3.44s WALL (     689 calls)

     Plugins

     GIPAW        :     61.50s CPU     72.87s WALL (       1 calls)
