
     Program QE v.6.0 (svn rev. 13079) starts on 26Dec2016 at 10: 9:26 

     This program is part of the open-source Quantum ESPRESSO suite
     for quantum simulation of materials; please cite
         "P. Giannozzi et al., J. Phys.:Condens. Matter 21 395502 (2009);
          URL http://www.quantum-espresso.org", 
     in publications or presentations arising from this work. More details at
     http://www.quantum-espresso.org/quote

     Parallel version (MPI), running on     8 processors
     R & G space division:  proc/nbgrp/npool/nimage =       8

     ***** This is GIPAW svn revision unknown      *****

     Parallelizing q-star over 1 images

     Reading data from directory:
     /users/majewski/paradichlorobenzene/pbe/9_constraint/scratch/pbe.ecut100.np8.dt60.pcl2phi-129368.save
     Message from routine read_xml_file:
     file /users/majewski/paradichlorobenzene/pbe/9_constraint/scratch/pbe.ecut100.np8.dt60.pcl2phi-129368.save not guaranteed to be safe for post-processing

   Info: using nr1, nr2, nr3 values from input

   Info: using nr1, nr2, nr3 values from input

     IMPORTANT: XC functional enforced from input :
     Exchange-correlation      =  SLA  PW   PBX  PBC ( 1  4  3  4 0 0)
     Any further DFT definition will be discarded
     Please, verify this is what you really want

               file C.pbe-n-kjpaw_psl.1.0.0.UPF: wavefunction(s)  2S 2P renormalized
               file Cl.pbe-n-kjpaw_psl.1.0.0.UPF: wavefunction(s)  3S 3P renormalized
               file H.pbe-kjpaw_psl.1.0.0.UPF: wavefunction(s)  1S renormalized

     Parallelization info
     --------------------
     sticks:   dense  smooth     PW     G-vecs:    dense   smooth      PW
     Min        3057    1223    332               144436    36536    5170
     Max        3059    1225    333               144437    36537    5171
     Sum       24467    9791   2657              1155489   292295   41363


     Subspace diagonalization in iterative solution of the eigenvalue problem:
     a serial algorithm will be used

     GIPAW projectors -----------------------------------------------
     atom=  C    l=0  rc=    1.2000  rs=    0.8000
     atom=  C    l=0  rc=    1.2000  rs=    0.8000
     atom=  C    l=1  rc=    1.4000  rs=    0.9333
     atom=  C    l=1  rc=    1.4000  rs=    0.9333
     projs nearly linearly dependent: l=1  n1,n2= 1, 2  s=  0.99951561

     atom=  Cl   l=0  rc=    1.6000  rs=    1.0667
     atom=  Cl   l=0  rc=    1.6000  rs=    1.0667
     atom=  Cl   l=1  rc=    1.6000  rs=    1.0667
     atom=  Cl   l=1  rc=    1.6000  rs=    1.0667
     atom=  Cl   l=2  rc=    1.6000  rs=    1.0667
     atom=  Cl   l=2  rc=    1.6000  rs=    1.0667
     projs nearly linearly dependent: l=2  n1,n2= 1, 2  s=  0.99993509

     atom=  H    l=0  rc=    1.0000  rs=    0.6667
     atom=  H    l=0  rc=    1.0000  rs=    0.6667
     projs nearly linearly dependent: l=0  n1,n2= 1, 2  s=  0.99968852
     -----------------------------------------------------------------

     GIPAW integrals: -------------------------------------------
     Atom  i/j   nmr_para   nmr_dia   epr_rmc  epr_para   epr_dia
       C   1 1   0.83E+03  0.17E-01  0.93E+01  0.24E+08  0.24E+03
       C   2 1   0.86E+03 -0.61E-01  0.94E+01  0.25E+08  0.25E+03
       C   2 2   0.90E+03 -0.15E+00  0.97E+01  0.26E+08  0.26E+03
       C   3 3   0.33E+01  0.34E+00  0.18E+01  0.55E+03  0.21E+02
       C   4 3   0.35E+01  0.37E+00  0.20E+01  0.59E+03  0.22E+02
       C   4 4   0.38E+01  0.39E+00  0.22E+01  0.63E+03  0.24E+02
       Cl  1 1   0.14E+04 -0.47E+00  0.84E+01  0.32E+09  0.42E+03
       Cl  2 1   0.21E+04 -0.37E+00  0.12E+02  0.49E+09  0.65E+03
       Cl  2 2   0.33E+04 -0.16E+00  0.21E+02  0.76E+09  0.10E+04
       Cl  3 3   0.21E+02  0.79E-01  0.89E+01  0.23E+05  0.13E+03
       Cl  4 3   0.24E+02  0.67E-01  0.99E+01  0.27E+05  0.15E+03
       Cl  4 4   0.28E+02  0.44E-01  0.11E+02  0.32E+05  0.18E+03
       Cl  5 5   0.77E+00  0.19E+00  0.18E+01  0.12E+03  0.22E+02
       Cl  6 5   0.80E+00  0.19E+00  0.19E+01  0.12E+03  0.23E+02
       Cl  6 6   0.83E+00  0.20E+00  0.19E+01  0.12E+03  0.23E+02
       H   1 1   0.39E+02  0.19E+00  0.29E+00  0.78E+05  0.13E+02
       H   2 1   0.41E+02  0.21E+00  0.32E+00  0.82E+05  0.14E+02
       H   2 2   0.43E+02  0.22E+00  0.36E+00  0.86E+05  0.15E+02
     ------------------------------------------------------------

     alpha_pv=     33.9092 eV

     Number of occupied bands for each k-point:
     k-point:     1    nbnd_occ=  42
     k-point:     2    nbnd_occ=  42
     k-point:     3    nbnd_occ=  42
     k-point:     4    nbnd_occ=  42
     k-point:     5    nbnd_occ=  42
     k-point:     6    nbnd_occ=  42
     k-point:     7    nbnd_occ=  42
     k-point:     8    nbnd_occ=  42
     k-point:     9    nbnd_occ=  42
     k-point:    10    nbnd_occ=  42
     k-point:    11    nbnd_occ=  42
     k-point:    12    nbnd_occ=  42
     k-point:    13    nbnd_occ=  42
     k-point:    14    nbnd_occ=  42
     k-point:    15    nbnd_occ=  42
     k-point:    16    nbnd_occ=  42


     q-space interpolation up to   110.00 Rydberg

     GIPAW job: efg                                                                             


     ELECTRIC FIELD GRADIENTS TENSORS IN Hartree/bohrradius^2:

     ----- bare term -----
     Cl   1        0.159703        0.009566       -0.049868
     Cl   1        0.009566       -0.102842        0.250826
     Cl   1       -0.049868        0.250826       -0.056862

     C    2       -0.327295        0.322969       -0.163937
     C    2        0.322969       -0.144067       -0.462766
     C    2       -0.163937       -0.462766        0.471362

     C    3        0.055592        0.195365       -0.090384
     C    3        0.195365       -0.100045       -0.298335
     C    3       -0.090384       -0.298335        0.044453

     H    4        0.174734       -0.058249       -0.264649
     H    4       -0.058249        0.339073        0.177143
     H    4       -0.264649        0.177143       -0.513808

     C    5       -0.319635        0.223745       -0.299958
     C    5        0.223745        0.134435       -0.278280
     C    5       -0.299958       -0.278280        0.185200

     H    6        0.281268       -0.031046        0.349118
     H    6       -0.031046        0.160584       -0.219705
     H    6        0.349118       -0.219705       -0.441852

     H    7        0.427340        0.202941       -0.041981
     H    7        0.202941       -0.706061        0.367208
     H    7       -0.041981        0.367208        0.278721

     C    8       -0.009472       -0.035741       -0.185246
     C    8       -0.035741       -0.179719        0.384406
     C    8       -0.185246        0.384406        0.189190

     H    9       -0.305500        0.528786       -0.267532
     H    9        0.528786       -0.061253        0.107200
     H    9       -0.267532        0.107200        0.366753

     C   10       -0.719117       -0.318824       -0.252778
     C   10       -0.318824        0.294913        0.100245
     C   10       -0.252778        0.100245        0.424205

     C   11        0.050410        0.176627       -0.343726
     C   11        0.176627       -0.101667        0.586607
     C   11       -0.343726        0.586607        0.051258

     Cl  12       -0.307943       -0.230926       -0.001675
     Cl  12       -0.230926        0.196432        0.028083
     Cl  12       -0.001675        0.028083        0.111511

     H   13        0.240616        0.180670        0.186341
     H   13        0.180670       -0.289219       -0.561644
     H   13        0.186341       -0.561644        0.048604

     C   14       -0.110813       -0.275852       -0.468192
     C   14       -0.275852       -0.053602       -0.511965
     C   14       -0.468192       -0.511965        0.164416

     H   15       -0.092709       -0.136323       -0.363337
     H   15       -0.136323        0.409774       -0.343657
     H   15       -0.363337       -0.343657       -0.317065

     C   16       -0.324056        0.376525       -0.360731
     C   16        0.376525       -0.135538       -0.194640
     C   16       -0.360731       -0.194640        0.459594

     C   17       -0.064782       -0.135038       -0.333947
     C   17       -0.135038        0.000613       -0.678448
     C   17       -0.333947       -0.678448        0.064170

     Cl  18       -0.111526        0.191345       -0.005327
     Cl  18        0.191345       -0.098114       -0.023467
     Cl  18       -0.005327       -0.023467        0.209640

     H   19        0.413640        0.090814       -0.011213
     H   19        0.090814       -0.591217        0.541437
     H   19       -0.011213        0.541437        0.177577

     C   20       -0.891183       -0.376209       -0.471500
     C   20       -0.376209        0.379869        0.003581
     C   20       -0.471500        0.003581        0.511314

     H   21       -0.567094       -0.052886        0.098198
     H   21       -0.052886        0.306432        0.324643
     H   21        0.098198        0.324643        0.260662

     C   22        0.163105        0.068364       -0.097309
     C   22        0.068364       -0.471124        0.498944
     C   22       -0.097309        0.498944        0.308019

     C   23       -0.813773       -0.381891       -0.300118
     C   23       -0.381891        0.258320        0.025681
     C   23       -0.300118        0.025681        0.555452

     Cl  24       -0.034664       -0.016743        0.052825
     Cl  24       -0.016743        0.023621       -0.116985
     Cl  24        0.052825       -0.116985        0.011043

     ----- ionic term -----
     Cl   1        0.103987       -0.223689        0.051751
     Cl   1       -0.223689        0.024901       -0.024491
     Cl   1        0.051751       -0.024491       -0.128888

     C    2        0.033161       -0.302967        0.291869
     C    2       -0.302967        0.088538        0.374288
     C    2        0.291869        0.374288       -0.121699

     C    3        0.020009       -0.320056        0.197540
     C    3       -0.320056        0.100736        0.387995
     C    3        0.197540        0.387995       -0.120745

     H    4        0.235376        0.159367        0.796889
     H    4        0.159367       -0.469740        0.243170
     H    4        0.796889        0.243170        0.234364

     C    5        0.141727       -0.213839        0.296028
     C    5       -0.213839       -0.057234        0.324739
     C    5        0.296028        0.324739       -0.084493

     H    6       -0.514803       -0.117047       -0.111127
     H    6       -0.117047        0.356565        0.789114
     H    6       -0.111127        0.789114        0.158239

     H    7       -0.507979       -0.176702        0.076022
     H    7       -0.176702        0.793497       -0.607974
     H    7        0.076022       -0.607974       -0.285518

     C    8        0.338852        0.112375        0.170610
     C    8        0.112375        0.086736       -0.321834
     C    8        0.170610       -0.321834       -0.425588

     H    9        0.753538       -0.195641        0.640314
     H    9       -0.195641       -0.496532       -0.158876
     H    9        0.640314       -0.158876       -0.257006

     C   10        0.233440        0.198390        0.131252
     C   10        0.198390        0.166394       -0.374296
     C   10        0.131252       -0.374296       -0.399834

     C   11        0.269987        0.049336        0.268002
     C   11        0.049336        0.134166       -0.402045
     C   11        0.268002       -0.402045       -0.404153

     Cl  12        0.109645        0.178672       -0.009550
     Cl  12        0.178672        0.029966       -0.012297
     Cl  12       -0.009550       -0.012297       -0.139611

     H   13       -0.533575       -0.003520        0.036452
     H   13       -0.003520        0.512530        0.759985
     H   13        0.036452        0.759985        0.021045

     C   14        0.147915       -0.243933        0.325725
     C   14       -0.243933       -0.009965        0.272836
     C   14        0.325725        0.272836       -0.137950

     H   15        0.474804        0.233164        0.722956
     H   15        0.233164       -0.477258        0.259836
     H   15        0.722956        0.259836        0.002454

     C   16        0.090806       -0.301687        0.202272
     C   16       -0.301687        0.054197        0.388072
     C   16        0.202272        0.388072       -0.145003

     C   17        0.184140       -0.206639        0.320012
     C   17       -0.206639       -0.103728        0.444109
     C   17        0.320012        0.444109       -0.080413

     Cl  18        0.224259       -0.186692        0.025250
     Cl  18       -0.186692       -0.072805        0.001373
     Cl  18        0.025250        0.001373       -0.151454

     H   19       -0.500491       -0.081270        0.037549
     H   19       -0.081270        0.805038       -0.604663
     H   19        0.037549       -0.604663       -0.304548

     C   20        0.377611        0.110456        0.214798
     C   20        0.110456        0.045128       -0.324572
     C   20        0.214798       -0.324572       -0.422739

     H   21        0.726632       -0.372791        0.552604
     H   21       -0.372791       -0.372227       -0.222761
     H   21        0.552604       -0.222761       -0.354405

     C   22        0.185070        0.143563        0.131022
     C   22        0.143563        0.211896       -0.431049
     C   22        0.131022       -0.431049       -0.396967

     C   23        0.217245        0.112296        0.249338
     C   23        0.112296        0.205027       -0.412712
     C   23        0.249338       -0.412712       -0.422272

     Cl  24        0.143904        0.258556        0.020790
     Cl  24        0.258556        0.031668        0.007480
     Cl  24        0.020790        0.007480       -0.175572

     ----- GIPAW term -----
     Cl   1       -0.260737       -0.764224       -0.543166
     Cl   1       -0.764224        0.245582       -1.514459
     Cl   1       -0.543166       -1.514459        0.015154

     C    2       -0.111112       -0.067929        0.030445
     C    2       -0.067929        0.021182       -0.225675
     C    2        0.030445       -0.225675        0.089929

     C    3       -0.044627        0.044699       -0.049564
     C    3        0.044699        0.015070       -0.106345
     C    3       -0.049564       -0.106345        0.029557

     H    4       -0.000000        0.000000        0.000000
     H    4        0.000000        0.000000        0.000000
     H    4        0.000000        0.000000        0.000000

     C    5       -0.066702        0.091091       -0.117387
     C    5        0.091091        0.003399       -0.145398
     C    5       -0.117387       -0.145398        0.063303

     H    6       -0.000000        0.000000        0.000000
     H    6        0.000000        0.000000        0.000000
     H    6        0.000000        0.000000        0.000000

     H    7       -0.000000        0.000000        0.000000
     H    7        0.000000        0.000000        0.000000
     H    7        0.000000        0.000000        0.000000

     C    8       -0.107611        0.000855       -0.009643
     C    8        0.000855        0.155674       -0.107585
     C    8       -0.009643       -0.107585       -0.048063

     H    9       -0.000000        0.000000        0.000000
     H    9        0.000000        0.000000        0.000000
     H    9        0.000000        0.000000        0.000000

     C   10       -0.195321       -0.026901       -0.036387
     C   10       -0.026901        0.257733       -0.018459
     C   10       -0.036387       -0.018459       -0.062411

     C   11       -0.066375        0.134199       -0.050915
     C   11        0.134199        0.208256       -0.065410
     C   11       -0.050915       -0.065410       -0.141881

     Cl  12       -0.512714        1.638452       -0.078201
     Cl  12        1.638452        2.141429        0.150289
     Cl  12       -0.078201        0.150289       -1.628714

     H   13       -0.000000        0.000000        0.000000
     H   13        0.000000        0.000000        0.000000
     H   13        0.000000        0.000000        0.000000

     C   14        0.091547       -0.223636       -0.084067
     C   14       -0.223636        0.002497       -0.092330
     C   14       -0.084067       -0.092330       -0.094044

     H   15       -0.000000        0.000000        0.000000
     H   15        0.000000        0.000000        0.000000
     H   15        0.000000        0.000000        0.000000

     C   16       -0.029390       -0.036699       -0.179531
     C   16       -0.036699       -0.041503        0.071589
     C   16       -0.179531        0.071589        0.070893

     C   17       -0.016224       -0.152992       -0.051913
     C   17       -0.152992        0.176744       -0.132065
     C   17       -0.051913       -0.132065       -0.160519

     Cl  18       -0.443899        0.829389        0.065298
     Cl  18        0.829389        2.180734        0.371552
     Cl  18        0.065298        0.371552       -1.736836

     H   19       -0.000000        0.000000        0.000000
     H   19        0.000000        0.000000        0.000000
     H   19        0.000000        0.000000        0.000000

     C   20       -0.176022        0.033549       -0.081955
     C   20        0.033549        0.161150       -0.158620
     C   20       -0.081955       -0.158620        0.014872

     H   21       -0.000000        0.000000        0.000000
     H   21        0.000000        0.000000        0.000000
     H   21        0.000000        0.000000        0.000000

     C   22       -0.056782        0.068568       -0.028237
     C   22        0.068568        0.008985       -0.112283
     C   22       -0.028237       -0.112283        0.047796

     C   23       -0.161908        0.011482       -0.029272
     C   23        0.011482        0.059306       -0.166144
     C   23       -0.029272       -0.166144        0.102602

     Cl  24       -0.202269        1.381098        0.362033
     Cl  24        1.381098        1.068454       -2.108660
     Cl  24        0.362033       -2.108660       -0.866185

     ----- total EFG -----
     Cl   1        0.002954       -0.978347       -0.541284
     Cl   1       -0.978347        0.167641       -1.288124
     Cl   1       -0.541284       -1.288124       -0.170595

     C    2       -0.405246       -0.047927        0.158377
     C    2       -0.047927       -0.034347       -0.314153
     C    2        0.158377       -0.314153        0.439593

     C    3        0.030974       -0.079992        0.057592
     C    3       -0.079992        0.015761       -0.016685
     C    3        0.057592       -0.016685       -0.046735

     H    4        0.410111        0.101118        0.532240
     H    4        0.101118       -0.130667        0.420313
     H    4        0.532240        0.420313       -0.279444

     C    5       -0.244610        0.100997       -0.121318
     C    5        0.100997        0.080600       -0.098939
     C    5       -0.121318       -0.098939        0.164010

     H    6       -0.233536       -0.148093        0.237991
     H    6       -0.148093        0.517149        0.569410
     H    6        0.237991        0.569410       -0.283613

     H    7       -0.080639        0.026239        0.034040
     H    7        0.026239        0.087436       -0.240766
     H    7        0.034040       -0.240766       -0.006797

     C    8        0.221769        0.077489       -0.024278
     C    8        0.077489        0.062691       -0.045013
     C    8       -0.024278       -0.045013       -0.284460

     H    9        0.448038        0.333144        0.372782
     H    9        0.333144       -0.557785       -0.051676
     H    9        0.372782       -0.051676        0.109747

     C   10       -0.680999       -0.147335       -0.157913
     C   10       -0.147335        0.719039       -0.292510
     C   10       -0.157913       -0.292510       -0.038041

     C   11        0.254022        0.360162       -0.126639
     C   11        0.360162        0.240754        0.119152
     C   11       -0.126639        0.119152       -0.494776

     Cl  12       -0.711012        1.586198       -0.089427
     Cl  12        1.586198        2.367826        0.166074
     Cl  12       -0.089427        0.166074       -1.656814

     H   13       -0.292960        0.177150        0.222793
     H   13        0.177150        0.223311        0.198341
     H   13        0.222793        0.198341        0.069649

     C   14        0.128649       -0.743421       -0.226533
     C   14       -0.743421       -0.061070       -0.331458
     C   14       -0.226533       -0.331458       -0.067578

     H   15        0.382095        0.096842        0.359619
     H   15        0.096842       -0.067483       -0.083821
     H   15        0.359619       -0.083821       -0.314611

     C   16       -0.262640        0.038139       -0.337991
     C   16        0.038139       -0.122843        0.265021
     C   16       -0.337991        0.265021        0.385483

     C   17        0.103134       -0.494669       -0.065848
     C   17       -0.494669        0.073628       -0.366404
     C   17       -0.065848       -0.366404       -0.176762

     Cl  18       -0.331166        0.834042        0.085221
     Cl  18        0.834042        2.009816        0.349457
     Cl  18        0.085221        0.349457       -1.678650

     H   19       -0.086851        0.009544        0.026336
     H   19        0.009544        0.213822       -0.063226
     H   19        0.026336       -0.063226       -0.126971

     C   20       -0.689595       -0.232205       -0.338657
     C   20       -0.232205        0.586147       -0.479611
     C   20       -0.338657       -0.479611        0.103447

     H   21        0.159539       -0.425676        0.650802
     H   21       -0.425676       -0.065795        0.101882
     H   21        0.650802        0.101882       -0.093743

     C   22        0.291394        0.280495        0.005476
     C   22        0.280495       -0.250242       -0.044388
     C   22        0.005476       -0.044388       -0.041151

     C   23       -0.758436       -0.258113       -0.080051
     C   23       -0.258113        0.522653       -0.553175
     C   23       -0.080051       -0.553175        0.235782

     Cl  24       -0.093029        1.622911        0.435648
     Cl  24        1.622911        1.123743       -2.218165
     Cl  24        0.435648       -2.218165       -1.030714

     ----- total EFG (symmetrized) -----
     Cl   1        0.002954       -0.978347       -0.541284
     Cl   1       -0.978347        0.167641       -1.288124
     Cl   1       -0.541284       -1.288124       -0.170595

     C    2       -0.405246       -0.047927        0.158377
     C    2       -0.047927       -0.034347       -0.314153
     C    2        0.158377       -0.314153        0.439593

     C    3        0.030974       -0.079992        0.057592
     C    3       -0.079992        0.015761       -0.016685
     C    3        0.057592       -0.016685       -0.046735

     H    4        0.410111        0.101118        0.532240
     H    4        0.101118       -0.130667        0.420313
     H    4        0.532240        0.420313       -0.279444

     C    5       -0.244610        0.100997       -0.121318
     C    5        0.100997        0.080600       -0.098939
     C    5       -0.121318       -0.098939        0.164010

     H    6       -0.233536       -0.148093        0.237991
     H    6       -0.148093        0.517149        0.569410
     H    6        0.237991        0.569410       -0.283613

     H    7       -0.080639        0.026239        0.034040
     H    7        0.026239        0.087436       -0.240766
     H    7        0.034040       -0.240766       -0.006797

     C    8        0.221769        0.077489       -0.024278
     C    8        0.077489        0.062691       -0.045013
     C    8       -0.024278       -0.045013       -0.284460

     H    9        0.448038        0.333144        0.372782
     H    9        0.333144       -0.557785       -0.051676
     H    9        0.372782       -0.051676        0.109747

     C   10       -0.680999       -0.147335       -0.157913
     C   10       -0.147335        0.719039       -0.292510
     C   10       -0.157913       -0.292510       -0.038041

     C   11        0.254022        0.360162       -0.126639
     C   11        0.360162        0.240754        0.119152
     C   11       -0.126639        0.119152       -0.494776

     Cl  12       -0.711012        1.586198       -0.089427
     Cl  12        1.586198        2.367826        0.166074
     Cl  12       -0.089427        0.166074       -1.656814

     H   13       -0.292960        0.177150        0.222793
     H   13        0.177150        0.223311        0.198341
     H   13        0.222793        0.198341        0.069649

     C   14        0.128649       -0.743421       -0.226533
     C   14       -0.743421       -0.061070       -0.331458
     C   14       -0.226533       -0.331458       -0.067578

     H   15        0.382095        0.096842        0.359619
     H   15        0.096842       -0.067483       -0.083821
     H   15        0.359619       -0.083821       -0.314611

     C   16       -0.262640        0.038139       -0.337991
     C   16        0.038139       -0.122843        0.265021
     C   16       -0.337991        0.265021        0.385483

     C   17        0.103134       -0.494669       -0.065848
     C   17       -0.494669        0.073628       -0.366404
     C   17       -0.065848       -0.366404       -0.176762

     Cl  18       -0.331166        0.834042        0.085221
     Cl  18        0.834042        2.009816        0.349457
     Cl  18        0.085221        0.349457       -1.678650

     H   19       -0.086851        0.009544        0.026336
     H   19        0.009544        0.213822       -0.063226
     H   19        0.026336       -0.063226       -0.126971

     C   20       -0.689595       -0.232205       -0.338657
     C   20       -0.232205        0.586147       -0.479611
     C   20       -0.338657       -0.479611        0.103447

     H   21        0.159539       -0.425676        0.650802
     H   21       -0.425676       -0.065795        0.101882
     H   21        0.650802        0.101882       -0.093743

     C   22        0.291394        0.280495        0.005476
     C   22        0.280495       -0.250242       -0.044388
     C   22        0.005476       -0.044388       -0.041151

     C   23       -0.758436       -0.258113       -0.080051
     C   23       -0.258113        0.522653       -0.553175
     C   23       -0.080051       -0.553175        0.235782

     Cl  24       -0.093029        1.622911        0.435648
     Cl  24        1.622911        1.123743       -2.218165
     Cl  24        0.435648       -2.218165       -1.030714


     NQR/NMR SPECTROSCOPIC PARAMETERS:
     Cl   1    Vxx=    0.4604    axis=(  0.800323 -0.043366 -0.597999)
     Cl   1    Vyy=    1.4368    axis=(  0.342050 -0.786128  0.514786)
     Cl   1    Vzz=   -1.8973    axis=(  0.492428  0.616540  0.614323)
     Cl   1  Q=        -8.1650 1e-30 m^2  Cq=        36.3978 MHz  eta= 0.51465

     C    2    Vxx=   -0.1878    axis=(  0.109648  0.899587  0.422754)
     C    2    Vyy=   -0.4342    axis=(  0.981498 -0.030825 -0.188974)
     C    2    Vzz=    0.6221    axis=(  0.156967 -0.435653  0.886323)
     C    2  Q=         1.0000 1e-30 m^2  Cq=         1.4616 MHz  eta= 0.39612

     C    3    Vxx=   -0.0353    axis=( -0.329146 -0.716078 -0.615545)
     C    3    Vyy=   -0.0860    axis=(  0.594985  0.348915 -0.724052)
     C    3    Vzz=    0.1214    axis=(  0.733250 -0.604559  0.311212)
     C    3  Q=         1.0000 1e-30 m^2  Cq=         0.2852 MHz  eta= 0.41749

     H    4    Vxx=   -0.0461    axis=(  0.513352 -0.809012 -0.286305)
     H    4    Vyy=   -0.7517    axis=(  0.326618  0.492697 -0.806580)
     H    4    Vzz=    0.7978    axis=(  0.793594  0.320547  0.517164)
     H    4  Q=         1.0000 1e-30 m^2  Cq=         1.8745 MHz  eta= 0.88447

     C    5    Vxx=    0.0157    axis=(  0.045381  0.813468  0.579837)
     C    5    Vyy=    0.2770    axis=( -0.288619 -0.545005  0.787190)
     C    5    Vzz=   -0.2927    axis=(  0.956368 -0.203075  0.210050)
     C    5  Q=         1.0000 1e-30 m^2  Cq=        -0.6877 MHz  eta= 0.89265

     H    6    Vxx=   -0.0782    axis=(  0.873165 -0.205517  0.441979)
     H    6    Vyy=   -0.7351    axis=(  0.486930  0.408604 -0.771973)
     H    6    Vzz=    0.8133    axis=( -0.021941  0.889273  0.456851)
     H    6  Q=         1.0000 1e-30 m^2  Cq=         1.9110 MHz  eta= 0.80767

     H    7    Vxx=   -0.0672    axis=( -0.954659 -0.192080 -0.227445)
     H    7    Vyy=   -0.2184    axis=( -0.297677  0.606147  0.737546)
     H    7    Vzz=    0.2857    axis=(  0.003802 -0.771810  0.635842)
     H    7  Q=         1.0000 1e-30 m^2  Cq=         0.6712 MHz  eta= 0.52916

     C    8    Vxx=    0.0344    axis=(  0.391308 -0.914882  0.099346)
     C    8    Vyy=    0.2562    axis=(  0.919807  0.385445 -0.073396)
     C    8    Vzz=   -0.2906    axis=(  0.028857  0.120100  0.992342)
     C    8  Q=         1.0000 1e-30 m^2  Cq=        -0.6828 MHz  eta= 0.76301

     H    9    Vxx=   -0.0466    axis=( -0.403186 -0.348303  0.846242)
     H    9    Vyy=   -0.6929    axis=( -0.338032  0.916019  0.215969)
     H    9    Vzz=    0.7395    axis=( -0.850397 -0.198981 -0.487064)
     H    9  Q=         1.0000 1e-30 m^2  Cq=         1.7375 MHz  eta= 0.87399

     C   10    Vxx=   -0.0748    axis=( -0.304981  0.278942  0.910592)
     C   10    Vyy=   -0.7495    axis=(  0.950451  0.149636  0.272493)
     C   10    Vzz=    0.8242    axis=( -0.060247  0.948578 -0.310757)
     C   10  Q=         1.0000 1e-30 m^2  Cq=         1.9366 MHz  eta= 0.81860

     C   11    Vxx=   -0.0456    axis=( -0.650675  0.668204  0.360730)
     C   11    Vyy=   -0.5620    axis=(  0.256649 -0.253573  0.932648)
     C   11    Vzz=    0.6077    axis=( -0.714670 -0.699431  0.006500)
     C   11  Q=         1.0000 1e-30 m^2  Cq=         1.4277 MHz  eta= 0.84980

     Cl  12    Vxx=   -1.3186    axis=( -0.849974  0.347902  0.395611)
     Cl  12    Vyy=   -1.7231    axis=(  0.355615 -0.175153  0.918074)
     Cl  12    Vzz=    3.0418    axis=(  0.388692  0.921024  0.025156)
     Cl  12  Q=        -8.1650 1e-30 m^2  Cq=       -58.3548 MHz  eta= 0.13298

     H   13    Vxx=   -0.0497    axis=(  0.191939 -0.655280  0.730594)
     H   13    Vyy=   -0.4096    axis=(  0.918781 -0.141690 -0.368463)
     H   13    Vzz=    0.4593    axis=(  0.344964  0.741978  0.574864)
     H   13  Q=         1.0000 1e-30 m^2  Cq=         1.0793 MHz  eta= 0.78354

     C   14    Vxx=    0.1190    axis=( -0.333950 -0.278703  0.900445)
     C   14    Vyy=    0.7864    axis=( -0.737348  0.672344 -0.065360)
     C   14    Vzz=   -0.9055    axis=( -0.587193 -0.685769 -0.430030)
     C   14  Q=         1.0000 1e-30 m^2  Cq=        -2.1275 MHz  eta= 0.73709

     H   15    Vxx=   -0.0419    axis=(  0.014659  0.961024 -0.276078)
     H   15    Vyy=   -0.4979    axis=( -0.389679  0.259767  0.883556)
     H   15    Vzz=    0.5398    axis=(  0.920834  0.094630  0.378299)
     H   15  Q=         1.0000 1e-30 m^2  Cq=         1.2683 MHz  eta= 0.84466

     C   16    Vxx=   -0.1317    axis=(  0.512232  0.852743 -0.102217)
     C   16    Vyy=   -0.4720    axis=( -0.791208  0.422241 -0.442383)
     C   16    Vzz=    0.6037    axis=( -0.334079  0.307478  0.890982)
     C   16  Q=         1.0000 1e-30 m^2  Cq=         1.4184 MHz  eta= 0.56367

     C   17    Vxx=   -0.0095    axis=(  0.603594  0.238731 -0.760711)
     C   17    Vyy=   -0.6331    axis=(  0.486463  0.645666  0.588616)
     C   17    Vzz=    0.6426    axis=( -0.631686  0.725343 -0.273586)
     C   17  Q=         1.0000 1e-30 m^2  Cq=         1.5099 MHz  eta= 0.97035

     Cl  18    Vxx=   -0.5974    axis=(  0.953080 -0.301885 -0.022448)
     Cl  18    Vyy=   -1.7115    axis=(  0.005756  0.092215 -0.995722)
     Cl  18    Vzz=    2.3089    axis=(  0.302663  0.948874  0.089626)
     Cl  18  Q=        -8.1650 1e-30 m^2  Cq=       -44.2943 MHz  eta= 0.48256

     H   19    Vxx=   -0.0749    axis=(  0.916784  0.056280  0.395399)
     H   19    Vyy=   -0.1503    axis=( -0.399091  0.166992  0.901576)
     H   19    Vzz=    0.2252    axis=( -0.015288 -0.984351  0.175556)
     H   19  Q=         1.0000 1e-30 m^2  Cq=         0.5292 MHz  eta= 0.33490

     C   20    Vxx=    0.0387    axis=( -0.490410  0.447265  0.747965)
     C   20    Vyy=    0.8820    axis=(  0.014140 -0.854062  0.519980)
     C   20    Vzz=   -0.9207    axis=( -0.871377 -0.265580 -0.412516)
     C   20  Q=         1.0000 1e-30 m^2  Cq=        -2.1633 MHz  eta= 0.91594

     H   21    Vxx=    0.0193    axis=(  0.034435 -0.832970 -0.552246)
     H   21    Vyy=    0.7866    axis=( -0.778224  0.324345 -0.537744)
     H   21    Vzz=   -0.8060    axis=(  0.627042  0.448288 -0.637068)
     H   21  Q=         1.0000 1e-30 m^2  Cq=        -1.8938 MHz  eta= 0.95199

     C   22    Vxx=   -0.0359    axis=(  0.075125 -0.107025  0.991414)
     C   22    Vyy=   -0.3749    axis=( -0.385723  0.913711  0.127865)
     C   22    Vzz=    0.4108    axis=( -0.919551 -0.392017  0.027360)
     C   22  Q=         1.0000 1e-30 m^2  Cq=         0.9652 MHz  eta= 0.82501

     C   23    Vxx=   -0.1184    axis=( -0.316413  0.543526  0.777472)
     C   23    Vyy=   -0.8466    axis=(  0.944161  0.259825  0.202610)
     C   23    Vzz=    0.9650    axis=( -0.091883  0.798167 -0.595388)
     C   23  Q=         1.0000 1e-30 m^2  Cq=         2.2674 MHz  eta= 0.75469

     Cl  24    Vxx=    0.0078    axis=( -0.825978  0.097704 -0.555170)
     Cl  24    Vyy=    2.9812    axis=(  0.377641  0.827097 -0.416292)
     Cl  24    Vzz=   -2.9890    axis=( -0.418506  0.553503  0.720061)
     Cl  24  Q=        -8.1650 1e-30 m^2  Cq=        57.3424 MHz  eta= 0.99477

     Initialization:
     gipaw_setup  :      9.24s CPU     10.80s WALL (       1 calls)

     Linear response

     Apply operators

     Induced current

     Other routines
     efg          :      9.14s CPU     11.73s WALL (       1 calls)

     General routines
     calbec       :      3.28s CPU      4.60s WALL (      16 calls)
     fft          :      1.31s CPU      1.81s WALL (      15 calls)
     ffts         :      0.04s CPU      0.05s WALL (       2 calls)
     fftw         :      3.12s CPU      3.74s WALL (     672 calls)
     davcio       :      0.02s CPU      0.32s WALL (      32 calls)

     Parallel routines
     fft_scatter  :      1.90s CPU      2.79s WALL (     689 calls)

     Plugins

     GIPAW        :     60.52s CPU     72.44s WALL (       1 calls)
