
     Program QE v.6.0 (svn rev. 13079) starts on 29Dec2016 at  1:27:21 

     This program is part of the open-source Quantum ESPRESSO suite
     for quantum simulation of materials; please cite
         "P. Giannozzi et al., J. Phys.:Condens. Matter 21 395502 (2009);
          URL http://www.quantum-espresso.org", 
     in publications or presentations arising from this work. More details at
     http://www.quantum-espresso.org/quote

     Parallel version (MPI), running on     8 processors
     R & G space division:  proc/nbgrp/npool/nimage =       8

     ***** This is GIPAW svn revision unknown      *****

     Parallelizing q-star over 1 images

     Reading data from directory:
     /users/majewski/paradichlorobenzene/pbe/9_constraint/scratch/pbe.ecut100.np8.dt60.pcl2phi-129368.save
     Message from routine read_xml_file:
     file /users/majewski/paradichlorobenzene/pbe/9_constraint/scratch/pbe.ecut100.np8.dt60.pcl2phi-129368.save not guaranteed to be safe for post-processing

   Info: using nr1, nr2, nr3 values from input

   Info: using nr1, nr2, nr3 values from input

     IMPORTANT: XC functional enforced from input :
     Exchange-correlation      =  SLA  PW   PBX  PBC ( 1  4  3  4 0 0)
     Any further DFT definition will be discarded
     Please, verify this is what you really want

               file C.pbe-n-kjpaw_psl.1.0.0.UPF: wavefunction(s)  2S 2P renormalized
               file Cl.pbe-n-kjpaw_psl.1.0.0.UPF: wavefunction(s)  3S 3P renormalized
               file H.pbe-kjpaw_psl.1.0.0.UPF: wavefunction(s)  1S renormalized

     Parallelization info
     --------------------
     sticks:   dense  smooth     PW     G-vecs:    dense   smooth      PW
     Min        3057    1223    332               144436    36536    5170
     Max        3059    1225    333               144437    36537    5171
     Sum       24467    9791   2657              1155489   292295   41363


     Subspace diagonalization in iterative solution of the eigenvalue problem:
     a serial algorithm will be used

     GIPAW projectors -----------------------------------------------
     atom=  C    l=0  rc=    1.2000  rs=    0.8000
     atom=  C    l=0  rc=    1.2000  rs=    0.8000
     atom=  C    l=1  rc=    1.4000  rs=    0.9333
     atom=  C    l=1  rc=    1.4000  rs=    0.9333
     projs nearly linearly dependent: l=1  n1,n2= 1, 2  s=  0.99951561

     atom=  Cl   l=0  rc=    1.6000  rs=    1.0667
     atom=  Cl   l=0  rc=    1.6000  rs=    1.0667
     atom=  Cl   l=1  rc=    1.6000  rs=    1.0667
     atom=  Cl   l=1  rc=    1.6000  rs=    1.0667
     atom=  Cl   l=2  rc=    1.6000  rs=    1.0667
     atom=  Cl   l=2  rc=    1.6000  rs=    1.0667
     projs nearly linearly dependent: l=2  n1,n2= 1, 2  s=  0.99993509

     atom=  H    l=0  rc=    1.0000  rs=    0.6667
     atom=  H    l=0  rc=    1.0000  rs=    0.6667
     projs nearly linearly dependent: l=0  n1,n2= 1, 2  s=  0.99968852
     -----------------------------------------------------------------

     GIPAW integrals: -------------------------------------------
     Atom  i/j   nmr_para   nmr_dia   epr_rmc  epr_para   epr_dia
       C   1 1   0.83E+03  0.17E-01  0.93E+01  0.24E+08  0.24E+03
       C   2 1   0.86E+03 -0.61E-01  0.94E+01  0.25E+08  0.25E+03
       C   2 2   0.90E+03 -0.15E+00  0.97E+01  0.26E+08  0.26E+03
       C   3 3   0.33E+01  0.34E+00  0.18E+01  0.55E+03  0.21E+02
       C   4 3   0.35E+01  0.37E+00  0.20E+01  0.59E+03  0.22E+02
       C   4 4   0.38E+01  0.39E+00  0.22E+01  0.63E+03  0.24E+02
       Cl  1 1   0.14E+04 -0.47E+00  0.84E+01  0.32E+09  0.42E+03
       Cl  2 1   0.21E+04 -0.37E+00  0.12E+02  0.49E+09  0.65E+03
       Cl  2 2   0.33E+04 -0.16E+00  0.21E+02  0.76E+09  0.10E+04
       Cl  3 3   0.21E+02  0.79E-01  0.89E+01  0.23E+05  0.13E+03
       Cl  4 3   0.24E+02  0.67E-01  0.99E+01  0.27E+05  0.15E+03
       Cl  4 4   0.28E+02  0.44E-01  0.11E+02  0.32E+05  0.18E+03
       Cl  5 5   0.77E+00  0.19E+00  0.18E+01  0.12E+03  0.22E+02
       Cl  6 5   0.80E+00  0.19E+00  0.19E+01  0.12E+03  0.23E+02
       Cl  6 6   0.83E+00  0.20E+00  0.19E+01  0.12E+03  0.23E+02
       H   1 1   0.39E+02  0.19E+00  0.29E+00  0.78E+05  0.13E+02
       H   2 1   0.41E+02  0.21E+00  0.32E+00  0.82E+05  0.14E+02
       H   2 2   0.43E+02  0.22E+00  0.36E+00  0.86E+05  0.15E+02
     ------------------------------------------------------------

     alpha_pv=     33.8723 eV

     Number of occupied bands for each k-point:
     k-point:     1    nbnd_occ=  42
     k-point:     2    nbnd_occ=  42
     k-point:     3    nbnd_occ=  42
     k-point:     4    nbnd_occ=  42
     k-point:     5    nbnd_occ=  42
     k-point:     6    nbnd_occ=  42
     k-point:     7    nbnd_occ=  42
     k-point:     8    nbnd_occ=  42
     k-point:     9    nbnd_occ=  42
     k-point:    10    nbnd_occ=  42
     k-point:    11    nbnd_occ=  42
     k-point:    12    nbnd_occ=  42
     k-point:    13    nbnd_occ=  42
     k-point:    14    nbnd_occ=  42
     k-point:    15    nbnd_occ=  42
     k-point:    16    nbnd_occ=  42


     q-space interpolation up to   110.00 Rydberg

     GIPAW job: efg                                                                             


     ELECTRIC FIELD GRADIENTS TENSORS IN Hartree/bohrradius^2:

     ----- bare term -----
     Cl   1       -0.003658        0.181820        0.021074
     Cl   1        0.181820        0.095780        0.045133
     Cl   1        0.021074        0.045133       -0.092122

     C    2       -0.231212        0.027251       -0.331831
     C    2        0.027251       -0.065664       -0.655039
     C    2       -0.331831       -0.655039        0.296876

     C    3       -0.252754        0.248112       -0.249582
     C    3        0.248112       -0.119654       -0.423814
     C    3       -0.249582       -0.423814        0.372408

     H    4       -0.609963       -0.368978        0.068936
     H    4       -0.368978        0.373200       -0.032623
     H    4        0.068936       -0.032623        0.236763

     C    5       -0.143831        0.327910       -0.254239
     C    5        0.327910       -0.222254       -0.293830
     C    5       -0.254239       -0.293830        0.366085

     H    6        0.283291       -0.420328        0.153397
     H    6       -0.420328       -0.586751        0.103047
     H    6        0.153397        0.103047        0.303460

     H    7        0.304901        0.003436       -0.154073
     H    7        0.003436       -0.457697        0.568040
     H    7       -0.154073        0.568040        0.152797

     C    8       -0.609987       -0.304211       -0.360468
     C    8       -0.304211        0.187205        0.072859
     C    8       -0.360468        0.072859        0.422782

     H    9       -0.559810       -0.057420       -0.438030
     H    9       -0.057420        0.301618        0.118324
     H    9       -0.438030        0.118324        0.258192

     C   10        0.093315        0.297507       -0.422502
     C   10        0.297507       -0.253019        0.565190
     C   10       -0.422502        0.565190        0.159704

     C   11       -0.676258       -0.346936       -0.378545
     C   11       -0.346936        0.147577        0.047996
     C   11       -0.378545        0.047996        0.528680

     Cl  12        0.017950        0.103369       -0.073865
     Cl  12        0.103369       -0.012151       -0.039657
     Cl  12       -0.073865       -0.039657       -0.005799

     H   13        0.395950        0.000359        0.139770
     H   13        0.000359       -0.158910       -0.498928
     H   13        0.139770       -0.498928       -0.237040

     C   14       -0.384640        0.274251       -0.328846
     C   14        0.274251       -0.073357       -0.448300
     C   14       -0.328846       -0.448300        0.457997

     H   15       -0.101492        0.031762       -0.541314
     H   15        0.031762        0.049959        0.128675
     H   15       -0.541314        0.128675        0.051532

     C   16       -0.025246        0.443907       -0.200587
     C   16        0.443907       -0.208512       -0.607969
     C   16       -0.200587       -0.607969        0.233758

     C   17       -0.179969        0.213646       -0.553195
     C   17        0.213646        0.065739       -0.413759
     C   17       -0.553195       -0.413759        0.114231

     Cl  18       -0.071744        0.116967       -0.010943
     Cl  18        0.116967       -0.004133        0.003995
     Cl  18       -0.010943        0.003995        0.075877

     H   19        0.453035        0.106754       -0.037186
     H   19        0.106754       -0.669842        0.497906
     H   19       -0.037186        0.497906        0.216807

     C   20       -0.101978        0.254755       -0.428844
     C   20        0.254755       -0.074732        0.401417
     C   20       -0.428844        0.401417        0.176710

     H   21       -0.055695        0.171748       -0.375452
     H   21        0.171748       -0.128494        0.459972
     H   21       -0.375452        0.459972        0.184189

     C   22       -0.476274       -0.342773       -0.374605
     C   22       -0.342773        0.033598        0.090583
     C   22       -0.374605        0.090583        0.442676

     C   23        0.071319        0.333297       -0.561019
     C   23        0.333297       -0.262498        0.529546
     C   23       -0.561019        0.529546        0.191179

     Cl  24       -0.293457       -0.241582        0.055466
     Cl  24       -0.241582        0.114495        0.107271
     Cl  24        0.055466        0.107271        0.178961

     ----- ionic term -----
     Cl   1        0.138181       -0.179665        0.032136
     Cl   1       -0.179665        0.016868       -0.014153
     Cl   1        0.032136       -0.014153       -0.155049

     C    2        0.217191       -0.087886        0.335322
     C    2       -0.087886        0.133804        0.346165
     C    2        0.335322        0.346165       -0.350995

     C    3        0.234129       -0.288299        0.190142
     C    3       -0.288299        0.217658        0.332618
     C    3        0.190142        0.332618       -0.451787

     H    4        0.762481        0.208749        0.599716
     H    4        0.208749       -0.467444        0.181947
     H    4        0.599716        0.181947       -0.295037

     C    5        0.367654       -0.215420        0.255579
     C    5       -0.215420        0.116593        0.268827
     C    5        0.255579        0.268827       -0.484248

     H    6       -0.476990        0.159532        0.078959
     H    6        0.159532        0.841685        0.552744
     H    6        0.078959        0.552744       -0.364695

     H    7       -0.502204       -0.032935        0.044810
     H    7       -0.032935        0.576265       -0.742386
     H    7        0.044810       -0.742386       -0.074061

     C    8        0.307756        0.203975        0.282928
     C    8        0.203975       -0.025306       -0.303261
     C    8        0.282928       -0.303261       -0.282451

     H    9        0.433455       -0.331384        0.691471
     H    9       -0.331384       -0.407119       -0.300492
     H    9        0.691471       -0.300492       -0.026337

     C   10        0.141828        0.188279        0.196576
     C   10        0.188279        0.113990       -0.387102
     C   10        0.196576       -0.387102       -0.255818

     C   11        0.256053        0.091994        0.285180
     C   11        0.091994        0.042671       -0.383871
     C   11        0.285180       -0.383871       -0.298724

     Cl  12        0.153050        0.209476        0.000806
     Cl  12        0.209476       -0.003133        0.001789
     Cl  12        0.000806        0.001789       -0.149917

     H   13       -0.554574        0.040644        0.012590
     H   13        0.040644        0.666657        0.711638
     H   13        0.012590        0.711638       -0.112083

     C   14        0.204874       -0.175101        0.239098
     C   14       -0.175101        0.125152        0.325524
     C   14        0.239098        0.325524       -0.330025

     H   15        0.663189        0.146794        0.706847
     H   15        0.146794       -0.468930        0.159434
     H   15        0.706847        0.159434       -0.194259

     C   16        0.125650       -0.248369        0.193593
     C   16       -0.248369        0.220277        0.379684
     C   16        0.193593        0.379684       -0.345927

     C   17        0.205721       -0.147762        0.250936
     C   17       -0.147762        0.176483        0.412520
     C   17        0.250936        0.412520       -0.382204

     Cl  18        0.105918       -0.220573       -0.003629
     Cl  18       -0.220573        0.045692        0.017099
     Cl  18       -0.003629        0.017099       -0.151610

     H   19       -0.486511       -0.243141        0.132860
     H   19       -0.243141        0.719708       -0.645983
     H   19        0.132860       -0.645983       -0.233197

     C   20        0.280916        0.082458        0.293251
     C   20        0.082458        0.081555       -0.290919
     C   20        0.293251       -0.290919       -0.362471

     H   21        0.572843       -0.418656        0.626606
     H   21       -0.418656       -0.324664       -0.292206
     H   21        0.626606       -0.292206       -0.248179

     C   22        0.112976        0.172851        0.182797
     C   22        0.172851        0.206094       -0.377655
     C   22        0.182797       -0.377655       -0.319070

     C   23        0.262182        0.190843        0.241601
     C   23        0.190843        0.030513       -0.396518
     C   23        0.241601       -0.396518       -0.292696

     Cl  24        0.172464        0.204075       -0.031085
     Cl  24        0.204075       -0.032593       -0.029954
     Cl  24       -0.031085       -0.029954       -0.139871

     ----- GIPAW term -----
     Cl   1        1.433754       -0.414503        0.229624
     Cl   1       -0.414503        0.885173        0.425548
     Cl   1        0.229624        0.425548       -2.318926

     C    2       -0.038925       -0.072248       -0.101980
     C    2       -0.072248        0.007126       -0.216895
     C    2       -0.101980       -0.216895        0.031799

     C    3       -0.091933        0.104254       -0.147413
     C    3        0.104254        0.002413       -0.179839
     C    3       -0.147413       -0.179839        0.089521

     H    4       -0.000000        0.000000        0.000000
     H    4        0.000000        0.000000        0.000000
     H    4        0.000000        0.000000        0.000000

     C    5        0.020504        0.142735       -0.143283
     C    5        0.142735       -0.060841       -0.141461
     C    5       -0.143283       -0.141461        0.040336

     H    6       -0.000000        0.000000        0.000000
     H    6        0.000000        0.000000        0.000000
     H    6        0.000000        0.000000        0.000000

     H    7       -0.000000        0.000000        0.000000
     H    7        0.000000        0.000000        0.000000
     H    7        0.000000        0.000000        0.000000

     C    8       -0.065296        0.141850       -0.099097
     C    8        0.141850        0.128651       -0.102703
     C    8       -0.099097       -0.102703       -0.063355

     H    9       -0.000000        0.000000        0.000000
     H    9        0.000000        0.000000        0.000000
     H    9        0.000000        0.000000        0.000000

     C   10        0.056662        0.243029       -0.159171
     C   10        0.243029        0.021944       -0.019496
     C   10       -0.159171       -0.019496       -0.078606

     C   11       -0.107555        0.124006       -0.142199
     C   11        0.124006        0.066620       -0.166226
     C   11       -0.142199       -0.166226        0.040935

     Cl  12        1.622005        3.143588       -1.275148
     Cl  12        3.143588       -0.198047       -0.789508
     Cl  12       -1.275148       -0.789508       -1.423958

     H   13       -0.000000        0.000000        0.000000
     H   13        0.000000        0.000000        0.000000
     H   13        0.000000        0.000000        0.000000

     C   14       -0.108739        0.068137       -0.102227
     C   14        0.068137       -0.068744       -0.177167
     C   14       -0.102227       -0.177167        0.177483

     H   15       -0.000000        0.000000        0.000000
     H   15        0.000000        0.000000        0.000000
     H   15        0.000000        0.000000        0.000000

     C   16       -0.035480        0.170915       -0.094230
     C   16        0.170915        0.054291       -0.185615
     C   16       -0.094230       -0.185615       -0.018811

     C   17        0.053906        0.101234       -0.167340
     C   17        0.101234        0.073232       -0.140255
     C   17       -0.167340       -0.140255       -0.127138

     Cl  18        1.126879        1.199453       -0.211352
     Cl  18        1.199453        1.142724       -0.215014
     Cl  18       -0.211352       -0.215014       -2.269603

     H   19       -0.000000        0.000000        0.000000
     H   19        0.000000        0.000000        0.000000
     H   19        0.000000        0.000000        0.000000

     C   20       -0.047789        0.194495       -0.128333
     C   20        0.194495        0.095570       -0.067263
     C   20       -0.128333       -0.067263       -0.047781

     H   21       -0.000000        0.000000        0.000000
     H   21        0.000000        0.000000        0.000000
     H   21        0.000000        0.000000        0.000000

     C   22       -0.094397        0.087663       -0.164736
     C   22        0.087663        0.060382       -0.133143
     C   22       -0.164736       -0.133143        0.034015

     C   23        0.105944        0.248874       -0.201052
     C   23        0.248874       -0.069560       -0.016746
     C   23       -0.201052       -0.016746       -0.036383

     Cl  24       -0.201901        2.001720        0.460108
     Cl  24        2.001720        1.438028        0.994343
     Cl  24        0.460108        0.994343       -1.236127

     ----- total EFG -----
     Cl   1        1.568276       -0.412348        0.282835
     Cl   1       -0.412348        0.997821        0.456528
     Cl   1        0.282835        0.456528       -2.566097

     C    2       -0.052946       -0.132884       -0.098489
     C    2       -0.132884        0.075266       -0.525770
     C    2       -0.098489       -0.525770       -0.022320

     C    3       -0.110559        0.064067       -0.206853
     C    3        0.064067        0.100417       -0.271034
     C    3       -0.206853       -0.271034        0.010142

     H    4        0.152518       -0.160229        0.668652
     H    4       -0.160229       -0.094244        0.149324
     H    4        0.668652        0.149324       -0.058274

     C    5        0.244328        0.255226       -0.141943
     C    5        0.255226       -0.166501       -0.166464
     C    5       -0.141943       -0.166464       -0.077827

     H    6       -0.193699       -0.260797        0.232355
     H    6       -0.260797        0.254935        0.655791
     H    6        0.232355        0.655791       -0.061235

     H    7       -0.197303       -0.029499       -0.109263
     H    7       -0.029499        0.118567       -0.174346
     H    7       -0.109263       -0.174346        0.078736

     C    8       -0.367527        0.041614       -0.176638
     C    8        0.041614        0.290550       -0.333105
     C    8       -0.176638       -0.333105        0.076977

     H    9       -0.126354       -0.388803        0.253441
     H    9       -0.388803       -0.105501       -0.182168
     H    9        0.253441       -0.182168        0.231855

     C   10        0.291805        0.728816       -0.385097
     C   10        0.728816       -0.117085        0.158592
     C   10       -0.385097        0.158592       -0.174720

     C   11       -0.527759       -0.130935       -0.235563
     C   11       -0.130935        0.256869       -0.502101
     C   11       -0.235563       -0.502101        0.270891

     Cl  12        1.793005        3.456433       -1.348206
     Cl  12        3.456433       -0.213331       -0.827376
     Cl  12       -1.348206       -0.827376       -1.579674

     H   13       -0.158624        0.041003        0.152359
     H   13        0.041003        0.507748        0.212710
     H   13        0.152359        0.212710       -0.349124

     C   14       -0.288506        0.167287       -0.191975
     C   14        0.167287       -0.016949       -0.299943
     C   14       -0.191975       -0.299943        0.305455

     H   15        0.561697        0.178556        0.165533
     H   15        0.178556       -0.418971        0.288109
     H   15        0.165533        0.288109       -0.142726

     C   16        0.064924        0.366453       -0.101224
     C   16        0.366453        0.066057       -0.413900
     C   16       -0.101224       -0.413900       -0.130980

     C   17        0.079657        0.167117       -0.469599
     C   17        0.167117        0.315454       -0.141494
     C   17       -0.469599       -0.141494       -0.395111

     Cl  18        1.161053        1.095847       -0.225924
     Cl  18        1.095847        1.184283       -0.193920
     Cl  18       -0.225924       -0.193920       -2.345336

     H   19       -0.033476       -0.136387        0.095675
     H   19       -0.136387        0.049866       -0.148078
     H   19        0.095675       -0.148078       -0.016390

     C   20        0.131149        0.531708       -0.263925
     C   20        0.531708        0.102393        0.043234
     C   20       -0.263925        0.043234       -0.233542

     H   21        0.517149       -0.246908        0.251153
     H   21       -0.246908       -0.453158        0.167766
     H   21        0.251153        0.167766       -0.063990

     C   22       -0.457696       -0.082259       -0.356543
     C   22       -0.082259        0.300075       -0.420214
     C   22       -0.356543       -0.420214        0.157621

     C   23        0.439445        0.773013       -0.520470
     C   23        0.773013       -0.301545        0.116281
     C   23       -0.520470        0.116281       -0.137900

     Cl  24       -0.322894        1.964213        0.484489
     Cl  24        1.964213        1.519930        1.071659
     Cl  24        0.484489        1.071659       -1.197036

     ----- total EFG (symmetrized) -----
     Cl   1        1.568276       -0.412348        0.282835
     Cl   1       -0.412348        0.997821        0.456528
     Cl   1        0.282835        0.456528       -2.566097

     C    2       -0.052946       -0.132884       -0.098489
     C    2       -0.132884        0.075266       -0.525770
     C    2       -0.098489       -0.525770       -0.022320

     C    3       -0.110559        0.064067       -0.206853
     C    3        0.064067        0.100417       -0.271034
     C    3       -0.206853       -0.271034        0.010142

     H    4        0.152518       -0.160229        0.668652
     H    4       -0.160229       -0.094244        0.149324
     H    4        0.668652        0.149324       -0.058274

     C    5        0.244328        0.255226       -0.141943
     C    5        0.255226       -0.166501       -0.166464
     C    5       -0.141943       -0.166464       -0.077827

     H    6       -0.193699       -0.260797        0.232355
     H    6       -0.260797        0.254935        0.655791
     H    6        0.232355        0.655791       -0.061235

     H    7       -0.197303       -0.029499       -0.109263
     H    7       -0.029499        0.118567       -0.174346
     H    7       -0.109263       -0.174346        0.078736

     C    8       -0.367527        0.041614       -0.176638
     C    8        0.041614        0.290550       -0.333105
     C    8       -0.176638       -0.333105        0.076977

     H    9       -0.126354       -0.388803        0.253441
     H    9       -0.388803       -0.105501       -0.182168
     H    9        0.253441       -0.182168        0.231855

     C   10        0.291805        0.728816       -0.385097
     C   10        0.728816       -0.117085        0.158592
     C   10       -0.385097        0.158592       -0.174720

     C   11       -0.527759       -0.130935       -0.235563
     C   11       -0.130935        0.256869       -0.502101
     C   11       -0.235563       -0.502101        0.270891

     Cl  12        1.793005        3.456433       -1.348206
     Cl  12        3.456433       -0.213331       -0.827376
     Cl  12       -1.348206       -0.827376       -1.579674

     H   13       -0.158624        0.041003        0.152359
     H   13        0.041003        0.507748        0.212710
     H   13        0.152359        0.212710       -0.349124

     C   14       -0.288506        0.167287       -0.191975
     C   14        0.167287       -0.016949       -0.299943
     C   14       -0.191975       -0.299943        0.305455

     H   15        0.561697        0.178556        0.165533
     H   15        0.178556       -0.418971        0.288109
     H   15        0.165533        0.288109       -0.142726

     C   16        0.064924        0.366453       -0.101224
     C   16        0.366453        0.066057       -0.413900
     C   16       -0.101224       -0.413900       -0.130980

     C   17        0.079657        0.167117       -0.469599
     C   17        0.167117        0.315454       -0.141494
     C   17       -0.469599       -0.141494       -0.395111

     Cl  18        1.161053        1.095847       -0.225924
     Cl  18        1.095847        1.184283       -0.193920
     Cl  18       -0.225924       -0.193920       -2.345336

     H   19       -0.033476       -0.136387        0.095675
     H   19       -0.136387        0.049866       -0.148078
     H   19        0.095675       -0.148078       -0.016390

     C   20        0.131149        0.531708       -0.263925
     C   20        0.531708        0.102393        0.043234
     C   20       -0.263925        0.043234       -0.233542

     H   21        0.517149       -0.246908        0.251153
     H   21       -0.246908       -0.453158        0.167766
     H   21        0.251153        0.167766       -0.063990

     C   22       -0.457696       -0.082259       -0.356543
     C   22       -0.082259        0.300075       -0.420214
     C   22       -0.356543       -0.420214        0.157621

     C   23        0.439445        0.773013       -0.520470
     C   23        0.773013       -0.301545        0.116281
     C   23       -0.520470        0.116281       -0.137900

     Cl  24       -0.322894        1.964213        0.484489
     Cl  24        1.964213        1.519930        1.071659
     Cl  24        0.484489        1.071659       -1.197036


     NQR/NMR SPECTROSCOPIC PARAMETERS:
     Cl   1    Vxx=    0.8652    axis=(  0.452998  0.878081  0.154165)
     Cl   1    Vyy=    1.7848    axis=(  0.887986 -0.459773  0.009482)
     Cl   1    Vzz=   -2.6500    axis=( -0.079207 -0.132601  0.988000)
     Cl   1  Q=        -8.1650 1e-30 m^2  Cq=        50.8397 MHz  eta= 0.34700

     C    2    Vxx=   -0.0020    axis=(  0.949649 -0.167680 -0.264668)
     C    2    Vyy=   -0.5542    axis=(  0.308547  0.647302  0.696992)
     C    2    Vzz=    0.5562    axis=(  0.054448 -0.743561  0.666448)
     C    2  Q=         1.0000 1e-30 m^2  Cq=         1.3069 MHz  eta= 0.99269

     C    3    Vxx=   -0.0876    axis=(  0.712392 -0.644153 -0.278505)
     C    3    Vyy=   -0.3109    axis=(  0.608141  0.368586  0.703072)
     C    3    Vzz=    0.3985    axis=(  0.350233  0.670232 -0.654313)
     C    3  Q=         1.0000 1e-30 m^2  Cq=         0.9363 MHz  eta= 0.56024

     H    4    Vxx=   -0.0177    axis=(  0.193630 -0.941755 -0.274965)
     H    4    Vyy=   -0.7071    axis=(  0.616625  0.334814 -0.712511)
     H    4    Vzz=    0.7248    axis=(  0.763073 -0.031587  0.645540)
     H    4  Q=         1.0000 1e-30 m^2  Cq=         1.7030 MHz  eta= 0.95116

     C    5    Vxx=   -0.1153    axis=(  0.497154 -0.236122  0.834916)
     C    5    Vyy=   -0.3294    axis=( -0.282846  0.865591  0.413219)
     C    5    Vzz=    0.4446    axis=( -0.820266 -0.441586  0.363545)
     C    5  Q=         1.0000 1e-30 m^2  Cq=         1.0447 MHz  eta= 0.48151

     H    6    Vxx=    0.0045    axis=(  0.859015 -0.260131  0.440937)
     H    6    Vyy=    0.7757    axis=(  0.069120 -0.794471 -0.603356)
     H    6    Vzz=   -0.7802    axis=(  0.507263  0.548769 -0.664482)
     H    6  Q=         1.0000 1e-30 m^2  Cq=        -1.8332 MHz  eta= 0.98835

     H    7    Vxx=   -0.0214    axis=( -0.478925  0.643232  0.597398)
     H    7    Vyy=   -0.2585    axis=( -0.870637 -0.260943 -0.417014)
     H    7    Vzz=    0.2799    axis=( -0.112350 -0.719835  0.684993)
     H    7  Q=         1.0000 1e-30 m^2  Cq=         0.6576 MHz  eta= 0.84713

     C    8    Vxx=   -0.1162    axis=(  0.386975 -0.607560 -0.693629)
     C    8    Vyy=   -0.4383    axis=( -0.909680 -0.128545 -0.394916)
     C    8    Vzz=    0.5546    axis=(  0.150773  0.783803 -0.602429)
     C    8  Q=         1.0000 1e-30 m^2  Cq=         1.3030 MHz  eta= 0.58077

     H    9    Vxx=   -0.0521    axis=( -0.414907  0.551151  0.723937)
     H    9    Vyy=   -0.5097    axis=( -0.737302 -0.669882  0.087432)
     H    9    Vzz=    0.5617    axis=(  0.533140 -0.497484  0.684303)
     H    9  Q=         1.0000 1e-30 m^2  Cq=         1.3199 MHz  eta= 0.81455

     C   10    Vxx=   -0.0257    axis=( -0.122637  0.504898  0.854423)
     C   10    Vyy=   -0.8640    axis=( -0.577136  0.664102 -0.475271)
     C   10    Vzz=    0.8897    axis=( -0.807387 -0.551404  0.209951)
     C   10  Q=         1.0000 1e-30 m^2  Cq=         2.0904 MHz  eta= 0.94216

     C   11    Vxx=   -0.0883    axis=( -0.501031  0.646603  0.575215)
     C   11    Vyy=   -0.6824    axis=( -0.863249 -0.326255 -0.385173)
     C   11    Vzz=    0.7707    axis=( -0.061387 -0.689538  0.721644)
     C   11  Q=         1.0000 1e-30 m^2  Cq=         1.8108 MHz  eta= 0.77075

     Cl  12    Vxx=   -1.9458    axis=(  0.091716  0.274190  0.957292)
     Cl  12    Vyy=   -2.8333    axis=( -0.620353  0.767733 -0.160461)
     Cl  12    Vzz=    4.7791    axis=( -0.778942 -0.579143  0.240508)
     Cl  12  Q=        -8.1650 1e-30 m^2  Cq=       -91.6853 MHz  eta= 0.18570

     H   13    Vxx=   -0.1021    axis=(  0.901006 -0.195641  0.387186)
     H   13    Vyy=   -0.4635    axis=(  0.420783  0.177085 -0.889709)
     H   13    Vzz=    0.5656    axis=(  0.105498  0.964555  0.241877)
     H   13  Q=         1.0000 1e-30 m^2  Cq=         1.3289 MHz  eta= 0.63911

     C   14    Vxx=   -0.1859    axis=(  0.223093  0.790840  0.569914)
     C   14    Vyy=   -0.3732    axis=( -0.932410  0.343651 -0.111875)
     C   14    Vzz=    0.5591    axis=( -0.284326 -0.506435  0.814053)
     C   14  Q=         1.0000 1e-30 m^2  Cq=         1.3137 MHz  eta= 0.33497

     H   15    Vxx=   -0.0506    axis=(  0.354646 -0.463330 -0.812128)
     H   15    Vyy=   -0.6040    axis=( -0.058159  0.855972 -0.513741)
     H   15    Vzz=    0.6547    axis=( -0.933190 -0.229429 -0.276620)
     H   15  Q=         1.0000 1e-30 m^2  Cq=         1.5382 MHz  eta= 0.84529

     C   16    Vxx=   -0.1138    axis=( -0.775678  0.214339 -0.593618)
     C   16    Vyy=   -0.5079    axis=(  0.318019 -0.679692 -0.660971)
     C   16    Vzz=    0.6217    axis=( -0.545150 -0.701482  0.459059)
     C   16  Q=         1.0000 1e-30 m^2  Cq=         1.4608 MHz  eta= 0.63390

     C   17    Vxx=    0.1246    axis=( -0.581217  0.747478  0.321658)
     C   17    Vyy=    0.5604    axis=( -0.627995 -0.663392  0.406859)
     C   17    Vzz=   -0.6851    axis=(  0.517503  0.034474  0.854987)
     C   17  Q=         1.0000 1e-30 m^2  Cq=        -1.6096 MHz  eta= 0.63617

     Cl  18    Vxx=    0.0770    axis=(  0.709873 -0.704261 -0.009828)
     Cl  18    Vyy=    2.2876    axis=(  0.702408  0.708898 -0.063925)
     Cl  18    Vzz=   -2.3646    axis=(  0.051987  0.038475  0.997906)
     Cl  18  Q=        -8.1650 1e-30 m^2  Cq=        45.3633 MHz  eta= 0.93487

     H   19    Vxx=   -0.1210    axis=(  0.725401 -0.017316 -0.688109)
     H   19    Vyy=   -0.1411    axis=( -0.482822 -0.725300 -0.490737)
     H   19    Vzz=    0.2621    axis=( -0.490587  0.688215 -0.534494)
     H   19  Q=         1.0000 1e-30 m^2  Cq=         0.6158 MHz  eta= 0.07684

     C   20    Vxx=   -0.1134    axis=( -0.279116  0.526871  0.802809)
     C   20    Vyy=   -0.5643    axis=(  0.624855 -0.535166  0.568467)
     C   20    Vzz=    0.6778    axis=( -0.729144 -0.660307  0.179844)
     C   20  Q=         1.0000 1e-30 m^2  Cq=         1.5925 MHz  eta= 0.66534

     H   21    Vxx=   -0.0311    axis=( -0.191807  0.457373  0.868343)
     H   21    Vyy=   -0.6089    axis=(  0.280326  0.873443 -0.398138)
     H   21    Vzz=    0.6400    axis=( -0.940546  0.167054 -0.295746)
     H   21  Q=         1.0000 1e-30 m^2  Cq=         1.5037 MHz  eta= 0.90280

     C   22    Vxx=    0.0099    axis=(  0.532072 -0.644466 -0.549147)
     C   22    Vyy=    0.6825    axis=( -0.161549 -0.713931  0.681326)
     C   22    Vzz=   -0.6924    axis=( -0.831144 -0.273800 -0.483976)
     C   22  Q=         1.0000 1e-30 m^2  Cq=        -1.6269 MHz  eta= 0.97133

     C   23    Vxx=   -0.0807    axis=(  0.029496  0.544529  0.838223)
     C   23    Vyy=   -0.9739    axis=(  0.550231 -0.708944  0.441185)
     C   23    Vzz=    1.0545    axis=( -0.834491 -0.448203  0.320528)
     C   23  Q=         1.0000 1e-30 m^2  Cq=         2.4778 MHz  eta= 0.84699

     Cl  24    Vxx=   -1.3799    axis=(  0.652361 -0.168822 -0.738867)
     Cl  24    Vyy=   -1.7052    axis=(  0.561035 -0.547884  0.620535)
     Cl  24    Vzz=    3.0851    axis=( -0.509573 -0.819343 -0.262703)
     Cl  24  Q=        -8.1650 1e-30 m^2  Cq=       -59.1868 MHz  eta= 0.10543

     Initialization:
     gipaw_setup  :      9.06s CPU     11.09s WALL (       1 calls)

     Linear response

     Apply operators

     Induced current

     Other routines
     efg          :      9.40s CPU     12.00s WALL (       1 calls)

     General routines
     calbec       :      3.38s CPU      4.48s WALL (      16 calls)
     fft          :      1.49s CPU      2.07s WALL (      15 calls)
     ffts         :      0.04s CPU      0.05s WALL (       2 calls)
     fftw         :      3.23s CPU      4.05s WALL (     672 calls)
     davcio       :      0.02s CPU      0.32s WALL (      32 calls)

     Parallel routines
     fft_scatter  :      2.23s CPU      3.38s WALL (     689 calls)

     Plugins

     GIPAW        :     61.07s CPU     75.14s WALL (       1 calls)
