
     Program QE v.6.0 (svn rev. 13079) starts on 27Dec2016 at  5:12: 3 

     This program is part of the open-source Quantum ESPRESSO suite
     for quantum simulation of materials; please cite
         "P. Giannozzi et al., J. Phys.:Condens. Matter 21 395502 (2009);
          URL http://www.quantum-espresso.org", 
     in publications or presentations arising from this work. More details at
     http://www.quantum-espresso.org/quote

     Parallel version (MPI), running on     8 processors
     R & G space division:  proc/nbgrp/npool/nimage =       8

     ***** This is GIPAW svn revision unknown      *****

     Parallelizing q-star over 1 images

     Reading data from directory:
     /users/majewski/paradichlorobenzene/pbe/9_constraint/scratch/pbe.ecut100.np8.dt60.pcl2phi-129368.save
     Message from routine read_xml_file:
     file /users/majewski/paradichlorobenzene/pbe/9_constraint/scratch/pbe.ecut100.np8.dt60.pcl2phi-129368.save not guaranteed to be safe for post-processing

   Info: using nr1, nr2, nr3 values from input

   Info: using nr1, nr2, nr3 values from input

     IMPORTANT: XC functional enforced from input :
     Exchange-correlation      =  SLA  PW   PBX  PBC ( 1  4  3  4 0 0)
     Any further DFT definition will be discarded
     Please, verify this is what you really want

               file C.pbe-n-kjpaw_psl.1.0.0.UPF: wavefunction(s)  2S 2P renormalized
               file Cl.pbe-n-kjpaw_psl.1.0.0.UPF: wavefunction(s)  3S 3P renormalized
               file H.pbe-kjpaw_psl.1.0.0.UPF: wavefunction(s)  1S renormalized

     Parallelization info
     --------------------
     sticks:   dense  smooth     PW     G-vecs:    dense   smooth      PW
     Min        3057    1223    332               144436    36536    5170
     Max        3059    1225    333               144437    36537    5171
     Sum       24467    9791   2657              1155489   292295   41363


     Subspace diagonalization in iterative solution of the eigenvalue problem:
     a serial algorithm will be used

     GIPAW projectors -----------------------------------------------
     atom=  C    l=0  rc=    1.2000  rs=    0.8000
     atom=  C    l=0  rc=    1.2000  rs=    0.8000
     atom=  C    l=1  rc=    1.4000  rs=    0.9333
     atom=  C    l=1  rc=    1.4000  rs=    0.9333
     projs nearly linearly dependent: l=1  n1,n2= 1, 2  s=  0.99951561

     atom=  Cl   l=0  rc=    1.6000  rs=    1.0667
     atom=  Cl   l=0  rc=    1.6000  rs=    1.0667
     atom=  Cl   l=1  rc=    1.6000  rs=    1.0667
     atom=  Cl   l=1  rc=    1.6000  rs=    1.0667
     atom=  Cl   l=2  rc=    1.6000  rs=    1.0667
     atom=  Cl   l=2  rc=    1.6000  rs=    1.0667
     projs nearly linearly dependent: l=2  n1,n2= 1, 2  s=  0.99993509

     atom=  H    l=0  rc=    1.0000  rs=    0.6667
     atom=  H    l=0  rc=    1.0000  rs=    0.6667
     projs nearly linearly dependent: l=0  n1,n2= 1, 2  s=  0.99968852
     -----------------------------------------------------------------

     GIPAW integrals: -------------------------------------------
     Atom  i/j   nmr_para   nmr_dia   epr_rmc  epr_para   epr_dia
       C   1 1   0.83E+03  0.17E-01  0.93E+01  0.24E+08  0.24E+03
       C   2 1   0.86E+03 -0.61E-01  0.94E+01  0.25E+08  0.25E+03
       C   2 2   0.90E+03 -0.15E+00  0.97E+01  0.26E+08  0.26E+03
       C   3 3   0.33E+01  0.34E+00  0.18E+01  0.55E+03  0.21E+02
       C   4 3   0.35E+01  0.37E+00  0.20E+01  0.59E+03  0.22E+02
       C   4 4   0.38E+01  0.39E+00  0.22E+01  0.63E+03  0.24E+02
       Cl  1 1   0.14E+04 -0.47E+00  0.84E+01  0.32E+09  0.42E+03
       Cl  2 1   0.21E+04 -0.37E+00  0.12E+02  0.49E+09  0.65E+03
       Cl  2 2   0.33E+04 -0.16E+00  0.21E+02  0.76E+09  0.10E+04
       Cl  3 3   0.21E+02  0.79E-01  0.89E+01  0.23E+05  0.13E+03
       Cl  4 3   0.24E+02  0.67E-01  0.99E+01  0.27E+05  0.15E+03
       Cl  4 4   0.28E+02  0.44E-01  0.11E+02  0.32E+05  0.18E+03
       Cl  5 5   0.77E+00  0.19E+00  0.18E+01  0.12E+03  0.22E+02
       Cl  6 5   0.80E+00  0.19E+00  0.19E+01  0.12E+03  0.23E+02
       Cl  6 6   0.83E+00  0.20E+00  0.19E+01  0.12E+03  0.23E+02
       H   1 1   0.39E+02  0.19E+00  0.29E+00  0.78E+05  0.13E+02
       H   2 1   0.41E+02  0.21E+00  0.32E+00  0.82E+05  0.14E+02
       H   2 2   0.43E+02  0.22E+00  0.36E+00  0.86E+05  0.15E+02
     ------------------------------------------------------------

     alpha_pv=     34.2403 eV

     Number of occupied bands for each k-point:
     k-point:     1    nbnd_occ=  42
     k-point:     2    nbnd_occ=  42
     k-point:     3    nbnd_occ=  42
     k-point:     4    nbnd_occ=  42
     k-point:     5    nbnd_occ=  42
     k-point:     6    nbnd_occ=  42
     k-point:     7    nbnd_occ=  42
     k-point:     8    nbnd_occ=  42
     k-point:     9    nbnd_occ=  42
     k-point:    10    nbnd_occ=  42
     k-point:    11    nbnd_occ=  42
     k-point:    12    nbnd_occ=  42
     k-point:    13    nbnd_occ=  42
     k-point:    14    nbnd_occ=  42
     k-point:    15    nbnd_occ=  42
     k-point:    16    nbnd_occ=  42


     q-space interpolation up to   110.00 Rydberg

     GIPAW job: efg                                                                             


     ELECTRIC FIELD GRADIENTS TENSORS IN Hartree/bohrradius^2:

     ----- bare term -----
     Cl   1       -0.035212        0.062857       -0.032877
     Cl   1        0.062857       -0.017785        0.003337
     Cl   1       -0.032877        0.003337        0.052997

     C    2       -0.156092        0.133035       -0.385516
     C    2        0.133035        0.075657       -0.110173
     C    2       -0.385516       -0.110173        0.080435

     C    3        0.177438        0.657331       -0.024838
     C    3        0.657331       -0.413656       -0.528675
     C    3       -0.024838       -0.528675        0.236218

     H    4       -0.458911       -0.236115       -0.582519
     H    4       -0.236115        0.312258       -0.215943
     H    4       -0.582519       -0.215943        0.146653

     C    5       -0.662001        0.317384       -0.399957
     C    5        0.317384        0.266961       -0.127162
     C    5       -0.399957       -0.127162        0.395040

     H    6        0.278474        0.069653       -0.188486
     H    6        0.069653       -0.491331       -0.447836
     H    6       -0.188486       -0.447836        0.212858

     H    7        0.067598       -0.314463        0.128856
     H    7       -0.314463       -0.322437        0.464869
     H    7        0.128856        0.464869        0.254839

     C    8       -0.101180        0.293461       -0.470343
     C    8        0.293461       -0.057425        0.518123
     C    8       -0.470343        0.518123        0.158605

     H    9       -0.289871        0.470249       -0.180814
     H    9        0.470249       -0.000660       -0.099504
     H    9       -0.180814       -0.099504        0.290531

     C   10       -0.506819       -0.320326       -0.031312
     C   10       -0.320326        0.107124        0.381196
     C   10       -0.031312        0.381196        0.399695

     C   11       -0.046809        0.360164       -0.386172
     C   11        0.360164        0.000695        0.738752
     C   11       -0.386172        0.738752        0.046114

     Cl  12       -0.314635       -0.254105        0.059619
     Cl  12       -0.254105        0.125273        0.141494
     Cl  12        0.059619        0.141494        0.189362

     H   13        0.289443       -0.392445        0.097329
     H   13       -0.392445       -0.620821        0.085919
     H   13        0.097329        0.085919        0.331378

     C   14       -0.002988        0.127954       -0.013419
     C   14        0.127954       -0.211743       -0.174933
     C   14       -0.013419       -0.174933        0.214731

     H   15       -0.562323       -0.504878       -0.045403
     H   15       -0.504878        0.220092       -0.005737
     H   15       -0.045403       -0.005737        0.342231

     C   16       -0.309182        0.303935       -0.328992
     C   16        0.303935        0.076562       -0.312886
     C   16       -0.328992       -0.312886        0.232621

     C   17        0.071529        0.479959       -0.071533
     C   17        0.479959       -0.263106       -0.519547
     C   17       -0.071533       -0.519547        0.191577

     Cl  18       -0.136429        0.016857        0.015553
     Cl  18        0.016857       -0.120870        0.018930
     Cl  18        0.015553        0.018930        0.257299

     H   19        0.354915        0.029417       -0.175856
     H   19        0.029417       -0.348872        0.503307
     H   19       -0.175856        0.503307       -0.006043

     C   20       -0.355022       -0.324808       -0.111203
     C   20       -0.324808       -0.019287        0.291057
     C   20       -0.111203        0.291057        0.374308

     H   21       -0.728324        0.051275       -0.013083
     H   21        0.051275        0.414416        0.188331
     H   21       -0.013083        0.188331        0.313909

     C   22        0.073895        0.117377       -0.462038
     C   22        0.117377       -0.332792        0.509823
     C   22       -0.462038        0.509823        0.258897

     C   23       -0.343275       -0.392354       -0.348830
     C   23       -0.392354       -0.132229        0.204239
     C   23       -0.348830        0.204239        0.475504

     Cl  24       -0.054445        0.047129       -0.014562
     Cl  24        0.047129       -0.046003       -0.008824
     Cl  24       -0.014562       -0.008824        0.100448

     ----- ionic term -----
     Cl   1        0.178535       -0.203116        0.040490
     Cl   1       -0.203116       -0.022649       -0.012398
     Cl   1        0.040490       -0.012398       -0.155886

     C    2        0.242339       -0.128337        0.320715
     C    2       -0.128337        0.174559        0.293247
     C    2        0.320715        0.293247       -0.416898

     C    3        0.169723       -0.255168        0.235295
     C    3       -0.255168        0.318460        0.253848
     C    3        0.235295        0.253848       -0.488183

     H    4        0.669191        0.377331        0.602691
     H    4        0.377331       -0.323740        0.233760
     H    4        0.602691        0.233760       -0.345452

     C    5        0.304290       -0.226281        0.313027
     C    5       -0.226281        0.168275        0.209500
     C    5        0.313027        0.209500       -0.472565

     H    6       -0.508384        0.062830        0.050658
     H    6        0.062830        0.816295        0.576707
     H    6        0.050658        0.576707       -0.307912

     H    7       -0.487429        0.045589       -0.023316
     H    7        0.045589        0.598225       -0.742489
     H    7       -0.023316       -0.742489       -0.110796

     C    8        0.420430        0.164403        0.136949
     C    8        0.164403       -0.018245       -0.331576
     C    8        0.136949       -0.331576       -0.402186

     H    9        0.788446       -0.328035        0.541477
     H    9       -0.328035       -0.430962       -0.202867
     H    9        0.541477       -0.202867       -0.357484

     C   10        0.267835        0.196150        0.104283
     C   10        0.196150        0.114909       -0.396632
     C   10        0.104283       -0.396632       -0.382744

     C   11        0.231255        0.148610        0.210753
     C   11        0.148610        0.121893       -0.409691
     C   11        0.210753       -0.409691       -0.353148

     Cl  12        0.153486        0.203624        0.003904
     Cl  12        0.203624        0.001686       -0.012773
     Cl  12        0.003904       -0.012773       -0.155172

     H   13       -0.504537        0.148246        0.056682
     H   13        0.148246        0.781476        0.583753
     H   13        0.056682        0.583753       -0.276939

     C   14        0.233652       -0.133258        0.317441
     C   14       -0.133258        0.160128        0.251808
     C   14        0.317441        0.251808       -0.393780

     H   15        0.714124        0.280828        0.607730
     H   15        0.280828       -0.413037        0.199867
     H   15        0.607730        0.199867       -0.301087

     C   16        0.128296       -0.219731        0.224608
     C   16       -0.219731        0.311514        0.292537
     C   16        0.224608        0.292537       -0.439811

     C   17        0.187544       -0.158002        0.321671
     C   17       -0.158002        0.259579        0.274602
     C   17        0.321671        0.274602       -0.447123

     Cl  18        0.100237       -0.203590        0.049306
     Cl  18       -0.203590        0.070045       -0.039517
     Cl  18        0.049306       -0.039517       -0.170282

     H   19       -0.523019        0.028307       -0.012422
     H   19        0.028307        0.641568       -0.737798
     H   19       -0.012422       -0.737798       -0.118549

     C   20        0.336520        0.208808        0.122968
     C   20        0.208808        0.017765       -0.353607
     C   20        0.122968       -0.353607       -0.354285

     H   21        0.712594       -0.303315        0.575004
     H   21       -0.303315       -0.459195       -0.216077
     H   21        0.575004       -0.216077       -0.253398

     C   22        0.252804        0.250520        0.069804
     C   22        0.250520        0.085187       -0.417500
     C   22        0.069804       -0.417500       -0.337991

     C   23        0.261918        0.147055        0.153737
     C   23        0.147055        0.095524       -0.413542
     C   23        0.153737       -0.413542       -0.357442

     Cl  24        0.133338        0.223500       -0.028200
     Cl  24        0.223500        0.023340       -0.019460
     Cl  24       -0.028200       -0.019460       -0.156678

     ----- GIPAW term -----
     Cl   1       -0.108006       -0.202042       -1.331075
     Cl   1       -0.202042        0.150814       -1.941010
     Cl   1       -1.331075       -1.941010       -0.042809

     C    2        0.020687        0.056420       -0.073363
     C    2        0.056420        0.045484       -0.047011
     C    2       -0.073363       -0.047011       -0.066171

     C    3        0.138099        0.262303       -0.003654
     C    3        0.262303       -0.039285       -0.069541
     C    3       -0.003654       -0.069541       -0.098814

     H    4       -0.000000        0.000000        0.000000
     H    4        0.000000        0.000000        0.000000
     H    4        0.000000        0.000000        0.000000

     C    5       -0.091443        0.160864        0.040825
     C    5        0.160864        0.076875        0.103498
     C    5        0.040825        0.103498        0.014567

     H    6       -0.000000        0.000000        0.000000
     H    6        0.000000        0.000000        0.000000
     H    6        0.000000        0.000000        0.000000

     H    7       -0.000000        0.000000        0.000000
     H    7        0.000000        0.000000        0.000000
     H    7        0.000000        0.000000        0.000000

     C    8        0.106440        0.229947       -0.077786
     C    8        0.229947       -0.006882        0.096857
     C    8       -0.077786        0.096857       -0.099558

     H    9       -0.000000        0.000000        0.000000
     H    9        0.000000        0.000000        0.000000
     H    9        0.000000        0.000000        0.000000

     C   10       -0.155303        0.088699        0.054193
     C   10        0.088699        0.199778        0.144026
     C   10        0.054193        0.144026       -0.044475

     C   11       -0.005607        0.249423       -0.016339
     C   11        0.249423        0.142510        0.177612
     C   11       -0.016339        0.177612       -0.136903

     Cl  12       -0.617105        1.707854        0.494137
     Cl  12        1.707854        1.596503        1.482565
     Cl  12        0.494137        1.482565       -0.979398

     H   13       -0.000000        0.000000        0.000000
     H   13        0.000000        0.000000        0.000000
     H   13        0.000000        0.000000        0.000000

     C   14        0.005627        0.073019       -0.018796
     C   14        0.073019        0.026796       -0.070680
     C   14       -0.018796       -0.070680       -0.032424

     H   15       -0.000000        0.000000        0.000000
     H   15        0.000000        0.000000        0.000000
     H   15        0.000000        0.000000        0.000000

     C   16       -0.041491        0.179570       -0.142785
     C   16        0.179570        0.099249       -0.117841
     C   16       -0.142785       -0.117841       -0.057759

     C   17        0.176177        0.146980        0.025518
     C   17        0.146980       -0.018627       -0.044092
     C   17        0.025518       -0.044092       -0.157550

     Cl  18       -0.095781       -1.916800        0.392298
     Cl  18       -1.916800       -1.165125        0.082683
     Cl  18        0.392298        0.082683        1.260906

     H   19       -0.000000        0.000000        0.000000
     H   19        0.000000        0.000000        0.000000
     H   19        0.000000        0.000000        0.000000

     C   20        0.051703        0.139146        0.051577
     C   20        0.139146        0.028458        0.060392
     C   20        0.051577        0.060392       -0.080161

     H   21       -0.000000        0.000000        0.000000
     H   21        0.000000        0.000000        0.000000
     H   21        0.000000        0.000000        0.000000

     C   22        0.109579        0.129074       -0.231494
     C   22        0.129074       -0.111592        0.018234
     C   22       -0.231494        0.018234        0.002012

     C   23        0.083205        0.082816       -0.211740
     C   23        0.082816       -0.111355       -0.045172
     C   23       -0.211740       -0.045172        0.028150

     Cl  24        0.278398        2.319971       -1.378634
     Cl  24        2.319971       -0.945399       -0.951674
     Cl  24       -1.378634       -0.951674        0.667001

     ----- total EFG -----
     Cl   1        0.035317       -0.342301       -1.323462
     Cl   1       -0.342301        0.110381       -1.950071
     Cl   1       -1.323462       -1.950071       -0.145698

     C    2        0.106935        0.061118       -0.138164
     C    2        0.061118        0.295700        0.136063
     C    2       -0.138164        0.136063       -0.402634

     C    3        0.485260        0.664466        0.206803
     C    3        0.664466       -0.134481       -0.344369
     C    3        0.206803       -0.344369       -0.350779

     H    4        0.210281        0.141217        0.020172
     H    4        0.141217       -0.011482        0.017817
     H    4        0.020172        0.017817       -0.198799

     C    5       -0.449154        0.251968       -0.046105
     C    5        0.251968        0.512111        0.185836
     C    5       -0.046105        0.185836       -0.062957

     H    6       -0.229910        0.132483       -0.137828
     H    6        0.132483        0.324964        0.128871
     H    6       -0.137828        0.128871       -0.095054

     H    7       -0.419831       -0.268874        0.105540
     H    7       -0.268874        0.275788       -0.277620
     H    7        0.105540       -0.277620        0.144043

     C    8        0.425691        0.687810       -0.411179
     C    8        0.687810       -0.082552        0.283404
     C    8       -0.411179        0.283404       -0.343139

     H    9        0.498575        0.142214        0.360664
     H    9        0.142214       -0.431622       -0.302371
     H    9        0.360664       -0.302371       -0.066953

     C   10       -0.394287       -0.035476        0.127164
     C   10       -0.035476        0.421811        0.128590
     C   10        0.127164        0.128590       -0.027524

     C   11        0.178838        0.758197       -0.191758
     C   11        0.758197        0.265098        0.506673
     C   11       -0.191758        0.506673       -0.443936

     Cl  12       -0.778253        1.657373        0.557660
     Cl  12        1.657373        1.723462        1.611286
     Cl  12        0.557660        1.611286       -0.945208

     H   13       -0.215094       -0.244200        0.154011
     H   13       -0.244200        0.160655        0.669672
     H   13        0.154011        0.669672        0.054439

     C   14        0.236292        0.067715        0.285226
     C   14        0.067715       -0.024819        0.006195
     C   14        0.285226        0.006195       -0.211473

     H   15        0.151801       -0.224050        0.562328
     H   15       -0.224050       -0.192945        0.194130
     H   15        0.562328        0.194130        0.041144

     C   16       -0.222377        0.263774       -0.247169
     C   16        0.263774        0.487325       -0.138189
     C   16       -0.247169       -0.138189       -0.264949

     C   17        0.435250        0.468937        0.275656
     C   17        0.468937       -0.022154       -0.289038
     C   17        0.275656       -0.289038       -0.413096

     Cl  18       -0.131973       -2.103533        0.457156
     Cl  18       -2.103533       -1.215950        0.062096
     Cl  18        0.457156        0.062096        1.347923

     H   19       -0.168105        0.057724       -0.188278
     H   19        0.057724        0.292697       -0.234491
     H   19       -0.188278       -0.234491       -0.124592

     C   20        0.033202        0.023146        0.063342
     C   20        0.023146        0.026937       -0.002158
     C   20        0.063342       -0.002158       -0.060138

     H   21       -0.015731       -0.252040        0.561921
     H   21       -0.252040       -0.044780       -0.027745
     H   21        0.561921       -0.027745        0.060511

     C   22        0.436279        0.496971       -0.623728
     C   22        0.496971       -0.359197        0.110557
     C   22       -0.623728        0.110557       -0.077081

     C   23        0.001848       -0.162483       -0.406833
     C   23       -0.162483       -0.148060       -0.254475
     C   23       -0.406833       -0.254475        0.146212

     Cl  24        0.357291        2.590601       -1.421395
     Cl  24        2.590601       -0.968062       -0.979957
     Cl  24       -1.421395       -0.979957        0.610771

     ----- total EFG (symmetrized) -----
     Cl   1        0.035317       -0.342301       -1.323462
     Cl   1       -0.342301        0.110381       -1.950071
     Cl   1       -1.323462       -1.950071       -0.145698

     C    2        0.106935        0.061118       -0.138164
     C    2        0.061118        0.295700        0.136063
     C    2       -0.138164        0.136063       -0.402634

     C    3        0.485260        0.664466        0.206803
     C    3        0.664466       -0.134481       -0.344369
     C    3        0.206803       -0.344369       -0.350779

     H    4        0.210281        0.141217        0.020172
     H    4        0.141217       -0.011482        0.017817
     H    4        0.020172        0.017817       -0.198799

     C    5       -0.449154        0.251968       -0.046105
     C    5        0.251968        0.512111        0.185836
     C    5       -0.046105        0.185836       -0.062957

     H    6       -0.229910        0.132483       -0.137828
     H    6        0.132483        0.324964        0.128871
     H    6       -0.137828        0.128871       -0.095054

     H    7       -0.419831       -0.268874        0.105540
     H    7       -0.268874        0.275788       -0.277620
     H    7        0.105540       -0.277620        0.144043

     C    8        0.425691        0.687810       -0.411179
     C    8        0.687810       -0.082552        0.283404
     C    8       -0.411179        0.283404       -0.343139

     H    9        0.498575        0.142214        0.360664
     H    9        0.142214       -0.431622       -0.302371
     H    9        0.360664       -0.302371       -0.066953

     C   10       -0.394287       -0.035476        0.127164
     C   10       -0.035476        0.421811        0.128590
     C   10        0.127164        0.128590       -0.027524

     C   11        0.178838        0.758197       -0.191758
     C   11        0.758197        0.265098        0.506673
     C   11       -0.191758        0.506673       -0.443936

     Cl  12       -0.778253        1.657373        0.557660
     Cl  12        1.657373        1.723462        1.611286
     Cl  12        0.557660        1.611286       -0.945208

     H   13       -0.215094       -0.244200        0.154011
     H   13       -0.244200        0.160655        0.669672
     H   13        0.154011        0.669672        0.054439

     C   14        0.236292        0.067715        0.285226
     C   14        0.067715       -0.024819        0.006195
     C   14        0.285226        0.006195       -0.211473

     H   15        0.151801       -0.224050        0.562328
     H   15       -0.224050       -0.192945        0.194130
     H   15        0.562328        0.194130        0.041144

     C   16       -0.222377        0.263774       -0.247169
     C   16        0.263774        0.487325       -0.138189
     C   16       -0.247169       -0.138189       -0.264949

     C   17        0.435250        0.468937        0.275656
     C   17        0.468937       -0.022154       -0.289038
     C   17        0.275656       -0.289038       -0.413096

     Cl  18       -0.131973       -2.103533        0.457156
     Cl  18       -2.103533       -1.215950        0.062096
     Cl  18        0.457156        0.062096        1.347923

     H   19       -0.168105        0.057724       -0.188278
     H   19        0.057724        0.292697       -0.234491
     H   19       -0.188278       -0.234491       -0.124592

     C   20        0.033202        0.023146        0.063342
     C   20        0.023146        0.026937       -0.002158
     C   20        0.063342       -0.002158       -0.060138

     H   21       -0.015731       -0.252040        0.561921
     H   21       -0.252040       -0.044780       -0.027745
     H   21        0.561921       -0.027745        0.060511

     C   22        0.436279        0.496971       -0.623728
     C   22        0.496971       -0.359197        0.110557
     C   22       -0.623728        0.110557       -0.077081

     C   23        0.001848       -0.162483       -0.406833
     C   23       -0.162483       -0.148060       -0.254475
     C   23       -0.406833       -0.254475        0.146212

     Cl  24        0.357291        2.590601       -1.421395
     Cl  24        2.590601       -0.968062       -0.979957
     Cl  24       -1.421395       -0.979957        0.610771


     NQR/NMR SPECTROSCOPIC PARAMETERS:
     Cl   1    Vxx=    0.3745    axis=( -0.834130  0.546801  0.072355)
     Cl   1    Vyy=    2.1757    axis=( -0.341326 -0.614771  0.711023)
     Cl   1    Vzz=   -2.5502    axis=( -0.433270 -0.568389 -0.699437)
     Cl   1  Q=        -8.1650 1e-30 m^2  Cq=        48.9248 MHz  eta= 0.70629

     C    2    Vxx=    0.1386    axis=( -0.952128  0.131282  0.276075)
     C    2    Vyy=    0.3275    axis=(  0.177030  0.973040  0.147832)
     C    2    Vzz=   -0.4661    axis=(  0.249224 -0.189628  0.949699)
     C    2  Q=         1.0000 1e-30 m^2  Cq=        -1.0951 MHz  eta= 0.40536

     C    3    Vxx=   -0.0397    axis=(  0.336583 -0.511892  0.790366)
     C    3    Vyy=   -0.8690    axis=( -0.421595  0.668597  0.612565)
     C    3    Vzz=    0.9087    axis=( -0.842004 -0.539393  0.009227)
     C    3  Q=         1.0000 1e-30 m^2  Cq=         2.1350 MHz  eta= 0.91267

     H    4    Vxx=   -0.0797    axis=(  0.440372 -0.895846 -0.059438)
     H    4    Vyy=   -0.2006    axis=(  0.022417  0.077154 -0.996767)
     H    4    Vzz=    0.2803    axis=(  0.897535  0.437616  0.054059)
     H    4  Q=         1.0000 1e-30 m^2  Cq=         0.6587 MHz  eta= 0.43130

     C    5    Vxx=   -0.0876    axis=( -0.252169 -0.188201  0.949206)
     C    5    Vyy=   -0.5293    axis=( -0.943937  0.263808 -0.198463)
     C    5    Vzz=    0.6168    axis=( -0.213057 -0.946037 -0.244175)
     C    5  Q=         1.0000 1e-30 m^2  Cq=         1.4493 MHz  eta= 0.71611

     H    6    Vxx=   -0.0125    axis=( -0.570898 -0.087617  0.816332)
     H    6    Vyy=   -0.3636    axis=( -0.805011  0.255131 -0.535598)
     H    6    Vzz=    0.3761    axis=( -0.161344 -0.962929 -0.216186)
     H    6  Q=         1.0000 1e-30 m^2  Cq=         0.8837 MHz  eta= 0.93355

     H    7    Vxx=   -0.0612    axis=( -0.166327  0.544537  0.822079)
     H    7    Vyy=   -0.5118    axis=( -0.948170 -0.317236  0.018295)
     H    7    Vzz=    0.5730    axis=(  0.270755 -0.776428  0.569079)
     H    7  Q=         1.0000 1e-30 m^2  Cq=         1.3464 MHz  eta= 0.78639

     C    8    Vxx=    0.0070    axis=( -0.236505  0.600566  0.763797)
     C    8    Vyy=    0.9321    axis=( -0.837313 -0.524775  0.153357)
     C    8    Vzz=   -0.9391    axis=(  0.492922 -0.603267  0.626974)
     C    8  Q=         1.0000 1e-30 m^2  Cq=        -2.2065 MHz  eta= 0.98505

     H    9    Vxx=    0.0102    axis=(  0.352676  0.603160 -0.715414)
     H    9    Vyy=    0.6741    axis=( -0.898433  0.004520 -0.439088)
     H    9    Vzz=   -0.6843    axis=( -0.261607  0.797608  0.543492)
     H    9  Q=         1.0000 1e-30 m^2  Cq=        -1.6078 MHz  eta= 0.97025

     C   10    Vxx=   -0.0157    axis=(  0.329240 -0.241595  0.912816)
     C   10    Vyy=   -0.4403    axis=(  0.944244  0.086248 -0.317748)
     C   10    Vzz=    0.4560    axis=( -0.001963  0.966537  0.256521)
     C   10  Q=         1.0000 1e-30 m^2  Cq=         1.0714 MHz  eta= 0.93118

     C   11    Vxx=   -0.0306    axis=(  0.610958 -0.348570 -0.710795)
     C   11    Vyy=   -0.9933    axis=( -0.473075  0.559160 -0.680838)
     C   11    Vzz=    1.0239    axis=( -0.634767 -0.752223 -0.176724)
     C   11  Q=         1.0000 1e-30 m^2  Cq=         2.4059 MHz  eta= 0.94015

     Cl  12    Vxx=   -1.4138    axis=(  0.771418 -0.083544 -0.630820)
     Cl  12    Vyy=   -1.8209    axis=( -0.496588  0.540835 -0.678895)
     Cl  12    Vzz=    3.2347    axis=( -0.397887 -0.836969 -0.375723)
     Cl  12  Q=        -8.1650 1e-30 m^2  Cq=       -62.0558 MHz  eta= 0.12587

     H   13    Vxx=   -0.0658    axis=( -0.870142  0.273670 -0.409826)
     H   13    Vyy=   -0.7195    axis=( -0.486404 -0.610515  0.625046)
     H   13    Vzz=    0.7853    axis=( -0.079148  0.743220  0.664349)
     H   13  Q=         1.0000 1e-30 m^2  Cq=         1.8451 MHz  eta= 0.83253

     C   14    Vxx=   -0.0329    axis=(  0.105502 -0.985303  0.134342)
     C   14    Vyy=   -0.3520    axis=(  0.441995 -0.074554 -0.893914)
     C   14    Vzz=    0.3849    axis=(  0.890791  0.153688  0.427634)
     C   14  Q=         1.0000 1e-30 m^2  Cq=         0.9044 MHz  eta= 0.82897

     H   15    Vxx=   -0.0071    axis=(  0.327529 -0.842262 -0.428157)
     H   15    Vyy=   -0.6560    axis=(  0.577167  0.537132 -0.615116)
     H   15    Vzz=    0.6631    axis=(  0.748066 -0.045650  0.662052)
     H   15  Q=         1.0000 1e-30 m^2  Cq=         1.5581 MHz  eta= 0.97848

     C   16    Vxx=   -0.1270    axis=( -0.609064  0.413747  0.676650)
     C   16    Vyy=   -0.4989    axis=(  0.711245 -0.092592  0.696820)
     C   16    Vzz=    0.6258    axis=( -0.350960 -0.905671  0.237880)
     C   16  Q=         1.0000 1e-30 m^2  Cq=         1.4705 MHz  eta= 0.59425

     C   17    Vxx=    0.0261    axis=( -0.334394  0.677109 -0.655518)
     C   17    Vyy=    0.7348    axis=( -0.860757 -0.502669 -0.080134)
     C   17    Vzz=   -0.7608    axis=( -0.383768  0.537445  0.750916)
     C   17  Q=         1.0000 1e-30 m^2  Cq=        -1.7877 MHz  eta= 0.93144

     Cl  18    Vxx=    1.1077    axis=( -0.463775  0.440386  0.768747)
     Cl  18    Vyy=    1.7643    axis=( -0.637470  0.436714 -0.634754)
     Cl  18    Vzz=   -2.8720    axis=(  0.615260  0.784437 -0.078196)
     Cl  18  Q=        -8.1650 1e-30 m^2  Cq=        55.0981 MHz  eta= 0.22863

     H   19    Vxx=   -0.0683    axis=(  0.721903 -0.454405 -0.521893)
     H   19    Vyy=   -0.3595    axis=(  0.654584  0.203802  0.728000)
     H   19    Vzz=    0.4279    axis=( -0.224444 -0.867168  0.444571)
     H   19  Q=         1.0000 1e-30 m^2  Cq=         1.0053 MHz  eta= 0.68061

     C   20    Vxx=    0.0198    axis=( -0.307514  0.912906 -0.268398)
     C   20    Vyy=    0.0737    axis=( -0.832932 -0.394629 -0.387933)
     C   20    Vzz=   -0.0934    axis=( -0.460064  0.104262  0.881743)
     C   20  Q=         1.0000 1e-30 m^2  Cq=        -0.2196 MHz  eta= 0.57676

     H   21    Vxx=   -0.0478    axis=(  0.034182 -0.911158 -0.410636)
     H   21    Vyy=   -0.5936    axis=( -0.729006 -0.303792  0.613400)
     H   21    Vzz=    0.6414    axis=( -0.683653  0.278389 -0.674624)
     H   21  Q=         1.0000 1e-30 m^2  Cq=         1.5070 MHz  eta= 0.85086

     C   22    Vxx=   -0.1218    axis=(  0.172657  0.689238  0.703662)
     C   22    Vyy=   -0.8334    axis=(  0.521712 -0.669942  0.528198)
     C   22    Vzz=    0.9552    axis=( -0.835468 -0.275912  0.475254)
     C   22  Q=         1.0000 1e-30 m^2  Cq=         2.2444 MHz  eta= 0.74491

     C   23    Vxx=    0.0477    axis=(  0.556373 -0.791351  0.253400)
     C   23    Vyy=    0.5021    axis=(  0.590422  0.161919 -0.790686)
     C   23    Vzz=   -0.5498    axis=(  0.584680  0.589530  0.557319)
     C   23  Q=         1.0000 1e-30 m^2  Cq=        -1.2918 MHz  eta= 0.82661

     Cl  24    Vxx=   -0.4424    axis=(  0.392569  0.346304  0.852035)
     Cl  24    Vyy=   -2.9825    axis=( -0.621085  0.783085 -0.032120)
     Cl  24    Vzz=    3.4250    axis=( -0.678339 -0.516576  0.522499)
     Cl  24  Q=        -8.1650 1e-30 m^2  Cq=       -65.7062 MHz  eta= 0.74165

     Initialization:
     gipaw_setup  :      9.21s CPU     10.88s WALL (       1 calls)

     Linear response

     Apply operators

     Induced current

     Other routines
     efg          :      9.23s CPU     11.32s WALL (       1 calls)

     General routines
     calbec       :      3.18s CPU      3.93s WALL (      16 calls)
     fft          :      1.54s CPU      2.27s WALL (      15 calls)
     ffts         :      0.04s CPU      0.05s WALL (       2 calls)
     fftw         :      3.28s CPU      3.86s WALL (     672 calls)
     davcio       :      0.01s CPU      0.33s WALL (      32 calls)

     Parallel routines
     fft_scatter  :      2.04s CPU      3.27s WALL (     689 calls)

     Plugins

     GIPAW        :     60.44s CPU     71.06s WALL (       1 calls)
