
     Program QE v.6.0 (svn rev. 13079) starts on 22Dec2016 at 11:57: 0 

     This program is part of the open-source Quantum ESPRESSO suite
     for quantum simulation of materials; please cite
         "P. Giannozzi et al., J. Phys.:Condens. Matter 21 395502 (2009);
          URL http://www.quantum-espresso.org", 
     in publications or presentations arising from this work. More details at
     http://www.quantum-espresso.org/quote

     Parallel version (MPI), running on     8 processors
     R & G space division:  proc/nbgrp/npool/nimage =       8

     ***** This is GIPAW svn revision unknown      *****

     Parallelizing q-star over 1 images

     Reading data from directory:
     /users/majewski/paradichlorobenzene/pbe/9_constraint/scratch/pbe.ecut100.np8.dt60.pcl2phi-129368.save
     Message from routine read_xml_file:
     file /users/majewski/paradichlorobenzene/pbe/9_constraint/scratch/pbe.ecut100.np8.dt60.pcl2phi-129368.save not guaranteed to be safe for post-processing

   Info: using nr1, nr2, nr3 values from input

   Info: using nr1, nr2, nr3 values from input

     IMPORTANT: XC functional enforced from input :
     Exchange-correlation      =  SLA  PW   PBX  PBC ( 1  4  3  4 0 0)
     Any further DFT definition will be discarded
     Please, verify this is what you really want

               file C.pbe-n-kjpaw_psl.1.0.0.UPF: wavefunction(s)  2S 2P renormalized
               file Cl.pbe-n-kjpaw_psl.1.0.0.UPF: wavefunction(s)  3S 3P renormalized
               file H.pbe-kjpaw_psl.1.0.0.UPF: wavefunction(s)  1S renormalized

     Parallelization info
     --------------------
     sticks:   dense  smooth     PW     G-vecs:    dense   smooth      PW
     Min        3057    1223    332               144436    36536    5170
     Max        3059    1225    333               144437    36537    5171
     Sum       24467    9791   2657              1155489   292295   41363


     Subspace diagonalization in iterative solution of the eigenvalue problem:
     a serial algorithm will be used

     GIPAW projectors -----------------------------------------------
     atom=  C    l=0  rc=    1.2000  rs=    0.8000
     atom=  C    l=0  rc=    1.2000  rs=    0.8000
     atom=  C    l=1  rc=    1.4000  rs=    0.9333
     atom=  C    l=1  rc=    1.4000  rs=    0.9333
     projs nearly linearly dependent: l=1  n1,n2= 1, 2  s=  0.99951561

     atom=  Cl   l=0  rc=    1.6000  rs=    1.0667
     atom=  Cl   l=0  rc=    1.6000  rs=    1.0667
     atom=  Cl   l=1  rc=    1.6000  rs=    1.0667
     atom=  Cl   l=1  rc=    1.6000  rs=    1.0667
     atom=  Cl   l=2  rc=    1.6000  rs=    1.0667
     atom=  Cl   l=2  rc=    1.6000  rs=    1.0667
     projs nearly linearly dependent: l=2  n1,n2= 1, 2  s=  0.99993509

     atom=  H    l=0  rc=    1.0000  rs=    0.6667
     atom=  H    l=0  rc=    1.0000  rs=    0.6667
     projs nearly linearly dependent: l=0  n1,n2= 1, 2  s=  0.99968852
     -----------------------------------------------------------------

     GIPAW integrals: -------------------------------------------
     Atom  i/j   nmr_para   nmr_dia   epr_rmc  epr_para   epr_dia
       C   1 1   0.83E+03  0.17E-01  0.93E+01  0.24E+08  0.24E+03
       C   2 1   0.86E+03 -0.61E-01  0.94E+01  0.25E+08  0.25E+03
       C   2 2   0.90E+03 -0.15E+00  0.97E+01  0.26E+08  0.26E+03
       C   3 3   0.33E+01  0.34E+00  0.18E+01  0.55E+03  0.21E+02
       C   4 3   0.35E+01  0.37E+00  0.20E+01  0.59E+03  0.22E+02
       C   4 4   0.38E+01  0.39E+00  0.22E+01  0.63E+03  0.24E+02
       Cl  1 1   0.14E+04 -0.47E+00  0.84E+01  0.32E+09  0.42E+03
       Cl  2 1   0.21E+04 -0.37E+00  0.12E+02  0.49E+09  0.65E+03
       Cl  2 2   0.33E+04 -0.16E+00  0.21E+02  0.76E+09  0.10E+04
       Cl  3 3   0.21E+02  0.79E-01  0.89E+01  0.23E+05  0.13E+03
       Cl  4 3   0.24E+02  0.67E-01  0.99E+01  0.27E+05  0.15E+03
       Cl  4 4   0.28E+02  0.44E-01  0.11E+02  0.32E+05  0.18E+03
       Cl  5 5   0.77E+00  0.19E+00  0.18E+01  0.12E+03  0.22E+02
       Cl  6 5   0.80E+00  0.19E+00  0.19E+01  0.12E+03  0.23E+02
       Cl  6 6   0.83E+00  0.20E+00  0.19E+01  0.12E+03  0.23E+02
       H   1 1   0.39E+02  0.19E+00  0.29E+00  0.78E+05  0.13E+02
       H   2 1   0.41E+02  0.21E+00  0.32E+00  0.82E+05  0.14E+02
       H   2 2   0.43E+02  0.22E+00  0.36E+00  0.86E+05  0.15E+02
     ------------------------------------------------------------

     alpha_pv=     34.4706 eV

     Number of occupied bands for each k-point:
     k-point:     1    nbnd_occ=  42
     k-point:     2    nbnd_occ=  42
     k-point:     3    nbnd_occ=  42
     k-point:     4    nbnd_occ=  42
     k-point:     5    nbnd_occ=  42
     k-point:     6    nbnd_occ=  42
     k-point:     7    nbnd_occ=  42
     k-point:     8    nbnd_occ=  42
     k-point:     9    nbnd_occ=  42
     k-point:    10    nbnd_occ=  42
     k-point:    11    nbnd_occ=  42
     k-point:    12    nbnd_occ=  42
     k-point:    13    nbnd_occ=  42
     k-point:    14    nbnd_occ=  42
     k-point:    15    nbnd_occ=  42
     k-point:    16    nbnd_occ=  42


     q-space interpolation up to   110.00 Rydberg

     GIPAW job: efg                                                                             


     ELECTRIC FIELD GRADIENTS TENSORS IN Hartree/bohrradius^2:

     ----- bare term -----
     Cl   1       -0.078979        0.135639       -0.004971
     Cl   1        0.135639        0.000053       -0.002128
     Cl   1       -0.004971       -0.002128        0.078926

     C    2       -0.096374        0.081713       -0.186138
     C    2        0.081713       -0.000894       -0.575876
     C    2       -0.186138       -0.575876        0.097268

     C    3       -0.103128        0.103465        0.133049
     C    3        0.103465       -0.080862        0.024710
     C    3        0.133049        0.024710        0.183989

     H    4       -0.149026       -0.411840        0.037803
     H    4       -0.411840       -0.170937        0.179125
     H    4        0.037803        0.179125        0.319964

     C    5       -0.191012       -0.122222       -0.185858
     C    5       -0.122222       -0.050504       -0.075138
     C    5       -0.185858       -0.075138        0.241517

     H    6        0.424561        0.038928       -0.123527
     H    6        0.038928       -0.656690        0.183757
     H    6       -0.123527        0.183757        0.232129

     H    7        0.383214        0.072768        0.296932
     H    7        0.072768        0.036879        0.236147
     H    7        0.296932        0.236147       -0.420093

     C    8       -0.731772       -0.397580       -0.365545
     C    8       -0.397580        0.451854        0.231970
     C    8       -0.365545        0.231970        0.279918

     H    9        0.060781        0.094247       -0.427346
     H    9        0.094247        0.416186       -0.117669
     H    9       -0.427346       -0.117669       -0.476967

     C   10       -0.112216       -0.229606       -0.217481
     C   10       -0.229606       -0.117417        0.571486
     C   10       -0.217481        0.571486        0.229633

     C   11       -0.282957       -0.267113       -0.212049
     C   11       -0.267113       -0.102251        0.423333
     C   11       -0.212049        0.423333        0.385209

     Cl  12       -0.025251        0.084854       -0.033459
     Cl  12        0.084854        0.160512        0.041140
     Cl  12       -0.033459        0.041140       -0.135261

     H   13        0.378412       -0.049497       -0.059613
     H   13       -0.049497       -0.534167       -0.525444
     H   13       -0.059613       -0.525444        0.155754

     C   14       -0.609705        0.362193       -0.414449
     C   14        0.362193        0.268209       -0.292211
     C   14       -0.414449       -0.292211        0.341496

     H   15       -0.506443       -0.390082       -0.017922
     H   15       -0.390082        0.341451       -0.011749
     H   15       -0.017922       -0.011749        0.164991

     C   16       -0.135845        0.272290       -0.230876
     C   16        0.272290       -0.297860       -0.521395
     C   16       -0.230876       -0.521395        0.433704

     C   17       -0.199339        0.203403       -0.226447
     C   17        0.203403       -0.300715       -0.515833
     C   17       -0.226447       -0.515833        0.500054

     Cl  18       -0.068807       -0.010785       -0.065704
     Cl  18       -0.010785       -0.064843       -0.040076
     Cl  18       -0.065704       -0.040076        0.133650

     H   19        0.301555       -0.110753        0.294117
     H   19       -0.110753       -0.054482        0.542465
     H   19        0.294117        0.542465       -0.247073

     C   20       -0.119260        0.166947       -0.484023
     C   20        0.166947       -0.151071        0.395367
     C   20       -0.484023        0.395367        0.270331

     H   21       -0.044432        0.130062       -0.361544
     H   21        0.130062        0.167640        0.506623
     H   21       -0.361544        0.506623       -0.123209

     C   22       -0.539257       -0.333586       -0.357073
     C   22       -0.333586        0.104863        0.091403
     C   22       -0.357073        0.091403        0.434394

     C   23       -0.026921        0.163477       -0.371169
     C   23        0.163477       -0.114934        0.560530
     C   23       -0.371169        0.560530        0.141855

     Cl  24       -0.251131       -0.230619       -0.097118
     Cl  24       -0.230619       -0.063907       -0.110951
     Cl  24       -0.097118       -0.110951        0.315038

     ----- ionic term -----
     Cl   1        0.172243       -0.178437        0.059672
     Cl   1       -0.178437       -0.010189       -0.030446
     Cl   1        0.059672       -0.030446       -0.162054

     C    2        0.331837       -0.070286        0.266970
     C    2       -0.070286        0.157123        0.299029
     C    2        0.266970        0.299029       -0.488960

     C    3        0.221377       -0.135821        0.135546
     C    3       -0.135821        0.259032        0.342889
     C    3        0.135546        0.342889       -0.480409

     H    4        0.583366        0.541465        0.478954
     H    4        0.541465       -0.174204        0.298500
     H    4        0.478954        0.298500       -0.409162

     C    5        0.409350       -0.086390        0.152339
     C    5       -0.086390        0.076769        0.292620
     C    5        0.152339        0.292620       -0.486118

     H    6       -0.477170       -0.039949       -0.036439
     H    6       -0.039949        0.723572        0.647373
     H    6       -0.036439        0.647373       -0.246402

     H    7       -0.514027        0.121553       -0.072797
     H    7        0.121553        0.307608       -0.802115
     H    7       -0.072797       -0.802115        0.206418

     C    8        0.298567        0.291557        0.381718
     C    8        0.291557       -0.134270       -0.280735
     C    8        0.381718       -0.280735       -0.164298

     H    9        0.416278       -0.310218        0.736040
     H    9       -0.310218       -0.431173       -0.299180
     H    9        0.736040       -0.299180        0.014895

     C   10        0.152011        0.317144        0.214128
     C   10        0.317144        0.034218       -0.366373
     C   10        0.214128       -0.366373       -0.186229

     C   11        0.087687        0.268890        0.208126
     C   11        0.268890        0.060171       -0.413717
     C   11        0.208126       -0.413717       -0.147858

     Cl  12        0.123039        0.233547        0.008051
     Cl  12        0.233547        0.027605        0.005046
     Cl  12        0.008051        0.005046       -0.150644

     H   13       -0.528045        0.132024        0.057955
     H   13        0.132024        0.855616        0.578777
     H   13        0.057955        0.578777       -0.327571

     C   14        0.411383       -0.082963        0.175722
     C   14       -0.082963        0.080720        0.292520
     C   14        0.175722        0.292520       -0.492104

     H   15        0.759357        0.500790        0.403569
     H   15        0.500790       -0.297068        0.218392
     H   15        0.403569        0.218392       -0.462288

     C   16        0.226990       -0.159744        0.066848
     C   16       -0.159744        0.290686        0.378172
     C   16        0.066848        0.378172       -0.517676

     C   17        0.239695       -0.060564        0.087098
     C   17       -0.060564        0.263795        0.437503
     C   17        0.087098        0.437503       -0.503491

     Cl  18        0.162221       -0.209494       -0.056128
     Cl  18       -0.209494       -0.033111        0.035785
     Cl  18       -0.056128        0.035785       -0.129110

     H   19       -0.517913        0.044995       -0.022757
     H   19        0.044995        0.427938       -0.780971
     H   19       -0.022757       -0.780971        0.089974

     C   20        0.241763        0.262230        0.230690
     C   20        0.262230       -0.026509       -0.318169
     C   20        0.230690       -0.318169       -0.215253

     H   21        0.495239       -0.296200        0.723051
     H   21       -0.296200       -0.429436       -0.281032
     H   21        0.723051       -0.281032       -0.065804

     C   22        0.171539        0.280200        0.185086
     C   22        0.280200        0.105783       -0.384337
     C   22        0.185086       -0.384337       -0.277322

     C   23        0.188451        0.266277        0.409464
     C   23        0.266277        0.016631       -0.326765
     C   23        0.409464       -0.326765       -0.205082

     Cl  24        0.134390        0.236043        0.060587
     Cl  24        0.236043        0.023759        0.033718
     Cl  24        0.060587        0.033718       -0.158149

     ----- GIPAW term -----
     Cl   1        0.446119        1.037582        0.097652
     Cl   1        1.037582        1.758115        0.301137
     Cl   1        0.097652        0.301137       -2.204234

     C    2       -0.040198        0.028002       -0.085929
     C    2        0.028002        0.064413       -0.195345
     C    2       -0.085929       -0.195345       -0.024214

     C    3       -0.017420       -0.003448        0.016247
     C    3       -0.003448        0.013374       -0.005387
     C    3        0.016247       -0.005387        0.004046

     H    4       -0.000000        0.000000        0.000000
     H    4        0.000000        0.000000        0.000000
     H    4        0.000000        0.000000        0.000000

     C    5       -0.044074       -0.023257        0.006035
     C    5       -0.023257       -0.013279       -0.059762
     C    5        0.006035       -0.059762        0.057354

     H    6       -0.000000        0.000000        0.000000
     H    6        0.000000        0.000000        0.000000
     H    6        0.000000        0.000000        0.000000

     H    7       -0.000000        0.000000        0.000000
     H    7        0.000000        0.000000        0.000000
     H    7        0.000000        0.000000        0.000000

     C    8       -0.197075       -0.130253       -0.059039
     C    8       -0.130253        0.269144        0.090208
     C    8       -0.059039        0.090208       -0.072069

     H    9       -0.000000        0.000000        0.000000
     H    9        0.000000        0.000000        0.000000
     H    9        0.000000        0.000000        0.000000

     C   10       -0.125705       -0.059120       -0.082197
     C   10       -0.059120        0.045072        0.234891
     C   10       -0.082197        0.234891        0.080633

     C   11        0.039051        0.156381        0.007953
     C   11        0.156381        0.026299        0.097292
     C   11        0.007953        0.097292       -0.065349

     Cl  12        0.602759        2.596768       -0.144326
     Cl  12        2.596768        1.866938        0.479950
     Cl  12       -0.144326        0.479950       -2.469697

     H   13       -0.000000        0.000000        0.000000
     H   13        0.000000        0.000000        0.000000
     H   13        0.000000        0.000000        0.000000

     C   14       -0.130249        0.135499       -0.071502
     C   14        0.135499        0.152524       -0.061008
     C   14       -0.071502       -0.061008       -0.022275

     H   15       -0.000000        0.000000        0.000000
     H   15        0.000000        0.000000        0.000000
     H   15        0.000000        0.000000        0.000000

     C   16       -0.046027        0.030164       -0.056483
     C   16        0.030164       -0.042784       -0.066200
     C   16       -0.056483       -0.066200        0.088811

     C   17       -0.041618       -0.092332        0.009345
     C   17       -0.092332       -0.089423       -0.162970
     C   17        0.009345       -0.162970        0.131041

     Cl  18        0.795899       -2.201343       -0.624284
     Cl  18       -2.201343       -0.514886       -0.315228
     Cl  18       -0.624284       -0.315228       -0.281012

     H   19       -0.000000        0.000000        0.000000
     H   19        0.000000        0.000000        0.000000
     H   19        0.000000        0.000000        0.000000

     C   20        0.019028        0.163761       -0.178124
     C   20        0.163761       -0.045869       -0.024770
     C   20       -0.178124       -0.024770        0.026840

     H   21       -0.000000        0.000000        0.000000
     H   21        0.000000        0.000000        0.000000
     H   21        0.000000        0.000000        0.000000

     C   22       -0.131175        0.090116       -0.139836
     C   22        0.090116        0.119167       -0.132838
     C   22       -0.139836       -0.132838        0.012008

     C   23        0.014856        0.193103       -0.073614
     C   23        0.193103        0.099971        0.011241
     C   23       -0.073614        0.011241       -0.114827

     Cl  24       -0.679947        1.375111       -1.155334
     Cl  24        1.375111       -0.589221       -1.596798
     Cl  24       -1.155334       -1.596798        1.269167

     ----- total EFG -----
     Cl   1        0.539383        0.994784        0.152353
     Cl   1        0.994784        1.747978        0.268563
     Cl   1        0.152353        0.268563       -2.287361

     C    2        0.195265        0.039429       -0.005096
     C    2        0.039429        0.220641       -0.472193
     C    2       -0.005096       -0.472193       -0.415907

     C    3        0.100830       -0.035804        0.284841
     C    3       -0.035804        0.191544        0.362212
     C    3        0.284841        0.362212       -0.292374

     H    4        0.434340        0.129625        0.516757
     H    4        0.129625       -0.345142        0.477625
     H    4        0.516757        0.477625       -0.089198

     C    5        0.174263       -0.231870       -0.027484
     C    5       -0.231870        0.012985        0.157720
     C    5       -0.027484        0.157720       -0.187248

     H    6       -0.052608       -0.001021       -0.159966
     H    6       -0.001021        0.066882        0.831130
     H    6       -0.159966        0.831130       -0.014274

     H    7       -0.130813        0.194322        0.224135
     H    7        0.194322        0.344487       -0.565968
     H    7        0.224135       -0.565968       -0.213674

     C    8       -0.630279       -0.236276       -0.042866
     C    8       -0.236276        0.586729        0.041444
     C    8       -0.042866        0.041444        0.043551

     H    9        0.477059       -0.215971        0.308694
     H    9       -0.215971       -0.014987       -0.416850
     H    9        0.308694       -0.416850       -0.462072

     C   10       -0.085909        0.028418       -0.085550
     C   10        0.028418       -0.038128        0.440003
     C   10       -0.085550        0.440003        0.124037

     C   11       -0.156220        0.158158        0.004029
     C   11        0.158158       -0.015782        0.106909
     C   11        0.004029        0.106909        0.172002

     Cl  12        0.700547        2.915168       -0.169734
     Cl  12        2.915168        2.055055        0.526136
     Cl  12       -0.169734        0.526136       -2.755602

     H   13       -0.149632        0.082527       -0.001658
     H   13        0.082527        0.321450        0.053334
     H   13       -0.001658        0.053334       -0.171817

     C   14       -0.328571        0.414728       -0.310229
     C   14        0.414728        0.501454       -0.060699
     C   14       -0.310229       -0.060699       -0.172883

     H   15        0.252914        0.110709        0.385647
     H   15        0.110709        0.044383        0.206643
     H   15        0.385647        0.206643       -0.297297

     C   16        0.045117        0.142710       -0.220512
     C   16        0.142710       -0.049957       -0.209423
     C   16       -0.220512       -0.209423        0.004840

     C   17       -0.001261        0.050507       -0.130004
     C   17        0.050507       -0.126343       -0.241299
     C   17       -0.130004       -0.241299        0.127604

     Cl  18        0.889312       -2.421621       -0.746116
     Cl  18       -2.421621       -0.612841       -0.319519
     Cl  18       -0.746116       -0.319519       -0.276472

     H   19       -0.216358       -0.065757        0.271359
     H   19       -0.065757        0.373457       -0.238506
     H   19        0.271359       -0.238506       -0.157099

     C   20        0.141531        0.592938       -0.431458
     C   20        0.592938       -0.223450        0.052428
     C   20       -0.431458        0.052428        0.081918

     H   21        0.450808       -0.166137        0.361507
     H   21       -0.166137       -0.261795        0.225590
     H   21        0.361507        0.225590       -0.189012

     C   22       -0.498894        0.036730       -0.311823
     C   22        0.036730        0.329814       -0.425772
     C   22       -0.311823       -0.425772        0.169080

     C   23        0.176386        0.622858       -0.035320
     C   23        0.622858        0.001667        0.245005
     C   23       -0.035320        0.245005       -0.178054

     Cl  24       -0.796687        1.380535       -1.191865
     Cl  24        1.380535       -0.629369       -1.674031
     Cl  24       -1.191865       -1.674031        1.426056

     ----- total EFG (symmetrized) -----
     Cl   1        0.539383        0.994784        0.152353
     Cl   1        0.994784        1.747978        0.268563
     Cl   1        0.152353        0.268563       -2.287361

     C    2        0.195265        0.039429       -0.005096
     C    2        0.039429        0.220641       -0.472193
     C    2       -0.005096       -0.472193       -0.415907

     C    3        0.100830       -0.035804        0.284841
     C    3       -0.035804        0.191544        0.362212
     C    3        0.284841        0.362212       -0.292374

     H    4        0.434340        0.129625        0.516757
     H    4        0.129625       -0.345142        0.477625
     H    4        0.516757        0.477625       -0.089198

     C    5        0.174263       -0.231870       -0.027484
     C    5       -0.231870        0.012985        0.157720
     C    5       -0.027484        0.157720       -0.187248

     H    6       -0.052608       -0.001021       -0.159966
     H    6       -0.001021        0.066882        0.831130
     H    6       -0.159966        0.831130       -0.014274

     H    7       -0.130813        0.194322        0.224135
     H    7        0.194322        0.344487       -0.565968
     H    7        0.224135       -0.565968       -0.213674

     C    8       -0.630279       -0.236276       -0.042866
     C    8       -0.236276        0.586729        0.041444
     C    8       -0.042866        0.041444        0.043551

     H    9        0.477059       -0.215971        0.308694
     H    9       -0.215971       -0.014987       -0.416850
     H    9        0.308694       -0.416850       -0.462072

     C   10       -0.085909        0.028418       -0.085550
     C   10        0.028418       -0.038128        0.440003
     C   10       -0.085550        0.440003        0.124037

     C   11       -0.156220        0.158158        0.004029
     C   11        0.158158       -0.015782        0.106909
     C   11        0.004029        0.106909        0.172002

     Cl  12        0.700547        2.915168       -0.169734
     Cl  12        2.915168        2.055055        0.526136
     Cl  12       -0.169734        0.526136       -2.755602

     H   13       -0.149632        0.082527       -0.001658
     H   13        0.082527        0.321450        0.053334
     H   13       -0.001658        0.053334       -0.171817

     C   14       -0.328571        0.414728       -0.310229
     C   14        0.414728        0.501454       -0.060699
     C   14       -0.310229       -0.060699       -0.172883

     H   15        0.252914        0.110709        0.385647
     H   15        0.110709        0.044383        0.206643
     H   15        0.385647        0.206643       -0.297297

     C   16        0.045117        0.142710       -0.220512
     C   16        0.142710       -0.049957       -0.209423
     C   16       -0.220512       -0.209423        0.004840

     C   17       -0.001261        0.050507       -0.130004
     C   17        0.050507       -0.126343       -0.241299
     C   17       -0.130004       -0.241299        0.127604

     Cl  18        0.889312       -2.421621       -0.746116
     Cl  18       -2.421621       -0.612841       -0.319519
     Cl  18       -0.746116       -0.319519       -0.276472

     H   19       -0.216358       -0.065757        0.271359
     H   19       -0.065757        0.373457       -0.238506
     H   19        0.271359       -0.238506       -0.157099

     C   20        0.141531        0.592938       -0.431458
     C   20        0.592938       -0.223450        0.052428
     C   20       -0.431458        0.052428        0.081918

     H   21        0.450808       -0.166137        0.361507
     H   21       -0.166137       -0.261795        0.225590
     H   21        0.361507        0.225590       -0.189012

     C   22       -0.498894        0.036730       -0.311823
     C   22        0.036730        0.329814       -0.425772
     C   22       -0.311823       -0.425772        0.169080

     C   23        0.176386        0.622858       -0.035320
     C   23        0.622858        0.001667        0.245005
     C   23       -0.035320        0.245005       -0.178054

     Cl  24       -0.796687        1.380535       -1.191865
     Cl  24        1.380535       -0.629369       -1.674031
     Cl  24       -1.191865       -1.674031        1.426056


     NQR/NMR SPECTROSCOPIC PARAMETERS:
     Cl   1    Vxx=   -0.0203    axis=(  0.871514 -0.490371  0.000477)
     Cl   1    Vyy=   -2.3080    axis=(  0.033146  0.057937 -0.997770)
     Cl   1    Vzz=    2.3283    axis=(  0.489250  0.869586  0.066746)
     Cl   1  Q=        -8.1650 1e-30 m^2  Cq=       -44.6669 MHz  eta= 0.98259

     C    2    Vxx=    0.1906    axis=(  0.991233 -0.108161  0.075883)
     C    2    Vyy=    0.4767    axis=(  0.131120  0.876002 -0.464142)
     C    2    Vzz=   -0.6673    axis=( -0.016271  0.470022  0.882504)
     C    2  Q=         1.0000 1e-30 m^2  Cq=        -1.5679 MHz  eta= 0.42883

     C    3    Vxx=    0.1638    axis=(  0.849585 -0.512840  0.123292)
     C    3    Vyy=    0.4277    axis=(  0.379998  0.757229  0.531230)
     C    3    Vzz=   -0.5915    axis=( -0.365796 -0.404474  0.838209)
     C    3  Q=         1.0000 1e-30 m^2  Cq=        -1.3897 MHz  eta= 0.44619

     H    4    Vxx=   -0.1094    axis=(  0.606085 -0.635562 -0.478248)
     H    4    Vyy=   -0.7583    axis=(  0.213908  0.709358 -0.671606)
     H    4    Vzz=    0.8676    axis=( -0.766097 -0.304749 -0.565883)
     H    4  Q=         1.0000 1e-30 m^2  Cq=         2.0385 MHz  eta= 0.74793

     C    5    Vxx=   -0.0679    axis=(  0.592550  0.549098  0.589386)
     C    5    Vyy=   -0.2958    axis=(  0.239698  0.578337 -0.779789)
     C    5    Vzz=    0.3637    axis=( -0.769045  0.603338  0.211076)
     C    5  Q=         1.0000 1e-30 m^2  Cq=         0.8546 MHz  eta= 0.62641

     H    6    Vxx=   -0.0487    axis=( -0.981471 -0.189946  0.025208)
     H    6    Vyy=   -0.8232    axis=(  0.149154 -0.674769  0.722800)
     H    6    Vzz=    0.8719    axis=(  0.120283 -0.713167 -0.690597)
     H    6  Q=         1.0000 1e-30 m^2  Cq=         2.0486 MHz  eta= 0.88829

     H    7    Vxx=    0.0140    axis=(  0.890844  0.186025  0.414477)
     H    7    Vyy=    0.6993    axis=( -0.061085 -0.854993  0.515029)
     H    7    Vzz=   -0.7133    axis=(  0.450183 -0.484129 -0.750302)
     H    7  Q=         1.0000 1e-30 m^2  Cq=        -1.6761 MHz  eta= 0.96062

     C    8    Vxx=    0.0412    axis=( -0.032053 -0.089509  0.995470)
     C    8    Vyy=    0.6350    axis=(  0.185632 -0.979186 -0.082068)
     C    8    Vzz=   -0.6762    axis=(  0.982096  0.182161  0.048001)
     C    8  Q=         1.0000 1e-30 m^2  Cq=        -1.5888 MHz  eta= 0.87813

     H    9    Vxx=    0.0019    axis=(  0.556192  0.767273 -0.319283)
     H    9    Vyy=    0.7314    axis=( -0.819189  0.441488 -0.366084)
     H    9    Vzz=   -0.7333    axis=( -0.139927  0.465166  0.874094)
     H    9  Q=         1.0000 1e-30 m^2  Cq=        -1.7230 MHz  eta= 0.99477

     C   10    Vxx=   -0.0723    axis=(  0.971153  0.224583 -0.080153)
     C   10    Vyy=   -0.4220    axis=( -0.223687  0.741525 -0.632538)
     C   10    Vzz=    0.4943    axis=( -0.082622  0.632220  0.770371)
     C   10  Q=         1.0000 1e-30 m^2  Cq=         1.1614 MHz  eta= 0.70757

     C   11    Vxx=    0.0313    axis=(  0.545531  0.659802 -0.516776)
     C   11    Vyy=    0.2351    axis=(  0.207271  0.491240  0.846003)
     C   11    Vzz=   -0.2663    axis=(  0.812056 -0.568634  0.131228)
     C   11  Q=         1.0000 1e-30 m^2  Cq=        -0.6257 MHz  eta= 0.76531

     Cl  12    Vxx=   -1.4543    axis=( -0.749918  0.573520  0.329693)
     Cl  12    Vyy=   -2.9295    axis=(  0.233885 -0.236331  0.943104)
     Cl  12    Vzz=    4.3838    axis=(  0.618806  0.784361  0.043091)
     Cl  12  Q=        -8.1650 1e-30 m^2  Cq=       -84.1014 MHz  eta= 0.33652

     H   13    Vxx=   -0.1579    axis=(  0.873349 -0.097252 -0.477287)
     H   13    Vyy=   -0.1829    axis=( -0.458390  0.167306 -0.872861)
     H   13    Vzz=    0.3408    axis=(  0.164741  0.981097  0.101537)
     H   13  Q=         1.0000 1e-30 m^2  Cq=         0.8008 MHz  eta= 0.07333

     C   14    Vxx=   -0.0578    axis=(  0.386022 -0.377595 -0.841670)
     C   14    Vyy=   -0.6523    axis=(  0.823644 -0.269823  0.498804)
     C   14    Vzz=    0.7101    axis=(  0.415447  0.885787 -0.206846)
     C   14  Q=         1.0000 1e-30 m^2  Cq=         1.6685 MHz  eta= 0.83713

     H   15    Vxx=   -0.0020    axis=(  0.448099 -0.893099 -0.039767)
     H   15    Vyy=   -0.5290    axis=( -0.401681 -0.240878  0.883533)
     H   15    Vzz=    0.5309    axis=( -0.798661 -0.379937 -0.466678)
     H   15  Q=         1.0000 1e-30 m^2  Cq=         1.2475 MHz  eta= 0.99261

     C   16    Vxx=   -0.1427    axis=( -0.747210  0.622132 -0.233729)
     C   16    Vyy=   -0.2447    axis=(  0.270669  0.606079  0.747935)
     C   16    Vzz=    0.3873    axis=( -0.606972 -0.495601  0.621260)
     C   16  Q=         1.0000 1e-30 m^2  Cq=         0.9101 MHz  eta= 0.26329

     C   17    Vxx=   -0.0559    axis=(  0.918070 -0.285169  0.275364)
     C   17    Vyy=   -0.2744    axis=(  0.099836  0.838567  0.535573)
     C   17    Vzz=    0.3304    axis=( -0.383640 -0.464203  0.798334)
     C   17  Q=         1.0000 1e-30 m^2  Cq=         0.7763 MHz  eta= 0.66135

     Cl  18    Vxx=   -0.1217    axis=( -0.060610 -0.316930  0.946510)
     Cl  18    Vyy=   -2.6100    axis=(  0.585614  0.756614  0.290845)
     Cl  18    Vzz=    2.7317    axis=( -0.808321  0.571918  0.139741)
     Cl  18  Q=        -8.1650 1e-30 m^2  Cq=       -52.4061 MHz  eta= 0.91089

     H   19    Vxx=   -0.0279    axis=( -0.675928 -0.455142 -0.579626)
     H   19    Vyy=   -0.4757    axis=(  0.698006 -0.143032 -0.701662)
     H   19    Vzz=    0.5036    axis=(  0.236451 -0.878856  0.414372)
     H   19  Q=         1.0000 1e-30 m^2  Cq=         1.1833 MHz  eta= 0.88905

     C   20    Vxx=    0.0294    axis=(  0.166750  0.559333  0.811998)
     C   20    Vyy=    0.7457    axis=( -0.766833 -0.444109  0.463394)
     C   20    Vzz=   -0.7751    axis=(  0.619808 -0.699938  0.354860)
     C   20  Q=         1.0000 1e-30 m^2  Cq=        -1.8211 MHz  eta= 0.92406

     H   21    Vxx=   -0.0323    axis=(  0.203746 -0.757387 -0.620365)
     H   21    Vyy=   -0.5856    axis=(  0.341232  0.648860 -0.680104)
     H   21    Vzz=    0.6179    axis=(  0.917632 -0.073120  0.390647)
     H   21  Q=         1.0000 1e-30 m^2  Cq=         1.4519 MHz  eta= 0.89538

     C   22    Vxx=   -0.0861    axis=( -0.408350  0.670359  0.619572)
     C   22    Vyy=   -0.6407    axis=( -0.892864 -0.152159 -0.423842)
     C   22    Vzz=    0.7267    axis=( -0.189853 -0.726269  0.660673)
     C   22  Q=         1.0000 1e-30 m^2  Cq=         1.7075 MHz  eta= 0.76312

     C   23    Vxx=   -0.1013    axis=( -0.388599  0.223937  0.893780)
     C   23    Vyy=   -0.6370    axis=( -0.562492  0.710635 -0.422611)
     C   23    Vzz=    0.7384    axis=( -0.729790 -0.666971 -0.150189)
     C   23  Q=         1.0000 1e-30 m^2  Cq=         1.7349 MHz  eta= 0.72558

     Cl  24    Vxx=   -0.9940    axis=(  0.639353  0.448096  0.624851)
     Cl  24    Vyy=   -2.1336    axis=( -0.652428  0.746184  0.132464)
     Cl  24    Vzz=    3.1276    axis=( -0.406897 -0.492362  0.769425)
     Cl  24  Q=        -8.1650 1e-30 m^2  Cq=       -60.0010 MHz  eta= 0.36439

     Initialization:
     gipaw_setup  :      9.01s CPU     10.67s WALL (       1 calls)

     Linear response

     Apply operators

     Induced current

     Other routines
     efg          :      9.28s CPU     11.77s WALL (       1 calls)

     General routines
     calbec       :      3.19s CPU      4.29s WALL (      16 calls)
     fft          :      1.73s CPU      2.95s WALL (      15 calls)
     ffts         :      0.04s CPU      0.05s WALL (       2 calls)
     fftw         :      3.34s CPU      4.14s WALL (     672 calls)
     davcio       :      0.00s CPU      0.33s WALL (      32 calls)

     Parallel routines
     fft_scatter  :      2.45s CPU      4.40s WALL (     689 calls)

     Plugins

     GIPAW        :     60.81s CPU     72.99s WALL (       1 calls)
