
     Program QE v.6.0 (svn rev. 13079) starts on 11Jan2017 at  2:35:51 

     This program is part of the open-source Quantum ESPRESSO suite
     for quantum simulation of materials; please cite
         "P. Giannozzi et al., J. Phys.:Condens. Matter 21 395502 (2009);
          URL http://www.quantum-espresso.org", 
     in publications or presentations arising from this work. More details at
     http://www.quantum-espresso.org/quote

     Parallel version (MPI), running on     8 processors
     R & G space division:  proc/nbgrp/npool/nimage =       8

     ***** This is GIPAW svn revision unknown      *****

     Parallelizing q-star over 1 images

     Reading data from directory:
     /users/majewski/paradichlorobenzene/pbe/9_constraint/scratch/pbe.ecut100.np8.dt60.pcl2phi-129368.save
     Message from routine read_xml_file:
     file /users/majewski/paradichlorobenzene/pbe/9_constraint/scratch/pbe.ecut100.np8.dt60.pcl2phi-129368.save not guaranteed to be safe for post-processing

   Info: using nr1, nr2, nr3 values from input

   Info: using nr1, nr2, nr3 values from input

     IMPORTANT: XC functional enforced from input :
     Exchange-correlation      =  SLA  PW   PBX  PBC ( 1  4  3  4 0 0)
     Any further DFT definition will be discarded
     Please, verify this is what you really want

               file C.pbe-n-kjpaw_psl.1.0.0.UPF: wavefunction(s)  2S 2P renormalized
               file Cl.pbe-n-kjpaw_psl.1.0.0.UPF: wavefunction(s)  3S 3P renormalized
               file H.pbe-kjpaw_psl.1.0.0.UPF: wavefunction(s)  1S renormalized

     Parallelization info
     --------------------
     sticks:   dense  smooth     PW     G-vecs:    dense   smooth      PW
     Min        3057    1223    332               144436    36536    5170
     Max        3059    1225    333               144437    36537    5171
     Sum       24467    9791   2657              1155489   292295   41363


     Subspace diagonalization in iterative solution of the eigenvalue problem:
     a serial algorithm will be used

     GIPAW projectors -----------------------------------------------
     atom=  C    l=0  rc=    1.2000  rs=    0.8000
     atom=  C    l=0  rc=    1.2000  rs=    0.8000
     atom=  C    l=1  rc=    1.4000  rs=    0.9333
     atom=  C    l=1  rc=    1.4000  rs=    0.9333
     projs nearly linearly dependent: l=1  n1,n2= 1, 2  s=  0.99951561

     atom=  Cl   l=0  rc=    1.6000  rs=    1.0667
     atom=  Cl   l=0  rc=    1.6000  rs=    1.0667
     atom=  Cl   l=1  rc=    1.6000  rs=    1.0667
     atom=  Cl   l=1  rc=    1.6000  rs=    1.0667
     atom=  Cl   l=2  rc=    1.6000  rs=    1.0667
     atom=  Cl   l=2  rc=    1.6000  rs=    1.0667
     projs nearly linearly dependent: l=2  n1,n2= 1, 2  s=  0.99993509

     atom=  H    l=0  rc=    1.0000  rs=    0.6667
     atom=  H    l=0  rc=    1.0000  rs=    0.6667
     projs nearly linearly dependent: l=0  n1,n2= 1, 2  s=  0.99968852
     -----------------------------------------------------------------

     GIPAW integrals: -------------------------------------------
     Atom  i/j   nmr_para   nmr_dia   epr_rmc  epr_para   epr_dia
       C   1 1   0.83E+03  0.17E-01  0.93E+01  0.24E+08  0.24E+03
       C   2 1   0.86E+03 -0.61E-01  0.94E+01  0.25E+08  0.25E+03
       C   2 2   0.90E+03 -0.15E+00  0.97E+01  0.26E+08  0.26E+03
       C   3 3   0.33E+01  0.34E+00  0.18E+01  0.55E+03  0.21E+02
       C   4 3   0.35E+01  0.37E+00  0.20E+01  0.59E+03  0.22E+02
       C   4 4   0.38E+01  0.39E+00  0.22E+01  0.63E+03  0.24E+02
       Cl  1 1   0.14E+04 -0.47E+00  0.84E+01  0.32E+09  0.42E+03
       Cl  2 1   0.21E+04 -0.37E+00  0.12E+02  0.49E+09  0.65E+03
       Cl  2 2   0.33E+04 -0.16E+00  0.21E+02  0.76E+09  0.10E+04
       Cl  3 3   0.21E+02  0.79E-01  0.89E+01  0.23E+05  0.13E+03
       Cl  4 3   0.24E+02  0.67E-01  0.99E+01  0.27E+05  0.15E+03
       Cl  4 4   0.28E+02  0.44E-01  0.11E+02  0.32E+05  0.18E+03
       Cl  5 5   0.77E+00  0.19E+00  0.18E+01  0.12E+03  0.22E+02
       Cl  6 5   0.80E+00  0.19E+00  0.19E+01  0.12E+03  0.23E+02
       Cl  6 6   0.83E+00  0.20E+00  0.19E+01  0.12E+03  0.23E+02
       H   1 1   0.39E+02  0.19E+00  0.29E+00  0.78E+05  0.13E+02
       H   2 1   0.41E+02  0.21E+00  0.32E+00  0.82E+05  0.14E+02
       H   2 2   0.43E+02  0.22E+00  0.36E+00  0.86E+05  0.15E+02
     ------------------------------------------------------------

     alpha_pv=     33.5585 eV

     Number of occupied bands for each k-point:
     k-point:     1    nbnd_occ=  42
     k-point:     2    nbnd_occ=  42
     k-point:     3    nbnd_occ=  42
     k-point:     4    nbnd_occ=  42
     k-point:     5    nbnd_occ=  42
     k-point:     6    nbnd_occ=  42
     k-point:     7    nbnd_occ=  42
     k-point:     8    nbnd_occ=  42
     k-point:     9    nbnd_occ=  42
     k-point:    10    nbnd_occ=  42
     k-point:    11    nbnd_occ=  42
     k-point:    12    nbnd_occ=  42
     k-point:    13    nbnd_occ=  42
     k-point:    14    nbnd_occ=  42
     k-point:    15    nbnd_occ=  42
     k-point:    16    nbnd_occ=  42


     q-space interpolation up to   110.00 Rydberg

     GIPAW job: efg                                                                             


     ELECTRIC FIELD GRADIENTS TENSORS IN Hartree/bohrradius^2:

     ----- bare term -----
     Cl   1       -0.056398        0.103165       -0.023674
     Cl   1        0.103165       -0.006182       -0.006299
     Cl   1       -0.023674       -0.006299        0.062580

     C    2       -0.439106        0.179443       -0.369043
     C    2        0.179443        0.139656       -0.234784
     C    2       -0.369043       -0.234784        0.299451

     C    3        0.028002        0.346193       -0.129522
     C    3        0.346193       -0.101788       -0.633679
     C    3       -0.129522       -0.633679        0.073785

     H    4        0.072233        0.052824       -0.470509
     H    4        0.052824        0.029261        0.248967
     H    4       -0.470509        0.248967       -0.101493

     C    5       -0.665120        0.359032       -0.387288
     C    5        0.359032        0.302516       -0.272837
     C    5       -0.387288       -0.272837        0.362604

     H    6        0.484076       -0.019410       -0.085603
     H    6       -0.019410       -0.284511       -0.414295
     H    6       -0.085603       -0.414295       -0.199566

     H    7        0.393576        0.235887        0.066865
     H    7        0.235887       -0.587542       -0.268910
     H    7        0.066865       -0.268910        0.193966

     C    8       -0.418860        0.011539       -0.251356
     C    8        0.011539       -0.036866        0.223922
     C    8       -0.251356        0.223922        0.455726

     H    9       -0.368173        0.355060        0.243132
     H    9        0.355060        0.226383       -0.089254
     H    9        0.243132       -0.089254        0.141789

     C   10        0.182656       -0.104608        0.169543
     C   10       -0.104608       -0.200001        0.040517
     C   10        0.169543        0.040517        0.017346

     C   11       -0.298176        0.204049       -0.287994
     C   11        0.204049       -0.078924        0.595737
     C   11       -0.287994        0.595737        0.377100

     Cl  12       -0.177544       -0.109835       -0.000737
     Cl  12       -0.109835       -0.077776        0.084602
     Cl  12       -0.000737        0.084602        0.255320

     H   13        0.460169       -0.003709        0.062965
     H   13       -0.003709       -0.122261       -0.563395
     H   13        0.062965       -0.563395       -0.337908

     C   14       -0.218338        0.294029       -0.089123
     C   14        0.294029       -0.365342       -0.376403
     C   14       -0.089123       -0.376403        0.583680

     H   15       -0.000760       -0.024681       -0.559516
     H   15       -0.024681        0.385776        0.114673
     H   15       -0.559516        0.114673       -0.385017

     C   16       -0.307110        0.122745       -0.226489
     C   16        0.122745       -0.114644       -0.428352
     C   16       -0.226489       -0.428352        0.421753

     C   17       -0.062334       -0.024234       -0.429968
     C   17       -0.024234       -0.388574       -0.478085
     C   17       -0.429968       -0.478085        0.450908

     Cl  18       -0.122073        0.067368       -0.111816
     Cl  18        0.067368       -0.074147       -0.120769
     Cl  18       -0.111816       -0.120769        0.196220

     H   19       -0.010639        0.497597        0.112341
     H   19        0.497597       -0.399924        0.110788
     H   19        0.112341        0.110788        0.410563

     C   20       -0.033985       -0.515242       -0.185364
     C   20       -0.515242       -0.331830        0.386083
     C   20       -0.185364        0.386083        0.365816

     H   21       -0.551100        0.432217        0.126581
     H   21        0.432217        0.284626       -0.043526
     H   21        0.126581       -0.043526        0.266475

     C   22        0.005422       -0.050993       -0.426348
     C   22       -0.050993       -0.263109        0.450294
     C   22       -0.426348        0.450294        0.257687

     C   23       -0.276714       -0.232721       -0.336849
     C   23       -0.232721       -0.115233        0.375999
     C   23       -0.336849        0.375999        0.391947

     Cl  24       -0.083128        0.064625       -0.019399
     Cl  24        0.064625       -0.060157       -0.099501
     Cl  24       -0.019399       -0.099501        0.143285

     ----- ionic term -----
     Cl   1        0.084266       -0.221054        0.047517
     Cl   1       -0.221054        0.072256       -0.029276
     Cl   1        0.047517       -0.029276       -0.156521

     C    2        0.043666       -0.251449        0.371290
     C    2       -0.251449        0.080955        0.374332
     C    2        0.371290        0.374332       -0.124620

     C    3        0.034397       -0.316702        0.247459
     C    3       -0.316702        0.120458        0.374400
     C    3        0.247459        0.374400       -0.154855

     H    4        0.459725        0.052835        0.782902
     H    4        0.052835       -0.502570        0.123209
     H    4        0.782902        0.123209        0.042845

     C    5        0.134450       -0.240476        0.347459
     C    5       -0.240476        0.020782        0.275318
     C    5        0.347459        0.275318       -0.155233

     H    6       -0.528205        0.111584        0.085082
     H    6        0.111584        0.493332        0.760141
     H    6        0.085082        0.760141        0.034873

     H    7       -0.472038       -0.235833        0.047674
     H    7       -0.235833        0.968849       -0.361625
     H    7        0.047674       -0.361625       -0.496811

     C    8        0.392908        0.034822        0.038580
     C    8        0.034822        0.153489       -0.227092
     C    8        0.038580       -0.227092       -0.546396

     H    9        0.822351       -0.365673        0.475363
     H    9       -0.365673       -0.361547       -0.185277
     H    9        0.475363       -0.185277       -0.460804

     C   10        0.179840        0.077229        0.061762
     C   10        0.077229        0.368007       -0.300324
     C   10        0.061762       -0.300324       -0.547847

     C   11        0.212513       -0.009452        0.138878
     C   11       -0.009452        0.347222       -0.300492
     C   11        0.138878       -0.300492       -0.559735

     Cl  12        0.147492        0.180663       -0.014424
     Cl  12        0.180663        0.002861       -0.018481
     Cl  12       -0.014424       -0.018481       -0.150354

     H   13       -0.528223       -0.007396        0.022620
     H   13       -0.007396        0.648501        0.703548
     H   13        0.022620        0.703548       -0.120278

     C   14        0.162318       -0.259366        0.313337
     C   14       -0.259366        0.056356        0.267736
     C   14        0.313337        0.267736       -0.218674

     H   15        0.587318        0.225279        0.710846
     H   15        0.225279       -0.474459        0.213149
     H   15        0.710846        0.213149       -0.112859

     C   16        0.062895       -0.229857        0.244379
     C   16       -0.229857        0.154056        0.415921
     C   16        0.244379        0.415921       -0.216951

     C   17        0.041733       -0.193828        0.370229
     C   17       -0.193828        0.075553        0.419628
     C   17        0.370229        0.419628       -0.117286

     Cl  18        0.098641       -0.195299        0.016740
     Cl  18       -0.195299        0.033973       -0.004671
     Cl  18        0.016740       -0.004671       -0.132614

     H   19       -0.455004       -0.337349        0.113635
     H   19       -0.337349        0.838195       -0.461621
     H   19        0.113635       -0.461621       -0.383191

     C   20        0.306361        0.002310        0.130093
     C   20        0.002310        0.159813       -0.259848
     C   20        0.130093       -0.259848       -0.466174

     H   21        0.704428       -0.449999        0.480336
     H   21       -0.449999       -0.333226       -0.227237
     H   21        0.480336       -0.227237       -0.371202

     C   22        0.180893        0.083393        0.091374
     C   22        0.083393        0.243440       -0.348662
     C   22        0.091374       -0.348662       -0.424333

     C   23        0.295569        0.026366        0.062814
     C   23        0.026366        0.201343       -0.327622
     C   23        0.062814       -0.327622       -0.496911

     Cl  24        0.101436        0.190645       -0.041550
     Cl  24        0.190645        0.026855       -0.024026
     Cl  24       -0.041550       -0.024026       -0.128291

     ----- GIPAW term -----
     Cl   1        0.770097        0.840967       -1.010703
     Cl   1        0.840967        1.003648       -1.208624
     Cl   1       -1.010703       -1.208624       -1.773745

     C    2       -0.026723        0.011957        0.012871
     C    2        0.011957        0.083034        0.082356
     C    2        0.012871        0.082356       -0.056311

     C    3       -0.080284        0.136608       -0.036509
     C    3        0.136608        0.191284       -0.155000
     C    3       -0.036509       -0.155000       -0.111000

     H    4       -0.000000        0.000000        0.000000
     H    4        0.000000        0.000000        0.000000
     H    4        0.000000        0.000000        0.000000

     C    5       -0.170882        0.100671       -0.057726
     C    5        0.100671        0.192571       -0.050285
     C    5       -0.057726       -0.050285       -0.021689

     H    6       -0.000000        0.000000        0.000000
     H    6        0.000000        0.000000        0.000000
     H    6        0.000000        0.000000        0.000000

     H    7       -0.000000        0.000000        0.000000
     H    7        0.000000        0.000000        0.000000
     H    7        0.000000        0.000000        0.000000

     C    8       -0.129712        0.009460       -0.016200
     C    8        0.009460       -0.055591        0.123595
     C    8       -0.016200        0.123595        0.185303

     H    9       -0.000000        0.000000        0.000000
     H    9        0.000000        0.000000        0.000000
     H    9        0.000000        0.000000        0.000000

     C   10        0.018184        0.001842        0.019085
     C   10        0.001842       -0.006454       -0.020956
     C   10        0.019085       -0.020956       -0.011730

     C   11       -0.047226        0.181692        0.039654
     C   11        0.181692       -0.067435        0.171037
     C   11        0.039654        0.171037        0.114660

     Cl  12       -0.712658        1.353025       -0.084686
     Cl  12        1.353025       -1.153240        1.259320
     Cl  12       -0.084686        1.259320        1.865898

     H   13       -0.000000        0.000000        0.000000
     H   13        0.000000        0.000000        0.000000
     H   13        0.000000        0.000000        0.000000

     C   14       -0.107939        0.041221        0.040275
     C   14        0.041221       -0.205733       -0.061965
     C   14        0.040275       -0.061965        0.313672

     H   15       -0.000000        0.000000        0.000000
     H   15        0.000000        0.000000        0.000000
     H   15        0.000000        0.000000        0.000000

     C   16       -0.181864       -0.012571       -0.031269
     C   16       -0.012571       -0.070098       -0.165865
     C   16       -0.031269       -0.165865        0.251962

     C   17       -0.014023       -0.117937       -0.148520
     C   17       -0.117937       -0.155552       -0.058305
     C   17       -0.148520       -0.058305        0.169574

     Cl  18       -0.122863       -1.365900       -1.040042
     Cl  18       -1.365900       -0.642240       -1.513391
     Cl  18       -1.040042       -1.513391        0.765102

     H   19       -0.000000        0.000000        0.000000
     H   19        0.000000        0.000000        0.000000
     H   19        0.000000        0.000000        0.000000

     C   20        0.163442       -0.196264       -0.045080
     C   20       -0.196264       -0.120875        0.089846
     C   20       -0.045080        0.089846       -0.042566

     H   21       -0.000000        0.000000        0.000000
     H   21        0.000000        0.000000        0.000000
     H   21        0.000000        0.000000        0.000000

     C   22        0.094732       -0.033131       -0.246922
     C   22       -0.033131       -0.121312        0.087944
     C   22       -0.246922        0.087944        0.026580

     C   23        0.068034        0.120146       -0.115876
     C   23        0.120146       -0.038520        0.021929
     C   23       -0.115876        0.021929       -0.029515

     Cl  24        0.017738        2.334491       -0.605081
     Cl  24        2.334491       -0.605639       -1.367566
     Cl  24       -0.605081       -1.367566        0.587901

     ----- total EFG -----
     Cl   1        0.797965        0.723079       -0.986860
     Cl   1        0.723079        1.069722       -1.244199
     Cl   1       -0.986860       -1.244199       -1.867686

     C    2       -0.422164       -0.060049        0.015118
     C    2       -0.060049        0.303645        0.221905
     C    2        0.015118        0.221905        0.118519

     C    3       -0.017884        0.166099        0.081428
     C    3        0.166099        0.209954       -0.414278
     C    3        0.081428       -0.414278       -0.192070

     H    4        0.531958        0.105659        0.312393
     H    4        0.105659       -0.473310        0.372176
     H    4        0.312393        0.372176       -0.058648

     C    5       -0.701551        0.219227       -0.097555
     C    5        0.219227        0.515869       -0.047804
     C    5       -0.097555       -0.047804        0.185682

     H    6       -0.044128        0.092174       -0.000521
     H    6        0.092174        0.208821        0.345846
     H    6       -0.000521        0.345846       -0.164693

     H    7       -0.078462        0.000055        0.114539
     H    7        0.000055        0.381307       -0.630536
     H    7        0.114539       -0.630536       -0.302845

     C    8       -0.155664        0.055822       -0.228976
     C    8        0.055822        0.061032        0.120424
     C    8       -0.228976        0.120424        0.094633

     H    9        0.454178       -0.010613        0.718495
     H    9       -0.010613       -0.135164       -0.274532
     H    9        0.718495       -0.274532       -0.319014

     C   10        0.380680       -0.025537        0.250391
     C   10       -0.025537        0.161552       -0.280763
     C   10        0.250391       -0.280763       -0.542232

     C   11       -0.132888        0.376289       -0.109462
     C   11        0.376289        0.200863        0.466282
     C   11       -0.109462        0.466282       -0.067975

     Cl  12       -0.742710        1.423854       -0.099847
     Cl  12        1.423854       -1.228155        1.325441
     Cl  12       -0.099847        1.325441        1.970865

     H   13       -0.068054       -0.011105        0.085586
     H   13       -0.011105        0.526240        0.140153
     H   13        0.085586        0.140153       -0.458186

     C   14       -0.163959        0.075884        0.264490
     C   14        0.075884       -0.514720       -0.170632
     C   14        0.264490       -0.170632        0.678679

     H   15        0.586558        0.200598        0.151330
     H   15        0.200598       -0.088682        0.327822
     H   15        0.151330        0.327822       -0.497876

     C   16       -0.426079       -0.119683       -0.013379
     C   16       -0.119683       -0.030685       -0.178296
     C   16       -0.013379       -0.178296        0.456764

     C   17       -0.034624       -0.335999       -0.208259
     C   17       -0.335999       -0.468573       -0.116763
     C   17       -0.208259       -0.116763        0.503197

     Cl  18       -0.146295       -1.493831       -1.135119
     Cl  18       -1.493831       -0.682414       -1.638831
     Cl  18       -1.135119       -1.638831        0.828708

     H   19       -0.465643        0.160248        0.225977
     H   19        0.160248        0.438271       -0.350834
     H   19        0.225977       -0.350834        0.027372

     C   20        0.435817       -0.709195       -0.100351
     C   20       -0.709195       -0.292892        0.216081
     C   20       -0.100351        0.216081       -0.142925

     H   21        0.153327       -0.017783        0.606917
     H   21       -0.017783       -0.048600       -0.270763
     H   21        0.606917       -0.270763       -0.104727

     C   22        0.281047       -0.000731       -0.581896
     C   22       -0.000731       -0.140981        0.189577
     C   22       -0.581896        0.189577       -0.140065

     C   23        0.086889       -0.086209       -0.389911
     C   23       -0.086209        0.047590        0.070307
     C   23       -0.389911        0.070307       -0.134479

     Cl  24        0.036046        2.589761       -0.666029
     Cl  24        2.589761       -0.638941       -1.491093
     Cl  24       -0.666029       -1.491093        0.602895

     ----- total EFG (symmetrized) -----
     Cl   1        0.797965        0.723079       -0.986860
     Cl   1        0.723079        1.069722       -1.244199
     Cl   1       -0.986860       -1.244199       -1.867686

     C    2       -0.422164       -0.060049        0.015118
     C    2       -0.060049        0.303645        0.221905
     C    2        0.015118        0.221905        0.118519

     C    3       -0.017884        0.166099        0.081428
     C    3        0.166099        0.209954       -0.414278
     C    3        0.081428       -0.414278       -0.192070

     H    4        0.531958        0.105659        0.312393
     H    4        0.105659       -0.473310        0.372176
     H    4        0.312393        0.372176       -0.058648

     C    5       -0.701551        0.219227       -0.097555
     C    5        0.219227        0.515869       -0.047804
     C    5       -0.097555       -0.047804        0.185682

     H    6       -0.044128        0.092174       -0.000521
     H    6        0.092174        0.208821        0.345846
     H    6       -0.000521        0.345846       -0.164693

     H    7       -0.078462        0.000055        0.114539
     H    7        0.000055        0.381307       -0.630536
     H    7        0.114539       -0.630536       -0.302845

     C    8       -0.155664        0.055822       -0.228976
     C    8        0.055822        0.061032        0.120424
     C    8       -0.228976        0.120424        0.094633

     H    9        0.454178       -0.010613        0.718495
     H    9       -0.010613       -0.135164       -0.274532
     H    9        0.718495       -0.274532       -0.319014

     C   10        0.380680       -0.025537        0.250391
     C   10       -0.025537        0.161552       -0.280763
     C   10        0.250391       -0.280763       -0.542232

     C   11       -0.132888        0.376289       -0.109462
     C   11        0.376289        0.200863        0.466282
     C   11       -0.109462        0.466282       -0.067975

     Cl  12       -0.742710        1.423854       -0.099847
     Cl  12        1.423854       -1.228155        1.325441
     Cl  12       -0.099847        1.325441        1.970865

     H   13       -0.068054       -0.011105        0.085586
     H   13       -0.011105        0.526240        0.140153
     H   13        0.085586        0.140153       -0.458186

     C   14       -0.163959        0.075884        0.264490
     C   14        0.075884       -0.514720       -0.170632
     C   14        0.264490       -0.170632        0.678679

     H   15        0.586558        0.200598        0.151330
     H   15        0.200598       -0.088682        0.327822
     H   15        0.151330        0.327822       -0.497876

     C   16       -0.426079       -0.119683       -0.013379
     C   16       -0.119683       -0.030685       -0.178296
     C   16       -0.013379       -0.178296        0.456764

     C   17       -0.034624       -0.335999       -0.208259
     C   17       -0.335999       -0.468573       -0.116763
     C   17       -0.208259       -0.116763        0.503197

     Cl  18       -0.146295       -1.493831       -1.135119
     Cl  18       -1.493831       -0.682414       -1.638831
     Cl  18       -1.135119       -1.638831        0.828708

     H   19       -0.465643        0.160248        0.225977
     H   19        0.160248        0.438271       -0.350834
     H   19        0.225977       -0.350834        0.027372

     C   20        0.435817       -0.709195       -0.100351
     C   20       -0.709195       -0.292892        0.216081
     C   20       -0.100351        0.216081       -0.142925

     H   21        0.153327       -0.017783        0.606917
     H   21       -0.017783       -0.048600       -0.270763
     H   21        0.606917       -0.270763       -0.104727

     C   22        0.281047       -0.000731       -0.581896
     C   22       -0.000731       -0.140981        0.189577
     C   22       -0.581896        0.189577       -0.140065

     C   23        0.086889       -0.086209       -0.389911
     C   23       -0.086209        0.047590        0.070307
     C   23       -0.389911        0.070307       -0.134479

     Cl  24        0.036046        2.589761       -0.666029
     Cl  24        2.589761       -0.638941       -1.491093
     Cl  24       -0.666029       -1.491093        0.602895


     NQR/NMR SPECTROSCOPIC PARAMETERS:
     Cl   1    Vxx=    0.1984    axis=(  0.775924 -0.630759  0.009226)
     Cl   1    Vyy=    2.2777    axis=(  0.591609  0.722531 -0.357698)
     Cl   1    Vzz=   -2.4762    axis=(  0.218955  0.283004  0.933792)
     Cl   1  Q=        -8.1650 1e-30 m^2  Cq=        47.5040 MHz  eta= 0.83973

     C    2    Vxx=   -0.0241    axis=(  0.113475 -0.542670  0.832245)
     C    2    Vyy=   -0.4294    axis=( -0.992396 -0.102103  0.068735)
     C    2    Vzz=    0.4535    axis=(  0.047675 -0.833717 -0.550130)
     C    2  Q=         1.0000 1e-30 m^2  Cq=         1.0656 MHz  eta= 0.89365

     C    3    Vxx=    0.0142    axis=(  0.928556 -0.002344  0.371185)
     C    3    Vyy=    0.4892    axis=( -0.198719 -0.847751  0.491761)
     C    3    Vzz=   -0.5034    axis=(  0.313520 -0.530389 -0.787650)
     C    3  Q=         1.0000 1e-30 m^2  Cq=        -1.1829 MHz  eta= 0.94340

     H    4    Vxx=   -0.0249    axis=( -0.496440  0.482155  0.721854)
     H    4    Vyy=   -0.6961    axis=(  0.060591  0.848779 -0.525264)
     H    4    Vzz=    0.7210    axis=(  0.865954  0.217025  0.450582)
     H    4  Q=         1.0000 1e-30 m^2  Cq=         1.6940 MHz  eta= 0.93093

     C    5    Vxx=    0.1831    axis=(  0.062996 -0.182433 -0.981198)
     C    5    Vyy=    0.5651    axis=( -0.180696 -0.968987  0.168561)
     C    5    Vzz=   -0.7481    axis=(  0.981520 -0.166679  0.094007)
     C    5  Q=         1.0000 1e-30 m^2  Cq=        -1.7578 MHz  eta= 0.51062

     H    6    Vxx=   -0.0504    axis=(  0.975515 -0.067679 -0.209261)
     H    6    Vyy=   -0.3780    axis=( -0.144670  0.519192 -0.842325)
     H    6    Vzz=    0.4284    axis=(  0.165655  0.851974  0.496688)
     H    6  Q=         1.0000 1e-30 m^2  Cq=         1.0065 MHz  eta= 0.76463

     H    7    Vxx=   -0.0668    axis=(  0.984857  0.141281  0.100483)
     H    7    Vyy=   -0.6939    axis=( -0.158547  0.499461  0.851705)
     H    7    Vzz=    0.7607    axis=(  0.070142 -0.854739  0.514298)
     H    7  Q=         1.0000 1e-30 m^2  Cq=         1.7873 MHz  eta= 0.82446

     C    8    Vxx=    0.0616    axis=(  0.433856  0.879122 -0.197266)
     C    8    Vyy=    0.2619    axis=( -0.403540  0.385362  0.829851)
     C    8    Vzz=   -0.3235    axis=(  0.805558 -0.280431  0.521952)
     C    8  Q=         1.0000 1e-30 m^2  Cq=        -0.7600 MHz  eta= 0.61938

     H    9    Vxx=   -0.0793    axis=(  0.290172  0.935493 -0.201627)
     H    9    Vyy=   -0.8265    axis=( -0.461316  0.321335  0.827001)
     H    9    Vzz=    0.9058    axis=(  0.838444 -0.146959  0.524800)
     H    9  Q=         1.0000 1e-30 m^2  Cq=         2.1282 MHz  eta= 0.82493

     C   10    Vxx=    0.2105    axis=(  0.416788  0.888342 -0.192709)
     C   10    Vyy=    0.4791    axis=( -0.884304  0.347162 -0.312227)
     C   10    Vzz=   -0.6896    axis=( -0.210463  0.300546  0.930257)
     C   10  Q=         1.0000 1e-30 m^2  Cq=        -1.6203 MHz  eta= 0.38956

     C   11    Vxx=    0.0012    axis=(  0.758137  0.081989 -0.646921)
     C   11    Vyy=    0.6337    axis=( -0.327892 -0.809597 -0.486867)
     C   11    Vzz=   -0.6349    axis=(  0.563663 -0.581232  0.586901)
     C   11  Q=         1.0000 1e-30 m^2  Cq=        -1.4917 MHz  eta= 0.99619

     Cl  12    Vxx=    0.1868    axis=(  0.801669  0.500440 -0.326936)
     Cl  12    Vyy=    2.5027    axis=( -0.137574 -0.377785 -0.915615)
     Cl  12    Vzz=   -2.6896    axis=( -0.581722  0.778998 -0.234011)
     Cl  12  Q=        -8.1650 1e-30 m^2  Cq=        51.5984 MHz  eta= 0.86106

     H   13    Vxx=   -0.0506    axis=(  0.980193 -0.028738  0.195949)
     H   13    Vyy=   -0.4952    axis=(  0.198041  0.135360 -0.970803)
     H   13    Vzz=    0.5458    axis=(  0.001376  0.990380  0.138370)
     H   13  Q=         1.0000 1e-30 m^2  Cq=         1.2824 MHz  eta= 0.81452

     C   14    Vxx=   -0.1975    axis=( -0.918424 -0.333850  0.212228)
     C   14    Vyy=   -0.5734    axis=( -0.296294  0.935979  0.190143)
     C   14    Vzz=    0.7709    axis=(  0.262120 -0.111750  0.958543)
     C   14  Q=         1.0000 1e-30 m^2  Cq=         1.8113 MHz  eta= 0.48763

     H   15    Vxx=   -0.0103    axis=(  0.383724 -0.817094 -0.430249)
     H   15    Vyy=   -0.6807    axis=( -0.029495 -0.476523  0.878667)
     H   15    Vzz=    0.6910    axis=( -0.922977 -0.324475 -0.206953)
     H   15  Q=         1.0000 1e-30 m^2  Cq=         1.6236 MHz  eta= 0.97028

     C   16    Vxx=   -0.0519    axis=( -0.299765  0.902738  0.308552)
     C   16    Vyy=   -0.4638    axis=(  0.953642  0.292563  0.070525)
     C   16    Vzz=    0.5157    axis=(  0.026605 -0.315389  0.948590)
     C   16  Q=         1.0000 1e-30 m^2  Cq=         1.2116 MHz  eta= 0.79877

     C   17    Vxx=    0.1121    axis=(  0.807493 -0.522374  0.274010)
     C   17    Vyy=    0.5744    axis=(  0.322534  0.002063 -0.946556)
     C   17    Vzz=   -0.6865    axis=(  0.493890  0.852714  0.170149)
     C   17  Q=         1.0000 1e-30 m^2  Cq=        -1.6130 MHz  eta= 0.67350

     Cl  18    Vxx=    1.0727    axis=(  0.822055 -0.544673 -0.166001)
     Cl  18    Vyy=    1.8987    axis=( -0.137607 -0.472926  0.870291)
     Cl  18    Vzz=   -2.9714    axis=(  0.552530  0.692584  0.463722)
     Cl  18  Q=        -8.1650 1e-30 m^2  Cq=        57.0057 MHz  eta= 0.27800

     H   19    Vxx=   -0.0080    axis=( -0.515064 -0.407765 -0.753947)
     H   19    Vyy=   -0.6321    axis=( -0.856748  0.271908  0.438234)
     H   19    Vzz=    0.6401    axis=(  0.026307  0.871661 -0.489402)
     H   19  Q=         1.0000 1e-30 m^2  Cq=         1.5039 MHz  eta= 0.97502

     C   20    Vxx=   -0.1511    axis=(  0.273572  0.090904  0.957546)
     C   20    Vyy=   -0.7555    axis=(  0.485407  0.846407 -0.219034)
     C   20    Vzz=    0.9066    axis=( -0.830384  0.524721  0.187428)
     C   20  Q=         1.0000 1e-30 m^2  Cq=         2.1302 MHz  eta= 0.66671

     H   21    Vxx=   -0.0290    axis=(  0.396067  0.913581 -0.092205)
     H   21    Vyy=   -0.6636    axis=( -0.560499  0.320082  0.763798)
     H   21    Vzz=    0.6926    axis=(  0.727304 -0.250834  0.638835)
     H   21  Q=         1.0000 1e-30 m^2  Cq=         1.6272 MHz  eta= 0.91630

     C   22    Vxx=   -0.1024    axis=(  0.292777  0.936756  0.191753)
     C   22    Vyy=   -0.6014    axis=( -0.520539  0.324368 -0.789826)
     C   22    Vzz=    0.7038    axis=( -0.802073  0.131428  0.582585)
     C   22  Q=         1.0000 1e-30 m^2  Cq=         1.6537 MHz  eta= 0.70901

     C   23    Vxx=    0.0140    axis=(  0.236348  0.957133 -0.167441)
     C   23    Vyy=    0.4151    axis=( -0.762814  0.289512  0.578184)
     C   23    Vzz=   -0.4291    axis=(  0.601875 -0.008927  0.798540)
     C   23  Q=         1.0000 1e-30 m^2  Cq=        -1.0083 MHz  eta= 0.93474

     Cl  24    Vxx=   -0.1324    axis=(  0.517104  0.181490  0.836460)
     Cl  24    Vyy=   -3.0559    axis=( -0.602184  0.771629  0.204850)
     Cl  24    Vzz=    3.1882    axis=( -0.608258 -0.609632  0.508302)
     Cl  24  Q=        -8.1650 1e-30 m^2  Cq=       -61.1647 MHz  eta= 0.91696

     Initialization:
     gipaw_setup  :      9.10s CPU     11.08s WALL (       1 calls)

     Linear response

     Apply operators

     Induced current

     Other routines
     efg          :      9.20s CPU     11.66s WALL (       1 calls)

     General routines
     calbec       :      3.35s CPU      4.54s WALL (      16 calls)
     fft          :      1.83s CPU      3.19s WALL (      15 calls)
     ffts         :      0.03s CPU      0.04s WALL (       2 calls)
     fftw         :      3.14s CPU      3.83s WALL (     672 calls)
     davcio       :      0.04s CPU      0.32s WALL (      32 calls)

     Parallel routines
     fft_scatter  :      2.43s CPU      4.22s WALL (     689 calls)

     Plugins

     GIPAW        :     61.73s CPU     74.20s WALL (       1 calls)
