
     Program QE v.6.0 (svn rev. 13079) starts on 23Jan2017 at 17: 3: 8 

     This program is part of the open-source Quantum ESPRESSO suite
     for quantum simulation of materials; please cite
         "P. Giannozzi et al., J. Phys.:Condens. Matter 21 395502 (2009);
          URL http://www.quantum-espresso.org", 
     in publications or presentations arising from this work. More details at
     http://www.quantum-espresso.org/quote

     Parallel version (MPI), running on     8 processors
     R & G space division:  proc/nbgrp/npool/nimage =       8

     ***** This is GIPAW svn revision unknown      *****

     Parallelizing q-star over 1 images

     Reading data from directory:
     /users/majewski/paradichlorobenzene/pbe/9_constraint/scratch/pbe.ecut100.np8.dt60.pcl2phi-129368.save
     Message from routine read_xml_file:
     file /users/majewski/paradichlorobenzene/pbe/9_constraint/scratch/pbe.ecut100.np8.dt60.pcl2phi-129368.save not guaranteed to be safe for post-processing

   Info: using nr1, nr2, nr3 values from input

   Info: using nr1, nr2, nr3 values from input

     IMPORTANT: XC functional enforced from input :
     Exchange-correlation      =  SLA  PW   PBX  PBC ( 1  4  3  4 0 0)
     Any further DFT definition will be discarded
     Please, verify this is what you really want

               file C.pbe-n-kjpaw_psl.1.0.0.UPF: wavefunction(s)  2S 2P renormalized
               file Cl.pbe-n-kjpaw_psl.1.0.0.UPF: wavefunction(s)  3S 3P renormalized
               file H.pbe-kjpaw_psl.1.0.0.UPF: wavefunction(s)  1S renormalized

     Parallelization info
     --------------------
     sticks:   dense  smooth     PW     G-vecs:    dense   smooth      PW
     Min        3057    1223    332               144436    36536    5170
     Max        3059    1225    333               144437    36537    5171
     Sum       24467    9791   2657              1155489   292295   41363


     Subspace diagonalization in iterative solution of the eigenvalue problem:
     a serial algorithm will be used

     GIPAW projectors -----------------------------------------------
     atom=  C    l=0  rc=    1.2000  rs=    0.8000
     atom=  C    l=0  rc=    1.2000  rs=    0.8000
     atom=  C    l=1  rc=    1.4000  rs=    0.9333
     atom=  C    l=1  rc=    1.4000  rs=    0.9333
     projs nearly linearly dependent: l=1  n1,n2= 1, 2  s=  0.99951561

     atom=  Cl   l=0  rc=    1.6000  rs=    1.0667
     atom=  Cl   l=0  rc=    1.6000  rs=    1.0667
     atom=  Cl   l=1  rc=    1.6000  rs=    1.0667
     atom=  Cl   l=1  rc=    1.6000  rs=    1.0667
     atom=  Cl   l=2  rc=    1.6000  rs=    1.0667
     atom=  Cl   l=2  rc=    1.6000  rs=    1.0667
     projs nearly linearly dependent: l=2  n1,n2= 1, 2  s=  0.99993509

     atom=  H    l=0  rc=    1.0000  rs=    0.6667
     atom=  H    l=0  rc=    1.0000  rs=    0.6667
     projs nearly linearly dependent: l=0  n1,n2= 1, 2  s=  0.99968852
     -----------------------------------------------------------------

     GIPAW integrals: -------------------------------------------
     Atom  i/j   nmr_para   nmr_dia   epr_rmc  epr_para   epr_dia
       C   1 1   0.83E+03  0.17E-01  0.93E+01  0.24E+08  0.24E+03
       C   2 1   0.86E+03 -0.61E-01  0.94E+01  0.25E+08  0.25E+03
       C   2 2   0.90E+03 -0.15E+00  0.97E+01  0.26E+08  0.26E+03
       C   3 3   0.33E+01  0.34E+00  0.18E+01  0.55E+03  0.21E+02
       C   4 3   0.35E+01  0.37E+00  0.20E+01  0.59E+03  0.22E+02
       C   4 4   0.38E+01  0.39E+00  0.22E+01  0.63E+03  0.24E+02
       Cl  1 1   0.14E+04 -0.47E+00  0.84E+01  0.32E+09  0.42E+03
       Cl  2 1   0.21E+04 -0.37E+00  0.12E+02  0.49E+09  0.65E+03
       Cl  2 2   0.33E+04 -0.16E+00  0.21E+02  0.76E+09  0.10E+04
       Cl  3 3   0.21E+02  0.79E-01  0.89E+01  0.23E+05  0.13E+03
       Cl  4 3   0.24E+02  0.67E-01  0.99E+01  0.27E+05  0.15E+03
       Cl  4 4   0.28E+02  0.44E-01  0.11E+02  0.32E+05  0.18E+03
       Cl  5 5   0.77E+00  0.19E+00  0.18E+01  0.12E+03  0.22E+02
       Cl  6 5   0.80E+00  0.19E+00  0.19E+01  0.12E+03  0.23E+02
       Cl  6 6   0.83E+00  0.20E+00  0.19E+01  0.12E+03  0.23E+02
       H   1 1   0.39E+02  0.19E+00  0.29E+00  0.78E+05  0.13E+02
       H   2 1   0.41E+02  0.21E+00  0.32E+00  0.82E+05  0.14E+02
       H   2 2   0.43E+02  0.22E+00  0.36E+00  0.86E+05  0.15E+02
     ------------------------------------------------------------

     alpha_pv=     34.3846 eV

     Number of occupied bands for each k-point:
     k-point:     1    nbnd_occ=  42
     k-point:     2    nbnd_occ=  42
     k-point:     3    nbnd_occ=  42
     k-point:     4    nbnd_occ=  42
     k-point:     5    nbnd_occ=  42
     k-point:     6    nbnd_occ=  42
     k-point:     7    nbnd_occ=  42
     k-point:     8    nbnd_occ=  42
     k-point:     9    nbnd_occ=  42
     k-point:    10    nbnd_occ=  42
     k-point:    11    nbnd_occ=  42
     k-point:    12    nbnd_occ=  42
     k-point:    13    nbnd_occ=  42
     k-point:    14    nbnd_occ=  42
     k-point:    15    nbnd_occ=  42
     k-point:    16    nbnd_occ=  42


     q-space interpolation up to   110.00 Rydberg

     GIPAW job: efg                                                                             


     ELECTRIC FIELD GRADIENTS TENSORS IN Hartree/bohrradius^2:

     ----- bare term -----
     Cl   1        0.047985        0.144239       -0.031206
     Cl   1        0.144239        0.075307       -0.017401
     Cl   1       -0.031206       -0.017401       -0.123292

     C    2        0.057798        0.475026       -0.119920
     C    2        0.475026       -0.265800       -0.525728
     C    2       -0.119920       -0.525728        0.208002

     C    3       -0.113475        0.016082       -0.024167
     C    3        0.016082       -0.061529       -0.103737
     C    3       -0.024167       -0.103737        0.175004

     H    4       -0.306340       -0.379716        0.152310
     H    4       -0.379716        0.068763        0.131736
     H    4        0.152310        0.131736        0.237578

     C    5       -0.152614        0.196970       -0.142847
     C    5        0.196970       -0.171724       -0.064988
     C    5       -0.142847       -0.064988        0.324339

     H    6        0.181082       -0.422644        0.182408
     H    6       -0.422644       -0.484588        0.150106
     H    6        0.182408        0.150106        0.303506

     H    7        0.524882       -0.019706       -0.157179
     H    7       -0.019706       -0.038565        0.247489
     H    7       -0.157179        0.247489       -0.486317

     C    8       -0.473770       -0.325920       -0.020410
     C    8       -0.325920        0.085526        0.406565
     C    8       -0.020410        0.406565        0.388245

     H    9        0.021318       -0.120819       -0.493320
     H    9       -0.120819        0.129081       -0.220561
     H    9       -0.493320       -0.220561       -0.150400

     C   10       -0.063466        0.129986       -0.226585
     C   10        0.129986       -0.080384        0.634040
     C   10       -0.226585        0.634040        0.143850

     C   11       -0.311493       -0.305649       -0.201547
     C   11       -0.305649       -0.071332        0.358562
     C   11       -0.201547        0.358562        0.382825

     Cl  12       -0.012758        0.128500       -0.002074
     Cl  12        0.128500        0.034894        0.097224
     Cl  12       -0.002074        0.097224       -0.022136

     H   13        0.505717       -0.038918       -0.097455
     H   13       -0.038918       -0.642488        0.091082
     H   13       -0.097455        0.091082        0.136770

     C   14       -0.516118       -0.115539       -0.249129
     C   14       -0.115539       -0.009356       -0.307304
     C   14       -0.249129       -0.307304        0.525474

     H   15       -0.292877       -0.458284        0.082811
     H   15       -0.458284        0.102055        0.192625
     H   15        0.082811        0.192625        0.190822

     C   16       -0.128553        0.379338        0.120699
     C   16        0.379338       -0.451167       -0.490870
     C   16        0.120699       -0.490870        0.579720

     C   17       -0.102939       -0.045018       -0.443216
     C   17       -0.045018       -0.049790       -0.458572
     C   17       -0.443216       -0.458572        0.152729

     Cl  18        0.022935        0.258163        0.010404
     Cl  18        0.258163        0.019485        0.017000
     Cl  18        0.010404        0.017000       -0.042421

     H   19        0.129769       -0.156616        0.335568
     H   19       -0.156616       -0.056995        0.512433
     H   19        0.335568        0.512433       -0.072774

     C   20       -0.042219        0.188241       -0.563933
     C   20        0.188241       -0.129450        0.443964
     C   20       -0.563933        0.443964        0.171670

     H   21        0.006581        0.116020       -0.244575
     H   21        0.116020        0.528570        0.097592
     H   21       -0.244575        0.097592       -0.535151

     C   22       -0.081549       -0.466545       -0.291923
     C   22       -0.466545       -0.253795        0.103463
     C   22       -0.291923        0.103463        0.335344

     C   23        0.117369        0.250696       -0.615358
     C   23        0.250696       -0.225037        0.555969
     C   23       -0.615358        0.555969        0.107668

     Cl  24       -0.078838       -0.361781       -0.145922
     Cl  24       -0.361781       -0.154427       -0.004560
     Cl  24       -0.145922       -0.004560        0.233265

     ----- ionic term -----
     Cl   1        0.151909       -0.188943       -0.004418
     Cl   1       -0.188943        0.014423       -0.005082
     Cl   1       -0.004418       -0.005082       -0.166331

     C    2        0.318598       -0.015584        0.169026
     C    2       -0.015584        0.268491        0.276359
     C    2        0.169026        0.276359       -0.587090

     C    3        0.273975       -0.166774        0.077559
     C    3       -0.166774        0.332122        0.258844
     C    3        0.077559        0.258844       -0.606097

     H    4        0.803977        0.523351        0.292148
     H    4        0.523351       -0.249439        0.180376
     H    4        0.292148        0.180376       -0.554538

     C    5        0.456534       -0.095773        0.139995
     C    5       -0.095773        0.150498        0.215003
     C    5        0.139995        0.215003       -0.607032

     H    6       -0.465094        0.246761        0.096543
     H    6        0.246761        0.909238        0.456168
     H    6        0.096543        0.456168       -0.444144

     H    7       -0.532539        0.009055        0.021928
     H    7        0.009055        0.412749       -0.785640
     H    7        0.021928       -0.785640        0.119790

     C    8        0.157880        0.292249        0.312761
     C    8        0.292249       -0.030873       -0.273872
     C    8        0.312761       -0.273872       -0.127007

     H    9        0.424977       -0.079834        0.761876
     H    9       -0.079834       -0.504194       -0.150288
     H    9        0.761876       -0.150288        0.079217

     C   10        0.084656        0.326719        0.218091
     C   10        0.326719        0.072377       -0.361186
     C   10        0.218091       -0.361186       -0.157033

     C   11        0.132016        0.224671        0.326146
     C   11        0.224671        0.012311       -0.391336
     C   11        0.326146       -0.391336       -0.144327

     Cl  12        0.122839        0.228206        0.012176
     Cl  12        0.228206        0.028394        0.012410
     Cl  12        0.012176        0.012410       -0.151233

     H   13       -0.492716        0.207231        0.076749
     H   13        0.207231        0.855240        0.520028
     H   13        0.076749        0.520028       -0.362524

     C   14        0.388613       -0.006317        0.170957
     C   14       -0.006317        0.149510        0.255478
     C   14        0.170957        0.255478       -0.538123

     H   15        0.750715        0.532222        0.370351
     H   15        0.532222       -0.224232        0.178319
     H   15        0.370351        0.178319       -0.526482

     C   16        0.227644       -0.088193        0.099569
     C   16       -0.088193        0.314279        0.275333
     C   16        0.099569        0.275333       -0.541923

     C   17        0.280472       -0.046322        0.144322
     C   17       -0.046322        0.290759        0.265491
     C   17        0.144322        0.265491       -0.571231

     Cl  18        0.134156       -0.194501        0.016608
     Cl  18       -0.194501        0.023397       -0.004920
     Cl  18        0.016608       -0.004920       -0.157553

     H   19       -0.533621        0.036013       -0.008272
     H   19        0.036013        0.514127       -0.774552
     H   19       -0.008272       -0.774552        0.019494

     C   20        0.222560        0.290789        0.338810
     C   20        0.290789        0.024180       -0.265999
     C   20        0.338810       -0.265999       -0.246739

     H   21        0.501228       -0.138426        0.791231
     H   21       -0.138426       -0.504912       -0.179089
     H   21        0.791231       -0.179089        0.003684

     C   22        0.124620        0.362082        0.251556
     C   22        0.362082        0.120557       -0.303861
     C   22        0.251556       -0.303861       -0.245177

     C   23        0.115963        0.330405        0.312002
     C   23        0.330405        0.052603       -0.335974
     C   23        0.312002       -0.335974       -0.168565

     Cl  24        0.140024        0.234464        0.027686
     Cl  24        0.234464        0.022303        0.004931
     Cl  24        0.027686        0.004931       -0.162327

     ----- GIPAW term -----
     Cl   1        2.265332        0.251403       -0.387947
     Cl   1        0.251403        0.449548       -0.229431
     Cl   1       -0.387947       -0.229431       -2.714880

     C    2        0.200592        0.128106       -0.020222
     C    2        0.128106       -0.049842       -0.074121
     C    2       -0.020222       -0.074121       -0.150750

     C    3       -0.013546        0.024122       -0.044299
     C    3        0.024122        0.003783       -0.034510
     C    3       -0.044299       -0.034510        0.009763

     H    4       -0.000000        0.000000        0.000000
     H    4        0.000000        0.000000        0.000000
     H    4        0.000000        0.000000        0.000000

     C    5        0.006315        0.056222       -0.086039
     C    5        0.056222       -0.055627       -0.050006
     C    5       -0.086039       -0.050006        0.049312

     H    6       -0.000000        0.000000        0.000000
     H    6        0.000000        0.000000        0.000000
     H    6        0.000000        0.000000        0.000000

     H    7       -0.000000        0.000000        0.000000
     H    7        0.000000        0.000000        0.000000
     H    7        0.000000        0.000000        0.000000

     C    8       -0.101447        0.084408        0.108571
     C    8        0.084408        0.087664        0.185793
     C    8        0.108571        0.185793        0.013783

     H    9       -0.000000        0.000000        0.000000
     H    9        0.000000        0.000000        0.000000
     H    9        0.000000        0.000000        0.000000

     C   10       -0.096895        0.137188        0.029384
     C   10        0.137188        0.078957        0.227406
     C   10        0.029384        0.227406        0.017939

     C   11        0.064187        0.186736       -0.005160
     C   11        0.186736        0.038449        0.058752
     C   11       -0.005160        0.058752       -0.102636

     Cl  12        0.829436        3.137037        0.474326
     Cl  12        3.137037        0.662442        1.288247
     Cl  12        0.474326        1.288247       -1.491878

     H   13       -0.000000        0.000000        0.000000
     H   13        0.000000        0.000000        0.000000
     H   13        0.000000        0.000000        0.000000

     C   14       -0.076968       -0.065927        0.154915
     C   14       -0.065927       -0.118551       -0.078147
     C   14        0.154915       -0.078147        0.195519

     H   15       -0.000000        0.000000        0.000000
     H   15        0.000000        0.000000        0.000000
     H   15        0.000000        0.000000        0.000000

     C   16       -0.100854        0.016976        0.111374
     C   16        0.016976       -0.136556       -0.140724
     C   16        0.111374       -0.140724        0.237410

     C   17        0.165858       -0.074304       -0.032856
     C   17       -0.074304       -0.037989       -0.045185
     C   17       -0.032856       -0.045185       -0.127869

     Cl  18        1.809645       -0.036743        0.130011
     Cl  18       -0.036743        0.395869        0.153600
     Cl  18        0.130011        0.153600       -2.205514

     H   19       -0.000000        0.000000        0.000000
     H   19        0.000000        0.000000        0.000000
     H   19        0.000000        0.000000        0.000000

     C   20        0.168695        0.144737       -0.198696
     C   20        0.144737       -0.123129        0.042216
     C   20       -0.198696        0.042216       -0.045567

     H   21       -0.000000        0.000000        0.000000
     H   21        0.000000        0.000000        0.000000
     H   21        0.000000        0.000000        0.000000

     C   22        0.115162        0.004454       -0.189607
     C   22        0.004454       -0.132541       -0.051588
     C   22       -0.189607       -0.051588        0.017380

     C   23        0.217371        0.163590       -0.214894
     C   23        0.163590       -0.121482        0.060785
     C   23       -0.214894        0.060785       -0.095890

     Cl  24        2.174718        0.526292       -1.946430
     Cl  24        0.526292       -1.501790       -0.025449
     Cl  24       -1.946430       -0.025449       -0.672928

     ----- total EFG -----
     Cl   1        2.465225        0.206699       -0.423570
     Cl   1        0.206699        0.539278       -0.251914
     Cl   1       -0.423570       -0.251914       -3.004503

     C    2        0.576987        0.587548        0.028884
     C    2        0.587548       -0.047150       -0.323489
     C    2        0.028884       -0.323489       -0.529838

     C    3        0.146954       -0.126570        0.009093
     C    3       -0.126570        0.274375        0.120598
     C    3        0.009093        0.120598       -0.421329

     H    4        0.497637        0.143635        0.444458
     H    4        0.143635       -0.180676        0.312112
     H    4        0.444458        0.312112       -0.316961

     C    5        0.310235        0.157419       -0.088892
     C    5        0.157419       -0.076853        0.100009
     C    5       -0.088892        0.100009       -0.233381

     H    6       -0.284012       -0.175883        0.278952
     H    6       -0.175883        0.424650        0.606274
     H    6        0.278952        0.606274       -0.140638

     H    7       -0.007658       -0.010651       -0.135251
     H    7       -0.010651        0.374185       -0.538151
     H    7       -0.135251       -0.538151       -0.366527

     C    8       -0.417338        0.050736        0.400922
     C    8        0.050736        0.142317        0.318486
     C    8        0.400922        0.318486        0.275021

     H    9        0.446295       -0.200653        0.268555
     H    9       -0.200653       -0.375112       -0.370848
     H    9        0.268555       -0.370848       -0.071183

     C   10       -0.075705        0.593894        0.020890
     C   10        0.593894        0.070950        0.500260
     C   10        0.020890        0.500260        0.004755

     C   11       -0.115289        0.105758        0.119440
     C   11        0.105758       -0.020572        0.025977
     C   11        0.119440        0.025977        0.135861

     Cl  12        0.939517        3.493743        0.484428
     Cl  12        3.493743        0.725730        1.397882
     Cl  12        0.484428        1.397882       -1.665247

     H   13        0.013001        0.168313       -0.020706
     H   13        0.168313        0.212752        0.611110
     H   13       -0.020706        0.611110       -0.225754

     C   14       -0.204472       -0.187783        0.076743
     C   14       -0.187783        0.021602       -0.129973
     C   14        0.076743       -0.129973        0.182870

     H   15        0.457838        0.073937        0.453162
     H   15        0.073937       -0.122177        0.370944
     H   15        0.453162        0.370944       -0.335660

     C   16       -0.001763        0.308121        0.331643
     C   16        0.308121       -0.273444       -0.356261
     C   16        0.331643       -0.356261        0.275207

     C   17        0.343392       -0.165644       -0.331750
     C   17       -0.165644        0.202980       -0.238267
     C   17       -0.331750       -0.238267       -0.546372

     Cl  18        1.966737        0.026919        0.157022
     Cl  18        0.026919        0.438751        0.165680
     Cl  18        0.157022        0.165680       -2.405488

     H   19       -0.403852       -0.120603        0.327296
     H   19       -0.120603        0.457132       -0.262119
     H   19        0.327296       -0.262119       -0.053280

     C   20        0.349036        0.623766       -0.423818
     C   20        0.623766       -0.228400        0.220180
     C   20       -0.423818        0.220180       -0.120637

     H   21        0.507808       -0.022405        0.546657
     H   21       -0.022405        0.023658       -0.081497
     H   21        0.546657       -0.081497       -0.531466

     C   22        0.158233       -0.100010       -0.229974
     C   22       -0.100010       -0.265779       -0.251986
     C   22       -0.229974       -0.251986        0.107547

     C   23        0.450703        0.744691       -0.518250
     C   23        0.744691       -0.293916        0.280780
     C   23       -0.518250        0.280780       -0.156787

     Cl  24        2.235905        0.398976       -2.064666
     Cl  24        0.398976       -1.633914       -0.025077
     Cl  24       -2.064666       -0.025077       -0.601991

     ----- total EFG (symmetrized) -----
     Cl   1        2.465225        0.206699       -0.423570
     Cl   1        0.206699        0.539278       -0.251914
     Cl   1       -0.423570       -0.251914       -3.004503

     C    2        0.576987        0.587548        0.028884
     C    2        0.587548       -0.047150       -0.323489
     C    2        0.028884       -0.323489       -0.529838

     C    3        0.146954       -0.126570        0.009093
     C    3       -0.126570        0.274375        0.120598
     C    3        0.009093        0.120598       -0.421329

     H    4        0.497637        0.143635        0.444458
     H    4        0.143635       -0.180676        0.312112
     H    4        0.444458        0.312112       -0.316961

     C    5        0.310235        0.157419       -0.088892
     C    5        0.157419       -0.076853        0.100009
     C    5       -0.088892        0.100009       -0.233381

     H    6       -0.284012       -0.175883        0.278952
     H    6       -0.175883        0.424650        0.606274
     H    6        0.278952        0.606274       -0.140638

     H    7       -0.007658       -0.010651       -0.135251
     H    7       -0.010651        0.374185       -0.538151
     H    7       -0.135251       -0.538151       -0.366527

     C    8       -0.417338        0.050736        0.400922
     C    8        0.050736        0.142317        0.318486
     C    8        0.400922        0.318486        0.275021

     H    9        0.446295       -0.200653        0.268555
     H    9       -0.200653       -0.375112       -0.370848
     H    9        0.268555       -0.370848       -0.071183

     C   10       -0.075705        0.593894        0.020890
     C   10        0.593894        0.070950        0.500260
     C   10        0.020890        0.500260        0.004755

     C   11       -0.115289        0.105758        0.119440
     C   11        0.105758       -0.020572        0.025977
     C   11        0.119440        0.025977        0.135861

     Cl  12        0.939517        3.493743        0.484428
     Cl  12        3.493743        0.725730        1.397882
     Cl  12        0.484428        1.397882       -1.665247

     H   13        0.013001        0.168313       -0.020706
     H   13        0.168313        0.212752        0.611110
     H   13       -0.020706        0.611110       -0.225754

     C   14       -0.204472       -0.187783        0.076743
     C   14       -0.187783        0.021602       -0.129973
     C   14        0.076743       -0.129973        0.182870

     H   15        0.457838        0.073937        0.453162
     H   15        0.073937       -0.122177        0.370944
     H   15        0.453162        0.370944       -0.335660

     C   16       -0.001763        0.308121        0.331643
     C   16        0.308121       -0.273444       -0.356261
     C   16        0.331643       -0.356261        0.275207

     C   17        0.343392       -0.165644       -0.331750
     C   17       -0.165644        0.202980       -0.238267
     C   17       -0.331750       -0.238267       -0.546372

     Cl  18        1.966737        0.026919        0.157022
     Cl  18        0.026919        0.438751        0.165680
     Cl  18        0.157022        0.165680       -2.405488

     H   19       -0.403852       -0.120603        0.327296
     H   19       -0.120603        0.457132       -0.262119
     H   19        0.327296       -0.262119       -0.053280

     C   20        0.349036        0.623766       -0.423818
     C   20        0.623766       -0.228400        0.220180
     C   20       -0.423818        0.220180       -0.120637

     H   21        0.507808       -0.022405        0.546657
     H   21       -0.022405        0.023658       -0.081497
     H   21        0.546657       -0.081497       -0.531466

     C   22        0.158233       -0.100010       -0.229974
     C   22       -0.100010       -0.265779       -0.251986
     C   22       -0.229974       -0.251986        0.107547

     C   23        0.450703        0.744691       -0.518250
     C   23        0.744691       -0.293916        0.280780
     C   23       -0.518250        0.280780       -0.156787

     Cl  24        2.235905        0.398976       -2.064666
     Cl  24        0.398976       -1.633914       -0.025077
     Cl  24       -2.064666       -0.025077       -0.601991


     NQR/NMR SPECTROSCOPIC PARAMETERS:
     Cl   1    Vxx=    0.5290    axis=(  0.118195 -0.991381  0.056510)
     Cl   1    Vyy=    2.5236    axis=(  0.990234  0.113439 -0.081043)
     Cl   1    Vzz=   -3.0526    axis=(  0.073934  0.065537  0.995107)
     Cl   1  Q=        -8.1650 1e-30 m^2  Cq=        58.5619 MHz  eta= 0.65341

     C    2    Vxx=   -0.1729    axis=( -0.472797  0.633543 -0.612443)
     C    2    Vyy=   -0.7716    axis=( -0.261907  0.562587  0.784156)
     C    2    Vzz=    0.9445    axis=( -0.841349 -0.531150  0.100060)
     C    2  Q=         1.0000 1e-30 m^2  Cq=         2.2191 MHz  eta= 0.63386

     C    3    Vxx=    0.0784    axis=(  0.867665  0.479445  0.131493)
     C    3    Vyy=    0.3648    axis=( -0.494362  0.860044  0.126214)
     C    3    Vzz=   -0.4432    axis=( -0.052577 -0.174517  0.983249)
     C    3  Q=         1.0000 1e-30 m^2  Cq=        -1.0414 MHz  eta= 0.64626

     H    4    Vxx=   -0.1268    axis=(  0.436360 -0.831255 -0.344391)
     H    4    Vyy=   -0.6394    axis=(  0.264737  0.484423 -0.833816)
     H    4    Vzz=    0.7662    axis=(  0.859945  0.272671  0.431446)
     H    4  Q=         1.0000 1e-30 m^2  Cq=         1.8002 MHz  eta= 0.66909

     C    5    Vxx=   -0.0511    axis=( -0.216726  0.807393  0.548769)
     C    5    Vyy=   -0.3194    axis=(  0.242375 -0.500027  0.831401)
     C    5    Vzz=    0.3706    axis=( -0.945666 -0.313194  0.087323)
     C    5  Q=         1.0000 1e-30 m^2  Cq=         0.8707 MHz  eta= 0.72403

     H    6    Vxx=   -0.0540    axis=(  0.820242 -0.308610  0.481625)
     H    6    Vyy=   -0.7569    axis=(  0.572014  0.440268 -0.692072)
     H    6    Vzz=    0.8109    axis=(  0.001536  0.843163  0.537656)
     H    6  Q=         1.0000 1e-30 m^2  Cq=         1.9054 MHz  eta= 0.86671

     H    7    Vxx=    0.0114    axis=(  0.979425 -0.157823 -0.125771)
     H    7    Vyy=    0.6615    axis=( -0.081142 -0.878597  0.470620)
     H    7    Vzz=   -0.6729    axis=( -0.184776 -0.450732 -0.873326)
     H    7  Q=         1.0000 1e-30 m^2  Cq=        -1.5810 MHz  eta= 0.96604

     C    8    Vxx=   -0.0386    axis=(  0.336261 -0.840885  0.424076)
     C    8    Vyy=   -0.6121    axis=(  0.885466  0.128929 -0.446461)
     C    8    Vzz=    0.6507    axis=(  0.320747  0.525633  0.787929)
     C    8  Q=         1.0000 1e-30 m^2  Cq=         1.5289 MHz  eta= 0.88138

     H    9    Vxx=   -0.0486    axis=( -0.559846 -0.447819  0.697159)
     H    9    Vyy=   -0.6242    axis=(  0.018262  0.834500  0.550705)
     H    9    Vzz=    0.6729    axis=(  0.828395 -0.321042  0.459014)
     H    9  Q=         1.0000 1e-30 m^2  Cq=         1.5810 MHz  eta= 0.85545

     C   10    Vxx=   -0.0489    axis=( -0.636622 -0.055839  0.769152)
     C   10    Vyy=   -0.7547    axis=( -0.585283  0.684425 -0.434748)
     C   10    Vzz=    0.8035    axis=( -0.502151 -0.726942 -0.468402)
     C   10  Q=         1.0000 1e-30 m^2  Cq=         1.8880 MHz  eta= 0.87840

     C   11    Vxx=    0.0040    axis=( -0.304815 -0.843456  0.442345)
     C   11    Vyy=    0.2034    axis=(  0.420078  0.297766  0.857246)
     C   11    Vzz=   -0.2074    axis=( -0.854765  0.447121  0.263554)
     C   11  Q=         1.0000 1e-30 m^2  Cq=        -0.4874 MHz  eta= 0.96120

     Cl  12    Vxx=   -1.5594    axis=( -0.488798  0.233048  0.840693)
     Cl  12    Vyy=   -3.0495    axis=( -0.535439  0.680664 -0.500002)
     Cl  12    Vzz=    4.6089    axis=(  0.688754  0.694540  0.207924)
     Cl  12  Q=        -8.1650 1e-30 m^2  Cq=       -88.4185 MHz  eta= 0.32330

     H   13    Vxx=    0.0076    axis=(  0.967362 -0.061136 -0.245912)
     H   13    Vyy=    0.6673    axis=(  0.191458  0.812067  0.551264)
     H   13    Vzz=   -0.6749    axis=(  0.165995 -0.580354  0.797268)
     H   13  Q=         1.0000 1e-30 m^2  Cq=        -1.5858 MHz  eta= 0.97740

     C   14    Vxx=    0.0019    axis=( -0.372834  0.671478  0.640400)
     C   14    Vyy=    0.3087    axis=(  0.318214 -0.555781  0.768015)
     C   14    Vzz=   -0.3106    axis=( -0.871627 -0.490127  0.006459)
     C   14  Q=         1.0000 1e-30 m^2  Cq=        -0.7299 MHz  eta= 0.98770

     H   15    Vxx=   -0.0146    axis=(  0.446771 -0.831509 -0.330134)
     H   15    Vyy=   -0.7116    axis=(  0.289525  0.483532 -0.826058)
     H   15    Vzz=    0.7262    axis=(  0.846505  0.273477  0.456771)
     H   15  Q=         1.0000 1e-30 m^2  Cq=         1.7064 MHz  eta= 0.95972

     C   16    Vxx=    0.1834    axis=(  0.742641  0.644022 -0.183627)
     C   16    Vyy=    0.5262    axis=( -0.417421  0.230734 -0.878932)
     C   16    Vzz=   -0.7097    axis=( -0.523683  0.729381  0.440181)
     C   16  Q=         1.0000 1e-30 m^2  Cq=        -1.6674 MHz  eta= 0.48304

     C   17    Vxx=    0.2542    axis=(  0.262532  0.889665 -0.373595)
     C   17    Vyy=    0.4850    axis=(  0.910162 -0.356896 -0.210311)
     C   17    Vzz=   -0.7392    axis=(  0.320441  0.284818  0.903436)
     C   17  Q=         1.0000 1e-30 m^2  Cq=        -1.7367 MHz  eta= 0.31231

     Cl  18    Vxx=    0.4475    axis=( -0.023543  0.998116  0.056667)
     Cl  18    Vyy=    1.9731    axis=(  0.999097  0.021486  0.036642)
     Cl  18    Vzz=   -2.4206    axis=( -0.035356 -0.057478  0.997721)
     Cl  18  Q=        -8.1650 1e-30 m^2  Cq=        46.4379 MHz  eta= 0.63024

     H   19    Vxx=   -0.0267    axis=(  0.465910  0.508425  0.724177)
     H   19    Vyy=   -0.6009    axis=(  0.850882 -0.032908 -0.524325)
     H   19    Vzz=    0.6276    axis=(  0.242749 -0.860477  0.447942)
     H   19  Q=         1.0000 1e-30 m^2  Cq=         1.4746 MHz  eta= 0.91480

     C   20    Vxx=    0.0504    axis=( -0.033238  0.572526  0.819212)
     C   20    Vyy=    0.8171    axis=( -0.849440 -0.448088  0.278692)
     C   20    Vzz=   -0.8676    axis=(  0.526638 -0.686608  0.501220)
     C   20  Q=         1.0000 1e-30 m^2  Cq=        -2.0384 MHz  eta= 0.88373

     H   21    Vxx=    0.0253    axis=(  0.099873  0.993870 -0.047420)
     H   21    Vyy=    0.7463    axis=( -0.915239  0.073067 -0.396232)
     H   21    Vzz=   -0.7716    axis=( -0.390338  0.082973  0.916925)
     H   21  Q=         1.0000 1e-30 m^2  Cq=        -1.8128 MHz  eta= 0.93443

     C   22    Vxx=    0.0756    axis=(  0.675892 -0.555491  0.484355)
     C   22    Vyy=    0.3814    axis=( -0.666042 -0.179023  0.724113)
     C   22    Vzz=   -0.4570    axis=( -0.315527 -0.812023 -0.490980)
     C   22  Q=         1.0000 1e-30 m^2  Cq=        -1.0738 MHz  eta= 0.66904

     C   23    Vxx=    0.0622    axis=( -0.028821  0.581066  0.813346)
     C   23    Vyy=    0.9966    axis=( -0.856710 -0.433575  0.279395)
     C   23    Vzz=   -1.0588    axis=(  0.514993 -0.688749  0.510300)
     C   23  Q=         1.0000 1e-30 m^2  Cq=        -2.4877 MHz  eta= 0.88256

     Cl  24    Vxx=   -1.5107    axis=( -0.265962 -0.734322 -0.624528)
     Cl  24    Vyy=   -1.8382    axis=(  0.385104 -0.674855  0.629496)
     Cl  24    Vzz=    3.3489    axis=(  0.883719  0.073086 -0.462276)
     Cl  24  Q=        -8.1650 1e-30 m^2  Cq=       -64.2476 MHz  eta= 0.09778

     Initialization:
     gipaw_setup  :      8.94s CPU     10.78s WALL (       1 calls)

     Linear response

     Apply operators

     Induced current

     Other routines
     efg          :      9.20s CPU     11.56s WALL (       1 calls)

     General routines
     calbec       :      3.21s CPU      4.28s WALL (      16 calls)
     fft          :      1.47s CPU      1.80s WALL (      15 calls)
     ffts         :      0.04s CPU      0.08s WALL (       2 calls)
     fftw         :      3.20s CPU      3.77s WALL (     672 calls)
     davcio       :      0.03s CPU      0.33s WALL (      32 calls)

     Parallel routines
     fft_scatter  :      2.07s CPU      2.76s WALL (     689 calls)

     Plugins

     GIPAW        :     60.64s CPU     72.09s WALL (       1 calls)
