
     Program QE v.6.0 (svn rev. 13079) starts on 24Dec2016 at  5:55:14 

     This program is part of the open-source Quantum ESPRESSO suite
     for quantum simulation of materials; please cite
         "P. Giannozzi et al., J. Phys.:Condens. Matter 21 395502 (2009);
          URL http://www.quantum-espresso.org", 
     in publications or presentations arising from this work. More details at
     http://www.quantum-espresso.org/quote

     Parallel version (MPI), running on     8 processors
     R & G space division:  proc/nbgrp/npool/nimage =       8

     ***** This is GIPAW svn revision unknown      *****

     Parallelizing q-star over 1 images

     Reading data from directory:
     /users/majewski/paradichlorobenzene/pbe/9_constraint/scratch/pbe.ecut100.np8.dt60.pcl2phi-129368.save
     Message from routine read_xml_file:
     file /users/majewski/paradichlorobenzene/pbe/9_constraint/scratch/pbe.ecut100.np8.dt60.pcl2phi-129368.save not guaranteed to be safe for post-processing

   Info: using nr1, nr2, nr3 values from input

   Info: using nr1, nr2, nr3 values from input

     IMPORTANT: XC functional enforced from input :
     Exchange-correlation      =  SLA  PW   PBX  PBC ( 1  4  3  4 0 0)
     Any further DFT definition will be discarded
     Please, verify this is what you really want

               file C.pbe-n-kjpaw_psl.1.0.0.UPF: wavefunction(s)  2S 2P renormalized
               file Cl.pbe-n-kjpaw_psl.1.0.0.UPF: wavefunction(s)  3S 3P renormalized
               file H.pbe-kjpaw_psl.1.0.0.UPF: wavefunction(s)  1S renormalized

     Parallelization info
     --------------------
     sticks:   dense  smooth     PW     G-vecs:    dense   smooth      PW
     Min        3057    1223    332               144436    36536    5170
     Max        3059    1225    333               144437    36537    5171
     Sum       24467    9791   2657              1155489   292295   41363


     Subspace diagonalization in iterative solution of the eigenvalue problem:
     a serial algorithm will be used

     GIPAW projectors -----------------------------------------------
     atom=  C    l=0  rc=    1.2000  rs=    0.8000
     atom=  C    l=0  rc=    1.2000  rs=    0.8000
     atom=  C    l=1  rc=    1.4000  rs=    0.9333
     atom=  C    l=1  rc=    1.4000  rs=    0.9333
     projs nearly linearly dependent: l=1  n1,n2= 1, 2  s=  0.99951561

     atom=  Cl   l=0  rc=    1.6000  rs=    1.0667
     atom=  Cl   l=0  rc=    1.6000  rs=    1.0667
     atom=  Cl   l=1  rc=    1.6000  rs=    1.0667
     atom=  Cl   l=1  rc=    1.6000  rs=    1.0667
     atom=  Cl   l=2  rc=    1.6000  rs=    1.0667
     atom=  Cl   l=2  rc=    1.6000  rs=    1.0667
     projs nearly linearly dependent: l=2  n1,n2= 1, 2  s=  0.99993509

     atom=  H    l=0  rc=    1.0000  rs=    0.6667
     atom=  H    l=0  rc=    1.0000  rs=    0.6667
     projs nearly linearly dependent: l=0  n1,n2= 1, 2  s=  0.99968852
     -----------------------------------------------------------------

     GIPAW integrals: -------------------------------------------
     Atom  i/j   nmr_para   nmr_dia   epr_rmc  epr_para   epr_dia
       C   1 1   0.83E+03  0.17E-01  0.93E+01  0.24E+08  0.24E+03
       C   2 1   0.86E+03 -0.61E-01  0.94E+01  0.25E+08  0.25E+03
       C   2 2   0.90E+03 -0.15E+00  0.97E+01  0.26E+08  0.26E+03
       C   3 3   0.33E+01  0.34E+00  0.18E+01  0.55E+03  0.21E+02
       C   4 3   0.35E+01  0.37E+00  0.20E+01  0.59E+03  0.22E+02
       C   4 4   0.38E+01  0.39E+00  0.22E+01  0.63E+03  0.24E+02
       Cl  1 1   0.14E+04 -0.47E+00  0.84E+01  0.32E+09  0.42E+03
       Cl  2 1   0.21E+04 -0.37E+00  0.12E+02  0.49E+09  0.65E+03
       Cl  2 2   0.33E+04 -0.16E+00  0.21E+02  0.76E+09  0.10E+04
       Cl  3 3   0.21E+02  0.79E-01  0.89E+01  0.23E+05  0.13E+03
       Cl  4 3   0.24E+02  0.67E-01  0.99E+01  0.27E+05  0.15E+03
       Cl  4 4   0.28E+02  0.44E-01  0.11E+02  0.32E+05  0.18E+03
       Cl  5 5   0.77E+00  0.19E+00  0.18E+01  0.12E+03  0.22E+02
       Cl  6 5   0.80E+00  0.19E+00  0.19E+01  0.12E+03  0.23E+02
       Cl  6 6   0.83E+00  0.20E+00  0.19E+01  0.12E+03  0.23E+02
       H   1 1   0.39E+02  0.19E+00  0.29E+00  0.78E+05  0.13E+02
       H   2 1   0.41E+02  0.21E+00  0.32E+00  0.82E+05  0.14E+02
       H   2 2   0.43E+02  0.22E+00  0.36E+00  0.86E+05  0.15E+02
     ------------------------------------------------------------

     alpha_pv=     34.0970 eV

     Number of occupied bands for each k-point:
     k-point:     1    nbnd_occ=  42
     k-point:     2    nbnd_occ=  42
     k-point:     3    nbnd_occ=  42
     k-point:     4    nbnd_occ=  42
     k-point:     5    nbnd_occ=  42
     k-point:     6    nbnd_occ=  42
     k-point:     7    nbnd_occ=  42
     k-point:     8    nbnd_occ=  42
     k-point:     9    nbnd_occ=  42
     k-point:    10    nbnd_occ=  42
     k-point:    11    nbnd_occ=  42
     k-point:    12    nbnd_occ=  42
     k-point:    13    nbnd_occ=  42
     k-point:    14    nbnd_occ=  42
     k-point:    15    nbnd_occ=  42
     k-point:    16    nbnd_occ=  42


     q-space interpolation up to   110.00 Rydberg

     GIPAW job: efg                                                                             


     ELECTRIC FIELD GRADIENTS TENSORS IN Hartree/bohrradius^2:

     ----- bare term -----
     Cl   1        0.019244        0.020926        0.040767
     Cl   1        0.020926        0.007970       -0.042903
     Cl   1        0.040767       -0.042903       -0.027214

     C    2       -0.675524        0.092231       -0.213638
     C    2        0.092231        0.104901       -0.160895
     C    2       -0.213638       -0.160895        0.570622

     C    3        0.018796        0.203756       -0.042713
     C    3        0.203756       -0.582249       -0.362199
     C    3       -0.042713       -0.362199        0.563453

     H    4       -0.509026       -0.275250        0.178924
     H    4       -0.275250        0.406335       -0.094173
     H    4        0.178924       -0.094173        0.102691

     C    5       -0.619469        0.275221       -0.462834
     C    5        0.275221       -0.018529       -0.131657
     C    5       -0.462834       -0.131657        0.637997

     H    6        0.421173       -0.035185       -0.095758
     H    6       -0.035185       -0.579894       -0.368256
     H    6       -0.095758       -0.368256        0.158721

     H    7        0.384865       -0.027913       -0.002195
     H    7       -0.027913       -0.556950        0.495277
     H    7       -0.002195        0.495277        0.172085

     C    8       -0.276640        0.026575       -0.349236
     C    8        0.026575       -0.006011        0.542123
     C    8       -0.349236        0.542123        0.282650

     H    9       -0.483912        0.080236       -0.439315
     H    9        0.080236        0.256924        0.240571
     H    9       -0.439315        0.240571        0.226988

     C   10       -0.144731       -0.425801       -0.127526
     C   10       -0.425801       -0.298832        0.449725
     C   10       -0.127526        0.449725        0.443563

     C   11       -0.103808        0.268985       -0.372562
     C   11        0.268985       -0.080595        0.652928
     C   11       -0.372562        0.652928        0.184403

     Cl  12       -0.094873       -0.099455        0.020660
     Cl  12       -0.099455       -0.000738        0.048221
     Cl  12        0.020660        0.048221        0.095611

     H   13        0.378840       -0.119434       -0.303162
     H   13       -0.119434        0.011670       -0.478817
     H   13       -0.303162       -0.478817       -0.390510

     C   14       -0.109955        0.344638       -0.002008
     C   14        0.344638       -0.450045       -0.305888
     C   14       -0.002008       -0.305888        0.560000

     H   15       -0.756197       -0.135121       -0.120043
     H   15       -0.135121        0.422796       -0.148928
     H   15       -0.120043       -0.148928        0.333401

     C   16       -0.279696        0.254441       -0.325814
     C   16        0.254441       -0.035368       -0.364365
     C   16       -0.325814       -0.364365        0.315064

     C   17       -0.066108       -0.047201       -0.317371
     C   17       -0.047201       -0.054332       -0.636426
     C   17       -0.317371       -0.636426        0.120440

     Cl  18       -0.122397        0.170156       -0.018912
     Cl  18        0.170156        0.005352       -0.039923
     Cl  18       -0.018912       -0.039923        0.117045

     H   19        0.534408        0.024042        0.073608
     H   19        0.024042        0.001878        0.232990
     H   19        0.073608        0.232990       -0.536286

     C   20       -0.506798       -0.330839       -0.035225
     C   20       -0.330839        0.142137        0.395572
     C   20       -0.035225        0.395572        0.364662

     H   21       -0.001237       -0.093558       -0.534228
     H   21       -0.093558        0.171450       -0.226037
     H   21       -0.534228       -0.226037       -0.170213

     C   22       -0.152396       -0.041327       -0.212932
     C   22       -0.041327       -0.080002        0.599288
     C   22       -0.212932        0.599288        0.232397

     C   23       -0.380261       -0.262416       -0.400883
     C   23       -0.262416        0.075074        0.453949
     C   23       -0.400883        0.453949        0.305187

     Cl  24       -0.089343       -0.029786       -0.100313
     Cl  24       -0.029786       -0.010046        0.151050
     Cl  24       -0.100313        0.151050        0.099389

     ----- ionic term -----
     Cl   1        0.117587       -0.197169       -0.001942
     Cl   1       -0.197169        0.022677        0.010971
     Cl   1       -0.001942        0.010971       -0.140264

     C    2        0.211360       -0.132984        0.218937
     C    2       -0.132984        0.124452        0.381537
     C    2        0.218937        0.381537       -0.335812

     C    3        0.228980       -0.211998        0.075073
     C    3       -0.211998        0.173347        0.403878
     C    3        0.075073        0.403878       -0.402328

     H    4        0.822789        0.370411        0.483733
     H    4        0.370411       -0.402909        0.196775
     H    4        0.483733        0.196775       -0.419880

     C    5        0.347836       -0.160446        0.089523
     C    5       -0.160446        0.076678        0.350480
     C    5        0.089523        0.350480       -0.424514

     H    6       -0.506182       -0.007745       -0.026417
     H    6       -0.007745        0.673516        0.718684
     H    6       -0.026417        0.718684       -0.167335

     H    7       -0.535489       -0.062222        0.053454
     H    7       -0.062222        0.558452       -0.763985
     H    7        0.053454       -0.763985       -0.022963

     C    8        0.224209        0.189055        0.333785
     C    8        0.189055        0.047736       -0.316838
     C    8        0.333785       -0.316838       -0.271944

     H    9        0.780029       -0.117768        0.620820
     H    9       -0.117768       -0.491610       -0.151186
     H    9        0.620820       -0.151186       -0.288420

     C   10        0.130172        0.307342        0.200264
     C   10        0.307342        0.174590       -0.378472
     C   10        0.200264       -0.378472       -0.304761

     C   11        0.141525        0.220771        0.318260
     C   11        0.220771        0.070686       -0.411182
     C   11        0.318260       -0.411182       -0.212211

     Cl  12        0.139732        0.201377        0.016817
     Cl  12        0.201377        0.009788       -0.005642
     Cl  12        0.016817       -0.005642       -0.149521

     H   13       -0.507108        0.160385        0.130965
     H   13        0.160385        0.518809        0.768851
     H   13        0.130965        0.768851       -0.011701

     C   14        0.301523       -0.122078        0.181031
     C   14       -0.122078       -0.017108        0.351380
     C   14        0.181031        0.351380       -0.284416

     H   15        0.834302        0.229563        0.500919
     H   15        0.229563       -0.511313        0.178808
     H   15        0.500919        0.178808       -0.322988

     C   16        0.201536       -0.159323        0.089392
     C   16       -0.159323        0.081082        0.447291
     C   16        0.089392        0.447291       -0.282618

     C   17        0.281147       -0.025163        0.132635
     C   17       -0.025163        0.037956        0.482539
     C   17        0.132635        0.482539       -0.319103

     Cl  18        0.132399       -0.183924       -0.061718
     Cl  18       -0.183924       -0.016012        0.040554
     Cl  18       -0.061718        0.040554       -0.116387

     H   19       -0.518697        0.073839       -0.037913
     H   19        0.073839        0.463411       -0.782016
     H   19       -0.037913       -0.782016        0.055286

     C   20        0.262977        0.320645        0.281343
     C   20        0.320645       -0.013963       -0.298737
     C   20        0.281343       -0.298737       -0.249014

     H   21        0.573982       -0.142299        0.722062
     H   21       -0.142299       -0.473043       -0.170950
     H   21        0.722062       -0.170950       -0.100938

     C   22        0.184481        0.322714        0.222772
     C   22        0.322714        0.097317       -0.353744
     C   22        0.222772       -0.353744       -0.281798

     C   23        0.210881        0.176877        0.371988
     C   23        0.176877        0.025114       -0.384475
     C   23        0.371988       -0.384475       -0.235996

     Cl  24        0.134510        0.237994        0.036686
     Cl  24        0.237994        0.011476        0.015616
     Cl  24        0.036686        0.015616       -0.145986

     ----- GIPAW term -----
     Cl   1       -0.603683       -1.271638        0.197740
     Cl   1       -1.271638       -0.882675        1.356626
     Cl   1        0.197740        1.356626        1.486358

     C    2       -0.163964       -0.045351        0.025818
     C    2       -0.045351       -0.081944        0.080245
     C    2        0.025818        0.080245        0.245908

     C    3       -0.097207        0.009890       -0.016971
     C    3        0.009890       -0.171904        0.035018
     C    3       -0.016971        0.035018        0.269111

     H    4       -0.000000        0.000000        0.000000
     H    4        0.000000        0.000000        0.000000
     H    4        0.000000        0.000000        0.000000

     C    5       -0.148832        0.017848       -0.157398
     C    5        0.017848       -0.079333        0.055608
     C    5       -0.157398        0.055608        0.228165

     H    6       -0.000000        0.000000        0.000000
     H    6        0.000000        0.000000        0.000000
     H    6        0.000000        0.000000        0.000000

     H    7       -0.000000        0.000000        0.000000
     H    7        0.000000        0.000000        0.000000
     H    7        0.000000        0.000000        0.000000

     C    8       -0.068055        0.073185       -0.033619
     C    8        0.073185        0.088703        0.178841
     C    8       -0.033619        0.178841       -0.020648

     H    9       -0.000000        0.000000        0.000000
     H    9        0.000000        0.000000        0.000000
     H    9        0.000000        0.000000        0.000000

     C   10        0.032829       -0.028611        0.003003
     C   10       -0.028611       -0.065116        0.067477
     C   10        0.003003        0.067477        0.032286

     C   11        0.065001        0.243019       -0.010514
     C   11        0.243019        0.006102        0.155527
     C   11       -0.010514        0.155527       -0.071103

     Cl  12        1.044759        2.067993        0.124055
     Cl  12        2.067993        0.134455        0.349550
     Cl  12        0.124055        0.349550       -1.179214

     H   13       -0.000000        0.000000        0.000000
     H   13        0.000000        0.000000        0.000000
     H   13        0.000000        0.000000        0.000000

     C   14       -0.080969        0.072513        0.100294
     C   14        0.072513       -0.202898        0.041251
     C   14        0.100294        0.041251        0.283867

     H   15       -0.000000        0.000000        0.000000
     H   15        0.000000        0.000000        0.000000
     H   15        0.000000        0.000000        0.000000

     C   16        0.000014        0.107525       -0.032899
     C   16        0.107525        0.006292       -0.020469
     C   16       -0.032899       -0.020469       -0.006306

     C   17        0.010559       -0.119584       -0.053825
     C   17       -0.119584        0.127204       -0.109171
     C   17       -0.053825       -0.109171       -0.137762

     Cl  18       -0.739950       -0.349695       -0.873913
     Cl  18       -0.349695        0.208012       -2.177260
     Cl  18       -0.873913       -2.177260        0.531939

     H   19       -0.000000        0.000000        0.000000
     H   19        0.000000        0.000000        0.000000
     H   19        0.000000        0.000000        0.000000

     C   20       -0.155498        0.031663        0.073587
     C   20        0.031663        0.098131        0.212196
     C   20        0.073587        0.212196        0.057367

     H   21       -0.000000        0.000000        0.000000
     H   21        0.000000        0.000000        0.000000
     H   21        0.000000        0.000000        0.000000

     C   22       -0.148653        0.044727       -0.013531
     C   22        0.044727        0.052644        0.247297
     C   22       -0.013531        0.247297        0.096009

     C   23       -0.086694        0.016236       -0.087951
     C   23        0.016236        0.143271        0.176676
     C   23       -0.087951        0.176676       -0.056576

     Cl  24       -0.075732        1.463607       -0.776148
     Cl  24        1.463607        0.196200        1.975818
     Cl  24       -0.776148        1.975818       -0.120468

     ----- total EFG -----
     Cl   1       -0.466851       -1.447881        0.236565
     Cl   1       -1.447881       -0.852028        1.324693
     Cl   1        0.236565        1.324693        1.318879

     C    2       -0.628128       -0.086105        0.031117
     C    2       -0.086105        0.147409        0.300887
     C    2        0.031117        0.300887        0.480719

     C    3        0.150570        0.001648        0.015389
     C    3        0.001648       -0.580806        0.076697
     C    3        0.015389        0.076697        0.430236

     H    4        0.313763        0.095161        0.662656
     H    4        0.095161        0.003426        0.102601
     H    4        0.662656        0.102601       -0.317188

     C    5       -0.420465        0.132622       -0.530710
     C    5        0.132622       -0.021184        0.274432
     C    5       -0.530710        0.274432        0.441649

     H    6       -0.085009       -0.042930       -0.122175
     H    6       -0.042930        0.093622        0.350428
     H    6       -0.122175        0.350428       -0.008613

     H    7       -0.150625       -0.090135        0.051259
     H    7       -0.090135        0.001502       -0.268708
     H    7        0.051259       -0.268708        0.149122

     C    8       -0.120486        0.288816       -0.049070
     C    8        0.288816        0.130428        0.404126
     C    8       -0.049070        0.404126       -0.009942

     H    9        0.296117       -0.037531        0.181505
     H    9       -0.037531       -0.234685        0.089385
     H    9        0.181505        0.089385       -0.061432

     C   10        0.018270       -0.147070        0.075741
     C   10       -0.147070       -0.189358        0.138731
     C   10        0.075741        0.138731        0.171088

     C   11        0.102718        0.732775       -0.064816
     C   11        0.732775       -0.003807        0.397272
     C   11       -0.064816        0.397272       -0.098911

     Cl  12        1.089618        2.169915        0.161533
     Cl  12        2.169915        0.143505        0.392129
     Cl  12        0.161533        0.392129       -1.233124

     H   13       -0.128269        0.040952       -0.172197
     H   13        0.040952        0.530480        0.290033
     H   13       -0.172197        0.290033       -0.402211

     C   14        0.110599        0.295074        0.279317
     C   14        0.295074       -0.670051        0.086743
     C   14        0.279317        0.086743        0.559452

     H   15        0.078105        0.094442        0.380877
     H   15        0.094442       -0.088518        0.029880
     H   15        0.380877        0.029880        0.010413

     C   16       -0.078145        0.202643       -0.269321
     C   16        0.202643        0.052005        0.062457
     C   16       -0.269321        0.062457        0.026140

     C   17        0.225598       -0.191948       -0.238560
     C   17       -0.191948        0.110828       -0.263057
     C   17       -0.238560       -0.263057       -0.336426

     Cl  18       -0.729949       -0.363463       -0.954543
     Cl  18       -0.363463        0.197351       -2.176629
     Cl  18       -0.954543       -2.176629        0.532598

     H   19        0.015711        0.097881        0.035695
     H   19        0.097881        0.465289       -0.549026
     H   19        0.035695       -0.549026       -0.481000

     C   20       -0.399320        0.021470        0.319705
     C   20        0.021470        0.226305        0.309032
     C   20        0.319705        0.309032        0.173014

     H   21        0.572745       -0.235857        0.187835
     H   21       -0.235857       -0.301594       -0.396986
     H   21        0.187835       -0.396986       -0.271151

     C   22       -0.116568        0.326115       -0.003691
     C   22        0.326115        0.069960        0.492841
     C   22       -0.003691        0.492841        0.046609

     C   23       -0.256074       -0.069303       -0.116846
     C   23       -0.069303        0.243459        0.246151
     C   23       -0.116846        0.246151        0.012615

     Cl  24       -0.030565        1.671815       -0.839775
     Cl  24        1.671815        0.197631        2.142484
     Cl  24       -0.839775        2.142484       -0.167065

     ----- total EFG (symmetrized) -----
     Cl   1       -0.466851       -1.447881        0.236565
     Cl   1       -1.447881       -0.852028        1.324693
     Cl   1        0.236565        1.324693        1.318879

     C    2       -0.628128       -0.086105        0.031117
     C    2       -0.086105        0.147409        0.300887
     C    2        0.031117        0.300887        0.480719

     C    3        0.150570        0.001648        0.015389
     C    3        0.001648       -0.580806        0.076697
     C    3        0.015389        0.076697        0.430236

     H    4        0.313763        0.095161        0.662656
     H    4        0.095161        0.003426        0.102601
     H    4        0.662656        0.102601       -0.317188

     C    5       -0.420465        0.132622       -0.530710
     C    5        0.132622       -0.021184        0.274432
     C    5       -0.530710        0.274432        0.441649

     H    6       -0.085009       -0.042930       -0.122175
     H    6       -0.042930        0.093622        0.350428
     H    6       -0.122175        0.350428       -0.008613

     H    7       -0.150625       -0.090135        0.051259
     H    7       -0.090135        0.001502       -0.268708
     H    7        0.051259       -0.268708        0.149122

     C    8       -0.120486        0.288816       -0.049070
     C    8        0.288816        0.130428        0.404126
     C    8       -0.049070        0.404126       -0.009942

     H    9        0.296117       -0.037531        0.181505
     H    9       -0.037531       -0.234685        0.089385
     H    9        0.181505        0.089385       -0.061432

     C   10        0.018270       -0.147070        0.075741
     C   10       -0.147070       -0.189358        0.138731
     C   10        0.075741        0.138731        0.171088

     C   11        0.102718        0.732775       -0.064816
     C   11        0.732775       -0.003807        0.397272
     C   11       -0.064816        0.397272       -0.098911

     Cl  12        1.089618        2.169915        0.161533
     Cl  12        2.169915        0.143505        0.392129
     Cl  12        0.161533        0.392129       -1.233124

     H   13       -0.128269        0.040952       -0.172197
     H   13        0.040952        0.530480        0.290033
     H   13       -0.172197        0.290033       -0.402211

     C   14        0.110599        0.295074        0.279317
     C   14        0.295074       -0.670051        0.086743
     C   14        0.279317        0.086743        0.559452

     H   15        0.078105        0.094442        0.380877
     H   15        0.094442       -0.088518        0.029880
     H   15        0.380877        0.029880        0.010413

     C   16       -0.078145        0.202643       -0.269321
     C   16        0.202643        0.052005        0.062457
     C   16       -0.269321        0.062457        0.026140

     C   17        0.225598       -0.191948       -0.238560
     C   17       -0.191948        0.110828       -0.263057
     C   17       -0.238560       -0.263057       -0.336426

     Cl  18       -0.729949       -0.363463       -0.954543
     Cl  18       -0.363463        0.197351       -2.176629
     Cl  18       -0.954543       -2.176629        0.532598

     H   19        0.015711        0.097881        0.035695
     H   19        0.097881        0.465289       -0.549026
     H   19        0.035695       -0.549026       -0.481000

     C   20       -0.399320        0.021470        0.319705
     C   20        0.021470        0.226305        0.309032
     C   20        0.319705        0.309032        0.173014

     H   21        0.572745       -0.235857        0.187835
     H   21       -0.235857       -0.301594       -0.396986
     H   21        0.187835       -0.396986       -0.271151

     C   22       -0.116568        0.326115       -0.003691
     C   22        0.326115        0.069960        0.492841
     C   22       -0.003691        0.492841        0.046609

     C   23       -0.256074       -0.069303       -0.116846
     C   23       -0.069303        0.243459        0.246151
     C   23       -0.116846        0.246151        0.012615

     Cl  24       -0.030565        1.671815       -0.839775
     Cl  24        1.671815        0.197631        2.142484
     Cl  24       -0.839775        2.142484       -0.167065


     NQR/NMR SPECTROSCOPIC PARAMETERS:
     Cl   1    Vxx=    0.4521    axis=(  0.788929 -0.428840  0.440098)
     Cl   1    Vyy=    2.0312    axis=( -0.204841  0.491701  0.846327)
     Cl   1    Vzz=   -2.4834    axis=( -0.579336 -0.757843  0.300073)
     Cl   1  Q=        -8.1650 1e-30 m^2  Cq=        47.6426 MHz  eta= 0.63587

     C    2    Vxx=   -0.0167    axis=( -0.145488  0.850522 -0.505416)
     C    2    Vyy=   -0.6416    axis=( -0.989271 -0.131908  0.062793)
     C    2    Vzz=    0.6582    axis=( -0.013262  0.509129  0.860588)
     C    2  Q=         1.0000 1e-30 m^2  Cq=         1.5466 MHz  eta= 0.94937

     C    3    Vxx=    0.1497    axis=(  0.998543 -0.003401 -0.053853)
     C    3    Vyy=    0.4369    axis=( -0.053956 -0.075130 -0.995713)
     C    3    Vzz=   -0.5866    axis=( -0.000660  0.997168 -0.075204)
     C    3  Q=         1.0000 1e-30 m^2  Cq=        -1.3783 MHz  eta= 0.48948

     H    4    Vxx=   -0.0191    axis=(  0.175940 -0.982985  0.052780)
     H    4    Vyy=   -0.7374    axis=( -0.529435 -0.049287  0.846918)
     H    4    Vzz=    0.7565    axis=( -0.829906 -0.176951 -0.529098)
     H    4  Q=         1.0000 1e-30 m^2  Cq=         1.7775 MHz  eta= 0.94946

     C    5    Vxx=    0.0086    axis=(  0.396735  0.913256 -0.092545)
     C    5    Vyy=    0.7445    axis=(  0.376891 -0.253993 -0.890753)
     C    5    Vzz=   -0.7531    axis=( -0.836991  0.318514 -0.444966)
     C    5  Q=         1.0000 1e-30 m^2  Cq=        -1.7694 MHz  eta= 0.97711

     H    6    Vxx=   -0.0920    axis=( -0.937117 -0.342588  0.066676)
     H    6    Vyy=   -0.3298    axis=(  0.271952 -0.597008  0.754734)
     H    6    Vzz=    0.4218    axis=(  0.218757 -0.725406 -0.652634)
     H    6  Q=         1.0000 1e-30 m^2  Cq=         0.9912 MHz  eta= 0.56377

     H    7    Vxx=   -0.1421    axis=( -0.823091  0.337750  0.456559)
     H    7    Vyy=   -0.2294    axis=( -0.538394 -0.719873 -0.438081)
     H    7    Vzz=    0.3715    axis=(  0.180703 -0.606389  0.774363)
     H    7  Q=         1.0000 1e-30 m^2  Cq=         0.8729 MHz  eta= 0.23515

     C    8    Vxx=   -0.0337    axis=(  0.780717  0.130741 -0.611055)
     C    8    Vyy=   -0.4971    axis=( -0.546697  0.616535 -0.566575)
     C    8    Vzz=    0.5308    axis=( -0.302662 -0.776397 -0.552815)
     C    8  Q=         1.0000 1e-30 m^2  Cq=         1.2471 MHz  eta= 0.87296

     H    9    Vxx=   -0.0776    axis=( -0.328532  0.525171  0.785024)
     H    9    Vyy=   -0.2945    axis=(  0.202930  0.850997 -0.484380)
     H    9    Vzz=    0.3721    axis=( -0.922435  0.000171 -0.386152)
     H    9  Q=         1.0000 1e-30 m^2  Cq=         0.8743 MHz  eta= 0.58295

     C   10    Vxx=    0.0944    axis=(  0.882862 -0.469047 -0.023433)
     C   10    Vyy=    0.2224    axis=(  0.164314  0.261766  0.951041)
     C   10    Vzz=   -0.3168    axis=( -0.439949 -0.843489  0.308174)
     C   10  Q=         1.0000 1e-30 m^2  Cq=        -0.7442 MHz  eta= 0.40398

     C   11    Vxx=    0.0011    axis=( -0.471021  0.142320  0.870565)
     C   11    Vyy=    0.8416    axis=( -0.670945 -0.698512 -0.248823)
     C   11    Vzz=   -0.8427    axis=(  0.572688 -0.701303  0.424503)
     C   11  Q=         1.0000 1e-30 m^2  Cq=        -1.9799 MHz  eta= 0.99738

     Cl  12    Vxx=   -1.1714    axis=(  0.331626 -0.278451 -0.901382)
     Cl  12    Vyy=   -1.6998    axis=(  0.540828 -0.726752  0.423480)
     Cl  12    Vzz=    2.8712    axis=(  0.773000  0.627930  0.090416)
     Cl  12  Q=        -8.1650 1e-30 m^2  Cq=       -55.0825 MHz  eta= 0.18402

     H   13    Vxx=   -0.0556    axis=(  0.924640  0.115059 -0.363045)
     H   13    Vyy=   -0.5578    axis=( -0.380680  0.251469 -0.889858)
     H   13    Vzz=    0.6134    axis=( -0.011092  0.961002  0.276319)
     H   13  Q=         1.0000 1e-30 m^2  Cq=         1.4412 MHz  eta= 0.81884

     C   14    Vxx=    0.0438    axis=(  0.823458  0.280449 -0.493220)
     C   14    Vyy=    0.7253    axis=(  0.468845  0.153227  0.869889)
     C   14    Vzz=   -0.7691    axis=( -0.319534  0.947560  0.005312)
     C   14  Q=         1.0000 1e-30 m^2  Cq=        -1.8070 MHz  eta= 0.88611

     H   15    Vxx=   -0.0967    axis=(  0.009701 -0.971592  0.236463)
     H   15    Vyy=   -0.3452    axis=( -0.679819  0.167010  0.714110)
     H   15    Vzz=    0.4419    axis=(  0.733316  0.167680  0.658887)
     H   15  Q=         1.0000 1e-30 m^2  Cq=         1.0383 MHz  eta= 0.56221

     C   16    Vxx=    0.1026    axis=(  0.018131  0.804748  0.593339)
     C   16    Vyy=    0.2868    axis=( -0.678293 -0.426091  0.598636)
     C   16    Vzz=   -0.3895    axis=( -0.734567  0.413312 -0.538130)
     C   16  Q=         1.0000 1e-30 m^2  Cq=        -0.9151 MHz  eta= 0.47302

     C   17    Vxx=    0.1985    axis=(  0.409671  0.732916 -0.543143)
     C   17    Vyy=    0.3715    axis=( -0.841455  0.533552  0.085297)
     C   17    Vzz=   -0.5700    axis=(  0.352310  0.422086  0.835297)
     C   17  Q=         1.0000 1e-30 m^2  Cq=        -1.3392 MHz  eta= 0.30354

     Cl  18    Vxx=   -0.2641    axis=(  0.853472 -0.462315 -0.240520)
     Cl  18    Vyy=   -2.3492    axis=(  0.501352  0.602419  0.621078)
     Cl  18    Vzz=    2.6132    axis=( -0.142239 -0.650658  0.745931)
     Cl  18  Q=        -8.1650 1e-30 m^2  Cq=       -50.1337 MHz  eta= 0.79790

     H   19    Vxx=    0.0151    axis=(  0.989788 -0.054617  0.131671)
     H   19    Vyy=    0.7247    axis=(  0.104495  0.906269 -0.409583)
     H   19    Vzz=   -0.7398    axis=( -0.096959  0.419159  0.902721)
     H   19  Q=         1.0000 1e-30 m^2  Cq=        -1.7381 MHz  eta= 0.95929

     C   20    Vxx=   -0.0111    axis=(  0.403507 -0.738921  0.539610)
     C   20    Vyy=   -0.5587    axis=( -0.880314 -0.152731  0.449133)
     C   20    Vzz=    0.5698    axis=(  0.249458  0.656254  0.712111)
     C   20  Q=         1.0000 1e-30 m^2  Cq=         1.3388 MHz  eta= 0.96106

     H   21    Vxx=   -0.0354    axis=(  0.439506  0.603196 -0.665575)
     H   21    Vyy=   -0.6850    axis=(  0.034625  0.729049  0.683585)
     H   21    Vzz=    0.7204    axis=(  0.897572 -0.323485  0.299536)
     H   21  Q=         1.0000 1e-30 m^2  Cq=         1.6927 MHz  eta= 0.90171

     C   22    Vxx=   -0.0612    axis=(  0.810356  0.131035 -0.571098)
     C   22    Vyy=   -0.5667    axis=( -0.494347  0.676137 -0.546315)
     C   22    Vzz=    0.6279    axis=( -0.314554 -0.725030 -0.612689)
     C   22  Q=         1.0000 1e-30 m^2  Cq=         1.4754 MHz  eta= 0.80496

     C   23    Vxx=   -0.1207    axis=( -0.350544 -0.569302  0.743649)
     C   23    Vyy=   -0.3010    axis=( -0.919549  0.058626 -0.388579)
     C   23    Vzz=    0.4218    axis=(  0.177622 -0.820035 -0.544052)
     C   23  Q=         1.0000 1e-30 m^2  Cq=         0.9910 MHz  eta= 0.42744

     Cl  24    Vxx=    0.7308    axis=(  0.793972  0.057573 -0.605222)
     Cl  24    Vyy=    2.4138    axis=( -0.347448 -0.773940 -0.529430)
     Cl  24    Vzz=   -3.1446    axis=(  0.498887 -0.630636  0.594483)
     Cl  24  Q=        -8.1650 1e-30 m^2  Cq=        60.3271 MHz  eta= 0.53520

     Initialization:
     gipaw_setup  :      9.24s CPU     11.03s WALL (       1 calls)

     Linear response

     Apply operators

     Induced current

     Other routines
     efg          :      9.00s CPU     11.46s WALL (       1 calls)

     General routines
     calbec       :      3.14s CPU      4.28s WALL (      16 calls)
     fft          :      1.66s CPU      2.43s WALL (      15 calls)
     ffts         :      0.03s CPU      0.04s WALL (       2 calls)
     fftw         :      3.12s CPU      3.66s WALL (     672 calls)
     davcio       :      0.02s CPU      0.33s WALL (      32 calls)

     Parallel routines
     fft_scatter  :      2.10s CPU      3.19s WALL (     689 calls)

     Plugins

     GIPAW        :     60.38s CPU     71.82s WALL (       1 calls)
