
     Program QE v.6.0 (svn rev. 13079) starts on  5Jan2017 at  2:51:56 

     This program is part of the open-source Quantum ESPRESSO suite
     for quantum simulation of materials; please cite
         "P. Giannozzi et al., J. Phys.:Condens. Matter 21 395502 (2009);
          URL http://www.quantum-espresso.org", 
     in publications or presentations arising from this work. More details at
     http://www.quantum-espresso.org/quote

     Parallel version (MPI), running on     8 processors
     R & G space division:  proc/nbgrp/npool/nimage =       8

     ***** This is GIPAW svn revision unknown      *****

     Parallelizing q-star over 1 images

     Reading data from directory:
     /users/majewski/paradichlorobenzene/pbe/9_constraint/scratch/pbe.ecut100.np8.dt60.pcl2phi-129368.save
     Message from routine read_xml_file:
     file /users/majewski/paradichlorobenzene/pbe/9_constraint/scratch/pbe.ecut100.np8.dt60.pcl2phi-129368.save not guaranteed to be safe for post-processing

   Info: using nr1, nr2, nr3 values from input

   Info: using nr1, nr2, nr3 values from input

     IMPORTANT: XC functional enforced from input :
     Exchange-correlation      =  SLA  PW   PBX  PBC ( 1  4  3  4 0 0)
     Any further DFT definition will be discarded
     Please, verify this is what you really want

               file C.pbe-n-kjpaw_psl.1.0.0.UPF: wavefunction(s)  2S 2P renormalized
               file Cl.pbe-n-kjpaw_psl.1.0.0.UPF: wavefunction(s)  3S 3P renormalized
               file H.pbe-kjpaw_psl.1.0.0.UPF: wavefunction(s)  1S renormalized

     Parallelization info
     --------------------
     sticks:   dense  smooth     PW     G-vecs:    dense   smooth      PW
     Min        3057    1223    332               144436    36536    5170
     Max        3059    1225    333               144437    36537    5171
     Sum       24467    9791   2657              1155489   292295   41363


     Subspace diagonalization in iterative solution of the eigenvalue problem:
     a serial algorithm will be used

     GIPAW projectors -----------------------------------------------
     atom=  C    l=0  rc=    1.2000  rs=    0.8000
     atom=  C    l=0  rc=    1.2000  rs=    0.8000
     atom=  C    l=1  rc=    1.4000  rs=    0.9333
     atom=  C    l=1  rc=    1.4000  rs=    0.9333
     projs nearly linearly dependent: l=1  n1,n2= 1, 2  s=  0.99951561

     atom=  Cl   l=0  rc=    1.6000  rs=    1.0667
     atom=  Cl   l=0  rc=    1.6000  rs=    1.0667
     atom=  Cl   l=1  rc=    1.6000  rs=    1.0667
     atom=  Cl   l=1  rc=    1.6000  rs=    1.0667
     atom=  Cl   l=2  rc=    1.6000  rs=    1.0667
     atom=  Cl   l=2  rc=    1.6000  rs=    1.0667
     projs nearly linearly dependent: l=2  n1,n2= 1, 2  s=  0.99993509

     atom=  H    l=0  rc=    1.0000  rs=    0.6667
     atom=  H    l=0  rc=    1.0000  rs=    0.6667
     projs nearly linearly dependent: l=0  n1,n2= 1, 2  s=  0.99968852
     -----------------------------------------------------------------

     GIPAW integrals: -------------------------------------------
     Atom  i/j   nmr_para   nmr_dia   epr_rmc  epr_para   epr_dia
       C   1 1   0.83E+03  0.17E-01  0.93E+01  0.24E+08  0.24E+03
       C   2 1   0.86E+03 -0.61E-01  0.94E+01  0.25E+08  0.25E+03
       C   2 2   0.90E+03 -0.15E+00  0.97E+01  0.26E+08  0.26E+03
       C   3 3   0.33E+01  0.34E+00  0.18E+01  0.55E+03  0.21E+02
       C   4 3   0.35E+01  0.37E+00  0.20E+01  0.59E+03  0.22E+02
       C   4 4   0.38E+01  0.39E+00  0.22E+01  0.63E+03  0.24E+02
       Cl  1 1   0.14E+04 -0.47E+00  0.84E+01  0.32E+09  0.42E+03
       Cl  2 1   0.21E+04 -0.37E+00  0.12E+02  0.49E+09  0.65E+03
       Cl  2 2   0.33E+04 -0.16E+00  0.21E+02  0.76E+09  0.10E+04
       Cl  3 3   0.21E+02  0.79E-01  0.89E+01  0.23E+05  0.13E+03
       Cl  4 3   0.24E+02  0.67E-01  0.99E+01  0.27E+05  0.15E+03
       Cl  4 4   0.28E+02  0.44E-01  0.11E+02  0.32E+05  0.18E+03
       Cl  5 5   0.77E+00  0.19E+00  0.18E+01  0.12E+03  0.22E+02
       Cl  6 5   0.80E+00  0.19E+00  0.19E+01  0.12E+03  0.23E+02
       Cl  6 6   0.83E+00  0.20E+00  0.19E+01  0.12E+03  0.23E+02
       H   1 1   0.39E+02  0.19E+00  0.29E+00  0.78E+05  0.13E+02
       H   2 1   0.41E+02  0.21E+00  0.32E+00  0.82E+05  0.14E+02
       H   2 2   0.43E+02  0.22E+00  0.36E+00  0.86E+05  0.15E+02
     ------------------------------------------------------------

     alpha_pv=     34.5200 eV

     Number of occupied bands for each k-point:
     k-point:     1    nbnd_occ=  42
     k-point:     2    nbnd_occ=  42
     k-point:     3    nbnd_occ=  42
     k-point:     4    nbnd_occ=  42
     k-point:     5    nbnd_occ=  42
     k-point:     6    nbnd_occ=  42
     k-point:     7    nbnd_occ=  42
     k-point:     8    nbnd_occ=  42
     k-point:     9    nbnd_occ=  42
     k-point:    10    nbnd_occ=  42
     k-point:    11    nbnd_occ=  42
     k-point:    12    nbnd_occ=  42
     k-point:    13    nbnd_occ=  42
     k-point:    14    nbnd_occ=  42
     k-point:    15    nbnd_occ=  42
     k-point:    16    nbnd_occ=  42


     q-space interpolation up to   110.00 Rydberg

     GIPAW job: efg                                                                             


     ELECTRIC FIELD GRADIENTS TENSORS IN Hartree/bohrradius^2:

     ----- bare term -----
     Cl   1        0.035206        0.055910       -0.051602
     Cl   1        0.055910        0.003207       -0.010274
     Cl   1       -0.051602       -0.010274       -0.038413

     C    2       -0.620880        0.463043       -0.213096
     C    2        0.463043        0.197078       -0.197653
     C    2       -0.213096       -0.197653        0.423802

     C    3        0.302466        0.041092       -0.141169
     C    3        0.041092       -0.164943       -0.326619
     C    3       -0.141169       -0.326619       -0.137523

     H    4        0.137399        0.064662       -0.370879
     H    4        0.064662        0.098224        0.244402
     H    4       -0.370879        0.244402       -0.235624

     C    5       -0.653716        0.330581       -0.095149
     C    5        0.330581        0.305749       -0.182205
     C    5       -0.095149       -0.182205        0.347967

     H    6        0.514296       -0.046376        0.128815
     H    6       -0.046376       -0.086255       -0.237665
     H    6        0.128815       -0.237665       -0.428041

     H    7       -0.008976        0.497178       -0.070318
     H    7        0.497178       -0.361143        0.244950
     H    7       -0.070318        0.244950        0.370119

     C    8        0.057905       -0.512557        0.011326
     C    8       -0.512557       -0.357219        0.368335
     C    8        0.011326        0.368335        0.299315

     H    9       -0.619404        0.364595        0.143809
     H    9        0.364595        0.351429        0.007228
     H    9        0.143809        0.007228        0.267975

     C   10       -0.220844       -0.259748       -0.351418
     C   10       -0.259748       -0.017215        0.364925
     C   10       -0.351418        0.364925        0.238059

     C   11       -0.084832       -0.329994       -0.186467
     C   11       -0.329994       -0.097322        0.560572
     C   11       -0.186467        0.560572        0.182154

     Cl  12        0.049188       -0.036949        0.095239
     Cl  12       -0.036949        0.119416       -0.075260
     Cl  12        0.095239       -0.075260       -0.168604

     H   13        0.313823        0.206078        0.149498
     H   13        0.206078       -0.408065       -0.573534
     H   13        0.149498       -0.573534        0.094242

     C   14       -0.071405       -0.373684       -0.492222
     C   14       -0.373684       -0.036191       -0.499047
     C   14       -0.492222       -0.499047        0.107596

     H   15       -0.027480       -0.124286       -0.280818
     H   15       -0.124286        0.517368       -0.183846
     H   15       -0.280818       -0.183846       -0.489888

     C   16       -0.190069        0.430469       -0.350662
     C   16        0.430469       -0.176680       -0.075989
     C   16       -0.350662       -0.075989        0.366749

     C   17        0.069224       -0.380180       -0.537421
     C   17       -0.380180       -0.235883       -0.577902
     C   17       -0.537421       -0.577902        0.166659

     Cl  18       -0.225850        0.384034        0.166160
     Cl  18        0.384034        0.082514        0.019225
     Cl  18        0.166160        0.019225        0.143336

     H   19        0.540259       -0.024651       -0.000784
     H   19       -0.024651       -0.008991        0.162906
     H   19       -0.000784        0.162906       -0.531268

     C   20       -0.618610       -0.302722       -0.264935
     C   20       -0.302722        0.354104        0.086066
     C   20       -0.264935        0.086066        0.264505

     H   21       -0.143410       -0.143280       -0.509262
     H   21       -0.143280       -0.113693        0.018197
     H   21       -0.509262        0.018197        0.257103

     C   22        0.174221       -0.265892       -0.025764
     C   22       -0.265892       -0.171089        0.561637
     C   22       -0.025764        0.561637       -0.003133

     C   23       -0.577408       -0.356866       -0.410944
     C   23       -0.356866        0.284174        0.054930
     C   23       -0.410944        0.054930        0.293234

     Cl  24        0.002403       -0.005212       -0.047949
     Cl  24       -0.005212       -0.034157        0.079303
     Cl  24       -0.047949        0.079303        0.031753

     ----- ionic term -----
     Cl   1        0.142601       -0.247320        0.006427
     Cl   1       -0.247320        0.012204       -0.000248
     Cl   1        0.006427       -0.000248       -0.154805

     C    2        0.123492       -0.298257        0.315195
     C    2       -0.298257        0.025931        0.420388
     C    2        0.315195        0.420388       -0.149423

     C    3       -0.008500       -0.354257        0.227805
     C    3       -0.354257        0.141121        0.371449
     C    3        0.227805        0.371449       -0.132621

     H    4        0.329662        0.117895        0.776873
     H    4        0.117895       -0.485019        0.175448
     H    4        0.776873        0.175448        0.155357

     C    5        0.075007       -0.344341        0.323182
     C    5       -0.344341        0.029991        0.250304
     C    5        0.323182        0.250304       -0.104998

     H    6       -0.535567       -0.140281       -0.084413
     H    6       -0.140281        0.466412        0.762901
     H    6       -0.084413        0.762901        0.069156

     H    7       -0.488515       -0.248128        0.140010
     H    7       -0.248128        0.675084       -0.703723
     H    7        0.140010       -0.703723       -0.186569

     C    8        0.344913        0.183183        0.185976
     C    8        0.183183        0.049863       -0.324874
     C    8        0.185976       -0.324874       -0.394777

     H    9        0.866154       -0.247911        0.484019
     H    9       -0.247911       -0.495258       -0.176175
     H    9        0.484019       -0.176175       -0.370896

     C   10        0.193544        0.271863        0.085080
     C   10        0.271863        0.164962       -0.418908
     C   10        0.085080       -0.418908       -0.358506

     C   11        0.185615        0.227081        0.168677
     C   11        0.227081        0.099478       -0.411627
     C   11        0.168677       -0.411627       -0.285093

     Cl  12        0.076000        0.186555       -0.051197
     Cl  12        0.186555        0.050557       -0.046652
     Cl  12       -0.051197       -0.046652       -0.126557

     H   13       -0.513129        0.104454        0.078072
     H   13        0.104454        0.534012        0.744668
     H   13        0.078072        0.744668       -0.020883

     C   14        0.164890       -0.204370        0.400538
     C   14       -0.204370        0.023074        0.258684
     C   14        0.400538        0.258684       -0.187964

     H   15        0.545165        0.168131        0.765651
     H   15        0.168131       -0.470773        0.192874
     H   15        0.765651        0.192874       -0.074392

     C   16        0.013781       -0.258452        0.278108
     C   16       -0.258452        0.196512        0.370303
     C   16        0.278108        0.370303       -0.210293

     C   17       -0.026856       -0.265802        0.409036
     C   17       -0.265802        0.123428        0.363557
     C   17        0.409036        0.363557       -0.096572

     Cl  18        0.094730       -0.207263        0.064199
     Cl  18       -0.207263        0.055317       -0.034270
     Cl  18        0.064199       -0.034270       -0.150047

     H   19       -0.498950       -0.127757        0.130671
     H   19       -0.127757        0.393441       -0.808748
     H   19        0.130671       -0.808748        0.105509

     C   20        0.323129        0.249134        0.219421
     C   20        0.249134       -0.046517       -0.317696
     C   20        0.219421       -0.317696       -0.276612

     H   21        0.706277       -0.257429        0.656789
     H   21       -0.257429       -0.470864       -0.212239
     H   21        0.656789       -0.212239       -0.235413

     C   22        0.178530        0.240462        0.146882
     C   22        0.240462        0.066317       -0.424473
     C   22        0.146882       -0.424473       -0.244848

     C   23        0.270150        0.178265        0.185066
     C   23        0.178265        0.000837       -0.424714
     C   23        0.185066       -0.424714       -0.270987

     Cl  24        0.120400        0.214892       -0.027260
     Cl  24        0.214892        0.008046       -0.030659
     Cl  24       -0.027260       -0.030659       -0.128446

     ----- GIPAW term -----
     Cl   1       -0.138762       -1.409219       -0.198822
     Cl   1       -1.409219        2.522880       -0.711133
     Cl   1       -0.198822       -0.711133       -2.384117

     C    2       -0.121482       -0.074098        0.001106
     C    2       -0.074098        0.208172       -0.065737
     C    2        0.001106       -0.065737       -0.086690

     C    3       -0.005838       -0.008082       -0.009920
     C    3       -0.008082        0.070200       -0.022813
     C    3       -0.009920       -0.022813       -0.064362

     H    4       -0.000000        0.000000        0.000000
     H    4        0.000000        0.000000        0.000000
     H    4        0.000000        0.000000        0.000000

     C    5       -0.140861       -0.070993        0.041548
     C    5       -0.070993        0.194379       -0.077911
     C    5        0.041548       -0.077911       -0.053518

     H    6       -0.000000        0.000000        0.000000
     H    6        0.000000        0.000000        0.000000
     H    6        0.000000        0.000000        0.000000

     H    7       -0.000000        0.000000        0.000000
     H    7        0.000000        0.000000        0.000000
     H    7        0.000000        0.000000        0.000000

     C    8        0.116016       -0.237438        0.029277
     C    8       -0.237438       -0.022680        0.054394
     C    8        0.029277        0.054394       -0.093337

     H    9       -0.000000        0.000000        0.000000
     H    9        0.000000        0.000000        0.000000
     H    9        0.000000        0.000000        0.000000

     C   10       -0.005716       -0.160024       -0.175497
     C   10       -0.160024        0.035022        0.133694
     C   10       -0.175497        0.133694       -0.029305

     C   11        0.049556       -0.108470       -0.134748
     C   11       -0.108470        0.002543        0.173230
     C   11       -0.134748        0.173230       -0.052099

     Cl  12       -0.372144        0.820145       -0.919978
     Cl  12        0.820145       -0.991075        0.791111
     Cl  12       -0.919978        0.791111        1.363219

     H   13       -0.000000        0.000000        0.000000
     H   13        0.000000        0.000000        0.000000
     H   13        0.000000        0.000000        0.000000

     C   14        0.047155       -0.255852       -0.110308
     C   14       -0.255852        0.067888       -0.031653
     C   14       -0.110308       -0.031653       -0.115044

     H   15       -0.000000        0.000000        0.000000
     H   15        0.000000        0.000000        0.000000
     H   15        0.000000        0.000000        0.000000

     C   16        0.065039       -0.037289       -0.209477
     C   16       -0.037289       -0.105011        0.084643
     C   16       -0.209477        0.084643        0.039973

     C   17        0.090001       -0.222805       -0.168747
     C   17       -0.222805       -0.044658        0.024982
     C   17       -0.168747        0.024982       -0.045343

     Cl  18        0.236779       -0.058909       -1.622809
     Cl  18       -0.058909       -1.080625        0.054570
     Cl  18       -1.622809        0.054570        0.843846

     H   19       -0.000000        0.000000        0.000000
     H   19        0.000000        0.000000        0.000000
     H   19        0.000000        0.000000        0.000000

     C   20       -0.123521       -0.065971       -0.029821
     C   20       -0.065971        0.160657        0.053817
     C   20       -0.029821        0.053817       -0.037136

     H   21       -0.000000        0.000000        0.000000
     H   21        0.000000        0.000000        0.000000
     H   21        0.000000        0.000000        0.000000

     C   22       -0.057595       -0.088575        0.016942
     C   22       -0.088575        0.190200        0.032906
     C   22        0.016942        0.032906       -0.132605

     C   23       -0.041371       -0.139138        0.038027
     C   23       -0.139138        0.131421       -0.125975
     C   23        0.038027       -0.125975       -0.090050

     Cl  24        0.050626       -0.017442        1.050705
     Cl  24       -0.017442        0.435814       -1.689154
     Cl  24        1.050705       -1.689154       -0.486440

     ----- total EFG -----
     Cl   1        0.039044       -1.600629       -0.243996
     Cl   1       -1.600629        2.538290       -0.721654
     Cl   1       -0.243996       -0.721654       -2.577335

     C    2       -0.618870        0.090687        0.103205
     C    2        0.090687        0.431181        0.156999
     C    2        0.103205        0.156999        0.187689

     C    3        0.288128       -0.321248        0.076716
     C    3       -0.321248        0.046377        0.022017
     C    3        0.076716        0.022017       -0.334505

     H    4        0.467061        0.182557        0.405994
     H    4        0.182557       -0.386795        0.419850
     H    4        0.405994        0.419850       -0.080266

     C    5       -0.719571       -0.084753        0.269581
     C    5       -0.084753        0.530119       -0.009812
     C    5        0.269581       -0.009812        0.189451

     H    6       -0.021272       -0.186657        0.044402
     H    6       -0.186657        0.380157        0.525235
     H    6        0.044402        0.525235       -0.358885

     H    7       -0.497491        0.249050        0.069692
     H    7        0.249050        0.313942       -0.458773
     H    7        0.069692       -0.458773        0.183550

     C    8        0.518834       -0.566813        0.226579
     C    8       -0.566813       -0.330035        0.097856
     C    8        0.226579        0.097856       -0.188799

     H    9        0.246750        0.116684        0.627828
     H    9        0.116684       -0.143828       -0.168947
     H    9        0.627828       -0.168947       -0.102921

     C   10       -0.033017       -0.147910       -0.441835
     C   10       -0.147910        0.182769        0.079711
     C   10       -0.441835        0.079711       -0.149753

     C   11        0.150339       -0.211382       -0.152538
     C   11       -0.211382        0.004699        0.322175
     C   11       -0.152538        0.322175       -0.155038

     Cl  12       -0.246956        0.969750       -0.875936
     Cl  12        0.969750       -0.821102        0.669199
     Cl  12       -0.875936        0.669199        1.068058

     H   13       -0.199306        0.310533        0.227569
     H   13        0.310533        0.125947        0.171134
     H   13        0.227569        0.171134        0.073359

     C   14        0.140640       -0.833906       -0.201993
     C   14       -0.833906        0.054771       -0.272017
     C   14       -0.201993       -0.272017       -0.195411

     H   15        0.517686        0.043845        0.484832
     H   15        0.043845        0.046595        0.009028
     H   15        0.484832        0.009028       -0.564280

     C   16       -0.111248        0.134728       -0.282031
     C   16        0.134728       -0.085180        0.378958
     C   16       -0.282031        0.378958        0.196429

     C   17        0.132369       -0.868787       -0.297131
     C   17       -0.868787       -0.157113       -0.189363
     C   17       -0.297131       -0.189363        0.024745

     Cl  18        0.105659        0.117862       -1.392449
     Cl  18        0.117862       -0.942793        0.039525
     Cl  18       -1.392449        0.039525        0.837134

     H   19        0.041309       -0.152408        0.129887
     H   19       -0.152408        0.384450       -0.645842
     H   19        0.129887       -0.645842       -0.425759

     C   20       -0.419002       -0.119559       -0.075336
     C   20       -0.119559        0.468245       -0.177812
     C   20       -0.075336       -0.177812       -0.049243

     H   21        0.562867       -0.400709        0.147527
     H   21       -0.400709       -0.584557       -0.194042
     H   21        0.147527       -0.194042        0.021690

     C   22        0.295156       -0.114005        0.138061
     C   22       -0.114005        0.085429        0.170070
     C   22        0.138061        0.170070       -0.380585

     C   23       -0.348629       -0.317740       -0.187851
     C   23       -0.317740        0.416432       -0.495759
     C   23       -0.187851       -0.495759       -0.067804

     Cl  24        0.173429        0.192238        0.975496
     Cl  24        0.192238        0.409703       -1.640510
     Cl  24        0.975496       -1.640510       -0.583133

     ----- total EFG (symmetrized) -----
     Cl   1        0.039044       -1.600629       -0.243996
     Cl   1       -1.600629        2.538290       -0.721654
     Cl   1       -0.243996       -0.721654       -2.577335

     C    2       -0.618870        0.090687        0.103205
     C    2        0.090687        0.431181        0.156999
     C    2        0.103205        0.156999        0.187689

     C    3        0.288128       -0.321248        0.076716
     C    3       -0.321248        0.046377        0.022017
     C    3        0.076716        0.022017       -0.334505

     H    4        0.467061        0.182557        0.405994
     H    4        0.182557       -0.386795        0.419850
     H    4        0.405994        0.419850       -0.080266

     C    5       -0.719571       -0.084753        0.269581
     C    5       -0.084753        0.530119       -0.009812
     C    5        0.269581       -0.009812        0.189451

     H    6       -0.021272       -0.186657        0.044402
     H    6       -0.186657        0.380157        0.525235
     H    6        0.044402        0.525235       -0.358885

     H    7       -0.497491        0.249050        0.069692
     H    7        0.249050        0.313942       -0.458773
     H    7        0.069692       -0.458773        0.183550

     C    8        0.518834       -0.566813        0.226579
     C    8       -0.566813       -0.330035        0.097856
     C    8        0.226579        0.097856       -0.188799

     H    9        0.246750        0.116684        0.627828
     H    9        0.116684       -0.143828       -0.168947
     H    9        0.627828       -0.168947       -0.102921

     C   10       -0.033017       -0.147910       -0.441835
     C   10       -0.147910        0.182769        0.079711
     C   10       -0.441835        0.079711       -0.149753

     C   11        0.150339       -0.211382       -0.152538
     C   11       -0.211382        0.004699        0.322175
     C   11       -0.152538        0.322175       -0.155038

     Cl  12       -0.246956        0.969750       -0.875936
     Cl  12        0.969750       -0.821102        0.669199
     Cl  12       -0.875936        0.669199        1.068058

     H   13       -0.199306        0.310533        0.227569
     H   13        0.310533        0.125947        0.171134
     H   13        0.227569        0.171134        0.073359

     C   14        0.140640       -0.833906       -0.201993
     C   14       -0.833906        0.054771       -0.272017
     C   14       -0.201993       -0.272017       -0.195411

     H   15        0.517686        0.043845        0.484832
     H   15        0.043845        0.046595        0.009028
     H   15        0.484832        0.009028       -0.564280

     C   16       -0.111248        0.134728       -0.282031
     C   16        0.134728       -0.085180        0.378958
     C   16       -0.282031        0.378958        0.196429

     C   17        0.132369       -0.868787       -0.297131
     C   17       -0.868787       -0.157113       -0.189363
     C   17       -0.297131       -0.189363        0.024745

     Cl  18        0.105659        0.117862       -1.392449
     Cl  18        0.117862       -0.942793        0.039525
     Cl  18       -1.392449        0.039525        0.837134

     H   19        0.041309       -0.152408        0.129887
     H   19       -0.152408        0.384450       -0.645842
     H   19        0.129887       -0.645842       -0.425759

     C   20       -0.419002       -0.119559       -0.075336
     C   20       -0.119559        0.468245       -0.177812
     C   20       -0.075336       -0.177812       -0.049243

     H   21        0.562867       -0.400709        0.147527
     H   21       -0.400709       -0.584557       -0.194042
     H   21        0.147527       -0.194042        0.021690

     C   22        0.295156       -0.114005        0.138061
     C   22       -0.114005        0.085429        0.170070
     C   22        0.138061        0.170070       -0.380585

     C   23       -0.348629       -0.317740       -0.187851
     C   23       -0.317740        0.416432       -0.495759
     C   23       -0.187851       -0.495759       -0.067804

     Cl  24        0.173429        0.192238        0.975496
     Cl  24        0.192238        0.409703       -1.640510
     Cl  24        0.975496       -1.640510       -0.583133


     NQR/NMR SPECTROSCOPIC PARAMETERS:
     Cl   1    Vxx=   -0.6020    axis=(  0.884290  0.392664 -0.252680)
     Cl   1    Vyy=   -2.7672    axis=(  0.191408  0.188758  0.963189)
     Cl   1    Vzz=    3.3692    axis=(  0.425905 -0.900103  0.091758)
     Cl   1  Q=        -8.1650 1e-30 m^2  Cq=       -64.6370 MHz  eta= 0.64266

     C    2    Vxx=    0.1144    axis=(  0.068002 -0.458550  0.886063)
     C    2    Vyy=    0.5223    axis=( -0.111116 -0.886075 -0.450028)
     C    2    Vzz=   -0.6367    axis=(  0.991478 -0.067852 -0.111207)
     C    2  Q=         1.0000 1e-30 m^2  Cq=        -1.4959 MHz  eta= 0.64074

     C    3    Vxx=   -0.1552    axis=(  0.519205  0.792721  0.319407)
     C    3    Vyy=   -0.3584    axis=( -0.227525 -0.232034  0.945723)
     C    3    Vzz=    0.5135    axis=(  0.823808 -0.563697  0.059890)
     C    3  Q=         1.0000 1e-30 m^2  Cq=         1.2066 MHz  eta= 0.39571

     H    4    Vxx=   -0.1108    axis=(  0.593275 -0.529667 -0.606199)
     H    4    Vyy=   -0.6878    axis=(  0.087754  0.791109 -0.605348)
     H    4    Vzz=    0.7986    axis=( -0.800202 -0.305941 -0.515826)
     H    4  Q=         1.0000 1e-30 m^2  Cq=         1.8763 MHz  eta= 0.72260

     C    5    Vxx=    0.2597    axis=(  0.254433  0.114588  0.960278)
     C    5    Vyy=    0.5385    axis=(  0.087207 -0.991629  0.095223)
     C    5    Vzz=   -0.7982    axis=(  0.963150  0.059515 -0.262296)
     C    5  Q=         1.0000 1e-30 m^2  Cq=        -1.8755 MHz  eta= 0.34928

     H    6    Vxx=   -0.0263    axis=(  0.958421  0.090356  0.270674)
     H    6    Vyy=   -0.6569    axis=(  0.198344  0.471007 -0.859542)
     H    6    Vzz=    0.6833    axis=( -0.205154  0.877489  0.433502)
     H    6  Q=         1.0000 1e-30 m^2  Cq=         1.6054 MHz  eta= 0.92293

     H    7    Vxx=   -0.1034    axis=(  0.456586  0.520608  0.721454)
     H    7    Vyy=   -0.6260    axis=( -0.881546  0.374131  0.287927)
     H    7    Vzz=    0.7294    axis=( -0.120021 -0.767459  0.629763)
     H    7  Q=         1.0000 1e-30 m^2  Cq=         1.7137 MHz  eta= 0.71646

     C    8    Vxx=   -0.1402    axis=(  0.025595  0.396579  0.917644)
     C    8    Vyy=   -0.6878    axis=(  0.451130  0.814576 -0.364619)
     C    8    Vzz=    0.8279    axis=( -0.892091  0.423309 -0.158060)
     C    8  Q=         1.0000 1e-30 m^2  Cq=         1.9453 MHz  eta= 0.66136

     H    9    Vxx=   -0.0626    axis=(  0.231699  0.929513 -0.286917)
     H    9    Vyy=   -0.6611    axis=( -0.560305  0.368622  0.741738)
     H    9    Vzz=    0.7237    axis=(  0.795219 -0.011099  0.606221)
     H    9  Q=         1.0000 1e-30 m^2  Cq=         1.7005 MHz  eta= 0.82703

     C   10    Vxx=    0.0853    axis=(  0.356630  0.852996 -0.381068)
     C   10    Vyy=    0.4538    axis=(  0.655535 -0.519095 -0.548466)
     C   10    Vzz=   -0.5391    axis=( -0.665649 -0.054204 -0.744293)
     C   10  Q=         1.0000 1e-30 m^2  Cq=        -1.2667 MHz  eta= 0.68347

     C   11    Vxx=   -0.0621    axis=(  0.774271  0.484127  0.407585)
     C   11    Vyy=   -0.4073    axis=(  0.022196  0.622872 -0.782009)
     C   11    Vzz=    0.4695    axis=( -0.632465  0.614534  0.471526)
     C   11  Q=         1.0000 1e-30 m^2  Cq=         1.1030 MHz  eta= 0.73531

     Cl  12    Vxx=    0.4041    axis=(  0.696028  0.678773  0.234120)
     Cl  12    Vyy=    1.5216    axis=( -0.399452  0.095109  0.911807)
     Cl  12    Vzz=   -1.9257    axis=(  0.596643 -0.728163  0.337336)
     Cl  12  Q=        -8.1650 1e-30 m^2  Cq=        36.9439 MHz  eta= 0.58029

     H   13    Vxx=   -0.0719    axis=( -0.053032 -0.604333  0.794965)
     H   13    Vyy=   -0.4158    axis=(  0.870995 -0.417367 -0.259178)
     H   13    Vzz=    0.4877    axis=(  0.488422  0.678665  0.548505)
     H   13  Q=         1.0000 1e-30 m^2  Cq=         1.1460 MHz  eta= 0.70509

     C   14    Vxx=   -0.0359    axis=( -0.325119 -0.287071  0.901048)
     C   14    Vyy=   -0.8984    axis=(  0.614078  0.660511  0.432010)
     C   14    Vzz=    0.9343    axis=( -0.719170  0.693769 -0.038461)
     C   14  Q=         1.0000 1e-30 m^2  Cq=         2.1952 MHz  eta= 0.92323

     H   15    Vxx=    0.0437    axis=(  0.059177 -0.997722  0.032374)
     H   15    Vyy=    0.7061    axis=(  0.932026  0.066837  0.356174)
     H   15    Vzz=   -0.7498    axis=( -0.357527  0.009097  0.933859)
     H   15  Q=         1.0000 1e-30 m^2  Cq=        -1.7618 MHz  eta= 0.88343

     C   16    Vxx=    0.0288    axis=(  0.779292  0.620072 -0.090632)
     C   16    Vyy=    0.5050    axis=(  0.279083 -0.472900 -0.835750)
     C   16    Vzz=   -0.5338    axis=( -0.561085  0.626000 -0.541579)
     C   16  Q=         1.0000 1e-30 m^2  Cq=        -1.2542 MHz  eta= 0.89227

     C   17    Vxx=    0.1218    axis=( -0.101390 -0.323044  0.940937)
     C   17    Vyy=    0.8821    axis=(  0.772227 -0.621846 -0.130282)
     C   17    Vzz=   -1.0039    axis=(  0.627205  0.713408  0.312512)
     C   17  Q=         1.0000 1e-30 m^2  Cq=        -2.3587 MHz  eta= 0.75739

     Cl  18    Vxx=   -0.8377    axis=( -0.522856 -0.743374 -0.417153)
     Cl  18    Vyy=   -1.0739    axis=(  0.594269 -0.668723  0.446827)
     Cl  18    Vzz=    1.9117    axis=( -0.611119 -0.014275  0.791410)
     Cl  18  Q=        -8.1650 1e-30 m^2  Cq=       -36.6742 MHz  eta= 0.12357

     H   19    Vxx=   -0.0080    axis=(  0.966214  0.245362 -0.078913)
     H   19    Vyy=   -0.7850    axis=( -0.049720  0.477861  0.877027)
     H   19    Vzz=    0.7930    axis=(  0.252899 -0.843473  0.473916)
     H   19  Q=         1.0000 1e-30 m^2  Cq=         1.8633 MHz  eta= 0.97982

     C   20    Vxx=   -0.0725    axis=( -0.285106  0.241950  0.927456)
     C   20    Vyy=   -0.4600    axis=(  0.953482  0.170435  0.248644)
     C   20    Vzz=    0.5325    axis=( -0.097912  0.955203 -0.279287)
     C   20  Q=         1.0000 1e-30 m^2  Cq=         1.2511 MHz  eta= 0.72780

     H   21    Vxx=   -0.0070    axis=( -0.314191 -0.099226  0.944160)
     H   21    Vyy=   -0.7377    axis=(  0.269500  0.944287  0.188921)
     H   21    Vzz=    0.7448    axis=( -0.910304  0.313808 -0.269945)
     H   21  Q=         1.0000 1e-30 m^2  Cq=         1.7499 MHz  eta= 0.98117

     C   22    Vxx=    0.1216    axis=(  0.280797  0.882966  0.376197)
     C   22    Vyy=    0.3509    axis=(  0.935630 -0.339184  0.097730)
     C   22    Vzz=   -0.4725    axis=( -0.213893 -0.324539  0.921371)
     C   22  Q=         1.0000 1e-30 m^2  Cq=        -1.1103 MHz  eta= 0.48519

     C   23    Vxx=   -0.0539    axis=( -0.694531  0.244163  0.676766)
     C   23    Vyy=   -0.7008    axis=(  0.700044  0.446411  0.557364)
     C   23    Vzz=    0.7547    axis=(  0.166028 -0.860873  0.480971)
     C   23  Q=         1.0000 1e-30 m^2  Cq=         1.7732 MHz  eta= 0.85721

     Cl  24    Vxx=    0.3932    axis=(  0.881398  0.459881  0.107918)
     Cl  24    Vyy=    1.7612    axis=(  0.298424 -0.719195  0.627456)
     Cl  24    Vzz=   -2.1544    axis=(  0.366170 -0.520834 -0.771137)
     Cl  24  Q=        -8.1650 1e-30 m^2  Cq=        41.3303 MHz  eta= 0.63500

     Initialization:
     gipaw_setup  :      9.18s CPU     10.89s WALL (       1 calls)

     Linear response

     Apply operators

     Induced current

     Other routines
     efg          :      9.46s CPU     12.09s WALL (       1 calls)

     General routines
     calbec       :      3.30s CPU      4.30s WALL (      16 calls)
     fft          :      1.35s CPU      1.88s WALL (      15 calls)
     ffts         :      0.04s CPU      0.04s WALL (       2 calls)
     fftw         :      3.40s CPU      4.34s WALL (     672 calls)
     davcio       :      0.01s CPU      0.32s WALL (      32 calls)

     Parallel routines
     fft_scatter  :      2.18s CPU      3.52s WALL (     689 calls)

     Plugins

     GIPAW        :     60.46s CPU     70.08s WALL (       1 calls)
