
     Program QE v.6.0 (svn rev. 13079) starts on 24Dec2016 at 10:23:11 

     This program is part of the open-source Quantum ESPRESSO suite
     for quantum simulation of materials; please cite
         "P. Giannozzi et al., J. Phys.:Condens. Matter 21 395502 (2009);
          URL http://www.quantum-espresso.org", 
     in publications or presentations arising from this work. More details at
     http://www.quantum-espresso.org/quote

     Parallel version (MPI), running on     8 processors
     R & G space division:  proc/nbgrp/npool/nimage =       8

     ***** This is GIPAW svn revision unknown      *****

     Parallelizing q-star over 1 images

     Reading data from directory:
     /users/majewski/paradichlorobenzene/pbe/9_constraint/scratch/pbe.ecut100.np8.dt60.pcl2phi-129368.save
     Message from routine read_xml_file:
     file /users/majewski/paradichlorobenzene/pbe/9_constraint/scratch/pbe.ecut100.np8.dt60.pcl2phi-129368.save not guaranteed to be safe for post-processing

   Info: using nr1, nr2, nr3 values from input

   Info: using nr1, nr2, nr3 values from input

     IMPORTANT: XC functional enforced from input :
     Exchange-correlation      =  SLA  PW   PBX  PBC ( 1  4  3  4 0 0)
     Any further DFT definition will be discarded
     Please, verify this is what you really want

               file C.pbe-n-kjpaw_psl.1.0.0.UPF: wavefunction(s)  2S 2P renormalized
               file Cl.pbe-n-kjpaw_psl.1.0.0.UPF: wavefunction(s)  3S 3P renormalized
               file H.pbe-kjpaw_psl.1.0.0.UPF: wavefunction(s)  1S renormalized

     Parallelization info
     --------------------
     sticks:   dense  smooth     PW     G-vecs:    dense   smooth      PW
     Min        3057    1223    332               144436    36536    5170
     Max        3059    1225    333               144437    36537    5171
     Sum       24467    9791   2657              1155489   292295   41363


     Subspace diagonalization in iterative solution of the eigenvalue problem:
     a serial algorithm will be used

     GIPAW projectors -----------------------------------------------
     atom=  C    l=0  rc=    1.2000  rs=    0.8000
     atom=  C    l=0  rc=    1.2000  rs=    0.8000
     atom=  C    l=1  rc=    1.4000  rs=    0.9333
     atom=  C    l=1  rc=    1.4000  rs=    0.9333
     projs nearly linearly dependent: l=1  n1,n2= 1, 2  s=  0.99951561

     atom=  Cl   l=0  rc=    1.6000  rs=    1.0667
     atom=  Cl   l=0  rc=    1.6000  rs=    1.0667
     atom=  Cl   l=1  rc=    1.6000  rs=    1.0667
     atom=  Cl   l=1  rc=    1.6000  rs=    1.0667
     atom=  Cl   l=2  rc=    1.6000  rs=    1.0667
     atom=  Cl   l=2  rc=    1.6000  rs=    1.0667
     projs nearly linearly dependent: l=2  n1,n2= 1, 2  s=  0.99993509

     atom=  H    l=0  rc=    1.0000  rs=    0.6667
     atom=  H    l=0  rc=    1.0000  rs=    0.6667
     projs nearly linearly dependent: l=0  n1,n2= 1, 2  s=  0.99968852
     -----------------------------------------------------------------

     GIPAW integrals: -------------------------------------------
     Atom  i/j   nmr_para   nmr_dia   epr_rmc  epr_para   epr_dia
       C   1 1   0.83E+03  0.17E-01  0.93E+01  0.24E+08  0.24E+03
       C   2 1   0.86E+03 -0.61E-01  0.94E+01  0.25E+08  0.25E+03
       C   2 2   0.90E+03 -0.15E+00  0.97E+01  0.26E+08  0.26E+03
       C   3 3   0.33E+01  0.34E+00  0.18E+01  0.55E+03  0.21E+02
       C   4 3   0.35E+01  0.37E+00  0.20E+01  0.59E+03  0.22E+02
       C   4 4   0.38E+01  0.39E+00  0.22E+01  0.63E+03  0.24E+02
       Cl  1 1   0.14E+04 -0.47E+00  0.84E+01  0.32E+09  0.42E+03
       Cl  2 1   0.21E+04 -0.37E+00  0.12E+02  0.49E+09  0.65E+03
       Cl  2 2   0.33E+04 -0.16E+00  0.21E+02  0.76E+09  0.10E+04
       Cl  3 3   0.21E+02  0.79E-01  0.89E+01  0.23E+05  0.13E+03
       Cl  4 3   0.24E+02  0.67E-01  0.99E+01  0.27E+05  0.15E+03
       Cl  4 4   0.28E+02  0.44E-01  0.11E+02  0.32E+05  0.18E+03
       Cl  5 5   0.77E+00  0.19E+00  0.18E+01  0.12E+03  0.22E+02
       Cl  6 5   0.80E+00  0.19E+00  0.19E+01  0.12E+03  0.23E+02
       Cl  6 6   0.83E+00  0.20E+00  0.19E+01  0.12E+03  0.23E+02
       H   1 1   0.39E+02  0.19E+00  0.29E+00  0.78E+05  0.13E+02
       H   2 1   0.41E+02  0.21E+00  0.32E+00  0.82E+05  0.14E+02
       H   2 2   0.43E+02  0.22E+00  0.36E+00  0.86E+05  0.15E+02
     ------------------------------------------------------------

     alpha_pv=     33.9068 eV

     Number of occupied bands for each k-point:
     k-point:     1    nbnd_occ=  42
     k-point:     2    nbnd_occ=  42
     k-point:     3    nbnd_occ=  42
     k-point:     4    nbnd_occ=  42
     k-point:     5    nbnd_occ=  42
     k-point:     6    nbnd_occ=  42
     k-point:     7    nbnd_occ=  42
     k-point:     8    nbnd_occ=  42
     k-point:     9    nbnd_occ=  42
     k-point:    10    nbnd_occ=  42
     k-point:    11    nbnd_occ=  42
     k-point:    12    nbnd_occ=  42
     k-point:    13    nbnd_occ=  42
     k-point:    14    nbnd_occ=  42
     k-point:    15    nbnd_occ=  42
     k-point:    16    nbnd_occ=  42


     q-space interpolation up to   110.00 Rydberg

     GIPAW job: efg                                                                             


     ELECTRIC FIELD GRADIENTS TENSORS IN Hartree/bohrradius^2:

     ----- bare term -----
     Cl   1       -0.058907        0.044410        0.067899
     Cl   1        0.044410       -0.010621        0.115797
     Cl   1        0.067899        0.115797        0.069528

     C    2       -0.709784        0.236986       -0.192995
     C    2        0.236986        0.231864       -0.113763
     C    2       -0.192995       -0.113763        0.477920

     C    3        0.198893        0.008179        0.030354
     C    3        0.008179       -0.454003       -0.294538
     C    3        0.030354       -0.294538        0.255109

     H    4       -0.506076       -0.201505        0.250004
     H    4       -0.201505        0.353421       -0.123912
     H    4        0.250004       -0.123912        0.152654

     C    5       -0.615622        0.331068       -0.409235
     C    5        0.331068        0.152146        0.033443
     C    5       -0.409235        0.033443        0.463476

     H    6        0.343515       -0.244857        0.142796
     H    6       -0.244857       -0.528169       -0.264769
     H    6        0.142796       -0.264769        0.184654

     H    7        0.410438        0.050410       -0.033066
     H    7        0.050410       -0.652910        0.402963
     H    7       -0.033066        0.402963        0.242472

     C    8       -0.235072       -0.017734       -0.387188
     C    8       -0.017734       -0.084153        0.463564
     C    8       -0.387188        0.463564        0.319225

     H    9       -0.249875        0.115876       -0.559963
     H    9        0.115876        0.352816        0.073304
     H    9       -0.559963        0.073304       -0.102941

     C   10       -0.409357       -0.346159       -0.307430
     C   10       -0.346159       -0.064717        0.311431
     C   10       -0.307430        0.311431        0.474074

     C   11       -0.039346        0.027792       -0.305339
     C   11        0.027792       -0.124225        0.556499
     C   11       -0.305339        0.556499        0.163571

     Cl  12       -0.148094       -0.091523        0.021577
     Cl  12       -0.091523       -0.022024        0.108662
     Cl  12        0.021577        0.108662        0.170118

     H   13        0.199178       -0.348146       -0.275021
     H   13       -0.348146       -0.293182       -0.527732
     H   13       -0.275021       -0.527732        0.094003

     C   14       -0.110982        0.338932       -0.070933
     C   14        0.338932       -0.314665       -0.308110
     C   14       -0.070933       -0.308110        0.425648

     H   15       -0.627372       -0.356929        0.012054
     H   15       -0.356929        0.374040       -0.054277
     H   15        0.012054       -0.054277        0.253332

     C   16       -0.412789        0.354227       -0.319759
     C   16        0.354227        0.041202       -0.375661
     C   16       -0.319759       -0.375661        0.371587

     C   17       -0.026419       -0.123916       -0.371845
     C   17       -0.123916       -0.175771       -0.539519
     C   17       -0.371845       -0.539519        0.202191

     Cl  18       -0.116963        0.143698       -0.015816
     Cl  18        0.143698       -0.009805       -0.036301
     Cl  18       -0.015816       -0.036301        0.126768

     H   19        0.329702        0.054391        0.177293
     H   19        0.054391       -0.227307        0.465397
     H   19        0.177293        0.465397       -0.102395

     C   20       -0.648502       -0.374114       -0.336785
     C   20       -0.374114        0.321638        0.347714
     C   20       -0.336785        0.347714        0.326864

     H   21        0.099471        0.038903       -0.423471
     H   21        0.038903        0.244295       -0.255901
     H   21       -0.423471       -0.255901       -0.343766

     C   22       -0.017850       -0.313513       -0.175001
     C   22       -0.313513       -0.117970        0.578587
     C   22       -0.175001        0.578587        0.135820

     C   23       -0.525019       -0.339847       -0.326861
     C   23       -0.339847        0.204429        0.366003
     C   23       -0.326861        0.366003        0.320590

     Cl  24       -0.050912        0.029370       -0.069643
     Cl  24        0.029370        0.055515        0.131831
     Cl  24       -0.069643        0.131831       -0.004603

     ----- ionic term -----
     Cl   1        0.122136       -0.232309        0.026995
     Cl   1       -0.232309        0.052253       -0.014775
     Cl   1        0.026995       -0.014775       -0.174389

     C    2        0.283992       -0.142240        0.231873
     C    2       -0.142240        0.188940        0.319801
     C    2        0.231873        0.319801       -0.472932

     C    3        0.254004       -0.209533        0.089013
     C    3       -0.209533        0.222358        0.383177
     C    3        0.089013        0.383177       -0.476361

     H    4        0.840647        0.383834        0.477427
     H    4        0.383834       -0.379131        0.190825
     H    4        0.477427        0.190825       -0.461516

     C    5        0.433332       -0.183567        0.101582
     C    5       -0.183567        0.061968        0.316080
     C    5        0.101582        0.316080       -0.495300

     H    6       -0.493065        0.108444        0.024594
     H    6        0.108444        0.715610        0.673356
     H    6        0.024594        0.673356       -0.222544

     H    7       -0.522480       -0.121250        0.085939
     H    7       -0.121250        0.731847       -0.669082
     H    7        0.085939       -0.669082       -0.209367

     C    8        0.240156        0.227181        0.330654
     C    8        0.227181        0.028850       -0.261758
     C    8        0.330654       -0.261758       -0.269006

     H    9        0.590453       -0.136954        0.733394
     H    9       -0.136954       -0.514894       -0.165866
     H    9        0.733394       -0.165866       -0.075559

     C   10        0.101169        0.285433        0.215948
     C   10        0.285433        0.150797       -0.397726
     C   10        0.215948       -0.397726       -0.251967

     C   11        0.091762        0.218373        0.254820
     C   11        0.218373        0.111051       -0.476515
     C   11        0.254820       -0.476515       -0.202813

     Cl  12        0.135738        0.204422       -0.016344
     Cl  12        0.204422        0.008954       -0.026098
     Cl  12       -0.016344       -0.026098       -0.144692

     H   13       -0.486287        0.252220        0.162747
     H   13        0.252220        0.655808        0.699604
     H   13        0.162747        0.699604       -0.169521

     C   14        0.364875       -0.103342        0.171230
     C   14       -0.103342        0.063520        0.318641
     C   14        0.171230        0.318641       -0.428394

     H   15        0.875314        0.299582        0.431161
     H   15        0.299582       -0.470833        0.174201
     H   15        0.431161        0.174201       -0.404481

     C   16        0.196817       -0.162695        0.080359
     C   16       -0.162695        0.205169        0.414540
     C   16        0.080359        0.414540       -0.401986

     C   17        0.298630       -0.036216        0.094686
     C   17       -0.036216        0.097422        0.431045
     C   17        0.094686        0.431045       -0.396051

     Cl  18        0.103717       -0.159352       -0.071408
     Cl  18       -0.159352       -0.007831        0.045507
     Cl  18       -0.071408        0.045507       -0.095886

     H   19       -0.500671        0.044019        0.001352
     H   19        0.044019        0.642628       -0.709414
     H   19        0.001352       -0.709414       -0.141957

     C   20        0.224501        0.288540        0.307489
     C   20        0.288540        0.054589       -0.270609
     C   20        0.307489       -0.270609       -0.279090

     H   21        0.436814       -0.156750        0.765219
     H   21       -0.156750       -0.469173       -0.198327
     H   21        0.765219       -0.198327        0.032359

     C   22        0.112455        0.350710        0.227621
     C   22        0.350710        0.125101       -0.332885
     C   22        0.227621       -0.332885       -0.237556

     C   23        0.186478        0.267951        0.316204
     C   23        0.267951        0.022923       -0.340555
     C   23        0.316204       -0.340555       -0.209401

     Cl  24        0.145179        0.223008        0.032486
     Cl  24        0.223008       -0.005542        0.014913
     Cl  24        0.032486        0.014913       -0.139637

     ----- GIPAW term -----
     Cl   1       -0.208521       -1.025530        0.809839
     Cl   1       -1.025530        0.205919        2.109047
     Cl   1        0.809839        2.109047        0.002602

     C    2       -0.128274       -0.012361        0.009473
     C    2       -0.012361       -0.021165        0.086443
     C    2        0.009473        0.086443        0.149439

     C    3       -0.019018       -0.026187       -0.010578
     C    3       -0.026187       -0.056994        0.063675
     C    3       -0.010578        0.063675        0.076012

     H    4       -0.000000        0.000000        0.000000
     H    4        0.000000        0.000000        0.000000
     H    4        0.000000        0.000000        0.000000

     C    5       -0.087364       -0.019325       -0.130850
     C    5       -0.019325       -0.015372        0.113425
     C    5       -0.130850        0.113425        0.102736

     H    6       -0.000000        0.000000        0.000000
     H    6        0.000000        0.000000        0.000000
     H    6        0.000000        0.000000        0.000000

     H    7       -0.000000        0.000000        0.000000
     H    7        0.000000        0.000000        0.000000
     H    7        0.000000        0.000000        0.000000

     C    8       -0.017636        0.064100       -0.077562
     C    8        0.064100        0.007400        0.081655
     C    8       -0.077562        0.081655        0.010236

     H    9       -0.000000        0.000000        0.000000
     H    9        0.000000        0.000000        0.000000
     H    9        0.000000        0.000000        0.000000

     C   10       -0.124854       -0.024841       -0.092683
     C   10       -0.024841        0.033191       -0.010558
     C   10       -0.092683       -0.010558        0.091663

     C   11        0.017599        0.120415       -0.044420
     C   11        0.120415        0.095222        0.025859
     C   11       -0.044420        0.025859       -0.112821

     Cl  12        0.456220        1.920347        0.129428
     Cl  12        1.920347       -0.091875        0.893972
     Cl  12        0.129428        0.893972       -0.364345

     H   13       -0.000000        0.000000        0.000000
     H   13        0.000000        0.000000        0.000000
     H   13        0.000000        0.000000        0.000000

     C   14       -0.068947        0.122800        0.074748
     C   14        0.122800       -0.039050        0.099918
     C   14        0.074748        0.099918        0.107997

     H   15       -0.000000        0.000000        0.000000
     H   15        0.000000        0.000000        0.000000
     H   15        0.000000        0.000000        0.000000

     C   16       -0.119135        0.115092       -0.084503
     C   16        0.115092        0.115014       -0.058403
     C   16       -0.084503       -0.058403        0.004120

     C   17        0.034714       -0.183280       -0.078086
     C   17       -0.183280        0.038782       -0.010535
     C   17       -0.078086       -0.010535       -0.073496

     Cl  18       -0.830594       -0.748755       -0.672474
     Cl  18       -0.748755       -0.584726       -1.877523
     Cl  18       -0.672474       -1.877523        1.415320

     H   19       -0.000000        0.000000        0.000000
     H   19        0.000000        0.000000        0.000000
     H   19        0.000000        0.000000        0.000000

     C   20       -0.189429       -0.105533       -0.063829
     C   20       -0.105533        0.200978        0.157818
     C   20       -0.063829        0.157818       -0.011549

     H   21       -0.000000        0.000000        0.000000
     H   21        0.000000        0.000000        0.000000
     H   21        0.000000        0.000000        0.000000

     C   22       -0.084766       -0.111922       -0.080098
     C   22       -0.111922        0.093429        0.209905
     C   22       -0.080098        0.209905       -0.008663

     C   23       -0.143880        0.042847       -0.041123
     C   23        0.042847        0.240926        0.144817
     C   23       -0.041123        0.144817       -0.097046

     Cl  24       -0.006537        2.044969       -0.216117
     Cl  24        2.044969        1.223662        1.915237
     Cl  24       -0.216117        1.915237       -1.217125

     ----- total EFG -----
     Cl   1       -0.145293       -1.213429        0.904733
     Cl   1       -1.213429        0.247551        2.210069
     Cl   1        0.904733        2.210069       -0.102258

     C    2       -0.554066        0.082385        0.048351
     C    2        0.082385        0.399639        0.292481
     C    2        0.048351        0.292481        0.154427

     C    3        0.433879       -0.227541        0.108788
     C    3       -0.227541       -0.288639        0.152314
     C    3        0.108788        0.152314       -0.145240

     H    4        0.334571        0.182329        0.727430
     H    4        0.182329       -0.025710        0.066914
     H    4        0.727430        0.066914       -0.308861

     C    5       -0.269654        0.128176       -0.438503
     C    5        0.128176        0.198741        0.462948
     C    5       -0.438503        0.462948        0.070913

     H    6       -0.149550       -0.136413        0.167390
     H    6       -0.136413        0.187440        0.408586
     H    6        0.167390        0.408586       -0.037890

     H    7       -0.112043       -0.070840        0.052873
     H    7       -0.070840        0.078937       -0.266119
     H    7        0.052873       -0.266119        0.033105

     C    8       -0.012552        0.273547       -0.134096
     C    8        0.273547       -0.047903        0.283460
     C    8       -0.134096        0.283460        0.060455

     H    9        0.340579       -0.021078        0.173431
     H    9       -0.021078       -0.162078       -0.092563
     H    9        0.173431       -0.092563       -0.178501

     C   10       -0.433041       -0.085567       -0.184164
     C   10       -0.085567        0.119271       -0.096853
     C   10       -0.184164       -0.096853        0.313770

     C   11        0.070016        0.366579       -0.094939
     C   11        0.366579        0.082047        0.105844
     C   11       -0.094939        0.105844       -0.152063

     Cl  12        0.443863        2.033245        0.134661
     Cl  12        2.033245       -0.104945        0.976536
     Cl  12        0.134661        0.976536       -0.338918

     H   13       -0.287109       -0.095926       -0.112274
     H   13       -0.095926        0.362626        0.171872
     H   13       -0.112274        0.171872       -0.075517

     C   14        0.184945        0.358390        0.175045
     C   14        0.358390       -0.290196        0.110449
     C   14        0.175045        0.110449        0.105251

     H   15        0.247942       -0.057347        0.443215
     H   15       -0.057347       -0.096793        0.119924
     H   15        0.443215        0.119924       -0.151149

     C   16       -0.335106        0.306624       -0.323902
     C   16        0.306624        0.361386       -0.019525
     C   16       -0.323902       -0.019525       -0.026279

     C   17        0.306924       -0.343411       -0.355246
     C   17       -0.343411       -0.039567       -0.119008
     C   17       -0.355246       -0.119008       -0.267357

     Cl  18       -0.843839       -0.764409       -0.759698
     Cl  18       -0.764409       -0.602362       -1.868316
     Cl  18       -0.759698       -1.868316        1.446202

     H   19       -0.170970        0.098410        0.178645
     H   19        0.098410        0.415321       -0.244017
     H   19        0.178645       -0.244017       -0.244351

     C   20       -0.613430       -0.191108       -0.093124
     C   20       -0.191108        0.577204        0.234923
     C   20       -0.093124        0.234923        0.036225

     H   21        0.536285       -0.117847        0.341748
     H   21       -0.117847       -0.224878       -0.454228
     H   21        0.341748       -0.454228       -0.311407

     C   22        0.009839       -0.074725       -0.027478
     C   22       -0.074725        0.100560        0.455607
     C   22       -0.027478        0.455607       -0.110399

     C   23       -0.482421       -0.029048       -0.051780
     C   23       -0.029048        0.468278        0.170265
     C   23       -0.051780        0.170265        0.014143

     Cl  24        0.087730        2.297347       -0.253275
     Cl  24        2.297347        1.273635        2.061982
     Cl  24       -0.253275        2.061982       -1.361365

     ----- total EFG (symmetrized) -----
     Cl   1       -0.145293       -1.213429        0.904733
     Cl   1       -1.213429        0.247551        2.210069
     Cl   1        0.904733        2.210069       -0.102258

     C    2       -0.554066        0.082385        0.048351
     C    2        0.082385        0.399639        0.292481
     C    2        0.048351        0.292481        0.154427

     C    3        0.433879       -0.227541        0.108788
     C    3       -0.227541       -0.288639        0.152314
     C    3        0.108788        0.152314       -0.145240

     H    4        0.334571        0.182329        0.727430
     H    4        0.182329       -0.025710        0.066914
     H    4        0.727430        0.066914       -0.308861

     C    5       -0.269654        0.128176       -0.438503
     C    5        0.128176        0.198741        0.462948
     C    5       -0.438503        0.462948        0.070913

     H    6       -0.149550       -0.136413        0.167390
     H    6       -0.136413        0.187440        0.408586
     H    6        0.167390        0.408586       -0.037890

     H    7       -0.112043       -0.070840        0.052873
     H    7       -0.070840        0.078937       -0.266119
     H    7        0.052873       -0.266119        0.033105

     C    8       -0.012552        0.273547       -0.134096
     C    8        0.273547       -0.047903        0.283460
     C    8       -0.134096        0.283460        0.060455

     H    9        0.340579       -0.021078        0.173431
     H    9       -0.021078       -0.162078       -0.092563
     H    9        0.173431       -0.092563       -0.178501

     C   10       -0.433041       -0.085567       -0.184164
     C   10       -0.085567        0.119271       -0.096853
     C   10       -0.184164       -0.096853        0.313770

     C   11        0.070016        0.366579       -0.094939
     C   11        0.366579        0.082047        0.105844
     C   11       -0.094939        0.105844       -0.152063

     Cl  12        0.443863        2.033245        0.134661
     Cl  12        2.033245       -0.104945        0.976536
     Cl  12        0.134661        0.976536       -0.338918

     H   13       -0.287109       -0.095926       -0.112274
     H   13       -0.095926        0.362626        0.171872
     H   13       -0.112274        0.171872       -0.075517

     C   14        0.184945        0.358390        0.175045
     C   14        0.358390       -0.290196        0.110449
     C   14        0.175045        0.110449        0.105251

     H   15        0.247942       -0.057347        0.443215
     H   15       -0.057347       -0.096793        0.119924
     H   15        0.443215        0.119924       -0.151149

     C   16       -0.335106        0.306624       -0.323902
     C   16        0.306624        0.361386       -0.019525
     C   16       -0.323902       -0.019525       -0.026279

     C   17        0.306924       -0.343411       -0.355246
     C   17       -0.343411       -0.039567       -0.119008
     C   17       -0.355246       -0.119008       -0.267357

     Cl  18       -0.843839       -0.764409       -0.759698
     Cl  18       -0.764409       -0.602362       -1.868316
     Cl  18       -0.759698       -1.868316        1.446202

     H   19       -0.170970        0.098410        0.178645
     H   19        0.098410        0.415321       -0.244017
     H   19        0.178645       -0.244017       -0.244351

     C   20       -0.613430       -0.191108       -0.093124
     C   20       -0.191108        0.577204        0.234923
     C   20       -0.093124        0.234923        0.036225

     H   21        0.536285       -0.117847        0.341748
     H   21       -0.117847       -0.224878       -0.454228
     H   21        0.341748       -0.454228       -0.311407

     C   22        0.009839       -0.074725       -0.027478
     C   22       -0.074725        0.100560        0.455607
     C   22       -0.027478        0.455607       -0.110399

     C   23       -0.482421       -0.029048       -0.051780
     C   23       -0.029048        0.468278        0.170265
     C   23       -0.051780        0.170265        0.014143

     Cl  24        0.087730        2.297347       -0.253275
     Cl  24        2.297347        1.273635        2.061982
     Cl  24       -0.253275        2.061982       -1.361365


     NQR/NMR SPECTROSCOPIC PARAMETERS:
     Cl   1    Vxx=    0.6121    axis=( -0.870812  0.213311 -0.442928)
     Cl   1    Vyy=    2.3285    axis=( -0.138605  0.757884  0.637495)
     Cl   1    Vzz=   -2.9406    axis=( -0.471673 -0.616530  0.630409)
     Cl   1  Q=        -8.1650 1e-30 m^2  Cq=        56.4138 MHz  eta= 0.58367

     C    2    Vxx=   -0.0401    axis=( -0.010156 -0.552504  0.833448)
     C    2    Vyy=   -0.5620    axis=( -0.996562  0.074125  0.036996)
     C    2    Vzz=    0.6020    axis=( -0.082220 -0.830208 -0.551358)
     C    2  Q=         1.0000 1e-30 m^2  Cq=         1.4146 MHz  eta= 0.86695

     C    3    Vxx=   -0.0499    axis=(  0.044730  0.506730  0.860944)
     C    3    Vyy=   -0.4559    axis=(  0.271471  0.823211 -0.498626)
     C    3    Vzz=    0.5059    axis=( -0.961407  0.256025 -0.100740)
     C    3  Q=         1.0000 1e-30 m^2  Cq=         1.1886 MHz  eta= 0.80256

     H    4    Vxx=   -0.0642    axis=(  0.145216 -0.975558  0.164923)
     H    4    Vyy=   -0.7851    axis=(  0.550575 -0.058819 -0.832711)
     H    4    Vzz=    0.8493    axis=(  0.822058  0.211726  0.528576)
     H    4  Q=         1.0000 1e-30 m^2  Cq=         1.9954 MHz  eta= 0.84890

     C    5    Vxx=    0.0787    axis=( -0.681803 -0.639821  0.354646)
     C    5    Vyy=    0.6513    axis=(  0.247211 -0.657794 -0.711473)
     C    5    Vzz=   -0.7300    axis=( -0.688499  0.397412 -0.606657)
     C    5  Q=         1.0000 1e-30 m^2  Cq=        -1.7152 MHz  eta= 0.78433

     H    6    Vxx=   -0.0116    axis=(  0.842378 -0.317089  0.435723)
     H    6    Vyy=   -0.4871    axis=(  0.538755  0.513515 -0.667867)
     H    6    Vzz=    0.4987    axis=( -0.011977  0.797344  0.603406)
     H    6  Q=         1.0000 1e-30 m^2  Cq=         1.1717 MHz  eta= 0.95341

     H    7    Vxx=   -0.1282    axis=(  0.976087  0.068962 -0.206151)
     H    7    Vyy=   -0.2120    axis=(  0.103922  0.684918  0.721171)
     H    7    Vzz=    0.3402    axis=( -0.190930  0.725350 -0.661373)
     H    7  Q=         1.0000 1e-30 m^2  Cq=         0.7994 MHz  eta= 0.24631

     C    8    Vxx=    0.1533    axis=(  0.763823  0.156171 -0.626247)
     C    8    Vyy=    0.3216    axis=( -0.346860 -0.718936 -0.602344)
     C    8    Vzz=   -0.4749    axis=(  0.544301 -0.677304  0.494970)
     C    8  Q=         1.0000 1e-30 m^2  Cq=        -1.1158 MHz  eta= 0.35428

     H    9    Vxx=   -0.1102    axis=(  0.236751  0.823664 -0.515293)
     H    9    Vyy=   -0.2870    axis=( -0.203028  0.560604  0.802809)
     H    9    Vzz=    0.3972    axis=(  0.950120 -0.085447  0.299950)
     H    9  Q=         1.0000 1e-30 m^2  Cq=         0.9333 MHz  eta= 0.44501

     C   10    Vxx=    0.1149    axis=(  0.229704 -0.941697 -0.245850)
     C   10    Vyy=    0.3794    axis=( -0.182452 -0.289792  0.939538)
     C   10    Vzz=   -0.4943    axis=( -0.956006 -0.170960 -0.238381)
     C   10  Q=         1.0000 1e-30 m^2  Cq=        -1.1613 MHz  eta= 0.53524

     C   11    Vxx=   -0.0635    axis=( -0.388196  0.361023  0.847919)
     C   11    Vyy=   -0.3793    axis=( -0.600545  0.598796 -0.529895)
     C   11    Vzz=    0.4428    axis=( -0.699035 -0.714916 -0.015640)
     C   11  Q=         1.0000 1e-30 m^2  Cq=         1.0404 MHz  eta= 0.71304

     Cl  12    Vxx=   -0.2954    axis=( -0.438373  0.100236  0.893186)
     Cl  12    Vyy=   -2.1330    axis=( -0.565969  0.741208 -0.360957)
     Cl  12    Vzz=    2.4285    axis=(  0.698217  0.663750  0.268195)
     Cl  12  Q=        -8.1650 1e-30 m^2  Cq=       -46.5888 MHz  eta= 0.75670

     H   13    Vxx=   -0.1082    axis=( -0.335151 -0.382591  0.860987)
     H   13    Vyy=   -0.3363    axis=( -0.926023 -0.034666 -0.375872)
     H   13    Vzz=    0.4445    axis=(  0.173652 -0.923267 -0.342670)
     H   13  Q=         1.0000 1e-30 m^2  Cq=         1.0443 MHz  eta= 0.51317

     C   14    Vxx=   -0.0056    axis=( -0.430617 -0.200799  0.879914)
     C   14    Vyy=   -0.4830    axis=( -0.467139  0.883774 -0.026931)
     C   14    Vzz=    0.4886    axis=( -0.772237 -0.422639 -0.474369)
     C   14  Q=         1.0000 1e-30 m^2  Cq=         1.1481 MHz  eta= 0.97700

     H   15    Vxx=   -0.0522    axis=(  0.198572 -0.945833 -0.256846)
     H   15    Vyy=   -0.4827    axis=(  0.509171  0.323480 -0.797563)
     H   15    Vzz=    0.5349    axis=(  0.837445  0.027595  0.545824)
     H   15  Q=         1.0000 1e-30 m^2  Cq=         1.2569 MHz  eta= 0.80488

     C   16    Vxx=    0.0903    axis=( -0.328342  0.431865  0.840050)
     C   16    Vyy=    0.5161    axis=( -0.418048 -0.863952  0.280754)
     C   16    Vzz=   -0.6064    axis=(  0.847011 -0.258998  0.464212)
     C   16  Q=         1.0000 1e-30 m^2  Cq=        -1.4248 MHz  eta= 0.70222

     C   17    Vxx=   -0.0187    axis=(  0.162248  0.779593 -0.604905)
     C   17    Vyy=   -0.5752    axis=(  0.481307  0.472631  0.738217)
     C   17    Vzz=    0.5939    axis=(  0.861406 -0.410919 -0.298540)
     C   17  Q=         1.0000 1e-30 m^2  Cq=         1.3953 MHz  eta= 0.93703

     Cl  18    Vxx=   -0.1632    axis=(  0.825777 -0.521271 -0.215333)
     Cl  18    Vyy=   -2.4114    axis=(  0.557826  0.698549  0.448172)
     Cl  18    Vzz=    2.5747    axis=( -0.083199 -0.490209  0.867625)
     Cl  18  Q=        -8.1650 1e-30 m^2  Cq=       -49.3934 MHz  eta= 0.87322

     H   19    Vxx=   -0.0350    axis=( -0.821051 -0.122687 -0.557515)
     H   19    Vyy=   -0.4631    axis=( -0.567651  0.278784  0.774630)
     H   19    Vzz=    0.4980    axis=(  0.060390  0.952485 -0.298540)
     H   19  Q=         1.0000 1e-30 m^2  Cq=         1.1702 MHz  eta= 0.85961

     C   20    Vxx=   -0.0509    axis=( -0.032531 -0.358807  0.932845)
     C   20    Vyy=   -0.6482    axis=( -0.986705 -0.137168 -0.087169)
     C   20    Vzz=    0.6991    axis=(  0.159233 -0.923278 -0.349574)
     C   20  Q=         1.0000 1e-30 m^2  Cq=         1.6426 MHz  eta= 0.85442

     H   21    Vxx=    0.0107    axis=(  0.485164  0.718452 -0.498441)
     H   21    Vyy=    0.7393    axis=(  0.862240 -0.298246  0.409380)
     H   21    Vzz=   -0.7500    axis=(  0.145462 -0.628392 -0.764176)
     H   21  Q=         1.0000 1e-30 m^2  Cq=        -1.7621 MHz  eta= 0.97154

     C   22    Vxx=   -0.0012    axis=(  0.985633  0.093216  0.140846)
     C   22    Vyy=   -0.4739    axis=(  0.052249  0.624720 -0.779099)
     C   22    Vzz=    0.4750    axis=( -0.160614  0.775265  0.610874)
     C   22  Q=         1.0000 1e-30 m^2  Cq=         1.1162 MHz  eta= 0.99514

     C   23    Vxx=   -0.0390    axis=( -0.089031 -0.321495  0.942716)
     C   23    Vyy=   -0.4879    axis=(  0.995074  0.012723  0.098314)
     C   23    Vzz=    0.5269    axis=( -0.043602  0.946826  0.318779)
     C   23  Q=         1.0000 1e-30 m^2  Cq=         1.2381 MHz  eta= 0.85185

     Cl  24    Vxx=   -0.3732    axis=( -0.733830  0.218167  0.643348)
     Cl  24    Vyy=   -3.1646    axis=(  0.447795 -0.556816  0.699597)
     Cl  24    Vzz=    3.5379    axis=(  0.510855  0.801473  0.310914)
     Cl  24  Q=        -8.1650 1e-30 m^2  Cq=       -67.8719 MHz  eta= 0.78901

     Initialization:
     gipaw_setup  :      8.96s CPU     10.79s WALL (       1 calls)

     Linear response

     Apply operators

     Induced current

     Other routines
     efg          :      9.16s CPU     11.81s WALL (       1 calls)

     General routines
     calbec       :      3.18s CPU      4.26s WALL (      16 calls)
     fft          :      1.50s CPU      2.00s WALL (      15 calls)
     ffts         :      0.04s CPU      0.05s WALL (       2 calls)
     fftw         :      3.11s CPU      3.86s WALL (     672 calls)
     davcio       :      0.02s CPU      0.32s WALL (      32 calls)

     Parallel routines
     fft_scatter  :      2.02s CPU      3.06s WALL (     689 calls)

     Plugins

     GIPAW        :     60.54s CPU     71.74s WALL (       1 calls)
