
     Program QE v.6.0 (svn rev. 13079) starts on 23Dec2016 at 20: 5:27 

     This program is part of the open-source Quantum ESPRESSO suite
     for quantum simulation of materials; please cite
         "P. Giannozzi et al., J. Phys.:Condens. Matter 21 395502 (2009);
          URL http://www.quantum-espresso.org", 
     in publications or presentations arising from this work. More details at
     http://www.quantum-espresso.org/quote

     Parallel version (MPI), running on     8 processors
     R & G space division:  proc/nbgrp/npool/nimage =       8

     ***** This is GIPAW svn revision unknown      *****

     Parallelizing q-star over 1 images

     Reading data from directory:
     /users/majewski/paradichlorobenzene/pbe/9_constraint/scratch/pbe.ecut100.np8.dt60.pcl2phi-129368.save
     Message from routine read_xml_file:
     file /users/majewski/paradichlorobenzene/pbe/9_constraint/scratch/pbe.ecut100.np8.dt60.pcl2phi-129368.save not guaranteed to be safe for post-processing

   Info: using nr1, nr2, nr3 values from input

   Info: using nr1, nr2, nr3 values from input

     IMPORTANT: XC functional enforced from input :
     Exchange-correlation      =  SLA  PW   PBX  PBC ( 1  4  3  4 0 0)
     Any further DFT definition will be discarded
     Please, verify this is what you really want

               file C.pbe-n-kjpaw_psl.1.0.0.UPF: wavefunction(s)  2S 2P renormalized
               file Cl.pbe-n-kjpaw_psl.1.0.0.UPF: wavefunction(s)  3S 3P renormalized
               file H.pbe-kjpaw_psl.1.0.0.UPF: wavefunction(s)  1S renormalized

     Parallelization info
     --------------------
     sticks:   dense  smooth     PW     G-vecs:    dense   smooth      PW
     Min        3057    1223    332               144436    36536    5170
     Max        3059    1225    333               144437    36537    5171
     Sum       24467    9791   2657              1155489   292295   41363


     Subspace diagonalization in iterative solution of the eigenvalue problem:
     a serial algorithm will be used

     GIPAW projectors -----------------------------------------------
     atom=  C    l=0  rc=    1.2000  rs=    0.8000
     atom=  C    l=0  rc=    1.2000  rs=    0.8000
     atom=  C    l=1  rc=    1.4000  rs=    0.9333
     atom=  C    l=1  rc=    1.4000  rs=    0.9333
     projs nearly linearly dependent: l=1  n1,n2= 1, 2  s=  0.99951561

     atom=  Cl   l=0  rc=    1.6000  rs=    1.0667
     atom=  Cl   l=0  rc=    1.6000  rs=    1.0667
     atom=  Cl   l=1  rc=    1.6000  rs=    1.0667
     atom=  Cl   l=1  rc=    1.6000  rs=    1.0667
     atom=  Cl   l=2  rc=    1.6000  rs=    1.0667
     atom=  Cl   l=2  rc=    1.6000  rs=    1.0667
     projs nearly linearly dependent: l=2  n1,n2= 1, 2  s=  0.99993509

     atom=  H    l=0  rc=    1.0000  rs=    0.6667
     atom=  H    l=0  rc=    1.0000  rs=    0.6667
     projs nearly linearly dependent: l=0  n1,n2= 1, 2  s=  0.99968852
     -----------------------------------------------------------------

     GIPAW integrals: -------------------------------------------
     Atom  i/j   nmr_para   nmr_dia   epr_rmc  epr_para   epr_dia
       C   1 1   0.83E+03  0.17E-01  0.93E+01  0.24E+08  0.24E+03
       C   2 1   0.86E+03 -0.61E-01  0.94E+01  0.25E+08  0.25E+03
       C   2 2   0.90E+03 -0.15E+00  0.97E+01  0.26E+08  0.26E+03
       C   3 3   0.33E+01  0.34E+00  0.18E+01  0.55E+03  0.21E+02
       C   4 3   0.35E+01  0.37E+00  0.20E+01  0.59E+03  0.22E+02
       C   4 4   0.38E+01  0.39E+00  0.22E+01  0.63E+03  0.24E+02
       Cl  1 1   0.14E+04 -0.47E+00  0.84E+01  0.32E+09  0.42E+03
       Cl  2 1   0.21E+04 -0.37E+00  0.12E+02  0.49E+09  0.65E+03
       Cl  2 2   0.33E+04 -0.16E+00  0.21E+02  0.76E+09  0.10E+04
       Cl  3 3   0.21E+02  0.79E-01  0.89E+01  0.23E+05  0.13E+03
       Cl  4 3   0.24E+02  0.67E-01  0.99E+01  0.27E+05  0.15E+03
       Cl  4 4   0.28E+02  0.44E-01  0.11E+02  0.32E+05  0.18E+03
       Cl  5 5   0.77E+00  0.19E+00  0.18E+01  0.12E+03  0.22E+02
       Cl  6 5   0.80E+00  0.19E+00  0.19E+01  0.12E+03  0.23E+02
       Cl  6 6   0.83E+00  0.20E+00  0.19E+01  0.12E+03  0.23E+02
       H   1 1   0.39E+02  0.19E+00  0.29E+00  0.78E+05  0.13E+02
       H   2 1   0.41E+02  0.21E+00  0.32E+00  0.82E+05  0.14E+02
       H   2 2   0.43E+02  0.22E+00  0.36E+00  0.86E+05  0.15E+02
     ------------------------------------------------------------

     alpha_pv=     34.1383 eV

     Number of occupied bands for each k-point:
     k-point:     1    nbnd_occ=  42
     k-point:     2    nbnd_occ=  42
     k-point:     3    nbnd_occ=  42
     k-point:     4    nbnd_occ=  42
     k-point:     5    nbnd_occ=  42
     k-point:     6    nbnd_occ=  42
     k-point:     7    nbnd_occ=  42
     k-point:     8    nbnd_occ=  42
     k-point:     9    nbnd_occ=  42
     k-point:    10    nbnd_occ=  42
     k-point:    11    nbnd_occ=  42
     k-point:    12    nbnd_occ=  42
     k-point:    13    nbnd_occ=  42
     k-point:    14    nbnd_occ=  42
     k-point:    15    nbnd_occ=  42
     k-point:    16    nbnd_occ=  42


     q-space interpolation up to   110.00 Rydberg

     GIPAW job: efg                                                                             


     ELECTRIC FIELD GRADIENTS TENSORS IN Hartree/bohrradius^2:

     ----- bare term -----
     Cl   1        0.315575        0.053404        0.199423
     Cl   1        0.053404        0.361006        0.278699
     Cl   1        0.199423        0.278699       -0.676581

     C    2       -0.629358        0.064696       -0.243829
     C    2        0.064696        0.030823       -0.226339
     C    2       -0.243829       -0.226339        0.598535

     C    3        0.010083        0.435218        0.009555
     C    3        0.435218       -0.499800       -0.452659
     C    3        0.009555       -0.452659        0.489717

     H    4       -0.503431       -0.202107       -0.468799
     H    4       -0.202107        0.318302       -0.256868
     H    4       -0.468799       -0.256868        0.185129

     C    5       -0.460920        0.339008       -0.484841
     C    5        0.339008        0.228134       -0.333145
     C    5       -0.484841       -0.333145        0.232786

     H    6        0.407019       -0.052997        0.139602
     H    6       -0.052997       -0.203396       -0.434205
     H    6        0.139602       -0.434205       -0.203622

     H    7        0.313314       -0.183437       -0.259655
     H    7       -0.183437       -0.557964       -0.069833
     H    7       -0.259655       -0.069833        0.244650

     C    8       -0.560512        0.044683       -0.270703
     C    8        0.044683       -0.030093        0.323055
     C    8       -0.270703        0.323055        0.590605

     H    9       -0.435971        0.351390       -0.338680
     H    9        0.351390        0.268707        0.064569
     H    9       -0.338680        0.064569        0.167264

     C   10       -0.123082       -0.434187        0.140282
     C   10       -0.434187       -0.456765        0.545261
     C   10        0.140282        0.545261        0.579847

     C   11       -0.260717        0.045964       -0.353095
     C   11        0.045964       -0.032569        0.420620
     C   11       -0.353095        0.420620        0.293287

     Cl  12       -0.006751       -0.133601       -0.078891
     Cl  12       -0.133601        0.010114        0.059715
     Cl  12       -0.078891        0.059715       -0.003363

     H   13        0.499479       -0.036283       -0.034080
     H   13       -0.036283       -0.012909       -0.487181
     H   13       -0.034080       -0.487181       -0.486570

     C   14       -0.146109        0.395905        0.024769
     C   14        0.395905       -0.424623       -0.377594
     C   14        0.024769       -0.377594        0.570732

     H   15       -0.630868       -0.256980       -0.365895
     H   15       -0.256980        0.363075       -0.155466
     H   15       -0.365895       -0.155466        0.267793

     C   16       -0.375408        0.349461       -0.346173
     C   16        0.349461        0.063163       -0.335301
     C   16       -0.346173       -0.335301        0.312245

     C   17       -0.067496        0.250517       -0.250917
     C   17        0.250517       -0.077701       -0.652026
     C   17       -0.250917       -0.652026        0.145197

     Cl  18       -0.088345        0.191173       -0.086444
     Cl  18        0.191173        0.089047       -0.123973
     Cl  18       -0.086444       -0.123973       -0.000702

     H   19        0.489490        0.023441        0.081297
     H   19        0.023441       -0.046947        0.403290
     H   19        0.081297        0.403290       -0.442543

     C   20       -0.387880       -0.322511       -0.105958
     C   20       -0.322511       -0.106317        0.460167
     C   20       -0.105958        0.460167        0.494198

     H   21        0.115351        0.048321       -0.442634
     H   21        0.048321        0.412266       -0.089972
     H   21       -0.442634       -0.089972       -0.527618

     C   22       -0.214251       -0.057274       -0.173196
     C   22       -0.057274       -0.040518        0.291148
     C   22       -0.173196        0.291148        0.254769

     C   23       -0.118150       -0.291092       -0.077604
     C   23       -0.291092       -0.481004        0.410510
     C   23       -0.077604        0.410510        0.599154

     Cl  24       -0.076235        0.001328       -0.084002
     Cl  24        0.001328       -0.017954        0.128416
     Cl  24       -0.084002        0.128416        0.094188

     ----- ionic term -----
     Cl   1        0.166036       -0.179431       -0.058450
     Cl   1       -0.179431       -0.060058        0.029599
     Cl   1       -0.058450        0.029599       -0.105978

     C    2        0.294122       -0.153855        0.078355
     C    2       -0.153855       -0.093979        0.446520
     C    2        0.078355        0.446520       -0.200143

     C    3        0.169962       -0.207747        0.073843
     C    3       -0.207747        0.001582        0.447805
     C    3        0.073843        0.447805       -0.171544

     H    4        0.601377        0.333262        0.640872
     H    4        0.333262       -0.453148        0.259872
     H    4        0.640872        0.259872       -0.148230

     C    5        0.308430       -0.117818        0.212161
     C    5       -0.117818       -0.058753        0.364458
     C    5        0.212161        0.364458       -0.249677

     H    6       -0.523274        0.106594        0.083004
     H    6        0.106594        0.594552        0.766846
     H    6        0.083004        0.766846       -0.071278

     H    7       -0.459125        0.106846       -0.017474
     H    7        0.106846        0.827657       -0.546003
     H    7       -0.017474       -0.546003       -0.368532

     C    8        0.291560        0.273537        0.281025
     C    8        0.273537        0.125750       -0.241588
     C    8        0.281025       -0.241588       -0.417310

     H    9        0.703499       -0.331101        0.634413
     H    9       -0.331101       -0.390016       -0.220802
     H    9        0.634413       -0.220802       -0.313483

     C   10        0.189166        0.267089        0.227521
     C   10        0.267089        0.234519       -0.301615
     C   10        0.227521       -0.301615       -0.423686

     C   11        0.148995        0.215879        0.384147
     C   11        0.215879        0.136042       -0.292945
     C   11        0.384147       -0.292945       -0.285037

     Cl  12        0.134103        0.205369        0.053275
     Cl  12        0.205369        0.020340        0.025911
     Cl  12        0.053275        0.025911       -0.154443

     H   13       -0.504229       -0.016107       -0.020258
     H   13       -0.016107        0.500765        0.788872
     H   13       -0.020258        0.788872        0.003464

     C   14        0.378364       -0.210350        0.094042
     C   14       -0.210350       -0.070011        0.360549
     C   14        0.094042        0.360549       -0.308353

     H   15        0.679558        0.211379        0.654946
     H   15        0.211379       -0.517454        0.204777
     H   15        0.654946        0.204777       -0.162104

     C   16        0.238768       -0.262178        0.080193
     C   16       -0.262178        0.028847        0.442362
     C   16        0.080193        0.442362       -0.267615

     C   17        0.262326       -0.155799        0.251891
     C   17       -0.155799       -0.008794        0.436704
     C   17        0.251891        0.436704       -0.253532

     Cl  18        0.142669       -0.212182       -0.009041
     Cl  18       -0.212182       -0.000523        0.008412
     Cl  18       -0.009041        0.008412       -0.142146

     H   19       -0.531322        0.027899        0.015055
     H   19        0.027899        0.601487       -0.730837
     H   19        0.015055       -0.730837       -0.070166

     C   20        0.223803        0.264548        0.378991
     C   20        0.264548        0.021482       -0.252864
     C   20        0.378991       -0.252864       -0.245285

     H   21        0.414509       -0.241866        0.766487
     H   21       -0.241866       -0.452355       -0.255300
     H   21        0.766487       -0.255300        0.037846

     C   22        0.060919        0.273649        0.254323
     C   22        0.273649        0.155362       -0.385295
     C   22        0.254323       -0.385295       -0.216281

     C   23        0.118105        0.197341        0.252820
     C   23        0.197341        0.144789       -0.450595
     C   23        0.252820       -0.450595       -0.262894

     Cl  24        0.109620        0.228316        0.008533
     Cl  24        0.228316        0.030171       -0.000579
     Cl  24        0.008533       -0.000579       -0.139791

     ----- GIPAW term -----
     Cl   1        0.298069       -0.412437       -0.185834
     Cl   1       -0.412437       -0.065207        0.117421
     Cl   1       -0.185834        0.117421       -0.232861

     C    2       -0.168881       -0.065847       -0.013332
     C    2       -0.065847       -0.108973        0.037497
     C    2       -0.013332        0.037497        0.277854

     C    3       -0.044091        0.121818        0.095699
     C    3        0.121818       -0.081683        0.074496
     C    3        0.095699        0.074496        0.125774

     H    4       -0.000000        0.000000        0.000000
     H    4        0.000000        0.000000        0.000000
     H    4        0.000000        0.000000        0.000000

     C    5       -0.037086        0.184856       -0.132186
     C    5        0.184856        0.085803       -0.111103
     C    5       -0.132186       -0.111103       -0.048717

     H    6       -0.000000        0.000000        0.000000
     H    6        0.000000        0.000000        0.000000
     H    6        0.000000        0.000000        0.000000

     H    7       -0.000000        0.000000        0.000000
     H    7        0.000000        0.000000        0.000000
     H    7        0.000000        0.000000        0.000000

     C    8       -0.158816        0.046035        0.071436
     C    8        0.046035       -0.100988        0.122729
     C    8        0.071436        0.122729        0.259804

     H    9       -0.000000        0.000000        0.000000
     H    9        0.000000        0.000000        0.000000
     H    9        0.000000        0.000000        0.000000

     C   10       -0.034528       -0.008891        0.175703
     C   10       -0.008891       -0.141441        0.146367
     C   10        0.175703        0.146367        0.175969

     C   11        0.058290        0.107560        0.027390
     C   11        0.107560       -0.041166        0.021939
     C   11        0.027390        0.021939       -0.017123

     Cl  12        1.430701        1.264665       -0.622483
     Cl  12        1.264665        0.250124        0.513452
     Cl  12       -0.622483        0.513452       -1.680824

     H   13       -0.000000        0.000000        0.000000
     H   13        0.000000        0.000000        0.000000
     H   13        0.000000        0.000000        0.000000

     C   14       -0.040905        0.081952        0.141440
     C   14        0.081952       -0.207124       -0.030488
     C   14        0.141440       -0.030488        0.248030

     H   15       -0.000000        0.000000        0.000000
     H   15        0.000000        0.000000        0.000000
     H   15        0.000000        0.000000        0.000000

     C   16       -0.064717        0.160205       -0.076531
     C   16        0.160205        0.098281       -0.029345
     C   16       -0.076531       -0.029345       -0.033564

     C   17        0.046654        0.068588       -0.100582
     C   17        0.068588        0.071339       -0.181213
     C   17       -0.100582       -0.181213       -0.117992

     Cl  18        0.522133        0.041802       -1.155550
     Cl  18        0.041802        1.040183       -1.556974
     Cl  18       -1.155550       -1.556974       -1.562316

     H   19       -0.000000        0.000000        0.000000
     H   19        0.000000        0.000000        0.000000
     H   19        0.000000        0.000000        0.000000

     C   20       -0.144858       -0.026926        0.031945
     C   20       -0.026926       -0.069824        0.211878
     C   20        0.031945        0.211878        0.214683

     H   21       -0.000000        0.000000        0.000000
     H   21        0.000000        0.000000        0.000000
     H   21        0.000000        0.000000        0.000000

     C   22       -0.130431        0.026274       -0.000257
     C   22        0.026274       -0.047939        0.111627
     C   22       -0.000257        0.111627        0.178370

     C   23       -0.071240        0.049190        0.083166
     C   23        0.049190       -0.174696        0.102036
     C   23        0.083166        0.102036        0.245936

     Cl  24       -0.260862        1.689053       -0.465326
     Cl  24        1.689053        0.186851        2.089516
     Cl  24       -0.465326        2.089516        0.074011

     ----- total EFG -----
     Cl   1        0.779680       -0.538464       -0.044861
     Cl   1       -0.538464        0.235740        0.425719
     Cl   1       -0.044861        0.425719       -1.015420

     C    2       -0.504117       -0.155006       -0.178806
     C    2       -0.155006       -0.172129        0.257678
     C    2       -0.178806        0.257678        0.676247

     C    3        0.135953        0.349289        0.179097
     C    3        0.349289       -0.579901        0.069642
     C    3        0.179097        0.069642        0.443948

     H    4        0.097946        0.131154        0.172074
     H    4        0.131154       -0.134846        0.003004
     H    4        0.172074        0.003004        0.036900

     C    5       -0.189576        0.406045       -0.404865
     C    5        0.406045        0.255185       -0.079791
     C    5       -0.404865       -0.079791       -0.065609

     H    6       -0.116255        0.053598        0.222606
     H    6        0.053598        0.391156        0.332641
     H    6        0.222606        0.332641       -0.274901

     H    7       -0.145811       -0.076592       -0.277128
     H    7       -0.076592        0.269693       -0.615836
     H    7       -0.277128       -0.615836       -0.123882

     C    8       -0.427768        0.364255        0.081757
     C    8        0.364255       -0.005331        0.204197
     C    8        0.081757        0.204197        0.433099

     H    9        0.267528        0.020289        0.295733
     H    9        0.020289       -0.121310       -0.156233
     H    9        0.295733       -0.156233       -0.146218

     C   10        0.031556       -0.175989        0.543506
     C   10       -0.175989       -0.363686        0.390013
     C   10        0.543506        0.390013        0.332130

     C   11       -0.053433        0.369403        0.058442
     C   11        0.369403        0.062307        0.149614
     C   11        0.058442        0.149614       -0.008874

     Cl  12        1.558052        1.336433       -0.648099
     Cl  12        1.336433        0.280578        0.599077
     Cl  12       -0.648099        0.599077       -1.838630

     H   13       -0.004750       -0.052390       -0.054338
     H   13       -0.052390        0.487857        0.301691
     H   13       -0.054338        0.301691       -0.483107

     C   14        0.191350        0.267507        0.260251
     C   14        0.267507       -0.701758       -0.047534
     C   14        0.260251       -0.047534        0.510408

     H   15        0.048691       -0.045602        0.289051
     H   15       -0.045602       -0.154379        0.049311
     H   15        0.289051        0.049311        0.105688

     C   16       -0.201357        0.247488       -0.342511
     C   16        0.247488        0.190291        0.077716
     C   16       -0.342511        0.077716        0.011066

     C   17        0.241484        0.163306       -0.099608
     C   17        0.163306       -0.015156       -0.396535
     C   17       -0.099608       -0.396535       -0.226327

     Cl  18        0.576457        0.020793       -1.251035
     Cl  18        0.020793        1.128707       -1.672534
     Cl  18       -1.251035       -1.672534       -1.705164

     H   19       -0.041832        0.051340        0.096351
     H   19        0.051340        0.554541       -0.327547
     H   19        0.096351       -0.327547       -0.512709

     C   20       -0.308936       -0.084890        0.304978
     C   20       -0.084890       -0.154660        0.419180
     C   20        0.304978        0.419180        0.463596

     H   21        0.529860       -0.193546        0.323853
     H   21       -0.193546       -0.040089       -0.345271
     H   21        0.323853       -0.345271       -0.489772

     C   22       -0.283762        0.242650        0.080871
     C   22        0.242650        0.066905        0.017481
     C   22        0.080871        0.017481        0.216858

     C   23       -0.071285       -0.044560        0.258382
     C   23       -0.044560       -0.510910        0.061951
     C   23        0.258382        0.061951        0.582195

     Cl  24       -0.227477        1.918697       -0.540795
     Cl  24        1.918697        0.199068        2.217353
     Cl  24       -0.540795        2.217353        0.028409

     ----- total EFG (symmetrized) -----
     Cl   1        0.779680       -0.538464       -0.044861
     Cl   1       -0.538464        0.235740        0.425719
     Cl   1       -0.044861        0.425719       -1.015420

     C    2       -0.504117       -0.155006       -0.178806
     C    2       -0.155006       -0.172129        0.257678
     C    2       -0.178806        0.257678        0.676247

     C    3        0.135953        0.349289        0.179097
     C    3        0.349289       -0.579901        0.069642
     C    3        0.179097        0.069642        0.443948

     H    4        0.097946        0.131154        0.172074
     H    4        0.131154       -0.134846        0.003004
     H    4        0.172074        0.003004        0.036900

     C    5       -0.189576        0.406045       -0.404865
     C    5        0.406045        0.255185       -0.079791
     C    5       -0.404865       -0.079791       -0.065609

     H    6       -0.116255        0.053598        0.222606
     H    6        0.053598        0.391156        0.332641
     H    6        0.222606        0.332641       -0.274901

     H    7       -0.145811       -0.076592       -0.277128
     H    7       -0.076592        0.269693       -0.615836
     H    7       -0.277128       -0.615836       -0.123882

     C    8       -0.427768        0.364255        0.081757
     C    8        0.364255       -0.005331        0.204197
     C    8        0.081757        0.204197        0.433099

     H    9        0.267528        0.020289        0.295733
     H    9        0.020289       -0.121310       -0.156233
     H    9        0.295733       -0.156233       -0.146218

     C   10        0.031556       -0.175989        0.543506
     C   10       -0.175989       -0.363686        0.390013
     C   10        0.543506        0.390013        0.332130

     C   11       -0.053433        0.369403        0.058442
     C   11        0.369403        0.062307        0.149614
     C   11        0.058442        0.149614       -0.008874

     Cl  12        1.558052        1.336433       -0.648099
     Cl  12        1.336433        0.280578        0.599077
     Cl  12       -0.648099        0.599077       -1.838630

     H   13       -0.004750       -0.052390       -0.054338
     H   13       -0.052390        0.487857        0.301691
     H   13       -0.054338        0.301691       -0.483107

     C   14        0.191350        0.267507        0.260251
     C   14        0.267507       -0.701758       -0.047534
     C   14        0.260251       -0.047534        0.510408

     H   15        0.048691       -0.045602        0.289051
     H   15       -0.045602       -0.154379        0.049311
     H   15        0.289051        0.049311        0.105688

     C   16       -0.201357        0.247488       -0.342511
     C   16        0.247488        0.190291        0.077716
     C   16       -0.342511        0.077716        0.011066

     C   17        0.241484        0.163306       -0.099608
     C   17        0.163306       -0.015156       -0.396535
     C   17       -0.099608       -0.396535       -0.226327

     Cl  18        0.576457        0.020793       -1.251035
     Cl  18        0.020793        1.128707       -1.672534
     Cl  18       -1.251035       -1.672534       -1.705164

     H   19       -0.041832        0.051340        0.096351
     H   19        0.051340        0.554541       -0.327547
     H   19        0.096351       -0.327547       -0.512709

     C   20       -0.308936       -0.084890        0.304978
     C   20       -0.084890       -0.154660        0.419180
     C   20        0.304978        0.419180        0.463596

     H   21        0.529860       -0.193546        0.323853
     H   21       -0.193546       -0.040089       -0.345271
     H   21        0.323853       -0.345271       -0.489772

     C   22       -0.283762        0.242650        0.080871
     C   22        0.242650        0.066905        0.017481
     C   22        0.080871        0.017481        0.216858

     C   23       -0.071285       -0.044560        0.258382
     C   23       -0.044560       -0.510910        0.061951
     C   23        0.258382        0.061951        0.582195

     Cl  24       -0.227477        1.918697       -0.540795
     Cl  24        1.918697        0.199068        2.217353
     Cl  24       -0.540795        2.217353        0.028409


     NQR/NMR SPECTROSCOPIC PARAMETERS:
     Cl   1    Vxx=    0.0102    axis=(  0.559034  0.774165  0.296898)
     Cl   1    Vyy=    1.1440    axis=(  0.826523 -0.548767 -0.125357)
     Cl   1    Vzz=   -1.1542    axis=( -0.065881 -0.315473  0.946645)
     Cl   1  Q=        -8.1650 1e-30 m^2  Cq=        22.1422 MHz  eta= 0.98237

     C    2    Vxx=   -0.2140    axis=( -0.286153  0.903527 -0.318992)
     C    2    Vyy=   -0.5702    axis=(  0.943860  0.323145  0.068597)
     C    2    Vzz=    0.7842    axis=( -0.165060  0.281454  0.945272)
     C    2  Q=         1.0000 1e-30 m^2  Cq=         1.8425 MHz  eta= 0.45419

     C    3    Vxx=    0.1518    axis=(  0.773142  0.316781 -0.549455)
     C    3    Vyy=    0.5703    axis=(  0.509645  0.205354  0.835519)
     C    3    Vzz=   -0.7221    axis=( -0.377509  0.926002  0.002678)
     C    3  Q=         1.0000 1e-30 m^2  Cq=        -1.6966 MHz  eta= 0.57959

     H    4    Vxx=   -0.0511    axis=( -0.371213 -0.554869  0.744528)
     H    4    Vyy=   -0.2182    axis=(  0.510851 -0.791605 -0.335250)
     H    4    Vzz=    0.2693    axis=(  0.775392  0.255894  0.577310)
     H    4  Q=         1.0000 1e-30 m^2  Cq=         0.6329 MHz  eta= 0.62032

     C    5    Vxx=    0.0010    axis=(  0.245116 -0.624419 -0.741633)
     C    5    Vyy=    0.6223    axis=(  0.563995  0.714046 -0.414787)
     C    5    Vzz=   -0.6233    axis=(  0.788561 -0.316606  0.527193)
     C    5  Q=         1.0000 1e-30 m^2  Cq=        -1.4645 MHz  eta= 0.99672

     H    6    Vxx=   -0.0523    axis=(  0.871089 -0.357724  0.336507)
     H    6    Vyy=   -0.5050    axis=(  0.445694  0.287972 -0.847602)
     H    6    Vzz=    0.5572    axis=(  0.206302  0.888316  0.410285)
     H    6  Q=         1.0000 1e-30 m^2  Cq=         1.3093 MHz  eta= 0.81239

     H    7    Vxx=   -0.0272    axis=(  0.890571 -0.356405 -0.282594)
     H    7    Vyy=   -0.7047    axis=(  0.438023  0.504615  0.743976)
     H    7    Vzz=    0.7320    axis=( -0.122555 -0.786346  0.605508)
     H    7  Q=         1.0000 1e-30 m^2  Cq=         1.7198 MHz  eta= 0.92562

     C    8    Vxx=    0.0732    axis=(  0.446963  0.730629 -0.516145)
     C    8    Vyy=    0.5653    axis=(  0.238699  0.458656  0.855954)
     C    8    Vzz=   -0.6386    axis=( -0.862118  0.505783 -0.030602)
     C    8  Q=         1.0000 1e-30 m^2  Cq=        -1.5004 MHz  eta= 0.77058

     H    9    Vxx=   -0.0427    axis=(  0.318196  0.862753 -0.392949)
     H    9    Vyy=   -0.3846    axis=( -0.371640  0.494833  0.785509)
     H    9    Vzz=    0.4272    axis=(  0.872144 -0.103910  0.478087)
     H    9  Q=         1.0000 1e-30 m^2  Cq=         1.0038 MHz  eta= 0.80025

     C   10    Vxx=   -0.0232    axis=(  0.675414 -0.678917 -0.287902)
     C   10    Vyy=   -0.7629    axis=(  0.498773  0.708133 -0.499773)
     C   10    Vzz=    0.7861    axis=(  0.543178  0.193956  0.816908)
     C   10  Q=         1.0000 1e-30 m^2  Cq=         1.8471 MHz  eta= 0.94093

     C   11    Vxx=   -0.0533    axis=( -0.331265 -0.147528  0.931933)
     C   11    Vyy=   -0.3777    axis=( -0.730283  0.665506 -0.154234)
     C   11    Vzz=    0.4311    axis=( -0.597453 -0.731667 -0.328196)
     C   11  Q=         1.0000 1e-30 m^2  Cq=         1.0128 MHz  eta= 0.75255

     Cl  12    Vxx=   -0.1394    axis=( -0.443621  0.778655  0.443730)
     Cl  12    Vyy=   -2.2742    axis=(  0.274457 -0.353294  0.894347)
     Cl  12    Vzz=    2.4136    axis=( -0.853155 -0.518536  0.056979)
     Cl  12  Q=        -8.1650 1e-30 m^2  Cq=       -46.3037 MHz  eta= 0.88446

     H   13    Vxx=   -0.0095    axis=(  0.991558  0.125113 -0.034065)
     H   13    Vyy=   -0.5718    axis=( -0.067084  0.270149 -0.960479)
     H   13    Vzz=    0.5813    axis=( -0.110966  0.954655  0.276261)
     H   13  Q=         1.0000 1e-30 m^2  Cq=         1.3657 MHz  eta= 0.96733

     C   14    Vxx=    0.1240    axis=( -0.809628 -0.291615  0.509376)
     C   14    Vyy=    0.6625    axis=(  0.512808  0.070744  0.855584)
     C   14    Vzz=   -0.7864    axis=(  0.285537 -0.953916 -0.092266)
     C   14  Q=         1.0000 1e-30 m^2  Cq=        -1.8478 MHz  eta= 0.68474

     H   15    Vxx=   -0.1108    axis=(  0.411984 -0.837322 -0.359388)
     H   15    Vyy=   -0.2569    axis=(  0.617014  0.546588 -0.566158)
     H   15    Vzz=    0.3677    axis=(  0.670495  0.011501  0.741825)
     H   15  Q=         1.0000 1e-30 m^2  Cq=         0.8640 MHz  eta= 0.39748

     C   16    Vxx=    0.1888    axis=(  0.232947 -0.642745 -0.729804)
     C   16    Vyy=    0.3486    axis=(  0.578653  0.694754 -0.427175)
     C   16    Vzz=   -0.5375    axis=(  0.781599 -0.322794  0.533767)
     C   16  Q=         1.0000 1e-30 m^2  Cq=        -1.2628 MHz  eta= 0.29732

     C   17    Vxx=    0.0742    axis=( -0.749336  0.509154 -0.423388)
     C   17    Vyy=    0.4574    axis=(  0.661591  0.602827 -0.445979)
     C   17    Vzz=   -0.5317    axis=( -0.028157  0.614298  0.788571)
     C   17  Q=         1.0000 1e-30 m^2  Cq=        -1.2492 MHz  eta= 0.72072

     Cl  18    Vxx=    0.7215    axis=(  0.865108 -0.489718 -0.108464)
     Cl  18    Vyy=    2.1351    axis=(  0.388946  0.791504 -0.471426)
     Cl  18    Vzz=   -2.8566    axis=(  0.316716  0.365648  0.875210)
     Cl  18  Q=        -8.1650 1e-30 m^2  Cq=        54.8032 MHz  eta= 0.49483

     H   19    Vxx=   -0.0231    axis=(  0.983050  0.016184  0.182624)
     H   19    Vyy=   -0.6248    axis=(  0.180142 -0.270512 -0.945712)
     H   19    Vzz=    0.6478    axis=(  0.034097  0.962580 -0.268843)
     H   19  Q=         1.0000 1e-30 m^2  Cq=         1.5222 MHz  eta= 0.92873

     C   20    Vxx=   -0.1572    axis=(  0.687010 -0.712341  0.143482)
     C   20    Vyy=   -0.5730    axis=(  0.689920  0.577462 -0.436518)
     C   20    Vzz=    0.7302    axis=(  0.228094  0.398884  0.888181)
     C   20  Q=         1.0000 1e-30 m^2  Cq=         1.7156 MHz  eta= 0.56936

     H   21    Vxx=   -0.0250    axis=(  0.464197  0.834601 -0.296585)
     H   21    Vyy=   -0.7101    axis=(  0.169430 -0.412333 -0.895140)
     H   21    Vzz=    0.7352    axis=( -0.869376  0.365271 -0.332810)
     H   21  Q=         1.0000 1e-30 m^2  Cq=         1.7273 MHz  eta= 0.93188

     C   22    Vxx=    0.1526    axis=( -0.306502 -0.747580  0.589221)
     C   22    Vyy=    0.2617    axis=(  0.338179  0.493107  0.801549)
     C   22    Vzz=   -0.4143    axis=( -0.889771  0.444938  0.101677)
     C   22  Q=         1.0000 1e-30 m^2  Cq=        -0.9735 MHz  eta= 0.26336

     C   23    Vxx=   -0.1504    axis=(  0.933816 -0.169540 -0.315030)
     C   23    Vyy=   -0.5233    axis=( -0.148475 -0.984822  0.089892)
     C   23    Vzz=    0.6736    axis=(  0.325489  0.037169  0.944815)
     C   23  Q=         1.0000 1e-30 m^2  Cq=         1.5828 MHz  eta= 0.55359

     Cl  24    Vxx=    0.4162    axis=(  0.757716  0.071359 -0.648671)
     Cl  24    Vyy=    2.7595    axis=( -0.386366 -0.752010 -0.534043)
     Cl  24    Vzz=   -3.1757    axis=(  0.525916 -0.655277  0.542239)
     Cl  24  Q=        -8.1650 1e-30 m^2  Cq=        60.9242 MHz  eta= 0.73789

     Initialization:
     gipaw_setup  :      9.43s CPU     11.31s WALL (       1 calls)

     Linear response

     Apply operators

     Induced current

     Other routines
     efg          :      9.68s CPU     12.45s WALL (       1 calls)

     General routines
     calbec       :      3.51s CPU      4.88s WALL (      16 calls)
     fft          :      1.42s CPU      1.76s WALL (      15 calls)
     ffts         :      0.04s CPU      0.04s WALL (       2 calls)
     fftw         :      3.33s CPU      4.11s WALL (     672 calls)
     davcio       :      0.04s CPU      0.33s WALL (      32 calls)

     Parallel routines
     fft_scatter  :      2.26s CPU      3.13s WALL (     689 calls)

     Plugins

     GIPAW        :     63.16s CPU     76.20s WALL (       1 calls)
