
     Program QE v.6.0 (svn rev. 13079) starts on 23Jan2017 at  3:53: 2 

     This program is part of the open-source Quantum ESPRESSO suite
     for quantum simulation of materials; please cite
         "P. Giannozzi et al., J. Phys.:Condens. Matter 21 395502 (2009);
          URL http://www.quantum-espresso.org", 
     in publications or presentations arising from this work. More details at
     http://www.quantum-espresso.org/quote

     Parallel version (MPI), running on     8 processors
     R & G space division:  proc/nbgrp/npool/nimage =       8

     ***** This is GIPAW svn revision unknown      *****

     Parallelizing q-star over 1 images

     Reading data from directory:
     /users/majewski/paradichlorobenzene/pbe/9_constraint/scratch/pbe.ecut100.np8.dt60.pcl2phi-129368.save
     Message from routine read_xml_file:
     file /users/majewski/paradichlorobenzene/pbe/9_constraint/scratch/pbe.ecut100.np8.dt60.pcl2phi-129368.save not guaranteed to be safe for post-processing

   Info: using nr1, nr2, nr3 values from input

   Info: using nr1, nr2, nr3 values from input

     IMPORTANT: XC functional enforced from input :
     Exchange-correlation      =  SLA  PW   PBX  PBC ( 1  4  3  4 0 0)
     Any further DFT definition will be discarded
     Please, verify this is what you really want

               file C.pbe-n-kjpaw_psl.1.0.0.UPF: wavefunction(s)  2S 2P renormalized
               file Cl.pbe-n-kjpaw_psl.1.0.0.UPF: wavefunction(s)  3S 3P renormalized
               file H.pbe-kjpaw_psl.1.0.0.UPF: wavefunction(s)  1S renormalized

     Parallelization info
     --------------------
     sticks:   dense  smooth     PW     G-vecs:    dense   smooth      PW
     Min        3057    1223    332               144436    36536    5170
     Max        3059    1225    333               144437    36537    5171
     Sum       24467    9791   2657              1155489   292295   41363


     Subspace diagonalization in iterative solution of the eigenvalue problem:
     a serial algorithm will be used

     GIPAW projectors -----------------------------------------------
     atom=  C    l=0  rc=    1.2000  rs=    0.8000
     atom=  C    l=0  rc=    1.2000  rs=    0.8000
     atom=  C    l=1  rc=    1.4000  rs=    0.9333
     atom=  C    l=1  rc=    1.4000  rs=    0.9333
     projs nearly linearly dependent: l=1  n1,n2= 1, 2  s=  0.99951561

     atom=  Cl   l=0  rc=    1.6000  rs=    1.0667
     atom=  Cl   l=0  rc=    1.6000  rs=    1.0667
     atom=  Cl   l=1  rc=    1.6000  rs=    1.0667
     atom=  Cl   l=1  rc=    1.6000  rs=    1.0667
     atom=  Cl   l=2  rc=    1.6000  rs=    1.0667
     atom=  Cl   l=2  rc=    1.6000  rs=    1.0667
     projs nearly linearly dependent: l=2  n1,n2= 1, 2  s=  0.99993509

     atom=  H    l=0  rc=    1.0000  rs=    0.6667
     atom=  H    l=0  rc=    1.0000  rs=    0.6667
     projs nearly linearly dependent: l=0  n1,n2= 1, 2  s=  0.99968852
     -----------------------------------------------------------------

     GIPAW integrals: -------------------------------------------
     Atom  i/j   nmr_para   nmr_dia   epr_rmc  epr_para   epr_dia
       C   1 1   0.83E+03  0.17E-01  0.93E+01  0.24E+08  0.24E+03
       C   2 1   0.86E+03 -0.61E-01  0.94E+01  0.25E+08  0.25E+03
       C   2 2   0.90E+03 -0.15E+00  0.97E+01  0.26E+08  0.26E+03
       C   3 3   0.33E+01  0.34E+00  0.18E+01  0.55E+03  0.21E+02
       C   4 3   0.35E+01  0.37E+00  0.20E+01  0.59E+03  0.22E+02
       C   4 4   0.38E+01  0.39E+00  0.22E+01  0.63E+03  0.24E+02
       Cl  1 1   0.14E+04 -0.47E+00  0.84E+01  0.32E+09  0.42E+03
       Cl  2 1   0.21E+04 -0.37E+00  0.12E+02  0.49E+09  0.65E+03
       Cl  2 2   0.33E+04 -0.16E+00  0.21E+02  0.76E+09  0.10E+04
       Cl  3 3   0.21E+02  0.79E-01  0.89E+01  0.23E+05  0.13E+03
       Cl  4 3   0.24E+02  0.67E-01  0.99E+01  0.27E+05  0.15E+03
       Cl  4 4   0.28E+02  0.44E-01  0.11E+02  0.32E+05  0.18E+03
       Cl  5 5   0.77E+00  0.19E+00  0.18E+01  0.12E+03  0.22E+02
       Cl  6 5   0.80E+00  0.19E+00  0.19E+01  0.12E+03  0.23E+02
       Cl  6 6   0.83E+00  0.20E+00  0.19E+01  0.12E+03  0.23E+02
       H   1 1   0.39E+02  0.19E+00  0.29E+00  0.78E+05  0.13E+02
       H   2 1   0.41E+02  0.21E+00  0.32E+00  0.82E+05  0.14E+02
       H   2 2   0.43E+02  0.22E+00  0.36E+00  0.86E+05  0.15E+02
     ------------------------------------------------------------

     alpha_pv=     34.0951 eV

     Number of occupied bands for each k-point:
     k-point:     1    nbnd_occ=  42
     k-point:     2    nbnd_occ=  42
     k-point:     3    nbnd_occ=  42
     k-point:     4    nbnd_occ=  42
     k-point:     5    nbnd_occ=  42
     k-point:     6    nbnd_occ=  42
     k-point:     7    nbnd_occ=  42
     k-point:     8    nbnd_occ=  42
     k-point:     9    nbnd_occ=  42
     k-point:    10    nbnd_occ=  42
     k-point:    11    nbnd_occ=  42
     k-point:    12    nbnd_occ=  42
     k-point:    13    nbnd_occ=  42
     k-point:    14    nbnd_occ=  42
     k-point:    15    nbnd_occ=  42
     k-point:    16    nbnd_occ=  42


     q-space interpolation up to   110.00 Rydberg

     GIPAW job: efg                                                                             


     ELECTRIC FIELD GRADIENTS TENSORS IN Hartree/bohrradius^2:

     ----- bare term -----
     Cl   1       -0.006117        0.030834       -0.091994
     Cl   1        0.030834        0.017585       -0.087858
     Cl   1       -0.091994       -0.087858       -0.011468

     C    2        0.062799        0.492154        0.031555
     C    2        0.492154       -0.443868       -0.446586
     C    2        0.031555       -0.446586        0.381070

     C    3       -0.399548        0.259816       -0.265119
     C    3        0.259816        0.023497       -0.249882
     C    3       -0.265119       -0.249882        0.376052

     H    4       -0.325041       -0.388317       -0.528993
     H    4       -0.388317        0.231357       -0.311145
     H    4       -0.528993       -0.311145        0.093684

     C    5       -0.131505        0.426066       -0.112614
     C    5        0.426066       -0.305918       -0.403979
     C    5       -0.112614       -0.403979        0.437422

     H    6        0.343403       -0.169926       -0.125276
     H    6       -0.169926       -0.422932       -0.535880
     H    6       -0.125276       -0.535880        0.079529

     H    7        0.496003       -0.013699       -0.210134
     H    7       -0.013699       -0.004767        0.269797
     H    7       -0.210134        0.269797       -0.491236

     C    8       -0.256165       -0.366689       -0.004752
     C    8       -0.366689       -0.178955        0.415220
     C    8       -0.004752        0.415220        0.435120

     H    9        0.011537       -0.038282       -0.545648
     H    9       -0.038282        0.272680       -0.204909
     H    9       -0.545648       -0.204909       -0.284217

     C   10       -0.105986        0.100938       -0.228643
     C   10        0.100938       -0.082927        0.673929
     C   10       -0.228643        0.673929        0.188913

     C   11       -0.262391       -0.269326       -0.259713
     C   11       -0.269326       -0.113038        0.377726
     C   11       -0.259713        0.377726        0.375429

     Cl  12       -0.041271       -0.057187       -0.094297
     Cl  12       -0.057187        0.002688        0.090024
     Cl  12       -0.094297        0.090024        0.038583

     H   13        0.319954       -0.005217        0.099462
     H   13       -0.005217       -0.298826       -0.524593
     H   13        0.099462       -0.524593       -0.021128

     C   14       -0.257352        0.013710       -0.406132
     C   14        0.013710        0.005989       -0.368998
     C   14       -0.406132       -0.368998        0.251363

     H   15       -0.349035       -0.191602       -0.489032
     H   15       -0.191602        0.184920       -0.307483
     H   15       -0.489032       -0.307483        0.164115

     C   16       -0.023845        0.471055       -0.097802
     C   16        0.471055       -0.375624       -0.413130
     C   16       -0.097802       -0.413130        0.399469

     C   17       -0.051458       -0.194732       -0.434733
     C   17       -0.194732       -0.120612       -0.568928
     C   17       -0.434733       -0.568928        0.172069

     Cl  18       -0.154500        0.161071       -0.133873
     Cl  18        0.161071       -0.073325        0.070687
     Cl  18       -0.133873        0.070687        0.227825

     H   19        0.345291        0.019076        0.300723
     H   19        0.019076        0.151768        0.233447
     H   19        0.300723        0.233447       -0.497059

     C   20       -0.096441       -0.014371       -0.511698
     C   20       -0.014371       -0.049297        0.365049
     C   20       -0.511698        0.365049        0.145738

     H   21        0.163089        0.074640       -0.256038
     H   21        0.074640        0.350973       -0.212028
     H   21       -0.256038       -0.212028       -0.514062

     C   22        0.115462       -0.215825        0.156489
     C   22       -0.215825       -0.134687        0.005741
     C   22        0.156489        0.005741        0.019225

     C   23        0.036011        0.120761       -0.508466
     C   23        0.120761       -0.038463        0.452600
     C   23       -0.508466        0.452600        0.002451

     Cl  24       -0.168419       -0.102813        0.130773
     Cl  24       -0.102813        0.028341       -0.089509
     Cl  24        0.130773       -0.089509        0.140078

     ----- ionic term -----
     Cl   1        0.136880       -0.181184       -0.046540
     Cl   1       -0.181184       -0.022456        0.023712
     Cl   1       -0.046540        0.023712       -0.114424

     C    2        0.224624       -0.161855        0.179178
     C    2       -0.161855        0.036574        0.396912
     C    2        0.179178        0.396912       -0.261198

     C    3        0.202741       -0.240027        0.196353
     C    3       -0.240027        0.108538        0.336641
     C    3        0.196353        0.336641       -0.311279

     H    4        0.547847        0.362456        0.681011
     H    4        0.362456       -0.416472        0.270451
     H    4        0.681011        0.270451       -0.131375

     C    5        0.290114       -0.189920        0.278516
     C    5       -0.189920        0.041506        0.293845
     C    5        0.278516        0.293845       -0.331619

     H    6       -0.527276        0.022594        0.037381
     H    6        0.022594        0.678106        0.712604
     H    6        0.037381        0.712604       -0.150830

     H    7       -0.549667        0.008975       -0.010765
     H    7        0.008975        0.311291       -0.788878
     H    7       -0.010765       -0.788878        0.238376

     C    8        0.074671        0.285548        0.332489
     C    8        0.285548       -0.030445       -0.278245
     C    8        0.332489       -0.278245       -0.044226

     H    9        0.402516       -0.199253        0.752118
     H    9       -0.199253       -0.468784       -0.230780
     H    9        0.752118       -0.230780        0.066267

     C   10        0.015537        0.303771        0.226454
     C   10        0.303771        0.134722       -0.388243
     C   10        0.226454       -0.388243       -0.150260

     C   11        0.002713        0.291281        0.382168
     C   11        0.291281        0.096813       -0.345154
     C   11        0.382168       -0.345154       -0.099526

     Cl  12        0.055309        0.241739        0.052835
     Cl  12        0.241739        0.093610        0.040033
     Cl  12        0.052835        0.040033       -0.148919

     H   13       -0.486949        0.101644        0.095680
     H   13        0.101644        0.458311        0.771096
     H   13        0.095680        0.771096        0.028638

     C   14        0.332741       -0.194177        0.289788
     C   14       -0.194177       -0.026872        0.300347
     C   14        0.289788        0.300347       -0.305869

     H   15        0.578294        0.355341        0.686063
     H   15        0.355341       -0.376851        0.284507
     H   15        0.686063        0.284507       -0.201443

     C   16        0.184302       -0.266583        0.197900
     C   16       -0.266583        0.157466        0.383714
     C   16        0.197900        0.383714       -0.341768

     C   17        0.199675       -0.199557        0.293917
     C   17       -0.199557        0.110673        0.378422
     C   17        0.293917        0.378422       -0.310348

     Cl  18        0.165692       -0.221100        0.057523
     Cl  18       -0.221100       -0.007973       -0.020402
     Cl  18        0.057523       -0.020402       -0.157718

     H   19       -0.552439       -0.002955        0.017389
     H   19       -0.002955        0.205207       -0.783081
     H   19        0.017389       -0.783081        0.347232

     C   20        0.065009        0.241608        0.370552
     C   20        0.241608       -0.006680       -0.251378
     C   20        0.370552       -0.251378       -0.058329

     H   21        0.525379       -0.172495        0.778850
     H   21       -0.172495       -0.486460       -0.205546
     H   21        0.778850       -0.205546       -0.038919

     C   22       -0.041349        0.276477        0.257945
     C   22        0.276477        0.139620       -0.399142
     C   22        0.257945       -0.399142       -0.098270

     C   23       -0.039808        0.243113        0.371692
     C   23        0.243113        0.018874       -0.432015
     C   23        0.371692       -0.432015        0.020934

     Cl  24        0.097386        0.200780        0.037239
     Cl  24        0.200780        0.029217        0.012887
     Cl  24        0.037239        0.012887       -0.126604

     ----- GIPAW term -----
     Cl   1        1.776419       -0.785774       -1.997219
     Cl   1       -0.785774       -0.744364       -1.021473
     Cl   1       -1.997219       -1.021473       -1.032055

     C    2        0.224270        0.030600        0.140813
     C    2        0.030600       -0.165596       -0.030307
     C    2        0.140813       -0.030307       -0.058674

     C    3       -0.055250        0.120534        0.054503
     C    3        0.120534        0.000353        0.055914
     C    3        0.054503        0.055914        0.054897

     H    4       -0.000000        0.000000        0.000000
     H    4        0.000000        0.000000        0.000000
     H    4        0.000000        0.000000        0.000000

     C    5        0.074777        0.120823        0.061217
     C    5        0.120823       -0.123973       -0.064209
     C    5        0.061217       -0.064209        0.049196

     H    6       -0.000000        0.000000        0.000000
     H    6        0.000000        0.000000        0.000000
     H    6        0.000000        0.000000        0.000000

     H    7       -0.000000        0.000000        0.000000
     H    7        0.000000        0.000000        0.000000
     H    7        0.000000        0.000000        0.000000

     C    8        0.044528        0.051889        0.133757
     C    8        0.051889       -0.072431        0.135897
     C    8        0.133757        0.135897        0.027904

     H    9       -0.000000        0.000000        0.000000
     H    9        0.000000        0.000000        0.000000
     H    9        0.000000        0.000000        0.000000

     C   10       -0.108215        0.136770        0.023145
     C   10        0.136770        0.083858        0.245724
     C   10        0.023145        0.245724        0.024357

     C   11        0.083687        0.153099       -0.047845
     C   11        0.153099       -0.005078        0.042102
     C   11       -0.047845        0.042102       -0.078609

     Cl  12       -0.151052        0.711755       -1.036119
     Cl  12        0.711755        0.745252        2.164275
     Cl  12       -1.036119        2.164275       -0.594200

     H   13       -0.000000        0.000000        0.000000
     H   13        0.000000        0.000000        0.000000
     H   13        0.000000        0.000000        0.000000

     C   14        0.153520        0.003692        0.041480
     C   14        0.003692       -0.103890       -0.046136
     C   14        0.041480       -0.046136       -0.049630

     H   15       -0.000000        0.000000        0.000000
     H   15        0.000000        0.000000        0.000000
     H   15        0.000000        0.000000        0.000000

     C   16        0.150999        0.011386        0.003135
     C   16        0.011386       -0.121662       -0.044557
     C   16        0.003135       -0.044557       -0.029337

     C   17        0.141776       -0.201100       -0.055050
     C   17       -0.201100       -0.040235       -0.092138
     C   17       -0.055050       -0.092138       -0.101540

     Cl  18        0.608194       -1.797804       -1.165332
     Cl  18       -1.797804       -0.435114        0.673550
     Cl  18       -1.165332        0.673550       -0.173079

     H   19       -0.000000        0.000000        0.000000
     H   19        0.000000        0.000000        0.000000
     H   19        0.000000        0.000000        0.000000

     C   20        0.104400       -0.021334       -0.228196
     C   20       -0.021334       -0.134161        0.079242
     C   20       -0.228196        0.079242        0.029761

     H   21       -0.000000        0.000000        0.000000
     H   21        0.000000        0.000000        0.000000
     H   21        0.000000        0.000000        0.000000

     C   22        0.020920       -0.006692        0.011356
     C   22       -0.006692       -0.011276       -0.014489
     C   22        0.011356       -0.014489       -0.009644

     C   23        0.147243        0.002769       -0.146282
     C   23        0.002769       -0.061078        0.073986
     C   23       -0.146282        0.073986       -0.086165

     Cl  24        0.500988       -0.527188       -1.388059
     Cl  24       -0.527188       -0.302733        1.116524
     Cl  24       -1.388059        1.116524       -0.198254

     ----- total EFG -----
     Cl   1        1.907182       -0.936123       -2.135754
     Cl   1       -0.936123       -0.749235       -1.085620
     Cl   1       -2.135754       -1.085620       -1.157947

     C    2        0.511693        0.360898        0.351545
     C    2        0.360898       -0.572890       -0.079981
     C    2        0.351545       -0.079981        0.061198

     C    3       -0.252058        0.140323       -0.014263
     C    3        0.140323        0.132388        0.142673
     C    3       -0.014263        0.142673        0.119670

     H    4        0.222806       -0.025861        0.152018
     H    4       -0.025861       -0.185115       -0.040694
     H    4        0.152018       -0.040694       -0.037691

     C    5        0.233387        0.356970        0.227118
     C    5        0.356970       -0.388385       -0.174343
     C    5        0.227118       -0.174343        0.154999

     H    6       -0.183873       -0.147332       -0.087895
     H    6       -0.147332        0.255174        0.176724
     H    6       -0.087895        0.176724       -0.071301

     H    7       -0.053663       -0.004724       -0.220899
     H    7       -0.004724        0.306524       -0.519081
     H    7       -0.220899       -0.519081       -0.252860

     C    8       -0.136966       -0.029253        0.461494
     C    8       -0.029253       -0.281831        0.272873
     C    8        0.461494        0.272873        0.418797

     H    9        0.414053       -0.237535        0.206470
     H    9       -0.237535       -0.196104       -0.435689
     H    9        0.206470       -0.435689       -0.217949

     C   10       -0.198663        0.541479        0.020956
     C   10        0.541479        0.135653        0.531410
     C   10        0.020956        0.531410        0.063010

     C   11       -0.175991        0.175054        0.074611
     C   11        0.175054       -0.021303        0.074674
     C   11        0.074611        0.074674        0.197294

     Cl  12       -0.137014        0.896307       -1.077581
     Cl  12        0.896307        0.841550        2.294332
     Cl  12       -1.077581        2.294332       -0.704537

     H   13       -0.166995        0.096427        0.195141
     H   13        0.096427        0.159485        0.246503
     H   13        0.195141        0.246503        0.007510

     C   14        0.228910       -0.176775       -0.074864
     C   14       -0.176775       -0.124774       -0.114786
     C   14       -0.074864       -0.114786       -0.104136

     H   15        0.229259        0.163739        0.197031
     H   15        0.163739       -0.191932       -0.022975
     H   15        0.197031       -0.022975       -0.037328

     C   16        0.311457        0.215858        0.103232
     C   16        0.215858       -0.339820       -0.073973
     C   16        0.103232       -0.073973        0.028363

     C   17        0.289993       -0.595389       -0.195867
     C   17       -0.595389       -0.050174       -0.282644
     C   17       -0.195867       -0.282644       -0.239820

     Cl  18        0.619385       -1.857833       -1.241682
     Cl  18       -1.857833       -0.516413        0.723834
     Cl  18       -1.241682        0.723834       -0.102973

     H   19       -0.207148        0.016121        0.318112
     H   19        0.016121        0.356975       -0.549634
     H   19        0.318112       -0.549634       -0.149827

     C   20        0.072968        0.205903       -0.369342
     C   20        0.205903       -0.190137        0.192913
     C   20       -0.369342        0.192913        0.117169

     H   21        0.688468       -0.097855        0.522812
     H   21       -0.097855       -0.135487       -0.417574
     H   21        0.522812       -0.417574       -0.552981

     C   22        0.095033        0.053961        0.425790
     C   22        0.053961       -0.006344       -0.407890
     C   22        0.425790       -0.407890       -0.088689

     C   23        0.143447        0.366643       -0.283057
     C   23        0.366643       -0.080667        0.094571
     C   23       -0.283057        0.094571       -0.062780

     Cl  24        0.429955       -0.429221       -1.220047
     Cl  24       -0.429221       -0.245175        1.039902
     Cl  24       -1.220047        1.039902       -0.184780

     ----- total EFG (symmetrized) -----
     Cl   1        1.907182       -0.936123       -2.135754
     Cl   1       -0.936123       -0.749235       -1.085620
     Cl   1       -2.135754       -1.085620       -1.157947

     C    2        0.511693        0.360898        0.351545
     C    2        0.360898       -0.572890       -0.079981
     C    2        0.351545       -0.079981        0.061198

     C    3       -0.252058        0.140323       -0.014263
     C    3        0.140323        0.132388        0.142673
     C    3       -0.014263        0.142673        0.119670

     H    4        0.222806       -0.025861        0.152018
     H    4       -0.025861       -0.185115       -0.040694
     H    4        0.152018       -0.040694       -0.037691

     C    5        0.233387        0.356970        0.227118
     C    5        0.356970       -0.388385       -0.174343
     C    5        0.227118       -0.174343        0.154999

     H    6       -0.183873       -0.147332       -0.087895
     H    6       -0.147332        0.255174        0.176724
     H    6       -0.087895        0.176724       -0.071301

     H    7       -0.053663       -0.004724       -0.220899
     H    7       -0.004724        0.306524       -0.519081
     H    7       -0.220899       -0.519081       -0.252860

     C    8       -0.136966       -0.029253        0.461494
     C    8       -0.029253       -0.281831        0.272873
     C    8        0.461494        0.272873        0.418797

     H    9        0.414053       -0.237535        0.206470
     H    9       -0.237535       -0.196104       -0.435689
     H    9        0.206470       -0.435689       -0.217949

     C   10       -0.198663        0.541479        0.020956
     C   10        0.541479        0.135653        0.531410
     C   10        0.020956        0.531410        0.063010

     C   11       -0.175991        0.175054        0.074611
     C   11        0.175054       -0.021303        0.074674
     C   11        0.074611        0.074674        0.197294

     Cl  12       -0.137014        0.896307       -1.077581
     Cl  12        0.896307        0.841550        2.294332
     Cl  12       -1.077581        2.294332       -0.704537

     H   13       -0.166995        0.096427        0.195141
     H   13        0.096427        0.159485        0.246503
     H   13        0.195141        0.246503        0.007510

     C   14        0.228910       -0.176775       -0.074864
     C   14       -0.176775       -0.124774       -0.114786
     C   14       -0.074864       -0.114786       -0.104136

     H   15        0.229259        0.163739        0.197031
     H   15        0.163739       -0.191932       -0.022975
     H   15        0.197031       -0.022975       -0.037328

     C   16        0.311457        0.215858        0.103232
     C   16        0.215858       -0.339820       -0.073973
     C   16        0.103232       -0.073973        0.028363

     C   17        0.289993       -0.595389       -0.195867
     C   17       -0.595389       -0.050174       -0.282644
     C   17       -0.195867       -0.282644       -0.239820

     Cl  18        0.619385       -1.857833       -1.241682
     Cl  18       -1.857833       -0.516413        0.723834
     Cl  18       -1.241682        0.723834       -0.102973

     H   19       -0.207148        0.016121        0.318112
     H   19        0.016121        0.356975       -0.549634
     H   19        0.318112       -0.549634       -0.149827

     C   20        0.072968        0.205903       -0.369342
     C   20        0.205903       -0.190137        0.192913
     C   20       -0.369342        0.192913        0.117169

     H   21        0.688468       -0.097855        0.522812
     H   21       -0.097855       -0.135487       -0.417574
     H   21        0.522812       -0.417574       -0.552981

     C   22        0.095033        0.053961        0.425790
     C   22        0.053961       -0.006344       -0.407890
     C   22        0.425790       -0.407890       -0.088689

     C   23        0.143447        0.366643       -0.283057
     C   23        0.366643       -0.080667        0.094571
     C   23       -0.283057        0.094571       -0.062780

     Cl  24        0.429955       -0.429221       -1.220047
     Cl  24       -0.429221       -0.245175        1.039902
     Cl  24       -1.220047        1.039902       -0.184780


     NQR/NMR SPECTROSCOPIC PARAMETERS:
     Cl   1    Vxx=    0.0535    axis=(  0.148264 -0.851993  0.502122)
     Cl   1    Vyy=    3.0366    axis=( -0.896871  0.098098  0.431276)
     Cl   1    Vzz=   -3.0901    axis=( -0.416701 -0.514281 -0.749583)
     Cl   1  Q=        -8.1650 1e-30 m^2  Cq=        59.2813 MHz  eta= 0.96539

     C    2    Vxx=   -0.0384    axis=( -0.328434 -0.352853  0.876143)
     C    2    Vyy=   -0.7265    axis=( -0.334148  0.911019  0.241639)
     C    2    Vzz=    0.7648    axis=( -0.883446 -0.213399 -0.417114)
     C    2  Q=         1.0000 1e-30 m^2  Cq=         1.7971 MHz  eta= 0.89966

     C    3    Vxx=    0.0208    axis=( -0.327883 -0.560154  0.760737)
     C    3    Vyy=    0.2856    axis=( -0.179876 -0.753505 -0.632357)
     C    3    Vzz=   -0.3064    axis=( -0.927436  0.344177 -0.146303)
     C    3  Q=         1.0000 1e-30 m^2  Cq=        -0.7199 MHz  eta= 0.86446

     H    4    Vxx=   -0.1000    axis=( -0.427255 -0.280947  0.859373)
     H    4    Vyy=   -0.1962    axis=( -0.046076  0.956027  0.289637)
     H    4    Vzz=    0.2962    axis=( -0.902957  0.084152 -0.421412)
     H    4  Q=         1.0000 1e-30 m^2  Cq=         0.6959 MHz  eta= 0.32492

     C    5    Vxx=    0.1656    axis=(  0.318397  0.465101 -0.826017)
     C    5    Vyy=    0.4681    axis=( -0.844648 -0.256378 -0.469936)
     C    5    Vzz=   -0.6337    axis=( -0.430340  0.847320  0.311217)
     C    5  Q=         1.0000 1e-30 m^2  Cq=        -1.4890 MHz  eta= 0.47731

     H    6    Vxx=   -0.1441    axis=( -0.207990 -0.459076  0.863707)
     H    6    Vyy=   -0.2396    axis=( -0.934874 -0.166391 -0.313567)
     H    6    Vzz=    0.3836    axis=(  0.287664 -0.872676 -0.394571)
     H    6  Q=         1.0000 1e-30 m^2  Cq=         0.9014 MHz  eta= 0.24895

     H    7    Vxx=   -0.0065    axis=(  0.932531 -0.305407 -0.192647)
     H    7    Vyy=   -0.6281    axis=( -0.321811 -0.460938 -0.827027)
     H    7    Vzz=    0.6346    axis=(  0.163781  0.833224 -0.528122)
     H    7  Q=         1.0000 1e-30 m^2  Cq=         1.4911 MHz  eta= 0.97957

     C    8    Vxx=   -0.2055    axis=(  0.639722 -0.755223 -0.142808)
     C    8    Vyy=   -0.5245    axis=(  0.621218  0.617455 -0.482532)
     C    8    Vzz=    0.7300    axis=(  0.452597  0.219972  0.864158)
     C    8  Q=         1.0000 1e-30 m^2  Cq=         1.7151 MHz  eta= 0.43709

     H    9    Vxx=   -0.0060    axis=(  0.598463  0.561597 -0.571359)
     H    9    Vyy=   -0.6432    axis=(  0.019095  0.702972  0.710961)
     H    9    Vzz=    0.6492    axis=(  0.800923 -0.436394  0.409979)
     H    9  Q=         1.0000 1e-30 m^2  Cq=         1.5253 MHz  eta= 0.98161

     C   10    Vxx=   -0.0798    axis=( -0.654252 -0.172114  0.736431)
     C   10    Vyy=   -0.7361    axis=( -0.637712  0.649006 -0.414868)
     C   10    Vzz=    0.8159    axis=( -0.406544 -0.741059 -0.534373)
     C   10  Q=         1.0000 1e-30 m^2  Cq=         1.9170 MHz  eta= 0.80438

     C   11    Vxx=    0.0296    axis=(  0.435824  0.733981 -0.520893)
     C   11    Vyy=    0.2614    axis=(  0.313069  0.418979  0.852317)
     C   11    Vzz=   -0.2911    axis=( -0.843828  0.534535  0.047185)
     C   11  Q=         1.0000 1e-30 m^2  Cq=        -0.6839 MHz  eta= 0.79628

     Cl  12    Vxx=    0.5349    axis=( -0.899104 -0.216876  0.380232)
     Cl  12    Vyy=    2.4940    axis=( -0.044533 -0.818810 -0.572335)
     Cl  12    Vzz=   -3.0289    axis=(  0.435463 -0.531522  0.726537)
     Cl  12  Q=        -8.1650 1e-30 m^2  Cq=        58.1079 MHz  eta= 0.64680

     H   13    Vxx=   -0.1058    axis=(  0.550679 -0.666771  0.502164)
     H   13    Vyy=   -0.3027    axis=( -0.768057 -0.169176  0.617631)
     H   13    Vzz=    0.4085    axis=(  0.326865  0.725807  0.605280)
     H   13  Q=         1.0000 1e-30 m^2  Cq=         0.9598 MHz  eta= 0.48198

     C   14    Vxx=   -0.0098    axis=( -0.161496 -0.561695  0.811430)
     C   14    Vyy=   -0.2940    axis=(  0.334105  0.742550  0.580511)
     C   14    Vzz=    0.3038    axis=( -0.928597  0.364853  0.067746)
     C   14  Q=         1.0000 1e-30 m^2  Cq=         0.7139 MHz  eta= 0.93564

     H   15    Vxx=   -0.0809    axis=( -0.241501 -0.524814  0.816240)
     H   15    Vyy=   -0.2862    axis=( -0.413399  0.816634  0.402754)
     H   15    Vzz=    0.3670    axis=( -0.877940 -0.240167 -0.414175)
     H   15  Q=         1.0000 1e-30 m^2  Cq=         0.8623 MHz  eta= 0.55940

     C   16    Vxx=    0.0339    axis=( -0.143183 -0.271103  0.951841)
     C   16    Vyy=    0.3935    axis=(  0.942600  0.255794  0.214648)
     C   16    Vzz=   -0.4274    axis=( -0.301667  0.927940  0.218917)
     C   16  Q=         1.0000 1e-30 m^2  Cq=        -1.0043 MHz  eta= 0.84137

     C   17    Vxx=   -0.0025    axis=( -0.354754 -0.444793  0.822380)
     C   17    Vyy=   -0.7369    axis=(  0.491068  0.659853  0.568723)
     C   17    Vzz=    0.7393    axis=( -0.795614  0.605602 -0.015662)
     C   17  Q=         1.0000 1e-30 m^2  Cq=         1.7371 MHz  eta= 0.99335

     Cl  18    Vxx=   -0.8085    axis=(  0.285963 -0.370766  0.883605)
     Cl  18    Vyy=   -1.9103    axis=(  0.625476  0.770803  0.121010)
     Cl  18    Vzz=    2.7189    axis=( -0.725951  0.518069  0.452326)
     Cl  18  Q=        -8.1650 1e-30 m^2  Cq=       -52.1603 MHz  eta= 0.40524

     H   19    Vxx=   -0.0644    axis=(  0.832777  0.427283  0.352010)
     H   19    Vyy=   -0.6727    axis=( -0.524878  0.407216  0.747448)
     H   19    Vzz=    0.7371    axis=(  0.176028 -0.807220  0.563392)
     H   19  Q=         1.0000 1e-30 m^2  Cq=         1.7318 MHz  eta= 0.82522

     C   20    Vxx=    0.0528    axis=(  0.473984  0.757824  0.448377)
     C   20    Vyy=    0.4651    axis=( -0.686046 -0.001380  0.727557)
     C   20    Vzz=   -0.5179    axis=(  0.551979 -0.652458  0.519248)
     C   20  Q=         1.0000 1e-30 m^2  Cq=        -1.2168 MHz  eta= 0.79614

     H   21    Vxx=   -0.0194    axis=(  0.362552  0.872502 -0.327562)
     H   21    Vyy=   -0.9155    axis=(  0.255733 -0.431121 -0.865295)
     H   21    Vzz=    0.9349    axis=( -0.896190  0.229946 -0.379432)
     H   21  Q=         1.0000 1e-30 m^2  Cq=         2.1967 MHz  eta= 0.95854

     C   22    Vxx=    0.0945    axis=( -0.667182 -0.738883  0.094445)
     C   22    Vyy=    0.5463    axis=(  0.586627 -0.443048  0.677921)
     C   22    Vzz=   -0.6409    axis=( -0.459060  0.507701  0.729042)
     C   22  Q=         1.0000 1e-30 m^2  Cq=        -1.5057 MHz  eta= 0.70502

     C   23    Vxx=    0.0222    axis=( -0.029821  0.616989  0.786406)
     C   23    Vyy=    0.4774    axis=(  0.810977  0.474855 -0.341803)
     C   23    Vzz=   -0.4996    axis=( -0.584317  0.627565 -0.514525)
     C   23  Q=         1.0000 1e-30 m^2  Cq=        -1.1738 MHz  eta= 0.91132

     Cl  24    Vxx=   -0.3792    axis=(  0.654662  0.735271  0.175483)
     Cl  24    Vyy=   -1.4795    axis=(  0.375076 -0.517511  0.769090)
     Cl  24    Vzz=    1.8587    axis=( -0.656304  0.437675  0.614578)
     Cl  24  Q=        -8.1650 1e-30 m^2  Cq=       -35.6577 MHz  eta= 0.59202

     Initialization:
     gipaw_setup  :      9.67s CPU     11.77s WALL (       1 calls)

     Linear response

     Apply operators

     Induced current

     Other routines
     efg          :      9.54s CPU     11.93s WALL (       1 calls)

     General routines
     calbec       :      3.38s CPU      4.42s WALL (      16 calls)
     fft          :      1.62s CPU      2.74s WALL (      15 calls)
     ffts         :      0.04s CPU      0.05s WALL (       2 calls)
     fftw         :      3.36s CPU      4.08s WALL (     672 calls)
     davcio       :      0.02s CPU      0.34s WALL (      32 calls)

     Parallel routines
     fft_scatter  :      2.33s CPU      3.91s WALL (     689 calls)

     Plugins

     GIPAW        :     61.96s CPU     79.85s WALL (       1 calls)
