
     Program QE v.6.0 (svn rev. 13079) starts on 24Dec2016 at  7:20: 2 

     This program is part of the open-source Quantum ESPRESSO suite
     for quantum simulation of materials; please cite
         "P. Giannozzi et al., J. Phys.:Condens. Matter 21 395502 (2009);
          URL http://www.quantum-espresso.org", 
     in publications or presentations arising from this work. More details at
     http://www.quantum-espresso.org/quote

     Parallel version (MPI), running on     8 processors
     R & G space division:  proc/nbgrp/npool/nimage =       8

     ***** This is GIPAW svn revision unknown      *****

     Parallelizing q-star over 1 images

     Reading data from directory:
     /users/majewski/paradichlorobenzene/pbe/9_constraint/scratch/pbe.ecut100.np8.dt60.pcl2phi-129368.save
     Message from routine read_xml_file:
     file /users/majewski/paradichlorobenzene/pbe/9_constraint/scratch/pbe.ecut100.np8.dt60.pcl2phi-129368.save not guaranteed to be safe for post-processing

   Info: using nr1, nr2, nr3 values from input

   Info: using nr1, nr2, nr3 values from input

     IMPORTANT: XC functional enforced from input :
     Exchange-correlation      =  SLA  PW   PBX  PBC ( 1  4  3  4 0 0)
     Any further DFT definition will be discarded
     Please, verify this is what you really want

               file C.pbe-n-kjpaw_psl.1.0.0.UPF: wavefunction(s)  2S 2P renormalized
               file Cl.pbe-n-kjpaw_psl.1.0.0.UPF: wavefunction(s)  3S 3P renormalized
               file H.pbe-kjpaw_psl.1.0.0.UPF: wavefunction(s)  1S renormalized

     Parallelization info
     --------------------
     sticks:   dense  smooth     PW     G-vecs:    dense   smooth      PW
     Min        3057    1223    332               144436    36536    5170
     Max        3059    1225    333               144437    36537    5171
     Sum       24467    9791   2657              1155489   292295   41363


     Subspace diagonalization in iterative solution of the eigenvalue problem:
     a serial algorithm will be used

     GIPAW projectors -----------------------------------------------
     atom=  C    l=0  rc=    1.2000  rs=    0.8000
     atom=  C    l=0  rc=    1.2000  rs=    0.8000
     atom=  C    l=1  rc=    1.4000  rs=    0.9333
     atom=  C    l=1  rc=    1.4000  rs=    0.9333
     projs nearly linearly dependent: l=1  n1,n2= 1, 2  s=  0.99951561

     atom=  Cl   l=0  rc=    1.6000  rs=    1.0667
     atom=  Cl   l=0  rc=    1.6000  rs=    1.0667
     atom=  Cl   l=1  rc=    1.6000  rs=    1.0667
     atom=  Cl   l=1  rc=    1.6000  rs=    1.0667
     atom=  Cl   l=2  rc=    1.6000  rs=    1.0667
     atom=  Cl   l=2  rc=    1.6000  rs=    1.0667
     projs nearly linearly dependent: l=2  n1,n2= 1, 2  s=  0.99993509

     atom=  H    l=0  rc=    1.0000  rs=    0.6667
     atom=  H    l=0  rc=    1.0000  rs=    0.6667
     projs nearly linearly dependent: l=0  n1,n2= 1, 2  s=  0.99968852
     -----------------------------------------------------------------

     GIPAW integrals: -------------------------------------------
     Atom  i/j   nmr_para   nmr_dia   epr_rmc  epr_para   epr_dia
       C   1 1   0.83E+03  0.17E-01  0.93E+01  0.24E+08  0.24E+03
       C   2 1   0.86E+03 -0.61E-01  0.94E+01  0.25E+08  0.25E+03
       C   2 2   0.90E+03 -0.15E+00  0.97E+01  0.26E+08  0.26E+03
       C   3 3   0.33E+01  0.34E+00  0.18E+01  0.55E+03  0.21E+02
       C   4 3   0.35E+01  0.37E+00  0.20E+01  0.59E+03  0.22E+02
       C   4 4   0.38E+01  0.39E+00  0.22E+01  0.63E+03  0.24E+02
       Cl  1 1   0.14E+04 -0.47E+00  0.84E+01  0.32E+09  0.42E+03
       Cl  2 1   0.21E+04 -0.37E+00  0.12E+02  0.49E+09  0.65E+03
       Cl  2 2   0.33E+04 -0.16E+00  0.21E+02  0.76E+09  0.10E+04
       Cl  3 3   0.21E+02  0.79E-01  0.89E+01  0.23E+05  0.13E+03
       Cl  4 3   0.24E+02  0.67E-01  0.99E+01  0.27E+05  0.15E+03
       Cl  4 4   0.28E+02  0.44E-01  0.11E+02  0.32E+05  0.18E+03
       Cl  5 5   0.77E+00  0.19E+00  0.18E+01  0.12E+03  0.22E+02
       Cl  6 5   0.80E+00  0.19E+00  0.19E+01  0.12E+03  0.23E+02
       Cl  6 6   0.83E+00  0.20E+00  0.19E+01  0.12E+03  0.23E+02
       H   1 1   0.39E+02  0.19E+00  0.29E+00  0.78E+05  0.13E+02
       H   2 1   0.41E+02  0.21E+00  0.32E+00  0.82E+05  0.14E+02
       H   2 2   0.43E+02  0.22E+00  0.36E+00  0.86E+05  0.15E+02
     ------------------------------------------------------------

     alpha_pv=     34.2298 eV

     Number of occupied bands for each k-point:
     k-point:     1    nbnd_occ=  42
     k-point:     2    nbnd_occ=  42
     k-point:     3    nbnd_occ=  42
     k-point:     4    nbnd_occ=  42
     k-point:     5    nbnd_occ=  42
     k-point:     6    nbnd_occ=  42
     k-point:     7    nbnd_occ=  42
     k-point:     8    nbnd_occ=  42
     k-point:     9    nbnd_occ=  42
     k-point:    10    nbnd_occ=  42
     k-point:    11    nbnd_occ=  42
     k-point:    12    nbnd_occ=  42
     k-point:    13    nbnd_occ=  42
     k-point:    14    nbnd_occ=  42
     k-point:    15    nbnd_occ=  42
     k-point:    16    nbnd_occ=  42


     q-space interpolation up to   110.00 Rydberg

     GIPAW job: efg                                                                             


     ELECTRIC FIELD GRADIENTS TENSORS IN Hartree/bohrradius^2:

     ----- bare term -----
     Cl   1       -0.019725        0.014173        0.047421
     Cl   1        0.014173       -0.026835        0.014302
     Cl   1        0.047421        0.014302        0.046559

     C    2       -0.708213        0.155180       -0.206621
     C    2        0.155180        0.169696       -0.121978
     C    2       -0.206621       -0.121978        0.538517

     C    3        0.109328        0.064509       -0.044791
     C    3        0.064509       -0.513459       -0.314022
     C    3       -0.044791       -0.314022        0.404130

     H    4       -0.567324       -0.121074        0.167663
     H    4       -0.121074        0.402931       -0.232491
     H    4        0.167663       -0.232491        0.164393

     C    5       -0.639226        0.261366       -0.461554
     C    5        0.261366       -0.021427       -0.098452
     C    5       -0.461554       -0.098452        0.660653

     H    6        0.146258       -0.307926        0.135192
     H    6       -0.307926       -0.446504       -0.309965
     H    6        0.135192       -0.309965        0.300246

     H    7        0.406051        0.014798       -0.011781
     H    7        0.014798       -0.547066        0.526331
     H    7       -0.011781        0.526331        0.141015

     C    8       -0.241841       -0.131780       -0.301736
     C    8       -0.131780       -0.030664        0.510652
     C    8       -0.301736        0.510652        0.272505

     H    9       -0.233578        0.227399       -0.454907
     H    9        0.227399        0.135847        0.358550
     H    9       -0.454907        0.358550        0.097731

     C   10       -0.317215       -0.372644       -0.233647
     C   10       -0.372644       -0.126922        0.363218
     C   10       -0.233647        0.363218        0.444137

     C   11       -0.059928        0.188149       -0.423396
     C   11        0.188149       -0.123377        0.588333
     C   11       -0.423396        0.588333        0.183305

     Cl  12       -0.115249       -0.094449        0.030194
     Cl  12       -0.094449       -0.005186        0.073813
     Cl  12        0.030194        0.073813        0.120435

     H   13        0.365082       -0.200607       -0.217563
     H   13       -0.200607       -0.268768       -0.596065
     H   13       -0.217563       -0.596065       -0.096314

     C   14       -0.099407        0.402631        0.054219
     C   14        0.402631       -0.462659       -0.339096
     C   14        0.054219       -0.339096        0.562066

     H   15       -0.569440       -0.489755       -0.135618
     H   15       -0.489755        0.226546       -0.053021
     H   15       -0.135618       -0.053021        0.342893

     C   16       -0.348816        0.305625       -0.324876
     C   16        0.305625        0.025329       -0.316241
     C   16       -0.324876       -0.316241        0.323487

     C   17       -0.073506        0.063410       -0.294820
     C   17        0.063410       -0.116622       -0.599172
     C   17       -0.294820       -0.599172        0.190128

     Cl  18       -0.122633        0.171182       -0.014665
     Cl  18        0.171182        0.000927       -0.032736
     Cl  18       -0.014665       -0.032736        0.121707

     H   19        0.495246       -0.033761       -0.148776
     H   19       -0.033761        0.065699        0.176735
     H   19       -0.148776        0.176735       -0.560945

     C   20       -0.542306       -0.335314       -0.154051
     C   20       -0.335314        0.151673        0.425675
     C   20       -0.154051        0.425675        0.390634

     H   21        0.108802        0.002322       -0.442128
     H   21        0.002322        0.258047       -0.244439
     H   21       -0.442128       -0.244439       -0.366850

     C   22       -0.055701       -0.076412       -0.199238
     C   22       -0.076412       -0.053345        0.601911
     C   22       -0.199238        0.601911        0.109046

     C   23       -0.333799       -0.216907       -0.343413
     C   23       -0.216907       -0.020442        0.472944
     C   23       -0.343413        0.472944        0.354241

     Cl  24       -0.076446       -0.000144       -0.086465
     Cl  24       -0.000144        0.010694        0.149328
     Cl  24       -0.086465        0.149328        0.065752

     ----- ionic term -----
     Cl   1        0.117837       -0.202294        0.006266
     Cl   1       -0.202294        0.030159        0.005571
     Cl   1        0.006266        0.005571       -0.147996

     C    2        0.245011       -0.135087        0.238755
     C    2       -0.135087        0.132821        0.344733
     C    2        0.238755        0.344733       -0.377833

     C    3        0.190084       -0.168728        0.119240
     C    3       -0.168728        0.183190        0.383437
     C    3        0.119240        0.383437       -0.373274

     H    4        0.769096        0.264722        0.584726
     H    4        0.264722       -0.440871        0.183570
     H    4        0.584726        0.183570       -0.328225

     C    5        0.349056       -0.057007        0.123602
     C    5       -0.057007        0.057437        0.323019
     C    5        0.123602        0.323019       -0.406493

     H    6       -0.471958        0.251262        0.119558
     H    6        0.251262        0.625494        0.694255
     H    6        0.119558        0.694255       -0.153535

     H    7       -0.533595       -0.022255        0.026196
     H    7       -0.022255        0.563982       -0.759106
     H    7        0.026196       -0.759106       -0.030387

     C    8        0.206875        0.230847        0.270280
     C    8        0.230847        0.094901       -0.295095
     C    8        0.270280       -0.295095       -0.301776

     H    9        0.551425       -0.325592        0.683145
     H    9       -0.325592       -0.402900       -0.274820
     H    9        0.683145       -0.274820       -0.148526

     C   10        0.099966        0.263753        0.215633
     C   10        0.263753        0.207952       -0.370981
     C   10        0.215633       -0.370981       -0.307918

     C   11        0.148544        0.232554        0.295209
     C   11        0.232554        0.065244       -0.375764
     C   11        0.295209       -0.375764       -0.213788

     Cl  12        0.147243        0.202458       -0.001307
     Cl  12        0.202458        0.001680       -0.012895
     Cl  12       -0.001307       -0.012895       -0.148923

     H   13       -0.515114        0.097834        0.070369
     H   13        0.097834        0.758851        0.665232
     H   13        0.070369        0.665232       -0.243737

     C   14        0.357878       -0.191267        0.148750
     C   14       -0.191267        0.023301        0.314247
     C   14        0.148750        0.314247       -0.381179

     H   15        0.766462        0.406976        0.475512
     H   15        0.406976       -0.421733        0.223454
     H   15        0.475512        0.223454       -0.344729

     C   16        0.227290       -0.166523        0.060100
     C   16       -0.166523        0.097894        0.428005
     C   16        0.060100        0.428005       -0.325184

     C   17        0.318061       -0.083102        0.071588
     C   17       -0.083102        0.032096        0.436090
     C   17        0.071588        0.436090       -0.350156

     Cl  18        0.137319       -0.193058       -0.072557
     Cl  18       -0.193058       -0.016238        0.043816
     Cl  18       -0.072557        0.043816       -0.121080

     H   19       -0.511523       -0.092847        0.117372
     H   19       -0.092847        0.259765       -0.791786
     H   19        0.117372       -0.791786        0.251758

     C   20        0.196596        0.233503        0.336434
     C   20        0.233503       -0.056802       -0.295331
     C   20        0.336434       -0.295331       -0.139795

     H   21        0.378319       -0.167880        0.771563
     H   21       -0.167880       -0.466333       -0.223378
     H   21        0.771563       -0.223378        0.088014

     C   22        0.035152        0.282821        0.225079
     C   22        0.282821        0.127481       -0.433290
     C   22        0.225079       -0.433290       -0.162633

     C   23        0.110968        0.187284        0.290412
     C   23        0.187284        0.084206       -0.434096
     C   23        0.290412       -0.434096       -0.195174

     Cl  24        0.119371        0.225886        0.034525
     Cl  24        0.225886        0.016912        0.014691
     Cl  24        0.034525        0.014691       -0.136282

     ----- GIPAW term -----
     Cl   1       -0.554423       -1.337151        0.343338
     Cl   1       -1.337151       -0.588112        1.762421
     Cl   1        0.343338        1.762421        1.142535

     C    2       -0.154698       -0.026749        0.024833
     C    2       -0.026749       -0.051284        0.099397
     C    2        0.024833        0.099397        0.205982

     C    3       -0.054236       -0.021145       -0.042670
     C    3       -0.021145       -0.114256        0.060572
     C    3       -0.042670        0.060572        0.168492

     H    4       -0.000000        0.000000        0.000000
     H    4        0.000000        0.000000        0.000000
     H    4        0.000000        0.000000        0.000000

     C    5       -0.163035        0.016638       -0.162351
     C    5        0.016638       -0.099763        0.057272
     C    5       -0.162351        0.057272        0.262798

     H    6       -0.000000        0.000000        0.000000
     H    6        0.000000        0.000000        0.000000
     H    6        0.000000        0.000000        0.000000

     H    7       -0.000000        0.000000        0.000000
     H    7        0.000000        0.000000        0.000000
     H    7        0.000000        0.000000        0.000000

     C    8       -0.076386       -0.028239       -0.043341
     C    8       -0.028239        0.116456        0.143917
     C    8       -0.043341        0.143917       -0.040069

     H    9       -0.000000        0.000000        0.000000
     H    9        0.000000        0.000000        0.000000
     H    9        0.000000        0.000000        0.000000

     C   10       -0.058842        0.001968       -0.061124
     C   10        0.001968        0.023582        0.028397
     C   10       -0.061124        0.028397        0.035260

     C   11        0.099475        0.216635       -0.072772
     C   11        0.216635       -0.005509        0.096269
     C   11       -0.072772        0.096269       -0.093965

     Cl  12        0.834362        2.034442        0.197825
     Cl  12        2.034442        0.081353        0.565773
     Cl  12        0.197825        0.565773       -0.915716

     H   13       -0.000000        0.000000        0.000000
     H   13        0.000000        0.000000        0.000000
     H   13        0.000000        0.000000        0.000000

     C   14       -0.049924        0.087342        0.147373
     C   14        0.087342       -0.212723        0.010004
     C   14        0.147373        0.010004        0.262647

     H   15       -0.000000        0.000000        0.000000
     H   15        0.000000        0.000000        0.000000
     H   15        0.000000        0.000000        0.000000

     C   16       -0.037074        0.139391       -0.031285
     C   16        0.139391        0.047038        0.003286
     C   16       -0.031285        0.003286       -0.009964

     C   17        0.045961       -0.077604       -0.053441
     C   17       -0.077604        0.060108       -0.102287
     C   17       -0.053441       -0.102287       -0.106068

     Cl  18       -0.819567       -0.466344       -0.759594
     Cl  18       -0.466344        0.004147       -2.139068
     Cl  18       -0.759594       -2.139068        0.815420

     H   19       -0.000000        0.000000        0.000000
     H   19        0.000000        0.000000        0.000000
     H   19        0.000000        0.000000        0.000000

     C   20       -0.182778       -0.024449        0.011217
     C   20       -0.024449        0.097743        0.227943
     C   20        0.011217        0.227943        0.085035

     H   21       -0.000000        0.000000        0.000000
     H   21        0.000000        0.000000        0.000000
     H   21        0.000000        0.000000        0.000000

     C   22       -0.127528        0.015695       -0.028492
     C   22        0.015695        0.116834        0.228916
     C   22       -0.028492        0.228916        0.010694

     C   23       -0.052467        0.082155       -0.054465
     C   23        0.082155        0.082910        0.154607
     C   23       -0.054465        0.154607       -0.030443

     Cl  24       -0.096976        1.699953       -0.519741
     Cl  24        1.699953        0.516617        2.044603
     Cl  24       -0.519741        2.044603       -0.419641

     ----- total EFG -----
     Cl   1       -0.456310       -1.525272        0.397025
     Cl   1       -1.525272       -0.584788        1.782293
     Cl   1        0.397025        1.782293        1.041098

     C    2       -0.617900       -0.006655        0.056967
     C    2       -0.006655        0.251233        0.322151
     C    2        0.056967        0.322151        0.366667

     C    3        0.245176       -0.125364        0.031779
     C    3       -0.125364       -0.444524        0.129987
     C    3        0.031779        0.129987        0.199348

     H    4        0.201772        0.143648        0.752389
     H    4        0.143648       -0.037940       -0.048922
     H    4        0.752389       -0.048922       -0.163832

     C    5       -0.453205        0.220997       -0.500303
     C    5        0.220997       -0.063752        0.281839
     C    5       -0.500303        0.281839        0.516957

     H    6       -0.325700       -0.056664        0.254750
     H    6       -0.056664        0.178989        0.384290
     H    6        0.254750        0.384290        0.146711

     H    7       -0.127544       -0.007457        0.014415
     H    7       -0.007457        0.016916       -0.232775
     H    7        0.014415       -0.232775        0.110628

     C    8       -0.111352        0.070828       -0.074797
     C    8        0.070828        0.180692        0.359474
     C    8       -0.074797        0.359474       -0.069340

     H    9        0.317847       -0.098193        0.228238
     H    9       -0.098193       -0.267053        0.083730
     H    9        0.228238        0.083730       -0.050794

     C   10       -0.276092       -0.106923       -0.079138
     C   10       -0.106923        0.104613        0.020634
     C   10       -0.079138        0.020634        0.171479

     C   11        0.188091        0.637338       -0.200959
     C   11        0.637338       -0.063642        0.308839
     C   11       -0.200959        0.308839       -0.124448

     Cl  12        0.866356        2.142452        0.226712
     Cl  12        2.142452        0.077848        0.626692
     Cl  12        0.226712        0.626692       -0.944204

     H   13       -0.150032       -0.102772       -0.147194
     H   13       -0.102772        0.490083        0.069167
     H   13       -0.147194        0.069167       -0.340050

     C   14        0.208547        0.298706        0.350342
     C   14        0.298706       -0.652082       -0.014846
     C   14        0.350342       -0.014846        0.443535

     H   15        0.197022       -0.082779        0.339894
     H   15       -0.082779       -0.195186        0.170433
     H   15        0.339894        0.170433       -0.001836

     C   16       -0.158600        0.278493       -0.296060
     C   16        0.278493        0.170261        0.115050
     C   16       -0.296060        0.115050       -0.011661

     C   17        0.290515       -0.097295       -0.276673
     C   17       -0.097295       -0.024419       -0.265370
     C   17       -0.276673       -0.265370       -0.266096

     Cl  18       -0.804882       -0.488220       -0.846816
     Cl  18       -0.488220       -0.011164       -2.127987
     Cl  18       -0.846816       -2.127987        0.816046

     H   19       -0.016277       -0.126608       -0.031404
     H   19       -0.126608        0.325464       -0.615050
     H   19       -0.031404       -0.615050       -0.309187

     C   20       -0.528488       -0.126260        0.193600
     C   20       -0.126260        0.192614        0.358286
     C   20        0.193600        0.358286        0.335874

     H   21        0.487122       -0.165559        0.329436
     H   21       -0.165559       -0.208286       -0.467816
     H   21        0.329436       -0.467816       -0.278836

     C   22       -0.148077        0.222104       -0.002650
     C   22        0.222104        0.190970        0.397537
     C   22       -0.002650        0.397537       -0.042893

     C   23       -0.275299        0.052532       -0.107466
     C   23        0.052532        0.146675        0.193455
     C   23       -0.107466        0.193455        0.128623

     Cl  24       -0.054051        1.925695       -0.571681
     Cl  24        1.925695        0.544222        2.208623
     Cl  24       -0.571681        2.208623       -0.490171

     ----- total EFG (symmetrized) -----
     Cl   1       -0.456310       -1.525272        0.397025
     Cl   1       -1.525272       -0.584788        1.782293
     Cl   1        0.397025        1.782293        1.041098

     C    2       -0.617900       -0.006655        0.056967
     C    2       -0.006655        0.251233        0.322151
     C    2        0.056967        0.322151        0.366667

     C    3        0.245176       -0.125364        0.031779
     C    3       -0.125364       -0.444524        0.129987
     C    3        0.031779        0.129987        0.199348

     H    4        0.201772        0.143648        0.752389
     H    4        0.143648       -0.037940       -0.048922
     H    4        0.752389       -0.048922       -0.163832

     C    5       -0.453205        0.220997       -0.500303
     C    5        0.220997       -0.063752        0.281839
     C    5       -0.500303        0.281839        0.516957

     H    6       -0.325700       -0.056664        0.254750
     H    6       -0.056664        0.178989        0.384290
     H    6        0.254750        0.384290        0.146711

     H    7       -0.127544       -0.007457        0.014415
     H    7       -0.007457        0.016916       -0.232775
     H    7        0.014415       -0.232775        0.110628

     C    8       -0.111352        0.070828       -0.074797
     C    8        0.070828        0.180692        0.359474
     C    8       -0.074797        0.359474       -0.069340

     H    9        0.317847       -0.098193        0.228238
     H    9       -0.098193       -0.267053        0.083730
     H    9        0.228238        0.083730       -0.050794

     C   10       -0.276092       -0.106923       -0.079138
     C   10       -0.106923        0.104613        0.020634
     C   10       -0.079138        0.020634        0.171479

     C   11        0.188091        0.637338       -0.200959
     C   11        0.637338       -0.063642        0.308839
     C   11       -0.200959        0.308839       -0.124448

     Cl  12        0.866356        2.142452        0.226712
     Cl  12        2.142452        0.077848        0.626692
     Cl  12        0.226712        0.626692       -0.944204

     H   13       -0.150032       -0.102772       -0.147194
     H   13       -0.102772        0.490083        0.069167
     H   13       -0.147194        0.069167       -0.340050

     C   14        0.208547        0.298706        0.350342
     C   14        0.298706       -0.652082       -0.014846
     C   14        0.350342       -0.014846        0.443535

     H   15        0.197022       -0.082779        0.339894
     H   15       -0.082779       -0.195186        0.170433
     H   15        0.339894        0.170433       -0.001836

     C   16       -0.158600        0.278493       -0.296060
     C   16        0.278493        0.170261        0.115050
     C   16       -0.296060        0.115050       -0.011661

     C   17        0.290515       -0.097295       -0.276673
     C   17       -0.097295       -0.024419       -0.265370
     C   17       -0.276673       -0.265370       -0.266096

     Cl  18       -0.804882       -0.488220       -0.846816
     Cl  18       -0.488220       -0.011164       -2.127987
     Cl  18       -0.846816       -2.127987        0.816046

     H   19       -0.016277       -0.126608       -0.031404
     H   19       -0.126608        0.325464       -0.615050
     H   19       -0.031404       -0.615050       -0.309187

     C   20       -0.528488       -0.126260        0.193600
     C   20       -0.126260        0.192614        0.358286
     C   20        0.193600        0.358286        0.335874

     H   21        0.487122       -0.165559        0.329436
     H   21       -0.165559       -0.208286       -0.467816
     H   21        0.329436       -0.467816       -0.278836

     C   22       -0.148077        0.222104       -0.002650
     C   22        0.222104        0.190970        0.397537
     C   22       -0.002650        0.397537       -0.042893

     C   23       -0.275299        0.052532       -0.107466
     C   23        0.052532        0.146675        0.193455
     C   23       -0.107466        0.193455        0.128623

     Cl  24       -0.054051        1.925695       -0.571681
     Cl  24        1.925695        0.544222        2.208623
     Cl  24       -0.571681        2.208623       -0.490171


     NQR/NMR SPECTROSCOPIC PARAMETERS:
     Cl   1    Vxx=    0.4394    axis=(  0.801877 -0.343648  0.488773)
     Cl   1    Vyy=    2.2969    axis=( -0.217451  0.594093  0.774447)
     Cl   1    Vzz=   -2.7362    axis=( -0.556514 -0.727296  0.401663)
     Cl   1  Q=        -8.1650 1e-30 m^2  Cq=        52.4927 MHz  eta= 0.67886

     C    2    Vxx=   -0.0155    axis=( -0.068719  0.767774 -0.637025)
     C    2    Vyy=   -0.6220    axis=( -0.997140 -0.032730  0.068119)
     C    2    Vzz=    0.6375    axis=(  0.031450  0.639884  0.767828)
     C    2  Q=         1.0000 1e-30 m^2  Cq=         1.4978 MHz  eta= 0.95149

     C    3    Vxx=    0.2234    axis=( -0.157134  0.216979  0.963446)
     C    3    Vyy=    0.2689    axis=(  0.972402 -0.136371  0.189307)
     C    3    Vzz=   -0.4924    axis=(  0.172462  0.966604 -0.189563)
     C    3  Q=         1.0000 1e-30 m^2  Cq=        -1.1569 MHz  eta= 0.09242

     H    4    Vxx=   -0.0242    axis=(  0.027467  0.980336 -0.195416)
     H    4    Vyy=   -0.7773    axis=( -0.616003  0.170560  0.769058)
     H    4    Vzz=    0.8015    axis=(  0.787265  0.099253  0.608574)
     H    4  Q=         1.0000 1e-30 m^2  Cq=         1.8832 MHz  eta= 0.93970

     C    5    Vxx=    0.0336    axis=(  0.454035  0.889647 -0.048786)
     C    5    Vyy=    0.7681    axis=(  0.335124 -0.221253 -0.915827)
     C    5    Vzz=   -0.8017    axis=( -0.825557  0.399468 -0.398599)
     C    5  Q=         1.0000 1e-30 m^2  Cq=        -1.8837 MHz  eta= 0.91623

     H    6    Vxx=   -0.0560    axis=(  0.591281 -0.646332  0.482329)
     H    6    Vyy=   -0.5136    axis=(  0.790349  0.345435 -0.505988)
     H    6    Vzz=    0.5695    axis=(  0.160423  0.680389  0.715077)
     H    6  Q=         1.0000 1e-30 m^2  Cq=         1.3381 MHz  eta= 0.80351

     H    7    Vxx=   -0.1279    axis=( -0.996636 -0.079995 -0.017836)
     H    7    Vyy=   -0.1739    axis=(  0.073154 -0.770112 -0.633700)
     H    7    Vzz=    0.3018    axis=(  0.036957 -0.632873  0.773373)
     H    7  Q=         1.0000 1e-30 m^2  Cq=         0.7091 MHz  eta= 0.15253

     C    8    Vxx=   -0.0708    axis=( -0.927700 -0.194337  0.318756)
     C    8    Vyy=   -0.3658    axis=(  0.372355 -0.543210  0.752513)
     C    8    Vzz=    0.4367    axis=( -0.026911 -0.816797 -0.576298)
     C    8  Q=         1.0000 1e-30 m^2  Cq=         1.0260 MHz  eta= 0.67565

     H    9    Vxx=   -0.0855    axis=( -0.314871  0.532623  0.785601)
     H    9    Vyy=   -0.3455    axis=(  0.282417  0.842789 -0.458201)
     H    9    Vzz=    0.4310    axis=( -0.906144  0.077593 -0.415791)
     H    9  Q=         1.0000 1e-30 m^2  Cq=         1.0126 MHz  eta= 0.60321

     C   10    Vxx=    0.1107    axis=( -0.141637  0.866557 -0.478558)
     C   10    Vyy=    0.2039    axis=( -0.240490  0.438828  0.865792)
     C   10    Vzz=   -0.3146    axis=(  0.960262  0.237717  0.146244)
     C   10  Q=         1.0000 1e-30 m^2  Cq=        -0.7392 MHz  eta= 0.29632

     C   11    Vxx=    0.0753    axis=( -0.349902  0.337478  0.873886)
     C   11    Vyy=    0.7141    axis=( -0.761394 -0.645916 -0.055420)
     C   11    Vzz=   -0.7894    axis=(  0.545754 -0.684764  0.482961)
     C   11  Q=         1.0000 1e-30 m^2  Cq=        -1.8548 MHz  eta= 0.80927

     Cl  12    Vxx=   -0.8975    axis=(  0.356855 -0.197167 -0.913115)
     Cl  12    Vyy=   -1.8435    axis=(  0.554831 -0.741654  0.376978)
     Cl  12    Vzz=    2.7409    axis=(  0.751543  0.641151  0.155268)
     Cl  12  Q=        -8.1650 1e-30 m^2  Cq=       -52.5837 MHz  eta= 0.34513

     H   13    Vxx=   -0.0958    axis=( -0.862835 -0.205858  0.461669)
     H   13    Vyy=   -0.4204    axis=(  0.474206 -0.013348  0.880313)
     H   13    Vzz=    0.5162    axis=( -0.175057  0.978491  0.109136)
     H   13  Q=         1.0000 1e-30 m^2  Cq=         1.2128 MHz  eta= 0.62884

     C   14    Vxx=    0.0424    axis=( -0.718876 -0.322381  0.615863)
     C   14    Vyy=    0.7161    axis=(  0.612484  0.125253  0.780497)
     C   14    Vzz=   -0.7584    axis=(  0.328756 -0.938287 -0.107412)
     C   14  Q=         1.0000 1e-30 m^2  Cq=        -1.7820 MHz  eta= 0.88829

     H   15    Vxx=   -0.0389    axis=(  0.433509 -0.759053 -0.485704)
     H   15    Vyy=   -0.4150    axis=(  0.434791  0.648277 -0.625055)
     H   15    Vzz=    0.4539    axis=( -0.789321 -0.059788 -0.611063)
     H   15  Q=         1.0000 1e-30 m^2  Cq=         1.0665 MHz  eta= 0.82880

     C   16    Vxx=    0.1746    axis=( -0.329954  0.473410  0.816709)
     C   16    Vyy=    0.3401    axis=( -0.573433 -0.787761  0.224960)
     C   16    Vzz=   -0.5148    axis=(  0.749870 -0.394102  0.531394)
     C   16  Q=         1.0000 1e-30 m^2  Cq=        -1.2095 MHz  eta= 0.32149

     C   17    Vxx=    0.1311    axis=( -0.217500  0.874788 -0.432943)
     C   17    Vyy=    0.4050    axis=(  0.919125  0.034285 -0.392471)
     C   17    Vzz=   -0.5361    axis=(  0.328485  0.483291  0.811497)
     C   17  Q=         1.0000 1e-30 m^2  Cq=        -1.2597 MHz  eta= 0.51092

     Cl  18    Vxx=   -0.2815    axis=(  0.846676 -0.467754 -0.253664)
     Cl  18    Vyy=   -2.3253    axis=(  0.521473  0.634564  0.570434)
     Cl  18    Vzz=    2.6068    axis=( -0.105857 -0.615252  0.781191)
     Cl  18  Q=        -8.1650 1e-30 m^2  Cq=       -50.0094 MHz  eta= 0.78406

     H   19    Vxx=   -0.0152    axis=(  0.982628  0.036775 -0.181905)
     H   19    Vyy=   -0.6967    axis=( -0.136168 -0.523106 -0.841320)
     H   19    Vzz=    0.7119    axis=( -0.126095  0.851474 -0.509011)
     H   19  Q=         1.0000 1e-30 m^2  Cq=         1.6727 MHz  eta= 0.95729

     C   20    Vxx=   -0.0090    axis=(  0.385407 -0.739492  0.551917)
     C   20    Vyy=   -0.6251    axis=( -0.920566 -0.267044  0.285035)
     C   20    Vzz=    0.6340    axis=(  0.063395  0.617931  0.783672)
     C   20  Q=         1.0000 1e-30 m^2  Cq=         1.4898 MHz  eta= 0.97165

     H   21    Vxx=   -0.0055    axis=(  0.553290  0.674872 -0.488281)
     H   21    Vyy=   -0.7280    axis=( -0.117394  0.643503  0.756388)
     H   21    Vzz=    0.7335    axis=(  0.824675 -0.361181  0.435270)
     H   21  Q=         1.0000 1e-30 m^2  Cq=         1.7235 MHz  eta= 0.98488

     C   22    Vxx=   -0.1174    axis=(  0.829804  0.108125 -0.547481)
     C   22    Vyy=   -0.4179    axis=( -0.495415  0.594329 -0.633512)
     C   22    Vzz=    0.5353    axis=( -0.256885 -0.796920 -0.546743)
     C   22  Q=         1.0000 1e-30 m^2  Cq=         1.2577 MHz  eta= 0.56142

     C   23    Vxx=   -0.0081    axis=( -0.387341 -0.665780  0.637733)
     C   23    Vyy=   -0.3255    axis=( -0.919798  0.231984 -0.316473)
     C   23    Vzz=    0.3336    axis=(  0.062758 -0.709169 -0.702240)
     C   23  Q=         1.0000 1e-30 m^2  Cq=         0.7838 MHz  eta= 0.95163

     Cl  24    Vxx=    0.3244    axis=(  0.755195 -0.045701 -0.653905)
     Cl  24    Vyy=    2.8551    axis=( -0.432172 -0.784763 -0.444269)
     Cl  24    Vzz=   -3.1795    axis=( -0.492857  0.618109 -0.612399)
     Cl  24  Q=        -8.1650 1e-30 m^2  Cq=        60.9966 MHz  eta= 0.79593

     Initialization:
     gipaw_setup  :      9.17s CPU     10.66s WALL (       1 calls)

     Linear response

     Apply operators

     Induced current

     Other routines
     efg          :      9.34s CPU     11.69s WALL (       1 calls)

     General routines
     calbec       :      3.42s CPU      4.51s WALL (      16 calls)
     fft          :      1.66s CPU      2.49s WALL (      15 calls)
     ffts         :      0.03s CPU      0.04s WALL (       2 calls)
     fftw         :      3.18s CPU      3.79s WALL (     672 calls)
     davcio       :      0.03s CPU      0.33s WALL (      32 calls)

     Parallel routines
     fft_scatter  :      2.21s CPU      3.44s WALL (     689 calls)

     Plugins

     GIPAW        :     61.13s CPU     74.70s WALL (       1 calls)
