
     Program QE v.6.0 (svn rev. 13079) starts on 21Jan2017 at 17:31:25 

     This program is part of the open-source Quantum ESPRESSO suite
     for quantum simulation of materials; please cite
         "P. Giannozzi et al., J. Phys.:Condens. Matter 21 395502 (2009);
          URL http://www.quantum-espresso.org", 
     in publications or presentations arising from this work. More details at
     http://www.quantum-espresso.org/quote

     Parallel version (MPI), running on     8 processors
     R & G space division:  proc/nbgrp/npool/nimage =       8

     ***** This is GIPAW svn revision unknown      *****

     Parallelizing q-star over 1 images

     Reading data from directory:
     /users/majewski/paradichlorobenzene/pbe/9_constraint/scratch/pbe.ecut100.np8.dt60.pcl2phi-129368.save
     Message from routine read_xml_file:
     file /users/majewski/paradichlorobenzene/pbe/9_constraint/scratch/pbe.ecut100.np8.dt60.pcl2phi-129368.save not guaranteed to be safe for post-processing

   Info: using nr1, nr2, nr3 values from input

   Info: using nr1, nr2, nr3 values from input

     IMPORTANT: XC functional enforced from input :
     Exchange-correlation      =  SLA  PW   PBX  PBC ( 1  4  3  4 0 0)
     Any further DFT definition will be discarded
     Please, verify this is what you really want

               file C.pbe-n-kjpaw_psl.1.0.0.UPF: wavefunction(s)  2S 2P renormalized
               file Cl.pbe-n-kjpaw_psl.1.0.0.UPF: wavefunction(s)  3S 3P renormalized
               file H.pbe-kjpaw_psl.1.0.0.UPF: wavefunction(s)  1S renormalized

     Parallelization info
     --------------------
     sticks:   dense  smooth     PW     G-vecs:    dense   smooth      PW
     Min        3057    1223    332               144436    36536    5170
     Max        3059    1225    333               144437    36537    5171
     Sum       24467    9791   2657              1155489   292295   41363


     Subspace diagonalization in iterative solution of the eigenvalue problem:
     a serial algorithm will be used

     GIPAW projectors -----------------------------------------------
     atom=  C    l=0  rc=    1.2000  rs=    0.8000
     atom=  C    l=0  rc=    1.2000  rs=    0.8000
     atom=  C    l=1  rc=    1.4000  rs=    0.9333
     atom=  C    l=1  rc=    1.4000  rs=    0.9333
     projs nearly linearly dependent: l=1  n1,n2= 1, 2  s=  0.99951561

     atom=  Cl   l=0  rc=    1.6000  rs=    1.0667
     atom=  Cl   l=0  rc=    1.6000  rs=    1.0667
     atom=  Cl   l=1  rc=    1.6000  rs=    1.0667
     atom=  Cl   l=1  rc=    1.6000  rs=    1.0667
     atom=  Cl   l=2  rc=    1.6000  rs=    1.0667
     atom=  Cl   l=2  rc=    1.6000  rs=    1.0667
     projs nearly linearly dependent: l=2  n1,n2= 1, 2  s=  0.99993509

     atom=  H    l=0  rc=    1.0000  rs=    0.6667
     atom=  H    l=0  rc=    1.0000  rs=    0.6667
     projs nearly linearly dependent: l=0  n1,n2= 1, 2  s=  0.99968852
     -----------------------------------------------------------------

     GIPAW integrals: -------------------------------------------
     Atom  i/j   nmr_para   nmr_dia   epr_rmc  epr_para   epr_dia
       C   1 1   0.83E+03  0.17E-01  0.93E+01  0.24E+08  0.24E+03
       C   2 1   0.86E+03 -0.61E-01  0.94E+01  0.25E+08  0.25E+03
       C   2 2   0.90E+03 -0.15E+00  0.97E+01  0.26E+08  0.26E+03
       C   3 3   0.33E+01  0.34E+00  0.18E+01  0.55E+03  0.21E+02
       C   4 3   0.35E+01  0.37E+00  0.20E+01  0.59E+03  0.22E+02
       C   4 4   0.38E+01  0.39E+00  0.22E+01  0.63E+03  0.24E+02
       Cl  1 1   0.14E+04 -0.47E+00  0.84E+01  0.32E+09  0.42E+03
       Cl  2 1   0.21E+04 -0.37E+00  0.12E+02  0.49E+09  0.65E+03
       Cl  2 2   0.33E+04 -0.16E+00  0.21E+02  0.76E+09  0.10E+04
       Cl  3 3   0.21E+02  0.79E-01  0.89E+01  0.23E+05  0.13E+03
       Cl  4 3   0.24E+02  0.67E-01  0.99E+01  0.27E+05  0.15E+03
       Cl  4 4   0.28E+02  0.44E-01  0.11E+02  0.32E+05  0.18E+03
       Cl  5 5   0.77E+00  0.19E+00  0.18E+01  0.12E+03  0.22E+02
       Cl  6 5   0.80E+00  0.19E+00  0.19E+01  0.12E+03  0.23E+02
       Cl  6 6   0.83E+00  0.20E+00  0.19E+01  0.12E+03  0.23E+02
       H   1 1   0.39E+02  0.19E+00  0.29E+00  0.78E+05  0.13E+02
       H   2 1   0.41E+02  0.21E+00  0.32E+00  0.82E+05  0.14E+02
       H   2 2   0.43E+02  0.22E+00  0.36E+00  0.86E+05  0.15E+02
     ------------------------------------------------------------

     alpha_pv=     33.9996 eV

     Number of occupied bands for each k-point:
     k-point:     1    nbnd_occ=  42
     k-point:     2    nbnd_occ=  42
     k-point:     3    nbnd_occ=  42
     k-point:     4    nbnd_occ=  42
     k-point:     5    nbnd_occ=  42
     k-point:     6    nbnd_occ=  42
     k-point:     7    nbnd_occ=  42
     k-point:     8    nbnd_occ=  42
     k-point:     9    nbnd_occ=  42
     k-point:    10    nbnd_occ=  42
     k-point:    11    nbnd_occ=  42
     k-point:    12    nbnd_occ=  42
     k-point:    13    nbnd_occ=  42
     k-point:    14    nbnd_occ=  42
     k-point:    15    nbnd_occ=  42
     k-point:    16    nbnd_occ=  42


     q-space interpolation up to   110.00 Rydberg

     GIPAW job: efg                                                                             


     ELECTRIC FIELD GRADIENTS TENSORS IN Hartree/bohrradius^2:

     ----- bare term -----
     Cl   1       -0.043744       -0.017631        0.032078
     Cl   1       -0.017631        0.048090        0.131651
     Cl   1        0.032078        0.131651       -0.004346

     C    2       -0.712996        0.457169       -0.386597
     C    2        0.457169        0.255385       -0.040554
     C    2       -0.386597       -0.040554        0.457611

     C    3        0.276735        0.097801       -0.059429
     C    3        0.097801       -0.575946       -0.539983
     C    3       -0.059429       -0.539983        0.299211

     H    4       -0.531790        0.022272        0.077255
     H    4        0.022272        0.294398       -0.382279
     H    4        0.077255       -0.382279        0.237392

     C    5       -0.796238        0.367612       -0.430712
     C    5        0.367612        0.341529       -0.164658
     C    5       -0.430712       -0.164658        0.454709

     H    6        0.379752       -0.133980        0.016486
     H    6       -0.133980       -0.537388       -0.334669
     H    6        0.016486       -0.334669        0.157636

     H    7        0.322707        0.217280       -0.196794
     H    7        0.217280       -0.343238        0.562788
     H    7       -0.196794        0.562788        0.020530

     C    8       -0.231855       -0.071290       -0.308161
     C    8       -0.071290       -0.002586        0.515333
     C    8       -0.308161        0.515333        0.234441

     H    9       -0.275372        0.173887       -0.518456
     H    9        0.173887        0.362113        0.146441
     H    9       -0.518456        0.146441       -0.086741

     C   10       -0.298694       -0.370872       -0.190990
     C   10       -0.370872       -0.154356        0.434058
     C   10       -0.190990        0.434058        0.453050

     C   11       -0.112942        0.203909       -0.292669
     C   11        0.203909       -0.002805        0.653733
     C   11       -0.292669        0.653733        0.115747

     Cl  12       -0.239226       -0.218756        0.119579
     Cl  12       -0.218756       -0.015592        0.155947
     Cl  12        0.119579        0.155947        0.254819

     H   13        0.295556       -0.372652       -0.060601
     H   13       -0.372652       -0.589121       -0.280058
     H   13       -0.060601       -0.280058        0.293565

     C   14        0.081795        0.101482       -0.015587
     C   14        0.101482       -0.218451       -0.361039
     C   14       -0.015587       -0.361039        0.136656

     H   15       -0.189716       -0.504653       -0.239171
     H   15       -0.504653       -0.145742       -0.155717
     H   15       -0.239171       -0.155717        0.335458

     C   16       -0.578645        0.245015       -0.336372
     C   16        0.245015        0.108677       -0.044564
     C   16       -0.336372       -0.044564        0.469968

     C   17        0.132999        0.224967       -0.036037
     C   17        0.224967       -0.305860       -0.499765
     C   17       -0.036037       -0.499765        0.172861

     Cl  18       -0.208639        0.160143       -0.047804
     Cl  18        0.160143        0.085409        0.067349
     Cl  18       -0.047804        0.067349        0.123230

     H   19        0.454607       -0.005013        0.057161
     H   19       -0.005013        0.147109        0.090923
     H   19        0.057161        0.090923       -0.601716

     C   20       -0.290099       -0.252643        0.027020
     C   20       -0.252643        0.183403        0.010111
     C   20        0.027020        0.010111        0.106696

     H   21        0.068683       -0.114927       -0.453554
     H   21       -0.114927        0.058073       -0.238606
     H   21       -0.453554       -0.238606       -0.126756

     C   22        0.314534       -0.042850       -0.102042
     C   22       -0.042850       -0.159196        0.225905
     C   22       -0.102042        0.225905       -0.155338

     C   23       -0.420678       -0.367738       -0.336246
     C   23       -0.367738        0.138603        0.201766
     C   23       -0.336246        0.201766        0.282075

     Cl  24        0.104732       -0.031721       -0.048291
     Cl  24       -0.031721       -0.137617       -0.041021
     Cl  24       -0.048291       -0.041021        0.032886

     ----- ionic term -----
     Cl   1        0.188174       -0.209355        0.008286
     Cl   1       -0.209355       -0.033167        0.005464
     Cl   1        0.008286        0.005464       -0.155008

     C    2        0.292215       -0.066101        0.243414
     C    2       -0.066101        0.188293        0.341312
     C    2        0.243414        0.341312       -0.480508

     C    3        0.204646       -0.184509        0.161089
     C    3       -0.184509        0.306118        0.322409
     C    3        0.161089        0.322409       -0.510765

     H    4        0.772426        0.379023        0.517543
     H    4        0.379023       -0.340988        0.208073
     H    4        0.517543        0.208073       -0.431437

     C    5        0.373319       -0.184916        0.198433
     C    5       -0.184916        0.122735        0.243846
     C    5        0.198433        0.243846       -0.496054

     H    6       -0.471233        0.151085        0.085467
     H    6        0.151085        0.793714        0.584885
     H    6        0.085467        0.584885       -0.322481

     H    7       -0.511949       -0.161501        0.154548
     H    7       -0.161501        0.428737       -0.779846
     H    7        0.154548       -0.779846        0.083212

     C    8        0.187662        0.235476        0.341105
     C    8        0.235476       -0.020082       -0.292394
     C    8        0.341105       -0.292394       -0.167579

     H    9        0.500202       -0.129670        0.763654
     H    9       -0.129670       -0.538138       -0.179138
     H    9        0.763654       -0.179138        0.037936

     C   10        0.036765        0.300011        0.214171
     C   10        0.300011        0.074688       -0.441047
     C   10        0.214171       -0.441047       -0.111453

     C   11        0.096400        0.244011        0.319732
     C   11        0.244011        0.007603       -0.460662
     C   11        0.319732       -0.460662       -0.104003

     Cl  12        0.104459        0.218277        0.010478
     Cl  12        0.218277        0.052388       -0.007507
     Cl  12        0.010478       -0.007507       -0.156846

     H   13       -0.500718        0.185280        0.100529
     H   13        0.185280        0.649469        0.682193
     H   13        0.100529        0.682193       -0.148751

     C   14        0.353862       -0.099992        0.270562
     C   14       -0.099992        0.072622        0.269920
     C   14        0.270562        0.269920       -0.426484

     H   15        0.693595        0.345564        0.604365
     H   15        0.345564       -0.404852        0.206571
     H   15        0.604365        0.206571       -0.288744

     C   16        0.208534       -0.182202        0.197290
     C   16       -0.182202        0.206761        0.302529
     C   16        0.197290        0.302529       -0.415295

     C   17        0.217854       -0.164634        0.168668
     C   17       -0.164634        0.238729        0.336326
     C   17        0.168668        0.336326       -0.456583

     Cl  18        0.079487       -0.197888       -0.017484
     Cl  18       -0.197888        0.081516        0.013934
     Cl  18       -0.017484        0.013934       -0.161003

     H   19       -0.536275       -0.029420        0.037300
     H   19       -0.029420        0.313086       -0.812323
     H   19        0.037300       -0.812323        0.223189

     C   20        0.190032        0.218526        0.287571
     C   20        0.218526       -0.052822       -0.332374
     C   20        0.287571       -0.332374       -0.137210

     H   21        0.582055       -0.231611        0.713048
     H   21       -0.231611       -0.447268       -0.227670
     H   21        0.713048       -0.227670       -0.134787

     C   22        0.069994        0.234330        0.197167
     C   22        0.234330        0.126372       -0.447282
     C   22        0.197167       -0.447282       -0.196366

     C   23        0.094063        0.228108        0.327176
     C   23        0.228108        0.042160       -0.429520
     C   23        0.327176       -0.429520       -0.136224

     Cl  24        0.105670        0.213885       -0.001064
     Cl  24        0.213885        0.019662       -0.012988
     Cl  24       -0.001064       -0.012988       -0.125332

     ----- GIPAW term -----
     Cl   1       -0.080014       -1.914380        0.018556
     Cl   1       -1.914380        1.209842        1.946122
     Cl   1        0.018556        1.946122       -1.129828

     C    2       -0.094986        0.080051        0.005405
     C    2        0.080051        0.127143        0.099803
     C    2        0.005405        0.099803       -0.032157

     C    3       -0.046768       -0.011768        0.010585
     C    3       -0.011768        0.016522        0.127219
     C    3        0.010585        0.127219        0.030246

     H    4       -0.000000        0.000000        0.000000
     H    4        0.000000        0.000000        0.000000
     H    4        0.000000        0.000000        0.000000

     C    5       -0.092049        0.022147       -0.022599
     C    5        0.022147        0.052812        0.059540
     C    5       -0.022599        0.059540        0.039237

     H    6       -0.000000        0.000000        0.000000
     H    6        0.000000        0.000000        0.000000
     H    6        0.000000        0.000000        0.000000

     H    7       -0.000000        0.000000        0.000000
     H    7        0.000000        0.000000        0.000000
     H    7        0.000000        0.000000        0.000000

     C    8       -0.085747        0.005559       -0.041857
     C    8        0.005559        0.149276        0.136105
     C    8       -0.041857        0.136105       -0.063528

     H    9       -0.000000        0.000000        0.000000
     H    9        0.000000        0.000000        0.000000
     H    9        0.000000        0.000000        0.000000

     C   10       -0.071063       -0.017884       -0.027619
     C   10       -0.017884        0.021558        0.077113
     C   10       -0.027619        0.077113        0.049505

     C   11       -0.070343        0.108494       -0.021160
     C   11        0.108494        0.079251        0.217782
     C   11       -0.021160        0.217782       -0.008908

     Cl  12       -0.017997        1.770637        1.154299
     Cl  12        1.770637       -0.033088        1.581646
     Cl  12        1.154299        1.581646        0.051086

     H   13       -0.000000        0.000000        0.000000
     H   13        0.000000        0.000000        0.000000
     H   13        0.000000        0.000000        0.000000

     C   14       -0.039978        0.062231        0.034910
     C   14        0.062231        0.134725        0.007797
     C   14        0.034910        0.007797       -0.094747

     H   15       -0.000000        0.000000        0.000000
     H   15        0.000000        0.000000        0.000000
     H   15        0.000000        0.000000        0.000000

     C   16       -0.075656        0.076355       -0.023738
     C   16        0.076355        0.081059        0.048496
     C   16       -0.023738        0.048496       -0.005403

     C   17       -0.037043        0.061135        0.068974
     C   17        0.061135        0.122214        0.129188
     C   17        0.068974        0.129188       -0.085171

     Cl  18        0.265967       -1.915722       -0.421375
     Cl  18       -1.915722        0.925582        0.653503
     Cl  18       -0.421375        0.653503       -1.191549

     H   19       -0.000000        0.000000        0.000000
     H   19        0.000000        0.000000        0.000000
     H   19        0.000000        0.000000        0.000000

     C   20       -0.048108        0.002432        0.024978
     C   20        0.002432        0.047012        0.038561
     C   20        0.024978        0.038561        0.001097

     H   21       -0.000000        0.000000        0.000000
     H   21        0.000000        0.000000        0.000000
     H   21        0.000000        0.000000        0.000000

     C   22        0.006771        0.005465       -0.005471
     C   22        0.005465        0.041978        0.008422
     C   22       -0.005471        0.008422       -0.048750

     C   23       -0.096795       -0.047402       -0.057077
     C   23       -0.047402        0.152031        0.113342
     C   23       -0.057077        0.113342       -0.055236

     Cl  24       -0.051199        0.341976       -0.419930
     Cl  24        0.341976        2.115490        0.973367
     Cl  24       -0.419930        0.973367       -2.064291

     ----- total EFG -----
     Cl   1        0.064417       -2.141366        0.058921
     Cl   1       -2.141366        1.224765        2.083236
     Cl   1        0.058921        2.083236       -1.289182

     C    2       -0.515767        0.471119       -0.137779
     C    2        0.471119        0.570820        0.400560
     C    2       -0.137779        0.400560       -0.055054

     C    3        0.434614       -0.098476        0.112246
     C    3       -0.098476       -0.253306       -0.090355
     C    3        0.112246       -0.090355       -0.181308

     H    4        0.240636        0.401295        0.594798
     H    4        0.401295       -0.046590       -0.174206
     H    4        0.594798       -0.174206       -0.194046

     C    5       -0.514968        0.204843       -0.254878
     C    5        0.204843        0.517076        0.138728
     C    5       -0.254878        0.138728       -0.002108

     H    6       -0.091481        0.017105        0.101954
     H    6        0.017105        0.256326        0.250216
     H    6        0.101954        0.250216       -0.164845

     H    7       -0.189242        0.055778       -0.042245
     H    7        0.055778        0.085499       -0.217058
     H    7       -0.042245       -0.217058        0.103743

     C    8       -0.129941        0.169744       -0.008913
     C    8        0.169744        0.126607        0.359044
     C    8       -0.008913        0.359044        0.003334

     H    9        0.224830        0.044216        0.245197
     H    9        0.044216       -0.176025       -0.032697
     H    9        0.245197       -0.032697       -0.048805

     C   10       -0.332992       -0.088746       -0.004438
     C   10       -0.088746       -0.058111        0.070123
     C   10       -0.004438        0.070123        0.391102

     C   11       -0.086886        0.556415        0.005902
     C   11        0.556415        0.084050        0.410853
     C   11        0.005902        0.410853        0.002836

     Cl  12       -0.152765        1.770159        1.284356
     Cl  12        1.770159        0.003707        1.730086
     Cl  12        1.284356        1.730086        0.149058

     H   13       -0.205162       -0.187371        0.039928
     H   13       -0.187371        0.060349        0.402136
     H   13        0.039928        0.402136        0.144814

     C   14        0.395679        0.063720        0.289885
     C   14        0.063720       -0.011104       -0.083322
     C   14        0.289885       -0.083322       -0.384575

     H   15        0.503879       -0.159089        0.365193
     H   15       -0.159089       -0.550593        0.050855
     H   15        0.365193        0.050855        0.046714

     C   16       -0.445767        0.139168       -0.162820
     C   16        0.139168        0.396497        0.306461
     C   16       -0.162820        0.306461        0.049270

     C   17        0.313810        0.121468        0.201605
     C   17        0.121468        0.055083       -0.034252
     C   17        0.201605       -0.034252       -0.368892

     Cl  18        0.136814       -1.953467       -0.486663
     Cl  18       -1.953467        1.092507        0.734786
     Cl  18       -0.486663        0.734786       -1.229322

     H   19       -0.081668       -0.034433        0.094461
     H   19       -0.034433        0.460195       -0.721400
     H   19        0.094461       -0.721400       -0.378527

     C   20       -0.148176       -0.031685        0.339569
     C   20       -0.031685        0.177592       -0.283703
     C   20        0.339569       -0.283703       -0.029417

     H   21        0.650738       -0.346538        0.259494
     H   21       -0.346538       -0.389195       -0.466277
     H   21        0.259494       -0.466277       -0.261543

     C   22        0.391299        0.196945        0.089654
     C   22        0.196945        0.009154       -0.212955
     C   22        0.089654       -0.212955       -0.400454

     C   23       -0.423410       -0.187032       -0.066148
     C   23       -0.187032        0.332794       -0.114411
     C   23       -0.066148       -0.114411        0.090615

     Cl  24        0.159202        0.524140       -0.469285
     Cl  24        0.524140        1.997535        0.919358
     Cl  24       -0.469285        0.919358       -2.156737

     ----- total EFG (symmetrized) -----
     Cl   1        0.064417       -2.141366        0.058921
     Cl   1       -2.141366        1.224765        2.083236
     Cl   1        0.058921        2.083236       -1.289182

     C    2       -0.515767        0.471119       -0.137779
     C    2        0.471119        0.570820        0.400560
     C    2       -0.137779        0.400560       -0.055054

     C    3        0.434614       -0.098476        0.112246
     C    3       -0.098476       -0.253306       -0.090355
     C    3        0.112246       -0.090355       -0.181308

     H    4        0.240636        0.401295        0.594798
     H    4        0.401295       -0.046590       -0.174206
     H    4        0.594798       -0.174206       -0.194046

     C    5       -0.514968        0.204843       -0.254878
     C    5        0.204843        0.517076        0.138728
     C    5       -0.254878        0.138728       -0.002108

     H    6       -0.091481        0.017105        0.101954
     H    6        0.017105        0.256326        0.250216
     H    6        0.101954        0.250216       -0.164845

     H    7       -0.189242        0.055778       -0.042245
     H    7        0.055778        0.085499       -0.217058
     H    7       -0.042245       -0.217058        0.103743

     C    8       -0.129941        0.169744       -0.008913
     C    8        0.169744        0.126607        0.359044
     C    8       -0.008913        0.359044        0.003334

     H    9        0.224830        0.044216        0.245197
     H    9        0.044216       -0.176025       -0.032697
     H    9        0.245197       -0.032697       -0.048805

     C   10       -0.332992       -0.088746       -0.004438
     C   10       -0.088746       -0.058111        0.070123
     C   10       -0.004438        0.070123        0.391102

     C   11       -0.086886        0.556415        0.005902
     C   11        0.556415        0.084050        0.410853
     C   11        0.005902        0.410853        0.002836

     Cl  12       -0.152765        1.770159        1.284356
     Cl  12        1.770159        0.003707        1.730086
     Cl  12        1.284356        1.730086        0.149058

     H   13       -0.205162       -0.187371        0.039928
     H   13       -0.187371        0.060349        0.402136
     H   13        0.039928        0.402136        0.144814

     C   14        0.395679        0.063720        0.289885
     C   14        0.063720       -0.011104       -0.083322
     C   14        0.289885       -0.083322       -0.384575

     H   15        0.503879       -0.159089        0.365193
     H   15       -0.159089       -0.550593        0.050855
     H   15        0.365193        0.050855        0.046714

     C   16       -0.445767        0.139168       -0.162820
     C   16        0.139168        0.396497        0.306461
     C   16       -0.162820        0.306461        0.049270

     C   17        0.313810        0.121468        0.201605
     C   17        0.121468        0.055083       -0.034252
     C   17        0.201605       -0.034252       -0.368892

     Cl  18        0.136814       -1.953467       -0.486663
     Cl  18       -1.953467        1.092507        0.734786
     Cl  18       -0.486663        0.734786       -1.229322

     H   19       -0.081668       -0.034433        0.094461
     H   19       -0.034433        0.460195       -0.721400
     H   19        0.094461       -0.721400       -0.378527

     C   20       -0.148176       -0.031685        0.339569
     C   20       -0.031685        0.177592       -0.283703
     C   20        0.339569       -0.283703       -0.029417

     H   21        0.650738       -0.346538        0.259494
     H   21       -0.346538       -0.389195       -0.466277
     H   21        0.259494       -0.466277       -0.261543

     C   22        0.391299        0.196945        0.089654
     C   22        0.196945        0.009154       -0.212955
     C   22        0.089654       -0.212955       -0.400454

     C   23       -0.423410       -0.187032       -0.066148
     C   23       -0.187032        0.332794       -0.114411
     C   23       -0.066148       -0.114411        0.090615

     Cl  24        0.159202        0.524140       -0.469285
     Cl  24        0.524140        1.997535        0.919358
     Cl  24       -0.469285        0.919358       -2.156737


     NQR/NMR SPECTROSCOPIC PARAMETERS:
     Cl   1    Vxx=   -0.4866    axis=(  0.763485  0.213248  0.609603)
     Cl   1    Vyy=   -2.9714    axis=(  0.412541  0.565199 -0.714395)
     Cl   1    Vzz=    3.4580    axis=( -0.496890  0.796916  0.343547)
     Cl   1  Q=        -8.1650 1e-30 m^2  Cq=       -66.3403 MHz  eta= 0.71854

     C    2    Vxx=   -0.0697    axis=( -0.469901 -0.193047  0.861351)
     C    2    Vyy=   -0.7989    axis=( -0.840204  0.397001 -0.369388)
     C    2    Vzz=    0.8686    axis=( -0.270648 -0.897287 -0.348750)
     C    2  Q=         1.0000 1e-30 m^2  Cq=         2.0409 MHz  eta= 0.83960

     C    3    Vxx=   -0.1570    axis=( -0.242002 -0.520738  0.818698)
     C    3    Vyy=   -0.3151    axis=(  0.029040  0.839514  0.542562)
     C    3    Vzz=    0.4721    axis=(  0.969841 -0.155076  0.188042)
     C    3  Q=         1.0000 1e-30 m^2  Cq=         1.1093 MHz  eta= 0.33485

     H    4    Vxx=    0.0688    axis=( -0.003890  0.829489 -0.558510)
     H    4    Vyy=    0.7340    axis=(  0.823990  0.319111  0.468198)
     H    4    Vzz=   -0.8028    axis=( -0.566591  0.458385  0.684732)
     H    4  Q=         1.0000 1e-30 m^2  Cq=        -1.8864 MHz  eta= 0.82855

     C    5    Vxx=    0.0980    axis=( -0.410225 -0.099572  0.906532)
     C    5    Vyy=    0.5717    axis=(  0.143394  0.974615  0.171939)
     C    5    Vzz=   -0.6697    axis=( -0.900641  0.200525 -0.385534)
     C    5  Q=         1.0000 1e-30 m^2  Cq=        -1.5735 MHz  eta= 0.70735

     H    6    Vxx=   -0.0656    axis=(  0.922949 -0.265581  0.278626)
     H    6    Vyy=   -0.3146    axis=(  0.363715  0.364756 -0.857126)
     H    6    Vzz=    0.3802    axis=(  0.126005  0.892423  0.433247)
     H    6  Q=         1.0000 1e-30 m^2  Cq=         0.8934 MHz  eta= 0.65480

     H    7    Vxx=   -0.1211    axis=(  0.137857  0.699504  0.701206)
     H    7    Vyy=   -0.2001    axis=( -0.981318  0.192392  0.001001)
     H    7    Vzz=    0.3212    axis=( -0.134206 -0.688243  0.712958)
     H    7  Q=         1.0000 1e-30 m^2  Cq=         0.7548 MHz  eta= 0.24606

     C    8    Vxx=   -0.0937    axis=(  0.852602  0.155932 -0.498753)
     C    8    Vyy=   -0.3627    axis=( -0.477138  0.621510 -0.621341)
     C    8    Vzz=    0.4563    axis=( -0.213093 -0.767731 -0.604302)
     C    8  Q=         1.0000 1e-30 m^2  Cq=         1.0722 MHz  eta= 0.58941

     H    9    Vxx=   -0.1337    axis=(  0.300916  0.759370 -0.576894)
     H    9    Vyy=   -0.2360    axis=( -0.404817  0.649439  0.643702)
     H    9    Vzz=    0.3697    axis=( -0.863465 -0.039836 -0.502832)
     H    9  Q=         1.0000 1e-30 m^2  Cq=         0.8686 MHz  eta= 0.27683

     C   10    Vxx=   -0.0428    axis=( -0.286657  0.945293 -0.155719)
     C   10    Vyy=   -0.3595    axis=(  0.957715  0.286941 -0.021145)
     C   10    Vzz=    0.4022    axis=( -0.024694  0.155196  0.987575)
     C   10  Q=         1.0000 1e-30 m^2  Cq=         0.9451 MHz  eta= 0.78743

     C   11    Vxx=   -0.0340    axis=( -0.583949 -0.064114  0.809255)
     C   11    Vyy=   -0.6793    axis=( -0.625787  0.670552 -0.398435)
     C   11    Vzz=    0.7133    axis=( -0.517102 -0.739087 -0.431690)
     C   11  Q=         1.0000 1e-30 m^2  Cq=         1.6760 MHz  eta= 0.90474

     Cl  12    Vxx=   -1.2681    axis=( -0.632704 -0.152249  0.759280)
     Cl  12    Vyy=   -1.9336    axis=( -0.552069  0.776254 -0.304383)
     Cl  12    Vzz=    3.2017    axis=( -0.543052 -0.611760 -0.575191)
     Cl  12  Q=        -8.1650 1e-30 m^2  Cq=       -61.4235 MHz  eta= 0.20786

     H   13    Vxx=   -0.0903    axis=( -0.780527  0.371438 -0.502804)
     H   13    Vyy=   -0.4299    axis=( -0.609928 -0.628762  0.482333)
     H   13    Vzz=    0.5202    axis=( -0.136988  0.683149  0.717316)
     H   13  Q=         1.0000 1e-30 m^2  Cq=         1.2222 MHz  eta= 0.65290

     C   14    Vxx=    0.0066    axis=( -0.003204  0.977571 -0.210582)
     C   14    Vyy=    0.4940    axis=( -0.949299 -0.069173 -0.306670)
     C   14    Vzz=   -0.5006    axis=( -0.314359  0.198923  0.928229)
     C   14  Q=         1.0000 1e-30 m^2  Cq=        -1.1762 MHz  eta= 0.97349

     H   15    Vxx=   -0.1223    axis=( -0.435075  0.263805  0.860881)
     H   15    Vyy=   -0.5944    axis=( -0.202858 -0.960253  0.191735)
     H   15    Vzz=    0.7166    axis=(  0.877245 -0.091217  0.471297)
     H   15  Q=         1.0000 1e-30 m^2  Cq=         1.6838 MHz  eta= 0.65877

     C   16    Vxx=   -0.0245    axis=( -0.445174 -0.426122  0.787554)
     C   16    Vyy=   -0.5521    axis=( -0.894558  0.250763 -0.369979)
     C   16    Vzz=    0.5766    axis=( -0.039833 -0.869217 -0.492824)
     C   16  Q=         1.0000 1e-30 m^2  Cq=         1.3549 MHz  eta= 0.91499

     C   17    Vxx=    0.0299    axis=( -0.254818  0.943936 -0.209889)
     C   17    Vyy=    0.4030    axis=( -0.925925 -0.300761 -0.228486)
     C   17    Vzz=   -0.4329    axis=( -0.278802  0.136119  0.950653)
     C   17  Q=         1.0000 1e-30 m^2  Cq=        -1.0172 MHz  eta= 0.86183

     Cl  18    Vxx=   -1.3380    axis=(  0.687346  0.362079  0.629646)
     Cl  18    Vyy=   -1.4785    axis=( -0.408555 -0.524009  0.747326)
     Cl  18    Vzz=    2.8165    axis=( -0.600532  0.770917  0.212246)
     Cl  18  Q=        -8.1650 1e-30 m^2  Cq=       -54.0336 MHz  eta= 0.04986

     H   19    Vxx=   -0.0820    axis=(  0.992715  0.114188  0.038434)
     H   19    Vyy=   -0.7995    axis=( -0.090218  0.493083  0.865292)
     H   19    Vzz=    0.8814    axis=(  0.079855 -0.862456  0.499793)
     H   19  Q=         1.0000 1e-30 m^2  Cq=         2.0710 MHz  eta= 0.81400

     C   20    Vxx=    0.0073    axis=(  0.622551  0.699749  0.350403)
     C   20    Vyy=    0.4696    axis=( -0.386036  0.664079 -0.640293)
     C   20    Vzz=   -0.4769    axis=( -0.680740  0.263347  0.683551)
     C   20  Q=         1.0000 1e-30 m^2  Cq=        -1.1205 MHz  eta= 0.96923

     H   21    Vxx=   -0.0922    axis=( -0.488305 -0.524882  0.697178)
     H   21    Vyy=   -0.8025    axis=(  0.071399  0.772192  0.631366)
     H   21    Vzz=    0.8947    axis=(  0.869747 -0.358077  0.339589)
     H   21  Q=         1.0000 1e-30 m^2  Cq=         2.1023 MHz  eta= 0.79379

     C   22    Vxx=    0.0455    axis=( -0.346395  0.817557 -0.460012)
     C   22    Vyy=    0.4746    axis=( -0.920870 -0.389870  0.000531)
     C   22    Vzz=   -0.5202    axis=( -0.178910  0.423795  0.887913)
     C   22  Q=         1.0000 1e-30 m^2  Cq=        -1.2222 MHz  eta= 0.82493

     C   23    Vxx=    0.0749    axis=( -0.221291  0.256901  0.940762)
     C   23    Vyy=    0.4068    axis=(  0.186923 -0.935618  0.299465)
     C   23    Vzz=   -0.4817    axis=(  0.957126  0.242119  0.159023)
     C   23  Q=         1.0000 1e-30 m^2  Cq=        -1.1318 MHz  eta= 0.68889

     Cl  24    Vxx=    0.1988    axis=(  0.956489 -0.151164 -0.249556)
     Cl  24    Vyy=    2.2763    axis=(  0.198927  0.963571  0.178774)
     Cl  24    Vzz=   -2.4751    axis=(  0.213440 -0.220638  0.951715)
     Cl  24  Q=        -8.1650 1e-30 m^2  Cq=        47.4839 MHz  eta= 0.83936

     Initialization:
     gipaw_setup  :      9.16s CPU     10.93s WALL (       1 calls)

     Linear response

     Apply operators

     Induced current

     Other routines
     efg          :      9.25s CPU     12.36s WALL (       1 calls)

     General routines
     calbec       :      3.23s CPU      4.40s WALL (      16 calls)
     fft          :      1.60s CPU      2.42s WALL (      15 calls)
     ffts         :      0.04s CPU      0.08s WALL (       2 calls)
     fftw         :      3.36s CPU      4.64s WALL (     672 calls)
     davcio       :      0.02s CPU      0.31s WALL (      32 calls)

     Parallel routines
     fft_scatter  :      2.48s CPU      4.30s WALL (     689 calls)

     Plugins

     GIPAW        :     61.77s CPU     78.88s WALL (       1 calls)
