
     Program QE v.6.0 (svn rev. 13079) starts on 29Dec2016 at 20:46:56 

     This program is part of the open-source Quantum ESPRESSO suite
     for quantum simulation of materials; please cite
         "P. Giannozzi et al., J. Phys.:Condens. Matter 21 395502 (2009);
          URL http://www.quantum-espresso.org", 
     in publications or presentations arising from this work. More details at
     http://www.quantum-espresso.org/quote

     Parallel version (MPI), running on     8 processors
     R & G space division:  proc/nbgrp/npool/nimage =       8

     ***** This is GIPAW svn revision unknown      *****

     Parallelizing q-star over 1 images

     Reading data from directory:
     /users/majewski/paradichlorobenzene/pbe/9_constraint/scratch/pbe.ecut100.np8.dt60.pcl2phi-129368.save
     Message from routine read_xml_file:
     file /users/majewski/paradichlorobenzene/pbe/9_constraint/scratch/pbe.ecut100.np8.dt60.pcl2phi-129368.save not guaranteed to be safe for post-processing

   Info: using nr1, nr2, nr3 values from input

   Info: using nr1, nr2, nr3 values from input

     IMPORTANT: XC functional enforced from input :
     Exchange-correlation      =  SLA  PW   PBX  PBC ( 1  4  3  4 0 0)
     Any further DFT definition will be discarded
     Please, verify this is what you really want

               file C.pbe-n-kjpaw_psl.1.0.0.UPF: wavefunction(s)  2S 2P renormalized
               file Cl.pbe-n-kjpaw_psl.1.0.0.UPF: wavefunction(s)  3S 3P renormalized
               file H.pbe-kjpaw_psl.1.0.0.UPF: wavefunction(s)  1S renormalized

     Parallelization info
     --------------------
     sticks:   dense  smooth     PW     G-vecs:    dense   smooth      PW
     Min        3057    1223    332               144436    36536    5170
     Max        3059    1225    333               144437    36537    5171
     Sum       24467    9791   2657              1155489   292295   41363


     Subspace diagonalization in iterative solution of the eigenvalue problem:
     a serial algorithm will be used

     GIPAW projectors -----------------------------------------------
     atom=  C    l=0  rc=    1.2000  rs=    0.8000
     atom=  C    l=0  rc=    1.2000  rs=    0.8000
     atom=  C    l=1  rc=    1.4000  rs=    0.9333
     atom=  C    l=1  rc=    1.4000  rs=    0.9333
     projs nearly linearly dependent: l=1  n1,n2= 1, 2  s=  0.99951561

     atom=  Cl   l=0  rc=    1.6000  rs=    1.0667
     atom=  Cl   l=0  rc=    1.6000  rs=    1.0667
     atom=  Cl   l=1  rc=    1.6000  rs=    1.0667
     atom=  Cl   l=1  rc=    1.6000  rs=    1.0667
     atom=  Cl   l=2  rc=    1.6000  rs=    1.0667
     atom=  Cl   l=2  rc=    1.6000  rs=    1.0667
     projs nearly linearly dependent: l=2  n1,n2= 1, 2  s=  0.99993509

     atom=  H    l=0  rc=    1.0000  rs=    0.6667
     atom=  H    l=0  rc=    1.0000  rs=    0.6667
     projs nearly linearly dependent: l=0  n1,n2= 1, 2  s=  0.99968852
     -----------------------------------------------------------------

     GIPAW integrals: -------------------------------------------
     Atom  i/j   nmr_para   nmr_dia   epr_rmc  epr_para   epr_dia
       C   1 1   0.83E+03  0.17E-01  0.93E+01  0.24E+08  0.24E+03
       C   2 1   0.86E+03 -0.61E-01  0.94E+01  0.25E+08  0.25E+03
       C   2 2   0.90E+03 -0.15E+00  0.97E+01  0.26E+08  0.26E+03
       C   3 3   0.33E+01  0.34E+00  0.18E+01  0.55E+03  0.21E+02
       C   4 3   0.35E+01  0.37E+00  0.20E+01  0.59E+03  0.22E+02
       C   4 4   0.38E+01  0.39E+00  0.22E+01  0.63E+03  0.24E+02
       Cl  1 1   0.14E+04 -0.47E+00  0.84E+01  0.32E+09  0.42E+03
       Cl  2 1   0.21E+04 -0.37E+00  0.12E+02  0.49E+09  0.65E+03
       Cl  2 2   0.33E+04 -0.16E+00  0.21E+02  0.76E+09  0.10E+04
       Cl  3 3   0.21E+02  0.79E-01  0.89E+01  0.23E+05  0.13E+03
       Cl  4 3   0.24E+02  0.67E-01  0.99E+01  0.27E+05  0.15E+03
       Cl  4 4   0.28E+02  0.44E-01  0.11E+02  0.32E+05  0.18E+03
       Cl  5 5   0.77E+00  0.19E+00  0.18E+01  0.12E+03  0.22E+02
       Cl  6 5   0.80E+00  0.19E+00  0.19E+01  0.12E+03  0.23E+02
       Cl  6 6   0.83E+00  0.20E+00  0.19E+01  0.12E+03  0.23E+02
       H   1 1   0.39E+02  0.19E+00  0.29E+00  0.78E+05  0.13E+02
       H   2 1   0.41E+02  0.21E+00  0.32E+00  0.82E+05  0.14E+02
       H   2 2   0.43E+02  0.22E+00  0.36E+00  0.86E+05  0.15E+02
     ------------------------------------------------------------

     alpha_pv=     34.2801 eV

     Number of occupied bands for each k-point:
     k-point:     1    nbnd_occ=  42
     k-point:     2    nbnd_occ=  42
     k-point:     3    nbnd_occ=  42
     k-point:     4    nbnd_occ=  42
     k-point:     5    nbnd_occ=  42
     k-point:     6    nbnd_occ=  42
     k-point:     7    nbnd_occ=  42
     k-point:     8    nbnd_occ=  42
     k-point:     9    nbnd_occ=  42
     k-point:    10    nbnd_occ=  42
     k-point:    11    nbnd_occ=  42
     k-point:    12    nbnd_occ=  42
     k-point:    13    nbnd_occ=  42
     k-point:    14    nbnd_occ=  42
     k-point:    15    nbnd_occ=  42
     k-point:    16    nbnd_occ=  42


     q-space interpolation up to   110.00 Rydberg

     GIPAW job: efg                                                                             


     ELECTRIC FIELD GRADIENTS TENSORS IN Hartree/bohrradius^2:

     ----- bare term -----
     Cl   1       -0.192271        0.245382       -0.041188
     Cl   1        0.245382        0.110222       -0.119882
     Cl   1       -0.041188       -0.119882        0.082049

     C    2        0.000872        0.119488       -0.172333
     C    2        0.119488        0.028968       -0.641064
     C    2       -0.172333       -0.641064       -0.029840

     C    3       -0.521679        0.328760       -0.214087
     C    3        0.328760        0.194256       -0.285072
     C    3       -0.214087       -0.285072        0.327424

     H    4       -0.378088       -0.535310       -0.193904
     H    4       -0.535310        0.023178       -0.034719
     H    4       -0.193904       -0.034719        0.354911

     C    5       -0.008014        0.220286       -0.055233
     C    5        0.220286       -0.112278       -0.389244
     C    5       -0.055233       -0.389244        0.120291

     H    6        0.435391       -0.221900       -0.029716
     H    6       -0.221900       -0.773322       -0.284074
     H    6       -0.029716       -0.284074        0.337931

     H    7        0.081695       -0.069931       -0.345525
     H    7       -0.069931       -0.232256        0.460447
     H    7       -0.345525        0.460447        0.150561

     C    8       -0.636588       -0.314226       -0.215577
     C    8       -0.314226        0.255296        0.161922
     C    8       -0.215577        0.161922        0.381292

     H    9        0.052758       -0.148689       -0.449672
     H    9       -0.148689       -0.011603       -0.207980
     H    9       -0.449672       -0.207980       -0.041155

     C   10        0.094569        0.011389       -0.228362
     C   10        0.011389       -0.053009        0.621209
     C   10       -0.228362        0.621209       -0.041560

     C   11       -0.640894       -0.438374       -0.253807
     C   11       -0.438374        0.248764        0.206747
     C   11       -0.253807        0.206747        0.392130

     Cl  12        0.074282       -0.061656       -0.003527
     Cl  12       -0.061656       -0.057540       -0.012377
     Cl  12       -0.003527       -0.012377       -0.016741

     H   13        0.317957       -0.042113       -0.081114
     H   13       -0.042113       -0.521112       -0.604134
     H   13       -0.081114       -0.604134        0.203155

     C   14       -0.818639        0.405056       -0.394082
     C   14        0.405056        0.483041       -0.159627
     C   14       -0.394082       -0.159627        0.335598

     H   15       -0.490020        0.002917       -0.363901
     H   15        0.002917        0.224769       -0.291312
     H   15       -0.363901       -0.291312        0.265251

     C   16        0.039138        0.203918       -0.135789
     C   16        0.203918       -0.117372       -0.579867
     C   16       -0.135789       -0.579867        0.078234

     C   17       -0.485805        0.397923       -0.448778
     C   17        0.397923        0.283787       -0.139593
     C   17       -0.448778       -0.139593        0.202018

     Cl  18       -0.022008        0.123255       -0.061315
     Cl  18        0.123255        0.120830       -0.058552
     Cl  18       -0.061315       -0.058552       -0.098822

     H   19        0.429978       -0.077736        0.016687
     H   19       -0.077736       -0.688364        0.452935
     H   19        0.016687        0.452935        0.258386

     C   20       -0.121008        0.229326       -0.424260
     C   20        0.229326       -0.051535        0.412613
     C   20       -0.424260        0.412613        0.172543

     H   21        0.052832        0.052689       -0.255190
     H   21        0.052689        0.256169        0.507890
     H   21       -0.255190        0.507890       -0.309000

     C   22       -0.563109       -0.347045       -0.392070
     C   22       -0.347045        0.142190        0.015036
     C   22       -0.392070        0.015036        0.420920

     C   23        0.028041        0.316318       -0.452715
     C   23        0.316318       -0.221897        0.500193
     C   23       -0.452715        0.500193        0.193855

     Cl  24       -0.281890       -0.271613       -0.115555
     Cl  24       -0.271613        0.021453       -0.119147
     Cl  24       -0.115555       -0.119147        0.260437

     ----- ionic term -----
     Cl   1        0.138672       -0.196576       -0.003859
     Cl   1       -0.196576        0.022440        0.014256
     Cl   1       -0.003859        0.014256       -0.161112

     C    2        0.246207       -0.146842        0.208480
     C    2       -0.146842        0.136127        0.417419
     C    2        0.208480        0.417419       -0.382334

     C    3        0.136140       -0.269847        0.151850
     C    3       -0.269847        0.204943        0.420635
     C    3        0.151850        0.420635       -0.341084

     H    4        0.651861        0.230043        0.670631
     H    4        0.230043       -0.467696        0.218933
     H    4        0.670631        0.218933       -0.184165

     C    5        0.249925       -0.206396        0.216091
     C    5       -0.206396        0.090989        0.329348
     C    5        0.216091        0.329348       -0.340914

     H    6       -0.534563        0.014193        0.014804
     H    6        0.014193        0.641644        0.721383
     H    6        0.014804        0.721383       -0.107081

     H    7       -0.516665       -0.188882        0.124336
     H    7       -0.188882        0.600649       -0.718349
     H    7        0.124336       -0.718349       -0.083984

     C    8        0.162557        0.239844        0.305464
     C    8        0.239844        0.127367       -0.257172
     C    8        0.305464       -0.257172       -0.289923

     H    9        0.386405       -0.055220        0.792813
     H    9       -0.055220       -0.476112       -0.122846
     H    9        0.792813       -0.122846        0.089707

     C   10        0.019396        0.349483        0.243740
     C   10        0.349483        0.245179       -0.342123
     C   10        0.243740       -0.342123       -0.264576

     C   11        0.080723        0.269751        0.268952
     C   11        0.269751        0.154160       -0.412610
     C   11        0.268952       -0.412610       -0.234883

     Cl  12        0.122625        0.241425       -0.012362
     Cl  12        0.241425        0.031658       -0.014326
     Cl  12       -0.012362       -0.014326       -0.154283

     H   13       -0.465447        0.257059        0.112163
     H   13        0.257059        0.770093        0.586218
     H   13        0.112163        0.586218       -0.304645

     C   14        0.325588       -0.082030        0.233895
     C   14       -0.082030        0.102505        0.284096
     C   14        0.233895        0.284096       -0.428092

     H   15        0.670935        0.424528        0.557414
     H   15        0.424528       -0.317092        0.254027
     H   15        0.557414        0.254027       -0.353843

     C   16        0.158494       -0.149927        0.168747
     C   16       -0.149927        0.244365        0.376053
     C   16        0.168747        0.376053       -0.402859

     C   17        0.231539       -0.134934        0.294512
     C   17       -0.134934        0.141407        0.368742
     C   17        0.294512        0.368742       -0.372946

     Cl  18        0.158349       -0.223568        0.024232
     Cl  18       -0.223568       -0.003618       -0.001154
     Cl  18        0.024232       -0.001154       -0.154731

     H   19       -0.499537       -0.104372        0.087222
     H   19       -0.104372        0.724715       -0.650349
     H   19        0.087222       -0.650349       -0.225178

     C   20        0.237070        0.276314        0.337678
     C   20        0.276314        0.055829       -0.244854
     C   20        0.337678       -0.244854       -0.292899

     H   21        0.368468       -0.246866        0.798697
     H   21       -0.246866       -0.450248       -0.279529
     H   21        0.798697       -0.279529        0.081780

     C   22        0.092024        0.291114        0.247266
     C   22        0.291114        0.172222       -0.365684
     C   22        0.247266       -0.365684       -0.264245

     C   23        0.148734        0.251212        0.266415
     C   23        0.251212        0.119438       -0.363730
     C   23        0.266415       -0.363730       -0.268172

     Cl  24        0.141516        0.208533        0.013861
     Cl  24        0.208533        0.013360       -0.000292
     Cl  24        0.013861       -0.000292       -0.154876

     ----- GIPAW term -----
     Cl   1       -0.546144       -0.020401       -0.705646
     Cl   1       -0.020401        1.798250       -1.819546
     Cl   1       -0.705646       -1.819546       -1.252106

     C    2       -0.029265        0.054625       -0.055066
     C    2        0.054625        0.177355       -0.162911
     C    2       -0.055066       -0.162911       -0.148090

     C    3       -0.172172        0.109230       -0.070025
     C    3        0.109230        0.213943       -0.129950
     C    3       -0.070025       -0.129950       -0.041771

     H    4       -0.000000        0.000000        0.000000
     H    4        0.000000        0.000000        0.000000
     H    4        0.000000        0.000000        0.000000

     C    5       -0.044168        0.133881        0.016798
     C    5        0.133881        0.172894       -0.056458
     C    5        0.016798       -0.056458       -0.128726

     H    6       -0.000000        0.000000        0.000000
     H    6        0.000000        0.000000        0.000000
     H    6        0.000000        0.000000        0.000000

     H    7       -0.000000        0.000000        0.000000
     H    7        0.000000        0.000000        0.000000
     H    7        0.000000        0.000000        0.000000

     C    8       -0.084906        0.162971       -0.005836
     C    8        0.162971        0.193890       -0.011436
     C    8       -0.005836       -0.011436       -0.108984

     H    9       -0.000000        0.000000        0.000000
     H    9        0.000000        0.000000        0.000000
     H    9        0.000000        0.000000        0.000000

     C   10       -0.094505        0.065631       -0.022628
     C   10        0.065631        0.232091        0.099307
     C   10       -0.022628        0.099307       -0.137586

     C   11       -0.141967        0.066827       -0.011146
     C   11        0.066827        0.245388        0.062914
     C   11       -0.011146        0.062914       -0.103421

     Cl  12       -0.098349        0.705183        0.033169
     Cl  12        0.705183        2.512312       -0.537971
     Cl  12        0.033169       -0.537971       -2.413962

     H   13       -0.000000        0.000000        0.000000
     H   13        0.000000        0.000000        0.000000
     H   13        0.000000        0.000000        0.000000

     C   14       -0.226126        0.111841       -0.044259
     C   14        0.111841        0.302934        0.011978
     C   14       -0.044259        0.011978       -0.076808

     H   15       -0.000000        0.000000        0.000000
     H   15        0.000000        0.000000        0.000000
     H   15        0.000000        0.000000        0.000000

     C   16       -0.116922        0.040133       -0.002528
     C   16        0.040133        0.257378        0.007446
     C   16       -0.002528        0.007446       -0.140457

     C   17       -0.067274        0.132240       -0.054948
     C   17        0.132240        0.213677       -0.008145
     C   17       -0.054948       -0.008145       -0.146402

     Cl  18        0.489999       -0.238049       -0.537046
     Cl  18       -0.238049        2.030796       -0.875610
     Cl  18       -0.537046       -0.875610       -2.520796

     H   19       -0.000000        0.000000        0.000000
     H   19        0.000000        0.000000        0.000000
     H   19        0.000000        0.000000        0.000000

     C   20       -0.050481        0.189786       -0.119904
     C   20        0.189786        0.113753       -0.045401
     C   20       -0.119904       -0.045401       -0.063272

     H   21       -0.000000        0.000000        0.000000
     H   21        0.000000        0.000000        0.000000
     H   21        0.000000        0.000000        0.000000

     C   22       -0.115788        0.104138       -0.157858
     C   22        0.104138        0.100995       -0.163954
     C   22       -0.157858       -0.163954        0.014794

     C   23       -0.009890        0.236712       -0.132835
     C   23        0.236712        0.049180       -0.100642
     C   23       -0.132835       -0.100642       -0.039290

     Cl  24       -0.223720        1.819383       -1.229230
     Cl  24        1.819383        0.559828       -1.565423
     Cl  24       -1.229230       -1.565423       -0.336108

     ----- total EFG -----
     Cl   1       -0.599743        0.028405       -0.750693
     Cl   1        0.028405        1.930912       -1.925173
     Cl   1       -0.750693       -1.925173       -1.331169

     C    2        0.217814        0.027270       -0.018919
     C    2        0.027270        0.342450       -0.386556
     C    2       -0.018919       -0.386556       -0.560264

     C    3       -0.557711        0.168143       -0.132261
     C    3        0.168143        0.613142        0.005612
     C    3       -0.132261        0.005612       -0.055431

     H    4        0.273773       -0.305267        0.476726
     H    4       -0.305267       -0.444519        0.184215
     H    4        0.476726        0.184215        0.170746

     C    5        0.197744        0.147771        0.177656
     C    5        0.147771        0.151606       -0.116354
     C    5        0.177656       -0.116354       -0.349349

     H    6       -0.099172       -0.207707       -0.014913
     H    6       -0.207707       -0.131678        0.437309
     H    6       -0.014913        0.437309        0.230850

     H    7       -0.434970       -0.258814       -0.221190
     H    7       -0.258814        0.368393       -0.257901
     H    7       -0.221190       -0.257901        0.066577

     C    8       -0.558937        0.088588        0.084050
     C    8        0.088588        0.576553       -0.106686
     C    8        0.084050       -0.106686       -0.017616

     H    9        0.439163       -0.203909        0.343141
     H    9       -0.203909       -0.487715       -0.330827
     H    9        0.343141       -0.330827        0.048552

     C   10        0.019460        0.426502       -0.007249
     C   10        0.426502        0.424261        0.378392
     C   10       -0.007249        0.378392       -0.443721

     C   11       -0.702138       -0.101796        0.003998
     C   11       -0.101796        0.648312       -0.142949
     C   11        0.003998       -0.142949        0.053827

     Cl  12        0.098557        0.884953        0.017279
     Cl  12        0.884953        2.486430       -0.564674
     Cl  12        0.017279       -0.564674       -2.584987

     H   13       -0.147490        0.214945        0.031049
     H   13        0.214945        0.248981       -0.017917
     H   13        0.031049       -0.017917       -0.101491

     C   14       -0.719177        0.434866       -0.204446
     C   14        0.434866        0.888479        0.136447
     C   14       -0.204446        0.136447       -0.169302

     H   15        0.180915        0.427445        0.193514
     H   15        0.427445       -0.092323       -0.037285
     H   15        0.193514       -0.037285       -0.088592

     C   16        0.080711        0.094124        0.030429
     C   16        0.094124        0.384371       -0.196368
     C   16        0.030429       -0.196368       -0.465082

     C   17       -0.321540        0.395228       -0.209213
     C   17        0.395228        0.638871        0.221004
     C   17       -0.209213        0.221004       -0.317331

     Cl  18        0.626341       -0.338362       -0.574129
     Cl  18       -0.338362        2.148008       -0.935316
     Cl  18       -0.574129       -0.935316       -2.774349

     H   19       -0.069559       -0.182108        0.103908
     H   19       -0.182108        0.036351       -0.197413
     H   19        0.103908       -0.197413        0.033208

     C   20        0.065581        0.695426       -0.206487
     C   20        0.695426        0.118047        0.122358
     C   20       -0.206487        0.122358       -0.183628

     H   21        0.421300       -0.194177        0.543508
     H   21       -0.194177       -0.194079        0.228360
     H   21        0.543508        0.228360       -0.227221

     C   22       -0.586874        0.048206       -0.302662
     C   22        0.048206        0.415406       -0.514602
     C   22       -0.302662       -0.514602        0.171468

     C   23        0.166885        0.804242       -0.319135
     C   23        0.804242       -0.053279        0.035821
     C   23       -0.319135        0.035821       -0.113606

     Cl  24       -0.364094        1.756302       -1.330924
     Cl  24        1.756302        0.594641       -1.684862
     Cl  24       -1.330924       -1.684862       -0.230547

     ----- total EFG (symmetrized) -----
     Cl   1       -0.599743        0.028405       -0.750693
     Cl   1        0.028405        1.930912       -1.925173
     Cl   1       -0.750693       -1.925173       -1.331169

     C    2        0.217814        0.027270       -0.018919
     C    2        0.027270        0.342450       -0.386556
     C    2       -0.018919       -0.386556       -0.560264

     C    3       -0.557711        0.168143       -0.132261
     C    3        0.168143        0.613142        0.005612
     C    3       -0.132261        0.005612       -0.055431

     H    4        0.273773       -0.305267        0.476726
     H    4       -0.305267       -0.444519        0.184215
     H    4        0.476726        0.184215        0.170746

     C    5        0.197744        0.147771        0.177656
     C    5        0.147771        0.151606       -0.116354
     C    5        0.177656       -0.116354       -0.349349

     H    6       -0.099172       -0.207707       -0.014913
     H    6       -0.207707       -0.131678        0.437309
     H    6       -0.014913        0.437309        0.230850

     H    7       -0.434970       -0.258814       -0.221190
     H    7       -0.258814        0.368393       -0.257901
     H    7       -0.221190       -0.257901        0.066577

     C    8       -0.558937        0.088588        0.084050
     C    8        0.088588        0.576553       -0.106686
     C    8        0.084050       -0.106686       -0.017616

     H    9        0.439163       -0.203909        0.343141
     H    9       -0.203909       -0.487715       -0.330827
     H    9        0.343141       -0.330827        0.048552

     C   10        0.019460        0.426502       -0.007249
     C   10        0.426502        0.424261        0.378392
     C   10       -0.007249        0.378392       -0.443721

     C   11       -0.702138       -0.101796        0.003998
     C   11       -0.101796        0.648312       -0.142949
     C   11        0.003998       -0.142949        0.053827

     Cl  12        0.098557        0.884953        0.017279
     Cl  12        0.884953        2.486430       -0.564674
     Cl  12        0.017279       -0.564674       -2.584987

     H   13       -0.147490        0.214945        0.031049
     H   13        0.214945        0.248981       -0.017917
     H   13        0.031049       -0.017917       -0.101491

     C   14       -0.719177        0.434866       -0.204446
     C   14        0.434866        0.888479        0.136447
     C   14       -0.204446        0.136447       -0.169302

     H   15        0.180915        0.427445        0.193514
     H   15        0.427445       -0.092323       -0.037285
     H   15        0.193514       -0.037285       -0.088592

     C   16        0.080711        0.094124        0.030429
     C   16        0.094124        0.384371       -0.196368
     C   16        0.030429       -0.196368       -0.465082

     C   17       -0.321540        0.395228       -0.209213
     C   17        0.395228        0.638871        0.221004
     C   17       -0.209213        0.221004       -0.317331

     Cl  18        0.626341       -0.338362       -0.574129
     Cl  18       -0.338362        2.148008       -0.935316
     Cl  18       -0.574129       -0.935316       -2.774349

     H   19       -0.069559       -0.182108        0.103908
     H   19       -0.182108        0.036351       -0.197413
     H   19        0.103908       -0.197413        0.033208

     C   20        0.065581        0.695426       -0.206487
     C   20        0.695426        0.118047        0.122358
     C   20       -0.206487        0.122358       -0.183628

     H   21        0.421300       -0.194177        0.543508
     H   21       -0.194177       -0.194079        0.228360
     H   21        0.543508        0.228360       -0.227221

     C   22       -0.586874        0.048206       -0.302662
     C   22        0.048206        0.415406       -0.514602
     C   22       -0.302662       -0.514602        0.171468

     C   23        0.166885        0.804242       -0.319135
     C   23        0.804242       -0.053279        0.035821
     C   23       -0.319135        0.035821       -0.113606

     Cl  24       -0.364094        1.756302       -1.330924
     Cl  24        1.756302        0.594641       -1.684862
     Cl  24       -1.330924       -1.684862       -0.230547


     NQR/NMR SPECTROSCOPIC PARAMETERS:
     Cl   1    Vxx=   -0.3916    axis=(  0.934649 -0.233626 -0.268049)
     Cl   1    Vyy=   -2.4661    axis=(  0.340983  0.375190  0.861953)
     Cl   1    Vzz=    2.8577    axis=( -0.100806 -0.897024  0.430333)
     Cl   1  Q=        -8.1650 1e-30 m^2  Cq=       -54.8231 MHz  eta= 0.72597

     C    2    Vxx=    0.2141    axis=(  0.993015 -0.113457  0.032377)
     C    2    Vyy=    0.4892    axis=(  0.117642  0.931159 -0.345113)
     C    2    Vzz=   -0.7032    axis=(  0.009007  0.346511  0.938003)
     C    2  Q=         1.0000 1e-30 m^2  Cq=        -1.6523 MHz  eta= 0.39116

     C    3    Vxx=   -0.0245    axis=( -0.225309  0.050849  0.972960)
     C    3    Vyy=   -0.6125    axis=( -0.963973  0.133295 -0.230194)
     C    3    Vzz=    0.6371    axis=( -0.141395 -0.989771  0.018985)
     C    3  Q=         1.0000 1e-30 m^2  Cq=         1.4968 MHz  eta= 0.92305

     H    4    Vxx=   -0.0028    axis=( -0.467883  0.595664  0.652893)
     H    4    Vyy=   -0.7094    axis=(  0.445312  0.797005 -0.408020)
     H    4    Vzz=    0.7122    axis=(  0.763402 -0.099835  0.638162)
     H    4  Q=         1.0000 1e-30 m^2  Cq=         1.6734 MHz  eta= 0.99207

     C    5    Vxx=    0.1121    axis=( -0.511747  0.765498 -0.390037)
     C    5    Vyy=    0.3307    axis=(  0.800148  0.589983  0.108086)
     C    5    Vzz=   -0.4428    axis=( -0.312855  0.256775  0.914433)
     C    5  Q=         1.0000 1e-30 m^2  Cq=        -1.0404 MHz  eta= 0.49366

     H    6    Vxx=   -0.0543    axis=(  0.895497 -0.221255  0.386174)
     H    6    Vyy=   -0.4950    axis=(  0.396828  0.789805 -0.467691)
     H    6    Vzz=    0.5493    axis=( -0.201523  0.572061  0.795069)
     H    6  Q=         1.0000 1e-30 m^2  Cq=         1.2906 MHz  eta= 0.80235

     H    7    Vxx=    0.1001    axis=(  0.488051 -0.312579 -0.814924)
     H    7    Vyy=    0.5327    axis=( -0.141233  0.893086 -0.427143)
     H    7    Vzz=   -0.6328    axis=(  0.861313  0.323562  0.391725)
     H    7  Q=         1.0000 1e-30 m^2  Cq=        -1.4868 MHz  eta= 0.68355

     C    8    Vxx=   -0.0187    axis=(  0.175724  0.148276  0.973209)
     C    8    Vyy=   -0.5811    axis=( -0.982384  0.090258  0.163630)
     C    8    Vzz=    0.5998    axis=( -0.063577 -0.984819  0.161524)
     C    8  Q=         1.0000 1e-30 m^2  Cq=         1.4092 MHz  eta= 0.93766

     H    9    Vxx=   -0.0906    axis=(  0.597953  0.309082 -0.739541)
     H    9    Vyy=   -0.6469    axis=( -0.040370 -0.909876 -0.412912)
     H    9    Vzz=    0.7375    axis=( -0.800514  0.276758 -0.531585)
     H    9  Q=         1.0000 1e-30 m^2  Cq=         1.7329 MHz  eta= 0.75423

     C   10    Vxx=   -0.1460    axis=(  0.834116 -0.331111 -0.441154)
     C   10    Vyy=   -0.6325    axis=( -0.286502  0.423364 -0.859465)
     C   10    Vzz=    0.7785    axis=(  0.471347  0.843284  0.258271)
     C   10  Q=         1.0000 1e-30 m^2  Cq=         1.8293 MHz  eta= 0.62491

     C   11    Vxx=    0.0217    axis=( -0.025330  0.218436  0.975522)
     C   11    Vyy=    0.6881    axis=( -0.071870  0.972913 -0.219718)
     C   11    Vzz=   -0.7098    axis=( -0.997092 -0.075676 -0.008945)
     C   11  Q=         1.0000 1e-30 m^2  Cq=        -1.6678 MHz  eta= 0.93882

     Cl  12    Vxx=   -0.1787    axis=(  0.950994 -0.299442  0.077098)
     Cl  12    Vyy=   -2.6521    axis=(  0.043736 -0.116568 -0.992219)
     Cl  12    Vzz=    2.8308    axis=(  0.306100  0.946967 -0.097759)
     Cl  12  Q=        -8.1650 1e-30 m^2  Cq=       -54.3070 MHz  eta= 0.87375

     H   13    Vxx=   -0.0930    axis=(  0.216995 -0.085444  0.972426)
     H   13    Vyy=   -0.2502    axis=( -0.890114  0.391649  0.233040)
     H   13    Vzz=    0.3432    axis=( -0.400761 -0.916139  0.008931)
     H   13  Q=         1.0000 1e-30 m^2  Cq=         0.8063 MHz  eta= 0.45808

     C   14    Vxx=   -0.1017    axis=( -0.310789  0.005519  0.950463)
     C   14    Vyy=   -0.9028    axis=( -0.920710  0.246561 -0.302492)
     C   14    Vzz=    1.0045    axis=( -0.236016 -0.969112 -0.071547)
     C   14  Q=         1.0000 1e-30 m^2  Cq=         2.3601 MHz  eta= 0.79759

     H   15    Vxx=   -0.0607    axis=( -0.046371  0.433613 -0.899905)
     H   15    Vyy=   -0.4630    axis=( -0.588296  0.716218  0.375419)
     H   15    Vzz=    0.5236    axis=(  0.807315  0.546819  0.221881)
     H   15  Q=         1.0000 1e-30 m^2  Cq=         1.2303 MHz  eta= 0.76832

     C   16    Vxx=    0.0650    axis=(  0.969896 -0.204903  0.131594)
     C   16    Vyy=    0.4476    axis=(  0.228209  0.953367 -0.197516)
     C   16    Vzz=   -0.5125    axis=( -0.084986  0.221601  0.971427)
     C   16  Q=         1.0000 1e-30 m^2  Cq=        -1.2043 MHz  eta= 0.74654

     C   17    Vxx=   -0.1221    axis=(  0.622013 -0.097417 -0.776923)
     C   17    Vyy=   -0.6763    axis=( -0.719667  0.319822 -0.616274)
     C   17    Vzz=    0.7985    axis=( -0.308512 -0.942456 -0.128825)
     C   17  Q=         1.0000 1e-30 m^2  Cq=         1.8761 MHz  eta= 0.69411

     Cl  18    Vxx=    0.7013    axis=(  0.976143  0.105670 -0.189683)
     Cl  18    Vyy=    2.3515    axis=( -0.137418  0.977028 -0.162886)
     Cl  18    Vzz=   -3.0528    axis=(  0.168113  0.185066  0.968240)
     Cl  18  Q=        -8.1650 1e-30 m^2  Cq=        58.5666 MHz  eta= 0.54057

     H   19    Vxx=   -0.1187    axis=( -0.589952  0.274052  0.759508)
     H   19    Vyy=   -0.2163    axis=( -0.668875 -0.692772 -0.269580)
     H   19    Vzz=    0.3350    axis=(  0.452287 -0.667055  0.592009)
     H   19  Q=         1.0000 1e-30 m^2  Cq=         0.7872 MHz  eta= 0.29119

     C   20    Vxx=   -0.0825    axis=( -0.253915  0.324600  0.911132)
     C   20    Vyy=   -0.7085    axis=( -0.667993  0.622418 -0.407899)
     C   20    Vzz=    0.7910    axis=( -0.699509 -0.712202  0.058789)
     C   20  Q=         1.0000 1e-30 m^2  Cq=         1.8585 MHz  eta= 0.79142

     H   21    Vxx=   -0.0276    axis=(  0.191443 -0.863489 -0.466623)
     H   21    Vyy=   -0.7060    axis=(  0.444470  0.500145 -0.743169)
     H   21    Vzz=    0.7336    axis=(  0.875098 -0.065126  0.479544)
     H   21  Q=         1.0000 1e-30 m^2  Cq=         1.7236 MHz  eta= 0.92469

     C   22    Vxx=   -0.1478    axis=( -0.387379  0.639713  0.663855)
     C   22    Vyy=   -0.7107    axis=(  0.908226  0.141153  0.393957)
     C   22    Vzz=    0.8585    axis=(  0.158314  0.755541 -0.635684)
     C   22  Q=         1.0000 1e-30 m^2  Cq=         2.0171 MHz  eta= 0.65565

     C   23    Vxx=   -0.0801    axis=( -0.053849  0.382547  0.922366)
     C   23    Vyy=   -0.8357    axis=( -0.652641  0.685623 -0.322461)
     C   23    Vzz=    0.9158    axis=( -0.755751 -0.619338  0.212746)
     C   23  Q=         1.0000 1e-30 m^2  Cq=         2.1518 MHz  eta= 0.82503

     Cl  24    Vxx=   -1.5463    axis=(  0.165738  0.522324  0.836486)
     Cl  24    Vyy=   -1.7110    axis=( -0.838059  0.521682 -0.159703)
     Cl  24    Vzz=    3.2573    axis=( -0.519796 -0.674556  0.524201)
     Cl  24  Q=        -8.1650 1e-30 m^2  Cq=       -62.4900 MHz  eta= 0.05055

     Initialization:
     gipaw_setup  :      9.12s CPU     11.04s WALL (       1 calls)

     Linear response

     Apply operators

     Induced current

     Other routines
     efg          :      9.14s CPU     11.33s WALL (       1 calls)

     General routines
     calbec       :      3.18s CPU      3.95s WALL (      16 calls)
     fft          :      1.71s CPU      2.64s WALL (      15 calls)
     ffts         :      0.02s CPU      0.04s WALL (       2 calls)
     fftw         :      3.21s CPU      3.99s WALL (     672 calls)
     davcio       :      0.02s CPU      0.32s WALL (      32 calls)

     Parallel routines
     fft_scatter  :      2.28s CPU      3.88s WALL (     689 calls)

     Plugins

     GIPAW        :     61.02s CPU     73.60s WALL (       1 calls)
