
     Program QE v.6.0 (svn rev. 13079) starts on 28Dec2016 at 12:49:16 

     This program is part of the open-source Quantum ESPRESSO suite
     for quantum simulation of materials; please cite
         "P. Giannozzi et al., J. Phys.:Condens. Matter 21 395502 (2009);
          URL http://www.quantum-espresso.org", 
     in publications or presentations arising from this work. More details at
     http://www.quantum-espresso.org/quote

     Parallel version (MPI), running on     8 processors
     R & G space division:  proc/nbgrp/npool/nimage =       8

     ***** This is GIPAW svn revision unknown      *****

     Parallelizing q-star over 1 images

     Reading data from directory:
     /users/majewski/paradichlorobenzene/pbe/9_constraint/scratch/pbe.ecut100.np8.dt60.pcl2phi-129368.save
     Message from routine read_xml_file:
     file /users/majewski/paradichlorobenzene/pbe/9_constraint/scratch/pbe.ecut100.np8.dt60.pcl2phi-129368.save not guaranteed to be safe for post-processing

   Info: using nr1, nr2, nr3 values from input

   Info: using nr1, nr2, nr3 values from input

     IMPORTANT: XC functional enforced from input :
     Exchange-correlation      =  SLA  PW   PBX  PBC ( 1  4  3  4 0 0)
     Any further DFT definition will be discarded
     Please, verify this is what you really want

               file C.pbe-n-kjpaw_psl.1.0.0.UPF: wavefunction(s)  2S 2P renormalized
               file Cl.pbe-n-kjpaw_psl.1.0.0.UPF: wavefunction(s)  3S 3P renormalized
               file H.pbe-kjpaw_psl.1.0.0.UPF: wavefunction(s)  1S renormalized

     Parallelization info
     --------------------
     sticks:   dense  smooth     PW     G-vecs:    dense   smooth      PW
     Min        3057    1223    332               144436    36536    5170
     Max        3059    1225    333               144437    36537    5171
     Sum       24467    9791   2657              1155489   292295   41363


     Subspace diagonalization in iterative solution of the eigenvalue problem:
     a serial algorithm will be used

     GIPAW projectors -----------------------------------------------
     atom=  C    l=0  rc=    1.2000  rs=    0.8000
     atom=  C    l=0  rc=    1.2000  rs=    0.8000
     atom=  C    l=1  rc=    1.4000  rs=    0.9333
     atom=  C    l=1  rc=    1.4000  rs=    0.9333
     projs nearly linearly dependent: l=1  n1,n2= 1, 2  s=  0.99951561

     atom=  Cl   l=0  rc=    1.6000  rs=    1.0667
     atom=  Cl   l=0  rc=    1.6000  rs=    1.0667
     atom=  Cl   l=1  rc=    1.6000  rs=    1.0667
     atom=  Cl   l=1  rc=    1.6000  rs=    1.0667
     atom=  Cl   l=2  rc=    1.6000  rs=    1.0667
     atom=  Cl   l=2  rc=    1.6000  rs=    1.0667
     projs nearly linearly dependent: l=2  n1,n2= 1, 2  s=  0.99993509

     atom=  H    l=0  rc=    1.0000  rs=    0.6667
     atom=  H    l=0  rc=    1.0000  rs=    0.6667
     projs nearly linearly dependent: l=0  n1,n2= 1, 2  s=  0.99968852
     -----------------------------------------------------------------

     GIPAW integrals: -------------------------------------------
     Atom  i/j   nmr_para   nmr_dia   epr_rmc  epr_para   epr_dia
       C   1 1   0.83E+03  0.17E-01  0.93E+01  0.24E+08  0.24E+03
       C   2 1   0.86E+03 -0.61E-01  0.94E+01  0.25E+08  0.25E+03
       C   2 2   0.90E+03 -0.15E+00  0.97E+01  0.26E+08  0.26E+03
       C   3 3   0.33E+01  0.34E+00  0.18E+01  0.55E+03  0.21E+02
       C   4 3   0.35E+01  0.37E+00  0.20E+01  0.59E+03  0.22E+02
       C   4 4   0.38E+01  0.39E+00  0.22E+01  0.63E+03  0.24E+02
       Cl  1 1   0.14E+04 -0.47E+00  0.84E+01  0.32E+09  0.42E+03
       Cl  2 1   0.21E+04 -0.37E+00  0.12E+02  0.49E+09  0.65E+03
       Cl  2 2   0.33E+04 -0.16E+00  0.21E+02  0.76E+09  0.10E+04
       Cl  3 3   0.21E+02  0.79E-01  0.89E+01  0.23E+05  0.13E+03
       Cl  4 3   0.24E+02  0.67E-01  0.99E+01  0.27E+05  0.15E+03
       Cl  4 4   0.28E+02  0.44E-01  0.11E+02  0.32E+05  0.18E+03
       Cl  5 5   0.77E+00  0.19E+00  0.18E+01  0.12E+03  0.22E+02
       Cl  6 5   0.80E+00  0.19E+00  0.19E+01  0.12E+03  0.23E+02
       Cl  6 6   0.83E+00  0.20E+00  0.19E+01  0.12E+03  0.23E+02
       H   1 1   0.39E+02  0.19E+00  0.29E+00  0.78E+05  0.13E+02
       H   2 1   0.41E+02  0.21E+00  0.32E+00  0.82E+05  0.14E+02
       H   2 2   0.43E+02  0.22E+00  0.36E+00  0.86E+05  0.15E+02
     ------------------------------------------------------------

     alpha_pv=     34.4990 eV

     Number of occupied bands for each k-point:
     k-point:     1    nbnd_occ=  42
     k-point:     2    nbnd_occ=  42
     k-point:     3    nbnd_occ=  42
     k-point:     4    nbnd_occ=  42
     k-point:     5    nbnd_occ=  42
     k-point:     6    nbnd_occ=  42
     k-point:     7    nbnd_occ=  42
     k-point:     8    nbnd_occ=  42
     k-point:     9    nbnd_occ=  42
     k-point:    10    nbnd_occ=  42
     k-point:    11    nbnd_occ=  42
     k-point:    12    nbnd_occ=  42
     k-point:    13    nbnd_occ=  42
     k-point:    14    nbnd_occ=  42
     k-point:    15    nbnd_occ=  42
     k-point:    16    nbnd_occ=  42


     q-space interpolation up to   110.00 Rydberg

     GIPAW job: efg                                                                             


     ELECTRIC FIELD GRADIENTS TENSORS IN Hartree/bohrradius^2:

     ----- bare term -----
     Cl   1       -0.025998        0.006903       -0.004533
     Cl   1        0.006903       -0.013866        0.001796
     Cl   1       -0.004533        0.001796        0.039864

     C    2       -0.008190        0.296985       -0.154876
     C    2        0.296985       -0.280202       -0.501563
     C    2       -0.154876       -0.501563        0.288391

     C    3       -0.440356        0.173231       -0.254744
     C    3        0.173231       -0.112466       -0.355583
     C    3       -0.254744       -0.355583        0.552822

     H    4        0.060896       -0.105194       -0.477111
     H    4       -0.105194        0.483938       -0.055001
     H    4       -0.477111       -0.055001       -0.544835

     C    5       -0.203084        0.310817       -0.115586
     C    5        0.310817       -0.346996       -0.380133
     C    5       -0.115586       -0.380133        0.550080

     H    6        0.436986       -0.091871       -0.210857
     H    6       -0.091871       -0.066296       -0.509901
     H    6       -0.210857       -0.509901       -0.370690

     H    7        0.378713        0.082109       -0.051442
     H    7        0.082109       -0.546046        0.499982
     H    7       -0.051442        0.499982        0.167333

     C    8       -0.451374       -0.331515       -0.413752
     C    8       -0.331515       -0.048970        0.145954
     C    8       -0.413752        0.145954        0.500344

     H    9       -0.542432        0.429535        0.014107
     H    9        0.429535        0.307866       -0.008786
     H    9        0.014107       -0.008786        0.234566

     C   10       -0.062266       -0.101661       -0.391841
     C   10       -0.101661       -0.371101        0.496241
     C   10       -0.391841        0.496241        0.433367

     C   11       -0.352617       -0.195106       -0.380105
     C   11       -0.195106       -0.126740        0.424769
     C   11       -0.380105        0.424769        0.479357

     Cl  12       -0.084311        0.055698       -0.060572
     Cl  12        0.055698       -0.091798       -0.039503
     Cl  12       -0.060572       -0.039503        0.176108

     H   13        0.489924       -0.021095        0.143777
     H   13       -0.021095        0.089475       -0.138611
     H   13        0.143777       -0.138611       -0.579400

     C   14       -0.482163        0.302417       -0.361997
     C   14        0.302417        0.324143       -0.178814
     C   14       -0.361997       -0.178814        0.158020

     H   15        0.187872       -0.056972       -0.241656
     H   15       -0.056972        0.311324        0.227280
     H   15       -0.241656        0.227280       -0.499196

     C   16        0.154038        0.266673       -0.001511
     C   16        0.266673       -0.163303       -0.363711
     C   16       -0.001511       -0.363711        0.009265

     C   17       -0.408084        0.330521       -0.469374
     C   17        0.330521        0.250884       -0.272987
     C   17       -0.469374       -0.272987        0.157200

     Cl  18       -0.123148        0.073438       -0.116491
     Cl  18        0.073438       -0.091594       -0.095272
     Cl  18       -0.116491       -0.095272        0.214743

     H   19        0.345634       -0.211693       -0.094457
     H   19       -0.211693       -0.684519        0.173357
     H   19       -0.094457        0.173357        0.338885

     C   20       -0.257911        0.040908       -0.358275
     C   20        0.040908       -0.007383        0.532923
     C   20       -0.358275        0.532923        0.265294

     H   21       -0.203844        0.468390       -0.183635
     H   21        0.468390       -0.157143       -0.110516
     H   21       -0.183635       -0.110516        0.360987

     C   22       -0.449447       -0.345736       -0.114194
     C   22       -0.345736        0.029944        0.413367
     C   22       -0.114194        0.413367        0.419503

     C   23        0.003246        0.259971       -0.455981
     C   23        0.259971       -0.159431        0.567353
     C   23       -0.455981        0.567353        0.156185

     Cl  24       -0.195793       -0.152868       -0.002187
     Cl  24       -0.152868        0.119128        0.088044
     Cl  24       -0.002187        0.088044        0.076664

     ----- ionic term -----
     Cl   1        0.100940       -0.234699       -0.013817
     Cl   1       -0.234699        0.049265        0.015116
     Cl   1       -0.013817        0.015116       -0.150205

     C    2        0.084586       -0.334413        0.257120
     C    2       -0.334413        0.038827        0.385983
     C    2        0.257120        0.385983       -0.123413

     C    3        0.065955       -0.292406        0.203041
     C    3       -0.292406        0.074417        0.386664
     C    3        0.203041        0.386664       -0.140372

     H    4        0.391296        0.207101        0.767223
     H    4        0.207101       -0.497664        0.235220
     H    4        0.767223        0.235220        0.106368

     C    5        0.193737       -0.240578        0.333762
     C    5       -0.240578       -0.038121        0.274717
     C    5        0.333762        0.274717       -0.155616

     H    6       -0.535960        0.108193        0.094269
     H    6        0.108193        0.515545        0.778825
     H    6        0.094269        0.778825        0.020415

     H    7       -0.515683        0.048710       -0.025019
     H    7        0.048710        0.673240       -0.705977
     H    7       -0.025019       -0.705977       -0.157557

     C    8        0.360469        0.234386        0.184123
     C    8        0.234386        0.047378       -0.325388
     C    8        0.184123       -0.325388       -0.407847

     H    9        0.681322       -0.450540        0.539744
     H    9       -0.450540       -0.344598       -0.265276
     H    9        0.539744       -0.265276       -0.336724

     C   10        0.226018        0.215201        0.126914
     C   10        0.215201        0.175159       -0.423934
     C   10        0.126914       -0.423934       -0.401177

     C   11        0.226036        0.097950        0.171489
     C   11        0.097950        0.179761       -0.428901
     C   11        0.171489       -0.428901       -0.405797

     Cl  12        0.130890        0.217610       -0.001900
     Cl  12        0.217610        0.020140       -0.008330
     Cl  12       -0.001900       -0.008330       -0.151031

     H   13       -0.505382        0.061209        0.111516
     H   13        0.061209        0.266227        0.781237
     H   13        0.111516        0.781237        0.239155

     C   14        0.196761       -0.299534        0.343606
     C   14       -0.299534       -0.089669        0.251656
     C   14        0.343606        0.251656       -0.107092

     H   15        0.202842        0.130112        0.782898
     H   15        0.130112       -0.499156        0.231227
     H   15        0.782898        0.231227        0.296314

     C   16        0.031185       -0.344194        0.209785
     C   16       -0.344194        0.041467        0.387838
     C   16        0.209785        0.387838       -0.072652

     C   17        0.196915       -0.288407        0.351750
     C   17       -0.288407       -0.099807        0.347233
     C   17        0.351750        0.347233       -0.097108

     Cl  18        0.177901       -0.236931        0.047161
     Cl  18       -0.236931       -0.034334       -0.019951
     Cl  18        0.047161       -0.019951       -0.143566

     H   19       -0.496662        0.028027       -0.011900
     H   19        0.028027        0.807001       -0.608152
     H   19       -0.011900       -0.608152       -0.310339

     C   20        0.367896        0.175179        0.158904
     C   20        0.175179        0.131791       -0.289298
     C   20        0.158904       -0.289298       -0.499688

     H   21        0.722213       -0.496811        0.466148
     H   21       -0.496811       -0.298898       -0.236424
     H   21        0.466148       -0.236424       -0.423315

     C   22        0.218746        0.192555        0.127178
     C   22        0.192555        0.253298       -0.370903
     C   22        0.127178       -0.370903       -0.472044

     C   23        0.236119        0.123152        0.219054
     C   23        0.123152        0.162488       -0.391707
     C   23        0.219054       -0.391707       -0.398606

     Cl  24        0.148720        0.196364       -0.005832
     Cl  24        0.196364       -0.003285       -0.010064
     Cl  24       -0.005832       -0.010064       -0.145436

     ----- GIPAW term -----
     Cl   1        1.279302       -2.295505       -0.059502
     Cl   1       -2.295505        0.003722        0.011124
     Cl   1       -0.059502        0.011124       -1.283024

     C    2        0.134264        0.003116        0.025462
     C    2        0.003116       -0.056101       -0.043451
     C    2        0.025462       -0.043451       -0.078163

     C    3       -0.190875        0.000137       -0.002728
     C    3        0.000137       -0.086913       -0.052786
     C    3       -0.002728       -0.052786        0.277788

     H    4       -0.000000        0.000000        0.000000
     H    4        0.000000        0.000000        0.000000
     H    4        0.000000        0.000000        0.000000

     C    5       -0.063832        0.065139        0.054823
     C    5        0.065139       -0.167248       -0.027041
     C    5        0.054823       -0.027041        0.231079

     H    6       -0.000000        0.000000        0.000000
     H    6        0.000000        0.000000        0.000000
     H    6        0.000000        0.000000        0.000000

     H    7       -0.000000        0.000000        0.000000
     H    7        0.000000        0.000000        0.000000
     H    7        0.000000        0.000000        0.000000

     C    8       -0.009836        0.031833       -0.156840
     C    8        0.031833       -0.043096       -0.060111
     C    8       -0.156840       -0.060111        0.052932

     H    9       -0.000000        0.000000        0.000000
     H    9        0.000000        0.000000        0.000000
     H    9        0.000000        0.000000        0.000000

     C   10       -0.001451        0.007726       -0.218092
     C   10        0.007726       -0.136079        0.067298
     C   10       -0.218092        0.067298        0.137530

     C   11       -0.018659        0.057816       -0.186783
     C   11        0.057816       -0.106975        0.075421
     C   11       -0.186783        0.075421        0.125634

     Cl  12        0.408400        2.340780       -0.738695
     Cl  12        2.340780       -0.864791       -0.453332
     Cl  12       -0.738695       -0.453332        0.456390

     H   13       -0.000000        0.000000        0.000000
     H   13        0.000000        0.000000        0.000000
     H   13        0.000000        0.000000        0.000000

     C   14       -0.072417        0.139025       -0.089953
     C   14        0.139025        0.117115       -0.094978
     C   14       -0.089953       -0.094978       -0.044698

     H   15       -0.000000        0.000000        0.000000
     H   15        0.000000        0.000000        0.000000
     H   15        0.000000        0.000000        0.000000

     C   16       -0.012559        0.078517       -0.025775
     C   16        0.078517        0.052677       -0.085181
     C   16       -0.025775       -0.085181       -0.040118

     C   17       -0.034176        0.118374       -0.074653
     C   17        0.118374        0.208338       -0.030742
     C   17       -0.074653       -0.030742       -0.174162

     Cl  18        0.229121       -1.592047       -0.992047
     Cl  18       -1.592047       -0.703938       -0.967253
     Cl  18       -0.992047       -0.967253        0.474817

     H   19       -0.000000        0.000000        0.000000
     H   19        0.000000        0.000000        0.000000
     H   19        0.000000        0.000000        0.000000

     C   20       -0.055564        0.086922       -0.039491
     C   20        0.086922        0.088772        0.158728
     C   20       -0.039491        0.158728       -0.033208

     H   21       -0.000000        0.000000        0.000000
     H   21        0.000000        0.000000        0.000000
     H   21        0.000000        0.000000        0.000000

     C   22       -0.141657        0.045236        0.018161
     C   22        0.045236        0.151425        0.123706
     C   22        0.018161        0.123706       -0.009768

     C   23        0.073712        0.249689       -0.115444
     C   23        0.249689        0.024576        0.027395
     C   23       -0.115444        0.027395       -0.098288

     Cl  24        0.226707        1.697719       -0.064389
     Cl  24        1.697719        1.147597        0.702245
     Cl  24       -0.064389        0.702245       -1.374304

     ----- total EFG -----
     Cl   1        1.354244       -2.523301       -0.077851
     Cl   1       -2.523301        0.039121        0.028036
     Cl   1       -0.077851        0.028036       -1.393365

     C    2        0.210660       -0.034312        0.127706
     C    2       -0.034312       -0.297475       -0.159031
     C    2        0.127706       -0.159031        0.086815

     C    3       -0.565276       -0.119037       -0.054431
     C    3       -0.119037       -0.124962       -0.021705
     C    3       -0.054431       -0.021705        0.690238

     H    4        0.452193        0.101907        0.290112
     H    4        0.101907       -0.013726        0.180220
     H    4        0.290112        0.180220       -0.438467

     C    5       -0.073178        0.135378        0.272999
     C    5        0.135378       -0.552365       -0.132457
     C    5        0.272999       -0.132457        0.625543

     H    6       -0.098974        0.016322       -0.116588
     H    6        0.016322        0.449249        0.268924
     H    6       -0.116588        0.268924       -0.350276

     H    7       -0.136970        0.130819       -0.076461
     H    7        0.130819        0.127194       -0.205995
     H    7       -0.076461       -0.205995        0.009776

     C    8       -0.100741       -0.065297       -0.386468
     C    8       -0.065297       -0.044687       -0.239545
     C    8       -0.386468       -0.239545        0.145429

     H    9        0.138890       -0.021005        0.553851
     H    9       -0.021005       -0.036731       -0.274062
     H    9        0.553851       -0.274062       -0.102159

     C   10        0.162301        0.121267       -0.483019
     C   10        0.121267       -0.332021        0.139605
     C   10       -0.483019        0.139605        0.169720

     C   11       -0.145239       -0.039340       -0.395399
     C   11       -0.039340       -0.053954        0.071289
     C   11       -0.395399        0.071289        0.199194

     Cl  12        0.454980        2.614087       -0.801167
     Cl  12        2.614087       -0.936448       -0.501165
     Cl  12       -0.801167       -0.501165        0.481468

     H   13       -0.015458        0.040114        0.255293
     H   13        0.040114        0.355703        0.642625
     H   13        0.255293        0.642625       -0.340244

     C   14       -0.357818        0.141908       -0.108344
     C   14        0.141908        0.351589       -0.022136
     C   14       -0.108344       -0.022136        0.006229

     H   15        0.390714        0.073139        0.541242
     H   15        0.073139       -0.187832        0.458507
     H   15        0.541242        0.458507       -0.202882

     C   16        0.172664        0.000996        0.182500
     C   16        0.000996       -0.069159       -0.061054
     C   16        0.182500       -0.061054       -0.103505

     C   17       -0.245346        0.160488       -0.192276
     C   17        0.160488        0.359415        0.043504
     C   17       -0.192276        0.043504       -0.114070

     Cl  18        0.283874       -1.755539       -1.061377
     Cl  18       -1.755539       -0.829867       -1.082476
     Cl  18       -1.061377       -1.082476        0.545993

     H   19       -0.151028       -0.183667       -0.106357
     H   19       -0.183667        0.122482       -0.434795
     H   19       -0.106357       -0.434795        0.028545

     C   20        0.054421        0.303009       -0.238862
     C   20        0.303009        0.213180        0.402353
     C   20       -0.238862        0.402353       -0.267601

     H   21        0.518370       -0.028421        0.282513
     H   21       -0.028421       -0.456041       -0.346940
     H   21        0.282513       -0.346940       -0.062329

     C   22       -0.372359       -0.107945        0.031145
     C   22       -0.107945        0.434668        0.166170
     C   22        0.031145        0.166170       -0.062309

     C   23        0.313077        0.632812       -0.352371
     C   23        0.632812        0.027632        0.203041
     C   23       -0.352371        0.203041       -0.340710

     Cl  24        0.179635        1.741214       -0.072408
     Cl  24        1.741214        1.263440        0.780225
     Cl  24       -0.072408        0.780225       -1.443075

     ----- total EFG (symmetrized) -----
     Cl   1        1.354244       -2.523301       -0.077851
     Cl   1       -2.523301        0.039121        0.028036
     Cl   1       -0.077851        0.028036       -1.393365

     C    2        0.210660       -0.034312        0.127706
     C    2       -0.034312       -0.297475       -0.159031
     C    2        0.127706       -0.159031        0.086815

     C    3       -0.565276       -0.119037       -0.054431
     C    3       -0.119037       -0.124962       -0.021705
     C    3       -0.054431       -0.021705        0.690238

     H    4        0.452193        0.101907        0.290112
     H    4        0.101907       -0.013726        0.180220
     H    4        0.290112        0.180220       -0.438467

     C    5       -0.073178        0.135378        0.272999
     C    5        0.135378       -0.552365       -0.132457
     C    5        0.272999       -0.132457        0.625543

     H    6       -0.098974        0.016322       -0.116588
     H    6        0.016322        0.449249        0.268924
     H    6       -0.116588        0.268924       -0.350276

     H    7       -0.136970        0.130819       -0.076461
     H    7        0.130819        0.127194       -0.205995
     H    7       -0.076461       -0.205995        0.009776

     C    8       -0.100741       -0.065297       -0.386468
     C    8       -0.065297       -0.044687       -0.239545
     C    8       -0.386468       -0.239545        0.145429

     H    9        0.138890       -0.021005        0.553851
     H    9       -0.021005       -0.036731       -0.274062
     H    9        0.553851       -0.274062       -0.102159

     C   10        0.162301        0.121267       -0.483019
     C   10        0.121267       -0.332021        0.139605
     C   10       -0.483019        0.139605        0.169720

     C   11       -0.145239       -0.039340       -0.395399
     C   11       -0.039340       -0.053954        0.071289
     C   11       -0.395399        0.071289        0.199194

     Cl  12        0.454980        2.614087       -0.801167
     Cl  12        2.614087       -0.936448       -0.501165
     Cl  12       -0.801167       -0.501165        0.481468

     H   13       -0.015458        0.040114        0.255293
     H   13        0.040114        0.355703        0.642625
     H   13        0.255293        0.642625       -0.340244

     C   14       -0.357818        0.141908       -0.108344
     C   14        0.141908        0.351589       -0.022136
     C   14       -0.108344       -0.022136        0.006229

     H   15        0.390714        0.073139        0.541242
     H   15        0.073139       -0.187832        0.458507
     H   15        0.541242        0.458507       -0.202882

     C   16        0.172664        0.000996        0.182500
     C   16        0.000996       -0.069159       -0.061054
     C   16        0.182500       -0.061054       -0.103505

     C   17       -0.245346        0.160488       -0.192276
     C   17        0.160488        0.359415        0.043504
     C   17       -0.192276        0.043504       -0.114070

     Cl  18        0.283874       -1.755539       -1.061377
     Cl  18       -1.755539       -0.829867       -1.082476
     Cl  18       -1.061377       -1.082476        0.545993

     H   19       -0.151028       -0.183667       -0.106357
     H   19       -0.183667        0.122482       -0.434795
     H   19       -0.106357       -0.434795        0.028545

     C   20        0.054421        0.303009       -0.238862
     C   20        0.303009        0.213180        0.402353
     C   20       -0.238862        0.402353       -0.267601

     H   21        0.518370       -0.028421        0.282513
     H   21       -0.028421       -0.456041       -0.346940
     H   21        0.282513       -0.346940       -0.062329

     C   22       -0.372359       -0.107945        0.031145
     C   22       -0.107945        0.434668        0.166170
     C   22        0.031145        0.166170       -0.062309

     C   23        0.313077        0.632812       -0.352371
     C   23        0.632812        0.027632        0.203041
     C   23       -0.352371        0.203041       -0.340710

     Cl  24        0.179635        1.741214       -0.072408
     Cl  24        1.741214        1.263440        0.780225
     Cl  24       -0.072408        0.780225       -1.443075


     NQR/NMR SPECTROSCOPIC PARAMETERS:
     Cl   1    Vxx=   -1.3934    axis=( -0.016755 -0.049056  0.998655)
     Cl   1    Vyy=   -1.9121    axis=( -0.611334 -0.789851 -0.049056)
     Cl   1    Vzz=    3.3056    axis=(  0.791195 -0.611334 -0.016756)
     Cl   1  Q=        -8.1650 1e-30 m^2  Cq=       -63.4158 MHz  eta= 0.15692

     C    2    Vxx=    0.0416    axis=( -0.613937 -0.283426  0.736716)
     C    2    Vyy=    0.3134    axis=(  0.789083 -0.195890  0.582215)
     C    2    Vzz=   -0.3550    axis=(  0.020699 -0.938774 -0.343911)
     C    2  Q=         1.0000 1e-30 m^2  Cq=        -0.8341 MHz  eta= 0.76577

     C    3    Vxx=   -0.0949    axis=(  0.246387 -0.969123 -0.009709)
     C    3    Vyy=   -0.5980    axis=(  0.968292  0.245724  0.045052)
     C    3    Vzz=    0.6929    axis=( -0.041275 -0.020502  0.998937)
     C    3  Q=         1.0000 1e-30 m^2  Cq=         1.6281 MHz  eta= 0.72605

     H    4    Vxx=   -0.0135    axis=(  0.315739 -0.931698 -0.179579)
     H    4    Vyy=   -0.5636    axis=( -0.240676 -0.261711  0.934656)
     H    4    Vzz=    0.5772    axis=( -0.917815 -0.251887 -0.306869)
     H    4  Q=         1.0000 1e-30 m^2  Cq=         1.3561 MHz  eta= 0.95313

     C    5    Vxx=   -0.1031    axis=( -0.896238 -0.350319  0.272092)
     C    5    Vyy=   -0.6217    axis=( -0.314217  0.934367  0.168005)
     C    5    Vzz=    0.7249    axis=(  0.313089 -0.065077  0.947492)
     C    5  Q=         1.0000 1e-30 m^2  Cq=         1.7031 MHz  eta= 0.71541

     H    6    Vxx=   -0.0629    axis=(  0.953438  0.115823 -0.278463)
     H    6    Vyy=   -0.4689    axis=( -0.300111  0.273043 -0.913992)
     H    6    Vzz=    0.5318    axis=( -0.029829  0.955004  0.295089)
     H    6  Q=         1.0000 1e-30 m^2  Cq=         1.2496 MHz  eta= 0.76331

     H    7    Vxx=   -0.1395    axis=(  0.326590  0.472184  0.818768)
     H    7    Vyy=   -0.1916    axis=(  0.894118 -0.435184 -0.105675)
     H    7    Vzz=    0.3311    axis=(  0.306417  0.766588 -0.564315)
     H    7  Q=         1.0000 1e-30 m^2  Cq=         0.7780 MHz  eta= 0.15729

     C    8    Vxx=   -0.0018    axis=(  0.528987 -0.848593  0.007888)
     C    8    Vyy=   -0.4762    axis=(  0.682499  0.430937  0.590329)
     C    8    Vzz=    0.4780    axis=( -0.504348 -0.306893  0.807124)
     C    8  Q=         1.0000 1e-30 m^2  Cq=         1.1231 MHz  eta= 0.99265

     H    9    Vxx=   -0.0196    axis=(  0.431009  0.897922 -0.089260)
     H    9    Vyy=   -0.6207    axis=( -0.548098  0.339097  0.764593)
     H    9    Vzz=    0.6403    axis=(  0.716813 -0.280623  0.638303)
     H    9  Q=         1.0000 1e-30 m^2  Cq=         1.5045 MHz  eta= 0.93887

     C   10    Vxx=   -0.1401    axis=( -0.520583 -0.692311 -0.499698)
     C   10    Vyy=   -0.5092    axis=(  0.485484 -0.721454  0.493771)
     C   10    Vzz=    0.6492    axis=( -0.702352  0.014453  0.711683)
     C   10  Q=         1.0000 1e-30 m^2  Cq=         1.5255 MHz  eta= 0.56851

     C   11    Vxx=   -0.0664    axis=(  0.098869  0.988077 -0.118020)
     C   11    Vyy=   -0.4044    axis=( -0.835393  0.017974 -0.549359)
     C   11    Vzz=    0.4708    axis=( -0.540688  0.152908  0.827210)
     C   11  Q=         1.0000 1e-30 m^2  Cq=         1.1062 MHz  eta= 0.71791

     Cl  12    Vxx=    0.1086    axis=(  0.277048  0.247810  0.928350)
     Cl  12    Vyy=    2.8398    axis=(  0.739898  0.561390 -0.370664)
     Cl  12    Vzz=   -2.9483    axis=( -0.613021  0.789576 -0.027822)
     Cl  12  Q=        -8.1650 1e-30 m^2  Cq=        56.5625 MHz  eta= 0.92633

     H   13    Vxx=    0.0020    axis=(  0.942628 -0.313823  0.113874)
     H   13    Vyy=    0.7742    axis=( -0.211346 -0.825003 -0.524121)
     H   13    Vzz=   -0.7763    axis=(  0.258428  0.469984 -0.843996)
     H   13  Q=         1.0000 1e-30 m^2  Cq=        -1.8239 MHz  eta= 0.99478

     C   14    Vxx=    0.0265    axis=( -0.213151  0.158708  0.964043)
     C   14    Vyy=    0.3838    axis=(  0.202894  0.972398 -0.115223)
     C   14    Vzz=   -0.4104    axis=( -0.955720  0.171039 -0.239469)
     C   14  Q=         1.0000 1e-30 m^2  Cq=        -0.9642 MHz  eta= 0.87065

     H   15    Vxx=   -0.0405    axis=(  0.548983 -0.766277 -0.333821)
     H   15    Vyy=   -0.7683    axis=(  0.320628  0.561900 -0.762539)
     H   15    Vzz=    0.8088    axis=(  0.771890  0.311589  0.554164)
     H   15  Q=         1.0000 1e-30 m^2  Cq=         1.9004 MHz  eta= 0.89988

     C   16    Vxx=   -0.0503    axis=(  0.228567  0.931093 -0.284293)
     C   16    Vyy=   -0.2153    axis=( -0.398562  0.355926  0.845260)
     C   16    Vzz=    0.2655    axis=(  0.888203 -0.079890  0.452451)
     C   16  Q=         1.0000 1e-30 m^2  Cq=         0.6239 MHz  eta= 0.62136

     C   17    Vxx=    0.0152    axis=( -0.529996  0.141420  0.836125)
     C   17    Vyy=    0.3994    axis=( -0.244135 -0.969697  0.009262)
     C   17    Vzz=   -0.4146    axis=(  0.812098 -0.199218  0.548461)
     C   17  Q=         1.0000 1e-30 m^2  Cq=        -0.9741 MHz  eta= 0.92683

     Cl  18    Vxx=    1.1316    axis=(  0.105816 -0.551395  0.827506)
     Cl  18    Vyy=    1.6599    axis=(  0.825233 -0.415598 -0.382452)
     Cl  18    Vzz=   -2.7914    axis=(  0.554792  0.723355  0.411052)
     Cl  18  Q=        -8.1650 1e-30 m^2  Cq=        53.5523 MHz  eta= 0.18926

     H   19    Vxx=   -0.0344    axis=( -0.846812  0.273255  0.456335)
     H   19    Vyy=   -0.4853    axis=( -0.521535 -0.595058 -0.611480)
     H   19    Vzz=    0.5197    axis=(  0.104456 -0.755803  0.646414)
     H   19  Q=         1.0000 1e-30 m^2  Cq=         1.2212 MHz  eta= 0.86745

     C   20    Vxx=    0.1687    axis=( -0.797037  0.158713  0.582702)
     C   20    Vyy=    0.5068    axis=( -0.404680 -0.856555 -0.320231)
     C   20    Vzz=   -0.6755    axis=(  0.448291 -0.491044  0.746934)
     C   20  Q=         1.0000 1e-30 m^2  Cq=        -1.5871 MHz  eta= 0.50046

     H   21    Vxx=    0.0128    axis=(  0.439525  0.516945 -0.734565)
     H   21    Vyy=    0.6578    axis=( -0.891997  0.155024 -0.424627)
     H   21    Vzz=   -0.6706    axis=( -0.105634  0.841864  0.529251)
     H   21  Q=         1.0000 1e-30 m^2  Cq=        -1.5756 MHz  eta= 0.96186

     C   22    Vxx=   -0.0998    axis=(  0.207746 -0.251929  0.945184)
     C   22    Vyy=   -0.3957    axis=(  0.972122  0.160573 -0.170867)
     C   22    Vzz=    0.4954    axis=( -0.108724  0.954331  0.278264)
     C   22  Q=         1.0000 1e-30 m^2  Cq=         1.1640 MHz  eta= 0.59729

     C   23    Vxx=   -0.0396    axis=( -0.303223  0.586989  0.750666)
     C   23    Vyy=   -0.8000    axis=(  0.521373 -0.557192  0.646303)
     C   23    Vzz=    0.8396    axis=( -0.797638 -0.587351  0.137087)
     C   23  Q=         1.0000 1e-30 m^2  Cq=         1.9728 MHz  eta= 0.90566

     Cl  24    Vxx=   -0.7581    axis=(  0.726476 -0.414058 -0.548442)
     Cl  24    Vyy=   -1.8727    axis=( -0.383577  0.417861 -0.823566)
     Cl  24    Vzz=    2.6308    axis=(  0.570177  0.808671  0.144742)
     Cl  24  Q=        -8.1650 1e-30 m^2  Cq=       -50.4703 MHz  eta= 0.42366

     Initialization:
     gipaw_setup  :      9.14s CPU     11.00s WALL (       1 calls)

     Linear response

     Apply operators

     Induced current

     Other routines
     efg          :      9.76s CPU     12.51s WALL (       1 calls)

     General routines
     calbec       :      3.50s CPU      5.04s WALL (      16 calls)
     fft          :      1.32s CPU      1.56s WALL (      15 calls)
     ffts         :      0.03s CPU      0.04s WALL (       2 calls)
     fftw         :      3.53s CPU      4.17s WALL (     672 calls)
     davcio       :      0.05s CPU      0.29s WALL (      32 calls)

     Parallel routines
     fft_scatter  :      2.13s CPU      2.74s WALL (     689 calls)

     Plugins

     GIPAW        :     61.17s CPU     72.26s WALL (       1 calls)
