
     Program QE v.6.0 (svn rev. 13079) starts on 18Dec2016 at 13:58:21 

     This program is part of the open-source Quantum ESPRESSO suite
     for quantum simulation of materials; please cite
         "P. Giannozzi et al., J. Phys.:Condens. Matter 21 395502 (2009);
          URL http://www.quantum-espresso.org", 
     in publications or presentations arising from this work. More details at
     http://www.quantum-espresso.org/quote

     Parallel version (MPI), running on     8 processors
     R & G space division:  proc/nbgrp/npool/nimage =       8

     ***** This is GIPAW svn revision unknown      *****

     Parallelizing q-star over 1 images

     Reading data from directory:
     /users/majewski/paradichlorobenzene/pbe/9_constraint/scratch/pbe.ecut100.np8.dt60.pcl2phi-129368.save
     Message from routine read_xml_file:
     file /users/majewski/paradichlorobenzene/pbe/9_constraint/scratch/pbe.ecut100.np8.dt60.pcl2phi-129368.save not guaranteed to be safe for post-processing

   Info: using nr1, nr2, nr3 values from input

   Info: using nr1, nr2, nr3 values from input

     IMPORTANT: XC functional enforced from input :
     Exchange-correlation      =  SLA  PW   PBX  PBC ( 1  4  3  4 0 0)
     Any further DFT definition will be discarded
     Please, verify this is what you really want

               file C.pbe-n-kjpaw_psl.1.0.0.UPF: wavefunction(s)  2S 2P renormalized
               file Cl.pbe-n-kjpaw_psl.1.0.0.UPF: wavefunction(s)  3S 3P renormalized
               file H.pbe-kjpaw_psl.1.0.0.UPF: wavefunction(s)  1S renormalized

     Parallelization info
     --------------------
     sticks:   dense  smooth     PW     G-vecs:    dense   smooth      PW
     Min        3057    1223    332               144436    36536    5170
     Max        3059    1225    333               144437    36537    5171
     Sum       24467    9791   2657              1155489   292295   41363


     Subspace diagonalization in iterative solution of the eigenvalue problem:
     a serial algorithm will be used

     GIPAW projectors -----------------------------------------------
     atom=  C    l=0  rc=    1.2000  rs=    0.8000
     atom=  C    l=0  rc=    1.2000  rs=    0.8000
     atom=  C    l=1  rc=    1.4000  rs=    0.9333
     atom=  C    l=1  rc=    1.4000  rs=    0.9333
     projs nearly linearly dependent: l=1  n1,n2= 1, 2  s=  0.99951561

     atom=  Cl   l=0  rc=    1.6000  rs=    1.0667
     atom=  Cl   l=0  rc=    1.6000  rs=    1.0667
     atom=  Cl   l=1  rc=    1.6000  rs=    1.0667
     atom=  Cl   l=1  rc=    1.6000  rs=    1.0667
     atom=  Cl   l=2  rc=    1.6000  rs=    1.0667
     atom=  Cl   l=2  rc=    1.6000  rs=    1.0667
     projs nearly linearly dependent: l=2  n1,n2= 1, 2  s=  0.99993509

     atom=  H    l=0  rc=    1.0000  rs=    0.6667
     atom=  H    l=0  rc=    1.0000  rs=    0.6667
     projs nearly linearly dependent: l=0  n1,n2= 1, 2  s=  0.99968852
     -----------------------------------------------------------------

     GIPAW integrals: -------------------------------------------
     Atom  i/j   nmr_para   nmr_dia   epr_rmc  epr_para   epr_dia
       C   1 1   0.83E+03  0.17E-01  0.93E+01  0.24E+08  0.24E+03
       C   2 1   0.86E+03 -0.61E-01  0.94E+01  0.25E+08  0.25E+03
       C   2 2   0.90E+03 -0.15E+00  0.97E+01  0.26E+08  0.26E+03
       C   3 3   0.33E+01  0.34E+00  0.18E+01  0.55E+03  0.21E+02
       C   4 3   0.35E+01  0.37E+00  0.20E+01  0.59E+03  0.22E+02
       C   4 4   0.38E+01  0.39E+00  0.22E+01  0.63E+03  0.24E+02
       Cl  1 1   0.14E+04 -0.47E+00  0.84E+01  0.32E+09  0.42E+03
       Cl  2 1   0.21E+04 -0.37E+00  0.12E+02  0.49E+09  0.65E+03
       Cl  2 2   0.33E+04 -0.16E+00  0.21E+02  0.76E+09  0.10E+04
       Cl  3 3   0.21E+02  0.79E-01  0.89E+01  0.23E+05  0.13E+03
       Cl  4 3   0.24E+02  0.67E-01  0.99E+01  0.27E+05  0.15E+03
       Cl  4 4   0.28E+02  0.44E-01  0.11E+02  0.32E+05  0.18E+03
       Cl  5 5   0.77E+00  0.19E+00  0.18E+01  0.12E+03  0.22E+02
       Cl  6 5   0.80E+00  0.19E+00  0.19E+01  0.12E+03  0.23E+02
       Cl  6 6   0.83E+00  0.20E+00  0.19E+01  0.12E+03  0.23E+02
       H   1 1   0.39E+02  0.19E+00  0.29E+00  0.78E+05  0.13E+02
       H   2 1   0.41E+02  0.21E+00  0.32E+00  0.82E+05  0.14E+02
       H   2 2   0.43E+02  0.22E+00  0.36E+00  0.86E+05  0.15E+02
     ------------------------------------------------------------

     alpha_pv=     33.6896 eV

     Number of occupied bands for each k-point:
     k-point:     1    nbnd_occ=  42
     k-point:     2    nbnd_occ=  42
     k-point:     3    nbnd_occ=  42
     k-point:     4    nbnd_occ=  42
     k-point:     5    nbnd_occ=  42
     k-point:     6    nbnd_occ=  42
     k-point:     7    nbnd_occ=  42
     k-point:     8    nbnd_occ=  42
     k-point:     9    nbnd_occ=  42
     k-point:    10    nbnd_occ=  42
     k-point:    11    nbnd_occ=  42
     k-point:    12    nbnd_occ=  42
     k-point:    13    nbnd_occ=  42
     k-point:    14    nbnd_occ=  42
     k-point:    15    nbnd_occ=  42
     k-point:    16    nbnd_occ=  42


     q-space interpolation up to   110.00 Rydberg

     GIPAW job: efg                                                                             


     ELECTRIC FIELD GRADIENTS TENSORS IN Hartree/bohrradius^2:

     ----- bare term -----
     Cl   1       -0.028516       -0.007145        0.078861
     Cl   1       -0.007145       -0.065624        0.073844
     Cl   1        0.078861        0.073844        0.094140

     C    2       -0.008537        0.404562        0.004026
     C    2        0.404562       -0.425036       -0.457286
     C    2        0.004026       -0.457286        0.433573

     C    3       -0.306834        0.284721       -0.311257
     C    3        0.284721       -0.092547       -0.434107
     C    3       -0.311257       -0.434107        0.399382

     H    4       -0.105336       -0.318853       -0.390263
     H    4       -0.318853       -0.174104       -0.341455
     H    4       -0.390263       -0.341455        0.279440

     C    5       -0.597978        0.226822       -0.402463
     C    5        0.226822        0.016523       -0.246352
     C    5       -0.402463       -0.246352        0.581455

     H    6        0.396507        0.078619       -0.175735
     H    6        0.078619       -0.585736       -0.206221
     H    6       -0.175735       -0.206221        0.189229

     H    7        0.435633        0.129123       -0.037335
     H    7        0.129123       -0.716194        0.390894
     H    7       -0.037335        0.390894        0.280561

     C    8       -0.159116       -0.290435       -0.199364
     C    8       -0.290435       -0.092661        0.450590
     C    8       -0.199364        0.450590        0.251777

     H    9       -0.193130        0.514981       -0.288522
     H    9        0.514981       -0.183908        0.163519
     H    9       -0.288522        0.163519        0.377038

     C   10       -0.449312       -0.399021       -0.350882
     C   10       -0.399021        0.169135        0.281183
     C   10       -0.350882        0.281183        0.280177

     C   11        0.004416       -0.394875       -0.156236
     C   11       -0.394875       -0.112992        0.605107
     C   11       -0.156236        0.605107        0.108576

     Cl  12        0.020721       -0.168927        0.020524
     Cl  12       -0.168927        0.082951       -0.042143
     Cl  12        0.020524       -0.042143       -0.103672

     H   13        0.381115        0.133197       -0.158690
     H   13        0.133197       -0.652991        0.119884
     H   13       -0.158690        0.119884        0.271876

     C   14       -0.187084       -0.342337       -0.351309
     C   14       -0.342337       -0.053678       -0.538482
     C   14       -0.351309       -0.538482        0.240762

     H   15       -0.053110       -0.299003       -0.307577
     H   15       -0.299003       -0.390834       -0.141045
     H   15       -0.307577       -0.141045        0.443945

     C   16       -0.552235        0.313031       -0.079086
     C   16        0.313031        0.166736       -0.330360
     C   16       -0.079086       -0.330360        0.385498

     C   17       -0.005691       -0.164050       -0.377123
     C   17       -0.164050       -0.222676       -0.480630
     C   17       -0.377123       -0.480630        0.228367

     Cl  18       -0.188944        0.246266        0.032639
     Cl  18        0.246266        0.071296        0.111683
     Cl  18        0.032639        0.111683        0.117648

     H   19        0.471703        0.005884       -0.123215
     H   19        0.005884       -0.608182        0.153824
     H   19       -0.123215        0.153824        0.136479

     C   20       -0.458847       -0.201594       -0.406058
     C   20       -0.201594        0.114184        0.271284
     C   20       -0.406058        0.271284        0.344662

     H   21       -0.341744        0.396276       -0.304460
     H   21        0.396276        0.091053       -0.021834
     H   21       -0.304460       -0.021834        0.250691

     C   22       -0.071658       -0.386288       -0.058645
     C   22       -0.386288       -0.463156        0.489690
     C   22       -0.058645        0.489690        0.534813

     C   23       -0.273358       -0.095487       -0.407241
     C   23       -0.095487       -0.015092        0.433146
     C   23       -0.407241        0.433146        0.288450

     Cl  24        0.030840        0.083623       -0.027409
     Cl  24        0.083623        0.017863       -0.000253
     Cl  24       -0.027409       -0.000253       -0.048703

     ----- ionic term -----
     Cl   1        0.157227       -0.215324        0.038354
     Cl   1       -0.215324       -0.010463       -0.022205
     Cl   1        0.038354       -0.022205       -0.146764

     C    2        0.201520       -0.145493        0.268200
     C    2       -0.145493        0.195859        0.362545
     C    2        0.268200        0.362545       -0.397378

     C    3        0.148750       -0.216991        0.213022
     C    3       -0.216991        0.244710        0.356158
     C    3        0.213022        0.356158       -0.393460

     H    4        0.367173        0.494611        0.624620
     H    4        0.494611       -0.215770        0.388469
     H    4        0.624620        0.388469       -0.151403

     C    5        0.331481       -0.152708        0.316177
     C    5       -0.152708        0.081654        0.267497
     C    5        0.316177        0.267497       -0.413135

     H    6       -0.511947       -0.048983       -0.008300
     H    6       -0.048983        0.821258        0.578157
     H    6       -0.008300        0.578157       -0.309311

     H    7       -0.517759       -0.022237        0.021648
     H    7       -0.022237        0.694818       -0.669862
     H    7        0.021648       -0.669862       -0.177059

     C    8        0.258715        0.144855        0.216293
     C    8        0.144855        0.076910       -0.302684
     C    8        0.216293       -0.302684       -0.335625

     H    9        0.504473       -0.453991        0.601782
     H    9       -0.453991       -0.330413       -0.321506
     H    9        0.601782       -0.321506       -0.174060

     C   10        0.143825        0.175315        0.152351
     C   10        0.175315        0.152335       -0.411990
     C   10        0.152351       -0.411990       -0.296160

     C   11        0.247587        0.120846        0.224459
     C   11        0.120846        0.105570       -0.381550
     C   11        0.224459       -0.381550       -0.353157

     Cl  12        0.127552        0.208548        0.014751
     Cl  12        0.208548        0.026251        0.012122
     Cl  12        0.014751        0.012122       -0.153804

     H   13       -0.513617        0.096732        0.044975
     H   13        0.096732        0.952879        0.439060
     H   13        0.044975        0.439060       -0.439262

     C   14        0.306369       -0.090752        0.279721
     C   14       -0.090752        0.121545        0.251215
     C   14        0.279721        0.251215       -0.427914

     H   15        0.514232        0.467072        0.601712
     H   15        0.467072       -0.257331        0.320978
     H   15        0.601712        0.320978       -0.256902

     C   16        0.183682       -0.164033        0.197459
     C   16       -0.164033        0.246760        0.326533
     C   16        0.197459        0.326533       -0.430442

     C   17        0.260592       -0.090325        0.300882
     C   17       -0.090325        0.154216        0.351842
     C   17        0.300882        0.351842       -0.414808

     Cl  18        0.192772       -0.183640        0.031869
     Cl  18       -0.183640       -0.036292       -0.009317
     Cl  18        0.031869       -0.009317       -0.156480

     H   19       -0.484014       -0.176034        0.064036
     H   19       -0.176034        0.911725       -0.464119
     H   19        0.064036       -0.464119       -0.427711

     C   20        0.343814        0.067936        0.208765
     C   20        0.067936        0.098880       -0.265579
     C   20        0.208765       -0.265579       -0.442694

     H   21        0.556717       -0.532645        0.527600
     H   21       -0.532645       -0.224742       -0.312731
     H   21        0.527600       -0.312731       -0.331976

     C   22        0.133859        0.130784        0.131166
     C   22        0.130784        0.274605       -0.413550
     C   22        0.131166       -0.413550       -0.408464

     C   23        0.154758        0.121455        0.228932
     C   23        0.121455        0.212498       -0.401282
     C   23        0.228932       -0.401282       -0.367257

     Cl  24        0.153563        0.206392        0.011874
     Cl  24        0.206392       -0.007555        0.002335
     Cl  24        0.011874        0.002335       -0.146007

     ----- GIPAW term -----
     Cl   1        1.075733       -1.670248        1.839206
     Cl   1       -1.670248       -1.228186        0.474268
     Cl   1        1.839206        0.474268        0.152453

     C    2        0.162674       -0.034801        0.146604
     C    2       -0.034801       -0.160226       -0.058498
     C    2        0.146604       -0.058498       -0.002447

     C    3       -0.075199        0.064220       -0.078820
     C    3        0.064220        0.027847       -0.065705
     C    3       -0.078820       -0.065705        0.047352

     H    4       -0.000000        0.000000        0.000000
     H    4        0.000000        0.000000        0.000000
     H    4        0.000000        0.000000        0.000000

     C    5       -0.146731        0.033227       -0.061708
     C    5        0.033227       -0.042173       -0.000348
     C    5       -0.061708       -0.000348        0.188904

     H    6       -0.000000        0.000000        0.000000
     H    6        0.000000        0.000000        0.000000
     H    6        0.000000        0.000000        0.000000

     H    7       -0.000000        0.000000        0.000000
     H    7        0.000000        0.000000        0.000000
     H    7        0.000000        0.000000        0.000000

     C    8       -0.054612       -0.133087       -0.006820
     C    8       -0.133087        0.122733        0.068264
     C    8       -0.006820        0.068264       -0.068120

     H    9       -0.000000        0.000000        0.000000
     H    9        0.000000        0.000000        0.000000
     H    9        0.000000        0.000000        0.000000

     C   10       -0.095621       -0.202905       -0.084026
     C   10       -0.202905        0.170733        0.028024
     C   10       -0.084026        0.028024       -0.075112

     C   11        0.094423       -0.150451       -0.071639
     C   11       -0.150451        0.065587        0.137539
     C   11       -0.071639        0.137539       -0.160010

     Cl  12        1.649542        0.450844        0.228986
     Cl  12        0.450844        0.720711       -0.389148
     Cl  12        0.228986       -0.389148       -2.370253

     H   13       -0.000000        0.000000        0.000000
     H   13        0.000000        0.000000        0.000000
     H   13        0.000000        0.000000        0.000000

     C   14        0.054311       -0.212080        0.080572
     C   14       -0.212080       -0.023232       -0.180082
     C   14        0.080572       -0.180082       -0.031078

     H   15       -0.000000        0.000000        0.000000
     H   15        0.000000        0.000000        0.000000
     H   15        0.000000        0.000000        0.000000

     C   16       -0.165035       -0.097083        0.030342
     C   16       -0.097083        0.235277       -0.103334
     C   16        0.030342       -0.103334       -0.070241

     C   17       -0.003339       -0.191501       -0.090247
     C   17       -0.191501        0.037685        0.070102
     C   17       -0.090247        0.070102       -0.034346

     Cl  18       -0.561014       -0.046046        0.627959
     Cl  18       -0.046046        1.433349        2.010257
     Cl  18        0.627959        2.010257       -0.872335

     H   19       -0.000000        0.000000        0.000000
     H   19        0.000000        0.000000        0.000000
     H   19        0.000000        0.000000        0.000000

     C   20        0.017356       -0.098813        0.021228
     C   20       -0.098813       -0.018655       -0.006662
     C   20        0.021228       -0.006662        0.001300

     H   21       -0.000000        0.000000        0.000000
     H   21        0.000000        0.000000        0.000000
     H   21        0.000000        0.000000        0.000000

     C   22       -0.049727       -0.075796        0.050468
     C   22       -0.075796       -0.116987        0.011302
     C   22        0.050468        0.011302        0.166714

     C   23        0.023343        0.091951       -0.072833
     C   23        0.091951        0.040925        0.057365
     C   23       -0.072833        0.057365       -0.064268

     Cl  24        1.567770        2.742302       -0.200411
     Cl  24        2.742302        0.228871        0.020458
     Cl  24       -0.200411        0.020458       -1.796642

     ----- total EFG -----
     Cl   1        1.204445       -1.892717        1.956421
     Cl   1       -1.892717       -1.304273        0.525907
     Cl   1        1.956421        0.525907        0.099828

     C    2        0.355657        0.224267        0.418829
     C    2        0.224267       -0.389404       -0.153239
     C    2        0.418829       -0.153239        0.033747

     C    3       -0.233284        0.131951       -0.177056
     C    3        0.131951        0.180010       -0.143654
     C    3       -0.177056       -0.143654        0.053274

     H    4        0.261837        0.175758        0.234357
     H    4        0.175758       -0.389874        0.047014
     H    4        0.234357        0.047014        0.128037

     C    5       -0.413228        0.107342       -0.147993
     C    5        0.107342        0.056003        0.020797
     C    5       -0.147993        0.020797        0.357225

     H    6       -0.115440        0.029637       -0.184035
     H    6        0.029637        0.235522        0.371936
     H    6       -0.184035        0.371936       -0.120082

     H    7       -0.082126        0.106886       -0.015686
     H    7        0.106886       -0.021376       -0.278968
     H    7       -0.015686       -0.278968        0.103501

     C    8        0.044987       -0.278667        0.010109
     C    8       -0.278667        0.106982        0.216170
     C    8        0.010109        0.216170       -0.151969

     H    9        0.311343        0.060989        0.313259
     H    9        0.060989       -0.514321       -0.157986
     H    9        0.313259       -0.157986        0.202978

     C   10       -0.401108       -0.426611       -0.282557
     C   10       -0.426611        0.492203       -0.102782
     C   10       -0.282557       -0.102782       -0.091096

     C   11        0.346425       -0.424480       -0.003416
     C   11       -0.424480        0.058165        0.361096
     C   11       -0.003416        0.361096       -0.404591

     Cl  12        1.797816        0.490466        0.264261
     Cl  12        0.490466        0.829914       -0.419169
     Cl  12        0.264261       -0.419169       -2.627729

     H   13       -0.132502        0.229929       -0.113715
     H   13        0.229929        0.299888        0.558944
     H   13       -0.113715        0.558944       -0.167386

     C   14        0.173596       -0.645169        0.008984
     C   14       -0.645169        0.044635       -0.467350
     C   14        0.008984       -0.467350       -0.218231

     H   15        0.461122        0.168069        0.294135
     H   15        0.168069       -0.648165        0.179933
     H   15        0.294135        0.179933        0.187043

     C   16       -0.533587        0.051914        0.148714
     C   16        0.051914        0.648773       -0.107161
     C   16        0.148714       -0.107161       -0.115185

     C   17        0.251563       -0.445876       -0.166488
     C   17       -0.445876       -0.030775       -0.058686
     C   17       -0.166488       -0.058686       -0.220787

     Cl  18       -0.557186        0.016580        0.692467
     Cl  18        0.016580        1.468354        2.112624
     Cl  18        0.692467        2.112624       -0.911168

     H   19       -0.012310       -0.170150       -0.059179
     H   19       -0.170150        0.303543       -0.310295
     H   19       -0.059179       -0.310295       -0.291232

     C   20       -0.097676       -0.232470       -0.176066
     C   20       -0.232470        0.194409       -0.000957
     C   20       -0.176066       -0.000957       -0.096732

     H   21        0.214973       -0.136369        0.223140
     H   21       -0.136369       -0.133688       -0.334565
     H   21        0.223140       -0.334565       -0.081285

     C   22        0.012474       -0.331300        0.122988
     C   22       -0.331300       -0.305538        0.087442
     C   22        0.122988        0.087442        0.293064

     C   23       -0.095257        0.117919       -0.251142
     C   23        0.117919        0.238331        0.089228
     C   23       -0.251142        0.089228       -0.143074

     Cl  24        1.752173        3.032316       -0.215946
     Cl  24        3.032316        0.239179        0.022540
     Cl  24       -0.215946        0.022540       -1.991352

     ----- total EFG (symmetrized) -----
     Cl   1        1.204445       -1.892717        1.956421
     Cl   1       -1.892717       -1.304273        0.525907
     Cl   1        1.956421        0.525907        0.099828

     C    2        0.355657        0.224267        0.418829
     C    2        0.224267       -0.389404       -0.153239
     C    2        0.418829       -0.153239        0.033747

     C    3       -0.233284        0.131951       -0.177056
     C    3        0.131951        0.180010       -0.143654
     C    3       -0.177056       -0.143654        0.053274

     H    4        0.261837        0.175758        0.234357
     H    4        0.175758       -0.389874        0.047014
     H    4        0.234357        0.047014        0.128037

     C    5       -0.413228        0.107342       -0.147993
     C    5        0.107342        0.056003        0.020797
     C    5       -0.147993        0.020797        0.357225

     H    6       -0.115440        0.029637       -0.184035
     H    6        0.029637        0.235522        0.371936
     H    6       -0.184035        0.371936       -0.120082

     H    7       -0.082126        0.106886       -0.015686
     H    7        0.106886       -0.021376       -0.278968
     H    7       -0.015686       -0.278968        0.103501

     C    8        0.044987       -0.278667        0.010109
     C    8       -0.278667        0.106982        0.216170
     C    8        0.010109        0.216170       -0.151969

     H    9        0.311343        0.060989        0.313259
     H    9        0.060989       -0.514321       -0.157986
     H    9        0.313259       -0.157986        0.202978

     C   10       -0.401108       -0.426611       -0.282557
     C   10       -0.426611        0.492203       -0.102782
     C   10       -0.282557       -0.102782       -0.091096

     C   11        0.346425       -0.424480       -0.003416
     C   11       -0.424480        0.058165        0.361096
     C   11       -0.003416        0.361096       -0.404591

     Cl  12        1.797816        0.490466        0.264261
     Cl  12        0.490466        0.829914       -0.419169
     Cl  12        0.264261       -0.419169       -2.627729

     H   13       -0.132502        0.229929       -0.113715
     H   13        0.229929        0.299888        0.558944
     H   13       -0.113715        0.558944       -0.167386

     C   14        0.173596       -0.645169        0.008984
     C   14       -0.645169        0.044635       -0.467350
     C   14        0.008984       -0.467350       -0.218231

     H   15        0.461122        0.168069        0.294135
     H   15        0.168069       -0.648165        0.179933
     H   15        0.294135        0.179933        0.187043

     C   16       -0.533587        0.051914        0.148714
     C   16        0.051914        0.648773       -0.107161
     C   16        0.148714       -0.107161       -0.115185

     C   17        0.251563       -0.445876       -0.166488
     C   17       -0.445876       -0.030775       -0.058686
     C   17       -0.166488       -0.058686       -0.220787

     Cl  18       -0.557186        0.016580        0.692467
     Cl  18        0.016580        1.468354        2.112624
     Cl  18        0.692467        2.112624       -0.911168

     H   19       -0.012310       -0.170150       -0.059179
     H   19       -0.170150        0.303543       -0.310295
     H   19       -0.059179       -0.310295       -0.291232

     C   20       -0.097676       -0.232470       -0.176066
     C   20       -0.232470        0.194409       -0.000957
     C   20       -0.176066       -0.000957       -0.096732

     H   21        0.214973       -0.136369        0.223140
     H   21       -0.136369       -0.133688       -0.334565
     H   21        0.223140       -0.334565       -0.081285

     C   22        0.012474       -0.331300        0.122988
     C   22       -0.331300       -0.305538        0.087442
     C   22        0.122988        0.087442        0.293064

     C   23       -0.095257        0.117919       -0.251142
     C   23        0.117919        0.238331        0.089228
     C   23       -0.251142        0.089228       -0.143074

     Cl  24        1.752173        3.032316       -0.215946
     Cl  24        3.032316        0.239179        0.022540
     Cl  24       -0.215946        0.022540       -1.991352


     NQR/NMR SPECTROSCOPIC PARAMETERS:
     Cl   1    Vxx=   -0.0270    axis=( -0.217555  0.629493  0.745928)
     Cl   1    Vyy=   -3.0307    axis=(  0.529533  0.718107 -0.451572)
     Cl   1    Vzz=    3.0576    axis=( -0.819917  0.296752 -0.489565)
     Cl   1  Q=        -8.1650 1e-30 m^2  Cq=       -58.6592 MHz  eta= 0.98237

     C    2    Vxx=   -0.0645    axis=(  0.383649  0.597039 -0.704526)
     C    2    Vyy=   -0.5888    axis=( -0.393150  0.795910  0.460392)
     C    2    Vzz=    0.6533    axis=( -0.835611 -0.100355 -0.540076)
     C    2  Q=         1.0000 1e-30 m^2  Cq=         1.5350 MHz  eta= 0.80264

     C    3    Vxx=   -0.0239    axis=(  0.208568 -0.649825 -0.730908)
     C    3    Vyy=   -0.3254    axis=( -0.916205  0.131631 -0.378472)
     C    3    Vzz=    0.3493    axis=(  0.342151  0.748599 -0.567919)
     C    3  Q=         1.0000 1e-30 m^2  Cq=         0.8207 MHz  eta= 0.86304

     H    4    Vxx=   -0.0375    axis=( -0.547022 -0.163279  0.821040)
     H    4    Vyy=   -0.4345    axis=( -0.252314  0.967341  0.024268)
     H    4    Vzz=    0.4720    axis=( -0.798188 -0.193885 -0.570355)
     H    4  Q=         1.0000 1e-30 m^2  Cq=         1.1090 MHz  eta= 0.84129

     C    5    Vxx=    0.0790    axis=(  0.202936  0.978573  0.034799)
     C    5    Vyy=    0.3847    axis=(  0.182005 -0.002777 -0.983294)
     C    5    Vzz=   -0.4637    axis=( -0.962128  0.205879 -0.178668)
     C    5  Q=         1.0000 1e-30 m^2  Cq=        -1.0895 MHz  eta= 0.65923

     H    6    Vxx=   -0.0342    axis=(  0.874495  0.356866 -0.328490)
     H    6    Vyy=   -0.4453    axis=( -0.467456  0.439410 -0.767075)
     H    6    Vzz=    0.4795    axis=( -0.129401  0.824358  0.551081)
     H    6  Q=         1.0000 1e-30 m^2  Cq=         1.1267 MHz  eta= 0.85729

     H    7    Vxx=   -0.0674    axis=( -0.908175 -0.180371 -0.377736)
     H    7    Vyy=   -0.2746    axis=(  0.374428 -0.753485 -0.540429)
     H    7    Vzz=    0.3420    axis=( -0.187141 -0.632239  0.751832)
     H    7  Q=         1.0000 1e-30 m^2  Cq=         0.8036 MHz  eta= 0.60572

     C    8    Vxx=   -0.0554    axis=(  0.683576  0.270827  0.677773)
     C    8    Vyy=   -0.3471    axis=( -0.437603 -0.591121  0.677553)
     C    8    Vzz=    0.4025    axis=( -0.584146  0.759755  0.285562)
     C    8  Q=         1.0000 1e-30 m^2  Cq=         0.9457 MHz  eta= 0.72473

     H    9    Vxx=   -0.0104    axis=( -0.635709 -0.299924  0.711280)
     H    9    Vyy=   -0.5676    axis=(  0.158698 -0.952529 -0.259814)
     H    9    Vzz=    0.5780    axis=(  0.755439 -0.052287  0.653129)
     H    9  Q=         1.0000 1e-30 m^2  Cq=         1.3580 MHz  eta= 0.96408

     C   10    Vxx=    0.0532    axis=( -0.396689 -0.174482  0.901218)
     C   10    Vyy=    0.6633    axis=( -0.375239  0.926818  0.014270)
     C   10    Vzz=   -0.7165    axis=( -0.837755 -0.332511 -0.433131)
     C   10  Q=         1.0000 1e-30 m^2  Cq=        -1.6835 MHz  eta= 0.85157

     C   11    Vxx=   -0.0456    axis=(  0.611808  0.560573  0.558076)
     C   11    Vyy=   -0.6499    axis=( -0.230835 -0.548288  0.803801)
     C   11    Vzz=    0.6955    axis=(  0.756575 -0.620595 -0.206047)
     C   11  Q=         1.0000 1e-30 m^2  Cq=         1.6343 MHz  eta= 0.86881

     Cl  12    Vxx=    0.6966    axis=( -0.373245  0.916298 -0.145209)
     Cl  12    Vyy=    2.0044    axis=(  0.924935  0.379680  0.018409)
     Cl  12    Vzz=   -2.7010    axis=( -0.072002  0.127438  0.989230)
     Cl  12  Q=        -8.1650 1e-30 m^2  Cq=        51.8166 MHz  eta= 0.48422

     H   13    Vxx=   -0.0537    axis=(  0.897949  0.095287 -0.429660)
     H   13    Vyy=   -0.6393    axis=( -0.409514  0.538501 -0.736421)
     H   13    Vzz=    0.6930    axis=(  0.161201  0.837220  0.522567)
     H   13  Q=         1.0000 1e-30 m^2  Cq=         1.6284 MHz  eta= 0.84506

     C   14    Vxx=   -0.0849    axis=(  0.600771  0.230019 -0.765615)
     C   14    Vyy=   -0.7756    axis=(  0.459660  0.684167  0.566240)
     C   14    Vzz=    0.8605    axis=(  0.654054 -0.692103  0.305297)
     C   14  Q=         1.0000 1e-30 m^2  Cq=         2.0218 MHz  eta= 0.80274

     H   15    Vxx=    0.0047    axis=( -0.561128  0.082539  0.823604)
     H   15    Vyy=    0.6912    axis=(  0.821648  0.175940  0.542163)
     H   15    Vzz=   -0.6959    axis=( -0.100155  0.980935 -0.166543)
     H   15  Q=         1.0000 1e-30 m^2  Cq=        -1.6350 MHz  eta= 0.98655

     C   16    Vxx=   -0.0778    axis=(  0.319984  0.115826  0.940316)
     C   16    Vyy=   -0.5866    axis=( -0.947048  0.067038  0.314017)
     C   16    Vzz=    0.6644    axis=( -0.026666 -0.991005  0.131144)
     C   16  Q=         1.0000 1e-30 m^2  Cq=         1.5610 MHz  eta= 0.76585

     C   17    Vxx=   -0.1379    axis=( -0.231769 -0.511418  0.827487)
     C   17    Vyy=   -0.4528    axis=( -0.536171 -0.642611 -0.547332)
     C   17    Vzz=    0.5907    axis=( -0.811668  0.570529  0.125270)
     C   17  Q=         1.0000 1e-30 m^2  Cq=         1.3878 MHz  eta= 0.53312

     Cl  18    Vxx=   -0.4007    axis=(  0.941635 -0.255759  0.218885)
     Cl  18    Vyy=   -2.3434    axis=(  0.317497  0.458621 -0.829977)
     Cl  18    Vzz=    2.7442    axis=(  0.111889  0.851031  0.513056)
     Cl  18  Q=        -8.1650 1e-30 m^2  Cq=       -52.6453 MHz  eta= 0.70794

     H   19    Vxx=   -0.0156    axis=(  0.922392  0.142831 -0.358876)
     H   19    Vyy=   -0.4581    axis=( -0.273468 -0.414665 -0.867910)
     H   19    Vzz=    0.4738    axis=( -0.272777  0.898695 -0.343424)
     H   19  Q=         1.0000 1e-30 m^2  Cq=         1.1132 MHz  eta= 0.93401

     C   20    Vxx=   -0.0085    axis=( -0.397781 -0.452037  0.798394)
     C   20    Vyy=   -0.3324    axis=(  0.754493  0.333957  0.564990)
     C   20    Vzz=    0.3409    axis=( -0.522026  0.827125  0.208216)
     C   20  Q=         1.0000 1e-30 m^2  Cq=         0.8009 MHz  eta= 0.95031

     H   21    Vxx=   -0.0317    axis=(  0.708925  0.540062 -0.453606)
     H   21    Vyy=   -0.4477    axis=( -0.090438  0.707454  0.700950)
     H   21    Vzz=    0.4794    axis=(  0.699462 -0.455897  0.550374)
     H   21  Q=         1.0000 1e-30 m^2  Cq=         1.1265 MHz  eta= 0.86780

     C   22    Vxx=    0.1947    axis=(  0.723793 -0.551816 -0.414275)
     C   22    Vyy=    0.3429    axis=(  0.434787 -0.101476  0.894797)
     C   22    Vzz=   -0.5376    axis=( -0.535802 -0.827769  0.166475)
     C   22  Q=         1.0000 1e-30 m^2  Cq=        -1.2631 MHz  eta= 0.27578

     C   23    Vxx=    0.1283    axis=( -0.693014  0.175602  0.699210)
     C   23    Vyy=    0.2761    axis=( -0.279912 -0.959331 -0.036502)
     C   23    Vzz=   -0.4044    axis=(  0.664365 -0.221014  0.713983)
     C   23  Q=         1.0000 1e-30 m^2  Cq=        -0.9501 MHz  eta= 0.36570

     Cl  24    Vxx=   -1.8975    axis=( -0.318061  0.442530  0.838454)
     Cl  24    Vyy=   -2.2274    axis=(  0.526893 -0.652719  0.544373)
     Cl  24    Vzz=    4.1249    axis=( -0.788176 -0.614919  0.025562)
     Cl  24  Q=        -8.1650 1e-30 m^2  Cq=       -79.1347 MHz  eta= 0.07997

     Initialization:
     gipaw_setup  :      9.02s CPU     10.89s WALL (       1 calls)

     Linear response

     Apply operators

     Induced current

     Other routines
     efg          :      9.19s CPU     11.63s WALL (       1 calls)

     General routines
     calbec       :      3.24s CPU      4.40s WALL (      16 calls)
     fft          :      1.51s CPU      1.97s WALL (      15 calls)
     ffts         :      0.04s CPU      0.05s WALL (       2 calls)
     fftw         :      3.20s CPU      3.84s WALL (     672 calls)
     davcio       :      0.02s CPU      0.31s WALL (      32 calls)

     Parallel routines
     fft_scatter  :      2.06s CPU      3.08s WALL (     689 calls)

     Plugins

     GIPAW        :     61.24s CPU     73.53s WALL (       1 calls)
