
     Program QE v.6.0 (svn rev. 13079) starts on 14Jan2017 at 19:55:51 

     This program is part of the open-source Quantum ESPRESSO suite
     for quantum simulation of materials; please cite
         "P. Giannozzi et al., J. Phys.:Condens. Matter 21 395502 (2009);
          URL http://www.quantum-espresso.org", 
     in publications or presentations arising from this work. More details at
     http://www.quantum-espresso.org/quote

     Parallel version (MPI), running on     8 processors
     R & G space division:  proc/nbgrp/npool/nimage =       8

     ***** This is GIPAW svn revision unknown      *****

     Parallelizing q-star over 1 images

     Reading data from directory:
     /users/majewski/paradichlorobenzene/pbe/9_constraint/scratch/pbe.ecut100.np8.dt60.pcl2phi-129368.save
     Message from routine read_xml_file:
     file /users/majewski/paradichlorobenzene/pbe/9_constraint/scratch/pbe.ecut100.np8.dt60.pcl2phi-129368.save not guaranteed to be safe for post-processing

   Info: using nr1, nr2, nr3 values from input

   Info: using nr1, nr2, nr3 values from input

     IMPORTANT: XC functional enforced from input :
     Exchange-correlation      =  SLA  PW   PBX  PBC ( 1  4  3  4 0 0)
     Any further DFT definition will be discarded
     Please, verify this is what you really want

               file C.pbe-n-kjpaw_psl.1.0.0.UPF: wavefunction(s)  2S 2P renormalized
               file Cl.pbe-n-kjpaw_psl.1.0.0.UPF: wavefunction(s)  3S 3P renormalized
               file H.pbe-kjpaw_psl.1.0.0.UPF: wavefunction(s)  1S renormalized

     Parallelization info
     --------------------
     sticks:   dense  smooth     PW     G-vecs:    dense   smooth      PW
     Min        3057    1223    332               144436    36536    5170
     Max        3059    1225    333               144437    36537    5171
     Sum       24467    9791   2657              1155489   292295   41363


     Subspace diagonalization in iterative solution of the eigenvalue problem:
     a serial algorithm will be used

     GIPAW projectors -----------------------------------------------
     atom=  C    l=0  rc=    1.2000  rs=    0.8000
     atom=  C    l=0  rc=    1.2000  rs=    0.8000
     atom=  C    l=1  rc=    1.4000  rs=    0.9333
     atom=  C    l=1  rc=    1.4000  rs=    0.9333
     projs nearly linearly dependent: l=1  n1,n2= 1, 2  s=  0.99951561

     atom=  Cl   l=0  rc=    1.6000  rs=    1.0667
     atom=  Cl   l=0  rc=    1.6000  rs=    1.0667
     atom=  Cl   l=1  rc=    1.6000  rs=    1.0667
     atom=  Cl   l=1  rc=    1.6000  rs=    1.0667
     atom=  Cl   l=2  rc=    1.6000  rs=    1.0667
     atom=  Cl   l=2  rc=    1.6000  rs=    1.0667
     projs nearly linearly dependent: l=2  n1,n2= 1, 2  s=  0.99993509

     atom=  H    l=0  rc=    1.0000  rs=    0.6667
     atom=  H    l=0  rc=    1.0000  rs=    0.6667
     projs nearly linearly dependent: l=0  n1,n2= 1, 2  s=  0.99968852
     -----------------------------------------------------------------

     GIPAW integrals: -------------------------------------------
     Atom  i/j   nmr_para   nmr_dia   epr_rmc  epr_para   epr_dia
       C   1 1   0.83E+03  0.17E-01  0.93E+01  0.24E+08  0.24E+03
       C   2 1   0.86E+03 -0.61E-01  0.94E+01  0.25E+08  0.25E+03
       C   2 2   0.90E+03 -0.15E+00  0.97E+01  0.26E+08  0.26E+03
       C   3 3   0.33E+01  0.34E+00  0.18E+01  0.55E+03  0.21E+02
       C   4 3   0.35E+01  0.37E+00  0.20E+01  0.59E+03  0.22E+02
       C   4 4   0.38E+01  0.39E+00  0.22E+01  0.63E+03  0.24E+02
       Cl  1 1   0.14E+04 -0.47E+00  0.84E+01  0.32E+09  0.42E+03
       Cl  2 1   0.21E+04 -0.37E+00  0.12E+02  0.49E+09  0.65E+03
       Cl  2 2   0.33E+04 -0.16E+00  0.21E+02  0.76E+09  0.10E+04
       Cl  3 3   0.21E+02  0.79E-01  0.89E+01  0.23E+05  0.13E+03
       Cl  4 3   0.24E+02  0.67E-01  0.99E+01  0.27E+05  0.15E+03
       Cl  4 4   0.28E+02  0.44E-01  0.11E+02  0.32E+05  0.18E+03
       Cl  5 5   0.77E+00  0.19E+00  0.18E+01  0.12E+03  0.22E+02
       Cl  6 5   0.80E+00  0.19E+00  0.19E+01  0.12E+03  0.23E+02
       Cl  6 6   0.83E+00  0.20E+00  0.19E+01  0.12E+03  0.23E+02
       H   1 1   0.39E+02  0.19E+00  0.29E+00  0.78E+05  0.13E+02
       H   2 1   0.41E+02  0.21E+00  0.32E+00  0.82E+05  0.14E+02
       H   2 2   0.43E+02  0.22E+00  0.36E+00  0.86E+05  0.15E+02
     ------------------------------------------------------------

     alpha_pv=     33.6766 eV

     Number of occupied bands for each k-point:
     k-point:     1    nbnd_occ=  42
     k-point:     2    nbnd_occ=  42
     k-point:     3    nbnd_occ=  42
     k-point:     4    nbnd_occ=  42
     k-point:     5    nbnd_occ=  42
     k-point:     6    nbnd_occ=  42
     k-point:     7    nbnd_occ=  42
     k-point:     8    nbnd_occ=  42
     k-point:     9    nbnd_occ=  42
     k-point:    10    nbnd_occ=  42
     k-point:    11    nbnd_occ=  42
     k-point:    12    nbnd_occ=  42
     k-point:    13    nbnd_occ=  42
     k-point:    14    nbnd_occ=  42
     k-point:    15    nbnd_occ=  42
     k-point:    16    nbnd_occ=  42


     q-space interpolation up to   110.00 Rydberg

     GIPAW job: efg                                                                             


     ELECTRIC FIELD GRADIENTS TENSORS IN Hartree/bohrradius^2:

     ----- bare term -----
     Cl   1       -0.080129        0.087100        0.088883
     Cl   1        0.087100       -0.079160        0.039577
     Cl   1        0.088883        0.039577        0.159289

     C    2       -0.064442        0.004170       -0.549781
     C    2        0.004170       -0.154895       -0.520209
     C    2       -0.549781       -0.520209        0.219338

     C    3       -0.217850        0.351597       -0.267755
     C    3        0.351597       -0.222710       -0.460536
     C    3       -0.267755       -0.460536        0.440560

     H    4       -0.291707       -0.174745       -0.532337
     H    4       -0.174745        0.353177       -0.160703
     H    4       -0.532337       -0.160703       -0.061470

     C    5       -0.174397        0.361916       -0.150896
     C    5        0.361916       -0.270029       -0.405083
     C    5       -0.150896       -0.405083        0.444426

     H    6        0.370224       -0.188056       -0.067803
     H    6       -0.188056       -0.585282       -0.448317
     H    6       -0.067803       -0.448317        0.215058

     H    7        0.353694        0.013098       -0.283706
     H    7        0.013098       -0.188041        0.424032
     H    7       -0.283706        0.424032       -0.165653

     C    8       -0.516936       -0.333624       -0.319506
     C    8       -0.333624        0.120503        0.429942
     C    8       -0.319506        0.429942        0.396433

     H    9        0.158663        0.037823       -0.347131
     H    9        0.037823        0.263921       -0.253250
     H    9       -0.347131       -0.253250       -0.422584

     C   10       -0.093302       -0.262069       -0.217905
     C   10       -0.262069       -0.112202        0.639574
     C   10       -0.217905        0.639574        0.205504

     C   11       -0.342423       -0.141715       -0.386678
     C   11       -0.141715        0.021586        0.387239
     C   11       -0.386678        0.387239        0.320837

     Cl  12       -0.042833       -0.041059        0.028847
     Cl  12       -0.041059        0.123142       -0.117038
     Cl  12        0.028847       -0.117038       -0.080309

     H   13        0.058840       -0.189230       -0.180095
     H   13       -0.189230       -0.303382       -0.478647
     H   13       -0.180095       -0.478647        0.244541

     C   14       -0.373754        0.349528       -0.361517
     C   14        0.349528       -0.116304       -0.275525
     C   14       -0.361517       -0.275525        0.490058

     H   15       -0.371196       -0.144618       -0.548709
     H   15       -0.144618        0.338418       -0.141807
     H   15       -0.548709       -0.141807        0.032778

     C   16       -0.072885        0.053059       -0.313149
     C   16        0.053059       -0.222497       -0.572091
     C   16       -0.313149       -0.572091        0.295383

     C   17       -0.406155        0.171096       -0.381187
     C   17        0.171096        0.066164       -0.336567
     C   17       -0.381187       -0.336567        0.339991

     Cl  18       -0.036003        0.158954       -0.080252
     Cl  18        0.158954        0.040092       -0.073222
     Cl  18       -0.080252       -0.073222       -0.004089

     H   19        0.365525       -0.031312        0.108103
     H   19       -0.031312       -0.251338        0.554800
     H   19        0.108103        0.554800       -0.114187

     C   20       -0.326837       -0.235140       -0.339576
     C   20       -0.235140       -0.158199        0.435732
     C   20       -0.339576        0.435732        0.485036

     H   21       -0.052206        0.140343       -0.462080
     H   21        0.140343        0.455528        0.147592
     H   21       -0.462080        0.147592       -0.403322

     C   22       -0.270624       -0.247439       -0.287448
     C   22       -0.247439       -0.170915        0.503871
     C   22       -0.287448        0.503871        0.441538

     C   23       -0.136877       -0.000174       -0.445398
     C   23       -0.000174       -0.121737        0.510141
     C   23       -0.445398        0.510141        0.258614

     Cl  24       -0.035836       -0.066261       -0.068518
     Cl  24       -0.066261       -0.032108        0.025100
     Cl  24       -0.068518        0.025100        0.067945

     ----- ionic term -----
     Cl   1        0.125332       -0.186548       -0.031040
     Cl   1       -0.186548       -0.001658        0.027525
     Cl   1       -0.031040        0.027525       -0.123674

     C    2        0.200892       -0.132998        0.264309
     C    2       -0.132998        0.097222        0.404665
     C    2        0.264309        0.404665       -0.298114

     C    3        0.108903       -0.264306        0.205079
     C    3       -0.264306        0.254822        0.369312
     C    3        0.205079        0.369312       -0.363725

     H    4        0.596833        0.261193        0.707751
     H    4        0.261193       -0.453176        0.226949
     H    4        0.707751        0.226949       -0.143657

     C    5        0.213610       -0.272869        0.243816
     C    5       -0.272869        0.171051        0.265901
     C    5        0.243816        0.265901       -0.384661

     H    6       -0.532120        0.074960        0.061035
     H    6        0.074960        0.770035        0.637192
     H    6        0.061035        0.637192       -0.237916

     H    7       -0.488138       -0.239858        0.172655
     H    7       -0.239858        0.606917       -0.713384
     H    7        0.172655       -0.713384       -0.118779

     C    8        0.206101        0.211741        0.372134
     C    8        0.211741       -0.009469       -0.269535
     C    8        0.372134       -0.269535       -0.196632

     H    9        0.230537       -0.046665        0.804607
     H    9       -0.046665       -0.531453       -0.112544
     H    9        0.804607       -0.112544        0.300917

     C   10        0.017271        0.323993        0.219728
     C   10        0.323993        0.070526       -0.377912
     C   10        0.219728       -0.377912       -0.087796

     C   11        0.096726        0.235711        0.283361
     C   11        0.235711        0.010859       -0.428027
     C   11        0.283361       -0.428027       -0.107584

     Cl  12        0.102821        0.203868        0.001844
     Cl  12        0.203868        0.023588       -0.007048
     Cl  12        0.001844       -0.007048       -0.126409

     H   13       -0.478097        0.195042        0.122976
     H   13        0.195042        0.546691        0.717966
     H   13        0.122976        0.717966       -0.068594

     C   14        0.283961       -0.168959        0.340844
     C   14       -0.168959        0.034119        0.284817
     C   14        0.340844        0.284817       -0.318080

     H   15        0.469707        0.309130        0.735171
     H   15        0.309130       -0.401986        0.279144
     H   15        0.735171        0.279144       -0.067721

     C   16        0.091759       -0.214611        0.241362
     C   16       -0.214611        0.218145        0.365296
     C   16        0.241362        0.365296       -0.309904

     C   17        0.113156       -0.211610        0.305821
     C   17       -0.211610        0.213733        0.319879
     C   17        0.305821        0.319879       -0.326889

     Cl  18        0.079690       -0.218668        0.042952
     Cl  18       -0.218668        0.082027       -0.028319
     Cl  18        0.042952       -0.028319       -0.161717

     H   19       -0.509857       -0.022703        0.039893
     H   19       -0.022703        0.689602       -0.687583
     H   19        0.039893       -0.687583       -0.179746

     C   20        0.238811        0.243073        0.281452
     C   20        0.243073       -0.008454       -0.290263
     C   20        0.281452       -0.290263       -0.230357

     H   21        0.412296       -0.264929        0.775183
     H   21       -0.264929       -0.451656       -0.281947
     H   21        0.775183       -0.281947        0.039360

     C   22        0.106992        0.218268        0.208021
     C   22        0.218268        0.108220       -0.411276
     C   22        0.208021       -0.411276       -0.215211

     C   23        0.154321        0.233884        0.363073
     C   23        0.233884        0.025210       -0.365161
     C   23        0.363073       -0.365161       -0.179531

     Cl  24        0.133657        0.214301        0.018573
     Cl  24        0.214301        0.009636        0.002452
     Cl  24        0.018573        0.002452       -0.143294

     ----- GIPAW term -----
     Cl   1        0.864015       -1.715085        0.725942
     Cl   1       -1.715085       -0.560416        0.343551
     Cl   1        0.725942        0.343551       -0.303599

     C    2        0.105719       -0.064640       -0.187071
     C    2       -0.064640       -0.057150       -0.122151
     C    2       -0.187071       -0.122151       -0.048569

     C    3       -0.049690        0.055199       -0.086752
     C    3        0.055199       -0.039136       -0.075340
     C    3       -0.086752       -0.075340        0.088825

     H    4       -0.000000        0.000000        0.000000
     H    4        0.000000        0.000000        0.000000
     H    4        0.000000        0.000000        0.000000

     C    5        0.008830        0.108850        0.042477
     C    5        0.108850       -0.092216       -0.046515
     C    5        0.042477       -0.046515        0.083386

     H    6       -0.000000        0.000000        0.000000
     H    6        0.000000        0.000000        0.000000
     H    6        0.000000        0.000000        0.000000

     H    7       -0.000000        0.000000        0.000000
     H    7        0.000000        0.000000        0.000000
     H    7        0.000000        0.000000        0.000000

     C    8       -0.151683       -0.088680       -0.075582
     C    8       -0.088680        0.065945        0.198353
     C    8       -0.075582        0.198353        0.085738

     H    9       -0.000000        0.000000        0.000000
     H    9        0.000000        0.000000        0.000000
     H    9        0.000000        0.000000        0.000000

     C   10       -0.118138       -0.076707       -0.077231
     C   10       -0.076707        0.097516        0.240404
     C   10       -0.077231        0.240404        0.020621

     C   11       -0.009922        0.093065       -0.067373
     C   11        0.093065        0.065943        0.031000
     C   11       -0.067373        0.031000       -0.056021

     Cl  12        0.594017        1.458022        0.242800
     Cl  12        1.458022        1.418235       -1.101168
     Cl  12        0.242800       -1.101168       -2.012253

     H   13       -0.000000        0.000000        0.000000
     H   13        0.000000        0.000000        0.000000
     H   13        0.000000        0.000000        0.000000

     C   14        0.002046        0.035679       -0.113928
     C   14        0.035679       -0.070257       -0.024501
     C   14       -0.113928       -0.024501        0.068211

     H   15       -0.000000        0.000000        0.000000
     H   15        0.000000        0.000000        0.000000
     H   15        0.000000        0.000000        0.000000

     C   16       -0.015976       -0.080452       -0.085747
     C   16       -0.080452        0.013364       -0.080357
     C   16       -0.085747       -0.080357        0.002612

     C   17       -0.039510       -0.088334       -0.065344
     C   17       -0.088334        0.091477        0.002732
     C   17       -0.065344        0.002732       -0.051966

     Cl  18        0.709303        0.420201       -1.103840
     Cl  18        0.420201        1.151168       -1.428686
     Cl  18       -1.103840       -1.428686       -1.860471

     H   19       -0.000000        0.000000        0.000000
     H   19        0.000000        0.000000        0.000000
     H   19        0.000000        0.000000        0.000000

     C   20       -0.087471       -0.047825       -0.109807
     C   20       -0.047825       -0.118778        0.136459
     C   20       -0.109807        0.136459        0.206249

     H   21       -0.000000        0.000000        0.000000
     H   21        0.000000        0.000000        0.000000
     H   21        0.000000        0.000000        0.000000

     C   22       -0.110578       -0.023082       -0.070223
     C   22       -0.023082       -0.026651        0.123494
     C   22       -0.070223        0.123494        0.137229

     C   23        0.075947        0.122618       -0.105350
     C   23        0.122618       -0.019390        0.090599
     C   23       -0.105350        0.090599       -0.056557

     Cl  24        1.280306        1.981989       -0.518960
     Cl  24        1.981989       -0.098308        0.202012
     Cl  24       -0.518960        0.202012       -1.181997

     ----- total EFG -----
     Cl   1        0.909219       -1.814533        0.783785
     Cl   1       -1.814533       -0.641234        0.410653
     Cl   1        0.783785        0.410653       -0.267985

     C    2        0.242169       -0.193468       -0.472543
     C    2       -0.193468       -0.114824       -0.237695
     C    2       -0.472543       -0.237695       -0.127345

     C    3       -0.158637        0.142489       -0.149429
     C    3        0.142489       -0.007023       -0.166564
     C    3       -0.149429       -0.166564        0.165660

     H    4        0.305125        0.086448        0.175413
     H    4        0.086448       -0.099999        0.066246
     H    4        0.175413        0.066246       -0.205127

     C    5        0.048043        0.197897        0.135397
     C    5        0.197897       -0.191194       -0.185698
     C    5        0.135397       -0.185698        0.143151

     H    6       -0.161895       -0.113096       -0.006768
     H    6       -0.113096        0.184753        0.188875
     H    6       -0.006768        0.188875       -0.022857

     H    7       -0.134444       -0.226760       -0.111051
     H    7       -0.226760        0.418876       -0.289352
     H    7       -0.111051       -0.289352       -0.284432

     C    8       -0.462519       -0.210563       -0.022955
     C    8       -0.210563        0.176979        0.358760
     C    8       -0.022955        0.358760        0.285539

     H    9        0.389199       -0.008842        0.457475
     H    9       -0.008842       -0.267532       -0.365794
     H    9        0.457475       -0.365794       -0.121667

     C   10       -0.194169       -0.014782       -0.075408
     C   10       -0.014782        0.055840        0.502067
     C   10       -0.075408        0.502067        0.138329

     C   11       -0.255619        0.187061       -0.170691
     C   11        0.187061        0.098387       -0.009789
     C   11       -0.170691       -0.009789        0.157232

     Cl  12        0.654005        1.620831        0.273491
     Cl  12        1.620831        1.564966       -1.225253
     Cl  12        0.273491       -1.225253       -2.218971

     H   13       -0.419256        0.005812       -0.057119
     H   13        0.005812        0.243309        0.239319
     H   13       -0.057119        0.239319        0.175947

     C   14       -0.087748        0.216248       -0.134602
     C   14        0.216248       -0.152442       -0.015209
     C   14       -0.134602       -0.015209        0.240190

     H   15        0.098511        0.164511        0.186462
     H   15        0.164511       -0.063568        0.137337
     H   15        0.186462        0.137337       -0.034942

     C   16        0.002897       -0.242004       -0.157534
     C   16       -0.242004        0.009012       -0.287152
     C   16       -0.157534       -0.287152       -0.011910

     C   17       -0.332510       -0.128848       -0.140710
     C   17       -0.128848        0.371374       -0.013955
     C   17       -0.140710       -0.013955       -0.038864

     Cl  18        0.752990        0.360487       -1.141141
     Cl  18        0.360487        1.273287       -1.530227
     Cl  18       -1.141141       -1.530227       -2.026277

     H   19       -0.144332       -0.054014        0.147996
     H   19       -0.054014        0.438265       -0.132783
     H   19        0.147996       -0.132783       -0.293933

     C   20       -0.175497       -0.039891       -0.167930
     C   20       -0.039891       -0.285431        0.281928
     C   20       -0.167930        0.281928        0.460928

     H   21        0.360090       -0.124585        0.313103
     H   21       -0.124585        0.003872       -0.134355
     H   21        0.313103       -0.134355       -0.363962

     C   22       -0.274210       -0.052252       -0.149649
     C   22       -0.052252       -0.089346        0.216089
     C   22       -0.149649        0.216089        0.363556

     C   23        0.093391        0.356328       -0.187675
     C   23        0.356328       -0.115917        0.235579
     C   23       -0.187675        0.235579        0.022526

     Cl  24        1.378127        2.130030       -0.568905
     Cl  24        2.130030       -0.120780        0.229564
     Cl  24       -0.568905        0.229564       -1.257346

     ----- total EFG (symmetrized) -----
     Cl   1        0.909219       -1.814533        0.783785
     Cl   1       -1.814533       -0.641234        0.410653
     Cl   1        0.783785        0.410653       -0.267985

     C    2        0.242169       -0.193468       -0.472543
     C    2       -0.193468       -0.114824       -0.237695
     C    2       -0.472543       -0.237695       -0.127345

     C    3       -0.158637        0.142489       -0.149429
     C    3        0.142489       -0.007023       -0.166564
     C    3       -0.149429       -0.166564        0.165660

     H    4        0.305125        0.086448        0.175413
     H    4        0.086448       -0.099999        0.066246
     H    4        0.175413        0.066246       -0.205127

     C    5        0.048043        0.197897        0.135397
     C    5        0.197897       -0.191194       -0.185698
     C    5        0.135397       -0.185698        0.143151

     H    6       -0.161895       -0.113096       -0.006768
     H    6       -0.113096        0.184753        0.188875
     H    6       -0.006768        0.188875       -0.022857

     H    7       -0.134444       -0.226760       -0.111051
     H    7       -0.226760        0.418876       -0.289352
     H    7       -0.111051       -0.289352       -0.284432

     C    8       -0.462519       -0.210563       -0.022955
     C    8       -0.210563        0.176979        0.358760
     C    8       -0.022955        0.358760        0.285539

     H    9        0.389199       -0.008842        0.457475
     H    9       -0.008842       -0.267532       -0.365794
     H    9        0.457475       -0.365794       -0.121667

     C   10       -0.194169       -0.014782       -0.075408
     C   10       -0.014782        0.055840        0.502067
     C   10       -0.075408        0.502067        0.138329

     C   11       -0.255619        0.187061       -0.170691
     C   11        0.187061        0.098387       -0.009789
     C   11       -0.170691       -0.009789        0.157232

     Cl  12        0.654005        1.620831        0.273491
     Cl  12        1.620831        1.564966       -1.225253
     Cl  12        0.273491       -1.225253       -2.218971

     H   13       -0.419256        0.005812       -0.057119
     H   13        0.005812        0.243309        0.239319
     H   13       -0.057119        0.239319        0.175947

     C   14       -0.087748        0.216248       -0.134602
     C   14        0.216248       -0.152442       -0.015209
     C   14       -0.134602       -0.015209        0.240190

     H   15        0.098511        0.164511        0.186462
     H   15        0.164511       -0.063568        0.137337
     H   15        0.186462        0.137337       -0.034942

     C   16        0.002897       -0.242004       -0.157534
     C   16       -0.242004        0.009012       -0.287152
     C   16       -0.157534       -0.287152       -0.011910

     C   17       -0.332510       -0.128848       -0.140710
     C   17       -0.128848        0.371374       -0.013955
     C   17       -0.140710       -0.013955       -0.038864

     Cl  18        0.752990        0.360487       -1.141141
     Cl  18        0.360487        1.273287       -1.530227
     Cl  18       -1.141141       -1.530227       -2.026277

     H   19       -0.144332       -0.054014        0.147996
     H   19       -0.054014        0.438265       -0.132783
     H   19        0.147996       -0.132783       -0.293933

     C   20       -0.175497       -0.039891       -0.167930
     C   20       -0.039891       -0.285431        0.281928
     C   20       -0.167930        0.281928        0.460928

     H   21        0.360090       -0.124585        0.313103
     H   21       -0.124585        0.003872       -0.134355
     H   21        0.313103       -0.134355       -0.363962

     C   22       -0.274210       -0.052252       -0.149649
     C   22       -0.052252       -0.089346        0.216089
     C   22       -0.149649        0.216089        0.363556

     C   23        0.093391        0.356328       -0.187675
     C   23        0.356328       -0.115917        0.235579
     C   23       -0.187675        0.235579        0.022526

     Cl  24        1.378127        2.130030       -0.568905
     Cl  24        2.130030       -0.120780        0.229564
     Cl  24       -0.568905        0.229564       -1.257346


     NQR/NMR SPECTROSCOPIC PARAMETERS:
     Cl   1    Vxx=   -0.0235    axis=(  0.061015  0.422065  0.904510)
     Cl   1    Vyy=   -2.1631    axis=(  0.540164  0.748070 -0.385504)
     Cl   1    Vzz=    2.1866    axis=( -0.839345  0.512106 -0.182341)
     Cl   1  Q=        -8.1650 1e-30 m^2  Cq=       -41.9485 MHz  eta= 0.97851

     C    2    Vxx=    0.0650    axis=( -0.250776  0.859267 -0.445838)
     C    2    Vyy=    0.5659    axis=(  0.832421 -0.043687 -0.552419)
     C    2    Vzz=   -0.6309    axis=( -0.494153 -0.509658 -0.704316)
     C    2  Q=         1.0000 1e-30 m^2  Cq=        -1.4823 MHz  eta= 0.79404

     C    3    Vxx=   -0.0971    axis=(  0.244392  0.750075  0.614541)
     C    3    Vyy=   -0.2509    axis=( -0.895316  0.417941 -0.154064)
     C    3    Vzz=    0.3479    axis=( -0.372401 -0.512556  0.773695)
     C    3  Q=         1.0000 1e-30 m^2  Cq=         0.8175 MHz  eta= 0.44205

     H    4    Vxx=   -0.1125    axis=(  0.267963 -0.948189 -0.170683)
     H    4    Vyy=   -0.2689    axis=(  0.250538  0.239648 -0.937976)
     H    4    Vzz=    0.3814    axis=(  0.930283  0.208581  0.301774)
     H    4  Q=         1.0000 1e-30 m^2  Cq=         0.8962 MHz  eta= 0.41006

     C    5    Vxx=    0.1529    axis=( -0.777174 -0.579476  0.245373)
     C    5    Vyy=    0.2463    axis=(  0.419864 -0.187051  0.888102)
     C    5    Vzz=   -0.3991    axis=(  0.468736 -0.793234 -0.388672)
     C    5  Q=         1.0000 1e-30 m^2  Cq=        -0.9378 MHz  eta= 0.23407

     H    6    Vxx=   -0.1029    axis=(  0.517941 -0.317857  0.794169)
     H    6    Vyy=   -0.2150    axis=(  0.829749  0.412401 -0.376087)
     H    6    Vzz=    0.3179    axis=( -0.207975  0.853752  0.477341)
     H    6  Q=         1.0000 1e-30 m^2  Cq=         0.7469 MHz  eta= 0.35285

     H    7    Vxx=   -0.0796    axis=(  0.836320  0.064411 -0.544444)
     H    7    Vyy=   -0.4893    axis=(  0.485818  0.373139  0.790410)
     H    7    Vzz=    0.5689    axis=(  0.254064 -0.925537  0.280772)
     H    7  Q=         1.0000 1e-30 m^2  Cq=         1.3367 MHz  eta= 0.72011

     C    8    Vxx=   -0.0813    axis=( -0.327122  0.665330 -0.671064)
     C    8    Vyy=   -0.5355    axis=( -0.933711 -0.336920  0.121112)
     C    8    Vzz=    0.6169    axis=( -0.145515  0.666199  0.731440)
     C    8  Q=         1.0000 1e-30 m^2  Cq=         1.4494 MHz  eta= 0.73626

     H    9    Vxx=   -0.0425    axis=(  0.503952  0.730156 -0.461416)
     H    9    Vyy=   -0.6575    axis=( -0.300083  0.648944  0.699158)
     H    9    Vzz=    0.7000    axis=(  0.809927 -0.213879  0.546144)
     H    9  Q=         1.0000 1e-30 m^2  Cq=         1.6448 MHz  eta= 0.87865

     C   10    Vxx=   -0.1920    axis=( -0.979670 -0.189834  0.064880)
     C   10    Vyy=   -0.4142    axis=(  0.183227 -0.714972  0.674717)
     C   10    Vzz=    0.6062    axis=( -0.081697  0.672888  0.735220)
     C   10  Q=         1.0000 1e-30 m^2  Cq=         1.4244 MHz  eta= 0.36642

     C   11    Vxx=    0.1160    axis=( -0.105566 -0.776527 -0.621177)
     C   11    Vyy=    0.2645    axis=( -0.430143 -0.527545  0.732580)
     C   11    Vzz=   -0.3805    axis=( -0.896567  0.344531 -0.278327)
     C   11  Q=         1.0000 1e-30 m^2  Cq=        -0.8940 MHz  eta= 0.39033

     Cl  12    Vxx=   -0.1701    axis=( -0.794168  0.468984 -0.386460)
     Cl  12    Vyy=   -2.7578    axis=( -0.237235  0.346220  0.907663)
     Cl  12    Vzz=    2.9279    axis=(  0.559479  0.812518 -0.163698)
     Cl  12  Q=        -8.1650 1e-30 m^2  Cq=       -56.1699 MHz  eta= 0.88383

     H   13    Vxx=   -0.0265    axis=( -0.117942 -0.657550  0.744122)
     H   13    Vyy=   -0.4261    axis=( -0.992289  0.049276 -0.113733)
     H   13    Vzz=    0.4526    axis=(  0.038118 -0.751797 -0.658291)
     H   13  Q=         1.0000 1e-30 m^2  Cq=         1.0634 MHz  eta= 0.88300

     C   14    Vxx=    0.0404    axis=(  0.608904  0.646685  0.459384)
     C   14    Vyy=    0.3088    axis=( -0.421657 -0.226658  0.877970)
     C   14    Vzz=   -0.3491    axis=(  0.671893 -0.728302  0.134667)
     C   14  Q=         1.0000 1e-30 m^2  Cq=        -0.8203 MHz  eta= 0.76875

     H   15    Vxx=   -0.1549    axis=(  0.698918 -0.519276 -0.491799)
     H   15    Vyy=   -0.1874    axis=(  0.042083  0.716304 -0.696518)
     H   15    Vzz=    0.3424    axis=( -0.713963 -0.466113 -0.522490)
     H   15  Q=         1.0000 1e-30 m^2  Cq=         0.8044 MHz  eta= 0.09500

     C   16    Vxx=    0.1515    axis=(  0.780565 -0.075205 -0.620534)
     C   16    Vyy=    0.3100    axis=(  0.343287 -0.778049  0.526112)
     C   16    Vzz=   -0.4614    axis=(  0.522372  0.623686  0.581501)
     C   16  Q=         1.0000 1e-30 m^2  Cq=        -1.0841 MHz  eta= 0.34353

     C   17    Vxx=    0.0146    axis=( -0.345898 -0.088372  0.934101)
     C   17    Vyy=    0.3945    axis=( -0.179435  0.983410  0.026592)
     C   17    Vzz=   -0.4091    axis=( -0.920955 -0.158412 -0.356017)
     C   17  Q=         1.0000 1e-30 m^2  Cq=        -0.9611 MHz  eta= 0.92881

     Cl  18    Vxx=    0.5839    axis=(  0.837918 -0.543719 -0.047572)
     Cl  18    Vyy=    2.2898    axis=(  0.481902  0.777933 -0.403225)
     Cl  18    Vzz=   -2.8736    axis=(  0.256249  0.314945  0.913863)
     Cl  18  Q=        -8.1650 1e-30 m^2  Cq=        55.1289 MHz  eta= 0.59364

     H   19    Vxx=   -0.0781    axis=(  0.861776  0.209025  0.462223)
     H   19    Vyy=   -0.3940    axis=( -0.489880  0.106255  0.865290)
     H   19    Vzz=    0.4721    axis=(  0.131754 -0.972121  0.193966)
     H   19  Q=         1.0000 1e-30 m^2  Cq=         1.1092 MHz  eta= 0.66932

     C   20    Vxx=   -0.2125    axis=(  0.971864  0.154791  0.177540)
     C   20    Vyy=   -0.3813    axis=( -0.088908  0.939062 -0.332052)
     C   20    Vzz=    0.5939    axis=( -0.218120  0.306925  0.926402)
     C   20  Q=         1.0000 1e-30 m^2  Cq=         1.3954 MHz  eta= 0.28426

     H   21    Vxx=   -0.0334    axis=(  0.342275  0.937869 -0.057000)
     H   21    Vyy=   -0.4950    axis=( -0.316486  0.172196  0.932837)
     H   21    Vzz=    0.5284    axis=(  0.884695 -0.301247  0.355761)
     H   21  Q=         1.0000 1e-30 m^2  Cq=         1.2416 MHz  eta= 0.87347

     C   22    Vxx=   -0.1755    axis=(  0.051389  0.931827 -0.359246)
     C   22    Vyy=   -0.3077    axis=(  0.977484  0.026785  0.209302)
     C   22    Vzz=    0.4832    axis=( -0.204655  0.361914  0.909470)
     C   22  Q=         1.0000 1e-30 m^2  Cq=         1.1354 MHz  eta= 0.27347

     C   23    Vxx=    0.1825    axis=( -0.245423  0.403025  0.881668)
     C   23    Vyy=    0.3605    axis=(  0.809930  0.585024 -0.041970)
     C   23    Vzz=   -0.5430    axis=( -0.532711  0.703789 -0.470000)
     C   23  Q=         1.0000 1e-30 m^2  Cq=        -1.2757 MHz  eta= 0.32792

     Cl  24    Vxx=   -0.9139    axis=( -0.279713  0.517051  0.808961)
     Cl  24    Vyy=   -1.9995    axis=(  0.501549 -0.639786  0.582342)
     Cl  24    Vzz=    2.9134    axis=( -0.818663 -0.568622  0.080370)
     Cl  24  Q=        -8.1650 1e-30 m^2  Cq=       -55.8929 MHz  eta= 0.37263

     Initialization:
     gipaw_setup  :      9.09s CPU     10.87s WALL (       1 calls)

     Linear response

     Apply operators

     Induced current

     Other routines
     efg          :      9.38s CPU     11.79s WALL (       1 calls)

     General routines
     calbec       :      3.34s CPU      4.42s WALL (      16 calls)
     fft          :      1.46s CPU      1.79s WALL (      15 calls)
     ffts         :      0.04s CPU      0.04s WALL (       2 calls)
     fftw         :      3.29s CPU      4.01s WALL (     672 calls)
     davcio       :      0.03s CPU      0.31s WALL (      32 calls)

     Parallel routines
     fft_scatter  :      2.16s CPU      3.08s WALL (     689 calls)

     Plugins

     GIPAW        :     61.60s CPU     73.44s WALL (       1 calls)
