
     Program QE v.6.0 (svn rev. 13079) starts on  4Jan2017 at  1: 3:29 

     This program is part of the open-source Quantum ESPRESSO suite
     for quantum simulation of materials; please cite
         "P. Giannozzi et al., J. Phys.:Condens. Matter 21 395502 (2009);
          URL http://www.quantum-espresso.org", 
     in publications or presentations arising from this work. More details at
     http://www.quantum-espresso.org/quote

     Parallel version (MPI), running on     8 processors
     R & G space division:  proc/nbgrp/npool/nimage =       8

     ***** This is GIPAW svn revision unknown      *****

     Parallelizing q-star over 1 images

     Reading data from directory:
     /users/majewski/paradichlorobenzene/pbe/9_constraint/scratch/pbe.ecut100.np8.dt60.pcl2phi-129368.save
     Message from routine read_xml_file:
     file /users/majewski/paradichlorobenzene/pbe/9_constraint/scratch/pbe.ecut100.np8.dt60.pcl2phi-129368.save not guaranteed to be safe for post-processing

   Info: using nr1, nr2, nr3 values from input

   Info: using nr1, nr2, nr3 values from input

     IMPORTANT: XC functional enforced from input :
     Exchange-correlation      =  SLA  PW   PBX  PBC ( 1  4  3  4 0 0)
     Any further DFT definition will be discarded
     Please, verify this is what you really want

               file C.pbe-n-kjpaw_psl.1.0.0.UPF: wavefunction(s)  2S 2P renormalized
               file Cl.pbe-n-kjpaw_psl.1.0.0.UPF: wavefunction(s)  3S 3P renormalized
               file H.pbe-kjpaw_psl.1.0.0.UPF: wavefunction(s)  1S renormalized

     Parallelization info
     --------------------
     sticks:   dense  smooth     PW     G-vecs:    dense   smooth      PW
     Min        3057    1223    332               144436    36536    5170
     Max        3059    1225    333               144437    36537    5171
     Sum       24467    9791   2657              1155489   292295   41363


     Subspace diagonalization in iterative solution of the eigenvalue problem:
     a serial algorithm will be used

     GIPAW projectors -----------------------------------------------
     atom=  C    l=0  rc=    1.2000  rs=    0.8000
     atom=  C    l=0  rc=    1.2000  rs=    0.8000
     atom=  C    l=1  rc=    1.4000  rs=    0.9333
     atom=  C    l=1  rc=    1.4000  rs=    0.9333
     projs nearly linearly dependent: l=1  n1,n2= 1, 2  s=  0.99951561

     atom=  Cl   l=0  rc=    1.6000  rs=    1.0667
     atom=  Cl   l=0  rc=    1.6000  rs=    1.0667
     atom=  Cl   l=1  rc=    1.6000  rs=    1.0667
     atom=  Cl   l=1  rc=    1.6000  rs=    1.0667
     atom=  Cl   l=2  rc=    1.6000  rs=    1.0667
     atom=  Cl   l=2  rc=    1.6000  rs=    1.0667
     projs nearly linearly dependent: l=2  n1,n2= 1, 2  s=  0.99993509

     atom=  H    l=0  rc=    1.0000  rs=    0.6667
     atom=  H    l=0  rc=    1.0000  rs=    0.6667
     projs nearly linearly dependent: l=0  n1,n2= 1, 2  s=  0.99968852
     -----------------------------------------------------------------

     GIPAW integrals: -------------------------------------------
     Atom  i/j   nmr_para   nmr_dia   epr_rmc  epr_para   epr_dia
       C   1 1   0.83E+03  0.17E-01  0.93E+01  0.24E+08  0.24E+03
       C   2 1   0.86E+03 -0.61E-01  0.94E+01  0.25E+08  0.25E+03
       C   2 2   0.90E+03 -0.15E+00  0.97E+01  0.26E+08  0.26E+03
       C   3 3   0.33E+01  0.34E+00  0.18E+01  0.55E+03  0.21E+02
       C   4 3   0.35E+01  0.37E+00  0.20E+01  0.59E+03  0.22E+02
       C   4 4   0.38E+01  0.39E+00  0.22E+01  0.63E+03  0.24E+02
       Cl  1 1   0.14E+04 -0.47E+00  0.84E+01  0.32E+09  0.42E+03
       Cl  2 1   0.21E+04 -0.37E+00  0.12E+02  0.49E+09  0.65E+03
       Cl  2 2   0.33E+04 -0.16E+00  0.21E+02  0.76E+09  0.10E+04
       Cl  3 3   0.21E+02  0.79E-01  0.89E+01  0.23E+05  0.13E+03
       Cl  4 3   0.24E+02  0.67E-01  0.99E+01  0.27E+05  0.15E+03
       Cl  4 4   0.28E+02  0.44E-01  0.11E+02  0.32E+05  0.18E+03
       Cl  5 5   0.77E+00  0.19E+00  0.18E+01  0.12E+03  0.22E+02
       Cl  6 5   0.80E+00  0.19E+00  0.19E+01  0.12E+03  0.23E+02
       Cl  6 6   0.83E+00  0.20E+00  0.19E+01  0.12E+03  0.23E+02
       H   1 1   0.39E+02  0.19E+00  0.29E+00  0.78E+05  0.13E+02
       H   2 1   0.41E+02  0.21E+00  0.32E+00  0.82E+05  0.14E+02
       H   2 2   0.43E+02  0.22E+00  0.36E+00  0.86E+05  0.15E+02
     ------------------------------------------------------------

     alpha_pv=     33.9351 eV

     Number of occupied bands for each k-point:
     k-point:     1    nbnd_occ=  42
     k-point:     2    nbnd_occ=  42
     k-point:     3    nbnd_occ=  42
     k-point:     4    nbnd_occ=  42
     k-point:     5    nbnd_occ=  42
     k-point:     6    nbnd_occ=  42
     k-point:     7    nbnd_occ=  42
     k-point:     8    nbnd_occ=  42
     k-point:     9    nbnd_occ=  42
     k-point:    10    nbnd_occ=  42
     k-point:    11    nbnd_occ=  42
     k-point:    12    nbnd_occ=  42
     k-point:    13    nbnd_occ=  42
     k-point:    14    nbnd_occ=  42
     k-point:    15    nbnd_occ=  42
     k-point:    16    nbnd_occ=  42


     q-space interpolation up to   110.00 Rydberg

     GIPAW job: efg                                                                             


     ELECTRIC FIELD GRADIENTS TENSORS IN Hartree/bohrradius^2:

     ----- bare term -----
     Cl   1        0.055933        0.018795       -0.017134
     Cl   1        0.018795       -0.083274        0.011206
     Cl   1       -0.017134        0.011206        0.027341

     C    2       -0.800476        0.353954       -0.295474
     C    2        0.353954        0.276933       -0.027851
     C    2       -0.295474       -0.027851        0.523543

     C    3        0.118096        0.308455       -0.012097
     C    3        0.308455       -0.537572       -0.426592
     C    3       -0.012097       -0.426592        0.419476

     H    4       -0.496911       -0.208664       -0.554017
     H    4       -0.208664        0.290715       -0.305103
     H    4       -0.554017       -0.305103        0.206196

     C    5       -0.916831        0.310177       -0.410741
     C    5        0.310177        0.340115       -0.001000
     C    5       -0.410741       -0.001000        0.576716

     H    6        0.402396       -0.030614       -0.175871
     H    6       -0.030614       -0.570852       -0.586270
     H    6       -0.175871       -0.586270        0.168456

     H    7        0.260992        0.319144        0.113038
     H    7        0.319144       -0.523713       -0.217596
     H    7        0.113038       -0.217596        0.262720

     C    8        0.075556        0.138305       -0.012679
     C    8        0.138305       -0.156188       -0.183641
     C    8       -0.012679       -0.183641        0.080632

     H    9       -0.269116        0.393866        0.158129
     H    9        0.393866        0.044956       -0.164911
     H    9        0.158129       -0.164911        0.224160

     C   10        0.073503        0.010678        0.257418
     C   10        0.010678       -0.066170       -0.234552
     C   10        0.257418       -0.234552       -0.007333

     C   11       -0.027316        0.187138       -0.229967
     C   11        0.187138       -0.036799        0.273292
     C   11       -0.229967        0.273292        0.064115

     Cl  12       -0.007676       -0.310056       -0.032202
     Cl  12       -0.310056        0.053825       -0.216279
     Cl  12       -0.032202       -0.216279       -0.046148

     H   13        0.439502       -0.050739       -0.032369
     H   13       -0.050739       -0.042315       -0.530805
     H   13       -0.032369       -0.530805       -0.397187

     C   14        0.178210        0.016705       -0.019614
     C   14        0.016705       -0.225908       -0.226230
     C   14       -0.019614       -0.226230        0.047698

     H   15        0.125336       -0.100981       -0.313121
     H   15       -0.100981        0.343087       -0.338976
     H   15       -0.313121       -0.338976       -0.468423

     C   16       -0.294940        0.341343       -0.192051
     C   16        0.341343        0.346001       -0.127325
     C   16       -0.192051       -0.127325       -0.051062

     C   17        0.255185        0.029482       -0.097095
     C   17        0.029482       -0.526232       -0.433978
     C   17       -0.097095       -0.433978        0.271047

     Cl  18       -0.072958        0.195806       -0.016812
     Cl  18        0.195806       -0.011357       -0.074254
     Cl  18       -0.016812       -0.074254        0.084314

     H   19        0.070642        0.245229       -0.021052
     H   19        0.245229       -0.388303        0.433804
     H   19       -0.021052        0.433804        0.317661

     C   20       -0.378315       -0.340701        0.028993
     C   20       -0.340701       -0.021115        0.419303
     C   20        0.028993        0.419303        0.399429

     H   21       -0.606303       -0.157209       -0.047816
     H   21       -0.157209        0.269316        0.295183
     H   21       -0.047816        0.295183        0.336987

     C   22        0.026183        0.171227       -0.344702
     C   22        0.171227       -0.167102        0.566021
     C   22       -0.344702        0.566021        0.140920

     C   23       -0.469102       -0.353318       -0.291415
     C   23       -0.353318        0.119641        0.385838
     C   23       -0.291415        0.385838        0.349461

     Cl  24       -0.036254        0.100110       -0.030362
     Cl  24        0.100110        0.081028        0.121043
     Cl  24       -0.030362        0.121043       -0.044774

     ----- ionic term -----
     Cl   1        0.114643       -0.212272        0.065130
     Cl   1       -0.212272        0.045086       -0.042463
     Cl   1        0.065130       -0.042463       -0.159729

     C    2        0.052976       -0.243724        0.385218
     C    2       -0.243724        0.147859        0.325096
     C    2        0.385218        0.325096       -0.200835

     C    3        0.089472       -0.240121        0.219694
     C    3       -0.240121        0.211807        0.390222
     C    3        0.219694        0.390222       -0.301279

     H    4        0.425465        0.354663        0.708676
     H    4        0.354663       -0.337248        0.317489
     H    4        0.708676        0.317489       -0.088216

     C    5        0.225397       -0.190505        0.286155
     C    5       -0.190505        0.062330        0.316510
     C    5        0.286155        0.316510       -0.287728

     H    6       -0.516283        0.027250        0.003618
     H    6        0.027250        0.634087        0.717875
     H    6        0.003618        0.717875       -0.117804

     H    7       -0.471683       -0.292095        0.107154
     H    7       -0.292095        0.802391       -0.539041
     H    7        0.107154       -0.539041       -0.330708

     C    8        0.359353        0.051307        0.115156
     C    8        0.051307        0.147916       -0.263871
     C    8        0.115156       -0.263871       -0.507269

     H    9        0.793734       -0.315911        0.546301
     H    9       -0.315911       -0.403958       -0.193143
     H    9        0.546301       -0.193143       -0.389776

     C   10        0.235059        0.133928        0.119847
     C   10        0.133928        0.244953       -0.322651
     C   10        0.119847       -0.322651       -0.480011

     C   11        0.285141        0.035676        0.165613
     C   11        0.035676        0.226896       -0.333702
     C   11        0.165613       -0.333702       -0.512037

     Cl  12        0.142211        0.187609       -0.013482
     Cl  12        0.187609        0.026198       -0.022744
     Cl  12       -0.013482       -0.022744       -0.168409

     H   13       -0.517962        0.123615        0.115905
     H   13        0.123615        0.629324        0.720288
     H   13        0.115905        0.720288       -0.111362

     C   14        0.235637       -0.288694        0.353911
     C   14       -0.288694        0.000406        0.281796
     C   14        0.353911        0.281796       -0.236042

     H   15        0.533213        0.265314        0.785814
     H   15        0.265314       -0.494020        0.251847
     H   15        0.785814        0.251847       -0.039193

     C   16        0.175621       -0.354567        0.206004
     C   16       -0.354567        0.085641        0.384754
     C   16        0.206004        0.384754       -0.261262

     C   17        0.161172       -0.186699        0.261931
     C   17       -0.186699        0.033497        0.433438
     C   17        0.261931        0.433438       -0.194669

     Cl  18        0.128424       -0.188334        0.004920
     Cl  18       -0.188334       -0.000376       -0.004811
     Cl  18        0.004920       -0.004811       -0.128048

     H   19       -0.491018       -0.202746        0.058218
     H   19       -0.202746        0.954278       -0.396315
     H   19        0.058218       -0.396315       -0.463260

     C   20        0.309574        0.073906        0.105404
     C   20        0.073906        0.187134       -0.275247
     C   20        0.105404       -0.275247       -0.496709

     H   21        0.794809       -0.317599        0.475221
     H   21       -0.317599       -0.371266       -0.194578
     H   21        0.475221       -0.194578       -0.423544

     C   22        0.166238        0.151155        0.070850
     C   22        0.151155        0.331213       -0.383816
     C   22        0.070850       -0.383816       -0.497451

     C   23        0.260950        0.033340        0.145233
     C   23        0.033340        0.269009       -0.339967
     C   23        0.145233       -0.339967       -0.529959

     Cl  24        0.141232        0.217694        0.005506
     Cl  24        0.217694       -0.003460       -0.005498
     Cl  24        0.005506       -0.005498       -0.137772

     ----- GIPAW term -----
     Cl   1        0.256657        0.310429       -0.082154
     Cl   1        0.310429        2.169396       -0.013934
     Cl   1       -0.082154       -0.013934       -2.426053

     C    2       -0.157907        0.032354        0.027785
     C    2        0.032354        0.072862        0.178478
     C    2        0.027785        0.178478        0.085045

     C    3       -0.091198        0.066672        0.059834
     C    3        0.066672        0.000241        0.180208
     C    3        0.059834        0.180208        0.090957

     H    4       -0.000000        0.000000        0.000000
     H    4        0.000000        0.000000        0.000000
     H    4        0.000000        0.000000        0.000000

     C    5       -0.200618        0.060476        0.013533
     C    5        0.060476        0.055318        0.174389
     C    5        0.013533        0.174389        0.145300

     H    6       -0.000000        0.000000        0.000000
     H    6        0.000000        0.000000        0.000000
     H    6        0.000000        0.000000        0.000000

     H    7       -0.000000        0.000000        0.000000
     H    7        0.000000        0.000000        0.000000
     H    7        0.000000        0.000000        0.000000

     C    8        0.021673        0.014373        0.012025
     C    8        0.014373       -0.006357       -0.025485
     C    8        0.012025       -0.025485       -0.015316

     H    9       -0.000000        0.000000        0.000000
     H    9        0.000000        0.000000        0.000000
     H    9        0.000000        0.000000        0.000000

     C   10        0.020385        0.013591        0.024035
     C   10        0.013591        0.004518       -0.038700
     C   10        0.024035       -0.038700       -0.024904

     C   11       -0.009668        0.048852       -0.010862
     C   11        0.048852       -0.011894        0.052759
     C   11       -0.010862        0.052759        0.021562

     Cl  12       -0.765660        0.357634        0.161049
     Cl  12        0.357634       -0.366748        1.200351
     Cl  12        0.161049        1.200351        1.132408

     H   13       -0.000000        0.000000        0.000000
     H   13        0.000000        0.000000        0.000000
     H   13        0.000000        0.000000        0.000000

     C   14       -0.004907       -0.022342        0.001544
     C   14       -0.022342       -0.040145        0.067269
     C   14        0.001544        0.067269        0.045052

     H   15       -0.000000        0.000000        0.000000
     H   15        0.000000        0.000000        0.000000
     H   15        0.000000        0.000000        0.000000

     C   16       -0.019249        0.006505       -0.015209
     C   16        0.006505        0.039854        0.004745
     C   16       -0.015209        0.004745       -0.020604

     C   17       -0.032306       -0.037064        0.024973
     C   17       -0.037064       -0.018620        0.123156
     C   17        0.024973        0.123156        0.050927

     Cl  18       -0.863235       -0.375620        0.572066
     Cl  18       -0.375620       -0.247047        1.796192
     Cl  18        0.572066        1.796192        1.110283

     H   19       -0.000000        0.000000        0.000000
     H   19        0.000000        0.000000        0.000000
     H   19        0.000000        0.000000        0.000000

     C   20       -0.042835        0.091667        0.140666
     C   20        0.091667        0.022117        0.177436
     C   20        0.140666        0.177436        0.020717

     H   21       -0.000000        0.000000        0.000000
     H   21        0.000000        0.000000        0.000000
     H   21        0.000000        0.000000        0.000000

     C   22       -0.047877        0.200694       -0.105753
     C   22        0.200694        0.143559       -0.020663
     C   22       -0.105753       -0.020663       -0.095682

     C   23       -0.142650        0.022444       -0.033931
     C   23        0.022444        0.180413        0.196026
     C   23       -0.033931        0.196026       -0.037763

     Cl  24        0.514440        2.745190        0.073739
     Cl  24        2.745190        1.132428        1.388698
     Cl  24        0.073739        1.388698       -1.646868

     ----- total EFG -----
     Cl   1        0.427233        0.116953       -0.034158
     Cl   1        0.116953        2.131207       -0.045190
     Cl   1       -0.034158       -0.045190       -2.558440

     C    2       -0.905407        0.142584        0.117530
     C    2        0.142584        0.497653        0.475723
     C    2        0.117530        0.475723        0.407754

     C    3        0.116370        0.135005        0.267430
     C    3        0.135005       -0.325524        0.143838
     C    3        0.267430        0.143838        0.209154

     H    4       -0.071446        0.145999        0.154659
     H    4        0.145999       -0.046534        0.012387
     H    4        0.154659        0.012387        0.117980

     C    5       -0.892052        0.180148       -0.111052
     C    5        0.180148        0.457763        0.489898
     C    5       -0.111052        0.489898        0.434289

     H    6       -0.113887       -0.003365       -0.172253
     H    6       -0.003365        0.063235        0.131604
     H    6       -0.172253        0.131604        0.050652

     H    7       -0.210690        0.027049        0.220192
     H    7        0.027049        0.278678       -0.756638
     H    7        0.220192       -0.756638       -0.067988

     C    8        0.456582        0.203985        0.114501
     C    8        0.203985       -0.014629       -0.472997
     C    8        0.114501       -0.472997       -0.441953

     H    9        0.524618        0.077955        0.704430
     H    9        0.077955       -0.359001       -0.358054
     H    9        0.704430       -0.358054       -0.165617

     C   10        0.328947        0.158197        0.401300
     C   10        0.158197        0.183302       -0.595903
     C   10        0.401300       -0.595903       -0.512248

     C   11        0.248157        0.271666       -0.075216
     C   11        0.271666        0.178203       -0.007651
     C   11       -0.075216       -0.007651       -0.426360

     Cl  12       -0.631126        0.235188        0.115365
     Cl  12        0.235188       -0.286725        0.961329
     Cl  12        0.115365        0.961329        0.917850

     H   13       -0.078460        0.072876        0.083536
     H   13        0.072876        0.587009        0.189482
     H   13        0.083536        0.189482       -0.508549

     C   14        0.408940       -0.294332        0.335842
     C   14       -0.294332       -0.265647        0.122835
     C   14        0.335842        0.122835       -0.143293

     H   15        0.658549        0.164332        0.472694
     H   15        0.164332       -0.150933       -0.087129
     H   15        0.472694       -0.087129       -0.507616

     C   16       -0.138568       -0.006720       -0.001255
     C   16       -0.006720        0.471496        0.262173
     C   16       -0.001255        0.262173       -0.332928

     C   17        0.384050       -0.194281        0.189809
     C   17       -0.194281       -0.511355        0.122616
     C   17        0.189809        0.122616        0.127305

     Cl  18       -0.807769       -0.368148        0.560173
     Cl  18       -0.368148       -0.258780        1.717127
     Cl  18        0.560173        1.717127        1.066549

     H   19       -0.420376        0.042483        0.037166
     H   19        0.042483        0.565976        0.037489
     H   19        0.037166        0.037489       -0.145600

     C   20       -0.111575       -0.175129        0.275063
     C   20       -0.175129        0.188137        0.321492
     C   20        0.275063        0.321492       -0.076562

     H   21        0.188506       -0.474807        0.427405
     H   21       -0.474807       -0.101950        0.100605
     H   21        0.427405        0.100605       -0.086556

     C   22        0.144543        0.523076       -0.379605
     C   22        0.523076        0.307670        0.161542
     C   22       -0.379605        0.161542       -0.452213

     C   23       -0.350802       -0.297533       -0.180113
     C   23       -0.297533        0.569064        0.241897
     C   23       -0.180113        0.241897       -0.218261

     Cl  24        0.619418        3.062994        0.048884
     Cl  24        3.062994        1.209996        1.504243
     Cl  24        0.048884        1.504243       -1.829414

     ----- total EFG (symmetrized) -----
     Cl   1        0.427233        0.116953       -0.034158
     Cl   1        0.116953        2.131207       -0.045190
     Cl   1       -0.034158       -0.045190       -2.558440

     C    2       -0.905407        0.142584        0.117530
     C    2        0.142584        0.497653        0.475723
     C    2        0.117530        0.475723        0.407754

     C    3        0.116370        0.135005        0.267430
     C    3        0.135005       -0.325524        0.143838
     C    3        0.267430        0.143838        0.209154

     H    4       -0.071446        0.145999        0.154659
     H    4        0.145999       -0.046534        0.012387
     H    4        0.154659        0.012387        0.117980

     C    5       -0.892052        0.180148       -0.111052
     C    5        0.180148        0.457763        0.489898
     C    5       -0.111052        0.489898        0.434289

     H    6       -0.113887       -0.003365       -0.172253
     H    6       -0.003365        0.063235        0.131604
     H    6       -0.172253        0.131604        0.050652

     H    7       -0.210690        0.027049        0.220192
     H    7        0.027049        0.278678       -0.756638
     H    7        0.220192       -0.756638       -0.067988

     C    8        0.456582        0.203985        0.114501
     C    8        0.203985       -0.014629       -0.472997
     C    8        0.114501       -0.472997       -0.441953

     H    9        0.524618        0.077955        0.704430
     H    9        0.077955       -0.359001       -0.358054
     H    9        0.704430       -0.358054       -0.165617

     C   10        0.328947        0.158197        0.401300
     C   10        0.158197        0.183302       -0.595903
     C   10        0.401300       -0.595903       -0.512248

     C   11        0.248157        0.271666       -0.075216
     C   11        0.271666        0.178203       -0.007651
     C   11       -0.075216       -0.007651       -0.426360

     Cl  12       -0.631126        0.235188        0.115365
     Cl  12        0.235188       -0.286725        0.961329
     Cl  12        0.115365        0.961329        0.917850

     H   13       -0.078460        0.072876        0.083536
     H   13        0.072876        0.587009        0.189482
     H   13        0.083536        0.189482       -0.508549

     C   14        0.408940       -0.294332        0.335842
     C   14       -0.294332       -0.265647        0.122835
     C   14        0.335842        0.122835       -0.143293

     H   15        0.658549        0.164332        0.472694
     H   15        0.164332       -0.150933       -0.087129
     H   15        0.472694       -0.087129       -0.507616

     C   16       -0.138568       -0.006720       -0.001255
     C   16       -0.006720        0.471496        0.262173
     C   16       -0.001255        0.262173       -0.332928

     C   17        0.384050       -0.194281        0.189809
     C   17       -0.194281       -0.511355        0.122616
     C   17        0.189809        0.122616        0.127305

     Cl  18       -0.807769       -0.368148        0.560173
     Cl  18       -0.368148       -0.258780        1.717127
     Cl  18        0.560173        1.717127        1.066549

     H   19       -0.420376        0.042483        0.037166
     H   19        0.042483        0.565976        0.037489
     H   19        0.037166        0.037489       -0.145600

     C   20       -0.111575       -0.175129        0.275063
     C   20       -0.175129        0.188137        0.321492
     C   20        0.275063        0.321492       -0.076562

     H   21        0.188506       -0.474807        0.427405
     H   21       -0.474807       -0.101950        0.100605
     H   21        0.427405        0.100605       -0.086556

     C   22        0.144543        0.523076       -0.379605
     C   22        0.523076        0.307670        0.161542
     C   22       -0.379605        0.161542       -0.452213

     C   23       -0.350802       -0.297533       -0.180113
     C   23       -0.297533        0.569064        0.241897
     C   23       -0.180113        0.241897       -0.218261

     Cl  24        0.619418        3.062994        0.048884
     Cl  24        3.062994        1.209996        1.504243
     Cl  24        0.048884        1.504243       -1.829414


     NQR/NMR SPECTROSCOPIC PARAMETERS:
     Cl   1    Vxx=    0.4196    axis=(  0.997601 -0.068439 -0.010404)
     Cl   1    Vyy=    2.1397    axis=(  0.068334  0.997611 -0.010093)
     Cl   1    Vzz=   -2.5592    axis=(  0.011070  0.009358  0.999895)
     Cl   1  Q=        -8.1650 1e-30 m^2  Cq=        49.0977 MHz  eta= 0.67212

     C    2    Vxx=   -0.0250    axis=( -0.009864 -0.671584  0.740862)
     C    2    Vyy=   -0.9239    axis=( -0.995034  0.079977  0.059250)
     C    2    Vzz=    0.9489    axis=( -0.099044 -0.736599 -0.669038)
     C    2  Q=         1.0000 1e-30 m^2  Cq=         2.2296 MHz  eta= 0.94720

     C    3    Vxx=   -0.1083    axis=(  0.755913  0.036989 -0.653626)
     C    3    Vyy=   -0.3740    axis=( -0.182284  0.970812 -0.155871)
     C    3    Vzz=    0.4822    axis=(  0.628783  0.236970  0.740593)
     C    3  Q=         1.0000 1e-30 m^2  Cq=         1.1331 MHz  eta= 0.55098

     H    4    Vxx=    0.0079    axis=( -0.331799 -0.764977  0.552015)
     H    4    Vyy=    0.2326    axis=(  0.547240  0.320558  0.773156)
     H    4    Vzz=   -0.2404    axis=( -0.768399  0.558617  0.312265)
     H    4  Q=         1.0000 1e-30 m^2  Cq=        -0.5649 MHz  eta= 0.93467

     C    5    Vxx=    0.0029    axis=( -0.222907 -0.672185  0.706031)
     C    5    Vyy=    0.9375    axis=( -0.028712 -0.719412 -0.693989)
     C    5    Vzz=   -0.9405    axis=( -0.974417  0.174967 -0.141062)
     C    5  Q=         1.0000 1e-30 m^2  Cq=        -2.2097 MHz  eta= 0.99375

     H    6    Vxx=    0.0021    axis=(  0.502762  0.788703 -0.353806)
     H    6    Vyy=    0.2372    axis=( -0.367607  0.565518  0.738278)
     H    6    Vzz=   -0.2393    axis=(  0.782365 -0.241116  0.574254)
     H    6  Q=         1.0000 1e-30 m^2  Cq=        -0.5622 MHz  eta= 0.98284

     H    7    Vxx=   -0.1545    axis=( -0.933893 -0.294889 -0.202200)
     H    7    Vyy=   -0.7396    axis=( -0.341274  0.566458  0.750105)
     H    7    Vzz=    0.8940    axis=(  0.106660 -0.769523  0.629649)
     H    7  Q=         1.0000 1e-30 m^2  Cq=         2.1006 MHz  eta= 0.65443

     C    8    Vxx=    0.2440    axis=( -0.391647  0.725652 -0.565723)
     C    8    Vyy=    0.5381    axis=( -0.904996 -0.414802  0.094458)
     C    8    Vzz=   -0.7822    axis=( -0.166119  0.548971  0.819167)
     C    8  Q=         1.0000 1e-30 m^2  Cq=        -1.8378 MHz  eta= 0.37601

     H    9    Vxx=   -0.1249    axis=(  0.385283  0.808559 -0.444735)
     H    9    Vyy=   -0.8511    axis=( -0.396996  0.580296  0.711091)
     H    9    Vzz=    0.9760    axis=(  0.833037 -0.097413  0.544573)
     H    9  Q=         1.0000 1e-30 m^2  Cq=         2.2932 MHz  eta= 0.74403

     C   10    Vxx=    0.4298    axis=(  0.806122  0.590967 -0.030426)
     C   10    Vyy=    0.5628    axis=( -0.505369  0.660788 -0.554943)
     C   10    Vzz=   -0.9925    axis=( -0.307847  0.462728  0.831332)
     C   10  Q=         1.0000 1e-30 m^2  Cq=        -2.3321 MHz  eta= 0.13399

     C   11    Vxx=   -0.0556    axis=(  0.646106 -0.754456 -0.115512)
     C   11    Vyy=   -0.4356    axis=( -0.126320  0.043554 -0.991033)
     C   11    Vzz=    0.4912    axis=(  0.752722  0.654904 -0.067163)
     C   11  Q=         1.0000 1e-30 m^2  Cq=         1.1542 MHz  eta= 0.77355

     Cl  12    Vxx=   -0.5654    axis=(  0.857152  0.399236 -0.325426)
     Cl  12    Vyy=   -0.9066    axis=( -0.504846  0.776442 -0.377186)
     Cl  12    Vzz=    1.4720    axis=(  0.102088  0.487595  0.867081)
     Cl  12  Q=        -8.1650 1e-30 m^2  Cq=       -28.2401 MHz  eta= 0.23183

     H   13    Vxx=   -0.0783    axis=(  0.981401 -0.143739  0.127244)
     H   13    Vyy=   -0.5510    axis=( -0.149085 -0.153110  0.976899)
     H   13    Vzz=    0.6293    axis=( -0.120936 -0.977699 -0.171692)
     H   13  Q=         1.0000 1e-30 m^2  Cq=         1.4786 MHz  eta= 0.75114

     C   14    Vxx=   -0.0816    axis=( -0.107261  0.664797  0.739284)
     C   14    Vyy=   -0.5412    axis=(  0.420396  0.704157 -0.572215)
     C   14    Vzz=    0.6227    axis=(  0.900979 -0.249415  0.355006)
     C   14  Q=         1.0000 1e-30 m^2  Cq=         1.4632 MHz  eta= 0.73806

     H   15    Vxx=   -0.1328    axis=( -0.037741  0.961788 -0.271182)
     H   15    Vyy=   -0.7094    axis=( -0.342747  0.242455  0.907601)
     H   15    Vzz=    0.8422    axis=(  0.938669  0.127201  0.320500)
     H   15  Q=         1.0000 1e-30 m^2  Cq=         1.9789 MHz  eta= 0.68461

     C   16    Vxx=   -0.1386    axis=(  0.999948  0.008728  0.005317)
     C   16    Vyy=   -0.4108    axis=(  0.002610  0.284847 -0.958569)
     C   16    Vzz=    0.5495    axis=( -0.009881  0.958533  0.284810)
     C   16  Q=         1.0000 1e-30 m^2  Cq=         1.2910 MHz  eta= 0.49539

     C   17    Vxx=    0.0893    axis=( -0.369416  0.299095  0.879815)
     C   17    Vyy=    0.4989    axis=(  0.899621 -0.122123  0.419248)
     C   17    Vzz=   -0.5882    axis=(  0.232840  0.946376 -0.223957)
     C   17  Q=         1.0000 1e-30 m^2  Cq=        -1.3820 MHz  eta= 0.69638

     Cl  18    Vxx=   -0.4439    axis=(  0.845299 -0.480779  0.233069)
     Cl  18    Vyy=   -1.8222    axis=(  0.527473  0.681445 -0.507351)
     Cl  18    Vzz=    2.2661    axis=(  0.085100  0.551801  0.829622)
     Cl  18  Q=        -8.1650 1e-30 m^2  Cq=       -43.4742 MHz  eta= 0.60821

     H   19    Vxx=   -0.1432    axis=( -0.123665  0.059768 -0.990522)
     H   19    Vyy=   -0.4267    axis=(  0.991310 -0.037664 -0.126036)
     H   19    Vzz=    0.5699    axis=(  0.044840  0.997502  0.054591)
     H   19  Q=         1.0000 1e-30 m^2  Cq=         1.3391 MHz  eta= 0.49741

     C   20    Vxx=    0.1364    axis=(  0.795490 -0.355670  0.490607)
     C   20    Vyy=    0.4036    axis=(  0.020846  0.825209  0.564443)
     C   20    Vzz=   -0.5400    axis=(  0.605609  0.438781 -0.663859)
     C   20  Q=         1.0000 1e-30 m^2  Cq=        -1.2687 MHz  eta= 0.49492

     H   21    Vxx=    0.0066    axis=( -0.004148 -0.669904 -0.742436)
     H   21    Vyy=    0.6637    axis=( -0.802355  0.445348 -0.397357)
     H   21    Vzz=   -0.6703    axis=(  0.596833  0.594049 -0.539348)
     H   21  Q=         1.0000 1e-30 m^2  Cq=        -1.5750 MHz  eta= 0.98028

     C   22    Vxx=    0.0143    axis=( -0.519752  0.582757  0.624701)
     C   22    Vyy=    0.7698    axis=( -0.677362 -0.726708  0.114349)
     C   22    Vzz=   -0.7841    axis=(  0.520613 -0.363716  0.772446)
     C   22  Q=         1.0000 1e-30 m^2  Cq=        -1.8424 MHz  eta= 0.96349

     C   23    Vxx=   -0.2493    axis=( -0.371346 -0.384799  0.845004)
     C   23    Vyy=   -0.4919    axis=( -0.880223 -0.143726 -0.452273)
     C   23    Vzz=    0.7412    axis=(  0.295483 -0.911741 -0.285337)
     C   23  Q=         1.0000 1e-30 m^2  Cq=         1.7415 MHz  eta= 0.32740

     Cl  24    Vxx=   -1.1479    axis=( -0.613199  0.342445  0.711842)
     Cl  24    Vyy=   -3.0670    axis=( -0.465658  0.571216 -0.675925)
     Cl  24    Vzz=    4.2148    axis=(  0.638083  0.745951  0.190807)
     Cl  24  Q=        -8.1650 1e-30 m^2  Cq=       -80.8595 MHz  eta= 0.45531

     Initialization:
     gipaw_setup  :      9.21s CPU     11.06s WALL (       1 calls)

     Linear response

     Apply operators

     Induced current

     Other routines
     efg          :      9.43s CPU     12.76s WALL (       1 calls)

     General routines
     calbec       :      3.46s CPU      5.20s WALL (      16 calls)
     fft          :      1.38s CPU      1.59s WALL (      15 calls)
     ffts         :      0.03s CPU      0.05s WALL (       2 calls)
     fftw         :      3.22s CPU      3.98s WALL (     672 calls)
     davcio       :      0.02s CPU      0.32s WALL (      32 calls)

     Parallel routines
     fft_scatter  :      1.92s CPU      2.77s WALL (     689 calls)

     Plugins

     GIPAW        :     62.85s CPU     75.69s WALL (       1 calls)
