
     Program QE v.6.0 (svn rev. 13079) starts on  2Jan2017 at 21:21:57 

     This program is part of the open-source Quantum ESPRESSO suite
     for quantum simulation of materials; please cite
         "P. Giannozzi et al., J. Phys.:Condens. Matter 21 395502 (2009);
          URL http://www.quantum-espresso.org", 
     in publications or presentations arising from this work. More details at
     http://www.quantum-espresso.org/quote

     Parallel version (MPI), running on     8 processors
     R & G space division:  proc/nbgrp/npool/nimage =       8

     ***** This is GIPAW svn revision unknown      *****

     Parallelizing q-star over 1 images

     Reading data from directory:
     /users/majewski/paradichlorobenzene/pbe/9_constraint/scratch/pbe.ecut100.np8.dt60.pcl2phi-129368.save
     Message from routine read_xml_file:
     file /users/majewski/paradichlorobenzene/pbe/9_constraint/scratch/pbe.ecut100.np8.dt60.pcl2phi-129368.save not guaranteed to be safe for post-processing

   Info: using nr1, nr2, nr3 values from input

   Info: using nr1, nr2, nr3 values from input

     IMPORTANT: XC functional enforced from input :
     Exchange-correlation      =  SLA  PW   PBX  PBC ( 1  4  3  4 0 0)
     Any further DFT definition will be discarded
     Please, verify this is what you really want

               file C.pbe-n-kjpaw_psl.1.0.0.UPF: wavefunction(s)  2S 2P renormalized
               file Cl.pbe-n-kjpaw_psl.1.0.0.UPF: wavefunction(s)  3S 3P renormalized
               file H.pbe-kjpaw_psl.1.0.0.UPF: wavefunction(s)  1S renormalized

     Parallelization info
     --------------------
     sticks:   dense  smooth     PW     G-vecs:    dense   smooth      PW
     Min        3057    1223    332               144436    36536    5170
     Max        3059    1225    333               144437    36537    5171
     Sum       24467    9791   2657              1155489   292295   41363


     Subspace diagonalization in iterative solution of the eigenvalue problem:
     a serial algorithm will be used

     GIPAW projectors -----------------------------------------------
     atom=  C    l=0  rc=    1.2000  rs=    0.8000
     atom=  C    l=0  rc=    1.2000  rs=    0.8000
     atom=  C    l=1  rc=    1.4000  rs=    0.9333
     atom=  C    l=1  rc=    1.4000  rs=    0.9333
     projs nearly linearly dependent: l=1  n1,n2= 1, 2  s=  0.99951561

     atom=  Cl   l=0  rc=    1.6000  rs=    1.0667
     atom=  Cl   l=0  rc=    1.6000  rs=    1.0667
     atom=  Cl   l=1  rc=    1.6000  rs=    1.0667
     atom=  Cl   l=1  rc=    1.6000  rs=    1.0667
     atom=  Cl   l=2  rc=    1.6000  rs=    1.0667
     atom=  Cl   l=2  rc=    1.6000  rs=    1.0667
     projs nearly linearly dependent: l=2  n1,n2= 1, 2  s=  0.99993509

     atom=  H    l=0  rc=    1.0000  rs=    0.6667
     atom=  H    l=0  rc=    1.0000  rs=    0.6667
     projs nearly linearly dependent: l=0  n1,n2= 1, 2  s=  0.99968852
     -----------------------------------------------------------------

     GIPAW integrals: -------------------------------------------
     Atom  i/j   nmr_para   nmr_dia   epr_rmc  epr_para   epr_dia
       C   1 1   0.83E+03  0.17E-01  0.93E+01  0.24E+08  0.24E+03
       C   2 1   0.86E+03 -0.61E-01  0.94E+01  0.25E+08  0.25E+03
       C   2 2   0.90E+03 -0.15E+00  0.97E+01  0.26E+08  0.26E+03
       C   3 3   0.33E+01  0.34E+00  0.18E+01  0.55E+03  0.21E+02
       C   4 3   0.35E+01  0.37E+00  0.20E+01  0.59E+03  0.22E+02
       C   4 4   0.38E+01  0.39E+00  0.22E+01  0.63E+03  0.24E+02
       Cl  1 1   0.14E+04 -0.47E+00  0.84E+01  0.32E+09  0.42E+03
       Cl  2 1   0.21E+04 -0.37E+00  0.12E+02  0.49E+09  0.65E+03
       Cl  2 2   0.33E+04 -0.16E+00  0.21E+02  0.76E+09  0.10E+04
       Cl  3 3   0.21E+02  0.79E-01  0.89E+01  0.23E+05  0.13E+03
       Cl  4 3   0.24E+02  0.67E-01  0.99E+01  0.27E+05  0.15E+03
       Cl  4 4   0.28E+02  0.44E-01  0.11E+02  0.32E+05  0.18E+03
       Cl  5 5   0.77E+00  0.19E+00  0.18E+01  0.12E+03  0.22E+02
       Cl  6 5   0.80E+00  0.19E+00  0.19E+01  0.12E+03  0.23E+02
       Cl  6 6   0.83E+00  0.20E+00  0.19E+01  0.12E+03  0.23E+02
       H   1 1   0.39E+02  0.19E+00  0.29E+00  0.78E+05  0.13E+02
       H   2 1   0.41E+02  0.21E+00  0.32E+00  0.82E+05  0.14E+02
       H   2 2   0.43E+02  0.22E+00  0.36E+00  0.86E+05  0.15E+02
     ------------------------------------------------------------

     alpha_pv=     34.0080 eV

     Number of occupied bands for each k-point:
     k-point:     1    nbnd_occ=  42
     k-point:     2    nbnd_occ=  42
     k-point:     3    nbnd_occ=  42
     k-point:     4    nbnd_occ=  42
     k-point:     5    nbnd_occ=  42
     k-point:     6    nbnd_occ=  42
     k-point:     7    nbnd_occ=  42
     k-point:     8    nbnd_occ=  42
     k-point:     9    nbnd_occ=  42
     k-point:    10    nbnd_occ=  42
     k-point:    11    nbnd_occ=  42
     k-point:    12    nbnd_occ=  42
     k-point:    13    nbnd_occ=  42
     k-point:    14    nbnd_occ=  42
     k-point:    15    nbnd_occ=  42
     k-point:    16    nbnd_occ=  42


     q-space interpolation up to   110.00 Rydberg

     GIPAW job: efg                                                                             


     ELECTRIC FIELD GRADIENTS TENSORS IN Hartree/bohrradius^2:

     ----- bare term -----
     Cl   1       -0.025860       -0.034734       -0.134486
     Cl   1       -0.034734       -0.075357       -0.055977
     Cl   1       -0.134486       -0.055977        0.101216

     C    2       -0.646770        0.345062       -0.346885
     C    2        0.345062        0.297763       -0.188993
     C    2       -0.346885       -0.188993        0.349007

     C    3       -0.038778        0.188112       -0.187314
     C    3        0.188112       -0.389281       -0.460040
     C    3       -0.187314       -0.460040        0.428059

     H    4       -0.506862       -0.343134       -0.025697
     H    4       -0.343134        0.388731       -0.063536
     H    4       -0.025697       -0.063536        0.118131

     C    5       -0.775791        0.325643       -0.425219
     C    5        0.325643        0.275223       -0.084917
     C    5       -0.425219       -0.084917        0.500568

     H    6        0.222197       -0.180707        0.040138
     H    6       -0.180707       -0.480984       -0.473310
     H    6        0.040138       -0.473310        0.258787

     H    7        0.334978       -0.121692        0.189601
     H    7       -0.121692       -0.234982        0.596592
     H    7        0.189601        0.596592       -0.099996

     C    8       -0.168767       -0.247225       -0.209588
     C    8       -0.247225       -0.105363        0.427347
     C    8       -0.209588        0.427347        0.274130

     H    9       -0.218217        0.398927       -0.446098
     H    9        0.398927        0.028110        0.333706
     H    9       -0.446098        0.333706        0.190107

     C   10       -0.436053       -0.383494       -0.334832
     C   10       -0.383494        0.151914        0.340535
     C   10       -0.334832        0.340535        0.284139

     C   11       -0.056440       -0.101191       -0.174868
     C   11       -0.101191        0.005702        0.598882
     C   11       -0.174868        0.598882        0.050738

     Cl  12        0.067306       -0.103639        0.051963
     Cl  12       -0.103639        0.100942       -0.159267
     Cl  12        0.051963       -0.159267       -0.168248

     H   13        0.429892       -0.180631        0.022541
     H   13       -0.180631       -0.715057        0.167881
     H   13        0.022541        0.167881        0.285165

     C   14       -0.098002       -0.008409       -0.182015
     C   14       -0.008409       -0.077562       -0.296521
     C   14       -0.182015       -0.296521        0.175565

     H   15       -0.198205       -0.468234        0.017103
     H   15       -0.468234       -0.129562        0.170682
     H   15        0.017103        0.170682        0.327767

     C   16       -0.374769        0.228993       -0.000334
     C   16        0.228993        0.032525       -0.182883
     C   16       -0.000334       -0.182883        0.342244

     C   17       -0.023762        0.131247       -0.209752
     C   17        0.131247        0.037844       -0.678696
     C   17       -0.209752       -0.678696       -0.014082

     Cl  18       -0.258290        0.248105        0.000811
     Cl  18        0.248105        0.176635        0.108328
     Cl  18        0.000811        0.108328        0.081655

     H   19        0.479468       -0.013690       -0.126092
     H   19       -0.013690       -0.363098        0.439999
     H   19       -0.126092        0.439999       -0.116370

     C   20       -0.757553       -0.372552       -0.298495
     C   20       -0.372552        0.447842        0.248468
     C   20       -0.298495        0.248468        0.309711

     H   21       -0.547448        0.102581       -0.190006
     H   21        0.102581        0.370748        0.301556
     H   21       -0.190006        0.301556        0.176700

     C   22        0.026238       -0.213113       -0.124397
     C   22       -0.213113       -0.235876        0.495659
     C   22       -0.124397        0.495659        0.209638

     C   23       -0.666749       -0.332779       -0.381942
     C   23       -0.332779        0.311832        0.121195
     C   23       -0.381942        0.121195        0.354916

     Cl  24       -0.108827        0.025790       -0.019623
     Cl  24        0.025790       -0.095332       -0.039964
     Cl  24       -0.019623       -0.039964        0.204158

     ----- ionic term -----
     Cl   1        0.206094       -0.200400       -0.037281
     Cl   1       -0.200400       -0.070883        0.019191
     Cl   1       -0.037281        0.019191       -0.135211

     C    2        0.386359       -0.094494        0.091074
     C    2       -0.094494        0.077732        0.341175
     C    2        0.091074        0.341175       -0.464090

     C    3        0.222689       -0.194018        0.096858
     C    3       -0.194018        0.239591        0.335620
     C    3        0.096858        0.335620       -0.462280

     H    4        0.724364        0.511103        0.426354
     H    4        0.511103       -0.256273        0.239897
     H    4        0.426354        0.239897       -0.468091

     C    5        0.355128       -0.093822        0.208338
     C    5       -0.093822        0.115056        0.270696
     C    5        0.208338        0.270696       -0.470184

     H    6       -0.482342        0.241649        0.131317
     H    6        0.241649        0.770653        0.594885
     H    6        0.131317        0.594885       -0.288311

     H    7       -0.492317        0.100397       -0.071825
     H    7        0.100397        0.412906       -0.804665
     H    7       -0.071825       -0.804665        0.079411

     C    8        0.339095        0.195763        0.178494
     C    8        0.195763       -0.074367       -0.343226
     C    8        0.178494       -0.343226       -0.264728

     H    9        0.445358       -0.276063        0.719627
     H    9       -0.276063       -0.493366       -0.269582
     H    9        0.719627       -0.269582        0.048007

     C   10        0.134430        0.184080        0.153768
     C   10        0.184080        0.042327       -0.438956
     C   10        0.153768       -0.438956       -0.176757

     C   11        0.209118        0.145606        0.141332
     C   11        0.145606        0.044805       -0.456974
     C   11        0.141332       -0.456974       -0.253923

     Cl  12        0.096820        0.193837       -0.041662
     Cl  12        0.193837        0.032393       -0.037867
     Cl  12       -0.041662       -0.037867       -0.129213

     H   13       -0.503066        0.100476        0.023652
     H   13        0.100476        0.841464        0.563816
     H   13        0.023652        0.563816       -0.338398

     C   14        0.388057       -0.139446        0.151393
     C   14       -0.139446        0.136486        0.252021
     C   14        0.151393        0.252021       -0.524543

     H   15        0.751816        0.476598        0.460299
     H   15        0.476598       -0.277710        0.232616
     H   15        0.460299        0.232616       -0.474106

     C   16        0.204667       -0.208212        0.123582
     C   16       -0.208212        0.314544        0.340422
     C   16        0.123582        0.340422       -0.519211

     C   17        0.242102       -0.151869        0.232989
     C   17       -0.151869        0.261339        0.305474
     C   17        0.232989        0.305474       -0.503441

     Cl  18        0.147443       -0.217110        0.043678
     Cl  18       -0.217110        0.035280       -0.023351
     Cl  18        0.043678       -0.023351       -0.182723

     H   19       -0.490914       -0.141159        0.088294
     H   19       -0.141159        0.659974       -0.717580
     H   19        0.088294       -0.717580       -0.169060

     C   20        0.349312        0.165780        0.142733
     C   20        0.165780        0.012622       -0.343067
     C   20        0.142733       -0.343067       -0.361934

     H   21        0.696493       -0.469497        0.482466
     H   21       -0.469497       -0.324290       -0.266875
     H   21        0.482466       -0.266875       -0.372202

     C   22        0.155522        0.189413        0.057590
     C   22        0.189413        0.196202       -0.483847
     C   22        0.057590       -0.483847       -0.351724

     C   23        0.244908        0.164876        0.184271
     C   23        0.164876        0.067384       -0.466733
     C   23        0.184271       -0.466733       -0.312292

     Cl  24        0.180569        0.221568       -0.039684
     Cl  24        0.221568       -0.036817       -0.027345
     Cl  24       -0.039684       -0.027345       -0.143753

     ----- GIPAW term -----
     Cl   1        1.001453       -1.931560       -1.833795
     Cl   1       -1.931560       -1.118455       -0.397348
     Cl   1       -1.833795       -0.397348        0.117002

     C    2       -0.153225       -0.083709       -0.053445
     C    2       -0.083709        0.276269        0.034363
     C    2       -0.053445        0.034363       -0.123044

     C    3       -0.085670       -0.003243       -0.043699
     C    3       -0.003243       -0.021014        0.073738
     C    3       -0.043699        0.073738        0.106684

     H    4       -0.000000        0.000000        0.000000
     H    4        0.000000        0.000000        0.000000
     H    4        0.000000        0.000000        0.000000

     C    5       -0.208449        0.042956       -0.062795
     C    5        0.042956        0.143026        0.125154
     C    5       -0.062795        0.125154        0.065423

     H    6       -0.000000        0.000000        0.000000
     H    6        0.000000        0.000000        0.000000
     H    6        0.000000        0.000000        0.000000

     H    7       -0.000000        0.000000        0.000000
     H    7        0.000000        0.000000        0.000000
     H    7        0.000000        0.000000        0.000000

     C    8       -0.065560       -0.097818       -0.004894
     C    8       -0.097818        0.108023        0.031391
     C    8       -0.004894        0.031391       -0.042463

     H    9       -0.000000        0.000000        0.000000
     H    9        0.000000        0.000000        0.000000
     H    9        0.000000        0.000000        0.000000

     C   10       -0.113930       -0.188117       -0.119943
     C   10       -0.188117        0.176223        0.111558
     C   10       -0.119943        0.111558       -0.062294

     C   11       -0.031588       -0.041969       -0.078010
     C   11       -0.041969        0.098404        0.189272
     C   11       -0.078010        0.189272       -0.066816

     Cl  12       -0.535582        0.572397       -0.611398
     Cl  12        0.572397       -0.761698        0.997266
     Cl  12       -0.611398        0.997266        1.297280

     H   13       -0.000000        0.000000        0.000000
     H   13        0.000000        0.000000        0.000000
     H   13        0.000000        0.000000        0.000000

     C   14       -0.060693        0.022164       -0.025671
     C   14        0.022164        0.078713       -0.145576
     C   14       -0.025671       -0.145576       -0.018020

     H   15       -0.000000        0.000000        0.000000
     H   15        0.000000        0.000000        0.000000
     H   15        0.000000        0.000000        0.000000

     C   16       -0.112271        0.020140       -0.003386
     C   16        0.020140        0.097740       -0.104036
     C   16       -0.003386       -0.104036        0.014531

     C   17       -0.028712        0.046879       -0.053126
     C   17        0.046879        0.212275       -0.159929
     C   17       -0.053126       -0.159929       -0.183564

     Cl  18       -0.516032       -0.817156        0.022869
     Cl  18       -0.817156        2.000726        1.224128
     Cl  18        0.022869        1.224128       -1.484694

     H   19       -0.000000        0.000000        0.000000
     H   19        0.000000        0.000000        0.000000
     H   19        0.000000        0.000000        0.000000

     C   20       -0.221809       -0.065560       -0.032135
     C   20       -0.065560        0.284748        0.106114
     C   20       -0.032135        0.106114       -0.062939

     H   21       -0.000000        0.000000        0.000000
     H   21        0.000000        0.000000        0.000000
     H   21        0.000000        0.000000        0.000000

     C   22       -0.117901       -0.032482        0.004955
     C   22       -0.032482        0.180854       -0.105468
     C   22        0.004955       -0.105468       -0.062952

     C   23       -0.159471        0.012666       -0.044392
     C   23        0.012666        0.245320       -0.116065
     C   23       -0.044392       -0.116065       -0.085849

     Cl  24       -0.255971        1.998978       -0.572803
     Cl  24        1.998978       -1.236785       -0.673831
     Cl  24       -0.572803       -0.673831        1.492757

     ----- total EFG -----
     Cl   1        1.181688       -2.166695       -2.005562
     Cl   1       -2.166695       -1.264695       -0.434134
     Cl   1       -2.005562       -0.434134        0.083007

     C    2       -0.413636        0.166860       -0.309256
     C    2        0.166860        0.651764        0.186545
     C    2       -0.309256        0.186545       -0.238128

     C    3        0.098241       -0.009149       -0.134155
     C    3       -0.009149       -0.170704       -0.050682
     C    3       -0.134155       -0.050682        0.072463

     H    4        0.217502        0.167969        0.400657
     H    4        0.167969        0.132458        0.176361
     H    4        0.400657        0.176361       -0.349960

     C    5       -0.629112        0.274777       -0.279677
     C    5        0.274777        0.533305        0.310933
     C    5       -0.279677        0.310933        0.095807

     H    6       -0.260145        0.060942        0.171456
     H    6        0.060942        0.289669        0.121575
     H    6        0.171456        0.121575       -0.029524

     H    7       -0.157339       -0.021295        0.117776
     H    7       -0.021295        0.177924       -0.208073
     H    7        0.117776       -0.208073       -0.020585

     C    8        0.104768       -0.149280       -0.035988
     C    8       -0.149280       -0.071707        0.115512
     C    8       -0.035988        0.115512       -0.033061

     H    9        0.227141        0.122864        0.273528
     H    9        0.122864       -0.465256        0.064124
     H    9        0.273528        0.064124        0.238114

     C   10       -0.415552       -0.387532       -0.301008
     C   10       -0.387532        0.370464        0.013138
     C   10       -0.301008        0.013138        0.045089

     C   11        0.121090        0.002446       -0.111546
     C   11        0.002446        0.148910        0.331180
     C   11       -0.111546        0.331180       -0.270001

     Cl  12       -0.371456        0.662595       -0.601096
     Cl  12        0.662595       -0.628363        0.800132
     Cl  12       -0.601096        0.800132        0.999819

     H   13       -0.073174       -0.080155        0.046193
     H   13       -0.080155        0.126406        0.731696
     H   13        0.046193        0.731696       -0.053232

     C   14        0.229362       -0.125692       -0.056293
     C   14       -0.125692        0.137636       -0.190076
     C   14       -0.056293       -0.190076       -0.366998

     H   15        0.553610        0.008365        0.477402
     H   15        0.008365       -0.407272        0.403297
     H   15        0.477402        0.403297       -0.146339

     C   16       -0.282373        0.040922        0.119861
     C   16        0.040922        0.444809        0.053504
     C   16        0.119861        0.053504       -0.162436

     C   17        0.189629        0.026257       -0.029889
     C   17        0.026257        0.511459       -0.533150
     C   17       -0.029889       -0.533150       -0.701087

     Cl  18       -0.626879       -0.786162        0.067358
     Cl  18       -0.786162        2.212641        1.309104
     Cl  18        0.067358        1.309104       -1.585762

     H   19       -0.011446       -0.154849       -0.037798
     H   19       -0.154849        0.296876       -0.277581
     H   19       -0.037798       -0.277581       -0.285430

     C   20       -0.630050       -0.272332       -0.187897
     C   20       -0.272332        0.745212        0.011515
     C   20       -0.187897        0.011515       -0.115162

     H   21        0.149045       -0.366916        0.292460
     H   21       -0.366916        0.046457        0.034681
     H   21        0.292460        0.034681       -0.195502

     C   22        0.063859       -0.056182       -0.061852
     C   22       -0.056182        0.141179       -0.093656
     C   22       -0.061852       -0.093656       -0.205038

     C   23       -0.581312       -0.155238       -0.242063
     C   23       -0.155238        0.624536       -0.461603
     C   23       -0.242063       -0.461603       -0.043225

     Cl  24       -0.184229        2.246336       -0.632110
     Cl  24        2.246336       -1.368934       -0.741139
     Cl  24       -0.632110       -0.741139        1.553162

     ----- total EFG (symmetrized) -----
     Cl   1        1.181688       -2.166695       -2.005562
     Cl   1       -2.166695       -1.264695       -0.434134
     Cl   1       -2.005562       -0.434134        0.083007

     C    2       -0.413636        0.166860       -0.309256
     C    2        0.166860        0.651764        0.186545
     C    2       -0.309256        0.186545       -0.238128

     C    3        0.098241       -0.009149       -0.134155
     C    3       -0.009149       -0.170704       -0.050682
     C    3       -0.134155       -0.050682        0.072463

     H    4        0.217502        0.167969        0.400657
     H    4        0.167969        0.132458        0.176361
     H    4        0.400657        0.176361       -0.349960

     C    5       -0.629112        0.274777       -0.279677
     C    5        0.274777        0.533305        0.310933
     C    5       -0.279677        0.310933        0.095807

     H    6       -0.260145        0.060942        0.171456
     H    6        0.060942        0.289669        0.121575
     H    6        0.171456        0.121575       -0.029524

     H    7       -0.157339       -0.021295        0.117776
     H    7       -0.021295        0.177924       -0.208073
     H    7        0.117776       -0.208073       -0.020585

     C    8        0.104768       -0.149280       -0.035988
     C    8       -0.149280       -0.071707        0.115512
     C    8       -0.035988        0.115512       -0.033061

     H    9        0.227141        0.122864        0.273528
     H    9        0.122864       -0.465256        0.064124
     H    9        0.273528        0.064124        0.238114

     C   10       -0.415552       -0.387532       -0.301008
     C   10       -0.387532        0.370464        0.013138
     C   10       -0.301008        0.013138        0.045089

     C   11        0.121090        0.002446       -0.111546
     C   11        0.002446        0.148910        0.331180
     C   11       -0.111546        0.331180       -0.270001

     Cl  12       -0.371456        0.662595       -0.601096
     Cl  12        0.662595       -0.628363        0.800132
     Cl  12       -0.601096        0.800132        0.999819

     H   13       -0.073174       -0.080155        0.046193
     H   13       -0.080155        0.126406        0.731696
     H   13        0.046193        0.731696       -0.053232

     C   14        0.229362       -0.125692       -0.056293
     C   14       -0.125692        0.137636       -0.190076
     C   14       -0.056293       -0.190076       -0.366998

     H   15        0.553610        0.008365        0.477402
     H   15        0.008365       -0.407272        0.403297
     H   15        0.477402        0.403297       -0.146339

     C   16       -0.282373        0.040922        0.119861
     C   16        0.040922        0.444809        0.053504
     C   16        0.119861        0.053504       -0.162436

     C   17        0.189629        0.026257       -0.029889
     C   17        0.026257        0.511459       -0.533150
     C   17       -0.029889       -0.533150       -0.701087

     Cl  18       -0.626879       -0.786162        0.067358
     Cl  18       -0.786162        2.212641        1.309104
     Cl  18        0.067358        1.309104       -1.585762

     H   19       -0.011446       -0.154849       -0.037798
     H   19       -0.154849        0.296876       -0.277581
     H   19       -0.037798       -0.277581       -0.285430

     C   20       -0.630050       -0.272332       -0.187897
     C   20       -0.272332        0.745212        0.011515
     C   20       -0.187897        0.011515       -0.115162

     H   21        0.149045       -0.366916        0.292460
     H   21       -0.366916        0.046457        0.034681
     H   21        0.292460        0.034681       -0.195502

     C   22        0.063859       -0.056182       -0.061852
     C   22       -0.056182        0.141179       -0.093656
     C   22       -0.061852       -0.093656       -0.205038

     C   23       -0.581312       -0.155238       -0.242063
     C   23       -0.155238        0.624536       -0.461603
     C   23       -0.242063       -0.461603       -0.043225

     Cl  24       -0.184229        2.246336       -0.632110
     Cl  24        2.246336       -1.368934       -0.741139
     Cl  24       -0.632110       -0.741139        1.553162


     NQR/NMR SPECTROSCOPIC PARAMETERS:
     Cl   1    Vxx=   -0.0555    axis=(  0.185029 -0.608581  0.771617)
     Cl   1    Vyy=   -3.1978    axis=( -0.550970 -0.714407 -0.431340)
     Cl   1    Vzz=    3.2533    axis=( -0.813754  0.345328  0.467496)
     Cl   1  Q=        -8.1650 1e-30 m^2  Cq=       -62.4136 MHz  eta= 0.96588

     C    2    Vxx=   -0.0075    axis=( -0.621057 -0.063847  0.781161)
     C    2    Vyy=   -0.6923    axis=( -0.777069  0.180167 -0.603078)
     C    2    Vzz=    0.6998    axis=( -0.102235 -0.981562 -0.161508)
     C    2  Q=         1.0000 1e-30 m^2  Cq=         1.6443 MHz  eta= 0.97856

     C    3    Vxx=   -0.0356    axis=( -0.664620  0.301483 -0.683658)
     C    3    Vyy=   -0.1865    axis=(  0.156468  0.950853  0.267201)
     C    3    Vzz=    0.2221    axis=(  0.730615  0.070616 -0.679129)
     C    3  Q=         1.0000 1e-30 m^2  Cq=         0.5217 MHz  eta= 0.67930

     H    4    Vxx=    0.0144    axis=(  0.486743 -0.865785  0.116177)
     H    4    Vyy=    0.5526    axis=( -0.760047 -0.485296 -0.432223)
     H    4    Vzz=   -0.5670    axis=(  0.430593  0.122081 -0.894252)
     H    4  Q=         1.0000 1e-30 m^2  Cq=        -1.3321 MHz  eta= 0.94934

     C    5    Vxx=    0.1171    axis=( -0.436454 -0.335503  0.834833)
     C    5    Vyy=    0.7062    axis=( -0.099114 -0.904298 -0.415237)
     C    5    Vzz=   -0.8233    axis=(  0.894251 -0.263976  0.361431)
     C    5  Q=         1.0000 1e-30 m^2  Cq=        -1.9343 MHz  eta= 0.71561

     H    6    Vxx=   -0.0016    axis=(  0.429556 -0.422854  0.797920)
     H    6    Vyy=   -0.3515    axis=( -0.881743 -0.005632  0.471697)
     H    6    Vzz=    0.3531    axis=(  0.194965  0.906180  0.375268)
     H    6  Q=         1.0000 1e-30 m^2  Cq=         0.8297 MHz  eta= 0.99066

     H    7    Vxx=   -0.0742    axis=(  0.654501  0.513398  0.555024)
     H    7    Vyy=   -0.2491    axis=(  0.736354 -0.266332 -0.621972)
     H    7    Vzz=    0.3233    axis=(  0.171498 -0.815776  0.552357)
     H    7  Q=         1.0000 1e-30 m^2  Cq=         0.7596 MHz  eta= 0.54116

     C    8    Vxx=   -0.0204    axis=(  0.535451  0.254931  0.805172)
     C    8    Vyy=   -0.2024    axis=( -0.337124 -0.809595  0.480524)
     C    8    Vzz=    0.2228    axis=( -0.774364  0.528740  0.347556)
     C    8  Q=         1.0000 1e-30 m^2  Cq=         0.5236 MHz  eta= 0.81673

     H    9    Vxx=   -0.0370    axis=( -0.695163 -0.092693  0.712851)
     H    9    Vyy=   -0.4869    axis=( -0.159415  0.986839 -0.027140)
     H    9    Vzz=    0.5238    axis=( -0.700954 -0.132506 -0.700790)
     H    9  Q=         1.0000 1e-30 m^2  Cq=         1.2308 MHz  eta= 0.85887

     C   10    Vxx=    0.1150    axis=( -0.224720 -0.386951  0.894299)
     C   10    Vyy=    0.5646    axis=( -0.424250  0.865072  0.267699)
     C   10    Vzz=   -0.6796    axis=( -0.877219 -0.319249 -0.358563)
     C   10  Q=         1.0000 1e-30 m^2  Cq=        -1.5968 MHz  eta= 0.66146

     C   11    Vxx=    0.1251    axis=(  0.956907  0.289054 -0.027869)
     C   11    Vyy=    0.3440    axis=( -0.238158  0.836069  0.494236)
     C   11    Vzz=   -0.4691    axis=(  0.166161 -0.466300  0.868881)
     C   11  Q=         1.0000 1e-30 m^2  Cq=        -1.1021 MHz  eta= 0.46669

     Cl  12    Vxx=    0.1737    axis=(  0.784613  0.619310 -0.028933)
     Cl  12    Vyy=    1.3910    axis=(  0.204048 -0.302015 -0.931210)
     Cl  12    Vzz=   -1.5647    axis=( -0.585445  0.724736 -0.363334)
     Cl  12  Q=        -8.1650 1e-30 m^2  Cq=        30.0188 MHz  eta= 0.77797

     H   13    Vxx=   -0.0622    axis=( -0.990093  0.064030 -0.124963)
     H   13    Vyy=   -0.7126    axis=( -0.136008 -0.658488  0.740200)
     H   13    Vzz=    0.7748    axis=(  0.034891 -0.749863 -0.660673)
     H   13  Q=         1.0000 1e-30 m^2  Cq=         1.8205 MHz  eta= 0.83955

     C   14    Vxx=    0.1195    axis=(  0.624197  0.700513 -0.345919)
     C   14    Vyy=    0.3243    axis=(  0.768539 -0.630157  0.110680)
     C   14    Vzz=   -0.4438    axis=(  0.140450  0.334938  0.931714)
     C   14  Q=         1.0000 1e-30 m^2  Cq=        -1.0428 MHz  eta= 0.46149

     H   15    Vxx=   -0.0615    axis=(  0.461457 -0.668799 -0.582894)
     H   15    Vyy=   -0.7659    axis=(  0.230325  0.724818 -0.649299)
     H   15    Vzz=    0.8274    axis=(  0.856742  0.165369  0.488514)
     H   15  Q=         1.0000 1e-30 m^2  Cq=         1.9442 MHz  eta= 0.85123

     C   16    Vxx=   -0.0967    axis=(  0.518952 -0.122807  0.845936)
     C   16    Vyy=   -0.3565    axis=( -0.851805  0.008527  0.523790)
     C   16    Vzz=    0.4532    axis=(  0.071538  0.992394  0.100183)
     C   16  Q=         1.0000 1e-30 m^2  Cq=         1.0647 MHz  eta= 0.57334

     C   17    Vxx=    0.1876    axis=(  0.997624 -0.068483  0.007532)
     C   17    Vyy=    0.7149    axis=(  0.066732  0.933307 -0.352823)
     C   17    Vzz=   -0.9025    axis=(  0.017133  0.352487  0.935660)
     C   17  Q=         1.0000 1e-30 m^2  Cq=        -2.1205 MHz  eta= 0.58426

     Cl  18    Vxx=   -0.7173    axis=(  0.952400  0.132986  0.274314)
     Cl  18    Vyy=   -2.0605    axis=(  0.220121  0.322531 -0.920609)
     Cl  18    Vzz=    2.7778    axis=( -0.210903  0.937170  0.277906)
     Cl  18  Q=        -8.1650 1e-30 m^2  Cq=       -53.2899 MHz  eta= 0.48357

     H   19    Vxx=   -0.0269    axis=(  0.931790  0.171216 -0.320081)
     H   19    Vyy=   -0.4187    axis=( -0.232682 -0.395073 -0.888694)
     H   19    Vzz=    0.4456    axis=( -0.278614  0.902553 -0.328286)
     H   19  Q=         1.0000 1e-30 m^2  Cq=         1.0471 MHz  eta= 0.87921

     C   20    Vxx=   -0.0639    axis=( -0.267928 -0.103817  0.957829)
     C   20    Vyy=   -0.7358    axis=( -0.943814 -0.171359 -0.282580)
     C   20    Vzz=    0.7996    axis=(  0.193469 -0.979723 -0.052072)
     C   20  Q=         1.0000 1e-30 m^2  Cq=         1.8787 MHz  eta= 0.84029

     H   21    Vxx=   -0.0535    axis=( -0.251176 -0.684316 -0.684559)
     H   21    Vyy=   -0.4737    axis=( -0.584155 -0.456751  0.670925)
     H   21    Vzz=    0.5273    axis=( -0.771799  0.568409 -0.285022)
     H   21  Q=         1.0000 1e-30 m^2  Cq=         1.2389 MHz  eta= 0.79697

     C   22    Vxx=    0.0666    axis=(  0.904607  0.294965 -0.307703)
     C   22    Vyy=    0.1799    axis=(  0.356394 -0.919395  0.166419)
     C   22    Vzz=   -0.2465    axis=(  0.233813  0.260208  0.936816)
     C   22  Q=         1.0000 1e-30 m^2  Cq=        -0.5792 MHz  eta= 0.45978

     C   23    Vxx=   -0.1068    axis=(  0.515708 -0.376359 -0.769674)
     C   23    Vyy=   -0.7542    axis=( -0.856519 -0.247986 -0.452635)
     C   23    Vzz=    0.8609    axis=( -0.020515  0.892668 -0.450247)
     C   23  Q=         1.0000 1e-30 m^2  Cq=         2.0228 MHz  eta= 0.75201

     Cl  24    Vxx=    0.6022    axis=( -0.585634 -0.402945 -0.703327)
     Cl  24    Vyy=    2.5066    axis=(  0.542364  0.450040 -0.709440)
     Cl  24    Vzz=   -3.1088    axis=( -0.602391  0.796931  0.045016)
     Cl  24  Q=        -8.1650 1e-30 m^2  Cq=        59.6403 MHz  eta= 0.61257

     Initialization:
     gipaw_setup  :      8.94s CPU     10.70s WALL (       1 calls)

     Linear response

     Apply operators

     Induced current

     Other routines
     efg          :      9.35s CPU     11.86s WALL (       1 calls)

     General routines
     calbec       :      3.42s CPU      4.58s WALL (      16 calls)
     fft          :      1.26s CPU      1.46s WALL (      15 calls)
     ffts         :      0.04s CPU      0.06s WALL (       2 calls)
     fftw         :      3.26s CPU      3.97s WALL (     672 calls)
     davcio       :      0.04s CPU      0.31s WALL (      32 calls)

     Parallel routines
     fft_scatter  :      2.04s CPU      2.73s WALL (     689 calls)

     Plugins

     GIPAW        :     61.09s CPU     71.99s WALL (       1 calls)
