
     Program QE v.6.0 (svn rev. 13079) starts on  3Jan2017 at 16: 2:17 

     This program is part of the open-source Quantum ESPRESSO suite
     for quantum simulation of materials; please cite
         "P. Giannozzi et al., J. Phys.:Condens. Matter 21 395502 (2009);
          URL http://www.quantum-espresso.org", 
     in publications or presentations arising from this work. More details at
     http://www.quantum-espresso.org/quote

     Parallel version (MPI), running on     8 processors
     R & G space division:  proc/nbgrp/npool/nimage =       8

     ***** This is GIPAW svn revision unknown      *****

     Parallelizing q-star over 1 images

     Reading data from directory:
     /users/majewski/paradichlorobenzene/pbe/9_constraint/scratch/pbe.ecut100.np8.dt60.pcl2phi-129368.save
     Message from routine read_xml_file:
     file /users/majewski/paradichlorobenzene/pbe/9_constraint/scratch/pbe.ecut100.np8.dt60.pcl2phi-129368.save not guaranteed to be safe for post-processing

   Info: using nr1, nr2, nr3 values from input

   Info: using nr1, nr2, nr3 values from input

     IMPORTANT: XC functional enforced from input :
     Exchange-correlation      =  SLA  PW   PBX  PBC ( 1  4  3  4 0 0)
     Any further DFT definition will be discarded
     Please, verify this is what you really want

               file C.pbe-n-kjpaw_psl.1.0.0.UPF: wavefunction(s)  2S 2P renormalized
               file Cl.pbe-n-kjpaw_psl.1.0.0.UPF: wavefunction(s)  3S 3P renormalized
               file H.pbe-kjpaw_psl.1.0.0.UPF: wavefunction(s)  1S renormalized

     Parallelization info
     --------------------
     sticks:   dense  smooth     PW     G-vecs:    dense   smooth      PW
     Min        3057    1223    332               144436    36536    5170
     Max        3059    1225    333               144437    36537    5171
     Sum       24467    9791   2657              1155489   292295   41363


     Subspace diagonalization in iterative solution of the eigenvalue problem:
     a serial algorithm will be used

     GIPAW projectors -----------------------------------------------
     atom=  C    l=0  rc=    1.2000  rs=    0.8000
     atom=  C    l=0  rc=    1.2000  rs=    0.8000
     atom=  C    l=1  rc=    1.4000  rs=    0.9333
     atom=  C    l=1  rc=    1.4000  rs=    0.9333
     projs nearly linearly dependent: l=1  n1,n2= 1, 2  s=  0.99951561

     atom=  Cl   l=0  rc=    1.6000  rs=    1.0667
     atom=  Cl   l=0  rc=    1.6000  rs=    1.0667
     atom=  Cl   l=1  rc=    1.6000  rs=    1.0667
     atom=  Cl   l=1  rc=    1.6000  rs=    1.0667
     atom=  Cl   l=2  rc=    1.6000  rs=    1.0667
     atom=  Cl   l=2  rc=    1.6000  rs=    1.0667
     projs nearly linearly dependent: l=2  n1,n2= 1, 2  s=  0.99993509

     atom=  H    l=0  rc=    1.0000  rs=    0.6667
     atom=  H    l=0  rc=    1.0000  rs=    0.6667
     projs nearly linearly dependent: l=0  n1,n2= 1, 2  s=  0.99968852
     -----------------------------------------------------------------

     GIPAW integrals: -------------------------------------------
     Atom  i/j   nmr_para   nmr_dia   epr_rmc  epr_para   epr_dia
       C   1 1   0.83E+03  0.17E-01  0.93E+01  0.24E+08  0.24E+03
       C   2 1   0.86E+03 -0.61E-01  0.94E+01  0.25E+08  0.25E+03
       C   2 2   0.90E+03 -0.15E+00  0.97E+01  0.26E+08  0.26E+03
       C   3 3   0.33E+01  0.34E+00  0.18E+01  0.55E+03  0.21E+02
       C   4 3   0.35E+01  0.37E+00  0.20E+01  0.59E+03  0.22E+02
       C   4 4   0.38E+01  0.39E+00  0.22E+01  0.63E+03  0.24E+02
       Cl  1 1   0.14E+04 -0.47E+00  0.84E+01  0.32E+09  0.42E+03
       Cl  2 1   0.21E+04 -0.37E+00  0.12E+02  0.49E+09  0.65E+03
       Cl  2 2   0.33E+04 -0.16E+00  0.21E+02  0.76E+09  0.10E+04
       Cl  3 3   0.21E+02  0.79E-01  0.89E+01  0.23E+05  0.13E+03
       Cl  4 3   0.24E+02  0.67E-01  0.99E+01  0.27E+05  0.15E+03
       Cl  4 4   0.28E+02  0.44E-01  0.11E+02  0.32E+05  0.18E+03
       Cl  5 5   0.77E+00  0.19E+00  0.18E+01  0.12E+03  0.22E+02
       Cl  6 5   0.80E+00  0.19E+00  0.19E+01  0.12E+03  0.23E+02
       Cl  6 6   0.83E+00  0.20E+00  0.19E+01  0.12E+03  0.23E+02
       H   1 1   0.39E+02  0.19E+00  0.29E+00  0.78E+05  0.13E+02
       H   2 1   0.41E+02  0.21E+00  0.32E+00  0.82E+05  0.14E+02
       H   2 2   0.43E+02  0.22E+00  0.36E+00  0.86E+05  0.15E+02
     ------------------------------------------------------------

     alpha_pv=     33.8473 eV

     Number of occupied bands for each k-point:
     k-point:     1    nbnd_occ=  42
     k-point:     2    nbnd_occ=  42
     k-point:     3    nbnd_occ=  42
     k-point:     4    nbnd_occ=  42
     k-point:     5    nbnd_occ=  42
     k-point:     6    nbnd_occ=  42
     k-point:     7    nbnd_occ=  42
     k-point:     8    nbnd_occ=  42
     k-point:     9    nbnd_occ=  42
     k-point:    10    nbnd_occ=  42
     k-point:    11    nbnd_occ=  42
     k-point:    12    nbnd_occ=  42
     k-point:    13    nbnd_occ=  42
     k-point:    14    nbnd_occ=  42
     k-point:    15    nbnd_occ=  42
     k-point:    16    nbnd_occ=  42


     q-space interpolation up to   110.00 Rydberg

     GIPAW job: efg                                                                             


     ELECTRIC FIELD GRADIENTS TENSORS IN Hartree/bohrradius^2:

     ----- bare term -----
     Cl   1       -0.036402       -0.011850       -0.005351
     Cl   1       -0.011850        0.169389        0.067923
     Cl   1       -0.005351        0.067923       -0.132987

     C    2       -0.770061        0.321821       -0.290022
     C    2        0.321821        0.271874       -0.042052
     C    2       -0.290022       -0.042052        0.498187

     C    3        0.140523        0.409178        0.033467
     C    3        0.409178       -0.551707       -0.463400
     C    3        0.033467       -0.463400        0.411184

     H    4       -0.403504       -0.115178       -0.559297
     H    4       -0.115178        0.130779       -0.304953
     H    4       -0.559297       -0.304953        0.272725

     C    5       -0.861561        0.271653       -0.393858
     C    5        0.271653        0.355416       -0.093408
     C    5       -0.393858       -0.093408        0.506145

     H    6        0.426042       -0.052514       -0.131512
     H    6       -0.052514       -0.594178       -0.611230
     H    6       -0.131512       -0.611230        0.168137

     H    7        0.394201        0.127012       -0.010843
     H    7        0.127012       -0.613404       -0.259262
     H    7       -0.010843       -0.259262        0.219203

     C    8       -0.118599        0.132773       -0.167003
     C    8        0.132773       -0.073562        0.018790
     C    8       -0.167003        0.018790        0.192161

     H    9       -0.217031        0.375581        0.169745
     H    9        0.375581        0.012740       -0.189070
     H    9        0.169745       -0.189070        0.204291

     C   10       -0.022467       -0.179662        0.193046
     C   10       -0.179662       -0.089189       -0.077047
     C   10        0.193046       -0.077047        0.111656

     C   11       -0.065112        0.183936       -0.263373
     C   11        0.183936       -0.030311        0.504810
     C   11       -0.263373        0.504810        0.095423

     Cl  12        0.087944       -0.199055        0.021086
     Cl  12       -0.199055        0.071795       -0.275291
     Cl  12        0.021086       -0.275291       -0.159739

     H   13        0.383065       -0.187233       -0.130554
     H   13       -0.187233       -0.313364       -0.556162
     H   13       -0.130554       -0.556162       -0.069701

     C   14        0.175666        0.165376       -0.091173
     C   14        0.165376       -0.423995       -0.436607
     C   14       -0.091173       -0.436607        0.248329

     H   15        0.048694       -0.271546       -0.396719
     H   15       -0.271546        0.004794       -0.471375
     H   15       -0.396719       -0.471375       -0.053489

     C   16       -0.670692        0.330810       -0.319098
     C   16        0.330810        0.281156       -0.093217
     C   16       -0.319098       -0.093217        0.389536

     C   17        0.235072        0.135070       -0.093561
     C   17        0.135070       -0.545209       -0.377130
     C   17       -0.093561       -0.377130        0.310136

     Cl  18       -0.121684        0.184565        0.008659
     Cl  18        0.184565       -0.013141        0.024357
     Cl  18        0.008659        0.024357        0.134825

     H   19        0.526229        0.002553       -0.097867
     H   19        0.002553       -0.102793        0.309308
     H   19       -0.097867        0.309308       -0.423436

     C   20       -0.492132       -0.328900       -0.030138
     C   20       -0.328900        0.099607        0.416194
     C   20       -0.030138        0.416194        0.392525

     H   21       -0.706089        0.133866       -0.215667
     H   21        0.133866        0.396654        0.155047
     H   21       -0.215667        0.155047        0.309434

     C   22       -0.080220        0.128995       -0.273664
     C   22        0.128995       -0.137495        0.653520
     C   22       -0.273664        0.653520        0.217715

     C   23       -0.352286       -0.345953       -0.095560
     C   23       -0.345953       -0.097685        0.451050
     C   23       -0.095560        0.451050        0.449971

     Cl  24       -0.000326        0.135673       -0.028993
     Cl  24        0.135673        0.125869       -0.014756
     Cl  24       -0.028993       -0.014756       -0.125543

     ----- ionic term -----
     Cl   1        0.169952       -0.201836        0.055736
     Cl   1       -0.201836       -0.016264       -0.023503
     Cl   1        0.055736       -0.023503       -0.153687

     C    2        0.146636       -0.168732        0.284399
     C    2       -0.168732        0.136617        0.370795
     C    2        0.284399        0.370795       -0.283253

     C    3        0.123524       -0.294210        0.241009
     C    3       -0.294210        0.192817        0.359028
     C    3        0.241009        0.359028       -0.316341

     H    4        0.486762        0.261479        0.732853
     H    4        0.261479       -0.409195        0.257617
     H    4        0.732853        0.257617       -0.077566

     C    5        0.289487       -0.191474        0.349391
     C    5       -0.191474        0.035687        0.287771
     C    5        0.349391        0.287771       -0.325174

     H    6       -0.502243        0.101963        0.083860
     H    6        0.101963        0.582710        0.732748
     H    6        0.083860        0.732748       -0.080466

     H    7       -0.505131       -0.088066        0.023185
     H    7       -0.088066        0.893813       -0.528950
     H    7        0.023185       -0.528950       -0.388682

     C    8        0.396630        0.172912        0.112927
     C    8        0.172912        0.137658       -0.258657
     C    8        0.112927       -0.258657       -0.534288

     H    9        0.910626       -0.439184        0.298154
     H    9       -0.439184       -0.342825       -0.149609
     H    9        0.298154       -0.149609       -0.567801

     C   10        0.271156        0.191355        0.068933
     C   10        0.191355        0.265066       -0.340106
     C   10        0.068933       -0.340106       -0.536222

     C   11        0.215962        0.062039        0.174577
     C   11        0.062039        0.227757       -0.398807
     C   11        0.174577       -0.398807       -0.443718

     Cl  12        0.140757        0.171605       -0.019955
     Cl  12        0.171605        0.003376       -0.029188
     Cl  12       -0.019955       -0.029188       -0.144133

     H   13       -0.528794        0.114018        0.071472
     H   13        0.114018        0.665806        0.692517
     H   13        0.071472        0.692517       -0.137011

     C   14        0.187989       -0.173771        0.251678
     C   14       -0.173771        0.132340        0.297677
     C   14        0.251678        0.297677       -0.320328

     H   15        0.540423        0.410146        0.640148
     H   15        0.410146       -0.345243        0.292775
     H   15        0.640148        0.292775       -0.195180

     C   16        0.098291       -0.209706        0.190392
     C   16       -0.209706        0.256923        0.387877
     C   16        0.190392        0.387877       -0.355215

     C   17        0.215578       -0.152705        0.291032
     C   17       -0.152705        0.107769        0.396393
     C   17        0.291032        0.396393       -0.323347

     Cl  18        0.134355       -0.193023       -0.008992
     Cl  18       -0.193023        0.006947        0.003790
     Cl  18       -0.008992        0.003790       -0.141302

     H   19       -0.510380        0.000187        0.002906
     H   19        0.000187        0.545583       -0.759681
     H   19        0.002906       -0.759681       -0.035203

     C   20        0.361306        0.158221        0.164729
     C   20        0.158221        0.038154       -0.334718
     C   20        0.164729       -0.334718       -0.399459

     H   21        0.718020       -0.458789        0.464781
     H   21       -0.458789       -0.335043       -0.232612
     H   21        0.464781       -0.232612       -0.382977

     C   22        0.239422        0.187707        0.095732
     C   22        0.187707        0.192159       -0.374723
     C   22        0.095732       -0.374723       -0.431581

     C   23        0.245196        0.111453        0.105881
     C   23        0.111453        0.183682       -0.373543
     C   23        0.105881       -0.373543       -0.428879

     Cl  24        0.114688        0.212756       -0.024740
     Cl  24        0.212756        0.008835       -0.019568
     Cl  24       -0.024740       -0.019568       -0.123523

     ----- GIPAW term -----
     Cl   1        0.442460       -1.885409       -0.040181
     Cl   1       -1.885409        2.024492        0.641711
     Cl   1       -0.040181        0.641711       -2.466952

     C    2       -0.138857        0.050121        0.057009
     C    2        0.050121        0.061136        0.174047
     C    2        0.057009        0.174047        0.077721

     C    3       -0.066060        0.109404        0.090449
     C    3        0.109404        0.001516        0.157287
     C    3        0.090449        0.157287        0.064544

     H    4       -0.000000        0.000000        0.000000
     H    4        0.000000        0.000000        0.000000
     H    4        0.000000        0.000000        0.000000

     C    5       -0.135774        0.059899        0.041806
     C    5        0.059899        0.032811        0.109649
     C    5        0.041806        0.109649        0.102963

     H    6       -0.000000        0.000000        0.000000
     H    6        0.000000        0.000000        0.000000
     H    6        0.000000        0.000000        0.000000

     H    7       -0.000000        0.000000        0.000000
     H    7        0.000000        0.000000        0.000000
     H    7        0.000000        0.000000        0.000000

     C    8       -0.022455        0.021433        0.005422
     C    8        0.021433       -0.007524        0.037395
     C    8        0.005422        0.037395        0.029979

     H    9       -0.000000        0.000000        0.000000
     H    9        0.000000        0.000000        0.000000
     H    9        0.000000        0.000000        0.000000

     C   10        0.008936        0.007626        0.029615
     C   10        0.007626        0.010393       -0.019228
     C   10        0.029615       -0.019228       -0.019330

     C   11       -0.047130        0.072123       -0.020774
     C   11        0.072123        0.035077        0.149617
     C   11       -0.020774        0.149617        0.012053

     Cl  12       -0.550060        0.297481       -0.301420
     Cl  12        0.297481       -0.402891        0.983779
     Cl  12       -0.301420        0.983779        0.952950

     H   13       -0.000000        0.000000        0.000000
     H   13        0.000000        0.000000        0.000000
     H   13        0.000000        0.000000        0.000000

     C   14       -0.046603        0.038892        0.012047
     C   14        0.038892        0.021852        0.088978
     C   14        0.012047        0.088978        0.024752

     H   15       -0.000000        0.000000        0.000000
     H   15        0.000000        0.000000        0.000000
     H   15        0.000000        0.000000        0.000000

     C   16       -0.154335        0.051208        0.001219
     C   16        0.051208        0.058421        0.105740
     C   16        0.001219        0.105740        0.095914

     C   17       -0.029999       -0.013668        0.034879
     C   17       -0.013668       -0.039281        0.130993
     C   17        0.034879        0.130993        0.069280

     Cl  18       -0.696643       -0.268096        0.851834
     Cl  18       -0.268096        0.136010        2.101179
     Cl  18        0.851834        2.101179        0.560634

     H   19       -0.000000        0.000000        0.000000
     H   19        0.000000        0.000000        0.000000
     H   19        0.000000        0.000000        0.000000

     C   20       -0.125200        0.064366        0.099135
     C   20        0.064366        0.089663        0.200719
     C   20        0.099135        0.200719        0.035536

     H   21       -0.000000        0.000000        0.000000
     H   21        0.000000        0.000000        0.000000
     H   21        0.000000        0.000000        0.000000

     C   22       -0.017687        0.175686        0.009605
     C   22        0.175686        0.031530        0.185130
     C   22        0.009605        0.185130       -0.013843

     C   23       -0.046488        0.142926        0.084529
     C   23        0.142926        0.052468        0.187710
     C   23        0.084529        0.187710       -0.005980

     Cl  24        0.881080        3.232393       -0.194295
     Cl  24        3.232393        1.607493       -0.101398
     Cl  24       -0.194295       -0.101398       -2.488573

     ----- total EFG -----
     Cl   1        0.576010       -2.099094        0.010204
     Cl   1       -2.099094        2.177617        0.686131
     Cl   1        0.010204        0.686131       -2.753626

     C    2       -0.762282        0.203211        0.051386
     C    2        0.203211        0.469628        0.502789
     C    2        0.051386        0.502789        0.292654

     C    3        0.197987        0.224372        0.364925
     C    3        0.224372       -0.357373        0.052914
     C    3        0.364925        0.052914        0.159387

     H    4        0.083257        0.146300        0.173555
     H    4        0.146300       -0.278416       -0.047336
     H    4        0.173555       -0.047336        0.195159

     C    5       -0.707848        0.140077       -0.002661
     C    5        0.140077        0.423914        0.304011
     C    5       -0.002661        0.304011        0.283935

     H    6       -0.076201        0.049449       -0.047652
     H    6        0.049449       -0.011469        0.121518
     H    6       -0.047652        0.121518        0.087670

     H    7       -0.110930        0.038946        0.012343
     H    7        0.038946        0.280409       -0.788212
     H    7        0.012343       -0.788212       -0.169479

     C    8        0.255575        0.327118       -0.048655
     C    8        0.327118        0.056573       -0.202472
     C    8       -0.048655       -0.202472       -0.312148

     H    9        0.693595       -0.063603        0.467899
     H    9       -0.063603       -0.330085       -0.338679
     H    9        0.467899       -0.338679       -0.363510

     C   10        0.257625        0.019319        0.291594
     C   10        0.019319        0.186270       -0.436380
     C   10        0.291594       -0.436380       -0.443896

     C   11        0.103719        0.318098       -0.109570
     C   11        0.318098        0.232523        0.255621
     C   11       -0.109570        0.255621       -0.336242

     Cl  12       -0.321358        0.270031       -0.300289
     Cl  12        0.270031       -0.327720        0.679300
     Cl  12       -0.300289        0.679300        0.649078

     H   13       -0.145730       -0.073215       -0.059082
     H   13       -0.073215        0.352442        0.136355
     H   13       -0.059082        0.136355       -0.206712

     C   14        0.317052        0.030497        0.172552
     C   14        0.030497       -0.269804       -0.049953
     C   14        0.172552       -0.049953       -0.047248

     H   15        0.589117        0.138601        0.243429
     H   15        0.138601       -0.340448       -0.178600
     H   15        0.243429       -0.178600       -0.248669

     C   16       -0.726736        0.172312       -0.127487
     C   16        0.172312        0.596501        0.400400
     C   16       -0.127487        0.400400        0.130236

     C   17        0.420651       -0.031302        0.232349
     C   17       -0.031302       -0.476720        0.150256
     C   17        0.232349        0.150256        0.056069

     Cl  18       -0.683973       -0.276554        0.851500
     Cl  18       -0.276554        0.129816        2.129326
     Cl  18        0.851500        2.129326        0.554157

     H   19        0.015849        0.002741       -0.094961
     H   19        0.002741        0.442791       -0.450373
     H   19       -0.094961       -0.450373       -0.458639

     C   20       -0.256026       -0.106313        0.233725
     C   20       -0.106313        0.227423        0.282196
     C   20        0.233725        0.282196        0.028603

     H   21        0.011931       -0.324923        0.249115
     H   21       -0.324923        0.061611       -0.077565
     H   21        0.249115       -0.077565       -0.073542

     C   22        0.141515        0.492387       -0.168327
     C   22        0.492387        0.086194        0.463927
     C   22       -0.168327        0.463927       -0.227709

     C   23       -0.153577       -0.091574        0.094850
     C   23       -0.091574        0.138464        0.265217
     C   23        0.094850        0.265217        0.015113

     Cl  24        0.995441        3.580823       -0.248027
     Cl  24        3.580823        1.742198       -0.135721
     Cl  24       -0.248027       -0.135721       -2.737639

     ----- total EFG (symmetrized) -----
     Cl   1        0.576010       -2.099094        0.010204
     Cl   1       -2.099094        2.177617        0.686131
     Cl   1        0.010204        0.686131       -2.753626

     C    2       -0.762282        0.203211        0.051386
     C    2        0.203211        0.469628        0.502789
     C    2        0.051386        0.502789        0.292654

     C    3        0.197987        0.224372        0.364925
     C    3        0.224372       -0.357373        0.052914
     C    3        0.364925        0.052914        0.159387

     H    4        0.083257        0.146300        0.173555
     H    4        0.146300       -0.278416       -0.047336
     H    4        0.173555       -0.047336        0.195159

     C    5       -0.707848        0.140077       -0.002661
     C    5        0.140077        0.423914        0.304011
     C    5       -0.002661        0.304011        0.283935

     H    6       -0.076201        0.049449       -0.047652
     H    6        0.049449       -0.011469        0.121518
     H    6       -0.047652        0.121518        0.087670

     H    7       -0.110930        0.038946        0.012343
     H    7        0.038946        0.280409       -0.788212
     H    7        0.012343       -0.788212       -0.169479

     C    8        0.255575        0.327118       -0.048655
     C    8        0.327118        0.056573       -0.202472
     C    8       -0.048655       -0.202472       -0.312148

     H    9        0.693595       -0.063603        0.467899
     H    9       -0.063603       -0.330085       -0.338679
     H    9        0.467899       -0.338679       -0.363510

     C   10        0.257625        0.019319        0.291594
     C   10        0.019319        0.186270       -0.436380
     C   10        0.291594       -0.436380       -0.443896

     C   11        0.103719        0.318098       -0.109570
     C   11        0.318098        0.232523        0.255621
     C   11       -0.109570        0.255621       -0.336242

     Cl  12       -0.321358        0.270031       -0.300289
     Cl  12        0.270031       -0.327720        0.679300
     Cl  12       -0.300289        0.679300        0.649078

     H   13       -0.145730       -0.073215       -0.059082
     H   13       -0.073215        0.352442        0.136355
     H   13       -0.059082        0.136355       -0.206712

     C   14        0.317052        0.030497        0.172552
     C   14        0.030497       -0.269804       -0.049953
     C   14        0.172552       -0.049953       -0.047248

     H   15        0.589117        0.138601        0.243429
     H   15        0.138601       -0.340448       -0.178600
     H   15        0.243429       -0.178600       -0.248669

     C   16       -0.726736        0.172312       -0.127487
     C   16        0.172312        0.596501        0.400400
     C   16       -0.127487        0.400400        0.130236

     C   17        0.420651       -0.031302        0.232349
     C   17       -0.031302       -0.476720        0.150256
     C   17        0.232349        0.150256        0.056069

     Cl  18       -0.683973       -0.276554        0.851500
     Cl  18       -0.276554        0.129816        2.129326
     Cl  18        0.851500        2.129326        0.554157

     H   19        0.015849        0.002741       -0.094961
     H   19        0.002741        0.442791       -0.450373
     H   19       -0.094961       -0.450373       -0.458639

     C   20       -0.256026       -0.106313        0.233725
     C   20       -0.106313        0.227423        0.282196
     C   20        0.233725        0.282196        0.028603

     H   21        0.011931       -0.324923        0.249115
     H   21       -0.324923        0.061611       -0.077565
     H   21        0.249115       -0.077565       -0.073542

     C   22        0.141515        0.492387       -0.168327
     C   22        0.492387        0.086194        0.463927
     C   22       -0.168327        0.463927       -0.227709

     C   23       -0.153577       -0.091574        0.094850
     C   23       -0.091574        0.138464        0.265217
     C   23        0.094850        0.265217        0.015113

     Cl  24        0.995441        3.580823       -0.248027
     Cl  24        3.580823        1.742198       -0.135721
     Cl  24       -0.248027       -0.135721       -2.737639


     NQR/NMR SPECTROSCOPIC PARAMETERS:
     Cl   1    Vxx=   -0.7921    axis=(  0.821772  0.536516  0.191941)
     Cl   1    Vyy=   -2.8804    axis=( -0.111528 -0.178890  0.977527)
     Cl   1    Vzz=    3.6724    axis=(  0.558796 -0.824711 -0.087170)
     Cl   1  Q=        -8.1650 1e-30 m^2  Cq=       -70.4534 MHz  eta= 0.56864

     C    2    Vxx=   -0.1171    axis=( -0.132927 -0.617963  0.774889)
     C    2    Vyy=   -0.7959    axis=( -0.984727  0.171044 -0.032518)
     C    2    Vzz=    0.9130    axis=( -0.112444 -0.767376 -0.631261)
     C    2  Q=         1.0000 1e-30 m^2  Cq=         2.1452 MHz  eta= 0.74342

     C    3    Vxx=   -0.1382    axis=( -0.549635 -0.383514  0.742171)
     C    3    Vyy=   -0.4487    axis=( -0.405009  0.899340  0.164789)
     C    3    Vzz=    0.5869    axis=( -0.730663 -0.210012 -0.649636)
     C    3  Q=         1.0000 1e-30 m^2  Cq=         1.3791 MHz  eta= 0.52904

     H    4    Vxx=    0.0254    axis=( -0.689811 -0.423651  0.587095)
     H    4    Vyy=    0.3258    axis=(  0.614051  0.087234  0.784431)
     H    4    Vzz=   -0.3511    axis=( -0.383539  0.901615  0.199968)
     H    4  Q=         1.0000 1e-30 m^2  Cq=        -0.8251 MHz  eta= 0.85535

     C    5    Vxx=    0.0522    axis=( -0.113880 -0.602906  0.789643)
     C    5    Vyy=    0.6744    axis=(  0.078563  0.786859  0.612111)
     C    5    Vzz=   -0.7266    axis=( -0.990383  0.131744 -0.042242)
     C    5  Q=         1.0000 1e-30 m^2  Cq=        -1.7072 MHz  eta= 0.85632

     H    6    Vxx=   -0.0170    axis=(  0.747038  0.577078 -0.330024)
     H    6    Vyy=   -0.1530    axis=( -0.662727  0.607474 -0.437914)
     H    6    Vzz=    0.1700    axis=( -0.052230  0.545854  0.836251)
     H    6  Q=         1.0000 1e-30 m^2  Cq=         0.3994 MHz  eta= 0.80053

     H    7    Vxx=   -0.1098    axis=(  0.998420  0.011469  0.055011)
     H    7    Vyy=   -0.7659    axis=( -0.050818  0.602123  0.796784)
     H    7    Vzz=    0.8757    axis=( -0.023985 -0.798321  0.601755)
     H    7  Q=         1.0000 1e-30 m^2  Cq=         2.0576 MHz  eta= 0.74923

     C    8    Vxx=   -0.1120    axis=(  0.617899 -0.622881  0.479813)
     C    8    Vyy=   -0.4172    axis=( -0.174547  0.486353  0.856151)
     C    8    Vzz=    0.5292    axis=( -0.766639 -0.612764  0.191795)
     C    8  Q=         1.0000 1e-30 m^2  Cq=         1.2434 MHz  eta= 0.57687

     H    9    Vxx=   -0.1439    axis=(  0.340484  0.795474 -0.501290)
     H    9    Vyy=   -0.7546    axis=( -0.225524  0.586674  0.777787)
     H    9    Vzz=    0.8985    axis=(  0.912803 -0.151772  0.379152)
     H    9  Q=         1.0000 1e-30 m^2  Cq=         2.1112 MHz  eta= 0.67974

     C   10    Vxx=    0.2515    axis=(  0.785476  0.616230 -0.057335)
     C   10    Vyy=    0.4886    axis=( -0.560444  0.668938 -0.488287)
     C   10    Vzz=   -0.7401    axis=( -0.262543  0.415671  0.870798)
     C   10  Q=         1.0000 1e-30 m^2  Cq=        -1.7390 MHz  eta= 0.32038

     C   11    Vxx=    0.0055    axis=( -0.731113  0.412825  0.543185)
     C   11    Vyy=    0.5144    axis=( -0.575680 -0.800561 -0.166418)
     C   11    Vzz=   -0.5199    axis=(  0.366151 -0.434371  0.822955)
     C   11  Q=         1.0000 1e-30 m^2  Cq=        -1.2216 MHz  eta= 0.97880

     Cl  12    Vxx=   -0.0952    axis=(  0.833492  0.531990 -0.149254)
     Cl  12    Vyy=   -0.9187    axis=( -0.540572  0.729238 -0.419516)
     Cl  12    Vzz=    1.0139    axis=( -0.114337  0.430346  0.895393)
     Cl  12  Q=        -8.1650 1e-30 m^2  Cq=       -19.4514 MHz  eta= 0.81215

     H   13    Vxx=   -0.1418    axis=(  0.909920  0.230009 -0.345169)
     H   13    Vyy=   -0.2554    axis=( -0.384834  0.157666 -0.909420)
     H   13    Vzz=    0.3972    axis=( -0.154753  0.960332  0.231978)
     H   13  Q=         1.0000 1e-30 m^2  Cq=         0.9332 MHz  eta= 0.28584

     C   14    Vxx=   -0.0968    axis=( -0.345192 -0.315993  0.883737)
     C   14    Vyy=   -0.2892    axis=( -0.129836  0.948641  0.288485)
     C   14    Vzz=    0.3860    axis=( -0.929508 -0.015158 -0.368490)
     C   14  Q=         1.0000 1e-30 m^2  Cq=         0.9068 MHz  eta= 0.49846

     H   15    Vxx=   -0.1230    axis=( -0.118063 -0.674077  0.729164)
     H   15    Vyy=   -0.5397    axis=( -0.228185  0.733066  0.640738)
     H   15    Vzz=    0.6627    axis=(  0.966433  0.090736  0.240362)
     H   15  Q=         1.0000 1e-30 m^2  Cq=         1.5570 MHz  eta= 0.62885

     C   16    Vxx=   -0.0441    axis=( -0.273283 -0.455896  0.847039)
     C   16    Vyy=   -0.7874    axis=( -0.960273  0.181014 -0.212390)
     C   16    Vzz=    0.8316    axis=( -0.056498 -0.871431 -0.487253)
     C   16  Q=         1.0000 1e-30 m^2  Cq=         1.9538 MHz  eta= 0.89384

     C   17    Vxx=   -0.0098    axis=( -0.435708  0.302062  0.847889)
     C   17    Vyy=   -0.5253    axis=(  0.101991  0.952509 -0.286923)
     C   17    Vzz=    0.5351    axis=( -0.894291 -0.038537 -0.445824)
     C   17  Q=         1.0000 1e-30 m^2  Cq=         1.2574 MHz  eta= 0.96337

     Cl  18    Vxx=   -0.3406    axis=(  0.874091 -0.437896  0.210266)
     Cl  18    Vyy=   -2.2055    axis=(  0.464348  0.626119 -0.626383)
     Cl  18    Vzz=    2.5461    axis=(  0.142639  0.645152  0.750622)
     Cl  18  Q=        -8.1650 1e-30 m^2  Cq=       -48.8457 MHz  eta= 0.73246

     H   19    Vxx=    0.0246    axis=(  0.989717 -0.107771 -0.094053)
     H   19    Vyy=    0.6317    axis=(  0.063570  0.920424 -0.385719)
     H   19    Vzz=   -0.6563    axis=(  0.128138  0.375773  0.917810)
     H   19  Q=         1.0000 1e-30 m^2  Cq=        -1.5420 MHz  eta= 0.92511

     C   20    Vxx=    0.0396    axis=( -0.639332  0.506912 -0.578182)
     C   20    Vyy=    0.4312    axis=(  0.082671  0.792886  0.603736)
     C   20    Vzz=   -0.4709    axis=( -0.764473 -0.338189  0.548824)
     C   20  Q=         1.0000 1e-30 m^2  Cq=        -1.1063 MHz  eta= 0.83164

     H   21    Vxx=   -0.0969    axis=(  0.124076  0.629584  0.766961)
     H   21    Vyy=   -0.3654    axis=(  0.730566  0.465086 -0.499968)
     H   21    Vzz=    0.4623    axis=(  0.671475 -0.622350  0.402247)
     H   21  Q=         1.0000 1e-30 m^2  Cq=         1.0863 MHz  eta= 0.58075

     C   22    Vxx=    0.1118    axis=(  0.650450 -0.280546 -0.705839)
     C   22    Vyy=    0.6626    axis=( -0.613562 -0.741850 -0.270555)
     C   22    Vzz=   -0.7744    axis=( -0.447723  0.609059 -0.654669)
     C   22  Q=         1.0000 1e-30 m^2  Cq=        -1.8196 MHz  eta= 0.71126

     C   23    Vxx=   -0.0419    axis=(  0.760107 -0.384436  0.523876)
     C   23    Vyy=   -0.3075    axis=( -0.649237 -0.482790  0.587712)
     C   23    Vzz=    0.3494    axis=( -0.026985  0.786844  0.616562)
     C   23  Q=         1.0000 1e-30 m^2  Cq=         0.8210 MHz  eta= 0.76023

     Cl  24    Vxx=   -2.2150    axis=(  0.727390 -0.664126 -0.172744)
     Cl  24    Vyy=   -2.7633    axis=( -0.151157  0.090483 -0.984360)
     Cl  24    Vzz=    4.9783    axis=(  0.669369  0.742125 -0.034571)
     Cl  24  Q=        -8.1650 1e-30 m^2  Cq=       -95.5059 MHz  eta= 0.11012

     Initialization:
     gipaw_setup  :      9.01s CPU     10.95s WALL (       1 calls)

     Linear response

     Apply operators

     Induced current

     Other routines
     efg          :      9.32s CPU     11.61s WALL (       1 calls)

     General routines
     calbec       :      3.32s CPU      4.35s WALL (      16 calls)
     fft          :      1.34s CPU      1.61s WALL (      15 calls)
     ffts         :      0.03s CPU      0.06s WALL (       2 calls)
     fftw         :      3.31s CPU      4.00s WALL (     672 calls)
     davcio       :      0.02s CPU      0.32s WALL (      32 calls)

     Parallel routines
     fft_scatter  :      2.08s CPU      2.86s WALL (     689 calls)

     Plugins

     GIPAW        :     62.46s CPU     72.09s WALL (       1 calls)
