
     Program QE v.6.0 (svn rev. 13079) starts on 17Jan2017 at  0:20:41 

     This program is part of the open-source Quantum ESPRESSO suite
     for quantum simulation of materials; please cite
         "P. Giannozzi et al., J. Phys.:Condens. Matter 21 395502 (2009);
          URL http://www.quantum-espresso.org", 
     in publications or presentations arising from this work. More details at
     http://www.quantum-espresso.org/quote

     Parallel version (MPI), running on     8 processors
     R & G space division:  proc/nbgrp/npool/nimage =       8

     ***** This is GIPAW svn revision unknown      *****

     Parallelizing q-star over 1 images

     Reading data from directory:
     /users/majewski/paradichlorobenzene/pbe/9_constraint/scratch/pbe.ecut100.np8.dt60.pcl2phi-129368.save
     Message from routine read_xml_file:
     file /users/majewski/paradichlorobenzene/pbe/9_constraint/scratch/pbe.ecut100.np8.dt60.pcl2phi-129368.save not guaranteed to be safe for post-processing

   Info: using nr1, nr2, nr3 values from input

   Info: using nr1, nr2, nr3 values from input

     IMPORTANT: XC functional enforced from input :
     Exchange-correlation      =  SLA  PW   PBX  PBC ( 1  4  3  4 0 0)
     Any further DFT definition will be discarded
     Please, verify this is what you really want

               file C.pbe-n-kjpaw_psl.1.0.0.UPF: wavefunction(s)  2S 2P renormalized
               file Cl.pbe-n-kjpaw_psl.1.0.0.UPF: wavefunction(s)  3S 3P renormalized
               file H.pbe-kjpaw_psl.1.0.0.UPF: wavefunction(s)  1S renormalized

     Parallelization info
     --------------------
     sticks:   dense  smooth     PW     G-vecs:    dense   smooth      PW
     Min        3057    1223    332               144436    36536    5170
     Max        3059    1225    333               144437    36537    5171
     Sum       24467    9791   2657              1155489   292295   41363


     Subspace diagonalization in iterative solution of the eigenvalue problem:
     a serial algorithm will be used

     GIPAW projectors -----------------------------------------------
     atom=  C    l=0  rc=    1.2000  rs=    0.8000
     atom=  C    l=0  rc=    1.2000  rs=    0.8000
     atom=  C    l=1  rc=    1.4000  rs=    0.9333
     atom=  C    l=1  rc=    1.4000  rs=    0.9333
     projs nearly linearly dependent: l=1  n1,n2= 1, 2  s=  0.99951561

     atom=  Cl   l=0  rc=    1.6000  rs=    1.0667
     atom=  Cl   l=0  rc=    1.6000  rs=    1.0667
     atom=  Cl   l=1  rc=    1.6000  rs=    1.0667
     atom=  Cl   l=1  rc=    1.6000  rs=    1.0667
     atom=  Cl   l=2  rc=    1.6000  rs=    1.0667
     atom=  Cl   l=2  rc=    1.6000  rs=    1.0667
     projs nearly linearly dependent: l=2  n1,n2= 1, 2  s=  0.99993509

     atom=  H    l=0  rc=    1.0000  rs=    0.6667
     atom=  H    l=0  rc=    1.0000  rs=    0.6667
     projs nearly linearly dependent: l=0  n1,n2= 1, 2  s=  0.99968852
     -----------------------------------------------------------------

     GIPAW integrals: -------------------------------------------
     Atom  i/j   nmr_para   nmr_dia   epr_rmc  epr_para   epr_dia
       C   1 1   0.83E+03  0.17E-01  0.93E+01  0.24E+08  0.24E+03
       C   2 1   0.86E+03 -0.61E-01  0.94E+01  0.25E+08  0.25E+03
       C   2 2   0.90E+03 -0.15E+00  0.97E+01  0.26E+08  0.26E+03
       C   3 3   0.33E+01  0.34E+00  0.18E+01  0.55E+03  0.21E+02
       C   4 3   0.35E+01  0.37E+00  0.20E+01  0.59E+03  0.22E+02
       C   4 4   0.38E+01  0.39E+00  0.22E+01  0.63E+03  0.24E+02
       Cl  1 1   0.14E+04 -0.47E+00  0.84E+01  0.32E+09  0.42E+03
       Cl  2 1   0.21E+04 -0.37E+00  0.12E+02  0.49E+09  0.65E+03
       Cl  2 2   0.33E+04 -0.16E+00  0.21E+02  0.76E+09  0.10E+04
       Cl  3 3   0.21E+02  0.79E-01  0.89E+01  0.23E+05  0.13E+03
       Cl  4 3   0.24E+02  0.67E-01  0.99E+01  0.27E+05  0.15E+03
       Cl  4 4   0.28E+02  0.44E-01  0.11E+02  0.32E+05  0.18E+03
       Cl  5 5   0.77E+00  0.19E+00  0.18E+01  0.12E+03  0.22E+02
       Cl  6 5   0.80E+00  0.19E+00  0.19E+01  0.12E+03  0.23E+02
       Cl  6 6   0.83E+00  0.20E+00  0.19E+01  0.12E+03  0.23E+02
       H   1 1   0.39E+02  0.19E+00  0.29E+00  0.78E+05  0.13E+02
       H   2 1   0.41E+02  0.21E+00  0.32E+00  0.82E+05  0.14E+02
       H   2 2   0.43E+02  0.22E+00  0.36E+00  0.86E+05  0.15E+02
     ------------------------------------------------------------

     alpha_pv=     34.0941 eV

     Number of occupied bands for each k-point:
     k-point:     1    nbnd_occ=  42
     k-point:     2    nbnd_occ=  42
     k-point:     3    nbnd_occ=  42
     k-point:     4    nbnd_occ=  42
     k-point:     5    nbnd_occ=  42
     k-point:     6    nbnd_occ=  42
     k-point:     7    nbnd_occ=  42
     k-point:     8    nbnd_occ=  42
     k-point:     9    nbnd_occ=  42
     k-point:    10    nbnd_occ=  42
     k-point:    11    nbnd_occ=  42
     k-point:    12    nbnd_occ=  42
     k-point:    13    nbnd_occ=  42
     k-point:    14    nbnd_occ=  42
     k-point:    15    nbnd_occ=  42
     k-point:    16    nbnd_occ=  42


     q-space interpolation up to   110.00 Rydberg

     GIPAW job: efg                                                                             


     ELECTRIC FIELD GRADIENTS TENSORS IN Hartree/bohrradius^2:

     ----- bare term -----
     Cl   1       -0.144497        0.259945        0.013813
     Cl   1        0.259945       -0.132171        0.019346
     Cl   1        0.013813        0.019346        0.276668

     C    2        0.278576        0.026571       -0.194086
     C    2        0.026571       -0.293474       -0.607052
     C    2       -0.194086       -0.607052        0.014898

     C    3       -0.422124        0.166411        0.009683
     C    3        0.166411       -0.151297        0.081253
     C    3        0.009683        0.081253        0.573420

     H    4       -0.029220       -0.304376       -0.102530
     H    4       -0.304376       -0.351264        0.018974
     H    4       -0.102530        0.018974        0.380483

     C    5        0.190787       -0.109176       -0.267713
     C    5       -0.109176       -0.270345       -0.162662
     C    5       -0.267713       -0.162662        0.079558

     H    6        0.343812       -0.079853       -0.003255
     H    6       -0.079853       -0.611778        0.120897
     H    6       -0.003255        0.120897        0.267967

     H    7        0.490507        0.035946        0.169488
     H    7        0.035946        0.010482        0.180402
     H    7        0.169488        0.180402       -0.500989

     C    8       -0.535187       -0.238607       -0.264612
     C    8       -0.238607        0.286518       -0.005908
     C    8       -0.264612       -0.005908        0.248669

     H    9        0.075945       -0.041566       -0.468668
     H    9       -0.041566        0.071651       -0.261962
     H    9       -0.468668       -0.261962       -0.147596

     C   10        0.160078       -0.186303       -0.078939
     C   10       -0.186303       -0.107724        0.511853
     C   10       -0.078939        0.511853       -0.052355

     C   11       -0.548297       -0.416031       -0.388010
     C   11       -0.416031        0.279868        0.198912
     C   11       -0.388010        0.198912        0.268429

     Cl  12        0.002267       -0.027932       -0.072183
     Cl  12       -0.027932        0.048085        0.055831
     Cl  12       -0.072183        0.055831       -0.050352

     H   13        0.401194       -0.229804        0.108574
     H   13       -0.229804       -0.548523       -0.083377
     H   13        0.108574       -0.083377        0.147330

     C   14       -0.826357        0.338284       -0.421673
     C   14        0.338284        0.331830       -0.042620
     C   14       -0.421673       -0.042620        0.494528

     H   15       -0.488195       -0.289637        0.221002
     H   15       -0.289637        0.370873       -0.052143
     H   15        0.221002       -0.052143        0.117322

     C   16        0.139140       -0.000442       -0.092624
     C   16       -0.000442       -0.526778       -0.384551
     C   16       -0.092624       -0.384551        0.387638

     C   17       -0.735112        0.496127       -0.284809
     C   17        0.496127        0.262796       -0.100109
     C   17       -0.284809       -0.100109        0.472315

     Cl  18        0.031621       -0.171810       -0.057750
     Cl  18       -0.171810        0.058993        0.064216
     Cl  18       -0.057750        0.064216       -0.090614

     H   19        0.382656       -0.142265        0.130309
     H   19       -0.142265       -0.396024        0.614731
     H   19        0.130309        0.614731        0.013368

     C   20       -0.118551        0.104448       -0.312173
     C   20        0.104448        0.048254        0.467426
     C   20       -0.312173        0.467426        0.070296

     H   21        0.056172        0.085263       -0.294111
     H   21        0.085263       -0.017000        0.547118
     H   21       -0.294111        0.547118       -0.039172

     C   22       -0.738941       -0.351722       -0.276172
     C   22       -0.351722        0.357639        0.142543
     C   22       -0.276172        0.142543        0.381302

     C   23        0.105620       -0.108067       -0.111461
     C   23       -0.108067       -0.031492        0.585197
     C   23       -0.111461        0.585197       -0.074128

     Cl  24       -0.150735       -0.245033       -0.003312
     Cl  24       -0.245033       -0.021620        0.013255
     Cl  24       -0.003312        0.013255        0.172355

     ----- ionic term -----
     Cl   1        0.152758       -0.154345       -0.015270
     Cl   1       -0.154345       -0.003117        0.012295
     Cl   1       -0.015270        0.012295       -0.149641

     C    2        0.248719       -0.031735        0.110911
     C    2       -0.031735        0.270985        0.357223
     C    2        0.110911        0.357223       -0.519705

     C    3        0.182595       -0.180482        0.127620
     C    3       -0.180482        0.323523        0.343018
     C    3        0.127620        0.343018       -0.506117

     H    4        0.558969        0.540878        0.497181
     H    4        0.540878       -0.166900        0.289283
     H    4        0.497181        0.289283       -0.392069

     C    5        0.381833       -0.116619        0.201642
     C    5       -0.116619        0.155145        0.234371
     C    5        0.201642        0.234371       -0.536978

     H    6       -0.527023        0.116818        0.046733
     H    6        0.116818        0.958742        0.440969
     H    6        0.046733        0.440969       -0.431719

     H    7       -0.521169       -0.062790        0.063865
     H    7       -0.062790        0.465535       -0.789830
     H    7        0.063865       -0.789830        0.055634

     C    8        0.283486        0.180250        0.308390
     C    8        0.180250       -0.070499       -0.330613
     C    8        0.308390       -0.330613       -0.212987

     H    9        0.489987       -0.215119        0.740546
     H    9       -0.215119       -0.446695       -0.231396
     H    9        0.740546       -0.231396       -0.043292

     C   10        0.146303        0.252554        0.199309
     C   10        0.252554        0.086685       -0.404981
     C   10        0.199309       -0.404981       -0.232987

     C   11        0.165853        0.170854        0.343210
     C   11        0.170854        0.020556       -0.430351
     C   11        0.343210       -0.430351       -0.186410

     Cl  12        0.154829        0.224628        0.024279
     Cl  12        0.224628       -0.014686        0.006607
     Cl  12        0.024279        0.006607       -0.140143

     H   13       -0.504450        0.193117        0.062533
     H   13        0.193117        0.923897        0.456123
     H   13        0.062533        0.456123       -0.419447

     C   14        0.369605       -0.019431        0.148163
     C   14       -0.019431        0.184253        0.234871
     C   14        0.148163        0.234871       -0.553858

     H   15        0.689243        0.567722        0.375334
     H   15        0.567722       -0.177252        0.216773
     H   15        0.375334        0.216773       -0.511991

     C   16        0.233502       -0.146016        0.096716
     C   16       -0.146016        0.321434        0.247437
     C   16        0.096716        0.247437       -0.554936

     C   17        0.368543       -0.118507        0.181420
     C   17       -0.118507        0.192985        0.261928
     C   17        0.181420        0.261928       -0.561528

     Cl  18        0.224612       -0.246119       -0.000074
     Cl  18       -0.246119       -0.042209        0.002803
     Cl  18       -0.000074        0.002803       -0.182402

     H   19       -0.523511        0.048167       -0.014342
     H   19        0.048167        0.393519       -0.792079
     H   19       -0.014342       -0.792079        0.129992

     C   20        0.252713        0.205094        0.322074
     C   20        0.205094       -0.068148       -0.336200
     C   20        0.322074       -0.336200       -0.184565

     H   21        0.205329       -0.262375        0.747116
     H   21       -0.262375       -0.432366       -0.360427
     H   21        0.747116       -0.360427        0.227037

     C   22        0.044602        0.286058        0.182234
     C   22        0.286058        0.102626       -0.462192
     C   22        0.182234       -0.462192       -0.147228

     C   23        0.203448        0.244045        0.314232
     C   23        0.244045        0.002882       -0.412702
     C   23        0.314232       -0.412702       -0.206330

     Cl  24        0.157779        0.205930        0.031728
     Cl  24        0.205930        0.009482        0.013526
     Cl  24        0.031728        0.013526       -0.167261

     ----- GIPAW term -----
     Cl   1       -0.941121        0.494601       -0.210590
     Cl   1        0.494601        2.336508       -0.583063
     Cl   1       -0.210590       -0.583063       -1.395387

     C    2       -0.013198        0.002780       -0.007466
     C    2        0.002780        0.121323        0.046343
     C    2       -0.007466        0.046343       -0.108125

     C    3       -0.015691       -0.043872        0.014417
     C    3       -0.043872       -0.006952        0.025107
     C    3        0.014417        0.025107        0.022643

     H    4       -0.000000        0.000000        0.000000
     H    4        0.000000        0.000000        0.000000
     H    4        0.000000        0.000000        0.000000

     C    5        0.019850       -0.009639       -0.019545
     C    5       -0.009639        0.034439        0.007777
     C    5       -0.019545        0.007777       -0.054289

     H    6       -0.000000        0.000000        0.000000
     H    6        0.000000        0.000000        0.000000
     H    6        0.000000        0.000000        0.000000

     H    7       -0.000000        0.000000        0.000000
     H    7        0.000000        0.000000        0.000000
     H    7        0.000000        0.000000        0.000000

     C    8       -0.070895       -0.052622       -0.024426
     C    8       -0.052622        0.094719        0.012978
     C    8       -0.024426        0.012978       -0.023824

     H    9       -0.000000        0.000000        0.000000
     H    9        0.000000        0.000000        0.000000
     H    9        0.000000        0.000000        0.000000

     C   10       -0.057254       -0.053377       -0.012586
     C   10       -0.053377        0.156196        0.099858
     C   10       -0.012586        0.099858       -0.098942

     C   11       -0.128081       -0.068107       -0.057413
     C   11       -0.068107        0.249212        0.070280
     C   11       -0.057413        0.070280       -0.121131

     Cl  12       -0.128244        1.470701       -0.319216
     Cl  12        1.470701        2.202751        1.428276
     Cl  12       -0.319216        1.428276       -2.074507

     H   13       -0.000000        0.000000        0.000000
     H   13        0.000000        0.000000        0.000000
     H   13        0.000000        0.000000        0.000000

     C   14       -0.144078        0.016633       -0.041134
     C   14        0.016633        0.047315        0.119003
     C   14       -0.041134        0.119003        0.096763

     H   15       -0.000000        0.000000        0.000000
     H   15        0.000000        0.000000        0.000000
     H   15        0.000000        0.000000        0.000000

     C   16       -0.064336       -0.053175       -0.043734
     C   16       -0.053175       -0.058879        0.129566
     C   16       -0.043734        0.129566        0.123215

     C   17       -0.127631       -0.064221       -0.027258
     C   17       -0.064221        0.213616        0.029625
     C   17       -0.027258        0.029625       -0.085985

     Cl  18        1.373844       -3.431123       -0.624274
     Cl  18       -3.431123        0.705219        0.655505
     Cl  18       -0.624274        0.655505       -2.079063

     H   19       -0.000000        0.000000        0.000000
     H   19        0.000000        0.000000        0.000000
     H   19        0.000000        0.000000        0.000000

     C   20       -0.106488        0.083683       -0.042571
     C   20        0.083683        0.256635        0.041139
     C   20       -0.042571        0.041139       -0.150147

     H   21       -0.000000        0.000000        0.000000
     H   21        0.000000        0.000000        0.000000
     H   21        0.000000        0.000000        0.000000

     C   22       -0.247584       -0.004836       -0.051346
     C   22       -0.004836        0.324491       -0.041063
     C   22       -0.051346       -0.041063       -0.076906

     C   23       -0.020199       -0.051310       -0.012953
     C   23       -0.051310        0.192510        0.064132
     C   23       -0.012953        0.064132       -0.172311

     Cl  24       -0.642580       -0.677119        0.206959
     Cl  24       -0.677119        2.365658       -0.830182
     Cl  24        0.206959       -0.830182       -1.723078

     ----- total EFG -----
     Cl   1       -0.932859        0.600202       -0.212047
     Cl   1        0.600202        2.201220       -0.551422
     Cl   1       -0.212047       -0.551422       -1.268361

     C    2        0.514098       -0.002384       -0.090641
     C    2       -0.002384        0.098835       -0.203487
     C    2       -0.090641       -0.203487       -0.612932

     C    3       -0.255220       -0.057943        0.151720
     C    3       -0.057943        0.165274        0.449377
     C    3        0.151720        0.449377        0.089946

     H    4        0.529749        0.236502        0.394651
     H    4        0.236502       -0.518164        0.308256
     H    4        0.394651        0.308256       -0.011585

     C    5        0.592469       -0.235434       -0.085616
     C    5       -0.235434       -0.080760        0.079487
     C    5       -0.085616        0.079487       -0.511709

     H    6       -0.183212        0.036964        0.043478
     H    6        0.036964        0.346964        0.561865
     H    6        0.043478        0.561865       -0.163752

     H    7       -0.030662       -0.026845        0.233353
     H    7       -0.026845        0.476017       -0.609428
     H    7        0.233353       -0.609428       -0.445355

     C    8       -0.322596       -0.110979        0.019352
     C    8       -0.110979        0.310738       -0.323542
     C    8        0.019352       -0.323542        0.011858

     H    9        0.565931       -0.256686        0.271879
     H    9       -0.256686       -0.375044       -0.493358
     H    9        0.271879       -0.493358       -0.190887

     C   10        0.249126        0.012873        0.107785
     C   10        0.012873        0.135157        0.206730
     C   10        0.107785        0.206730       -0.384284

     C   11       -0.510525       -0.313284       -0.102213
     C   11       -0.313284        0.549637       -0.161159
     C   11       -0.102213       -0.161159       -0.039112

     Cl  12        0.028852        1.667397       -0.367119
     Cl  12        1.667397        2.236150        1.490714
     Cl  12       -0.367119        1.490714       -2.265002

     H   13       -0.103256       -0.036686        0.171108
     H   13       -0.036686        0.375374        0.372746
     H   13        0.171108        0.372746       -0.272118

     C   14       -0.600830        0.335486       -0.314645
     C   14        0.335486        0.563397        0.311255
     C   14       -0.314645        0.311255        0.037432

     H   15        0.201048        0.278085        0.596337
     H   15        0.278085        0.193621        0.164630
     H   15        0.596337        0.164630       -0.394669

     C   16        0.308307       -0.199633       -0.039642
     C   16       -0.199633       -0.264223       -0.007547
     C   16       -0.039642       -0.007547       -0.044083

     C   17       -0.494200        0.313398       -0.130647
     C   17        0.313398        0.669398        0.191444
     C   17       -0.130647        0.191444       -0.175198

     Cl  18        1.630077       -3.849052       -0.682098
     Cl  18       -3.849052        0.722003        0.722524
     Cl  18       -0.682098        0.722524       -2.352079

     H   19       -0.140854       -0.094098        0.115966
     H   19       -0.094098       -0.002505       -0.177348
     H   19        0.115966       -0.177348        0.143360

     C   20        0.027674        0.393225       -0.032671
     C   20        0.393225        0.236741        0.172364
     C   20       -0.032671        0.172364       -0.264416

     H   21        0.261500       -0.177112        0.453005
     H   21       -0.177112       -0.449366        0.186691
     H   21        0.453005        0.186691        0.187865

     C   22       -0.941923       -0.070499       -0.145284
     C   22       -0.070499        0.784756       -0.360711
     C   22       -0.145284       -0.360711        0.157167

     C   23        0.288870        0.084668        0.189818
     C   23        0.084668        0.163900        0.236628
     C   23        0.189818        0.236628       -0.452769

     Cl  24       -0.635536       -0.716223        0.235375
     Cl  24       -0.716223        2.353519       -0.803401
     Cl  24        0.235375       -0.803401       -1.717984

     ----- total EFG (symmetrized) -----
     Cl   1       -0.932859        0.600202       -0.212047
     Cl   1        0.600202        2.201220       -0.551422
     Cl   1       -0.212047       -0.551422       -1.268361

     C    2        0.514098       -0.002384       -0.090641
     C    2       -0.002384        0.098835       -0.203487
     C    2       -0.090641       -0.203487       -0.612932

     C    3       -0.255220       -0.057943        0.151720
     C    3       -0.057943        0.165274        0.449377
     C    3        0.151720        0.449377        0.089946

     H    4        0.529749        0.236502        0.394651
     H    4        0.236502       -0.518164        0.308256
     H    4        0.394651        0.308256       -0.011585

     C    5        0.592469       -0.235434       -0.085616
     C    5       -0.235434       -0.080760        0.079487
     C    5       -0.085616        0.079487       -0.511709

     H    6       -0.183212        0.036964        0.043478
     H    6        0.036964        0.346964        0.561865
     H    6        0.043478        0.561865       -0.163752

     H    7       -0.030662       -0.026845        0.233353
     H    7       -0.026845        0.476017       -0.609428
     H    7        0.233353       -0.609428       -0.445355

     C    8       -0.322596       -0.110979        0.019352
     C    8       -0.110979        0.310738       -0.323542
     C    8        0.019352       -0.323542        0.011858

     H    9        0.565931       -0.256686        0.271879
     H    9       -0.256686       -0.375044       -0.493358
     H    9        0.271879       -0.493358       -0.190887

     C   10        0.249126        0.012873        0.107785
     C   10        0.012873        0.135157        0.206730
     C   10        0.107785        0.206730       -0.384284

     C   11       -0.510525       -0.313284       -0.102213
     C   11       -0.313284        0.549637       -0.161159
     C   11       -0.102213       -0.161159       -0.039112

     Cl  12        0.028852        1.667397       -0.367119
     Cl  12        1.667397        2.236150        1.490714
     Cl  12       -0.367119        1.490714       -2.265002

     H   13       -0.103256       -0.036686        0.171108
     H   13       -0.036686        0.375374        0.372746
     H   13        0.171108        0.372746       -0.272118

     C   14       -0.600830        0.335486       -0.314645
     C   14        0.335486        0.563397        0.311255
     C   14       -0.314645        0.311255        0.037432

     H   15        0.201048        0.278085        0.596337
     H   15        0.278085        0.193621        0.164630
     H   15        0.596337        0.164630       -0.394669

     C   16        0.308307       -0.199633       -0.039642
     C   16       -0.199633       -0.264223       -0.007547
     C   16       -0.039642       -0.007547       -0.044083

     C   17       -0.494200        0.313398       -0.130647
     C   17        0.313398        0.669398        0.191444
     C   17       -0.130647        0.191444       -0.175198

     Cl  18        1.630077       -3.849052       -0.682098
     Cl  18       -3.849052        0.722003        0.722524
     Cl  18       -0.682098        0.722524       -2.352079

     H   19       -0.140854       -0.094098        0.115966
     H   19       -0.094098       -0.002505       -0.177348
     H   19        0.115966       -0.177348        0.143360

     C   20        0.027674        0.393225       -0.032671
     C   20        0.393225        0.236741        0.172364
     C   20       -0.032671        0.172364       -0.264416

     H   21        0.261500       -0.177112        0.453005
     H   21       -0.177112       -0.449366        0.186691
     H   21        0.453005        0.186691        0.187865

     C   22       -0.941923       -0.070499       -0.145284
     C   22       -0.070499        0.784756       -0.360711
     C   22       -0.145284       -0.360711        0.157167

     C   23        0.288870        0.084668        0.189818
     C   23        0.084668        0.163900        0.236628
     C   23        0.189818        0.236628       -0.452769

     Cl  24       -0.635536       -0.716223        0.235375
     Cl  24       -0.716223        2.353519       -0.803401
     Cl  24        0.235375       -0.803401       -1.717984


     NQR/NMR SPECTROSCOPIC PARAMETERS:
     Cl   1    Vxx=   -1.0112    axis=(  0.931029 -0.223476 -0.288521)
     Cl   1    Vyy=   -1.3930    axis=(  0.314898  0.092339  0.944623)
     Cl   1    Vzz=    2.4042    axis=( -0.184459 -0.970326  0.156343)
     Cl   1  Q=        -8.1650 1e-30 m^2  Cq=       -46.1227 MHz  eta= 0.15878

     C    2    Vxx=    0.1517    axis=( -0.056304  0.966472 -0.250521)
     C    2    Vyy=    0.5218    axis=(  0.995660  0.035728 -0.085936)
     C    2    Vzz=   -0.6736    axis=(  0.074104  0.254272  0.964289)
     C    2  Q=         1.0000 1e-30 m^2  Cq=        -1.5826 MHz  eta= 0.54950

     C    3    Vxx=   -0.1376    axis=( -0.774447  0.473791 -0.419230)
     C    3    Vyy=   -0.4454    axis=( -0.628336 -0.498898  0.596904)
     C    3    Vzz=    0.5830    axis=(  0.073655  0.725688  0.684070)
     C    3  Q=         1.0000 1e-30 m^2  Cq=         1.3698 MHz  eta= 0.52782

     H    4    Vxx=   -0.1656    axis=( -0.547011  0.312197  0.776732)
     H    4    Vyy=   -0.6660    axis=( -0.048328  0.914531 -0.401618)
     H    4    Vzz=    0.8317    axis=( -0.835729 -0.257227 -0.485171)
     H    4  Q=         1.0000 1e-30 m^2  Cq=         1.9540 MHz  eta= 0.60171

     C    5    Vxx=   -0.1483    axis=(  0.314057  0.940232  0.131653)
     C    5    Vyy=   -0.5278    axis=(  0.043360 -0.152728  0.987317)
     C    5    Vzz=    0.6760    axis=(  0.948414 -0.304365 -0.088733)
     C    5  Q=         1.0000 1e-30 m^2  Cq=         1.5884 MHz  eta= 0.56135

     H    6    Vxx=   -0.1857    axis=( -0.996965  0.077454 -0.007845)
     H    6    Vyy=   -0.5264    axis=( -0.048489 -0.538967  0.840930)
     H    6    Vzz=    0.7121    axis=( -0.060905 -0.838758 -0.541087)
     H    6  Q=         1.0000 1e-30 m^2  Cq=         1.6732 MHz  eta= 0.47834

     H    7    Vxx=    0.0001    axis=(  0.955123  0.252401  0.155026)
     H    7    Vyy=    0.7996    axis=(  0.156952 -0.875101  0.457783)
     H    7    Vzz=   -0.7998    axis=(  0.251209 -0.412907 -0.875444)
     H    7  Q=         1.0000 1e-30 m^2  Cq=        -1.8791 MHz  eta= 0.99970

     C    8    Vxx=   -0.1829    axis=( -0.269781  0.484695  0.832039)
     C    8    Vyy=   -0.3475    axis=( -0.955251 -0.243561 -0.167848)
     C    8    Vzz=    0.5304    axis=(  0.121297 -0.840089  0.528713)
     C    8  Q=         1.0000 1e-30 m^2  Cq=         1.2462 MHz  eta= 0.31034

     H    9    Vxx=   -0.0189    axis=(  0.537342  0.525960 -0.659264)
     H    9    Vyy=   -0.7853    axis=(  0.019569  0.773721  0.633224)
     H    9    Vzz=    0.8042    axis=(  0.843137 -0.353159  0.405460)
     H    9  Q=         1.0000 1e-30 m^2  Cq=         1.8895 MHz  eta= 0.95303

     C   10    Vxx=    0.1802    axis=(  0.493223 -0.843030 -0.214548)
     C   10    Vyy=    0.2896    axis=( -0.859362 -0.433917 -0.270580)
     C   10    Vzz=   -0.4698    axis=( -0.135011 -0.317831  0.938486)
     C   10  Q=         1.0000 1e-30 m^2  Cq=        -1.1038 MHz  eta= 0.23271

     C   11    Vxx=   -0.0289    axis=( -0.277484  0.115429  0.953771)
     C   11    Vyy=   -0.6306    axis=(  0.930506  0.279345  0.236908)
     C   11    Vzz=    0.6595    axis=( -0.239084  0.953228 -0.184921)
     C   11  Q=         1.0000 1e-30 m^2  Cq=         1.5495 MHz  eta= 0.91242

     Cl  12    Vxx=   -0.3942    axis=(  0.856516 -0.308420 -0.413833)
     Cl  12    Vyy=   -2.9788    axis=( -0.302303  0.350092 -0.886594)
     Cl  12    Vzz=    3.3730    axis=(  0.418323  0.884485  0.206623)
     Cl  12  Q=        -8.1650 1e-30 m^2  Cq=       -64.7093 MHz  eta= 0.76627

     H   13    Vxx=   -0.0341    axis=(  0.920692 -0.214390  0.326133)
     H   13    Vyy=   -0.5135    axis=(  0.385585  0.370300 -0.845105)
     H   13    Vzz=    0.5476    axis=(  0.060415  0.903833  0.423598)
     H   13  Q=         1.0000 1e-30 m^2  Cq=         1.2867 MHz  eta= 0.87545

     C   14    Vxx=    0.1268    axis=( -0.475865 -0.237966  0.846714)
     C   14    Vyy=    0.7343    axis=(  0.151342  0.926188  0.345358)
     C   14    Vzz=   -0.8611    axis=( -0.866400  0.292487 -0.404726)
     C   14  Q=         1.0000 1e-30 m^2  Cq=        -2.0232 MHz  eta= 0.70551

     H   15    Vxx=    0.0079    axis=(  0.420294 -0.866877  0.268100)
     H   15    Vyy=    0.7556    axis=(  0.738411  0.498472  0.454174)
     H   15    Vzz=   -0.7634    axis=( -0.527354  0.007081  0.849616)
     H   15  Q=         1.0000 1e-30 m^2  Cq=        -1.7938 MHz  eta= 0.97936

     C   16    Vxx=   -0.0458    axis=(  0.060661 -0.089800  0.994111)
     C   16    Vyy=   -0.3282    axis=(  0.302384  0.950798  0.067436)
     C   16    Vzz=    0.3741    axis=( -0.951254  0.296512  0.084830)
     C   16  Q=         1.0000 1e-30 m^2  Cq=         0.8789 MHz  eta= 0.75502

     C   17    Vxx=   -0.1335    axis=( -0.390426 -0.066545  0.918226)
     C   17    Vyy=   -0.6404    axis=(  0.893771 -0.266577  0.360709)
     C   17    Vzz=    0.7739    axis=(  0.220774  0.961514  0.163554)
     C   17  Q=         1.0000 1e-30 m^2  Cq=         1.8184 MHz  eta= 0.65495

     Cl  18    Vxx=   -2.4522    axis=(  0.310539  0.163412  0.936409)
     Cl  18    Vyy=   -2.7296    axis=(  0.596561  0.733451 -0.325830)
     Cl  18    Vzz=    5.1818    axis=( -0.740054  0.659808  0.130280)
     Cl  18  Q=        -8.1650 1e-30 m^2  Cq=       -99.4110 MHz  eta= 0.05354

     H   19    Vxx=   -0.1190    axis=( -0.167783  0.780743  0.601905)
     H   19    Vyy=   -0.1922    axis=( -0.934888 -0.319732  0.154127)
     H   19    Vzz=    0.3112    axis=(  0.312782 -0.536854  0.783553)
     H   19  Q=         1.0000 1e-30 m^2  Cq=         0.7311 MHz  eta= 0.23507

     C   20    Vxx=   -0.1484    axis=( -0.638110  0.343005  0.689321)
     C   20    Vyy=   -0.4077    axis=(  0.500638 -0.495343  0.709927)
     C   20    Vzz=    0.5561    axis=(  0.584959  0.798112  0.144362)
     C   20  Q=         1.0000 1e-30 m^2  Cq=         1.3067 MHz  eta= 0.46629

     H   21    Vxx=   -0.0598    axis=( -0.563596  0.551164  0.615287)
     H   21    Vyy=   -0.6193    axis=(  0.375346  0.834390 -0.403620)
     H   21    Vzz=    0.6792    axis=( -0.735850  0.003467 -0.677136)
     H   21  Q=         1.0000 1e-30 m^2  Cq=         1.5958 MHz  eta= 0.82377

     C   22    Vxx=    0.0200    axis=( -0.165518  0.408171  0.897775)
     C   22    Vyy=    0.9491    axis=(  0.002110 -0.910183  0.414201)
     C   22    Vzz=   -0.9690    axis=(  0.986205  0.070452  0.149790)
     C   22  Q=         1.0000 1e-30 m^2  Cq=        -2.2768 MHz  eta= 0.95881

     C   23    Vxx=    0.1372    axis=(  0.598328 -0.791453 -0.124924)
     C   23    Vyy=    0.4240    axis=(  0.780396  0.540289  0.314753)
     C   23    Vzz=   -0.5613    axis=( -0.181618 -0.285816  0.940917)
     C   23  Q=         1.0000 1e-30 m^2  Cq=        -1.3188 MHz  eta= 0.51098

     Cl  24    Vxx=   -0.7960    axis=(  0.971531  0.232520  0.045408)
     Cl  24    Vyy=   -1.8793    axis=(  0.086924 -0.171552 -0.981333)
     Cl  24    Vzz=    2.6752    axis=( -0.220389  0.957342 -0.186880)
     Cl  24  Q=        -8.1650 1e-30 m^2  Cq=       -51.3229 MHz  eta= 0.40495

     Initialization:
     gipaw_setup  :      8.90s CPU     11.10s WALL (       1 calls)

     Linear response

     Apply operators

     Induced current

     Other routines
     efg          :     10.11s CPU     12.99s WALL (       1 calls)

     General routines
     calbec       :      3.40s CPU      4.46s WALL (      16 calls)
     fft          :      1.40s CPU      1.91s WALL (      15 calls)
     ffts         :      0.03s CPU      0.05s WALL (       2 calls)
     fftw         :      3.96s CPU      5.09s WALL (     672 calls)
     davcio       :      0.02s CPU      0.29s WALL (      32 calls)

     Parallel routines
     fft_scatter  :      2.55s CPU      3.98s WALL (     689 calls)

     Plugins

     GIPAW        :     62.66s CPU     77.59s WALL (       1 calls)
