
     Program QE v.6.0 (svn rev. 13079) starts on 13Jan2017 at 17:56: 7 

     This program is part of the open-source Quantum ESPRESSO suite
     for quantum simulation of materials; please cite
         "P. Giannozzi et al., J. Phys.:Condens. Matter 21 395502 (2009);
          URL http://www.quantum-espresso.org", 
     in publications or presentations arising from this work. More details at
     http://www.quantum-espresso.org/quote

     Parallel version (MPI), running on     8 processors
     R & G space division:  proc/nbgrp/npool/nimage =       8

     ***** This is GIPAW svn revision unknown      *****

     Parallelizing q-star over 1 images

     Reading data from directory:
     /users/majewski/paradichlorobenzene/pbe/9_constraint/scratch/pbe.ecut100.np8.dt60.pcl2phi-129368.save
     Message from routine read_xml_file:
     file /users/majewski/paradichlorobenzene/pbe/9_constraint/scratch/pbe.ecut100.np8.dt60.pcl2phi-129368.save not guaranteed to be safe for post-processing

   Info: using nr1, nr2, nr3 values from input

   Info: using nr1, nr2, nr3 values from input

     IMPORTANT: XC functional enforced from input :
     Exchange-correlation      =  SLA  PW   PBX  PBC ( 1  4  3  4 0 0)
     Any further DFT definition will be discarded
     Please, verify this is what you really want

               file C.pbe-n-kjpaw_psl.1.0.0.UPF: wavefunction(s)  2S 2P renormalized
               file Cl.pbe-n-kjpaw_psl.1.0.0.UPF: wavefunction(s)  3S 3P renormalized
               file H.pbe-kjpaw_psl.1.0.0.UPF: wavefunction(s)  1S renormalized

     Parallelization info
     --------------------
     sticks:   dense  smooth     PW     G-vecs:    dense   smooth      PW
     Min        3057    1223    332               144436    36536    5170
     Max        3059    1225    333               144437    36537    5171
     Sum       24467    9791   2657              1155489   292295   41363


     Subspace diagonalization in iterative solution of the eigenvalue problem:
     a serial algorithm will be used

     GIPAW projectors -----------------------------------------------
     atom=  C    l=0  rc=    1.2000  rs=    0.8000
     atom=  C    l=0  rc=    1.2000  rs=    0.8000
     atom=  C    l=1  rc=    1.4000  rs=    0.9333
     atom=  C    l=1  rc=    1.4000  rs=    0.9333
     projs nearly linearly dependent: l=1  n1,n2= 1, 2  s=  0.99951561

     atom=  Cl   l=0  rc=    1.6000  rs=    1.0667
     atom=  Cl   l=0  rc=    1.6000  rs=    1.0667
     atom=  Cl   l=1  rc=    1.6000  rs=    1.0667
     atom=  Cl   l=1  rc=    1.6000  rs=    1.0667
     atom=  Cl   l=2  rc=    1.6000  rs=    1.0667
     atom=  Cl   l=2  rc=    1.6000  rs=    1.0667
     projs nearly linearly dependent: l=2  n1,n2= 1, 2  s=  0.99993509

     atom=  H    l=0  rc=    1.0000  rs=    0.6667
     atom=  H    l=0  rc=    1.0000  rs=    0.6667
     projs nearly linearly dependent: l=0  n1,n2= 1, 2  s=  0.99968852
     -----------------------------------------------------------------

     GIPAW integrals: -------------------------------------------
     Atom  i/j   nmr_para   nmr_dia   epr_rmc  epr_para   epr_dia
       C   1 1   0.83E+03  0.17E-01  0.93E+01  0.24E+08  0.24E+03
       C   2 1   0.86E+03 -0.61E-01  0.94E+01  0.25E+08  0.25E+03
       C   2 2   0.90E+03 -0.15E+00  0.97E+01  0.26E+08  0.26E+03
       C   3 3   0.33E+01  0.34E+00  0.18E+01  0.55E+03  0.21E+02
       C   4 3   0.35E+01  0.37E+00  0.20E+01  0.59E+03  0.22E+02
       C   4 4   0.38E+01  0.39E+00  0.22E+01  0.63E+03  0.24E+02
       Cl  1 1   0.14E+04 -0.47E+00  0.84E+01  0.32E+09  0.42E+03
       Cl  2 1   0.21E+04 -0.37E+00  0.12E+02  0.49E+09  0.65E+03
       Cl  2 2   0.33E+04 -0.16E+00  0.21E+02  0.76E+09  0.10E+04
       Cl  3 3   0.21E+02  0.79E-01  0.89E+01  0.23E+05  0.13E+03
       Cl  4 3   0.24E+02  0.67E-01  0.99E+01  0.27E+05  0.15E+03
       Cl  4 4   0.28E+02  0.44E-01  0.11E+02  0.32E+05  0.18E+03
       Cl  5 5   0.77E+00  0.19E+00  0.18E+01  0.12E+03  0.22E+02
       Cl  6 5   0.80E+00  0.19E+00  0.19E+01  0.12E+03  0.23E+02
       Cl  6 6   0.83E+00  0.20E+00  0.19E+01  0.12E+03  0.23E+02
       H   1 1   0.39E+02  0.19E+00  0.29E+00  0.78E+05  0.13E+02
       H   2 1   0.41E+02  0.21E+00  0.32E+00  0.82E+05  0.14E+02
       H   2 2   0.43E+02  0.22E+00  0.36E+00  0.86E+05  0.15E+02
     ------------------------------------------------------------

     alpha_pv=     34.2387 eV

     Number of occupied bands for each k-point:
     k-point:     1    nbnd_occ=  42
     k-point:     2    nbnd_occ=  42
     k-point:     3    nbnd_occ=  42
     k-point:     4    nbnd_occ=  42
     k-point:     5    nbnd_occ=  42
     k-point:     6    nbnd_occ=  42
     k-point:     7    nbnd_occ=  42
     k-point:     8    nbnd_occ=  42
     k-point:     9    nbnd_occ=  42
     k-point:    10    nbnd_occ=  42
     k-point:    11    nbnd_occ=  42
     k-point:    12    nbnd_occ=  42
     k-point:    13    nbnd_occ=  42
     k-point:    14    nbnd_occ=  42
     k-point:    15    nbnd_occ=  42
     k-point:    16    nbnd_occ=  42


     q-space interpolation up to   110.00 Rydberg

     GIPAW job: efg                                                                             


     ELECTRIC FIELD GRADIENTS TENSORS IN Hartree/bohrradius^2:

     ----- bare term -----
     Cl   1        0.321052        0.110137       -0.049076
     Cl   1        0.110137        0.381405        0.072366
     Cl   1       -0.049076        0.072366       -0.702457

     C    2       -0.142652        0.240384       -0.127696
     C    2        0.240384       -0.429399       -0.475816
     C    2       -0.127696       -0.475816        0.572051

     C    3       -0.291776        0.352109       -0.320346
     C    3        0.352109       -0.193181       -0.381304
     C    3       -0.320346       -0.381304        0.484957

     H    4       -0.054686       -0.109816       -0.333513
     H    4       -0.109816        0.238420       -0.496937
     H    4       -0.333513       -0.496937       -0.183734

     C    5       -0.580868        0.119134       -0.309644
     C    5        0.119134        0.109229       -0.188596
     C    5       -0.309644       -0.188596        0.471638

     H    6       -0.001499        0.281777       -0.301022
     H    6        0.281777       -0.354428       -0.246997
     H    6       -0.301022       -0.246997        0.355927

     H    7        0.356188        0.354806        0.009594
     H    7        0.354806       -0.713157        0.180455
     H    7        0.009594        0.180455        0.356969

     C    8       -0.184368       -0.080967       -0.232411
     C    8       -0.080967       -0.026122        0.453620
     C    8       -0.232411        0.453620        0.210490

     H    9       -0.220551        0.526478       -0.093283
     H    9        0.526478       -0.157800       -0.096594
     H    9       -0.093283       -0.096594        0.378351

     C   10       -0.359485       -0.295422       -0.219568
     C   10       -0.295422        0.013332        0.379624
     C   10       -0.219568        0.379624        0.346153

     C   11       -0.056491        0.000070       -0.284727
     C   11        0.000070       -0.000703        0.653610
     C   11       -0.284727        0.653610        0.057194

     Cl  12       -0.172766       -0.139086       -0.020368
     Cl  12       -0.139086        0.106757       -0.023542
     Cl  12       -0.020368       -0.023542        0.066009

     H   13       -0.103904        0.358775       -0.056831
     H   13        0.358775       -0.260586       -0.269444
     H   13       -0.056831       -0.269444        0.364490

     C   14        0.002112       -0.316773       -0.516755
     C   14       -0.316773       -0.072849       -0.512579
     C   14       -0.516755       -0.512579        0.070738

     H   15        0.076781       -0.003706       -0.190147
     H   15       -0.003706        0.269377       -0.421589
     H   15       -0.190147       -0.421589       -0.346158

     C   16       -0.322910        0.449600       -0.288205
     C   16        0.449600        0.074737       -0.011900
     C   16       -0.288205       -0.011900        0.248173

     C   17        0.166085        0.114269       -0.102829
     C   17        0.114269       -0.540492       -0.339181
     C   17       -0.102829       -0.339181        0.374407

     Cl  18        0.132962        0.009517       -0.217367
     Cl  18        0.009517       -0.073829       -0.452458
     Cl  18       -0.217367       -0.452458       -0.059134

     H   19        0.404393        0.011939       -0.105420
     H   19        0.011939       -0.567286        0.411464
     H   19       -0.105420        0.411464        0.162893

     C   20       -0.692161       -0.303080       -0.429409
     C   20       -0.303080        0.140466        0.125966
     C   20       -0.429409        0.125966        0.551694

     H   21       -0.558781        0.249828        0.012378
     H   21        0.249828        0.431485        0.144202
     H   21        0.012378        0.144202        0.127296

     C   22       -0.031050       -0.140073       -0.193706
     C   22       -0.140073       -0.498654        0.402084
     C   22       -0.193706        0.402084        0.529704

     C   23       -0.597054       -0.289520       -0.379151
     C   23       -0.289520        0.248930        0.195938
     C   23       -0.379151        0.195938        0.348124

     Cl  24        0.023614        0.124018       -0.026823
     Cl  24        0.124018        0.070468        0.000938
     Cl  24       -0.026823        0.000938       -0.094082

     ----- ionic term -----
     Cl   1        0.130791       -0.216821        0.124330
     Cl   1       -0.216821       -0.014495       -0.067917
     Cl   1        0.124330       -0.067917       -0.116295

     C    2        0.038906       -0.207552        0.459247
     C    2       -0.207552        0.142279        0.335328
     C    2        0.459247        0.335328       -0.181185

     C    3        0.071962       -0.201226        0.283094
     C    3       -0.201226        0.221150        0.335249
     C    3        0.283094        0.335249       -0.293112

     H    4        0.301725        0.429106        0.703084
     H    4        0.429106       -0.250482        0.390765
     H    4        0.703084        0.390765       -0.051243

     C    5        0.190537       -0.176928        0.350169
     C    5       -0.176928        0.069916        0.255736
     C    5        0.350169        0.255736       -0.260453

     H    6       -0.485772       -0.159818       -0.059933
     H    6       -0.159818        0.801522        0.574531
     H    6       -0.059933        0.574531       -0.315750

     H    7       -0.495641       -0.148452        0.096519
     H    7       -0.148452        0.553372       -0.721542
     H    7        0.096519       -0.721542       -0.057731

     C    8        0.348437        0.058373        0.209141
     C    8        0.058373        0.073942       -0.289962
     C    8        0.209141       -0.289962       -0.422378

     H    9        0.536052       -0.463952        0.627983
     H    9       -0.463952       -0.307742       -0.300158
     H    9        0.627983       -0.300158       -0.228310

     C   10        0.103983        0.092347        0.184079
     C   10        0.092347        0.325185       -0.385585
     C   10        0.184079       -0.385585       -0.429168

     C   11        0.210435        0.078408        0.250086
     C   11        0.078408        0.272747       -0.370530
     C   11        0.250086       -0.370530       -0.483182

     Cl  12        0.119219        0.212875        0.011170
     Cl  12        0.212875        0.043561        0.005497
     Cl  12        0.011170        0.005497       -0.162780

     H   13       -0.518770       -0.182682       -0.040415
     H   13       -0.182682        0.809978        0.571224
     H   13       -0.040415        0.571224       -0.291209

     C   14        0.164189       -0.238819        0.429121
     C   14       -0.238819        0.030418        0.247294
     C   14        0.429121        0.247294       -0.194606

     H   15        0.239002        0.323888        0.760185
     H   15        0.323888       -0.369687        0.382568
     H   15        0.760185        0.382568        0.130685

     C   16        0.087431       -0.340866        0.260587
     C   16       -0.340866        0.140889        0.349016
     C   16        0.260587        0.349016       -0.228320

     C   17        0.184347       -0.247285        0.261703
     C   17       -0.247285        0.063892        0.423614
     C   17        0.261703        0.423614       -0.248239

     Cl  18        0.214456       -0.184241        0.040083
     Cl  18       -0.184241       -0.070593       -0.017479
     Cl  18        0.040083       -0.017479       -0.143863

     H   19       -0.502816       -0.000081        0.010321
     H   19       -0.000081        0.763080       -0.620670
     H   19        0.010321       -0.620670       -0.260264

     C   20        0.326870        0.142791        0.180465
     C   20        0.142791        0.113195       -0.304483
     C   20        0.180465       -0.304483       -0.440065

     H   21        0.667206       -0.443548        0.528977
     H   21       -0.443548       -0.317408       -0.261464
     H   21        0.528977       -0.261464       -0.349799

     C   22        0.176805        0.164600        0.119224
     C   22        0.164600        0.283725       -0.369260
     C   22        0.119224       -0.369260       -0.460529

     C   23        0.304244        0.092686        0.204606
     C   23        0.092686        0.196034       -0.331605
     C   23        0.204606       -0.331605       -0.500278

     Cl  24        0.157666        0.235983        0.014760
     Cl  24        0.235983        0.001529        0.005959
     Cl  24        0.014760        0.005959       -0.159195

     ----- GIPAW term -----
     Cl   1        0.166115       -0.488512        0.143185
     Cl   1       -0.488512       -0.056199       -0.113719
     Cl   1        0.143185       -0.113719       -0.109916

     C    2       -0.040086       -0.077052        0.070943
     C    2       -0.077052       -0.159872       -0.116223
     C    2        0.070943       -0.116223        0.199957

     C    3       -0.081342        0.043617       -0.130974
     C    3        0.043617       -0.059775       -0.043683
     C    3       -0.130974       -0.043683        0.141117

     H    4       -0.000000        0.000000        0.000000
     H    4        0.000000        0.000000        0.000000
     H    4        0.000000        0.000000        0.000000

     C    5       -0.034809        0.067603        0.148886
     C    5        0.067603       -0.075475        0.064591
     C    5        0.148886        0.064591        0.110284

     H    6       -0.000000        0.000000        0.000000
     H    6        0.000000        0.000000        0.000000
     H    6        0.000000        0.000000        0.000000

     H    7       -0.000000        0.000000        0.000000
     H    7        0.000000        0.000000        0.000000
     H    7        0.000000        0.000000        0.000000

     C    8       -0.097202       -0.057056       -0.048156
     C    8       -0.057056        0.124924        0.217982
     C    8       -0.048156        0.217982       -0.027723

     H    9       -0.000000        0.000000        0.000000
     H    9        0.000000        0.000000        0.000000
     H    9        0.000000        0.000000        0.000000

     C   10       -0.125173       -0.116648       -0.112783
     C   10       -0.116648        0.089769        0.180662
     C   10       -0.112783        0.180662        0.035403

     C   11       -0.017923        0.068105       -0.047262
     C   11        0.068105        0.191794        0.114458
     C   11       -0.047262        0.114458       -0.173871

     Cl  12        0.440105        1.812795       -0.193440
     Cl  12        1.812795        1.027738       -0.244489
     Cl  12       -0.193440       -0.244489       -1.467843

     H   13       -0.000000        0.000000        0.000000
     H   13        0.000000        0.000000        0.000000
     H   13        0.000000        0.000000        0.000000

     C   14        0.238693       -0.179937       -0.073483
     C   14       -0.179937       -0.106415       -0.069990
     C   14       -0.073483       -0.069990       -0.132277

     H   15       -0.000000        0.000000        0.000000
     H   15        0.000000        0.000000        0.000000
     H   15        0.000000        0.000000        0.000000

     C   16        0.004475       -0.045677       -0.121993
     C   16       -0.045677       -0.002944        0.088171
     C   16       -0.121993        0.088171       -0.001532

     C   17       -0.050337       -0.025549        0.036537
     C   17       -0.025549       -0.064141        0.149500
     C   17        0.036537        0.149500        0.114478

     Cl  18        0.130038       -0.072473        0.417136
     Cl  18       -0.072473       -0.105912        0.385029
     Cl  18        0.417136        0.385029       -0.024125

     H   19       -0.000000        0.000000        0.000000
     H   19        0.000000        0.000000        0.000000
     H   19        0.000000        0.000000        0.000000

     C   20       -0.172215       -0.025429       -0.088073
     C   20       -0.025429        0.047753       -0.093144
     C   20       -0.088073       -0.093144        0.124462

     H   21       -0.000000        0.000000        0.000000
     H   21        0.000000        0.000000        0.000000
     H   21        0.000000        0.000000        0.000000

     C   22       -0.104965        0.026952       -0.074808
     C   22        0.026952       -0.105376       -0.111007
     C   22       -0.074808       -0.111007        0.210341

     C   23       -0.131846        0.059020       -0.060587
     C   23        0.059020        0.221767       -0.066863
     C   23       -0.060587       -0.066863       -0.089921

     Cl  24        1.383630        2.937879       -0.175319
     Cl  24        2.937879        0.688323        0.044697
     Cl  24       -0.175319        0.044697       -2.071953

     ----- total EFG -----
     Cl   1        0.617958       -0.595196        0.218439
     Cl   1       -0.595196        0.310711       -0.109271
     Cl   1        0.218439       -0.109271       -0.928669

     C    2       -0.143831       -0.044220        0.402494
     C    2       -0.044220       -0.446992       -0.256711
     C    2        0.402494       -0.256711        0.590823

     C    3       -0.301155        0.194500       -0.168227
     C    3        0.194500       -0.031807       -0.089737
     C    3       -0.168227       -0.089737        0.332962

     H    4        0.247039        0.319290        0.369571
     H    4        0.319290       -0.012062       -0.106172
     H    4        0.369571       -0.106172       -0.234977

     C    5       -0.425140        0.009809        0.189412
     C    5        0.009809        0.103671        0.131732
     C    5        0.189412        0.131732        0.321469

     H    6       -0.487271        0.121959       -0.360955
     H    6        0.121959        0.447093        0.327534
     H    6       -0.360955        0.327534        0.040177

     H    7       -0.139453        0.206353        0.106113
     H    7        0.206353       -0.159786       -0.541087
     H    7        0.106113       -0.541087        0.299239

     C    8        0.066867       -0.079651       -0.071425
     C    8       -0.079651        0.172744        0.381640
     C    8       -0.071425        0.381640       -0.239611

     H    9        0.315501        0.062526        0.534700
     H    9        0.062526       -0.465542       -0.396752
     H    9        0.534700       -0.396752        0.150041

     C   10       -0.380674       -0.319723       -0.148272
     C   10       -0.319723        0.428287        0.174702
     C   10       -0.148272        0.174702       -0.047612

     C   11        0.136021        0.146583       -0.081902
     C   11        0.146583        0.463838        0.397538
     C   11       -0.081902        0.397538       -0.599859

     Cl  12        0.386558        1.886583       -0.202638
     Cl  12        1.886583        1.178056       -0.262535
     Cl  12       -0.202638       -0.262535       -1.564614

     H   13       -0.622674        0.176093       -0.097246
     H   13        0.176093        0.549392        0.301780
     H   13       -0.097246        0.301780        0.073281

     C   14        0.404993       -0.735530       -0.161117
     C   14       -0.735530       -0.148847       -0.335275
     C   14       -0.161117       -0.335275       -0.256146

     H   15        0.315783        0.320182        0.570038
     H   15        0.320182       -0.100310       -0.039020
     H   15        0.570038       -0.039020       -0.215473

     C   16       -0.231004        0.063057       -0.149610
     C   16        0.063057        0.212682        0.425287
     C   16       -0.149610        0.425287        0.018322

     C   17        0.300095       -0.158565        0.195411
     C   17       -0.158565       -0.540741        0.233933
     C   17        0.195411        0.233933        0.240646

     Cl  18        0.477456       -0.247197        0.239853
     Cl  18       -0.247197       -0.250333       -0.084908
     Cl  18        0.239853       -0.084908       -0.227122

     H   19       -0.098423        0.011858       -0.095099
     H   19        0.011858        0.195793       -0.209206
     H   19       -0.095099       -0.209206       -0.097370

     C   20       -0.537506       -0.185717       -0.337016
     C   20       -0.185717        0.301414       -0.271662
     C   20       -0.337016       -0.271662        0.236091

     H   21        0.108425       -0.193719        0.541354
     H   21       -0.193719        0.114077       -0.117262
     H   21        0.541354       -0.117262       -0.222503

     C   22        0.040790        0.051479       -0.149290
     C   22        0.051479       -0.320306       -0.078184
     C   22       -0.149290       -0.078184        0.279516

     C   23       -0.424656       -0.137814       -0.235132
     C   23       -0.137814        0.666731       -0.202531
     C   23       -0.235132       -0.202531       -0.242075

     Cl  24        1.564910        3.297880       -0.187381
     Cl  24        3.297880        0.760319        0.051595
     Cl  24       -0.187381        0.051595       -2.325229

     ----- total EFG (symmetrized) -----
     Cl   1        0.617958       -0.595196        0.218439
     Cl   1       -0.595196        0.310711       -0.109271
     Cl   1        0.218439       -0.109271       -0.928669

     C    2       -0.143831       -0.044220        0.402494
     C    2       -0.044220       -0.446992       -0.256711
     C    2        0.402494       -0.256711        0.590823

     C    3       -0.301155        0.194500       -0.168227
     C    3        0.194500       -0.031807       -0.089737
     C    3       -0.168227       -0.089737        0.332962

     H    4        0.247039        0.319290        0.369571
     H    4        0.319290       -0.012062       -0.106172
     H    4        0.369571       -0.106172       -0.234977

     C    5       -0.425140        0.009809        0.189412
     C    5        0.009809        0.103671        0.131732
     C    5        0.189412        0.131732        0.321469

     H    6       -0.487271        0.121959       -0.360955
     H    6        0.121959        0.447093        0.327534
     H    6       -0.360955        0.327534        0.040177

     H    7       -0.139453        0.206353        0.106113
     H    7        0.206353       -0.159786       -0.541087
     H    7        0.106113       -0.541087        0.299239

     C    8        0.066867       -0.079651       -0.071425
     C    8       -0.079651        0.172744        0.381640
     C    8       -0.071425        0.381640       -0.239611

     H    9        0.315501        0.062526        0.534700
     H    9        0.062526       -0.465542       -0.396752
     H    9        0.534700       -0.396752        0.150041

     C   10       -0.380674       -0.319723       -0.148272
     C   10       -0.319723        0.428287        0.174702
     C   10       -0.148272        0.174702       -0.047612

     C   11        0.136021        0.146583       -0.081902
     C   11        0.146583        0.463838        0.397538
     C   11       -0.081902        0.397538       -0.599859

     Cl  12        0.386558        1.886583       -0.202638
     Cl  12        1.886583        1.178056       -0.262535
     Cl  12       -0.202638       -0.262535       -1.564614

     H   13       -0.622674        0.176093       -0.097246
     H   13        0.176093        0.549392        0.301780
     H   13       -0.097246        0.301780        0.073281

     C   14        0.404993       -0.735530       -0.161117
     C   14       -0.735530       -0.148847       -0.335275
     C   14       -0.161117       -0.335275       -0.256146

     H   15        0.315783        0.320182        0.570038
     H   15        0.320182       -0.100310       -0.039020
     H   15        0.570038       -0.039020       -0.215473

     C   16       -0.231004        0.063057       -0.149610
     C   16        0.063057        0.212682        0.425287
     C   16       -0.149610        0.425287        0.018322

     C   17        0.300095       -0.158565        0.195411
     C   17       -0.158565       -0.540741        0.233933
     C   17        0.195411        0.233933        0.240646

     Cl  18        0.477456       -0.247197        0.239853
     Cl  18       -0.247197       -0.250333       -0.084908
     Cl  18        0.239853       -0.084908       -0.227122

     H   19       -0.098423        0.011858       -0.095099
     H   19        0.011858        0.195793       -0.209206
     H   19       -0.095099       -0.209206       -0.097370

     C   20       -0.537506       -0.185717       -0.337016
     C   20       -0.185717        0.301414       -0.271662
     C   20       -0.337016       -0.271662        0.236091

     H   21        0.108425       -0.193719        0.541354
     H   21       -0.193719        0.114077       -0.117262
     H   21        0.541354       -0.117262       -0.222503

     C   22        0.040790        0.051479       -0.149290
     C   22        0.051479       -0.320306       -0.078184
     C   22       -0.149290       -0.078184        0.279516

     C   23       -0.424656       -0.137814       -0.235132
     C   23       -0.137814        0.666731       -0.202531
     C   23       -0.235132       -0.202531       -0.242075

     Cl  24        1.564910        3.297880       -0.187381
     Cl  24        3.297880        0.760319        0.051595
     Cl  24       -0.187381        0.051595       -2.325229


     NQR/NMR SPECTROSCOPIC PARAMETERS:
     Cl   1    Vxx=   -0.1477    axis=(  0.602543  0.796037  0.057150)
     Cl   1    Vyy=   -0.9596    axis=(  0.127681 -0.025463 -0.991488)
     Cl   1    Vzz=    1.1073    axis=( -0.787807  0.604712 -0.116981)
     Cl   1  Q=        -8.1650 1e-30 m^2  Cq=       -21.2422 MHz  eta= 0.73330

     C    2    Vxx=   -0.3019    axis=( -0.900159 -0.294117  0.321261)
     C    2    Vyy=   -0.5171    axis=( -0.202077  0.935401  0.290157)
     C    2    Vzz=    0.8190    axis=(  0.385847 -0.196268  0.901444)
     C    2  Q=         1.0000 1e-30 m^2  Cq=         1.9243 MHz  eta= 0.26269

     C    3    Vxx=    0.0012    axis=(  0.329070  0.856137  0.398425)
     C    3    Vyy=    0.4183    axis=( -0.294731 -0.307729  0.904675)
     C    3    Vzz=   -0.4195    axis=(  0.897132 -0.415129  0.151066)
     C    3  Q=         1.0000 1e-30 m^2  Cq=        -0.9856 MHz  eta= 0.99432

     H    4    Vxx=    0.0050    axis=( -0.152690  0.795108 -0.586932)
     H    4    Vyy=    0.5525    axis=(  0.844400  0.413541  0.340548)
     H    4    Vzz=   -0.5575    axis=( -0.513492  0.443607  0.734533)
     H    4  Q=         1.0000 1e-30 m^2  Cq=        -1.3098 MHz  eta= 0.98207

     C    5    Vxx=    0.0507    axis=(  0.125040 -0.923762  0.361980)
     C    5    Vyy=    0.4205    axis=(  0.206280  0.381076  0.901238)
     C    5    Vzz=   -0.4712    axis=( -0.970471 -0.038022  0.238203)
     C    5  Q=         1.0000 1e-30 m^2  Cq=        -1.1072 MHz  eta= 0.78473

     H    6    Vxx=    0.0954    axis=(  0.533855  0.469720 -0.703109)
     H    6    Vyy=    0.6343    axis=(  0.072930 -0.853994 -0.515146)
     H    6    Vzz=   -0.7297    axis=(  0.842425 -0.223736  0.490165)
     H    6  Q=         1.0000 1e-30 m^2  Cq=        -1.7145 MHz  eta= 0.73843

     H    7    Vxx=   -0.0311    axis=(  0.903228  0.338338  0.264020)
     H    7    Vyy=   -0.6272    axis=( -0.427829  0.758294  0.491886)
     H    7    Vzz=    0.6583    axis=( -0.033781 -0.557240  0.829664)
     H    7  Q=         1.0000 1e-30 m^2  Cq=         1.5468 MHz  eta= 0.90540

     C    8    Vxx=    0.0373    axis=(  0.959891  0.258475  0.108627)
     C    8    Vyy=    0.4307    axis=( -0.277603  0.821840  0.497510)
     C    8    Vzz=   -0.4680    axis=(  0.039320 -0.507710  0.860630)
     C    8  Q=         1.0000 1e-30 m^2  Cq=        -1.0996 MHz  eta= 0.84045

     H    9    Vxx=   -0.0559    axis=( -0.630984 -0.587265  0.506931)
     H    9    Vyy=   -0.7558    axis=(  0.310144 -0.789896 -0.529032)
     H    9    Vzz=    0.8117    axis=(  0.711105 -0.176589  0.680549)
     H    9  Q=         1.0000 1e-30 m^2  Cq=         1.9072 MHz  eta= 0.86231

     C   10    Vxx=   -0.1014    axis=( -0.084301 -0.357660  0.930039)
     C   10    Vyy=   -0.5082    axis=( -0.938829 -0.284259 -0.194414)
     C   10    Vzz=    0.6095    axis=(  0.333906 -0.889537 -0.311819)
     C   10  Q=         1.0000 1e-30 m^2  Cq=         1.4322 MHz  eta= 0.66743

     C   11    Vxx=    0.1266    axis=(  0.962667 -0.176577 -0.205164)
     C   11    Vyy=    0.6230    axis=(  0.231613  0.929602  0.286699)
     C   11    Vzz=   -0.7496    axis=(  0.140096 -0.323514  0.935795)
     C   11  Q=         1.0000 1e-30 m^2  Cq=        -1.7612 MHz  eta= 0.66223

     Cl  12    Vxx=   -1.1452    axis=(  0.777166 -0.629031  0.018262)
     Cl  12    Vyy=   -1.5903    axis=( -0.034218 -0.071218 -0.996874)
     Cl  12    Vzz=    2.7355    axis=(  0.628365  0.774111 -0.076872)
     Cl  12  Q=        -8.1650 1e-30 m^2  Cq=       -52.4795 MHz  eta= 0.16273

     H   13    Vxx=   -0.0289    axis=( -0.258975 -0.383686  0.886407)
     H   13    Vyy=   -0.6772    axis=( -0.961749  0.187264 -0.199929)
     H   13    Vzz=    0.7061    axis=( -0.089282 -0.904277 -0.417506)
     H   13  Q=         1.0000 1e-30 m^2  Cq=         1.6591 MHz  eta= 0.91805

     C   14    Vxx=   -0.0409    axis=( -0.333837 -0.390339  0.858014)
     C   14    Vyy=   -0.8762    axis=(  0.475437  0.716249  0.510829)
     C   14    Vzz=    0.9171    axis=( -0.813949  0.578465 -0.053528)
     C   14  Q=         1.0000 1e-30 m^2  Cq=         2.1549 MHz  eta= 0.91074

     H   15    Vxx=   -0.0939    axis=( -0.039311  0.883003 -0.467717)
     H   15    Vyy=   -0.6605    axis=( -0.555939  0.369616  0.744524)
     H   15    Vzz=    0.7544    axis=(  0.830293  0.289291  0.476366)
     H   15  Q=         1.0000 1e-30 m^2  Cq=         1.7725 MHz  eta= 0.75107

     C   16    Vxx=   -0.1151    axis=(  0.795050  0.417682 -0.439815)
     C   16    Vyy=   -0.4392    axis=( -0.603770  0.475719 -0.639651)
     C   16    Vzz=    0.5543    axis=(  0.057942 -0.774102 -0.630404)
     C   16  Q=         1.0000 1e-30 m^2  Cq=         1.3024 MHz  eta= 0.58465

     C   17    Vxx=    0.1813    axis=( -0.638089  0.360531  0.680338)
     C   17    Vyy=    0.4693    axis=( -0.739219 -0.039659 -0.672297)
     C   17    Vzz=   -0.6506    axis=(  0.215402  0.931904 -0.291817)
     C   17  Q=         1.0000 1e-30 m^2  Cq=        -1.5288 MHz  eta= 0.44259

     Cl  18    Vxx=   -0.2988    axis=( -0.358355 -0.253554  0.898494)
     Cl  18    Vyy=   -0.3302    axis=(  0.183718  0.924441  0.334150)
     Cl  18    Vzz=    0.6290    axis=( -0.915330  0.284814 -0.284696)
     Cl  18  Q=        -8.1650 1e-30 m^2  Cq=       -12.0666 MHz  eta= 0.04981

     H   19    Vxx=   -0.0630    axis=(  0.868637 -0.334918 -0.365103)
     H   19    Vyy=   -0.2491    axis=(  0.476625  0.363680  0.800353)
     H   19    Vzz=    0.3121    axis=( -0.135272 -0.869234  0.475536)
     H   19  Q=         1.0000 1e-30 m^2  Cq=         0.7333 MHz  eta= 0.59612

     C   20    Vxx=    0.1849    axis=( -0.448622  0.668348  0.593337)
     C   20    Vyy=    0.5510    axis=(  0.100680  0.697462 -0.709514)
     C   20    Vzz=   -0.7359    axis=( -0.888033 -0.258566 -0.380186)
     C   20  Q=         1.0000 1e-30 m^2  Cq=        -1.7290 MHz  eta= 0.49745

     H   21    Vxx=    0.0124    axis=(  0.314280  0.910142  0.269943)
     H   21    Vyy=    0.6113    axis=( -0.736162  0.413190 -0.536040)
     H   21    Vzz=   -0.6238    axis=( -0.599411 -0.030256  0.799870)
     H   21  Q=         1.0000 1e-30 m^2  Cq=        -1.4656 MHz  eta= 0.96022

     C   22    Vxx=   -0.0305    axis=(  0.896261  0.040037  0.441716)
     C   22    Vyy=   -0.3334    axis=( -0.095064  0.990113  0.103145)
     C   22    Vzz=    0.3639    axis=( -0.433219 -0.134436  0.891206)
     C   22  Q=         1.0000 1e-30 m^2  Cq=         0.8550 MHz  eta= 0.83243

     C   23    Vxx=   -0.0904    axis=(  0.600308 -0.102893 -0.793123)
     C   23    Vyy=   -0.6263    axis=(  0.795795  0.175593  0.579550)
     C   23    Vzz=    0.7167    axis=( -0.079635  0.979071 -0.187291)
     C   23  Q=         1.0000 1e-30 m^2  Cq=         1.6839 MHz  eta= 0.74778

     Cl  24    Vxx=   -2.0603    axis=( -0.559425  0.644556  0.521144)
     Cl  24    Vyy=   -2.4263    axis=(  0.355326 -0.381546  0.853327)
     Cl  24    Vzz=    4.4866    axis=( -0.748857 -0.662548  0.015581)
     Cl  24  Q=        -8.1650 1e-30 m^2  Cq=       -86.0731 MHz  eta= 0.08159

     Initialization:
     gipaw_setup  :      9.50s CPU     11.76s WALL (       1 calls)

     Linear response

     Apply operators

     Induced current

     Other routines
     efg          :     10.58s CPU     24.30s WALL (       1 calls)

     General routines
     calbec       :      3.08s CPU      4.02s WALL (      16 calls)
     fft          :      1.51s CPU      2.02s WALL (      15 calls)
     ffts         :      0.03s CPU      0.06s WALL (       2 calls)
     fftw         :      4.74s CPU      8.09s WALL (     672 calls)
     davcio       :      0.05s CPU      9.04s WALL (      32 calls)

     Parallel routines
     fft_scatter  :      3.63s CPU      7.21s WALL (     689 calls)

     Plugins

     GIPAW        :     61.99s CPU     86.11s WALL (       1 calls)
