
     Program QE v.6.0 (svn rev. 13079) starts on 29Dec2016 at 23:12:46 

     This program is part of the open-source Quantum ESPRESSO suite
     for quantum simulation of materials; please cite
         "P. Giannozzi et al., J. Phys.:Condens. Matter 21 395502 (2009);
          URL http://www.quantum-espresso.org", 
     in publications or presentations arising from this work. More details at
     http://www.quantum-espresso.org/quote

     Parallel version (MPI), running on     8 processors
     R & G space division:  proc/nbgrp/npool/nimage =       8

     ***** This is GIPAW svn revision unknown      *****

     Parallelizing q-star over 1 images

     Reading data from directory:
     /users/majewski/paradichlorobenzene/pbe/9_constraint/scratch/pbe.ecut100.np8.dt60.pcl2phi-129368.save
     Message from routine read_xml_file:
     file /users/majewski/paradichlorobenzene/pbe/9_constraint/scratch/pbe.ecut100.np8.dt60.pcl2phi-129368.save not guaranteed to be safe for post-processing

   Info: using nr1, nr2, nr3 values from input

   Info: using nr1, nr2, nr3 values from input

     IMPORTANT: XC functional enforced from input :
     Exchange-correlation      =  SLA  PW   PBX  PBC ( 1  4  3  4 0 0)
     Any further DFT definition will be discarded
     Please, verify this is what you really want

               file C.pbe-n-kjpaw_psl.1.0.0.UPF: wavefunction(s)  2S 2P renormalized
               file Cl.pbe-n-kjpaw_psl.1.0.0.UPF: wavefunction(s)  3S 3P renormalized
               file H.pbe-kjpaw_psl.1.0.0.UPF: wavefunction(s)  1S renormalized

     Parallelization info
     --------------------
     sticks:   dense  smooth     PW     G-vecs:    dense   smooth      PW
     Min        3057    1223    332               144436    36536    5170
     Max        3059    1225    333               144437    36537    5171
     Sum       24467    9791   2657              1155489   292295   41363


     Subspace diagonalization in iterative solution of the eigenvalue problem:
     a serial algorithm will be used

     GIPAW projectors -----------------------------------------------
     atom=  C    l=0  rc=    1.2000  rs=    0.8000
     atom=  C    l=0  rc=    1.2000  rs=    0.8000
     atom=  C    l=1  rc=    1.4000  rs=    0.9333
     atom=  C    l=1  rc=    1.4000  rs=    0.9333
     projs nearly linearly dependent: l=1  n1,n2= 1, 2  s=  0.99951561

     atom=  Cl   l=0  rc=    1.6000  rs=    1.0667
     atom=  Cl   l=0  rc=    1.6000  rs=    1.0667
     atom=  Cl   l=1  rc=    1.6000  rs=    1.0667
     atom=  Cl   l=1  rc=    1.6000  rs=    1.0667
     atom=  Cl   l=2  rc=    1.6000  rs=    1.0667
     atom=  Cl   l=2  rc=    1.6000  rs=    1.0667
     projs nearly linearly dependent: l=2  n1,n2= 1, 2  s=  0.99993509

     atom=  H    l=0  rc=    1.0000  rs=    0.6667
     atom=  H    l=0  rc=    1.0000  rs=    0.6667
     projs nearly linearly dependent: l=0  n1,n2= 1, 2  s=  0.99968852
     -----------------------------------------------------------------

     GIPAW integrals: -------------------------------------------
     Atom  i/j   nmr_para   nmr_dia   epr_rmc  epr_para   epr_dia
       C   1 1   0.83E+03  0.17E-01  0.93E+01  0.24E+08  0.24E+03
       C   2 1   0.86E+03 -0.61E-01  0.94E+01  0.25E+08  0.25E+03
       C   2 2   0.90E+03 -0.15E+00  0.97E+01  0.26E+08  0.26E+03
       C   3 3   0.33E+01  0.34E+00  0.18E+01  0.55E+03  0.21E+02
       C   4 3   0.35E+01  0.37E+00  0.20E+01  0.59E+03  0.22E+02
       C   4 4   0.38E+01  0.39E+00  0.22E+01  0.63E+03  0.24E+02
       Cl  1 1   0.14E+04 -0.47E+00  0.84E+01  0.32E+09  0.42E+03
       Cl  2 1   0.21E+04 -0.37E+00  0.12E+02  0.49E+09  0.65E+03
       Cl  2 2   0.33E+04 -0.16E+00  0.21E+02  0.76E+09  0.10E+04
       Cl  3 3   0.21E+02  0.79E-01  0.89E+01  0.23E+05  0.13E+03
       Cl  4 3   0.24E+02  0.67E-01  0.99E+01  0.27E+05  0.15E+03
       Cl  4 4   0.28E+02  0.44E-01  0.11E+02  0.32E+05  0.18E+03
       Cl  5 5   0.77E+00  0.19E+00  0.18E+01  0.12E+03  0.22E+02
       Cl  6 5   0.80E+00  0.19E+00  0.19E+01  0.12E+03  0.23E+02
       Cl  6 6   0.83E+00  0.20E+00  0.19E+01  0.12E+03  0.23E+02
       H   1 1   0.39E+02  0.19E+00  0.29E+00  0.78E+05  0.13E+02
       H   2 1   0.41E+02  0.21E+00  0.32E+00  0.82E+05  0.14E+02
       H   2 2   0.43E+02  0.22E+00  0.36E+00  0.86E+05  0.15E+02
     ------------------------------------------------------------

     alpha_pv=     33.9173 eV

     Number of occupied bands for each k-point:
     k-point:     1    nbnd_occ=  42
     k-point:     2    nbnd_occ=  42
     k-point:     3    nbnd_occ=  42
     k-point:     4    nbnd_occ=  42
     k-point:     5    nbnd_occ=  42
     k-point:     6    nbnd_occ=  42
     k-point:     7    nbnd_occ=  42
     k-point:     8    nbnd_occ=  42
     k-point:     9    nbnd_occ=  42
     k-point:    10    nbnd_occ=  42
     k-point:    11    nbnd_occ=  42
     k-point:    12    nbnd_occ=  42
     k-point:    13    nbnd_occ=  42
     k-point:    14    nbnd_occ=  42
     k-point:    15    nbnd_occ=  42
     k-point:    16    nbnd_occ=  42


     q-space interpolation up to   110.00 Rydberg

     GIPAW job: efg                                                                             


     ELECTRIC FIELD GRADIENTS TENSORS IN Hartree/bohrradius^2:

     ----- bare term -----
     Cl   1       -0.131925        0.211291       -0.018194
     Cl   1        0.211291        0.032404       -0.036121
     Cl   1       -0.018194       -0.036121        0.099521

     C    2       -0.027426       -0.080996       -0.286152
     C    2       -0.080996        0.071275       -0.701766
     C    2       -0.286152       -0.701766       -0.043850

     C    3       -0.629089        0.381135       -0.275418
     C    3        0.381135        0.302061       -0.243461
     C    3       -0.275418       -0.243461        0.327028

     H    4       -0.372052       -0.546992       -0.183967
     H    4       -0.546992        0.007953       -0.031499
     H    4       -0.183967       -0.031499        0.364098

     C    5       -0.181220        0.156364       -0.243100
     C    5        0.156364        0.021920       -0.516381
     C    5       -0.243100       -0.516381        0.159301

     H    6        0.391121       -0.292919       -0.034006
     H    6       -0.292919       -0.727707       -0.289434
     H    6       -0.034006       -0.289434        0.336586

     H    7        0.290523        0.089200        0.055660
     H    7        0.089200       -0.400712        0.595894
     H    7        0.055660        0.595894        0.110189

     C    8       -0.872255       -0.341739       -0.351027
     C    8       -0.341739        0.470866        0.088764
     C    8       -0.351027        0.088764        0.401388

     H    9       -0.043026       -0.045904       -0.540279
     H    9       -0.045904        0.130353       -0.200500
     H    9       -0.540279       -0.200500       -0.087327

     C   10        0.145818       -0.038921       -0.188649
     C   10       -0.038921       -0.077916        0.560558
     C   10       -0.188649        0.560558       -0.067901

     C   11       -0.698833       -0.415509       -0.357066
     C   11       -0.415509        0.360518        0.147701
     C   11       -0.357066        0.147701        0.338316

     Cl  12        0.112054       -0.050269       -0.023290
     Cl  12       -0.050269       -0.140813       -0.012194
     Cl  12       -0.023290       -0.012194        0.028759

     H   13        0.484153       -0.052875        0.072270
     H   13       -0.052875       -0.255277       -0.389112
     H   13        0.072270       -0.389112       -0.228876

     C   14       -0.731053        0.350720       -0.262996
     C   14        0.350720        0.383595       -0.290563
     C   14       -0.262996       -0.290563        0.347458

     H   15       -0.275317        0.147882       -0.514770
     H   15        0.147882        0.049572       -0.015950
     H   15       -0.514770       -0.015950        0.225745

     C   16       -0.017725        0.062111       -0.223649
     C   16        0.062111       -0.059756       -0.637408
     C   16       -0.223649       -0.637408        0.077481

     C   17       -0.564855        0.372870       -0.409039
     C   17        0.372870        0.316276       -0.247432
     C   17       -0.409039       -0.247432        0.248578

     Cl  18        0.000988        0.086749       -0.038788
     Cl  18        0.086749        0.095630       -0.016741
     Cl  18       -0.038788       -0.016741       -0.096618

     H   19        0.428750       -0.085103        0.067617
     H   19       -0.085103       -0.504764        0.598020
     H   19        0.067617        0.598020        0.076014

     C   20       -0.108151        0.005390       -0.257362
     C   20        0.005390       -0.053108        0.381302
     C   20       -0.257362        0.381302        0.161259

     H   21       -0.259501        0.242703       -0.511021
     H   21        0.242703        0.274907        0.291195
     H   21       -0.511021        0.291195       -0.015406

     C   22       -0.637770       -0.339859       -0.397390
     C   22       -0.339859        0.186824        0.009739
     C   22       -0.397390        0.009739        0.450946

     C   23        0.033717        0.315161       -0.441889
     C   23        0.315161       -0.267416        0.502249
     C   23       -0.441889        0.502249        0.233699

     Cl  24       -0.258240       -0.294227       -0.133422
     Cl  24       -0.294227       -0.020342       -0.105077
     Cl  24       -0.133422       -0.105077        0.278582

     ----- ionic term -----
     Cl   1        0.152343       -0.164188       -0.007396
     Cl   1       -0.164188       -0.014309        0.016579
     Cl   1       -0.007396        0.016579       -0.138034

     C    2        0.229280       -0.093259        0.247491
     C    2       -0.093259        0.061177        0.430498
     C    2        0.247491        0.430498       -0.290457

     C    3        0.222713       -0.229541        0.187121
     C    3       -0.229541        0.117136        0.377325
     C    3        0.187121        0.377325       -0.339849

     H    4        0.733147        0.286028        0.594712
     H    4        0.286028       -0.455503        0.211273
     H    4        0.594712        0.211273       -0.277643

     C    5        0.344357       -0.178602        0.291299
     C    5       -0.178602        0.019116        0.302193
     C    5        0.291299        0.302193       -0.363473

     H    6       -0.502133        0.120699        0.098894
     H    6        0.120699        0.650802        0.711960
     H    6        0.098894        0.711960       -0.148669

     H    7       -0.484740        0.164750       -0.063571
     H    7        0.164750        0.599453       -0.707202
     H    7       -0.063571       -0.707202       -0.114713

     C    8        0.187285        0.271139        0.358441
     C    8        0.271139        0.048266       -0.257537
     C    8        0.358441       -0.257537       -0.235551

     H    9        0.458704       -0.355782        0.696553
     H    9       -0.355782       -0.366082       -0.294518
     H    9        0.696553       -0.294518       -0.092622

     C   10        0.049082        0.227070        0.258746
     C   10        0.227070        0.155645       -0.366890
     C   10        0.258746       -0.366890       -0.204727

     C   11        0.094893        0.207353        0.282936
     C   11        0.207353        0.107787       -0.410975
     C   11        0.282936       -0.410975       -0.202680

     Cl  12        0.115595        0.224407        0.015682
     Cl  12        0.224407        0.031387        0.004775
     Cl  12        0.015682        0.004775       -0.146982

     H   13       -0.519539       -0.013672       -0.017604
     H   13       -0.013672        0.562581        0.755929
     H   13       -0.017604        0.755929       -0.043042

     C   14        0.274198       -0.178382        0.206063
     C   14       -0.178382        0.049257        0.337501
     C   14        0.206063        0.337501       -0.323455

     H   15        0.602563        0.261307        0.704933
     H   15        0.261307       -0.432182        0.228450
     H   15        0.704933        0.228450       -0.170381

     C   16        0.152859       -0.209789        0.189359
     C   16       -0.209789        0.182237        0.398095
     C   16        0.189359        0.398095       -0.335096

     C   17        0.200517       -0.144695        0.298781
     C   17       -0.144695        0.139065        0.397847
     C   17        0.298781        0.397847       -0.339582

     Cl  18        0.121154       -0.221815        0.016797
     Cl  18       -0.221815        0.024830        0.000552
     Cl  18        0.016797        0.000552       -0.145984

     H   19       -0.530594        0.012699        0.000961
     H   19        0.012699        0.574616       -0.744223
     H   19        0.000961       -0.744223       -0.044022

     C   20        0.190253        0.266496        0.279234
     C   20        0.266496        0.106215       -0.282749
     C   20        0.279234       -0.282749       -0.296468

     H   21        0.741907       -0.159223        0.658959
     H   21       -0.159223       -0.484838       -0.162543
     H   21        0.658959       -0.162543       -0.257069

     C   22        0.129981        0.287037        0.230893
     C   22        0.287037        0.230899       -0.349221
     C   22        0.230893       -0.349221       -0.360880

     C   23        0.118378        0.183733        0.366479
     C   23        0.183733        0.123706       -0.415548
     C   23        0.366479       -0.415548       -0.242084

     Cl  24        0.132179        0.208174        0.015694
     Cl  24        0.208174        0.022817       -0.005142
     Cl  24        0.015694       -0.005142       -0.154996

     ----- GIPAW term -----
     Cl   1       -0.429282        0.479446       -0.781160
     Cl   1        0.479446        1.779858       -1.613509
     Cl   1       -0.781160       -1.613509       -1.350575

     C    2       -0.064555       -0.067345       -0.043877
     C    2       -0.067345        0.243857       -0.157931
     C    2       -0.043877       -0.157931       -0.179301

     C    3       -0.212897        0.120865       -0.065327
     C    3        0.120865        0.292847       -0.058565
     C    3       -0.065327       -0.058565       -0.079951

     H    4       -0.000000        0.000000        0.000000
     H    4        0.000000        0.000000        0.000000
     H    4        0.000000        0.000000        0.000000

     C    5       -0.098054        0.081168       -0.034457
     C    5        0.081168        0.209598       -0.162346
     C    5       -0.034457       -0.162346       -0.111544

     H    6       -0.000000        0.000000        0.000000
     H    6        0.000000        0.000000        0.000000
     H    6        0.000000        0.000000        0.000000

     H    7       -0.000000        0.000000        0.000000
     H    7        0.000000        0.000000        0.000000
     H    7        0.000000        0.000000        0.000000

     C    8       -0.223255        0.051079       -0.040647
     C    8        0.051079        0.307146       -0.064910
     C    8       -0.040647       -0.064910       -0.083891

     H    9       -0.000000        0.000000        0.000000
     H    9        0.000000        0.000000        0.000000
     H    9        0.000000        0.000000        0.000000

     C   10       -0.074933        0.026066       -0.016933
     C   10        0.026066        0.187812        0.099631
     C   10       -0.016933        0.099631       -0.112878

     C   11       -0.174936        0.015143       -0.042099
     C   11        0.015143        0.307691       -0.025969
     C   11       -0.042099       -0.025969       -0.132756

     Cl  12       -0.042244        0.412221       -0.107113
     Cl  12        0.412221        2.391053        0.031977
     Cl  12       -0.107113        0.031977       -2.348809

     H   13       -0.000000        0.000000        0.000000
     H   13        0.000000        0.000000        0.000000
     H   13        0.000000        0.000000        0.000000

     C   14       -0.217974        0.012255       -0.012590
     C   14        0.012255        0.268820       -0.109647
     C   14       -0.012590       -0.109647       -0.050845

     H   15       -0.000000        0.000000        0.000000
     H   15        0.000000        0.000000        0.000000
     H   15        0.000000        0.000000        0.000000

     C   16       -0.117433       -0.053098       -0.034701
     C   16       -0.053098        0.248981       -0.082777
     C   16       -0.034701       -0.082777       -0.131548

     C   17       -0.135699        0.048058       -0.061388
     C   17        0.048058        0.286796       -0.034606
     C   17       -0.061388       -0.034606       -0.151098

     Cl  18        0.214061       -0.313890       -0.291277
     Cl  18       -0.313890        2.486815       -0.457962
     Cl  18       -0.291277       -0.457962       -2.700876

     H   19       -0.000000        0.000000        0.000000
     H   19        0.000000        0.000000        0.000000
     H   19        0.000000        0.000000        0.000000

     C   20       -0.121162        0.037794       -0.036429
     C   20        0.037794        0.203516       -0.075891
     C   20       -0.036429       -0.075891       -0.082354

     H   21       -0.000000        0.000000        0.000000
     H   21        0.000000        0.000000        0.000000
     H   21        0.000000        0.000000        0.000000

     C   22       -0.177358        0.074969       -0.146585
     C   22        0.074969        0.133387       -0.179846
     C   22       -0.146585       -0.179846        0.043971

     C   23       -0.016782        0.212338       -0.133607
     C   23        0.212338        0.016682       -0.105004
     C   23       -0.133607       -0.105004        0.000100

     Cl  24        0.104596        1.803544       -1.510845
     Cl  24        1.803544        0.100969       -1.455085
     Cl  24       -1.510845       -1.455085       -0.205566

     ----- total EFG -----
     Cl   1       -0.408865        0.526549       -0.806750
     Cl   1        0.526549        1.797953       -1.633050
     Cl   1       -0.806750       -1.633050       -1.389088

     C    2        0.137299       -0.241600       -0.082538
     C    2       -0.241600        0.376309       -0.429199
     C    2       -0.082538       -0.429199       -0.513608

     C    3       -0.619273        0.272459       -0.153624
     C    3        0.272459        0.712044        0.075300
     C    3       -0.153624        0.075300       -0.092771

     H    4        0.361095       -0.260964        0.410745
     H    4       -0.260964       -0.447550        0.179775
     H    4        0.410745        0.179775        0.086455

     C    5        0.065083        0.058930        0.013742
     C    5        0.058930        0.250634       -0.376533
     C    5        0.013742       -0.376533       -0.315717

     H    6       -0.111012       -0.172221        0.064887
     H    6       -0.172221       -0.076905        0.422527
     H    6        0.064887        0.422527        0.187918

     H    7       -0.194218        0.253949       -0.007912
     H    7        0.253949        0.198741       -0.111308
     H    7       -0.007912       -0.111308       -0.004523

     C    8       -0.908225       -0.019520       -0.033233
     C    8       -0.019520        0.826279       -0.233683
     C    8       -0.033233       -0.233683        0.081947

     H    9        0.415678       -0.401686        0.156274
     H    9       -0.401686       -0.235729       -0.495018
     H    9        0.156274       -0.495018       -0.179949

     C   10        0.119966        0.214215        0.053163
     C   10        0.214215        0.265540        0.293299
     C   10        0.053163        0.293299       -0.385507

     C   11       -0.778876       -0.193012       -0.116229
     C   11       -0.193012        0.775996       -0.289244
     C   11       -0.116229       -0.289244        0.002880

     Cl  12        0.185405        0.586360       -0.114721
     Cl  12        0.586360        2.281627        0.024558
     Cl  12       -0.114721        0.024558       -2.467032

     H   13       -0.035386       -0.066547        0.054666
     H   13       -0.066547        0.307304        0.366818
     H   13        0.054666        0.366818       -0.271919

     C   14       -0.674829        0.184593       -0.069524
     C   14        0.184593        0.701671       -0.062709
     C   14       -0.069524       -0.062709       -0.026842

     H   15        0.327247        0.409189        0.190162
     H   15        0.409189       -0.382610        0.212500
     H   15        0.190162        0.212500        0.055363

     C   16        0.017700       -0.200776       -0.068991
     C   16       -0.200776        0.371463       -0.322090
     C   16       -0.068991       -0.322090       -0.389163

     C   17       -0.500036        0.276232       -0.171646
     C   17        0.276232        0.742138        0.115810
     C   17       -0.171646        0.115810       -0.242102

     Cl  18        0.336203       -0.448956       -0.313269
     Cl  18       -0.448956        2.607275       -0.474151
     Cl  18       -0.313269       -0.474151       -2.943478

     H   19       -0.101844       -0.072404        0.068578
     H   19       -0.072404        0.069852       -0.146203
     H   19        0.068578       -0.146203        0.031993

     C   20       -0.039060        0.309680       -0.014556
     C   20        0.309680        0.256624        0.022662
     C   20       -0.014556        0.022662       -0.217564

     H   21        0.482406        0.083480        0.147938
     H   21        0.083480       -0.209932        0.128653
     H   21        0.147938        0.128653       -0.272475

     C   22       -0.685147        0.022148       -0.313081
     C   22        0.022148        0.551110       -0.519328
     C   22       -0.313081       -0.519328        0.134037

     C   23        0.135313        0.711232       -0.209017
     C   23        0.711232       -0.127027       -0.018303
     C   23       -0.209017       -0.018303       -0.008286

     Cl  24       -0.021465        1.717491       -1.628574
     Cl  24        1.717491        0.103444       -1.565303
     Cl  24       -1.628574       -1.565303       -0.081980

     ----- total EFG (symmetrized) -----
     Cl   1       -0.408865        0.526549       -0.806750
     Cl   1        0.526549        1.797953       -1.633050
     Cl   1       -0.806750       -1.633050       -1.389088

     C    2        0.137299       -0.241600       -0.082538
     C    2       -0.241600        0.376309       -0.429199
     C    2       -0.082538       -0.429199       -0.513608

     C    3       -0.619273        0.272459       -0.153624
     C    3        0.272459        0.712044        0.075300
     C    3       -0.153624        0.075300       -0.092771

     H    4        0.361095       -0.260964        0.410745
     H    4       -0.260964       -0.447550        0.179775
     H    4        0.410745        0.179775        0.086455

     C    5        0.065083        0.058930        0.013742
     C    5        0.058930        0.250634       -0.376533
     C    5        0.013742       -0.376533       -0.315717

     H    6       -0.111012       -0.172221        0.064887
     H    6       -0.172221       -0.076905        0.422527
     H    6        0.064887        0.422527        0.187918

     H    7       -0.194218        0.253949       -0.007912
     H    7        0.253949        0.198741       -0.111308
     H    7       -0.007912       -0.111308       -0.004523

     C    8       -0.908225       -0.019520       -0.033233
     C    8       -0.019520        0.826279       -0.233683
     C    8       -0.033233       -0.233683        0.081947

     H    9        0.415678       -0.401686        0.156274
     H    9       -0.401686       -0.235729       -0.495018
     H    9        0.156274       -0.495018       -0.179949

     C   10        0.119966        0.214215        0.053163
     C   10        0.214215        0.265540        0.293299
     C   10        0.053163        0.293299       -0.385507

     C   11       -0.778876       -0.193012       -0.116229
     C   11       -0.193012        0.775996       -0.289244
     C   11       -0.116229       -0.289244        0.002880

     Cl  12        0.185405        0.586360       -0.114721
     Cl  12        0.586360        2.281627        0.024558
     Cl  12       -0.114721        0.024558       -2.467032

     H   13       -0.035386       -0.066547        0.054666
     H   13       -0.066547        0.307304        0.366818
     H   13        0.054666        0.366818       -0.271919

     C   14       -0.674829        0.184593       -0.069524
     C   14        0.184593        0.701671       -0.062709
     C   14       -0.069524       -0.062709       -0.026842

     H   15        0.327247        0.409189        0.190162
     H   15        0.409189       -0.382610        0.212500
     H   15        0.190162        0.212500        0.055363

     C   16        0.017700       -0.200776       -0.068991
     C   16       -0.200776        0.371463       -0.322090
     C   16       -0.068991       -0.322090       -0.389163

     C   17       -0.500036        0.276232       -0.171646
     C   17        0.276232        0.742138        0.115810
     C   17       -0.171646        0.115810       -0.242102

     Cl  18        0.336203       -0.448956       -0.313269
     Cl  18       -0.448956        2.607275       -0.474151
     Cl  18       -0.313269       -0.474151       -2.943478

     H   19       -0.101844       -0.072404        0.068578
     H   19       -0.072404        0.069852       -0.146203
     H   19        0.068578       -0.146203        0.031993

     C   20       -0.039060        0.309680       -0.014556
     C   20        0.309680        0.256624        0.022662
     C   20       -0.014556        0.022662       -0.217564

     H   21        0.482406        0.083480        0.147938
     H   21        0.083480       -0.209932        0.128653
     H   21        0.147938        0.128653       -0.272475

     C   22       -0.685147        0.022148       -0.313081
     C   22        0.022148        0.551110       -0.519328
     C   22       -0.313081       -0.519328        0.134037

     C   23        0.135313        0.711232       -0.209017
     C   23        0.711232       -0.127027       -0.018303
     C   23       -0.209017       -0.018303       -0.008286

     Cl  24       -0.021465        1.717491       -1.628574
     Cl  24        1.717491        0.103444       -1.565303
     Cl  24       -1.628574       -1.565303       -0.081980


     NQR/NMR SPECTROSCOPIC PARAMETERS:
     Cl   1    Vxx=   -0.4479    axis=(  0.919219 -0.348613 -0.183045)
     Cl   1    Vyy=   -2.2477    axis=(  0.301150  0.322970  0.897217)
     Cl   1    Vzz=    2.6956    axis=( -0.253663 -0.879863  0.401865)
     Cl   1  Q=        -8.1650 1e-30 m^2  Cq=       -51.7143 MHz  eta= 0.66768

     C    2    Vxx=    0.0917    axis=(  0.903918  0.280950 -0.322490)
     C    2    Vyy=    0.6289    axis=( -0.379382  0.874828 -0.301240)
     C    2    Vzz=   -0.7205    axis=(  0.197490  0.394643  0.897360)
     C    2  Q=         1.0000 1e-30 m^2  Cq=        -1.6930 MHz  eta= 0.74559

     C    3    Vxx=   -0.0512    axis=( -0.261843 -0.001744  0.965109)
     C    3    Vyy=   -0.7167    axis=( -0.946848  0.194077 -0.256539)
     C    3    Vzz=    0.7680    axis=( -0.186858 -0.980985 -0.052469)
     C    3  Q=         1.0000 1e-30 m^2  Cq=         1.8044 MHz  eta= 0.86659

     H    4    Vxx=   -0.0124    axis=( -0.414855  0.548678  0.725843)
     H    4    Vyy=   -0.6557    axis=(  0.378734  0.829466 -0.410543)
     H    4    Vzz=    0.6681    axis=( -0.827318  0.104586 -0.551912)
     H    4  Q=         1.0000 1e-30 m^2  Cq=         1.5698 MHz  eta= 0.96284

     C    5    Vxx=    0.0620    axis=(  0.990166 -0.079395  0.115184)
     C    5    Vyy=    0.4443    axis=( -0.122424 -0.890207  0.438798)
     C    5    Vzz=   -0.5063    axis=(  0.067700 -0.448584 -0.891173)
     C    5  Q=         1.0000 1e-30 m^2  Cq=        -1.1896 MHz  eta= 0.75525

     H    6    Vxx=   -0.0282    axis=(  0.893536 -0.305529  0.329007)
     H    6    Vyy=   -0.4743    axis=(  0.440766  0.736515 -0.513099)
     H    6    Vzz=    0.5026    axis=( -0.085552  0.603488  0.792769)
     H    6  Q=         1.0000 1e-30 m^2  Cq=         1.1808 MHz  eta= 0.88765

     H    7    Vxx=   -0.0288    axis=(  0.246291  0.190012  0.950388)
     H    7    Vyy=   -0.3246    axis=( -0.879486  0.455847  0.136779)
     H    7    Vzz=    0.3534    axis=( -0.407242 -0.869539  0.279383)
     H    7  Q=         1.0000 1e-30 m^2  Cq=         0.8304 MHz  eta= 0.83687

     C    8    Vxx=    0.0162    axis=( -0.040353  0.276035  0.960300)
     C    8    Vyy=    0.8936    axis=( -0.005312  0.961010 -0.276463)
     C    8    Vzz=   -0.9098    axis=( -0.999171 -0.016257 -0.037313)
     C    8  Q=         1.0000 1e-30 m^2  Cq=        -2.1376 MHz  eta= 0.96445

     H    9    Vxx=   -0.0227    axis=(  0.614803  0.408444 -0.674679)
     H    9    Vyy=   -0.7375    axis=(  0.180156  0.760105  0.624328)
     H    9    Vzz=    0.7602    axis=(  0.767829 -0.505386  0.393731)
     H    9  Q=         1.0000 1e-30 m^2  Cq=         1.7862 MHz  eta= 0.94034

     C   10    Vxx=   -0.0041    axis=(  0.866657 -0.446521 -0.222543)
     C   10    Vyy=   -0.4995    axis=( -0.048053  0.369279 -0.928076)
     C   10    Vzz=    0.5035    axis=(  0.496585  0.815017  0.298581)
     C   10  Q=         1.0000 1e-30 m^2  Cq=         1.1830 MHz  eta= 0.98390

     C   11    Vxx=   -0.0542    axis=( -0.223028  0.274090  0.935486)
     C   11    Vyy=   -0.8312    axis=(  0.970718  0.150301  0.187391)
     C   11    Vzz=    0.8854    axis=( -0.089242  0.949887 -0.299585)
     C   11  Q=         1.0000 1e-30 m^2  Cq=         2.0802 MHz  eta= 0.87766

     Cl  12    Vxx=    0.0380    axis=( -0.966572  0.252099  0.046736)
     Cl  12    Vyy=    2.4345    axis=(  0.252327  0.967642 -0.001058)
     Cl  12    Vzz=   -2.4725    axis=(  0.045491 -0.010771  0.998907)
     Cl  12  Q=        -8.1650 1e-30 m^2  Cq=        47.4341 MHz  eta= 0.96925

     H   13    Vxx=   -0.0236    axis=(  0.981186 -0.015966  0.192406)
     H   13    Vyy=   -0.4640    axis=(  0.180074  0.435096 -0.882193)
     H   13    Vzz=    0.4876    axis=( -0.069630  0.900242  0.429785)
     H   13  Q=         1.0000 1e-30 m^2  Cq=         1.1456 MHz  eta= 0.90326

     C   14    Vxx=   -0.0281    axis=( -0.076730  0.104615  0.991548)
     C   14    Vyy=   -0.7046    axis=(  0.988005 -0.125687  0.089717)
     C   14    Vzz=    0.7327    axis=(  0.134010  0.986539 -0.093717)
     C   14  Q=         1.0000 1e-30 m^2  Cq=         1.7216 MHz  eta= 0.92336

     H   15    Vxx=   -0.0424    axis=( -0.459393  0.002265  0.888230)
     H   15    Vyy=   -0.5917    axis=( -0.365890  0.910730 -0.191561)
     H   15    Vzz=    0.6341    axis=( -0.809372 -0.412996 -0.417555)
     H   15  Q=         1.0000 1e-30 m^2  Cq=         1.4900 MHz  eta= 0.86613

     C   16    Vxx=   -0.0020    axis=(  0.919572  0.205523 -0.334885)
     C   16    Vyy=   -0.5409    axis=( -0.243743 -0.370108 -0.896443)
     C   16    Vzz=    0.5429    axis=( -0.308183  0.905969 -0.290246)
     C   16  Q=         1.0000 1e-30 m^2  Cq=         1.2757 MHz  eta= 0.99246

     C   17    Vxx=   -0.1567    axis=( -0.435563  0.017901  0.899980)
     C   17    Vyy=   -0.6500    axis=( -0.878406  0.210014 -0.429299)
     C   17    Vzz=    0.8067    axis=( -0.196693 -0.977535 -0.075750)
     C   17  Q=         1.0000 1e-30 m^2  Cq=         1.8954 MHz  eta= 0.61143

     Cl  18    Vxx=    0.2981    axis=(  0.978947  0.165924 -0.118874)
     Cl  18    Vyy=    2.7224    axis=( -0.175219  0.981858 -0.072479)
     Cl  18    Vzz=   -3.0205    axis=(  0.104692  0.091782  0.990260)
     Cl  18  Q=        -8.1650 1e-30 m^2  Cq=        57.9476 MHz  eta= 0.80259

     H   19    Vxx=   -0.0962    axis=(  0.093753  0.680739  0.726502)
     H   19    Vyy=   -0.1323    axis=(  0.952753  0.150413 -0.263888)
     H   19    Vzz=    0.2284    axis=( -0.288914  0.716917 -0.634475)
     H   19  Q=         1.0000 1e-30 m^2  Cq=         0.5367 MHz  eta= 0.15812

     C   20    Vxx=   -0.2003    axis=( -0.499894  0.298483  0.813028)
     C   20    Vyy=   -0.2518    axis=( -0.682750  0.441766 -0.581976)
     C   20    Vzz=    0.4521    axis=( -0.532878 -0.846020 -0.017046)
     C   20  Q=         1.0000 1e-30 m^2  Cq=         1.0623 MHz  eta= 0.11401

     H   21    Vxx=   -0.1469    axis=(  0.235098 -0.803805 -0.546468)
     H   21    Vyy=   -0.3790    axis=(  0.083637  0.576870 -0.812543)
     H   21    Vzz=    0.5259    axis=(  0.968367  0.145322  0.202849)
     H   21  Q=         1.0000 1e-30 m^2  Cq=         1.2357 MHz  eta= 0.44143

     C   22    Vxx=   -0.1164    axis=(  0.376625 -0.576616 -0.725029)
     C   22    Vyy=   -0.8099    axis=( -0.918120 -0.128151 -0.375010)
     C   22    Vzz=    0.9263    axis=(  0.123324  0.806902 -0.577668)
     C   22  Q=         1.0000 1e-30 m^2  Cq=         2.1764 MHz  eta= 0.74878

     C   23    Vxx=   -0.0270    axis=(  0.062475  0.268257  0.961319)
     C   23    Vyy=   -0.7392    axis=(  0.645771 -0.745267  0.166000)
     C   23    Vzz=    0.7662    axis=(  0.760971  0.610422 -0.219793)
     C   23  Q=         1.0000 1e-30 m^2  Cq=         1.8003 MHz  eta= 0.92958

     Cl  24    Vxx=   -1.5571    axis=(  0.028417 -0.701057 -0.712539)
     Cl  24    Vyy=   -1.7200    axis=( -0.811983  0.399549 -0.425493)
     Cl  24    Vzz=    3.2771    axis=(  0.582989  0.590660 -0.557893)
     Cl  24  Q=        -8.1650 1e-30 m^2  Cq=       -62.8694 MHz  eta= 0.04970

     Initialization:
     gipaw_setup  :      8.94s CPU     10.79s WALL (       1 calls)

     Linear response

     Apply operators

     Induced current

     Other routines
     efg          :      9.25s CPU     11.32s WALL (       1 calls)

     General routines
     calbec       :      3.17s CPU      3.82s WALL (      16 calls)
     fft          :      1.52s CPU      2.33s WALL (      15 calls)
     ffts         :      0.04s CPU      0.04s WALL (       2 calls)
     fftw         :      3.30s CPU      3.99s WALL (     672 calls)
     davcio       :      0.04s CPU      0.32s WALL (      32 calls)

     Parallel routines
     fft_scatter  :      2.17s CPU      3.47s WALL (     689 calls)

     Plugins

     GIPAW        :     60.81s CPU     74.82s WALL (       1 calls)
