
     Program QE v.6.0 (svn rev. 13079) starts on 18Dec2016 at 18:53:48 

     This program is part of the open-source Quantum ESPRESSO suite
     for quantum simulation of materials; please cite
         "P. Giannozzi et al., J. Phys.:Condens. Matter 21 395502 (2009);
          URL http://www.quantum-espresso.org", 
     in publications or presentations arising from this work. More details at
     http://www.quantum-espresso.org/quote

     Parallel version (MPI), running on     8 processors
     R & G space division:  proc/nbgrp/npool/nimage =       8

     ***** This is GIPAW svn revision unknown      *****

     Parallelizing q-star over 1 images

     Reading data from directory:
     /users/majewski/paradichlorobenzene/pbe/9_constraint/scratch/pbe.ecut100.np8.dt60.pcl2phi-129368.save
     Message from routine read_xml_file:
     file /users/majewski/paradichlorobenzene/pbe/9_constraint/scratch/pbe.ecut100.np8.dt60.pcl2phi-129368.save not guaranteed to be safe for post-processing

   Info: using nr1, nr2, nr3 values from input

   Info: using nr1, nr2, nr3 values from input

     IMPORTANT: XC functional enforced from input :
     Exchange-correlation      =  SLA  PW   PBX  PBC ( 1  4  3  4 0 0)
     Any further DFT definition will be discarded
     Please, verify this is what you really want

               file C.pbe-n-kjpaw_psl.1.0.0.UPF: wavefunction(s)  2S 2P renormalized
               file Cl.pbe-n-kjpaw_psl.1.0.0.UPF: wavefunction(s)  3S 3P renormalized
               file H.pbe-kjpaw_psl.1.0.0.UPF: wavefunction(s)  1S renormalized

     Parallelization info
     --------------------
     sticks:   dense  smooth     PW     G-vecs:    dense   smooth      PW
     Min        3057    1223    332               144436    36536    5170
     Max        3059    1225    333               144437    36537    5171
     Sum       24467    9791   2657              1155489   292295   41363


     Subspace diagonalization in iterative solution of the eigenvalue problem:
     a serial algorithm will be used

     GIPAW projectors -----------------------------------------------
     atom=  C    l=0  rc=    1.2000  rs=    0.8000
     atom=  C    l=0  rc=    1.2000  rs=    0.8000
     atom=  C    l=1  rc=    1.4000  rs=    0.9333
     atom=  C    l=1  rc=    1.4000  rs=    0.9333
     projs nearly linearly dependent: l=1  n1,n2= 1, 2  s=  0.99951561

     atom=  Cl   l=0  rc=    1.6000  rs=    1.0667
     atom=  Cl   l=0  rc=    1.6000  rs=    1.0667
     atom=  Cl   l=1  rc=    1.6000  rs=    1.0667
     atom=  Cl   l=1  rc=    1.6000  rs=    1.0667
     atom=  Cl   l=2  rc=    1.6000  rs=    1.0667
     atom=  Cl   l=2  rc=    1.6000  rs=    1.0667
     projs nearly linearly dependent: l=2  n1,n2= 1, 2  s=  0.99993509

     atom=  H    l=0  rc=    1.0000  rs=    0.6667
     atom=  H    l=0  rc=    1.0000  rs=    0.6667
     projs nearly linearly dependent: l=0  n1,n2= 1, 2  s=  0.99968852
     -----------------------------------------------------------------

     GIPAW integrals: -------------------------------------------
     Atom  i/j   nmr_para   nmr_dia   epr_rmc  epr_para   epr_dia
       C   1 1   0.83E+03  0.17E-01  0.93E+01  0.24E+08  0.24E+03
       C   2 1   0.86E+03 -0.61E-01  0.94E+01  0.25E+08  0.25E+03
       C   2 2   0.90E+03 -0.15E+00  0.97E+01  0.26E+08  0.26E+03
       C   3 3   0.33E+01  0.34E+00  0.18E+01  0.55E+03  0.21E+02
       C   4 3   0.35E+01  0.37E+00  0.20E+01  0.59E+03  0.22E+02
       C   4 4   0.38E+01  0.39E+00  0.22E+01  0.63E+03  0.24E+02
       Cl  1 1   0.14E+04 -0.47E+00  0.84E+01  0.32E+09  0.42E+03
       Cl  2 1   0.21E+04 -0.37E+00  0.12E+02  0.49E+09  0.65E+03
       Cl  2 2   0.33E+04 -0.16E+00  0.21E+02  0.76E+09  0.10E+04
       Cl  3 3   0.21E+02  0.79E-01  0.89E+01  0.23E+05  0.13E+03
       Cl  4 3   0.24E+02  0.67E-01  0.99E+01  0.27E+05  0.15E+03
       Cl  4 4   0.28E+02  0.44E-01  0.11E+02  0.32E+05  0.18E+03
       Cl  5 5   0.77E+00  0.19E+00  0.18E+01  0.12E+03  0.22E+02
       Cl  6 5   0.80E+00  0.19E+00  0.19E+01  0.12E+03  0.23E+02
       Cl  6 6   0.83E+00  0.20E+00  0.19E+01  0.12E+03  0.23E+02
       H   1 1   0.39E+02  0.19E+00  0.29E+00  0.78E+05  0.13E+02
       H   2 1   0.41E+02  0.21E+00  0.32E+00  0.82E+05  0.14E+02
       H   2 2   0.43E+02  0.22E+00  0.36E+00  0.86E+05  0.15E+02
     ------------------------------------------------------------

     alpha_pv=     33.5395 eV

     Number of occupied bands for each k-point:
     k-point:     1    nbnd_occ=  42
     k-point:     2    nbnd_occ=  42
     k-point:     3    nbnd_occ=  42
     k-point:     4    nbnd_occ=  42
     k-point:     5    nbnd_occ=  42
     k-point:     6    nbnd_occ=  42
     k-point:     7    nbnd_occ=  42
     k-point:     8    nbnd_occ=  42
     k-point:     9    nbnd_occ=  42
     k-point:    10    nbnd_occ=  42
     k-point:    11    nbnd_occ=  42
     k-point:    12    nbnd_occ=  42
     k-point:    13    nbnd_occ=  42
     k-point:    14    nbnd_occ=  42
     k-point:    15    nbnd_occ=  42
     k-point:    16    nbnd_occ=  42


     q-space interpolation up to   110.00 Rydberg

     GIPAW job: efg                                                                             


     ELECTRIC FIELD GRADIENTS TENSORS IN Hartree/bohrradius^2:

     ----- bare term -----
     Cl   1       -0.094064       -0.004742       -0.009681
     Cl   1       -0.004742       -0.087540       -0.003252
     Cl   1       -0.009681       -0.003252        0.181604

     C    2        0.017487        0.426016        0.053336
     C    2        0.426016       -0.496582       -0.419228
     C    2        0.053336       -0.419228        0.479094

     C    3       -0.387992        0.350555       -0.321462
     C    3        0.350555        0.083118       -0.392643
     C    3       -0.321462       -0.392643        0.304874

     H    4       -0.265837       -0.551437       -0.129756
     H    4       -0.551437       -0.119619        0.039324
     H    4       -0.129756        0.039324        0.385456

     C    5       -0.404143        0.240101       -0.385972
     C    5        0.240101       -0.131256       -0.364149
     C    5       -0.385972       -0.364149        0.535399

     H    6        0.494307       -0.132621       -0.015453
     H    6       -0.132621       -0.693204        0.025520
     H    6       -0.015453        0.025520        0.198897

     H    7        0.399594        0.138913       -0.051235
     H    7        0.138913       -0.621767        0.443497
     H    7       -0.051235        0.443497        0.222173

     C    8       -0.190627       -0.324381       -0.234291
     C    8       -0.324381       -0.153269        0.451657
     C    8       -0.234291        0.451657        0.343897

     H    9       -0.347294        0.527759        0.030603
     H    9        0.527759        0.034666       -0.127812
     H    9        0.030603       -0.127812        0.312628

     C   10       -0.402161       -0.377628       -0.348107
     C   10       -0.377628        0.100511        0.375489
     C   10       -0.348107        0.375489        0.301650

     C   11       -0.055091       -0.192824       -0.212180
     C   11       -0.192824       -0.264160        0.502400
     C   11       -0.212180        0.502400        0.319251

     Cl  12        0.013886       -0.164549       -0.071297
     Cl  12       -0.164549        0.083455        0.066300
     Cl  12       -0.071297        0.066300       -0.097341

     H   13        0.420431        0.096106       -0.159343
     H   13        0.096106       -0.656480        0.132005
     H   13       -0.159343        0.132005        0.236049

     C   14       -0.304293       -0.262967       -0.293373
     C   14       -0.262967       -0.053382       -0.490085
     C   14       -0.293373       -0.490085        0.357675

     H   15       -0.189433       -0.284243       -0.398477
     H   15       -0.284243       -0.192756       -0.139396
     H   15       -0.398477       -0.139396        0.382190

     C   16       -0.322612        0.355331        0.004523
     C   16        0.355331       -0.117363       -0.470033
     C   16        0.004523       -0.470033        0.439976

     C   17       -0.032167       -0.189381       -0.417774
     C   17       -0.189381       -0.142137       -0.585986
     C   17       -0.417774       -0.585986        0.174304

     Cl  18       -0.141021        0.211871        0.048074
     Cl  18        0.211871        0.050855        0.111215
     Cl  18        0.048074        0.111215        0.090166

     H   19        0.325715        0.273997        0.093437
     H   19        0.273997       -0.553511        0.234911
     H   19        0.093437        0.234911        0.227796

     C   20       -0.624105       -0.109792       -0.346221
     C   20       -0.109792       -0.024799        0.288620
     C   20       -0.346221        0.288620        0.648904

     H   21       -0.437209        0.408274       -0.085539
     H   21        0.408274        0.293175       -0.027181
     H   21       -0.085539       -0.027181        0.144033

     C   22       -0.098596       -0.275326       -0.088630
     C   22       -0.275326       -0.550498        0.452251
     C   22       -0.088630        0.452251        0.649094

     C   23       -0.487588       -0.149133       -0.374713
     C   23       -0.149133        0.017630        0.277601
     C   23       -0.374713        0.277601        0.469959

     Cl  24        0.021072        0.066543       -0.033409
     Cl  24        0.066543        0.005919       -0.005891
     Cl  24       -0.033409       -0.005891       -0.026991

     ----- ionic term -----
     Cl   1        0.125493       -0.216201        0.047440
     Cl   1       -0.216201        0.038612       -0.032035
     Cl   1        0.047440       -0.032035       -0.164104

     C    2        0.153833       -0.142345        0.278908
     C    2       -0.142345        0.314768        0.265606
     C    2        0.278908        0.265606       -0.468601

     C    3        0.236514       -0.190778        0.194078
     C    3       -0.190778        0.279199        0.261144
     C    3        0.194078        0.261144       -0.515713

     H    4        0.592840        0.478470        0.557710
     H    4        0.478470       -0.271911        0.274523
     H    4        0.557710        0.274523       -0.320929

     C    5        0.380766       -0.110682        0.238860
     C    5       -0.110682        0.120164        0.257339
     C    5        0.238860        0.257339       -0.500930

     H    6       -0.515589        0.012322       -0.006385
     H    6        0.012322        0.810814        0.586726
     H    6       -0.006385        0.586726       -0.295225

     H    7       -0.513657       -0.037898        0.033892
     H    7       -0.037898        0.677084       -0.688996
     H    7        0.033892       -0.688996       -0.163427

     C    8        0.357285        0.161792        0.185823
     C    8        0.161792        0.051296       -0.297512
     C    8        0.185823       -0.297512       -0.408581

     H    9        0.742749       -0.505708        0.356766
     H    9       -0.505708       -0.296939       -0.197511
     H    9        0.356766       -0.197511       -0.445811

     C   10        0.251849        0.152247        0.088898
     C   10        0.152247        0.200655       -0.325821
     C   10        0.088898       -0.325821       -0.452504

     C   11        0.331333        0.073097        0.194020
     C   11        0.073097        0.106553       -0.342454
     C   11        0.194020       -0.342454       -0.437886

     Cl  12        0.162943        0.188143       -0.028608
     Cl  12        0.188143       -0.016346       -0.014077
     Cl  12       -0.028608       -0.014077       -0.146596

     H   13       -0.516163        0.093612        0.061527
     H   13        0.093612        0.926979        0.456930
     H   13        0.061527        0.456930       -0.410816

     C   14        0.271569       -0.124882        0.277767
     C   14       -0.124882        0.165512        0.231920
     C   14        0.277767        0.231920       -0.437081

     H   15        0.539257        0.402592        0.636446
     H   15        0.402592       -0.314087        0.306385
     H   15        0.636446        0.306385       -0.225170

     C   16        0.161699       -0.203536        0.210428
     C   16       -0.203536        0.252215        0.341334
     C   16        0.210428        0.341334       -0.413914

     C   17        0.296852       -0.037977        0.252127
     C   17       -0.037977        0.155515        0.353577
     C   17        0.252127        0.353577       -0.452366

     Cl  18        0.196686       -0.173639        0.040651
     Cl  18       -0.173639       -0.045555       -0.013888
     Cl  18        0.040651       -0.013888       -0.151132

     H   19       -0.464734       -0.237966        0.135155
     H   19       -0.237966        0.652335       -0.660284
     H   19        0.135155       -0.660284       -0.187601

     C   20        0.350664        0.056923        0.238073
     C   20        0.056923        0.070498       -0.293693
     C   20        0.238073       -0.293693       -0.421162

     H   21        0.617442       -0.440818        0.566289
     H   21       -0.440818       -0.310479       -0.281077
     H   21        0.566289       -0.281077       -0.306963

     C   22        0.142844        0.174685        0.148028
     C   22        0.174685        0.277619       -0.374745
     C   22        0.148028       -0.374745       -0.420463

     C   23        0.253410        0.157651        0.228562
     C   23        0.157651        0.186639       -0.336512
     C   23        0.228562       -0.336512       -0.440049

     Cl  24        0.156840        0.225629        0.021054
     Cl  24        0.225629        0.009392        0.010210
     Cl  24        0.021054        0.010210       -0.166232

     ----- GIPAW term -----
     Cl   1       -0.377268       -1.860433        0.666780
     Cl   1       -1.860433       -1.361525       -0.561291
     Cl   1        0.666780       -0.561291        1.738793

     C    2        0.107640        0.020162        0.184622
     C    2        0.020162       -0.174598        0.004205
     C    2        0.184622        0.004205        0.066958

     C    3       -0.110166        0.167626       -0.136418
     C    3        0.167626        0.135501       -0.154296
     C    3       -0.136418       -0.154296       -0.025334

     H    4       -0.000000        0.000000        0.000000
     H    4        0.000000        0.000000        0.000000
     H    4        0.000000        0.000000        0.000000

     C    5       -0.105040        0.080162       -0.148468
     C    5        0.080162       -0.083218       -0.163253
     C    5       -0.148468       -0.163253        0.188259

     H    6       -0.000000        0.000000        0.000000
     H    6        0.000000        0.000000        0.000000
     H    6        0.000000        0.000000        0.000000

     H    7       -0.000000        0.000000        0.000000
     H    7        0.000000        0.000000        0.000000
     H    7        0.000000        0.000000        0.000000

     C    8       -0.014379       -0.127517       -0.022541
     C    8       -0.127517        0.021662        0.095202
     C    8       -0.022541        0.095202       -0.007283

     H    9       -0.000000        0.000000        0.000000
     H    9        0.000000        0.000000        0.000000
     H    9        0.000000        0.000000        0.000000

     C   10       -0.099467       -0.178538       -0.123407
     C   10       -0.178538        0.145308        0.108448
     C   10       -0.123407        0.108448       -0.045842

     C   11        0.089178        0.058569        0.007233
     C   11        0.058569       -0.050751        0.046469
     C   11        0.007233        0.046469       -0.038426

     Cl  12        1.581439        0.427526       -0.715724
     Cl  12        0.427526        0.701142        0.623193
     Cl  12       -0.715724        0.623193       -2.282581

     H   13       -0.000000        0.000000        0.000000
     H   13        0.000000        0.000000        0.000000
     H   13        0.000000        0.000000        0.000000

     C   14       -0.002392       -0.162963        0.119845
     C   14       -0.162963       -0.060749       -0.182777
     C   14        0.119845       -0.182777        0.063141

     H   15       -0.000000        0.000000        0.000000
     H   15        0.000000        0.000000        0.000000
     H   15        0.000000        0.000000        0.000000

     C   16       -0.067495       -0.078273        0.089758
     C   16       -0.078273        0.061436       -0.152166
     C   16        0.089758       -0.152166        0.006058

     C   17        0.076362       -0.219951       -0.088066
     C   17       -0.219951        0.020680       -0.068865
     C   17       -0.088066       -0.068865       -0.097042

     Cl  18       -0.165558        0.049104        0.924751
     Cl  18        0.049104        1.033957        1.968718
     Cl  18        0.924751        1.968718       -0.868399

     H   19       -0.000000        0.000000        0.000000
     H   19        0.000000        0.000000        0.000000
     H   19        0.000000        0.000000        0.000000

     C   20       -0.184841       -0.002090       -0.001883
     C   20       -0.002090       -0.100131        0.070887
     C   20       -0.001883        0.070887        0.284972

     H   21       -0.000000        0.000000        0.000000
     H   21        0.000000        0.000000        0.000000
     H   21        0.000000        0.000000        0.000000

     C   22       -0.120523       -0.028709       -0.016151
     C   22       -0.028709       -0.189957        0.019089
     C   22       -0.016151        0.019089        0.310480

     C   23       -0.077365        0.107401       -0.090311
     C   23        0.107401        0.001569       -0.054315
     C   23       -0.090311       -0.054315        0.075796

     Cl  24        1.522268        2.648373       -0.264649
     Cl  24        2.648373        0.130014       -0.032174
     Cl  24       -0.264649       -0.032174       -1.652282

     ----- total EFG -----
     Cl   1       -0.345840       -2.081375        0.704539
     Cl   1       -2.081375       -1.410452       -0.596579
     Cl   1        0.704539       -0.596579        1.756292

     C    2        0.278960        0.303833        0.516867
     C    2        0.303833       -0.356412       -0.149416
     C    2        0.516867       -0.149416        0.077452

     C    3       -0.261644        0.327402       -0.263802
     C    3        0.327402        0.497818       -0.285795
     C    3       -0.263802       -0.285795       -0.236174

     H    4        0.327002       -0.072968        0.427954
     H    4       -0.072968       -0.391530        0.313848
     H    4        0.427954        0.313848        0.064527

     C    5       -0.128417        0.209582       -0.295581
     C    5        0.209582       -0.094310       -0.270063
     C    5       -0.295581       -0.270063        0.222727

     H    6       -0.021282       -0.120299       -0.021837
     H    6       -0.120299        0.117611        0.612246
     H    6       -0.021837        0.612246       -0.096328

     H    7       -0.114063        0.101015       -0.017343
     H    7        0.101015        0.055317       -0.245499
     H    7       -0.017343       -0.245499        0.058746

     C    8        0.152279       -0.290106       -0.071009
     C    8       -0.290106       -0.080311        0.249347
     C    8       -0.071009        0.249347       -0.071968

     H    9        0.395455        0.022051        0.387369
     H    9        0.022051       -0.262272       -0.325323
     H    9        0.387369       -0.325323       -0.133183

     C   10       -0.249779       -0.403919       -0.382615
     C   10       -0.403919        0.446475        0.158116
     C   10       -0.382615        0.158116       -0.196696

     C   11        0.365419       -0.061158       -0.010927
     C   11       -0.061158       -0.208358        0.206415
     C   11       -0.010927        0.206415       -0.157062

     Cl  12        1.758268        0.451120       -0.815628
     Cl  12        0.451120        0.768251        0.675416
     Cl  12       -0.815628        0.675416       -2.526518

     H   13       -0.095731        0.189718       -0.097816
     H   13        0.189718        0.270499        0.588935
     H   13       -0.097816        0.588935       -0.174768

     C   14       -0.035116       -0.550812        0.104239
     C   14       -0.550812        0.051380       -0.440942
     C   14        0.104239       -0.440942       -0.016265

     H   15        0.349824        0.118349        0.237969
     H   15        0.118349       -0.506844        0.166990
     H   15        0.237969        0.166990        0.157020

     C   16       -0.228408        0.073521        0.304709
     C   16        0.073521        0.196288       -0.280865
     C   16        0.304709       -0.280865        0.032120

     C   17        0.341047       -0.447309       -0.253713
     C   17       -0.447309        0.034057       -0.301274
     C   17       -0.253713       -0.301274       -0.375104

     Cl  18       -0.109893        0.087336        1.013475
     Cl  18        0.087336        1.039257        2.066046
     Cl  18        1.013475        2.066046       -0.929364

     H   19       -0.139019        0.036031        0.228592
     H   19        0.036031        0.098824       -0.425373
     H   19        0.228592       -0.425373        0.040195

     C   20       -0.458282       -0.054959       -0.110030
     C   20       -0.054959       -0.054432        0.065815
     C   20       -0.110030        0.065815        0.512714

     H   21        0.180233       -0.032544        0.480750
     H   21       -0.032544       -0.017304       -0.308258
     H   21        0.480750       -0.308258       -0.162929

     C   22       -0.076275       -0.129351        0.043247
     C   22       -0.129351       -0.462836        0.096595
     C   22        0.043247        0.096595        0.539111

     C   23       -0.311543        0.115919       -0.236462
     C   23        0.115919        0.205838       -0.113227
     C   23       -0.236462       -0.113227        0.105705

     Cl  24        1.700179        2.940546       -0.277004
     Cl  24        2.940546        0.145326       -0.027855
     Cl  24       -0.277004       -0.027855       -1.845505

     ----- total EFG (symmetrized) -----
     Cl   1       -0.345840       -2.081375        0.704539
     Cl   1       -2.081375       -1.410452       -0.596579
     Cl   1        0.704539       -0.596579        1.756292

     C    2        0.278960        0.303833        0.516867
     C    2        0.303833       -0.356412       -0.149416
     C    2        0.516867       -0.149416        0.077452

     C    3       -0.261644        0.327402       -0.263802
     C    3        0.327402        0.497818       -0.285795
     C    3       -0.263802       -0.285795       -0.236174

     H    4        0.327002       -0.072968        0.427954
     H    4       -0.072968       -0.391530        0.313848
     H    4        0.427954        0.313848        0.064527

     C    5       -0.128417        0.209582       -0.295581
     C    5        0.209582       -0.094310       -0.270063
     C    5       -0.295581       -0.270063        0.222727

     H    6       -0.021282       -0.120299       -0.021837
     H    6       -0.120299        0.117611        0.612246
     H    6       -0.021837        0.612246       -0.096328

     H    7       -0.114063        0.101015       -0.017343
     H    7        0.101015        0.055317       -0.245499
     H    7       -0.017343       -0.245499        0.058746

     C    8        0.152279       -0.290106       -0.071009
     C    8       -0.290106       -0.080311        0.249347
     C    8       -0.071009        0.249347       -0.071968

     H    9        0.395455        0.022051        0.387369
     H    9        0.022051       -0.262272       -0.325323
     H    9        0.387369       -0.325323       -0.133183

     C   10       -0.249779       -0.403919       -0.382615
     C   10       -0.403919        0.446475        0.158116
     C   10       -0.382615        0.158116       -0.196696

     C   11        0.365419       -0.061158       -0.010927
     C   11       -0.061158       -0.208358        0.206415
     C   11       -0.010927        0.206415       -0.157062

     Cl  12        1.758268        0.451120       -0.815628
     Cl  12        0.451120        0.768251        0.675416
     Cl  12       -0.815628        0.675416       -2.526518

     H   13       -0.095731        0.189718       -0.097816
     H   13        0.189718        0.270499        0.588935
     H   13       -0.097816        0.588935       -0.174768

     C   14       -0.035116       -0.550812        0.104239
     C   14       -0.550812        0.051380       -0.440942
     C   14        0.104239       -0.440942       -0.016265

     H   15        0.349824        0.118349        0.237969
     H   15        0.118349       -0.506844        0.166990
     H   15        0.237969        0.166990        0.157020

     C   16       -0.228408        0.073521        0.304709
     C   16        0.073521        0.196288       -0.280865
     C   16        0.304709       -0.280865        0.032120

     C   17        0.341047       -0.447309       -0.253713
     C   17       -0.447309        0.034057       -0.301274
     C   17       -0.253713       -0.301274       -0.375104

     Cl  18       -0.109893        0.087336        1.013475
     Cl  18        0.087336        1.039257        2.066046
     Cl  18        1.013475        2.066046       -0.929364

     H   19       -0.139019        0.036031        0.228592
     H   19        0.036031        0.098824       -0.425373
     H   19        0.228592       -0.425373        0.040195

     C   20       -0.458282       -0.054959       -0.110030
     C   20       -0.054959       -0.054432        0.065815
     C   20       -0.110030        0.065815        0.512714

     H   21        0.180233       -0.032544        0.480750
     H   21       -0.032544       -0.017304       -0.308258
     H   21        0.480750       -0.308258       -0.162929

     C   22       -0.076275       -0.129351        0.043247
     C   22       -0.129351       -0.462836        0.096595
     C   22        0.043247        0.096595        0.539111

     C   23       -0.311543        0.115919       -0.236462
     C   23        0.115919        0.205838       -0.113227
     C   23       -0.236462       -0.113227        0.105705

     Cl  24        1.700179        2.940546       -0.277004
     Cl  24        2.940546        0.145326       -0.027855
     Cl  24       -0.277004       -0.027855       -1.845505


     NQR/NMR SPECTROSCOPIC PARAMETERS:
     Cl   1    Vxx=    0.5596    axis=( -0.629763  0.480540  0.610311)
     Cl   1    Vyy=    2.4673    axis=(  0.478629 -0.378770  0.792116)
     Cl   1    Vzz=   -3.0268    axis=( -0.611811 -0.790958 -0.008535)
     Cl   1  Q=        -8.1650 1e-30 m^2  Cq=        58.0685 MHz  eta= 0.63026

     C    2    Vxx=   -0.0562    axis=( -0.361555 -0.682223  0.635491)
     C    2    Vyy=   -0.6682    axis=(  0.496580 -0.717787 -0.488047)
     C    2    Vzz=    0.7244    axis=(  0.789105  0.139116  0.598298)
     C    2  Q=         1.0000 1e-30 m^2  Cq=         1.7021 MHz  eta= 0.84481

     C    3    Vxx=   -0.2375    axis=(  0.541449 -0.502929 -0.673718)
     C    3    Vyy=   -0.5154    axis=(  0.755635 -0.060198  0.652221)
     C    3    Vzz=    0.7529    axis=(  0.368577  0.862229 -0.347437)
     C    3  Q=         1.0000 1e-30 m^2  Cq=         1.7691 MHz  eta= 0.36911

     H    4    Vxx=   -0.0270    axis=( -0.562341  0.601275  0.567664)
     H    4    Vyy=   -0.6335    axis=(  0.299529  0.787986 -0.537922)
     H    4    Vzz=    0.6605    axis=( -0.770750 -0.132463 -0.623216)
     H    4  Q=         1.0000 1e-30 m^2  Cq=         1.5519 MHz  eta= 0.91829

     C    5    Vxx=   -0.2370    axis=(  0.316043  0.715264  0.623309)
     C    5    Vyy=   -0.3282    axis=( -0.828667  0.528022 -0.185752)
     C    5    Vzz=    0.5653    axis=( -0.461983 -0.457810  0.759593)
     C    5  Q=         1.0000 1e-30 m^2  Cq=         1.3282 MHz  eta= 0.16129

     H    6    Vxx=   -0.0319    axis=(  0.982219  0.053960  0.179818)
     H    6    Vyy=   -0.6172    axis=(  0.102848  0.646639 -0.755831)
     H    6    Vzz=    0.6490    axis=( -0.157061  0.760886  0.629591)
     H    6  Q=         1.0000 1e-30 m^2  Cq=         1.5250 MHz  eta= 0.90174

     H    7    Vxx=   -0.0942    axis=(  0.832854  0.249024  0.494309)
     H    7    Vyy=   -0.2247    axis=(  0.519025 -0.661609 -0.541191)
     H    7    Vzz=    0.3189    axis=( -0.192270 -0.707291  0.680273)
     H    7  Q=         1.0000 1e-30 m^2  Cq=         0.7493 MHz  eta= 0.40951

     C    8    Vxx=   -0.0490    axis=(  0.616679  0.244642  0.748237)
     C    8    Vyy=   -0.3842    axis=( -0.345413 -0.770012  0.536443)
     C    8    Vzz=    0.4331    axis=( -0.707388  0.589263  0.390348)
     C    8  Q=         1.0000 1e-30 m^2  Cq=         1.0177 MHz  eta= 0.77390

     H    9    Vxx=   -0.0154    axis=(  0.451173  0.725399 -0.519845)
     H    9    Vyy=   -0.6068    axis=( -0.280912  0.668326  0.688788)
     H    9    Vzz=    0.6222    axis=(  0.847072 -0.164732  0.505304)
     H    9  Q=         1.0000 1e-30 m^2  Cq=         1.4620 MHz  eta= 0.95044

     C   10    Vxx=   -0.0919    axis=( -0.420962 -0.531655  0.734938)
     C   10    Vyy=   -0.6457    axis=( -0.779433 -0.202422 -0.592882)
     C   10    Vzz=    0.7376    axis=( -0.463976  0.822416  0.329178)
     C   10  Q=         1.0000 1e-30 m^2  Cq=         1.7332 MHz  eta= 0.75077

     C   11    Vxx=    0.0185    axis=(  0.137546  0.646006  0.750838)
     C   11    Vyy=    0.3742    axis=( -0.989170  0.128796  0.070393)
     C   11    Vzz=   -0.3927    axis=( -0.051231 -0.752388  0.656725)
     C   11  Q=         1.0000 1e-30 m^2  Cq=        -0.9227 MHz  eta= 0.90562

     Cl  12    Vxx=    0.8309    axis=( -0.239464  0.938945  0.247061)
     Cl  12    Vyy=    2.0011    axis=(  0.951999  0.277045 -0.130170)
     Cl  12    Vzz=   -2.8320    axis=(  0.190670 -0.204031  0.960217)
     Cl  12  Q=        -8.1650 1e-30 m^2  Cq=        54.3303 MHz  eta= 0.41319

     H   13    Vxx=   -0.0438    axis=(  0.935781  0.079008 -0.343614)
     H   13    Vyy=   -0.6470    axis=( -0.327236  0.557440 -0.763005)
     H   13    Vzz=    0.6908    axis=(  0.131261  0.826449  0.547497)
     H   13  Q=         1.0000 1e-30 m^2  Cq=         1.6231 MHz  eta= 0.87320

     C   14    Vxx=   -0.1249    axis=(  0.614647 -0.048749 -0.787294)
     C   14    Vyy=   -0.6440    axis=( -0.574510 -0.711582 -0.404463)
     C   14    Vzz=    0.7689    axis=( -0.540507  0.700910 -0.465378)
     C   14  Q=         1.0000 1e-30 m^2  Cq=         1.8066 MHz  eta= 0.67500

     H   15    Vxx=    0.0056    axis=( -0.592560  0.122584  0.796144)
     H   15    Vyy=    0.5453    axis=(  0.802122  0.180561  0.569208)
     H   15    Vzz=   -0.5509    axis=( -0.073976  0.975895 -0.205320)
     H   15  Q=         1.0000 1e-30 m^2  Cq=        -1.2945 MHz  eta= 0.97962

     C   16    Vxx=    0.0659    axis=( -0.629791 -0.628375 -0.456626)
     C   16    Vyy=    0.4358    axis=( -0.226688  0.710951 -0.665704)
     C   16    Vzz=   -0.5017    axis=( -0.742951  0.315743  0.590195)
     C   16  Q=         1.0000 1e-30 m^2  Cq=        -1.1788 MHz  eta= 0.73739

     C   17    Vxx=    0.0642    axis=(  0.405283  0.627769 -0.664569)
     C   17    Vyy=    0.6616    axis=( -0.821845  0.568579  0.035897)
     C   17    Vzz=   -0.7258    axis=(  0.400395  0.531624  0.746364)
     C   17  Q=         1.0000 1e-30 m^2  Cq=        -1.7053 MHz  eta= 0.82306

     Cl  18    Vxx=    0.0190    axis=(  0.913103 -0.379587  0.148848)
     Cl  18    Vyy=    2.4967    axis=(  0.241557  0.797729  0.552520)
     Cl  18    Vzz=   -2.5157    axis=( -0.328470 -0.468553  0.820101)
     Cl  18  Q=        -8.1650 1e-30 m^2  Cq=        48.2622 MHz  eta= 0.98489

     H   19    Vxx=   -0.0500    axis=( -0.831399 -0.498760 -0.244979)
     H   19    Vyy=   -0.4729    axis=( -0.516719  0.531758  0.670996)
     H   19    Vzz=    0.5230    axis=( -0.204397  0.684451 -0.699821)
     H   19  Q=         1.0000 1e-30 m^2  Cq=         1.2288 MHz  eta= 0.80861

     C   20    Vxx=   -0.0578    axis=( -0.098841  0.986198 -0.132833)
     C   20    Vyy=   -0.4760    axis=( -0.988313 -0.112856 -0.102476)
     C   20    Vzz=    0.5338    axis=( -0.116053  0.121152  0.985826)
     C   20  Q=         1.0000 1e-30 m^2  Cq=         1.2541 MHz  eta= 0.78347

     H   21    Vxx=    0.0078    axis=(  0.504346  0.854698 -0.122987)
     H   21    Vyy=    0.5934    axis=( -0.724195  0.341097 -0.599329)
     H   21    Vzz=   -0.6013    axis=( -0.470295  0.391335  0.790999)
     H   21  Q=         1.0000 1e-30 m^2  Cq=        -1.4127 MHz  eta= 0.97389

     C   22    Vxx=   -0.0373    axis=(  0.955132 -0.295351 -0.022167)
     C   22    Vyy=   -0.5126    axis=(  0.291855  0.951286 -0.099372)
     C   22    Vzz=    0.5499    axis=(  0.050437  0.088444  0.994803)
     C   22  Q=         1.0000 1e-30 m^2  Cq=         1.2920 MHz  eta= 0.86441

     C   23    Vxx=    0.0619    axis=( -0.211182  0.703648  0.678441)
     C   23    Vyy=    0.3623    axis=( -0.340015 -0.703630  0.623935)
     C   23    Vzz=   -0.4241    axis=( -0.916402  0.098916 -0.387844)
     C   23  Q=         1.0000 1e-30 m^2  Cq=        -0.9965 MHz  eta= 0.70822

     Cl  24    Vxx=   -1.7896    axis=( -0.218767  0.345593  0.912527)
     Cl  24    Vyy=   -2.1843    axis=(  0.569589 -0.714091  0.406993)
     Cl  24    Vzz=    3.9739    axis=( -0.792281 -0.608802  0.040626)
     Cl  24  Q=        -8.1650 1e-30 m^2  Cq=       -76.2381 MHz  eta= 0.09931

     Initialization:
     gipaw_setup  :      9.26s CPU     10.89s WALL (       1 calls)

     Linear response

     Apply operators

     Induced current

     Other routines
     efg          :      9.39s CPU     11.85s WALL (       1 calls)

     General routines
     calbec       :      3.29s CPU      4.35s WALL (      16 calls)
     fft          :      1.73s CPU      3.04s WALL (      15 calls)
     ffts         :      0.03s CPU      0.03s WALL (       2 calls)
     fftw         :      3.31s CPU      4.04s WALL (     672 calls)
     davcio       :      0.04s CPU      0.32s WALL (      32 calls)

     Parallel routines
     fft_scatter  :      2.46s CPU      4.15s WALL (     689 calls)

     Plugins

     GIPAW        :     61.20s CPU     73.51s WALL (       1 calls)
