
     Program QE v.6.0 (svn rev. 13079) starts on 11Jan2017 at 12:59:56 

     This program is part of the open-source Quantum ESPRESSO suite
     for quantum simulation of materials; please cite
         "P. Giannozzi et al., J. Phys.:Condens. Matter 21 395502 (2009);
          URL http://www.quantum-espresso.org", 
     in publications or presentations arising from this work. More details at
     http://www.quantum-espresso.org/quote

     Parallel version (MPI), running on     8 processors
     R & G space division:  proc/nbgrp/npool/nimage =       8

     ***** This is GIPAW svn revision unknown      *****

     Parallelizing q-star over 1 images

     Reading data from directory:
     /users/majewski/paradichlorobenzene/pbe/9_constraint/scratch/pbe.ecut100.np8.dt60.pcl2phi-129368.save
     Message from routine read_xml_file:
     file /users/majewski/paradichlorobenzene/pbe/9_constraint/scratch/pbe.ecut100.np8.dt60.pcl2phi-129368.save not guaranteed to be safe for post-processing

   Info: using nr1, nr2, nr3 values from input

   Info: using nr1, nr2, nr3 values from input

     IMPORTANT: XC functional enforced from input :
     Exchange-correlation      =  SLA  PW   PBX  PBC ( 1  4  3  4 0 0)
     Any further DFT definition will be discarded
     Please, verify this is what you really want

               file C.pbe-n-kjpaw_psl.1.0.0.UPF: wavefunction(s)  2S 2P renormalized
               file Cl.pbe-n-kjpaw_psl.1.0.0.UPF: wavefunction(s)  3S 3P renormalized
               file H.pbe-kjpaw_psl.1.0.0.UPF: wavefunction(s)  1S renormalized

     Parallelization info
     --------------------
     sticks:   dense  smooth     PW     G-vecs:    dense   smooth      PW
     Min        3057    1223    332               144436    36536    5170
     Max        3059    1225    333               144437    36537    5171
     Sum       24467    9791   2657              1155489   292295   41363


     Subspace diagonalization in iterative solution of the eigenvalue problem:
     a serial algorithm will be used

     GIPAW projectors -----------------------------------------------
     atom=  C    l=0  rc=    1.2000  rs=    0.8000
     atom=  C    l=0  rc=    1.2000  rs=    0.8000
     atom=  C    l=1  rc=    1.4000  rs=    0.9333
     atom=  C    l=1  rc=    1.4000  rs=    0.9333
     projs nearly linearly dependent: l=1  n1,n2= 1, 2  s=  0.99951561

     atom=  Cl   l=0  rc=    1.6000  rs=    1.0667
     atom=  Cl   l=0  rc=    1.6000  rs=    1.0667
     atom=  Cl   l=1  rc=    1.6000  rs=    1.0667
     atom=  Cl   l=1  rc=    1.6000  rs=    1.0667
     atom=  Cl   l=2  rc=    1.6000  rs=    1.0667
     atom=  Cl   l=2  rc=    1.6000  rs=    1.0667
     projs nearly linearly dependent: l=2  n1,n2= 1, 2  s=  0.99993509

     atom=  H    l=0  rc=    1.0000  rs=    0.6667
     atom=  H    l=0  rc=    1.0000  rs=    0.6667
     projs nearly linearly dependent: l=0  n1,n2= 1, 2  s=  0.99968852
     -----------------------------------------------------------------

     GIPAW integrals: -------------------------------------------
     Atom  i/j   nmr_para   nmr_dia   epr_rmc  epr_para   epr_dia
       C   1 1   0.83E+03  0.17E-01  0.93E+01  0.24E+08  0.24E+03
       C   2 1   0.86E+03 -0.61E-01  0.94E+01  0.25E+08  0.25E+03
       C   2 2   0.90E+03 -0.15E+00  0.97E+01  0.26E+08  0.26E+03
       C   3 3   0.33E+01  0.34E+00  0.18E+01  0.55E+03  0.21E+02
       C   4 3   0.35E+01  0.37E+00  0.20E+01  0.59E+03  0.22E+02
       C   4 4   0.38E+01  0.39E+00  0.22E+01  0.63E+03  0.24E+02
       Cl  1 1   0.14E+04 -0.47E+00  0.84E+01  0.32E+09  0.42E+03
       Cl  2 1   0.21E+04 -0.37E+00  0.12E+02  0.49E+09  0.65E+03
       Cl  2 2   0.33E+04 -0.16E+00  0.21E+02  0.76E+09  0.10E+04
       Cl  3 3   0.21E+02  0.79E-01  0.89E+01  0.23E+05  0.13E+03
       Cl  4 3   0.24E+02  0.67E-01  0.99E+01  0.27E+05  0.15E+03
       Cl  4 4   0.28E+02  0.44E-01  0.11E+02  0.32E+05  0.18E+03
       Cl  5 5   0.77E+00  0.19E+00  0.18E+01  0.12E+03  0.22E+02
       Cl  6 5   0.80E+00  0.19E+00  0.19E+01  0.12E+03  0.23E+02
       Cl  6 6   0.83E+00  0.20E+00  0.19E+01  0.12E+03  0.23E+02
       H   1 1   0.39E+02  0.19E+00  0.29E+00  0.78E+05  0.13E+02
       H   2 1   0.41E+02  0.21E+00  0.32E+00  0.82E+05  0.14E+02
       H   2 2   0.43E+02  0.22E+00  0.36E+00  0.86E+05  0.15E+02
     ------------------------------------------------------------

     alpha_pv=     34.3006 eV

     Number of occupied bands for each k-point:
     k-point:     1    nbnd_occ=  42
     k-point:     2    nbnd_occ=  42
     k-point:     3    nbnd_occ=  42
     k-point:     4    nbnd_occ=  42
     k-point:     5    nbnd_occ=  42
     k-point:     6    nbnd_occ=  42
     k-point:     7    nbnd_occ=  42
     k-point:     8    nbnd_occ=  42
     k-point:     9    nbnd_occ=  42
     k-point:    10    nbnd_occ=  42
     k-point:    11    nbnd_occ=  42
     k-point:    12    nbnd_occ=  42
     k-point:    13    nbnd_occ=  42
     k-point:    14    nbnd_occ=  42
     k-point:    15    nbnd_occ=  42
     k-point:    16    nbnd_occ=  42


     q-space interpolation up to   110.00 Rydberg

     GIPAW job: efg                                                                             


     ELECTRIC FIELD GRADIENTS TENSORS IN Hartree/bohrradius^2:

     ----- bare term -----
     Cl   1        0.030940       -0.044818        0.110518
     Cl   1       -0.044818       -0.034523        0.205060
     Cl   1        0.110518        0.205060        0.003583

     C    2       -0.391698        0.235721       -0.385389
     C    2        0.235721        0.090887       -0.409196
     C    2       -0.385389       -0.409196        0.300811

     C    3       -0.023386        0.345910       -0.153002
     C    3        0.345910       -0.199503       -0.592385
     C    3       -0.153002       -0.592385        0.222889

     H    4       -0.018372       -0.157227       -0.373343
     H    4       -0.157227        0.412156        0.096453
     H    4       -0.373343        0.096453       -0.393784

     C    5       -0.802337        0.241044       -0.380278
     C    5        0.241044        0.158566       -0.066537
     C    5       -0.380278       -0.066537        0.643771

     H    6        0.288695       -0.008457       -0.088547
     H    6       -0.008457       -0.480930       -0.579485
     H    6       -0.088547       -0.579485        0.192235

     H    7        0.279244        0.316140        0.114992
     H    7        0.316140       -0.535159       -0.229026
     H    7        0.114992       -0.229026        0.255915

     C    8       -0.138963       -0.069024       -0.183088
     C    8       -0.069024       -0.089365        0.311677
     C    8       -0.183088        0.311677        0.228328

     H    9       -0.202054        0.281092        0.187059
     H    9        0.281092        0.046311       -0.135842
     H    9        0.187059       -0.135842        0.155743

     C   10        0.123165       -0.018432        0.234889
     C   10       -0.018432       -0.089124       -0.117593
     C   10        0.234889       -0.117593       -0.034041

     C   11       -0.303387        0.199394       -0.242609
     C   11        0.199394       -0.039813        0.529010
     C   11       -0.242609        0.529010        0.343200

     Cl  12        0.025643       -0.248091       -0.055193
     Cl  12       -0.248091        0.115350       -0.168319
     Cl  12       -0.055193       -0.168319       -0.140993

     H   13        0.134880        0.241696        0.187340
     H   13        0.241696       -0.278610       -0.524394
     H   13        0.187340       -0.524394        0.143730

     C   14       -0.200126        0.044957       -0.428146
     C   14        0.044957       -0.205443       -0.394709
     C   14       -0.428146       -0.394709        0.405569

     H   15        0.139712       -0.086887       -0.287471
     H   15       -0.086887        0.463916       -0.147876
     H   15       -0.287471       -0.147876       -0.603628

     C   16       -0.348126        0.260898       -0.257243
     C   16        0.260898        0.017038       -0.104362
     C   16       -0.257243       -0.104362        0.331088

     C   17        0.022623        0.014018       -0.240850
     C   17        0.014018       -0.521498       -0.329849
     C   17       -0.240850       -0.329849        0.498876

     Cl  18       -0.159753        0.099340        0.048429
     Cl  18        0.099340       -0.072978        0.124427
     Cl  18        0.048429        0.124427        0.232731

     H   19        0.141874        0.364511        0.189712
     H   19        0.364511       -0.452009        0.200368
     H   19        0.189712        0.200368        0.310135

     C   20       -0.519272       -0.324604       -0.472842
     C   20       -0.324604       -0.032185        0.079994
     C   20       -0.472842        0.079994        0.551457

     H   21       -0.459655        0.316718        0.244012
     H   21        0.316718        0.311842       -0.013301
     H   21        0.244012       -0.013301        0.147813

     C   22        0.117660        0.023032       -0.028978
     C   22        0.023032       -0.432115        0.305861
     C   22       -0.028978        0.305861        0.314455

     C   23       -0.649192       -0.234946       -0.379945
     C   23       -0.234946        0.082890        0.117254
     C   23       -0.379945        0.117254        0.566302

     Cl  24       -0.050270        0.002398        0.020605
     Cl  24        0.002398       -0.020331        0.018096
     Cl  24        0.020605        0.018096        0.070601

     ----- ionic term -----
     Cl   1        0.095992       -0.219700        0.076126
     Cl   1       -0.219700        0.068703       -0.052785
     Cl   1        0.076126       -0.052785       -0.164695

     C    2       -0.001877       -0.255514        0.402991
     C    2       -0.255514        0.234909        0.337969
     C    2        0.402991        0.337969       -0.233031

     C    3       -0.037859       -0.249006        0.290485
     C    3       -0.249006        0.261476        0.368354
     C    3        0.290485        0.368354       -0.223617

     H    4        0.211460        0.214502        0.780722
     H    4        0.214502       -0.416308        0.282791
     H    4        0.780722        0.282791        0.204848

     C    5        0.183540       -0.194659        0.375307
     C    5       -0.194659        0.035066        0.270525
     C    5        0.375307        0.270525       -0.218606

     H    6       -0.509569       -0.009576       -0.016200
     H    6       -0.009576        0.531326        0.744707
     H    6       -0.016200        0.744707       -0.021757

     H    7       -0.484060       -0.318712        0.027743
     H    7       -0.318712        0.995763       -0.282353
     H    7        0.027743       -0.282353       -0.511702

     C    8        0.313000       -0.017685       -0.034428
     C    8       -0.017685        0.187176       -0.226895
     C    8       -0.034428       -0.226895       -0.500176

     H    9        0.838041       -0.535118        0.101294
     H    9       -0.535118       -0.239864       -0.085015
     H    9        0.101294       -0.085015       -0.598177

     C   10        0.190334        0.014047       -0.060986
     C   10        0.014047        0.307786       -0.310818
     C   10       -0.060986       -0.310818       -0.498120

     C   11        0.389086       -0.007206        0.039705
     C   11       -0.007206        0.209658       -0.299025
     C   11        0.039705       -0.299025       -0.598744

     Cl  12        0.137003        0.200023       -0.050512
     Cl  12        0.200023        0.019169       -0.035381
     Cl  12       -0.050512       -0.035381       -0.156173

     H   13       -0.520951       -0.110810       -0.006121
     H   13       -0.110810        0.701614        0.657542
     H   13       -0.006121        0.657542       -0.180663

     C   14        0.161465       -0.277950        0.395978
     C   14       -0.277950        0.063589        0.212789
     C   14        0.395978        0.212789       -0.225053

     H   15        0.331157        0.253226        0.774457
     H   15        0.253226       -0.457317        0.278529
     H   15        0.774457        0.278529        0.126160

     C   16        0.023509       -0.259064        0.291775
     C   16       -0.259064        0.156837        0.353504
     C   16        0.291775        0.353504       -0.180347

     C   17        0.144708       -0.181421        0.309152
     C   17       -0.181421        0.048773        0.440978
     C   17        0.309152        0.440978       -0.193481

     Cl  18        0.163877       -0.194915       -0.001628
     Cl  18       -0.194915       -0.025277        0.005759
     Cl  18       -0.001628        0.005759       -0.138599

     H   19       -0.480747       -0.245953        0.087560
     H   19       -0.245953        0.832214       -0.541587
     H   19        0.087560       -0.541587       -0.351468

     C   20        0.447227        0.008294        0.014394
     C   20        0.008294        0.094951       -0.280718
     C   20        0.014394       -0.280718       -0.542178

     H   21        0.753420       -0.514887        0.381618
     H   21       -0.514887       -0.286474       -0.225059
     H   21        0.381618       -0.225059       -0.466946

     C   22        0.159918        0.086937        0.000506
     C   22        0.086937        0.326371       -0.393842
     C   22        0.000506       -0.393842       -0.486289

     C   23        0.254667        0.041788        0.003226
     C   23        0.041788        0.276333       -0.343035
     C   23        0.003226       -0.343035       -0.531000

     Cl  24        0.135903        0.212934       -0.044941
     Cl  24        0.212934        0.002835       -0.026342
     Cl  24       -0.044941       -0.026342       -0.138738

     ----- GIPAW term -----
     Cl   1       -0.056994       -0.084906       -0.910532
     Cl   1       -0.084906        0.252445       -1.388415
     Cl   1       -0.910532       -1.388415       -0.195451

     C    2       -0.063149       -0.052434       -0.071308
     C    2       -0.052434        0.148847       -0.104738
     C    2       -0.071308       -0.104738       -0.085699

     C    3       -0.062093        0.111031       -0.019524
     C    3        0.111031        0.125010       -0.079453
     C    3       -0.019524       -0.079453       -0.062917

     H    4       -0.000000        0.000000        0.000000
     H    4        0.000000        0.000000        0.000000
     H    4        0.000000        0.000000        0.000000

     C    5       -0.218292        0.056500        0.015009
     C    5        0.056500       -0.015321        0.135685
     C    5        0.015009        0.135685        0.233612

     H    6       -0.000000        0.000000        0.000000
     H    6        0.000000        0.000000        0.000000
     H    6        0.000000        0.000000        0.000000

     H    7       -0.000000        0.000000        0.000000
     H    7        0.000000        0.000000        0.000000
     H    7        0.000000        0.000000        0.000000

     C    8       -0.064529       -0.055146       -0.047708
     C    8       -0.055146        0.059199        0.164084
     C    8       -0.047708        0.164084        0.005331

     H    9       -0.000000        0.000000        0.000000
     H    9        0.000000        0.000000        0.000000
     H    9        0.000000        0.000000        0.000000

     C   10        0.020878        0.010218        0.025342
     C   10        0.010218        0.007835       -0.032142
     C   10        0.025342       -0.032142       -0.028713

     C   11       -0.099486        0.116759        0.013150
     C   11        0.116759       -0.055555        0.180592
     C   11        0.013150        0.180592        0.155041

     Cl  12       -0.694771        0.481610        0.154321
     Cl  12        0.481610       -0.771079        0.836100
     Cl  12        0.154321        0.836100        1.465850

     H   13       -0.000000        0.000000        0.000000
     H   13        0.000000        0.000000        0.000000
     H   13        0.000000        0.000000        0.000000

     C   14       -0.017115       -0.046247       -0.157524
     C   14       -0.046247       -0.118296       -0.025031
     C   14       -0.157524       -0.025031        0.135411

     H   15       -0.000000        0.000000        0.000000
     H   15        0.000000        0.000000        0.000000
     H   15        0.000000        0.000000        0.000000

     C   16       -0.128836        0.009868       -0.096361
     C   16        0.009868       -0.072556        0.011253
     C   16       -0.096361        0.011253        0.201392

     C   17       -0.072366       -0.078217       -0.054347
     C   17       -0.078217       -0.173338        0.041974
     C   17       -0.054347        0.041974        0.245704

     Cl  18       -0.223493       -1.355757        0.687880
     Cl  18       -1.355757       -0.714009        1.361364
     Cl  18        0.687880        1.361364        0.937502

     H   19       -0.000000        0.000000        0.000000
     H   19        0.000000        0.000000        0.000000
     H   19        0.000000        0.000000        0.000000

     C   20       -0.052301        0.025728       -0.198387
     C   20        0.025728       -0.060869       -0.094209
     C   20       -0.198387       -0.094209        0.113170

     H   21       -0.000000        0.000000        0.000000
     H   21        0.000000        0.000000        0.000000
     H   21        0.000000        0.000000        0.000000

     C   22       -0.031495        0.036000       -0.048175
     C   22        0.036000       -0.081728       -0.050615
     C   22       -0.048175       -0.050615        0.113223

     C   23       -0.140715        0.098514       -0.123292
     C   23        0.098514        0.004500       -0.147645
     C   23       -0.123292       -0.147645        0.136216

     Cl  24       -0.449318        1.629474       -0.888200
     Cl  24        1.629474       -1.425403       -0.292608
     Cl  24       -0.888200       -0.292608        1.874720

     ----- total EFG -----
     Cl   1        0.069938       -0.349424       -0.723887
     Cl   1       -0.349424        0.286625       -1.236140
     Cl   1       -0.723887       -1.236140       -0.356564

     C    2       -0.456724       -0.072227       -0.053707
     C    2       -0.072227        0.474643       -0.175966
     C    2       -0.053707       -0.175966       -0.017919

     C    3       -0.123338        0.207934        0.117959
     C    3        0.207934        0.186983       -0.303483
     C    3        0.117959       -0.303483       -0.063645

     H    4        0.193088        0.057275        0.407380
     H    4        0.057275       -0.004152        0.379244
     H    4        0.407380        0.379244       -0.188936

     C    5       -0.837089        0.102885        0.010038
     C    5        0.102885        0.178311        0.339673
     C    5        0.010038        0.339673        0.658778

     H    6       -0.220873       -0.018033       -0.104747
     H    6       -0.018033        0.050396        0.165222
     H    6       -0.104747        0.165222        0.170477

     H    7       -0.204816       -0.002572        0.142735
     H    7       -0.002572        0.460604       -0.511379
     H    7        0.142735       -0.511379       -0.255787

     C    8        0.109508       -0.141856       -0.265224
     C    8       -0.141856        0.157009        0.248865
     C    8       -0.265224        0.248865       -0.266516

     H    9        0.635987       -0.254026        0.288353
     H    9       -0.254026       -0.193554       -0.220857
     H    9        0.288353       -0.220857       -0.442433

     C   10        0.334377        0.005833        0.199246
     C   10        0.005833        0.226496       -0.460553
     C   10        0.199246       -0.460553       -0.560874

     C   11       -0.013787        0.308947       -0.189754
     C   11        0.308947        0.114291        0.410577
     C   11       -0.189754        0.410577       -0.100504

     Cl  12       -0.532125        0.433541        0.048616
     Cl  12        0.433541       -0.636560        0.632400
     Cl  12        0.048616        0.632400        1.168684

     H   13       -0.386070        0.130886        0.181219
     H   13        0.130886        0.423004        0.133148
     H   13        0.181219        0.133148       -0.036933

     C   14       -0.055776       -0.279241       -0.189692
     C   14       -0.279241       -0.260150       -0.206951
     C   14       -0.189692       -0.206951        0.315926

     H   15        0.470869        0.166338        0.486986
     H   15        0.166338        0.006599        0.130653
     H   15        0.486986        0.130653       -0.477468

     C   16       -0.453453        0.011702       -0.061829
     C   16        0.011702        0.101320        0.260394
     C   16       -0.061829        0.260394        0.352133

     C   17        0.094965       -0.245620        0.013955
     C   17       -0.245620       -0.646064        0.153102
     C   17        0.013955        0.153102        0.551099

     Cl  18       -0.219369       -1.451332        0.734681
     Cl  18       -1.451332       -0.812265        1.491550
     Cl  18        0.734681        1.491550        1.031633

     H   19       -0.338873        0.118558        0.277273
     H   19        0.118558        0.380206       -0.341219
     H   19        0.277273       -0.341219       -0.041333

     C   20       -0.124346       -0.290582       -0.656835
     C   20       -0.290582        0.001897       -0.294933
     C   20       -0.656835       -0.294933        0.122449

     H   21        0.293765       -0.198168        0.625630
     H   21       -0.198168        0.025368       -0.238360
     H   21        0.625630       -0.238360       -0.319133

     C   22        0.246083        0.145970       -0.076647
     C   22        0.145970       -0.187472       -0.138596
     C   22       -0.076647       -0.138596       -0.058611

     C   23       -0.535240       -0.094644       -0.500011
     C   23       -0.094644        0.363723       -0.373426
     C   23       -0.500011       -0.373426        0.171517

     Cl  24       -0.363685        1.844806       -0.912537
     Cl  24        1.844806       -1.442898       -0.300854
     Cl  24       -0.912537       -0.300854        1.806583

     ----- total EFG (symmetrized) -----
     Cl   1        0.069938       -0.349424       -0.723887
     Cl   1       -0.349424        0.286625       -1.236140
     Cl   1       -0.723887       -1.236140       -0.356564

     C    2       -0.456724       -0.072227       -0.053707
     C    2       -0.072227        0.474643       -0.175966
     C    2       -0.053707       -0.175966       -0.017919

     C    3       -0.123338        0.207934        0.117959
     C    3        0.207934        0.186983       -0.303483
     C    3        0.117959       -0.303483       -0.063645

     H    4        0.193088        0.057275        0.407380
     H    4        0.057275       -0.004152        0.379244
     H    4        0.407380        0.379244       -0.188936

     C    5       -0.837089        0.102885        0.010038
     C    5        0.102885        0.178311        0.339673
     C    5        0.010038        0.339673        0.658778

     H    6       -0.220873       -0.018033       -0.104747
     H    6       -0.018033        0.050396        0.165222
     H    6       -0.104747        0.165222        0.170477

     H    7       -0.204816       -0.002572        0.142735
     H    7       -0.002572        0.460604       -0.511379
     H    7        0.142735       -0.511379       -0.255787

     C    8        0.109508       -0.141856       -0.265224
     C    8       -0.141856        0.157009        0.248865
     C    8       -0.265224        0.248865       -0.266516

     H    9        0.635987       -0.254026        0.288353
     H    9       -0.254026       -0.193554       -0.220857
     H    9        0.288353       -0.220857       -0.442433

     C   10        0.334377        0.005833        0.199246
     C   10        0.005833        0.226496       -0.460553
     C   10        0.199246       -0.460553       -0.560874

     C   11       -0.013787        0.308947       -0.189754
     C   11        0.308947        0.114291        0.410577
     C   11       -0.189754        0.410577       -0.100504

     Cl  12       -0.532125        0.433541        0.048616
     Cl  12        0.433541       -0.636560        0.632400
     Cl  12        0.048616        0.632400        1.168684

     H   13       -0.386070        0.130886        0.181219
     H   13        0.130886        0.423004        0.133148
     H   13        0.181219        0.133148       -0.036933

     C   14       -0.055776       -0.279241       -0.189692
     C   14       -0.279241       -0.260150       -0.206951
     C   14       -0.189692       -0.206951        0.315926

     H   15        0.470869        0.166338        0.486986
     H   15        0.166338        0.006599        0.130653
     H   15        0.486986        0.130653       -0.477468

     C   16       -0.453453        0.011702       -0.061829
     C   16        0.011702        0.101320        0.260394
     C   16       -0.061829        0.260394        0.352133

     C   17        0.094965       -0.245620        0.013955
     C   17       -0.245620       -0.646064        0.153102
     C   17        0.013955        0.153102        0.551099

     Cl  18       -0.219369       -1.451332        0.734681
     Cl  18       -1.451332       -0.812265        1.491550
     Cl  18        0.734681        1.491550        1.031633

     H   19       -0.338873        0.118558        0.277273
     H   19        0.118558        0.380206       -0.341219
     H   19        0.277273       -0.341219       -0.041333

     C   20       -0.124346       -0.290582       -0.656835
     C   20       -0.290582        0.001897       -0.294933
     C   20       -0.656835       -0.294933        0.122449

     H   21        0.293765       -0.198168        0.625630
     H   21       -0.198168        0.025368       -0.238360
     H   21        0.625630       -0.238360       -0.319133

     C   22        0.246083        0.145970       -0.076647
     C   22        0.145970       -0.187472       -0.138596
     C   22       -0.076647       -0.138596       -0.058611

     C   23       -0.535240       -0.094644       -0.500011
     C   23       -0.094644        0.363723       -0.373426
     C   23       -0.500011       -0.373426        0.171517

     Cl  24       -0.363685        1.844806       -0.912537
     Cl  24        1.844806       -1.442898       -0.300854
     Cl  24       -0.912537       -0.300854        1.806583


     NQR/NMR SPECTROSCOPIC PARAMETERS:
     Cl   1    Vxx=    0.3986    axis=( -0.894376  0.390937  0.217395)
     Cl   1    Vyy=    1.2711    axis=( -0.170179 -0.746827  0.642875)
     Cl   1    Vzz=   -1.6697    axis=(  0.413680  0.537976  0.734473)
     Cl   1  Q=        -8.1650 1e-30 m^2  Cq=        32.0326 MHz  eta= 0.52252

     C    2    Vxx=   -0.0609    axis=( -0.179784  0.285079  0.941492)
     C    2    Vyy=   -0.4729    axis=(  0.982262  0.103866  0.156119)
     C    2    Vzz=    0.5338    axis=( -0.053283  0.952860 -0.298696)
     C    2  Q=         1.0000 1e-30 m^2  Cq=         1.2543 MHz  eta= 0.77167

     C    3    Vxx=    0.0108    axis=( -0.773179 -0.149248 -0.616376)
     C    3    Vyy=    0.4144    axis=(  0.221576  0.847089 -0.483057)
     C    3    Vzz=   -0.4253    axis=( -0.594221  0.510064  0.621881)
     C    3  Q=         1.0000 1e-30 m^2  Cq=        -0.9992 MHz  eta= 0.94904

     H    4    Vxx=    0.0247    axis=(  0.629201 -0.762042 -0.152965)
     H    4    Vyy=    0.5785    axis=(  0.680802  0.445401  0.581487)
     H    4    Vzz=   -0.6032    axis=( -0.374987 -0.470011  0.799046)
     H    4  Q=         1.0000 1e-30 m^2  Cq=        -1.4173 MHz  eta= 0.91816

     C    5    Vxx=    0.0113    axis=(  0.101271  0.880330 -0.463425)
     C    5    Vyy=    0.8365    axis=(  0.033747  0.462512  0.885971)
     C    5    Vzz=   -0.8478    axis=( -0.994286  0.105363 -0.017130)
     C    5  Q=         1.0000 1e-30 m^2  Cq=        -1.9920 MHz  eta= 0.97326

     H    6    Vxx=   -0.0547    axis=( -0.227903 -0.832586  0.504838)
     H    6    Vyy=   -0.2493    axis=( -0.956528  0.094543 -0.275892)
     H    6    Vzz=    0.3040    axis=( -0.181975  0.545768  0.817938)
     H    6  Q=         1.0000 1e-30 m^2  Cq=         0.7143 MHz  eta= 0.64002

     H    7    Vxx=   -0.1658    axis=(  0.940764  0.216722  0.260758)
     H    7    Vyy=   -0.5659    axis=( -0.330982  0.420096  0.844968)
     H    7    Vzz=    0.7318    axis=(  0.073580 -0.881221  0.466942)
     H    7  Q=         1.0000 1e-30 m^2  Cq=         1.7194 MHz  eta= 0.54674

     C    8    Vxx=   -0.0081    axis=(  0.712529  0.699249 -0.057906)
     C    8    Vyy=   -0.4500    axis=(  0.351030 -0.283802  0.892320)
     C    8    Vzz=    0.4582    axis=(  0.607520 -0.656130 -0.447675)
     C    8  Q=         1.0000 1e-30 m^2  Cq=         1.0765 MHz  eta= 0.96442

     H    9    Vxx=   -0.2139    axis=(  0.375948  0.856578 -0.353465)
     H    9    Vyy=   -0.5866    axis=( -0.123411  0.424333  0.897057)
     H    9    Vzz=    0.8005    axis=(  0.918386 -0.293625  0.265238)
     H    9  Q=         1.0000 1e-30 m^2  Cq=         1.8808 MHz  eta= 0.46555

     C   10    Vxx=    0.3157    axis=(  0.835837  0.540840 -0.094172)
     C   10    Vyy=    0.4871    axis=( -0.525179  0.737788 -0.424094)
     C   10    Vzz=   -0.8028    axis=( -0.159888  0.403930  0.900709)
     C   10  Q=         1.0000 1e-30 m^2  Cq=        -1.8862 MHz  eta= 0.21348

     C   11    Vxx=    0.1372    axis=(  0.799447  0.021935 -0.600336)
     C   11    Vyy=    0.4769    axis=( -0.331864 -0.816879 -0.471778)
     C   11    Vzz=   -0.6141    axis=(  0.500750 -0.576392  0.645772)
     C   11  Q=         1.0000 1e-30 m^2  Cq=        -1.4429 MHz  eta= 0.55323

     Cl  12    Vxx=   -0.2701    axis=( -0.814244 -0.520818  0.256427)
     Cl  12    Vyy=   -1.1150    axis=( -0.572640  0.793127 -0.207444)
     Cl  12    Vzz=    1.3851    axis=(  0.095339  0.315751  0.944040)
     Cl  12  Q=        -8.1650 1e-30 m^2  Cq=       -26.5727 MHz  eta= 0.60996

     H   13    Vxx=   -0.0256    axis=(  0.314640 -0.353286  0.881017)
     H   13    Vyy=   -0.4687    axis=( -0.927748  0.081802  0.364131)
     H   13    Vzz=    0.4943    axis=(  0.200711  0.931932  0.302022)
     H   13  Q=         1.0000 1e-30 m^2  Cq=         1.1615 MHz  eta= 0.89640

     C   14    Vxx=    0.1350    axis=(  0.781046 -0.613355  0.117318)
     C   14    Vyy=    0.4104    axis=(  0.279293  0.175068 -0.944112)
     C   14    Vzz=   -0.5454    axis=(  0.558537  0.770160  0.308042)
     C   14  Q=         1.0000 1e-30 m^2  Cq=        -1.2816 MHz  eta= 0.50491

     H   15    Vxx=   -0.0462    axis=(  0.282114 -0.958971  0.028038)
     H   15    Vyy=   -0.6877    axis=( -0.375920 -0.083607  0.922872)
     H   15    Vzz=    0.7338    axis=( -0.882664 -0.270895 -0.384084)
     H   15  Q=         1.0000 1e-30 m^2  Cq=         1.7242 MHz  eta= 0.87421

     C   16    Vxx=   -0.0577    axis=(  0.106537  0.846439 -0.521719)
     C   16    Vyy=   -0.4602    axis=( -0.993169  0.065478 -0.096577)
     C   16    Vzz=    0.5179    axis=( -0.047586  0.528444  0.847634)
     C   16  Q=         1.0000 1e-30 m^2  Cq=         1.2170 MHz  eta= 0.77717

     C   17    Vxx=    0.1667    axis=(  0.958371 -0.275518  0.074938)
     C   17    Vyy=    0.5710    axis=(  0.039343 -0.132525 -0.990399)
     C   17    Vzz=   -0.7377    axis=(  0.282803  0.952117 -0.116168)
     C   17  Q=         1.0000 1e-30 m^2  Cq=        -1.7333 MHz  eta= 0.54814

     Cl  18    Vxx=    0.8401    axis=(  0.835589 -0.451724  0.312629)
     Cl  18    Vyy=    1.8663    axis=(  0.048700 -0.505934 -0.861196)
     Cl  18    Vzz=   -2.7064    axis=(  0.547193  0.734831 -0.400754)
     Cl  18  Q=        -8.1650 1e-30 m^2  Cq=        51.9218 MHz  eta= 0.37918

     H   19    Vxx=    0.0187    axis=(  0.640328  0.405627  0.652263)
     H   19    Vyy=    0.5717    axis=(  0.039416 -0.865422  0.499491)
     H   19    Vzz=   -0.5904    axis=(  0.767090 -0.294129 -0.570142)
     H   19  Q=         1.0000 1e-30 m^2  Cq=        -1.3872 MHz  eta= 0.93676

     C   20    Vxx=    0.1947    axis=(  0.380591 -0.899826  0.213221)
     C   20    Vyy=    0.6705    axis=( -0.618425 -0.076236  0.782137)
     C   20    Vzz=   -0.8652    axis=(  0.687532  0.429536  0.585490)
     C   20  Q=         1.0000 1e-30 m^2  Cq=        -2.0330 MHz  eta= 0.54998

     H   21    Vxx=   -0.0740    axis=(  0.378869  0.922829  0.069613)
     H   21    Vyy=   -0.7231    axis=( -0.498845  0.140286  0.855262)
     H   21    Vzz=    0.7971    axis=(  0.779495 -0.358758  0.513498)
     H   21  Q=         1.0000 1e-30 m^2  Cq=         1.8729 MHz  eta= 0.81440

     C   22    Vxx=   -0.0362    axis=(  0.414660 -0.364034  0.833988)
     C   22    Vyy=   -0.2901    axis=(  0.170310 -0.869253 -0.464106)
     C   22    Vzz=    0.3263    axis=( -0.893897 -0.334483  0.298446)
     C   22  Q=         1.0000 1e-30 m^2  Cq=         0.7667 MHz  eta= 0.77797

     C   23    Vxx=    0.1438    axis=( -0.487810  0.692554  0.531423)
     C   23    Vyy=    0.7072    axis=(  0.225228  0.688006 -0.689870)
     C   23    Vzz=   -0.8510    axis=( -0.843394 -0.216834 -0.491599)
     C   23  Q=         1.0000 1e-30 m^2  Cq=        -1.9996 MHz  eta= 0.66195

     Cl  24    Vxx=    0.4291    axis=(  0.640166  0.543622  0.542828)
     Cl  24    Vyy=    2.4174    axis=( -0.465460 -0.287670  0.837015)
     Cl  24    Vzz=   -2.8466    axis=( -0.611175  0.788493 -0.068878)
     Cl  24  Q=        -8.1650 1e-30 m^2  Cq=        54.6098 MHz  eta= 0.69850

     Initialization:
     gipaw_setup  :      9.40s CPU     11.08s WALL (       1 calls)

     Linear response

     Apply operators

     Induced current

     Other routines
     efg          :      9.25s CPU     11.51s WALL (       1 calls)

     General routines
     calbec       :      3.24s CPU      4.03s WALL (      16 calls)
     fft          :      1.53s CPU      2.02s WALL (      15 calls)
     ffts         :      0.04s CPU      0.05s WALL (       2 calls)
     fftw         :      3.24s CPU      4.07s WALL (     672 calls)
     davcio       :      0.01s CPU      0.34s WALL (      32 calls)

     Parallel routines
     fft_scatter  :      2.14s CPU      3.35s WALL (     689 calls)

     Plugins

     GIPAW        :     64.42s CPU     78.55s WALL (       1 calls)
