
     Program QE v.6.0 (svn rev. 13079) starts on 11Jan2017 at 11:59:13 

     This program is part of the open-source Quantum ESPRESSO suite
     for quantum simulation of materials; please cite
         "P. Giannozzi et al., J. Phys.:Condens. Matter 21 395502 (2009);
          URL http://www.quantum-espresso.org", 
     in publications or presentations arising from this work. More details at
     http://www.quantum-espresso.org/quote

     Parallel version (MPI), running on     8 processors
     R & G space division:  proc/nbgrp/npool/nimage =       8

     ***** This is GIPAW svn revision unknown      *****

     Parallelizing q-star over 1 images

     Reading data from directory:
     /users/majewski/paradichlorobenzene/pbe/9_constraint/scratch/pbe.ecut100.np8.dt60.pcl2phi-129368.save
     Message from routine read_xml_file:
     file /users/majewski/paradichlorobenzene/pbe/9_constraint/scratch/pbe.ecut100.np8.dt60.pcl2phi-129368.save not guaranteed to be safe for post-processing

   Info: using nr1, nr2, nr3 values from input

   Info: using nr1, nr2, nr3 values from input

     IMPORTANT: XC functional enforced from input :
     Exchange-correlation      =  SLA  PW   PBX  PBC ( 1  4  3  4 0 0)
     Any further DFT definition will be discarded
     Please, verify this is what you really want

               file C.pbe-n-kjpaw_psl.1.0.0.UPF: wavefunction(s)  2S 2P renormalized
               file Cl.pbe-n-kjpaw_psl.1.0.0.UPF: wavefunction(s)  3S 3P renormalized
               file H.pbe-kjpaw_psl.1.0.0.UPF: wavefunction(s)  1S renormalized

     Parallelization info
     --------------------
     sticks:   dense  smooth     PW     G-vecs:    dense   smooth      PW
     Min        3057    1223    332               144436    36536    5170
     Max        3059    1225    333               144437    36537    5171
     Sum       24467    9791   2657              1155489   292295   41363


     Subspace diagonalization in iterative solution of the eigenvalue problem:
     a serial algorithm will be used

     GIPAW projectors -----------------------------------------------
     atom=  C    l=0  rc=    1.2000  rs=    0.8000
     atom=  C    l=0  rc=    1.2000  rs=    0.8000
     atom=  C    l=1  rc=    1.4000  rs=    0.9333
     atom=  C    l=1  rc=    1.4000  rs=    0.9333
     projs nearly linearly dependent: l=1  n1,n2= 1, 2  s=  0.99951561

     atom=  Cl   l=0  rc=    1.6000  rs=    1.0667
     atom=  Cl   l=0  rc=    1.6000  rs=    1.0667
     atom=  Cl   l=1  rc=    1.6000  rs=    1.0667
     atom=  Cl   l=1  rc=    1.6000  rs=    1.0667
     atom=  Cl   l=2  rc=    1.6000  rs=    1.0667
     atom=  Cl   l=2  rc=    1.6000  rs=    1.0667
     projs nearly linearly dependent: l=2  n1,n2= 1, 2  s=  0.99993509

     atom=  H    l=0  rc=    1.0000  rs=    0.6667
     atom=  H    l=0  rc=    1.0000  rs=    0.6667
     projs nearly linearly dependent: l=0  n1,n2= 1, 2  s=  0.99968852
     -----------------------------------------------------------------

     GIPAW integrals: -------------------------------------------
     Atom  i/j   nmr_para   nmr_dia   epr_rmc  epr_para   epr_dia
       C   1 1   0.83E+03  0.17E-01  0.93E+01  0.24E+08  0.24E+03
       C   2 1   0.86E+03 -0.61E-01  0.94E+01  0.25E+08  0.25E+03
       C   2 2   0.90E+03 -0.15E+00  0.97E+01  0.26E+08  0.26E+03
       C   3 3   0.33E+01  0.34E+00  0.18E+01  0.55E+03  0.21E+02
       C   4 3   0.35E+01  0.37E+00  0.20E+01  0.59E+03  0.22E+02
       C   4 4   0.38E+01  0.39E+00  0.22E+01  0.63E+03  0.24E+02
       Cl  1 1   0.14E+04 -0.47E+00  0.84E+01  0.32E+09  0.42E+03
       Cl  2 1   0.21E+04 -0.37E+00  0.12E+02  0.49E+09  0.65E+03
       Cl  2 2   0.33E+04 -0.16E+00  0.21E+02  0.76E+09  0.10E+04
       Cl  3 3   0.21E+02  0.79E-01  0.89E+01  0.23E+05  0.13E+03
       Cl  4 3   0.24E+02  0.67E-01  0.99E+01  0.27E+05  0.15E+03
       Cl  4 4   0.28E+02  0.44E-01  0.11E+02  0.32E+05  0.18E+03
       Cl  5 5   0.77E+00  0.19E+00  0.18E+01  0.12E+03  0.22E+02
       Cl  6 5   0.80E+00  0.19E+00  0.19E+01  0.12E+03  0.23E+02
       Cl  6 6   0.83E+00  0.20E+00  0.19E+01  0.12E+03  0.23E+02
       H   1 1   0.39E+02  0.19E+00  0.29E+00  0.78E+05  0.13E+02
       H   2 1   0.41E+02  0.21E+00  0.32E+00  0.82E+05  0.14E+02
       H   2 2   0.43E+02  0.22E+00  0.36E+00  0.86E+05  0.15E+02
     ------------------------------------------------------------

     alpha_pv=     34.3808 eV

     Number of occupied bands for each k-point:
     k-point:     1    nbnd_occ=  42
     k-point:     2    nbnd_occ=  42
     k-point:     3    nbnd_occ=  42
     k-point:     4    nbnd_occ=  42
     k-point:     5    nbnd_occ=  42
     k-point:     6    nbnd_occ=  42
     k-point:     7    nbnd_occ=  42
     k-point:     8    nbnd_occ=  42
     k-point:     9    nbnd_occ=  42
     k-point:    10    nbnd_occ=  42
     k-point:    11    nbnd_occ=  42
     k-point:    12    nbnd_occ=  42
     k-point:    13    nbnd_occ=  42
     k-point:    14    nbnd_occ=  42
     k-point:    15    nbnd_occ=  42
     k-point:    16    nbnd_occ=  42


     q-space interpolation up to   110.00 Rydberg

     GIPAW job: efg                                                                             


     ELECTRIC FIELD GRADIENTS TENSORS IN Hartree/bohrradius^2:

     ----- bare term -----
     Cl   1        0.004359       -0.050248        0.116372
     Cl   1       -0.050248       -0.040271        0.191564
     Cl   1        0.116372        0.191564        0.035912

     C    2       -0.418528        0.265885       -0.400397
     C    2        0.265885        0.137380       -0.396710
     C    2       -0.400397       -0.396710        0.281148

     C    3       -0.041694        0.382086       -0.169437
     C    3        0.382086       -0.249047       -0.579171
     C    3       -0.169437       -0.579171        0.290740

     H    4       -0.105389       -0.164653       -0.435288
     H    4       -0.164653        0.399198        0.024534
     H    4       -0.435288        0.024534       -0.293810

     C    5       -0.800363        0.277891       -0.433703
     C    5        0.277891        0.163727       -0.040987
     C    5       -0.433703       -0.040987        0.636636

     H    6        0.247061        0.062919       -0.185774
     H    6        0.062919       -0.471619       -0.488257
     H    6       -0.185774       -0.488257        0.224559

     H    7        0.255654        0.414329        0.147615
     H    7        0.414329       -0.564914       -0.131132
     H    7        0.147615       -0.131132        0.309260

     C    8       -0.159081       -0.029629       -0.176357
     C    8       -0.029629       -0.097740        0.224853
     C    8       -0.176357        0.224853        0.256821

     H    9       -0.222373        0.268942        0.214983
     H    9        0.268942        0.094435       -0.112852
     H    9        0.214983       -0.112852        0.127938

     C   10        0.112252       -0.061880        0.221335
     C   10       -0.061880       -0.096743       -0.108501
     C   10        0.221335       -0.108501       -0.015509

     C   11       -0.275772        0.196261       -0.242213
     C   11        0.196261       -0.033348        0.524098
     C   11       -0.242213        0.524098        0.309121

     Cl  12       -0.013026       -0.250645       -0.046252
     Cl  12       -0.250645        0.087129       -0.136546
     Cl  12       -0.046252       -0.136546       -0.074103

     H   13        0.379167        0.063096        0.162709
     H   13        0.063096       -0.185210       -0.579291
     H   13        0.162709       -0.579291       -0.193957

     C   14       -0.171636       -0.009238       -0.471074
     C   14       -0.009238       -0.194632       -0.396714
     C   14       -0.471074       -0.396714        0.366268

     H   15        0.151311       -0.078261       -0.293920
     H   15       -0.078261        0.438303       -0.006575
     H   15       -0.293920       -0.006575       -0.589614

     C   16       -0.320699        0.251304       -0.231839
     C   16        0.251304        0.048336       -0.087017
     C   16       -0.231839       -0.087017        0.272363

     C   17       -0.010611        0.025370       -0.263606
     C   17        0.025370       -0.519733       -0.353679
     C   17       -0.263606       -0.353679        0.530344

     Cl  18       -0.154573        0.085315        0.047213
     Cl  18        0.085315       -0.081568        0.115533
     Cl  18        0.047213        0.115533        0.236141

     H   19        0.050672        0.335665        0.135771
     H   19        0.335665       -0.404332        0.300556
     H   19        0.135771        0.300556        0.353660

     C   20       -0.417934       -0.345568       -0.466582
     C   20       -0.345568       -0.103090        0.058933
     C   20       -0.466582        0.058933        0.521024

     H   21       -0.425509        0.287695        0.258437
     H   21        0.287695        0.268543       -0.014262
     H   21        0.258437       -0.014262        0.156966

     C   22        0.070862       -0.006119       -0.044463
     C   22       -0.006119       -0.397799        0.289560
     C   22       -0.044463        0.289560        0.326937

     C   23       -0.595081       -0.205640       -0.374520
     C   23       -0.205640        0.107576        0.169529
     C   23       -0.374520        0.169529        0.487505

     Cl  24       -0.061751        0.004199        0.011361
     Cl  24        0.004199       -0.036238        0.009925
     Cl  24        0.011361        0.009925        0.097988

     ----- ionic term -----
     Cl   1        0.098075       -0.226473        0.073523
     Cl   1       -0.226473        0.074015       -0.052450
     Cl   1        0.073523       -0.052450       -0.172089

     C    2        0.025718       -0.271124        0.420329
     C    2       -0.271124        0.206749        0.295825
     C    2        0.420329        0.295825       -0.232466

     C    3        0.047968       -0.292566        0.297613
     C    3       -0.292566        0.244898        0.309641
     C    3        0.297613        0.309641       -0.292866

     H    4        0.344441        0.242567        0.778902
     H    4        0.242567       -0.411938        0.264049
     H    4        0.778902        0.264049        0.067497

     C    5        0.221215       -0.288082        0.346785
     C    5       -0.288082        0.079019        0.228419
     C    5        0.346785        0.228419       -0.300234

     H    6       -0.484932       -0.098558       -0.059330
     H    6       -0.098558        0.645611        0.686900
     H    6       -0.059330        0.686900       -0.160679

     H    7       -0.474275       -0.312776        0.110477
     H    7       -0.312776        0.761717       -0.579298
     H    7        0.110477       -0.579298       -0.287442

     C    8        0.367732        0.005312       -0.004405
     C    8        0.005312        0.136934       -0.290414
     C    8       -0.004405       -0.290414       -0.504665

     H    9        0.951834       -0.415229        0.020124
     H    9       -0.415229       -0.337028       -0.058338
     H    9        0.020124       -0.058338       -0.614806

     C   10        0.243671        0.104563       -0.083029
     C   10        0.104563        0.285506       -0.312692
     C   10       -0.083029       -0.312692       -0.529177

     C   11        0.340124        0.031986        0.017096
     C   11        0.031986        0.242595       -0.298692
     C   11        0.017096       -0.298692       -0.582718

     Cl  12        0.133316        0.200937       -0.042997
     Cl  12        0.200937        0.023983       -0.033408
     Cl  12       -0.042997       -0.033408       -0.157300

     H   13       -0.535866        0.033817        0.071350
     H   13        0.033817        0.584907        0.727423
     H   13        0.071350        0.727423       -0.049040

     C   14        0.148000       -0.224181        0.442010
     C   14       -0.224181        0.012320        0.229364
     C   14        0.442010        0.229364       -0.160320

     H   15        0.324456        0.139419        0.796395
     H   15        0.139419       -0.511083        0.186329
     H   15        0.796395        0.186329        0.186627

     C   16        0.033693       -0.277430        0.295679
     C   16       -0.277430        0.107775        0.308640
     C   16        0.295679        0.308640       -0.141468

     C   17        0.170802       -0.202096        0.287846
     C   17       -0.202096        0.021972        0.404788
     C   17        0.287846        0.404788       -0.192774

     Cl  18        0.164147       -0.194038       -0.000937
     Cl  18       -0.194038       -0.025720        0.005500
     Cl  18       -0.000937        0.005500       -0.138428

     H   19       -0.496134       -0.194577        0.077882
     H   19       -0.194577        0.747888       -0.636386
     H   19        0.077882       -0.636386       -0.251754

     C   20        0.438946        0.084262       -0.028761
     C   20        0.084262        0.098419       -0.300029
     C   20       -0.028761       -0.300029       -0.537365

     H   21        0.890111       -0.479523        0.244126
     H   21       -0.479523       -0.333455       -0.146726
     H   21        0.244126       -0.146726       -0.556656

     C   22        0.260777        0.127474       -0.043364
     C   22        0.127474        0.281020       -0.335527
     C   22       -0.043364       -0.335527       -0.541797

     C   23        0.305607       -0.002977        0.011920
     C   23       -0.002977        0.242348       -0.305588
     C   23        0.011920       -0.305588       -0.547955

     Cl  24        0.126895        0.200222       -0.046970
     Cl  24        0.200222        0.003559       -0.026349
     Cl  24       -0.046970       -0.026349       -0.130454

     ----- GIPAW term -----
     Cl   1        0.023776        0.048554       -0.940969
     Cl   1        0.048554        0.330239       -1.360376
     Cl   1       -0.940969       -1.360376       -0.354014

     C    2       -0.081126       -0.021777       -0.077434
     C    2       -0.021777        0.180998       -0.112825
     C    2       -0.077434       -0.112825       -0.099872

     C    3       -0.032758        0.119714       -0.032052
     C    3        0.119714        0.052901       -0.096407
     C    3       -0.032052       -0.096407       -0.020143

     H    4       -0.000000        0.000000        0.000000
     H    4        0.000000        0.000000        0.000000
     H    4        0.000000        0.000000        0.000000

     C    5       -0.226010        0.033706       -0.063749
     C    5        0.033706        0.014513        0.151775
     C    5       -0.063749        0.151775        0.211498

     H    6       -0.000000        0.000000        0.000000
     H    6        0.000000        0.000000        0.000000
     H    6        0.000000        0.000000        0.000000

     H    7       -0.000000        0.000000        0.000000
     H    7        0.000000        0.000000        0.000000
     H    7        0.000000        0.000000        0.000000

     C    8       -0.060338       -0.032850       -0.042074
     C    8       -0.032850        0.019948        0.133634
     C    8       -0.042074        0.133634        0.040390

     H    9       -0.000000        0.000000        0.000000
     H    9        0.000000        0.000000        0.000000
     H    9        0.000000        0.000000        0.000000

     C   10        0.020900        0.007917        0.024412
     C   10        0.007917        0.006962       -0.030840
     C   10        0.024412       -0.030840       -0.027862

     C   11       -0.094182        0.108268        0.004893
     C   11        0.108268       -0.042878        0.180578
     C   11        0.004893        0.180578        0.137060

     Cl  12       -0.781718        0.550625        0.241173
     Cl  12        0.550625       -0.822815        0.993884
     Cl  12        0.241173        0.993884        1.604534

     H   13       -0.000000        0.000000        0.000000
     H   13        0.000000        0.000000        0.000000
     H   13        0.000000        0.000000        0.000000

     C   14        0.011946       -0.070026       -0.185431
     C   14       -0.070026       -0.121968       -0.022527
     C   14       -0.185431       -0.022527        0.110022

     H   15       -0.000000        0.000000        0.000000
     H   15        0.000000        0.000000        0.000000
     H   15        0.000000        0.000000        0.000000

     C   16       -0.113766        0.008023       -0.081376
     C   16        0.008023       -0.059368        0.011719
     C   16       -0.081376        0.011719        0.173134

     C   17       -0.076123       -0.082180       -0.062299
     C   17       -0.082180       -0.186413        0.022673
     C   17       -0.062299        0.022673        0.262537

     Cl  18       -0.138813       -1.473656        0.650346
     Cl  18       -1.473656       -0.774849        1.197494
     Cl  18        0.650346        1.197494        0.913662

     H   19       -0.000000        0.000000        0.000000
     H   19        0.000000        0.000000        0.000000
     H   19        0.000000        0.000000        0.000000

     C   20        0.015454        0.028937       -0.222975
     C   20        0.028937       -0.100947       -0.087164
     C   20       -0.222975       -0.087164        0.085493

     H   21       -0.000000        0.000000        0.000000
     H   21        0.000000        0.000000        0.000000
     H   21        0.000000        0.000000        0.000000

     C   22       -0.033608        0.021705       -0.064843
     C   22        0.021705       -0.096156       -0.015904
     C   22       -0.064843       -0.015904        0.129764

     C   23       -0.124603        0.091593       -0.081728
     C   23        0.091593        0.056524       -0.124418
     C   23       -0.081728       -0.124418        0.068078

     Cl  24       -0.471980        1.674071       -0.812213
     Cl  24        1.674071       -1.431313       -0.365975
     Cl  24       -0.812213       -0.365975        1.903294

     ----- total EFG -----
     Cl   1        0.126210       -0.228168       -0.751073
     Cl   1       -0.228168        0.363982       -1.221261
     Cl   1       -0.751073       -1.221261       -0.490192

     C    2       -0.473936       -0.027016       -0.057503
     C    2       -0.027016        0.525127       -0.213710
     C    2       -0.057503       -0.213710       -0.051191

     C    3       -0.026484        0.209234        0.096123
     C    3        0.209234        0.048753       -0.365936
     C    3        0.096123       -0.365936       -0.022268

     H    4        0.239052        0.077914        0.343614
     H    4        0.077914       -0.012739        0.288582
     H    4        0.343614        0.288582       -0.226313

     C    5       -0.805158        0.023515       -0.150666
     C    5        0.023515        0.257259        0.339208
     C    5       -0.150666        0.339208        0.547900

     H    6       -0.237872       -0.035639       -0.245105
     H    6       -0.035639        0.173992        0.198643
     H    6       -0.245105        0.198643        0.063880

     H    7       -0.218622        0.101553        0.258092
     H    7        0.101553        0.196803       -0.710430
     H    7        0.258092       -0.710430        0.021818

     C    8        0.148313       -0.057168       -0.222836
     C    8       -0.057168        0.059141        0.068073
     C    8       -0.222836        0.068073       -0.207454

     H    9        0.729461       -0.146287        0.235107
     H    9       -0.146287       -0.242593       -0.171189
     H    9        0.235107       -0.171189       -0.486868

     C   10        0.376823        0.050600        0.162718
     C   10        0.050600        0.195725       -0.452033
     C   10        0.162718       -0.452033       -0.572548

     C   11       -0.029830        0.336514       -0.220224
     C   11        0.336514        0.166368        0.405985
     C   11       -0.220224        0.405985       -0.136538

     Cl  12       -0.661428        0.500918        0.151924
     Cl  12        0.500918       -0.711703        0.823930
     Cl  12        0.151924        0.823930        1.373131

     H   13       -0.156699        0.096913        0.234059
     H   13        0.096913        0.399696        0.148132
     H   13        0.234059        0.148132       -0.242997

     C   14       -0.011689       -0.303445       -0.214495
     C   14       -0.303445       -0.304280       -0.189876
     C   14       -0.214495       -0.189876        0.315970

     H   15        0.475767        0.061158        0.502475
     H   15        0.061158       -0.072780        0.179753
     H   15        0.502475        0.179753       -0.402987

     C   16       -0.400773       -0.018102       -0.017536
     C   16       -0.018102        0.096744        0.233343
     C   16       -0.017536        0.233343        0.304029

     C   17        0.084068       -0.258906       -0.038058
     C   17       -0.258906       -0.684174        0.073782
     C   17       -0.038058        0.073782        0.600107

     Cl  18       -0.129239       -1.582379        0.696623
     Cl  18       -1.582379       -0.882137        1.318527
     Cl  18        0.696623        1.318527        1.011376

     H   19       -0.445462        0.141088        0.213653
     H   19        0.141088        0.343556       -0.335830
     H   19        0.213653       -0.335830        0.101906

     C   20        0.036466       -0.232369       -0.718319
     C   20       -0.232369       -0.105618       -0.328260
     C   20       -0.718319       -0.328260        0.069153

     H   21        0.464602       -0.191828        0.502563
     H   21       -0.191828       -0.064912       -0.160988
     H   21        0.502563       -0.160988       -0.399690

     C   22        0.298031        0.143061       -0.152670
     C   22        0.143061       -0.212934       -0.061870
     C   22       -0.152670       -0.061870       -0.085097

     C   23       -0.414077       -0.117024       -0.444328
     C   23       -0.117024        0.406449       -0.260476
     C   23       -0.444328       -0.260476        0.007628

     Cl  24       -0.406836        1.878492       -0.847822
     Cl  24        1.878492       -1.463992       -0.382399
     Cl  24       -0.847822       -0.382399        1.870828

     ----- total EFG (symmetrized) -----
     Cl   1        0.126210       -0.228168       -0.751073
     Cl   1       -0.228168        0.363982       -1.221261
     Cl   1       -0.751073       -1.221261       -0.490192

     C    2       -0.473936       -0.027016       -0.057503
     C    2       -0.027016        0.525127       -0.213710
     C    2       -0.057503       -0.213710       -0.051191

     C    3       -0.026484        0.209234        0.096123
     C    3        0.209234        0.048753       -0.365936
     C    3        0.096123       -0.365936       -0.022268

     H    4        0.239052        0.077914        0.343614
     H    4        0.077914       -0.012739        0.288582
     H    4        0.343614        0.288582       -0.226313

     C    5       -0.805158        0.023515       -0.150666
     C    5        0.023515        0.257259        0.339208
     C    5       -0.150666        0.339208        0.547900

     H    6       -0.237872       -0.035639       -0.245105
     H    6       -0.035639        0.173992        0.198643
     H    6       -0.245105        0.198643        0.063880

     H    7       -0.218622        0.101553        0.258092
     H    7        0.101553        0.196803       -0.710430
     H    7        0.258092       -0.710430        0.021818

     C    8        0.148313       -0.057168       -0.222836
     C    8       -0.057168        0.059141        0.068073
     C    8       -0.222836        0.068073       -0.207454

     H    9        0.729461       -0.146287        0.235107
     H    9       -0.146287       -0.242593       -0.171189
     H    9        0.235107       -0.171189       -0.486868

     C   10        0.376823        0.050600        0.162718
     C   10        0.050600        0.195725       -0.452033
     C   10        0.162718       -0.452033       -0.572548

     C   11       -0.029830        0.336514       -0.220224
     C   11        0.336514        0.166368        0.405985
     C   11       -0.220224        0.405985       -0.136538

     Cl  12       -0.661428        0.500918        0.151924
     Cl  12        0.500918       -0.711703        0.823930
     Cl  12        0.151924        0.823930        1.373131

     H   13       -0.156699        0.096913        0.234059
     H   13        0.096913        0.399696        0.148132
     H   13        0.234059        0.148132       -0.242997

     C   14       -0.011689       -0.303445       -0.214495
     C   14       -0.303445       -0.304280       -0.189876
     C   14       -0.214495       -0.189876        0.315970

     H   15        0.475767        0.061158        0.502475
     H   15        0.061158       -0.072780        0.179753
     H   15        0.502475        0.179753       -0.402987

     C   16       -0.400773       -0.018102       -0.017536
     C   16       -0.018102        0.096744        0.233343
     C   16       -0.017536        0.233343        0.304029

     C   17        0.084068       -0.258906       -0.038058
     C   17       -0.258906       -0.684174        0.073782
     C   17       -0.038058        0.073782        0.600107

     Cl  18       -0.129239       -1.582379        0.696623
     Cl  18       -1.582379       -0.882137        1.318527
     Cl  18        0.696623        1.318527        1.011376

     H   19       -0.445462        0.141088        0.213653
     H   19        0.141088        0.343556       -0.335830
     H   19        0.213653       -0.335830        0.101906

     C   20        0.036466       -0.232369       -0.718319
     C   20       -0.232369       -0.105618       -0.328260
     C   20       -0.718319       -0.328260        0.069153

     H   21        0.464602       -0.191828        0.502563
     H   21       -0.191828       -0.064912       -0.160988
     H   21        0.502563       -0.160988       -0.399690

     C   22        0.298031        0.143061       -0.152670
     C   22        0.143061       -0.212934       -0.061870
     C   22       -0.152670       -0.061870       -0.085097

     C   23       -0.414077       -0.117024       -0.444328
     C   23       -0.117024        0.406449       -0.260476
     C   23       -0.444328       -0.260476        0.007628

     Cl  24       -0.406836        1.878492       -0.847822
     Cl  24        1.878492       -1.463992       -0.382399
     Cl  24       -0.847822       -0.382399        1.870828


     NQR/NMR SPECTROSCOPIC PARAMETERS:
     Cl   1    Vxx=    0.3743    axis=(  0.887620 -0.431071 -0.162202)
     Cl   1    Vyy=    1.2951    axis=( -0.250121 -0.746866  0.616142)
     Cl   1    Vzz=   -1.6693    axis=( -0.386744 -0.506330 -0.770752)
     Cl   1  Q=        -8.1650 1e-30 m^2  Cq=        32.0255 MHz  eta= 0.55160

     C    2    Vxx=   -0.1108    axis=( -0.171111  0.307301  0.936102)
     C    2    Vyy=   -0.4849    axis=(  0.985226  0.060268  0.160305)
     C    2    Vzz=    0.5958    axis=( -0.007155  0.949702 -0.313073)
     C    2  Q=         1.0000 1e-30 m^2  Cq=         1.3998 MHz  eta= 0.62793

     C    3    Vxx=    0.0573    axis=( -0.863036 -0.120050 -0.490670)
     C    3    Vyy=    0.4029    axis=(  0.236529  0.762245 -0.602525)
     C    3    Vzz=   -0.4602    axis=( -0.446344  0.636059  0.629450)
     C    3  Q=         1.0000 1e-30 m^2  Cq=        -1.0813 MHz  eta= 0.75111

     H    4    Vxx=    0.0034    axis=(  0.551472 -0.811261 -0.194254)
     H    4    Vyy=    0.5098    axis=(  0.762721  0.396054  0.511271)
     H    4    Vzz=   -0.5132    axis=( -0.337840 -0.430113  0.837178)
     H    4  Q=         1.0000 1e-30 m^2  Cq=        -1.2059 MHz  eta= 0.98676

     C    5    Vxx=    0.0457    axis=(  0.117294  0.838939 -0.531436)
     C    5    Vyy=    0.7797    axis=( -0.071644  0.540884  0.838041)
     C    5    Vzz=   -0.8254    axis=( -0.990510  0.060223 -0.123547)
     C    5  Q=         1.0000 1e-30 m^2  Cq=        -1.9393 MHz  eta= 0.88933

     H    6    Vxx=    0.0022    axis=(  0.444223  0.715541 -0.539136)
     H    6    Vyy=    0.3814    axis=(  0.301558 -0.686076 -0.662090)
     H    6    Vzz=   -0.3836    axis=( -0.843640  0.131535 -0.520547)
     H    6  Q=         1.0000 1e-30 m^2  Cq=        -0.9012 MHz  eta= 0.98855

     H    7    Vxx=   -0.0955    axis=(  0.887101  0.368232  0.278313)
     H    7    Vyy=   -0.7386    axis=(  0.451913 -0.570150 -0.686079)
     H    7    Vzz=    0.8341    axis=(  0.093956 -0.734394  0.672189)
     H    7  Q=         1.0000 1e-30 m^2  Cq=         1.9597 MHz  eta= 0.77101

     C    8    Vxx=    0.0334    axis=(  0.349869  0.934910 -0.059455)
     C    8    Vyy=    0.2849    axis=( -0.837954  0.340698  0.426331)
     C    8    Vzz=   -0.3183    axis=(  0.418837 -0.099339  0.902611)
     C    8  Q=         1.0000 1e-30 m^2  Cq=        -0.7480 MHz  eta= 0.79005

     H    9    Vxx=   -0.2112    axis=(  0.231166  0.902549 -0.363273)
     H    9    Vyy=   -0.5919    axis=( -0.118059  0.396649  0.910347)
     H    9    Vzz=    0.8031    axis=(  0.965725 -0.167554  0.198246)
     H    9  Q=         1.0000 1e-30 m^2  Cq=         1.8870 MHz  eta= 0.47415

     C   10    Vxx=    0.3806    axis=(  0.729409  0.657887 -0.187475)
     C   10    Vyy=    0.4251    axis=( -0.669292  0.629650 -0.394449)
     C   10    Vzz=   -0.8058    axis=( -0.141459  0.413190  0.899591)
     C   10  Q=         1.0000 1e-30 m^2  Cq=        -1.8932 MHz  eta= 0.05520

     C   11    Vxx=    0.1431    axis=(  0.770326 -0.021147 -0.637300)
     C   11    Vyy=    0.5071    axis=(  0.359549  0.839818  0.406732)
     C   11    Vzz=   -0.6502    axis=(  0.526615 -0.542456  0.654537)
     C   11  Q=         1.0000 1e-30 m^2  Cq=        -1.5277 MHz  eta= 0.55974

     Cl  12    Vxx=   -0.4051    axis=( -0.807923 -0.505327  0.303160)
     Cl  12    Vyy=   -1.2956    axis=( -0.574105  0.790988 -0.211523)
     Cl  12    Vzz=    1.7007    axis=(  0.132907  0.344940  0.929168)
     Cl  12  Q=        -8.1650 1e-30 m^2  Cq=       -32.6277 MHz  eta= 0.52358

     H   13    Vxx=   -0.0278    axis=( -0.744633  0.362891 -0.560207)
     H   13    Vyy=   -0.4413    axis=( -0.620269 -0.066192  0.781591)
     H   13    Vzz=    0.4691    axis=(  0.246551  0.929478  0.274379)
     H   13  Q=         1.0000 1e-30 m^2  Cq=         1.1023 MHz  eta= 0.88131

     C   14    Vxx=    0.1554    axis=(  0.744931 -0.606535  0.277836)
     C   14    Vyy=    0.4246    axis=(  0.399367  0.071828 -0.913973)
     C   14    Vzz=   -0.5800    axis=(  0.534400  0.791806  0.295737)
     C   14  Q=         1.0000 1e-30 m^2  Cq=        -1.3628 MHz  eta= 0.46420

     H   15    Vxx=   -0.0613    axis=(  0.244578 -0.958772 -0.144697)
     H   15    Vyy=   -0.6642    axis=(  0.381834  0.232406 -0.894533)
     H   15    Vzz=    0.7254    axis=(  0.891282  0.163533  0.422934)
     H   15  Q=         1.0000 1e-30 m^2  Cq=         1.7045 MHz  eta= 0.83113

     C   16    Vxx=   -0.0548    axis=( -0.016189  0.837894 -0.545593)
     C   16    Vyy=   -0.4016    axis=( -0.999458 -0.029197 -0.015183)
     C   16    Vzz=    0.4564    axis=( -0.028652  0.545052  0.837913)
     C   16  Q=         1.0000 1e-30 m^2  Cq=         1.0724 MHz  eta= 0.75966

     C   17    Vxx=    0.1557    axis=(  0.950850 -0.281858  0.128219)
     C   17    Vyy=    0.6102    axis=(  0.110321 -0.078544 -0.990788)
     C   17    Vzz=   -0.7659    axis=(  0.289332  0.956236 -0.043589)
     C   17  Q=         1.0000 1e-30 m^2  Cq=        -1.7995 MHz  eta= 0.59345

     Cl  18    Vxx=    1.0133    axis=( -0.823834  0.434719 -0.363754)
     Cl  18    Vyy=    1.6993    axis=( -0.111229  0.505273  0.855761)
     Cl  18    Vzz=   -2.7127    axis=( -0.555811 -0.745465  0.367908)
     Cl  18  Q=        -8.1650 1e-30 m^2  Cq=        52.0412 MHz  eta= 0.25289

     H   19    Vxx=    0.0097    axis=(  0.490024  0.506539  0.709433)
     H   19    Vyy=    0.5797    axis=(  0.007979 -0.816414  0.577412)
     H   19    Vzz=   -0.5894    axis=(  0.871672 -0.277286 -0.404104)
     H   19  Q=         1.0000 1e-30 m^2  Cq=        -1.3848 MHz  eta= 0.96709

     C   20    Vxx=    0.0930    axis=(  0.394960 -0.882748  0.254485)
     C   20    Vyy=    0.7781    axis=( -0.677580 -0.092838  0.729566)
     C   20    Vzz=   -0.8710    axis=(  0.620397  0.460583  0.634800)
     C   20  Q=         1.0000 1e-30 m^2  Cq=        -2.0466 MHz  eta= 0.78650

     H   21    Vxx=   -0.1271    axis=(  0.306364  0.951911  0.002643)
     H   21    Vyy=   -0.6386    axis=( -0.393394  0.124081  0.910958)
     H   21    Vzz=    0.7657    axis=(  0.866823 -0.280124  0.412490)
     H   21  Q=         1.0000 1e-30 m^2  Cq=         1.7992 MHz  eta= 0.66804

     C   22    Vxx=   -0.1375    axis=(  0.355424 -0.089077  0.930451)
     C   22    Vyy=   -0.2539    axis=(  0.202961 -0.964343 -0.169851)
     C   22    Vzz=    0.3914    axis=(  0.912404  0.249214 -0.324672)
     C   22  Q=         1.0000 1e-30 m^2  Cq=         0.9197 MHz  eta= 0.29749

     C   23    Vxx=    0.1974    axis=(  0.570483 -0.496218 -0.654459)
     C   23    Vyy=    0.5479    axis=( -0.137418 -0.843285  0.519603)
     C   23    Vzz=   -0.7453    axis=(  0.809732  0.206491  0.549269)
     C   23  Q=         1.0000 1e-30 m^2  Cq=        -1.7512 MHz  eta= 0.47017

     Cl  24    Vxx=    0.4447    axis=(  0.654055  0.536961  0.532809)
     Cl  24    Vyy=    2.4516    axis=( -0.445253 -0.296135  0.845017)
     Cl  24    Vzz=   -2.8963    axis=( -0.611525  0.789922 -0.045394)
     Cl  24  Q=        -8.1650 1e-30 m^2  Cq=        55.5634 MHz  eta= 0.69292

     Initialization:
     gipaw_setup  :     10.94s CPU     14.54s WALL (       1 calls)

     Linear response

     Apply operators

     Induced current

     Other routines
     efg          :     13.30s CPU     19.72s WALL (       1 calls)

     General routines
     calbec       :      3.29s CPU      4.45s WALL (      16 calls)
     fft          :      1.92s CPU      3.23s WALL (      15 calls)
     ffts         :      0.15s CPU      0.37s WALL (       2 calls)
     fftw         :      7.18s CPU     11.85s WALL (     672 calls)
     davcio       :      0.02s CPU      0.31s WALL (      32 calls)

     Parallel routines
     fft_scatter  :      6.55s CPU     12.50s WALL (     689 calls)

     Plugins

     GIPAW        :     68.10s CPU     87.56s WALL (       1 calls)
