
     Program QE v.6.0 (svn rev. 13079) starts on 30Dec2016 at 14: 4: 3 

     This program is part of the open-source Quantum ESPRESSO suite
     for quantum simulation of materials; please cite
         "P. Giannozzi et al., J. Phys.:Condens. Matter 21 395502 (2009);
          URL http://www.quantum-espresso.org", 
     in publications or presentations arising from this work. More details at
     http://www.quantum-espresso.org/quote

     Parallel version (MPI), running on     8 processors
     R & G space division:  proc/nbgrp/npool/nimage =       8

     ***** This is GIPAW svn revision unknown      *****

     Parallelizing q-star over 1 images

     Reading data from directory:
     /users/majewski/paradichlorobenzene/pbe/9_constraint/scratch/pbe.ecut100.np8.dt60.pcl2phi-129368.save
     Message from routine read_xml_file:
     file /users/majewski/paradichlorobenzene/pbe/9_constraint/scratch/pbe.ecut100.np8.dt60.pcl2phi-129368.save not guaranteed to be safe for post-processing

   Info: using nr1, nr2, nr3 values from input

   Info: using nr1, nr2, nr3 values from input

     IMPORTANT: XC functional enforced from input :
     Exchange-correlation      =  SLA  PW   PBX  PBC ( 1  4  3  4 0 0)
     Any further DFT definition will be discarded
     Please, verify this is what you really want

               file C.pbe-n-kjpaw_psl.1.0.0.UPF: wavefunction(s)  2S 2P renormalized
               file Cl.pbe-n-kjpaw_psl.1.0.0.UPF: wavefunction(s)  3S 3P renormalized
               file H.pbe-kjpaw_psl.1.0.0.UPF: wavefunction(s)  1S renormalized

     Parallelization info
     --------------------
     sticks:   dense  smooth     PW     G-vecs:    dense   smooth      PW
     Min        3057    1223    332               144436    36536    5170
     Max        3059    1225    333               144437    36537    5171
     Sum       24467    9791   2657              1155489   292295   41363


     Subspace diagonalization in iterative solution of the eigenvalue problem:
     a serial algorithm will be used

     GIPAW projectors -----------------------------------------------
     atom=  C    l=0  rc=    1.2000  rs=    0.8000
     atom=  C    l=0  rc=    1.2000  rs=    0.8000
     atom=  C    l=1  rc=    1.4000  rs=    0.9333
     atom=  C    l=1  rc=    1.4000  rs=    0.9333
     projs nearly linearly dependent: l=1  n1,n2= 1, 2  s=  0.99951561

     atom=  Cl   l=0  rc=    1.6000  rs=    1.0667
     atom=  Cl   l=0  rc=    1.6000  rs=    1.0667
     atom=  Cl   l=1  rc=    1.6000  rs=    1.0667
     atom=  Cl   l=1  rc=    1.6000  rs=    1.0667
     atom=  Cl   l=2  rc=    1.6000  rs=    1.0667
     atom=  Cl   l=2  rc=    1.6000  rs=    1.0667
     projs nearly linearly dependent: l=2  n1,n2= 1, 2  s=  0.99993509

     atom=  H    l=0  rc=    1.0000  rs=    0.6667
     atom=  H    l=0  rc=    1.0000  rs=    0.6667
     projs nearly linearly dependent: l=0  n1,n2= 1, 2  s=  0.99968852
     -----------------------------------------------------------------

     GIPAW integrals: -------------------------------------------
     Atom  i/j   nmr_para   nmr_dia   epr_rmc  epr_para   epr_dia
       C   1 1   0.83E+03  0.17E-01  0.93E+01  0.24E+08  0.24E+03
       C   2 1   0.86E+03 -0.61E-01  0.94E+01  0.25E+08  0.25E+03
       C   2 2   0.90E+03 -0.15E+00  0.97E+01  0.26E+08  0.26E+03
       C   3 3   0.33E+01  0.34E+00  0.18E+01  0.55E+03  0.21E+02
       C   4 3   0.35E+01  0.37E+00  0.20E+01  0.59E+03  0.22E+02
       C   4 4   0.38E+01  0.39E+00  0.22E+01  0.63E+03  0.24E+02
       Cl  1 1   0.14E+04 -0.47E+00  0.84E+01  0.32E+09  0.42E+03
       Cl  2 1   0.21E+04 -0.37E+00  0.12E+02  0.49E+09  0.65E+03
       Cl  2 2   0.33E+04 -0.16E+00  0.21E+02  0.76E+09  0.10E+04
       Cl  3 3   0.21E+02  0.79E-01  0.89E+01  0.23E+05  0.13E+03
       Cl  4 3   0.24E+02  0.67E-01  0.99E+01  0.27E+05  0.15E+03
       Cl  4 4   0.28E+02  0.44E-01  0.11E+02  0.32E+05  0.18E+03
       Cl  5 5   0.77E+00  0.19E+00  0.18E+01  0.12E+03  0.22E+02
       Cl  6 5   0.80E+00  0.19E+00  0.19E+01  0.12E+03  0.23E+02
       Cl  6 6   0.83E+00  0.20E+00  0.19E+01  0.12E+03  0.23E+02
       H   1 1   0.39E+02  0.19E+00  0.29E+00  0.78E+05  0.13E+02
       H   2 1   0.41E+02  0.21E+00  0.32E+00  0.82E+05  0.14E+02
       H   2 2   0.43E+02  0.22E+00  0.36E+00  0.86E+05  0.15E+02
     ------------------------------------------------------------

     alpha_pv=     34.3669 eV

     Number of occupied bands for each k-point:
     k-point:     1    nbnd_occ=  42
     k-point:     2    nbnd_occ=  42
     k-point:     3    nbnd_occ=  42
     k-point:     4    nbnd_occ=  42
     k-point:     5    nbnd_occ=  42
     k-point:     6    nbnd_occ=  42
     k-point:     7    nbnd_occ=  42
     k-point:     8    nbnd_occ=  42
     k-point:     9    nbnd_occ=  42
     k-point:    10    nbnd_occ=  42
     k-point:    11    nbnd_occ=  42
     k-point:    12    nbnd_occ=  42
     k-point:    13    nbnd_occ=  42
     k-point:    14    nbnd_occ=  42
     k-point:    15    nbnd_occ=  42
     k-point:    16    nbnd_occ=  42


     q-space interpolation up to   110.00 Rydberg

     GIPAW job: efg                                                                             


     ELECTRIC FIELD GRADIENTS TENSORS IN Hartree/bohrradius^2:

     ----- bare term -----
     Cl   1       -0.284252        0.352881        0.047397
     Cl   1        0.352881        0.037473       -0.067442
     Cl   1        0.047397       -0.067442        0.246779

     C    2        0.019572       -0.273830       -0.413610
     C    2       -0.273830       -0.016801       -0.688076
     C    2       -0.413610       -0.688076       -0.002771

     C    3       -0.562667        0.319681       -0.330082
     C    3        0.319681        0.158033       -0.081680
     C    3       -0.330082       -0.081680        0.404633

     H    4       -0.160876       -0.178050       -0.430198
     H    4       -0.178050        0.326215       -0.358998
     H    4       -0.430198       -0.358998       -0.165339

     C    5       -0.055700       -0.175126       -0.304989
     C    5       -0.175126       -0.188457       -0.348222
     C    5       -0.304989       -0.348222        0.244156

     H    6        0.439852        0.041409        0.092401
     H    6        0.041409       -0.216637       -0.632580
     H    6        0.092401       -0.632580       -0.223215

     H    7        0.414687        0.048143       -0.060074
     H    7        0.048143       -0.549087        0.633958
     H    7       -0.060074        0.633958        0.134400

     C    8       -0.818848       -0.410690       -0.391104
     C    8       -0.410690        0.507149        0.156765
     C    8       -0.391104        0.156765        0.311698

     H    9        0.173228       -0.043283       -0.364125
     H    9       -0.043283        0.064029       -0.278978
     H    9       -0.364125       -0.278978       -0.237257

     C   10        0.221809       -0.220301        0.048571
     C   10       -0.220301       -0.193162        0.394143
     C   10        0.048571        0.394143       -0.028648

     C   11       -0.377280       -0.328911       -0.409374
     C   11       -0.328911        0.156846        0.082462
     C   11       -0.409374        0.082462        0.220434

     Cl  12        0.063772        0.294533        0.103161
     Cl  12        0.294533       -0.346114       -0.225583
     Cl  12        0.103161       -0.225583        0.282341

     H   13        0.413988       -0.042758        0.252413
     H   13       -0.042758        0.119841       -0.125442
     H   13        0.252413       -0.125442       -0.533830

     C   14       -0.533306        0.295957       -0.054487
     C   14        0.295957        0.196728       -0.000028
     C   14       -0.054487       -0.000028        0.336578

     H   15        0.035245        0.187348       -0.431978
     H   15        0.187348       -0.059557        0.159814
     H   15       -0.431978        0.159814        0.024312

     C   16        0.192479        0.035228       -0.196459
     C   16        0.035228       -0.117004       -0.557056
     C   16       -0.196459       -0.557056       -0.075474

     C   17       -0.742327        0.363010       -0.367063
     C   17        0.363010        0.305340       -0.058538
     C   17       -0.367063       -0.058538        0.436986

     Cl  18        0.035533       -0.161753       -0.041550
     Cl  18       -0.161753        0.068804        0.032690
     Cl  18       -0.041550        0.032690       -0.104338

     H   19        0.418251        0.265278       -0.022382
     H   19        0.265278       -0.770846        0.237897
     H   19       -0.022382        0.237897        0.352595

     C   20       -0.053637       -0.308516       -0.068664
     C   20       -0.308516       -0.109964        0.398957
     C   20       -0.068664        0.398957        0.163601

     H   21        0.035619        0.165740       -0.506034
     H   21        0.165740        0.430489        0.296450
     H   21       -0.506034        0.296450       -0.466108

     C   22       -0.763458       -0.376234       -0.333796
     C   22       -0.376234        0.273959       -0.005358
     C   22       -0.333796       -0.005358        0.489499

     C   23        0.061301       -0.075000       -0.141892
     C   23       -0.075000       -0.428469        0.350285
     C   23       -0.141892        0.350285        0.367167

     Cl  24       -0.223694       -0.151275       -0.058794
     Cl  24       -0.151275       -0.086958       -0.109402
     Cl  24       -0.058794       -0.109402        0.310652

     ----- ionic term -----
     Cl   1        0.133181       -0.191648       -0.014421
     Cl   1       -0.191648       -0.006341        0.023836
     Cl   1       -0.014421        0.023836       -0.126840

     C    2        0.161221       -0.213714        0.297790
     C    2       -0.213714       -0.069161        0.461751
     C    2        0.297790        0.461751       -0.092060

     C    3        0.126336       -0.271832        0.162952
     C    3       -0.271832        0.034447        0.433512
     C    3        0.162952        0.433512       -0.160783

     H    4        0.622730        0.134759        0.744098
     H    4        0.134759       -0.542120        0.161388
     H    4        0.744098        0.161388       -0.080611

     C    5        0.180378       -0.166391        0.237928
     C    5       -0.166391        0.002677        0.362504
     C    5        0.237928        0.362504       -0.183055

     H    6       -0.548210        0.109113        0.080134
     H    6        0.109113        0.544783        0.787358
     H    6        0.080134        0.787358        0.003428

     H    7       -0.523839       -0.118936        0.053261
     H    7       -0.118936        0.788365       -0.587585
     H    7        0.053261       -0.587585       -0.264525

     C    8        0.075840        0.254774        0.314550
     C    8        0.254774        0.196493       -0.203637
     C    8        0.314550       -0.203637       -0.272334

     H    9        0.403485       -0.053739        0.801077
     H    9       -0.053739       -0.469304       -0.122469
     H    9        0.801077       -0.122469        0.065820

     C   10       -0.004101        0.332141        0.276075
     C   10        0.332141        0.237550       -0.308350
     C   10        0.276075       -0.308350       -0.233449

     C   11        0.061911        0.262992        0.317811
     C   11        0.262992        0.169187       -0.375469
     C   11        0.317811       -0.375469       -0.231098

     Cl  12        0.118690        0.229821        0.034649
     Cl  12        0.229821        0.040010        0.009707
     Cl  12        0.034649        0.009707       -0.158700

     H   13       -0.465352       -0.189583       -0.130851
     H   13       -0.189583        0.333770        0.777433
     H   13       -0.130851        0.777433        0.131583

     C   14        0.294257       -0.331043        0.225711
     C   14       -0.331043       -0.127645        0.341674
     C   14        0.225711        0.341674       -0.166612

     H   15        0.485065        0.048799        0.769144
     H   15        0.048799       -0.523795        0.145114
     H   15        0.769144        0.145114        0.038729

     C   16        0.156708       -0.358813        0.153706
     C   16       -0.358813       -0.013392        0.436792
     C   16        0.153706        0.436792       -0.143316

     C   17        0.138439       -0.180359        0.283415
     C   17       -0.180359       -0.053724        0.461246
     C   17        0.283415        0.461246       -0.084715

     Cl  18        0.141069       -0.215533        0.016411
     Cl  18       -0.215533       -0.025784       -0.005439
     Cl  18        0.016411       -0.005439       -0.115285

     H   19       -0.511757       -0.064094        0.053772
     H   19       -0.064094        0.767218       -0.607335
     H   19        0.053772       -0.607335       -0.255461

     C   20        0.173589        0.266570        0.357521
     C   20        0.266570        0.124139       -0.207100
     C   20        0.357521       -0.207100       -0.297728

     H   21        0.426349       -0.133082        0.806268
     H   21       -0.133082       -0.520481       -0.170263
     H   21        0.806268       -0.170263        0.094132

     C   22        0.052302        0.290739        0.292939
     C   22        0.290739        0.230839       -0.303481
     C   22        0.292939       -0.303481       -0.283141

     C   23        0.019278        0.219376        0.286910
     C   23        0.219376        0.221004       -0.369222
     C   23        0.286910       -0.369222       -0.240282

     Cl  24        0.092021        0.198995        0.013400
     Cl  24        0.198995        0.062253        0.008239
     Cl  24        0.013400        0.008239       -0.154274

     ----- GIPAW term -----
     Cl   1       -1.224596       -0.981672        0.520770
     Cl   1       -0.981672        1.376290       -2.101019
     Cl   1        0.520770       -2.101019       -0.151694

     C    2       -0.034318       -0.167529       -0.040059
     C    2       -0.167529        0.182372       -0.093246
     C    2       -0.040059       -0.093246       -0.148054

     C    3       -0.119976       -0.126968       -0.120139
     C    3       -0.126968        0.159716        0.125987
     C    3       -0.120139        0.125987       -0.039740

     H    4       -0.000000        0.000000        0.000000
     H    4        0.000000        0.000000        0.000000
     H    4        0.000000        0.000000        0.000000

     C    5       -0.079441       -0.119572       -0.090248
     C    5       -0.119572        0.036258        0.122059
     C    5       -0.090248        0.122059        0.043183

     H    6       -0.000000        0.000000        0.000000
     H    6        0.000000        0.000000        0.000000
     H    6        0.000000        0.000000        0.000000

     H    7       -0.000000        0.000000        0.000000
     H    7        0.000000        0.000000        0.000000
     H    7        0.000000        0.000000        0.000000

     C    8       -0.219134       -0.122769       -0.045030
     C    8       -0.122769        0.308624        0.010864
     C    8       -0.045030        0.010864       -0.089490

     H    9       -0.000000        0.000000        0.000000
     H    9        0.000000        0.000000        0.000000
     H    9        0.000000        0.000000        0.000000

     C   10       -0.011344       -0.059736        0.008539
     C   10       -0.059736        0.082229        0.045043
     C   10        0.008539        0.045043       -0.070885

     C   11       -0.036849       -0.088893       -0.057700
     C   11       -0.088893        0.123963        0.033249
     C   11       -0.057700        0.033249       -0.087113

     Cl  12        0.256483        0.054964       -0.246545
     Cl  12        0.054964        0.670333        0.385159
     Cl  12       -0.246545        0.385159       -0.926816

     H   13       -0.000000        0.000000        0.000000
     H   13        0.000000        0.000000        0.000000
     H   13        0.000000        0.000000        0.000000

     C   14       -0.071081       -0.031618        0.026202
     C   14       -0.031618        0.082679       -0.012781
     C   14        0.026202       -0.012781       -0.011598

     H   15       -0.000000        0.000000        0.000000
     H   15        0.000000        0.000000        0.000000
     H   15        0.000000        0.000000        0.000000

     C   16       -0.063081       -0.028235       -0.017252
     C   16       -0.028235        0.186844       -0.054920
     C   16       -0.017252       -0.054920       -0.123763

     C   17       -0.170202       -0.083536       -0.073225
     C   17       -0.083536        0.226849        0.150426
     C   17       -0.073225        0.150426       -0.056647

     Cl  18        1.449498       -3.541920       -0.412021
     Cl  18       -3.541920        0.890371        0.340448
     Cl  18       -0.412021        0.340448       -2.339869

     H   19       -0.000000        0.000000        0.000000
     H   19        0.000000        0.000000        0.000000
     H   19        0.000000        0.000000        0.000000

     C   20       -0.065925       -0.165002        0.037917
     C   20       -0.165002        0.187705       -0.000959
     C   20        0.037917       -0.000959       -0.121780

     H   21       -0.000000        0.000000        0.000000
     H   21        0.000000        0.000000        0.000000
     H   21        0.000000        0.000000        0.000000

     C   22       -0.248112       -0.088206       -0.013511
     C   22       -0.088206        0.136745       -0.199495
     C   22       -0.013511       -0.199495        0.111367

     C   23       -0.074866        0.040422        0.034095
     C   23        0.040422       -0.010502       -0.193017
     C   23        0.034095       -0.193017        0.085367

     Cl  24       -0.556588        1.489028       -0.561705
     Cl  24        1.489028       -0.777126       -1.268634
     Cl  24       -0.561705       -1.268634        1.333714

     ----- total EFG -----
     Cl   1       -1.375667       -0.820438        0.553745
     Cl   1       -0.820438        1.407423       -2.144625
     Cl   1        0.553745       -2.144625       -0.031756

     C    2        0.146475       -0.655073       -0.155879
     C    2       -0.655073        0.096410       -0.319571
     C    2       -0.155879       -0.319571       -0.242885

     C    3       -0.556306       -0.079119       -0.287269
     C    3       -0.079119        0.352195        0.477819
     C    3       -0.287269        0.477819        0.204111

     H    4        0.461854       -0.043292        0.313900
     H    4       -0.043292       -0.215904       -0.197609
     H    4        0.313900       -0.197609       -0.245950

     C    5        0.045238       -0.461089       -0.157308
     C    5       -0.461089       -0.149522        0.136340
     C    5       -0.157308        0.136340        0.104285

     H    6       -0.108359        0.150522        0.172535
     H    6        0.150522        0.328146        0.154778
     H    6        0.172535        0.154778       -0.219788

     H    7       -0.109153       -0.070793       -0.006814
     H    7       -0.070793        0.239278        0.046373
     H    7       -0.006814        0.046373       -0.130125

     C    8       -0.962141       -0.278685       -0.121585
     C    8       -0.278685        1.012267       -0.036009
     C    8       -0.121585       -0.036009       -0.050125

     H    9        0.576713       -0.097022        0.436952
     H    9       -0.097022       -0.405275       -0.401446
     H    9        0.436952       -0.401446       -0.171437

     C   10        0.206364        0.052104        0.333185
     C   10        0.052104        0.126618        0.130835
     C   10        0.333185        0.130835       -0.332982

     C   11       -0.352218       -0.154812       -0.149264
     C   11       -0.154812        0.449995       -0.259758
     C   11       -0.149264       -0.259758       -0.097777

     Cl  12        0.438946        0.579318       -0.108735
     Cl  12        0.579318        0.364229        0.169282
     Cl  12       -0.108735        0.169282       -0.803175

     H   13       -0.051364       -0.232341        0.121562
     H   13       -0.232341        0.453611        0.651991
     H   13        0.121562        0.651991       -0.402247

     C   14       -0.310130       -0.066704        0.197426
     C   14       -0.066704        0.151763        0.328865
     C   14        0.197426        0.328865        0.158367

     H   15        0.520310        0.236147        0.337166
     H   15        0.236147       -0.583352        0.304929
     H   15        0.337166        0.304929        0.063041

     C   16        0.286106       -0.351820       -0.060004
     C   16       -0.351820        0.056448       -0.175184
     C   16       -0.060004       -0.175184       -0.342554

     C   17       -0.774091        0.099115       -0.156873
     C   17        0.099115        0.478466        0.553134
     C   17       -0.156873        0.553134        0.295625

     Cl  18        1.626101       -3.919207       -0.437159
     Cl  18       -3.919207        0.933391        0.367699
     Cl  18       -0.437159        0.367699       -2.559492

     H   19       -0.093506        0.201183        0.031390
     H   19        0.201183       -0.003629       -0.369438
     H   19        0.031390       -0.369438        0.097134

     C   20        0.054028       -0.206948        0.326774
     C   20       -0.206948        0.201879        0.190899
     C   20        0.326774        0.190899       -0.255907

     H   21        0.461968        0.032659        0.300234
     H   21        0.032659       -0.089992        0.126186
     H   21        0.300234        0.126186       -0.371975

     C   22       -0.959268       -0.173701       -0.054368
     C   22       -0.173701        0.641543       -0.508333
     C   22       -0.054368       -0.508333        0.317725

     C   23        0.005713        0.184797        0.179114
     C   23        0.184797       -0.217966       -0.211954
     C   23        0.179114       -0.211954        0.212253

     Cl  24       -0.688260        1.536748       -0.607099
     Cl  24        1.536748       -0.801831       -1.369797
     Cl  24       -0.607099       -1.369797        1.490092

     ----- total EFG (symmetrized) -----
     Cl   1       -1.375667       -0.820438        0.553745
     Cl   1       -0.820438        1.407423       -2.144625
     Cl   1        0.553745       -2.144625       -0.031756

     C    2        0.146475       -0.655073       -0.155879
     C    2       -0.655073        0.096410       -0.319571
     C    2       -0.155879       -0.319571       -0.242885

     C    3       -0.556306       -0.079119       -0.287269
     C    3       -0.079119        0.352195        0.477819
     C    3       -0.287269        0.477819        0.204111

     H    4        0.461854       -0.043292        0.313900
     H    4       -0.043292       -0.215904       -0.197609
     H    4        0.313900       -0.197609       -0.245950

     C    5        0.045238       -0.461089       -0.157308
     C    5       -0.461089       -0.149522        0.136340
     C    5       -0.157308        0.136340        0.104285

     H    6       -0.108359        0.150522        0.172535
     H    6        0.150522        0.328146        0.154778
     H    6        0.172535        0.154778       -0.219788

     H    7       -0.109153       -0.070793       -0.006814
     H    7       -0.070793        0.239278        0.046373
     H    7       -0.006814        0.046373       -0.130125

     C    8       -0.962141       -0.278685       -0.121585
     C    8       -0.278685        1.012267       -0.036009
     C    8       -0.121585       -0.036009       -0.050125

     H    9        0.576713       -0.097022        0.436952
     H    9       -0.097022       -0.405275       -0.401446
     H    9        0.436952       -0.401446       -0.171437

     C   10        0.206364        0.052104        0.333185
     C   10        0.052104        0.126618        0.130835
     C   10        0.333185        0.130835       -0.332982

     C   11       -0.352218       -0.154812       -0.149264
     C   11       -0.154812        0.449995       -0.259758
     C   11       -0.149264       -0.259758       -0.097777

     Cl  12        0.438946        0.579318       -0.108735
     Cl  12        0.579318        0.364229        0.169282
     Cl  12       -0.108735        0.169282       -0.803175

     H   13       -0.051364       -0.232341        0.121562
     H   13       -0.232341        0.453611        0.651991
     H   13        0.121562        0.651991       -0.402247

     C   14       -0.310130       -0.066704        0.197426
     C   14       -0.066704        0.151763        0.328865
     C   14        0.197426        0.328865        0.158367

     H   15        0.520310        0.236147        0.337166
     H   15        0.236147       -0.583352        0.304929
     H   15        0.337166        0.304929        0.063041

     C   16        0.286106       -0.351820       -0.060004
     C   16       -0.351820        0.056448       -0.175184
     C   16       -0.060004       -0.175184       -0.342554

     C   17       -0.774091        0.099115       -0.156873
     C   17        0.099115        0.478466        0.553134
     C   17       -0.156873        0.553134        0.295625

     Cl  18        1.626101       -3.919207       -0.437159
     Cl  18       -3.919207        0.933391        0.367699
     Cl  18       -0.437159        0.367699       -2.559492

     H   19       -0.093506        0.201183        0.031390
     H   19        0.201183       -0.003629       -0.369438
     H   19        0.031390       -0.369438        0.097134

     C   20        0.054028       -0.206948        0.326774
     C   20       -0.206948        0.201879        0.190899
     C   20        0.326774        0.190899       -0.255907

     H   21        0.461968        0.032659        0.300234
     H   21        0.032659       -0.089992        0.126186
     H   21        0.300234        0.126186       -0.371975

     C   22       -0.959268       -0.173701       -0.054368
     C   22       -0.173701        0.641543       -0.508333
     C   22       -0.054368       -0.508333        0.317725

     C   23        0.005713        0.184797        0.179114
     C   23        0.184797       -0.217966       -0.211954
     C   23        0.179114       -0.211954        0.212253

     Cl  24       -0.688260        1.536748       -0.607099
     Cl  24        1.536748       -0.801831       -1.369797
     Cl  24       -0.607099       -1.369797        1.490092


     NQR/NMR SPECTROSCOPIC PARAMETERS:
     Cl   1    Vxx=   -1.5527    axis=(  0.585425 -0.362963 -0.724939)
     Cl   1    Vyy=   -1.6128    axis=( -0.782278 -0.487695 -0.387549)
     Cl   1    Vzz=    3.1655    axis=( -0.212883  0.793984 -0.569447)
     Cl   1  Q=        -8.1650 1e-30 m^2  Cq=       -60.7290 MHz  eta= 0.01899

     C    2    Vxx=   -0.0304    axis=( -0.464724 -0.321782  0.824917)
     C    2    Vyy=   -0.7592    axis=(  0.548544  0.626697  0.553489)
     C    2    Vzz=    0.7896    axis=( -0.695076  0.709723 -0.114729)
     C    2  Q=         1.0000 1e-30 m^2  Cq=         1.8553 MHz  eta= 0.92297

     C    3    Vxx=   -0.1471    axis=( -0.328877 -0.679639  0.655691)
     C    3    Vyy=   -0.6603    axis=( -0.926729  0.098678 -0.362541)
     C    3    Vzz=    0.8073    axis=(  0.181695 -0.726879 -0.662294)
     C    3  Q=         1.0000 1e-30 m^2  Cq=         1.8969 MHz  eta= 0.63566

     H    4    Vxx=   -0.1175    axis=(  0.319838  0.818363 -0.477478)
     H    4    Vyy=   -0.4791    axis=( -0.239537  0.557420  0.794924)
     H    4    Vzz=    0.5966    axis=(  0.916693 -0.139874  0.374313)
     H    4  Q=         1.0000 1e-30 m^2  Cq=         1.4019 MHz  eta= 0.60603

     C    5    Vxx=    0.0009    axis=(  0.353266 -0.271449  0.895276)
     C    5    Vyy=    0.5226    axis=( -0.693619  0.566170  0.445358)
     C    5    Vzz=   -0.5235    axis=( -0.627770 -0.778310  0.011727)
     C    5  Q=         1.0000 1e-30 m^2  Cq=        -1.2300 MHz  eta= 0.99666

     H    6    Vxx=   -0.0898    axis=(  0.758543 -0.448339  0.472870)
     H    6    Vyy=   -0.3478    axis=(  0.555678  0.066031 -0.828771)
     H    6    Vzz=    0.4376    axis=(  0.340346  0.891422  0.299219)
     H    6  Q=         1.0000 1e-30 m^2  Cq=         1.0281 MHz  eta= 0.58970

     H    7    Vxx=   -0.1226    axis=(  0.971971  0.169218  0.163210)
     H    7    Vyy=   -0.1361    axis=(  0.138826  0.147154 -0.979323)
     H    7    Vzz=    0.2587    axis=( -0.189736  0.974531  0.119537)
     H    7  Q=         1.0000 1e-30 m^2  Cq=         0.6080 MHz  eta= 0.05220

     C    8    Vxx=   -0.0342    axis=( -0.129784 -0.000444  0.991542)
     C    8    Vyy=   -1.0170    axis=(  0.982162  0.137167  0.128618)
     C    8    Vzz=    1.0512    axis=( -0.136064  0.990548 -0.017366)
     C    8  Q=         1.0000 1e-30 m^2  Cq=         2.4699 MHz  eta= 0.93494

     H    9    Vxx=   -0.0978    axis=( -0.482130 -0.635399  0.603174)
     H    9    Vyy=   -0.7369    axis=(  0.161936 -0.741245 -0.651408)
     H    9    Vzz=    0.8347    axis=(  0.861004 -0.216387  0.460270)
     H    9  Q=         1.0000 1e-30 m^2  Cq=         1.9612 MHz  eta= 0.76564

     C   10    Vxx=    0.1015    axis=(  0.389518 -0.920769  0.021432)
     C   10    Vyy=    0.4052    axis=(  0.825099  0.359197  0.436108)
     C   10    Vzz=   -0.5067    axis=( -0.409253 -0.152188  0.899639)
     C   10  Q=         1.0000 1e-30 m^2  Cq=        -1.1905 MHz  eta= 0.59923

     C   11    Vxx=   -0.0707    axis=( -0.552927  0.234467  0.799560)
     C   11    Vyy=   -0.4919    axis=(  0.826987  0.271668  0.492229)
     C   11    Vzz=    0.5626    axis=(  0.101803 -0.933393  0.344114)
     C   11  Q=         1.0000 1e-30 m^2  Cq=         1.3220 MHz  eta= 0.74859

     Cl  12    Vxx=   -0.1216    axis=( -0.663627  0.694358  0.278327)
     Cl  12    Vyy=   -0.8613    axis=(  0.176601 -0.216126  0.960261)
     Cl  12    Vzz=    0.9829    axis=( -0.726919 -0.686408 -0.020803)
     Cl  12  Q=        -8.1650 1e-30 m^2  Cq=       -18.8558 MHz  eta= 0.75257

     H   13    Vxx=   -0.0138    axis=(  0.945658  0.017127  0.324711)
     H   13    Vyy=   -0.8170    axis=(  0.277442  0.478292 -0.833224)
     H   13    Vzz=    0.8308    axis=( -0.169578  0.878034  0.447549)
     H   13  Q=         1.0000 1e-30 m^2  Cq=         1.9521 MHz  eta= 0.96671

     C   14    Vxx=   -0.0488    axis=(  0.554515 -0.655708  0.512406)
     C   14    Vyy=   -0.4467    axis=( -0.823055 -0.341236  0.454026)
     C   14    Vzz=    0.4955    axis=(  0.122857  0.673502  0.728904)
     C   14  Q=         1.0000 1e-30 m^2  Cq=         1.1643 MHz  eta= 0.80295

     H   15    Vxx=   -0.0778    axis=( -0.545452  0.231127  0.805644)
     H   15    Vyy=   -0.7130    axis=( -0.089628  0.939630 -0.330246)
     H   15    Vzz=    0.7908    axis=( -0.833336 -0.252342 -0.491808)
     H   15  Q=         1.0000 1e-30 m^2  Cq=         1.8581 MHz  eta= 0.80335

     C   16    Vxx=   -0.0811    axis=(  0.527486  0.644858 -0.553098)
     C   16    Vyy=   -0.4638    axis=(  0.289590  0.475568  0.830646)
     C   16    Vzz=    0.5449    axis=( -0.798684  0.598325 -0.064111)
     C   16  Q=         1.0000 1e-30 m^2  Cq=         1.2802 MHz  eta= 0.70238

     C   17    Vxx=   -0.1219    axis=( -0.270923 -0.627685  0.729803)
     C   17    Vyy=   -0.8262    axis=( -0.962479  0.164586 -0.215742)
     C   17    Vzz=    0.9481    axis=(  0.015303 -0.760870 -0.648724)
     C   17  Q=         1.0000 1e-30 m^2  Cq=         2.2276 MHz  eta= 0.74290

     Cl  18    Vxx=   -2.5920    axis=( -0.190541 -0.309007  0.931777)
     Cl  18    Vyy=   -2.6639    axis=( -0.649881 -0.671691 -0.355649)
     Cl  18    Vzz=    5.2559    axis=(  0.735764 -0.673310 -0.072833)
     Cl  18  Q=        -8.1650 1e-30 m^2  Cq=      -100.8319 MHz  eta= 0.01367

     H   19    Vxx=   -0.0225    axis=( -0.850592 -0.226041 -0.474762)
     H   19    Vyy=   -0.4208    axis=(  0.480839 -0.699776 -0.528306)
     H   19    Vzz=    0.4433    axis=( -0.212808 -0.677657  0.703913)
     H   19  Q=         1.0000 1e-30 m^2  Cq=         1.0416 MHz  eta= 0.89839

     C   20    Vxx=    0.2091    axis=(  0.549749  0.562753  0.617321)
     C   20    Vyy=    0.3513    axis=( -0.647183  0.754184 -0.111176)
     C   20    Vzz=   -0.5604    axis=( -0.528138 -0.338401  0.778817)
     C   20  Q=         1.0000 1e-30 m^2  Cq=        -1.3168 MHz  eta= 0.25373

     H   21    Vxx=   -0.0676    axis=(  0.182461 -0.958849 -0.217522)
     H   21    Vyy=   -0.4988    axis=(  0.279648  0.262709 -0.923461)
     H   21    Vzz=    0.5664    axis=(  0.942605  0.107666  0.316075)
     H   21  Q=         1.0000 1e-30 m^2  Cq=         1.3308 MHz  eta= 0.76136

     C   22    Vxx=   -0.0310    axis=( -0.153960  0.570147  0.806987)
     C   22    Vyy=   -0.9881    axis=( -0.986538 -0.134275 -0.093349)
     C   22    Vzz=    1.0191    axis=(  0.055136 -0.810495  0.583145)
     C   22  Q=         1.0000 1e-30 m^2  Cq=         2.3945 MHz  eta= 0.93907

     C   23    Vxx=    0.1005    axis=(  0.795738  0.579313 -0.176626)
     C   23    Vyy=    0.3369    axis=( -0.363869  0.224164 -0.904074)
     C   23    Vzz=   -0.4374    axis=( -0.484149  0.783675  0.389170)
     C   23  Q=         1.0000 1e-30 m^2  Cq=        -1.0277 MHz  eta= 0.54049

     Cl  24    Vxx=   -0.2325    axis=(  0.683659  0.434432  0.586412)
     Cl  24    Vyy=   -2.3807    axis=( -0.628305  0.759143  0.170103)
     Cl  24    Vzz=    2.6131    axis=( -0.371272 -0.484738  0.791951)
     Cl  24  Q=        -8.1650 1e-30 m^2  Cq=       -50.1316 MHz  eta= 0.82207

     Initialization:
     gipaw_setup  :      9.52s CPU     11.29s WALL (       1 calls)

     Linear response

     Apply operators

     Induced current

     Other routines
     efg          :      9.62s CPU     13.08s WALL (       1 calls)

     General routines
     calbec       :      3.39s CPU      5.04s WALL (      16 calls)
     fft          :      1.51s CPU      2.29s WALL (      15 calls)
     ffts         :      0.04s CPU      0.07s WALL (       2 calls)
     fftw         :      3.41s CPU      4.34s WALL (     672 calls)
     davcio       :      0.04s CPU      0.33s WALL (      32 calls)

     Parallel routines
     fft_scatter  :      2.33s CPU      3.86s WALL (     689 calls)

     Plugins

     GIPAW        :     61.70s CPU     80.49s WALL (       1 calls)
