
     Program QE v.6.0 (svn rev. 13079) starts on 23Jan2017 at 12:38:34 

     This program is part of the open-source Quantum ESPRESSO suite
     for quantum simulation of materials; please cite
         "P. Giannozzi et al., J. Phys.:Condens. Matter 21 395502 (2009);
          URL http://www.quantum-espresso.org", 
     in publications or presentations arising from this work. More details at
     http://www.quantum-espresso.org/quote

     Parallel version (MPI), running on     8 processors
     R & G space division:  proc/nbgrp/npool/nimage =       8

     ***** This is GIPAW svn revision unknown      *****

     Parallelizing q-star over 1 images

     Reading data from directory:
     /users/majewski/paradichlorobenzene/pbe/9_constraint/scratch/pbe.ecut100.np8.dt60.pcl2phi-129368.save
     Message from routine read_xml_file:
     file /users/majewski/paradichlorobenzene/pbe/9_constraint/scratch/pbe.ecut100.np8.dt60.pcl2phi-129368.save not guaranteed to be safe for post-processing

   Info: using nr1, nr2, nr3 values from input

   Info: using nr1, nr2, nr3 values from input

     IMPORTANT: XC functional enforced from input :
     Exchange-correlation      =  SLA  PW   PBX  PBC ( 1  4  3  4 0 0)
     Any further DFT definition will be discarded
     Please, verify this is what you really want

               file C.pbe-n-kjpaw_psl.1.0.0.UPF: wavefunction(s)  2S 2P renormalized
               file Cl.pbe-n-kjpaw_psl.1.0.0.UPF: wavefunction(s)  3S 3P renormalized
               file H.pbe-kjpaw_psl.1.0.0.UPF: wavefunction(s)  1S renormalized

     Parallelization info
     --------------------
     sticks:   dense  smooth     PW     G-vecs:    dense   smooth      PW
     Min        3057    1223    332               144436    36536    5170
     Max        3059    1225    333               144437    36537    5171
     Sum       24467    9791   2657              1155489   292295   41363


     Subspace diagonalization in iterative solution of the eigenvalue problem:
     a serial algorithm will be used

     GIPAW projectors -----------------------------------------------
     atom=  C    l=0  rc=    1.2000  rs=    0.8000
     atom=  C    l=0  rc=    1.2000  rs=    0.8000
     atom=  C    l=1  rc=    1.4000  rs=    0.9333
     atom=  C    l=1  rc=    1.4000  rs=    0.9333
     projs nearly linearly dependent: l=1  n1,n2= 1, 2  s=  0.99951561

     atom=  Cl   l=0  rc=    1.6000  rs=    1.0667
     atom=  Cl   l=0  rc=    1.6000  rs=    1.0667
     atom=  Cl   l=1  rc=    1.6000  rs=    1.0667
     atom=  Cl   l=1  rc=    1.6000  rs=    1.0667
     atom=  Cl   l=2  rc=    1.6000  rs=    1.0667
     atom=  Cl   l=2  rc=    1.6000  rs=    1.0667
     projs nearly linearly dependent: l=2  n1,n2= 1, 2  s=  0.99993509

     atom=  H    l=0  rc=    1.0000  rs=    0.6667
     atom=  H    l=0  rc=    1.0000  rs=    0.6667
     projs nearly linearly dependent: l=0  n1,n2= 1, 2  s=  0.99968852
     -----------------------------------------------------------------

     GIPAW integrals: -------------------------------------------
     Atom  i/j   nmr_para   nmr_dia   epr_rmc  epr_para   epr_dia
       C   1 1   0.83E+03  0.17E-01  0.93E+01  0.24E+08  0.24E+03
       C   2 1   0.86E+03 -0.61E-01  0.94E+01  0.25E+08  0.25E+03
       C   2 2   0.90E+03 -0.15E+00  0.97E+01  0.26E+08  0.26E+03
       C   3 3   0.33E+01  0.34E+00  0.18E+01  0.55E+03  0.21E+02
       C   4 3   0.35E+01  0.37E+00  0.20E+01  0.59E+03  0.22E+02
       C   4 4   0.38E+01  0.39E+00  0.22E+01  0.63E+03  0.24E+02
       Cl  1 1   0.14E+04 -0.47E+00  0.84E+01  0.32E+09  0.42E+03
       Cl  2 1   0.21E+04 -0.37E+00  0.12E+02  0.49E+09  0.65E+03
       Cl  2 2   0.33E+04 -0.16E+00  0.21E+02  0.76E+09  0.10E+04
       Cl  3 3   0.21E+02  0.79E-01  0.89E+01  0.23E+05  0.13E+03
       Cl  4 3   0.24E+02  0.67E-01  0.99E+01  0.27E+05  0.15E+03
       Cl  4 4   0.28E+02  0.44E-01  0.11E+02  0.32E+05  0.18E+03
       Cl  5 5   0.77E+00  0.19E+00  0.18E+01  0.12E+03  0.22E+02
       Cl  6 5   0.80E+00  0.19E+00  0.19E+01  0.12E+03  0.23E+02
       Cl  6 6   0.83E+00  0.20E+00  0.19E+01  0.12E+03  0.23E+02
       H   1 1   0.39E+02  0.19E+00  0.29E+00  0.78E+05  0.13E+02
       H   2 1   0.41E+02  0.21E+00  0.32E+00  0.82E+05  0.14E+02
       H   2 2   0.43E+02  0.22E+00  0.36E+00  0.86E+05  0.15E+02
     ------------------------------------------------------------

     alpha_pv=     33.7360 eV

     Number of occupied bands for each k-point:
     k-point:     1    nbnd_occ=  42
     k-point:     2    nbnd_occ=  42
     k-point:     3    nbnd_occ=  42
     k-point:     4    nbnd_occ=  42
     k-point:     5    nbnd_occ=  42
     k-point:     6    nbnd_occ=  42
     k-point:     7    nbnd_occ=  42
     k-point:     8    nbnd_occ=  42
     k-point:     9    nbnd_occ=  42
     k-point:    10    nbnd_occ=  42
     k-point:    11    nbnd_occ=  42
     k-point:    12    nbnd_occ=  42
     k-point:    13    nbnd_occ=  42
     k-point:    14    nbnd_occ=  42
     k-point:    15    nbnd_occ=  42
     k-point:    16    nbnd_occ=  42


     q-space interpolation up to   110.00 Rydberg

     GIPAW job: efg                                                                             


     ELECTRIC FIELD GRADIENTS TENSORS IN Hartree/bohrradius^2:

     ----- bare term -----
     Cl   1        0.041809        0.097962       -0.058261
     Cl   1        0.097962        0.062769       -0.046462
     Cl   1       -0.058261       -0.046462       -0.104578

     C    2        0.065364        0.507085       -0.111560
     C    2        0.507085       -0.270719       -0.522897
     C    2       -0.111560       -0.522897        0.205355

     C    3       -0.197097        0.153503       -0.235544
     C    3        0.153503       -0.013384       -0.248108
     C    3       -0.235544       -0.248108        0.210481

     H    4       -0.375878       -0.483633        0.089267
     H    4       -0.483633        0.078048        0.112227
     H    4        0.089267        0.112227        0.297830

     C    5       -0.048671        0.440868       -0.218040
     C    5        0.440868       -0.284827       -0.350874
     C    5       -0.218040       -0.350874        0.333498

     H    6        0.068447       -0.507369        0.113491
     H    6       -0.507369       -0.461817       -0.072215
     H    6        0.113491       -0.072215        0.393370

     H    7        0.109845        0.058008       -0.326102
     H    7        0.058008       -0.204114        0.464711
     H    7       -0.326102        0.464711        0.094269

     C    8       -0.294801       -0.345028       -0.009464
     C    8       -0.345028       -0.076718        0.347894
     C    8       -0.009464        0.347894        0.371519

     H    9        0.106182       -0.048538       -0.410848
     H    9       -0.048538        0.188039       -0.218924
     H    9       -0.410848       -0.218924       -0.294221

     C   10       -0.040808        0.095837       -0.208556
     C   10        0.095837       -0.085995        0.507725
     C   10       -0.208556        0.507725        0.126803

     C   11       -0.352695       -0.339931       -0.102570
     C   11       -0.339931       -0.090697        0.450598
     C   11       -0.102570        0.450598        0.443393

     Cl  12       -0.037712        0.075336       -0.041976
     Cl  12        0.075336        0.061903        0.114088
     Cl  12       -0.041976        0.114088       -0.024191

     H   13        0.503511       -0.170290        0.017210
     H   13       -0.170290       -0.636139        0.096666
     H   13        0.017210        0.096666        0.132628

     C   14       -0.544178       -0.062421       -0.259990
     C   14       -0.062421       -0.015325       -0.322686
     C   14       -0.259990       -0.322686        0.559503

     H   15       -0.318829       -0.437766       -0.159840
     H   15       -0.437766        0.118455        0.127646
     H   15       -0.159840        0.127646        0.200374

     C   16       -0.066450        0.380231        0.103433
     C   16        0.380231       -0.547805       -0.464039
     C   16        0.103433       -0.464039        0.614255

     C   17       -0.096190       -0.139104       -0.381318
     C   17       -0.139104       -0.075137       -0.474040
     C   17       -0.381318       -0.474040        0.171326

     Cl  18        0.008370        0.254166       -0.131409
     Cl  18        0.254166       -0.104058       -0.043613
     Cl  18       -0.131409       -0.043613        0.095688

     H   19        0.042445       -0.141838        0.367107
     H   19       -0.141838        0.010501        0.467306
     H   19        0.367107        0.467306       -0.052946

     C   20       -0.054131        0.096047       -0.453211
     C   20        0.096047        0.064761        0.365352
     C   20       -0.453211        0.365352       -0.010630

     H   21        0.145388        0.056203       -0.134594
     H   21        0.056203        0.453591       -0.057271
     H   21       -0.134594       -0.057271       -0.598979

     C   22       -0.015488       -0.473140       -0.091456
     C   22       -0.473140       -0.255619        0.061045
     C   22       -0.091456        0.061045        0.271108

     C   23        0.097812        0.165852       -0.625915
     C   23        0.165852       -0.206360        0.535985
     C   23       -0.625915        0.535985        0.108548

     Cl  24       -0.083976       -0.294653       -0.137141
     Cl  24       -0.294653       -0.095161        0.055186
     Cl  24       -0.137141        0.055186        0.179137

     ----- ionic term -----
     Cl   1        0.133927       -0.180584       -0.013386
     Cl   1       -0.180584        0.012611        0.000625
     Cl   1       -0.013386        0.000625       -0.146539

     C    2        0.286599       -0.053924        0.139484
     C    2       -0.053924        0.215668        0.319967
     C    2        0.139484        0.319967       -0.502267

     C    3        0.256056       -0.182701        0.089536
     C    3       -0.182701        0.251514        0.335507
     C    3        0.089536        0.335507       -0.507571

     H    4        0.726835        0.457094        0.451219
     H    4        0.457094       -0.319946        0.237333
     H    4        0.451219        0.237333       -0.406889

     C    5        0.400509       -0.080423        0.182583
     C    5       -0.080423        0.102255        0.290292
     C    5        0.182583        0.290292       -0.502764

     H    6       -0.481034        0.227816        0.119240
     H    6        0.227816        0.774430        0.588185
     H    6        0.119240        0.588185       -0.293395

     H    7       -0.529542       -0.099063        0.077740
     H    7       -0.099063        0.687102       -0.681131
     H    7        0.077740       -0.681131       -0.157560

     C    8        0.120329        0.291344        0.341648
     C    8        0.291344        0.112529       -0.201864
     C    8        0.341648       -0.201864       -0.232859

     H    9        0.283924       -0.053622        0.796544
     H    9       -0.053622       -0.502909       -0.125968
     H    9        0.796544       -0.125968        0.218985

     C   10       -0.010972        0.347928        0.270234
     C   10        0.347928        0.153073       -0.309829
     C   10        0.270234       -0.309829       -0.142101

     C   11        0.000167        0.292972        0.345716
     C   11        0.292972        0.035309       -0.374908
     C   11        0.345716       -0.374908       -0.035476

     Cl  12        0.111564        0.235369        0.001405
     Cl  12        0.235369        0.034685        0.006990
     Cl  12        0.001405        0.006990       -0.146249

     H   13       -0.460453        0.276471        0.092125
     H   13        0.276471        0.864441        0.483649
     H   13        0.092125        0.483649       -0.403988

     C   14        0.350821       -0.028431        0.151646
     C   14       -0.028431        0.159368        0.254271
     C   14        0.151646        0.254271       -0.510189

     H   15        0.593628        0.456705        0.594552
     H   15        0.456705       -0.265892        0.286286
     H   15        0.594552        0.286286       -0.327736

     C   16        0.139888       -0.097497        0.152886
     C   16       -0.097497        0.353234        0.362651
     C   16        0.152886        0.362651       -0.493122

     C   17        0.240509       -0.041203        0.251578
     C   17       -0.041203        0.297011        0.317309
     C   17        0.251578        0.317309       -0.537520

     Cl  18        0.149763       -0.207630        0.050318
     Cl  18       -0.207630        0.020508       -0.023123
     Cl  18        0.050318       -0.023123       -0.170270

     H   19       -0.533349       -0.037994        0.054936
     H   19       -0.037994        0.615864       -0.725790
     H   19        0.054936       -0.725790       -0.082514

     C   20        0.141902        0.332595        0.359294
     C   20        0.332595       -0.030615       -0.240080
     C   20        0.359294       -0.240080       -0.111287

     H   21        0.237548       -0.029293        0.823432
     H   21       -0.029293       -0.534156       -0.107965
     H   21        0.823432       -0.107965        0.296608

     C   22        0.088114        0.401405        0.227786
     C   22        0.401405        0.070001       -0.304036
     C   22        0.227786       -0.304036       -0.158115

     C   23        0.100022        0.319502        0.271717
     C   23        0.319502        0.059344       -0.318826
     C   23        0.271717       -0.318826       -0.159366

     Cl  24        0.123370        0.206954        0.031600
     Cl  24        0.206954        0.017313        0.011057
     Cl  24        0.031600        0.011057       -0.140684

     ----- GIPAW term -----
     Cl   1        2.493575        0.038361       -0.956762
     Cl   1        0.038361        0.005905       -0.595377
     Cl   1       -0.956762       -0.595377       -2.499480

     C    2        0.210945        0.144200       -0.030745
     C    2        0.144200       -0.056782       -0.078449
     C    2       -0.030745       -0.078449       -0.154163

     C    3       -0.011626        0.105541       -0.123640
     C    3        0.105541        0.028015       -0.094801
     C    3       -0.123640       -0.094801       -0.016389

     H    4       -0.000000        0.000000        0.000000
     H    4        0.000000        0.000000        0.000000
     H    4        0.000000        0.000000        0.000000

     C    5        0.096185        0.200112       -0.122542
     C    5        0.200112       -0.067658       -0.134188
     C    5       -0.122542       -0.134188       -0.028527

     H    6       -0.000000        0.000000        0.000000
     H    6        0.000000        0.000000        0.000000
     H    6        0.000000        0.000000        0.000000

     H    7       -0.000000        0.000000        0.000000
     H    7        0.000000        0.000000        0.000000
     H    7        0.000000        0.000000        0.000000

     C    8        0.066658        0.135518        0.112579
     C    8        0.135518       -0.001090        0.103787
     C    8        0.112579        0.103787       -0.065568

     H    9       -0.000000        0.000000        0.000000
     H    9        0.000000        0.000000        0.000000
     H    9        0.000000        0.000000        0.000000

     C   10       -0.090162        0.095974        0.026558
     C   10        0.095974        0.037981        0.183928
     C   10        0.026558        0.183928        0.052180

     C   11       -0.043297        0.146394        0.080360
     C   11        0.146394        0.057113        0.184069
     C   11        0.080360        0.184069       -0.013816

     Cl  12        0.283104        2.643014        0.125880
     Cl  12        2.643014        1.214382        1.616216
     Cl  12        0.125880        1.616216       -1.497487

     H   13       -0.000000        0.000000        0.000000
     H   13        0.000000        0.000000        0.000000
     H   13        0.000000        0.000000        0.000000

     C   14       -0.102838       -0.053859        0.135440
     C   14       -0.053859       -0.116764       -0.083947
     C   14        0.135440       -0.083947        0.219602

     H   15       -0.000000        0.000000        0.000000
     H   15        0.000000        0.000000        0.000000
     H   15        0.000000        0.000000        0.000000

     C   16       -0.095366        0.033747        0.103362
     C   16        0.033747       -0.178649       -0.080825
     C   16        0.103362       -0.080825        0.274016

     C   17        0.179866       -0.115055        0.044175
     C   17       -0.115055       -0.081260       -0.042478
     C   17        0.044175       -0.042478       -0.098606

     Cl  18        1.972692       -0.738153       -1.180855
     Cl  18       -0.738153       -0.696746       -0.385132
     Cl  18       -1.180855       -0.385132       -1.275946

     H   19       -0.000000        0.000000        0.000000
     H   19        0.000000        0.000000        0.000000
     H   19        0.000000        0.000000        0.000000

     C   20        0.159479        0.008126       -0.142081
     C   20        0.008126       -0.095090        0.047452
     C   20       -0.142081        0.047452       -0.064389

     H   21       -0.000000        0.000000        0.000000
     H   21        0.000000        0.000000        0.000000
     H   21        0.000000        0.000000        0.000000

     C   22        0.109198       -0.009498       -0.086437
     C   22       -0.009498       -0.095488       -0.034683
     C   22       -0.086437       -0.034683       -0.013709

     C   23        0.205269        0.096718       -0.231392
     C   23        0.096718       -0.123406        0.083488
     C   23       -0.231392        0.083488       -0.081863

     Cl  24        1.454609       -0.166116       -2.089923
     Cl  24       -0.166116       -1.042726        0.911836
     Cl  24       -2.089923        0.911836       -0.411883

     ----- total EFG -----
     Cl   1        2.669311       -0.044262       -1.028409
     Cl   1       -0.044262        0.081285       -0.641214
     Cl   1       -1.028409       -0.641214       -2.750597

     C    2        0.562909        0.597360       -0.002822
     C    2        0.597360       -0.111833       -0.281378
     C    2       -0.002822       -0.281378       -0.451076

     C    3        0.047333        0.076343       -0.269648
     C    3        0.076343        0.266145       -0.007402
     C    3       -0.269648       -0.007402       -0.313479

     H    4        0.350957       -0.026539        0.540486
     H    4       -0.026539       -0.241898        0.349559
     H    4        0.540486        0.349559       -0.109059

     C    5        0.448024        0.560557       -0.157999
     C    5        0.560557       -0.250230       -0.194770
     C    5       -0.157999       -0.194770       -0.197793

     H    6       -0.412587       -0.279553        0.232731
     H    6       -0.279553        0.312613        0.515970
     H    6        0.232731        0.515970        0.099974

     H    7       -0.419697       -0.041054       -0.248362
     H    7       -0.041054        0.482988       -0.216420
     H    7       -0.248362       -0.216420       -0.063292

     C    8       -0.107814        0.081834        0.444763
     C    8        0.081834        0.034721        0.249817
     C    8        0.444763        0.249817        0.073092

     H    9        0.390107       -0.102160        0.385696
     H    9       -0.102160       -0.314870       -0.344892
     H    9        0.385696       -0.344892       -0.075237

     C   10       -0.141942        0.539740        0.088235
     C   10        0.539740        0.105059        0.381824
     C   10        0.088235        0.381824        0.036883

     C   11       -0.395825        0.099435        0.323506
     C   11        0.099435        0.001724        0.259758
     C   11        0.323506        0.259758        0.394101

     Cl  12        0.356957        2.953718        0.085309
     Cl  12        2.953718        1.310970        1.737294
     Cl  12        0.085309        1.737294       -1.667926

     H   13        0.043058        0.106180        0.109335
     H   13        0.106180        0.228303        0.580315
     H   13        0.109335        0.580315       -0.271360

     C   14       -0.296194       -0.144712        0.027095
     C   14       -0.144712        0.027278       -0.152362
     C   14        0.027095       -0.152362        0.268916

     H   15        0.274799        0.018938        0.434713
     H   15        0.018938       -0.147437        0.413933
     H   15        0.434713        0.413933       -0.127362

     C   16       -0.021929        0.316481        0.359682
     C   16        0.316481       -0.373220       -0.182213
     C   16        0.359682       -0.182213        0.395149

     C   17        0.324185       -0.295362       -0.085565
     C   17       -0.295362        0.140614       -0.199209
     C   17       -0.085565       -0.199209       -0.464800

     Cl  18        2.130825       -0.691618       -1.261945
     Cl  18       -0.691618       -0.780296       -0.451869
     Cl  18       -1.261945       -0.451869       -1.350529

     H   19       -0.490904       -0.179833        0.422043
     H   19       -0.179833        0.626365       -0.258484
     H   19        0.422043       -0.258484       -0.135461

     C   20        0.247250        0.436768       -0.235998
     C   20        0.436768       -0.060945        0.172724
     C   20       -0.235998        0.172724       -0.186305

     H   21        0.382936        0.026910        0.688838
     H   21        0.026910       -0.080565       -0.165236
     H   21        0.688838       -0.165236       -0.302371

     C   22        0.181823       -0.081233        0.049892
     C   22       -0.081233       -0.281107       -0.277674
     C   22        0.049892       -0.277674        0.099283

     C   23        0.403103        0.582072       -0.585589
     C   23        0.582072       -0.270422        0.300647
     C   23       -0.585589        0.300647       -0.132681

     Cl  24        1.494003       -0.253815       -2.195464
     Cl  24       -0.253815       -1.120574        0.978079
     Cl  24       -2.195464        0.978079       -0.373429

     ----- total EFG (symmetrized) -----
     Cl   1        2.669311       -0.044262       -1.028409
     Cl   1       -0.044262        0.081285       -0.641214
     Cl   1       -1.028409       -0.641214       -2.750597

     C    2        0.562909        0.597360       -0.002822
     C    2        0.597360       -0.111833       -0.281378
     C    2       -0.002822       -0.281378       -0.451076

     C    3        0.047333        0.076343       -0.269648
     C    3        0.076343        0.266145       -0.007402
     C    3       -0.269648       -0.007402       -0.313479

     H    4        0.350957       -0.026539        0.540486
     H    4       -0.026539       -0.241898        0.349559
     H    4        0.540486        0.349559       -0.109059

     C    5        0.448024        0.560557       -0.157999
     C    5        0.560557       -0.250230       -0.194770
     C    5       -0.157999       -0.194770       -0.197793

     H    6       -0.412587       -0.279553        0.232731
     H    6       -0.279553        0.312613        0.515970
     H    6        0.232731        0.515970        0.099974

     H    7       -0.419697       -0.041054       -0.248362
     H    7       -0.041054        0.482988       -0.216420
     H    7       -0.248362       -0.216420       -0.063292

     C    8       -0.107814        0.081834        0.444763
     C    8        0.081834        0.034721        0.249817
     C    8        0.444763        0.249817        0.073092

     H    9        0.390107       -0.102160        0.385696
     H    9       -0.102160       -0.314870       -0.344892
     H    9        0.385696       -0.344892       -0.075237

     C   10       -0.141942        0.539740        0.088235
     C   10        0.539740        0.105059        0.381824
     C   10        0.088235        0.381824        0.036883

     C   11       -0.395825        0.099435        0.323506
     C   11        0.099435        0.001724        0.259758
     C   11        0.323506        0.259758        0.394101

     Cl  12        0.356957        2.953718        0.085309
     Cl  12        2.953718        1.310970        1.737294
     Cl  12        0.085309        1.737294       -1.667926

     H   13        0.043058        0.106180        0.109335
     H   13        0.106180        0.228303        0.580315
     H   13        0.109335        0.580315       -0.271360

     C   14       -0.296194       -0.144712        0.027095
     C   14       -0.144712        0.027278       -0.152362
     C   14        0.027095       -0.152362        0.268916

     H   15        0.274799        0.018938        0.434713
     H   15        0.018938       -0.147437        0.413933
     H   15        0.434713        0.413933       -0.127362

     C   16       -0.021929        0.316481        0.359682
     C   16        0.316481       -0.373220       -0.182213
     C   16        0.359682       -0.182213        0.395149

     C   17        0.324185       -0.295362       -0.085565
     C   17       -0.295362        0.140614       -0.199209
     C   17       -0.085565       -0.199209       -0.464800

     Cl  18        2.130825       -0.691618       -1.261945
     Cl  18       -0.691618       -0.780296       -0.451869
     Cl  18       -1.261945       -0.451869       -1.350529

     H   19       -0.490904       -0.179833        0.422043
     H   19       -0.179833        0.626365       -0.258484
     H   19        0.422043       -0.258484       -0.135461

     C   20        0.247250        0.436768       -0.235998
     C   20        0.436768       -0.060945        0.172724
     C   20       -0.235998        0.172724       -0.186305

     H   21        0.382936        0.026910        0.688838
     H   21        0.026910       -0.080565       -0.165236
     H   21        0.688838       -0.165236       -0.302371

     C   22        0.181823       -0.081233        0.049892
     C   22       -0.081233       -0.281107       -0.277674
     C   22        0.049892       -0.277674        0.099283

     C   23        0.403103        0.582072       -0.585589
     C   23        0.582072       -0.270422        0.300647
     C   23       -0.585589        0.300647       -0.132681

     Cl  24        1.494003       -0.253815       -2.195464
     Cl  24       -0.253815       -1.120574        0.978079
     Cl  24       -2.195464        0.978079       -0.373429


     NQR/NMR SPECTROSCOPIC PARAMETERS:
     Cl   1    Vxx=    0.2089    axis=(  0.062081 -0.979685  0.190689)
     Cl   1    Vyy=    2.8598    axis=(  0.982719  0.026618 -0.183178)
     Cl   1    Vzz=   -3.0687    axis=(  0.174381  0.198766  0.964408)
     Cl   1  Q=        -8.1650 1e-30 m^2  Cq=        58.8716 MHz  eta= 0.86385

     C    2    Vxx=   -0.2233    axis=(  0.434921 -0.569144  0.697796)
     C    2    Vyy=   -0.7038    axis=(  0.299838 -0.639169 -0.708209)
     C    2    Vzz=    0.9272    axis=( -0.849082 -0.517240  0.107337)
     C    2  Q=         1.0000 1e-30 m^2  Cq=         2.1785 MHz  eta= 0.51824

     C    3    Vxx=    0.1490    axis=(  0.745230 -0.512769 -0.426263)
     C    3    Vyy=    0.3097    axis=( -0.468312 -0.857547  0.212833)
     C    3    Vzz=   -0.4587    axis=(  0.474674 -0.041015  0.879205)
     C    3  Q=         1.0000 1e-30 m^2  Cq=        -1.0778 MHz  eta= 0.35018

     H    4    Vxx=   -0.0532    axis=(  0.471001 -0.790724 -0.391042)
     H    4    Vyy=   -0.6873    axis=(  0.386675  0.583500 -0.714150)
     H    4    Vzz=    0.7405    axis=(  0.792868  0.185159  0.580583)
     H    4  Q=         1.0000 1e-30 m^2  Cq=         1.7400 MHz  eta= 0.85627

     C    5    Vxx=   -0.2266    axis=(  0.321176 -0.121801  0.939154)
     C    5    Vyy=   -0.5866    axis=( -0.429235  0.865258  0.259009)
     C    5    Vzz=    0.8132    axis=( -0.844158 -0.486306  0.225619)
     C    5  Q=         1.0000 1e-30 m^2  Cq=         1.9106 MHz  eta= 0.44276

     H    6    Vxx=   -0.0094    axis=(  0.655716 -0.427680  0.622195)
     H    6    Vyy=   -0.7284    axis=( -0.751986 -0.443603  0.487579)
     H    6    Vzz=    0.7378    axis=( -0.067480  0.787595  0.612487)
     H    6  Q=         1.0000 1e-30 m^2  Cq=         1.7336 MHz  eta= 0.97447

     H    7    Vxx=    0.0051    axis=( -0.500961  0.320951  0.803759)
     H    7    Vyy=    0.5604    axis=( -0.048015 -0.937573  0.344458)
     H    7    Vzz=   -0.5655    axis=(  0.864137  0.133968  0.485098)
     H    7  Q=         1.0000 1e-30 m^2  Cq=        -1.3287 MHz  eta= 0.98201

     C    8    Vxx=   -0.0635    axis=(  0.430829 -0.878934  0.204602)
     C    8    Vyy=   -0.4907    axis=(  0.723771  0.201116 -0.660082)
     C    8    Vzz=    0.5542    axis=(  0.539019  0.432467  0.722793)
     C    8  Q=         1.0000 1e-30 m^2  Cq=         1.3023 MHz  eta= 0.77070

     H    9    Vxx=   -0.0947    axis=(  0.569636  0.605750 -0.555502)
     H    9    Vyy=   -0.5851    axis=( -0.174111  0.749475  0.638728)
     H    9    Vzz=    0.6797    axis=( -0.803244  0.267123 -0.532395)
     H    9  Q=         1.0000 1e-30 m^2  Cq=         1.5971 MHz  eta= 0.72148

     C   10    Vxx=   -0.0996    axis=( -0.522674 -0.177314  0.833889)
     C   10    Vyy=   -0.6238    axis=( -0.689521  0.663158 -0.291174)
     C   10    Vzz=    0.7234    axis=( -0.501371 -0.727173 -0.468878)
     C   10  Q=         1.0000 1e-30 m^2  Cq=         1.6997 MHz  eta= 0.72460

     C   11    Vxx=   -0.1208    axis=(  0.121974 -0.914868  0.384889)
     C   11    Vyy=   -0.5115    axis=( -0.942910  0.014273  0.332742)
     C   11    Vzz=    0.6323    axis=(  0.309909  0.403502  0.860897)
     C   11  Q=         1.0000 1e-30 m^2  Cq=         1.4857 MHz  eta= 0.61786

     Cl  12    Vxx=   -1.0454    axis=( -0.644864  0.285690  0.708895)
     Cl  12    Vyy=   -3.1166    axis=( -0.474611  0.577326 -0.664408)
     Cl  12    Vzz=    4.1620    axis=(  0.599078  0.764902  0.236705)
     Cl  12  Q=        -8.1650 1e-30 m^2  Cq=       -79.8452 MHz  eta= 0.49765

     H   13    Vxx=    0.0079    axis=(  0.969680 -0.226660 -0.091352)
     H   13    Vyy=    0.6470    axis=( -0.239544 -0.807619 -0.538860)
     H   13    Vzz=   -0.6549    axis=(  0.048360  0.544405 -0.837428)
     H   13  Q=         1.0000 1e-30 m^2  Cq=        -1.5388 MHz  eta= 0.97576

     C   14    Vxx=   -0.0020    axis=( -0.349384  0.801298  0.485647)
     C   14    Vyy=   -0.3530    axis=( -0.926421 -0.373016 -0.051025)
     C   14    Vzz=    0.3549    axis=(  0.140267 -0.467741  0.872665)
     C   14  Q=         1.0000 1e-30 m^2  Cq=         0.8340 MHz  eta= 0.98892

     H   15    Vxx=    0.0173    axis=(  0.595127 -0.736971 -0.320463)
     H   15    Vyy=    0.6373    axis=(  0.731587  0.331811  0.595552)
     H   15    Vzz=   -0.6545    axis=( -0.332572 -0.588876  0.736628)
     H   15  Q=         1.0000 1e-30 m^2  Cq=        -1.5379 MHz  eta= 0.94725

     C   16    Vxx=    0.0710    axis=(  0.669296  0.635011 -0.385750)
     C   16    Vyy=    0.6024    axis=( -0.499259 -0.000130 -0.866453)
     C   16    Vzz=   -0.6734    axis=( -0.550258  0.772503  0.316948)
     C   16  Q=         1.0000 1e-30 m^2  Cq=        -1.5822 MHz  eta= 0.78902

     C   17    Vxx=    0.0151    axis=(  0.573276  0.715528 -0.399218)
     C   17    Vyy=    0.5443    axis=( -0.793414  0.606419 -0.052440)
     C   17    Vzz=   -0.5594    axis=(  0.204572  0.346808  0.915355)
     C   17  Q=         1.0000 1e-30 m^2  Cq=        -1.3144 MHz  eta= 0.94595

     Cl  18    Vxx=   -0.5311    axis=(  0.000816 -0.876208  0.481932)
     Cl  18    Vyy=   -2.0903    axis=(  0.322678  0.456384  0.829212)
     Cl  18    Vzz=    2.6214    axis=( -0.946509  0.154833  0.283105)
     Cl  18  Q=        -8.1650 1e-30 m^2  Cq=       -50.2905 MHz  eta= 0.59479

     H   19    Vxx=   -0.0108    axis=(  0.492585  0.442938  0.749110)
     H   19    Vyy=   -0.7712    axis=(  0.834090  0.005307 -0.551602)
     H   19    Vzz=    0.7819    axis=(  0.248301 -0.896536  0.366836)
     H   19  Q=         1.0000 1e-30 m^2  Cq=         1.8372 MHz  eta= 0.97243

     C   20    Vxx=    0.0038    axis=( -0.231835  0.559270  0.795908)
     C   20    Vyy=    0.5691    axis=( -0.831278 -0.538838  0.136493)
     C   20    Vzz=   -0.5729    axis=(  0.505202 -0.629977  0.589831)
     C   20  Q=         1.0000 1e-30 m^2  Cq=        -1.3461 MHz  eta= 0.98671

     H   21    Vxx=   -0.0501    axis=(  0.178309  0.972460 -0.150091)
     H   21    Vyy=   -0.7642    axis=( -0.505839  0.221428  0.833725)
     H   21    Vzz=    0.8143    axis=(  0.843998 -0.072739  0.531391)
     H   21  Q=         1.0000 1e-30 m^2  Cq=         1.9133 MHz  eta= 0.87688

     C   22    Vxx=    0.1286    axis=(  0.816880  0.203756 -0.539621)
     C   22    Vyy=    0.3028    axis=(  0.571193 -0.415970  0.707607)
     C   22    Vzz=   -0.4314    axis=(  0.080287  0.886257  0.456182)
     C   22  Q=         1.0000 1e-30 m^2  Cq=        -1.0136 MHz  eta= 0.40378

     C   23    Vxx=    0.1004    axis=(  0.067371  0.689994  0.720673)
     C   23    Vyy=    0.8938    axis=( -0.858760 -0.327618  0.393951)
     C   23    Vzz=   -0.9942    axis=( -0.507929  0.645426 -0.570468)
     C   23  Q=         1.0000 1e-30 m^2  Cq=        -2.3360 MHz  eta= 0.79798

     Cl  24    Vxx=   -0.8175    axis=(  0.439479  0.819423  0.367972)
     Cl  24    Vyy=   -2.2659    axis=(  0.395312 -0.544286  0.739920)
     Cl  24    Vzz=    3.0833    axis=( -0.806589  0.179716  0.563130)
     Cl  24  Q=        -8.1650 1e-30 m^2  Cq=       -59.1524 MHz  eta= 0.46974

     Initialization:
     gipaw_setup  :      9.26s CPU     11.21s WALL (       1 calls)

     Linear response

     Apply operators

     Induced current

     Other routines
     efg          :      9.40s CPU     11.92s WALL (       1 calls)

     General routines
     calbec       :      3.28s CPU      4.28s WALL (      16 calls)
     fft          :      1.50s CPU      2.20s WALL (      15 calls)
     ffts         :      0.04s CPU      0.05s WALL (       2 calls)
     fftw         :      3.40s CPU      4.18s WALL (     672 calls)
     davcio       :      0.01s CPU      0.32s WALL (      32 calls)

     Parallel routines
     fft_scatter  :      2.25s CPU      3.44s WALL (     689 calls)

     Plugins

     GIPAW        :     61.20s CPU     74.02s WALL (       1 calls)
