
     Program QE v.6.0 (svn rev. 13079) starts on 14Jan2017 at 17:57:43 

     This program is part of the open-source Quantum ESPRESSO suite
     for quantum simulation of materials; please cite
         "P. Giannozzi et al., J. Phys.:Condens. Matter 21 395502 (2009);
          URL http://www.quantum-espresso.org", 
     in publications or presentations arising from this work. More details at
     http://www.quantum-espresso.org/quote

     Parallel version (MPI), running on     8 processors
     R & G space division:  proc/nbgrp/npool/nimage =       8

     ***** This is GIPAW svn revision unknown      *****

     Parallelizing q-star over 1 images

     Reading data from directory:
     /users/majewski/paradichlorobenzene/pbe/9_constraint/scratch/pbe.ecut100.np8.dt60.pcl2phi-129368.save
     Message from routine read_xml_file:
     file /users/majewski/paradichlorobenzene/pbe/9_constraint/scratch/pbe.ecut100.np8.dt60.pcl2phi-129368.save not guaranteed to be safe for post-processing

   Info: using nr1, nr2, nr3 values from input

   Info: using nr1, nr2, nr3 values from input

     IMPORTANT: XC functional enforced from input :
     Exchange-correlation      =  SLA  PW   PBX  PBC ( 1  4  3  4 0 0)
     Any further DFT definition will be discarded
     Please, verify this is what you really want

               file C.pbe-n-kjpaw_psl.1.0.0.UPF: wavefunction(s)  2S 2P renormalized
               file Cl.pbe-n-kjpaw_psl.1.0.0.UPF: wavefunction(s)  3S 3P renormalized
               file H.pbe-kjpaw_psl.1.0.0.UPF: wavefunction(s)  1S renormalized

     Parallelization info
     --------------------
     sticks:   dense  smooth     PW     G-vecs:    dense   smooth      PW
     Min        3057    1223    332               144436    36536    5170
     Max        3059    1225    333               144437    36537    5171
     Sum       24467    9791   2657              1155489   292295   41363


     Subspace diagonalization in iterative solution of the eigenvalue problem:
     a serial algorithm will be used

     GIPAW projectors -----------------------------------------------
     atom=  C    l=0  rc=    1.2000  rs=    0.8000
     atom=  C    l=0  rc=    1.2000  rs=    0.8000
     atom=  C    l=1  rc=    1.4000  rs=    0.9333
     atom=  C    l=1  rc=    1.4000  rs=    0.9333
     projs nearly linearly dependent: l=1  n1,n2= 1, 2  s=  0.99951561

     atom=  Cl   l=0  rc=    1.6000  rs=    1.0667
     atom=  Cl   l=0  rc=    1.6000  rs=    1.0667
     atom=  Cl   l=1  rc=    1.6000  rs=    1.0667
     atom=  Cl   l=1  rc=    1.6000  rs=    1.0667
     atom=  Cl   l=2  rc=    1.6000  rs=    1.0667
     atom=  Cl   l=2  rc=    1.6000  rs=    1.0667
     projs nearly linearly dependent: l=2  n1,n2= 1, 2  s=  0.99993509

     atom=  H    l=0  rc=    1.0000  rs=    0.6667
     atom=  H    l=0  rc=    1.0000  rs=    0.6667
     projs nearly linearly dependent: l=0  n1,n2= 1, 2  s=  0.99968852
     -----------------------------------------------------------------

     GIPAW integrals: -------------------------------------------
     Atom  i/j   nmr_para   nmr_dia   epr_rmc  epr_para   epr_dia
       C   1 1   0.83E+03  0.17E-01  0.93E+01  0.24E+08  0.24E+03
       C   2 1   0.86E+03 -0.61E-01  0.94E+01  0.25E+08  0.25E+03
       C   2 2   0.90E+03 -0.15E+00  0.97E+01  0.26E+08  0.26E+03
       C   3 3   0.33E+01  0.34E+00  0.18E+01  0.55E+03  0.21E+02
       C   4 3   0.35E+01  0.37E+00  0.20E+01  0.59E+03  0.22E+02
       C   4 4   0.38E+01  0.39E+00  0.22E+01  0.63E+03  0.24E+02
       Cl  1 1   0.14E+04 -0.47E+00  0.84E+01  0.32E+09  0.42E+03
       Cl  2 1   0.21E+04 -0.37E+00  0.12E+02  0.49E+09  0.65E+03
       Cl  2 2   0.33E+04 -0.16E+00  0.21E+02  0.76E+09  0.10E+04
       Cl  3 3   0.21E+02  0.79E-01  0.89E+01  0.23E+05  0.13E+03
       Cl  4 3   0.24E+02  0.67E-01  0.99E+01  0.27E+05  0.15E+03
       Cl  4 4   0.28E+02  0.44E-01  0.11E+02  0.32E+05  0.18E+03
       Cl  5 5   0.77E+00  0.19E+00  0.18E+01  0.12E+03  0.22E+02
       Cl  6 5   0.80E+00  0.19E+00  0.19E+01  0.12E+03  0.23E+02
       Cl  6 6   0.83E+00  0.20E+00  0.19E+01  0.12E+03  0.23E+02
       H   1 1   0.39E+02  0.19E+00  0.29E+00  0.78E+05  0.13E+02
       H   2 1   0.41E+02  0.21E+00  0.32E+00  0.82E+05  0.14E+02
       H   2 2   0.43E+02  0.22E+00  0.36E+00  0.86E+05  0.15E+02
     ------------------------------------------------------------

     alpha_pv=     34.1628 eV

     Number of occupied bands for each k-point:
     k-point:     1    nbnd_occ=  42
     k-point:     2    nbnd_occ=  42
     k-point:     3    nbnd_occ=  42
     k-point:     4    nbnd_occ=  42
     k-point:     5    nbnd_occ=  42
     k-point:     6    nbnd_occ=  42
     k-point:     7    nbnd_occ=  42
     k-point:     8    nbnd_occ=  42
     k-point:     9    nbnd_occ=  42
     k-point:    10    nbnd_occ=  42
     k-point:    11    nbnd_occ=  42
     k-point:    12    nbnd_occ=  42
     k-point:    13    nbnd_occ=  42
     k-point:    14    nbnd_occ=  42
     k-point:    15    nbnd_occ=  42
     k-point:    16    nbnd_occ=  42


     q-space interpolation up to   110.00 Rydberg

     GIPAW job: efg                                                                             


     ELECTRIC FIELD GRADIENTS TENSORS IN Hartree/bohrradius^2:

     ----- bare term -----
     Cl   1       -0.033139        0.073849        0.043411
     Cl   1        0.073849       -0.037527        0.018267
     Cl   1        0.043411        0.018267        0.070666

     C    2       -0.107671        0.044784       -0.525226
     C    2        0.044784       -0.145750       -0.517989
     C    2       -0.525226       -0.517989        0.253421

     C    3       -0.181060        0.368653       -0.280904
     C    3        0.368653       -0.240916       -0.496092
     C    3       -0.280904       -0.496092        0.421976

     H    4       -0.202650       -0.068920       -0.554451
     H    4       -0.068920        0.268698        0.029766
     H    4       -0.554451        0.029766       -0.066049

     C    5       -0.290186        0.117436       -0.364459
     C    5        0.117436       -0.084673       -0.453276
     C    5       -0.364459       -0.453276        0.374859

     H    6        0.363990       -0.125131       -0.088885
     H    6       -0.125131       -0.446209       -0.531804
     H    6       -0.088885       -0.531804        0.082219

     H    7        0.434333        0.035144        0.135393
     H    7        0.035144       -0.145428        0.423622
     H    7        0.135393        0.423622       -0.288905

     C    8       -0.503242       -0.330617       -0.341164
     C    8       -0.330617        0.121605        0.427762
     C    8       -0.341164        0.427762        0.381636

     H    9       -0.051782        0.068180       -0.513352
     H    9        0.068180        0.289020       -0.142771
     H    9       -0.513352       -0.142771       -0.237238

     C   10       -0.067259       -0.292493       -0.205965
     C   10       -0.292493       -0.122222        0.608827
     C   10       -0.205965        0.608827        0.189481

     C   11       -0.378363       -0.192899       -0.354192
     C   11       -0.192899        0.015471        0.355276
     C   11       -0.354192        0.355276        0.362891

     Cl  12       -0.038362       -0.028472        0.025311
     Cl  12       -0.028472        0.099905       -0.108203
     Cl  12        0.025311       -0.108203       -0.061543

     H   13        0.335965       -0.156018       -0.051518
     H   13       -0.156018       -0.533703       -0.444774
     H   13       -0.051518       -0.444774        0.197738

     C   14       -0.275477        0.385775       -0.355789
     C   14        0.385775       -0.199324       -0.311920
     C   14       -0.355789       -0.311920        0.474801

     H   15       -0.363596        0.115154       -0.479640
     H   15        0.115154        0.097162       -0.111116
     H   15       -0.479640       -0.111116        0.266435

     C   16       -0.081735        0.215914       -0.230836
     C   16        0.215914       -0.303944       -0.528235
     C   16       -0.230836       -0.528235        0.385679

     C   17       -0.296032        0.157223       -0.432756
     C   17        0.157223        0.037398       -0.424519
     C   17       -0.432756       -0.424519        0.258634

     Cl  18       -0.061557        0.133464       -0.107296
     Cl  18        0.133464        0.005102       -0.105361
     Cl  18       -0.107296       -0.105361        0.056455

     H   19        0.513725        0.023760        0.052351
     H   19        0.023760        0.001033        0.358297
     H   19        0.052351        0.358297       -0.514758

     C   20       -0.352313       -0.249720       -0.354040
     C   20       -0.249720       -0.111712        0.441406
     C   20       -0.354040        0.441406        0.464025

     H   21       -0.119126        0.088395       -0.538935
     H   21        0.088395        0.363178       -0.027572
     H   21       -0.538935       -0.027572       -0.244052

     C   22       -0.289023       -0.335170       -0.323610
     C   22       -0.335170       -0.197114        0.429101
     C   22       -0.323610        0.429101        0.486137

     C   23       -0.127474       -0.133514       -0.289855
     C   23       -0.133514       -0.199423        0.506280
     C   23       -0.289855        0.506280        0.326896

     Cl  24       -0.030437       -0.039006       -0.067461
     Cl  24       -0.039006       -0.007229        0.055678
     Cl  24       -0.067461        0.055678        0.037666

     ----- ionic term -----
     Cl   1        0.138728       -0.196954       -0.022551
     Cl   1       -0.196954       -0.005417        0.023889
     Cl   1       -0.022551        0.023889       -0.133311

     C    2        0.205579       -0.165239        0.244632
     C    2       -0.165239        0.104587        0.409302
     C    2        0.244632        0.409302       -0.310166

     C    3        0.099715       -0.243556        0.245587
     C    3       -0.243556        0.207387        0.336556
     C    3        0.245587        0.336556       -0.307102

     H    4        0.613904        0.186847        0.714230
     H    4        0.186847       -0.481528        0.185404
     H    4        0.714230        0.185404       -0.132376

     C    5        0.233455       -0.142615        0.396768
     C    5       -0.142615        0.060055        0.290200
     C    5        0.396768        0.290200       -0.293510

     H    6       -0.525236        0.150132        0.121733
     H    6        0.150132        0.602165        0.726839
     H    6        0.121733        0.726839       -0.076928

     H    7       -0.528966       -0.023328        0.044556
     H    7       -0.023328        0.608155       -0.740928
     H    7        0.044556       -0.740928       -0.079189

     C    8        0.184186        0.268697        0.281930
     C    8        0.268697        0.031939       -0.267885
     C    8        0.281930       -0.267885       -0.216125

     H    9        0.562390       -0.292114        0.696686
     H    9       -0.292114       -0.449344       -0.254327
     H    9        0.696686       -0.254327       -0.113047

     C   10        0.096294        0.288975        0.173938
     C   10        0.288975        0.069177       -0.393906
     C   10        0.173938       -0.393906       -0.165471

     C   11        0.139254        0.300860        0.243104
     C   11        0.300860       -0.001116       -0.399238
     C   11        0.243104       -0.399238       -0.138138

     Cl  12        0.112735        0.228065        0.001859
     Cl  12        0.228065        0.026749       -0.007354
     Cl  12        0.001859       -0.007354       -0.139484

     H   13       -0.509156        0.032400        0.004525
     H   13        0.032400        0.627320        0.706941
     H   13        0.004525        0.706941       -0.118164

     C   14        0.232838       -0.245594        0.267606
     C   14       -0.245594        0.132001        0.285264
     C   14        0.267606        0.285264       -0.364839

     H   15        0.600861        0.122727        0.741393
     H   15        0.122727       -0.460695        0.157223
     H   15        0.741393        0.157223       -0.140167

     C   16        0.090106       -0.287245        0.240922
     C   16       -0.287245        0.303359        0.343993
     C   16        0.240922        0.343993       -0.393465

     C   17        0.145072       -0.143135        0.413928
     C   17       -0.143135        0.200312        0.360423
     C   17        0.413928        0.360423       -0.345384

     Cl  18        0.100575       -0.215312        0.051250
     Cl  18       -0.215312        0.058691       -0.028992
     Cl  18        0.051250       -0.028992       -0.159265

     H   19       -0.514725       -0.045937        0.063240
     H   19       -0.045937        0.423449       -0.793231
     H   19        0.063240       -0.793231        0.091276

     C   20        0.277664        0.285792        0.283034
     C   20        0.285792       -0.068206       -0.292655
     C   20        0.283034       -0.292655       -0.209458

     H   21        0.575553       -0.182998        0.753186
     H   21       -0.182998       -0.502242       -0.205112
     H   21        0.753186       -0.205112       -0.073311

     C   22        0.166099        0.333759        0.174240
     C   22        0.333759        0.077484       -0.385705
     C   22        0.174240       -0.385705       -0.243583

     C   23        0.108468        0.301623        0.270028
     C   23        0.301623        0.075992       -0.369104
     C   23        0.270028       -0.369104       -0.184460

     Cl  24        0.110996        0.223430        0.020330
     Cl  24        0.223430        0.035927        0.005683
     Cl  24        0.020330        0.005683       -0.146923

     ----- GIPAW term -----
     Cl   1        1.297149       -1.897711        0.320886
     Cl   1       -1.897711       -0.166574        0.146529
     Cl   1        0.320886        0.146529       -1.130574

     C    2        0.070614       -0.056841       -0.175172
     C    2       -0.056841       -0.041380       -0.134503
     C    2       -0.175172       -0.134503       -0.029234

     C    3       -0.049499        0.081059       -0.113376
     C    3        0.081059       -0.049694       -0.114745
     C    3       -0.113376       -0.114745        0.099193

     H    4       -0.000000        0.000000        0.000000
     H    4        0.000000        0.000000        0.000000
     H    4        0.000000        0.000000        0.000000

     C    5       -0.028701       -0.007277       -0.060080
     C    5       -0.007277       -0.014059       -0.099887
     C    5       -0.060080       -0.099887        0.042760

     H    6       -0.000000        0.000000        0.000000
     H    6        0.000000        0.000000        0.000000
     H    6        0.000000        0.000000        0.000000

     H    7       -0.000000        0.000000        0.000000
     H    7        0.000000        0.000000        0.000000
     H    7        0.000000        0.000000        0.000000

     C    8       -0.143629       -0.100709       -0.093786
     C    8       -0.100709        0.058231        0.200151
     C    8       -0.093786        0.200151        0.085398

     H    9       -0.000000        0.000000        0.000000
     H    9        0.000000        0.000000        0.000000
     H    9        0.000000        0.000000        0.000000

     C   10       -0.104425       -0.096534       -0.086264
     C   10       -0.096534        0.083001        0.231846
     C   10       -0.086264        0.231846        0.021425

     C   11       -0.017848        0.123182       -0.074201
     C   11        0.123182        0.069064        0.016845
     C   11       -0.074201        0.016845       -0.051215

     Cl  12        0.788828        1.683675        0.199002
     Cl  12        1.683675        1.072508       -0.945113
     Cl  12        0.199002       -0.945113       -1.861337

     H   13       -0.000000        0.000000        0.000000
     H   13        0.000000        0.000000        0.000000
     H   13        0.000000        0.000000        0.000000

     C   14        0.048828        0.081495       -0.135620
     C   14        0.081495       -0.110258       -0.060964
     C   14       -0.135620       -0.060964        0.061429

     H   15       -0.000000        0.000000        0.000000
     H   15        0.000000        0.000000        0.000000
     H   15        0.000000        0.000000        0.000000

     C   16       -0.050510        0.005882       -0.057529
     C   16        0.005882       -0.010097       -0.031943
     C   16       -0.057529       -0.031943        0.060607

     C   17        0.004348       -0.042074       -0.087324
     C   17       -0.042074        0.086654       -0.077924
     C   17       -0.087324       -0.077924       -0.091003

     Cl  18        0.327268       -0.122210       -1.436494
     Cl  18       -0.122210        0.471606       -1.903942
     Cl  18       -1.436494       -1.903942       -0.798874

     H   19       -0.000000        0.000000        0.000000
     H   19        0.000000        0.000000        0.000000
     H   19        0.000000        0.000000        0.000000

     C   20       -0.087582       -0.058712       -0.113705
     C   20       -0.058712       -0.092448        0.150994
     C   20       -0.113705        0.150994        0.180030

     H   21       -0.000000        0.000000        0.000000
     H   21        0.000000        0.000000        0.000000
     H   21        0.000000        0.000000        0.000000

     C   22       -0.108178       -0.055353       -0.131432
     C   22       -0.055353       -0.068478        0.095193
     C   22       -0.131432        0.095193        0.176656

     C   23        0.072491        0.105690       -0.036556
     C   23        0.105690       -0.037215        0.076330
     C   23       -0.036556        0.076330       -0.035276

     Cl  24        1.195697        2.000026       -0.493243
     Cl  24        2.000026        0.092552        0.465620
     Cl  24       -0.493243        0.465620       -1.288249

     ----- total EFG -----
     Cl   1        1.402738       -2.020817        0.341747
     Cl   1       -2.020817       -0.209518        0.188685
     Cl   1        0.341747        0.188685       -1.193220

     C    2        0.168522       -0.177296       -0.455766
     C    2       -0.177296       -0.082543       -0.243190
     C    2       -0.455766       -0.243190       -0.085979

     C    3       -0.130845        0.206155       -0.148693
     C    3        0.206155       -0.083223       -0.274281
     C    3       -0.148693       -0.274281        0.214068

     H    4        0.411255        0.117927        0.159779
     H    4        0.117927       -0.212830        0.215170
     H    4        0.159779        0.215170       -0.198425

     C    5       -0.085432       -0.032457       -0.027770
     C    5       -0.032457       -0.038676       -0.262963
     C    5       -0.027770       -0.262963        0.124109

     H    6       -0.161246        0.025001        0.032848
     H    6        0.025001        0.155956        0.195035
     H    6        0.032848        0.195035        0.005290

     H    7       -0.094633        0.011816        0.179949
     H    7        0.011816        0.462727       -0.317306
     H    7        0.179949       -0.317306       -0.368094

     C    8       -0.462685       -0.162629       -0.153019
     C    8       -0.162629        0.211776        0.360028
     C    8       -0.153019        0.360028        0.250909

     H    9        0.510609       -0.223934        0.183335
     H    9       -0.223934       -0.160324       -0.397098
     H    9        0.183335       -0.397098       -0.350284

     C   10       -0.075390       -0.100052       -0.118291
     C   10       -0.100052        0.029956        0.446767
     C   10       -0.118291        0.446767        0.045434

     C   11       -0.256956        0.231142       -0.185289
     C   11        0.231142        0.083418       -0.027116
     C   11       -0.185289       -0.027116        0.173538

     Cl  12        0.863201        1.883269        0.226172
     Cl  12        1.883269        1.199162       -1.060670
     Cl  12        0.226172       -1.060670       -2.062363

     H   13       -0.173191       -0.123618       -0.046994
     H   13       -0.123618        0.093616        0.262167
     H   13       -0.046994        0.262167        0.079574

     C   14        0.006190        0.221676       -0.223803
     C   14        0.221676       -0.177581       -0.087619
     C   14       -0.223803       -0.087619        0.171391

     H   15        0.237265        0.237881        0.261753
     H   15        0.237881       -0.363533        0.046107
     H   15        0.261753        0.046107        0.126268

     C   16       -0.042138       -0.065450       -0.047444
     C   16       -0.065450       -0.010682       -0.216185
     C   16       -0.047444       -0.216185        0.052821

     C   17       -0.146612       -0.027986       -0.106153
     C   17       -0.027986        0.324364       -0.142020
     C   17       -0.106153       -0.142020       -0.177752

     Cl  18        0.366286       -0.204058       -1.492539
     Cl  18       -0.204058        0.535399       -2.038295
     Cl  18       -1.492539       -2.038295       -0.901685

     H   19       -0.001000       -0.022177        0.115591
     H   19       -0.022177        0.424482       -0.434934
     H   19        0.115591       -0.434934       -0.423482

     C   20       -0.162230       -0.022640       -0.184711
     C   20       -0.022640       -0.272367        0.299745
     C   20       -0.184711        0.299745        0.434597

     H   21        0.456427       -0.094603        0.214251
     H   21       -0.094603       -0.139064       -0.232685
     H   21        0.214251       -0.232685       -0.317363

     C   22       -0.231102       -0.056764       -0.280802
     C   22       -0.056764       -0.188109        0.138589
     C   22       -0.280802        0.138589        0.419211

     C   23        0.053485        0.273799       -0.056384
     C   23        0.273799       -0.160645        0.213506
     C   23       -0.056384        0.213506        0.107161

     Cl  24        1.276255        2.184450       -0.540374
     Cl  24        2.184450        0.121250        0.526980
     Cl  24       -0.540374        0.526980       -1.397505

     ----- total EFG (symmetrized) -----
     Cl   1        1.402738       -2.020817        0.341747
     Cl   1       -2.020817       -0.209518        0.188685
     Cl   1        0.341747        0.188685       -1.193220

     C    2        0.168522       -0.177296       -0.455766
     C    2       -0.177296       -0.082543       -0.243190
     C    2       -0.455766       -0.243190       -0.085979

     C    3       -0.130845        0.206155       -0.148693
     C    3        0.206155       -0.083223       -0.274281
     C    3       -0.148693       -0.274281        0.214068

     H    4        0.411255        0.117927        0.159779
     H    4        0.117927       -0.212830        0.215170
     H    4        0.159779        0.215170       -0.198425

     C    5       -0.085432       -0.032457       -0.027770
     C    5       -0.032457       -0.038676       -0.262963
     C    5       -0.027770       -0.262963        0.124109

     H    6       -0.161246        0.025001        0.032848
     H    6        0.025001        0.155956        0.195035
     H    6        0.032848        0.195035        0.005290

     H    7       -0.094633        0.011816        0.179949
     H    7        0.011816        0.462727       -0.317306
     H    7        0.179949       -0.317306       -0.368094

     C    8       -0.462685       -0.162629       -0.153019
     C    8       -0.162629        0.211776        0.360028
     C    8       -0.153019        0.360028        0.250909

     H    9        0.510609       -0.223934        0.183335
     H    9       -0.223934       -0.160324       -0.397098
     H    9        0.183335       -0.397098       -0.350284

     C   10       -0.075390       -0.100052       -0.118291
     C   10       -0.100052        0.029956        0.446767
     C   10       -0.118291        0.446767        0.045434

     C   11       -0.256956        0.231142       -0.185289
     C   11        0.231142        0.083418       -0.027116
     C   11       -0.185289       -0.027116        0.173538

     Cl  12        0.863201        1.883269        0.226172
     Cl  12        1.883269        1.199162       -1.060670
     Cl  12        0.226172       -1.060670       -2.062363

     H   13       -0.173191       -0.123618       -0.046994
     H   13       -0.123618        0.093616        0.262167
     H   13       -0.046994        0.262167        0.079574

     C   14        0.006190        0.221676       -0.223803
     C   14        0.221676       -0.177581       -0.087619
     C   14       -0.223803       -0.087619        0.171391

     H   15        0.237265        0.237881        0.261753
     H   15        0.237881       -0.363533        0.046107
     H   15        0.261753        0.046107        0.126268

     C   16       -0.042138       -0.065450       -0.047444
     C   16       -0.065450       -0.010682       -0.216185
     C   16       -0.047444       -0.216185        0.052821

     C   17       -0.146612       -0.027986       -0.106153
     C   17       -0.027986        0.324364       -0.142020
     C   17       -0.106153       -0.142020       -0.177752

     Cl  18        0.366286       -0.204058       -1.492539
     Cl  18       -0.204058        0.535399       -2.038295
     Cl  18       -1.492539       -2.038295       -0.901685

     H   19       -0.001000       -0.022177        0.115591
     H   19       -0.022177        0.424482       -0.434934
     H   19        0.115591       -0.434934       -0.423482

     C   20       -0.162230       -0.022640       -0.184711
     C   20       -0.022640       -0.272367        0.299745
     C   20       -0.184711        0.299745        0.434597

     H   21        0.456427       -0.094603        0.214251
     H   21       -0.094603       -0.139064       -0.232685
     H   21        0.214251       -0.232685       -0.317363

     C   22       -0.231102       -0.056764       -0.280802
     C   22       -0.056764       -0.188109        0.138589
     C   22       -0.280802        0.138589        0.419211

     C   23        0.053485        0.273799       -0.056384
     C   23        0.273799       -0.160645        0.213506
     C   23       -0.056384        0.213506        0.107161

     Cl  24        1.276255        2.184450       -0.540374
     Cl  24        2.184450        0.121250        0.526980
     Cl  24       -0.540374        0.526980       -1.397505


     NQR/NMR SPECTROSCOPIC PARAMETERS:
     Cl   1    Vxx=   -0.9945    axis=(  0.253281  0.445661  0.858624)
     Cl   1    Vyy=   -1.7857    axis=(  0.498650  0.700424 -0.510642)
     Cl   1    Vzz=    2.7802    axis=( -0.828974  0.557488 -0.044825)
     Cl   1  Q=        -8.1650 1e-30 m^2  Cq=       -53.3372 MHz  eta= 0.28461

     C    2    Vxx=    0.0906    axis=(  0.311140 -0.866540  0.390258)
     C    2    Vyy=    0.5145    axis=( -0.794242 -0.011589  0.607491)
     C    2    Vzz=   -0.6052    axis=( -0.521892 -0.498974 -0.691848)
     C    2  Q=         1.0000 1e-30 m^2  Cq=        -1.4219 MHz  eta= 0.70045

     C    3    Vxx=   -0.1401    axis=(  0.689441  0.403189  0.601756)
     C    3    Vyy=   -0.3300    axis=( -0.623359  0.753371  0.209417)
     C    3    Vzz=    0.4701    axis=( -0.368911 -0.519491  0.770736)
     C    3  Q=         1.0000 1e-30 m^2  Cq=         1.1046 MHz  eta= 0.40412

     H    4    Vxx=   -0.0704    axis=( -0.376792  0.663971  0.645887)
     H    4    Vyy=   -0.4218    axis=( -0.035362 -0.707080  0.706248)
     H    4    Vzz=    0.4923    axis=(  0.925623  0.243269  0.289901)
     H    4  Q=         1.0000 1e-30 m^2  Cq=         1.1567 MHz  eta= 0.71382

     C    5    Vxx=   -0.0740    axis=(  0.965713 -0.213387 -0.147866)
     C    5    Vyy=   -0.2440    axis=(  0.259497  0.776466  0.574250)
     C    5    Vzz=    0.3180    axis=( -0.007725 -0.592931  0.805216)
     C    5  Q=         1.0000 1e-30 m^2  Cq=         0.7472 MHz  eta= 0.53455

     H    6    Vxx=   -0.1243    axis=(  0.303567 -0.562316  0.769186)
     H    6    Vyy=   -0.1688    axis=( -0.948919 -0.105536  0.297348)
     H    6    Vzz=    0.2931    axis=( -0.086026 -0.820160 -0.565630)
     H    6  Q=         1.0000 1e-30 m^2  Cq=         0.6886 MHz  eta= 0.15160

     H    7    Vxx=   -0.0301    axis=(  0.928848  0.184561  0.321215)
     H    7    Vyy=   -0.5434    axis=(  0.363298 -0.284105 -0.887299)
     H    7    Vzz=    0.5734    axis=( -0.072502  0.940862 -0.330941)
     H    7  Q=         1.0000 1e-30 m^2  Cq=         1.3473 MHz  eta= 0.89517

     C    8    Vxx=   -0.1288    axis=(  0.031884 -0.718853  0.694430)
     C    8    Vyy=   -0.5083    axis=( -0.979542 -0.160598 -0.121271)
     C    8    Vzz=    0.6371    axis=(  0.198700 -0.676357 -0.709267)
     C    8  Q=         1.0000 1e-30 m^2  Cq=         1.4969 MHz  eta= 0.59565

     H    9    Vxx=   -0.0083    axis=(  0.486970  0.688077 -0.537968)
     H    9    Vyy=   -0.6636    axis=( -0.004868  0.618063  0.786114)
     H    9    Vzz=    0.6720    axis=(  0.873405 -0.380195  0.304328)
     H    9  Q=         1.0000 1e-30 m^2  Cq=         1.5789 MHz  eta= 0.97518

     C   10    Vxx=   -0.1148    axis=(  0.967640  0.201958  0.151280)
     C   10    Vyy=   -0.4096    axis=(  0.037565 -0.708135  0.705077)
     C   10    Vzz=    0.5243    axis=( -0.249523  0.676578  0.692807)
     C   10  Q=         1.0000 1e-30 m^2  Cq=         1.2320 MHz  eta= 0.56225

     C   11    Vxx=    0.1031    axis=( -0.140077 -0.742919 -0.654560)
     C   11    Vyy=    0.3119    axis=( -0.451015 -0.540638  0.710138)
     C   11    Vzz=   -0.4150    axis=( -0.881456  0.394691 -0.259336)
     C   11  Q=         1.0000 1e-30 m^2  Cq=        -0.9750 MHz  eta= 0.50305

     Cl  12    Vxx=   -0.4177    axis=( -0.714250  0.539345 -0.446042)
     Cl  12    Vyy=   -2.5859    axis=( -0.265836  0.380483  0.885756)
     Cl  12    Vzz=    3.0035    axis=(  0.647440  0.751225 -0.128382)
     Cl  12  Q=        -8.1650 1e-30 m^2  Cq=       -57.6209 MHz  eta= 0.72189

     H   13    Vxx=   -0.1353    axis=( -0.602548  0.438437 -0.666865)
     H   13    Vyy=   -0.2407    axis=( -0.767834 -0.546339  0.334582)
     H   13    Vzz=    0.3759    axis=( -0.217641  0.713643  0.665842)
     H   13  Q=         1.0000 1e-30 m^2  Cq=         0.8833 MHz  eta= 0.28043

     C   14    Vxx=   -0.0672    axis=(  0.524089  0.512887  0.679910)
     C   14    Vyy=   -0.3324    axis=( -0.601905  0.787856 -0.130355)
     C   14    Vzz=    0.3997    axis=( -0.602529 -0.340924  0.721616)
     C   14  Q=         1.0000 1e-30 m^2  Cq=         0.9390 MHz  eta= 0.66363

     H   15    Vxx=   -0.0534    axis=( -0.511806 -0.271428  0.815096)
     H   15    Vyy=   -0.4500    axis=( -0.355231  0.930732  0.086882)
     H   15    Vzz=    0.5035    axis=( -0.782218 -0.245081 -0.572774)
     H   15  Q=         1.0000 1e-30 m^2  Cq=         1.1829 MHz  eta= 0.78770

     C   16    Vxx=   -0.0081    axis=(  0.919919 -0.279379 -0.275130)
     C   16    Vyy=   -0.2317    axis=(  0.391261  0.700135  0.597265)
     C   16    Vzz=    0.2398    axis=(  0.025765 -0.657083  0.753378)
     C   16  Q=         1.0000 1e-30 m^2  Cq=         0.5633 MHz  eta= 0.93266

     C   17    Vxx=   -0.0659    axis=( -0.805585  0.150753  0.572980)
     C   17    Vyy=   -0.2959    axis=( -0.592480 -0.205113 -0.779035)
     C   17    Vzz=    0.3617    axis=(  0.000083 -0.967059  0.254554)
     C   17  Q=         1.0000 1e-30 m^2  Cq=         0.8500 MHz  eta= 0.63581

     Cl  18    Vxx=    0.6146    axis=(  0.826401 -0.559772 -0.060974)
     Cl  18    Vyy=    2.2922    axis=( -0.408642 -0.670710  0.618999)
     Cl  18    Vzz=   -2.9068    axis=( -0.387394 -0.486624 -0.783022)
     Cl  18  Q=        -8.1650 1e-30 m^2  Cq=        55.7664 MHz  eta= 0.57712

     H   19    Vxx=    0.0075    axis=(  0.981888  0.159262  0.102627)
     H   19    Vyy=    0.6149    axis=( -0.106850  0.912786 -0.394214)
     H   19    Vzz=   -0.6224    axis=( -0.156460  0.376109  0.913270)
     H   19  Q=         1.0000 1e-30 m^2  Cq=        -1.4624 MHz  eta= 0.97595

     C   20    Vxx=   -0.1968    axis=(  0.948346  0.283189  0.142984)
     C   20    Vyy=   -0.3916    axis=( -0.212898  0.902269 -0.374947)
     C   20    Vzz=    0.5884    axis=( -0.235191  0.325139  0.915953)
     C   20  Q=         1.0000 1e-30 m^2  Cq=         1.3826 MHz  eta= 0.33096

     H   21    Vxx=   -0.0521    axis=(  0.342376  0.825918 -0.447927)
     H   21    Vyy=   -0.4947    axis=( -0.139067  0.516035  0.845203)
     H   21    Vzz=    0.5468    axis=(  0.929214 -0.227086  0.291536)
     H   21  Q=         1.0000 1e-30 m^2  Cq=         1.2847 MHz  eta= 0.80947

     C   22    Vxx=   -0.2181    axis=(  0.030793  0.979431 -0.199415)
     C   22    Vyy=   -0.3358    axis=( -0.938899 -0.040084 -0.341851)
     C   22    Vzz=    0.5539    axis=( -0.342813  0.197757  0.918353)
     C   22  Q=         1.0000 1e-30 m^2  Cq=         1.3014 MHz  eta= 0.21242

     C   23    Vxx=    0.1410    axis=(  0.648342  0.050804 -0.759653)
     C   23    Vyy=    0.2885    axis=( -0.581965 -0.610252 -0.537503)
     C   23    Vzz=   -0.4295    axis=(  0.490887 -0.790577  0.366085)
     C   23  Q=         1.0000 1e-30 m^2  Cq=        -1.0092 MHz  eta= 0.34344

     Cl  24    Vxx=   -0.7292    axis=( -0.390628  0.542574  0.743655)
     Cl  24    Vyy=   -2.2318    axis=( -0.464755  0.581085 -0.668089)
     Cl  24    Vzz=    2.9609    axis=( -0.794615 -0.606591  0.025176)
     Cl  24  Q=        -8.1650 1e-30 m^2  Cq=       -56.8041 MHz  eta= 0.50747

     Initialization:
     gipaw_setup  :      9.60s CPU     11.42s WALL (       1 calls)

     Linear response

     Apply operators

     Induced current

     Other routines
     efg          :      9.83s CPU     12.44s WALL (       1 calls)

     General routines
     calbec       :      3.60s CPU      4.69s WALL (      16 calls)
     fft          :      1.48s CPU      1.86s WALL (      15 calls)
     ffts         :      0.04s CPU      0.05s WALL (       2 calls)
     fftw         :      3.44s CPU      4.15s WALL (     672 calls)
     davcio       :      0.03s CPU      0.33s WALL (      32 calls)

     Parallel routines
     fft_scatter  :      2.16s CPU      3.14s WALL (     689 calls)

     Plugins

     GIPAW        :     61.93s CPU     73.12s WALL (       1 calls)
