
     Program QE v.6.0 (svn rev. 13079) starts on  2Jan2017 at  3:14:52 

     This program is part of the open-source Quantum ESPRESSO suite
     for quantum simulation of materials; please cite
         "P. Giannozzi et al., J. Phys.:Condens. Matter 21 395502 (2009);
          URL http://www.quantum-espresso.org", 
     in publications or presentations arising from this work. More details at
     http://www.quantum-espresso.org/quote

     Parallel version (MPI), running on     8 processors
     R & G space division:  proc/nbgrp/npool/nimage =       8

     ***** This is GIPAW svn revision unknown      *****

     Parallelizing q-star over 1 images

     Reading data from directory:
     /users/majewski/paradichlorobenzene/pbe/9_constraint/scratch/pbe.ecut100.np8.dt60.pcl2phi-129368.save
     Message from routine read_xml_file:
     file /users/majewski/paradichlorobenzene/pbe/9_constraint/scratch/pbe.ecut100.np8.dt60.pcl2phi-129368.save not guaranteed to be safe for post-processing

   Info: using nr1, nr2, nr3 values from input

   Info: using nr1, nr2, nr3 values from input

     IMPORTANT: XC functional enforced from input :
     Exchange-correlation      =  SLA  PW   PBX  PBC ( 1  4  3  4 0 0)
     Any further DFT definition will be discarded
     Please, verify this is what you really want

               file C.pbe-n-kjpaw_psl.1.0.0.UPF: wavefunction(s)  2S 2P renormalized
               file Cl.pbe-n-kjpaw_psl.1.0.0.UPF: wavefunction(s)  3S 3P renormalized
               file H.pbe-kjpaw_psl.1.0.0.UPF: wavefunction(s)  1S renormalized

     Parallelization info
     --------------------
     sticks:   dense  smooth     PW     G-vecs:    dense   smooth      PW
     Min        3057    1223    332               144436    36536    5170
     Max        3059    1225    333               144437    36537    5171
     Sum       24467    9791   2657              1155489   292295   41363


     Subspace diagonalization in iterative solution of the eigenvalue problem:
     a serial algorithm will be used

     GIPAW projectors -----------------------------------------------
     atom=  C    l=0  rc=    1.2000  rs=    0.8000
     atom=  C    l=0  rc=    1.2000  rs=    0.8000
     atom=  C    l=1  rc=    1.4000  rs=    0.9333
     atom=  C    l=1  rc=    1.4000  rs=    0.9333
     projs nearly linearly dependent: l=1  n1,n2= 1, 2  s=  0.99951561

     atom=  Cl   l=0  rc=    1.6000  rs=    1.0667
     atom=  Cl   l=0  rc=    1.6000  rs=    1.0667
     atom=  Cl   l=1  rc=    1.6000  rs=    1.0667
     atom=  Cl   l=1  rc=    1.6000  rs=    1.0667
     atom=  Cl   l=2  rc=    1.6000  rs=    1.0667
     atom=  Cl   l=2  rc=    1.6000  rs=    1.0667
     projs nearly linearly dependent: l=2  n1,n2= 1, 2  s=  0.99993509

     atom=  H    l=0  rc=    1.0000  rs=    0.6667
     atom=  H    l=0  rc=    1.0000  rs=    0.6667
     projs nearly linearly dependent: l=0  n1,n2= 1, 2  s=  0.99968852
     -----------------------------------------------------------------

     GIPAW integrals: -------------------------------------------
     Atom  i/j   nmr_para   nmr_dia   epr_rmc  epr_para   epr_dia
       C   1 1   0.83E+03  0.17E-01  0.93E+01  0.24E+08  0.24E+03
       C   2 1   0.86E+03 -0.61E-01  0.94E+01  0.25E+08  0.25E+03
       C   2 2   0.90E+03 -0.15E+00  0.97E+01  0.26E+08  0.26E+03
       C   3 3   0.33E+01  0.34E+00  0.18E+01  0.55E+03  0.21E+02
       C   4 3   0.35E+01  0.37E+00  0.20E+01  0.59E+03  0.22E+02
       C   4 4   0.38E+01  0.39E+00  0.22E+01  0.63E+03  0.24E+02
       Cl  1 1   0.14E+04 -0.47E+00  0.84E+01  0.32E+09  0.42E+03
       Cl  2 1   0.21E+04 -0.37E+00  0.12E+02  0.49E+09  0.65E+03
       Cl  2 2   0.33E+04 -0.16E+00  0.21E+02  0.76E+09  0.10E+04
       Cl  3 3   0.21E+02  0.79E-01  0.89E+01  0.23E+05  0.13E+03
       Cl  4 3   0.24E+02  0.67E-01  0.99E+01  0.27E+05  0.15E+03
       Cl  4 4   0.28E+02  0.44E-01  0.11E+02  0.32E+05  0.18E+03
       Cl  5 5   0.77E+00  0.19E+00  0.18E+01  0.12E+03  0.22E+02
       Cl  6 5   0.80E+00  0.19E+00  0.19E+01  0.12E+03  0.23E+02
       Cl  6 6   0.83E+00  0.20E+00  0.19E+01  0.12E+03  0.23E+02
       H   1 1   0.39E+02  0.19E+00  0.29E+00  0.78E+05  0.13E+02
       H   2 1   0.41E+02  0.21E+00  0.32E+00  0.82E+05  0.14E+02
       H   2 2   0.43E+02  0.22E+00  0.36E+00  0.86E+05  0.15E+02
     ------------------------------------------------------------

     alpha_pv=     33.6881 eV

     Number of occupied bands for each k-point:
     k-point:     1    nbnd_occ=  42
     k-point:     2    nbnd_occ=  42
     k-point:     3    nbnd_occ=  42
     k-point:     4    nbnd_occ=  42
     k-point:     5    nbnd_occ=  42
     k-point:     6    nbnd_occ=  42
     k-point:     7    nbnd_occ=  42
     k-point:     8    nbnd_occ=  42
     k-point:     9    nbnd_occ=  42
     k-point:    10    nbnd_occ=  42
     k-point:    11    nbnd_occ=  42
     k-point:    12    nbnd_occ=  42
     k-point:    13    nbnd_occ=  42
     k-point:    14    nbnd_occ=  42
     k-point:    15    nbnd_occ=  42
     k-point:    16    nbnd_occ=  42


     q-space interpolation up to   110.00 Rydberg

     GIPAW job: efg                                                                             


     ELECTRIC FIELD GRADIENTS TENSORS IN Hartree/bohrradius^2:

     ----- bare term -----
     Cl   1        0.096781       -0.042420        0.007558
     Cl   1       -0.042420       -0.015959        0.009925
     Cl   1        0.007558        0.009925       -0.080822

     C    2        0.012588        0.382424       -0.164220
     C    2        0.382424       -0.275758       -0.510833
     C    2       -0.164220       -0.510833        0.263170

     C    3       -0.215892        0.184318       -0.326774
     C    3        0.184318       -0.102912       -0.428196
     C    3       -0.326774       -0.428196        0.318804

     H    4       -0.714580       -0.082129       -0.278774
     H    4       -0.082129        0.397395       -0.152627
     H    4       -0.278774       -0.152627        0.317185

     C    5       -0.107693        0.439515        0.037426
     C    5        0.439515       -0.406304       -0.405320
     C    5        0.037426       -0.405320        0.513997

     H    6        0.476833       -0.038518       -0.024816
     H    6       -0.038518       -0.095525       -0.514673
     H    6       -0.024816       -0.514673       -0.381308

     H    7        0.175358        0.386086       -0.218204
     H    7        0.386086       -0.375801        0.484458
     H    7       -0.218204        0.484458        0.200443

     C    8       -0.080939       -0.432190        0.026576
     C    8       -0.432190       -0.431652        0.326317
     C    8        0.026576        0.326317        0.512591

     H    9       -0.609006        0.404158       -0.292909
     H    9        0.404158        0.294599        0.139709
     H    9       -0.292909        0.139709        0.314406

     C   10       -0.312711       -0.210063       -0.281748
     C   10       -0.210063       -0.054010        0.347771
     C   10       -0.281748        0.347771        0.366720

     C   11       -0.078201       -0.111697       -0.245130
     C   11       -0.111697       -0.365214        0.467263
     C   11       -0.245130        0.467263        0.443415

     Cl  12        0.078764        0.072015       -0.019243
     Cl  12        0.072015       -0.008658        0.001407
     Cl  12       -0.019243        0.001407       -0.070106

     H   13        0.128322        0.024221        0.261324
     H   13        0.024221       -0.129771       -0.489834
     H   13        0.261324       -0.489834        0.001449

     C   14       -0.307085        0.168113       -0.471900
     C   14        0.168113        0.069885       -0.342236
     C   14       -0.471900       -0.342236        0.237200

     H   15       -0.466773       -0.241983       -0.513583
     H   15       -0.241983        0.306206       -0.216921
     H   15       -0.513583       -0.216921        0.160567

     C   16       -0.016936        0.490987       -0.023232
     C   16        0.490987       -0.438532       -0.501853
     C   16       -0.023232       -0.501853        0.455468

     C   17       -0.342231       -0.195004       -0.245198
     C   17       -0.195004       -0.079392       -0.472358
     C   17       -0.245198       -0.472358        0.421622

     Cl  18        0.140951        0.081667        0.121732
     Cl  18        0.081667        0.074911        0.334082
     Cl  18        0.121732        0.334082       -0.215862

     H   19        0.338863       -0.055717       -0.143961
     H   19       -0.055717       -0.532877        0.407554
     H   19       -0.143961        0.407554        0.194013

     C   20       -0.708004       -0.176649       -0.362676
     C   20       -0.176649        0.049153        0.178960
     C   20       -0.362676        0.178960        0.658851

     H   21       -0.531722        0.067636       -0.309945
     H   21        0.067636        0.307408        0.284560
     H   21       -0.309945        0.284560        0.224314

     C   22       -0.048599       -0.222582       -0.133108
     C   22       -0.222582       -0.538498        0.411087
     C   22       -0.133108        0.411087        0.587097

     C   23       -0.632679       -0.051592       -0.230768
     C   23       -0.051592        0.064580        0.184636
     C   23       -0.230768        0.184636        0.568100

     Cl  24       -0.116363       -0.069039        0.075184
     Cl  24       -0.069039       -0.075166       -0.092218
     Cl  24        0.075184       -0.092218        0.191529

     ----- ionic term -----
     Cl   1        0.118426       -0.220585        0.009075
     Cl   1       -0.220585        0.027776       -0.001575
     Cl   1        0.009075       -0.001575       -0.146202

     C    2        0.198239       -0.172593        0.278750
     C    2       -0.172593        0.089444        0.420707
     C    2        0.278750        0.420707       -0.287683

     C    3        0.213184       -0.268757        0.113540
     C    3       -0.268757        0.120065        0.421005
     C    3        0.113540        0.421005       -0.333249

     H    4        0.758890        0.235960        0.570706
     H    4        0.235960       -0.473665        0.192586
     H    4        0.570706        0.192586       -0.285225

     C    5        0.320925       -0.181707        0.166656
     C    5       -0.181707       -0.003075        0.363972
     C    5        0.166656        0.363972       -0.317850

     H    6       -0.514006       -0.047766       -0.049924
     H    6       -0.047766        0.521921        0.781018
     H    6       -0.049924        0.781018       -0.007916

     H    7       -0.483993       -0.222636        0.108910
     H    7       -0.222636        0.763608       -0.605807
     H    7        0.108910       -0.605807       -0.279615

     C    8        0.306242        0.108207        0.229450
     C    8        0.108207        0.082478       -0.299552
     C    8        0.229450       -0.299552       -0.388720

     H    9        0.726549       -0.392179        0.509730
     H    9       -0.392179       -0.393096       -0.225332
     H    9        0.509730       -0.225332       -0.333453

     C   10        0.167497        0.144620        0.140214
     C   10        0.144620        0.210013       -0.390218
     C   10        0.140214       -0.390218       -0.377510

     C   11        0.229721        0.057627        0.277797
     C   11        0.057627        0.114253       -0.408136
     C   11        0.277797       -0.408136       -0.343974

     Cl  12        0.116478        0.188735       -0.019798
     Cl  12        0.188735        0.010725       -0.012783
     Cl  12       -0.019798       -0.012783       -0.127203

     H   13       -0.521658       -0.026944        0.007644
     H   13       -0.026944        0.510411        0.782912
     H   13        0.007644        0.782912        0.011247

     C   14        0.324782       -0.196237        0.243292
     C   14       -0.196237       -0.043636        0.337232
     C   14        0.243292        0.337232       -0.281147

     H   15        0.645124        0.306989        0.638231
     H   15        0.306989       -0.463917        0.235456
     H   15        0.638231        0.235456       -0.181206

     C   16        0.210194       -0.228371        0.149227
     C   16       -0.228371        0.022498        0.399365
     C   16        0.149227        0.399365       -0.232692

     C   17        0.300061       -0.066840        0.175158
     C   17       -0.066840       -0.083556        0.454741
     C   17        0.175158        0.454741       -0.216505

     Cl  18        0.186354       -0.160327       -0.038247
     Cl  18       -0.160327       -0.082199        0.021416
     Cl  18       -0.038247        0.021416       -0.104155

     H   19       -0.511634       -0.002242        0.009893
     H   19       -0.002242        0.618176       -0.729529
     H   19        0.009893       -0.729529       -0.106543

     C   20        0.309639        0.138994        0.263182
     C   20        0.138994        0.032658       -0.313587
     C   20        0.263182       -0.313587       -0.342297

     H   21        0.606812       -0.255676        0.694521
     H   21       -0.255676       -0.452166       -0.211237
     H   21        0.694521       -0.211237       -0.154646

     C   22        0.144825        0.181355        0.207043
     C   22        0.181355        0.143120       -0.373144
     C   22        0.207043       -0.373144       -0.287945

     C   23        0.238896        0.124857        0.250914
     C   23        0.124857        0.098623       -0.399300
     C   23        0.250914       -0.399300       -0.337519

     Cl  24        0.138405        0.219495        0.006296
     Cl  24        0.219495        0.012366       -0.007308
     Cl  24        0.006296       -0.007308       -0.150771

     ----- GIPAW term -----
     Cl   1        2.114384       -2.333231        0.094356
     Cl   1       -2.333231       -0.123794        0.043465
     Cl   1        0.094356        0.043465       -1.990590

     C    2        0.188924        0.045104       -0.017805
     C    2        0.045104       -0.073907       -0.070272
     C    2       -0.017805       -0.070272       -0.115017

     C    3        0.019838        0.054607       -0.042674
     C    3        0.054607       -0.026037       -0.051744
     C    3       -0.042674       -0.051744        0.006199

     H    4       -0.000000        0.000000        0.000000
     H    4        0.000000        0.000000        0.000000
     H    4        0.000000        0.000000        0.000000

     C    5        0.044696        0.094779        0.164821
     C    5        0.094779       -0.192060       -0.057901
     C    5        0.164821       -0.057901        0.147363

     H    6       -0.000000        0.000000        0.000000
     H    6        0.000000        0.000000        0.000000
     H    6        0.000000        0.000000        0.000000

     H    7       -0.000000        0.000000        0.000000
     H    7        0.000000        0.000000        0.000000
     H    7        0.000000        0.000000        0.000000

     C    8       -0.022963       -0.140048        0.143566
     C    8       -0.140048       -0.153936       -0.058006
     C    8        0.143566       -0.058006        0.176899

     H    9       -0.000000        0.000000        0.000000
     H    9        0.000000        0.000000        0.000000
     H    9        0.000000        0.000000        0.000000

     C   10       -0.024721       -0.071841        0.023199
     C   10       -0.071841       -0.026644        0.005299
     C   10        0.023199        0.005299        0.051365

     C   11        0.009064        0.097434       -0.004013
     C   11        0.097434       -0.113884        0.025901
     C   11       -0.004013        0.025901        0.104820

     Cl  12        1.957678        2.600733       -0.137154
     Cl  12        2.600733       -0.035441        0.033036
     Cl  12       -0.137154        0.033036       -1.922237

     H   13       -0.000000        0.000000        0.000000
     H   13        0.000000        0.000000        0.000000
     H   13        0.000000        0.000000        0.000000

     C   14        0.109086        0.094827       -0.056293
     C   14        0.094827       -0.046562       -0.045178
     C   14       -0.056293       -0.045178       -0.062524

     H   15       -0.000000        0.000000        0.000000
     H   15        0.000000        0.000000        0.000000
     H   15        0.000000        0.000000        0.000000

     C   16        0.068264        0.096293        0.074989
     C   16        0.096293       -0.122086       -0.058517
     C   16        0.074989       -0.058517        0.053822

     C   17       -0.024608       -0.154270        0.114795
     C   17       -0.154270       -0.118603       -0.079996
     C   17        0.114795       -0.079996        0.143211

     Cl  18       -0.214015       -0.249959       -0.575446
     Cl  18       -0.249959       -0.311835       -0.782037
     Cl  18       -0.575446       -0.782037        0.525851

     H   19       -0.000000        0.000000        0.000000
     H   19        0.000000        0.000000        0.000000
     H   19        0.000000        0.000000        0.000000

     C   20       -0.195302       -0.027878        0.011010
     C   20       -0.027878       -0.075411       -0.036346
     C   20        0.011010       -0.036346        0.270713

     H   21       -0.000000        0.000000        0.000000
     H   21        0.000000        0.000000        0.000000
     H   21        0.000000        0.000000        0.000000

     C   22       -0.110808       -0.009866       -0.033048
     C   22       -0.009866       -0.142555       -0.082503
     C   22       -0.033048       -0.082503        0.253363

     C   23       -0.142925        0.048681        0.082069
     C   23        0.048681       -0.081268       -0.101984
     C   23        0.082069       -0.101984        0.224193

     Cl  24       -0.288949        1.229611        0.959562
     Cl  24        1.229611       -0.996982       -1.349260
     Cl  24        0.959562       -1.349260        1.285931

     ----- total EFG -----
     Cl   1        2.329591       -2.596236        0.110990
     Cl   1       -2.596236       -0.111977        0.051814
     Cl   1        0.110990        0.051814       -2.217614

     C    2        0.399751        0.254936        0.096725
     C    2        0.254936       -0.260220       -0.160398
     C    2        0.096725       -0.160398       -0.139531

     C    3        0.017130       -0.029832       -0.255908
     C    3       -0.029832       -0.008884       -0.058935
     C    3       -0.255908       -0.058935       -0.008245

     H    4        0.044310        0.153831        0.291932
     H    4        0.153831       -0.076270        0.039959
     H    4        0.291932        0.039959        0.031960

     C    5        0.257928        0.352588        0.368902
     C    5        0.352588       -0.601438       -0.099249
     C    5        0.368902       -0.099249        0.343511

     H    6       -0.037173       -0.086284       -0.074740
     H    6       -0.086284        0.426397        0.266345
     H    6       -0.074740        0.266345       -0.389224

     H    7       -0.308635        0.163450       -0.109293
     H    7        0.163450        0.387807       -0.121349
     H    7       -0.109293       -0.121349       -0.079172

     C    8        0.202339       -0.464032        0.399591
     C    8       -0.464032       -0.503109       -0.031242
     C    8        0.399591       -0.031242        0.300770

     H    9        0.117543        0.011979        0.216821
     H    9        0.011979       -0.098497       -0.085623
     H    9        0.216821       -0.085623       -0.019047

     C   10       -0.169935       -0.137284       -0.118336
     C   10       -0.137284        0.129359       -0.037149
     C   10       -0.118336       -0.037149        0.040575

     C   11        0.160584        0.043363        0.028653
     C   11        0.043363       -0.364845        0.085028
     C   11        0.028653        0.085028        0.204260

     Cl  12        2.152920        2.861484       -0.176195
     Cl  12        2.861484       -0.033374        0.021660
     Cl  12       -0.176195        0.021660       -2.119546

     H   13       -0.393336       -0.002724        0.268968
     H   13       -0.002724        0.380640        0.293078
     H   13        0.268968        0.293078        0.012696

     C   14        0.126783        0.066703       -0.284901
     C   14        0.066703       -0.020313       -0.050182
     C   14       -0.284901       -0.050182       -0.106470

     H   15        0.178351        0.065006        0.124647
     H   15        0.065006       -0.157712        0.018535
     H   15        0.124647        0.018535       -0.020639

     C   16        0.261522        0.358909        0.200985
     C   16        0.358909       -0.538120       -0.161005
     C   16        0.200985       -0.161005        0.276598

     C   17       -0.066778       -0.416114        0.044755
     C   17       -0.416114       -0.281550       -0.097612
     C   17        0.044755       -0.097612        0.348329

     Cl  18        0.113290       -0.328619       -0.491960
     Cl  18       -0.328619       -0.319124       -0.426539
     Cl  18       -0.491960       -0.426539        0.205834

     H   19       -0.172770       -0.057959       -0.134068
     H   19       -0.057959        0.085300       -0.321975
     H   19       -0.134068       -0.321975        0.087470

     C   20       -0.593667       -0.065532       -0.088484
     C   20       -0.065532        0.006400       -0.170973
     C   20       -0.088484       -0.170973        0.587267

     H   21        0.075090       -0.188040        0.384575
     H   21       -0.188040       -0.144758        0.073323
     H   21        0.384575        0.073323        0.069668

     C   22       -0.014582       -0.051094        0.040886
     C   22       -0.051094       -0.537933       -0.044560
     C   22        0.040886       -0.044560        0.552515

     C   23       -0.536708        0.121946        0.102215
     C   23        0.121946        0.081934       -0.316648
     C   23        0.102215       -0.316648        0.454774

     Cl  24       -0.266908        1.380067        1.041042
     Cl  24        1.380067       -1.059782       -1.448786
     Cl  24        1.041042       -1.448786        1.326690

     ----- total EFG (symmetrized) -----
     Cl   1        2.329591       -2.596236        0.110990
     Cl   1       -2.596236       -0.111977        0.051814
     Cl   1        0.110990        0.051814       -2.217614

     C    2        0.399751        0.254936        0.096725
     C    2        0.254936       -0.260220       -0.160398
     C    2        0.096725       -0.160398       -0.139531

     C    3        0.017130       -0.029832       -0.255908
     C    3       -0.029832       -0.008884       -0.058935
     C    3       -0.255908       -0.058935       -0.008245

     H    4        0.044310        0.153831        0.291932
     H    4        0.153831       -0.076270        0.039959
     H    4        0.291932        0.039959        0.031960

     C    5        0.257928        0.352588        0.368902
     C    5        0.352588       -0.601438       -0.099249
     C    5        0.368902       -0.099249        0.343511

     H    6       -0.037173       -0.086284       -0.074740
     H    6       -0.086284        0.426397        0.266345
     H    6       -0.074740        0.266345       -0.389224

     H    7       -0.308635        0.163450       -0.109293
     H    7        0.163450        0.387807       -0.121349
     H    7       -0.109293       -0.121349       -0.079172

     C    8        0.202339       -0.464032        0.399591
     C    8       -0.464032       -0.503109       -0.031242
     C    8        0.399591       -0.031242        0.300770

     H    9        0.117543        0.011979        0.216821
     H    9        0.011979       -0.098497       -0.085623
     H    9        0.216821       -0.085623       -0.019047

     C   10       -0.169935       -0.137284       -0.118336
     C   10       -0.137284        0.129359       -0.037149
     C   10       -0.118336       -0.037149        0.040575

     C   11        0.160584        0.043363        0.028653
     C   11        0.043363       -0.364845        0.085028
     C   11        0.028653        0.085028        0.204260

     Cl  12        2.152920        2.861484       -0.176195
     Cl  12        2.861484       -0.033374        0.021660
     Cl  12       -0.176195        0.021660       -2.119546

     H   13       -0.393336       -0.002724        0.268968
     H   13       -0.002724        0.380640        0.293078
     H   13        0.268968        0.293078        0.012696

     C   14        0.126783        0.066703       -0.284901
     C   14        0.066703       -0.020313       -0.050182
     C   14       -0.284901       -0.050182       -0.106470

     H   15        0.178351        0.065006        0.124647
     H   15        0.065006       -0.157712        0.018535
     H   15        0.124647        0.018535       -0.020639

     C   16        0.261522        0.358909        0.200985
     C   16        0.358909       -0.538120       -0.161005
     C   16        0.200985       -0.161005        0.276598

     C   17       -0.066778       -0.416114        0.044755
     C   17       -0.416114       -0.281550       -0.097612
     C   17        0.044755       -0.097612        0.348329

     Cl  18        0.113290       -0.328619       -0.491960
     Cl  18       -0.328619       -0.319124       -0.426539
     Cl  18       -0.491960       -0.426539        0.205834

     H   19       -0.172770       -0.057959       -0.134068
     H   19       -0.057959        0.085300       -0.321975
     H   19       -0.134068       -0.321975        0.087470

     C   20       -0.593667       -0.065532       -0.088484
     C   20       -0.065532        0.006400       -0.170973
     C   20       -0.088484       -0.170973        0.587267

     H   21        0.075090       -0.188040        0.384575
     H   21       -0.188040       -0.144758        0.073323
     H   21        0.384575        0.073323        0.069668

     C   22       -0.014582       -0.051094        0.040886
     C   22       -0.051094       -0.537933       -0.044560
     C   22        0.040886       -0.044560        0.552515

     C   23       -0.536708        0.121946        0.102215
     C   23        0.121946        0.081934       -0.316648
     C   23        0.102215       -0.316648        0.454774

     Cl  24       -0.266908        1.380067        1.041042
     Cl  24        1.380067       -1.059782       -1.448786
     Cl  24        1.041042       -1.448786        1.326690


     NQR/NMR SPECTROSCOPIC PARAMETERS:
     Cl   1    Vxx=   -1.7379    axis=(  0.521941  0.826708  0.210072)
     Cl   1    Vyy=   -2.2405    axis=( -0.121347 -0.171809  0.977628)
     Cl   1    Vzz=    3.9784    axis=( -0.844306  0.535756 -0.010644)
     Cl   1  Q=        -8.1650 1e-30 m^2  Cq=       -76.3243 MHz  eta= 0.12632

     C    2    Vxx=   -0.0352    axis=(  0.101066 -0.498982  0.860699)
     C    2    Vyy=   -0.4543    axis=( -0.298932  0.809921  0.504645)
     C    2    Vzz=    0.4894    axis=( -0.948907 -0.308293 -0.067306)
     C    2  Q=         1.0000 1e-30 m^2  Cq=         1.1500 MHz  eta= 0.85623

     C    3    Vxx=    0.0053    axis=(  0.216551 -0.968500  0.122939)
     C    3    Vyy=    0.2620    axis=(  0.716371  0.072084 -0.693986)
     C    3    Vzz=   -0.2673    axis=(  0.663263  0.238353  0.709415)
     C    3  Q=         1.0000 1e-30 m^2  Cq=        -0.6281 MHz  eta= 0.96059

     H    4    Vxx=   -0.0850    axis=( -0.078337 -0.867239  0.491692)
     H    4    Vyy=   -0.2883    axis=( -0.702165  0.398112  0.590314)
     H    4    Vzz=    0.3734    axis=(  0.707692  0.299005  0.640132)
     H    4  Q=         1.0000 1e-30 m^2  Cq=         0.8773 MHz  eta= 0.54452

     C    5    Vxx=    0.0791    axis=( -0.601465 -0.411470  0.684787)
     C    5    Vyy=    0.6944    axis=(  0.701807  0.137422  0.698987)
     C    5    Vzz=   -0.7735    axis=(  0.381716 -0.901004 -0.206118)
     C    5  Q=         1.0000 1e-30 m^2  Cq=        -1.8175 MHz  eta= 0.79540

     H    6    Vxx=   -0.0513    axis=(  0.977026  0.206300 -0.053490)
     H    6    Vyy=   -0.4737    axis=( -0.109838  0.272335 -0.955913)
     H    6    Vzz=    0.5250    axis=( -0.182637  0.939827  0.288738)
     H    6  Q=         1.0000 1e-30 m^2  Cq=         1.2335 MHz  eta= 0.80457

     H    7    Vxx=   -0.0928    axis=( -0.230985  0.311323  0.921805)
     H    7    Vyy=   -0.3694    axis=(  0.944089 -0.157357  0.289713)
     H    7    Vzz=    0.4622    axis=(  0.235247  0.937186 -0.257569)
     H    7  Q=         1.0000 1e-30 m^2  Cq=         1.0860 MHz  eta= 0.59856

     C    8    Vxx=    0.0064    axis=(  0.515468 -0.423755 -0.744798)
     C    8    Vyy=    0.7506    axis=( -0.708374  0.278358 -0.648632)
     C    8    Vzz=   -0.7570    axis=( -0.482182 -0.861944  0.156693)
     C    8  Q=         1.0000 1e-30 m^2  Cq=        -1.7787 MHz  eta= 0.98298

     H    9    Vxx=   -0.0561    axis=(  0.395185  0.843828 -0.363020)
     H    9    Vyy=   -0.2251    axis=( -0.468134  0.525019  0.710778)
     H    9    Vzz=    0.2811    axis=( -0.790366  0.110947 -0.602504)
     H    9  Q=         1.0000 1e-30 m^2  Cq=         0.6606 MHz  eta= 0.60127

     C   10    Vxx=    0.0889    axis=( -0.312484 -0.209521  0.926528)
     C   10    Vyy=    0.1834    axis=( -0.383769  0.920076  0.078630)
     C   10    Vzz=   -0.2723    axis=( -0.868951 -0.331002 -0.367916)
     C   10  Q=         1.0000 1e-30 m^2  Cq=        -0.6399 MHz  eta= 0.34722

     C   11    Vxx=    0.1464    axis=(  0.895103  0.001769 -0.445855)
     C   11    Vyy=    0.2337    axis=(  0.440043  0.157477  0.884061)
     C   11    Vzz=   -0.3801    axis=(  0.071776 -0.987521  0.140179)
     C   11  Q=         1.0000 1e-30 m^2  Cq=        -0.8930 MHz  eta= 0.22962

     Cl  12    Vxx=   -1.9310    axis=( -0.473534  0.708081  0.523820)
     Cl  12    Vyy=   -2.1948    axis=( -0.311862  0.421405 -0.851563)
     Cl  12    Vzz=    4.1258    axis=( -0.823716 -0.566603  0.021274)
     Cl  12  Q=        -8.1650 1e-30 m^2  Cq=       -79.1510 MHz  eta= 0.06394

     H   13    Vxx=   -0.0127    axis=(  0.496691 -0.516338  0.697634)
     H   13    Vyy=   -0.5486    axis=( -0.855866 -0.157844  0.492522)
     H   13    Vzz=    0.5613    axis=(  0.144191  0.841713  0.520316)
     H   13  Q=         1.0000 1e-30 m^2  Cq=         1.3189 MHz  eta= 0.95467

     C   14    Vxx=   -0.0397    axis=(  0.197871 -0.973764 -0.112387)
     C   14    Vyy=   -0.2978    axis=(  0.555317  0.016878  0.831468)
     C   14    Vzz=    0.3374    axis=( -0.807756 -0.226934  0.544087)
     C   14  Q=         1.0000 1e-30 m^2  Cq=         0.7928 MHz  eta= 0.76493

     H   15    Vxx=   -0.0792    axis=( -0.406930 -0.123254  0.905106)
     H   15    Vyy=   -0.1701    axis=(  0.198464 -0.979115 -0.044104)
     H   15    Vzz=    0.2493    axis=(  0.891639  0.161683  0.422893)
     H   15  Q=         1.0000 1e-30 m^2  Cq=         0.5857 MHz  eta= 0.36448

     C   16    Vxx=    0.2306    axis=( -0.492339 -0.392583  0.776841)
     C   16    Vyy=    0.4950    axis=(  0.786650  0.181304  0.590179)
     C   16    Vzz=   -0.7256    axis=(  0.372538 -0.901669 -0.219562)
     C   16  Q=         1.0000 1e-30 m^2  Cq=        -1.7049 MHz  eta= 0.36444

     C   17    Vxx=    0.1970    axis=( -0.692646  0.495388  0.524244)
     C   17    Vyy=    0.4096    axis=(  0.389650 -0.354644  0.849941)
     C   17    Vzz=   -0.6065    axis=( -0.606971 -0.792980 -0.052615)
     C   17  Q=         1.0000 1e-30 m^2  Cq=        -1.4251 MHz  eta= 0.35055

     Cl  18    Vxx=    0.1937    axis=(  0.614735 -0.698568  0.366203)
     Cl  18    Vyy=    0.6663    axis=( -0.613838 -0.132180  0.778287)
     Cl  18    Vzz=   -0.8599    axis=( -0.495282 -0.703229 -0.510063)
     Cl  18  Q=        -8.1650 1e-30 m^2  Cq=        16.4976 MHz  eta= 0.54960

     H   19    Vxx=   -0.0686    axis=( -0.773066  0.506821  0.381448)
     H   19    Vyy=   -0.3450    axis=( -0.626961 -0.519128 -0.580884)
     H   19    Vzz=    0.4136    axis=( -0.096384 -0.688214  0.719077)
     H   19  Q=         1.0000 1e-30 m^2  Cq=         0.9718 MHz  eta= 0.66818

     C   20    Vxx=   -0.0271    axis=( -0.149095  0.957964  0.245102)
     C   20    Vyy=   -0.6105    axis=(  0.987250  0.130236  0.091521)
     C   20    Vzz=    0.6377    axis=( -0.055753 -0.255622  0.965168)
     C   20  Q=         1.0000 1e-30 m^2  Cq=         1.4982 MHz  eta= 0.91486

     H   21    Vxx=   -0.0354    axis=(  0.289957 -0.824277 -0.486304)
     H   21    Vyy=   -0.4333    axis=(  0.623996  0.548102 -0.556968)
     H   21    Vzz=    0.4687    axis=(  0.725640 -0.141955  0.673272)
     H   21  Q=         1.0000 1e-30 m^2  Cq=         1.1013 MHz  eta= 0.84915

     C   22    Vxx=   -0.0132    axis=( -0.992818  0.089976  0.078842)
     C   22    Vyy=   -0.5444    axis=(  0.093105  0.994970  0.036949)
     C   22    Vzz=    0.5576    axis=(  0.075121 -0.044025  0.996202)
     C   22  Q=         1.0000 1e-30 m^2  Cq=         1.3101 MHz  eta= 0.95266

     C   23    Vxx=   -0.0489    axis=(  0.304997  0.832941  0.461720)
     C   23    Vyy=   -0.5876    axis=(  0.952032 -0.254069 -0.170542)
     C   23    Vzz=    0.6365    axis=(  0.024743 -0.491587  0.870477)
     C   23  Q=         1.0000 1e-30 m^2  Cq=         1.4955 MHz  eta= 0.84623

     Cl  24    Vxx=    0.7716    axis=(  0.807457  0.589434  0.024079)
     Cl  24    Vyy=    2.0877    axis=( -0.213313  0.329782 -0.919642)
     Cl  24    Vzz=   -2.8593    axis=( -0.550009  0.737436  0.392018)
     Cl  24  Q=        -8.1650 1e-30 m^2  Cq=        54.8535 MHz  eta= 0.46030

     Initialization:
     gipaw_setup  :      8.88s CPU     10.80s WALL (       1 calls)

     Linear response

     Apply operators

     Induced current

     Other routines
     efg          :      9.01s CPU     10.80s WALL (       1 calls)

     General routines
     calbec       :      3.10s CPU      3.77s WALL (      16 calls)
     fft          :      1.46s CPU      1.85s WALL (      15 calls)
     ffts         :      0.06s CPU      0.10s WALL (       2 calls)
     fftw         :      3.19s CPU      3.69s WALL (     672 calls)
     davcio       :      0.02s CPU      0.33s WALL (      32 calls)

     Parallel routines
     fft_scatter  :      2.06s CPU      2.84s WALL (     689 calls)

     Plugins

     GIPAW        :     60.34s CPU     71.95s WALL (       1 calls)
