
     Program QE v.6.0 (svn rev. 13079) starts on 19Dec2016 at 18:45:11 

     This program is part of the open-source Quantum ESPRESSO suite
     for quantum simulation of materials; please cite
         "P. Giannozzi et al., J. Phys.:Condens. Matter 21 395502 (2009);
          URL http://www.quantum-espresso.org", 
     in publications or presentations arising from this work. More details at
     http://www.quantum-espresso.org/quote

     Parallel version (MPI), running on     8 processors
     R & G space division:  proc/nbgrp/npool/nimage =       8

     ***** This is GIPAW svn revision unknown      *****

     Parallelizing q-star over 1 images

     Reading data from directory:
     /users/majewski/paradichlorobenzene/pbe/9_constraint/scratch/pbe.ecut100.np8.dt60.pcl2phi-129368.save
     Message from routine read_xml_file:
     file /users/majewski/paradichlorobenzene/pbe/9_constraint/scratch/pbe.ecut100.np8.dt60.pcl2phi-129368.save not guaranteed to be safe for post-processing

   Info: using nr1, nr2, nr3 values from input

   Info: using nr1, nr2, nr3 values from input

     IMPORTANT: XC functional enforced from input :
     Exchange-correlation      =  SLA  PW   PBX  PBC ( 1  4  3  4 0 0)
     Any further DFT definition will be discarded
     Please, verify this is what you really want

               file C.pbe-n-kjpaw_psl.1.0.0.UPF: wavefunction(s)  2S 2P renormalized
               file Cl.pbe-n-kjpaw_psl.1.0.0.UPF: wavefunction(s)  3S 3P renormalized
               file H.pbe-kjpaw_psl.1.0.0.UPF: wavefunction(s)  1S renormalized

     Parallelization info
     --------------------
     sticks:   dense  smooth     PW     G-vecs:    dense   smooth      PW
     Min        3057    1223    332               144436    36536    5170
     Max        3059    1225    333               144437    36537    5171
     Sum       24467    9791   2657              1155489   292295   41363


     Subspace diagonalization in iterative solution of the eigenvalue problem:
     a serial algorithm will be used

     GIPAW projectors -----------------------------------------------
     atom=  C    l=0  rc=    1.2000  rs=    0.8000
     atom=  C    l=0  rc=    1.2000  rs=    0.8000
     atom=  C    l=1  rc=    1.4000  rs=    0.9333
     atom=  C    l=1  rc=    1.4000  rs=    0.9333
     projs nearly linearly dependent: l=1  n1,n2= 1, 2  s=  0.99951561

     atom=  Cl   l=0  rc=    1.6000  rs=    1.0667
     atom=  Cl   l=0  rc=    1.6000  rs=    1.0667
     atom=  Cl   l=1  rc=    1.6000  rs=    1.0667
     atom=  Cl   l=1  rc=    1.6000  rs=    1.0667
     atom=  Cl   l=2  rc=    1.6000  rs=    1.0667
     atom=  Cl   l=2  rc=    1.6000  rs=    1.0667
     projs nearly linearly dependent: l=2  n1,n2= 1, 2  s=  0.99993509

     atom=  H    l=0  rc=    1.0000  rs=    0.6667
     atom=  H    l=0  rc=    1.0000  rs=    0.6667
     projs nearly linearly dependent: l=0  n1,n2= 1, 2  s=  0.99968852
     -----------------------------------------------------------------

     GIPAW integrals: -------------------------------------------
     Atom  i/j   nmr_para   nmr_dia   epr_rmc  epr_para   epr_dia
       C   1 1   0.83E+03  0.17E-01  0.93E+01  0.24E+08  0.24E+03
       C   2 1   0.86E+03 -0.61E-01  0.94E+01  0.25E+08  0.25E+03
       C   2 2   0.90E+03 -0.15E+00  0.97E+01  0.26E+08  0.26E+03
       C   3 3   0.33E+01  0.34E+00  0.18E+01  0.55E+03  0.21E+02
       C   4 3   0.35E+01  0.37E+00  0.20E+01  0.59E+03  0.22E+02
       C   4 4   0.38E+01  0.39E+00  0.22E+01  0.63E+03  0.24E+02
       Cl  1 1   0.14E+04 -0.47E+00  0.84E+01  0.32E+09  0.42E+03
       Cl  2 1   0.21E+04 -0.37E+00  0.12E+02  0.49E+09  0.65E+03
       Cl  2 2   0.33E+04 -0.16E+00  0.21E+02  0.76E+09  0.10E+04
       Cl  3 3   0.21E+02  0.79E-01  0.89E+01  0.23E+05  0.13E+03
       Cl  4 3   0.24E+02  0.67E-01  0.99E+01  0.27E+05  0.15E+03
       Cl  4 4   0.28E+02  0.44E-01  0.11E+02  0.32E+05  0.18E+03
       Cl  5 5   0.77E+00  0.19E+00  0.18E+01  0.12E+03  0.22E+02
       Cl  6 5   0.80E+00  0.19E+00  0.19E+01  0.12E+03  0.23E+02
       Cl  6 6   0.83E+00  0.20E+00  0.19E+01  0.12E+03  0.23E+02
       H   1 1   0.39E+02  0.19E+00  0.29E+00  0.78E+05  0.13E+02
       H   2 1   0.41E+02  0.21E+00  0.32E+00  0.82E+05  0.14E+02
       H   2 2   0.43E+02  0.22E+00  0.36E+00  0.86E+05  0.15E+02
     ------------------------------------------------------------

     alpha_pv=     34.0532 eV

     Number of occupied bands for each k-point:
     k-point:     1    nbnd_occ=  42
     k-point:     2    nbnd_occ=  42
     k-point:     3    nbnd_occ=  42
     k-point:     4    nbnd_occ=  42
     k-point:     5    nbnd_occ=  42
     k-point:     6    nbnd_occ=  42
     k-point:     7    nbnd_occ=  42
     k-point:     8    nbnd_occ=  42
     k-point:     9    nbnd_occ=  42
     k-point:    10    nbnd_occ=  42
     k-point:    11    nbnd_occ=  42
     k-point:    12    nbnd_occ=  42
     k-point:    13    nbnd_occ=  42
     k-point:    14    nbnd_occ=  42
     k-point:    15    nbnd_occ=  42
     k-point:    16    nbnd_occ=  42


     q-space interpolation up to   110.00 Rydberg

     GIPAW job: efg                                                                             


     ELECTRIC FIELD GRADIENTS TENSORS IN Hartree/bohrradius^2:

     ----- bare term -----
     Cl   1       -0.054619        0.255300       -0.176776
     Cl   1        0.255300       -0.106850       -0.074989
     Cl   1       -0.176776       -0.074989        0.161469

     C    2        0.044337       -0.218208       -0.437416
     C    2       -0.218208       -0.371183       -0.431708
     C    2       -0.437416       -0.431708        0.326846

     C    3       -0.072653        0.306632       -0.069829
     C    3        0.306632        0.053753        0.021433
     C    3       -0.069829        0.021433        0.018899

     H    4        0.140129       -0.071454       -0.206790
     H    4       -0.071454        0.454075       -0.079305
     H    4       -0.206790       -0.079305       -0.594204

     C    5       -0.051153       -0.102496       -0.298993
     C    5       -0.102496       -0.114711       -0.287090
     C    5       -0.298993       -0.287090        0.165865

     H    6        0.319028        0.066086        0.304981
     H    6        0.066086        0.060925       -0.451196
     H    6        0.304981       -0.451196       -0.379953

     H    7        0.366861        0.037231       -0.036715
     H    7        0.037231       -0.507176        0.497860
     H    7       -0.036715        0.497860        0.140316

     C    8       -0.391169       -0.153990       -0.384189
     C    8       -0.153990       -0.031645        0.404941
     C    8       -0.384189        0.404941        0.422813

     H    9       -0.473563        0.343800        0.139406
     H    9        0.343800        0.379792        0.018107
     H    9        0.139406        0.018107        0.093771

     C   10       -0.126699       -0.377217       -0.001278
     C   10       -0.377217       -0.509528        0.511404
     C   10       -0.001278        0.511404        0.636227

     C   11       -0.138344        0.062884       -0.391343
     C   11        0.062884       -0.037988        0.426986
     C   11       -0.391343        0.426986        0.176332

     Cl  12       -0.120050       -0.159556        0.135887
     Cl  12       -0.159556       -0.105406       -0.069891
     Cl  12        0.135887       -0.069891        0.225456

     H   13        0.512123       -0.037861        0.020501
     H   13       -0.037861       -0.303098       -0.387714
     H   13        0.020501       -0.387714       -0.209025

     C   14       -0.791984        0.334836       -0.331640
     C   14        0.334836        0.408695       -0.158900
     C   14       -0.331640       -0.158900        0.383289

     H   15        0.159147       -0.024287       -0.354132
     H   15       -0.024287        0.256932        0.247606
     H   15       -0.354132        0.247606       -0.416079

     C   16       -0.017778       -0.039338       -0.233914
     C   16       -0.039338       -0.025267       -0.678477
     C   16       -0.233914       -0.678477        0.043046

     C   17       -0.579645        0.278289       -0.361488
     C   17        0.278289        0.178901       -0.183956
     C   17       -0.361488       -0.183956        0.400744

     Cl  18       -0.092614        0.002791       -0.080893
     Cl  18        0.002791       -0.040360       -0.126618
     Cl  18       -0.080893       -0.126618        0.132974

     H   19        0.214480        0.298850       -0.095801
     H   19        0.298850       -0.468575        0.430085
     H   19       -0.095801        0.430085        0.254095

     C   20       -0.088891       -0.480953       -0.238358
     C   20       -0.480953       -0.302075        0.375466
     C   20       -0.238358        0.375466        0.390966

     H   21       -0.507530        0.518826        0.007006
     H   21        0.518826        0.174988       -0.040472
     H   21        0.007006       -0.040472        0.332542

     C   22       -0.005894       -0.080134       -0.414345
     C   22       -0.080134       -0.189500        0.422553
     C   22       -0.414345        0.422553        0.195393

     C   23       -0.182581       -0.149873       -0.303573
     C   23       -0.149873       -0.061317        0.655311
     C   23       -0.303573        0.655311        0.243898

     Cl  24        0.076497       -0.085341        0.071438
     Cl  24       -0.085341        0.109382       -0.164238
     Cl  24        0.071438       -0.164238       -0.185879

     ----- ionic term -----
     Cl   1        0.103740       -0.191038        0.005894
     Cl   1       -0.191038        0.018524        0.007393
     Cl   1        0.005894        0.007393       -0.122265

     C    2        0.005013       -0.255648        0.286059
     C    2       -0.255648        0.028994        0.426837
     C    2        0.286059        0.426837       -0.034007

     C    3        0.025166       -0.281914        0.237491
     C    3       -0.281914        0.092042        0.383744
     C    3        0.237491        0.383744       -0.117209

     H    4        0.397941        0.228594        0.786348
     H    4        0.228594       -0.476321        0.248241
     H    4        0.786348        0.248241        0.078380

     C    5        0.112430       -0.255259        0.360900
     C    5       -0.255259       -0.002812        0.258487
     C    5        0.360900        0.258487       -0.109618

     H    6       -0.550331        0.041168        0.048084
     H    6        0.041168        0.560001        0.762565
     H    6        0.048084        0.762565       -0.009670

     H    7       -0.515860       -0.116412        0.044242
     H    7       -0.116412        0.647308       -0.724449
     H    7        0.044242       -0.724449       -0.131448

     C    8        0.323500        0.094736        0.111836
     C    8        0.094736        0.092805       -0.351440
     C    8        0.111836       -0.351440       -0.416305

     H    9        0.889625       -0.404417        0.337033
     H    9       -0.404417       -0.372013       -0.156281
     H    9        0.337033       -0.156281       -0.517612

     C   10        0.231455        0.144251        0.059041
     C   10        0.144251        0.233074       -0.377738
     C   10        0.059041       -0.377738       -0.464528

     C   11        0.255144        0.059690        0.231594
     C   11        0.059690        0.163134       -0.406612
     C   11        0.231594       -0.406612       -0.418279

     Cl  12        0.126114        0.196902       -0.015829
     Cl  12        0.196902        0.009690       -0.024678
     Cl  12       -0.015829       -0.024678       -0.135805

     H   13       -0.517943       -0.059444       -0.019799
     H   13       -0.059444        0.442799        0.765001
     H   13       -0.019799        0.765001        0.075143

     C   14        0.134291       -0.294111        0.334632
     C   14       -0.294111       -0.029482        0.252446
     C   14        0.334632        0.252446       -0.104809

     H   15        0.089705        0.085590        0.753912
     H   15        0.085590       -0.494759        0.180429
     H   15        0.753912        0.180429        0.405054

     C   16       -0.007830       -0.316976        0.249832
     C   16       -0.316976        0.070684        0.344772
     C   16        0.249832        0.344772       -0.062855

     C   17        0.070117       -0.290347        0.417202
     C   17       -0.290347       -0.014704        0.321008
     C   17        0.417202        0.321008       -0.055413

     Cl  18        0.128015       -0.251031        0.073367
     Cl  18       -0.251031        0.016476       -0.045275
     Cl  18        0.073367       -0.045275       -0.144491

     H   19       -0.519488       -0.065280        0.052759
     H   19       -0.065280        0.637651       -0.738225
     H   19        0.052759       -0.738225       -0.118163

     C   20        0.355454        0.107597        0.210911
     C   20        0.107597        0.011527       -0.342253
     C   20        0.210911       -0.342253       -0.366981

     H   21        0.596866       -0.460771        0.572658
     H   21       -0.460771       -0.364622       -0.298075
     H   21        0.572658       -0.298075       -0.232244

     C   22        0.146898        0.071179        0.146879
     C   22        0.071179        0.167422       -0.461612
     C   22        0.146879       -0.461612       -0.314320

     C   23        0.225815        0.018698        0.124251
     C   23        0.018698        0.141611       -0.501610
     C   23        0.124251       -0.501610       -0.367426

     Cl  24        0.118967        0.195085       -0.067099
     Cl  24        0.195085        0.007900       -0.047314
     Cl  24       -0.067099       -0.047314       -0.126867

     ----- GIPAW term -----
     Cl   1        1.369950       -0.413800       -1.856067
     Cl   1       -0.413800       -0.868979       -0.820820
     Cl   1       -1.856067       -0.820820       -0.500970

     C    2        0.005087       -0.134349       -0.176398
     C    2       -0.134349       -0.131761        0.022976
     C    2       -0.176398        0.022976        0.126674

     C    3        0.002390        0.009413       -0.048713
     C    3        0.009413       -0.019317        0.021549
     C    3       -0.048713        0.021549        0.016927

     H    4       -0.000000        0.000000        0.000000
     H    4        0.000000        0.000000        0.000000
     H    4        0.000000        0.000000        0.000000

     C    5        0.013281       -0.051819       -0.143829
     C    5       -0.051819       -0.117137        0.000615
     C    5       -0.143829        0.000615        0.103856

     H    6       -0.000000        0.000000        0.000000
     H    6        0.000000        0.000000        0.000000
     H    6        0.000000        0.000000        0.000000

     H    7       -0.000000        0.000000        0.000000
     H    7        0.000000        0.000000        0.000000
     H    7        0.000000        0.000000        0.000000

     C    8       -0.040823       -0.012407       -0.046846
     C    8       -0.012407       -0.027998        0.087868
     C    8       -0.046846        0.087868        0.068821

     H    9       -0.000000        0.000000        0.000000
     H    9        0.000000        0.000000        0.000000
     H    9        0.000000        0.000000        0.000000

     C   10       -0.092656       -0.049159        0.072229
     C   10       -0.049159       -0.169588        0.079740
     C   10        0.072229        0.079740        0.262244

     C   11        0.161511        0.072459        0.031899
     C   11        0.072459       -0.057326        0.020835
     C   11        0.031899        0.020835       -0.104185

     Cl  12        0.375160        0.928187        1.610361
     Cl  12        0.928187       -1.154723       -0.842296
     Cl  12        1.610361       -0.842296        0.779563

     H   13       -0.000000        0.000000        0.000000
     H   13        0.000000        0.000000        0.000000
     H   13        0.000000        0.000000        0.000000

     C   14       -0.214668       -0.034246       -0.038074
     C   14       -0.034246        0.284188        0.024185
     C   14       -0.038074        0.024185       -0.069520

     H   15       -0.000000        0.000000        0.000000
     H   15        0.000000        0.000000        0.000000
     H   15        0.000000        0.000000        0.000000

     C   16       -0.116546       -0.092957       -0.013941
     C   16       -0.092957        0.196824       -0.204391
     C   16       -0.013941       -0.204391       -0.080278

     C   17       -0.102209       -0.133343       -0.087753
     C   17       -0.133343        0.169098        0.082714
     C   17       -0.087753        0.082714       -0.066888

     Cl  18       -0.278786       -1.708155       -0.485559
     Cl  18       -1.708155       -0.189921       -1.930383
     Cl  18       -0.485559       -1.930383        0.468707

     H   19       -0.000000        0.000000        0.000000
     H   19        0.000000        0.000000        0.000000
     H   19        0.000000        0.000000        0.000000

     C   20        0.141143       -0.166873       -0.076206
     C   20       -0.166873       -0.122956        0.092269
     C   20       -0.076206        0.092269       -0.018187

     H   21       -0.000000        0.000000        0.000000
     H   21        0.000000        0.000000        0.000000
     H   21        0.000000        0.000000        0.000000

     C   22        0.114357       -0.069387       -0.225716
     C   22       -0.069387       -0.092528        0.094316
     C   22       -0.225716        0.094316       -0.021830

     C   23       -0.019591       -0.016287       -0.137386
     C   23       -0.016287        0.021630        0.229386
     C   23       -0.137386        0.229386       -0.002038

     Cl  24       -0.464574        0.567061       -0.689616
     Cl  24        0.567061       -0.742158        0.963250
     Cl  24       -0.689616        0.963250        1.206732

     ----- total EFG -----
     Cl   1        1.419071       -0.349539       -2.026949
     Cl   1       -0.349539       -0.957305       -0.888417
     Cl   1       -2.026949       -0.888417       -0.461766

     C    2        0.054436       -0.608206       -0.327756
     C    2       -0.608206       -0.473950        0.018106
     C    2       -0.327756        0.018106        0.419513

     C    3       -0.045096        0.034130        0.118948
     C    3        0.034130        0.126478        0.426725
     C    3        0.118948        0.426725       -0.081382

     H    4        0.538070        0.157140        0.579558
     H    4        0.157140       -0.022247        0.168937
     H    4        0.579558        0.168937       -0.515823

     C    5        0.074557       -0.409575       -0.081922
     C    5       -0.409575       -0.234660       -0.027988
     C    5       -0.081922       -0.027988        0.160103

     H    6       -0.231302        0.107254        0.353065
     H    6        0.107254        0.620926        0.311368
     H    6        0.353065        0.311368       -0.389624

     H    7       -0.148999       -0.079181        0.007527
     H    7       -0.079181        0.140131       -0.226589
     H    7        0.007527       -0.226589        0.008868

     C    8       -0.108491       -0.071661       -0.319199
     C    8       -0.071661        0.033162        0.141370
     C    8       -0.319199        0.141370        0.075329

     H    9        0.416062       -0.060618        0.476439
     H    9       -0.060618        0.007779       -0.138174
     H    9        0.476439       -0.138174       -0.423841

     C   10        0.012099       -0.282125        0.129992
     C   10       -0.282125       -0.446042        0.213406
     C   10        0.129992        0.213406        0.433943

     C   11        0.278311        0.195033       -0.127850
     C   11        0.195033        0.067820        0.041210
     C   11       -0.127850        0.041210       -0.346132

     Cl  12        0.381225        0.965534        1.730418
     Cl  12        0.965534       -1.250439       -0.936865
     Cl  12        1.730418       -0.936865        0.869214

     H   13       -0.005819       -0.097305        0.000702
     H   13       -0.097305        0.139701        0.377287
     H   13        0.000702        0.377287       -0.133882

     C   14       -0.872361        0.006478       -0.035082
     C   14        0.006478        0.663401        0.117732
     C   14       -0.035082        0.117732        0.208960

     H   15        0.248852        0.061303        0.399780
     H   15        0.061303       -0.237828        0.428035
     H   15        0.399780        0.428035       -0.011025

     C   16       -0.142154       -0.449272        0.001977
     C   16       -0.449272        0.242241       -0.538095
     C   16        0.001977       -0.538095       -0.100087

     C   17       -0.611737       -0.145401       -0.032038
     C   17       -0.145401        0.333295        0.219766
     C   17       -0.032038        0.219766        0.278443

     Cl  18       -0.243386       -1.956394       -0.493085
     Cl  18       -1.956394       -0.213804       -2.102276
     Cl  18       -0.493085       -2.102276        0.457190

     H   19       -0.305009        0.233570       -0.043042
     H   19        0.233570        0.169076       -0.308140
     H   19       -0.043042       -0.308140        0.135933

     C   20        0.407707       -0.540230       -0.103653
     C   20       -0.540230       -0.413505        0.125482
     C   20       -0.103653        0.125482        0.005798

     H   21        0.089336        0.058055        0.579664
     H   21        0.058055       -0.189634       -0.338546
     H   21        0.579664       -0.338546        0.100298

     C   22        0.255362       -0.078343       -0.493181
     C   22       -0.078343       -0.114605        0.055257
     C   22       -0.493181        0.055257       -0.140756

     C   23        0.023643       -0.147462       -0.316707
     C   23       -0.147462        0.101924        0.383088
     C   23       -0.316707        0.383088       -0.125567

     Cl  24       -0.269110        0.676805       -0.685277
     Cl  24        0.676805       -0.624875        0.751697
     Cl  24       -0.685277        0.751697        0.893985

     ----- total EFG (symmetrized) -----
     Cl   1        1.419071       -0.349539       -2.026949
     Cl   1       -0.349539       -0.957305       -0.888417
     Cl   1       -2.026949       -0.888417       -0.461766

     C    2        0.054436       -0.608206       -0.327756
     C    2       -0.608206       -0.473950        0.018106
     C    2       -0.327756        0.018106        0.419513

     C    3       -0.045096        0.034130        0.118948
     C    3        0.034130        0.126478        0.426725
     C    3        0.118948        0.426725       -0.081382

     H    4        0.538070        0.157140        0.579558
     H    4        0.157140       -0.022247        0.168937
     H    4        0.579558        0.168937       -0.515823

     C    5        0.074557       -0.409575       -0.081922
     C    5       -0.409575       -0.234660       -0.027988
     C    5       -0.081922       -0.027988        0.160103

     H    6       -0.231302        0.107254        0.353065
     H    6        0.107254        0.620926        0.311368
     H    6        0.353065        0.311368       -0.389624

     H    7       -0.148999       -0.079181        0.007527
     H    7       -0.079181        0.140131       -0.226589
     H    7        0.007527       -0.226589        0.008868

     C    8       -0.108491       -0.071661       -0.319199
     C    8       -0.071661        0.033162        0.141370
     C    8       -0.319199        0.141370        0.075329

     H    9        0.416062       -0.060618        0.476439
     H    9       -0.060618        0.007779       -0.138174
     H    9        0.476439       -0.138174       -0.423841

     C   10        0.012099       -0.282125        0.129992
     C   10       -0.282125       -0.446042        0.213406
     C   10        0.129992        0.213406        0.433943

     C   11        0.278311        0.195033       -0.127850
     C   11        0.195033        0.067820        0.041210
     C   11       -0.127850        0.041210       -0.346132

     Cl  12        0.381225        0.965534        1.730418
     Cl  12        0.965534       -1.250439       -0.936865
     Cl  12        1.730418       -0.936865        0.869214

     H   13       -0.005819       -0.097305        0.000702
     H   13       -0.097305        0.139701        0.377287
     H   13        0.000702        0.377287       -0.133882

     C   14       -0.872361        0.006478       -0.035082
     C   14        0.006478        0.663401        0.117732
     C   14       -0.035082        0.117732        0.208960

     H   15        0.248852        0.061303        0.399780
     H   15        0.061303       -0.237828        0.428035
     H   15        0.399780        0.428035       -0.011025

     C   16       -0.142154       -0.449272        0.001977
     C   16       -0.449272        0.242241       -0.538095
     C   16        0.001977       -0.538095       -0.100087

     C   17       -0.611737       -0.145401       -0.032038
     C   17       -0.145401        0.333295        0.219766
     C   17       -0.032038        0.219766        0.278443

     Cl  18       -0.243386       -1.956394       -0.493085
     Cl  18       -1.956394       -0.213804       -2.102276
     Cl  18       -0.493085       -2.102276        0.457190

     H   19       -0.305009        0.233570       -0.043042
     H   19        0.233570        0.169076       -0.308140
     H   19       -0.043042       -0.308140        0.135933

     C   20        0.407707       -0.540230       -0.103653
     C   20       -0.540230       -0.413505        0.125482
     C   20       -0.103653        0.125482        0.005798

     H   21        0.089336        0.058055        0.579664
     H   21        0.058055       -0.189634       -0.338546
     H   21        0.579664       -0.338546        0.100298

     C   22        0.255362       -0.078343       -0.493181
     C   22       -0.078343       -0.114605        0.055257
     C   22       -0.493181        0.055257       -0.140756

     C   23        0.023643       -0.147462       -0.316707
     C   23       -0.147462        0.101924        0.383088
     C   23       -0.316707        0.383088       -0.125567

     Cl  24       -0.269110        0.676805       -0.685277
     Cl  24        0.676805       -0.624875        0.751697
     Cl  24       -0.685277        0.751697        0.893985


     NQR/NMR SPECTROSCOPIC PARAMETERS:
     Cl   1    Vxx=   -0.3458    axis=(  0.339484 -0.831864  0.439037)
     Cl   1    Vyy=   -2.3770    axis=(  0.431620  0.552484  0.713068)
     Cl   1    Vzz=    2.7228    axis=( -0.835736 -0.052578  0.546608)
     Cl   1  Q=        -8.1650 1e-30 m^2  Cq=       -52.2354 MHz  eta= 0.74602

     C    2    Vxx=    0.1655    axis=(  0.522016 -0.476510  0.707416)
     C    2    Vyy=    0.7290    axis=(  0.637636 -0.332839 -0.694722)
     C    2    Vzz=   -0.8945    axis=( -0.566497 -0.813730 -0.130092)
     C    2  Q=         1.0000 1e-30 m^2  Cq=        -2.1017 MHz  eta= 0.63004

     C    3    Vxx=   -0.0504    axis=(  0.963366 -0.266121  0.033266)
     C    3    Vyy=   -0.4307    axis=(  0.189983  0.589615 -0.785023)
     C    3    Vzz=    0.4811    axis=(  0.189297  0.762584  0.618573)
     C    3  Q=         1.0000 1e-30 m^2  Cq=         1.1304 MHz  eta= 0.79040

     H    4    Vxx=   -0.0630    axis=(  0.267835 -0.963322 -0.016596)
     H    4    Vyy=   -0.7835    axis=( -0.386253 -0.123139  0.914137)
     H    4    Vzz=    0.8465    axis=( -0.882651 -0.238428 -0.405067)
     H    4  Q=         1.0000 1e-30 m^2  Cq=         1.9889 MHz  eta= 0.85109

     C    5    Vxx=    0.1543    axis=( -0.143914  0.220955 -0.964608)
     C    5    Vyy=    0.3706    axis=(  0.808506 -0.535813 -0.243358)
     C    5    Vzz=   -0.5249    axis=(  0.570620  0.814913  0.101532)
     C    5  Q=         1.0000 1e-30 m^2  Cq=        -1.2334 MHz  eta= 0.41216

     H    6    Vxx=   -0.0553    axis=(  0.788656 -0.355937  0.501329)
     H    6    Vyy=   -0.6978    axis=(  0.576143  0.143147 -0.804716)
     H    6    Vzz=    0.7531    axis=(  0.214665  0.923481  0.317964)
     H    6  Q=         1.0000 1e-30 m^2  Cq=         1.7694 MHz  eta= 0.85320

     H    7    Vxx=   -0.1190    axis=(  0.709766 -0.328171 -0.623327)
     H    7    Vyy=   -0.2013    axis=(  0.689540  0.504675  0.519458)
     H    7    Vzz=    0.3203    axis=( -0.144106  0.798503 -0.584488)
     H    7  Q=         1.0000 1e-30 m^2  Cq=         0.7525 MHz  eta= 0.25691

     C    8    Vxx=   -0.0340    axis=(  0.308462  0.910225 -0.276299)
     C    8    Vyy=   -0.3510    axis=( -0.785087  0.079599 -0.614250)
     C    8    Vzz=    0.3850    axis=( -0.537112  0.406392  0.739159)
     C    8  Q=         1.0000 1e-30 m^2  Cq=         0.9046 MHz  eta= 0.82319

     H    9    Vxx=    0.0036    axis=(  0.221306  0.972845 -0.067803)
     H    9    Vyy=    0.6510    axis=(  0.891833 -0.173768  0.417658)
     H    9    Vzz=   -0.6546    axis=(  0.394534 -0.152899 -0.906071)
     H    9  Q=         1.0000 1e-30 m^2  Cq=        -1.5381 MHz  eta= 0.98894

     C   10    Vxx=    0.1447    axis=(  0.890458 -0.449921 -0.068233)
     C   10    Vyy=    0.4934    axis=( -0.161491 -0.172247 -0.971726)
     C   10    Vzz=   -0.6381    axis=(  0.425447  0.876300 -0.226037)
     C   10  Q=         1.0000 1e-30 m^2  Cq=        -1.4992 MHz  eta= 0.54648

     C   11    Vxx=   -0.0191    axis=( -0.439602  0.853615  0.279449)
     C   11    Vyy=   -0.3863    axis=(  0.238667 -0.188925  0.952547)
     C   11    Vzz=    0.4055    axis=(  0.865903  0.485437 -0.120678)
     C   11  Q=         1.0000 1e-30 m^2  Cq=         0.9527 MHz  eta= 0.90565

     Cl  12    Vxx=    0.1573    axis=(  0.561514  0.689546 -0.457415)
     Cl  12    Vyy=    2.3745    axis=(  0.648783 -0.023769  0.760602)
     Cl  12    Vzz=   -2.5318    axis=(  0.513598 -0.723852 -0.460712)
     Cl  12  Q=        -8.1650 1e-30 m^2  Cq=        48.5714 MHz  eta= 0.87574

     H   13    Vxx=   -0.0126    axis=(  0.972405  0.069737  0.222633)
     H   13    Vyy=   -0.4065    axis=(  0.142151  0.579578 -0.802423)
     H   13    Vzz=    0.4192    axis=( -0.184992  0.811927  0.553672)
     H   13  Q=         1.0000 1e-30 m^2  Cq=         0.9848 MHz  eta= 0.93970

     C   14    Vxx=    0.1815    axis=( -0.033779 -0.236751  0.970983)
     C   14    Vyy=    0.6921    axis=( -0.001288  0.971547  0.236844)
     C   14    Vzz=   -0.8736    axis=( -0.999428  0.006750 -0.033123)
     C   14  Q=         1.0000 1e-30 m^2  Cq=        -2.0525 MHz  eta= 0.58452

     H   15    Vxx=   -0.0348    axis=(  0.683536 -0.616726 -0.390420)
     H   15    Vyy=   -0.6191    axis=(  0.255790  0.703354 -0.663223)
     H   15    Vzz=    0.6539    axis=( -0.683630 -0.353471 -0.638520)
     H   15  Q=         1.0000 1e-30 m^2  Cq=         1.5365 MHz  eta= 0.89356

     C   16    Vxx=   -0.1265    axis=(  0.757338 -0.029248 -0.652367)
     C   16    Vyy=   -0.6605    axis=(  0.529085  0.613034  0.586735)
     C   16    Vzz=    0.7870    axis=( -0.382763  0.789515 -0.479749)
     C   16  Q=         1.0000 1e-30 m^2  Cq=         1.8492 MHz  eta= 0.67852

     C   17    Vxx=    0.0914    axis=(  0.096828 -0.636810  0.764917)
     C   17    Vyy=    0.5422    axis=( -0.113208  0.756494  0.644128)
     C   17    Vzz=   -0.6336    axis=( -0.988842 -0.148964  0.001158)
     C   17  Q=         1.0000 1e-30 m^2  Cq=        -1.4887 MHz  eta= 0.71141

     Cl  18    Vxx=    0.5584    axis=(  0.750308 -0.144931 -0.645006)
     Cl  18    Vyy=    2.6214    axis=(  0.378694 -0.705505  0.599043)
     Cl  18    Vzz=   -3.1798    axis=(  0.541875  0.693727  0.474461)
     Cl  18  Q=        -8.1650 1e-30 m^2  Cq=        61.0023 MHz  eta= 0.64878

     H   19    Vxx=   -0.0962    axis=(  0.415024  0.509814  0.753555)
     H   19    Vyy=   -0.4150    axis=(  0.876528 -0.446027 -0.180994)
     H   19    Vzz=    0.5112    axis=(  0.243833  0.735629 -0.631978)
     H   19  Q=         1.0000 1e-30 m^2  Cq=         1.2012 MHz  eta= 0.62347

     C   20    Vxx=   -0.0193    axis=(  0.229778 -0.005099  0.973230)
     C   20    Vyy=   -0.6880    axis=(  0.432690  0.896259 -0.097462)
     C   20    Vzz=    0.7073    axis=( -0.871769  0.443501  0.208147)
     C   20  Q=         1.0000 1e-30 m^2  Cq=         1.6619 MHz  eta= 0.94534

     H   21    Vxx=   -0.0600    axis=(  0.536616  0.814680 -0.219864)
     H   21    Vyy=   -0.6616    axis=( -0.542575  0.532675  0.649515)
     H   21    Vzz=    0.7216    axis=(  0.646263 -0.229247  0.727867)
     H   21  Q=         1.0000 1e-30 m^2  Cq=         1.6955 MHz  eta= 0.83363

     C   22    Vxx=   -0.1274    axis=(  0.112936  0.991148 -0.069790)
     C   22    Vyy=   -0.4742    axis=( -0.559647  0.005416 -0.828714)
     C   22    Vzz=    0.6016    axis=( -0.821000  0.132650  0.555305)
     C   22  Q=         1.0000 1e-30 m^2  Cq=         1.4135 MHz  eta= 0.57638

     C   23    Vxx=   -0.0894    axis=(  0.771512  0.635879 -0.020636)
     C   23    Vyy=   -0.4808    axis=( -0.382707  0.437939 -0.813477)
     C   23    Vzz=    0.5702    axis=( -0.508236  0.635505  0.581231)
     C   23  Q=         1.0000 1e-30 m^2  Cq=         1.3398 MHz  eta= 0.68636

     Cl  24    Vxx=    0.2477    axis=(  0.762923  0.643671  0.060300)
     Cl  24    Vyy=    1.3176    axis=(  0.289077 -0.256225 -0.922379)
     Cl  24    Vzz=   -1.5653    axis=( -0.578258  0.721136 -0.381550)
     Cl  24  Q=        -8.1650 1e-30 m^2  Cq=        30.0296 MHz  eta= 0.68346

     Initialization:
     gipaw_setup  :      9.31s CPU     11.31s WALL (       1 calls)

     Linear response

     Apply operators

     Induced current

     Other routines
     efg          :      9.68s CPU     12.88s WALL (       1 calls)

     General routines
     calbec       :      3.27s CPU      4.57s WALL (      16 calls)
     fft          :      1.85s CPU      3.39s WALL (      15 calls)
     ffts         :      0.05s CPU      0.07s WALL (       2 calls)
     fftw         :      3.59s CPU      4.72s WALL (     672 calls)
     davcio       :      0.05s CPU      0.32s WALL (      32 calls)

     Parallel routines
     fft_scatter  :      2.86s CPU      5.22s WALL (     689 calls)

     Plugins

     GIPAW        :     63.02s CPU     78.18s WALL (       1 calls)
