
     Program QE v.6.0 (svn rev. 13079) starts on 10Jan2017 at  8:24:46 

     This program is part of the open-source Quantum ESPRESSO suite
     for quantum simulation of materials; please cite
         "P. Giannozzi et al., J. Phys.:Condens. Matter 21 395502 (2009);
          URL http://www.quantum-espresso.org", 
     in publications or presentations arising from this work. More details at
     http://www.quantum-espresso.org/quote

     Parallel version (MPI), running on     8 processors
     R & G space division:  proc/nbgrp/npool/nimage =       8

     ***** This is GIPAW svn revision unknown      *****

     Parallelizing q-star over 1 images

     Reading data from directory:
     /users/majewski/paradichlorobenzene/pbe/9_constraint/scratch/pbe.ecut100.np8.dt60.pcl2phi-129368.save
     Message from routine read_xml_file:
     file /users/majewski/paradichlorobenzene/pbe/9_constraint/scratch/pbe.ecut100.np8.dt60.pcl2phi-129368.save not guaranteed to be safe for post-processing

   Info: using nr1, nr2, nr3 values from input

   Info: using nr1, nr2, nr3 values from input

     IMPORTANT: XC functional enforced from input :
     Exchange-correlation      =  SLA  PW   PBX  PBC ( 1  4  3  4 0 0)
     Any further DFT definition will be discarded
     Please, verify this is what you really want

               file C.pbe-n-kjpaw_psl.1.0.0.UPF: wavefunction(s)  2S 2P renormalized
               file Cl.pbe-n-kjpaw_psl.1.0.0.UPF: wavefunction(s)  3S 3P renormalized
               file H.pbe-kjpaw_psl.1.0.0.UPF: wavefunction(s)  1S renormalized

     Parallelization info
     --------------------
     sticks:   dense  smooth     PW     G-vecs:    dense   smooth      PW
     Min        3057    1223    332               144436    36536    5170
     Max        3059    1225    333               144437    36537    5171
     Sum       24467    9791   2657              1155489   292295   41363


     Subspace diagonalization in iterative solution of the eigenvalue problem:
     a serial algorithm will be used

     GIPAW projectors -----------------------------------------------
     atom=  C    l=0  rc=    1.2000  rs=    0.8000
     atom=  C    l=0  rc=    1.2000  rs=    0.8000
     atom=  C    l=1  rc=    1.4000  rs=    0.9333
     atom=  C    l=1  rc=    1.4000  rs=    0.9333
     projs nearly linearly dependent: l=1  n1,n2= 1, 2  s=  0.99951561

     atom=  Cl   l=0  rc=    1.6000  rs=    1.0667
     atom=  Cl   l=0  rc=    1.6000  rs=    1.0667
     atom=  Cl   l=1  rc=    1.6000  rs=    1.0667
     atom=  Cl   l=1  rc=    1.6000  rs=    1.0667
     atom=  Cl   l=2  rc=    1.6000  rs=    1.0667
     atom=  Cl   l=2  rc=    1.6000  rs=    1.0667
     projs nearly linearly dependent: l=2  n1,n2= 1, 2  s=  0.99993509

     atom=  H    l=0  rc=    1.0000  rs=    0.6667
     atom=  H    l=0  rc=    1.0000  rs=    0.6667
     projs nearly linearly dependent: l=0  n1,n2= 1, 2  s=  0.99968852
     -----------------------------------------------------------------

     GIPAW integrals: -------------------------------------------
     Atom  i/j   nmr_para   nmr_dia   epr_rmc  epr_para   epr_dia
       C   1 1   0.83E+03  0.17E-01  0.93E+01  0.24E+08  0.24E+03
       C   2 1   0.86E+03 -0.61E-01  0.94E+01  0.25E+08  0.25E+03
       C   2 2   0.90E+03 -0.15E+00  0.97E+01  0.26E+08  0.26E+03
       C   3 3   0.33E+01  0.34E+00  0.18E+01  0.55E+03  0.21E+02
       C   4 3   0.35E+01  0.37E+00  0.20E+01  0.59E+03  0.22E+02
       C   4 4   0.38E+01  0.39E+00  0.22E+01  0.63E+03  0.24E+02
       Cl  1 1   0.14E+04 -0.47E+00  0.84E+01  0.32E+09  0.42E+03
       Cl  2 1   0.21E+04 -0.37E+00  0.12E+02  0.49E+09  0.65E+03
       Cl  2 2   0.33E+04 -0.16E+00  0.21E+02  0.76E+09  0.10E+04
       Cl  3 3   0.21E+02  0.79E-01  0.89E+01  0.23E+05  0.13E+03
       Cl  4 3   0.24E+02  0.67E-01  0.99E+01  0.27E+05  0.15E+03
       Cl  4 4   0.28E+02  0.44E-01  0.11E+02  0.32E+05  0.18E+03
       Cl  5 5   0.77E+00  0.19E+00  0.18E+01  0.12E+03  0.22E+02
       Cl  6 5   0.80E+00  0.19E+00  0.19E+01  0.12E+03  0.23E+02
       Cl  6 6   0.83E+00  0.20E+00  0.19E+01  0.12E+03  0.23E+02
       H   1 1   0.39E+02  0.19E+00  0.29E+00  0.78E+05  0.13E+02
       H   2 1   0.41E+02  0.21E+00  0.32E+00  0.82E+05  0.14E+02
       H   2 2   0.43E+02  0.22E+00  0.36E+00  0.86E+05  0.15E+02
     ------------------------------------------------------------

     alpha_pv=     33.8527 eV

     Number of occupied bands for each k-point:
     k-point:     1    nbnd_occ=  42
     k-point:     2    nbnd_occ=  42
     k-point:     3    nbnd_occ=  42
     k-point:     4    nbnd_occ=  42
     k-point:     5    nbnd_occ=  42
     k-point:     6    nbnd_occ=  42
     k-point:     7    nbnd_occ=  42
     k-point:     8    nbnd_occ=  42
     k-point:     9    nbnd_occ=  42
     k-point:    10    nbnd_occ=  42
     k-point:    11    nbnd_occ=  42
     k-point:    12    nbnd_occ=  42
     k-point:    13    nbnd_occ=  42
     k-point:    14    nbnd_occ=  42
     k-point:    15    nbnd_occ=  42
     k-point:    16    nbnd_occ=  42


     q-space interpolation up to   110.00 Rydberg

     GIPAW job: efg                                                                             


     ELECTRIC FIELD GRADIENTS TENSORS IN Hartree/bohrradius^2:

     ----- bare term -----
     Cl   1       -0.068701        0.156950        0.113417
     Cl   1        0.156950       -0.018055        0.131055
     Cl   1        0.113417        0.131055        0.086755

     C    2       -0.250793        0.120091       -0.433941
     C    2        0.120091        0.067221       -0.354704
     C    2       -0.433941       -0.354704        0.183572

     C    3       -0.011889        0.275171       -0.168263
     C    3        0.275171       -0.078575       -0.648002
     C    3       -0.168263       -0.648002        0.090465

     H    4        0.025626        0.114606       -0.491035
     H    4        0.114606       -0.016816        0.211747
     H    4       -0.491035        0.211747       -0.008810

     C    5       -0.427488        0.300847       -0.239401
     C    5        0.300847       -0.028964       -0.456301
     C    5       -0.239401       -0.456301        0.456452

     H    6        0.529677       -0.024652       -0.007420
     H    6       -0.024652        0.001655       -0.312471
     H    6       -0.007420       -0.312471       -0.531332

     H    7        0.459173        0.038591        0.053652
     H    7        0.038591       -0.215653        0.430370
     H    7        0.053652        0.430370       -0.243520

     C    8       -0.504192       -0.346473       -0.424270
     C    8       -0.346473        0.205774        0.380152
     C    8       -0.424270        0.380152        0.298417

     H    9        0.100834        0.101688       -0.346931
     H    9        0.101688        0.356826       -0.201262
     H    9       -0.346931       -0.201262       -0.457659

     C   10       -0.042374       -0.376329       -0.188686
     C   10       -0.376329       -0.168444        0.631878
     C   10       -0.188686        0.631878        0.210818

     C   11       -0.474899       -0.106192       -0.362785
     C   11       -0.106192       -0.024167        0.322892
     C   11       -0.362785        0.322892        0.499066

     Cl  12       -0.011677        0.081594       -0.032410
     Cl  12        0.081594        0.006873       -0.062191
     Cl  12       -0.032410       -0.062191        0.004804

     H   13        0.489660        0.027255       -0.152421
     H   13        0.027255        0.075582       -0.181698
     H   13       -0.152421       -0.181698       -0.565242

     C   14       -0.415671        0.338968       -0.005103
     C   14        0.338968       -0.016956       -0.450392
     C   14       -0.005103       -0.450392        0.432627

     H   15        0.090338        0.092044       -0.438358
     H   15        0.092044        0.092732        0.244820
     H   15       -0.438358        0.244820       -0.183070

     C   16       -0.048628       -0.037689       -0.225663
     C   16       -0.037689       -0.040812       -0.667351
     C   16       -0.225663       -0.667351        0.089439

     C   17       -0.380891        0.129154       -0.387618
     C   17        0.129154        0.068299       -0.330089
     C   17       -0.387618       -0.330089        0.312593

     Cl  18       -0.054837        0.112705       -0.026589
     Cl  18        0.112705       -0.001560       -0.009572
     Cl  18       -0.026589       -0.009572        0.056397

     H   19        0.447957        0.007293        0.181394
     H   19        0.007293       -0.009413        0.425914
     H   19        0.181394        0.425914       -0.438545

     C   20       -0.321771       -0.232637       -0.333994
     C   20       -0.232637       -0.139354        0.427751
     C   20       -0.333994        0.427751        0.461125

     H   21        0.127073        0.063184       -0.380271
     H   21        0.063184        0.369495       -0.184425
     H   21       -0.380271       -0.184425       -0.496568

     C   22       -0.245790       -0.280621       -0.290394
     C   22       -0.280621       -0.172247        0.490952
     C   22       -0.290394        0.490952        0.418037

     C   23       -0.081568        0.008369       -0.413572
     C   23        0.008369       -0.305333        0.502607
     C   23       -0.413572        0.502607        0.386902

     Cl  24       -0.000454        0.032237       -0.004006
     Cl  24        0.032237       -0.012457        0.000226
     Cl  24       -0.004006        0.000226        0.012911

     ----- ionic term -----
     Cl   1        0.092749       -0.208924       -0.020780
     Cl   1       -0.208924        0.032650        0.025991
     Cl   1       -0.020780        0.025991       -0.125400

     C    2        0.098863       -0.247924        0.288430
     C    2       -0.247924        0.008215        0.432624
     C    2        0.288430        0.432624       -0.107078

     C    3        0.049160       -0.273442        0.208563
     C    3       -0.273442        0.093775        0.419672
     C    3        0.208563        0.419672       -0.142935

     H    4        0.575611        0.057395        0.739742
     H    4        0.057395       -0.532267        0.118215
     H    4        0.739742        0.118215       -0.043344

     C    5        0.165305       -0.251507        0.323414
     C    5       -0.251507       -0.014956        0.292850
     C    5        0.323414        0.292850       -0.150349

     H    6       -0.548157        0.080999        0.092821
     H    6        0.080999        0.475226        0.794434
     H    6        0.092821        0.794434        0.072931

     H    7       -0.524288       -0.103569        0.088532
     H    7       -0.103569        0.614064       -0.735954
     H    7        0.088532       -0.735954       -0.089776

     C    8        0.170389        0.239724        0.310931
     C    8        0.239724       -0.043042       -0.297213
     C    8        0.310931       -0.297213       -0.127347

     H    9        0.230835       -0.119778        0.784046
     H    9       -0.119778       -0.523068       -0.194739
     H    9        0.784046       -0.194739        0.292233

     C   10        0.053479        0.313536        0.181141
     C   10        0.313536        0.006055       -0.411775
     C   10        0.181141       -0.411775       -0.059534

     C   11        0.195918        0.244159        0.304783
     C   11        0.244159       -0.069990       -0.399193
     C   11        0.304783       -0.399193       -0.125928

     Cl  12        0.131792        0.212885        0.022412
     Cl  12        0.212885        0.001573        0.007366
     Cl  12        0.022412        0.007366       -0.133364

     H   13       -0.530707        0.038176        0.053418
     H   13        0.038176        0.204598        0.795349
     H   13        0.053418        0.795349        0.326108

     C   14        0.188581       -0.286640        0.299684
     C   14       -0.286640       -0.064250        0.275237
     C   14        0.299684        0.275237       -0.124331

     H   15        0.368241        0.015491        0.811224
     H   15        0.015491       -0.521019        0.101233
     H   15        0.811224        0.101233        0.152778

     C   16        0.026775       -0.291171        0.248301
     C   16       -0.291171        0.076507        0.381719
     C   16        0.248301        0.381719       -0.103282

     C   17        0.059710       -0.249965        0.406575
     C   17       -0.249965        0.039470        0.353730
     C   17        0.406575        0.353730       -0.099180

     Cl  18        0.043517       -0.227641        0.038327
     Cl  18       -0.227641        0.104525       -0.022928
     Cl  18        0.038327       -0.022928       -0.148042

     H   19       -0.522643       -0.023449        0.041483
     H   19       -0.023449        0.572594       -0.762318
     H   19        0.041483       -0.762318       -0.049951

     C   20        0.265514        0.240294        0.314987
     C   20        0.240294       -0.031826       -0.301445
     C   20        0.314987       -0.301445       -0.233688

     H   21        0.369470       -0.101562        0.826009
     H   21       -0.101562       -0.535390       -0.167147
     H   21        0.826009       -0.167147        0.165920

     C   22        0.049951        0.300053        0.224742
     C   22        0.300053        0.098121       -0.428980
     C   22        0.224742       -0.428980       -0.148073

     C   23        0.052984        0.226346        0.318052
     C   23        0.226346        0.014573       -0.456110
     C   23        0.318052       -0.456110       -0.067557

     Cl  24        0.128653        0.196824        0.007799
     Cl  24        0.196824       -0.011669       -0.000681
     Cl  24        0.007799       -0.000681       -0.116984

     ----- GIPAW term -----
     Cl   1        0.612070       -0.419973        1.365714
     Cl   1       -0.419973       -0.043146        1.596147
     Cl   1        1.365714        1.596147       -0.568924

     C    2        0.081254        0.011545       -0.032017
     C    2        0.011545        0.047729       -0.004473
     C    2       -0.032017       -0.004473       -0.128982

     C    3       -0.102271        0.095508       -0.052015
     C    3        0.095508        0.174173       -0.201184
     C    3       -0.052015       -0.201184       -0.071902

     H    4       -0.000000        0.000000        0.000000
     H    4        0.000000        0.000000        0.000000
     H    4        0.000000        0.000000        0.000000

     C    5       -0.148036        0.057563       -0.048563
     C    5        0.057563       -0.032494       -0.213622
     C    5       -0.048563       -0.213622        0.180530

     H    6       -0.000000        0.000000        0.000000
     H    6        0.000000        0.000000        0.000000
     H    6        0.000000        0.000000        0.000000

     H    7       -0.000000        0.000000        0.000000
     H    7        0.000000        0.000000        0.000000
     H    7        0.000000        0.000000        0.000000

     C    8       -0.106401       -0.151085       -0.129475
     C    8       -0.151085        0.092375        0.167416
     C    8       -0.129475        0.167416        0.014026

     H    9       -0.000000        0.000000        0.000000
     H    9        0.000000        0.000000        0.000000
     H    9        0.000000        0.000000        0.000000

     C   10       -0.065973       -0.134737       -0.061196
     C   10       -0.134737        0.112069        0.170769
     C   10       -0.061196        0.170769       -0.046097

     C   11       -0.083678        0.106306       -0.082851
     C   11        0.106306       -0.044934       -0.022416
     C   11       -0.082851       -0.022416        0.128612

     Cl  12        1.172632        2.654197       -0.308613
     Cl  12        2.654197        0.141805       -0.504037
     Cl  12       -0.308613       -0.504037       -1.314437

     H   13       -0.000000        0.000000        0.000000
     H   13        0.000000        0.000000        0.000000
     H   13        0.000000        0.000000        0.000000

     C   14       -0.101256       -0.045982        0.116416
     C   14       -0.045982        0.015409       -0.208257
     C   14        0.116416       -0.208257        0.085847

     H   15       -0.000000        0.000000        0.000000
     H   15        0.000000        0.000000        0.000000
     H   15        0.000000        0.000000        0.000000

     C   16       -0.121521       -0.089245       -0.005973
     C   16       -0.089245        0.151836       -0.231146
     C   16       -0.005973       -0.231146       -0.030315

     C   17       -0.017318       -0.056694       -0.036394
     C   17       -0.056694        0.065947        0.019771
     C   17       -0.036394        0.019771       -0.048628

     Cl  18        0.833763        0.895621       -0.933721
     Cl  18        0.895621        1.069206       -1.106076
     Cl  18       -0.933721       -1.106076       -1.902969

     H   19       -0.000000        0.000000        0.000000
     H   19        0.000000        0.000000        0.000000
     H   19        0.000000        0.000000        0.000000

     C   20       -0.101620       -0.056485       -0.129805
     C   20       -0.056485       -0.123316        0.159991
     C   20       -0.129805        0.159991        0.224937

     H   21       -0.000000        0.000000        0.000000
     H   21        0.000000        0.000000        0.000000
     H   21        0.000000        0.000000        0.000000

     C   22       -0.142172       -0.058985       -0.123314
     C   22       -0.058985       -0.054677        0.187190
     C   22       -0.123314        0.187190        0.196849

     C   23        0.019883        0.132008       -0.118582
     C   23        0.132008       -0.104616        0.066373
     C   23       -0.118582        0.066373        0.084733

     Cl  24        1.401943        2.466153        0.001111
     Cl  24        2.466153        0.003478        0.028386
     Cl  24        0.001111        0.028386       -1.405421

     ----- total EFG -----
     Cl   1        0.636119       -0.471948        1.458351
     Cl   1       -0.471948       -0.028550        1.753194
     Cl   1        1.458351        1.753194       -0.607569

     C    2       -0.070677       -0.116288       -0.177528
     C    2       -0.116288        0.123165        0.073447
     C    2       -0.177528        0.073447       -0.052488

     C    3       -0.065000        0.097237       -0.011714
     C    3        0.097237        0.189373       -0.429514
     C    3       -0.011714       -0.429514       -0.124372

     H    4        0.601237        0.172001        0.248707
     H    4        0.172001       -0.549083        0.329962
     H    4        0.248707        0.329962       -0.052155

     C    5       -0.410218        0.106903        0.035450
     C    5        0.106903       -0.076414       -0.377073
     C    5        0.035450       -0.377073        0.486633

     H    6       -0.018480        0.056347        0.085401
     H    6        0.056347        0.476881        0.481963
     H    6        0.085401        0.481963       -0.458401

     H    7       -0.065115       -0.064978        0.142184
     H    7       -0.064978        0.398410       -0.305584
     H    7        0.142184       -0.305584       -0.333296

     C    8       -0.440204       -0.257834       -0.242814
     C    8       -0.257834        0.255108        0.250355
     C    8       -0.242814        0.250355        0.185096

     H    9        0.331669       -0.018091        0.437116
     H    9       -0.018091       -0.166242       -0.396001
     H    9        0.437116       -0.396001       -0.165426

     C   10       -0.054868       -0.197531       -0.068742
     C   10       -0.197531       -0.050319        0.390873
     C   10       -0.068742        0.390873        0.105187

     C   11       -0.362659        0.244273       -0.140853
     C   11        0.244273       -0.139091       -0.098717
     C   11       -0.140853       -0.098717        0.501750

     Cl  12        1.292747        2.948677       -0.318611
     Cl  12        2.948677        0.150250       -0.558862
     Cl  12       -0.318611       -0.558862       -1.442997

     H   13       -0.041046        0.065432       -0.099003
     H   13        0.065432        0.280180        0.613651
     H   13       -0.099003        0.613651       -0.239134

     C   14       -0.328346        0.006346        0.410997
     C   14        0.006346       -0.065797       -0.383413
     C   14        0.410997       -0.383413        0.394143

     H   15        0.458579        0.107535        0.372866
     H   15        0.107535       -0.428287        0.346053
     H   15        0.372866        0.346053       -0.030293

     C   16       -0.143374       -0.418105        0.016665
     C   16       -0.418105        0.187531       -0.516778
     C   16        0.016665       -0.516778       -0.044157

     C   17       -0.338500       -0.177505       -0.017437
     C   17       -0.177505        0.173716        0.043412
     C   17       -0.017437        0.043412        0.164785

     Cl  18        0.822443        0.780685       -0.921982
     Cl  18        0.780685        1.172171       -1.138576
     Cl  18       -0.921982       -1.138576       -1.994614

     H   19       -0.074686       -0.016156        0.222878
     H   19       -0.016156        0.563181       -0.336405
     H   19        0.222878       -0.336405       -0.488495

     C   20       -0.157878       -0.048828       -0.148812
     C   20       -0.048828       -0.294497        0.286297
     C   20       -0.148812        0.286297        0.452374

     H   21        0.496543       -0.038378        0.445739
     H   21       -0.038378       -0.165895       -0.351571
     H   21        0.445739       -0.351571       -0.330648

     C   22       -0.338011       -0.039553       -0.188966
     C   22       -0.039553       -0.128803        0.249163
     C   22       -0.188966        0.249163        0.466814

     C   23       -0.008701        0.366723       -0.214102
     C   23        0.366723       -0.395376        0.112870
     C   23       -0.214102        0.112870        0.404078

     Cl  24        1.530142        2.695214        0.004903
     Cl  24        2.695214       -0.020647        0.027931
     Cl  24        0.004903        0.027931       -1.509495

     ----- total EFG (symmetrized) -----
     Cl   1        0.636119       -0.471948        1.458351
     Cl   1       -0.471948       -0.028550        1.753194
     Cl   1        1.458351        1.753194       -0.607569

     C    2       -0.070677       -0.116288       -0.177528
     C    2       -0.116288        0.123165        0.073447
     C    2       -0.177528        0.073447       -0.052488

     C    3       -0.065000        0.097237       -0.011714
     C    3        0.097237        0.189373       -0.429514
     C    3       -0.011714       -0.429514       -0.124372

     H    4        0.601237        0.172001        0.248707
     H    4        0.172001       -0.549083        0.329962
     H    4        0.248707        0.329962       -0.052155

     C    5       -0.410218        0.106903        0.035450
     C    5        0.106903       -0.076414       -0.377073
     C    5        0.035450       -0.377073        0.486633

     H    6       -0.018480        0.056347        0.085401
     H    6        0.056347        0.476881        0.481963
     H    6        0.085401        0.481963       -0.458401

     H    7       -0.065115       -0.064978        0.142184
     H    7       -0.064978        0.398410       -0.305584
     H    7        0.142184       -0.305584       -0.333296

     C    8       -0.440204       -0.257834       -0.242814
     C    8       -0.257834        0.255108        0.250355
     C    8       -0.242814        0.250355        0.185096

     H    9        0.331669       -0.018091        0.437116
     H    9       -0.018091       -0.166242       -0.396001
     H    9        0.437116       -0.396001       -0.165426

     C   10       -0.054868       -0.197531       -0.068742
     C   10       -0.197531       -0.050319        0.390873
     C   10       -0.068742        0.390873        0.105187

     C   11       -0.362659        0.244273       -0.140853
     C   11        0.244273       -0.139091       -0.098717
     C   11       -0.140853       -0.098717        0.501750

     Cl  12        1.292747        2.948677       -0.318611
     Cl  12        2.948677        0.150250       -0.558862
     Cl  12       -0.318611       -0.558862       -1.442997

     H   13       -0.041046        0.065432       -0.099003
     H   13        0.065432        0.280180        0.613651
     H   13       -0.099003        0.613651       -0.239134

     C   14       -0.328346        0.006346        0.410997
     C   14        0.006346       -0.065797       -0.383413
     C   14        0.410997       -0.383413        0.394143

     H   15        0.458579        0.107535        0.372866
     H   15        0.107535       -0.428287        0.346053
     H   15        0.372866        0.346053       -0.030293

     C   16       -0.143374       -0.418105        0.016665
     C   16       -0.418105        0.187531       -0.516778
     C   16        0.016665       -0.516778       -0.044157

     C   17       -0.338500       -0.177505       -0.017437
     C   17       -0.177505        0.173716        0.043412
     C   17       -0.017437        0.043412        0.164785

     Cl  18        0.822443        0.780685       -0.921982
     Cl  18        0.780685        1.172171       -1.138576
     Cl  18       -0.921982       -1.138576       -1.994614

     H   19       -0.074686       -0.016156        0.222878
     H   19       -0.016156        0.563181       -0.336405
     H   19        0.222878       -0.336405       -0.488495

     C   20       -0.157878       -0.048828       -0.148812
     C   20       -0.048828       -0.294497        0.286297
     C   20       -0.148812        0.286297        0.452374

     H   21        0.496543       -0.038378        0.445739
     H   21       -0.038378       -0.165895       -0.351571
     H   21        0.445739       -0.351571       -0.330648

     C   22       -0.338011       -0.039553       -0.188966
     C   22       -0.039553       -0.128803        0.249163
     C   22       -0.188966        0.249163        0.466814

     C   23       -0.008701        0.366723       -0.214102
     C   23        0.366723       -0.395376        0.112870
     C   23       -0.214102        0.112870        0.404078

     Cl  24        1.530142        2.695214        0.004903
     Cl  24        2.695214       -0.020647        0.027931
     Cl  24        0.004903        0.027931       -1.509495


     NQR/NMR SPECTROSCOPIC PARAMETERS:
     Cl   1    Vxx=    0.8065    axis=( -0.700345  0.699043  0.144415)
     Cl   1    Vyy=    1.9039    axis=( -0.592807 -0.456902 -0.663190)
     Cl   1    Vzz=   -2.7103    axis=( -0.397614 -0.550072  0.734387)
     Cl   1  Q=        -8.1650 1e-30 m^2  Cq=        51.9964 MHz  eta= 0.40489

     C    2    Vxx=   -0.0113    axis=(  0.421569  0.687490 -0.591301)
     C    2    Vyy=   -0.2429    axis=( -0.747399 -0.105820 -0.655894)
     C    2    Vzz=    0.2542    axis=( -0.513492  0.718443  0.469219)
     C    2  Q=         1.0000 1e-30 m^2  Cq=         0.5974 MHz  eta= 0.91100

     C    3    Vxx=   -0.0722    axis=(  0.980225 -0.049971  0.191474)
     C    3    Vyy=   -0.4307    axis=( -0.127925  0.578209  0.805797)
     C    3    Vzz=    0.5030    axis=( -0.150979 -0.814357  0.560382)
     C    3  Q=         1.0000 1e-30 m^2  Cq=         1.1818 MHz  eta= 0.71272

     H    4    Vxx=   -0.0291    axis=( -0.427317  0.379406  0.820641)
     H    4    Vyy=   -0.7152    axis=( -0.035487  0.899948 -0.434551)
     H    4    Vzz=    0.7443    axis=(  0.903405  0.214813  0.371099)
     H    4  Q=         1.0000 1e-30 m^2  Cq=         1.7488 MHz  eta= 0.92178

     C    5    Vxx=   -0.2050    axis=(  0.476731  0.781842  0.401809)
     C    5    Vyy=   -0.4709    axis=(  0.878919 -0.431811 -0.202583)
     C    5    Vzz=    0.6759    axis=( -0.015118 -0.449736  0.893034)
     C    5  Q=         1.0000 1e-30 m^2  Cq=         1.5882 MHz  eta= 0.39337

     H    6    Vxx=   -0.0237    axis=(  0.988938 -0.144315  0.034285)
     H    6    Vyy=   -0.6673    axis=( -0.087773 -0.383022  0.919560)
     H    6    Vzz=    0.6910    axis=( -0.119574 -0.912397 -0.391452)
     H    6  Q=         1.0000 1e-30 m^2  Cq=         1.6237 MHz  eta= 0.93129

     H    7    Vxx=   -0.0545    axis=(  0.945048  0.264882  0.191631)
     H    7    Vyy=   -0.4754    axis=( -0.269626  0.299969  0.915052)
     H    7    Vzz=    0.5299    axis=(  0.184898 -0.916437  0.354904)
     H    7  Q=         1.0000 1e-30 m^2  Cq=         1.2450 MHz  eta= 0.79430

     C    8    Vxx=   -0.0324    axis=( -0.021307 -0.667361  0.744430)
     C    8    Vyy=   -0.5616    axis=( -0.945875 -0.227723 -0.231221)
     C    8    Vzz=    0.5940    axis=(  0.323832 -0.709064 -0.626388)
     C    8  Q=         1.0000 1e-30 m^2  Cq=         1.3957 MHz  eta= 0.89094

     H    9    Vxx=    0.0112    axis=(  0.539998  0.758627 -0.364538)
     H    9    Vyy=    0.6506    axis=(  0.779388 -0.287202  0.556839)
     H    9    Vzz=   -0.6618    axis=(  0.317737 -0.584808 -0.746353)
     H    9  Q=         1.0000 1e-30 m^2  Cq=        -1.5550 MHz  eta= 0.96625

     C   10    Vxx=   -0.0776    axis=( -0.889563  0.055557 -0.453421)
     C   10    Vyy=   -0.4088    axis=( -0.325733 -0.773045  0.544334)
     C   10    Vzz=    0.4864    axis=( -0.320273  0.631914  0.705769)
     C   10  Q=         1.0000 1e-30 m^2  Cq=         1.1427 MHz  eta= 0.68101

     C   11    Vxx=   -0.0292    axis=(  0.486246  0.826820  0.282724)
     C   11    Vyy=   -0.5239    axis=(  0.849992 -0.522590  0.066435)
     C   11    Vzz=    0.5530    axis=( -0.202678 -0.208010  0.956898)
     C   11  Q=         1.0000 1e-30 m^2  Cq=         1.2994 MHz  eta= 0.89443

     Cl  12    Vxx=   -1.4502    axis=(  0.253332 -0.132108  0.958316)
     Cl  12    Vyy=   -2.3440    axis=( -0.593875  0.760749  0.261864)
     Cl  12    Vzz=    3.7942    axis=( -0.763633 -0.635459  0.114267)
     Cl  12  Q=        -8.1650 1e-30 m^2  Cq=       -72.7893 MHz  eta= 0.23557

     H   13    Vxx=   -0.0186    axis=(  0.982567  0.102870 -0.154853)
     H   13    Vyy=   -0.6683    axis=( -0.185908  0.542764 -0.819052)
     H   13    Vzz=    0.6868    axis=( -0.000207  0.833562  0.552426)
     H   13  Q=         1.0000 1e-30 m^2  Cq=         1.6138 MHz  eta= 0.94586

     C   14    Vxx=   -0.1547    axis=(  0.509743  0.836177  0.202408)
     C   14    Vyy=   -0.5797    axis=( -0.795560  0.368582  0.480866)
     C   14    Vzz=    0.7344    axis=(  0.327485 -0.406146  0.853111)
     C   14  Q=         1.0000 1e-30 m^2  Cq=         1.7257 MHz  eta= 0.57863

     H   15    Vxx=   -0.0840    axis=(  0.556407 -0.496126 -0.666536)
     H   15    Vyy=   -0.6380    axis=(  0.101025  0.836618 -0.538391)
     H   15    Vzz=    0.7220    axis=( -0.824745 -0.232228 -0.515621)
     H   15  Q=         1.0000 1e-30 m^2  Cq=         1.6963 MHz  eta= 0.76738

     C   16    Vxx=   -0.1190    axis=(  0.754782 -0.070069 -0.652222)
     C   16    Vyy=   -0.6190    axis=(  0.538261  0.634459  0.554741)
     C   16    Vzz=    0.7380    axis=( -0.374938  0.769774 -0.516593)
     C   16  Q=         1.0000 1e-30 m^2  Cq=         1.7340 MHz  eta= 0.67761

     C   17    Vxx=    0.1403    axis=(  0.132824 -0.445293  0.885478)
     C   17    Vyy=    0.2537    axis=( -0.266775  0.844362  0.464633)
     C   17    Vzz=   -0.3940    axis=( -0.954562 -0.297938 -0.006641)
     C   17  Q=         1.0000 1e-30 m^2  Cq=        -0.9258 MHz  eta= 0.28767

     Cl  18    Vxx=    0.1973    axis=(  0.779272 -0.626682 -0.002258)
     Cl  18    Vyy=    2.2974    axis=(  0.592516  0.737950 -0.323041)
     Cl  18    Vzz=   -2.4947    axis=(  0.204110  0.250399  0.946382)
     Cl  18  Q=        -8.1650 1e-30 m^2  Cq=        47.8598 MHz  eta= 0.84183

     H   19    Vxx=   -0.0081    axis=(  0.934769  0.199534  0.293927)
     H   19    Vyy=   -0.6621    axis=( -0.338026  0.245021  0.908682)
     H   19    Vzz=    0.6702    axis=(  0.109294 -0.948763  0.296486)
     H   19  Q=         1.0000 1e-30 m^2  Cq=         1.5746 MHz  eta= 0.97597

     C   20    Vxx=   -0.1910    axis=(  0.978329  0.073693  0.193498)
     C   20    Vyy=   -0.3916    axis=( -0.007532  0.946568 -0.322417)
     C   20    Vzz=    0.5826    axis=( -0.206919  0.313973  0.926610)
     C   20  Q=         1.0000 1e-30 m^2  Cq=         1.3689 MHz  eta= 0.34437

     H   21    Vxx=   -0.0220    axis=(  0.392530  0.835406 -0.384730)
     H   21    Vyy=   -0.7067    axis=( -0.284885  0.508167  0.812777)
     H   21    Vzz=    0.7287    axis=(  0.874506 -0.209435  0.437465)
     H   21  Q=         1.0000 1e-30 m^2  Cq=         1.7122 MHz  eta= 0.93957

     C   22    Vxx=   -0.2149    axis=( -0.158209 -0.940736  0.299976)
     C   22    Vyy=   -0.3815    axis=( -0.966822  0.085880 -0.240583)
     C   22    Vzz=    0.5964    axis=( -0.200563  0.328086  0.923111)
     C   22  Q=         1.0000 1e-30 m^2  Cq=         1.4014 MHz  eta= 0.27935

     C   23    Vxx=    0.1603    axis=(  0.733004  0.561713  0.383645)
     C   23    Vyy=    0.4975    axis=(  0.425883  0.060804 -0.902733)
     C   23    Vzz=   -0.6577    axis=( -0.530404  0.825095 -0.194654)
     C   23  Q=         1.0000 1e-30 m^2  Cq=        -1.5454 MHz  eta= 0.51268

     Cl  24    Vxx=   -1.5089    axis=(  0.024783 -0.026126 -0.999351)
     Cl  24    Vyy=   -2.0505    axis=(  0.600975 -0.798467  0.035778)
     Cl  24    Vzz=    3.5594    axis=(  0.798884  0.601472  0.004087)
     Cl  24  Q=        -8.1650 1e-30 m^2  Cq=       -68.2847 MHz  eta= 0.15216

     Initialization:
     gipaw_setup  :      9.33s CPU     11.36s WALL (       1 calls)

     Linear response

     Apply operators

     Induced current

     Other routines
     efg          :      9.66s CPU     12.39s WALL (       1 calls)

     General routines
     calbec       :      3.18s CPU      4.16s WALL (      16 calls)
     fft          :      1.59s CPU      2.05s WALL (      15 calls)
     ffts         :      0.04s CPU      0.08s WALL (       2 calls)
     fftw         :      3.60s CPU      4.65s WALL (     672 calls)
     davcio       :      0.04s CPU      0.33s WALL (      32 calls)

     Parallel routines
     fft_scatter  :      2.27s CPU      3.42s WALL (     689 calls)

     Plugins

     GIPAW        :     62.28s CPU     77.37s WALL (       1 calls)
