
     Program QE v.6.0 (svn rev. 13079) starts on 31Dec2016 at 15:10:37 

     This program is part of the open-source Quantum ESPRESSO suite
     for quantum simulation of materials; please cite
         "P. Giannozzi et al., J. Phys.:Condens. Matter 21 395502 (2009);
          URL http://www.quantum-espresso.org", 
     in publications or presentations arising from this work. More details at
     http://www.quantum-espresso.org/quote

     Parallel version (MPI), running on     8 processors
     R & G space division:  proc/nbgrp/npool/nimage =       8

     ***** This is GIPAW svn revision unknown      *****

     Parallelizing q-star over 1 images

     Reading data from directory:
     /users/majewski/paradichlorobenzene/pbe/9_constraint/scratch/pbe.ecut100.np8.dt60.pcl2phi-129368.save
     Message from routine read_xml_file:
     file /users/majewski/paradichlorobenzene/pbe/9_constraint/scratch/pbe.ecut100.np8.dt60.pcl2phi-129368.save not guaranteed to be safe for post-processing

   Info: using nr1, nr2, nr3 values from input

   Info: using nr1, nr2, nr3 values from input

     IMPORTANT: XC functional enforced from input :
     Exchange-correlation      =  SLA  PW   PBX  PBC ( 1  4  3  4 0 0)
     Any further DFT definition will be discarded
     Please, verify this is what you really want

               file C.pbe-n-kjpaw_psl.1.0.0.UPF: wavefunction(s)  2S 2P renormalized
               file Cl.pbe-n-kjpaw_psl.1.0.0.UPF: wavefunction(s)  3S 3P renormalized
               file H.pbe-kjpaw_psl.1.0.0.UPF: wavefunction(s)  1S renormalized

     Parallelization info
     --------------------
     sticks:   dense  smooth     PW     G-vecs:    dense   smooth      PW
     Min        3057    1223    332               144436    36536    5170
     Max        3059    1225    333               144437    36537    5171
     Sum       24467    9791   2657              1155489   292295   41363


     Subspace diagonalization in iterative solution of the eigenvalue problem:
     a serial algorithm will be used

     GIPAW projectors -----------------------------------------------
     atom=  C    l=0  rc=    1.2000  rs=    0.8000
     atom=  C    l=0  rc=    1.2000  rs=    0.8000
     atom=  C    l=1  rc=    1.4000  rs=    0.9333
     atom=  C    l=1  rc=    1.4000  rs=    0.9333
     projs nearly linearly dependent: l=1  n1,n2= 1, 2  s=  0.99951561

     atom=  Cl   l=0  rc=    1.6000  rs=    1.0667
     atom=  Cl   l=0  rc=    1.6000  rs=    1.0667
     atom=  Cl   l=1  rc=    1.6000  rs=    1.0667
     atom=  Cl   l=1  rc=    1.6000  rs=    1.0667
     atom=  Cl   l=2  rc=    1.6000  rs=    1.0667
     atom=  Cl   l=2  rc=    1.6000  rs=    1.0667
     projs nearly linearly dependent: l=2  n1,n2= 1, 2  s=  0.99993509

     atom=  H    l=0  rc=    1.0000  rs=    0.6667
     atom=  H    l=0  rc=    1.0000  rs=    0.6667
     projs nearly linearly dependent: l=0  n1,n2= 1, 2  s=  0.99968852
     -----------------------------------------------------------------

     GIPAW integrals: -------------------------------------------
     Atom  i/j   nmr_para   nmr_dia   epr_rmc  epr_para   epr_dia
       C   1 1   0.83E+03  0.17E-01  0.93E+01  0.24E+08  0.24E+03
       C   2 1   0.86E+03 -0.61E-01  0.94E+01  0.25E+08  0.25E+03
       C   2 2   0.90E+03 -0.15E+00  0.97E+01  0.26E+08  0.26E+03
       C   3 3   0.33E+01  0.34E+00  0.18E+01  0.55E+03  0.21E+02
       C   4 3   0.35E+01  0.37E+00  0.20E+01  0.59E+03  0.22E+02
       C   4 4   0.38E+01  0.39E+00  0.22E+01  0.63E+03  0.24E+02
       Cl  1 1   0.14E+04 -0.47E+00  0.84E+01  0.32E+09  0.42E+03
       Cl  2 1   0.21E+04 -0.37E+00  0.12E+02  0.49E+09  0.65E+03
       Cl  2 2   0.33E+04 -0.16E+00  0.21E+02  0.76E+09  0.10E+04
       Cl  3 3   0.21E+02  0.79E-01  0.89E+01  0.23E+05  0.13E+03
       Cl  4 3   0.24E+02  0.67E-01  0.99E+01  0.27E+05  0.15E+03
       Cl  4 4   0.28E+02  0.44E-01  0.11E+02  0.32E+05  0.18E+03
       Cl  5 5   0.77E+00  0.19E+00  0.18E+01  0.12E+03  0.22E+02
       Cl  6 5   0.80E+00  0.19E+00  0.19E+01  0.12E+03  0.23E+02
       Cl  6 6   0.83E+00  0.20E+00  0.19E+01  0.12E+03  0.23E+02
       H   1 1   0.39E+02  0.19E+00  0.29E+00  0.78E+05  0.13E+02
       H   2 1   0.41E+02  0.21E+00  0.32E+00  0.82E+05  0.14E+02
       H   2 2   0.43E+02  0.22E+00  0.36E+00  0.86E+05  0.15E+02
     ------------------------------------------------------------

     alpha_pv=     33.8671 eV

     Number of occupied bands for each k-point:
     k-point:     1    nbnd_occ=  42
     k-point:     2    nbnd_occ=  42
     k-point:     3    nbnd_occ=  42
     k-point:     4    nbnd_occ=  42
     k-point:     5    nbnd_occ=  42
     k-point:     6    nbnd_occ=  42
     k-point:     7    nbnd_occ=  42
     k-point:     8    nbnd_occ=  42
     k-point:     9    nbnd_occ=  42
     k-point:    10    nbnd_occ=  42
     k-point:    11    nbnd_occ=  42
     k-point:    12    nbnd_occ=  42
     k-point:    13    nbnd_occ=  42
     k-point:    14    nbnd_occ=  42
     k-point:    15    nbnd_occ=  42
     k-point:    16    nbnd_occ=  42


     q-space interpolation up to   110.00 Rydberg

     GIPAW job: efg                                                                             


     ELECTRIC FIELD GRADIENTS TENSORS IN Hartree/bohrradius^2:

     ----- bare term -----
     Cl   1        0.003722        0.288746        0.007427
     Cl   1        0.288746       -0.143023       -0.020847
     Cl   1        0.007427       -0.020847        0.139301

     C    2        0.055753       -0.384205       -0.525065
     C    2       -0.384205       -0.227674       -0.562962
     C    2       -0.525065       -0.562962        0.171920

     C    3       -0.563769        0.312745       -0.069520
     C    3        0.312745        0.173988       -0.346167
     C    3       -0.069520       -0.346167        0.389782

     H    4       -0.168995       -0.473732       -0.065706
     H    4       -0.473732       -0.186886        0.174832
     H    4       -0.065706        0.174832        0.355880

     C    5       -0.147226       -0.178750       -0.330454
     C    5       -0.178750        0.062701       -0.525717
     C    5       -0.330454       -0.525717        0.084525

     H    6        0.459784       -0.058646       -0.026284
     H    6       -0.058646       -0.796730        0.043505
     H    6       -0.026284        0.043505        0.336946

     H    7        0.436107        0.036797        0.232217
     H    7        0.036797        0.119582        0.190889
     H    7        0.232217        0.190889       -0.555689

     C    8       -0.230778       -0.116984       -0.162663
     C    8       -0.116984        0.222871        0.049565
     C    8       -0.162663        0.049565        0.007907

     H    9        0.202427        0.031777       -0.197383
     H    9        0.031777        0.235925       -0.234976
     H    9       -0.197383       -0.234976       -0.438352

     C   10        0.206453       -0.109594        0.176176
     C   10       -0.109594       -0.080768       -0.049113
     C   10        0.176176       -0.049113       -0.125685

     C   11       -0.102839       -0.066116       -0.324435
     C   11       -0.066116        0.051778        0.068025
     C   11       -0.324435        0.068025        0.051061

     Cl  12       -0.038855        0.000313        0.099800
     Cl  12        0.000313       -0.009927       -0.135764
     Cl  12        0.099800       -0.135764        0.048782

     H   13        0.093016       -0.402905        0.252481
     H   13       -0.402905       -0.436514        0.004740
     H   13        0.252481        0.004740        0.343497

     C   14       -0.360403        0.392449       -0.181414
     C   14        0.392449        0.129926        0.055531
     C   14       -0.181414        0.055531        0.230478

     H   15       -0.521085       -0.044820        0.186420
     H   15       -0.044820        0.263617       -0.209536
     H   15        0.186420       -0.209536        0.257468

     C   16        0.108655       -0.153814        0.089405
     C   16       -0.153814       -0.316633       -0.419262
     C   16        0.089405       -0.419262        0.207978

     C   17       -0.689458        0.465354       -0.325193
     C   17        0.465354        0.157758       -0.040465
     C   17       -0.325193       -0.040465        0.531700

     Cl  18       -0.020709        0.051121        0.076854
     Cl  18        0.051121       -0.041878       -0.024469
     Cl  18        0.076854       -0.024469        0.062587

     H   19        0.284673        0.291073       -0.161562
     H   19        0.291073       -0.450217        0.510593
     H   19       -0.161562        0.510593        0.165544

     C   20       -0.050453       -0.503897       -0.103421
     C   20       -0.503897       -0.278816        0.413355
     C   20       -0.103421        0.413355        0.329269

     H   21       -0.005793        0.127871       -0.441309
     H   21        0.127871        0.474179        0.101727
     H   21       -0.441309        0.101727       -0.468385

     C   22       -0.310302       -0.284163       -0.327274
     C   22       -0.284163       -0.065499        0.411797
     C   22       -0.327274        0.411797        0.375801

     C   23        0.012554       -0.473629       -0.172091
     C   23       -0.473629       -0.213851        0.543181
     C   23       -0.172091        0.543181        0.201298

     Cl  24        0.054868       -0.056364        0.048450
     Cl  24       -0.056364        0.007065       -0.054420
     Cl  24        0.048450       -0.054420       -0.061933

     ----- ionic term -----
     Cl   1        0.104377       -0.173809       -0.015081
     Cl   1       -0.173809        0.037889        0.015349
     Cl   1       -0.015081        0.015349       -0.142266

     C    2        0.253427       -0.007769        0.182086
     C    2       -0.007769        0.282516        0.330844
     C    2        0.182086        0.330844       -0.535943

     C    3        0.191471       -0.075039        0.126458
     C    3       -0.075039        0.346680        0.299411
     C    3        0.126458        0.299411       -0.538151

     H    4        0.772996        0.510652        0.383416
     H    4        0.510652       -0.265179        0.169687
     H    4        0.383416        0.169687       -0.507817

     C    5        0.377416       -0.097334        0.152039
     C    5       -0.097334        0.165709        0.234351
     C    5        0.152039        0.234351       -0.543125

     H    6       -0.494159        0.166543        0.054281
     H    6        0.166543        0.860122        0.524466
     H    6        0.054281        0.524466       -0.365963

     H    7       -0.529330       -0.083651        0.080290
     H    7       -0.083651        0.512007       -0.762211
     H    7        0.080290       -0.762211        0.017323

     C    8        0.141097        0.282405        0.309480
     C    8        0.282405        0.045808       -0.245681
     C    8        0.309480       -0.245681       -0.186905

     H    9        0.356511       -0.043471        0.815609
     H    9       -0.043471       -0.511524       -0.121856
     H    9        0.815609       -0.121856        0.155012

     C   10        0.055356        0.355422        0.249294
     C   10        0.355422        0.106283       -0.314516
     C   10        0.249294       -0.314516       -0.161639

     C   11        0.104477        0.291249        0.327749
     C   11        0.291249       -0.003733       -0.340458
     C   11        0.327749       -0.340458       -0.100743

     Cl  12        0.147254        0.219640        0.032084
     Cl  12        0.219640       -0.009937        0.006211
     Cl  12        0.032084        0.006211       -0.137317

     H   13       -0.484706        0.209381        0.083454
     H   13        0.209381        0.832899        0.536832
     H   13        0.083454        0.536832       -0.348193

     C   14        0.355216       -0.094949        0.180665
     C   14       -0.094949        0.172579        0.255359
     C   14        0.180665        0.255359       -0.527796

     H   15        0.849768        0.320039        0.475928
     H   15        0.320039       -0.398255        0.164858
     H   15        0.475928        0.164858       -0.451514

     C   16        0.170966       -0.178142        0.132728
     C   16       -0.178142        0.355521        0.335649
     C   16        0.132728        0.335649       -0.526487

     C   17        0.265094       -0.069367        0.153420
     C   17       -0.069367        0.291240        0.339901
     C   17        0.153420        0.339901       -0.556334

     Cl  18        0.134461       -0.221691       -0.011902
     Cl  18       -0.221691        0.031349        0.006373
     Cl  18       -0.011902        0.006373       -0.165810

     H   19       -0.534318       -0.051441        0.051661
     H   19       -0.051441        0.590511       -0.735306
     H   19        0.051661       -0.735306       -0.056193

     C   20        0.131894        0.308681        0.297282
     C   20        0.308681        0.026952       -0.267675
     C   20        0.297282       -0.267675       -0.158846

     H   21        0.215624       -0.096531        0.777160
     H   21       -0.096531       -0.526451       -0.195330
     H   21        0.777160       -0.195330        0.310827

     C   22        0.014225        0.382885        0.182163
     C   22        0.382885        0.137795       -0.398908
     C   22        0.182163       -0.398908       -0.152020

     C   23        0.075294        0.327987        0.270029
     C   23        0.327987        0.090145       -0.351894
     C   23        0.270029       -0.351894       -0.165439

     Cl  24        0.121372        0.219036        0.025283
     Cl  24        0.219036        0.045170        0.015480
     Cl  24        0.025283        0.015480       -0.166543

     ----- GIPAW term -----
     Cl   1        2.537768       -1.284906        0.052912
     Cl   1       -1.284906       -1.021281       -0.090694
     Cl   1        0.052912       -0.090694       -1.516487

     C    2        0.061771       -0.240783       -0.162117
     C    2       -0.240783       -0.014042        0.045606
     C    2       -0.162117        0.045606       -0.047729

     C    3       -0.187048       -0.062052        0.028818
     C    3       -0.062052        0.237851       -0.134718
     C    3        0.028818       -0.134718       -0.050803

     H    4       -0.000000        0.000000        0.000000
     H    4        0.000000        0.000000        0.000000
     H    4        0.000000        0.000000        0.000000

     C    5       -0.091371       -0.109933       -0.022389
     C    5       -0.109933        0.219418       -0.160766
     C    5       -0.022389       -0.160766       -0.128048

     H    6       -0.000000        0.000000        0.000000
     H    6        0.000000        0.000000        0.000000
     H    6        0.000000        0.000000        0.000000

     H    7       -0.000000        0.000000        0.000000
     H    7        0.000000        0.000000        0.000000
     H    7        0.000000        0.000000        0.000000

     C    8       -0.016582       -0.042160       -0.043999
     C    8       -0.042160        0.020924        0.041076
     C    8       -0.043999        0.041076       -0.004342

     H    9       -0.000000        0.000000        0.000000
     H    9        0.000000        0.000000        0.000000
     H    9        0.000000        0.000000        0.000000

     C   10        0.018446        0.006729        0.023213
     C   10        0.006729        0.002640       -0.024526
     C   10        0.023213       -0.024526       -0.021086

     C   11        0.023849       -0.028680       -0.054746
     C   11       -0.028680        0.025561        0.029510
     C   11       -0.054746        0.029510       -0.049410

     Cl  12        0.067917       -0.150643       -1.138193
     Cl  12       -0.150643        0.174051        1.458895
     Cl  12       -1.138193        1.458895       -0.241968

     H   13       -0.000000        0.000000        0.000000
     H   13        0.000000        0.000000        0.000000
     H   13        0.000000        0.000000        0.000000

     C   14        0.014908       -0.007918       -0.047435
     C   14       -0.007918        0.009199        0.050067
     C   14       -0.047435        0.050067       -0.024107

     H   15       -0.000000        0.000000        0.000000
     H   15        0.000000        0.000000        0.000000
     H   15        0.000000        0.000000        0.000000

     C   16       -0.024306       -0.046550        0.015549
     C   16       -0.046550        0.007190        0.038402
     C   16        0.015549        0.038402        0.017116

     C   17       -0.074114       -0.091316       -0.116335
     C   17       -0.091316        0.047847        0.130679
     C   17       -0.116335        0.130679        0.026267

     Cl  18        0.010091       -2.159858       -0.685989
     Cl  18       -2.159858        0.225187        1.598712
     Cl  18       -0.685989        1.598712       -0.235278

     H   19       -0.000000        0.000000        0.000000
     H   19        0.000000        0.000000        0.000000
     H   19        0.000000        0.000000        0.000000

     C   20        0.082414       -0.228595        0.033064
     C   20       -0.228595       -0.035297        0.060522
     C   20        0.033064        0.060522       -0.047118

     H   21       -0.000000        0.000000        0.000000
     H   21        0.000000        0.000000        0.000000
     H   21        0.000000        0.000000        0.000000

     C   22       -0.060714       -0.078618       -0.076861
     C   22       -0.078618        0.028896        0.054797
     C   22       -0.076861        0.054797        0.031818

     C   23        0.172304       -0.143237       -0.101895
     C   23       -0.143237       -0.044196        0.121067
     C   23       -0.101895        0.121067       -0.128108

     Cl  24        1.847323        1.556627        0.464269
     Cl  24        1.556627        0.044215       -0.418577
     Cl  24        0.464269       -0.418577       -1.891538

     ----- total EFG -----
     Cl   1        2.645867       -1.169970        0.045259
     Cl   1       -1.169970       -1.126415       -0.096192
     Cl   1        0.045259       -0.096192       -1.519452

     C    2        0.370951       -0.632758       -0.505097
     C    2       -0.632758        0.040800       -0.186512
     C    2       -0.505097       -0.186512       -0.411751

     C    3       -0.559347        0.175654        0.085757
     C    3        0.175654        0.758519       -0.181473
     C    3        0.085757       -0.181473       -0.199172

     H    4        0.604001        0.036920        0.317710
     H    4        0.036920       -0.452065        0.344519
     H    4        0.317710        0.344519       -0.151936

     C    5        0.138820       -0.386017       -0.200803
     C    5       -0.386017        0.447828       -0.452131
     C    5       -0.200803       -0.452131       -0.586648

     H    6       -0.034375        0.107897        0.027998
     H    6        0.107897        0.063392        0.567970
     H    6        0.027998        0.567970       -0.029017

     H    7       -0.093223       -0.046854        0.312507
     H    7       -0.046854        0.631588       -0.571322
     H    7        0.312507       -0.571322       -0.538365

     C    8       -0.106263        0.123262        0.102818
     C    8        0.123262        0.289603       -0.155040
     C    8        0.102818       -0.155040       -0.183340

     H    9        0.558938       -0.011694        0.618226
     H    9       -0.011694       -0.275598       -0.356831
     H    9        0.618226       -0.356831       -0.283339

     C   10        0.280255        0.252557        0.448683
     C   10        0.252557        0.028155       -0.388156
     C   10        0.448683       -0.388156       -0.308410

     C   11        0.025487        0.196453       -0.051432
     C   11        0.196453        0.073605       -0.242923
     C   11       -0.051432       -0.242923       -0.099092

     Cl  12        0.176316        0.069310       -1.006309
     Cl  12        0.069310        0.154187        1.329342
     Cl  12       -1.006309        1.329342       -0.330503

     H   13       -0.391690       -0.193524        0.335935
     H   13       -0.193524        0.396385        0.541571
     H   13        0.335935        0.541571       -0.004695

     C   14        0.009721        0.289583       -0.048184
     C   14        0.289583        0.311704        0.360957
     C   14       -0.048184        0.360957       -0.321425

     H   15        0.328684        0.275219        0.662348
     H   15        0.275219       -0.134638       -0.044678
     H   15        0.662348       -0.044678       -0.194046

     C   16        0.255315       -0.378506        0.237682
     C   16       -0.378506        0.046078       -0.045211
     C   16        0.237682       -0.045211       -0.301393

     C   17       -0.498478        0.304671       -0.288108
     C   17        0.304671        0.496845        0.430115
     C   17       -0.288108        0.430115        0.001633

     Cl  18        0.123843       -2.330428       -0.621038
     Cl  18       -2.330428        0.214658        1.580616
     Cl  18       -0.621038        1.580616       -0.338501

     H   19       -0.249645        0.239632       -0.109901
     H   19        0.239632        0.140293       -0.224713
     H   19       -0.109901       -0.224713        0.109351

     C   20        0.163855       -0.423811        0.226925
     C   20       -0.423811       -0.287161        0.206202
     C   20        0.226925        0.206202        0.123305

     H   21        0.209831        0.031340        0.335851
     H   21        0.031340       -0.052272       -0.093603
     H   21        0.335851       -0.093603       -0.157559

     C   22       -0.356791        0.020105       -0.221972
     C   22        0.020105        0.101192        0.067687
     C   22       -0.221972        0.067687        0.255599

     C   23        0.260152       -0.288879       -0.003958
     C   23       -0.288879       -0.167902        0.312355
     C   23       -0.003958        0.312355       -0.092250

     Cl  24        2.023563        1.719298        0.538001
     Cl  24        1.719298        0.096450       -0.457516
     Cl  24        0.538001       -0.457516       -2.120014

     ----- total EFG (symmetrized) -----
     Cl   1        2.645867       -1.169970        0.045259
     Cl   1       -1.169970       -1.126415       -0.096192
     Cl   1        0.045259       -0.096192       -1.519452

     C    2        0.370951       -0.632758       -0.505097
     C    2       -0.632758        0.040800       -0.186512
     C    2       -0.505097       -0.186512       -0.411751

     C    3       -0.559347        0.175654        0.085757
     C    3        0.175654        0.758519       -0.181473
     C    3        0.085757       -0.181473       -0.199172

     H    4        0.604001        0.036920        0.317710
     H    4        0.036920       -0.452065        0.344519
     H    4        0.317710        0.344519       -0.151936

     C    5        0.138820       -0.386017       -0.200803
     C    5       -0.386017        0.447828       -0.452131
     C    5       -0.200803       -0.452131       -0.586648

     H    6       -0.034375        0.107897        0.027998
     H    6        0.107897        0.063392        0.567970
     H    6        0.027998        0.567970       -0.029017

     H    7       -0.093223       -0.046854        0.312507
     H    7       -0.046854        0.631588       -0.571322
     H    7        0.312507       -0.571322       -0.538365

     C    8       -0.106263        0.123262        0.102818
     C    8        0.123262        0.289603       -0.155040
     C    8        0.102818       -0.155040       -0.183340

     H    9        0.558938       -0.011694        0.618226
     H    9       -0.011694       -0.275598       -0.356831
     H    9        0.618226       -0.356831       -0.283339

     C   10        0.280255        0.252557        0.448683
     C   10        0.252557        0.028155       -0.388156
     C   10        0.448683       -0.388156       -0.308410

     C   11        0.025487        0.196453       -0.051432
     C   11        0.196453        0.073605       -0.242923
     C   11       -0.051432       -0.242923       -0.099092

     Cl  12        0.176316        0.069310       -1.006309
     Cl  12        0.069310        0.154187        1.329342
     Cl  12       -1.006309        1.329342       -0.330503

     H   13       -0.391690       -0.193524        0.335935
     H   13       -0.193524        0.396385        0.541571
     H   13        0.335935        0.541571       -0.004695

     C   14        0.009721        0.289583       -0.048184
     C   14        0.289583        0.311704        0.360957
     C   14       -0.048184        0.360957       -0.321425

     H   15        0.328684        0.275219        0.662348
     H   15        0.275219       -0.134638       -0.044678
     H   15        0.662348       -0.044678       -0.194046

     C   16        0.255315       -0.378506        0.237682
     C   16       -0.378506        0.046078       -0.045211
     C   16        0.237682       -0.045211       -0.301393

     C   17       -0.498478        0.304671       -0.288108
     C   17        0.304671        0.496845        0.430115
     C   17       -0.288108        0.430115        0.001633

     Cl  18        0.123843       -2.330428       -0.621038
     Cl  18       -2.330428        0.214658        1.580616
     Cl  18       -0.621038        1.580616       -0.338501

     H   19       -0.249645        0.239632       -0.109901
     H   19        0.239632        0.140293       -0.224713
     H   19       -0.109901       -0.224713        0.109351

     C   20        0.163855       -0.423811        0.226925
     C   20       -0.423811       -0.287161        0.206202
     C   20        0.226925        0.206202        0.123305

     H   21        0.209831        0.031340        0.335851
     H   21        0.031340       -0.052272       -0.093603
     H   21        0.335851       -0.093603       -0.157559

     C   22       -0.356791        0.020105       -0.221972
     C   22        0.020105        0.101192        0.067687
     C   22       -0.221972        0.067687        0.255599

     C   23        0.260152       -0.288879       -0.003958
     C   23       -0.288879       -0.167902        0.312355
     C   23       -0.003958        0.312355       -0.092250

     Cl  24        2.023563        1.719298        0.538001
     Cl  24        1.719298        0.096450       -0.457516
     Cl  24        0.538001       -0.457516       -2.120014


     NQR/NMR SPECTROSCOPIC PARAMETERS:
     Cl   1    Vxx=   -1.4045    axis=(  0.234239  0.788950 -0.568059)
     Cl   1    Vyy=   -1.5758    axis=(  0.143557  0.549840  0.822841)
     Cl   1    Vzz=    2.9804    axis=(  0.961522 -0.274290  0.015534)
     Cl   1  Q=        -8.1650 1e-30 m^2  Cq=       -57.1765 MHz  eta= 0.05748

     C    2    Vxx=   -0.0191    axis=( -0.262869 -0.695677  0.668531)
     C    2    Vyy=   -0.9094    axis=( -0.517418 -0.483191 -0.706261)
     C    2    Vzz=    0.9285    axis=( -0.814358  0.531564  0.232939)
     C    2  Q=         1.0000 1e-30 m^2  Cq=         2.1815 MHz  eta= 0.95894

     C    3    Vxx=   -0.1976    axis=(  0.286983  0.127476  0.949416)
     C    3    Vyy=   -0.6124    axis=(  0.950983 -0.157109 -0.266362)
     C    3    Vzz=    0.8100    axis=( -0.115207 -0.979319  0.166315)
     C    3  Q=         1.0000 1e-30 m^2  Cq=         1.9032 MHz  eta= 0.51206

     H    4    Vxx=   -0.0460    axis=(  0.384983 -0.576529 -0.720696)
     H    4    Vyy=   -0.6950    axis=( -0.119125 -0.805392  0.580648)
     H    4    Vzz=    0.7410    axis=( -0.915203 -0.137686 -0.378741)
     H    4  Q=         1.0000 1e-30 m^2  Cq=         1.7411 MHz  eta= 0.87572

     C    5    Vxx=    0.0985    axis=(  0.828410  0.324206 -0.456758)
     C    5    Vyy=    0.7684    axis=(  0.458133 -0.861352  0.219517)
     C    5    Vzz=   -0.8668    axis=(  0.322261  0.391106  0.862081)
     C    5  Q=         1.0000 1e-30 m^2  Cq=        -2.0367 MHz  eta= 0.77282

     H    6    Vxx=   -0.0443    axis=( -0.982978  0.043668  0.178459)
     H    6    Vyy=   -0.5580    axis=(  0.101472 -0.680714  0.725487)
     H    6    Vzz=    0.6023    axis=( -0.153160 -0.731246 -0.664696)
     H    6  Q=         1.0000 1e-30 m^2  Cq=         1.4151 MHz  eta= 0.85305

     H    7    Vxx=   -0.0237    axis=(  0.926405  0.282887  0.248491)
     H    7    Vyy=   -0.8682    axis=(  0.336519 -0.326013 -0.883442)
     H    7    Vzz=    0.8919    axis=( -0.168903  0.902048 -0.397217)
     H    7  Q=         1.0000 1e-30 m^2  Cq=         2.0957 MHz  eta= 0.94684

     C    8    Vxx=   -0.0353    axis=( -0.808139  0.025800 -0.588426)
     C    8    Vyy=   -0.3189    axis=( -0.553313  0.309173  0.773471)
     C    8    Vzz=    0.3542    axis=(  0.201881  0.950656 -0.235579)
     C    8  Q=         1.0000 1e-30 m^2  Cq=         0.8322 MHz  eta= 0.80049

     H    9    Vxx=   -0.1135    axis=(  0.376183  0.838916 -0.393327)
     H    9    Vyy=   -0.8002    axis=( -0.349537  0.521635  0.778281)
     H    9    Vzz=    0.9137    axis=(  0.858085 -0.155294  0.489462)
     H    9  Q=         1.0000 1e-30 m^2  Cq=         2.1468 MHz  eta= 0.75147

     C   10    Vxx=    0.2790    axis=(  0.110571  0.865959 -0.487739)
     C   10    Vyy=    0.5273    axis=( -0.897118 -0.124241 -0.423962)
     C   10    Vzz=   -0.8063    axis=( -0.427731  0.484438  0.763130)
     C   10  Q=         1.0000 1e-30 m^2  Cq=        -1.8945 MHz  eta= 0.30788

     C   11    Vxx=   -0.0660    axis=(  0.817825 -0.244238  0.521067)
     C   11    Vyy=   -0.2910    axis=( -0.273880  0.631151  0.725698)
     C   11    Vzz=    0.3569    axis=( -0.506115 -0.736204  0.449279)
     C   11  Q=         1.0000 1e-30 m^2  Cq=         0.8386 MHz  eta= 0.63043

     Cl  12    Vxx=    0.2349    axis=(  0.798334  0.602194 -0.005039)
     Cl  12    Vyy=    1.5634    axis=( -0.449344  0.601228  0.660769)
     Cl  12    Vzz=   -1.7983    axis=(  0.400940 -0.525250  0.750573)
     Cl  12  Q=        -8.1650 1e-30 m^2  Cq=        34.4999 MHz  eta= 0.73870

     H   13    Vxx=   -0.0011    axis=(  0.701537 -0.431359  0.567252)
     H   13    Vyy=   -0.7733    axis=(  0.711919  0.388604 -0.584943)
     H   13    Vzz=    0.7744    axis=(  0.031883  0.814197  0.579713)
     H   13  Q=         1.0000 1e-30 m^2  Cq=         1.8196 MHz  eta= 0.99725

     C   14    Vxx=   -0.0442    axis=(  0.858166 -0.235704 -0.456065)
     C   14    Vyy=   -0.5394    axis=( -0.315144  0.459416 -0.830434)
     C   14    Vzz=    0.5836    axis=(  0.405260  0.856376  0.319975)
     C   14  Q=         1.0000 1e-30 m^2  Cq=         1.3712 MHz  eta= 0.84850

     H   15    Vxx=   -0.1116    axis=(  0.013390  0.920184 -0.391256)
     H   15    Vyy=   -0.7116    axis=( -0.567557  0.329144  0.754681)
     H   15    Vzz=    0.8233    axis=(  0.823225  0.211955  0.526664)
     H   15  Q=         1.0000 1e-30 m^2  Cq=         1.9344 MHz  eta= 0.72880

     C   16    Vxx=   -0.1796    axis=(  0.400471  0.771020  0.495128)
     C   16    Vyy=   -0.4169    axis=( -0.462406 -0.296451  0.835642)
     C   16    Vzz=    0.5964    axis=(  0.791077 -0.563601  0.237804)
     C   16  Q=         1.0000 1e-30 m^2  Cq=         1.4014 MHz  eta= 0.39791

     C   17    Vxx=    0.0413    axis=(  0.580164  0.319436 -0.749246)
     C   17    Vyy=    0.7586    axis=( -0.108291 -0.881468 -0.459661)
     C   17    Vzz=   -0.7999    axis=(  0.807269 -0.347815  0.476804)
     C   17  Q=         1.0000 1e-30 m^2  Cq=        -1.8795 MHz  eta= 0.89662

     Cl  18    Vxx=   -0.7698    axis=(  0.559474 -0.006335  0.828823)
     Cl  18    Vyy=   -2.4362    axis=(  0.570704  0.728110 -0.379673)
     Cl  18    Vzz=    3.2060    axis=( -0.601070  0.685431  0.410974)
     Cl  18  Q=        -8.1650 1e-30 m^2  Cq=       -61.5051 MHz  eta= 0.51977

     H   19    Vxx=   -0.0786    axis=(  0.251053  0.545828  0.799402)
     H   19    Vyy=   -0.3636    axis=( -0.904337  0.426756 -0.007379)
     H   19    Vzz=    0.4422    axis=( -0.345177 -0.721076  0.600751)
     H   19  Q=         1.0000 1e-30 m^2  Cq=         1.0390 MHz  eta= 0.64454

     C   20    Vxx=    0.2029    axis=( -0.128944  0.477290  0.869234)
     C   20    Vyy=    0.4509    axis=(  0.852807 -0.393948  0.342821)
     C   20    Vzz=   -0.6537    axis=(  0.506058  0.785493 -0.356239)
     C   20  Q=         1.0000 1e-30 m^2  Cq=        -1.5360 MHz  eta= 0.37935

     H   21    Vxx=   -0.0252    axis=(  0.181871  0.959133 -0.216764)
     H   21    Vyy=   -0.3847    axis=( -0.483392  0.279172  0.829696)
     H   21    Vzz=    0.4099    axis=(  0.856303 -0.046115  0.514410)
     H   21  Q=         1.0000 1e-30 m^2  Cq=         0.9631 MHz  eta= 0.87716

     C   22    Vxx=    0.0900    axis=(  0.144231  0.968582 -0.202601)
     C   22    Vyy=    0.3418    axis=(  0.288003 -0.236967 -0.927848)
     C   22    Vzz=   -0.4318    axis=( -0.946706  0.075474 -0.313132)
     C   22  Q=         1.0000 1e-30 m^2  Cq=        -1.0146 MHz  eta= 0.58302

     C   23    Vxx=    0.0562    axis=(  0.536027  0.367969  0.759785)
     C   23    Vyy=    0.4524    axis=(  0.794420 -0.524353 -0.306514)
     C   23    Vzz=   -0.5086    axis=(  0.285608  0.767888 -0.573390)
     C   23  Q=         1.0000 1e-30 m^2  Cq=        -1.1950 MHz  eta= 0.77886

     Cl  24    Vxx=   -0.6179    axis=( -0.440494  0.802611 -0.402220)
     Cl  24    Vyy=   -2.4238    axis=( -0.237394  0.327945  0.914383)
     Cl  24    Vzz=    3.0416    axis=( -0.865800 -0.498265 -0.046078)
     Cl  24  Q=        -8.1650 1e-30 m^2  Cq=       -58.3524 MHz  eta= 0.59373

     Initialization:
     gipaw_setup  :      9.31s CPU     11.12s WALL (       1 calls)

     Linear response

     Apply operators

     Induced current

     Other routines
     efg          :      9.12s CPU     11.08s WALL (       1 calls)

     General routines
     calbec       :      3.13s CPU      3.90s WALL (      16 calls)
     fft          :      1.47s CPU      2.08s WALL (      15 calls)
     ffts         :      0.04s CPU      0.04s WALL (       2 calls)
     fftw         :      3.14s CPU      3.78s WALL (     672 calls)
     davcio       :      0.04s CPU      0.32s WALL (      32 calls)

     Parallel routines
     fft_scatter  :      2.13s CPU      3.07s WALL (     689 calls)

     Plugins

     GIPAW        :     60.07s CPU     71.11s WALL (       1 calls)
