
     Program QE v.6.0 (svn rev. 13079) starts on 20Dec2016 at 17: 9:48 

     This program is part of the open-source Quantum ESPRESSO suite
     for quantum simulation of materials; please cite
         "P. Giannozzi et al., J. Phys.:Condens. Matter 21 395502 (2009);
          URL http://www.quantum-espresso.org", 
     in publications or presentations arising from this work. More details at
     http://www.quantum-espresso.org/quote

     Parallel version (MPI), running on     8 processors
     R & G space division:  proc/nbgrp/npool/nimage =       8

     ***** This is GIPAW svn revision unknown      *****

     Parallelizing q-star over 1 images

     Reading data from directory:
     /users/majewski/paradichlorobenzene/pbe/9_constraint/scratch/pbe.ecut100.np8.dt60.pcl2phi-129368.save
     Message from routine read_xml_file:
     file /users/majewski/paradichlorobenzene/pbe/9_constraint/scratch/pbe.ecut100.np8.dt60.pcl2phi-129368.save not guaranteed to be safe for post-processing

   Info: using nr1, nr2, nr3 values from input

   Info: using nr1, nr2, nr3 values from input

     IMPORTANT: XC functional enforced from input :
     Exchange-correlation      =  SLA  PW   PBX  PBC ( 1  4  3  4 0 0)
     Any further DFT definition will be discarded
     Please, verify this is what you really want

               file C.pbe-n-kjpaw_psl.1.0.0.UPF: wavefunction(s)  2S 2P renormalized
               file Cl.pbe-n-kjpaw_psl.1.0.0.UPF: wavefunction(s)  3S 3P renormalized
               file H.pbe-kjpaw_psl.1.0.0.UPF: wavefunction(s)  1S renormalized

     Parallelization info
     --------------------
     sticks:   dense  smooth     PW     G-vecs:    dense   smooth      PW
     Min        3057    1223    332               144436    36536    5170
     Max        3059    1225    333               144437    36537    5171
     Sum       24467    9791   2657              1155489   292295   41363


     Subspace diagonalization in iterative solution of the eigenvalue problem:
     a serial algorithm will be used

     GIPAW projectors -----------------------------------------------
     atom=  C    l=0  rc=    1.2000  rs=    0.8000
     atom=  C    l=0  rc=    1.2000  rs=    0.8000
     atom=  C    l=1  rc=    1.4000  rs=    0.9333
     atom=  C    l=1  rc=    1.4000  rs=    0.9333
     projs nearly linearly dependent: l=1  n1,n2= 1, 2  s=  0.99951561

     atom=  Cl   l=0  rc=    1.6000  rs=    1.0667
     atom=  Cl   l=0  rc=    1.6000  rs=    1.0667
     atom=  Cl   l=1  rc=    1.6000  rs=    1.0667
     atom=  Cl   l=1  rc=    1.6000  rs=    1.0667
     atom=  Cl   l=2  rc=    1.6000  rs=    1.0667
     atom=  Cl   l=2  rc=    1.6000  rs=    1.0667
     projs nearly linearly dependent: l=2  n1,n2= 1, 2  s=  0.99993509

     atom=  H    l=0  rc=    1.0000  rs=    0.6667
     atom=  H    l=0  rc=    1.0000  rs=    0.6667
     projs nearly linearly dependent: l=0  n1,n2= 1, 2  s=  0.99968852
     -----------------------------------------------------------------

     GIPAW integrals: -------------------------------------------
     Atom  i/j   nmr_para   nmr_dia   epr_rmc  epr_para   epr_dia
       C   1 1   0.83E+03  0.17E-01  0.93E+01  0.24E+08  0.24E+03
       C   2 1   0.86E+03 -0.61E-01  0.94E+01  0.25E+08  0.25E+03
       C   2 2   0.90E+03 -0.15E+00  0.97E+01  0.26E+08  0.26E+03
       C   3 3   0.33E+01  0.34E+00  0.18E+01  0.55E+03  0.21E+02
       C   4 3   0.35E+01  0.37E+00  0.20E+01  0.59E+03  0.22E+02
       C   4 4   0.38E+01  0.39E+00  0.22E+01  0.63E+03  0.24E+02
       Cl  1 1   0.14E+04 -0.47E+00  0.84E+01  0.32E+09  0.42E+03
       Cl  2 1   0.21E+04 -0.37E+00  0.12E+02  0.49E+09  0.65E+03
       Cl  2 2   0.33E+04 -0.16E+00  0.21E+02  0.76E+09  0.10E+04
       Cl  3 3   0.21E+02  0.79E-01  0.89E+01  0.23E+05  0.13E+03
       Cl  4 3   0.24E+02  0.67E-01  0.99E+01  0.27E+05  0.15E+03
       Cl  4 4   0.28E+02  0.44E-01  0.11E+02  0.32E+05  0.18E+03
       Cl  5 5   0.77E+00  0.19E+00  0.18E+01  0.12E+03  0.22E+02
       Cl  6 5   0.80E+00  0.19E+00  0.19E+01  0.12E+03  0.23E+02
       Cl  6 6   0.83E+00  0.20E+00  0.19E+01  0.12E+03  0.23E+02
       H   1 1   0.39E+02  0.19E+00  0.29E+00  0.78E+05  0.13E+02
       H   2 1   0.41E+02  0.21E+00  0.32E+00  0.82E+05  0.14E+02
       H   2 2   0.43E+02  0.22E+00  0.36E+00  0.86E+05  0.15E+02
     ------------------------------------------------------------

     alpha_pv=     34.0302 eV

     Number of occupied bands for each k-point:
     k-point:     1    nbnd_occ=  42
     k-point:     2    nbnd_occ=  42
     k-point:     3    nbnd_occ=  42
     k-point:     4    nbnd_occ=  42
     k-point:     5    nbnd_occ=  42
     k-point:     6    nbnd_occ=  42
     k-point:     7    nbnd_occ=  42
     k-point:     8    nbnd_occ=  42
     k-point:     9    nbnd_occ=  42
     k-point:    10    nbnd_occ=  42
     k-point:    11    nbnd_occ=  42
     k-point:    12    nbnd_occ=  42
     k-point:    13    nbnd_occ=  42
     k-point:    14    nbnd_occ=  42
     k-point:    15    nbnd_occ=  42
     k-point:    16    nbnd_occ=  42


     q-space interpolation up to   110.00 Rydberg

     GIPAW job: efg                                                                             


     ELECTRIC FIELD GRADIENTS TENSORS IN Hartree/bohrradius^2:

     ----- bare term -----
     Cl   1       -0.252687        0.159203        0.096888
     Cl   1        0.159203        0.005580        0.058155
     Cl   1        0.096888        0.058155        0.247107

     C    2        0.081130       -0.350463       -0.567741
     C    2       -0.350463       -0.271947       -0.530045
     C    2       -0.567741       -0.530045        0.190817

     C    3       -0.424231        0.356694       -0.410872
     C    3        0.356694       -0.038082       -0.049324
     C    3       -0.410872       -0.049324        0.462313

     H    4        0.046593       -0.122113       -0.329303
     H    4       -0.122113        0.494527       -0.233766
     H    4       -0.329303       -0.233766       -0.541120

     C    5       -0.111997        0.040708       -0.231747
     C    5        0.040708       -0.197010       -0.295364
     C    5       -0.231747       -0.295364        0.309007

     H    6        0.455666        0.017410        0.044144
     H    6        0.017410       -0.365020       -0.652717
     H    6        0.044144       -0.652717       -0.090646

     H    7        0.455373       -0.024339       -0.255225
     H    7       -0.024339       -0.115599        0.325767
     H    7       -0.255225        0.325767       -0.339774

     C    8       -0.563237       -0.337530       -0.188394
     C    8       -0.337530        0.194773        0.408755
     C    8       -0.188394        0.408755        0.368465

     H    9       -0.314233       -0.065800       -0.504324
     H    9       -0.065800        0.046534        0.124058
     H    9       -0.504324        0.124058        0.267699

     C   10        0.030562       -0.320934       -0.113686
     C   10       -0.320934       -0.111720        0.610659
     C   10       -0.113686        0.610659        0.081157

     C   11       -0.527062       -0.363169       -0.414467
     C   11       -0.363169        0.299842        0.092181
     C   11       -0.414467        0.092181        0.227221

     Cl  12       -0.065591       -0.042574        0.055974
     Cl  12       -0.042574       -0.035009       -0.076919
     Cl  12        0.055974       -0.076919        0.100600

     H   13        0.545858        0.044733       -0.103211
     H   13        0.044733       -0.199879       -0.275207
     H   13       -0.103211       -0.275207       -0.345979

     C   14       -0.696697        0.344810       -0.160015
     C   14        0.344810        0.298182       -0.159686
     C   14       -0.160015       -0.159686        0.398516

     H   15        0.081900        0.157910       -0.409978
     H   15        0.157910       -0.040508        0.187716
     H   15       -0.409978        0.187716       -0.041392

     C   16        0.299122        0.062237       -0.155722
     C   16        0.062237       -0.202092       -0.473045
     C   16       -0.155722       -0.473045       -0.097030

     C   17       -0.625980        0.448857       -0.402756
     C   17        0.448857        0.307697       -0.080810
     C   17       -0.402756       -0.080810        0.318283

     Cl  18        0.128509       -0.003045       -0.028242
     Cl  18       -0.003045       -0.206771        0.048073
     Cl  18       -0.028242        0.048073        0.078262

     H   19        0.033034        0.510229        0.025914
     H   19        0.510229       -0.438794        0.187795
     H   19        0.025914        0.187795        0.405761

     C   20       -0.030543       -0.350328       -0.115217
     C   20       -0.350328       -0.282090        0.256636
     C   20       -0.115217        0.256636        0.312633

     H   21       -0.386222        0.428949        0.136679
     H   21        0.428949        0.121641       -0.109268
     H   21        0.136679       -0.109268        0.264581

     C   22       -0.134515       -0.023007       -0.051337
     C   22       -0.023007       -0.040877        0.106594
     C   22       -0.051337        0.106594        0.175392

     C   23       -0.209152       -0.107585       -0.203233
     C   23       -0.107585       -0.029983        0.498322
     C   23       -0.203233        0.498322        0.239135

     Cl  24       -0.143119       -0.117150       -0.054657
     Cl  24       -0.117150       -0.026466        0.112001
     Cl  24       -0.054657        0.112001        0.169585

     ----- ionic term -----
     Cl   1        0.037539       -0.173890        0.020627
     Cl   1       -0.173890        0.103075       -0.012898
     Cl   1        0.020627       -0.012898       -0.140614

     C    2       -0.005873       -0.238308        0.339568
     C    2       -0.238308        0.174132        0.329208
     C    2        0.339568        0.329208       -0.168259

     C    3        0.050260       -0.277624        0.261870
     C    3       -0.277624        0.203339        0.334059
     C    3        0.261870        0.334059       -0.253599

     H    4        0.540371        0.183212        0.767777
     H    4        0.183212       -0.483499        0.184406
     H    4        0.767777        0.184406       -0.056872

     C    5        0.133206       -0.258671        0.346498
     C    5       -0.258671        0.088294        0.267255
     C    5        0.346498        0.267255       -0.221501

     H    6       -0.543072        0.050912        0.021399
     H    6        0.050912        0.568851        0.741386
     H    6        0.021399        0.741386       -0.025780

     H    7       -0.505147       -0.195417        0.137326
     H    7       -0.195417        0.600107       -0.744979
     H    7        0.137326       -0.744979       -0.094959

     C    8        0.286486        0.170972        0.169291
     C    8        0.170972        0.074050       -0.327065
     C    8        0.169291       -0.327065       -0.360536

     H    9        0.702171       -0.281367        0.632630
     H    9       -0.281367       -0.444628       -0.217372
     H    9        0.632630       -0.217372       -0.257543

     C   10        0.164167        0.216322        0.122561
     C   10        0.216322        0.136834       -0.414255
     C   10        0.122561       -0.414255       -0.301000

     C   11        0.356136        0.093495        0.137587
     C   11        0.093495       -0.013710       -0.392743
     C   11        0.137587       -0.392743       -0.342426

     Cl  12        0.137149        0.182087       -0.037390
     Cl  12        0.182087       -0.029118       -0.032541
     Cl  12       -0.037390       -0.032541       -0.108031

     H   13       -0.541252       -0.068907       -0.024761
     H   13       -0.068907        0.423288        0.775630
     H   13       -0.024761        0.775630        0.117964

     C   14        0.103771       -0.353984        0.302818
     C   14       -0.353984        0.090784        0.247579
     C   14        0.302818        0.247579       -0.194554

     H   15        0.437387        0.059071        0.783243
     H   15        0.059071       -0.485412        0.123897
     H   15        0.783243        0.123897        0.048025

     C   16       -0.001691       -0.320275        0.267566
     C   16       -0.320275        0.204619        0.370950
     C   16        0.267566        0.370950       -0.202928

     C   17        0.070278       -0.202259        0.384846
     C   17       -0.202259        0.071287        0.409502
     C   17        0.384846        0.409502       -0.141565

     Cl  18        0.119571       -0.218179        0.019729
     Cl  18       -0.218179        0.031308       -0.005650
     Cl  18        0.019729       -0.005650       -0.150879

     H   19       -0.489073       -0.163811        0.092789
     H   19       -0.163811        0.569671       -0.748179
     H   19        0.092789       -0.748179       -0.080598

     C   20        0.443026        0.151896        0.138278
     C   20        0.151896       -0.010664       -0.325171
     C   20        0.138278       -0.325171       -0.432362

     H   21        0.781318       -0.398108        0.477474
     H   21       -0.398108       -0.377641       -0.217850
     H   21        0.477474       -0.217850       -0.403677

     C   22        0.255620        0.181784        0.089872
     C   22        0.181784        0.161951       -0.374349
     C   22        0.089872       -0.374349       -0.417571

     C   23        0.261540        0.169044        0.207335
     C   23        0.169044        0.138067       -0.333621
     C   23        0.207335       -0.333621       -0.399608

     Cl  24        0.118310        0.204694       -0.005007
     Cl  24        0.204694        0.048977       -0.013271
     Cl  24       -0.005007       -0.013271       -0.167287

     ----- GIPAW term -----
     Cl   1        1.174221        0.936417       -1.212454
     Cl   1        0.936417       -0.393497       -0.781488
     Cl   1       -1.212454       -0.781488       -0.780724

     C    2        0.105805       -0.236819       -0.207644
     C    2       -0.236819       -0.079959        0.023027
     C    2       -0.207644        0.023027       -0.025846

     C    3       -0.097815       -0.032416       -0.208403
     C    3       -0.032416       -0.059493        0.120592
     C    3       -0.208403        0.120592        0.157308

     H    4       -0.000000        0.000000        0.000000
     H    4        0.000000        0.000000        0.000000
     H    4        0.000000        0.000000        0.000000

     C    5       -0.121067       -0.024924       -0.036436
     C    5       -0.024924        0.067271        0.149823
     C    5       -0.036436        0.149823        0.053796

     H    6       -0.000000        0.000000        0.000000
     H    6        0.000000        0.000000        0.000000
     H    6        0.000000        0.000000        0.000000

     H    7       -0.000000        0.000000        0.000000
     H    7        0.000000        0.000000        0.000000
     H    7        0.000000        0.000000        0.000000

     C    8       -0.188950       -0.041952       -0.010597
     C    8       -0.041952        0.120376        0.222981
     C    8       -0.010597        0.222981        0.068573

     H    9       -0.000000        0.000000        0.000000
     H    9        0.000000        0.000000        0.000000
     H    9        0.000000        0.000000        0.000000

     C   10       -0.094487       -0.114141       -0.005564
     C   10       -0.114141        0.233912        0.071186
     C   10       -0.005564        0.071186       -0.139425

     C   11       -0.041378       -0.149126        0.018418
     C   11       -0.149126        0.174731       -0.111985
     C   11        0.018418       -0.111985       -0.133352

     Cl  12       -0.394595        1.086817        0.824808
     Cl  12        1.086817       -0.518459       -1.869650
     Cl  12        0.824808       -1.869650        0.913054

     H   13       -0.000000        0.000000        0.000000
     H   13        0.000000        0.000000        0.000000
     H   13        0.000000        0.000000        0.000000

     C   14       -0.117495       -0.127570        0.020813
     C   14       -0.127570        0.207369       -0.017371
     C   14        0.020813       -0.017371       -0.089874

     H   15       -0.000000        0.000000        0.000000
     H   15        0.000000        0.000000        0.000000
     H   15        0.000000        0.000000        0.000000

     C   16       -0.023587       -0.007061       -0.009756
     C   16       -0.007061        0.122404       -0.012111
     C   16       -0.009756       -0.012111       -0.098816

     C   17       -0.116320        0.089704       -0.032436
     C   17        0.089704        0.230772        0.032443
     C   17       -0.032436        0.032443       -0.114451

     Cl  18        0.075390       -0.055185       -0.304265
     Cl  18       -0.055185        2.022859       -0.543122
     Cl  18       -0.304265       -0.543122       -2.098249

     H   19       -0.000000        0.000000        0.000000
     H   19        0.000000        0.000000        0.000000
     H   19        0.000000        0.000000        0.000000

     C   20        0.067751       -0.152829       -0.082870
     C   20       -0.152829       -0.040218        0.102258
     C   20       -0.082870        0.102258       -0.027533

     H   21       -0.000000        0.000000        0.000000
     H   21        0.000000        0.000000        0.000000
     H   21        0.000000        0.000000        0.000000

     C   22       -0.010097       -0.032122       -0.052107
     C   22       -0.032122        0.007900        0.036799
     C   22       -0.052107        0.036799        0.002197

     C   23       -0.050057       -0.016032       -0.112706
     C   23       -0.016032       -0.017338        0.177717
     C   23       -0.112706        0.177717        0.067395

     Cl  24       -0.526820        0.907246       -0.993541
     Cl  24        0.907246       -0.544788        1.886981
     Cl  24       -0.993541        1.886981        1.071608

     ----- total EFG -----
     Cl   1        0.959073        0.921730       -1.094940
     Cl   1        0.921730       -0.284841       -0.736231
     Cl   1       -1.094940       -0.736231       -0.674231

     C    2        0.181062       -0.825589       -0.435817
     C    2       -0.825589       -0.177774       -0.177810
     C    2       -0.435817       -0.177810       -0.003288

     C    3       -0.471786        0.046653       -0.357405
     C    3        0.046653        0.105764        0.405326
     C    3       -0.357405        0.405326        0.366022

     H    4        0.586964        0.061099        0.438475
     H    4        0.061099        0.011028       -0.049360
     H    4        0.438475       -0.049360       -0.597992

     C    5       -0.099858       -0.242887        0.078315
     C    5       -0.242887       -0.041445        0.121713
     C    5        0.078315        0.121713        0.141302

     H    6       -0.087406        0.068323        0.065542
     H    6        0.068323        0.203831        0.088669
     H    6        0.065542        0.088669       -0.116425

     H    7       -0.049774       -0.219756       -0.117899
     H    7       -0.219756        0.484508       -0.419212
     H    7       -0.117899       -0.419212       -0.434734

     C    8       -0.465701       -0.208509       -0.029699
     C    8       -0.208509        0.389199        0.304670
     C    8       -0.029699        0.304670        0.076502

     H    9        0.387938       -0.347168        0.128306
     H    9       -0.347168       -0.398094       -0.093314
     H    9        0.128306       -0.093314        0.010156

     C   10        0.100242       -0.218754        0.003312
     C   10       -0.218754        0.259026        0.267590
     C   10        0.003312        0.267590       -0.359268

     C   11       -0.212304       -0.418800       -0.258462
     C   11       -0.418800        0.460862       -0.412547
     C   11       -0.258462       -0.412547       -0.248557

     Cl  12       -0.323037        1.226331        0.843391
     Cl  12        1.226331       -0.582585       -1.979110
     Cl  12        0.843391       -1.979110        0.905622

     H   13        0.004606       -0.024174       -0.127971
     H   13       -0.024174        0.223409        0.500423
     H   13       -0.127971        0.500423       -0.228015

     C   14       -0.710422       -0.136744        0.163616
     C   14       -0.136744        0.596335        0.070522
     C   14        0.163616        0.070522        0.114087

     H   15        0.519287        0.216982        0.373264
     H   15        0.216982       -0.525920        0.311613
     H   15        0.373264        0.311613        0.006633

     C   16        0.273843       -0.265099        0.102089
     C   16       -0.265099        0.124931       -0.114205
     C   16        0.102089       -0.114205       -0.398774

     C   17       -0.672023        0.336302       -0.050346
     C   17        0.336302        0.609756        0.361134
     C   17       -0.050346        0.361134        0.062267

     Cl  18        0.323471       -0.276409       -0.312777
     Cl  18       -0.276409        1.847396       -0.500699
     Cl  18       -0.312777       -0.500699       -2.170867

     H   19       -0.456039        0.346418        0.118703
     H   19        0.346418        0.130877       -0.560384
     H   19        0.118703       -0.560384        0.325163

     C   20        0.480234       -0.351261       -0.059809
     C   20       -0.351261       -0.332972        0.033723
     C   20       -0.059809        0.033723       -0.147262

     H   21        0.395095        0.030841        0.614153
     H   21        0.030841       -0.256000       -0.327118
     H   21        0.614153       -0.327118       -0.139095

     C   22        0.111008        0.126654       -0.013571
     C   22        0.126654        0.128974       -0.230956
     C   22       -0.013571       -0.230956       -0.239982

     C   23        0.002332        0.045428       -0.108604
     C   23        0.045428        0.090746        0.342418
     C   23       -0.108604        0.342418       -0.093078

     Cl  24       -0.551630        0.994790       -1.053205
     Cl  24        0.994790       -0.522277        1.985711
     Cl  24       -1.053205        1.985711        1.073906

     ----- total EFG (symmetrized) -----
     Cl   1        0.959073        0.921730       -1.094940
     Cl   1        0.921730       -0.284841       -0.736231
     Cl   1       -1.094940       -0.736231       -0.674231

     C    2        0.181062       -0.825589       -0.435817
     C    2       -0.825589       -0.177774       -0.177810
     C    2       -0.435817       -0.177810       -0.003288

     C    3       -0.471786        0.046653       -0.357405
     C    3        0.046653        0.105764        0.405326
     C    3       -0.357405        0.405326        0.366022

     H    4        0.586964        0.061099        0.438475
     H    4        0.061099        0.011028       -0.049360
     H    4        0.438475       -0.049360       -0.597992

     C    5       -0.099858       -0.242887        0.078315
     C    5       -0.242887       -0.041445        0.121713
     C    5        0.078315        0.121713        0.141302

     H    6       -0.087406        0.068323        0.065542
     H    6        0.068323        0.203831        0.088669
     H    6        0.065542        0.088669       -0.116425

     H    7       -0.049774       -0.219756       -0.117899
     H    7       -0.219756        0.484508       -0.419212
     H    7       -0.117899       -0.419212       -0.434734

     C    8       -0.465701       -0.208509       -0.029699
     C    8       -0.208509        0.389199        0.304670
     C    8       -0.029699        0.304670        0.076502

     H    9        0.387938       -0.347168        0.128306
     H    9       -0.347168       -0.398094       -0.093314
     H    9        0.128306       -0.093314        0.010156

     C   10        0.100242       -0.218754        0.003312
     C   10       -0.218754        0.259026        0.267590
     C   10        0.003312        0.267590       -0.359268

     C   11       -0.212304       -0.418800       -0.258462
     C   11       -0.418800        0.460862       -0.412547
     C   11       -0.258462       -0.412547       -0.248557

     Cl  12       -0.323037        1.226331        0.843391
     Cl  12        1.226331       -0.582585       -1.979110
     Cl  12        0.843391       -1.979110        0.905622

     H   13        0.004606       -0.024174       -0.127971
     H   13       -0.024174        0.223409        0.500423
     H   13       -0.127971        0.500423       -0.228015

     C   14       -0.710422       -0.136744        0.163616
     C   14       -0.136744        0.596335        0.070522
     C   14        0.163616        0.070522        0.114087

     H   15        0.519287        0.216982        0.373264
     H   15        0.216982       -0.525920        0.311613
     H   15        0.373264        0.311613        0.006633

     C   16        0.273843       -0.265099        0.102089
     C   16       -0.265099        0.124931       -0.114205
     C   16        0.102089       -0.114205       -0.398774

     C   17       -0.672023        0.336302       -0.050346
     C   17        0.336302        0.609756        0.361134
     C   17       -0.050346        0.361134        0.062267

     Cl  18        0.323471       -0.276409       -0.312777
     Cl  18       -0.276409        1.847396       -0.500699
     Cl  18       -0.312777       -0.500699       -2.170867

     H   19       -0.456039        0.346418        0.118703
     H   19        0.346418        0.130877       -0.560384
     H   19        0.118703       -0.560384        0.325163

     C   20        0.480234       -0.351261       -0.059809
     C   20       -0.351261       -0.332972        0.033723
     C   20       -0.059809        0.033723       -0.147262

     H   21        0.395095        0.030841        0.614153
     H   21        0.030841       -0.256000       -0.327118
     H   21        0.614153       -0.327118       -0.139095

     C   22        0.111008        0.126654       -0.013571
     C   22        0.126654        0.128974       -0.230956
     C   22       -0.013571       -0.230956       -0.239982

     C   23        0.002332        0.045428       -0.108604
     C   23        0.045428        0.090746        0.342418
     C   23       -0.108604        0.342418       -0.093078

     Cl  24       -0.551630        0.994790       -1.053205
     Cl  24        0.994790       -0.522277        1.985711
     Cl  24       -1.053205        1.985711        1.073906


     NQR/NMR SPECTROSCOPIC PARAMETERS:
     Cl   1    Vxx=   -0.7487    axis=( -0.556851  0.809216 -0.187313)
     Cl   1    Vyy=   -1.3280    axis=(  0.266328  0.387555  0.882536)
     Cl   1    Vzz=    2.0767    axis=( -0.786756 -0.441555  0.431328)
     Cl   1  Q=        -8.1650 1e-30 m^2  Cq=       -39.8397 MHz  eta= 0.27894

     C    2    Vxx=    0.1056    axis=( -0.029278 -0.468726  0.882858)
     C    2    Vyy=    0.9100    axis=( -0.787998  0.554230  0.268119)
     C    2    Vzz=   -1.0156    axis=( -0.614981 -0.687841 -0.385582)
     C    2  Q=         1.0000 1e-30 m^2  Cq=        -2.3862 MHz  eta= 0.79211

     C    3    Vxx=   -0.0663    axis=(  0.439709  0.807386 -0.393425)
     C    3    Vyy=   -0.6559    axis=( -0.869360  0.272609 -0.412186)
     C    3    Vzz=    0.7222    axis=( -0.225542  0.523270  0.821778)
     C    3  Q=         1.0000 1e-30 m^2  Cq=         1.6969 MHz  eta= 0.81630

     H    4    Vxx=    0.0143    axis=( -0.028878  0.994482 -0.100857)
     H    4    Vyy=    0.7341    axis=( -0.948856 -0.059007 -0.310145)
     H    4    Vzz=   -0.7483    axis=( -0.314385  0.086742  0.945324)
     H    4  Q=         1.0000 1e-30 m^2  Cq=        -1.7583 MHz  eta= 0.96189

     C    5    Vxx=    0.1396    axis=(  0.636623 -0.418789  0.647555)
     C    5    Vyy=    0.2151    axis=( -0.309277  0.630563  0.711856)
     C    5    Vzz=   -0.3547    axis=(  0.706441  0.653458 -0.271909)
     C    5  Q=         1.0000 1e-30 m^2  Cq=        -0.8333 MHz  eta= 0.21290

     H    6    Vxx=   -0.0760    axis=(  0.788121 -0.352365  0.504683)
     H    6    Vyy=   -0.1715    axis=(  0.565498  0.090730 -0.819744)
     H    6    Vzz=    0.2474    axis=(  0.243059  0.931454  0.270768)
     H    6  Q=         1.0000 1e-30 m^2  Cq=         0.5814 MHz  eta= 0.38585

     H    7    Vxx=   -0.0261    axis=(  0.925262  0.097171 -0.366671)
     H    7    Vyy=   -0.6581    axis=( -0.306200 -0.379232 -0.873169)
     H    7    Vzz=    0.6843    axis=( -0.223900  0.920185 -0.321136)
     H    7  Q=         1.0000 1e-30 m^2  Cq=         1.6078 MHz  eta= 0.92363

     C    8    Vxx=   -0.0934    axis=(  0.190729 -0.463805  0.865163)
     C    8    Vyy=   -0.5170    axis=( -0.965292 -0.248807  0.079420)
     C    8    Vzz=    0.6104    axis=(  0.178423 -0.850282 -0.495162)
     C    8  Q=         1.0000 1e-30 m^2  Cq=         1.4341 MHz  eta= 0.69404

     H    9    Vxx=   -0.0290    axis=( -0.279010  0.019709  0.960086)
     H    9    Vyy=   -0.5328    axis=( -0.341866 -0.936326 -0.080128)
     H    9    Vzz=    0.5619    axis=(  0.897375 -0.350577  0.267982)
     H    9  Q=         1.0000 1e-30 m^2  Cq=         1.3202 MHz  eta= 0.89661

     C   10    Vxx=   -0.0013    axis=(  0.860474  0.404219  0.310148)
     C   10    Vyy=   -0.4711    axis=(  0.150650  0.379660 -0.912778)
     C   10    Vzz=    0.4724    axis=( -0.486712  0.832145  0.265792)
     C   10  Q=         1.0000 1e-30 m^2  Cq=         1.1101 MHz  eta= 0.99438

     C   11    Vxx=    0.0281    axis=(  0.713407  0.022725 -0.700381)
     C   11    Vyy=    0.7419    axis=( -0.316548  0.902138 -0.293164)
     C   11    Vzz=   -0.7700    axis=(  0.625178  0.430849  0.650785)
     C   11  Q=         1.0000 1e-30 m^2  Cq=        -1.8091 MHz  eta= 0.92702

     Cl  12    Vxx=    0.5589    axis=(  0.860302  0.417793  0.292111)
     Cl  12    Vyy=    2.2759    axis=(  0.002250  0.569892 -0.821717)
     Cl  12    Vzz=   -2.8348    axis=( -0.509779  0.707582  0.489339)
     Cl  12  Q=        -8.1650 1e-30 m^2  Cq=        54.3838 MHz  eta= 0.60570

     H   13    Vxx=    0.0057    axis=(  0.973016  0.225052 -0.050900)
     H   13    Vyy=    0.5613    axis=(  0.161388 -0.821467 -0.546942)
     H   13    Vzz=   -0.5671    axis=( -0.164904  0.523968 -0.835622)
     H   13  Q=         1.0000 1e-30 m^2  Cq=        -1.3324 MHz  eta= 0.97986

     C   14    Vxx=    0.1414    axis=(  0.201846 -0.090505  0.975227)
     C   14    Vyy=    0.6164    axis=(  0.088441 -0.989969 -0.110179)
     C   14    Vzz=   -0.7578    axis=(  0.975416  0.108489 -0.191817)
     C   14  Q=         1.0000 1e-30 m^2  Cq=        -1.7805 MHz  eta= 0.62680

     H   15    Vxx=   -0.1320    axis=( -0.548483  0.311695  0.775895)
     H   15    Vyy=   -0.6713    axis=( -0.042237  0.916412 -0.398001)
     H   15    Vzz=    0.8033    axis=( -0.835094 -0.251068 -0.489472)
     H   15  Q=         1.0000 1e-30 m^2  Cq=         1.8874 MHz  eta= 0.67124

     C   16    Vxx=   -0.0736    axis=(  0.619364  0.781032 -0.079863)
     C   16    Vyy=   -0.4263    axis=( -0.080963  0.164720  0.983012)
     C   16    Vzz=    0.4999    axis=(  0.780918 -0.602376  0.165256)
     C   16  Q=         1.0000 1e-30 m^2  Cq=         1.1747 MHz  eta= 0.70550

     C   17    Vxx=   -0.0630    axis=( -0.266892 -0.348832  0.898379)
     C   17    Vyy=   -0.7789    axis=( -0.945674  0.274380 -0.174403)
     C   17    Vzz=    0.8419    axis=( -0.185660 -0.896120 -0.403111)
     C   17  Q=         1.0000 1e-30 m^2  Cq=         1.9781 MHz  eta= 0.85033

     Cl  18    Vxx=    0.3342    axis=(  0.980351  0.129975 -0.148385)
     Cl  18    Vyy=    1.9439    axis=( -0.146773  0.983204 -0.108483)
     Cl  18    Vzz=   -2.2781    axis=(  0.131793  0.128130  0.982961)
     Cl  18  Q=        -8.1650 1e-30 m^2  Cq=        43.7036 MHz  eta= 0.70662

     H   19    Vxx=   -0.0604    axis=(  0.631449  0.525862  0.569862)
     H   19    Vyy=   -0.7513    axis=(  0.767204 -0.530376 -0.360694)
     H   19    Vzz=    0.8118    axis=( -0.112566 -0.664960  0.738348)
     H   19  Q=         1.0000 1e-30 m^2  Cq=         1.9073 MHz  eta= 0.85113

     C   20    Vxx=   -0.1529    axis=(  0.094836  0.001438  0.995492)
     C   20    Vyy=   -0.4641    axis=( -0.346525 -0.937411  0.034366)
     C   20    Vzz=    0.6170    axis=(  0.933234 -0.348222 -0.088402)
     C   20  Q=         1.0000 1e-30 m^2  Cq=         1.4496 MHz  eta= 0.50431

     H   21    Vxx=   -0.0940    axis=(  0.414909  0.830292 -0.372108)
     H   21    Vyy=   -0.7270    axis=( -0.416366  0.536902  0.733741)
     H   21    Vzz=    0.8209    axis=(  0.809005 -0.149503  0.568471)
     H   21  Q=         1.0000 1e-30 m^2  Cq=         1.9289 MHz  eta= 0.77103

     C   22    Vxx=    0.0427    axis=(  0.850844 -0.426145  0.307353)
     C   22    Vyy=    0.3125    axis=(  0.516558  0.785423 -0.340996)
     C   22    Vzz=   -0.3552    axis=( -0.096088  0.448900  0.888401)
     C   22  Q=         1.0000 1e-30 m^2  Cq=        -0.8346 MHz  eta= 0.75975

     C   23    Vxx=    0.0329    axis=(  0.955812  0.241500 -0.167633)
     C   23    Vyy=    0.3561    axis=( -0.089189  0.781564  0.617417)
     C   23    Vzz=   -0.3889    axis=(  0.280123 -0.575183  0.768567)
     C   23  Q=         1.0000 1e-30 m^2  Cq=        -0.9138 MHz  eta= 0.83104

     Cl  24    Vxx=    0.3173    axis=(  0.832559  0.517181 -0.198415)
     Cl  24    Vyy=    2.4551    axis=( -0.123015  0.521870  0.844109)
     Cl  24    Vzz=   -2.7724    axis=(  0.540104 -0.678362  0.498109)
     Cl  24  Q=        -8.1650 1e-30 m^2  Cq=        53.1868 MHz  eta= 0.77108

     Initialization:
     gipaw_setup  :      9.18s CPU     11.15s WALL (       1 calls)

     Linear response

     Apply operators

     Induced current

     Other routines
     efg          :      9.28s CPU     11.36s WALL (       1 calls)

     General routines
     calbec       :      3.30s CPU      4.12s WALL (      16 calls)
     fft          :      1.35s CPU      1.63s WALL (      15 calls)
     ffts         :      0.04s CPU      0.05s WALL (       2 calls)
     fftw         :      3.09s CPU      3.81s WALL (     672 calls)
     davcio       :      0.03s CPU      0.32s WALL (      32 calls)

     Parallel routines
     fft_scatter  :      1.89s CPU      2.65s WALL (     689 calls)

     Plugins

     GIPAW        :     61.94s CPU     74.97s WALL (       1 calls)
