
     Program QE v.6.0 (svn rev. 13079) starts on 29Dec2016 at  0:26:31 

     This program is part of the open-source Quantum ESPRESSO suite
     for quantum simulation of materials; please cite
         "P. Giannozzi et al., J. Phys.:Condens. Matter 21 395502 (2009);
          URL http://www.quantum-espresso.org", 
     in publications or presentations arising from this work. More details at
     http://www.quantum-espresso.org/quote

     Parallel version (MPI), running on     8 processors
     R & G space division:  proc/nbgrp/npool/nimage =       8

     ***** This is GIPAW svn revision unknown      *****

     Parallelizing q-star over 1 images

     Reading data from directory:
     /users/majewski/paradichlorobenzene/pbe/9_constraint/scratch/pbe.ecut100.np8.dt60.pcl2phi-129368.save
     Message from routine read_xml_file:
     file /users/majewski/paradichlorobenzene/pbe/9_constraint/scratch/pbe.ecut100.np8.dt60.pcl2phi-129368.save not guaranteed to be safe for post-processing

   Info: using nr1, nr2, nr3 values from input

   Info: using nr1, nr2, nr3 values from input

     IMPORTANT: XC functional enforced from input :
     Exchange-correlation      =  SLA  PW   PBX  PBC ( 1  4  3  4 0 0)
     Any further DFT definition will be discarded
     Please, verify this is what you really want

               file C.pbe-n-kjpaw_psl.1.0.0.UPF: wavefunction(s)  2S 2P renormalized
               file Cl.pbe-n-kjpaw_psl.1.0.0.UPF: wavefunction(s)  3S 3P renormalized
               file H.pbe-kjpaw_psl.1.0.0.UPF: wavefunction(s)  1S renormalized

     Parallelization info
     --------------------
     sticks:   dense  smooth     PW     G-vecs:    dense   smooth      PW
     Min        3057    1223    332               144436    36536    5170
     Max        3059    1225    333               144437    36537    5171
     Sum       24467    9791   2657              1155489   292295   41363


     Subspace diagonalization in iterative solution of the eigenvalue problem:
     a serial algorithm will be used

     GIPAW projectors -----------------------------------------------
     atom=  C    l=0  rc=    1.2000  rs=    0.8000
     atom=  C    l=0  rc=    1.2000  rs=    0.8000
     atom=  C    l=1  rc=    1.4000  rs=    0.9333
     atom=  C    l=1  rc=    1.4000  rs=    0.9333
     projs nearly linearly dependent: l=1  n1,n2= 1, 2  s=  0.99951561

     atom=  Cl   l=0  rc=    1.6000  rs=    1.0667
     atom=  Cl   l=0  rc=    1.6000  rs=    1.0667
     atom=  Cl   l=1  rc=    1.6000  rs=    1.0667
     atom=  Cl   l=1  rc=    1.6000  rs=    1.0667
     atom=  Cl   l=2  rc=    1.6000  rs=    1.0667
     atom=  Cl   l=2  rc=    1.6000  rs=    1.0667
     projs nearly linearly dependent: l=2  n1,n2= 1, 2  s=  0.99993509

     atom=  H    l=0  rc=    1.0000  rs=    0.6667
     atom=  H    l=0  rc=    1.0000  rs=    0.6667
     projs nearly linearly dependent: l=0  n1,n2= 1, 2  s=  0.99968852
     -----------------------------------------------------------------

     GIPAW integrals: -------------------------------------------
     Atom  i/j   nmr_para   nmr_dia   epr_rmc  epr_para   epr_dia
       C   1 1   0.83E+03  0.17E-01  0.93E+01  0.24E+08  0.24E+03
       C   2 1   0.86E+03 -0.61E-01  0.94E+01  0.25E+08  0.25E+03
       C   2 2   0.90E+03 -0.15E+00  0.97E+01  0.26E+08  0.26E+03
       C   3 3   0.33E+01  0.34E+00  0.18E+01  0.55E+03  0.21E+02
       C   4 3   0.35E+01  0.37E+00  0.20E+01  0.59E+03  0.22E+02
       C   4 4   0.38E+01  0.39E+00  0.22E+01  0.63E+03  0.24E+02
       Cl  1 1   0.14E+04 -0.47E+00  0.84E+01  0.32E+09  0.42E+03
       Cl  2 1   0.21E+04 -0.37E+00  0.12E+02  0.49E+09  0.65E+03
       Cl  2 2   0.33E+04 -0.16E+00  0.21E+02  0.76E+09  0.10E+04
       Cl  3 3   0.21E+02  0.79E-01  0.89E+01  0.23E+05  0.13E+03
       Cl  4 3   0.24E+02  0.67E-01  0.99E+01  0.27E+05  0.15E+03
       Cl  4 4   0.28E+02  0.44E-01  0.11E+02  0.32E+05  0.18E+03
       Cl  5 5   0.77E+00  0.19E+00  0.18E+01  0.12E+03  0.22E+02
       Cl  6 5   0.80E+00  0.19E+00  0.19E+01  0.12E+03  0.23E+02
       Cl  6 6   0.83E+00  0.20E+00  0.19E+01  0.12E+03  0.23E+02
       H   1 1   0.39E+02  0.19E+00  0.29E+00  0.78E+05  0.13E+02
       H   2 1   0.41E+02  0.21E+00  0.32E+00  0.82E+05  0.14E+02
       H   2 2   0.43E+02  0.22E+00  0.36E+00  0.86E+05  0.15E+02
     ------------------------------------------------------------

     alpha_pv=     33.5607 eV

     Number of occupied bands for each k-point:
     k-point:     1    nbnd_occ=  42
     k-point:     2    nbnd_occ=  42
     k-point:     3    nbnd_occ=  42
     k-point:     4    nbnd_occ=  42
     k-point:     5    nbnd_occ=  42
     k-point:     6    nbnd_occ=  42
     k-point:     7    nbnd_occ=  42
     k-point:     8    nbnd_occ=  42
     k-point:     9    nbnd_occ=  42
     k-point:    10    nbnd_occ=  42
     k-point:    11    nbnd_occ=  42
     k-point:    12    nbnd_occ=  42
     k-point:    13    nbnd_occ=  42
     k-point:    14    nbnd_occ=  42
     k-point:    15    nbnd_occ=  42
     k-point:    16    nbnd_occ=  42


     q-space interpolation up to   110.00 Rydberg

     GIPAW job: efg                                                                             


     ELECTRIC FIELD GRADIENTS TENSORS IN Hartree/bohrradius^2:

     ----- bare term -----
     Cl   1        0.009279        0.162719        0.013768
     Cl   1        0.162719        0.085192        0.035167
     Cl   1        0.013768        0.035167       -0.094471

     C    2       -0.169781        0.153752       -0.318347
     C    2        0.153752       -0.087769       -0.641552
     C    2       -0.318347       -0.641552        0.257550

     C    3       -0.207727        0.242869       -0.337739
     C    3        0.242869       -0.140238       -0.452618
     C    3       -0.337739       -0.452618        0.347965

     H    4       -0.695690       -0.243976        0.003556
     H    4       -0.243976        0.421264       -0.121120
     H    4        0.003556       -0.121120        0.274427

     C    5       -0.129478        0.342779       -0.241890
     C    5        0.342779       -0.198665       -0.365914
     C    5       -0.241890       -0.365914        0.328143

     H    6        0.456659       -0.244285        0.044738
     H    6       -0.244285       -0.737132        0.085716
     H    6        0.044738        0.085716        0.280473

     H    7        0.372332       -0.067203       -0.253369
     H    7       -0.067203       -0.343005        0.449046
     H    7       -0.253369        0.449046       -0.029327

     C    8       -0.473499       -0.328176       -0.345282
     C    8       -0.328176        0.055431        0.067106
     C    8       -0.345282        0.067106        0.418068

     H    9       -0.585127       -0.211362       -0.279879
     H    9       -0.211362        0.222143        0.178677
     H    9       -0.279879        0.178677        0.362984

     C   10        0.085216        0.288387       -0.414355
     C   10        0.288387       -0.255907        0.556267
     C   10       -0.414355        0.556267        0.170692

     C   11       -0.608406       -0.319175       -0.388855
     C   11       -0.319175        0.075322        0.087120
     C   11       -0.388855        0.087120        0.533083

     Cl  12        0.014963        0.104574       -0.074885
     Cl  12        0.104574       -0.014002       -0.041972
     Cl  12       -0.074885       -0.041972       -0.000961

     H   13        0.434370       -0.015507        0.071358
     H   13       -0.015507       -0.167540       -0.497424
     H   13        0.071358       -0.497424       -0.266829

     C   14       -0.355833        0.250162       -0.379468
     C   14        0.250162       -0.068757       -0.438748
     C   14       -0.379468       -0.438748        0.424590

     H   15       -0.156659       -0.082354       -0.540913
     H   15       -0.082354        0.287173        0.054359
     H   15       -0.540913        0.054359       -0.130513

     C   16       -0.078494        0.307557       -0.214394
     C   16        0.307557       -0.126229       -0.651045
     C   16       -0.214394       -0.651045        0.204723

     C   17       -0.157007        0.195014       -0.559982
     C   17        0.195014        0.041822       -0.424145
     C   17       -0.559982       -0.424145        0.115185

     Cl  18       -0.056431        0.140859       -0.016132
     Cl  18        0.140859        0.009478       -0.000931
     Cl  18       -0.016132       -0.000931        0.046953

     H   19        0.381235       -0.174340        0.049677
     H   19       -0.174340       -0.637115        0.457700
     H   19        0.049677        0.457700        0.255880

     C   20       -0.108558        0.255429       -0.434329
     C   20        0.255429       -0.059228        0.412283
     C   20       -0.434329        0.412283        0.167786

     H   21       -0.210501        0.303170       -0.410431
     H   21        0.303170       -0.109053        0.218962
     H   21       -0.410431        0.218962        0.319554

     C   22       -0.393400       -0.350452       -0.348704
     C   22       -0.350452       -0.027600        0.123099
     C   22       -0.348704        0.123099        0.421001

     C   23        0.058989        0.319461       -0.544954
     C   23        0.319461       -0.251247        0.529288
     C   23       -0.544954        0.529288        0.192258

     Cl  24       -0.289784       -0.219871        0.041341
     Cl  24       -0.219871        0.138370        0.110021
     Cl  24        0.041341        0.110021        0.151415

     ----- ionic term -----
     Cl   1        0.136448       -0.193261        0.028126
     Cl   1       -0.193261        0.023418       -0.010776
     Cl   1        0.028126       -0.010776       -0.159866

     C    2        0.180033       -0.117316        0.315068
     C    2       -0.117316        0.155225        0.367823
     C    2        0.315068        0.367823       -0.335258

     C    3        0.177189       -0.260179        0.196919
     C    3       -0.260179        0.218553        0.349854
     C    3        0.196919        0.349854       -0.395743

     H    4        0.726807        0.173755        0.623029
     H    4        0.173755       -0.479911        0.173819
     H    4        0.623029        0.173819       -0.246897

     C    5        0.305344       -0.210112        0.248914
     C    5       -0.210112        0.110592        0.279923
     C    5        0.248914        0.279923       -0.415936

     H    6       -0.484005       -0.010714        0.014840
     H    6       -0.010714        0.776022        0.608848
     H    6        0.014840        0.608848       -0.292018

     H    7       -0.509608        0.017498        0.001442
     H    7        0.017498        0.383843       -0.796495
     H    7        0.001442       -0.796495        0.125765

     C    8        0.287092        0.243722        0.230084
     C    8        0.243722       -0.014114       -0.308985
     C    8        0.230084       -0.308985       -0.272978

     H    9        0.579360       -0.267023        0.667444
     H    9       -0.267023       -0.451232       -0.229244
     H    9        0.667444       -0.229244       -0.128128

     C   10        0.148234        0.231465        0.192647
     C   10        0.231465        0.138857       -0.400725
     C   10        0.192647       -0.400725       -0.287091

     C   11        0.218036        0.081292        0.271515
     C   11        0.081292        0.080139       -0.422391
     C   11        0.271515       -0.422391       -0.298175

     Cl  12        0.143564        0.209928       -0.000457
     Cl  12        0.209928        0.004559       -0.000303
     Cl  12       -0.000457       -0.000303       -0.148123

     H   13       -0.539692        0.106397        0.052016
     H   13        0.106397        0.662299        0.699090
     H   13        0.052016        0.699090       -0.122607

     C   14        0.187977       -0.125362        0.246870
     C   14       -0.125362        0.103580        0.311677
     C   14        0.246870        0.311677       -0.291556

     H   15        0.573888        0.320491        0.691076
     H   15        0.320491       -0.403495        0.255771
     H   15        0.691076        0.255771       -0.170393

     C   16        0.082330       -0.139023        0.207572
     C   16       -0.139023        0.217306        0.411461
     C   16        0.207572        0.411461       -0.299636

     C   17        0.173012       -0.114063        0.273849
     C   17       -0.114063        0.175861        0.432214
     C   17        0.273849        0.432214       -0.348873

     Cl  18        0.109022       -0.217097       -0.001302
     Cl  18       -0.217097        0.040010        0.015904
     Cl  18       -0.001302        0.015904       -0.149032

     H   19       -0.524037       -0.084609        0.049143
     H   19       -0.084609        0.752991       -0.662540
     H   19        0.049143       -0.662540       -0.228954

     C   20        0.264851        0.130896        0.253593
     C   20        0.130896        0.115376       -0.296535
     C   20        0.253593       -0.296535       -0.380228

     H   21        0.737755       -0.406573        0.519083
     H   21       -0.406573       -0.355671       -0.227008
     H   21        0.519083       -0.227008       -0.382084

     C   22        0.157967        0.205236        0.154156
     C   22        0.205236        0.202540       -0.361623
     C   22        0.154156       -0.361623       -0.360508

     C   23        0.253957        0.202273        0.201550
     C   23        0.202273        0.055510       -0.389388
     C   23        0.201550       -0.389388       -0.309467

     Cl  24        0.168970        0.198455       -0.025680
     Cl  24        0.198455       -0.032824       -0.026938
     Cl  24       -0.025680       -0.026938       -0.136146

     ----- GIPAW term -----
     Cl   1        1.534678       -0.643996        0.147372
     Cl   1       -0.643996        0.756989        0.315819
     Cl   1        0.147372        0.315819       -2.291668

     C    2        0.008654       -0.005735       -0.129822
     C    2       -0.005735        0.011101       -0.202618
     C    2       -0.129822       -0.202618       -0.019756

     C    3       -0.047407        0.119529       -0.191740
     C    3        0.119529       -0.019562       -0.169168
     C    3       -0.191740       -0.169168        0.066969

     H    4       -0.000000        0.000000        0.000000
     H    4        0.000000        0.000000        0.000000
     H    4        0.000000        0.000000        0.000000

     C    5        0.012830        0.168583       -0.126149
     C    5        0.168583       -0.020682       -0.169894
     C    5       -0.126149       -0.169894        0.007852

     H    6       -0.000000        0.000000        0.000000
     H    6        0.000000        0.000000        0.000000
     H    6        0.000000        0.000000        0.000000

     H    7       -0.000000        0.000000        0.000000
     H    7        0.000000        0.000000        0.000000
     H    7        0.000000        0.000000        0.000000

     C    8        0.028362        0.150767       -0.115404
     C    8        0.150767        0.043658       -0.099654
     C    8       -0.115404       -0.099654       -0.072020

     H    9       -0.000000        0.000000        0.000000
     H    9        0.000000        0.000000        0.000000
     H    9        0.000000        0.000000        0.000000

     C   10        0.038509        0.237811       -0.158603
     C   10        0.237811        0.031663       -0.033094
     C   10       -0.158603       -0.033094       -0.070172

     C   11       -0.077752        0.129269       -0.167721
     C   11        0.129269        0.015724       -0.146289
     C   11       -0.167721       -0.146289        0.062028

     Cl  12        1.560481        3.127521       -1.298979
     Cl  12        3.127521       -0.212290       -0.822352
     Cl  12       -1.298979       -0.822352       -1.348191

     H   13       -0.000000        0.000000        0.000000
     H   13        0.000000        0.000000        0.000000
     H   13        0.000000        0.000000        0.000000

     C   14       -0.087788        0.075434       -0.143109
     C   14        0.075434       -0.080354       -0.171649
     C   14       -0.143109       -0.171649        0.168142

     H   15       -0.000000        0.000000        0.000000
     H   15        0.000000        0.000000        0.000000
     H   15        0.000000        0.000000        0.000000

     C   16       -0.101445        0.099618       -0.076506
     C   16        0.099618        0.109813       -0.222068
     C   16       -0.076506       -0.222068       -0.008368

     C   17        0.061029        0.094834       -0.176897
     C   17        0.094834        0.055290       -0.146210
     C   17       -0.176897       -0.146210       -0.116320

     Cl  18        1.134881        1.155492       -0.296972
     Cl  18        1.155492        1.206059       -0.311115
     Cl  18       -0.296972       -0.311115       -2.340940

     H   19       -0.000000        0.000000        0.000000
     H   19        0.000000        0.000000        0.000000
     H   19        0.000000        0.000000        0.000000

     C   20       -0.043601        0.199739       -0.126177
     C   20        0.199739        0.104676       -0.052217
     C   20       -0.126177       -0.052217       -0.061075

     H   21       -0.000000        0.000000        0.000000
     H   21        0.000000        0.000000        0.000000
     H   21        0.000000        0.000000        0.000000

     C   22       -0.036338        0.100233       -0.159403
     C   22        0.100233        0.031641       -0.109536
     C   22       -0.159403       -0.109536        0.004697

     C   23        0.098588        0.253172       -0.188975
     C   23        0.253172       -0.055929       -0.014693
     C   23       -0.188975       -0.014693       -0.042659

     Cl  24       -0.301666        1.863993        0.308325
     Cl  24        1.863993        1.574165        0.986499
     Cl  24        0.308325        0.986499       -1.272499

     ----- total EFG -----
     Cl   1        1.680406       -0.674539        0.189266
     Cl   1       -0.674539        0.865599        0.340210
     Cl   1        0.189266        0.340210       -2.546005

     C    2        0.018906        0.030701       -0.133101
     C    2        0.030701        0.078557       -0.476347
     C    2       -0.133101       -0.476347       -0.097464

     C    3       -0.077946        0.102218       -0.332560
     C    3        0.102218        0.058754       -0.271932
     C    3       -0.332560       -0.271932        0.019192

     H    4        0.031117       -0.070221        0.626585
     H    4       -0.070221       -0.058647        0.052699
     H    4        0.626585        0.052699        0.027530

     C    5        0.188697        0.301251       -0.119125
     C    5        0.301251       -0.108755       -0.255884
     C    5       -0.119125       -0.255884       -0.079942

     H    6       -0.027346       -0.255000        0.059578
     H    6       -0.255000        0.038890        0.694564
     H    6        0.059578        0.694564       -0.011544

     H    7       -0.137276       -0.049705       -0.251927
     H    7       -0.049705        0.040838       -0.347449
     H    7       -0.251927       -0.347449        0.096438

     C    8       -0.158046        0.066314       -0.230603
     C    8        0.066314        0.084975       -0.341533
     C    8       -0.230603       -0.341533        0.073071

     H    9       -0.005768       -0.478385        0.387565
     H    9       -0.478385       -0.229089       -0.050567
     H    9        0.387565       -0.050567        0.234856

     C   10        0.271959        0.757664       -0.380311
     C   10        0.757664       -0.085387        0.122448
     C   10       -0.380311        0.122448       -0.186572

     C   11       -0.468122       -0.108614       -0.285060
     C   11       -0.108614        0.171186       -0.481559
     C   11       -0.285060       -0.481559        0.296936

     Cl  12        1.719009        3.442022       -1.374322
     Cl  12        3.442022       -0.221733       -0.864627
     Cl  12       -1.374322       -0.864627       -1.497276

     H   13       -0.105322        0.090891        0.123374
     H   13        0.090891        0.494758        0.201667
     H   13        0.123374        0.201667       -0.389436

     C   14       -0.255644        0.200234       -0.275707
     C   14        0.200234       -0.045532       -0.298720
     C   14       -0.275707       -0.298720        0.301176

     H   15        0.417228        0.238137        0.150163
     H   15        0.238137       -0.116322        0.310130
     H   15        0.150163        0.310130       -0.300906

     C   16       -0.097609        0.268152       -0.083329
     C   16        0.268152        0.200890       -0.461652
     C   16       -0.083329       -0.461652       -0.103281

     C   17        0.077034        0.175785       -0.463030
     C   17        0.175785        0.272974       -0.138140
     C   17       -0.463030       -0.138140       -0.350007

     Cl  18        1.187473        1.079254       -0.314406
     Cl  18        1.079254        1.255547       -0.296143
     Cl  18       -0.314406       -0.296143       -2.443019

     H   19       -0.142802       -0.258949        0.098820
     H   19       -0.258949        0.115876       -0.204841
     H   19        0.098820       -0.204841        0.026926

     C   20        0.112693        0.586064       -0.306913
     C   20        0.586064        0.160824        0.063532
     C   20       -0.306913        0.063532       -0.273517

     H   21        0.527254       -0.103403        0.108653
     H   21       -0.103403       -0.464725       -0.008046
     H   21        0.108653       -0.008046       -0.062530

     C   22       -0.271771       -0.044984       -0.353951
     C   22       -0.044984        0.206581       -0.348060
     C   22       -0.353951       -0.348060        0.065190

     C   23        0.411534        0.774906       -0.532379
     C   23        0.774906       -0.251666        0.125207
     C   23       -0.532379        0.125207       -0.159869

     Cl  24       -0.422481        1.842577        0.323986
     Cl  24        1.842577        1.679711        1.069583
     Cl  24        0.323986        1.069583       -1.257230

     ----- total EFG (symmetrized) -----
     Cl   1        1.680406       -0.674539        0.189266
     Cl   1       -0.674539        0.865599        0.340210
     Cl   1        0.189266        0.340210       -2.546005

     C    2        0.018906        0.030701       -0.133101
     C    2        0.030701        0.078557       -0.476347
     C    2       -0.133101       -0.476347       -0.097464

     C    3       -0.077946        0.102218       -0.332560
     C    3        0.102218        0.058754       -0.271932
     C    3       -0.332560       -0.271932        0.019192

     H    4        0.031117       -0.070221        0.626585
     H    4       -0.070221       -0.058647        0.052699
     H    4        0.626585        0.052699        0.027530

     C    5        0.188697        0.301251       -0.119125
     C    5        0.301251       -0.108755       -0.255884
     C    5       -0.119125       -0.255884       -0.079942

     H    6       -0.027346       -0.255000        0.059578
     H    6       -0.255000        0.038890        0.694564
     H    6        0.059578        0.694564       -0.011544

     H    7       -0.137276       -0.049705       -0.251927
     H    7       -0.049705        0.040838       -0.347449
     H    7       -0.251927       -0.347449        0.096438

     C    8       -0.158046        0.066314       -0.230603
     C    8        0.066314        0.084975       -0.341533
     C    8       -0.230603       -0.341533        0.073071

     H    9       -0.005768       -0.478385        0.387565
     H    9       -0.478385       -0.229089       -0.050567
     H    9        0.387565       -0.050567        0.234856

     C   10        0.271959        0.757664       -0.380311
     C   10        0.757664       -0.085387        0.122448
     C   10       -0.380311        0.122448       -0.186572

     C   11       -0.468122       -0.108614       -0.285060
     C   11       -0.108614        0.171186       -0.481559
     C   11       -0.285060       -0.481559        0.296936

     Cl  12        1.719009        3.442022       -1.374322
     Cl  12        3.442022       -0.221733       -0.864627
     Cl  12       -1.374322       -0.864627       -1.497276

     H   13       -0.105322        0.090891        0.123374
     H   13        0.090891        0.494758        0.201667
     H   13        0.123374        0.201667       -0.389436

     C   14       -0.255644        0.200234       -0.275707
     C   14        0.200234       -0.045532       -0.298720
     C   14       -0.275707       -0.298720        0.301176

     H   15        0.417228        0.238137        0.150163
     H   15        0.238137       -0.116322        0.310130
     H   15        0.150163        0.310130       -0.300906

     C   16       -0.097609        0.268152       -0.083329
     C   16        0.268152        0.200890       -0.461652
     C   16       -0.083329       -0.461652       -0.103281

     C   17        0.077034        0.175785       -0.463030
     C   17        0.175785        0.272974       -0.138140
     C   17       -0.463030       -0.138140       -0.350007

     Cl  18        1.187473        1.079254       -0.314406
     Cl  18        1.079254        1.255547       -0.296143
     Cl  18       -0.314406       -0.296143       -2.443019

     H   19       -0.142802       -0.258949        0.098820
     H   19       -0.258949        0.115876       -0.204841
     H   19        0.098820       -0.204841        0.026926

     C   20        0.112693        0.586064       -0.306913
     C   20        0.586064        0.160824        0.063532
     C   20       -0.306913        0.063532       -0.273517

     H   21        0.527254       -0.103403        0.108653
     H   21       -0.103403       -0.464725       -0.008046
     H   21        0.108653       -0.008046       -0.062530

     C   22       -0.271771       -0.044984       -0.353951
     C   22       -0.044984        0.206581       -0.348060
     C   22       -0.353951       -0.348060        0.065190

     C   23        0.411534        0.774906       -0.532379
     C   23        0.774906       -0.251666        0.125207
     C   23       -0.532379        0.125207       -0.159869

     Cl  24       -0.422481        1.842577        0.323986
     Cl  24        1.842577        1.679711        1.069583
     Cl  24        0.323986        1.069583       -1.257230


     NQR/NMR SPECTROSCOPIC PARAMETERS:
     Cl   1    Vxx=    0.5342    axis=(  0.487719  0.863948  0.125392)
     Cl   1    Vyy=    2.0610    axis=(  0.870854 -0.491542 -0.000522)
     Cl   1    Vzz=   -2.5952    axis=( -0.061185 -0.109453  0.992107)
     Cl   1  Q=        -8.1650 1e-30 m^2  Cq=        49.7878 MHz  eta= 0.58833

     C    2    Vxx=    0.0073    axis=(  0.961685 -0.273347  0.021070)
     C    2    Vyy=    0.4999    axis=( -0.223507 -0.737188  0.637651)
     C    2    Vzz=   -0.5072    axis=( -0.158768 -0.617928 -0.770037)
     C    2  Q=         1.0000 1e-30 m^2  Cq=        -1.1916 MHz  eta= 0.97135

     C    3    Vxx=   -0.0911    axis=(  0.572724 -0.789676 -0.219997)
     C    3    Vyy=   -0.3946    axis=(  0.652203  0.276371  0.705868)
     C    3    Vzz=    0.4857    axis=(  0.496606  0.547751 -0.673314)
     C    3  Q=         1.0000 1e-30 m^2  Cq=         1.1412 MHz  eta= 0.62470

     H    4    Vxx=   -0.0452    axis=( -0.097291  0.987684  0.122538)
     H    4    Vyy=   -0.6109    axis=(  0.698596  0.155465 -0.698423)
     H    4    Vzz=    0.6561    axis=( -0.708871  0.017654 -0.705117)
     H    4  Q=         1.0000 1e-30 m^2  Cq=         1.5416 MHz  eta= 0.86225

     C    5    Vxx=   -0.0867    axis=(  0.612714 -0.265718  0.744295)
     C    5    Vyy=   -0.3945    axis=(  0.300924 -0.792396 -0.530616)
     C    5    Vzz=    0.4812    axis=( -0.730771 -0.549092  0.405551)
     C    5  Q=         1.0000 1e-30 m^2  Cq=         1.1305 MHz  eta= 0.63981

     H    6    Vxx=    0.0132    axis=(  0.935749 -0.067937  0.346061)
     H    6    Vyy=    0.7364    axis=( -0.191203  0.726804  0.659695)
     H    6    Vzz=   -0.7496    axis=( -0.296336 -0.683477  0.667116)
     H    6  Q=         1.0000 1e-30 m^2  Cq=        -1.7613 MHz  eta= 0.96478

     H    7    Vxx=   -0.0224    axis=(  0.752243 -0.620866 -0.220579)
     H    7    Vyy=   -0.4374    axis=(  0.601156  0.509695  0.615486)
     H    7    Vzz=    0.4597    axis=( -0.269706 -0.595598  0.756652)
     H    7  Q=         1.0000 1e-30 m^2  Cq=         1.0802 MHz  eta= 0.90264

     C    8    Vxx=   -0.1312    axis=( -0.716116  0.644200  0.268672)
     C    8    Vyy=   -0.3588    axis=( -0.623050 -0.416473 -0.662087)
     C    8    Vzz=    0.4900    axis=( -0.314622 -0.641527  0.699611)
     C    8  Q=         1.0000 1e-30 m^2  Cq=         1.1512 MHz  eta= 0.46451

     H    9    Vxx=    0.0006    axis=(  0.359772 -0.590229 -0.722630)
     H    9    Vyy=    0.6596    axis=( -0.656544  0.390158 -0.645543)
     H    9    Vzz=   -0.6602    axis=( -0.662958 -0.706687  0.247143)
     H    9  Q=         1.0000 1e-30 m^2  Cq=        -1.5512 MHz  eta= 0.99819

     C   10    Vxx=   -0.0624    axis=( -0.124730  0.488521  0.863591)
     C   10    Vyy=   -0.8570    axis=( -0.596535  0.658583 -0.458709)
     C   10    Vzz=    0.9193    axis=( -0.792836 -0.572377  0.209275)
     C   10  Q=         1.0000 1e-30 m^2  Cq=         2.1601 MHz  eta= 0.86430

     C   11    Vxx=   -0.0770    axis=( -0.540858  0.691738  0.478509)
     C   11    Vyy=   -0.6606    axis=(  0.831797  0.355433  0.426359)
     C   11    Vzz=    0.7377    axis=( -0.124850 -0.628622  0.767624)
     C   11  Q=         1.0000 1e-30 m^2  Cq=         1.7332 MHz  eta= 0.79121

     Cl  12    Vxx=   -1.8967    axis=(  0.111473  0.265290  0.957703)
     Cl  12    Vyy=   -2.8475    axis=( -0.622592  0.769782 -0.140768)
     Cl  12    Vzz=    4.7442    axis=( -0.774567 -0.580566  0.250977)
     Cl  12  Q=        -8.1650 1e-30 m^2  Cq=       -91.0159 MHz  eta= 0.20040

     H   13    Vxx=   -0.0958    axis=(  0.943688 -0.227324  0.240368)
     H   13    Vyy=   -0.4630    axis=( -0.281858 -0.171999  0.943913)
     H   13    Vzz=    0.5588    axis=( -0.173231 -0.958509 -0.226387)
     H   13  Q=         1.0000 1e-30 m^2  Cq=         1.3130 MHz  eta= 0.65716

     C   14    Vxx=   -0.2115    axis=(  0.166629  0.810319  0.561799)
     C   14    Vyy=   -0.3951    axis=( -0.915463  0.338792 -0.217136)
     C   14    Vzz=    0.6066    axis=( -0.366282 -0.478125  0.798269)
     C   14  Q=         1.0000 1e-30 m^2  Cq=         1.4253 MHz  eta= 0.30280

     H   15    Vxx=   -0.0524    axis=(  0.512041 -0.674286 -0.532121)
     H   15    Vyy=   -0.5328    axis=( -0.026531  0.606783 -0.794425)
     H   15    Vzz=    0.5852    axis=(  0.858551  0.420896  0.292808)
     H   15  Q=         1.0000 1e-30 m^2  Cq=         1.3750 MHz  eta= 0.82085

     C   16    Vxx=   -0.1684    axis=(  0.892863 -0.099203  0.439267)
     C   16    Vyy=   -0.4644    axis=(  0.289082 -0.621662 -0.727989)
     C   16    Vzz=    0.6328    axis=( -0.345294 -0.776978  0.526381)
     C   16  Q=         1.0000 1e-30 m^2  Cq=         1.4869 MHz  eta= 0.46778

     C   17    Vxx=    0.0955    axis=(  0.538488 -0.780444 -0.317707)
     C   17    Vyy=    0.5515    axis=( -0.651520 -0.624735  0.430381)
     C   17    Vzz=   -0.6469    axis=( -0.534371 -0.024763 -0.844887)
     C   17  Q=         1.0000 1e-30 m^2  Cq=        -1.5200 MHz  eta= 0.70490

     Cl  18    Vxx=    0.1419    axis=(  0.717118 -0.696912 -0.007382)
     Cl  18    Vyy=    2.3402    axis=(  0.693637  0.714700 -0.089842)
     Cl  18    Vzz=   -2.4821    axis=(  0.067888  0.059307  0.995929)
     Cl  18  Q=        -8.1650 1e-30 m^2  Cq=        47.6176 MHz  eta= 0.88569

     H   19    Vxx=   -0.1047    axis=( -0.354121  0.378513  0.855176)
     H   19    Vyy=   -0.3052    axis=(  0.826225  0.555018  0.096474)
     H   19    Vzz=    0.4099    axis=( -0.438122  0.740731 -0.509280)
     H   19  Q=         1.0000 1e-30 m^2  Cq=         0.9630 MHz  eta= 0.48931

     C   20    Vxx=   -0.1036    axis=( -0.324090  0.529993  0.783628)
     C   20    Vyy=   -0.6484    axis=(  0.626380 -0.500538  0.597586)
     C   20    Vzz=    0.7521    axis=( -0.708953 -0.684521  0.169758)
     C   20  Q=         1.0000 1e-30 m^2  Cq=         1.7670 MHz  eta= 0.72444

     H   21    Vxx=   -0.0816    axis=( -0.171397  0.025578  0.984870)
     H   21    Vyy=   -0.4754    axis=( -0.103420 -0.994607  0.007832)
     H   21    Vzz=    0.5571    axis=(  0.979759 -0.100513  0.173118)
     H   21  Q=         1.0000 1e-30 m^2  Cq=         1.3089 MHz  eta= 0.70686

     C   22    Vxx=    0.0254    axis=(  0.609305 -0.668374 -0.426641)
     C   22    Vyy=    0.5426    axis=( -0.261468 -0.677314  0.687663)
     C   22    Vzz=   -0.5680    axis=( -0.748586 -0.307444 -0.587450)
     C   22  Q=         1.0000 1e-30 m^2  Cq=        -1.3346 MHz  eta= 0.91052

     C   23    Vxx=   -0.0724    axis=(  0.001918 -0.567075 -0.823664)
     C   23    Vyy=   -0.9761    axis=(  0.560910 -0.681283  0.470355)
     C   23    Vzz=    1.0485    axis=( -0.827875 -0.462903  0.316771)
     C   23  Q=         1.0000 1e-30 m^2  Cq=         2.4636 MHz  eta= 0.86185

     Cl  24    Vxx=   -1.2636    axis=(  0.724405 -0.215540 -0.654812)
     Cl  24    Vyy=   -1.7634    axis=( -0.500070  0.489523 -0.714350)
     Cl  24    Vzz=    3.0270    axis=( -0.474517 -0.844932 -0.246828)
     Cl  24  Q=        -8.1650 1e-30 m^2  Cq=       -58.0708 MHz  eta= 0.16512

     Initialization:
     gipaw_setup  :      9.13s CPU     10.79s WALL (       1 calls)

     Linear response

     Apply operators

     Induced current

     Other routines
     efg          :      9.06s CPU     11.31s WALL (       1 calls)

     General routines
     calbec       :      3.06s CPU      3.85s WALL (      16 calls)
     fft          :      1.77s CPU      3.06s WALL (      15 calls)
     ffts         :      0.05s CPU      0.05s WALL (       2 calls)
     fftw         :      3.24s CPU      4.00s WALL (     672 calls)
     davcio       :      0.03s CPU      0.32s WALL (      32 calls)

     Parallel routines
     fft_scatter  :      2.44s CPU      4.34s WALL (     689 calls)

     Plugins

     GIPAW        :     60.78s CPU     74.05s WALL (       1 calls)
