
     Program QE v.6.0 (svn rev. 13079) starts on  2Jan2017 at 22:46:26 

     This program is part of the open-source Quantum ESPRESSO suite
     for quantum simulation of materials; please cite
         "P. Giannozzi et al., J. Phys.:Condens. Matter 21 395502 (2009);
          URL http://www.quantum-espresso.org", 
     in publications or presentations arising from this work. More details at
     http://www.quantum-espresso.org/quote

     Parallel version (MPI), running on     8 processors
     R & G space division:  proc/nbgrp/npool/nimage =       8

     ***** This is GIPAW svn revision unknown      *****

     Parallelizing q-star over 1 images

     Reading data from directory:
     /users/majewski/paradichlorobenzene/pbe/9_constraint/scratch/pbe.ecut100.np8.dt60.pcl2phi-129368.save
     Message from routine read_xml_file:
     file /users/majewski/paradichlorobenzene/pbe/9_constraint/scratch/pbe.ecut100.np8.dt60.pcl2phi-129368.save not guaranteed to be safe for post-processing

   Info: using nr1, nr2, nr3 values from input

   Info: using nr1, nr2, nr3 values from input

     IMPORTANT: XC functional enforced from input :
     Exchange-correlation      =  SLA  PW   PBX  PBC ( 1  4  3  4 0 0)
     Any further DFT definition will be discarded
     Please, verify this is what you really want

               file C.pbe-n-kjpaw_psl.1.0.0.UPF: wavefunction(s)  2S 2P renormalized
               file Cl.pbe-n-kjpaw_psl.1.0.0.UPF: wavefunction(s)  3S 3P renormalized
               file H.pbe-kjpaw_psl.1.0.0.UPF: wavefunction(s)  1S renormalized

     Parallelization info
     --------------------
     sticks:   dense  smooth     PW     G-vecs:    dense   smooth      PW
     Min        3057    1223    332               144436    36536    5170
     Max        3059    1225    333               144437    36537    5171
     Sum       24467    9791   2657              1155489   292295   41363


     Subspace diagonalization in iterative solution of the eigenvalue problem:
     a serial algorithm will be used

     GIPAW projectors -----------------------------------------------
     atom=  C    l=0  rc=    1.2000  rs=    0.8000
     atom=  C    l=0  rc=    1.2000  rs=    0.8000
     atom=  C    l=1  rc=    1.4000  rs=    0.9333
     atom=  C    l=1  rc=    1.4000  rs=    0.9333
     projs nearly linearly dependent: l=1  n1,n2= 1, 2  s=  0.99951561

     atom=  Cl   l=0  rc=    1.6000  rs=    1.0667
     atom=  Cl   l=0  rc=    1.6000  rs=    1.0667
     atom=  Cl   l=1  rc=    1.6000  rs=    1.0667
     atom=  Cl   l=1  rc=    1.6000  rs=    1.0667
     atom=  Cl   l=2  rc=    1.6000  rs=    1.0667
     atom=  Cl   l=2  rc=    1.6000  rs=    1.0667
     projs nearly linearly dependent: l=2  n1,n2= 1, 2  s=  0.99993509

     atom=  H    l=0  rc=    1.0000  rs=    0.6667
     atom=  H    l=0  rc=    1.0000  rs=    0.6667
     projs nearly linearly dependent: l=0  n1,n2= 1, 2  s=  0.99968852
     -----------------------------------------------------------------

     GIPAW integrals: -------------------------------------------
     Atom  i/j   nmr_para   nmr_dia   epr_rmc  epr_para   epr_dia
       C   1 1   0.83E+03  0.17E-01  0.93E+01  0.24E+08  0.24E+03
       C   2 1   0.86E+03 -0.61E-01  0.94E+01  0.25E+08  0.25E+03
       C   2 2   0.90E+03 -0.15E+00  0.97E+01  0.26E+08  0.26E+03
       C   3 3   0.33E+01  0.34E+00  0.18E+01  0.55E+03  0.21E+02
       C   4 3   0.35E+01  0.37E+00  0.20E+01  0.59E+03  0.22E+02
       C   4 4   0.38E+01  0.39E+00  0.22E+01  0.63E+03  0.24E+02
       Cl  1 1   0.14E+04 -0.47E+00  0.84E+01  0.32E+09  0.42E+03
       Cl  2 1   0.21E+04 -0.37E+00  0.12E+02  0.49E+09  0.65E+03
       Cl  2 2   0.33E+04 -0.16E+00  0.21E+02  0.76E+09  0.10E+04
       Cl  3 3   0.21E+02  0.79E-01  0.89E+01  0.23E+05  0.13E+03
       Cl  4 3   0.24E+02  0.67E-01  0.99E+01  0.27E+05  0.15E+03
       Cl  4 4   0.28E+02  0.44E-01  0.11E+02  0.32E+05  0.18E+03
       Cl  5 5   0.77E+00  0.19E+00  0.18E+01  0.12E+03  0.22E+02
       Cl  6 5   0.80E+00  0.19E+00  0.19E+01  0.12E+03  0.23E+02
       Cl  6 6   0.83E+00  0.20E+00  0.19E+01  0.12E+03  0.23E+02
       H   1 1   0.39E+02  0.19E+00  0.29E+00  0.78E+05  0.13E+02
       H   2 1   0.41E+02  0.21E+00  0.32E+00  0.82E+05  0.14E+02
       H   2 2   0.43E+02  0.22E+00  0.36E+00  0.86E+05  0.15E+02
     ------------------------------------------------------------

     alpha_pv=     34.5774 eV

     Number of occupied bands for each k-point:
     k-point:     1    nbnd_occ=  42
     k-point:     2    nbnd_occ=  42
     k-point:     3    nbnd_occ=  42
     k-point:     4    nbnd_occ=  42
     k-point:     5    nbnd_occ=  42
     k-point:     6    nbnd_occ=  42
     k-point:     7    nbnd_occ=  42
     k-point:     8    nbnd_occ=  42
     k-point:     9    nbnd_occ=  42
     k-point:    10    nbnd_occ=  42
     k-point:    11    nbnd_occ=  42
     k-point:    12    nbnd_occ=  42
     k-point:    13    nbnd_occ=  42
     k-point:    14    nbnd_occ=  42
     k-point:    15    nbnd_occ=  42
     k-point:    16    nbnd_occ=  42


     q-space interpolation up to   110.00 Rydberg

     GIPAW job: efg                                                                             


     ELECTRIC FIELD GRADIENTS TENSORS IN Hartree/bohrradius^2:

     ----- bare term -----
     Cl   1       -0.054162       -0.040777       -0.117995
     Cl   1       -0.040777       -0.088762       -0.038065
     Cl   1       -0.117995       -0.038065        0.142925

     C    2       -0.552706        0.316251       -0.360088
     C    2        0.316251        0.245554       -0.292126
     C    2       -0.360088       -0.292126        0.307152

     C    3       -0.019276        0.134188       -0.195994
     C    3        0.134188       -0.387295       -0.435581
     C    3       -0.195994       -0.435581        0.406571

     H    4       -0.568084       -0.209735        0.037309
     H    4       -0.209735        0.439362       -0.189739
     H    4        0.037309       -0.189739        0.128721

     C    5       -0.824972        0.329323       -0.433189
     C    5        0.329323        0.298107       -0.038881
     C    5       -0.433189       -0.038881        0.526866

     H    6        0.426100        0.047861       -0.232514
     H    6        0.047861       -0.553873       -0.225834
     H    6       -0.232514       -0.225834        0.127772

     H    7        0.468660        0.033502       -0.009405
     H    7        0.033502       -0.143236        0.576083
     H    7       -0.009405        0.576083       -0.325424

     C    8       -0.198975       -0.143768       -0.268691
     C    8       -0.143768       -0.044113        0.464221
     C    8       -0.268691        0.464221        0.243088

     H    9       -0.324685        0.522853       -0.270387
     H    9        0.522853       -0.034531        0.106084
     H    9       -0.270387        0.106084        0.359217

     C   10       -0.540594       -0.386569       -0.284499
     C   10       -0.386569        0.223835        0.315347
     C   10       -0.284499        0.315347        0.316759

     C   11        0.008245       -0.085757       -0.076469
     C   11       -0.085757       -0.018128        0.469466
     C   11       -0.076469        0.469466        0.009883

     Cl  12        0.091553       -0.104970        0.056968
     Cl  12       -0.104970        0.121440       -0.179991
     Cl  12        0.056968       -0.179991       -0.212993

     H   13        0.427432       -0.233093        0.030001
     H   13       -0.233093       -0.762638        0.064082
     H   13        0.030001        0.064082        0.335205

     C   14       -0.024612       -0.067582       -0.189696
     C   14       -0.067582       -0.091086       -0.273624
     C   14       -0.189696       -0.273624        0.115697

     H   15       -0.329073       -0.504937        0.050784
     H   15       -0.504937        0.068514        0.162526
     H   15        0.050784        0.162526        0.260559

     C   16       -0.356643        0.236023        0.025761
     C   16        0.236023        0.013388       -0.193081
     C   16        0.025761       -0.193081        0.343255

     C   17       -0.053510        0.003150       -0.261470
     C   17        0.003150        0.061361       -0.712761
     C   17       -0.261470       -0.712761       -0.007851

     Cl  18       -0.249127        0.251153        0.013082
     Cl  18        0.251153        0.128522        0.143033
     Cl  18        0.013082        0.143033        0.120604

     H   19        0.548525        0.001021       -0.032962
     H   19        0.001021       -0.189784        0.290456
     H   19       -0.032962        0.290456       -0.358741

     C   20       -0.750171       -0.360585       -0.265524
     C   20       -0.360585        0.434536        0.254077
     C   20       -0.265524        0.254077        0.315634

     H   21       -0.581396        0.108952        0.045274
     H   21        0.108952        0.422507        0.260861
     H   21        0.045274        0.260861        0.158889

     C   22       -0.016624       -0.140702       -0.195530
     C   22       -0.140702       -0.169218        0.541775
     C   22       -0.195530        0.541775        0.185842

     C   23       -0.715052       -0.362931       -0.374342
     C   23       -0.362931        0.339415        0.096814
     C   23       -0.374342        0.096814        0.375637

     Cl  24       -0.108534        0.033049       -0.024097
     Cl  24        0.033049       -0.096656       -0.049171
     Cl  24       -0.024097       -0.049171        0.205190

     ----- ionic term -----
     Cl   1        0.196586       -0.196883       -0.042137
     Cl   1       -0.196883       -0.066136        0.024511
     Cl   1       -0.042137        0.024511       -0.130450

     C    2        0.294110       -0.040146        0.119406
     C    2       -0.040146        0.174387        0.404040
     C    2        0.119406        0.404040       -0.468497

     C    3        0.197325       -0.167738        0.113753
     C    3       -0.167738        0.283502        0.354156
     C    3        0.113753        0.354156       -0.480827

     H    4        0.774011        0.473700        0.440184
     H    4        0.473700       -0.303550        0.222999
     H    4        0.440184        0.222999       -0.470461

     C    5        0.366506       -0.121222        0.196130
     C    5       -0.121222        0.154369        0.248018
     C    5        0.196130        0.248018       -0.520876

     H    6       -0.520936       -0.021012        0.009172
     H    6       -0.021012        0.956538        0.456250
     H    6        0.009172        0.456250       -0.435602

     H    7       -0.520135       -0.034274        0.041806
     H    7       -0.034274        0.303676       -0.828004
     H    7        0.041806       -0.828004        0.216459

     C    8        0.379251        0.174251        0.217435
     C    8        0.174251       -0.126338       -0.340026
     C    8        0.217435       -0.340026       -0.252913

     H    9        0.646749       -0.319263        0.634628
     H    9       -0.319263       -0.481555       -0.244719
     H    9        0.634628       -0.244719       -0.165194

     C   10        0.198810        0.215644        0.116191
     C   10        0.215644        0.020284       -0.425387
     C   10        0.116191       -0.425387       -0.219095

     C   11        0.175302        0.174584        0.092042
     C   11        0.174584        0.064025       -0.449151
     C   11        0.092042       -0.449151       -0.239327

     Cl  12        0.087933        0.196149       -0.036747
     Cl  12        0.196149        0.044026       -0.037803
     Cl  12       -0.036747       -0.037803       -0.131959

     H   13       -0.508244        0.165211        0.061759
     H   13        0.165211        0.707674        0.646129
     H   13        0.061759        0.646129       -0.199430

     C   14        0.313360       -0.058350        0.173834
     C   14       -0.058350        0.142611        0.298849
     C   14        0.173834        0.298849       -0.455971

     H   15        0.807788        0.291526        0.546761
     H   15        0.291526       -0.397857        0.194202
     H   15        0.546761        0.194202       -0.409931

     C   16        0.192658       -0.211723        0.143351
     C   16       -0.211723        0.292170        0.339267
     C   16        0.143351        0.339267       -0.484828

     C   17        0.280467       -0.067811        0.275098
     C   17       -0.067811        0.230605        0.316860
     C   17        0.275098        0.316860       -0.511073

     Cl  18        0.148530       -0.199234        0.054606
     Cl  18       -0.199234        0.023384       -0.027651
     Cl  18        0.054606       -0.027651       -0.171914

     H   19       -0.497641       -0.061045        0.050710
     H   19       -0.061045        0.517933       -0.778398
     H   19        0.050710       -0.778398       -0.020291

     C   20        0.355709        0.193615        0.104549
     C   20        0.193615       -0.013540       -0.342300
     C   20        0.104549       -0.342300       -0.342169

     H   21        0.819550       -0.478991        0.312239
     H   21       -0.478991       -0.333385       -0.192189
     H   21        0.312239       -0.192189       -0.486165

     C   22        0.250834        0.198374        0.019667
     C   22        0.198374        0.124699       -0.406874
     C   22        0.019667       -0.406874       -0.375533

     C   23        0.328917        0.188613        0.185337
     C   23        0.188613       -0.002182       -0.408790
     C   23        0.185337       -0.408790       -0.326735

     Cl  24        0.188149        0.233725       -0.042658
     Cl  24        0.233725       -0.035283       -0.028039
     Cl  24       -0.042658       -0.028039       -0.152866

     ----- GIPAW term -----
     Cl   1        0.633952       -2.044817       -1.602866
     Cl   1       -2.044817       -1.163360       -0.223086
     Cl   1       -1.602866       -0.223086        0.529408

     C    2       -0.131512       -0.052884       -0.053673
     C    2       -0.052884        0.256239       -0.043622
     C    2       -0.053673       -0.043622       -0.124727

     C    3       -0.100255       -0.028743       -0.053414
     C    3       -0.028743        0.004422        0.117895
     C    3       -0.053414        0.117895        0.095832

     H    4       -0.000000        0.000000        0.000000
     H    4        0.000000        0.000000        0.000000
     H    4        0.000000        0.000000        0.000000

     C    5       -0.227591        0.051957       -0.053907
     C    5        0.051957        0.139987        0.161363
     C    5       -0.053907        0.161363        0.087604

     H    6       -0.000000        0.000000        0.000000
     H    6        0.000000        0.000000        0.000000
     H    6        0.000000        0.000000        0.000000

     H    7       -0.000000        0.000000        0.000000
     H    7        0.000000        0.000000        0.000000
     H    7        0.000000        0.000000        0.000000

     C    8       -0.081014       -0.036517       -0.031339
     C    8       -0.036517        0.141181        0.069666
     C    8       -0.031339        0.069666       -0.060167

     H    9       -0.000000        0.000000        0.000000
     H    9        0.000000        0.000000        0.000000
     H    9        0.000000        0.000000        0.000000

     C   10       -0.179195       -0.149783       -0.089046
     C   10       -0.149783        0.240280        0.111092
     C   10       -0.089046        0.111092       -0.061085

     C   11       -0.008168       -0.035196       -0.047047
     C   11       -0.035196        0.070082        0.118746
     C   11       -0.047047        0.118746       -0.061914

     Cl  12       -0.488181        0.554221       -0.557878
     Cl  12        0.554221       -0.738748        0.873108
     Cl  12       -0.557878        0.873108        1.226929

     H   13       -0.000000        0.000000        0.000000
     H   13        0.000000        0.000000        0.000000
     H   13        0.000000        0.000000        0.000000

     C   14       -0.043446       -0.001630       -0.012764
     C   14       -0.001630        0.094240       -0.110001
     C   14       -0.012764       -0.110001       -0.050794

     H   15       -0.000000        0.000000        0.000000
     H   15        0.000000        0.000000        0.000000
     H   15        0.000000        0.000000        0.000000

     C   16       -0.109635        0.012155        0.006931
     C   16        0.012155        0.088637       -0.107182
     C   16        0.006931       -0.107182        0.020998

     C   17       -0.055815       -0.023169       -0.056262
     C   17       -0.023169        0.217226       -0.192199
     C   17       -0.056262       -0.192199       -0.161411

     Cl  18       -0.639273       -0.632455        0.197793
     Cl  18       -0.632455        1.671412        1.764849
     Cl  18        0.197793        1.764849       -1.032139

     H   19       -0.000000        0.000000        0.000000
     H   19        0.000000        0.000000        0.000000
     H   19        0.000000        0.000000        0.000000

     C   20       -0.220806       -0.041851       -0.020115
     C   20       -0.041851        0.278705        0.115336
     C   20       -0.020115        0.115336       -0.057899

     H   21       -0.000000        0.000000        0.000000
     H   21        0.000000        0.000000        0.000000
     H   21        0.000000        0.000000        0.000000

     C   22       -0.109768        0.015985       -0.031044
     C   22        0.015985        0.187992       -0.029561
     C   22       -0.031044       -0.029561       -0.078223

     C   23       -0.176248        0.036531       -0.052476
     C   23        0.036531        0.268713       -0.116899
     C   23       -0.052476       -0.116899       -0.092465

     Cl  24       -0.159288        2.076095       -0.573273
     Cl  24        2.076095       -1.150118       -0.728996
     Cl  24       -0.573273       -0.728996        1.309406

     ----- total EFG -----
     Cl   1        0.776376       -2.282476       -1.762998
     Cl   1       -2.282476       -1.318258       -0.236640
     Cl   1       -1.762998       -0.236640        0.541882

     C    2       -0.390109        0.223221       -0.294355
     C    2        0.223221        0.676181        0.068292
     C    2       -0.294355        0.068292       -0.286072

     C    3        0.077794       -0.062293       -0.135655
     C    3       -0.062293       -0.099370        0.036469
     C    3       -0.135655        0.036469        0.021576

     H    4        0.205927        0.263965        0.477494
     H    4        0.263965        0.135812        0.033260
     H    4        0.477494        0.033260       -0.341740

     C    5       -0.686057        0.260058       -0.290966
     C    5        0.260058        0.592463        0.370501
     C    5       -0.290966        0.370501        0.093594

     H    6       -0.094836        0.026849       -0.223342
     H    6        0.026849        0.402665        0.230416
     H    6       -0.223342        0.230416       -0.307829

     H    7       -0.051475       -0.000772        0.032401
     H    7       -0.000772        0.160440       -0.251921
     H    7        0.032401       -0.251921       -0.108965

     C    8        0.099262       -0.006035       -0.082595
     C    8       -0.006035       -0.029270        0.193861
     C    8       -0.082595        0.193861       -0.069993

     H    9        0.322063        0.203590        0.364240
     H    9        0.203590       -0.516086       -0.138635
     H    9        0.364240       -0.138635        0.194023

     C   10       -0.520979       -0.320708       -0.257355
     C   10       -0.320708        0.484399        0.001052
     C   10       -0.257355        0.001052        0.036580

     C   11        0.175379        0.053632       -0.031474
     C   11        0.053632        0.115979        0.139061
     C   11       -0.031474        0.139061       -0.291358

     Cl  12       -0.308695        0.645400       -0.537656
     Cl  12        0.645400       -0.573282        0.655315
     Cl  12       -0.537656        0.655315        0.881977

     H   13       -0.080812       -0.067882        0.091759
     H   13       -0.067882       -0.054964        0.710211
     H   13        0.091759        0.710211        0.135775

     C   14        0.245302       -0.127562       -0.028625
     C   14       -0.127562        0.145765       -0.084776
     C   14       -0.028625       -0.084776       -0.391067

     H   15        0.478715       -0.213411        0.597544
     H   15       -0.213411       -0.329343        0.356728
     H   15        0.597544        0.356728       -0.149373

     C   16       -0.273619        0.036454        0.176043
     C   16        0.036454        0.394195        0.039004
     C   16        0.176043        0.039004       -0.120576

     C   17        0.171143       -0.087830       -0.042634
     C   17       -0.087830        0.509192       -0.588099
     C   17       -0.042634       -0.588099       -0.680335

     Cl  18       -0.739870       -0.580536        0.265481
     Cl  18       -0.580536        1.823319        1.880231
     Cl  18        0.265481        1.880231       -1.083449

     H   19        0.050883       -0.060024        0.017748
     H   19       -0.060024        0.328149       -0.487942
     H   19        0.017748       -0.487942       -0.379032

     C   20       -0.615268       -0.208821       -0.181091
     C   20       -0.208821        0.699702        0.027113
     C   20       -0.181091        0.027113       -0.084434

     H   21        0.238154       -0.370039        0.357513
     H   21       -0.370039        0.089122        0.068672
     H   21        0.357513        0.068672       -0.327276

     C   22        0.124442        0.073658       -0.206907
     C   22        0.073658        0.143472        0.105340
     C   22       -0.206907        0.105340       -0.267914

     C   23       -0.562383       -0.137787       -0.241481
     C   23       -0.137787        0.605947       -0.428874
     C   23       -0.241481       -0.428874       -0.043563

     Cl  24       -0.079673        2.342869       -0.640027
     Cl  24        2.342869       -1.282058       -0.806207
     Cl  24       -0.640027       -0.806207        1.361730

     ----- total EFG (symmetrized) -----
     Cl   1        0.776376       -2.282476       -1.762998
     Cl   1       -2.282476       -1.318258       -0.236640
     Cl   1       -1.762998       -0.236640        0.541882

     C    2       -0.390109        0.223221       -0.294355
     C    2        0.223221        0.676181        0.068292
     C    2       -0.294355        0.068292       -0.286072

     C    3        0.077794       -0.062293       -0.135655
     C    3       -0.062293       -0.099370        0.036469
     C    3       -0.135655        0.036469        0.021576

     H    4        0.205927        0.263965        0.477494
     H    4        0.263965        0.135812        0.033260
     H    4        0.477494        0.033260       -0.341740

     C    5       -0.686057        0.260058       -0.290966
     C    5        0.260058        0.592463        0.370501
     C    5       -0.290966        0.370501        0.093594

     H    6       -0.094836        0.026849       -0.223342
     H    6        0.026849        0.402665        0.230416
     H    6       -0.223342        0.230416       -0.307829

     H    7       -0.051475       -0.000772        0.032401
     H    7       -0.000772        0.160440       -0.251921
     H    7        0.032401       -0.251921       -0.108965

     C    8        0.099262       -0.006035       -0.082595
     C    8       -0.006035       -0.029270        0.193861
     C    8       -0.082595        0.193861       -0.069993

     H    9        0.322063        0.203590        0.364240
     H    9        0.203590       -0.516086       -0.138635
     H    9        0.364240       -0.138635        0.194023

     C   10       -0.520979       -0.320708       -0.257355
     C   10       -0.320708        0.484399        0.001052
     C   10       -0.257355        0.001052        0.036580

     C   11        0.175379        0.053632       -0.031474
     C   11        0.053632        0.115979        0.139061
     C   11       -0.031474        0.139061       -0.291358

     Cl  12       -0.308695        0.645400       -0.537656
     Cl  12        0.645400       -0.573282        0.655315
     Cl  12       -0.537656        0.655315        0.881977

     H   13       -0.080812       -0.067882        0.091759
     H   13       -0.067882       -0.054964        0.710211
     H   13        0.091759        0.710211        0.135775

     C   14        0.245302       -0.127562       -0.028625
     C   14       -0.127562        0.145765       -0.084776
     C   14       -0.028625       -0.084776       -0.391067

     H   15        0.478715       -0.213411        0.597544
     H   15       -0.213411       -0.329343        0.356728
     H   15        0.597544        0.356728       -0.149373

     C   16       -0.273619        0.036454        0.176043
     C   16        0.036454        0.394195        0.039004
     C   16        0.176043        0.039004       -0.120576

     C   17        0.171143       -0.087830       -0.042634
     C   17       -0.087830        0.509192       -0.588099
     C   17       -0.042634       -0.588099       -0.680335

     Cl  18       -0.739870       -0.580536        0.265481
     Cl  18       -0.580536        1.823319        1.880231
     Cl  18        0.265481        1.880231       -1.083449

     H   19        0.050883       -0.060024        0.017748
     H   19       -0.060024        0.328149       -0.487942
     H   19        0.017748       -0.487942       -0.379032

     C   20       -0.615268       -0.208821       -0.181091
     C   20       -0.208821        0.699702        0.027113
     C   20       -0.181091        0.027113       -0.084434

     H   21        0.238154       -0.370039        0.357513
     H   21       -0.370039        0.089122        0.068672
     H   21        0.357513        0.068672       -0.327276

     C   22        0.124442        0.073658       -0.206907
     C   22        0.073658        0.143472        0.105340
     C   22       -0.206907        0.105340       -0.267914

     C   23       -0.562383       -0.137787       -0.241481
     C   23       -0.137787        0.605947       -0.428874
     C   23       -0.241481       -0.428874       -0.043563

     Cl  24       -0.079673        2.342869       -0.640027
     Cl  24        2.342869       -1.282058       -0.806207
     Cl  24       -0.640027       -0.806207        1.361730


     NQR/NMR SPECTROSCOPIC PARAMETERS:
     Cl   1    Vxx=    0.1270    axis=( -0.260761  0.542578 -0.798507)
     Cl   1    Vyy=    3.0476    axis=(  0.773885 -0.377004 -0.508891)
     Cl   1    Vzz=   -3.1746    axis=(  0.577153  0.750651  0.321585)
     Cl   1  Q=        -8.1650 1e-30 m^2  Cq=        60.9024 MHz  eta= 0.92002

     C    2    Vxx=   -0.0495    axis=( -0.606489  0.112486  0.787095)
     C    2    Vyy=   -0.6716    axis=( -0.770942  0.158934 -0.616757)
     C    2    Vzz=    0.7211    axis=( -0.194473 -0.980860 -0.009672)
     C    2  Q=         1.0000 1e-30 m^2  Cq=         1.6943 MHz  eta= 0.86271

     C    3    Vxx=   -0.0851    axis=(  0.532065 -0.317581  0.784888)
     C    3    Vyy=   -0.1198    axis=(  0.372407  0.920290  0.119918)
     C    3    Vzz=    0.2050    axis=( -0.760408  0.228493  0.607923)
     C    3  Q=         1.0000 1e-30 m^2  Cq=         0.4816 MHz  eta= 0.16923

     H    4    Vxx=    0.0221    axis=(  0.331680 -0.873886  0.355404)
     H    4    Vyy=    0.6112    axis=(  0.785114  0.464568  0.409601)
     H    4    Vzz=   -0.6333    axis=( -0.523054  0.143176  0.840188)
     H    4  Q=         1.0000 1e-30 m^2  Cq=        -1.4881 MHz  eta= 0.93021

     C    5    Vxx=    0.0808    axis=(  0.436797  0.371304 -0.819355)
     C    5    Vyy=    0.7962    axis=( -0.070002 -0.894047 -0.442470)
     C    5    Vzz=   -0.8770    axis=(  0.896832 -0.250626  0.364525)
     C    5  Q=         1.0000 1e-30 m^2  Cq=        -2.0606 MHz  eta= 0.81571

     H    6    Vxx=    0.0247    axis=(  0.872574  0.207594 -0.442176)
     H    6    Vyy=    0.4736    axis=(  0.073484 -0.950687 -0.301319)
     H    6    Vzz=   -0.4984    axis=(  0.482923 -0.230431  0.844800)
     H    6  Q=         1.0000 1e-30 m^2  Cq=        -1.1709 MHz  eta= 0.90075

     H    7    Vxx=   -0.0488    axis=(  0.990565  0.106910  0.085742)
     H    7    Vyy=   -0.2635    axis=( -0.128465  0.506457  0.852642)
     H    7    Vzz=    0.3122    axis=(  0.047732 -0.855612  0.515412)
     H    7  Q=         1.0000 1e-30 m^2  Cq=         0.7336 MHz  eta= 0.68772

     C    8    Vxx=    0.0653    axis=( -0.792637 -0.537929 -0.286983)
     C    8    Vyy=    0.1888    axis=(  0.587176 -0.546766 -0.596884)
     C    8    Vzz=   -0.2541    axis=(  0.164169 -0.641622  0.749246)
     C    8  Q=         1.0000 1e-30 m^2  Cq=        -0.5970 MHz  eta= 0.48633

     H    9    Vxx=   -0.0036    axis=( -0.550815 -0.414742  0.724287)
     H    9    Vyy=   -0.6284    axis=(  0.304821 -0.907815 -0.288020)
     H    9    Vzz=    0.6320    axis=(  0.776973  0.062132  0.626461)
     H    9  Q=         1.0000 1e-30 m^2  Cq=         1.4850 MHz  eta= 0.98863

     C   10    Vxx=    0.1093    axis=( -0.265500 -0.229622  0.936367)
     C   10    Vyy=    0.5886    axis=( -0.305477  0.941218  0.144196)
     C   10    Vzz=   -0.6979    axis=( -0.914436 -0.247755 -0.320038)
     C   10  Q=         1.0000 1e-30 m^2  Cq=        -1.6399 MHz  eta= 0.68681

     C   11    Vxx=    0.1262    axis=( -0.614039  0.733801  0.290675)
     C   11    Vyy=    0.2122    axis=(  0.784175  0.608993  0.119153)
     C   11    Vzz=   -0.3384    axis=(  0.089584 -0.301105  0.949374)
     C   11  Q=         1.0000 1e-30 m^2  Cq=        -0.7952 MHz  eta= 0.25429

     Cl  12    Vxx=    0.2178    axis=(  0.774061  0.633107  0.001948)
     Cl  12    Vyy=    1.1951    axis=( -0.220778  0.267045  0.938053)
     Cl  12    Vzz=   -1.4129    axis=(  0.593368 -0.726541  0.346486)
     Cl  12  Q=        -8.1650 1e-30 m^2  Cq=        27.1058 MHz  eta= 0.69166

     H   13    Vxx=   -0.0613    axis=(  0.983528 -0.153541  0.095378)
     H   13    Vyy=   -0.6964    axis=(  0.178353  0.738650 -0.650066)
     H   13    Vzz=    0.7577    axis=(  0.029360  0.656369  0.753868)
     H   13  Q=         1.0000 1e-30 m^2  Cq=         1.7803 MHz  eta= 0.83815

     C   14    Vxx=    0.0745    axis=(  0.568762  0.802322 -0.181078)
     C   14    Vyy=    0.3333    axis=(  0.818992 -0.572756  0.034668)
     C   14    Vzz=   -0.4078    axis=(  0.075899  0.168020  0.982857)
     C   14  Q=         1.0000 1e-30 m^2  Cq=        -0.9581 MHz  eta= 0.63474

     H   15    Vxx=    0.0056    axis=(  0.325860 -0.778702 -0.536133)
     H   15    Vyy=    0.8397    axis=( -0.855650 -0.001728 -0.517552)
     H   15    Vzz=   -0.8453    axis=(  0.402092  0.627392 -0.666859)
     H   15  Q=         1.0000 1e-30 m^2  Cq=        -1.9861 MHz  eta= 0.98683

     C   16    Vxx=   -0.0120    axis=(  0.541211 -0.128383  0.831029)
     C   16    Vyy=   -0.3892    axis=(  0.837076 -0.011721 -0.546960)
     C   16    Vzz=    0.4011    axis=(  0.079961  0.991655  0.101123)
     C   16  Q=         1.0000 1e-30 m^2  Cq=         0.9425 MHz  eta= 0.94040

     C   17    Vxx=    0.1687    axis=(  0.991637  0.077311 -0.103341)
     C   17    Vyy=    0.7581    axis=( -0.110712  0.921081 -0.373300)
     C   17    Vzz=   -0.9268    axis=(  0.066325  0.381619  0.921937)
     C   17  Q=         1.0000 1e-30 m^2  Cq=        -2.1777 MHz  eta= 0.63588

     Cl  18    Vxx=   -0.6132    axis=(  0.936482 -0.045251  0.347785)
     Cl  18    Vyy=   -2.1801    axis=(  0.331233  0.440037 -0.834657)
     Cl  18    Vzz=    2.7933    axis=( -0.115270  0.896839  0.427075)
     Cl  18  Q=        -8.1650 1e-30 m^2  Cq=       -53.5881 MHz  eta= 0.56093

     H   19    Vxx=    0.0440    axis=(  0.993263  0.094395 -0.067211)
     H   19    Vyy=    0.5842    axis=(  0.114629 -0.885347  0.450578)
     H   19    Vzz=   -0.6282    axis=( -0.016973 -0.455247 -0.890203)
     H   19  Q=         1.0000 1e-30 m^2  Cq=        -1.4761 MHz  eta= 0.85999

     C   20    Vxx=   -0.0382    axis=( -0.261413 -0.109222  0.959028)
     C   20    Vyy=   -0.6976    axis=( -0.951653 -0.136881 -0.274991)
     C   20    Vzz=    0.7358    axis=(  0.161308 -0.984548 -0.068159)
     C   20  Q=         1.0000 1e-30 m^2  Cq=         1.7288 MHz  eta= 0.89627

     H   21    Vxx=   -0.0202    axis=( -0.328843 -0.764842 -0.553967)
     H   21    Vyy=   -0.5857    axis=( -0.501820 -0.355405  0.788583)
     H   21    Vzz=    0.6060    axis=( -0.800024  0.537312 -0.266941)
     H   21  Q=         1.0000 1e-30 m^2  Cq=         1.4238 MHz  eta= 0.93321

     C   22    Vxx=    0.1611    axis=(  0.316400 -0.874603 -0.367368)
     C   22    Vyy=    0.2257    axis=( -0.863192 -0.426054  0.270884)
     C   22    Vzz=   -0.3868    axis=(  0.393435 -0.231402  0.889754)
     C   22  Q=         1.0000 1e-30 m^2  Cq=        -0.9088 MHz  eta= 0.16716

     C   23    Vxx=   -0.0928    axis=(  0.508604 -0.375321 -0.774891)
     C   23    Vyy=   -0.7265    axis=( -0.860915 -0.234359 -0.451554)
     C   23    Vzz=    0.8193    axis=( -0.012125  0.896777 -0.442316)
     C   23  Q=         1.0000 1e-30 m^2  Cq=         1.9251 MHz  eta= 0.77349

     Cl  24    Vxx=    0.5421    axis=(  0.537707  0.352001  0.766137)
     Cl  24    Vyy=    2.5715    axis=(  0.589698  0.492438 -0.640125)
     Cl  24    Vzz=   -3.1137    axis=( -0.602600  0.795990  0.057213)
     Cl  24  Q=        -8.1650 1e-30 m^2  Cq=        59.7340 MHz  eta= 0.65178

     Initialization:
     gipaw_setup  :      9.15s CPU     10.88s WALL (       1 calls)

     Linear response

     Apply operators

     Induced current

     Other routines
     efg          :      9.29s CPU     12.26s WALL (       1 calls)

     General routines
     calbec       :      3.30s CPU      4.40s WALL (      16 calls)
     fft          :      1.37s CPU      1.56s WALL (      15 calls)
     ffts         :      0.04s CPU      0.05s WALL (       2 calls)
     fftw         :      3.32s CPU      4.33s WALL (     672 calls)
     davcio       :      0.02s CPU      0.31s WALL (      32 calls)

     Parallel routines
     fft_scatter  :      2.01s CPU      2.95s WALL (     689 calls)

     Plugins

     GIPAW        :     62.97s CPU     75.41s WALL (       1 calls)
