
     Program QE v.6.0 (svn rev. 13079) starts on 11Jan2017 at  6:31:56 

     This program is part of the open-source Quantum ESPRESSO suite
     for quantum simulation of materials; please cite
         "P. Giannozzi et al., J. Phys.:Condens. Matter 21 395502 (2009);
          URL http://www.quantum-espresso.org", 
     in publications or presentations arising from this work. More details at
     http://www.quantum-espresso.org/quote

     Parallel version (MPI), running on     8 processors
     R & G space division:  proc/nbgrp/npool/nimage =       8

     ***** This is GIPAW svn revision unknown      *****

     Parallelizing q-star over 1 images

     Reading data from directory:
     /users/majewski/paradichlorobenzene/pbe/9_constraint/scratch/pbe.ecut100.np8.dt60.pcl2phi-129368.save
     Message from routine read_xml_file:
     file /users/majewski/paradichlorobenzene/pbe/9_constraint/scratch/pbe.ecut100.np8.dt60.pcl2phi-129368.save not guaranteed to be safe for post-processing

   Info: using nr1, nr2, nr3 values from input

   Info: using nr1, nr2, nr3 values from input

     IMPORTANT: XC functional enforced from input :
     Exchange-correlation      =  SLA  PW   PBX  PBC ( 1  4  3  4 0 0)
     Any further DFT definition will be discarded
     Please, verify this is what you really want

               file C.pbe-n-kjpaw_psl.1.0.0.UPF: wavefunction(s)  2S 2P renormalized
               file Cl.pbe-n-kjpaw_psl.1.0.0.UPF: wavefunction(s)  3S 3P renormalized
               file H.pbe-kjpaw_psl.1.0.0.UPF: wavefunction(s)  1S renormalized

     Parallelization info
     --------------------
     sticks:   dense  smooth     PW     G-vecs:    dense   smooth      PW
     Min        3057    1223    332               144436    36536    5170
     Max        3059    1225    333               144437    36537    5171
     Sum       24467    9791   2657              1155489   292295   41363


     Subspace diagonalization in iterative solution of the eigenvalue problem:
     a serial algorithm will be used

     GIPAW projectors -----------------------------------------------
     atom=  C    l=0  rc=    1.2000  rs=    0.8000
     atom=  C    l=0  rc=    1.2000  rs=    0.8000
     atom=  C    l=1  rc=    1.4000  rs=    0.9333
     atom=  C    l=1  rc=    1.4000  rs=    0.9333
     projs nearly linearly dependent: l=1  n1,n2= 1, 2  s=  0.99951561

     atom=  Cl   l=0  rc=    1.6000  rs=    1.0667
     atom=  Cl   l=0  rc=    1.6000  rs=    1.0667
     atom=  Cl   l=1  rc=    1.6000  rs=    1.0667
     atom=  Cl   l=1  rc=    1.6000  rs=    1.0667
     atom=  Cl   l=2  rc=    1.6000  rs=    1.0667
     atom=  Cl   l=2  rc=    1.6000  rs=    1.0667
     projs nearly linearly dependent: l=2  n1,n2= 1, 2  s=  0.99993509

     atom=  H    l=0  rc=    1.0000  rs=    0.6667
     atom=  H    l=0  rc=    1.0000  rs=    0.6667
     projs nearly linearly dependent: l=0  n1,n2= 1, 2  s=  0.99968852
     -----------------------------------------------------------------

     GIPAW integrals: -------------------------------------------
     Atom  i/j   nmr_para   nmr_dia   epr_rmc  epr_para   epr_dia
       C   1 1   0.83E+03  0.17E-01  0.93E+01  0.24E+08  0.24E+03
       C   2 1   0.86E+03 -0.61E-01  0.94E+01  0.25E+08  0.25E+03
       C   2 2   0.90E+03 -0.15E+00  0.97E+01  0.26E+08  0.26E+03
       C   3 3   0.33E+01  0.34E+00  0.18E+01  0.55E+03  0.21E+02
       C   4 3   0.35E+01  0.37E+00  0.20E+01  0.59E+03  0.22E+02
       C   4 4   0.38E+01  0.39E+00  0.22E+01  0.63E+03  0.24E+02
       Cl  1 1   0.14E+04 -0.47E+00  0.84E+01  0.32E+09  0.42E+03
       Cl  2 1   0.21E+04 -0.37E+00  0.12E+02  0.49E+09  0.65E+03
       Cl  2 2   0.33E+04 -0.16E+00  0.21E+02  0.76E+09  0.10E+04
       Cl  3 3   0.21E+02  0.79E-01  0.89E+01  0.23E+05  0.13E+03
       Cl  4 3   0.24E+02  0.67E-01  0.99E+01  0.27E+05  0.15E+03
       Cl  4 4   0.28E+02  0.44E-01  0.11E+02  0.32E+05  0.18E+03
       Cl  5 5   0.77E+00  0.19E+00  0.18E+01  0.12E+03  0.22E+02
       Cl  6 5   0.80E+00  0.19E+00  0.19E+01  0.12E+03  0.23E+02
       Cl  6 6   0.83E+00  0.20E+00  0.19E+01  0.12E+03  0.23E+02
       H   1 1   0.39E+02  0.19E+00  0.29E+00  0.78E+05  0.13E+02
       H   2 1   0.41E+02  0.21E+00  0.32E+00  0.82E+05  0.14E+02
       H   2 2   0.43E+02  0.22E+00  0.36E+00  0.86E+05  0.15E+02
     ------------------------------------------------------------

     alpha_pv=     34.1878 eV

     Number of occupied bands for each k-point:
     k-point:     1    nbnd_occ=  42
     k-point:     2    nbnd_occ=  42
     k-point:     3    nbnd_occ=  42
     k-point:     4    nbnd_occ=  42
     k-point:     5    nbnd_occ=  42
     k-point:     6    nbnd_occ=  42
     k-point:     7    nbnd_occ=  42
     k-point:     8    nbnd_occ=  42
     k-point:     9    nbnd_occ=  42
     k-point:    10    nbnd_occ=  42
     k-point:    11    nbnd_occ=  42
     k-point:    12    nbnd_occ=  42
     k-point:    13    nbnd_occ=  42
     k-point:    14    nbnd_occ=  42
     k-point:    15    nbnd_occ=  42
     k-point:    16    nbnd_occ=  42


     q-space interpolation up to   110.00 Rydberg

     GIPAW job: efg                                                                             


     ELECTRIC FIELD GRADIENTS TENSORS IN Hartree/bohrradius^2:

     ----- bare term -----
     Cl   1       -0.044387       -0.037443        0.065802
     Cl   1       -0.037443       -0.065023        0.111672
     Cl   1        0.065802        0.111672        0.109410

     C    2       -0.429162        0.258569       -0.426172
     C    2        0.258569        0.191163       -0.300871
     C    2       -0.426172       -0.300871        0.237999

     C    3        0.043716        0.515054       -0.084729
     C    3        0.515054       -0.324210       -0.552957
     C    3       -0.084729       -0.552957        0.280494

     H    4       -0.060823       -0.156254       -0.440701
     H    4       -0.156254        0.298906        0.137032
     H    4       -0.440701        0.137032       -0.238084

     C    5       -0.510946        0.208522       -0.392410
     C    5        0.208522        0.048250       -0.311055
     C    5       -0.392410       -0.311055        0.462696

     H    6        0.409326       -0.040590       -0.012149
     H    6       -0.040590       -0.330870       -0.512029
     H    6       -0.012149       -0.512029       -0.078456

     H    7        0.376867        0.221209        0.055292
     H    7        0.221209       -0.576195       -0.279788
     H    7        0.055292       -0.279788        0.199328

     C    8       -0.280096        0.081895       -0.186557
     C    8        0.081895       -0.011655        0.070165
     C    8       -0.186557        0.070165        0.291751

     H    9       -0.220035        0.344550        0.223168
     H    9        0.344550        0.073034       -0.171382
     H    9        0.223168       -0.171382        0.147001

     C   10        0.149345       -0.210545        0.148412
     C   10       -0.210545       -0.208092        0.073729
     C   10        0.148412        0.073729        0.058747

     C   11       -0.307686        0.210198       -0.249113
     C   11        0.210198       -0.047260        0.554110
     C   11       -0.249113        0.554110        0.354945

     Cl  12       -0.150887       -0.182565        0.006500
     Cl  12       -0.182565       -0.025862        0.032492
     Cl  12        0.006500        0.032492        0.176749

     H   13        0.504226       -0.025511        0.012301
     H   13       -0.025511        0.011824       -0.454357
     H   13        0.012301       -0.454357       -0.516049

     C   14       -0.245024        0.255301       -0.162516
     C   14        0.255301       -0.325873       -0.384391
     C   14       -0.162516       -0.384391        0.570897

     H   15        0.141472       -0.070970       -0.362824
     H   15       -0.070970        0.421069        0.108294
     H   15       -0.362824        0.108294       -0.562541

     C   16       -0.267229        0.222511       -0.251707
     C   16        0.222511       -0.115602       -0.330605
     C   16       -0.251707       -0.330605        0.382831

     C   17       -0.072461        0.009824       -0.376733
     C   17        0.009824       -0.428493       -0.456962
     C   17       -0.376733       -0.456962        0.500954

     Cl  18       -0.180464        0.096925       -0.081516
     Cl  18        0.096925       -0.125478        0.022422
     Cl  18       -0.081516        0.022422        0.305942

     H   19        0.026531        0.462034        0.192834
     H   19        0.462034       -0.410326        0.072076
     H   19        0.192834        0.072076        0.383795

     C   20       -0.242424       -0.397172       -0.411756
     C   20       -0.397172       -0.247597        0.195259
     C   20       -0.411756        0.195259        0.490021

     H   21       -0.395462        0.359794        0.211298
     H   21        0.359794        0.197375       -0.090530
     H   21        0.211298       -0.090530        0.198086

     C   22        0.002432        0.032295       -0.207498
     C   22        0.032295       -0.290718        0.344749
     C   22       -0.207498        0.344749        0.288286

     C   23       -0.318716       -0.208888       -0.325017
     C   23       -0.208888       -0.052993        0.378708
     C   23       -0.325017        0.378708        0.371709

     Cl  24       -0.108755        0.004454        0.015351
     Cl  24        0.004454       -0.084458       -0.058409
     Cl  24        0.015351       -0.058409        0.193213

     ----- ionic term -----
     Cl   1        0.082088       -0.215721        0.055888
     Cl   1       -0.215721        0.082187       -0.041308
     Cl   1        0.055888       -0.041308       -0.164275

     C    2        0.008647       -0.298666        0.356554
     C    2       -0.298666        0.204801        0.288701
     C    2        0.356554        0.288701       -0.213449

     C    3        0.023630       -0.295631        0.245320
     C    3       -0.295631        0.226706        0.348024
     C    3        0.245320        0.348024       -0.250336

     H    4        0.354313        0.151632        0.792975
     H    4        0.151632       -0.457978        0.204600
     H    4        0.792975        0.204600        0.103665

     C    5        0.163396       -0.189433        0.340067
     C    5       -0.189433        0.033087        0.308836
     C    5        0.340067        0.308836       -0.196483

     H    6       -0.525264        0.086324        0.048964
     H    6        0.086324        0.437504        0.774645
     H    6        0.048964        0.774645        0.087760

     H    7       -0.485495       -0.230886        0.048380
     H    7       -0.230886        0.970263       -0.400334
     H    7        0.048380       -0.400334       -0.484768

     C    8        0.421413        0.051750        0.041710
     C    8        0.051750        0.188512       -0.224623
     C    8        0.041710       -0.224623       -0.609925

     H    9        0.831430       -0.533322        0.205236
     H    9       -0.533322       -0.225358       -0.128064
     H    9        0.205236       -0.128064       -0.606072

     C   10        0.170182        0.128157        0.014245
     C   10        0.128157        0.414503       -0.354401
     C   10        0.014245       -0.354401       -0.584686

     C   11        0.245836        0.036085        0.057384
     C   11        0.036085        0.344328       -0.344437
     C   11        0.057384       -0.344437       -0.590164

     Cl  12        0.150736        0.191442       -0.016820
     Cl  12        0.191442        0.007410       -0.017500
     Cl  12       -0.016820       -0.017500       -0.158146

     H   13       -0.544144        0.020967        0.047359
     H   13        0.020967        0.534849        0.752457
     H   13        0.047359        0.752457        0.009295

     C   14        0.124372       -0.304240        0.325786
     C   14       -0.304240        0.058646        0.251626
     C   14        0.325786        0.251626       -0.183018

     H   15        0.383674        0.147579        0.791776
     H   15        0.147579       -0.499202        0.207750
     H   15        0.791776        0.207750        0.115528

     C   16        0.010432       -0.313790        0.243064
     C   16       -0.313790        0.166595        0.409815
     C   16        0.243064        0.409815       -0.177027

     C   17        0.115924       -0.213246        0.329007
     C   17       -0.213246        0.055170        0.458773
     C   17        0.329007        0.458773       -0.171094

     Cl  18        0.151807       -0.222136        0.012002
     Cl  18       -0.222136       -0.000373        0.000649
     Cl  18        0.012002        0.000649       -0.151434

     H   19       -0.469368       -0.307283        0.096526
     H   19       -0.307283        0.860900       -0.479900
     H   19        0.096526       -0.479900       -0.391532

     C   20        0.390792       -0.002457        0.040421
     C   20       -0.002457        0.159059       -0.246163
     C   20        0.040421       -0.246163       -0.549851

     H   21        0.779163       -0.575908        0.244431
     H   21       -0.575908       -0.232167       -0.157410
     H   21        0.244431       -0.157410       -0.546996

     C   22        0.217768        0.037794        0.012507
     C   22        0.037794        0.320523       -0.300480
     C   22        0.012507       -0.300480       -0.538290

     C   23        0.330089       -0.008107        0.022333
     C   23       -0.008107        0.261859       -0.310193
     C   23        0.022333       -0.310193       -0.591948

     Cl  24        0.111228        0.208699       -0.064134
     Cl  24        0.208699        0.023929       -0.036152
     Cl  24       -0.064134       -0.036152       -0.135156

     ----- GIPAW term -----
     Cl   1        0.324782        0.472893       -0.955522
     Cl   1        0.472893        0.749791       -1.278279
     Cl   1       -0.955522       -1.278279       -1.074573

     C    2       -0.049969        0.025709       -0.061338
     C    2        0.025709        0.179087       -0.009197
     C    2       -0.061338       -0.009197       -0.129118

     C    3        0.025567        0.196599        0.009638
     C    3        0.196599        0.024150       -0.058318
     C    3        0.009638       -0.058318       -0.049717

     H    4       -0.000000        0.000000        0.000000
     H    4        0.000000        0.000000        0.000000
     H    4        0.000000        0.000000        0.000000

     C    5       -0.082617        0.045442       -0.031415
     C    5        0.045442       -0.007621       -0.028591
     C    5       -0.031415       -0.028591        0.090238

     H    6       -0.000000        0.000000        0.000000
     H    6        0.000000        0.000000        0.000000
     H    6        0.000000        0.000000        0.000000

     H    7       -0.000000        0.000000        0.000000
     H    7        0.000000        0.000000        0.000000
     H    7        0.000000        0.000000        0.000000

     C    8       -0.063250        0.018528        0.004815
     C    8        0.018528       -0.026430        0.056730
     C    8        0.004815        0.056730        0.089681

     H    9       -0.000000        0.000000        0.000000
     H    9        0.000000        0.000000        0.000000
     H    9        0.000000        0.000000        0.000000

     C   10        0.014432       -0.005410        0.021452
     C   10       -0.005410       -0.009571       -0.009386
     C   10        0.021452       -0.009386       -0.004861

     C   11       -0.099235        0.128804        0.020119
     C   11        0.128804       -0.057081        0.189906
     C   11        0.020119        0.189906        0.156316

     Cl  12       -0.964365        1.002782        0.229931
     Cl  12        1.002782       -1.005756        1.513764
     Cl  12        0.229931        1.513764        1.970121

     H   13       -0.000000        0.000000        0.000000
     H   13        0.000000        0.000000        0.000000
     H   13        0.000000        0.000000        0.000000

     C   14       -0.115295        0.033105       -0.013777
     C   14        0.033105       -0.195965       -0.076941
     C   14       -0.013777       -0.076941        0.311260

     H   15       -0.000000        0.000000        0.000000
     H   15        0.000000        0.000000        0.000000
     H   15        0.000000        0.000000        0.000000

     C   16       -0.149540        0.027851       -0.098750
     C   16        0.027851       -0.081270       -0.122695
     C   16       -0.098750       -0.122695        0.230811

     C   17       -0.041000       -0.107100       -0.116159
     C   17       -0.107100       -0.170933       -0.049152
     C   17       -0.116159       -0.049152        0.211933

     Cl  18       -0.206644       -1.662329       -0.730288
     Cl  18       -1.662329       -1.110961        0.221799
     Cl  18       -0.730288        0.221799        1.317605

     H   19       -0.000000        0.000000        0.000000
     H   19        0.000000        0.000000        0.000000
     H   19        0.000000        0.000000        0.000000

     C   20        0.085260       -0.064538       -0.216155
     C   20       -0.064538       -0.157940        0.020312
     C   20       -0.216155        0.020312        0.072680

     H   21       -0.000000        0.000000        0.000000
     H   21        0.000000        0.000000        0.000000
     H   21        0.000000        0.000000        0.000000

     C   22        0.008920        0.008236       -0.152399
     C   22        0.008236       -0.100823        0.037113
     C   22       -0.152399        0.037113        0.091903

     C   23        0.026511        0.136871       -0.073245
     C   23        0.136871        0.025895        0.032122
     C   23       -0.073245        0.032122       -0.052406

     Cl  24       -0.444581        1.802741       -0.121151
     Cl  24        1.802741       -1.193857       -0.994865
     Cl  24       -0.121151       -0.994865        1.638438

     ----- total EFG -----
     Cl   1        0.362483        0.219728       -0.833832
     Cl   1        0.219728        0.766954       -1.207915
     Cl   1       -0.833832       -1.207915       -1.129437

     C    2       -0.470484       -0.014388       -0.130956
     C    2       -0.014388        0.575052       -0.021367
     C    2       -0.130956       -0.021367       -0.104568

     C    3        0.092914        0.416022        0.170229
     C    3        0.416022       -0.073355       -0.263252
     C    3        0.170229       -0.263252       -0.019559

     H    4        0.293491       -0.004621        0.352274
     H    4       -0.004621       -0.159072        0.341632
     H    4        0.352274        0.341632       -0.134419

     C    5       -0.430167        0.064531       -0.083758
     C    5        0.064531        0.073717       -0.030810
     C    5       -0.083758       -0.030810        0.356451

     H    6       -0.115938        0.045734        0.036815
     H    6        0.045734        0.106634        0.262616
     H    6        0.036815        0.262616        0.009304

     H    7       -0.108628       -0.009677        0.103672
     H    7       -0.009677        0.394068       -0.680122
     H    7        0.103672       -0.680122       -0.285440

     C    8        0.078067        0.152174       -0.140033
     C    8        0.152174        0.150427       -0.097728
     C    8       -0.140033       -0.097728       -0.228494

     H    9        0.611395       -0.188771        0.428404
     H    9       -0.188771       -0.152324       -0.299446
     H    9        0.428404       -0.299446       -0.459071

     C   10        0.333959       -0.087798        0.184109
     C   10       -0.087798        0.196840       -0.290058
     C   10        0.184109       -0.290058       -0.530799

     C   11       -0.161084        0.375087       -0.171610
     C   11        0.375087        0.239987        0.399579
     C   11       -0.171610        0.399579       -0.078903

     Cl  12       -0.964516        1.011658        0.219611
     Cl  12        1.011658       -1.024209        1.528757
     Cl  12        0.219611        1.528757        1.988724

     H   13       -0.039918       -0.004544        0.059660
     H   13       -0.004544        0.546672        0.298100
     H   13        0.059660        0.298100       -0.506754

     C   14       -0.235946       -0.015834        0.149494
     C   14       -0.015834       -0.463193       -0.209707
     C   14        0.149494       -0.209707        0.699139

     H   15        0.525146        0.076608        0.428952
     H   15        0.076608       -0.078133        0.316044
     H   15        0.428952        0.316044       -0.447012

     C   16       -0.406338       -0.063428       -0.107393
     C   16       -0.063428       -0.030278       -0.043485
     C   16       -0.107393       -0.043485        0.436615

     C   17        0.002463       -0.310522       -0.163885
     C   17       -0.310522       -0.544256       -0.047341
     C   17       -0.163885       -0.047341        0.541793

     Cl  18       -0.235300       -1.787539       -0.799802
     Cl  18       -1.787539       -1.236812        0.244871
     Cl  18       -0.799802        0.244871        1.472113

     H   19       -0.442837        0.154752        0.289360
     H   19        0.154752        0.450574       -0.407824
     H   19        0.289360       -0.407824       -0.007737

     C   20        0.233627       -0.464168       -0.587491
     C   20       -0.464168       -0.246477       -0.030592
     C   20       -0.587491       -0.030592        0.012850

     H   21        0.383701       -0.216114        0.455728
     H   21       -0.216114       -0.034791       -0.247940
     H   21        0.455728       -0.247940       -0.348910

     C   22        0.229120        0.078325       -0.347391
     C   22        0.078325       -0.071018        0.081382
     C   22       -0.347391        0.081382       -0.158101

     C   23        0.037884       -0.080123       -0.375929
     C   23       -0.080123        0.234762        0.100636
     C   23       -0.375929        0.100636       -0.272645

     Cl  24       -0.442108        2.015894       -0.169934
     Cl  24        2.015894       -1.254387       -1.089426
     Cl  24       -0.169934       -1.089426        1.696494

     ----- total EFG (symmetrized) -----
     Cl   1        0.362483        0.219728       -0.833832
     Cl   1        0.219728        0.766954       -1.207915
     Cl   1       -0.833832       -1.207915       -1.129437

     C    2       -0.470484       -0.014388       -0.130956
     C    2       -0.014388        0.575052       -0.021367
     C    2       -0.130956       -0.021367       -0.104568

     C    3        0.092914        0.416022        0.170229
     C    3        0.416022       -0.073355       -0.263252
     C    3        0.170229       -0.263252       -0.019559

     H    4        0.293491       -0.004621        0.352274
     H    4       -0.004621       -0.159072        0.341632
     H    4        0.352274        0.341632       -0.134419

     C    5       -0.430167        0.064531       -0.083758
     C    5        0.064531        0.073717       -0.030810
     C    5       -0.083758       -0.030810        0.356451

     H    6       -0.115938        0.045734        0.036815
     H    6        0.045734        0.106634        0.262616
     H    6        0.036815        0.262616        0.009304

     H    7       -0.108628       -0.009677        0.103672
     H    7       -0.009677        0.394068       -0.680122
     H    7        0.103672       -0.680122       -0.285440

     C    8        0.078067        0.152174       -0.140033
     C    8        0.152174        0.150427       -0.097728
     C    8       -0.140033       -0.097728       -0.228494

     H    9        0.611395       -0.188771        0.428404
     H    9       -0.188771       -0.152324       -0.299446
     H    9        0.428404       -0.299446       -0.459071

     C   10        0.333959       -0.087798        0.184109
     C   10       -0.087798        0.196840       -0.290058
     C   10        0.184109       -0.290058       -0.530799

     C   11       -0.161084        0.375087       -0.171610
     C   11        0.375087        0.239987        0.399579
     C   11       -0.171610        0.399579       -0.078903

     Cl  12       -0.964516        1.011658        0.219611
     Cl  12        1.011658       -1.024209        1.528757
     Cl  12        0.219611        1.528757        1.988724

     H   13       -0.039918       -0.004544        0.059660
     H   13       -0.004544        0.546672        0.298100
     H   13        0.059660        0.298100       -0.506754

     C   14       -0.235946       -0.015834        0.149494
     C   14       -0.015834       -0.463193       -0.209707
     C   14        0.149494       -0.209707        0.699139

     H   15        0.525146        0.076608        0.428952
     H   15        0.076608       -0.078133        0.316044
     H   15        0.428952        0.316044       -0.447012

     C   16       -0.406338       -0.063428       -0.107393
     C   16       -0.063428       -0.030278       -0.043485
     C   16       -0.107393       -0.043485        0.436615

     C   17        0.002463       -0.310522       -0.163885
     C   17       -0.310522       -0.544256       -0.047341
     C   17       -0.163885       -0.047341        0.541793

     Cl  18       -0.235300       -1.787539       -0.799802
     Cl  18       -1.787539       -1.236812        0.244871
     Cl  18       -0.799802        0.244871        1.472113

     H   19       -0.442837        0.154752        0.289360
     H   19        0.154752        0.450574       -0.407824
     H   19        0.289360       -0.407824       -0.007737

     C   20        0.233627       -0.464168       -0.587491
     C   20       -0.464168       -0.246477       -0.030592
     C   20       -0.587491       -0.030592        0.012850

     H   21        0.383701       -0.216114        0.455728
     H   21       -0.216114       -0.034791       -0.247940
     H   21        0.455728       -0.247940       -0.348910

     C   22        0.229120        0.078325       -0.347391
     C   22        0.078325       -0.071018        0.081382
     C   22       -0.347391        0.081382       -0.158101

     C   23        0.037884       -0.080123       -0.375929
     C   23       -0.080123        0.234762        0.100636
     C   23       -0.375929        0.100636       -0.272645

     Cl  24       -0.442108        2.015894       -0.169934
     Cl  24        2.015894       -1.254387       -1.089426
     Cl  24       -0.169934       -1.089426        1.696494


     NQR/NMR SPECTROSCOPIC PARAMETERS:
     Cl   1    Vxx=    0.2816    axis=(  0.850721 -0.522705 -0.055260)
     Cl   1    Vyy=    1.6314    axis=( -0.440312 -0.766119  0.468175)
     Cl   1    Vzz=   -1.9130    axis=( -0.287053 -0.373955 -0.881906)
     Cl   1  Q=        -8.1650 1e-30 m^2  Cq=        36.7006 MHz  eta= 0.70556

     C    2    Vxx=   -0.0629    axis=( -0.306620  0.024953  0.951505)
     C    2    Vyy=   -0.5129    axis=(  0.951779  0.018601  0.306220)
     C    2    Vzz=    0.5758    axis=( -0.010058  0.999516 -0.029453)
     C    2  Q=         1.0000 1e-30 m^2  Cq=         1.3530 MHz  eta= 0.78143

     C    3    Vxx=    0.1485    axis=(  0.388319 -0.304103  0.869902)
     C    3    Vyy=    0.4377    axis=( -0.745029 -0.659166  0.102143)
     C    3    Vzz=   -0.5861    axis=(  0.542348 -0.687766 -0.482532)
     C    3  Q=         1.0000 1e-30 m^2  Cq=        -1.3771 MHz  eta= 0.49341

     H    4    Vxx=    0.0307    axis=(  0.531051 -0.743774 -0.405937)
     H    4    Vyy=    0.5368    axis=( -0.791769 -0.264936 -0.550373)
     H    4    Vzz=   -0.5675    axis=(  0.301806  0.613685 -0.729592)
     H    4  Q=         1.0000 1e-30 m^2  Cq=        -1.3334 MHz  eta= 0.89186

     C    5    Vxx=    0.0761    axis=( -0.102573 -0.984982 -0.138889)
     C    5    Vyy=    0.3701    axis=(  0.113389  0.127137 -0.985383)
     C    5    Vzz=   -0.4462    axis=(  0.988242 -0.116822  0.098646)
     C    5  Q=         1.0000 1e-30 m^2  Cq=        -1.0483 MHz  eta= 0.65890

     H    6    Vxx=   -0.1236    axis=( -0.991490  0.092773  0.091328)
     H    6    Vyy=   -0.2091    axis=(  0.010830 -0.640327  0.768026)
     H    6    Vzz=    0.3327    axis=( -0.129732 -0.762479 -0.633873)
     H    6  Q=         1.0000 1e-30 m^2  Cq=         0.7818 MHz  eta= 0.25702

     H    7    Vxx=   -0.1015    axis=(  0.988410  0.129040  0.079962)
     H    7    Vyy=   -0.7173    axis=( -0.135808  0.516273  0.845588)
     H    7    Vzz=    0.8188    axis=(  0.067832 -0.846647  0.527814)
     H    7  Q=         1.0000 1e-30 m^2  Cq=         1.9240 MHz  eta= 0.75208

     C    8    Vxx=   -0.0336    axis=(  0.712747 -0.680262 -0.170984)
     C    8    Vyy=   -0.2864    axis=( -0.320553 -0.099081 -0.942034)
     C    8    Vzz=    0.3200    axis=(  0.623889  0.726242 -0.288679)
     C    8  Q=         1.0000 1e-30 m^2  Cq=         0.7519 MHz  eta= 0.79014

     H    9    Vxx=   -0.1358    axis=(  0.388915  0.873277 -0.293483)
     H    9    Vyy=   -0.7060    axis=( -0.230885  0.400786  0.886602)
     H    9    Vzz=    0.8418    axis=(  0.891873 -0.277051  0.357498)
     H    9  Q=         1.0000 1e-30 m^2  Cq=         1.9778 MHz  eta= 0.67744

     C   10    Vxx=    0.1821    axis=(  0.625022  0.766010 -0.150254)
     C   10    Vyy=    0.4719    axis=( -0.766419  0.565654 -0.304364)
     C   10    Vzz=   -0.6540    axis=( -0.148154  0.305391  0.940631)
     C   10  Q=         1.0000 1e-30 m^2  Cq=        -1.5366 MHz  eta= 0.44310

     C   11    Vxx=    0.0501    axis=(  0.708215  0.077655 -0.701713)
     C   11    Vyy=    0.5855    axis=( -0.327041 -0.844774 -0.423558)
     C   11    Vzz=   -0.6356    axis=(  0.625680 -0.529459  0.572885)
     C   11  Q=         1.0000 1e-30 m^2  Cq=        -1.4934 MHz  eta= 0.84243

     Cl  12    Vxx=   -0.4734    axis=( -0.804692 -0.469540  0.363322)
     Cl  12    Vyy=   -2.2549    axis=( -0.570107  0.781910 -0.252179)
     Cl  12    Vzz=    2.7282    axis=(  0.165677  0.410059  0.896885)
     Cl  12  Q=        -8.1650 1e-30 m^2  Cq=       -52.3400 MHz  eta= 0.65299

     H   13    Vxx=   -0.0338    axis=(  0.994222 -0.042777  0.098455)
     H   13    Vyy=   -0.5915    axis=(  0.106102  0.252323 -0.961808)
     H   13    Vzz=    0.6254    axis=(  0.016301  0.966697  0.255404)
     H   13  Q=         1.0000 1e-30 m^2  Cq=         1.4693 MHz  eta= 0.89185

     C   14    Vxx=   -0.2582    axis=(  0.987953  0.066582 -0.139696)
     C   14    Vyy=   -0.5003    axis=( -0.041234  0.983335  0.177064)
     C   14    Vzz=    0.7584    axis=(  0.149158 -0.169171  0.974235)
     C   14  Q=         1.0000 1e-30 m^2  Cq=         1.7820 MHz  eta= 0.31926

     H   15    Vxx=   -0.0069    axis=(  0.359434 -0.887860 -0.287250)
     H   15    Vyy=   -0.7250    axis=(  0.276360  0.395291 -0.875996)
     H   15    Vzz=    0.7318    axis=(  0.891309  0.235478  0.387450)
     H   15  Q=         1.0000 1e-30 m^2  Cq=         1.7196 MHz  eta= 0.98115

     C   16    Vxx=   -0.0212    axis=(  0.176378 -0.982949 -0.051990)
     C   16    Vyy=   -0.4315    axis=(  0.977180  0.168502  0.129328)
     C   16    Vzz=    0.4527    axis=( -0.118362 -0.073615  0.990238)
     C   16  Q=         1.0000 1e-30 m^2  Cq=         1.0636 MHz  eta= 0.90635

     C   17    Vxx=    0.1055    axis=(  0.859230 -0.430747  0.276007)
     C   17    Vyy=    0.5892    axis=( -0.287873  0.038901  0.956878)
     C   17    Vzz=   -0.6947    axis=( -0.422910 -0.901634 -0.090576)
     C   17  Q=         1.0000 1e-30 m^2  Cq=        -1.6322 MHz  eta= 0.69629

     Cl  18    Vxx=    0.5019    axis=( -0.590176  0.519763 -0.617688)
     Cl  18    Vyy=    2.1117    axis=( -0.523129  0.336521  0.783000)
     Cl  18    Vzz=   -2.6136    axis=( -0.614839 -0.785239 -0.073297)
     Cl  18  Q=        -8.1650 1e-30 m^2  Cq=        50.1405 MHz  eta= 0.61594

     H   19    Vxx=   -0.0024    axis=(  0.596924  0.414525  0.686914)
     H   19    Vyy=   -0.6870    axis=(  0.802203 -0.295188 -0.518975)
     H   19    Vzz=    0.6894    axis=(  0.012359 -0.860833  0.508738)
     H   19  Q=         1.0000 1e-30 m^2  Cq=         1.6197 MHz  eta= 0.99307

     C   20    Vxx=   -0.1064    axis=(  0.173592 -0.721391  0.670418)
     C   20    Vyy=   -0.7284    axis=( -0.605319 -0.615136 -0.505170)
     C   20    Vzz=    0.8347    axis=( -0.776823  0.318123  0.543455)
     C   20  Q=         1.0000 1e-30 m^2  Cq=         1.9612 MHz  eta= 0.74518

     H   21    Vxx=   -0.1226    axis=(  0.447665  0.891072 -0.074748)
     H   21    Vyy=   -0.6018    axis=( -0.359024  0.255668  0.897628)
     H   21    Vzz=    0.7244    axis=(  0.818962 -0.375000  0.434370)
     H   21  Q=         1.0000 1e-30 m^2  Cq=         1.7020 MHz  eta= 0.66159

     C   22    Vxx=   -0.0356    axis=(  0.115429  0.946502  0.301348)
     C   22    Vyy=   -0.3991    axis=( -0.488858  0.318223 -0.812251)
     C   22    Vzz=    0.4346    axis=( -0.864693 -0.053559  0.499437)
     C   22  Q=         1.0000 1e-30 m^2  Cq=         1.0212 MHz  eta= 0.83638

     C   23    Vxx=    0.1379    axis=(  0.547803  0.776550 -0.311257)
     C   23    Vyy=    0.3883    axis=( -0.631589  0.627857  0.454853)
     C   23    Vzz=   -0.5262    axis=(  0.548641 -0.052583  0.834403)
     C   23  Q=         1.0000 1e-30 m^2  Cq=        -1.2363 MHz  eta= 0.47582

     Cl  24    Vxx=    0.6466    axis=(  0.708034  0.429641  0.560443)
     Cl  24    Vyy=    2.3766    axis=( -0.370533 -0.449578  0.812764)
     Cl  24    Vzz=   -3.0232    axis=(  0.601159 -0.783127 -0.159120)
     Cl  24  Q=        -8.1650 1e-30 m^2  Cq=        57.9990 MHz  eta= 0.57222

     Initialization:
     gipaw_setup  :      9.05s CPU     10.95s WALL (       1 calls)

     Linear response

     Apply operators

     Induced current

     Other routines
     efg          :      9.09s CPU     11.43s WALL (       1 calls)

     General routines
     calbec       :      3.14s CPU      4.07s WALL (      16 calls)
     fft          :      1.53s CPU      2.33s WALL (      15 calls)
     ffts         :      0.03s CPU      0.05s WALL (       2 calls)
     fftw         :      3.28s CPU      3.92s WALL (     672 calls)
     davcio       :      0.02s CPU      0.32s WALL (      32 calls)

     Parallel routines
     fft_scatter  :      2.15s CPU      3.47s WALL (     689 calls)

     Plugins

     GIPAW        :     60.86s CPU     72.86s WALL (       1 calls)
