
     Program QE v.6.0 (svn rev. 13079) starts on 21Jan2017 at 23:54:44 

     This program is part of the open-source Quantum ESPRESSO suite
     for quantum simulation of materials; please cite
         "P. Giannozzi et al., J. Phys.:Condens. Matter 21 395502 (2009);
          URL http://www.quantum-espresso.org", 
     in publications or presentations arising from this work. More details at
     http://www.quantum-espresso.org/quote

     Parallel version (MPI), running on     8 processors
     R & G space division:  proc/nbgrp/npool/nimage =       8

     ***** This is GIPAW svn revision unknown      *****

     Parallelizing q-star over 1 images

     Reading data from directory:
     /users/majewski/paradichlorobenzene/pbe/9_constraint/scratch/pbe.ecut100.np8.dt60.pcl2phi-129368.save
     Message from routine read_xml_file:
     file /users/majewski/paradichlorobenzene/pbe/9_constraint/scratch/pbe.ecut100.np8.dt60.pcl2phi-129368.save not guaranteed to be safe for post-processing

   Info: using nr1, nr2, nr3 values from input

   Info: using nr1, nr2, nr3 values from input

     IMPORTANT: XC functional enforced from input :
     Exchange-correlation      =  SLA  PW   PBX  PBC ( 1  4  3  4 0 0)
     Any further DFT definition will be discarded
     Please, verify this is what you really want

               file C.pbe-n-kjpaw_psl.1.0.0.UPF: wavefunction(s)  2S 2P renormalized
               file Cl.pbe-n-kjpaw_psl.1.0.0.UPF: wavefunction(s)  3S 3P renormalized
               file H.pbe-kjpaw_psl.1.0.0.UPF: wavefunction(s)  1S renormalized

     Parallelization info
     --------------------
     sticks:   dense  smooth     PW     G-vecs:    dense   smooth      PW
     Min        3057    1223    332               144436    36536    5170
     Max        3059    1225    333               144437    36537    5171
     Sum       24467    9791   2657              1155489   292295   41363


     Subspace diagonalization in iterative solution of the eigenvalue problem:
     a serial algorithm will be used

     GIPAW projectors -----------------------------------------------
     atom=  C    l=0  rc=    1.2000  rs=    0.8000
     atom=  C    l=0  rc=    1.2000  rs=    0.8000
     atom=  C    l=1  rc=    1.4000  rs=    0.9333
     atom=  C    l=1  rc=    1.4000  rs=    0.9333
     projs nearly linearly dependent: l=1  n1,n2= 1, 2  s=  0.99951561

     atom=  Cl   l=0  rc=    1.6000  rs=    1.0667
     atom=  Cl   l=0  rc=    1.6000  rs=    1.0667
     atom=  Cl   l=1  rc=    1.6000  rs=    1.0667
     atom=  Cl   l=1  rc=    1.6000  rs=    1.0667
     atom=  Cl   l=2  rc=    1.6000  rs=    1.0667
     atom=  Cl   l=2  rc=    1.6000  rs=    1.0667
     projs nearly linearly dependent: l=2  n1,n2= 1, 2  s=  0.99993509

     atom=  H    l=0  rc=    1.0000  rs=    0.6667
     atom=  H    l=0  rc=    1.0000  rs=    0.6667
     projs nearly linearly dependent: l=0  n1,n2= 1, 2  s=  0.99968852
     -----------------------------------------------------------------

     GIPAW integrals: -------------------------------------------
     Atom  i/j   nmr_para   nmr_dia   epr_rmc  epr_para   epr_dia
       C   1 1   0.83E+03  0.17E-01  0.93E+01  0.24E+08  0.24E+03
       C   2 1   0.86E+03 -0.61E-01  0.94E+01  0.25E+08  0.25E+03
       C   2 2   0.90E+03 -0.15E+00  0.97E+01  0.26E+08  0.26E+03
       C   3 3   0.33E+01  0.34E+00  0.18E+01  0.55E+03  0.21E+02
       C   4 3   0.35E+01  0.37E+00  0.20E+01  0.59E+03  0.22E+02
       C   4 4   0.38E+01  0.39E+00  0.22E+01  0.63E+03  0.24E+02
       Cl  1 1   0.14E+04 -0.47E+00  0.84E+01  0.32E+09  0.42E+03
       Cl  2 1   0.21E+04 -0.37E+00  0.12E+02  0.49E+09  0.65E+03
       Cl  2 2   0.33E+04 -0.16E+00  0.21E+02  0.76E+09  0.10E+04
       Cl  3 3   0.21E+02  0.79E-01  0.89E+01  0.23E+05  0.13E+03
       Cl  4 3   0.24E+02  0.67E-01  0.99E+01  0.27E+05  0.15E+03
       Cl  4 4   0.28E+02  0.44E-01  0.11E+02  0.32E+05  0.18E+03
       Cl  5 5   0.77E+00  0.19E+00  0.18E+01  0.12E+03  0.22E+02
       Cl  6 5   0.80E+00  0.19E+00  0.19E+01  0.12E+03  0.23E+02
       Cl  6 6   0.83E+00  0.20E+00  0.19E+01  0.12E+03  0.23E+02
       H   1 1   0.39E+02  0.19E+00  0.29E+00  0.78E+05  0.13E+02
       H   2 1   0.41E+02  0.21E+00  0.32E+00  0.82E+05  0.14E+02
       H   2 2   0.43E+02  0.22E+00  0.36E+00  0.86E+05  0.15E+02
     ------------------------------------------------------------

     alpha_pv=     33.7801 eV

     Number of occupied bands for each k-point:
     k-point:     1    nbnd_occ=  42
     k-point:     2    nbnd_occ=  42
     k-point:     3    nbnd_occ=  42
     k-point:     4    nbnd_occ=  42
     k-point:     5    nbnd_occ=  42
     k-point:     6    nbnd_occ=  42
     k-point:     7    nbnd_occ=  42
     k-point:     8    nbnd_occ=  42
     k-point:     9    nbnd_occ=  42
     k-point:    10    nbnd_occ=  42
     k-point:    11    nbnd_occ=  42
     k-point:    12    nbnd_occ=  42
     k-point:    13    nbnd_occ=  42
     k-point:    14    nbnd_occ=  42
     k-point:    15    nbnd_occ=  42
     k-point:    16    nbnd_occ=  42


     q-space interpolation up to   110.00 Rydberg

     GIPAW job: efg                                                                             


     ELECTRIC FIELD GRADIENTS TENSORS IN Hartree/bohrradius^2:

     ----- bare term -----
     Cl   1       -0.037255        0.022146        0.052771
     Cl   1        0.022146        0.036381        0.125133
     Cl   1        0.052771        0.125133        0.000874

     C    2       -0.799431        0.313724       -0.294544
     C    2        0.313724        0.228562       -0.024178
     C    2       -0.294544       -0.024178        0.570868

     C    3        0.044731        0.095894       -0.151251
     C    3        0.095894       -0.463405       -0.394668
     C    3       -0.151251       -0.394668        0.418674

     H    4       -0.513447       -0.023685       -0.307878
     H    4       -0.023685        0.263085       -0.327084
     H    4       -0.307878       -0.327084        0.250362

     C    5       -0.901419        0.337895       -0.476790
     C    5        0.337895        0.349963        0.056865
     C    5       -0.476790        0.056865        0.551456

     H    6        0.308797       -0.037536       -0.062230
     H    6       -0.037536       -0.547939       -0.635825
     H    6       -0.062230       -0.635825        0.239142

     H    7        0.363841        0.197417       -0.118436
     H    7        0.197417       -0.477134        0.539625
     H    7       -0.118436        0.539625        0.113293

     C    8       -0.216304        0.045550       -0.366288
     C    8        0.045550       -0.026855        0.492669
     C    8       -0.366288        0.492669        0.243159

     H    9       -0.173227        0.177353       -0.420611
     H    9        0.177353        0.439419        0.095251
     H    9       -0.420611        0.095251       -0.266192

     C   10       -0.104142       -0.450254       -0.185814
     C   10       -0.450254       -0.317298        0.417382
     C   10       -0.185814        0.417382        0.421440

     C   11       -0.033510        0.390662       -0.373244
     C   11        0.390662       -0.111880        0.662968
     C   11       -0.373244        0.662968        0.145390

     Cl  12       -0.081464       -0.116839        0.101242
     Cl  12       -0.116839       -0.088573        0.008119
     Cl  12        0.101242        0.008119        0.170037

     H   13        0.460715       -0.069873       -0.026822
     H   13       -0.069873       -0.568735       -0.584359
     H   13       -0.026822       -0.584359        0.108020

     C   14       -0.108257        0.103866       -0.193786
     C   14        0.103866       -0.201388       -0.297199
     C   14       -0.193786       -0.297199        0.309645

     H   15       -0.030147       -0.364423       -0.318300
     H   15       -0.364423       -0.329923       -0.270292
     H   15       -0.318300       -0.270292        0.360070

     C   16       -0.766996        0.359700       -0.347554
     C   16        0.359700        0.339725       -0.041694
     C   16       -0.347554       -0.041694        0.427271

     C   17        0.008198       -0.094290       -0.286437
     C   17       -0.094290       -0.203414       -0.446665
     C   17       -0.286437       -0.446665        0.195216

     Cl  18       -0.211886        0.254626        0.027684
     Cl  18        0.254626        0.139832        0.125466
     Cl  18        0.027684        0.125466        0.072054

     H   19        0.500957       -0.005986        0.028123
     H   19       -0.005986        0.104136        0.131277
     H   19        0.028123        0.131277       -0.605093

     C   20       -0.420212       -0.316916        0.014335
     C   20       -0.316916        0.191092        0.181176
     C   20        0.014335        0.181176        0.229120

     H   21        0.167056        0.002455       -0.264075
     H   21        0.002455        0.185626       -0.216080
     H   21       -0.264075       -0.216080       -0.352682

     C   22        0.354869       -0.023503       -0.068429
     C   22       -0.023503       -0.138272        0.041001
     C   22       -0.068429        0.041001       -0.216597

     C   23       -0.416998       -0.385872       -0.267811
     C   23       -0.385872        0.086668        0.118072
     C   23       -0.267811        0.118072        0.330330

     Cl  24        0.185629        0.120316        0.040838
     Cl  24        0.120316       -0.305717       -0.274502
     Cl  24        0.040838       -0.274502        0.120088

     ----- ionic term -----
     Cl   1        0.132715       -0.218390        0.024306
     Cl   1       -0.218390        0.022478       -0.005929
     Cl   1        0.024306       -0.005929       -0.155193

     C    2        0.246548       -0.144651        0.274381
     C    2       -0.144651        0.106499        0.388613
     C    2        0.274381        0.388613       -0.353047

     C    3        0.164475       -0.236408        0.180416
     C    3       -0.236408        0.164253        0.406417
     C    3        0.180416        0.406417       -0.328728

     H    4        0.561725        0.317990        0.686364
     H    4        0.317990       -0.406298        0.266333
     H    4        0.686364        0.266333       -0.155428

     C    5        0.335653       -0.161471        0.258526
     C    5       -0.161471        0.031140        0.324576
     C    5        0.258526        0.324576       -0.366793

     H    6       -0.510822        0.143162        0.091305
     H    6        0.143162        0.600268        0.735965
     H    6        0.091305        0.735965       -0.089445

     H    7       -0.505147       -0.193175        0.160501
     H    7       -0.193175        0.535124       -0.741731
     H    7        0.160501       -0.741731       -0.029976

     C    8        0.141660        0.259219        0.355664
     C    8        0.259219        0.027779       -0.250907
     C    8        0.355664       -0.250907       -0.169439

     H    9        0.453078       -0.144754        0.777928
     H    9       -0.144754       -0.507645       -0.185145
     H    9        0.777928       -0.185145        0.054567

     C   10        0.018060        0.267211        0.244721
     C   10        0.267211        0.147964       -0.396880
     C   10        0.244721       -0.396880       -0.166024

     C   11        0.065868        0.186903        0.374336
     C   11        0.186903        0.012296       -0.404318
     C   11        0.374336       -0.404318       -0.078164

     Cl  12        0.105759        0.169560        0.006102
     Cl  12        0.169560        0.017974       -0.007471
     Cl  12        0.006102       -0.007471       -0.123732

     H   13       -0.507968        0.073611        0.054675
     H   13        0.073611        0.713863        0.684127
     H   13        0.054675        0.684127       -0.205895

     C   14        0.373515       -0.194198        0.232315
     C   14       -0.194198        0.050583        0.320215
     C   14        0.232315        0.320215       -0.424098

     H   15        0.623697        0.462175        0.575254
     H   15        0.462175       -0.300706        0.275349
     H   15        0.575254        0.275349       -0.322991

     C   16        0.202362       -0.226899        0.137531
     C   16       -0.226899        0.201639        0.402510
     C   16        0.137531        0.402510       -0.404001

     C   17        0.269053       -0.130222        0.261651
     C   17       -0.130222        0.082133        0.380117
     C   17        0.261651        0.380117       -0.351186

     Cl  18        0.144066       -0.179553        0.008727
     Cl  18       -0.179553       -0.005580       -0.003391
     Cl  18        0.008727       -0.003391       -0.138486

     H   19       -0.539428        0.020349       -0.000823
     H   19        0.020349        0.360686       -0.798404
     H   19       -0.000823       -0.798404        0.178742

     C   20        0.122511        0.271002        0.368540
     C   20        0.271002       -0.011869       -0.262159
     C   20        0.368540       -0.262159       -0.110642

     H   21        0.220655       -0.121446        0.811579
     H   21       -0.121446       -0.473542       -0.204123
     H   21        0.811579       -0.204123        0.252887

     C   22       -0.040021        0.298194        0.253856
     C   22        0.298194        0.136406       -0.352247
     C   22        0.253856       -0.352247       -0.096385

     C   23        0.081759        0.329121        0.342317
     C   23        0.329121        0.051242       -0.335184
     C   23        0.342317       -0.335184       -0.133000

     Cl  24        0.098212        0.249075        0.019778
     Cl  24        0.249075        0.052013        0.005591
     Cl  24        0.019778        0.005591       -0.150225

     ----- GIPAW term -----
     Cl   1       -0.144797       -1.317374        0.401727
     Cl   1       -1.317374        1.179187        2.063047
     Cl   1        0.401727        2.063047       -1.034390

     C    2       -0.181661       -0.012897       -0.013478
     C    2       -0.012897        0.040398        0.187236
     C    2       -0.013478        0.187236        0.141264

     C    3       -0.114559       -0.036579       -0.037463
     C    3       -0.036579       -0.000056        0.184101
     C    3       -0.037463        0.184101        0.114615

     H    4       -0.000000        0.000000        0.000000
     H    4        0.000000        0.000000        0.000000
     H    4        0.000000        0.000000        0.000000

     C    5       -0.229836       -0.012446       -0.095611
     C    5       -0.012446        0.147546        0.215565
     C    5       -0.095611        0.215565        0.082291

     H    6       -0.000000        0.000000        0.000000
     H    6        0.000000        0.000000        0.000000
     H    6        0.000000        0.000000        0.000000

     H    7       -0.000000        0.000000        0.000000
     H    7        0.000000        0.000000        0.000000
     H    7        0.000000        0.000000        0.000000

     C    8       -0.050777        0.092516       -0.062703
     C    8        0.092516        0.099480        0.093116
     C    8       -0.062703        0.093116       -0.048704

     H    9       -0.000000        0.000000        0.000000
     H    9        0.000000        0.000000        0.000000
     H    9        0.000000        0.000000        0.000000

     C   10        0.071394       -0.046476       -0.053322
     C   10       -0.046476       -0.089713        0.047053
     C   10       -0.053322        0.047053        0.018319

     C   11        0.134513        0.271941        0.049053
     C   11        0.271941       -0.046483        0.148150
     C   11        0.049053        0.148150       -0.088030

     Cl  12        1.022895        1.718944        0.821859
     Cl  12        1.718944       -0.628363        0.049238
     Cl  12        0.821859        0.049238       -0.394533

     H   13       -0.000000        0.000000        0.000000
     H   13        0.000000        0.000000        0.000000
     H   13        0.000000        0.000000        0.000000

     C   14       -0.121652        0.008280       -0.013545
     C   14        0.008280        0.077511        0.147424
     C   14       -0.013545        0.147424        0.044141

     H   15       -0.000000        0.000000        0.000000
     H   15        0.000000        0.000000        0.000000
     H   15        0.000000        0.000000        0.000000

     C   16       -0.255720        0.002184       -0.077463
     C   16        0.002184        0.270493        0.151097
     C   16       -0.077463        0.151097       -0.014773

     C   17       -0.058916       -0.128585       -0.039243
     C   17       -0.128585        0.114059        0.137673
     C   17       -0.039243        0.137673       -0.055143

     Cl  18       -0.383831       -0.323321        0.358264
     Cl  18       -0.323321        1.794984        1.557240
     Cl  18        0.358264        1.557240       -1.411154

     H   19       -0.000000        0.000000        0.000000
     H   19        0.000000        0.000000        0.000000
     H   19        0.000000        0.000000        0.000000

     C   20       -0.100316        0.019386        0.049307
     C   20        0.019386        0.087320        0.111770
     C   20        0.049307        0.111770        0.012997

     H   21       -0.000000        0.000000        0.000000
     H   21        0.000000        0.000000        0.000000
     H   21        0.000000        0.000000        0.000000

     C   22        0.026646        0.007849       -0.000894
     C   22        0.007849        0.008342       -0.025489
     C   22       -0.000894       -0.025489       -0.034988

     C   23       -0.079783       -0.023972       -0.030958
     C   23       -0.023972        0.113342        0.076821
     C   23       -0.030958        0.076821       -0.033559

     Cl  24        0.139144        0.184018       -0.501196
     Cl  24        0.184018        0.824879        0.910370
     Cl  24       -0.501196        0.910370       -0.964023

     ----- total EFG -----
     Cl   1       -0.049337       -1.513618        0.478804
     Cl   1       -1.513618        1.238046        2.182252
     Cl   1        0.478804        2.182252       -1.188710

     C    2       -0.734544        0.156176       -0.033641
     C    2        0.156176        0.375459        0.551672
     C    2       -0.033641        0.551672        0.359086

     C    3        0.094647       -0.177093       -0.008298
     C    3       -0.177093       -0.299208        0.195850
     C    3       -0.008298        0.195850        0.204561

     H    4        0.048278        0.294305        0.378486
     H    4        0.294305       -0.143212       -0.060751
     H    4        0.378486       -0.060751        0.094934

     C    5       -0.795602        0.163978       -0.313874
     C    5        0.163978        0.528649        0.597006
     C    5       -0.313874        0.597006        0.266953

     H    6       -0.202026        0.105626        0.029075
     H    6        0.105626        0.052329        0.100140
     H    6        0.029075        0.100140        0.149697

     H    7       -0.141306        0.004242        0.042065
     H    7        0.004242        0.057989       -0.202107
     H    7        0.042065       -0.202107        0.083316

     C    8       -0.125421        0.397286       -0.073327
     C    8        0.397286        0.100405        0.334879
     C    8       -0.073327        0.334879        0.025016

     H    9        0.279852        0.032599        0.357317
     H    9        0.032599       -0.068226       -0.089894
     H    9        0.357317       -0.089894       -0.211626

     C   10       -0.014688       -0.229519        0.005585
     C   10       -0.229519       -0.259047        0.067555
     C   10        0.005585        0.067555        0.273735

     C   11        0.166871        0.849506        0.050145
     C   11        0.849506       -0.146067        0.406800
     C   11        0.050145        0.406800       -0.020804

     Cl  12        1.047190        1.771665        0.929203
     Cl  12        1.771665       -0.698962        0.049886
     Cl  12        0.929203        0.049886       -0.348227

     H   13       -0.047253        0.003738        0.027853
     H   13        0.003738        0.145128        0.099767
     H   13        0.027853        0.099767       -0.097875

     C   14        0.143606       -0.082052        0.024984
     C   14       -0.082052       -0.073294        0.170441
     C   14        0.024984        0.170441       -0.070312

     H   15        0.593550        0.097752        0.256954
     H   15        0.097752       -0.630629        0.005057
     H   15        0.256954        0.005057        0.037079

     C   16       -0.820354        0.134984       -0.287486
     C   16        0.134984        0.811857        0.511914
     C   16       -0.287486        0.511914        0.008497

     C   17        0.218335       -0.353097       -0.064030
     C   17       -0.353097       -0.007222        0.071125
     C   17       -0.064030        0.071125       -0.211113

     Cl  18       -0.451651       -0.248248        0.394675
     Cl  18       -0.248248        1.929237        1.679315
     Cl  18        0.394675        1.679315       -1.477585

     H   19       -0.038471        0.014363        0.027300
     H   19        0.014363        0.464822       -0.667126
     H   19        0.027300       -0.667126       -0.426351

     C   20       -0.398017       -0.026527        0.432182
     C   20       -0.026527        0.266543        0.030787
     C   20        0.432182        0.030787        0.131474

     H   21        0.387711       -0.118991        0.547504
     H   21       -0.118991       -0.287915       -0.420203
     H   21        0.547504       -0.420203       -0.099795

     C   22        0.341494        0.282539        0.184533
     C   22        0.282539        0.006477       -0.336735
     C   22        0.184533       -0.336735       -0.347971

     C   23       -0.415022       -0.080724        0.043547
     C   23       -0.080724        0.251252       -0.140291
     C   23        0.043547       -0.140291        0.163770

     Cl  24        0.422985        0.553409       -0.440580
     Cl  24        0.553409        0.571175        0.641459
     Cl  24       -0.440580        0.641459       -0.994160

     ----- total EFG (symmetrized) -----
     Cl   1       -0.049337       -1.513618        0.478804
     Cl   1       -1.513618        1.238046        2.182252
     Cl   1        0.478804        2.182252       -1.188710

     C    2       -0.734544        0.156176       -0.033641
     C    2        0.156176        0.375459        0.551672
     C    2       -0.033641        0.551672        0.359086

     C    3        0.094647       -0.177093       -0.008298
     C    3       -0.177093       -0.299208        0.195850
     C    3       -0.008298        0.195850        0.204561

     H    4        0.048278        0.294305        0.378486
     H    4        0.294305       -0.143212       -0.060751
     H    4        0.378486       -0.060751        0.094934

     C    5       -0.795602        0.163978       -0.313874
     C    5        0.163978        0.528649        0.597006
     C    5       -0.313874        0.597006        0.266953

     H    6       -0.202026        0.105626        0.029075
     H    6        0.105626        0.052329        0.100140
     H    6        0.029075        0.100140        0.149697

     H    7       -0.141306        0.004242        0.042065
     H    7        0.004242        0.057989       -0.202107
     H    7        0.042065       -0.202107        0.083316

     C    8       -0.125421        0.397286       -0.073327
     C    8        0.397286        0.100405        0.334879
     C    8       -0.073327        0.334879        0.025016

     H    9        0.279852        0.032599        0.357317
     H    9        0.032599       -0.068226       -0.089894
     H    9        0.357317       -0.089894       -0.211626

     C   10       -0.014688       -0.229519        0.005585
     C   10       -0.229519       -0.259047        0.067555
     C   10        0.005585        0.067555        0.273735

     C   11        0.166871        0.849506        0.050145
     C   11        0.849506       -0.146067        0.406800
     C   11        0.050145        0.406800       -0.020804

     Cl  12        1.047190        1.771665        0.929203
     Cl  12        1.771665       -0.698962        0.049886
     Cl  12        0.929203        0.049886       -0.348227

     H   13       -0.047253        0.003738        0.027853
     H   13        0.003738        0.145128        0.099767
     H   13        0.027853        0.099767       -0.097875

     C   14        0.143606       -0.082052        0.024984
     C   14       -0.082052       -0.073294        0.170441
     C   14        0.024984        0.170441       -0.070312

     H   15        0.593550        0.097752        0.256954
     H   15        0.097752       -0.630629        0.005057
     H   15        0.256954        0.005057        0.037079

     C   16       -0.820354        0.134984       -0.287486
     C   16        0.134984        0.811857        0.511914
     C   16       -0.287486        0.511914        0.008497

     C   17        0.218335       -0.353097       -0.064030
     C   17       -0.353097       -0.007222        0.071125
     C   17       -0.064030        0.071125       -0.211113

     Cl  18       -0.451651       -0.248248        0.394675
     Cl  18       -0.248248        1.929237        1.679315
     Cl  18        0.394675        1.679315       -1.477585

     H   19       -0.038471        0.014363        0.027300
     H   19        0.014363        0.464822       -0.667126
     H   19        0.027300       -0.667126       -0.426351

     C   20       -0.398017       -0.026527        0.432182
     C   20       -0.026527        0.266543        0.030787
     C   20        0.432182        0.030787        0.131474

     H   21        0.387711       -0.118991        0.547504
     H   21       -0.118991       -0.287915       -0.420203
     H   21        0.547504       -0.420203       -0.099795

     C   22        0.341494        0.282539        0.184533
     C   22        0.282539        0.006477       -0.336735
     C   22        0.184533       -0.336735       -0.347971

     C   23       -0.415022       -0.080724        0.043547
     C   23       -0.080724        0.251252       -0.140291
     C   23        0.043547       -0.140291        0.163770

     Cl  24        0.422985        0.553409       -0.440580
     Cl  24        0.553409        0.571175        0.641459
     Cl  24       -0.440580        0.641459       -0.994160


     NQR/NMR SPECTROSCOPIC PARAMETERS:
     Cl   1    Vxx=    0.0475    axis=( -0.844078 -0.111880 -0.524419)
     Cl   1    Vyy=    2.9351    axis=( -0.361750  0.840722  0.402893)
     Cl   1    Vzz=   -2.9826    axis=( -0.395815 -0.529782  0.750108)
     Cl   1  Q=        -8.1650 1e-30 m^2  Cq=        57.2203 MHz  eta= 0.96814

     C    2    Vxx=   -0.1541    axis=( -0.221628 -0.671376  0.707202)
     C    2    Vyy=   -0.7696    axis=( -0.973674  0.191998 -0.122866)
     C    2    Vzz=    0.9237    axis=( -0.053292 -0.715815 -0.696253)
     C    2  Q=         1.0000 1e-30 m^2  Cq=         2.1703 MHz  eta= 0.66634

     C    3    Vxx=    0.1218    axis=(  0.875788 -0.155860  0.456840)
     C    3    Vyy=    0.2980    axis=( -0.371404  0.386923  0.844008)
     C    3    Vzz=   -0.4198    axis=( -0.308309 -0.908844  0.280975)
     C    3  Q=         1.0000 1e-30 m^2  Cq=        -0.9864 MHz  eta= 0.41960

     H    4    Vxx=    0.0083    axis=( -0.259724 -0.748857  0.609719)
     H    4    Vyy=    0.4953    axis=( -0.719673 -0.270902 -0.639283)
     H    4    Vzz=   -0.5036    axis=(  0.643906 -0.604835 -0.468572)
     H    4  Q=         1.0000 1e-30 m^2  Cq=        -1.1832 MHz  eta= 0.96694

     C    5    Vxx=   -0.0521    axis=( -0.421007 -0.589669  0.689234)
     C    5    Vyy=   -0.9597    axis=( -0.906160  0.239629 -0.348500)
     C    5    Vzz=    1.0118    axis=(  0.040339 -0.771277 -0.635220)
     C    5  Q=         1.0000 1e-30 m^2  Cq=         2.3772 MHz  eta= 0.89704

     H    6    Vxx=    0.0120    axis=(  0.286070  0.745305 -0.602232)
     H    6    Vyy=    0.2283    axis=(  0.193929  0.570459  0.798103)
     H    6    Vzz=   -0.2403    axis=( -0.938379  0.345104 -0.018655)
     H    6  Q=         1.0000 1e-30 m^2  Cq=        -0.5646 MHz  eta= 0.90050

     H    7    Vxx=   -0.1052    axis=(  0.640650  0.590787  0.490447)
     H    7    Vyy=   -0.1698    axis=( -0.764911  0.435384  0.474712)
     H    7    Vzz=    0.2750    axis=(  0.066921 -0.679273  0.730828)
     H    7  Q=         1.0000 1e-30 m^2  Cq=         0.6462 MHz  eta= 0.23502

     C    8    Vxx=    0.0357    axis=(  0.629480  0.113369 -0.768702)
     C    8    Vyy=    0.5185    axis=( -0.426389 -0.776641 -0.463705)
     C    8    Vzz=   -0.5541    axis=(  0.649575 -0.619659  0.440540)
     C    8  Q=         1.0000 1e-30 m^2  Cq=        -1.3020 MHz  eta= 0.87124

     H    9    Vxx=   -0.0434    axis=(  0.141341  0.966111 -0.215990)
     H    9    Vyy=   -0.4247    axis=( -0.446537  0.256942  0.857079)
     H    9    Vzz=    0.4681    axis=(  0.883531 -0.024693  0.467721)
     H    9  Q=         1.0000 1e-30 m^2  Cq=         1.0998 MHz  eta= 0.81474

     C   10    Vxx=    0.1176    axis=(  0.853980 -0.487950  0.180618)
     C   10    Vyy=    0.2847    axis=(  0.110885 -0.168484 -0.979448)
     C   10    Vzz=   -0.4024    axis=(  0.508353  0.856457 -0.089776)
     C   10  Q=         1.0000 1e-30 m^2  Cq=        -0.9454 MHz  eta= 0.41527

     C   11    Vxx=   -0.0251    axis=( -0.426507  0.043049  0.903459)
     C   11    Vyy=   -0.9435    axis=( -0.569872  0.762883 -0.305377)
     C   11    Vzz=    0.9686    axis=( -0.702380 -0.645101 -0.300842)
     C   11  Q=         1.0000 1e-30 m^2  Cq=         2.2758 MHz  eta= 0.94819

     Cl  12    Vxx=   -0.4543    axis=( -0.081905 -0.407593  0.909483)
     Cl  12    Vyy=   -1.9415    axis=(  0.553645 -0.777400 -0.298540)
     Cl  12    Vzz=    2.3958    axis=(  0.828715  0.479079  0.289335)
     Cl  12  Q=        -8.1650 1e-30 m^2  Cq=       -45.9623 MHz  eta= 0.62078

     H   13    Vxx=   -0.0413    axis=(  0.963826 -0.140551  0.226463)
     H   13    Vyy=   -0.1403    axis=(  0.260411  0.315515 -0.912489)
     H   13    Vzz=    0.1816    axis=(  0.056798  0.938454  0.340702)
     H   13  Q=         1.0000 1e-30 m^2  Cq=         0.4266 MHz  eta= 0.54560

     C   14    Vxx=    0.0792    axis=(  0.434915  0.556911  0.707601)
     C   14    Vyy=    0.1776    axis=(  0.880594 -0.427241 -0.204986)
     C   14    Vzz=   -0.2568    axis=(  0.188158  0.712260 -0.676226)
     C   14  Q=         1.0000 1e-30 m^2  Cq=        -0.6033 MHz  eta= 0.38325

     H   15    Vxx=   -0.0618    axis=( -0.357642 -0.053169  0.932344)
     H   15    Vyy=   -0.6388    axis=( -0.084135  0.996152  0.024534)
     H   15    Vzz=    0.7005    axis=( -0.930061 -0.069668 -0.360739)
     H   15  Q=         1.0000 1e-30 m^2  Cq=         1.6460 MHz  eta= 0.82363

     C   16    Vxx=   -0.1004    axis=( -0.403587 -0.401588  0.822098)
     C   16    Vyy=   -0.9604    axis=( -0.914938  0.174763 -0.363794)
     C   16    Vzz=    1.0609    axis=(  0.002423 -0.898991 -0.437960)
     C   16  Q=         1.0000 1e-30 m^2  Cq=         2.4926 MHz  eta= 0.81066

     C   17    Vxx=   -0.2159    axis=(  0.317951  0.223969  0.921274)
     C   17    Vyy=   -0.2728    axis=(  0.511412  0.777702 -0.365564)
     C   17    Vzz=    0.4888    axis=( -0.798352  0.587382  0.132731)
     C   17  Q=         1.0000 1e-30 m^2  Cq=         1.1484 MHz  eta= 0.11648

     Cl  18    Vxx=   -0.3384    axis=(  0.969509 -0.068178  0.235381)
     Cl  18    Vyy=   -2.2816    axis=(  0.243630  0.371634 -0.895842)
     Cl  18    Vzz=    2.6199    axis=( -0.026399  0.925872  0.376913)
     Cl  18  Q=        -8.1650 1e-30 m^2  Cq=       -50.2623 MHz  eta= 0.74169

     H   19    Vxx=   -0.0372    axis=(  0.999146  0.019694  0.036332)
     H   19    Vyy=   -0.7843    axis=( -0.041325  0.471068  0.881128)
     H   19    Vzz=    0.8215    axis=(  0.000238 -0.881877  0.471480)
     H   19  Q=         1.0000 1e-30 m^2  Cq=         1.9302 MHz  eta= 0.90944

     C   20    Vxx=    0.2664    axis=(  0.099189 -0.990838  0.091660)
     C   20    Vyy=    0.3754    axis=(  0.480432  0.128353  0.867589)
     C   20    Vzz=   -0.6417    axis=(  0.871405  0.042019 -0.488762)
     C   20  Q=         1.0000 1e-30 m^2  Cq=        -1.5077 MHz  eta= 0.16986

     H   21    Vxx=   -0.1440    axis=(  0.576785  0.708806 -0.406096)
     H   21    Vyy=   -0.7004    axis=( -0.287675  0.641518  0.711125)
     H   21    Vzz=    0.8443    axis=( -0.764567  0.293342 -0.573924)
     H   21  Q=         1.0000 1e-30 m^2  Cq=         1.9839 MHz  eta= 0.65892

     C   22    Vxx=    0.1447    axis=( -0.399894  0.679979 -0.614583)
     C   22    Vyy=    0.5025    axis=( -0.865913 -0.500092  0.010123)
     C   22    Vzz=   -0.6472    axis=( -0.300465  0.536224  0.788787)
     C   22  Q=         1.0000 1e-30 m^2  Cq=        -1.5206 MHz  eta= 0.55293

     C   23    Vxx=    0.0609    axis=( -0.025307  0.586083  0.809856)
     C   23    Vyy=    0.3650    axis=( -0.115733  0.802950 -0.584702)
     C   23    Vzz=   -0.4259    axis=( -0.992958 -0.108524  0.047509)
     C   23  Q=         1.0000 1e-30 m^2  Cq=        -1.0008 MHz  eta= 0.71412

     Cl  24    Vxx=    0.3468    axis=( -0.740873  0.477826  0.472006)
     Cl  24    Vyy=    1.0790    axis=(  0.591324  0.797300  0.121028)
     Cl  24    Vzz=   -1.4257    axis=(  0.318500 -0.368775  0.873248)
     Cl  24  Q=        -8.1650 1e-30 m^2  Cq=        27.3521 MHz  eta= 0.51358

     Initialization:
     gipaw_setup  :      9.00s CPU     10.76s WALL (       1 calls)

     Linear response

     Apply operators

     Induced current

     Other routines
     efg          :      9.65s CPU     12.60s WALL (       1 calls)

     General routines
     calbec       :      3.60s CPU      4.93s WALL (      16 calls)
     fft          :      1.42s CPU      1.81s WALL (      15 calls)
     ffts         :      0.03s CPU      0.04s WALL (       2 calls)
     fftw         :      3.42s CPU      4.48s WALL (     672 calls)
     davcio       :      0.03s CPU      0.30s WALL (      32 calls)

     Parallel routines
     fft_scatter  :      2.16s CPU      3.46s WALL (     689 calls)

     Plugins

     GIPAW        :     61.62s CPU     74.88s WALL (       1 calls)
