
     Program QE v.6.0 (svn rev. 13079) starts on  6Jan2017 at  1:59:34 

     This program is part of the open-source Quantum ESPRESSO suite
     for quantum simulation of materials; please cite
         "P. Giannozzi et al., J. Phys.:Condens. Matter 21 395502 (2009);
          URL http://www.quantum-espresso.org", 
     in publications or presentations arising from this work. More details at
     http://www.quantum-espresso.org/quote

     Parallel version (MPI), running on     8 processors
     R & G space division:  proc/nbgrp/npool/nimage =       8

     ***** This is GIPAW svn revision unknown      *****

     Parallelizing q-star over 1 images

     Reading data from directory:
     /users/majewski/paradichlorobenzene/pbe/9_constraint/scratch/pbe.ecut100.np8.dt60.pcl2phi-129368.save
     Message from routine read_xml_file:
     file /users/majewski/paradichlorobenzene/pbe/9_constraint/scratch/pbe.ecut100.np8.dt60.pcl2phi-129368.save not guaranteed to be safe for post-processing

   Info: using nr1, nr2, nr3 values from input

   Info: using nr1, nr2, nr3 values from input

     IMPORTANT: XC functional enforced from input :
     Exchange-correlation      =  SLA  PW   PBX  PBC ( 1  4  3  4 0 0)
     Any further DFT definition will be discarded
     Please, verify this is what you really want

               file C.pbe-n-kjpaw_psl.1.0.0.UPF: wavefunction(s)  2S 2P renormalized
               file Cl.pbe-n-kjpaw_psl.1.0.0.UPF: wavefunction(s)  3S 3P renormalized
               file H.pbe-kjpaw_psl.1.0.0.UPF: wavefunction(s)  1S renormalized

     Parallelization info
     --------------------
     sticks:   dense  smooth     PW     G-vecs:    dense   smooth      PW
     Min        3057    1223    332               144436    36536    5170
     Max        3059    1225    333               144437    36537    5171
     Sum       24467    9791   2657              1155489   292295   41363


     Subspace diagonalization in iterative solution of the eigenvalue problem:
     a serial algorithm will be used

     GIPAW projectors -----------------------------------------------
     atom=  C    l=0  rc=    1.2000  rs=    0.8000
     atom=  C    l=0  rc=    1.2000  rs=    0.8000
     atom=  C    l=1  rc=    1.4000  rs=    0.9333
     atom=  C    l=1  rc=    1.4000  rs=    0.9333
     projs nearly linearly dependent: l=1  n1,n2= 1, 2  s=  0.99951561

     atom=  Cl   l=0  rc=    1.6000  rs=    1.0667
     atom=  Cl   l=0  rc=    1.6000  rs=    1.0667
     atom=  Cl   l=1  rc=    1.6000  rs=    1.0667
     atom=  Cl   l=1  rc=    1.6000  rs=    1.0667
     atom=  Cl   l=2  rc=    1.6000  rs=    1.0667
     atom=  Cl   l=2  rc=    1.6000  rs=    1.0667
     projs nearly linearly dependent: l=2  n1,n2= 1, 2  s=  0.99993509

     atom=  H    l=0  rc=    1.0000  rs=    0.6667
     atom=  H    l=0  rc=    1.0000  rs=    0.6667
     projs nearly linearly dependent: l=0  n1,n2= 1, 2  s=  0.99968852
     -----------------------------------------------------------------

     GIPAW integrals: -------------------------------------------
     Atom  i/j   nmr_para   nmr_dia   epr_rmc  epr_para   epr_dia
       C   1 1   0.83E+03  0.17E-01  0.93E+01  0.24E+08  0.24E+03
       C   2 1   0.86E+03 -0.61E-01  0.94E+01  0.25E+08  0.25E+03
       C   2 2   0.90E+03 -0.15E+00  0.97E+01  0.26E+08  0.26E+03
       C   3 3   0.33E+01  0.34E+00  0.18E+01  0.55E+03  0.21E+02
       C   4 3   0.35E+01  0.37E+00  0.20E+01  0.59E+03  0.22E+02
       C   4 4   0.38E+01  0.39E+00  0.22E+01  0.63E+03  0.24E+02
       Cl  1 1   0.14E+04 -0.47E+00  0.84E+01  0.32E+09  0.42E+03
       Cl  2 1   0.21E+04 -0.37E+00  0.12E+02  0.49E+09  0.65E+03
       Cl  2 2   0.33E+04 -0.16E+00  0.21E+02  0.76E+09  0.10E+04
       Cl  3 3   0.21E+02  0.79E-01  0.89E+01  0.23E+05  0.13E+03
       Cl  4 3   0.24E+02  0.67E-01  0.99E+01  0.27E+05  0.15E+03
       Cl  4 4   0.28E+02  0.44E-01  0.11E+02  0.32E+05  0.18E+03
       Cl  5 5   0.77E+00  0.19E+00  0.18E+01  0.12E+03  0.22E+02
       Cl  6 5   0.80E+00  0.19E+00  0.19E+01  0.12E+03  0.23E+02
       Cl  6 6   0.83E+00  0.20E+00  0.19E+01  0.12E+03  0.23E+02
       H   1 1   0.39E+02  0.19E+00  0.29E+00  0.78E+05  0.13E+02
       H   2 1   0.41E+02  0.21E+00  0.32E+00  0.82E+05  0.14E+02
       H   2 2   0.43E+02  0.22E+00  0.36E+00  0.86E+05  0.15E+02
     ------------------------------------------------------------

     alpha_pv=     34.4593 eV

     Number of occupied bands for each k-point:
     k-point:     1    nbnd_occ=  42
     k-point:     2    nbnd_occ=  42
     k-point:     3    nbnd_occ=  42
     k-point:     4    nbnd_occ=  42
     k-point:     5    nbnd_occ=  42
     k-point:     6    nbnd_occ=  42
     k-point:     7    nbnd_occ=  42
     k-point:     8    nbnd_occ=  42
     k-point:     9    nbnd_occ=  42
     k-point:    10    nbnd_occ=  42
     k-point:    11    nbnd_occ=  42
     k-point:    12    nbnd_occ=  42
     k-point:    13    nbnd_occ=  42
     k-point:    14    nbnd_occ=  42
     k-point:    15    nbnd_occ=  42
     k-point:    16    nbnd_occ=  42


     q-space interpolation up to   110.00 Rydberg

     GIPAW job: efg                                                                             


     ELECTRIC FIELD GRADIENTS TENSORS IN Hartree/bohrradius^2:

     ----- bare term -----
     Cl   1       -0.024526        0.056323       -0.089151
     Cl   1        0.056323        0.008507       -0.075652
     Cl   1       -0.089151       -0.075652        0.016020

     C    2       -0.343091        0.291056       -0.173504
     C    2        0.291056       -0.077364       -0.466434
     C    2       -0.173504       -0.466434        0.420455

     C    3       -0.064916       -0.123203       -0.247932
     C    3       -0.123203       -0.066385       -0.698214
     C    3       -0.247932       -0.698214        0.131301

     H    4       -0.089833        0.169520       -0.540507
     H    4        0.169520        0.087422        0.179903
     H    4       -0.540507        0.179903        0.002412

     C    5       -0.227114        0.352421       -0.070528
     C    5        0.352421       -0.159617       -0.336091
     C    5       -0.070528       -0.336091        0.386731

     H    6        0.351790       -0.045644       -0.218331
     H    6       -0.045644       -0.265262       -0.475219
     H    6       -0.218331       -0.475219       -0.086528

     H    7        0.010767        0.455183       -0.195118
     H    7        0.455183       -0.307102        0.382232
     H    7       -0.195118        0.382232        0.296336

     C    8        0.026796       -0.561567        0.033232
     C    8       -0.561567       -0.366731        0.374847
     C    8        0.033232        0.374847        0.339936

     H    9       -0.594138        0.332155       -0.381753
     H    9        0.332155        0.327899        0.168061
     H    9       -0.381753        0.168061        0.266238

     C   10       -0.121989       -0.217295       -0.413394
     C   10       -0.217295       -0.108908        0.441015
     C   10       -0.413394        0.441015        0.230897

     C   11       -0.061489       -0.144834       -0.237220
     C   11       -0.144834       -0.261742        0.502059
     C   11       -0.237220        0.502059        0.323231

     Cl  12       -0.010958       -0.001139       -0.024040
     Cl  12       -0.001139        0.007695        0.009878
     Cl  12       -0.024040        0.009878        0.003263

     H   13        0.236464        0.187189       -0.006993
     H   13        0.187189       -0.490626       -0.429199
     H   13       -0.006993       -0.429199        0.254162

     C   14       -0.214805       -0.031849       -0.453708
     C   14       -0.031849       -0.061002       -0.452173
     C   14       -0.453708       -0.452173        0.275807

     H   15       -0.208909       -0.170569       -0.415851
     H   15       -0.170569        0.431601       -0.214883
     H   15       -0.415851       -0.214883       -0.222691

     C   16       -0.056993        0.484407       -0.328762
     C   16        0.484407       -0.341179       -0.289184
     C   16       -0.328762       -0.289184        0.398172

     C   17        0.026982       -0.075585       -0.567428
     C   17       -0.075585       -0.128525       -0.519629
     C   17       -0.567428       -0.519629        0.101543

     Cl  18       -0.005112        0.200131        0.063964
     Cl  18        0.200131       -0.098575       -0.019849
     Cl  18        0.063964       -0.019849        0.103687

     H   19        0.381742        0.031969       -0.085947
     H   19        0.031969       -0.547026        0.588493
     H   19       -0.085947        0.588493        0.165284

     C   20       -0.836890       -0.364140       -0.426291
     C   20       -0.364140        0.364097        0.051318
     C   20       -0.426291        0.051318        0.472793

     H   21       -0.380153        0.034758       -0.515197
     H   21        0.034758        0.115355        0.235716
     H   21       -0.515197        0.235716        0.264797

     C   22        0.057869       -0.329333       -0.033175
     C   22       -0.329333       -0.394839        0.441779
     C   22       -0.033175        0.441779        0.336970

     C   23       -0.623301       -0.197028       -0.285149
     C   23       -0.197028        0.180321        0.096107
     C   23       -0.285149        0.096107        0.442980

     Cl  24       -0.032628       -0.170040        0.090506
     Cl  24       -0.170040        0.027350       -0.116547
     Cl  24        0.090506       -0.116547        0.005278

     ----- ionic term -----
     Cl   1        0.086364       -0.241497        0.030843
     Cl   1       -0.241497        0.075174       -0.016226
     Cl   1        0.030843       -0.016226       -0.161538

     C    2        0.063368       -0.261399        0.349687
     C    2       -0.261399        0.200832        0.395981
     C    2        0.349687        0.395981       -0.264200

     C    3        0.029251       -0.308373        0.245713
     C    3       -0.308373        0.256071        0.387713
     C    3        0.245713        0.387713       -0.285323

     H    4        0.518545        0.134602        0.763700
     H    4        0.134602       -0.471660        0.179478
     H    4        0.763700        0.179478       -0.046885

     C    5        0.188598       -0.293281        0.288899
     C    5       -0.293281        0.097803        0.256688
     C    5        0.288899        0.256688       -0.286401

     H    6       -0.517324       -0.005026       -0.001443
     H    6       -0.005026        0.576958        0.733267
     H    6       -0.001443        0.733267       -0.059633

     H    7       -0.475380       -0.264551        0.139568
     H    7       -0.264551        0.662557       -0.660832
     H    7        0.139568       -0.660832       -0.187178

     C    8        0.288370        0.097237        0.218772
     C    8        0.097237        0.089022       -0.313271
     C    8        0.218772       -0.313271       -0.377392

     H    9        0.564608       -0.277156        0.709296
     H    9       -0.277156       -0.442100       -0.245248
     H    9        0.709296       -0.245248       -0.122508

     C   10        0.100612        0.156563        0.181779
     C   10        0.156563        0.259341       -0.407425
     C   10        0.181779       -0.407425       -0.359953

     C   11        0.239922        0.147984        0.298762
     C   11        0.147984        0.149549       -0.373920
     C   11        0.298762       -0.373920       -0.389470

     Cl  12        0.112780        0.207636       -0.015252
     Cl  12        0.207636        0.034524       -0.012156
     Cl  12       -0.015252       -0.012156       -0.147304

     H   13       -0.524179        0.032834        0.058450
     H   13        0.032834        0.719527        0.671668
     H   13        0.058450        0.671668       -0.195348

     C   14        0.221932       -0.283948        0.369699
     C   14       -0.283948        0.079947        0.226885
     C   14        0.369699        0.226885       -0.301879

     H   15        0.617968        0.277138        0.693141
     H   15        0.277138       -0.447400        0.225911
     H   15        0.693141        0.225911       -0.170568

     C   16        0.141484       -0.295896        0.248906
     C   16       -0.295896        0.146157        0.301497
     C   16        0.248906        0.301497       -0.287642

     C   17        0.207528       -0.261143        0.250961
     C   17       -0.261143        0.037597        0.357126
     C   17        0.250961        0.357126       -0.245125

     Cl  18        0.155411       -0.210045       -0.009014
     Cl  18       -0.210045       -0.008713        0.016490
     Cl  18       -0.009014        0.016490       -0.146698

     H   19       -0.505818       -0.058294        0.051737
     H   19       -0.058294        0.699842       -0.683081
     H   19        0.051737       -0.683081       -0.194024

     C   20        0.317061        0.222350        0.269497
     C   20        0.222350        0.050906       -0.296844
     C   20        0.269497       -0.296844       -0.367967

     H   21        0.539799       -0.266320        0.724536
     H   21       -0.266320       -0.431909       -0.258987
     H   21        0.724536       -0.258987       -0.107890

     C   22        0.086961        0.229898        0.194402
     C   22        0.229898        0.208900       -0.460153
     C   22        0.194402       -0.460153       -0.295860

     C   23        0.214957        0.160606        0.250161
     C   23        0.160606        0.137295       -0.427501
     C   23        0.250161       -0.427501       -0.352252

     Cl  24        0.142163        0.227540        0.020926
     Cl  24        0.227540        0.016430        0.000765
     Cl  24        0.020926        0.000765       -0.158593

     ----- GIPAW term -----
     Cl   1       -0.111652       -0.596645       -0.978035
     Cl   1       -0.596645        1.093203       -2.091792
     Cl   1       -0.978035       -2.091792       -0.981551

     C    2       -0.043710       -0.139160        0.043291
     C    2       -0.139160        0.063276       -0.175054
     C    2        0.043291       -0.175054       -0.019566

     C    3       -0.094021       -0.154575        0.005876
     C    3       -0.154575        0.132184       -0.226347
     C    3        0.005876       -0.226347       -0.038163

     H    4       -0.000000        0.000000        0.000000
     H    4        0.000000        0.000000        0.000000
     H    4        0.000000        0.000000        0.000000

     C    5        0.115331       -0.097157        0.076914
     C    5       -0.097157       -0.057876       -0.077767
     C    5        0.076914       -0.077767       -0.057455

     H    6       -0.000000        0.000000        0.000000
     H    6        0.000000        0.000000        0.000000
     H    6        0.000000        0.000000        0.000000

     H    7       -0.000000        0.000000        0.000000
     H    7        0.000000        0.000000        0.000000
     H    7        0.000000        0.000000        0.000000

     C    8        0.089713       -0.256194        0.114533
     C    8       -0.256194       -0.048572       -0.008695
     C    8        0.114533       -0.008695       -0.041141

     H    9       -0.000000        0.000000        0.000000
     H    9        0.000000        0.000000        0.000000
     H    9        0.000000        0.000000        0.000000

     C   10        0.093945       -0.116056       -0.148936
     C   10       -0.116056       -0.032259        0.085844
     C   10       -0.148936        0.085844       -0.061686

     C   11        0.068969        0.078288       -0.003219
     C   11        0.078288       -0.045845        0.039991
     C   11       -0.003219        0.039991       -0.023124

     Cl  12        1.409420        2.339746       -0.198076
     Cl  12        2.339746        0.151951        0.075990
     Cl  12       -0.198076        0.075990       -1.561371

     H   13       -0.000000        0.000000        0.000000
     H   13        0.000000        0.000000        0.000000
     H   13        0.000000        0.000000        0.000000

     C   14        0.089072       -0.072236       -0.076664
     C   14       -0.072236       -0.068000       -0.091671
     C   14       -0.076664       -0.091671       -0.021072

     H   15       -0.000000        0.000000        0.000000
     H   15        0.000000        0.000000        0.000000
     H   15        0.000000        0.000000        0.000000

     C   16        0.107610        0.063419       -0.210905
     C   16        0.063419       -0.159596       -0.016818
     C   16       -0.210905       -0.016818        0.051986

     C   17        0.210907       -0.071285       -0.160621
     C   17       -0.071285       -0.073712       -0.090499
     C   17       -0.160621       -0.090499       -0.137195

     Cl  18        1.925086       -1.464129        0.513214
     Cl  18       -1.464129       -0.625705       -0.113206
     Cl  18        0.513214       -0.113206       -1.299380

     H   19       -0.000000        0.000000        0.000000
     H   19        0.000000        0.000000        0.000000
     H   19        0.000000        0.000000        0.000000

     C   20       -0.224343       -0.093264       -0.031004
     C   20       -0.093264        0.186044       -0.147736
     C   20       -0.031004       -0.147736        0.038298

     H   21       -0.000000        0.000000        0.000000
     H   21        0.000000        0.000000        0.000000
     H   21        0.000000        0.000000        0.000000

     C   22       -0.102250       -0.088630        0.056405
     C   22       -0.088630        0.081288       -0.161790
     C   22        0.056405       -0.161790        0.020962

     C   23       -0.102950       -0.034583        0.090341
     C   23       -0.034583        0.034356       -0.175981
     C   23        0.090341       -0.175981        0.068594

     Cl  24        1.060967        0.557754        0.891089
     Cl  24        0.557754        0.447148       -1.132849
     Cl  24        0.891089       -1.132849       -1.508115

     ----- total EFG -----
     Cl   1       -0.049814       -0.781819       -1.036342
     Cl   1       -0.781819        1.176884       -2.183670
     Cl   1       -1.036342       -2.183670       -1.127069

     C    2       -0.323433       -0.109503        0.219474
     C    2       -0.109503        0.186744       -0.245507
     C    2        0.219474       -0.245507        0.136689

     C    3       -0.129686       -0.586151        0.003657
     C    3       -0.586151        0.321870       -0.536848
     C    3        0.003657       -0.536848       -0.192184

     H    4        0.428711        0.304121        0.223192
     H    4        0.304121       -0.384238        0.359381
     H    4        0.223192        0.359381       -0.044473

     C    5        0.076814       -0.038017        0.295285
     C    5       -0.038017       -0.119689       -0.157170
     C    5        0.295285       -0.157170        0.042875

     H    6       -0.165535       -0.050670       -0.219774
     H    6       -0.050670        0.311696        0.258048
     H    6       -0.219774        0.258048       -0.146161

     H    7       -0.464613        0.190631       -0.055550
     H    7        0.190631        0.355455       -0.278600
     H    7       -0.055550       -0.278600        0.109158

     C    8        0.404878       -0.720523        0.366537
     C    8       -0.720523       -0.326281        0.052881
     C    8        0.366537        0.052881       -0.078597

     H    9       -0.029530        0.054999        0.327543
     H    9        0.054999       -0.114200       -0.077187
     H    9        0.327543       -0.077187        0.143730

     C   10        0.072569       -0.176788       -0.380551
     C   10       -0.176788        0.118174        0.119434
     C   10       -0.380551        0.119434       -0.190743

     C   11        0.247402        0.081438        0.058324
     C   11        0.081438       -0.158039        0.168131
     C   11        0.058324        0.168131       -0.089363

     Cl  12        1.511242        2.546243       -0.237368
     Cl  12        2.546243        0.194170        0.073712
     Cl  12       -0.237368        0.073712       -1.705412

     H   13       -0.287715        0.220024        0.051457
     H   13        0.220024        0.228901        0.242469
     H   13        0.051457        0.242469        0.058814

     C   14        0.096199       -0.388033       -0.160674
     C   14       -0.388033       -0.049055       -0.316959
     C   14       -0.160674       -0.316959       -0.047144

     H   15        0.409059        0.106569        0.277290
     H   15        0.106569       -0.015799        0.011029
     H   15        0.277290        0.011029       -0.393259

     C   16        0.192102        0.251930       -0.290761
     C   16        0.251930       -0.354617       -0.004505
     C   16       -0.290761       -0.004505        0.162516

     C   17        0.445417       -0.408013       -0.477088
     C   17       -0.408013       -0.164640       -0.253002
     C   17       -0.477088       -0.253002       -0.280777

     Cl  18        2.075385       -1.474042        0.568164
     Cl  18       -1.474042       -0.732993       -0.116565
     Cl  18        0.568164       -0.116565       -1.342391

     H   19       -0.124076       -0.026325       -0.034210
     H   19       -0.026325        0.152816       -0.094588
     H   19       -0.034210       -0.094588       -0.028740

     C   20       -0.744171       -0.235054       -0.187798
     C   20       -0.235054        0.601047       -0.393261
     C   20       -0.187798       -0.393261        0.143124

     H   21        0.159646       -0.231562        0.209339
     H   21       -0.231562       -0.316554       -0.023270
     H   21        0.209339       -0.023270        0.156907

     C   22        0.042580       -0.188065        0.217633
     C   22       -0.188065       -0.104651       -0.180165
     C   22        0.217633       -0.180165        0.062071

     C   23       -0.511294       -0.071005        0.055353
     C   23       -0.071005        0.351972       -0.507375
     C   23        0.055353       -0.507375        0.159322

     Cl  24        1.170502        0.615253        1.002521
     Cl  24        0.615253        0.490928       -1.248631
     Cl  24        1.002521       -1.248631       -1.661430

     ----- total EFG (symmetrized) -----
     Cl   1       -0.049814       -0.781819       -1.036342
     Cl   1       -0.781819        1.176884       -2.183670
     Cl   1       -1.036342       -2.183670       -1.127069

     C    2       -0.323433       -0.109503        0.219474
     C    2       -0.109503        0.186744       -0.245507
     C    2        0.219474       -0.245507        0.136689

     C    3       -0.129686       -0.586151        0.003657
     C    3       -0.586151        0.321870       -0.536848
     C    3        0.003657       -0.536848       -0.192184

     H    4        0.428711        0.304121        0.223192
     H    4        0.304121       -0.384238        0.359381
     H    4        0.223192        0.359381       -0.044473

     C    5        0.076814       -0.038017        0.295285
     C    5       -0.038017       -0.119689       -0.157170
     C    5        0.295285       -0.157170        0.042875

     H    6       -0.165535       -0.050670       -0.219774
     H    6       -0.050670        0.311696        0.258048
     H    6       -0.219774        0.258048       -0.146161

     H    7       -0.464613        0.190631       -0.055550
     H    7        0.190631        0.355455       -0.278600
     H    7       -0.055550       -0.278600        0.109158

     C    8        0.404878       -0.720523        0.366537
     C    8       -0.720523       -0.326281        0.052881
     C    8        0.366537        0.052881       -0.078597

     H    9       -0.029530        0.054999        0.327543
     H    9        0.054999       -0.114200       -0.077187
     H    9        0.327543       -0.077187        0.143730

     C   10        0.072569       -0.176788       -0.380551
     C   10       -0.176788        0.118174        0.119434
     C   10       -0.380551        0.119434       -0.190743

     C   11        0.247402        0.081438        0.058324
     C   11        0.081438       -0.158039        0.168131
     C   11        0.058324        0.168131       -0.089363

     Cl  12        1.511242        2.546243       -0.237368
     Cl  12        2.546243        0.194170        0.073712
     Cl  12       -0.237368        0.073712       -1.705412

     H   13       -0.287715        0.220024        0.051457
     H   13        0.220024        0.228901        0.242469
     H   13        0.051457        0.242469        0.058814

     C   14        0.096199       -0.388033       -0.160674
     C   14       -0.388033       -0.049055       -0.316959
     C   14       -0.160674       -0.316959       -0.047144

     H   15        0.409059        0.106569        0.277290
     H   15        0.106569       -0.015799        0.011029
     H   15        0.277290        0.011029       -0.393259

     C   16        0.192102        0.251930       -0.290761
     C   16        0.251930       -0.354617       -0.004505
     C   16       -0.290761       -0.004505        0.162516

     C   17        0.445417       -0.408013       -0.477088
     C   17       -0.408013       -0.164640       -0.253002
     C   17       -0.477088       -0.253002       -0.280777

     Cl  18        2.075385       -1.474042        0.568164
     Cl  18       -1.474042       -0.732993       -0.116565
     Cl  18        0.568164       -0.116565       -1.342391

     H   19       -0.124076       -0.026325       -0.034210
     H   19       -0.026325        0.152816       -0.094588
     H   19       -0.034210       -0.094588       -0.028740

     C   20       -0.744171       -0.235054       -0.187798
     C   20       -0.235054        0.601047       -0.393261
     C   20       -0.187798       -0.393261        0.143124

     H   21        0.159646       -0.231562        0.209339
     H   21       -0.231562       -0.316554       -0.023270
     H   21        0.209339       -0.023270        0.156907

     C   22        0.042580       -0.188065        0.217633
     C   22       -0.188065       -0.104651       -0.180165
     C   22        0.217633       -0.180165        0.062071

     C   23       -0.511294       -0.071005        0.055353
     C   23       -0.071005        0.351972       -0.507375
     C   23        0.055353       -0.507375        0.159322

     Cl  24        1.170502        0.615253        1.002521
     Cl  24        0.615253        0.490928       -1.248631
     Cl  24        1.002521       -1.248631       -1.661430


     NQR/NMR SPECTROSCOPIC PARAMETERS:
     Cl   1    Vxx=    0.5062    axis=( -0.914352  0.153762  0.374589)
     Cl   1    Vyy=    2.5019    axis=(  0.060519 -0.862811  0.501892)
     Cl   1    Vzz=   -3.0082    axis=(  0.400372  0.481576  0.779607)
     Cl   1  Q=        -8.1650 1e-30 m^2  Cq=        57.7103 MHz  eta= 0.66343

     C    2    Vxx=   -0.0635    axis=( -0.233251 -0.731157 -0.641096)
     C    2    Vyy=   -0.4116    axis=( -0.931430 -0.021401  0.363291)
     C    2    Vzz=    0.4750    axis=( -0.279342  0.681874 -0.676030)
     C    2  Q=         1.0000 1e-30 m^2  Cq=         1.1161 MHz  eta= 0.73282

     C    3    Vxx=   -0.1666    axis=( -0.692412 -0.039083  0.720443)
     C    3    Vyy=   -0.7472    axis=(  0.562481  0.596122  0.572935)
     C    3    Vzz=    0.9137    axis=(  0.451863 -0.801942  0.390779)
     C    3  Q=         1.0000 1e-30 m^2  Cq=         2.1469 MHz  eta= 0.63540

     H    4    Vxx=   -0.0552    axis=(  0.556078 -0.322591 -0.765971)
     H    4    Vyy=   -0.6326    axis=( -0.149075  0.867944 -0.473762)
     H    4    Vzz=    0.6878    axis=( -0.817651 -0.377635 -0.434555)
     H    4  Q=         1.0000 1e-30 m^2  Cq=         1.6160 MHz  eta= 0.83963

     C    5    Vxx=   -0.1019    axis=(  0.540911  0.811014 -0.222873)
     C    5    Vyy=   -0.2905    axis=( -0.500344  0.523273  0.689813)
     C    5    Vzz=    0.3924    axis=( -0.676071  0.261614 -0.688830)
     C    5  Q=         1.0000 1e-30 m^2  Cq=         0.9219 MHz  eta= 0.48085

     H    6    Vxx=   -0.0513    axis=(  0.743970  0.453040 -0.491186)
     H    6    Vyy=   -0.4085    axis=( -0.628020  0.222968 -0.745571)
     H    6    Vzz=    0.4597    axis=( -0.228254  0.863157  0.450400)
     H    6  Q=         1.0000 1e-30 m^2  Cq=         1.0802 MHz  eta= 0.77688

     H    7    Vxx=   -0.0651    axis=(  0.124052  0.508307  0.852195)
     H    7    Vyy=   -0.5068    axis=( -0.975592  0.219303  0.011207)
     H    7    Vzz=    0.5719    axis=( -0.181192 -0.832785  0.523105)
     H    7  Q=         1.0000 1e-30 m^2  Cq=         1.3438 MHz  eta= 0.77234

     C    8    Vxx=   -0.0838    axis=( -0.072324  0.412828  0.907933)
     C    8    Vyy=   -0.8466    axis=(  0.541038  0.780980 -0.312006)
     C    8    Vzz=    0.9303    axis=( -0.837883  0.468661 -0.279839)
     C    8  Q=         1.0000 1e-30 m^2  Cq=         2.1859 MHz  eta= 0.81995

     H    9    Vxx=   -0.0759    axis=(  0.351585  0.913838 -0.203195)
     H    9    Vyy=   -0.3216    axis=( -0.715866  0.402312  0.570684)
     H    9    Vzz=    0.3974    axis=(  0.603261 -0.055184  0.795633)
     H    9  Q=         1.0000 1e-30 m^2  Cq=         0.9338 MHz  eta= 0.61816

     C   10    Vxx=   -0.0103    axis=(  0.414623  0.856439 -0.307571)
     C   10    Vyy=   -0.4618    axis=( -0.582249 -0.010071 -0.812948)
     C   10    Vzz=    0.4721    axis=( -0.699338  0.516150  0.494485)
     C   10  Q=         1.0000 1e-30 m^2  Cq=         1.1093 MHz  eta= 0.95634

     C   11    Vxx=    0.0091    axis=(  0.372660 -0.561660 -0.738690)
     C   11    Vyy=    0.2876    axis=( -0.926587 -0.268639 -0.263193)
     C   11    Vzz=   -0.2966    axis=( -0.050616  0.782542 -0.620537)
     C   11  Q=         1.0000 1e-30 m^2  Cq=        -0.6970 MHz  eta= 0.93897

     Cl  12    Vxx=   -1.5370    axis=(  0.378502 -0.524235 -0.762833)
     Cl  12    Vyy=   -1.9497    axis=(  0.480608 -0.593031  0.646011)
     Cl  12    Vzz=    3.4866    axis=( -0.791045 -0.611140  0.027488)
     Cl  12  Q=        -8.1650 1e-30 m^2  Cq=       -66.8896 MHz  eta= 0.11836

     H   13    Vxx=   -0.0880    axis=( -0.280661 -0.452738  0.846320)
     H   13    Vyy=   -0.3724    axis=(  0.920028 -0.378120  0.102829)
     H   13    Vzz=    0.4603    axis=(  0.273456  0.807498  0.522655)
     H   13  Q=         1.0000 1e-30 m^2  Cq=         1.0816 MHz  eta= 0.61786

     C   14    Vxx=    0.1566    axis=( -0.527807 -0.253518  0.810647)
     C   14    Vyy=    0.4369    axis=(  0.683052 -0.693969  0.227702)
     C   14    Vzz=   -0.5935    axis=(  0.504837  0.673896  0.539447)
     C   14  Q=         1.0000 1e-30 m^2  Cq=        -1.3944 MHz  eta= 0.47227

     H   15    Vxx=   -0.0356    axis=(  0.171035 -0.979932  0.102372)
     H   15    Vyy=   -0.4808    axis=(  0.302284 -0.046701 -0.952073)
     H   15    Vzz=    0.5163    axis=(  0.937748  0.193784  0.288230)
     H   15  Q=         1.0000 1e-30 m^2  Cq=         1.2131 MHz  eta= 0.86229

     C   16    Vxx=   -0.0384    axis=(  0.516575  0.400735  0.756679)
     C   16    Vyy=   -0.4722    axis=(  0.418329 -0.889188  0.185323)
     C   16    Vzz=    0.5106    axis=(  0.747095  0.220808 -0.626971)
     C   16  Q=         1.0000 1e-30 m^2  Cq=         1.1996 MHz  eta= 0.84970

     C   17    Vxx=    0.0365    axis=( -0.018762 -0.767733  0.640495)
     C   17    Vyy=    0.7623    axis=( -0.892642  0.301427  0.335160)
     C   17    Vzz=   -0.7988    axis=( -0.450376 -0.565444 -0.690966)
     C   17  Q=         1.0000 1e-30 m^2  Cq=        -1.8768 MHz  eta= 0.90871

     Cl  18    Vxx=   -1.2738    axis=(  0.229209  0.756751  0.612202)
     Cl  18    Vyy=   -1.5115    axis=( -0.339977 -0.527095  0.778837)
     Cl  18    Vzz=    2.7853    axis=(  0.912074 -0.386651  0.136464)
     Cl  18  Q=        -8.1650 1e-30 m^2  Cq=       -53.4341 MHz  eta= 0.08536

     H   19    Vxx=   -0.0466    axis=(  0.472573 -0.325923 -0.818810)
     H   19    Vyy=   -0.1469    axis=( -0.880608 -0.211231 -0.424160)
     H   19    Vzz=    0.1935    axis=( -0.034714  0.921497 -0.386832)
     H   19  Q=         1.0000 1e-30 m^2  Cq=         0.4547 MHz  eta= 0.51791

     C   20    Vxx=    0.0179    axis=( -0.338596  0.428456  0.837722)
     C   20    Vyy=    0.8353    axis=(  0.073522 -0.875542  0.477516)
     C   20    Vzz=   -0.8532    axis=(  0.938055  0.223276  0.264954)
     C   20  Q=         1.0000 1e-30 m^2  Cq=        -2.0046 MHz  eta= 0.95805

     H   21    Vxx=    0.0017    axis=( -0.537023  0.334059  0.774604)
     H   21    Vyy=    0.4152    axis=( -0.740122  0.254000 -0.622658)
     H   21    Vzz=   -0.4170    axis=( -0.404754 -0.907683  0.110840)
     H   21  Q=         1.0000 1e-30 m^2  Cq=        -0.9797 MHz  eta= 0.99165

     C   22    Vxx=   -0.1642    axis=( -0.667386  0.117328  0.735412)
     C   22    Vyy=   -0.2393    axis=( -0.410019 -0.882251 -0.231337)
     C   22    Vzz=    0.4035    axis=(  0.621676 -0.455924  0.636909)
     C   22  Q=         1.0000 1e-30 m^2  Cq=         0.9480 MHz  eta= 0.18619

     C   23    Vxx=   -0.2608    axis=( -0.010253  0.637041  0.770762)
     C   23    Vyy=   -0.5176    axis=(  0.997522  0.060176 -0.036466)
     C   23    Vzz=    0.7784    axis=( -0.069611  0.768478 -0.636079)
     C   23  Q=         1.0000 1e-30 m^2  Cq=         1.8288 MHz  eta= 0.32997

     Cl  24    Vxx=    1.0274    axis=( -0.243785  0.841708 -0.481764)
     Cl  24    Vyy=    1.5688    axis=(  0.923401  0.353309  0.150014)
     Cl  24    Vzz=   -2.5962    axis=( -0.296479  0.408290  0.863365)
     Cl  24  Q=        -8.1650 1e-30 m^2  Cq=        49.8064 MHz  eta= 0.20853

     Initialization:
     gipaw_setup  :      9.54s CPU     11.41s WALL (       1 calls)

     Linear response

     Apply operators

     Induced current

     Other routines
     efg          :      9.39s CPU     12.02s WALL (       1 calls)

     General routines
     calbec       :      3.35s CPU      4.73s WALL (      16 calls)
     fft          :      2.13s CPU      3.94s WALL (      15 calls)
     ffts         :      0.04s CPU      0.05s WALL (       2 calls)
     fftw         :      3.29s CPU      3.90s WALL (     672 calls)
     davcio       :      0.05s CPU      0.35s WALL (      32 calls)

     Parallel routines
     fft_scatter  :      2.76s CPU      5.03s WALL (     689 calls)

     Plugins

     GIPAW        :     64.42s CPU     88.07s WALL (       1 calls)
