
     Program QE v.6.0 (svn rev. 13079) starts on 18Jan2017 at 10: 7: 0 

     This program is part of the open-source Quantum ESPRESSO suite
     for quantum simulation of materials; please cite
         "P. Giannozzi et al., J. Phys.:Condens. Matter 21 395502 (2009);
          URL http://www.quantum-espresso.org", 
     in publications or presentations arising from this work. More details at
     http://www.quantum-espresso.org/quote

     Parallel version (MPI), running on     8 processors
     R & G space division:  proc/nbgrp/npool/nimage =       8

     ***** This is GIPAW svn revision unknown      *****

     Parallelizing q-star over 1 images

     Reading data from directory:
     /users/majewski/paradichlorobenzene/pbe/9_constraint/scratch/pbe.ecut100.np8.dt60.pcl2phi-129368.save
     Message from routine read_xml_file:
     file /users/majewski/paradichlorobenzene/pbe/9_constraint/scratch/pbe.ecut100.np8.dt60.pcl2phi-129368.save not guaranteed to be safe for post-processing

   Info: using nr1, nr2, nr3 values from input

   Info: using nr1, nr2, nr3 values from input

     IMPORTANT: XC functional enforced from input :
     Exchange-correlation      =  SLA  PW   PBX  PBC ( 1  4  3  4 0 0)
     Any further DFT definition will be discarded
     Please, verify this is what you really want

               file C.pbe-n-kjpaw_psl.1.0.0.UPF: wavefunction(s)  2S 2P renormalized
               file Cl.pbe-n-kjpaw_psl.1.0.0.UPF: wavefunction(s)  3S 3P renormalized
               file H.pbe-kjpaw_psl.1.0.0.UPF: wavefunction(s)  1S renormalized

     Parallelization info
     --------------------
     sticks:   dense  smooth     PW     G-vecs:    dense   smooth      PW
     Min        3057    1223    332               144436    36536    5170
     Max        3059    1225    333               144437    36537    5171
     Sum       24467    9791   2657              1155489   292295   41363


     Subspace diagonalization in iterative solution of the eigenvalue problem:
     a serial algorithm will be used

     GIPAW projectors -----------------------------------------------
     atom=  C    l=0  rc=    1.2000  rs=    0.8000
     atom=  C    l=0  rc=    1.2000  rs=    0.8000
     atom=  C    l=1  rc=    1.4000  rs=    0.9333
     atom=  C    l=1  rc=    1.4000  rs=    0.9333
     projs nearly linearly dependent: l=1  n1,n2= 1, 2  s=  0.99951561

     atom=  Cl   l=0  rc=    1.6000  rs=    1.0667
     atom=  Cl   l=0  rc=    1.6000  rs=    1.0667
     atom=  Cl   l=1  rc=    1.6000  rs=    1.0667
     atom=  Cl   l=1  rc=    1.6000  rs=    1.0667
     atom=  Cl   l=2  rc=    1.6000  rs=    1.0667
     atom=  Cl   l=2  rc=    1.6000  rs=    1.0667
     projs nearly linearly dependent: l=2  n1,n2= 1, 2  s=  0.99993509

     atom=  H    l=0  rc=    1.0000  rs=    0.6667
     atom=  H    l=0  rc=    1.0000  rs=    0.6667
     projs nearly linearly dependent: l=0  n1,n2= 1, 2  s=  0.99968852
     -----------------------------------------------------------------

     GIPAW integrals: -------------------------------------------
     Atom  i/j   nmr_para   nmr_dia   epr_rmc  epr_para   epr_dia
       C   1 1   0.83E+03  0.17E-01  0.93E+01  0.24E+08  0.24E+03
       C   2 1   0.86E+03 -0.61E-01  0.94E+01  0.25E+08  0.25E+03
       C   2 2   0.90E+03 -0.15E+00  0.97E+01  0.26E+08  0.26E+03
       C   3 3   0.33E+01  0.34E+00  0.18E+01  0.55E+03  0.21E+02
       C   4 3   0.35E+01  0.37E+00  0.20E+01  0.59E+03  0.22E+02
       C   4 4   0.38E+01  0.39E+00  0.22E+01  0.63E+03  0.24E+02
       Cl  1 1   0.14E+04 -0.47E+00  0.84E+01  0.32E+09  0.42E+03
       Cl  2 1   0.21E+04 -0.37E+00  0.12E+02  0.49E+09  0.65E+03
       Cl  2 2   0.33E+04 -0.16E+00  0.21E+02  0.76E+09  0.10E+04
       Cl  3 3   0.21E+02  0.79E-01  0.89E+01  0.23E+05  0.13E+03
       Cl  4 3   0.24E+02  0.67E-01  0.99E+01  0.27E+05  0.15E+03
       Cl  4 4   0.28E+02  0.44E-01  0.11E+02  0.32E+05  0.18E+03
       Cl  5 5   0.77E+00  0.19E+00  0.18E+01  0.12E+03  0.22E+02
       Cl  6 5   0.80E+00  0.19E+00  0.19E+01  0.12E+03  0.23E+02
       Cl  6 6   0.83E+00  0.20E+00  0.19E+01  0.12E+03  0.23E+02
       H   1 1   0.39E+02  0.19E+00  0.29E+00  0.78E+05  0.13E+02
       H   2 1   0.41E+02  0.21E+00  0.32E+00  0.82E+05  0.14E+02
       H   2 2   0.43E+02  0.22E+00  0.36E+00  0.86E+05  0.15E+02
     ------------------------------------------------------------

     alpha_pv=     33.8609 eV

     Number of occupied bands for each k-point:
     k-point:     1    nbnd_occ=  42
     k-point:     2    nbnd_occ=  42
     k-point:     3    nbnd_occ=  42
     k-point:     4    nbnd_occ=  42
     k-point:     5    nbnd_occ=  42
     k-point:     6    nbnd_occ=  42
     k-point:     7    nbnd_occ=  42
     k-point:     8    nbnd_occ=  42
     k-point:     9    nbnd_occ=  42
     k-point:    10    nbnd_occ=  42
     k-point:    11    nbnd_occ=  42
     k-point:    12    nbnd_occ=  42
     k-point:    13    nbnd_occ=  42
     k-point:    14    nbnd_occ=  42
     k-point:    15    nbnd_occ=  42
     k-point:    16    nbnd_occ=  42


     q-space interpolation up to   110.00 Rydberg

     GIPAW job: efg                                                                             


     ELECTRIC FIELD GRADIENTS TENSORS IN Hartree/bohrradius^2:

     ----- bare term -----
     Cl   1       -0.124767        0.189940       -0.006995
     Cl   1        0.189940       -0.020905       -0.002916
     Cl   1       -0.006995       -0.002916        0.145672

     C    2        0.005728       -0.106665       -0.425643
     C    2       -0.106665       -0.418706       -0.412624
     C    2       -0.425643       -0.412624        0.412977

     C    3       -0.153056        0.381691       -0.242202
     C    3        0.381691       -0.096404       -0.063597
     C    3       -0.242202       -0.063597        0.249461

     H    4        0.070983       -0.030167       -0.188710
     H    4       -0.030167        0.382269       -0.386345
     H    4       -0.188710       -0.386345       -0.453253

     C    5       -0.037528       -0.060084       -0.572493
     C    5       -0.060084       -0.056547       -0.407330
     C    5       -0.572493       -0.407330        0.094075

     H    6       -0.039936        0.227390        0.247489
     H    6        0.227390       -0.116797       -0.489018
     H    6        0.247489       -0.489018        0.156733

     H    7        0.333470       -0.026953        0.157641
     H    7       -0.026953       -0.208271        0.526588
     H    7        0.157641        0.526588       -0.125198

     C    8       -0.357238       -0.247902       -0.341641
     C    8       -0.247902       -0.089761        0.417609
     C    8       -0.341641        0.417609        0.446999

     H    9       -0.111184        0.158472       -0.388001
     H    9        0.158472        0.469992        0.146905
     H    9       -0.388001        0.146905       -0.358808

     C   10       -0.070375       -0.446409       -0.266849
     C   10       -0.446409       -0.255436        0.518309
     C   10       -0.266849        0.518309        0.325811

     C   11       -0.226503       -0.220792       -0.527489
     C   11       -0.220792        0.036243        0.448589
     C   11       -0.527489        0.448589        0.190260

     Cl  12       -0.052028       -0.113720       -0.107718
     Cl  12       -0.113720        0.036319        0.119517
     Cl  12       -0.107718        0.119517        0.015708

     H   13        0.396093       -0.097540       -0.039421
     H   13       -0.097540       -0.591758       -0.372111
     H   13       -0.039421       -0.372111        0.195664

     C   14       -0.502981        0.280166       -0.403659
     C   14        0.280166       -0.047782       -0.281926
     C   14       -0.403659       -0.281926        0.550763

     H   15       -0.025771       -0.154694       -0.410986
     H   15       -0.154694        0.395727       -0.357154
     H   15       -0.410986       -0.357154       -0.369956

     C   16       -0.368061        0.279712       -0.303280
     C   16        0.279712       -0.118412       -0.386307
     C   16       -0.303280       -0.386307        0.486473

     C   17       -0.067942        0.288979       -0.108629
     C   17        0.288979       -0.351362       -0.479865
     C   17       -0.108629       -0.479865        0.419305

     Cl  18       -0.098174       -0.023086       -0.056804
     Cl  18       -0.023086       -0.056675       -0.119540
     Cl  18       -0.056804       -0.119540        0.154850

     H   19       -0.069894        0.458979        0.000916
     H   19        0.458979       -0.342989        0.268924
     H   19        0.000916        0.268924        0.412883

     C   20       -0.009654       -0.489601       -0.247206
     C   20       -0.489601       -0.376233        0.281174
     C   20       -0.247206        0.281174        0.385887

     H   21       -0.698411        0.120399        0.100429
     H   21        0.120399        0.427551        0.165383
     H   21        0.100429        0.165383        0.270860

     C   22       -0.002399       -0.041662       -0.443474
     C   22       -0.041662       -0.334924        0.484265
     C   22       -0.443474        0.484265        0.337323

     C   23       -0.248306       -0.118438       -0.351820
     C   23       -0.118438       -0.103559        0.464755
     C   23       -0.351820        0.464755        0.351865

     Cl  24       -0.016348       -0.037629       -0.052849
     Cl  24       -0.037629        0.061037        0.054788
     Cl  24       -0.052849        0.054788       -0.044689

     ----- ionic term -----
     Cl   1        0.173259       -0.203135        0.052572
     Cl   1       -0.203135       -0.035244       -0.018727
     Cl   1        0.052572       -0.018727       -0.138014

     C    2        0.157996       -0.223418        0.322207
     C    2       -0.223418        0.045730        0.392430
     C    2        0.322207        0.392430       -0.203725

     C    3        0.070526       -0.252238        0.256649
     C    3       -0.252238        0.154076        0.378101
     C    3        0.256649        0.378101       -0.224602

     H    4        0.331233        0.394544        0.736837
     H    4        0.394544       -0.313997        0.382042
     H    4        0.736837        0.382042       -0.017237

     C    5        0.166703       -0.245961        0.380958
     C    5       -0.245961        0.036360        0.249798
     C    5        0.380958        0.249798       -0.203062

     H    6       -0.521306       -0.041766        0.018148
     H    6       -0.041766        0.716099        0.658524
     H    6        0.018148        0.658524       -0.194793

     H    7       -0.508441        0.034993        0.001867
     H    7        0.034993        0.551499       -0.739940
     H    7        0.001867       -0.739940       -0.043058

     C    8        0.237961        0.243170        0.307117
     C    8        0.243170        0.105326       -0.260964
     C    8        0.307117       -0.260964       -0.343287

     H    9        0.496049       -0.360444        0.742635
     H    9       -0.360444       -0.381062       -0.306658
     H    9        0.742635       -0.306658       -0.114987

     C   10        0.082729        0.255155        0.242052
     C   10        0.255155        0.237914       -0.339938
     C   10        0.242052       -0.339938       -0.320643

     C   11        0.175121        0.212341        0.238776
     C   11        0.212341        0.135939       -0.321205
     C   11        0.238776       -0.321205       -0.311059

     Cl  12        0.114534        0.199574        0.025137
     Cl  12        0.199574        0.021606        0.008579
     Cl  12        0.025137        0.008579       -0.136140

     H   13       -0.524039        0.024725        0.022057
     H   13        0.024725        0.713404        0.674835
     H   13        0.022057        0.674835       -0.189365

     C   14        0.212412       -0.244566        0.376314
     C   14       -0.244566        0.061559        0.244547
     C   14        0.376314        0.244547       -0.273971

     H   15        0.325502        0.308302        0.772324
     H   15        0.308302       -0.397494        0.318853
     H   15        0.772324        0.318853        0.071991

     C   16        0.084976       -0.303152        0.282078
     C   16       -0.303152        0.184398        0.328215
     C   16        0.282078        0.328215       -0.269374

     C   17        0.028394       -0.247341        0.343139
     C   17       -0.247341        0.158260        0.365306
     C   17        0.343139        0.365306       -0.186654

     Cl  18        0.107519       -0.209370        0.043227
     Cl  18       -0.209370        0.035214       -0.028959
     Cl  18        0.043227       -0.028959       -0.142733

     H   19       -0.496478       -0.186083        0.097497
     H   19       -0.186083        0.639505       -0.673217
     H   19        0.097497       -0.673217       -0.143027

     C   20        0.230702        0.215138        0.221692
     C   20        0.215138        0.129030       -0.280519
     C   20        0.221692       -0.280519       -0.359732

     H   21        0.787584       -0.246526        0.556043
     H   21       -0.246526       -0.445467       -0.170694
     H   21        0.556043       -0.170694       -0.342117

     C   22        0.146595        0.206166        0.179718
     C   22        0.206166        0.294987       -0.365886
     C   22        0.179718       -0.365886       -0.441582

     C   23        0.149848        0.122616        0.337997
     C   23        0.122616        0.233257       -0.353452
     C   23        0.337997       -0.353452       -0.383105

     Cl  24        0.094162        0.207538        0.023798
     Cl  24        0.207538        0.066040        0.012636
     Cl  24        0.023798        0.012636       -0.160202

     ----- GIPAW term -----
     Cl   1       -1.025083       -0.940956       -0.368331
     Cl   1       -0.940956       -1.226532        0.936447
     Cl   1       -0.368331        0.936447        2.251615

     C    2       -0.023730       -0.105353       -0.172434
     C    2       -0.105353       -0.167784       -0.017894
     C    2       -0.172434       -0.017894        0.191514

     C    3        0.001264        0.018367       -0.149834
     C    3        0.018367       -0.085447        0.025395
     C    3       -0.149834        0.025395        0.084183

     H    4       -0.000000        0.000000        0.000000
     H    4        0.000000        0.000000        0.000000
     H    4        0.000000        0.000000        0.000000

     C    5        0.200831       -0.014175       -0.214542
     C    5       -0.014175       -0.144712       -0.066715
     C    5       -0.214542       -0.066715       -0.056118

     H    6       -0.000000        0.000000        0.000000
     H    6        0.000000        0.000000        0.000000
     H    6        0.000000        0.000000        0.000000

     H    7       -0.000000        0.000000        0.000000
     H    7        0.000000        0.000000        0.000000
     H    7        0.000000        0.000000        0.000000

     C    8       -0.052657       -0.044437       -0.065431
     C    8       -0.044437       -0.050279        0.100571
     C    8       -0.065431        0.100571        0.102937

     H    9       -0.000000        0.000000        0.000000
     H    9        0.000000        0.000000        0.000000
     H    9        0.000000        0.000000        0.000000

     C   10       -0.024520       -0.150095       -0.156444
     C   10       -0.150095       -0.045841        0.175742
     C   10       -0.156444        0.175742        0.070362

     C   11        0.004574       -0.067210       -0.167057
     C   11       -0.067210        0.076711        0.171110
     C   11       -0.167057        0.171110       -0.081285

     Cl  12        0.280689        0.336635       -1.186786
     Cl  12        0.336635        0.933621        1.890712
     Cl  12       -1.186786        1.890712       -1.214309

     H   13       -0.000000        0.000000        0.000000
     H   13        0.000000        0.000000        0.000000
     H   13        0.000000        0.000000        0.000000

     C   14       -0.097514        0.041741       -0.105544
     C   14        0.041741       -0.054044       -0.032295
     C   14       -0.105544       -0.032295        0.151558

     H   15       -0.000000        0.000000        0.000000
     H   15        0.000000        0.000000        0.000000
     H   15        0.000000        0.000000        0.000000

     C   16       -0.128899        0.032046       -0.067895
     C   16        0.032046       -0.022076       -0.037350
     C   16       -0.067895       -0.037350        0.150975

     C   17        0.104058       -0.067318        0.082275
     C   17       -0.067318       -0.117954       -0.070285
     C   17        0.082275       -0.070285        0.013897

     Cl  18       -0.193077       -2.006766       -0.157914
     Cl  18       -2.006766       -0.406267       -1.700371
     Cl  18       -0.157914       -1.700371        0.599343

     H   19       -0.000000        0.000000        0.000000
     H   19        0.000000        0.000000        0.000000
     H   19        0.000000        0.000000        0.000000

     C   20        0.191420       -0.158512       -0.139754
     C   20       -0.158512       -0.160038        0.075978
     C   20       -0.139754        0.075978       -0.031381

     H   21       -0.000000        0.000000        0.000000
     H   21        0.000000        0.000000        0.000000
     H   21        0.000000        0.000000        0.000000

     C   22        0.066643        0.011034       -0.254021
     C   22        0.011034       -0.140596        0.069347
     C   22       -0.254021        0.069347        0.073953

     C   23        0.037592        0.116325       -0.086577
     C   23        0.116325       -0.020648        0.065388
     C   23       -0.086577        0.065388       -0.016944

     Cl  24        1.183309        1.844557       -0.374200
     Cl  24        1.844557        0.658485        0.481381
     Cl  24       -0.374200        0.481381       -1.841794

     ----- total EFG -----
     Cl   1       -0.976591       -0.954151       -0.322754
     Cl   1       -0.954151       -1.282681        0.914804
     Cl   1       -0.322754        0.914804        2.259273

     C    2        0.139994       -0.435436       -0.275870
     C    2       -0.435436       -0.540760       -0.038088
     C    2       -0.275870       -0.038088        0.400766

     C    3       -0.081266        0.147819       -0.135387
     C    3        0.147819       -0.027776        0.339899
     C    3       -0.135387        0.339899        0.109042

     H    4        0.402217        0.364377        0.548127
     H    4        0.364377        0.068273       -0.004303
     H    4        0.548127       -0.004303       -0.470489

     C    5        0.330006       -0.320220       -0.406077
     C    5       -0.320220       -0.164899       -0.224246
     C    5       -0.406077       -0.224246       -0.165106

     H    6       -0.561241        0.185623        0.265637
     H    6        0.185623        0.599302        0.169505
     H    6        0.265637        0.169505       -0.038060

     H    7       -0.174971        0.008040        0.159509
     H    7        0.008040        0.343228       -0.213352
     H    7        0.159509       -0.213352       -0.168256

     C    8       -0.171934       -0.049168       -0.099955
     C    8       -0.049168       -0.034714        0.257217
     C    8       -0.099955        0.257217        0.206648

     H    9        0.384865       -0.201973        0.354634
     H    9       -0.201973        0.088930       -0.159753
     H    9        0.354634       -0.159753       -0.473795

     C   10       -0.012166       -0.341350       -0.181242
     C   10       -0.341350       -0.063364        0.354113
     C   10       -0.181242        0.354113        0.075530

     C   11       -0.046808       -0.075661       -0.455770
     C   11       -0.075661        0.248893        0.298494
     C   11       -0.455770        0.298494       -0.202085

     Cl  12        0.343195        0.422489       -1.269368
     Cl  12        0.422489        0.991546        2.018808
     Cl  12       -1.269368        2.018808       -1.334741

     H   13       -0.127946       -0.072815       -0.017364
     H   13       -0.072815        0.121646        0.302724
     H   13       -0.017364        0.302724        0.006300

     C   14       -0.388084        0.077341       -0.132888
     C   14        0.077341       -0.040267       -0.069674
     C   14       -0.132888       -0.069674        0.428350

     H   15        0.299731        0.153608        0.361338
     H   15        0.153608       -0.001767       -0.038302
     H   15        0.361338       -0.038302       -0.297964

     C   16       -0.411984        0.008606       -0.089097
     C   16        0.008606        0.043910       -0.095442
     C   16       -0.089097       -0.095442        0.368074

     C   17        0.064509       -0.025680        0.316785
     C   17       -0.025680       -0.311057       -0.184844
     C   17        0.316785       -0.184844        0.246548

     Cl  18       -0.183732       -2.239221       -0.171490
     Cl  18       -2.239221       -0.427728       -1.848870
     Cl  18       -0.171490       -1.848870        0.611461

     H   19       -0.566372        0.272896        0.098413
     H   19        0.272896        0.296516       -0.404294
     H   19        0.098413       -0.404294        0.269856

     C   20        0.412468       -0.432975       -0.165268
     C   20       -0.432975       -0.407242        0.076633
     C   20       -0.165268        0.076633       -0.005226

     H   21        0.089173       -0.126126        0.656472
     H   21       -0.126126       -0.017916       -0.005312
     H   21        0.656472       -0.005312       -0.071258

     C   22        0.210839        0.175538       -0.517777
     C   22        0.175538       -0.180533        0.187726
     C   22       -0.517777        0.187726       -0.030306

     C   23       -0.060866        0.120502       -0.100400
     C   23        0.120502        0.109050        0.176691
     C   23       -0.100400        0.176691       -0.048184

     Cl  24        1.261124        2.014465       -0.403252
     Cl  24        2.014465        0.785561        0.548805
     Cl  24       -0.403252        0.548805       -2.046685

     ----- total EFG (symmetrized) -----
     Cl   1       -0.976591       -0.954151       -0.322754
     Cl   1       -0.954151       -1.282681        0.914804
     Cl   1       -0.322754        0.914804        2.259273

     C    2        0.139994       -0.435436       -0.275870
     C    2       -0.435436       -0.540760       -0.038088
     C    2       -0.275870       -0.038088        0.400766

     C    3       -0.081266        0.147819       -0.135387
     C    3        0.147819       -0.027776        0.339899
     C    3       -0.135387        0.339899        0.109042

     H    4        0.402217        0.364377        0.548127
     H    4        0.364377        0.068273       -0.004303
     H    4        0.548127       -0.004303       -0.470489

     C    5        0.330006       -0.320220       -0.406077
     C    5       -0.320220       -0.164899       -0.224246
     C    5       -0.406077       -0.224246       -0.165106

     H    6       -0.561241        0.185623        0.265637
     H    6        0.185623        0.599302        0.169505
     H    6        0.265637        0.169505       -0.038060

     H    7       -0.174971        0.008040        0.159509
     H    7        0.008040        0.343228       -0.213352
     H    7        0.159509       -0.213352       -0.168256

     C    8       -0.171934       -0.049168       -0.099955
     C    8       -0.049168       -0.034714        0.257217
     C    8       -0.099955        0.257217        0.206648

     H    9        0.384865       -0.201973        0.354634
     H    9       -0.201973        0.088930       -0.159753
     H    9        0.354634       -0.159753       -0.473795

     C   10       -0.012166       -0.341350       -0.181242
     C   10       -0.341350       -0.063364        0.354113
     C   10       -0.181242        0.354113        0.075530

     C   11       -0.046808       -0.075661       -0.455770
     C   11       -0.075661        0.248893        0.298494
     C   11       -0.455770        0.298494       -0.202085

     Cl  12        0.343195        0.422489       -1.269368
     Cl  12        0.422489        0.991546        2.018808
     Cl  12       -1.269368        2.018808       -1.334741

     H   13       -0.127946       -0.072815       -0.017364
     H   13       -0.072815        0.121646        0.302724
     H   13       -0.017364        0.302724        0.006300

     C   14       -0.388084        0.077341       -0.132888
     C   14        0.077341       -0.040267       -0.069674
     C   14       -0.132888       -0.069674        0.428350

     H   15        0.299731        0.153608        0.361338
     H   15        0.153608       -0.001767       -0.038302
     H   15        0.361338       -0.038302       -0.297964

     C   16       -0.411984        0.008606       -0.089097
     C   16        0.008606        0.043910       -0.095442
     C   16       -0.089097       -0.095442        0.368074

     C   17        0.064509       -0.025680        0.316785
     C   17       -0.025680       -0.311057       -0.184844
     C   17        0.316785       -0.184844        0.246548

     Cl  18       -0.183732       -2.239221       -0.171490
     Cl  18       -2.239221       -0.427728       -1.848870
     Cl  18       -0.171490       -1.848870        0.611461

     H   19       -0.566372        0.272896        0.098413
     H   19        0.272896        0.296516       -0.404294
     H   19        0.098413       -0.404294        0.269856

     C   20        0.412468       -0.432975       -0.165268
     C   20       -0.432975       -0.407242        0.076633
     C   20       -0.165268        0.076633       -0.005226

     H   21        0.089173       -0.126126        0.656472
     H   21       -0.126126       -0.017916       -0.005312
     H   21        0.656472       -0.005312       -0.071258

     C   22        0.210839        0.175538       -0.517777
     C   22        0.175538       -0.180533        0.187726
     C   22       -0.517777        0.187726       -0.030306

     C   23       -0.060866        0.120502       -0.100400
     C   23        0.120502        0.109050        0.176691
     C   23       -0.100400        0.176691       -0.048184

     Cl  24        1.261124        2.014465       -0.403252
     Cl  24        2.014465        0.785561        0.548805
     Cl  24       -0.403252        0.548805       -2.046685


     NQR/NMR SPECTROSCOPIC PARAMETERS:
     Cl   1    Vxx=   -0.4135    axis=( -0.780284  0.556816 -0.284803)
     Cl   1    Vyy=   -2.1544    axis=(  0.605143  0.787187 -0.118907)
     Cl   1    Vzz=    2.5679    axis=( -0.157985  0.265128  0.951183)
     Cl   1  Q=        -8.1650 1e-30 m^2  Cq=       -49.2632 MHz  eta= 0.67794

     C    2    Vxx=    0.1555    axis=( -0.632173  0.430601 -0.644158)
     C    2    Vyy=    0.6189    axis=(  0.624142 -0.209632 -0.752663)
     C    2    Vzz=   -0.7744    axis=(  0.459134  0.877859  0.136232)
     C    2  Q=         1.0000 1e-30 m^2  Cq=        -1.8196 MHz  eta= 0.59843

     C    3    Vxx=    0.0356    axis=(  0.862556  0.408163 -0.298998)
     C    3    Vyy=    0.3876    axis=( -0.027001  0.627242  0.778356)
     C    3    Vzz=   -0.4233    axis=(  0.505241 -0.663302  0.552053)
     C    3  Q=         1.0000 1e-30 m^2  Cq=        -0.9945 MHz  eta= 0.83172

     H    4    Vxx=   -0.0437    axis=( -0.277350  0.888678 -0.365143)
     H    4    Vyy=   -0.7692    axis=( -0.466815  0.207531  0.859660)
     H    4    Vzz=    0.8129    axis=(  0.839739  0.408880  0.357289)
     H    4  Q=         1.0000 1e-30 m^2  Cq=         1.9099 MHz  eta= 0.89253

     C    5    Vxx=    0.0550    axis=(  0.069356 -0.759965  0.646253)
     C    5    Vyy=    0.6027    axis=( -0.883707  0.253775  0.393268)
     C    5    Vzz=   -0.6577    axis=( -0.462873 -0.598374 -0.653986)
     C    5  Q=         1.0000 1e-30 m^2  Cq=        -1.5453 MHz  eta= 0.83270

     H    6    Vxx=   -0.0099    axis=(  0.312050 -0.341737  0.886477)
     H    6    Vyy=   -0.6817    axis=(  0.928735 -0.086887 -0.360420)
     H    6    Vzz=    0.6916    axis=(  0.200192  0.935770  0.290270)
     H    6  Q=         1.0000 1e-30 m^2  Cq=         1.6250 MHz  eta= 0.97138

     H    7    Vxx=   -0.0563    axis=(  0.775958  0.284895  0.562782)
     H    7    Vyy=   -0.3681    axis=( -0.625357  0.230666  0.745467)
     H    7    Vzz=    0.4244    axis=(  0.082565 -0.930391  0.357148)
     H    7  Q=         1.0000 1e-30 m^2  Cq=         0.9972 MHz  eta= 0.73454

     C    8    Vxx=   -0.1838    axis=(  0.754890  0.619635 -0.214928)
     C    8    Vyy=   -0.2080    axis=( -0.626869  0.585346 -0.514203)
     C    8    Vzz=    0.3918    axis=( -0.192811  0.522898  0.830302)
     C    8  Q=         1.0000 1e-30 m^2  Cq=         0.9207 MHz  eta= 0.06170

     H    9    Vxx=   -0.0131    axis=(  0.435781  0.899747  0.023453)
     H    9    Vyy=   -0.6117    axis=( -0.309927  0.125544  0.942435)
     H    9    Vzz=    0.6248    axis=(  0.845009 -0.417964  0.333566)
     H    9  Q=         1.0000 1e-30 m^2  Cq=         1.4679 MHz  eta= 0.95820

     C   10    Vxx=   -0.1505    axis=( -0.706516  0.086663 -0.702370)
     C   10    Vyy=   -0.4373    axis=( -0.475155 -0.793597  0.380041)
     C   10    Vzz=    0.5878    axis=( -0.524464  0.602240  0.601867)
     C   10  Q=         1.0000 1e-30 m^2  Cq=         1.3811 MHz  eta= 0.48801

     C   11    Vxx=    0.0668    axis=(  0.635694  0.720121 -0.278063)
     C   11    Vyy=    0.5596    axis=(  0.502492 -0.659470 -0.559107)
     C   11    Vzz=   -0.6265    axis=( -0.585999  0.215697 -0.781076)
     C   11  Q=         1.0000 1e-30 m^2  Cq=        -1.4719 MHz  eta= 0.78660

     Cl  12    Vxx=    0.8083    axis=(  0.914177  0.339048 -0.222095)
     Cl  12    Vyy=    2.2067    axis=( -0.176685  0.826508  0.534478)
     Cl  12    Vzz=   -3.0150    axis=(  0.364777 -0.449367  0.815480)
     Cl  12  Q=        -8.1650 1e-30 m^2  Cq=        57.8414 MHz  eta= 0.46383

     H   13    Vxx=   -0.1276    axis=(  0.954162 -0.073594  0.290103)
     H   13    Vyy=   -0.2534    axis=( -0.268966 -0.635997  0.723302)
     H   13    Vzz=    0.3810    axis=( -0.131273  0.768175  0.626638)
     H   13  Q=         1.0000 1e-30 m^2  Cq=         0.8953 MHz  eta= 0.33020

     C   14    Vxx=   -0.0419    axis=( -0.146013 -0.971786 -0.185235)
     C   14    Vyy=   -0.4207    axis=(  0.975160 -0.172909  0.138443)
     C   14    Vzz=    0.4626    axis=( -0.166566 -0.160419  0.972893)
     C   14  Q=         1.0000 1e-30 m^2  Cq=         1.0869 MHz  eta= 0.81873

     H   15    Vxx=   -0.0111    axis=( -0.130355  0.947864 -0.290796)
     H   15    Vyy=   -0.4892    axis=(  0.440428 -0.207413 -0.873501)
     H   15    Vzz=    0.5004    axis=( -0.888274 -0.241940 -0.390428)
     H   15  Q=         1.0000 1e-30 m^2  Cq=         1.1757 MHz  eta= 0.95547

     C   16    Vxx=    0.0184    axis=( -0.033511  0.966304  0.255213)
     C   16    Vyy=    0.4036    axis=( -0.107618 -0.257360  0.960304)
     C   16    Vzz=   -0.4220    axis=(  0.993627  0.004716  0.112616)
     C   16  Q=         1.0000 1e-30 m^2  Cq=        -0.9916 MHz  eta= 0.91279

     C   17    Vxx=   -0.1363    axis=( -0.794028 -0.382763  0.472241)
     C   17    Vyy=   -0.3814    axis=( -0.213205  0.902873  0.373316)
     C   17    Vzz=    0.5177    axis=(  0.569265 -0.195739  0.798513)
     C   17  Q=         1.0000 1e-30 m^2  Cq=         1.2164 MHz  eta= 0.47353

     Cl  18    Vxx=    0.4436    axis=( -0.660660  0.128438  0.739616)
     Cl  18    Vyy=    2.7124    axis=(  0.488632 -0.674380  0.553579)
     Cl  18    Vzz=   -3.1560    axis=( -0.569883 -0.727128 -0.382777)
     Cl  18  Q=        -8.1650 1e-30 m^2  Cq=        60.5462 MHz  eta= 0.71890

     H   19    Vxx=   -0.0053    axis=( -0.405846 -0.579643 -0.706614)
     H   19    Vyy=   -0.6962    axis=( -0.907652  0.346176  0.237341)
     H   19    Vzz=    0.7015    axis=(  0.107040  0.737683 -0.666608)
     H   19  Q=         1.0000 1e-30 m^2  Cq=         1.6481 MHz  eta= 0.98498

     C   20    Vxx=   -0.0558    axis=(  0.249735 -0.097615  0.963381)
     C   20    Vyy=   -0.5936    axis=( -0.394034 -0.919052  0.009021)
     C   20    Vzz=    0.6495    axis=(  0.884517 -0.381858 -0.267983)
     C   20  Q=         1.0000 1e-30 m^2  Cq=         1.5260 MHz  eta= 0.82806

     H   21    Vxx=   -0.0217    axis=(  0.021912  0.982483  0.185060)
     H   21    Vyy=   -0.6623    axis=( -0.664521 -0.123984  0.736913)
     H   21    Vzz=    0.6841    axis=(  0.746949 -0.139124  0.650163)
     H   21  Q=         1.0000 1e-30 m^2  Cq=         1.6073 MHz  eta= 0.93647

     C   22    Vxx=   -0.0240    axis=(  0.303672  0.851961  0.426551)
     C   22    Vyy=   -0.5985    axis=( -0.536948  0.522857 -0.662048)
     C   22    Vzz=    0.6225    axis=( -0.787064 -0.027990  0.616236)
     C   22  Q=         1.0000 1e-30 m^2  Cq=         1.4626 MHz  eta= 0.92297

     C   23    Vxx=    0.0388    axis=(  0.787049  0.153028 -0.597608)
     C   23    Vyy=    0.2329    axis=( -0.191445 -0.860322 -0.472434)
     C   23    Vzz=   -0.2717    axis=( -0.586431  0.486238 -0.647820)
     C   23  Q=         1.0000 1e-30 m^2  Cq=        -0.6384 MHz  eta= 0.71440

     Cl  24    Vxx=   -0.6711    axis=( -0.601585  0.665477  0.441856)
     Cl  24    Vyy=   -2.3815    axis=(  0.285794 -0.337222  0.896997)
     Cl  24    Vzz=    3.0526    axis=( -0.745934 -0.665899 -0.012678)
     Cl  24  Q=        -8.1650 1e-30 m^2  Cq=       -58.5625 MHz  eta= 0.56030

     Initialization:
     gipaw_setup  :      9.26s CPU     11.02s WALL (       1 calls)

     Linear response

     Apply operators

     Induced current

     Other routines
     efg          :      9.43s CPU     12.13s WALL (       1 calls)

     General routines
     calbec       :      3.31s CPU      4.55s WALL (      16 calls)
     fft          :      1.30s CPU      1.57s WALL (      15 calls)
     ffts         :      0.05s CPU      0.06s WALL (       2 calls)
     fftw         :      3.39s CPU      3.95s WALL (     672 calls)
     davcio       :      0.03s CPU      0.35s WALL (      32 calls)

     Parallel routines
     fft_scatter  :      1.92s CPU      2.52s WALL (     689 calls)

     Plugins

     GIPAW        :     60.89s CPU     70.80s WALL (       1 calls)
