
     Program QE v.6.0 (svn rev. 13079) starts on 17Dec2016 at  7:41:20 

     This program is part of the open-source Quantum ESPRESSO suite
     for quantum simulation of materials; please cite
         "P. Giannozzi et al., J. Phys.:Condens. Matter 21 395502 (2009);
          URL http://www.quantum-espresso.org", 
     in publications or presentations arising from this work. More details at
     http://www.quantum-espresso.org/quote

     Parallel version (MPI), running on     8 processors
     R & G space division:  proc/nbgrp/npool/nimage =       8

     ***** This is GIPAW svn revision unknown      *****

     Parallelizing q-star over 1 images

     Reading data from directory:
     /users/majewski/paradichlorobenzene/pbe/9_constraint/scratch/pbe.ecut100.np8.dt60.pcl2phi-129368.save
     Message from routine read_xml_file:
     file /users/majewski/paradichlorobenzene/pbe/9_constraint/scratch/pbe.ecut100.np8.dt60.pcl2phi-129368.save not guaranteed to be safe for post-processing

   Info: using nr1, nr2, nr3 values from input

   Info: using nr1, nr2, nr3 values from input

     IMPORTANT: XC functional enforced from input :
     Exchange-correlation      =  SLA  PW   PBX  PBC ( 1  4  3  4 0 0)
     Any further DFT definition will be discarded
     Please, verify this is what you really want

               file C.pbe-n-kjpaw_psl.1.0.0.UPF: wavefunction(s)  2S 2P renormalized
               file Cl.pbe-n-kjpaw_psl.1.0.0.UPF: wavefunction(s)  3S 3P renormalized
               file H.pbe-kjpaw_psl.1.0.0.UPF: wavefunction(s)  1S renormalized

     Parallelization info
     --------------------
     sticks:   dense  smooth     PW     G-vecs:    dense   smooth      PW
     Min        3057    1223    332               144436    36536    5170
     Max        3059    1225    333               144437    36537    5171
     Sum       24467    9791   2657              1155489   292295   41363


     Subspace diagonalization in iterative solution of the eigenvalue problem:
     a serial algorithm will be used

     GIPAW projectors -----------------------------------------------
     atom=  C    l=0  rc=    1.2000  rs=    0.8000
     atom=  C    l=0  rc=    1.2000  rs=    0.8000
     atom=  C    l=1  rc=    1.4000  rs=    0.9333
     atom=  C    l=1  rc=    1.4000  rs=    0.9333
     projs nearly linearly dependent: l=1  n1,n2= 1, 2  s=  0.99951561

     atom=  Cl   l=0  rc=    1.6000  rs=    1.0667
     atom=  Cl   l=0  rc=    1.6000  rs=    1.0667
     atom=  Cl   l=1  rc=    1.6000  rs=    1.0667
     atom=  Cl   l=1  rc=    1.6000  rs=    1.0667
     atom=  Cl   l=2  rc=    1.6000  rs=    1.0667
     atom=  Cl   l=2  rc=    1.6000  rs=    1.0667
     projs nearly linearly dependent: l=2  n1,n2= 1, 2  s=  0.99993509

     atom=  H    l=0  rc=    1.0000  rs=    0.6667
     atom=  H    l=0  rc=    1.0000  rs=    0.6667
     projs nearly linearly dependent: l=0  n1,n2= 1, 2  s=  0.99968852
     -----------------------------------------------------------------

     GIPAW integrals: -------------------------------------------
     Atom  i/j   nmr_para   nmr_dia   epr_rmc  epr_para   epr_dia
       C   1 1   0.83E+03  0.17E-01  0.93E+01  0.24E+08  0.24E+03
       C   2 1   0.86E+03 -0.61E-01  0.94E+01  0.25E+08  0.25E+03
       C   2 2   0.90E+03 -0.15E+00  0.97E+01  0.26E+08  0.26E+03
       C   3 3   0.33E+01  0.34E+00  0.18E+01  0.55E+03  0.21E+02
       C   4 3   0.35E+01  0.37E+00  0.20E+01  0.59E+03  0.22E+02
       C   4 4   0.38E+01  0.39E+00  0.22E+01  0.63E+03  0.24E+02
       Cl  1 1   0.14E+04 -0.47E+00  0.84E+01  0.32E+09  0.42E+03
       Cl  2 1   0.21E+04 -0.37E+00  0.12E+02  0.49E+09  0.65E+03
       Cl  2 2   0.33E+04 -0.16E+00  0.21E+02  0.76E+09  0.10E+04
       Cl  3 3   0.21E+02  0.79E-01  0.89E+01  0.23E+05  0.13E+03
       Cl  4 3   0.24E+02  0.67E-01  0.99E+01  0.27E+05  0.15E+03
       Cl  4 4   0.28E+02  0.44E-01  0.11E+02  0.32E+05  0.18E+03
       Cl  5 5   0.77E+00  0.19E+00  0.18E+01  0.12E+03  0.22E+02
       Cl  6 5   0.80E+00  0.19E+00  0.19E+01  0.12E+03  0.23E+02
       Cl  6 6   0.83E+00  0.20E+00  0.19E+01  0.12E+03  0.23E+02
       H   1 1   0.39E+02  0.19E+00  0.29E+00  0.78E+05  0.13E+02
       H   2 1   0.41E+02  0.21E+00  0.32E+00  0.82E+05  0.14E+02
       H   2 2   0.43E+02  0.22E+00  0.36E+00  0.86E+05  0.15E+02
     ------------------------------------------------------------

     alpha_pv=     33.5828 eV

     Number of occupied bands for each k-point:
     k-point:     1    nbnd_occ=  42
     k-point:     2    nbnd_occ=  42
     k-point:     3    nbnd_occ=  42
     k-point:     4    nbnd_occ=  42
     k-point:     5    nbnd_occ=  42
     k-point:     6    nbnd_occ=  42
     k-point:     7    nbnd_occ=  42
     k-point:     8    nbnd_occ=  42
     k-point:     9    nbnd_occ=  42
     k-point:    10    nbnd_occ=  42
     k-point:    11    nbnd_occ=  42
     k-point:    12    nbnd_occ=  42
     k-point:    13    nbnd_occ=  42
     k-point:    14    nbnd_occ=  42
     k-point:    15    nbnd_occ=  42
     k-point:    16    nbnd_occ=  42


     q-space interpolation up to   110.00 Rydberg

     GIPAW job: efg                                                                             


     ELECTRIC FIELD GRADIENTS TENSORS IN Hartree/bohrradius^2:

     ----- bare term -----
     Cl   1        0.021907       -0.106013       -0.130780
     Cl   1       -0.106013       -0.065564        0.014369
     Cl   1       -0.130780        0.014369        0.043657

     C    2       -0.640307        0.276706       -0.365351
     C    2        0.276706        0.046915       -0.107238
     C    2       -0.365351       -0.107238        0.593392

     C    3        0.047699        0.059936       -0.138066
     C    3        0.059936       -0.554004       -0.353128
     C    3       -0.138066       -0.353128        0.506305

     H    4       -0.494460       -0.351890       -0.014695
     H    4       -0.351890        0.385338       -0.050154
     H    4       -0.014695       -0.050154        0.109122

     C    5       -0.837845        0.285166       -0.439984
     C    5        0.285166        0.214155        0.033769
     C    5       -0.439984        0.033769        0.623691

     H    6        0.415862       -0.120509        0.002570
     H    6       -0.120509       -0.577113       -0.506299
     H    6        0.002570       -0.506299        0.161250

     H    7        0.390894        0.198215       -0.028368
     H    7        0.198215       -0.669346        0.316006
     H    7       -0.028368        0.316006        0.278452

     C    8       -0.310790       -0.149572       -0.329755
     C    8       -0.149572       -0.048956        0.518119
     C    8       -0.329755        0.518119        0.359746

     H    9       -0.108398        0.209911       -0.446614
     H    9        0.209911        0.222752        0.428079
     H    9       -0.446614        0.428079       -0.114354

     C   10       -0.481826       -0.342931       -0.334321
     C   10       -0.342931       -0.013891        0.236289
     C   10       -0.334321        0.236289        0.495718

     C   11       -0.078816        0.046749       -0.364990
     C   11        0.046749       -0.159846        0.555917
     C   11       -0.364990        0.555917        0.238663

     Cl  12       -0.133575       -0.194723       -0.004203
     Cl  12       -0.194723        0.155255       -0.023787
     Cl  12       -0.004203       -0.023787       -0.021680

     H   13        0.281136        0.233688        0.190541
     H   13        0.233688       -0.339836       -0.566312
     H   13        0.190541       -0.566312        0.058699

     C   14       -0.061508       -0.157856       -0.319075
     C   14       -0.157856       -0.228756       -0.294862
     C   14       -0.319075       -0.294862        0.290264

     H   15       -0.017550       -0.204170       -0.375034
     H   15       -0.204170       -0.118971       -0.485959
     H   15       -0.375034       -0.485959        0.136522

     C   16       -0.658888        0.348838       -0.353405
     C   16        0.348838        0.239463       -0.040974
     C   16       -0.353405       -0.040974        0.419425

     C   17        0.038832       -0.034219       -0.233233
     C   17       -0.034219       -0.153901       -0.486280
     C   17       -0.233233       -0.486280        0.115069

     Cl  18       -0.142723        0.229655       -0.006560
     Cl  18        0.229655        0.016842       -0.015830
     Cl  18       -0.006560       -0.015830        0.125881

     H   19        0.525980        0.021034       -0.011045
     H   19        0.021034       -0.056648        0.327679
     H   19       -0.011045        0.327679       -0.469332

     C   20       -0.458274       -0.313684       -0.313589
     C   20       -0.313684        0.094528        0.420497
     C   20       -0.313589        0.420497        0.363746

     H   21        0.156750        0.071210       -0.293102
     H   21        0.071210        0.375324       -0.177339
     H   21       -0.293102       -0.177339       -0.532074

     C   22       -0.002188       -0.298177       -0.151148
     C   22       -0.298177       -0.143656        0.406971
     C   22       -0.151148        0.406971        0.145844

     C   23       -0.356811       -0.302689       -0.386671
     C   23       -0.302689        0.053889        0.410071
     C   23       -0.386671        0.410071        0.302922

     Cl  24        0.149110        0.016208        0.006176
     Cl  24        0.016208       -0.072222       -0.260883
     Cl  24        0.006176       -0.260883       -0.076888

     ----- ionic term -----
     Cl   1        0.165563       -0.224184        0.024659
     Cl   1       -0.224184       -0.009648       -0.009529
     Cl   1        0.024659       -0.009529       -0.155915

     C    2        0.204547       -0.154091        0.283711
     C    2       -0.154091        0.144550        0.406641
     C    2        0.283711        0.406641       -0.349097

     C    3        0.159670       -0.192473        0.147825
     C    3       -0.192473        0.230667        0.423859
     C    3        0.147825        0.423859       -0.390338

     H    4        0.539033        0.454135        0.602066
     H    4        0.454135       -0.299408        0.325768
     H    4        0.602066        0.325768       -0.239625

     C    5        0.364926       -0.096367        0.189975
     C    5       -0.096367        0.045244        0.330216
     C    5        0.189975        0.330216       -0.410170

     H    6       -0.504632        0.094128        0.046292
     H    6        0.094128        0.632788        0.725197
     H    6        0.046292        0.725197       -0.128157

     H    7       -0.518311       -0.095614        0.092400
     H    7       -0.095614        0.668374       -0.693655
     H    7        0.092400       -0.693655       -0.150064

     C    8        0.228306        0.243661        0.392839
     C    8        0.243661        0.048055       -0.229175
     C    8        0.392839       -0.229175       -0.276361

     H    9        0.490379       -0.321406        0.697672
     H    9       -0.321406       -0.420603       -0.283164
     H    9        0.697672       -0.283164       -0.069776

     C   10        0.111023        0.274488        0.258666
     C   10        0.274488        0.150899       -0.316411
     C   10        0.258666       -0.316411       -0.261922

     C   11        0.175894        0.227048        0.307269
     C   11        0.227048        0.014051       -0.356350
     C   11        0.307269       -0.356350       -0.189945

     Cl  12        0.169932        0.202318        0.006987
     Cl  12        0.202318       -0.014455       -0.002285
     Cl  12        0.006987       -0.002285       -0.155476

     H   13       -0.528467       -0.019141        0.009264
     H   13       -0.019141        0.788530        0.648196
     H   13        0.009264        0.648196       -0.260064

     C   14        0.342143       -0.213623        0.202442
     C   14       -0.213623        0.017912        0.339653
     C   14        0.202442        0.339653       -0.360055

     H   15        0.643292        0.311899        0.682417
     H   15        0.311899       -0.455897        0.240387
     H   15        0.682417        0.240387       -0.187394

     C   16        0.265113       -0.286680        0.098498
     C   16       -0.286680        0.074897        0.413314
     C   16        0.098498        0.413314       -0.340010

     C   17        0.298664       -0.099129        0.125085
     C   17       -0.099129        0.039161        0.431321
     C   17        0.125085        0.431321       -0.337826

     Cl  18        0.162096       -0.161458       -0.030821
     Cl  18       -0.161458       -0.043539        0.015292
     Cl  18       -0.030821        0.015292       -0.118557

     H   19       -0.515011       -0.115833        0.085045
     H   19       -0.115833        0.557843       -0.737774
     H   19        0.085045       -0.737774       -0.042833

     C   20        0.164050        0.244872        0.341184
     C   20        0.244872        0.045824       -0.272448
     C   20        0.341184       -0.272448       -0.209875

     H   21        0.295412       -0.167132        0.795480
     H   21       -0.167132       -0.447951       -0.235892
     H   21        0.795480       -0.235892        0.152539

     C   22        0.045055        0.329791        0.238498
     C   22        0.329791        0.170522       -0.344348
     C   22        0.238498       -0.344348       -0.215577

     C   23        0.138448        0.240270        0.352992
     C   23        0.240270        0.071293       -0.319435
     C   23        0.352992       -0.319435       -0.209740

     Cl  24        0.117553        0.220106        0.056800
     Cl  24        0.220106        0.018142        0.028756
     Cl  24        0.056800        0.028756       -0.135695

     ----- GIPAW term -----
     Cl   1        1.469295       -2.684703       -1.571043
     Cl   1       -2.684703       -0.785882        0.345010
     Cl   1       -1.571043        0.345010       -0.683413

     C    2       -0.122694       -0.085118       -0.154965
     C    2       -0.085118       -0.051242        0.126820
     C    2       -0.154965        0.126820        0.173936

     C    3       -0.084714       -0.037066       -0.079428
     C    3       -0.037066       -0.138532        0.095118
     C    3       -0.079428        0.095118        0.223246

     H    4       -0.000000        0.000000        0.000000
     H    4        0.000000        0.000000        0.000000
     H    4        0.000000        0.000000        0.000000

     C    5       -0.211735        0.009556       -0.081929
     C    5        0.009556        0.000139        0.170221
     C    5       -0.081929        0.170221        0.211595

     H    6       -0.000000        0.000000        0.000000
     H    6        0.000000        0.000000        0.000000
     H    6        0.000000        0.000000        0.000000

     H    7       -0.000000        0.000000        0.000000
     H    7        0.000000        0.000000        0.000000
     H    7        0.000000        0.000000        0.000000

     C    8       -0.083523       -0.035357       -0.056508
     C    8       -0.035357        0.053252        0.193046
     C    8       -0.056508        0.193046        0.030270

     H    9       -0.000000        0.000000        0.000000
     H    9        0.000000        0.000000        0.000000
     H    9        0.000000        0.000000        0.000000

     C   10       -0.159818       -0.017482       -0.105685
     C   10       -0.017482        0.045266       -0.058310
     C   10       -0.105685       -0.058310        0.114552

     C   11        0.060931        0.158828       -0.070013
     C   11        0.158828        0.004984        0.071960
     C   11       -0.070013        0.071960       -0.065916

     Cl  12        0.498799        0.911472       -0.050748
     Cl  12        0.911472        1.470761       -0.247538
     Cl  12       -0.050748       -0.247538       -1.969560

     H   13       -0.000000        0.000000        0.000000
     H   13        0.000000        0.000000        0.000000
     H   13        0.000000        0.000000        0.000000

     C   14       -0.050068       -0.117501       -0.130010
     C   14       -0.117501       -0.068639        0.107674
     C   14       -0.130010        0.107674        0.118708

     H   15       -0.000000        0.000000        0.000000
     H   15        0.000000        0.000000        0.000000
     H   15        0.000000        0.000000        0.000000

     C   16       -0.143354       -0.102323       -0.107750
     C   16       -0.102323        0.174678        0.134565
     C   16       -0.107750        0.134565       -0.031324

     C   17       -0.072503       -0.074258       -0.010421
     C   17       -0.074258        0.184807        0.129423
     C   17       -0.010421        0.129423       -0.112304

     Cl  18       -0.494610        0.690639       -0.452455
     Cl  18        0.690639        2.304420       -0.903894
     Cl  18       -0.452455       -0.903894       -1.809810

     H   19       -0.000000        0.000000        0.000000
     H   19        0.000000        0.000000        0.000000
     H   19        0.000000        0.000000        0.000000

     C   20       -0.140908       -0.096754       -0.102163
     C   20       -0.096754        0.024529        0.214827
     C   20       -0.102163        0.214827        0.116379

     H   21       -0.000000        0.000000        0.000000
     H   21        0.000000        0.000000        0.000000
     H   21        0.000000        0.000000        0.000000

     C   22       -0.054970       -0.089857       -0.090902
     C   22       -0.089857        0.009151        0.154979
     C   22       -0.090902        0.154979        0.045819

     C   23       -0.108546       -0.032450       -0.096949
     C   23       -0.032450        0.119107        0.210454
     C   23       -0.096949        0.210454       -0.010561

     Cl  24       -0.230076        0.605615       -0.631099
     Cl  24        0.605615        0.168176        1.438813
     Cl  24       -0.631099        1.438813        0.061900

     ----- total EFG -----
     Cl   1        1.656765       -3.014901       -1.677164
     Cl   1       -3.014901       -0.861094        0.349850
     Cl   1       -1.677164        0.349850       -0.795671

     C    2       -0.558455        0.037496       -0.236605
     C    2        0.037496        0.140223        0.426222
     C    2       -0.236605        0.426222        0.418231

     C    3        0.122656       -0.169604       -0.069670
     C    3       -0.169604       -0.461869        0.165849
     C    3       -0.069670        0.165849        0.339213

     H    4        0.044573        0.102245        0.587370
     H    4        0.102245        0.085930        0.275614
     H    4        0.587370        0.275614       -0.130503

     C    5       -0.684654        0.198354       -0.331938
     C    5        0.198354        0.259538        0.534206
     C    5       -0.331938        0.534206        0.425116

     H    6       -0.088769       -0.026381        0.048862
     H    6       -0.026381        0.055675        0.218898
     H    6        0.048862        0.218898        0.033094

     H    7       -0.127417        0.102601        0.064031
     H    7        0.102601       -0.000972       -0.377648
     H    7        0.064031       -0.377648        0.128388

     C    8       -0.166006        0.058732        0.006576
     C    8        0.058732        0.052352        0.481991
     C    8        0.006576        0.481991        0.113655

     H    9        0.381980       -0.111495        0.251057
     H    9       -0.111495       -0.197851        0.144915
     H    9        0.251057        0.144915       -0.184129

     C   10       -0.530621       -0.085924       -0.181341
     C   10       -0.085924        0.182273       -0.138432
     C   10       -0.181341       -0.138432        0.348348

     C   11        0.158009        0.432624       -0.127733
     C   11        0.432624       -0.140811        0.271527
     C   11       -0.127733        0.271527       -0.017198

     Cl  12        0.535155        0.919067       -0.047964
     Cl  12        0.919067        1.611561       -0.273610
     Cl  12       -0.047964       -0.273610       -2.146716

     H   13       -0.247330        0.214547        0.199805
     H   13        0.214547        0.448695        0.081884
     H   13        0.199805        0.081884       -0.201364

     C   14        0.230567       -0.488981       -0.246643
     C   14       -0.488981       -0.279483        0.152465
     C   14       -0.246643        0.152465        0.048916

     H   15        0.625742        0.107729        0.307383
     H   15        0.107729       -0.574869       -0.245572
     H   15        0.307383       -0.245572       -0.050873

     C   16       -0.537129       -0.040165       -0.362658
     C   16       -0.040165        0.489038        0.506906
     C   16       -0.362658        0.506906        0.048091

     C   17        0.264993       -0.207606       -0.118569
     C   17       -0.207606        0.070068        0.074465
     C   17       -0.118569        0.074465       -0.335060

     Cl  18       -0.475237        0.758836       -0.489835
     Cl  18        0.758836        2.277723       -0.904432
     Cl  18       -0.489835       -0.904432       -1.802486

     H   19        0.010970       -0.094799        0.074000
     H   19       -0.094799        0.501195       -0.410095
     H   19        0.074000       -0.410095       -0.512165

     C   20       -0.435131       -0.165565       -0.074568
     C   20       -0.165565        0.164882        0.362876
     C   20       -0.074568        0.362876        0.270250

     H   21        0.452162       -0.095922        0.502378
     H   21       -0.095922       -0.072627       -0.413231
     H   21        0.502378       -0.413231       -0.379535

     C   22       -0.012104       -0.058243       -0.003552
     C   22       -0.058243        0.036016        0.217602
     C   22       -0.003552        0.217602       -0.023913

     C   23       -0.326909       -0.094868       -0.130628
     C   23       -0.094868        0.244288        0.301091
     C   23       -0.130628        0.301091        0.082621

     Cl  24        0.036587        0.841928       -0.568123
     Cl  24        0.841928        0.114096        1.206687
     Cl  24       -0.568123        1.206687       -0.150684

     ----- total EFG (symmetrized) -----
     Cl   1        1.656765       -3.014901       -1.677164
     Cl   1       -3.014901       -0.861094        0.349850
     Cl   1       -1.677164        0.349850       -0.795671

     C    2       -0.558455        0.037496       -0.236605
     C    2        0.037496        0.140223        0.426222
     C    2       -0.236605        0.426222        0.418231

     C    3        0.122656       -0.169604       -0.069670
     C    3       -0.169604       -0.461869        0.165849
     C    3       -0.069670        0.165849        0.339213

     H    4        0.044573        0.102245        0.587370
     H    4        0.102245        0.085930        0.275614
     H    4        0.587370        0.275614       -0.130503

     C    5       -0.684654        0.198354       -0.331938
     C    5        0.198354        0.259538        0.534206
     C    5       -0.331938        0.534206        0.425116

     H    6       -0.088769       -0.026381        0.048862
     H    6       -0.026381        0.055675        0.218898
     H    6        0.048862        0.218898        0.033094

     H    7       -0.127417        0.102601        0.064031
     H    7        0.102601       -0.000972       -0.377648
     H    7        0.064031       -0.377648        0.128388

     C    8       -0.166006        0.058732        0.006576
     C    8        0.058732        0.052352        0.481991
     C    8        0.006576        0.481991        0.113655

     H    9        0.381980       -0.111495        0.251057
     H    9       -0.111495       -0.197851        0.144915
     H    9        0.251057        0.144915       -0.184129

     C   10       -0.530621       -0.085924       -0.181341
     C   10       -0.085924        0.182273       -0.138432
     C   10       -0.181341       -0.138432        0.348348

     C   11        0.158009        0.432624       -0.127733
     C   11        0.432624       -0.140811        0.271527
     C   11       -0.127733        0.271527       -0.017198

     Cl  12        0.535155        0.919067       -0.047964
     Cl  12        0.919067        1.611561       -0.273610
     Cl  12       -0.047964       -0.273610       -2.146716

     H   13       -0.247330        0.214547        0.199805
     H   13        0.214547        0.448695        0.081884
     H   13        0.199805        0.081884       -0.201364

     C   14        0.230567       -0.488981       -0.246643
     C   14       -0.488981       -0.279483        0.152465
     C   14       -0.246643        0.152465        0.048916

     H   15        0.625742        0.107729        0.307383
     H   15        0.107729       -0.574869       -0.245572
     H   15        0.307383       -0.245572       -0.050873

     C   16       -0.537129       -0.040165       -0.362658
     C   16       -0.040165        0.489038        0.506906
     C   16       -0.362658        0.506906        0.048091

     C   17        0.264993       -0.207606       -0.118569
     C   17       -0.207606        0.070068        0.074465
     C   17       -0.118569        0.074465       -0.335060

     Cl  18       -0.475237        0.758836       -0.489835
     Cl  18        0.758836        2.277723       -0.904432
     Cl  18       -0.489835       -0.904432       -1.802486

     H   19        0.010970       -0.094799        0.074000
     H   19       -0.094799        0.501195       -0.410095
     H   19        0.074000       -0.410095       -0.512165

     C   20       -0.435131       -0.165565       -0.074568
     C   20       -0.165565        0.164882        0.362876
     C   20       -0.074568        0.362876        0.270250

     H   21        0.452162       -0.095922        0.502378
     H   21       -0.095922       -0.072627       -0.413231
     H   21        0.502378       -0.413231       -0.379535

     C   22       -0.012104       -0.058243       -0.003552
     C   22       -0.058243        0.036016        0.217602
     C   22       -0.003552        0.217602       -0.023913

     C   23       -0.326909       -0.094868       -0.130628
     C   23       -0.094868        0.244288        0.301091
     C   23       -0.130628        0.301091        0.082621

     Cl  24        0.036587        0.841928       -0.568123
     Cl  24        0.841928        0.114096        1.206687
     Cl  24       -0.568123        1.206687       -0.150684


     NQR/NMR SPECTROSCOPIC PARAMETERS:
     Cl   1    Vxx=   -1.0964    axis=(  0.070180 -0.435228  0.897581)
     Cl   1    Vyy=   -3.0826    axis=( -0.586315 -0.745964 -0.315867)
     Cl   1    Vzz=    4.1791    axis=(  0.807037 -0.504097 -0.307533)
     Cl   1  Q=        -8.1650 1e-30 m^2  Cq=       -80.1731 MHz  eta= 0.47527

     C    2    Vxx=   -0.1097    axis=( -0.330062 -0.801305  0.498968)
     C    2    Vyy=   -0.6403    axis=( -0.934756  0.203821 -0.291011)
     C    2    Vzz=    0.7500    axis=( -0.131488  0.562465  0.816299)
     C    2  Q=         1.0000 1e-30 m^2  Cq=         1.7623 MHz  eta= 0.70738

     C    3    Vxx=    0.1199    axis=(  0.904145 -0.149505  0.400212)
     C    3    Vyy=    0.4113    axis=(  0.359227 -0.241021 -0.901590)
     C    3    Vzz=   -0.5312    axis=(  0.231252  0.958935 -0.164212)
     C    3  Q=         1.0000 1e-30 m^2  Cq=        -1.2480 MHz  eta= 0.54869

     H    4    Vxx=   -0.0021    axis=(  0.443032 -0.888512  0.119456)
     H    4    Vyy=   -0.6657    axis=(  0.607258  0.199394 -0.769077)
     H    4    Vzz=    0.6679    axis=(  0.659515  0.413267  0.627894)
     H    4  Q=         1.0000 1e-30 m^2  Cq=         1.5692 MHz  eta= 0.99369

     C    5    Vxx=   -0.0053    axis=( -0.464856 -0.712399  0.525734)
     C    5    Vyy=   -0.8880    axis=( -0.881374  0.315870 -0.351291)
     C    5    Vzz=    0.8933    axis=( -0.084196  0.626668  0.774725)
     C    5  Q=         1.0000 1e-30 m^2  Cq=         2.0989 MHz  eta= 0.98822

     H    6    Vxx=   -0.0636    axis=(  0.900135 -0.327691  0.287013)
     H    6    Vyy=   -0.2006    axis=( -0.433594 -0.610646  0.662652)
     H    6    Vzz=    0.2642    axis=(  0.041882  0.720923  0.691748)
     H    6  Q=         1.0000 1e-30 m^2  Cq=         0.6207 MHz  eta= 0.51863

     H    7    Vxx=   -0.0704    axis=(  0.900849  0.311786  0.302093)
     H    7    Vyy=   -0.3770    axis=( -0.433031  0.694864  0.574150)
     H    7    Vzz=    0.4474    axis=( -0.030902 -0.648038  0.760980)
     H    7  Q=         1.0000 1e-30 m^2  Cq=         1.0512 MHz  eta= 0.68513

     C    8    Vxx=   -0.1626    axis=( -0.985385 -0.074387  0.153245)
     C    8    Vyy=   -0.4061    axis=(  0.158956 -0.724942  0.670217)
     C    8    Vzz=    0.5687    axis=(  0.061238  0.684781  0.726171)
     C    8  Q=         1.0000 1e-30 m^2  Cq=         1.3363 MHz  eta= 0.42821

     H    9    Vxx=   -0.0621    axis=(  0.150842 -0.776595 -0.611675)
     H    9    Vyy=   -0.4196    axis=(  0.311216  0.624598 -0.716255)
     H    9    Vzz=    0.4816    axis=(  0.938292 -0.082322  0.335905)
     H    9  Q=         1.0000 1e-30 m^2  Cq=         1.1317 MHz  eta= 0.74232

     C   10    Vxx=    0.1414    axis=(  0.221734 -0.889117 -0.400382)
     C   10    Vyy=    0.4417    axis=(  0.128041  0.433596 -0.891964)
     C   10    Vzz=   -0.5830    axis=(  0.966664  0.146514  0.209987)
     C   10  Q=         1.0000 1e-30 m^2  Cq=        -1.3699 MHz  eta= 0.51508

     C   11    Vxx=    0.1260    axis=( -0.375397  0.287924  0.881009)
     C   11    Vyy=    0.4735    axis=( -0.781457 -0.609444 -0.133805)
     C   11    Vzz=   -0.5995    axis=(  0.498400 -0.738700  0.453784)
     C   11  Q=         1.0000 1e-30 m^2  Cq=        -1.4086 MHz  eta= 0.57976

     Cl  12    Vxx=    0.0124    axis=(  0.869377 -0.492269  0.043070)
     Cl  12    Vyy=    2.1543    axis=(  0.494093  0.867289 -0.060683)
     Cl  12    Vzz=   -2.1667    axis=( -0.007481  0.074037  0.997227)
     Cl  12  Q=        -8.1650 1e-30 m^2  Cq=        41.5665 MHz  eta= 0.98858

     H   13    Vxx=   -0.0952    axis=(  0.544989 -0.330963  0.770357)
     H   13    Vyy=   -0.4396    axis=( -0.781430  0.132524  0.609758)
     H   13    Vzz=    0.5348    axis=( -0.303898 -0.934292 -0.186400)
     H   13  Q=         1.0000 1e-30 m^2  Cq=         1.2566 MHz  eta= 0.64402

     C   14    Vxx=   -0.0878    axis=(  0.367139 -0.217167  0.904460)
     C   14    Vyy=   -0.5760    axis=( -0.517413 -0.855724  0.004564)
     C   14    Vzz=    0.6638    axis=(  0.772976 -0.469655 -0.426535)
     C   14  Q=         1.0000 1e-30 m^2  Cq=         1.5596 MHz  eta= 0.73542

     H   15    Vxx=   -0.0364    axis=( -0.316382 -0.445313  0.837615)
     H   15    Vyy=   -0.7082    axis=( -0.167415  0.895323  0.412757)
     H   15    Vzz=    0.7446    axis=(  0.933742  0.009641  0.357816)
     H   15  Q=         1.0000 1e-30 m^2  Cq=         1.7496 MHz  eta= 0.90218

     C   16    Vxx=   -0.1182    axis=(  0.504394  0.572783 -0.646147)
     C   16    Vyy=   -0.7438    axis=( -0.846173  0.178842 -0.502003)
     C   16    Vzz=    0.8620    axis=(  0.171981 -0.799959 -0.574880)
     C   16  Q=         1.0000 1e-30 m^2  Cq=         2.0252 MHz  eta= 0.72583

     C   17    Vxx=   -0.0618    axis=(  0.535618  0.844457 -0.002287)
     C   17    Vyy=   -0.3609    axis=( -0.154630  0.095414 -0.983354)
     C   17    Vzz=    0.4227    axis=( -0.830183  0.527056  0.181684)
     C   17  Q=         1.0000 1e-30 m^2  Cq=         0.9933 MHz  eta= 0.70756

     Cl  18    Vxx=   -0.6291    axis=(  0.940786 -0.296649 -0.164079)
     Cl  18    Vyy=   -2.0663    axis=( -0.218921 -0.162087 -0.962186)
     Cl  18    Vzz=    2.6954    axis=(  0.258836  0.941131 -0.217431)
     Cl  18  Q=        -8.1650 1e-30 m^2  Cq=       -51.7094 MHz  eta= 0.53321

     H   19    Vxx=   -0.0067    axis=(  0.983452  0.181144 -0.002988)
     H   19    Vyy=   -0.6595    axis=(  0.057621 -0.328388 -0.942784)
     H   19    Vzz=    0.6662    axis=( -0.171761  0.927010 -0.333391)
     H   19  Q=         1.0000 1e-30 m^2  Cq=         1.5654 MHz  eta= 0.97984

     C   20    Vxx=   -0.1320    axis=( -0.218359  0.704114 -0.675679)
     C   20    Vyy=   -0.4784    axis=( -0.963199 -0.266713  0.033340)
     C   20    Vzz=    0.6104    axis=( -0.156737  0.658094  0.736441)
     C   20  Q=         1.0000 1e-30 m^2  Cq=         1.4342 MHz  eta= 0.56751

     H   21    Vxx=    0.0051    axis=(  0.480889  0.834628 -0.268592)
     H   21    Vyy=    0.7780    axis=( -0.821295  0.321555 -0.471250)
     H   21    Vzz=   -0.7831    axis=( -0.306951  0.447212  0.840108)
     H   21  Q=         1.0000 1e-30 m^2  Cq=        -1.8399 MHz  eta= 0.98701

     C   22    Vxx=   -0.0146    axis=(  0.967183  0.026567  0.252689)
     C   22    Vyy=   -0.2198    axis=(  0.172723  0.660637 -0.730565)
     C   22    Vzz=    0.2345    axis=( -0.186344  0.750235  0.634368)
     C   22  Q=         1.0000 1e-30 m^2  Cq=         0.5509 MHz  eta= 0.87520

     C   23    Vxx=   -0.1390    axis=( -0.198105 -0.635346  0.746385)
     C   23    Vyy=   -0.3651    axis=( -0.962800 -0.016630 -0.269702)
     C   23    Vzz=    0.5041    axis=(  0.183766 -0.772049 -0.608416)
     C   23  Q=         1.0000 1e-30 m^2  Cq=         1.1845 MHz  eta= 0.44855

     Cl  24    Vxx=    0.5058    axis=(  0.830399  0.091994 -0.549522)
     Cl  24    Vyy=    1.2684    axis=( -0.280020 -0.783761 -0.554354)
     Cl  24    Vzz=   -1.7742    axis=(  0.481691 -0.614212  0.625074)
     Cl  24  Q=        -8.1650 1e-30 m^2  Cq=        34.0372 MHz  eta= 0.42981

     Initialization:
     gipaw_setup  :      9.03s CPU     11.55s WALL (       1 calls)

     Linear response

     Apply operators

     Induced current

     Other routines
     efg          :     11.49s CPU     18.00s WALL (       1 calls)

     General routines
     calbec       :      3.79s CPU      5.65s WALL (      16 calls)
     fft          :      2.45s CPU      5.60s WALL (      15 calls)
     ffts         :      0.07s CPU      0.13s WALL (       2 calls)
     fftw         :      4.74s CPU      8.13s WALL (     672 calls)
     davcio       :      0.00s CPU      0.28s WALL (      32 calls)

     Parallel routines
     fft_scatter  :      4.49s CPU     10.72s WALL (     689 calls)

     Plugins

     GIPAW        :     65.56s CPU     86.21s WALL (       1 calls)
