
     Program QE v.6.0 (svn rev. 13079) starts on 13Jan2017 at 14:54:49 

     This program is part of the open-source Quantum ESPRESSO suite
     for quantum simulation of materials; please cite
         "P. Giannozzi et al., J. Phys.:Condens. Matter 21 395502 (2009);
          URL http://www.quantum-espresso.org", 
     in publications or presentations arising from this work. More details at
     http://www.quantum-espresso.org/quote

     Parallel version (MPI), running on     8 processors
     R & G space division:  proc/nbgrp/npool/nimage =       8

     ***** This is GIPAW svn revision unknown      *****

     Parallelizing q-star over 1 images

     Reading data from directory:
     /users/majewski/paradichlorobenzene/pbe/9_constraint/scratch/pbe.ecut100.np8.dt60.pcl2phi-129368.save
     Message from routine read_xml_file:
     file /users/majewski/paradichlorobenzene/pbe/9_constraint/scratch/pbe.ecut100.np8.dt60.pcl2phi-129368.save not guaranteed to be safe for post-processing

   Info: using nr1, nr2, nr3 values from input

   Info: using nr1, nr2, nr3 values from input

     IMPORTANT: XC functional enforced from input :
     Exchange-correlation      =  SLA  PW   PBX  PBC ( 1  4  3  4 0 0)
     Any further DFT definition will be discarded
     Please, verify this is what you really want

               file C.pbe-n-kjpaw_psl.1.0.0.UPF: wavefunction(s)  2S 2P renormalized
               file Cl.pbe-n-kjpaw_psl.1.0.0.UPF: wavefunction(s)  3S 3P renormalized
               file H.pbe-kjpaw_psl.1.0.0.UPF: wavefunction(s)  1S renormalized

     Parallelization info
     --------------------
     sticks:   dense  smooth     PW     G-vecs:    dense   smooth      PW
     Min        3057    1223    332               144436    36536    5170
     Max        3059    1225    333               144437    36537    5171
     Sum       24467    9791   2657              1155489   292295   41363


     Subspace diagonalization in iterative solution of the eigenvalue problem:
     a serial algorithm will be used

     GIPAW projectors -----------------------------------------------
     atom=  C    l=0  rc=    1.2000  rs=    0.8000
     atom=  C    l=0  rc=    1.2000  rs=    0.8000
     atom=  C    l=1  rc=    1.4000  rs=    0.9333
     atom=  C    l=1  rc=    1.4000  rs=    0.9333
     projs nearly linearly dependent: l=1  n1,n2= 1, 2  s=  0.99951561

     atom=  Cl   l=0  rc=    1.6000  rs=    1.0667
     atom=  Cl   l=0  rc=    1.6000  rs=    1.0667
     atom=  Cl   l=1  rc=    1.6000  rs=    1.0667
     atom=  Cl   l=1  rc=    1.6000  rs=    1.0667
     atom=  Cl   l=2  rc=    1.6000  rs=    1.0667
     atom=  Cl   l=2  rc=    1.6000  rs=    1.0667
     projs nearly linearly dependent: l=2  n1,n2= 1, 2  s=  0.99993509

     atom=  H    l=0  rc=    1.0000  rs=    0.6667
     atom=  H    l=0  rc=    1.0000  rs=    0.6667
     projs nearly linearly dependent: l=0  n1,n2= 1, 2  s=  0.99968852
     -----------------------------------------------------------------

     GIPAW integrals: -------------------------------------------
     Atom  i/j   nmr_para   nmr_dia   epr_rmc  epr_para   epr_dia
       C   1 1   0.83E+03  0.17E-01  0.93E+01  0.24E+08  0.24E+03
       C   2 1   0.86E+03 -0.61E-01  0.94E+01  0.25E+08  0.25E+03
       C   2 2   0.90E+03 -0.15E+00  0.97E+01  0.26E+08  0.26E+03
       C   3 3   0.33E+01  0.34E+00  0.18E+01  0.55E+03  0.21E+02
       C   4 3   0.35E+01  0.37E+00  0.20E+01  0.59E+03  0.22E+02
       C   4 4   0.38E+01  0.39E+00  0.22E+01  0.63E+03  0.24E+02
       Cl  1 1   0.14E+04 -0.47E+00  0.84E+01  0.32E+09  0.42E+03
       Cl  2 1   0.21E+04 -0.37E+00  0.12E+02  0.49E+09  0.65E+03
       Cl  2 2   0.33E+04 -0.16E+00  0.21E+02  0.76E+09  0.10E+04
       Cl  3 3   0.21E+02  0.79E-01  0.89E+01  0.23E+05  0.13E+03
       Cl  4 3   0.24E+02  0.67E-01  0.99E+01  0.27E+05  0.15E+03
       Cl  4 4   0.28E+02  0.44E-01  0.11E+02  0.32E+05  0.18E+03
       Cl  5 5   0.77E+00  0.19E+00  0.18E+01  0.12E+03  0.22E+02
       Cl  6 5   0.80E+00  0.19E+00  0.19E+01  0.12E+03  0.23E+02
       Cl  6 6   0.83E+00  0.20E+00  0.19E+01  0.12E+03  0.23E+02
       H   1 1   0.39E+02  0.19E+00  0.29E+00  0.78E+05  0.13E+02
       H   2 1   0.41E+02  0.21E+00  0.32E+00  0.82E+05  0.14E+02
       H   2 2   0.43E+02  0.22E+00  0.36E+00  0.86E+05  0.15E+02
     ------------------------------------------------------------

     alpha_pv=     33.6744 eV

     Number of occupied bands for each k-point:
     k-point:     1    nbnd_occ=  42
     k-point:     2    nbnd_occ=  42
     k-point:     3    nbnd_occ=  42
     k-point:     4    nbnd_occ=  42
     k-point:     5    nbnd_occ=  42
     k-point:     6    nbnd_occ=  42
     k-point:     7    nbnd_occ=  42
     k-point:     8    nbnd_occ=  42
     k-point:     9    nbnd_occ=  42
     k-point:    10    nbnd_occ=  42
     k-point:    11    nbnd_occ=  42
     k-point:    12    nbnd_occ=  42
     k-point:    13    nbnd_occ=  42
     k-point:    14    nbnd_occ=  42
     k-point:    15    nbnd_occ=  42
     k-point:    16    nbnd_occ=  42


     q-space interpolation up to   110.00 Rydberg

     GIPAW job: efg                                                                             


     ELECTRIC FIELD GRADIENTS TENSORS IN Hartree/bohrradius^2:

     ----- bare term -----
     Cl   1        0.329420        0.105840       -0.066679
     Cl   1        0.105840        0.386096        0.093761
     Cl   1       -0.066679        0.093761       -0.715517

     C    2       -0.020649        0.405721        0.053615
     C    2        0.405721       -0.511029       -0.427301
     C    2        0.053615       -0.427301        0.531677

     C    3       -0.257140        0.389075       -0.327295
     C    3        0.389075       -0.194544       -0.269240
     C    3       -0.327295       -0.269240        0.451684

     H    4        0.015651       -0.018849       -0.192290
     H    4       -0.018849        0.367269       -0.442058
     H    4       -0.192290       -0.442058       -0.382920

     C    5       -0.390106        0.033505       -0.336631
     C    5        0.033505        0.055580       -0.278912
     C    5       -0.336631       -0.278912        0.334526

     H    6       -0.107282        0.134889        0.067874
     H    6        0.134889       -0.176200       -0.500244
     H    6        0.067874       -0.500244        0.283481

     H    7        0.294613        0.233514        0.065919
     H    7        0.233514       -0.526341       -0.257949
     H    7        0.065919       -0.257949        0.231728

     C    8       -0.047455       -0.040929       -0.125138
     C    8       -0.040929       -0.114626        0.255777
     C    8       -0.125138        0.255777        0.162080

     H    9       -0.255416        0.431811        0.113950
     H    9        0.431811       -0.005633       -0.175273
     H    9        0.113950       -0.175273        0.261049

     C   10       -0.322097       -0.224723       -0.061905
     C   10       -0.224723       -0.007674        0.247087
     C   10       -0.061905        0.247087        0.329770

     C   11       -0.047434        0.179225       -0.347994
     C   11        0.179225        0.006952        0.662582
     C   11       -0.347994        0.662582        0.040482

     Cl  12       -0.234057       -0.200645       -0.012419
     Cl  12       -0.200645        0.183313       -0.024488
     Cl  12       -0.012419       -0.024488        0.050745

     H   13       -0.066698        0.352255       -0.028017
     H   13        0.352255       -0.276711       -0.264019
     H   13       -0.028017       -0.264019        0.343409

     C   14       -0.050685       -0.339399       -0.499780
     C   14       -0.339399       -0.062051       -0.543405
     C   14       -0.499780       -0.543405        0.112736

     H   15        0.050012       -0.000188       -0.227266
     H   15       -0.000188        0.026721       -0.481372
     H   15       -0.227266       -0.481372       -0.076733

     C   16       -0.405317        0.492913       -0.280579
     C   16        0.492913        0.113569       -0.065250
     C   16       -0.280579       -0.065250        0.291748

     C   17        0.203185        0.025491       -0.117835
     C   17        0.025491       -0.506918       -0.434306
     C   17       -0.117835       -0.434306        0.303733

     Cl  18        0.157460       -0.022908       -0.250105
     Cl  18       -0.022908       -0.096409       -0.512495
     Cl  18       -0.250105       -0.512495       -0.061051

     H   19        0.126540        0.313482        0.153328
     H   19        0.313482       -0.440400        0.298454
     H   19        0.153328        0.298454        0.313860

     C   20       -0.689761       -0.296252       -0.462976
     C   20       -0.296252        0.081432        0.079640
     C   20       -0.462976        0.079640        0.608329

     H   21       -0.564954        0.274699        0.134480
     H   21        0.274699        0.423850        0.089920
     H   21        0.134480        0.089920        0.141104

     C   22       -0.001116       -0.010150       -0.273764
     C   22       -0.010150       -0.487311        0.397568
     C   22       -0.273764        0.397568        0.488427

     C   23       -0.452566       -0.193369       -0.392008
     C   23       -0.193369        0.141943        0.271470
     C   23       -0.392008        0.271470        0.310623

     Cl  24        0.000290        0.095996       -0.027130
     Cl  24        0.095996        0.059495       -0.056478
     Cl  24       -0.027130       -0.056478       -0.059785

     ----- ionic term -----
     Cl   1        0.118295       -0.219265        0.121279
     Cl   1       -0.219265       -0.003102       -0.076209
     Cl   1        0.121279       -0.076209       -0.115193

     C    2        0.040616       -0.255194        0.370780
     C    2       -0.255194        0.182790        0.308842
     C    2        0.370780        0.308842       -0.223406

     C    3        0.068984       -0.298810        0.250811
     C    3       -0.298810        0.172291        0.337205
     C    3        0.250811        0.337205       -0.241276

     H    4        0.087148        0.305233        0.737942
     H    4        0.305233       -0.323725        0.418500
     H    4        0.737942        0.418500        0.236578

     C    5        0.166300       -0.147209        0.340567
     C    5       -0.147209        0.017127        0.328758
     C    5        0.340567        0.328758       -0.183427

     H    6       -0.517883       -0.094010       -0.070007
     H    6       -0.094010        0.526090        0.752790
     H    6       -0.070007        0.752790       -0.008206

     H    7       -0.498275       -0.206637        0.022900
     H    7       -0.206637        1.116118       -0.114051
     H    7        0.022900       -0.114051       -0.617843

     C    8        0.307034        0.055107        0.134562
     C    8        0.055107        0.268852       -0.164511
     C    8        0.134562       -0.164511       -0.575885

     H    9        0.771300       -0.514348        0.325625
     H    9       -0.514348       -0.271842       -0.160649
     H    9        0.325625       -0.160649       -0.499458

     C   10        0.187648        0.100191        0.114797
     C   10        0.100191        0.358023       -0.300288
     C   10        0.114797       -0.300288       -0.545672

     C   11        0.271277        0.016122        0.249918
     C   11        0.016122        0.261716       -0.321702
     C   11        0.249918       -0.321702       -0.532993

     Cl  12        0.135775        0.193950        0.008489
     Cl  12        0.193950        0.028576        0.006737
     Cl  12        0.008489        0.006737       -0.164351

     H   13       -0.520010       -0.164243       -0.049114
     H   13       -0.164243        0.776422        0.610865
     H   13       -0.049114        0.610865       -0.256412

     C   14        0.178218       -0.207286        0.366093
     C   14       -0.207286        0.063293        0.264905
     C   14        0.366093        0.264905       -0.241511

     H   15        0.279364        0.426149        0.689588
     H   15        0.426149       -0.245292        0.416322
     H   15        0.689588        0.416322       -0.034072

     C   16        0.102148       -0.289134        0.241028
     C   16       -0.289134        0.182413        0.363495
     C   16        0.241028        0.363495       -0.284561

     C   17        0.114835       -0.189580        0.275888
     C   17       -0.189580        0.110180        0.446658
     C   17        0.275888        0.446658       -0.225016

     Cl  18        0.201298       -0.164286        0.048169
     Cl  18       -0.164286       -0.069619       -0.019932
     Cl  18        0.048169       -0.019932       -0.131679

     H   19       -0.466407       -0.273197        0.146208
     H   19       -0.273197        0.758689       -0.560594
     H   19        0.146208       -0.560594       -0.292282

     C   20        0.343952        0.027301        0.225644
     C   20        0.027301        0.123676       -0.290971
     C   20        0.225644       -0.290971       -0.467629

     H   21        0.690898       -0.477351        0.479697
     H   21       -0.477351       -0.300132       -0.247418
     H   21        0.479697       -0.247418       -0.390765

     C   22        0.161275        0.081091        0.137859
     C   22        0.081091        0.319633       -0.382674
     C   22        0.137859       -0.382674       -0.480908

     C   23        0.236888       -0.027022        0.171515
     C   23       -0.027022        0.284647       -0.366183
     C   23        0.171515       -0.366183       -0.521535

     Cl  24        0.138394        0.214355       -0.003204
     Cl  24        0.214355        0.012048       -0.001979
     Cl  24       -0.003204       -0.001979       -0.150442

     ----- GIPAW term -----
     Cl   1        0.202888       -0.493536        0.127250
     Cl   1       -0.493536       -0.024428       -0.098953
     Cl   1        0.127250       -0.098953       -0.178460

     C    2        0.076964       -0.014306        0.189416
     C    2       -0.014306       -0.190844       -0.030214
     C    2        0.189416       -0.030214        0.113880

     C    3       -0.001389       -0.008765       -0.159761
     C    3       -0.008765       -0.063566        0.028050
     C    3       -0.159761        0.028050        0.064954

     H    4       -0.000000        0.000000        0.000000
     H    4        0.000000        0.000000        0.000000
     H    4        0.000000        0.000000        0.000000

     C    5        0.097016        0.038199        0.141816
     C    5        0.038199       -0.107900        0.011780
     C    5        0.141816        0.011780        0.010884

     H    6       -0.000000        0.000000        0.000000
     H    6        0.000000        0.000000        0.000000
     H    6        0.000000        0.000000        0.000000

     H    7       -0.000000        0.000000        0.000000
     H    7        0.000000        0.000000        0.000000
     H    7        0.000000        0.000000        0.000000

     C    8       -0.038682       -0.048038       -0.025868
     C    8       -0.048038        0.073682        0.118122
     C    8       -0.025868        0.118122       -0.034999

     H    9       -0.000000        0.000000        0.000000
     H    9        0.000000        0.000000        0.000000
     H    9        0.000000        0.000000        0.000000

     C   10       -0.109250       -0.053184       -0.042895
     C   10       -0.053184        0.070302        0.130142
     C   10       -0.042895        0.130142        0.038949

     C   11       -0.021682        0.175532       -0.053092
     C   11        0.175532        0.197621        0.099688
     C   11       -0.053092        0.099688       -0.175939

     Cl  12       -0.099238        1.342825       -0.137771
     Cl  12        1.342825        1.792910       -0.293134
     Cl  12       -0.137771       -0.293134       -1.693671

     H   13       -0.000000        0.000000        0.000000
     H   13        0.000000        0.000000        0.000000
     H   13        0.000000        0.000000        0.000000

     C   14        0.162400       -0.176646       -0.044419
     C   14       -0.176646       -0.059395       -0.070423
     C   14       -0.044419       -0.070423       -0.103006

     H   15       -0.000000        0.000000        0.000000
     H   15        0.000000        0.000000        0.000000
     H   15        0.000000        0.000000        0.000000

     C   16        0.005196       -0.064774       -0.091830
     C   16       -0.064774        0.037642        0.072402
     C   16       -0.091830        0.072402       -0.042837

     C   17       -0.050329       -0.041702        0.023488
     C   17       -0.041702       -0.009200        0.148027
     C   17        0.023488        0.148027        0.059529

     Cl  18        0.269890       -0.120843        0.272632
     Cl  18       -0.120843       -0.155344        0.067898
     Cl  18        0.272632        0.067898       -0.114546

     H   19       -0.000000        0.000000        0.000000
     H   19        0.000000        0.000000        0.000000
     H   19        0.000000        0.000000        0.000000

     C   20       -0.169326       -0.005433       -0.134708
     C   20       -0.005433       -0.009480       -0.113261
     C   20       -0.134708       -0.113261        0.178806

     H   21       -0.000000        0.000000        0.000000
     H   21        0.000000        0.000000        0.000000
     H   21        0.000000        0.000000        0.000000

     C   22       -0.076302        0.078057       -0.146641
     C   22        0.078057       -0.117055       -0.102681
     C   22       -0.146641       -0.102681        0.193357

     C   23       -0.052562        0.026606       -0.037209
     C   23        0.026606        0.119405       -0.046146
     C   23       -0.037209       -0.046146       -0.066843

     Cl  24        1.206929        2.732327       -0.234908
     Cl  24        2.732327        0.601285       -0.441776
     Cl  24       -0.234908       -0.441776       -1.808214

     ----- total EFG -----
     Cl   1        0.650603       -0.606961        0.181850
     Cl   1       -0.606961        0.358566       -0.081401
     Cl   1        0.181850       -0.081401       -1.009170

     C    2        0.096931        0.136221        0.613811
     C    2        0.136221       -0.519082       -0.148673
     C    2        0.613811       -0.148673        0.422152

     C    3       -0.189545        0.081501       -0.236246
     C    3        0.081501       -0.085818        0.096014
     C    3       -0.236246        0.096014        0.275363

     H    4        0.102799        0.286383        0.545653
     H    4        0.286383        0.043544       -0.023558
     H    4        0.545653       -0.023558       -0.146343

     C    5       -0.126791       -0.075505        0.145751
     C    5       -0.075505       -0.035193        0.061626
     C    5        0.145751        0.061626        0.161984

     H    6       -0.625165        0.040879       -0.002133
     H    6        0.040879        0.349890        0.252546
     H    6       -0.002133        0.252546        0.275275

     H    7       -0.203662        0.026877        0.088819
     H    7        0.026877        0.589778       -0.372000
     H    7        0.088819       -0.372000       -0.386115

     C    8        0.220896       -0.033859       -0.016444
     C    8       -0.033859        0.227907        0.209388
     C    8       -0.016444        0.209388       -0.448804

     H    9        0.515884       -0.082537        0.439575
     H    9       -0.082537       -0.277475       -0.335922
     H    9        0.439575       -0.335922       -0.238409

     C   10       -0.243699       -0.177716        0.009997
     C   10       -0.177716        0.420651        0.076941
     C   10        0.009997        0.076941       -0.176952

     C   11        0.202161        0.370878       -0.151167
     C   11        0.370878        0.466290        0.440568
     C   11       -0.151167        0.440568       -0.668450

     Cl  12       -0.197521        1.336130       -0.141701
     Cl  12        1.336130        2.004798       -0.310885
     Cl  12       -0.141701       -0.310885       -1.807277

     H   13       -0.586708        0.188012       -0.077132
     H   13        0.188012        0.499711        0.346846
     H   13       -0.077132        0.346846        0.086997

     C   14        0.289933       -0.723332       -0.178107
     C   14       -0.723332       -0.058153       -0.348923
     C   14       -0.178107       -0.348923       -0.231780

     H   15        0.329376        0.425961        0.462322
     H   15        0.425961       -0.218570       -0.065050
     H   15        0.462322       -0.065050       -0.110806

     C   16       -0.297974        0.139005       -0.131381
     C   16        0.139005        0.333625        0.370647
     C   16       -0.131381        0.370647       -0.035651

     C   17        0.267692       -0.205791        0.181541
     C   17       -0.205791       -0.405938        0.160379
     C   17        0.181541        0.160379        0.138246

     Cl  18        0.628648       -0.308037        0.070696
     Cl  18       -0.308037       -0.321371       -0.464530
     Cl  18        0.070696       -0.464530       -0.307276

     H   19       -0.339867        0.040285        0.299536
     H   19        0.040285        0.318289       -0.262139
     H   19        0.299536       -0.262139        0.021578

     C   20       -0.515134       -0.274384       -0.372040
     C   20       -0.274384        0.195628       -0.324592
     C   20       -0.372040       -0.324592        0.319506

     H   21        0.125944       -0.202652        0.614177
     H   21       -0.202652        0.123717       -0.157498
     H   21        0.614177       -0.157498       -0.249661

     C   22        0.083857        0.148998       -0.282546
     C   22        0.148998       -0.284733       -0.087787
     C   22       -0.282546       -0.087787        0.200876

     C   23       -0.268241       -0.193785       -0.257702
     C   23       -0.193785        0.545996       -0.140859
     C   23       -0.257702       -0.140859       -0.277755

     Cl  24        1.345613        3.042678       -0.265241
     Cl  24        3.042678        0.672828       -0.500234
     Cl  24       -0.265241       -0.500234       -2.018441

     ----- total EFG (symmetrized) -----
     Cl   1        0.650603       -0.606961        0.181850
     Cl   1       -0.606961        0.358566       -0.081401
     Cl   1        0.181850       -0.081401       -1.009170

     C    2        0.096931        0.136221        0.613811
     C    2        0.136221       -0.519082       -0.148673
     C    2        0.613811       -0.148673        0.422152

     C    3       -0.189545        0.081501       -0.236246
     C    3        0.081501       -0.085818        0.096014
     C    3       -0.236246        0.096014        0.275363

     H    4        0.102799        0.286383        0.545653
     H    4        0.286383        0.043544       -0.023558
     H    4        0.545653       -0.023558       -0.146343

     C    5       -0.126791       -0.075505        0.145751
     C    5       -0.075505       -0.035193        0.061626
     C    5        0.145751        0.061626        0.161984

     H    6       -0.625165        0.040879       -0.002133
     H    6        0.040879        0.349890        0.252546
     H    6       -0.002133        0.252546        0.275275

     H    7       -0.203662        0.026877        0.088819
     H    7        0.026877        0.589778       -0.372000
     H    7        0.088819       -0.372000       -0.386115

     C    8        0.220896       -0.033859       -0.016444
     C    8       -0.033859        0.227907        0.209388
     C    8       -0.016444        0.209388       -0.448804

     H    9        0.515884       -0.082537        0.439575
     H    9       -0.082537       -0.277475       -0.335922
     H    9        0.439575       -0.335922       -0.238409

     C   10       -0.243699       -0.177716        0.009997
     C   10       -0.177716        0.420651        0.076941
     C   10        0.009997        0.076941       -0.176952

     C   11        0.202161        0.370878       -0.151167
     C   11        0.370878        0.466290        0.440568
     C   11       -0.151167        0.440568       -0.668450

     Cl  12       -0.197521        1.336130       -0.141701
     Cl  12        1.336130        2.004798       -0.310885
     Cl  12       -0.141701       -0.310885       -1.807277

     H   13       -0.586708        0.188012       -0.077132
     H   13        0.188012        0.499711        0.346846
     H   13       -0.077132        0.346846        0.086997

     C   14        0.289933       -0.723332       -0.178107
     C   14       -0.723332       -0.058153       -0.348923
     C   14       -0.178107       -0.348923       -0.231780

     H   15        0.329376        0.425961        0.462322
     H   15        0.425961       -0.218570       -0.065050
     H   15        0.462322       -0.065050       -0.110806

     C   16       -0.297974        0.139005       -0.131381
     C   16        0.139005        0.333625        0.370647
     C   16       -0.131381        0.370647       -0.035651

     C   17        0.267692       -0.205791        0.181541
     C   17       -0.205791       -0.405938        0.160379
     C   17        0.181541        0.160379        0.138246

     Cl  18        0.628648       -0.308037        0.070696
     Cl  18       -0.308037       -0.321371       -0.464530
     Cl  18        0.070696       -0.464530       -0.307276

     H   19       -0.339867        0.040285        0.299536
     H   19        0.040285        0.318289       -0.262139
     H   19        0.299536       -0.262139        0.021578

     C   20       -0.515134       -0.274384       -0.372040
     C   20       -0.274384        0.195628       -0.324592
     C   20       -0.372040       -0.324592        0.319506

     H   21        0.125944       -0.202652        0.614177
     H   21       -0.202652        0.123717       -0.157498
     H   21        0.614177       -0.157498       -0.249661

     C   22        0.083857        0.148998       -0.282546
     C   22        0.148998       -0.284733       -0.087787
     C   22       -0.282546       -0.087787        0.200876

     C   23       -0.268241       -0.193785       -0.257702
     C   23       -0.193785        0.545996       -0.140859
     C   23       -0.257702       -0.140859       -0.277755

     Cl  24        1.345613        3.042678       -0.265241
     Cl  24        3.042678        0.672828       -0.500234
     Cl  24       -0.265241       -0.500234       -2.018441


     NQR/NMR SPECTROSCOPIC PARAMETERS:
     Cl   1    Vxx=   -0.1171    axis=(  0.611619  0.789399  0.052649)
     Cl   1    Vyy=   -1.0291    axis=(  0.102855 -0.013356 -0.994607)
     Cl   1    Vzz=    1.1462    axis=( -0.784438  0.613735 -0.089362)
     Cl   1  Q=        -8.1650 1e-30 m^2  Cq=       -21.9892 MHz  eta= 0.79562

     C    2    Vxx=   -0.2364    axis=( -0.659872 -0.573381  0.485595)
     C    2    Vyy=   -0.6590    axis=(  0.443434 -0.818904 -0.364366)
     C    2    Vzz=    0.8954    axis=(  0.606576 -0.025106  0.794629)
     C    2  Q=         1.0000 1e-30 m^2  Cq=         2.1038 MHz  eta= 0.47196

     C    3    Vxx=   -0.0424    axis=(  0.427634  0.902825  0.045134)
     C    3    Vyy=   -0.3392    axis=( -0.827536  0.411087 -0.382350)
     C    3    Vzz=    0.3816    axis=( -0.363749  0.126156  0.922915)
     C    3  Q=         1.0000 1e-30 m^2  Cq=         0.8966 MHz  eta= 0.77770

     H    4    Vxx=    0.0228    axis=( -0.101379  0.886933 -0.450635)
     H    4    Vyy=    0.6186    axis=(  0.764992  0.359085  0.534645)
     H    4    Vzz=   -0.6414    axis=(  0.636011 -0.290531 -0.714900)
     H    4  Q=         1.0000 1e-30 m^2  Cq=        -1.5069 MHz  eta= 0.92897

     C    5    Vxx=    0.0062    axis=(  0.442309 -0.894864 -0.059845)
     C    5    Vyy=    0.2260    axis=( -0.358177 -0.115075 -0.926535)
     C    5    Vzz=   -0.2322    axis=(  0.822236  0.431249 -0.371419)
     C    5  Q=         1.0000 1e-30 m^2  Cq=        -0.5456 MHz  eta= 0.94619

     H    6    Vxx=    0.0585    axis=( -0.041294 -0.651026  0.757931)
     H    6    Vyy=    0.5686    axis=(  0.024780  0.757678  0.652158)
     H    6    Vzz=   -0.6271    axis=( -0.998840  0.045712 -0.015155)
     H    6  Q=         1.0000 1e-30 m^2  Cq=        -1.4734 MHz  eta= 0.81352

     H    7    Vxx=   -0.1779    axis=(  0.963501  0.088668  0.252594)
     H    7    Vyy=   -0.5375    axis=( -0.267685  0.307687  0.913057)
     H    7    Vzz=    0.7154    axis=(  0.003239 -0.947347  0.320191)
     H    7  Q=         1.0000 1e-30 m^2  Cq=         1.6809 MHz  eta= 0.50266

     C    8    Vxx=    0.2044    axis=(  0.913134  0.394325  0.103413)
     C    8    Vyy=    0.3040    axis=( -0.407561  0.877443  0.252959)
     C    8    Vzz=   -0.5084    axis=(  0.009009 -0.273132  0.961934)
     C    8  Q=         1.0000 1e-30 m^2  Cq=        -1.1946 MHz  eta= 0.19588

     H    9    Vxx=   -0.1109    axis=(  0.438731  0.757540 -0.483372)
     H    9    Vyy=   -0.6542    axis=( -0.238336  0.616736  0.750222)
     H    9    Vzz=    0.7651    axis=(  0.866436 -0.213941  0.451130)
     H    9  Q=         1.0000 1e-30 m^2  Cq=         1.7978 MHz  eta= 0.71004

     C   10    Vxx=   -0.1778    axis=(  0.266395 -0.044683  0.962828)
     C   10    Vyy=   -0.2955    axis=(  0.934101  0.258288 -0.246460)
     C   10    Vzz=    0.4732    axis=( -0.237675  0.965034  0.110545)
     C   10  Q=         1.0000 1e-30 m^2  Cq=         1.1119 MHz  eta= 0.24876

     C   11    Vxx=    0.1010    axis=(  0.838116 -0.385844 -0.385598)
     C   11    Vyy=    0.7858    axis=( -0.486028 -0.849142 -0.206723)
     C   11    Vzz=   -0.8868    axis=(  0.247664 -0.360669  0.899211)
     C   11  Q=         1.0000 1e-30 m^2  Cq=        -2.0836 MHz  eta= 0.77229

     Cl  12    Vxx=   -0.8278    axis=(  0.904607 -0.426223  0.004413)
     Cl  12    Vyy=   -1.8334    axis=(  0.028512  0.070835  0.997080)
     Cl  12    Vzz=    2.6612    axis=( -0.425292 -0.901840  0.076231)
     Cl  12  Q=        -8.1650 1e-30 m^2  Cq=       -51.0532 MHz  eta= 0.37790

     H   13    Vxx=   -0.0632    axis=( -0.281762 -0.433357  0.856045)
     H   13    Vyy=   -0.6462    axis=( -0.954408  0.218243 -0.203656)
     H   13    Vzz=    0.7094    axis=( -0.098570 -0.874398 -0.475091)
     H   13  Q=         1.0000 1e-30 m^2  Cq=         1.6667 MHz  eta= 0.82181

     C   14    Vxx=   -0.0024    axis=( -0.381873 -0.363575  0.849698)
     C   14    Vyy=   -0.8632    axis=(  0.509689  0.684082  0.521775)
     C   14    Vzz=    0.8657    axis=( -0.770967  0.632333 -0.075923)
     C   14  Q=         1.0000 1e-30 m^2  Cq=         2.0339 MHz  eta= 0.99437

     H   15    Vxx=   -0.1009    axis=( -0.082288 -0.693604  0.715641)
     H   15    Vyy=   -0.6395    axis=( -0.541984  0.633751  0.551917)
     H   15    Vzz=    0.7404    axis=(  0.836350  0.342450  0.428072)
     H   15  Q=         1.0000 1e-30 m^2  Cq=         1.7397 MHz  eta= 0.72740

     C   16    Vxx=   -0.0976    axis=(  0.670634  0.347245 -0.655493)
     C   16    Vyy=   -0.4684    axis=( -0.739400  0.383786 -0.553170)
     C   16    Vzz=    0.5660    axis=( -0.059484 -0.855646 -0.514132)
     C   16  Q=         1.0000 1e-30 m^2  Cq=         1.3299 MHz  eta= 0.65518

     C   17    Vxx=    0.1235    axis=( -0.428063  0.410335  0.805225)
     C   17    Vyy=    0.4045    axis=( -0.851628  0.115056 -0.511363)
     C   17    Vzz=   -0.5280    axis=(  0.302476  0.904648 -0.300201)
     C   17  Q=         1.0000 1e-30 m^2  Cq=        -1.2405 MHz  eta= 0.53230

     Cl  18    Vxx=    0.0370    axis=(  0.389892  0.585846 -0.710471)
     Cl  18    Vyy=    0.7632    axis=( -0.912422  0.349985 -0.212125)
     Cl  18    Vzz=   -0.8002    axis=(  0.124382  0.730955  0.670995)
     Cl  18  Q=        -8.1650 1e-30 m^2  Cq=        15.3517 MHz  eta= 0.90759

     H   19    Vxx=    0.0523    axis=(  0.543235  0.546106  0.637702)
     H   19    Vyy=    0.4903    axis=( -0.162072  0.813472 -0.558566)
     H   19    Vzz=   -0.5425    axis=(  0.823789 -0.200079 -0.530415)
     H   19  Q=         1.0000 1e-30 m^2  Cq=        -1.2747 MHz  eta= 0.80736

     C   20    Vxx=    0.1974    axis=(  0.510536 -0.746028 -0.427546)
     C   20    Vyy=    0.6032    axis=(  0.134399  0.560352 -0.817277)
     C   20    Vzz=   -0.8006    axis=(  0.849288  0.359788  0.386345)
     C   20  Q=         1.0000 1e-30 m^2  Cq=        -1.8811 MHz  eta= 0.50693

     H   21    Vxx=    0.0086    axis=(  0.333736  0.912316  0.237275)
     H   21    Vyy=    0.6955    axis=( -0.732353  0.409412 -0.544096)
     H   21    Vzz=   -0.7042    axis=( -0.593531  0.007815  0.804773)
     H   21  Q=         1.0000 1e-30 m^2  Cq=        -1.6545 MHz  eta= 0.97551

     C   22    Vxx=   -0.1284    axis=(  0.689446  0.282580  0.666943)
     C   22    Vyy=   -0.3378    axis=( -0.352158  0.935384 -0.032276)
     C   22    Vzz=    0.4662    axis=( -0.632969 -0.212617  0.744409)
     C   22  Q=         1.0000 1e-30 m^2  Cq=         1.0954 MHz  eta= 0.44917

     C   23    Vxx=   -0.0176    axis=(  0.693146  0.058783 -0.718396)
     C   23    Vyy=   -0.5804    axis=(  0.695777  0.205752  0.688157)
     C   23    Vzz=    0.5980    axis=( -0.188263  0.976837 -0.101717)
     C   23  Q=         1.0000 1e-30 m^2  Cq=         1.4051 MHz  eta= 0.94119

     Cl  24    Vxx=   -1.8632    axis=(  0.525398 -0.493671  0.692998)
     Cl  24    Vyy=   -2.2533    axis=(  0.419365 -0.558426 -0.715747)
     Cl  24    Vzz=    4.1165    axis=( -0.740331 -0.666671  0.086367)
     Cl  24  Q=        -8.1650 1e-30 m^2  Cq=       -78.9729 MHz  eta= 0.09477

     Initialization:
     gipaw_setup  :      9.09s CPU     11.00s WALL (       1 calls)

     Linear response

     Apply operators

     Induced current

     Other routines
     efg          :      9.08s CPU     11.28s WALL (       1 calls)

     General routines
     calbec       :      3.15s CPU      3.93s WALL (      16 calls)
     fft          :      1.49s CPU      2.15s WALL (      15 calls)
     ffts         :      0.07s CPU      0.09s WALL (       2 calls)
     fftw         :      3.15s CPU      3.87s WALL (     672 calls)
     davcio       :      0.04s CPU      0.33s WALL (      32 calls)

     Parallel routines
     fft_scatter  :      1.95s CPU      3.06s WALL (     689 calls)

     Plugins

     GIPAW        :     61.04s CPU     73.01s WALL (       1 calls)
