
     Program QE v.6.0 (svn rev. 13079) starts on 15Dec2016 at  5:52: 1 

     This program is part of the open-source Quantum ESPRESSO suite
     for quantum simulation of materials; please cite
         "P. Giannozzi et al., J. Phys.:Condens. Matter 21 395502 (2009);
          URL http://www.quantum-espresso.org", 
     in publications or presentations arising from this work. More details at
     http://www.quantum-espresso.org/quote

     Parallel version (MPI), running on     8 processors
     R & G space division:  proc/nbgrp/npool/nimage =       8

     ***** This is GIPAW svn revision unknown      *****

     Parallelizing q-star over 1 images

     Reading data from directory:
     /users/majewski/paradichlorobenzene/pbe/9_constraint/scratch/pbe.ecut100.np8.dt60.pcl2phi-129368.save
     Message from routine read_xml_file:
     file /users/majewski/paradichlorobenzene/pbe/9_constraint/scratch/pbe.ecut100.np8.dt60.pcl2phi-129368.save not guaranteed to be safe for post-processing

   Info: using nr1, nr2, nr3 values from input

   Info: using nr1, nr2, nr3 values from input

     IMPORTANT: XC functional enforced from input :
     Exchange-correlation      =  SLA  PW   PBX  PBC ( 1  4  3  4 0 0)
     Any further DFT definition will be discarded
     Please, verify this is what you really want

               file C.pbe-n-kjpaw_psl.1.0.0.UPF: wavefunction(s)  2S 2P renormalized
               file Cl.pbe-n-kjpaw_psl.1.0.0.UPF: wavefunction(s)  3S 3P renormalized
               file H.pbe-kjpaw_psl.1.0.0.UPF: wavefunction(s)  1S renormalized

     Parallelization info
     --------------------
     sticks:   dense  smooth     PW     G-vecs:    dense   smooth      PW
     Min        3057    1223    332               144436    36536    5170
     Max        3059    1225    333               144437    36537    5171
     Sum       24467    9791   2657              1155489   292295   41363


     Subspace diagonalization in iterative solution of the eigenvalue problem:
     a serial algorithm will be used

     GIPAW projectors -----------------------------------------------
     atom=  C    l=0  rc=    1.2000  rs=    0.8000
     atom=  C    l=0  rc=    1.2000  rs=    0.8000
     atom=  C    l=1  rc=    1.4000  rs=    0.9333
     atom=  C    l=1  rc=    1.4000  rs=    0.9333
     projs nearly linearly dependent: l=1  n1,n2= 1, 2  s=  0.99951561

     atom=  Cl   l=0  rc=    1.6000  rs=    1.0667
     atom=  Cl   l=0  rc=    1.6000  rs=    1.0667
     atom=  Cl   l=1  rc=    1.6000  rs=    1.0667
     atom=  Cl   l=1  rc=    1.6000  rs=    1.0667
     atom=  Cl   l=2  rc=    1.6000  rs=    1.0667
     atom=  Cl   l=2  rc=    1.6000  rs=    1.0667
     projs nearly linearly dependent: l=2  n1,n2= 1, 2  s=  0.99993509

     atom=  H    l=0  rc=    1.0000  rs=    0.6667
     atom=  H    l=0  rc=    1.0000  rs=    0.6667
     projs nearly linearly dependent: l=0  n1,n2= 1, 2  s=  0.99968852
     -----------------------------------------------------------------

     GIPAW integrals: -------------------------------------------
     Atom  i/j   nmr_para   nmr_dia   epr_rmc  epr_para   epr_dia
       C   1 1   0.83E+03  0.17E-01  0.93E+01  0.24E+08  0.24E+03
       C   2 1   0.86E+03 -0.61E-01  0.94E+01  0.25E+08  0.25E+03
       C   2 2   0.90E+03 -0.15E+00  0.97E+01  0.26E+08  0.26E+03
       C   3 3   0.33E+01  0.34E+00  0.18E+01  0.55E+03  0.21E+02
       C   4 3   0.35E+01  0.37E+00  0.20E+01  0.59E+03  0.22E+02
       C   4 4   0.38E+01  0.39E+00  0.22E+01  0.63E+03  0.24E+02
       Cl  1 1   0.14E+04 -0.47E+00  0.84E+01  0.32E+09  0.42E+03
       Cl  2 1   0.21E+04 -0.37E+00  0.12E+02  0.49E+09  0.65E+03
       Cl  2 2   0.33E+04 -0.16E+00  0.21E+02  0.76E+09  0.10E+04
       Cl  3 3   0.21E+02  0.79E-01  0.89E+01  0.23E+05  0.13E+03
       Cl  4 3   0.24E+02  0.67E-01  0.99E+01  0.27E+05  0.15E+03
       Cl  4 4   0.28E+02  0.44E-01  0.11E+02  0.32E+05  0.18E+03
       Cl  5 5   0.77E+00  0.19E+00  0.18E+01  0.12E+03  0.22E+02
       Cl  6 5   0.80E+00  0.19E+00  0.19E+01  0.12E+03  0.23E+02
       Cl  6 6   0.83E+00  0.20E+00  0.19E+01  0.12E+03  0.23E+02
       H   1 1   0.39E+02  0.19E+00  0.29E+00  0.78E+05  0.13E+02
       H   2 1   0.41E+02  0.21E+00  0.32E+00  0.82E+05  0.14E+02
       H   2 2   0.43E+02  0.22E+00  0.36E+00  0.86E+05  0.15E+02
     ------------------------------------------------------------

     alpha_pv=     34.3202 eV

     Number of occupied bands for each k-point:
     k-point:     1    nbnd_occ=  42
     k-point:     2    nbnd_occ=  42
     k-point:     3    nbnd_occ=  42
     k-point:     4    nbnd_occ=  42
     k-point:     5    nbnd_occ=  42
     k-point:     6    nbnd_occ=  42
     k-point:     7    nbnd_occ=  42
     k-point:     8    nbnd_occ=  42
     k-point:     9    nbnd_occ=  42
     k-point:    10    nbnd_occ=  42
     k-point:    11    nbnd_occ=  42
     k-point:    12    nbnd_occ=  42
     k-point:    13    nbnd_occ=  42
     k-point:    14    nbnd_occ=  42
     k-point:    15    nbnd_occ=  42
     k-point:    16    nbnd_occ=  42


     q-space interpolation up to   110.00 Rydberg

     GIPAW job: efg                                                                             


     ELECTRIC FIELD GRADIENTS TENSORS IN Hartree/bohrradius^2:

     ----- bare term -----
     Cl   1       -0.078976        0.069691        0.054673
     Cl   1        0.069691       -0.038725        0.067532
     Cl   1        0.054673        0.067532        0.117700

     C    2       -0.572975        0.062738       -0.297153
     C    2        0.062738       -0.031072       -0.301565
     C    2       -0.297153       -0.301565        0.604047

     C    3       -0.022094        0.013302       -0.319391
     C    3        0.013302       -0.322507       -0.499325
     C    3       -0.319391       -0.499325        0.344601

     H    4       -0.401436        0.226746       -0.387146
     H    4        0.226746        0.051530       -0.164794
     H    4       -0.387146       -0.164794        0.349906

     C    5       -0.467718        0.312757       -0.199763
     C    5        0.312757        0.061927       -0.307853
     C    5       -0.199763       -0.307853        0.405791

     H    6        0.495037       -0.023744       -0.065876
     H    6       -0.023744       -0.226559       -0.390025
     H    6       -0.065876       -0.390025       -0.268478

     H    7        0.415163        0.029750        0.161728
     H    7        0.029750       -0.131733        0.432807
     H    7        0.161728        0.432807       -0.283430

     C    8       -0.447469       -0.287623       -0.396470
     C    8       -0.287623        0.050127        0.402403
     C    8       -0.396470        0.402403        0.397342

     H    9       -0.136901        0.006491       -0.547728
     H    9        0.006491        0.126968       -0.109132
     H    9       -0.547728       -0.109132        0.009933

     C   10       -0.096074       -0.414059       -0.232959
     C   10       -0.414059       -0.265269        0.547250
     C   10       -0.232959        0.547250        0.361342

     C   11       -0.269453        0.070636       -0.350528
     C   11        0.070636       -0.059776        0.476223
     C   11       -0.350528        0.476223        0.329229

     Cl  12       -0.049386       -0.061281        0.029763
     Cl  12       -0.061281       -0.036532        0.011136
     Cl  12        0.029763        0.011136        0.085918

     H   13        0.466212       -0.000273       -0.182206
     H   13       -0.000273        0.099433       -0.238493
     H   13       -0.182206       -0.238493       -0.565645

     C   14       -0.298626        0.304675       -0.046772
     C   14        0.304675       -0.127008       -0.395568
     C   14       -0.046772       -0.395568        0.425633

     H   15       -0.273683        0.070309       -0.583331
     H   15        0.070309        0.233578        0.046582
     H   15       -0.583331        0.046582        0.040105

     C   16       -0.150873        0.063901       -0.226066
     C   16        0.063901       -0.083089       -0.660127
     C   16       -0.226066       -0.660127        0.233962

     C   17       -0.278346        0.051254       -0.388377
     C   17        0.051254       -0.028955       -0.430559
     C   17       -0.388377       -0.430559        0.307301

     Cl  18       -0.172255        0.087367       -0.020158
     Cl  18        0.087367       -0.083888       -0.094114
     Cl  18       -0.020158       -0.094114        0.256144

     H   19        0.451233        0.040166       -0.048308
     H   19        0.040166       -0.174638        0.505647
     H   19       -0.048308        0.505647       -0.276595

     C   20       -0.285044       -0.355933       -0.124847
     C   20       -0.355933       -0.222724        0.428942
     C   20       -0.124847        0.428942        0.507768

     H   21       -0.375619       -0.114098       -0.524052
     H   21       -0.114098        0.188465        0.028591
     H   21       -0.524052        0.028591        0.187154

     C   22       -0.184589       -0.128036       -0.253800
     C   22       -0.128036       -0.124018        0.641800
     C   22       -0.253800        0.641800        0.308607

     C   23       -0.275815       -0.158561       -0.372287
     C   23       -0.158561       -0.055710        0.469868
     C   23       -0.372287        0.469868        0.331525

     Cl  24       -0.053740       -0.124931       -0.119511
     Cl  24       -0.124931        0.043921        0.138865
     Cl  24       -0.119511        0.138865        0.009819

     ----- ionic term -----
     Cl   1        0.079612       -0.223897       -0.007598
     Cl   1       -0.223897        0.065726        0.018164
     Cl   1       -0.007598        0.018164       -0.145338

     C    2        0.138844       -0.234273        0.259400
     C    2       -0.234273        0.058235        0.417086
     C    2        0.259400        0.417086       -0.197079

     C    3        0.169908       -0.294321        0.149435
     C    3       -0.294321        0.052707        0.428020
     C    3        0.149435        0.428020       -0.222615

     H    4        0.640802        0.100617        0.712430
     H    4        0.100617       -0.530518        0.136913
     H    4        0.712430        0.136913       -0.110284

     C    5        0.329400       -0.293666        0.171012
     C    5       -0.293666       -0.059358        0.332467
     C    5        0.171012        0.332467       -0.270042

     H    6       -0.514018       -0.016391       -0.007142
     H    6       -0.016391        0.447066        0.811554
     H    6       -0.007142        0.811554        0.066952

     H    7       -0.533580        0.006306        0.028819
     H    7        0.006306        0.488937       -0.784165
     H    7        0.028819       -0.784165        0.044643

     C    8        0.252796        0.302664        0.312344
     C    8        0.302664       -0.033229       -0.294935
     C    8        0.312344       -0.294935       -0.219567

     H    9        0.609260       -0.097338        0.721392
     H    9       -0.097338       -0.515303       -0.148025
     H    9        0.721392       -0.148025       -0.093957

     C   10        0.162655        0.335606        0.196187
     C   10        0.335606        0.066522       -0.378202
     C   10        0.196187       -0.378202       -0.229177

     C   11        0.217021        0.195772        0.282726
     C   11        0.195772        0.002644       -0.418005
     C   11        0.282726       -0.418005       -0.219665

     Cl  12        0.146497        0.215407        0.013104
     Cl  12        0.215407       -0.001824       -0.004854
     Cl  12        0.013104       -0.004854       -0.144673

     H   13       -0.503394        0.138536        0.151111
     H   13        0.138536        0.399405        0.795463
     H   13        0.151111        0.795463        0.103989

     C   14        0.259370       -0.216433        0.253923
     C   14       -0.216433       -0.052515        0.316822
     C   14        0.253923        0.316822       -0.206855

     H   15        0.680579        0.306382        0.623986
     H   15        0.306382       -0.479506        0.233963
     H   15        0.623986        0.233963       -0.201073

     C   16        0.133986       -0.216174        0.141670
     C   16       -0.216174        0.020825        0.437941
     C   16        0.141670        0.437941       -0.154811

     C   17        0.269868       -0.209136        0.192737
     C   17       -0.209136       -0.111273        0.435157
     C   17        0.192737        0.435157       -0.158595

     Cl  18        0.141369       -0.204528       -0.054489
     Cl  18       -0.204528       -0.024110        0.032816
     Cl  18       -0.054489        0.032816       -0.117260

     H   19       -0.522863       -0.016747        0.009173
     H   19       -0.016747        0.557745       -0.759413
     H   19        0.009173       -0.759413       -0.034882

     C   20        0.237401        0.201453        0.270516
     C   20        0.201453        0.056176       -0.310668
     C   20        0.270516       -0.310668       -0.293577

     H   21        0.729225       -0.243450        0.615189
     H   21       -0.243450       -0.444652       -0.192919
     H   21        0.615189       -0.192919       -0.284573

     C   22        0.121268        0.255390        0.194221
     C   22        0.255390        0.178039       -0.388837
     C   22        0.194221       -0.388837       -0.299307

     C   23        0.125979        0.256787        0.360779
     C   23        0.256787        0.091992       -0.371435
     C   23        0.360779       -0.371435       -0.217971

     Cl  24        0.102291        0.236924        0.033072
     Cl  24        0.236924        0.050318        0.014393
     Cl  24        0.033072        0.014393       -0.152609

     ----- GIPAW term -----
     Cl   1       -0.355304       -0.912901        1.079469
     Cl   1       -0.912901       -0.771040        1.663021
     Cl   1        1.079469        1.663021        1.126344

     C    2       -0.156396       -0.083379       -0.056932
     C    2       -0.083379       -0.117115        0.000645
     C    2       -0.056932        0.000645        0.273511

     C    3       -0.040688       -0.098567       -0.127641
     C    3       -0.098567       -0.009333        0.032274
     C    3       -0.127641        0.032274        0.050022

     H    4       -0.000000        0.000000        0.000000
     H    4        0.000000        0.000000        0.000000
     H    4        0.000000        0.000000        0.000000

     C    5       -0.047029       -0.077114        0.015271
     C    5       -0.077114        0.074294       -0.068796
     C    5        0.015271       -0.068796       -0.027264

     H    6       -0.000000        0.000000        0.000000
     H    6        0.000000        0.000000        0.000000
     H    6        0.000000        0.000000        0.000000

     H    7       -0.000000        0.000000        0.000000
     H    7        0.000000        0.000000        0.000000
     H    7        0.000000        0.000000        0.000000

     C    8       -0.079212       -0.086286       -0.096186
     C    8       -0.086286        0.015668        0.125094
     C    8       -0.096186        0.125094        0.063544

     H    9       -0.000000        0.000000        0.000000
     H    9        0.000000        0.000000        0.000000
     H    9        0.000000        0.000000        0.000000

     C   10       -0.018934       -0.118926       -0.086622
     C   10       -0.118926       -0.019598        0.129476
     C   10       -0.086622        0.129476        0.038532

     C   11        0.025687        0.144873        0.000219
     C   11        0.144873       -0.043012        0.062385
     C   11        0.000219        0.062385        0.017324

     Cl  12        1.222319        2.062796        0.202813
     Cl  12        2.062796       -0.170287        0.079543
     Cl  12        0.202813        0.079543       -1.052033

     H   13       -0.000000        0.000000        0.000000
     H   13        0.000000        0.000000        0.000000
     H   13        0.000000        0.000000        0.000000

     C   14       -0.129366        0.022507        0.032549
     C   14        0.022507       -0.090970       -0.180355
     C   14        0.032549       -0.180355        0.220336

     H   15       -0.000000        0.000000        0.000000
     H   15        0.000000        0.000000        0.000000
     H   15        0.000000        0.000000        0.000000

     C   16       -0.147751       -0.041359       -0.023221
     C   16       -0.041359        0.082915       -0.260186
     C   16       -0.023221       -0.260186        0.064836

     C   17        0.024975       -0.109424       -0.053704
     C   17       -0.109424        0.013155       -0.038549
     C   17       -0.053704       -0.038549       -0.038130

     Cl  18       -0.561889       -1.441899       -0.351645
     Cl  18       -1.441899       -1.100981       -1.207695
     Cl  18       -0.351645       -1.207695        1.662870

     H   19       -0.000000        0.000000        0.000000
     H   19        0.000000        0.000000        0.000000
     H   19        0.000000        0.000000        0.000000

     C   20       -0.031761       -0.045092        0.063289
     C   20       -0.045092       -0.110587        0.114747
     C   20        0.063289        0.114747        0.142347

     H   21       -0.000000        0.000000        0.000000
     H   21        0.000000        0.000000        0.000000
     H   21        0.000000        0.000000        0.000000

     C   22       -0.125788        0.024127       -0.040343
     C   22        0.024127        0.057360        0.219881
     C   22       -0.040343        0.219881        0.068428

     C   23       -0.006109        0.093610       -0.070074
     C   23        0.093610        0.045601        0.114335
     C   23       -0.070074        0.114335       -0.039492

     Cl  24        0.678930        0.815527       -1.038151
     Cl  24        0.815527        0.686237        1.472533
     Cl  24       -1.038151        1.472533       -1.365167

     ----- total EFG -----
     Cl   1       -0.354669       -1.067107        1.126544
     Cl   1       -1.067107       -0.744038        1.748718
     Cl   1        1.126544        1.748718        1.098707

     C    2       -0.590527       -0.254915       -0.094685
     C    2       -0.254915       -0.089952        0.116165
     C    2       -0.094685        0.116165        0.680479

     C    3        0.107126       -0.379585       -0.297597
     C    3       -0.379585       -0.279133       -0.039031
     C    3       -0.297597       -0.039031        0.172008

     H    4        0.239366        0.327363        0.325283
     H    4        0.327363       -0.478988       -0.027881
     H    4        0.325283       -0.027881        0.239622

     C    5       -0.185347       -0.058023       -0.013481
     C    5       -0.058023        0.076863       -0.044181
     C    5       -0.013481       -0.044181        0.108485

     H    6       -0.018981       -0.040136       -0.073018
     H    6       -0.040136        0.220507        0.421529
     H    6       -0.073018        0.421529       -0.201526

     H    7       -0.118417        0.036056        0.190547
     H    7        0.036056        0.357205       -0.351358
     H    7        0.190547       -0.351358       -0.238787

     C    8       -0.273886       -0.071246       -0.180312
     C    8       -0.071246        0.032566        0.232562
     C    8       -0.180312        0.232562        0.241320

     H    9        0.472359       -0.090847        0.173664
     H    9       -0.090847       -0.388335       -0.257158
     H    9        0.173664       -0.257158       -0.084024

     C   10        0.047647       -0.197379       -0.123393
     C   10       -0.197379       -0.218345        0.298523
     C   10       -0.123393        0.298523        0.170698

     C   11       -0.026744        0.411281       -0.067583
     C   11        0.411281       -0.100144        0.120603
     C   11       -0.067583        0.120603        0.126888

     Cl  12        1.319431        2.216922        0.245680
     Cl  12        2.216922       -0.208643        0.085825
     Cl  12        0.245680        0.085825       -1.110788

     H   13       -0.037182        0.138263       -0.031095
     H   13        0.138263        0.498838        0.556970
     H   13       -0.031095        0.556970       -0.461656

     C   14       -0.168622        0.110749        0.239700
     C   14        0.110749       -0.270492       -0.259101
     C   14        0.239700       -0.259101        0.439114

     H   15        0.406895        0.376691        0.040655
     H   15        0.376691       -0.245928        0.280545
     H   15        0.040655        0.280545       -0.160967

     C   16       -0.164638       -0.193633       -0.107617
     C   16       -0.193633        0.020650       -0.482372
     C   16       -0.107617       -0.482372        0.143988

     C   17        0.016497       -0.267305       -0.249344
     C   17       -0.267305       -0.127073       -0.033950
     C   17       -0.249344       -0.033950        0.110576

     Cl  18       -0.592775       -1.559060       -0.426292
     Cl  18       -1.559060       -1.208979       -1.268993
     Cl  18       -0.426292       -1.268993        1.801754

     H   19       -0.071631        0.023419       -0.039135
     H   19        0.023419        0.383107       -0.253767
     H   19       -0.039135       -0.253767       -0.311477

     C   20       -0.079403       -0.199573        0.208958
     C   20       -0.199573       -0.277135        0.233021
     C   20        0.208958        0.233021        0.356538

     H   21        0.353606       -0.357548        0.091137
     H   21       -0.357548       -0.256187       -0.164328
     H   21        0.091137       -0.164328       -0.097419

     C   22       -0.189108        0.151482       -0.099922
     C   22        0.151482        0.111381        0.472844
     C   22       -0.099922        0.472844        0.077727

     C   23       -0.155945        0.191836       -0.081582
     C   23        0.191836        0.081883        0.212768
     C   23       -0.081582        0.212768        0.074062

     Cl  24        0.727480        0.927520       -1.124590
     Cl  24        0.927520        0.780476        1.625791
     Cl  24       -1.124590        1.625791       -1.507956

     ----- total EFG (symmetrized) -----
     Cl   1       -0.354669       -1.067107        1.126544
     Cl   1       -1.067107       -0.744038        1.748718
     Cl   1        1.126544        1.748718        1.098707

     C    2       -0.590527       -0.254915       -0.094685
     C    2       -0.254915       -0.089952        0.116165
     C    2       -0.094685        0.116165        0.680479

     C    3        0.107126       -0.379585       -0.297597
     C    3       -0.379585       -0.279133       -0.039031
     C    3       -0.297597       -0.039031        0.172008

     H    4        0.239366        0.327363        0.325283
     H    4        0.327363       -0.478988       -0.027881
     H    4        0.325283       -0.027881        0.239622

     C    5       -0.185347       -0.058023       -0.013481
     C    5       -0.058023        0.076863       -0.044181
     C    5       -0.013481       -0.044181        0.108485

     H    6       -0.018981       -0.040136       -0.073018
     H    6       -0.040136        0.220507        0.421529
     H    6       -0.073018        0.421529       -0.201526

     H    7       -0.118417        0.036056        0.190547
     H    7        0.036056        0.357205       -0.351358
     H    7        0.190547       -0.351358       -0.238787

     C    8       -0.273886       -0.071246       -0.180312
     C    8       -0.071246        0.032566        0.232562
     C    8       -0.180312        0.232562        0.241320

     H    9        0.472359       -0.090847        0.173664
     H    9       -0.090847       -0.388335       -0.257158
     H    9        0.173664       -0.257158       -0.084024

     C   10        0.047647       -0.197379       -0.123393
     C   10       -0.197379       -0.218345        0.298523
     C   10       -0.123393        0.298523        0.170698

     C   11       -0.026744        0.411281       -0.067583
     C   11        0.411281       -0.100144        0.120603
     C   11       -0.067583        0.120603        0.126888

     Cl  12        1.319431        2.216922        0.245680
     Cl  12        2.216922       -0.208643        0.085825
     Cl  12        0.245680        0.085825       -1.110788

     H   13       -0.037182        0.138263       -0.031095
     H   13        0.138263        0.498838        0.556970
     H   13       -0.031095        0.556970       -0.461656

     C   14       -0.168622        0.110749        0.239700
     C   14        0.110749       -0.270492       -0.259101
     C   14        0.239700       -0.259101        0.439114

     H   15        0.406895        0.376691        0.040655
     H   15        0.376691       -0.245928        0.280545
     H   15        0.040655        0.280545       -0.160967

     C   16       -0.164638       -0.193633       -0.107617
     C   16       -0.193633        0.020650       -0.482372
     C   16       -0.107617       -0.482372        0.143988

     C   17        0.016497       -0.267305       -0.249344
     C   17       -0.267305       -0.127073       -0.033950
     C   17       -0.249344       -0.033950        0.110576

     Cl  18       -0.592775       -1.559060       -0.426292
     Cl  18       -1.559060       -1.208979       -1.268993
     Cl  18       -0.426292       -1.268993        1.801754

     H   19       -0.071631        0.023419       -0.039135
     H   19        0.023419        0.383107       -0.253767
     H   19       -0.039135       -0.253767       -0.311477

     C   20       -0.079403       -0.199573        0.208958
     C   20       -0.199573       -0.277135        0.233021
     C   20        0.208958        0.233021        0.356538

     H   21        0.353606       -0.357548        0.091137
     H   21       -0.357548       -0.256187       -0.164328
     H   21        0.091137       -0.164328       -0.097419

     C   22       -0.189108        0.151482       -0.099922
     C   22        0.151482        0.111381        0.472844
     C   22       -0.099922        0.472844        0.077727

     C   23       -0.155945        0.191836       -0.081582
     C   23        0.191836        0.081883        0.212768
     C   23       -0.081582        0.212768        0.074062

     Cl  24        0.727480        0.927520       -1.124590
     Cl  24        0.927520        0.780476        1.625791
     Cl  24       -1.124590        1.625791       -1.507956


     NQR/NMR SPECTROSCOPIC PARAMETERS:
     Cl   1    Vxx=    0.5101    axis=(  0.821262 -0.562064  0.098042)
     Cl   1    Vyy=    2.2377    axis=(  0.198156  0.442127  0.874791)
     Cl   1    Vzz=   -2.7478    axis=( -0.535036 -0.699005  0.474478)
     Cl   1  Q=        -8.1650 1e-30 m^2  Cq=        52.7160 MHz  eta= 0.62870

     C    2    Vxx=   -0.0127    axis=( -0.367336  0.907818 -0.202314)
     C    2    Vyy=   -0.6988    axis=(  0.924082  0.380906  0.031356)
     C    2    Vzz=    0.7115    axis=( -0.105528  0.175437  0.978819)
     C    2  Q=         1.0000 1e-30 m^2  Cq=         1.6718 MHz  eta= 0.96432

     C    3    Vxx=    0.0487    axis=( -0.382607  0.532857 -0.754768)
     C    3    Vyy=    0.5159    axis=(  0.733886 -0.320998 -0.598642)
     C    3    Vzz=   -0.5646    axis=(  0.561269  0.782958  0.268240)
     C    3  Q=         1.0000 1e-30 m^2  Cq=        -1.3266 MHz  eta= 0.82747

     H    4    Vxx=    0.0223    axis=( -0.534296 -0.390608  0.749636)
     H    4    Vyy=    0.6097    axis=(  0.742514  0.206957  0.637057)
     H    4    Vzz=   -0.6320    axis=(  0.403981 -0.896992 -0.179456)
     H    4  Q=         1.0000 1e-30 m^2  Cq=        -1.4850 MHz  eta= 0.92941

     C    5    Vxx=    0.0580    axis=( -0.215687  0.762833  0.609561)
     C    5    Vyy=    0.1413    axis=(  0.075661 -0.609322  0.789305)
     C    5    Vzz=   -0.1993    axis=( -0.973527 -0.216363 -0.073706)
     C    5  Q=         1.0000 1e-30 m^2  Cq=        -0.4682 MHz  eta= 0.41821

     H    6    Vxx=   -0.0255    axis=(  0.985641  0.168788 -0.004662)
     H    6    Vyy=   -0.4657    axis=( -0.092597  0.517221 -0.850828)
     H    6    Vzz=    0.4912    axis=( -0.141198  0.839043  0.525424)
     H    6  Q=         1.0000 1e-30 m^2  Cq=         1.1542 MHz  eta= 0.89614

     H    7    Vxx=   -0.0279    axis=(  0.890590  0.258227  0.374390)
     H    7    Vyy=   -0.4958    axis=( -0.448037  0.356631  0.819803)
     H    7    Vzz=    0.5236    axis=(  0.078176 -0.897849  0.433308)
     H    7  Q=         1.0000 1e-30 m^2  Cq=         1.2303 MHz  eta= 0.89359

     C    8    Vxx=   -0.1117    axis=( -0.160763 -0.859970  0.484363)
     C    8    Vyy=   -0.3307    axis=( -0.952864  0.007295 -0.303309)
     C    8    Vzz=    0.4425    axis=( -0.257303  0.510293  0.820607)
     C    8  Q=         1.0000 1e-30 m^2  Cq=         1.0396 MHz  eta= 0.49494

     H    9    Vxx=   -0.0159    axis=(  0.372219  0.464195 -0.803726)
     H    9    Vyy=   -0.5350    axis=( -0.007538  0.867432  0.497498)
     H    9    Vzz=    0.5510    axis=( -0.928114  0.179119 -0.326374)
     H    9  Q=         1.0000 1e-30 m^2  Cq=         1.2945 MHz  eta= 0.94218

     C   10    Vxx=   -0.0285    axis=(  0.838820 -0.016441  0.544160)
     C   10    Vyy=   -0.4126    axis=( -0.271699 -0.878808  0.392272)
     C   10    Vzz=    0.4412    axis=( -0.471763  0.476893  0.741628)
     C   10  Q=         1.0000 1e-30 m^2  Cq=         1.0365 MHz  eta= 0.87065

     C   11    Vxx=    0.1508    axis=( -0.253105  0.049519  0.966171)
     C   11    Vyy=    0.3543    axis=(  0.712539  0.685070  0.151550)
     C   11    Vzz=   -0.5051    axis=( -0.654390  0.726792 -0.208679)
     C   11  Q=         1.0000 1e-30 m^2  Cq=        -1.1867 MHz  eta= 0.40297

     Cl  12    Vxx=   -1.1184    axis=(  0.012234 -0.123418  0.992279)
     Cl  12    Vyy=   -1.7974    axis=(  0.581872 -0.806152 -0.107442)
     Cl  12    Vzz=    2.9158    axis=(  0.813188  0.578694  0.061951)
     Cl  12  Q=        -8.1650 1e-30 m^2  Cq=       -55.9380 MHz  eta= 0.23284

     H   13    Vxx=   -0.0422    axis=(  0.982354 -0.074384 -0.171602)
     H   13    Vyy=   -0.7276    axis=(  0.124923 -0.421883  0.898003)
     H   13    Vzz=    0.7699    axis=( -0.139193 -0.903594 -0.405146)
     H   13  Q=         1.0000 1e-30 m^2  Cq=         1.8089 MHz  eta= 0.89032

     C   14    Vxx=   -0.1013    axis=(  0.791238  0.608643 -0.059133)
     C   14    Vyy=   -0.4750    axis=( -0.552292  0.752781  0.358183)
     C   14    Vzz=    0.5764    axis=(  0.262520 -0.250749  0.931777)
     C   14  Q=         1.0000 1e-30 m^2  Cq=         1.3542 MHz  eta= 0.64834

     H   15    Vxx=   -0.0460    axis=(  0.403713 -0.396396 -0.824552)
     H   15    Vyy=   -0.5658    axis=( -0.287995  0.800382 -0.525783)
     H   15    Vzz=    0.6118    axis=( -0.868375 -0.449732 -0.208964)
     H   15  Q=         1.0000 1e-30 m^2  Cq=         1.4374 MHz  eta= 0.84961

     C   16    Vxx=   -0.0397    axis=(  0.857794 -0.338615 -0.386690)
     C   16    Vyy=   -0.5322    axis=(  0.509430  0.660119  0.552018)
     C   16    Vzz=    0.5718    axis=(  0.068339 -0.670509  0.738747)
     C   16  Q=         1.0000 1e-30 m^2  Cq=         1.3436 MHz  eta= 0.86119

     C   17    Vxx=    0.0323    axis=(  0.305575 -0.659061  0.687214)
     C   17    Vyy=    0.3690    axis=(  0.699862 -0.333907 -0.631427)
     C   17    Vzz=   -0.4013    axis=( -0.645614 -0.673903 -0.359218)
     C   17  Q=         1.0000 1e-30 m^2  Cq=        -0.9428 MHz  eta= 0.83919

     Cl  18    Vxx=    0.5591    axis=(  0.809209 -0.526716 -0.260291)
     Cl  18    Vyy=    2.2735    axis=(  0.060752 -0.365641  0.928771)
     Cl  18    Vzz=   -2.8326    axis=( -0.584372 -0.767383 -0.263881)
     Cl  18  Q=        -8.1650 1e-30 m^2  Cq=        54.3419 MHz  eta= 0.60521

     H   19    Vxx=   -0.0711    axis=(  0.993719 -0.089083 -0.067727)
     H   19    Vyy=   -0.3971    axis=(  0.091981  0.305505  0.947738)
     H   19    Vzz=    0.4681    axis=( -0.063737 -0.948014  0.311780)
     H   19  Q=         1.0000 1e-30 m^2  Cq=         1.0999 MHz  eta= 0.69640

     C   20    Vxx=    0.0388    axis=(  0.805544 -0.583749 -0.101667)
     C   20    Vyy=    0.4723    axis=( -0.275877 -0.217641 -0.936229)
     C   20    Vzz=   -0.5111    axis=(  0.524396  0.782221 -0.336362)
     C   20  Q=         1.0000 1e-30 m^2  Cq=        -1.2009 MHz  eta= 0.84799

     H   21    Vxx=   -0.0968    axis=( -0.338243 -0.191196  0.921431)
     H   21    Vyy=   -0.4578    axis=(  0.353400  0.881671  0.312673)
     H   21    Vzz=    0.5546    axis=(  0.872181 -0.431393  0.230650)
     H   21  Q=         1.0000 1e-30 m^2  Cq=         1.3030 MHz  eta= 0.65098

     C   22    Vxx=   -0.0848    axis=( -0.855303 -0.320620  0.407014)
     C   22    Vyy=   -0.4851    axis=( -0.515255  0.608942 -0.603077)
     C   22    Vzz=    0.5699    axis=( -0.054489 -0.725529 -0.686031)
     C   22  Q=         1.0000 1e-30 m^2  Cq=         1.3389 MHz  eta= 0.70247

     C   23    Vxx=    0.0361    axis=( -0.649902 -0.367814  0.665087)
     C   23    Vyy=    0.3075    axis=( -0.204743 -0.758011 -0.619273)
     C   23    Vzz=   -0.3436    axis=( -0.731921  0.538638 -0.417326)
     C   23  Q=         1.0000 1e-30 m^2  Cq=        -0.8074 MHz  eta= 0.78982

     Cl  24    Vxx=    1.1253    axis=( -0.805320  0.284951  0.519868)
     Cl  24    Vyy=    1.7878    axis=( -0.466161 -0.846143 -0.258333)
     Cl  24    Vzz=   -2.9131    axis=(  0.366270 -0.450383  0.814249)
     Cl  24  Q=        -8.1650 1e-30 m^2  Cq=        55.8863 MHz  eta= 0.22745

     Initialization:
     gipaw_setup  :      8.90s CPU     10.83s WALL (       1 calls)

     Linear response

     Apply operators

     Induced current

     Other routines
     efg          :      9.24s CPU     11.96s WALL (       1 calls)

     General routines
     calbec       :      3.21s CPU      4.35s WALL (      16 calls)
     fft          :      1.48s CPU      2.09s WALL (      15 calls)
     ffts         :      0.03s CPU      0.05s WALL (       2 calls)
     fftw         :      3.29s CPU      4.21s WALL (     672 calls)
     davcio       :      0.03s CPU      0.34s WALL (      32 calls)

     Parallel routines
     fft_scatter  :      2.17s CPU      3.56s WALL (     689 calls)

     Plugins

     GIPAW        :     60.63s CPU     72.56s WALL (       1 calls)
