
     Program QE v.6.0 (svn rev. 13079) starts on 17Jan2017 at  4:42: 7 

     This program is part of the open-source Quantum ESPRESSO suite
     for quantum simulation of materials; please cite
         "P. Giannozzi et al., J. Phys.:Condens. Matter 21 395502 (2009);
          URL http://www.quantum-espresso.org", 
     in publications or presentations arising from this work. More details at
     http://www.quantum-espresso.org/quote

     Parallel version (MPI), running on     8 processors
     R & G space division:  proc/nbgrp/npool/nimage =       8

     ***** This is GIPAW svn revision unknown      *****

     Parallelizing q-star over 1 images

     Reading data from directory:
     /users/majewski/paradichlorobenzene/pbe/9_constraint/scratch/pbe.ecut100.np8.dt60.pcl2phi-129368.save
     Message from routine read_xml_file:
     file /users/majewski/paradichlorobenzene/pbe/9_constraint/scratch/pbe.ecut100.np8.dt60.pcl2phi-129368.save not guaranteed to be safe for post-processing

   Info: using nr1, nr2, nr3 values from input

   Info: using nr1, nr2, nr3 values from input

     IMPORTANT: XC functional enforced from input :
     Exchange-correlation      =  SLA  PW   PBX  PBC ( 1  4  3  4 0 0)
     Any further DFT definition will be discarded
     Please, verify this is what you really want

               file C.pbe-n-kjpaw_psl.1.0.0.UPF: wavefunction(s)  2S 2P renormalized
               file Cl.pbe-n-kjpaw_psl.1.0.0.UPF: wavefunction(s)  3S 3P renormalized
               file H.pbe-kjpaw_psl.1.0.0.UPF: wavefunction(s)  1S renormalized

     Parallelization info
     --------------------
     sticks:   dense  smooth     PW     G-vecs:    dense   smooth      PW
     Min        3057    1223    332               144436    36536    5170
     Max        3059    1225    333               144437    36537    5171
     Sum       24467    9791   2657              1155489   292295   41363


     Subspace diagonalization in iterative solution of the eigenvalue problem:
     a serial algorithm will be used

     GIPAW projectors -----------------------------------------------
     atom=  C    l=0  rc=    1.2000  rs=    0.8000
     atom=  C    l=0  rc=    1.2000  rs=    0.8000
     atom=  C    l=1  rc=    1.4000  rs=    0.9333
     atom=  C    l=1  rc=    1.4000  rs=    0.9333
     projs nearly linearly dependent: l=1  n1,n2= 1, 2  s=  0.99951561

     atom=  Cl   l=0  rc=    1.6000  rs=    1.0667
     atom=  Cl   l=0  rc=    1.6000  rs=    1.0667
     atom=  Cl   l=1  rc=    1.6000  rs=    1.0667
     atom=  Cl   l=1  rc=    1.6000  rs=    1.0667
     atom=  Cl   l=2  rc=    1.6000  rs=    1.0667
     atom=  Cl   l=2  rc=    1.6000  rs=    1.0667
     projs nearly linearly dependent: l=2  n1,n2= 1, 2  s=  0.99993509

     atom=  H    l=0  rc=    1.0000  rs=    0.6667
     atom=  H    l=0  rc=    1.0000  rs=    0.6667
     projs nearly linearly dependent: l=0  n1,n2= 1, 2  s=  0.99968852
     -----------------------------------------------------------------

     GIPAW integrals: -------------------------------------------
     Atom  i/j   nmr_para   nmr_dia   epr_rmc  epr_para   epr_dia
       C   1 1   0.83E+03  0.17E-01  0.93E+01  0.24E+08  0.24E+03
       C   2 1   0.86E+03 -0.61E-01  0.94E+01  0.25E+08  0.25E+03
       C   2 2   0.90E+03 -0.15E+00  0.97E+01  0.26E+08  0.26E+03
       C   3 3   0.33E+01  0.34E+00  0.18E+01  0.55E+03  0.21E+02
       C   4 3   0.35E+01  0.37E+00  0.20E+01  0.59E+03  0.22E+02
       C   4 4   0.38E+01  0.39E+00  0.22E+01  0.63E+03  0.24E+02
       Cl  1 1   0.14E+04 -0.47E+00  0.84E+01  0.32E+09  0.42E+03
       Cl  2 1   0.21E+04 -0.37E+00  0.12E+02  0.49E+09  0.65E+03
       Cl  2 2   0.33E+04 -0.16E+00  0.21E+02  0.76E+09  0.10E+04
       Cl  3 3   0.21E+02  0.79E-01  0.89E+01  0.23E+05  0.13E+03
       Cl  4 3   0.24E+02  0.67E-01  0.99E+01  0.27E+05  0.15E+03
       Cl  4 4   0.28E+02  0.44E-01  0.11E+02  0.32E+05  0.18E+03
       Cl  5 5   0.77E+00  0.19E+00  0.18E+01  0.12E+03  0.22E+02
       Cl  6 5   0.80E+00  0.19E+00  0.19E+01  0.12E+03  0.23E+02
       Cl  6 6   0.83E+00  0.20E+00  0.19E+01  0.12E+03  0.23E+02
       H   1 1   0.39E+02  0.19E+00  0.29E+00  0.78E+05  0.13E+02
       H   2 1   0.41E+02  0.21E+00  0.32E+00  0.82E+05  0.14E+02
       H   2 2   0.43E+02  0.22E+00  0.36E+00  0.86E+05  0.15E+02
     ------------------------------------------------------------

     alpha_pv=     33.9725 eV

     Number of occupied bands for each k-point:
     k-point:     1    nbnd_occ=  42
     k-point:     2    nbnd_occ=  42
     k-point:     3    nbnd_occ=  42
     k-point:     4    nbnd_occ=  42
     k-point:     5    nbnd_occ=  42
     k-point:     6    nbnd_occ=  42
     k-point:     7    nbnd_occ=  42
     k-point:     8    nbnd_occ=  42
     k-point:     9    nbnd_occ=  42
     k-point:    10    nbnd_occ=  42
     k-point:    11    nbnd_occ=  42
     k-point:    12    nbnd_occ=  42
     k-point:    13    nbnd_occ=  42
     k-point:    14    nbnd_occ=  42
     k-point:    15    nbnd_occ=  42
     k-point:    16    nbnd_occ=  42


     q-space interpolation up to   110.00 Rydberg

     GIPAW job: efg                                                                             


     ELECTRIC FIELD GRADIENTS TENSORS IN Hartree/bohrradius^2:

     ----- bare term -----
     Cl   1       -0.155328        0.314686       -0.012125
     Cl   1        0.314686       -0.201642       -0.087592
     Cl   1       -0.012125       -0.087592        0.356971

     C    2        0.211102        0.016246       -0.199701
     C    2        0.016246       -0.203491       -0.603970
     C    2       -0.199701       -0.603970       -0.007611

     C    3       -0.457765        0.158138       -0.036659
     C    3        0.158138       -0.079219        0.047236
     C    3       -0.036659        0.047236        0.536985

     H    4       -0.059060       -0.360904       -0.089811
     H    4       -0.360904       -0.321336        0.049496
     H    4       -0.089811        0.049496        0.380396

     C    5        0.010137       -0.127982       -0.283856
     C    5       -0.127982       -0.064508       -0.370390
     C    5       -0.283856       -0.370390        0.054371

     H    6        0.417726        0.035562       -0.031766
     H    6        0.035562       -0.763063       -0.034609
     H    6       -0.031766       -0.034609        0.345337

     H    7        0.475730        0.058054        0.196572
     H    7        0.058054       -0.038999        0.230371
     H    7        0.196572        0.230371       -0.436732

     C    8       -0.730319       -0.378240       -0.354985
     C    8       -0.378240        0.454264        0.154320
     C    8       -0.354985        0.154320        0.276055

     H    9        0.022660       -0.061770       -0.499999
     H    9       -0.061770        0.007231       -0.219557
     H    9       -0.499999       -0.219557       -0.029891

     C   10        0.198928       -0.193468        0.005834
     C   10       -0.193468       -0.151133        0.342611
     C   10        0.005834        0.342611       -0.047795

     C   11       -0.461176       -0.386866       -0.415805
     C   11       -0.386866        0.234595        0.196466
     C   11       -0.415805        0.196466        0.226581

     Cl  12       -0.010392       -0.038713       -0.087724
     Cl  12       -0.038713        0.028027        0.076211
     Cl  12       -0.087724        0.076211       -0.017635

     H   13        0.445226       -0.050848       -0.115530
     H   13       -0.050848       -0.600915       -0.593165
     H   13       -0.115530       -0.593165        0.155688

     C   14       -0.959299        0.380254       -0.462278
     C   14        0.380254        0.451278        0.025230
     C   14       -0.462278        0.025230        0.508021

     H   15       -0.593908       -0.243846       -0.140307
     H   15       -0.243846        0.390467       -0.156800
     H   15       -0.140307       -0.156800        0.203441

     C   16       -0.000828       -0.044182       -0.312111
     C   16       -0.044182       -0.277413       -0.496287
     C   16       -0.312111       -0.496287        0.278240

     C   17       -0.671942        0.402787       -0.298572
     C   17        0.402787        0.242387       -0.127101
     C   17       -0.298572       -0.127101        0.429555

     Cl  18        0.072700       -0.153294       -0.056853
     Cl  18       -0.153294        0.016251        0.027599
     Cl  18       -0.056853        0.027599       -0.088951

     H   19        0.290578       -0.234094        0.172018
     H   19       -0.234094       -0.382057        0.565400
     H   19        0.172018        0.565400        0.091478

     C   20       -0.122388       -0.002805       -0.259468
     C   20       -0.002805        0.001307        0.417784
     C   20       -0.259468        0.417784        0.121081

     H   21        0.009343        0.323590       -0.305109
     H   21        0.323590       -0.327296        0.309394
     H   21       -0.305109        0.309394        0.317953

     C   22       -0.779927       -0.360202       -0.318567
     C   22       -0.360202        0.366227        0.064611
     C   22       -0.318567        0.064611        0.413700

     C   23        0.079489       -0.148942       -0.119606
     C   23       -0.148942       -0.023954        0.597209
     C   23       -0.119606        0.597209       -0.055535

     Cl  24       -0.169730       -0.263154       -0.000549
     Cl  24       -0.263154        0.014397        0.001130
     Cl  24       -0.000549        0.001130        0.155332

     ----- ionic term -----
     Cl   1        0.175745       -0.192613        0.022599
     Cl   1       -0.192613       -0.000730       -0.006818
     Cl   1        0.022599       -0.006818       -0.175015

     C    2        0.275735       -0.104943        0.239728
     C    2       -0.104943        0.205810        0.349950
     C    2        0.239728        0.349950       -0.481545

     C    3        0.247862       -0.176494        0.123468
     C    3       -0.176494        0.250857        0.344437
     C    3        0.123468        0.344437       -0.498719

     H    4        0.642077        0.515257        0.482251
     H    4        0.515257       -0.228375        0.257456
     H    4        0.482251        0.257456       -0.413702

     C    5        0.399121       -0.162837        0.165388
     C    5       -0.162837        0.070142        0.280611
     C    5        0.165388        0.280611       -0.469263

     H    6       -0.509355        0.021477        0.006580
     H    6        0.021477        0.761224        0.634829
     H    6        0.006580        0.634829       -0.251869

     H    7       -0.528939        0.012474        0.004358
     H    7        0.012474        0.422545       -0.796188
     H    7        0.004358       -0.796188        0.106395

     C    8        0.220265        0.231213        0.309785
     C    8        0.231213        0.036818       -0.277836
     C    8        0.309785       -0.277836       -0.257082

     H    9        0.671215       -0.249734        0.640622
     H    9       -0.249734       -0.419266       -0.214155
     H    9        0.640622       -0.214155       -0.251949

     C   10        0.140496        0.310143        0.222434
     C   10        0.310143        0.128444       -0.333502
     C   10        0.222434       -0.333502       -0.268939

     C   11        0.146311        0.214931        0.337894
     C   11        0.214931        0.002884       -0.403610
     C   11        0.337894       -0.403610       -0.149195

     Cl  12        0.159438        0.228423        0.028503
     Cl  12        0.228423       -0.020158        0.008376
     Cl  12        0.028503        0.008376       -0.139280

     H   13       -0.507703        0.021998        0.023619
     H   13        0.021998        0.828785        0.584813
     H   13        0.023619        0.584813       -0.321082

     C   14        0.393833       -0.119991        0.242158
     C   14       -0.119991        0.074851        0.271501
     C   14        0.242158        0.271501       -0.468684

     H   15        0.588062        0.494733        0.535132
     H   15        0.494733       -0.265443        0.287321
     H   15        0.535132        0.287321       -0.322619

     C   16        0.261292       -0.192671        0.161968
     C   16       -0.192671        0.159887        0.321037
     C   16        0.161968        0.321037       -0.421179

     C   17        0.313887       -0.138611        0.171757
     C   17       -0.138611        0.108650        0.326887
     C   17        0.171757        0.326887       -0.422537

     Cl  18        0.188680       -0.227704        0.005503
     Cl  18       -0.227704       -0.035586       -0.002509
     Cl  18        0.005503       -0.002509       -0.153094

     H   19       -0.500225        0.156903       -0.092702
     H   19        0.156903        0.460452       -0.765661
     H   19       -0.092702       -0.765661        0.039773

     C   20        0.260295        0.280536        0.285661
     C   20        0.280536       -0.061831       -0.317931
     C   20        0.285661       -0.317931       -0.198464

     H   21        0.520139       -0.433333        0.608713
     H   21       -0.433333       -0.335922       -0.324513
     H   21        0.608713       -0.324513       -0.184217

     C   22        0.179957        0.257298        0.164545
     C   22        0.257298        0.102911       -0.398672
     C   22        0.164545       -0.398672       -0.282867

     C   23        0.226606        0.231819        0.276566
     C   23        0.231819        0.035852       -0.374225
     C   23        0.276566       -0.374225       -0.262458

     Cl  24        0.154297        0.205770        0.023215
     Cl  24        0.205770        0.013909        0.008968
     Cl  24        0.023215        0.008968       -0.168207

     ----- GIPAW term -----
     Cl   1       -1.111230        0.293747        0.024828
     Cl   1        0.293747        2.174217        0.719670
     Cl   1        0.024828        0.719670       -1.062987

     C    2       -0.031533       -0.004211       -0.007434
     C    2       -0.004211        0.168454        0.040391
     C    2       -0.007434        0.040391       -0.136921

     C    3       -0.040791       -0.034855        0.007322
     C    3       -0.034855        0.025944        0.014113
     C    3        0.007322        0.014113        0.014847

     H    4       -0.000000        0.000000        0.000000
     H    4        0.000000        0.000000        0.000000
     H    4        0.000000        0.000000        0.000000

     C    5       -0.047120       -0.042357       -0.020549
     C    5       -0.042357        0.154878       -0.079347
     C    5       -0.020549       -0.079347       -0.107758

     H    6       -0.000000        0.000000        0.000000
     H    6        0.000000        0.000000        0.000000
     H    6        0.000000        0.000000        0.000000

     H    7       -0.000000        0.000000        0.000000
     H    7        0.000000        0.000000        0.000000
     H    7        0.000000        0.000000        0.000000

     C    8       -0.173728       -0.117529       -0.047900
     C    8       -0.117529        0.247949        0.057116
     C    8       -0.047900        0.057116       -0.074222

     H    9       -0.000000        0.000000        0.000000
     H    9        0.000000        0.000000        0.000000
     H    9        0.000000        0.000000        0.000000

     C   10       -0.015232       -0.049561       -0.008502
     C   10       -0.049561        0.066490        0.063841
     C   10       -0.008502        0.063841       -0.051258

     C   11       -0.091411       -0.094419       -0.072213
     C   11       -0.094419        0.205932        0.080275
     C   11       -0.072213        0.080275       -0.114520

     Cl  12       -0.153209        0.970711       -0.660641
     Cl  12        0.970711        1.634041        1.937035
     Cl  12       -0.660641        1.937035       -1.480832

     H   13       -0.000000        0.000000        0.000000
     H   13        0.000000        0.000000        0.000000
     H   13        0.000000        0.000000        0.000000

     C   14       -0.233066        0.022628       -0.053067
     C   14        0.022628        0.216759        0.186234
     C   14       -0.053067        0.186234        0.016307

     H   15       -0.000000        0.000000        0.000000
     H   15        0.000000        0.000000        0.000000
     H   15        0.000000        0.000000        0.000000

     C   16       -0.061907       -0.132360       -0.116783
     C   16       -0.132360        0.061583        0.069026
     C   16       -0.116783        0.069026        0.000324

     C   17       -0.105200       -0.151061       -0.058761
     C   17       -0.151061        0.213927        0.063631
     C   17       -0.058761        0.063631       -0.108727

     Cl  18        2.061345       -3.495245       -0.634554
     Cl  18       -3.495245        0.174227        0.344221
     Cl  18       -0.634554        0.344221       -2.235572

     H   19       -0.000000        0.000000        0.000000
     H   19        0.000000        0.000000        0.000000
     H   19        0.000000        0.000000        0.000000

     C   20       -0.119443        0.027874       -0.031623
     C   20        0.027874        0.240391       -0.021988
     C   20       -0.031623       -0.021988       -0.120948

     H   21       -0.000000        0.000000        0.000000
     H   21        0.000000        0.000000        0.000000
     H   21        0.000000        0.000000        0.000000

     C   22       -0.236988       -0.032260       -0.051861
     C   22       -0.032260        0.292272       -0.092605
     C   22       -0.051861       -0.092605       -0.055284

     C   23       -0.028693       -0.063920       -0.001622
     C   23       -0.063920        0.228349        0.037362
     C   23       -0.001622        0.037362       -0.199656

     Cl  24       -0.706987       -0.604421        0.199897
     Cl  24       -0.604421        2.470696       -0.874646
     Cl  24        0.199897       -0.874646       -1.763709

     ----- total EFG -----
     Cl   1       -1.090813        0.415820        0.035301
     Cl   1        0.415820        1.971846        0.625260
     Cl   1        0.035301        0.625260       -0.881032

     C    2        0.455305       -0.092908        0.032593
     C    2       -0.092908        0.170772       -0.213629
     C    2        0.032593       -0.213629       -0.626077

     C    3       -0.250694       -0.053211        0.094131
     C    3       -0.053211        0.197581        0.405786
     C    3        0.094131        0.405786        0.053113

     H    4        0.583017        0.154353        0.392439
     H    4        0.154353       -0.549711        0.306952
     H    4        0.392439        0.306952       -0.033306

     C    5        0.362138       -0.333175       -0.139018
     C    5       -0.333175        0.160512       -0.169126
     C    5       -0.139018       -0.169126       -0.522650

     H    6       -0.091629        0.057039       -0.025186
     H    6        0.057039       -0.001839        0.600220
     H    6       -0.025186        0.600220        0.093469

     H    7       -0.053209        0.070528        0.200929
     H    7        0.070528        0.383546       -0.565817
     H    7        0.200929       -0.565817       -0.330337

     C    8       -0.683783       -0.264556       -0.093100
     C    8       -0.264556        0.739031       -0.066401
     C    8       -0.093100       -0.066401       -0.055249

     H    9        0.693875       -0.311504        0.140622
     H    9       -0.311504       -0.412035       -0.433712
     H    9        0.140622       -0.433712       -0.281840

     C   10        0.324192        0.067114        0.219766
     C   10        0.067114        0.043801        0.072949
     C   10        0.219766        0.072949       -0.367993

     C   11       -0.406276       -0.266355       -0.150124
     C   11       -0.266355        0.443411       -0.126869
     C   11       -0.150124       -0.126869       -0.037135

     Cl  12       -0.004163        1.160421       -0.719862
     Cl  12        1.160421        1.641910        2.021623
     Cl  12       -0.719862        2.021623       -1.637747

     H   13       -0.062477       -0.028850       -0.091911
     H   13       -0.028850        0.227870       -0.008352
     H   13       -0.091911       -0.008352       -0.165394

     C   14       -0.798531        0.282891       -0.273187
     C   14        0.282891        0.742888        0.482965
     C   14       -0.273187        0.482965        0.055643

     H   15       -0.005846        0.250887        0.394825
     H   15        0.250887        0.125024        0.130521
     H   15        0.394825        0.130521       -0.119178

     C   16        0.198558       -0.369213       -0.266926
     C   16       -0.369213       -0.055943       -0.106224
     C   16       -0.266926       -0.106224       -0.142615

     C   17       -0.463256        0.113115       -0.185576
     C   17        0.113115        0.564965        0.263417
     C   17       -0.185576        0.263417       -0.101709

     Cl  18        2.322725       -3.876243       -0.685904
     Cl  18       -3.876243        0.154892        0.369310
     Cl  18       -0.685904        0.369310       -2.477617

     H   19       -0.209647       -0.077190        0.079316
     H   19       -0.077190        0.078395       -0.200261
     H   19        0.079316       -0.200261        0.131251

     C   20        0.018464        0.305606       -0.005429
     C   20        0.305606        0.179866        0.077866
     C   20       -0.005429        0.077866       -0.198331

     H   21        0.529482       -0.109743        0.303604
     H   21       -0.109743       -0.663217       -0.015119
     H   21        0.303604       -0.015119        0.133735

     C   22       -0.836958       -0.135164       -0.205883
     C   22       -0.135164        0.761410       -0.426666
     C   22       -0.205883       -0.426666        0.075549

     C   23        0.277401        0.018956        0.155337
     C   23        0.018956        0.240247        0.260346
     C   23        0.155337        0.260346       -0.517648

     Cl  24       -0.722419       -0.661806        0.222563
     Cl  24       -0.661806        2.499003       -0.864548
     Cl  24        0.222563       -0.864548       -1.776583

     ----- total EFG (symmetrized) -----
     Cl   1       -1.090813        0.415820        0.035301
     Cl   1        0.415820        1.971846        0.625260
     Cl   1        0.035301        0.625260       -0.881032

     C    2        0.455305       -0.092908        0.032593
     C    2       -0.092908        0.170772       -0.213629
     C    2        0.032593       -0.213629       -0.626077

     C    3       -0.250694       -0.053211        0.094131
     C    3       -0.053211        0.197581        0.405786
     C    3        0.094131        0.405786        0.053113

     H    4        0.583017        0.154353        0.392439
     H    4        0.154353       -0.549711        0.306952
     H    4        0.392439        0.306952       -0.033306

     C    5        0.362138       -0.333175       -0.139018
     C    5       -0.333175        0.160512       -0.169126
     C    5       -0.139018       -0.169126       -0.522650

     H    6       -0.091629        0.057039       -0.025186
     H    6        0.057039       -0.001839        0.600220
     H    6       -0.025186        0.600220        0.093469

     H    7       -0.053209        0.070528        0.200929
     H    7        0.070528        0.383546       -0.565817
     H    7        0.200929       -0.565817       -0.330337

     C    8       -0.683783       -0.264556       -0.093100
     C    8       -0.264556        0.739031       -0.066401
     C    8       -0.093100       -0.066401       -0.055249

     H    9        0.693875       -0.311504        0.140622
     H    9       -0.311504       -0.412035       -0.433712
     H    9        0.140622       -0.433712       -0.281840

     C   10        0.324192        0.067114        0.219766
     C   10        0.067114        0.043801        0.072949
     C   10        0.219766        0.072949       -0.367993

     C   11       -0.406276       -0.266355       -0.150124
     C   11       -0.266355        0.443411       -0.126869
     C   11       -0.150124       -0.126869       -0.037135

     Cl  12       -0.004163        1.160421       -0.719862
     Cl  12        1.160421        1.641910        2.021623
     Cl  12       -0.719862        2.021623       -1.637747

     H   13       -0.062477       -0.028850       -0.091911
     H   13       -0.028850        0.227870       -0.008352
     H   13       -0.091911       -0.008352       -0.165394

     C   14       -0.798531        0.282891       -0.273187
     C   14        0.282891        0.742888        0.482965
     C   14       -0.273187        0.482965        0.055643

     H   15       -0.005846        0.250887        0.394825
     H   15        0.250887        0.125024        0.130521
     H   15        0.394825        0.130521       -0.119178

     C   16        0.198558       -0.369213       -0.266926
     C   16       -0.369213       -0.055943       -0.106224
     C   16       -0.266926       -0.106224       -0.142615

     C   17       -0.463256        0.113115       -0.185576
     C   17        0.113115        0.564965        0.263417
     C   17       -0.185576        0.263417       -0.101709

     Cl  18        2.322725       -3.876243       -0.685904
     Cl  18       -3.876243        0.154892        0.369310
     Cl  18       -0.685904        0.369310       -2.477617

     H   19       -0.209647       -0.077190        0.079316
     H   19       -0.077190        0.078395       -0.200261
     H   19        0.079316       -0.200261        0.131251

     C   20        0.018464        0.305606       -0.005429
     C   20        0.305606        0.179866        0.077866
     C   20       -0.005429        0.077866       -0.198331

     H   21        0.529482       -0.109743        0.303604
     H   21       -0.109743       -0.663217       -0.015119
     H   21        0.303604       -0.015119        0.133735

     C   22       -0.836958       -0.135164       -0.205883
     C   22       -0.135164        0.761410       -0.426666
     C   22       -0.205883       -0.426666        0.075549

     C   23        0.277401        0.018956        0.155337
     C   23        0.018956        0.240247        0.260346
     C   23        0.155337        0.260346       -0.517648

     Cl  24       -0.722419       -0.661806        0.222563
     Cl  24       -0.661806        2.499003       -0.864548
     Cl  24        0.222563       -0.864548       -1.776583


     NQR/NMR SPECTROSCOPIC PARAMETERS:
     Cl   1    Vxx=   -0.9950    axis=( -0.317856 -0.152661  0.935768)
     Cl   1    Vyy=   -1.1607    axis=( -0.939650  0.182496 -0.289402)
     Cl   1    Vzz=    2.1557    axis=( -0.126593 -0.971283 -0.201456)
     Cl   1  Q=        -8.1650 1e-30 m^2  Cq=       -41.3566 MHz  eta= 0.07685

     C    2    Vxx=    0.1884    axis=(  0.344742  0.911279 -0.225218)
     C    2    Vyy=    0.4914    axis=(  0.938663 -0.332620  0.090966)
     C    2    Vzz=   -0.6798    axis=( -0.007983  0.242764  0.970053)
     C    2  Q=         1.0000 1e-30 m^2  Cq=        -1.5973 MHz  eta= 0.44566

     C    3    Vxx=   -0.1612    axis=(  0.763033 -0.431294  0.481421)
     C    3    Vyy=   -0.3768    axis=( -0.645862 -0.479536  0.594061)
     C    3    Vzz=    0.5380    axis=(  0.025356  0.764219  0.644458)
     C    3  Q=         1.0000 1e-30 m^2  Cq=         1.2641 MHz  eta= 0.40065

     H    4    Vxx=   -0.1363    axis=( -0.504292  0.385457  0.772730)
     H    4    Vyy=   -0.6932    axis=(  0.024341  0.900837 -0.433475)
     H    4    Vzz=    0.8295    axis=( -0.863190 -0.199789 -0.463667)
     H    4  Q=         1.0000 1e-30 m^2  Cq=         1.9491 MHz  eta= 0.67138

     C    5    Vxx=    0.0040    axis=(  0.544929  0.745727 -0.383332)
     C    5    Vyy=    0.6095    axis=( -0.804860  0.593377  0.010188)
     C    5    Vzz=   -0.6135    axis=(  0.235058  0.302977  0.923554)
     C    5  Q=         1.0000 1e-30 m^2  Cq=        -1.4415 MHz  eta= 0.98701

     H    6    Vxx=   -0.0848    axis=(  0.991893  0.072598 -0.104294)
     H    6    Vyy=   -0.5637    axis=( -0.124086  0.730281 -0.671782)
     H    6    Vzz=    0.6485    axis=(  0.027394  0.679278  0.733370)
     H    6  Q=         1.0000 1e-30 m^2  Cq=         1.5237 MHz  eta= 0.73844

     H    7    Vxx=    0.0123    axis=(  0.951067  0.190322  0.243413)
     H    7    Vyy=    0.6973    axis=( -0.049098  0.870857 -0.489077)
     H    7    Vzz=   -0.7097    axis=( -0.305060  0.453194  0.837588)
     H    7  Q=         1.0000 1e-30 m^2  Cq=        -1.6674 MHz  eta= 0.96525

     C    8    Vxx=   -0.0426    axis=( -0.156149  0.031016  0.987246)
     C    8    Vyy=   -0.7469    axis=(  0.972487  0.179767  0.148167)
     C    8    Vzz=    0.7895    axis=( -0.172878  0.983220 -0.058233)
     C    8  Q=         1.0000 1e-30 m^2  Cq=         1.8550 MHz  eta= 0.89206

     H    9    Vxx=   -0.0352    axis=(  0.377855  0.547221 -0.746844)
     H    9    Vyy=   -0.8005    axis=(  0.103420  0.776651  0.621384)
     H    9    Vzz=    0.8357    axis=( -0.920071  0.312031 -0.236868)
     H    9  Q=         1.0000 1e-30 m^2  Cq=         1.9636 MHz  eta= 0.91576

     C   10    Vxx=    0.0295    axis=(  0.249748 -0.967505 -0.039484)
     C   10    Vyy=    0.4080    axis=(  0.930824  0.228644  0.285112)
     C   10    Vzz=   -0.4374    axis=( -0.266820 -0.107959  0.957681)
     C   10  Q=         1.0000 1e-30 m^2  Cq=        -1.0278 MHz  eta= 0.86534

     C   11    Vxx=    0.0147    axis=( -0.363211  0.049669  0.930382)
     C   11    Vyy=    0.5320    axis=( -0.248090  0.957371 -0.147961)
     C   11    Vzz=   -0.5467    axis=( -0.898070 -0.284560 -0.335405)
     C   11  Q=         1.0000 1e-30 m^2  Cq=        -1.2846 MHz  eta= 0.94623

     Cl  12    Vxx=    0.2323    axis=(  0.890455 -0.094669 -0.445116)
     Cl  12    Vyy=    2.8165    axis=( -0.274830 -0.891475 -0.360195)
     Cl  12    Vzz=   -3.0488    axis=(  0.362710 -0.443068  0.819836)
     Cl  12  Q=        -8.1650 1e-30 m^2  Cq=        58.4894 MHz  eta= 0.84761

     H   13    Vxx=   -0.0104    axis=(  0.854987  0.085602 -0.511536)
     H   13    Vyy=   -0.2203    axis=(  0.509208  0.048788  0.859260)
     H   13    Vzz=    0.2307    axis=( -0.098511  0.995134  0.001876)
     H   13  Q=         1.0000 1e-30 m^2  Cq=         0.5421 MHz  eta= 0.91006

     C   14    Vxx=   -0.0190    axis=( -0.423552 -0.367567  0.827948)
     C   14    Vyy=   -0.9824    axis=( -0.902786  0.246652 -0.352336)
     C   14    Vzz=    1.0015    axis=( -0.074708 -0.896692 -0.436305)
     C   14  Q=         1.0000 1e-30 m^2  Cq=         2.3530 MHz  eta= 0.96202

     H   15    Vxx=   -0.0568    axis=(  0.343070 -0.812197  0.471846)
     H   15    Vyy=   -0.4700    axis=(  0.682232 -0.129830 -0.719516)
     H   15    Vzz=    0.5268    axis=(  0.645649  0.568753  0.509566)
     H   15  Q=         1.0000 1e-30 m^2  Cq=         1.2377 MHz  eta= 0.78444

     C   16    Vxx=   -0.0073    axis=( -0.137166 -0.629441  0.764846)
     C   16    Vyy=   -0.4966    axis=( -0.543683 -0.597600 -0.589307)
     C   16    Vzz=    0.5039    axis=( -0.828006  0.496667  0.260246)
     C   16  Q=         1.0000 1e-30 m^2  Cq=         1.1840 MHz  eta= 0.97092

     C   17    Vxx=   -0.0772    axis=( -0.479123 -0.259553  0.838495)
     C   17    Vyy=   -0.5812    axis=( -0.876696  0.188252 -0.442679)
     C   17    Vzz=    0.6585    axis=(  0.042949  0.947203  0.317745)
     C   17  Q=         1.0000 1e-30 m^2  Cq=         1.5471 MHz  eta= 0.76549

     Cl  18    Vxx=   -2.5028    axis=( -0.162987 -0.365092  0.916593)
     Cl  18    Vyy=   -2.8368    axis=( -0.586080 -0.711518 -0.387623)
     Cl  18    Vzz=    5.3395    axis=(  0.793691 -0.600375 -0.098005)
     Cl  18  Q=        -8.1650 1e-30 m^2  Cq=      -102.4364 MHz  eta= 0.06256

     H   19    Vxx=   -0.0969    axis=( -0.040221  0.744030  0.666935)
     H   19    Vyy=   -0.2325    axis=( -0.978794 -0.163517  0.123390)
     H   19    Vzz=    0.3295    axis=(  0.200861 -0.647829  0.734828)
     H   19  Q=         1.0000 1e-30 m^2  Cq=         0.7742 MHz  eta= 0.41155

     C   20    Vxx=   -0.1584    axis=( -0.570023  0.343145  0.746542)
     C   20    Vyy=   -0.2624    axis=( -0.559851  0.502815 -0.658592)
     C   20    Vzz=    0.4208    axis=(  0.601365  0.793365  0.094506)
     C   20  Q=         1.0000 1e-30 m^2  Cq=         0.9887 MHz  eta= 0.24715

     H   21    Vxx=   -0.0284    axis=( -0.468002  0.059911  0.881694)
     H   21    Vyy=   -0.6734    axis=( -0.095128 -0.995318  0.017137)
     H   21    Vzz=    0.7019    axis=(  0.878592 -0.075853  0.471510)
     H   21  Q=         1.0000 1e-30 m^2  Cq=         1.6492 MHz  eta= 0.91895

     C   22    Vxx=   -0.0530    axis=( -0.296894  0.404005  0.865236)
     C   22    Vyy=   -0.9135    axis=(  0.954725  0.143440  0.260625)
     C   22    Vzz=    0.9665    axis=( -0.018815  0.903441 -0.428300)
     C   22  Q=         1.0000 1e-30 m^2  Cq=         2.2709 MHz  eta= 0.89027

     C   23    Vxx=    0.2464    axis=(  0.752332 -0.655028 -0.070243)
     C   23    Vyy=    0.3749    axis=(  0.639654  0.700813  0.315760)
     C   23    Vzz=   -0.6212    axis=( -0.157604 -0.282488  0.946235)
     C   23  Q=         1.0000 1e-30 m^2  Cq=        -1.4597 MHz  eta= 0.20677

     Cl  24    Vxx=   -0.8508    axis=(  0.977862  0.204560  0.044055)
     Cl  24    Vyy=   -1.9523    axis=(  0.081485 -0.178338 -0.980589)
     Cl  24    Vzz=    2.8031    axis=( -0.192733  0.962471 -0.191059)
     Cl  24  Q=        -8.1650 1e-30 m^2  Cq=       -53.7770 MHz  eta= 0.39294

     Initialization:
     gipaw_setup  :      9.20s CPU     10.85s WALL (       1 calls)

     Linear response

     Apply operators

     Induced current

     Other routines
     efg          :      9.08s CPU     11.60s WALL (       1 calls)

     General routines
     calbec       :      3.24s CPU      4.24s WALL (      16 calls)
     fft          :      1.97s CPU      3.78s WALL (      15 calls)
     ffts         :      0.03s CPU      0.04s WALL (       2 calls)
     fftw         :      3.12s CPU      4.01s WALL (     672 calls)
     davcio       :      0.01s CPU      0.34s WALL (      32 calls)

     Parallel routines
     fft_scatter  :      2.48s CPU      4.90s WALL (     689 calls)

     Plugins

     GIPAW        :     60.95s CPU     73.19s WALL (       1 calls)
