
     Program QE v.6.0 (svn rev. 13079) starts on 16Jan2017 at  8:12:48 

     This program is part of the open-source Quantum ESPRESSO suite
     for quantum simulation of materials; please cite
         "P. Giannozzi et al., J. Phys.:Condens. Matter 21 395502 (2009);
          URL http://www.quantum-espresso.org", 
     in publications or presentations arising from this work. More details at
     http://www.quantum-espresso.org/quote

     Parallel version (MPI), running on     8 processors
     R & G space division:  proc/nbgrp/npool/nimage =       8

     ***** This is GIPAW svn revision unknown      *****

     Parallelizing q-star over 1 images

     Reading data from directory:
     /users/majewski/paradichlorobenzene/pbe/9_constraint/scratch/pbe.ecut100.np8.dt60.pcl2phi-129368.save
     Message from routine read_xml_file:
     file /users/majewski/paradichlorobenzene/pbe/9_constraint/scratch/pbe.ecut100.np8.dt60.pcl2phi-129368.save not guaranteed to be safe for post-processing

   Info: using nr1, nr2, nr3 values from input

   Info: using nr1, nr2, nr3 values from input

     IMPORTANT: XC functional enforced from input :
     Exchange-correlation      =  SLA  PW   PBX  PBC ( 1  4  3  4 0 0)
     Any further DFT definition will be discarded
     Please, verify this is what you really want

               file C.pbe-n-kjpaw_psl.1.0.0.UPF: wavefunction(s)  2S 2P renormalized
               file Cl.pbe-n-kjpaw_psl.1.0.0.UPF: wavefunction(s)  3S 3P renormalized
               file H.pbe-kjpaw_psl.1.0.0.UPF: wavefunction(s)  1S renormalized

     Parallelization info
     --------------------
     sticks:   dense  smooth     PW     G-vecs:    dense   smooth      PW
     Min        3057    1223    332               144436    36536    5170
     Max        3059    1225    333               144437    36537    5171
     Sum       24467    9791   2657              1155489   292295   41363


     Subspace diagonalization in iterative solution of the eigenvalue problem:
     a serial algorithm will be used

     GIPAW projectors -----------------------------------------------
     atom=  C    l=0  rc=    1.2000  rs=    0.8000
     atom=  C    l=0  rc=    1.2000  rs=    0.8000
     atom=  C    l=1  rc=    1.4000  rs=    0.9333
     atom=  C    l=1  rc=    1.4000  rs=    0.9333
     projs nearly linearly dependent: l=1  n1,n2= 1, 2  s=  0.99951561

     atom=  Cl   l=0  rc=    1.6000  rs=    1.0667
     atom=  Cl   l=0  rc=    1.6000  rs=    1.0667
     atom=  Cl   l=1  rc=    1.6000  rs=    1.0667
     atom=  Cl   l=1  rc=    1.6000  rs=    1.0667
     atom=  Cl   l=2  rc=    1.6000  rs=    1.0667
     atom=  Cl   l=2  rc=    1.6000  rs=    1.0667
     projs nearly linearly dependent: l=2  n1,n2= 1, 2  s=  0.99993509

     atom=  H    l=0  rc=    1.0000  rs=    0.6667
     atom=  H    l=0  rc=    1.0000  rs=    0.6667
     projs nearly linearly dependent: l=0  n1,n2= 1, 2  s=  0.99968852
     -----------------------------------------------------------------

     GIPAW integrals: -------------------------------------------
     Atom  i/j   nmr_para   nmr_dia   epr_rmc  epr_para   epr_dia
       C   1 1   0.83E+03  0.17E-01  0.93E+01  0.24E+08  0.24E+03
       C   2 1   0.86E+03 -0.61E-01  0.94E+01  0.25E+08  0.25E+03
       C   2 2   0.90E+03 -0.15E+00  0.97E+01  0.26E+08  0.26E+03
       C   3 3   0.33E+01  0.34E+00  0.18E+01  0.55E+03  0.21E+02
       C   4 3   0.35E+01  0.37E+00  0.20E+01  0.59E+03  0.22E+02
       C   4 4   0.38E+01  0.39E+00  0.22E+01  0.63E+03  0.24E+02
       Cl  1 1   0.14E+04 -0.47E+00  0.84E+01  0.32E+09  0.42E+03
       Cl  2 1   0.21E+04 -0.37E+00  0.12E+02  0.49E+09  0.65E+03
       Cl  2 2   0.33E+04 -0.16E+00  0.21E+02  0.76E+09  0.10E+04
       Cl  3 3   0.21E+02  0.79E-01  0.89E+01  0.23E+05  0.13E+03
       Cl  4 3   0.24E+02  0.67E-01  0.99E+01  0.27E+05  0.15E+03
       Cl  4 4   0.28E+02  0.44E-01  0.11E+02  0.32E+05  0.18E+03
       Cl  5 5   0.77E+00  0.19E+00  0.18E+01  0.12E+03  0.22E+02
       Cl  6 5   0.80E+00  0.19E+00  0.19E+01  0.12E+03  0.23E+02
       Cl  6 6   0.83E+00  0.20E+00  0.19E+01  0.12E+03  0.23E+02
       H   1 1   0.39E+02  0.19E+00  0.29E+00  0.78E+05  0.13E+02
       H   2 1   0.41E+02  0.21E+00  0.32E+00  0.82E+05  0.14E+02
       H   2 2   0.43E+02  0.22E+00  0.36E+00  0.86E+05  0.15E+02
     ------------------------------------------------------------

     alpha_pv=     34.4374 eV

     Number of occupied bands for each k-point:
     k-point:     1    nbnd_occ=  42
     k-point:     2    nbnd_occ=  42
     k-point:     3    nbnd_occ=  42
     k-point:     4    nbnd_occ=  42
     k-point:     5    nbnd_occ=  42
     k-point:     6    nbnd_occ=  42
     k-point:     7    nbnd_occ=  42
     k-point:     8    nbnd_occ=  42
     k-point:     9    nbnd_occ=  42
     k-point:    10    nbnd_occ=  42
     k-point:    11    nbnd_occ=  42
     k-point:    12    nbnd_occ=  42
     k-point:    13    nbnd_occ=  42
     k-point:    14    nbnd_occ=  42
     k-point:    15    nbnd_occ=  42
     k-point:    16    nbnd_occ=  42


     q-space interpolation up to   110.00 Rydberg

     GIPAW job: efg                                                                             


     ELECTRIC FIELD GRADIENTS TENSORS IN Hartree/bohrradius^2:

     ----- bare term -----
     Cl   1        0.134355        0.235412        0.053720
     Cl   1        0.235412       -0.031327        0.432418
     Cl   1        0.053720        0.432418       -0.103027

     C    2       -0.030007       -0.023507       -0.263040
     C    2       -0.023507        0.069847       -0.697687
     C    2       -0.263040       -0.697687       -0.039839

     C    3       -0.424341        0.230302       -0.150609
     C    3        0.230302        0.110818       -0.159122
     C    3       -0.150609       -0.159122        0.313523

     H    4       -0.430924       -0.429418        0.170033
     H    4       -0.429418        0.196870        0.102204
     H    4        0.170033        0.102204        0.234054

     C    5       -0.025425        0.298996       -0.061395
     C    5        0.298996       -0.121531       -0.403970
     C    5       -0.061395       -0.403970        0.146955

     H    6        0.307108       -0.382318        0.070964
     H    6       -0.382318       -0.650059        0.041954
     H    6        0.070964        0.041954        0.342951

     H    7        0.513433       -0.083601       -0.177447
     H    7       -0.083601       -0.237714        0.308987
     H    7       -0.177447        0.308987       -0.275718

     C    8       -0.670218       -0.320606       -0.143968
     C    8       -0.320606        0.268722        0.067306
     C    8       -0.143968        0.067306        0.401496

     H    9        0.011226       -0.203394       -0.445010
     H    9       -0.203394       -0.100769       -0.128649
     H    9       -0.445010       -0.128649        0.089543

     C   10        0.106725       -0.037773       -0.201835
     C   10       -0.037773       -0.098998        0.607561
     C   10       -0.201835        0.607561       -0.007727

     C   11       -0.720976       -0.463713       -0.340870
     C   11       -0.463713        0.331168        0.102679
     C   11       -0.340870        0.102679        0.389808

     Cl  12       -0.013368        0.003731       -0.034571
     Cl  12        0.003731        0.122131        0.011332
     Cl  12       -0.034571        0.011332       -0.108763

     H   13        0.345823       -0.059908       -0.038419
     H   13       -0.059908       -0.563006       -0.621511
     H   13       -0.038419       -0.621511        0.217182

     C   14       -0.886902        0.341693       -0.454001
     C   14        0.341693        0.390574        0.024328
     C   14       -0.454001        0.024328        0.496328

     H   15       -0.546515       -0.026704        0.148468
     H   15       -0.026704        0.333444       -0.309745
     H   15        0.148468       -0.309745        0.213071

     C   16        0.204912        0.044767       -0.062856
     C   16        0.044767       -0.548136       -0.440760
     C   16       -0.062856       -0.440760        0.343224

     C   17       -0.807404        0.406442       -0.301557
     C   17        0.406442        0.284244       -0.053561
     C   17       -0.301557       -0.053561        0.523160

     Cl  18        0.238206       -0.021569       -0.027979
     Cl  18       -0.021569       -0.120787       -0.361102
     Cl  18       -0.027979       -0.361102       -0.117420

     H   19        0.412306        0.147164        0.008745
     H   19        0.147164       -0.735829       -0.054623
     H   19        0.008745       -0.054623        0.323523

     C   20       -0.009421        0.019650       -0.211890
     C   20        0.019650       -0.032186        0.410886
     C   20       -0.211890        0.410886        0.041607

     H   21       -0.105047        0.349361       -0.375593
     H   21        0.349361       -0.215424        0.294713
     H   21       -0.375593        0.294713        0.320470

     C   22       -0.691256       -0.306304       -0.169997
     C   22       -0.306304        0.282843        0.168262
     C   22       -0.169997        0.168262        0.408413

     C   23        0.004452        0.072965       -0.280308
     C   23        0.072965        0.052685        0.660602
     C   23       -0.280308        0.660602       -0.057137

     Cl  24       -0.328251       -0.260712       -0.009228
     Cl  24       -0.260712        0.213916       -0.000116
     Cl  24       -0.009228       -0.000116        0.114335

     ----- ionic term -----
     Cl   1        0.131846       -0.179972       -0.087539
     Cl   1       -0.179972       -0.008274        0.064933
     Cl   1       -0.087539        0.064933       -0.123572

     C    2        0.310643       -0.058250        0.075194
     C    2       -0.058250        0.111354        0.434457
     C    2        0.075194        0.434457       -0.421997

     C    3        0.273200       -0.222056        0.038026
     C    3       -0.222056        0.189250        0.367484
     C    3        0.038026        0.367484       -0.462450

     H    4        0.978504        0.257444        0.328134
     H    4        0.257444       -0.481190        0.149462
     H    4        0.328134        0.149462       -0.497314

     C    5        0.403832       -0.162184        0.078902
     C    5       -0.162184        0.130569        0.262782
     C    5        0.078902        0.262782       -0.534400

     H    6       -0.503267        0.193415        0.059648
     H    6        0.193415        0.921455        0.497666
     H    6        0.059648        0.497666       -0.418188

     H    7       -0.518495       -0.091975        0.073697
     H    7       -0.091975        0.609740       -0.734226
     H    7        0.073697       -0.734226       -0.091245

     C    8        0.308586        0.278955        0.218327
     C    8        0.278955       -0.003543       -0.317271
     C    8        0.218327       -0.317271       -0.305042

     H    9        0.459889       -0.003971        0.771662
     H    9       -0.003971       -0.479276       -0.095708
     H    9        0.771662       -0.095708        0.019386

     C   10        0.174065        0.343776        0.153823
     C   10        0.343776        0.135209       -0.387152
     C   10        0.153823       -0.387152       -0.309274

     C   11        0.239139        0.160231        0.261496
     C   11        0.160231        0.096804       -0.397396
     C   11        0.261496       -0.397396       -0.335942

     Cl  12        0.173821        0.232035        0.015697
     Cl  12        0.232035       -0.019004        0.003204
     Cl  12        0.015697        0.003204       -0.154817

     H   13       -0.511512        0.158495        0.059718
     H   13        0.158495        0.692202        0.689844
     H   13        0.059718        0.689844       -0.180690

     C   14        0.351731       -0.077556        0.101852
     C   14       -0.077556        0.065706        0.342301
     C   14        0.101852        0.342301       -0.417437

     H   15        0.809799        0.362482        0.479773
     H   15        0.362482       -0.384706        0.187014
     H   15        0.479773        0.187014       -0.425093

     C   16        0.190282       -0.142279        0.059976
     C   16       -0.142279        0.221995        0.399513
     C   16        0.059976        0.399513       -0.412277

     C   17        0.266937       -0.111665        0.108325
     C   17       -0.111665        0.198040        0.362183
     C   17        0.108325        0.362183       -0.464977

     Cl  18        0.116752       -0.214166       -0.022140
     Cl  18       -0.214166        0.031232        0.023828
     Cl  18       -0.022140        0.023828       -0.147985

     H   19       -0.503782       -0.142222        0.049822
     H   19       -0.142222        0.909606       -0.501625
     H   19        0.049822       -0.501625       -0.405824

     C   20        0.299554        0.179747        0.252979
     C   20        0.179747        0.137080       -0.257175
     C   20        0.252979       -0.257175       -0.436634

     H   21        0.589916       -0.214883        0.716093
     H   21       -0.214883       -0.456735       -0.216081
     H   21        0.716093       -0.216081       -0.133182

     C   22        0.159870        0.293135        0.200377
     C   22        0.293135        0.187125       -0.352060
     C   22        0.200377       -0.352060       -0.346995

     C   23        0.199527        0.264277        0.279298
     C   23        0.264277        0.112311       -0.330985
     C   23        0.279298       -0.330985       -0.311838

     Cl  24        0.142927        0.205715        0.019559
     Cl  24        0.205715        0.024726       -0.000700
     Cl  24        0.019559       -0.000700       -0.167652

     ----- GIPAW term -----
     Cl   1       -0.311860       -0.014598       -0.225073
     Cl   1       -0.014598       -0.058163       -0.612326
     Cl   1       -0.225073       -0.612326        0.370023

     C    2       -0.060158       -0.034381       -0.047193
     C    2       -0.034381        0.239244       -0.163935
     C    2       -0.047193       -0.163935       -0.179086

     C    3       -0.108439        0.077931       -0.053173
     C    3        0.077931        0.132976       -0.084285
     C    3       -0.053173       -0.084285       -0.024537

     H    4       -0.000000        0.000000        0.000000
     H    4        0.000000        0.000000        0.000000
     H    4        0.000000        0.000000        0.000000

     C    5       -0.027112        0.174936        0.008429
     C    5        0.174936        0.154601       -0.079288
     C    5        0.008429       -0.079288       -0.127490

     H    6       -0.000000        0.000000        0.000000
     H    6        0.000000        0.000000        0.000000
     H    6        0.000000        0.000000        0.000000

     H    7       -0.000000        0.000000        0.000000
     H    7        0.000000        0.000000        0.000000
     H    7        0.000000        0.000000        0.000000

     C    8       -0.113774        0.038783        0.016217
     C    8        0.038783        0.142474        0.022134
     C    8        0.016217        0.022134       -0.028700

     H    9       -0.000000        0.000000        0.000000
     H    9        0.000000        0.000000        0.000000
     H    9        0.000000        0.000000        0.000000

     C   10       -0.102589        0.044038       -0.021569
     C   10        0.044038        0.255897        0.017510
     C   10       -0.021569        0.017510       -0.153308

     C   11       -0.159395        0.002334       -0.032295
     C   11        0.002334        0.268147       -0.027764
     C   11       -0.032295       -0.027764       -0.108752

     Cl  12        0.078696        2.016320       -0.149071
     Cl  12        2.016320        2.546055        0.288327
     Cl  12       -0.149071        0.288327       -2.624751

     H   13       -0.000000        0.000000        0.000000
     H   13        0.000000        0.000000        0.000000
     H   13        0.000000        0.000000        0.000000

     C   14       -0.229507       -0.029061       -0.091676
     C   14       -0.029061        0.212299        0.189361
     C   14       -0.091676        0.189361        0.017208

     H   15       -0.000000        0.000000        0.000000
     H   15        0.000000        0.000000        0.000000
     H   15        0.000000        0.000000        0.000000

     C   16       -0.057834       -0.034601       -0.010402
     C   16       -0.034601       -0.020224        0.136907
     C   16       -0.010402        0.136907        0.078058

     C   17       -0.137704        0.030411        0.011734
     C   17        0.030411        0.073445        0.143359
     C   17        0.011734        0.143359        0.064259

     Cl  18       -0.020972       -0.572385        0.424945
     Cl  18       -0.572385        0.130477        1.039402
     Cl  18        0.424945        1.039402       -0.109505

     H   19       -0.000000        0.000000        0.000000
     H   19        0.000000        0.000000        0.000000
     H   19        0.000000        0.000000        0.000000

     C   20       -0.076074       -0.000462       -0.013581
     C   20       -0.000462        0.218699        0.054489
     C   20       -0.013581        0.054489       -0.142626

     H   21       -0.000000        0.000000        0.000000
     H   21        0.000000        0.000000        0.000000
     H   21        0.000000        0.000000        0.000000

     C   22       -0.199478        0.034347       -0.014956
     C   22        0.034347        0.273758        0.030150
     C   22       -0.014956        0.030150       -0.074281

     C   23       -0.064141        0.068026       -0.036024
     C   23        0.068026        0.270191        0.082525
     C   23       -0.036024        0.082525       -0.206050

     Cl  24       -0.801099        1.367583       -0.134027
     Cl  24        1.367583        2.501485       -0.147660
     Cl  24       -0.134027       -0.147660       -1.700386

     ----- total EFG -----
     Cl   1       -0.045659        0.040842       -0.258892
     Cl   1        0.040842       -0.097764       -0.114975
     Cl   1       -0.258892       -0.114975        0.143424

     C    2        0.220478       -0.116138       -0.235038
     C    2       -0.116138        0.420445       -0.427165
     C    2       -0.235038       -0.427165       -0.640923

     C    3       -0.259580        0.086176       -0.165756
     C    3        0.086176        0.433044        0.124077
     C    3       -0.165756        0.124077       -0.173464

     H    4        0.547580       -0.171974        0.498167
     H    4       -0.171974       -0.284320        0.251666
     H    4        0.498167        0.251666       -0.263260

     C    5        0.351295        0.311747        0.025937
     C    5        0.311747        0.163640       -0.220476
     C    5        0.025937       -0.220476       -0.514935

     H    6       -0.196160       -0.188903        0.130612
     H    6       -0.188903        0.271396        0.539621
     H    6        0.130612        0.539621       -0.075236

     H    7       -0.005062       -0.175576       -0.103750
     H    7       -0.175576        0.372026       -0.425240
     H    7       -0.103750       -0.425240       -0.366963

     C    8       -0.475406       -0.002867        0.090575
     C    8       -0.002867        0.407652       -0.227830
     C    8        0.090575       -0.227830        0.067754

     H    9        0.471115       -0.207364        0.326652
     H    9       -0.207364       -0.580045       -0.224357
     H    9        0.326652       -0.224357        0.108930

     C   10        0.178202        0.350041       -0.069581
     C   10        0.350041        0.292108        0.237918
     C   10       -0.069581        0.237918       -0.470310

     C   11       -0.641232       -0.301147       -0.111668
     C   11       -0.301147        0.696119       -0.322481
     C   11       -0.111668       -0.322481       -0.054886

     Cl  12        0.239149        2.252086       -0.167945
     Cl  12        2.252086        2.649182        0.302863
     Cl  12       -0.167945        0.302863       -2.888331

     H   13       -0.165688        0.098587        0.021299
     H   13        0.098587        0.129196        0.068333
     H   13        0.021299        0.068333        0.036492

     C   14       -0.764678        0.235076       -0.443825
     C   14        0.235076        0.668579        0.555990
     C   14       -0.443825        0.555990        0.096099

     H   15        0.263284        0.335777        0.628241
     H   15        0.335777       -0.051262       -0.122731
     H   15        0.628241       -0.122731       -0.212022

     C   16        0.337360       -0.132113       -0.013281
     C   16       -0.132113       -0.346365        0.095660
     C   16       -0.013281        0.095660        0.009005

     C   17       -0.678171        0.325188       -0.181498
     C   17        0.325188        0.555729        0.451981
     C   17       -0.181498        0.451981        0.122442

     Cl  18        0.333987       -0.808120        0.374826
     Cl  18       -0.808120        0.040923        0.702129
     Cl  18        0.374826        0.702129       -0.374910

     H   19       -0.091476        0.004942        0.058567
     H   19        0.004942        0.173777       -0.556248
     H   19        0.058567       -0.556248       -0.082300

     C   20        0.214059        0.198934        0.027507
     C   20        0.198934        0.323594        0.208200
     C   20        0.027507        0.208200       -0.537653

     H   21        0.484870        0.134477        0.340499
     H   21        0.134477       -0.672158        0.078631
     H   21        0.340499        0.078631        0.187289

     C   22       -0.730864        0.021178        0.015423
     C   22        0.021178        0.743726       -0.153648
     C   22        0.015423       -0.153648       -0.012862

     C   23        0.139838        0.405267       -0.037034
     C   23        0.405267        0.435187        0.412142
     C   23       -0.037034        0.412142       -0.575025

     Cl  24       -0.986423        1.312586       -0.123697
     Cl  24        1.312586        2.740127       -0.148475
     Cl  24       -0.123697       -0.148475       -1.753704

     ----- total EFG (symmetrized) -----
     Cl   1       -0.045659        0.040842       -0.258892
     Cl   1        0.040842       -0.097764       -0.114975
     Cl   1       -0.258892       -0.114975        0.143424

     C    2        0.220478       -0.116138       -0.235038
     C    2       -0.116138        0.420445       -0.427165
     C    2       -0.235038       -0.427165       -0.640923

     C    3       -0.259580        0.086176       -0.165756
     C    3        0.086176        0.433044        0.124077
     C    3       -0.165756        0.124077       -0.173464

     H    4        0.547580       -0.171974        0.498167
     H    4       -0.171974       -0.284320        0.251666
     H    4        0.498167        0.251666       -0.263260

     C    5        0.351295        0.311747        0.025937
     C    5        0.311747        0.163640       -0.220476
     C    5        0.025937       -0.220476       -0.514935

     H    6       -0.196160       -0.188903        0.130612
     H    6       -0.188903        0.271396        0.539621
     H    6        0.130612        0.539621       -0.075236

     H    7       -0.005062       -0.175576       -0.103750
     H    7       -0.175576        0.372026       -0.425240
     H    7       -0.103750       -0.425240       -0.366963

     C    8       -0.475406       -0.002867        0.090575
     C    8       -0.002867        0.407652       -0.227830
     C    8        0.090575       -0.227830        0.067754

     H    9        0.471115       -0.207364        0.326652
     H    9       -0.207364       -0.580045       -0.224357
     H    9        0.326652       -0.224357        0.108930

     C   10        0.178202        0.350041       -0.069581
     C   10        0.350041        0.292108        0.237918
     C   10       -0.069581        0.237918       -0.470310

     C   11       -0.641232       -0.301147       -0.111668
     C   11       -0.301147        0.696119       -0.322481
     C   11       -0.111668       -0.322481       -0.054886

     Cl  12        0.239149        2.252086       -0.167945
     Cl  12        2.252086        2.649182        0.302863
     Cl  12       -0.167945        0.302863       -2.888331

     H   13       -0.165688        0.098587        0.021299
     H   13        0.098587        0.129196        0.068333
     H   13        0.021299        0.068333        0.036492

     C   14       -0.764678        0.235076       -0.443825
     C   14        0.235076        0.668579        0.555990
     C   14       -0.443825        0.555990        0.096099

     H   15        0.263284        0.335777        0.628241
     H   15        0.335777       -0.051262       -0.122731
     H   15        0.628241       -0.122731       -0.212022

     C   16        0.337360       -0.132113       -0.013281
     C   16       -0.132113       -0.346365        0.095660
     C   16       -0.013281        0.095660        0.009005

     C   17       -0.678171        0.325188       -0.181498
     C   17        0.325188        0.555729        0.451981
     C   17       -0.181498        0.451981        0.122442

     Cl  18        0.333987       -0.808120        0.374826
     Cl  18       -0.808120        0.040923        0.702129
     Cl  18        0.374826        0.702129       -0.374910

     H   19       -0.091476        0.004942        0.058567
     H   19        0.004942        0.173777       -0.556248
     H   19        0.058567       -0.556248       -0.082300

     C   20        0.214059        0.198934        0.027507
     C   20        0.198934        0.323594        0.208200
     C   20        0.027507        0.208200       -0.537653

     H   21        0.484870        0.134477        0.340499
     H   21        0.134477       -0.672158        0.078631
     H   21        0.340499        0.078631        0.187289

     C   22       -0.730864        0.021178        0.015423
     C   22        0.021178        0.743726       -0.153648
     C   22        0.015423       -0.153648       -0.012862

     C   23        0.139838        0.405267       -0.037034
     C   23        0.405267        0.435187        0.412142
     C   23       -0.037034        0.412142       -0.575025

     Cl  24       -0.986423        1.312586       -0.123697
     Cl  24        1.312586        2.740127       -0.148475
     Cl  24       -0.123697       -0.148475       -1.753704


     NQR/NMR SPECTROSCOPIC PARAMETERS:
     Cl   1    Vxx=   -0.1192    axis=(  0.370284 -0.928002 -0.041255)
     Cl   1    Vyy=   -0.2360    axis=(  0.753669  0.274167  0.597340)
     Cl   1    Vzz=    0.3552    axis=( -0.543022 -0.252278  0.800926)
     Cl   1  Q=        -8.1650 1e-30 m^2  Cq=        -6.8137 MHz  eta= 0.32892

     C    2    Vxx=    0.2803    axis=(  0.966446  0.020435 -0.256054)
     C    2    Vyy=    0.5742    axis=(  0.102672 -0.944469  0.312148)
     C    2    Vzz=   -0.8545    axis=(  0.235456  0.327963  0.914877)
     C    2  Q=         1.0000 1e-30 m^2  Cq=        -2.0078 MHz  eta= 0.34399

     C    3    Vxx=   -0.0491    axis=(  0.637295  0.083254 -0.766110)
     C    3    Vyy=   -0.4125    axis=( -0.766670  0.169029 -0.619392)
     C    3    Vzz=    0.4616    axis=( -0.077928 -0.982089 -0.171550)
     C    3  Q=         1.0000 1e-30 m^2  Cq=         1.0845 MHz  eta= 0.78740

     H    4    Vxx=   -0.0741    axis=(  0.207057 -0.815792 -0.540010)
     H    4    Vyy=   -0.7126    axis=(  0.367237  0.576419 -0.729985)
     H    4    Vzz=    0.7867    axis=(  0.906788 -0.047163  0.418940)
     H    4  Q=         1.0000 1e-30 m^2  Cq=         1.8484 MHz  eta= 0.81166

     C    5    Vxx=    0.0009    axis=( -0.611829  0.715748 -0.336705)
     C    5    Vyy=    0.5947    axis=(  0.779708  0.617370 -0.104446)
     C    5    Vzz=   -0.5955    axis=( -0.133115  0.326434  0.935800)
     C    5  Q=         1.0000 1e-30 m^2  Cq=        -1.3993 MHz  eta= 0.99707

     H    6    Vxx=   -0.0822    axis=(  0.868748 -0.216015  0.445662)
     H    6    Vyy=   -0.5896    axis=( -0.486793 -0.538077  0.688117)
     H    6    Vzz=    0.6718    axis=( -0.091157  0.814746  0.572608)
     H    6  Q=         1.0000 1e-30 m^2  Cq=         1.5784 MHz  eta= 0.75532

     H    7    Vxx=    0.0183    axis=(  0.941211  0.069845 -0.330521)
     H    7    Vyy=    0.5898    axis=( -0.200359  0.903151 -0.379702)
     H    7    Vzz=   -0.6081    axis=(  0.271990  0.423603  0.864050)
     H    7  Q=         1.0000 1e-30 m^2  Cq=        -1.4288 MHz  eta= 0.93967

     C    8    Vxx=   -0.0323    axis=(  0.175667  0.453592  0.873725)
     C    8    Vyy=   -0.4915    axis=( -0.983481  0.041506  0.176186)
     C    8    Vzz=    0.5238    axis=(  0.043652 -0.890242  0.453391)
     C    8  Q=         1.0000 1e-30 m^2  Cq=         1.2308 MHz  eta= 0.87663

     H    9    Vxx=   -0.0711    axis=( -0.549554 -0.139225  0.823776)
     H    9    Vyy=   -0.6583    axis=(  0.109052  0.965627  0.235949)
     H    9    Vzz=    0.7294    axis=( -0.828310  0.219501 -0.515481)
     H    9  Q=         1.0000 1e-30 m^2  Cq=         1.7137 MHz  eta= 0.80512

     C   10    Vxx=   -0.0285    axis=( -0.751910  0.523695  0.400468)
     C   10    Vyy=   -0.5794    axis=(  0.242648 -0.344968  0.906708)
     C   10    Vzz=    0.6080    axis=(  0.612987  0.778935  0.132311)
     C   10  Q=         1.0000 1e-30 m^2  Cq=         1.4285 MHz  eta= 0.90612

     C   11    Vxx=   -0.1018    axis=( -0.326187  0.245793  0.912791)
     C   11    Vyy=   -0.7545    axis=(  0.930790  0.252076  0.264741)
     C   11    Vzz=    0.8564    axis=( -0.165021  0.935972 -0.311006)
     C   11  Q=         1.0000 1e-30 m^2  Cq=         2.0121 MHz  eta= 0.76221

     Cl  12    Vxx=   -1.0610    axis=( -0.849430  0.502430  0.161345)
     Cl  12    Vyy=   -2.9417    axis=(  0.125809 -0.104121  0.986575)
     Cl  12    Vzz=    4.0027    axis=(  0.512484  0.858326  0.025233)
     Cl  12  Q=        -8.1650 1e-30 m^2  Cq=       -76.7907 MHz  eta= 0.46985

     H   13    Vxx=    0.0036    axis=( -0.119068 -0.400677  0.908450)
     H   13    Vyy=    0.1921    axis=(  0.264402  0.869125  0.417987)
     H   13    Vzz=   -0.1956    axis=( -0.957034  0.289964  0.002455)
     H   13  Q=         1.0000 1e-30 m^2  Cq=        -0.4596 MHz  eta= 0.96358

     C   14    Vxx=    0.0610    axis=( -0.518463 -0.459390  0.721219)
     C   14    Vyy=    1.0083    axis=(  0.019339 -0.849516 -0.527208)
     C   14    Vzz=   -1.0693    axis=( -0.854881  0.259390 -0.449327)
     C   14  Q=         1.0000 1e-30 m^2  Cq=        -2.5124 MHz  eta= 0.88589

     H   15    Vxx=    0.0151    axis=(  0.001671  0.881660 -0.471883)
     H   15    Vyy=    0.7546    axis=(  0.823213  0.266690  0.501196)
     H   15    Vzz=   -0.7696    axis=(  0.567731 -0.389297 -0.725348)
     H   15  Q=         1.0000 1e-30 m^2  Cq=        -1.8083 MHz  eta= 0.96086

     C   16    Vxx=    0.0273    axis=(  0.128155  0.203209  0.970712)
     C   16    Vyy=    0.3647    axis=( -0.977111  0.193444  0.088505)
     C   16    Vzz=   -0.3920    axis=( -0.169794 -0.959836  0.223349)
     C   16  Q=         1.0000 1e-30 m^2  Cq=        -0.9210 MHz  eta= 0.86083

     C   17    Vxx=   -0.0106    axis=( -0.418984 -0.407144  0.811595)
     C   17    Vyy=   -0.8519    axis=( -0.899595  0.307427 -0.310190)
     C   17    Vzz=    0.8625    axis=( -0.123214 -0.860071 -0.495071)
     C   17  Q=         1.0000 1e-30 m^2  Cq=         2.0265 MHz  eta= 0.97542

     Cl  18    Vxx=    0.2651    axis=(  0.539108  0.391782  0.745567)
     Cl  18    Vyy=    1.0340    axis=( -0.710715  0.686618  0.153101)
     Cl  18    Vzz=   -1.2990    axis=( -0.451937 -0.612423  0.648607)
     Cl  18  Q=        -8.1650 1e-30 m^2  Cq=        24.9214 MHz  eta= 0.59189

     H   19    Vxx=   -0.0875    axis=( -0.992761 -0.105073 -0.058178)
     H   19    Vyy=   -0.5305    axis=( -0.110928  0.616456  0.779537)
     H   19    Vzz=    0.6180    axis=(  0.046044 -0.780347  0.623649)
     H   19  Q=         1.0000 1e-30 m^2  Cq=         1.4521 MHz  eta= 0.71678

     C   20    Vxx=    0.0780    axis=(  0.825873 -0.544313 -0.147163)
     C   20    Vyy=    0.5077    axis=(  0.563378  0.807320  0.175615)
     C   20    Vzz=   -0.5858    axis=(  0.023218 -0.227944  0.973397)
     C   20  Q=         1.0000 1e-30 m^2  Cq=        -1.3763 MHz  eta= 0.73352

     H   21    Vxx=   -0.0354    axis=( -0.545443 -0.011702  0.838066)
     H   21    Vyy=   -0.6896    axis=( -0.099113  0.993787 -0.050629)
     H   21    Vzz=    0.7250    axis=( -0.832267 -0.110678 -0.543214)
     H   21  Q=         1.0000 1e-30 m^2  Cq=         1.7034 MHz  eta= 0.90229

     C   22    Vxx=   -0.0423    axis=(  0.027854  0.191037  0.981188)
     C   22    Vyy=   -0.7316    axis=( -0.999542  0.016959  0.025073)
     C   22    Vzz=    0.7739    axis=( -0.011850 -0.981436  0.191422)
     C   22  Q=         1.0000 1e-30 m^2  Cq=         1.8185 MHz  eta= 0.89059

     C   23    Vxx=   -0.0376    axis=(  0.839871 -0.401207 -0.365581)
     C   23    Vyy=   -0.7585    axis=(  0.209397 -0.381896  0.900171)
     C   23    Vzz=    0.7961    axis=( -0.500769 -0.832579 -0.236732)
     C   23  Q=         1.0000 1e-30 m^2  Cq=         1.8706 MHz  eta= 0.90545

     Cl  24    Vxx=   -1.3880    axis=(  0.933168 -0.303630 -0.192368)
     Cl  24    Vyy=   -1.7745    axis=( -0.194271  0.024231 -0.980649)
     Cl  24    Vzz=    3.1625    axis=(  0.302416  0.952482 -0.036375)
     Cl  24  Q=        -8.1650 1e-30 m^2  Cq=       -60.6719 MHz  eta= 0.12222

     Initialization:
     gipaw_setup  :      9.24s CPU     11.19s WALL (       1 calls)

     Linear response

     Apply operators

     Induced current

     Other routines
     efg          :      9.58s CPU     11.87s WALL (       1 calls)

     General routines
     calbec       :      3.21s CPU      4.27s WALL (      16 calls)
     fft          :      1.44s CPU      1.69s WALL (      15 calls)
     ffts         :      0.04s CPU      0.05s WALL (       2 calls)
     fftw         :      3.60s CPU      4.20s WALL (     672 calls)
     davcio       :      0.02s CPU      0.32s WALL (      32 calls)

     Parallel routines
     fft_scatter  :      2.08s CPU      2.75s WALL (     689 calls)

     Plugins

     GIPAW        :     62.65s CPU     76.44s WALL (       1 calls)
