
     Program QE v.6.0 (svn rev. 13079) starts on  5Jan2017 at 11:15:36 

     This program is part of the open-source Quantum ESPRESSO suite
     for quantum simulation of materials; please cite
         "P. Giannozzi et al., J. Phys.:Condens. Matter 21 395502 (2009);
          URL http://www.quantum-espresso.org", 
     in publications or presentations arising from this work. More details at
     http://www.quantum-espresso.org/quote

     Parallel version (MPI), running on     8 processors
     R & G space division:  proc/nbgrp/npool/nimage =       8

     ***** This is GIPAW svn revision unknown      *****

     Parallelizing q-star over 1 images

     Reading data from directory:
     /users/majewski/paradichlorobenzene/pbe/9_constraint/scratch/pbe.ecut100.np8.dt60.pcl2phi-129368.save
     Message from routine read_xml_file:
     file /users/majewski/paradichlorobenzene/pbe/9_constraint/scratch/pbe.ecut100.np8.dt60.pcl2phi-129368.save not guaranteed to be safe for post-processing

   Info: using nr1, nr2, nr3 values from input

   Info: using nr1, nr2, nr3 values from input

     IMPORTANT: XC functional enforced from input :
     Exchange-correlation      =  SLA  PW   PBX  PBC ( 1  4  3  4 0 0)
     Any further DFT definition will be discarded
     Please, verify this is what you really want

               file C.pbe-n-kjpaw_psl.1.0.0.UPF: wavefunction(s)  2S 2P renormalized
               file Cl.pbe-n-kjpaw_psl.1.0.0.UPF: wavefunction(s)  3S 3P renormalized
               file H.pbe-kjpaw_psl.1.0.0.UPF: wavefunction(s)  1S renormalized

     Parallelization info
     --------------------
     sticks:   dense  smooth     PW     G-vecs:    dense   smooth      PW
     Min        3057    1223    332               144436    36536    5170
     Max        3059    1225    333               144437    36537    5171
     Sum       24467    9791   2657              1155489   292295   41363


     Subspace diagonalization in iterative solution of the eigenvalue problem:
     a serial algorithm will be used

     GIPAW projectors -----------------------------------------------
     atom=  C    l=0  rc=    1.2000  rs=    0.8000
     atom=  C    l=0  rc=    1.2000  rs=    0.8000
     atom=  C    l=1  rc=    1.4000  rs=    0.9333
     atom=  C    l=1  rc=    1.4000  rs=    0.9333
     projs nearly linearly dependent: l=1  n1,n2= 1, 2  s=  0.99951561

     atom=  Cl   l=0  rc=    1.6000  rs=    1.0667
     atom=  Cl   l=0  rc=    1.6000  rs=    1.0667
     atom=  Cl   l=1  rc=    1.6000  rs=    1.0667
     atom=  Cl   l=1  rc=    1.6000  rs=    1.0667
     atom=  Cl   l=2  rc=    1.6000  rs=    1.0667
     atom=  Cl   l=2  rc=    1.6000  rs=    1.0667
     projs nearly linearly dependent: l=2  n1,n2= 1, 2  s=  0.99993509

     atom=  H    l=0  rc=    1.0000  rs=    0.6667
     atom=  H    l=0  rc=    1.0000  rs=    0.6667
     projs nearly linearly dependent: l=0  n1,n2= 1, 2  s=  0.99968852
     -----------------------------------------------------------------

     GIPAW integrals: -------------------------------------------
     Atom  i/j   nmr_para   nmr_dia   epr_rmc  epr_para   epr_dia
       C   1 1   0.83E+03  0.17E-01  0.93E+01  0.24E+08  0.24E+03
       C   2 1   0.86E+03 -0.61E-01  0.94E+01  0.25E+08  0.25E+03
       C   2 2   0.90E+03 -0.15E+00  0.97E+01  0.26E+08  0.26E+03
       C   3 3   0.33E+01  0.34E+00  0.18E+01  0.55E+03  0.21E+02
       C   4 3   0.35E+01  0.37E+00  0.20E+01  0.59E+03  0.22E+02
       C   4 4   0.38E+01  0.39E+00  0.22E+01  0.63E+03  0.24E+02
       Cl  1 1   0.14E+04 -0.47E+00  0.84E+01  0.32E+09  0.42E+03
       Cl  2 1   0.21E+04 -0.37E+00  0.12E+02  0.49E+09  0.65E+03
       Cl  2 2   0.33E+04 -0.16E+00  0.21E+02  0.76E+09  0.10E+04
       Cl  3 3   0.21E+02  0.79E-01  0.89E+01  0.23E+05  0.13E+03
       Cl  4 3   0.24E+02  0.67E-01  0.99E+01  0.27E+05  0.15E+03
       Cl  4 4   0.28E+02  0.44E-01  0.11E+02  0.32E+05  0.18E+03
       Cl  5 5   0.77E+00  0.19E+00  0.18E+01  0.12E+03  0.22E+02
       Cl  6 5   0.80E+00  0.19E+00  0.19E+01  0.12E+03  0.23E+02
       Cl  6 6   0.83E+00  0.20E+00  0.19E+01  0.12E+03  0.23E+02
       H   1 1   0.39E+02  0.19E+00  0.29E+00  0.78E+05  0.13E+02
       H   2 1   0.41E+02  0.21E+00  0.32E+00  0.82E+05  0.14E+02
       H   2 2   0.43E+02  0.22E+00  0.36E+00  0.86E+05  0.15E+02
     ------------------------------------------------------------

     alpha_pv=     34.4725 eV

     Number of occupied bands for each k-point:
     k-point:     1    nbnd_occ=  42
     k-point:     2    nbnd_occ=  42
     k-point:     3    nbnd_occ=  42
     k-point:     4    nbnd_occ=  42
     k-point:     5    nbnd_occ=  42
     k-point:     6    nbnd_occ=  42
     k-point:     7    nbnd_occ=  42
     k-point:     8    nbnd_occ=  42
     k-point:     9    nbnd_occ=  42
     k-point:    10    nbnd_occ=  42
     k-point:    11    nbnd_occ=  42
     k-point:    12    nbnd_occ=  42
     k-point:    13    nbnd_occ=  42
     k-point:    14    nbnd_occ=  42
     k-point:    15    nbnd_occ=  42
     k-point:    16    nbnd_occ=  42


     q-space interpolation up to   110.00 Rydberg

     GIPAW job: efg                                                                             


     ELECTRIC FIELD GRADIENTS TENSORS IN Hartree/bohrradius^2:

     ----- bare term -----
     Cl   1        0.174061        0.087131       -0.097008
     Cl   1        0.087131       -0.260823        0.166049
     Cl   1       -0.097008        0.166049        0.086761

     C    2       -0.530225        0.409815       -0.183067
     C    2        0.409815        0.131590       -0.312633
     C    2       -0.183067       -0.312633        0.398635

     C    3        0.056462       -0.115308       -0.246184
     C    3       -0.115308       -0.083675       -0.544011
     C    3       -0.246184       -0.544011        0.027213

     H    4        0.059917        0.097426       -0.456168
     H    4        0.097426        0.135006        0.221708
     H    4       -0.456168        0.221708       -0.194924

     C    5       -0.491476        0.341466       -0.022368
     C    5        0.341466        0.143535       -0.279260
     C    5       -0.022368       -0.279260        0.347941

     H    6        0.438038        0.039677       -0.236365
     H    6        0.039677       -0.257548       -0.379147
     H    6       -0.236365       -0.379147       -0.180490

     H    7        0.299801        0.042456       -0.395974
     H    7        0.042456        0.057229        0.346347
     H    7       -0.395974        0.346347       -0.357029

     C    8        0.023198       -0.534482        0.068594
     C    8       -0.534482       -0.463096        0.394465
     C    8        0.068594        0.394465        0.439897

     H    9       -0.699456       -0.042646       -0.330368
     H    9       -0.042646        0.373841        0.131799
     H    9       -0.330368        0.131799        0.325615

     C   10       -0.027782       -0.109214       -0.405725
     C   10       -0.109214       -0.162677        0.465583
     C   10       -0.405725        0.465583        0.190459

     C   11       -0.148640       -0.204536       -0.246730
     C   11       -0.204536       -0.054308        0.614264
     C   11       -0.246730        0.614264        0.202947

     Cl  12       -0.104514       -0.124590       -0.053866
     Cl  12       -0.124590        0.010402        0.086451
     Cl  12       -0.053866        0.086451        0.094113

     H   13        0.216907        0.129914        0.314179
     H   13        0.129914       -0.074689       -0.529802
     H   13        0.314179       -0.529802       -0.142219

     C   14        0.006490       -0.226360       -0.560184
     C   14       -0.226360       -0.093669       -0.446364
     C   14       -0.560184       -0.446364        0.087180

     H   15        0.089574       -0.081659       -0.177268
     H   15       -0.081659        0.505139       -0.021816
     H   15       -0.177268       -0.021816       -0.594713

     C   16        0.006044        0.484912       -0.157346
     C   16        0.484912       -0.296332       -0.109650
     C   16       -0.157346       -0.109650        0.290288

     C   17        0.134770       -0.357664       -0.586835
     C   17       -0.357664       -0.215683       -0.591917
     C   17       -0.586835       -0.591917        0.080913

     Cl  18       -0.156546        0.371385       -0.134427
     Cl  18        0.371385       -0.125385        0.025472
     Cl  18       -0.134427        0.025472        0.281930

     H   19        0.476637       -0.043862       -0.245058
     H   19       -0.043862       -0.100085        0.285988
     H   19       -0.245058        0.285988       -0.376552

     C   20       -0.556142       -0.346155       -0.300687
     C   20       -0.346155        0.261458        0.354591
     C   20       -0.300687        0.354591        0.294683

     H   21       -0.285922       -0.194988       -0.425639
     H   21       -0.194988       -0.073256        0.222025
     H   21       -0.425639        0.222025        0.359178

     C   22        0.126341       -0.295878       -0.046787
     C   22       -0.295878       -0.170538        0.579883
     C   22       -0.046787        0.579883        0.044197

     C   23       -0.527104       -0.282071       -0.380723
     C   23       -0.282071        0.256851        0.085212
     C   23       -0.380723        0.085212        0.270253

     Cl  24       -0.104845        0.027746       -0.188478
     Cl  24        0.027746        0.017324        0.158393
     Cl  24       -0.188478        0.158393        0.087520

     ----- ionic term -----
     Cl   1        0.093121       -0.226208        0.028253
     Cl   1       -0.226208        0.043427       -0.019178
     Cl   1        0.028253       -0.019178       -0.136548

     C    2        0.018879       -0.273470        0.396001
     C    2       -0.273470        0.077152        0.325369
     C    2        0.396001        0.325369       -0.096031

     C    3        0.059428       -0.318841        0.263114
     C    3       -0.318841        0.161772        0.322734
     C    3        0.263114        0.322734       -0.221199

     H    4        0.385913        0.114282        0.778287
     H    4        0.114282       -0.469275        0.159486
     H    4        0.778287        0.159486        0.083361

     C    5        0.171259       -0.315286        0.321462
     C    5       -0.315286        0.058491        0.239692
     C    5        0.321462        0.239692       -0.229750

     H    6       -0.526755       -0.006511        0.009038
     H    6       -0.006511        0.612595        0.723700
     H    6        0.009038        0.723700       -0.085840

     H    7       -0.503758       -0.089272        0.132448
     H    7       -0.089272        0.227038       -0.803827
     H    7        0.132448       -0.803827        0.276720

     C    8        0.369209        0.247238        0.282389
     C    8        0.247238       -0.150024       -0.326279
     C    8        0.282389       -0.326279       -0.219185

     H    9        0.663798       -0.129039        0.672901
     H    9       -0.129039       -0.556780       -0.166001
     H    9        0.672901       -0.166001       -0.107018

     C   10        0.165349        0.280557        0.144786
     C   10        0.280557        0.023052       -0.444037
     C   10        0.144786       -0.444037       -0.188401

     C   11        0.223529        0.191069        0.216128
     C   11        0.191069       -0.012599       -0.452852
     C   11        0.216128       -0.452852       -0.210930

     Cl  12        0.123638        0.206470       -0.028914
     Cl  12        0.206470        0.023990       -0.025273
     Cl  12       -0.028914       -0.025273       -0.147629

     H   13       -0.533842        0.085009        0.093179
     H   13        0.085009        0.519188        0.755866
     H   13        0.093179        0.755866        0.014654

     C   14        0.117192       -0.303707        0.406782
     C   14       -0.303707       -0.006909        0.233969
     C   14        0.406782        0.233969       -0.110283

     H   15        0.345090        0.106211        0.803543
     H   15        0.106211       -0.505538        0.182247
     H   15        0.803543        0.182247        0.160448

     C   16        0.017777       -0.368323        0.236278
     C   16       -0.368323        0.118080        0.363084
     C   16        0.236278        0.363084       -0.135857

     C   17        0.111004       -0.339594        0.311792
     C   17       -0.339594        0.037530        0.360939
     C   17        0.311792        0.360939       -0.148534

     Cl  18        0.139992       -0.232007        0.046854
     Cl  18       -0.232007        0.015872       -0.017081
     Cl  18        0.046854       -0.017081       -0.155864

     H   19       -0.490280       -0.262052        0.174924
     H   19       -0.262052        0.530695       -0.761649
     H   19        0.174924       -0.761649       -0.040414

     C   20        0.236137        0.104500        0.217563
     C   20        0.104500        0.021837       -0.342693
     C   20        0.217563       -0.342693       -0.257974

     H   21        0.768189       -0.260909        0.596293
     H   21       -0.260909       -0.465401       -0.199967
     H   21        0.596293       -0.199967       -0.302788

     C   22        0.110039        0.170600        0.143723
     C   22        0.170600        0.111659       -0.463445
     C   22        0.143723       -0.463445       -0.221698

     C   23        0.237360        0.232144        0.286469
     C   23        0.232144        0.007416       -0.446219
     C   23        0.286469       -0.446219       -0.244775

     Cl  24        0.096363        0.241864       -0.030416
     Cl  24        0.241864        0.047587       -0.039841
     Cl  24       -0.030416       -0.039841       -0.143950

     ----- GIPAW term -----
     Cl   1       -0.134362       -0.780919       -0.377328
     Cl   1       -0.780919        1.262650       -1.283900
     Cl   1       -0.377328       -1.283900       -1.128288

     C    2       -0.123467       -0.087939        0.019151
     C    2       -0.087939        0.189059       -0.141683
     C    2        0.019151       -0.141683       -0.065591

     C    3       -0.066910       -0.104326        0.006575
     C    3       -0.104326        0.094985       -0.159163
     C    3        0.006575       -0.159163       -0.028074

     H    4       -0.000000        0.000000        0.000000
     H    4        0.000000        0.000000        0.000000
     H    4        0.000000        0.000000        0.000000

     C    5       -0.047590       -0.146150        0.088965
     C    5       -0.146150        0.126849       -0.095439
     C    5        0.088965       -0.095439       -0.079259

     H    6       -0.000000        0.000000        0.000000
     H    6        0.000000        0.000000        0.000000
     H    6        0.000000        0.000000        0.000000

     H    7       -0.000000        0.000000        0.000000
     H    7        0.000000        0.000000        0.000000
     H    7        0.000000        0.000000        0.000000

     C    8        0.166467       -0.146882        0.168562
     C    8       -0.146882       -0.198841        0.041390
     C    8        0.168562        0.041390        0.032375

     H    9       -0.000000        0.000000        0.000000
     H    9        0.000000        0.000000        0.000000
     H    9        0.000000        0.000000        0.000000

     C   10        0.165333       -0.049626       -0.116853
     C   10       -0.049626       -0.081483        0.073590
     C   10       -0.116853        0.073590       -0.083850

     C   11       -0.011804       -0.059762       -0.139139
     C   11       -0.059762        0.019816        0.216323
     C   11       -0.139139        0.216323       -0.008011

     Cl  12       -0.245605        0.373305       -1.342574
     Cl  12        0.373305       -0.010696        2.050209
     Cl  12       -1.342574        2.050209        0.256302

     H   13       -0.000000        0.000000        0.000000
     H   13        0.000000        0.000000        0.000000
     H   13        0.000000        0.000000        0.000000

     C   14        0.210127       -0.128311       -0.189011
     C   14       -0.128311       -0.134466       -0.039351
     C   14       -0.189011       -0.039351       -0.075661

     H   15       -0.000000        0.000000        0.000000
     H   15        0.000000        0.000000        0.000000
     H   15        0.000000        0.000000        0.000000

     C   16        0.128459        0.024023       -0.127378
     C   16        0.024023       -0.123028        0.025787
     C   16       -0.127378        0.025787       -0.005431

     C   17        0.221441       -0.236174       -0.173844
     C   17       -0.236174       -0.093625       -0.043521
     C   17       -0.173844       -0.043521       -0.127815

     Cl  18        1.441159       -0.717351       -2.269292
     Cl  18       -0.717351       -1.482135        0.344183
     Cl  18       -2.269292        0.344183        0.040977

     H   19       -0.000000        0.000000        0.000000
     H   19        0.000000        0.000000        0.000000
     H   19        0.000000        0.000000        0.000000

     C   20       -0.164234       -0.107467       -0.078426
     C   20       -0.107467        0.133360        0.196163
     C   20       -0.078426        0.196163        0.030874

     H   21       -0.000000        0.000000        0.000000
     H   21        0.000000        0.000000        0.000000
     H   21        0.000000        0.000000        0.000000

     C   22       -0.081331       -0.101233        0.024317
     C   22       -0.101233        0.225345       -0.001705
     C   22        0.024317       -0.001705       -0.144014

     C   23       -0.008308       -0.133616        0.075957
     C   23       -0.133616        0.090259       -0.141948
     C   23        0.075957       -0.141948       -0.081951

     Cl  24        0.240861       -0.289534        0.965087
     Cl  24       -0.289534        0.102863       -1.128351
     Cl  24        0.965087       -1.128351       -0.343724

     ----- total EFG -----
     Cl   1        0.132821       -0.919997       -0.446083
     Cl   1       -0.919997        1.045255       -1.137029
     Cl   1       -0.446083       -1.137029       -1.178075

     C    2       -0.634814        0.048406        0.232084
     C    2        0.048406        0.397801       -0.128947
     C    2        0.232084       -0.128947        0.237013

     C    3        0.048979       -0.538474        0.023506
     C    3       -0.538474        0.173082       -0.380440
     C    3        0.023506       -0.380440       -0.222061

     H    4        0.445830        0.211708        0.322119
     H    4        0.211708       -0.334268        0.381194
     H    4        0.322119        0.381194       -0.111562

     C    5       -0.367808       -0.119970        0.388059
     C    5       -0.119970        0.328876       -0.135007
     C    5        0.388059       -0.135007        0.038932

     H    6       -0.088716        0.033166       -0.227326
     H    6        0.033166        0.355047        0.344553
     H    6       -0.227326        0.344553       -0.266331

     H    7       -0.203958       -0.046817       -0.263526
     H    7       -0.046817        0.284267       -0.457480
     H    7       -0.263526       -0.457480       -0.080309

     C    8        0.558874       -0.434126        0.519546
     C    8       -0.434126       -0.811961        0.109575
     C    8        0.519546        0.109575        0.253087

     H    9       -0.035658       -0.171685        0.342534
     H    9       -0.171685       -0.182939       -0.034201
     H    9        0.342534       -0.034201        0.218597

     C   10        0.302901        0.121718       -0.377792
     C   10        0.121718       -0.221108        0.095136
     C   10       -0.377792        0.095136       -0.081793

     C   11        0.063084       -0.073229       -0.169742
     C   11       -0.073229       -0.047091        0.377735
     C   11       -0.169742        0.377735       -0.015994

     Cl  12       -0.226481        0.455185       -1.425354
     Cl  12        0.455185        0.023696        2.111387
     Cl  12       -1.425354        2.111387        0.202786

     H   13       -0.316935        0.214923        0.407358
     H   13        0.214923        0.444499        0.226064
     H   13        0.407358        0.226064       -0.127565

     C   14        0.333809       -0.658377       -0.342413
     C   14       -0.658377       -0.235044       -0.251746
     C   14       -0.342413       -0.251746       -0.098764

     H   15        0.434664        0.024552        0.626275
     H   15        0.024552       -0.000399        0.160431
     H   15        0.626275        0.160431       -0.434264

     C   16        0.152281        0.140612       -0.048446
     C   16        0.140612       -0.301280        0.279221
     C   16       -0.048446        0.279221        0.148999

     C   17        0.467215       -0.933433       -0.448887
     C   17       -0.933433       -0.271779       -0.274498
     C   17       -0.448887       -0.274498       -0.195437

     Cl  18        1.424605       -0.577973       -2.356865
     Cl  18       -0.577973       -1.591648        0.352574
     Cl  18       -2.356865        0.352574        0.167043

     H   19       -0.013644       -0.305914       -0.070134
     H   19       -0.305914        0.430610       -0.475661
     H   19       -0.070134       -0.475661       -0.416967

     C   20       -0.484238       -0.349122       -0.161549
     C   20       -0.349122        0.416655        0.208062
     C   20       -0.161549        0.208062        0.067583

     H   21        0.482267       -0.455897        0.170654
     H   21       -0.455897       -0.538657        0.022059
     H   21        0.170654        0.022059        0.056390

     C   22        0.155049       -0.226511        0.121253
     C   22       -0.226511        0.166466        0.114733
     C   22        0.121253        0.114733       -0.321515

     C   23       -0.298053       -0.183543       -0.018297
     C   23       -0.183543        0.354526       -0.502956
     C   23       -0.018297       -0.502956       -0.056474

     Cl  24        0.232379       -0.019923        0.746192
     Cl  24       -0.019923        0.167774       -1.009799
     Cl  24        0.746192       -1.009799       -0.400154

     ----- total EFG (symmetrized) -----
     Cl   1        0.132821       -0.919997       -0.446083
     Cl   1       -0.919997        1.045255       -1.137029
     Cl   1       -0.446083       -1.137029       -1.178075

     C    2       -0.634814        0.048406        0.232084
     C    2        0.048406        0.397801       -0.128947
     C    2        0.232084       -0.128947        0.237013

     C    3        0.048979       -0.538474        0.023506
     C    3       -0.538474        0.173082       -0.380440
     C    3        0.023506       -0.380440       -0.222061

     H    4        0.445830        0.211708        0.322119
     H    4        0.211708       -0.334268        0.381194
     H    4        0.322119        0.381194       -0.111562

     C    5       -0.367808       -0.119970        0.388059
     C    5       -0.119970        0.328876       -0.135007
     C    5        0.388059       -0.135007        0.038932

     H    6       -0.088716        0.033166       -0.227326
     H    6        0.033166        0.355047        0.344553
     H    6       -0.227326        0.344553       -0.266331

     H    7       -0.203958       -0.046817       -0.263526
     H    7       -0.046817        0.284267       -0.457480
     H    7       -0.263526       -0.457480       -0.080309

     C    8        0.558874       -0.434126        0.519546
     C    8       -0.434126       -0.811961        0.109575
     C    8        0.519546        0.109575        0.253087

     H    9       -0.035658       -0.171685        0.342534
     H    9       -0.171685       -0.182939       -0.034201
     H    9        0.342534       -0.034201        0.218597

     C   10        0.302901        0.121718       -0.377792
     C   10        0.121718       -0.221108        0.095136
     C   10       -0.377792        0.095136       -0.081793

     C   11        0.063084       -0.073229       -0.169742
     C   11       -0.073229       -0.047091        0.377735
     C   11       -0.169742        0.377735       -0.015994

     Cl  12       -0.226481        0.455185       -1.425354
     Cl  12        0.455185        0.023696        2.111387
     Cl  12       -1.425354        2.111387        0.202786

     H   13       -0.316935        0.214923        0.407358
     H   13        0.214923        0.444499        0.226064
     H   13        0.407358        0.226064       -0.127565

     C   14        0.333809       -0.658377       -0.342413
     C   14       -0.658377       -0.235044       -0.251746
     C   14       -0.342413       -0.251746       -0.098764

     H   15        0.434664        0.024552        0.626275
     H   15        0.024552       -0.000399        0.160431
     H   15        0.626275        0.160431       -0.434264

     C   16        0.152281        0.140612       -0.048446
     C   16        0.140612       -0.301280        0.279221
     C   16       -0.048446        0.279221        0.148999

     C   17        0.467215       -0.933433       -0.448887
     C   17       -0.933433       -0.271779       -0.274498
     C   17       -0.448887       -0.274498       -0.195437

     Cl  18        1.424605       -0.577973       -2.356865
     Cl  18       -0.577973       -1.591648        0.352574
     Cl  18       -2.356865        0.352574        0.167043

     H   19       -0.013644       -0.305914       -0.070134
     H   19       -0.305914        0.430610       -0.475661
     H   19       -0.070134       -0.475661       -0.416967

     C   20       -0.484238       -0.349122       -0.161549
     C   20       -0.349122        0.416655        0.208062
     C   20       -0.161549        0.208062        0.067583

     H   21        0.482267       -0.455897        0.170654
     H   21       -0.455897       -0.538657        0.022059
     H   21        0.170654        0.022059        0.056390

     C   22        0.155049       -0.226511        0.121253
     C   22       -0.226511        0.166466        0.114733
     C   22        0.121253        0.114733       -0.321515

     C   23       -0.298053       -0.183543       -0.018297
     C   23       -0.183543        0.354526       -0.502956
     C   23       -0.018297       -0.502956       -0.056474

     Cl  24        0.232379       -0.019923        0.746192
     Cl  24       -0.019923        0.167774       -1.009799
     Cl  24        0.746192       -1.009799       -0.400154


     NQR/NMR SPECTROSCOPIC PARAMETERS:
     Cl   1    Vxx=    0.1343    axis=(  0.839219  0.236146 -0.489843)
     Cl   1    Vyy=    1.8233    axis=(  0.404002 -0.873710  0.270950)
     Cl   1    Vzz=   -1.9576    axis=(  0.363996  0.425284  0.828638)
     Cl   1  Q=        -8.1650 1e-30 m^2  Cq=        37.5553 MHz  eta= 0.86277

     C    2    Vxx=    0.2238    axis=(  0.248881  0.531002  0.809997)
     C    2    Vyy=    0.4746    axis=( -0.074181  0.844307 -0.530701)
     C    2    Vzz=   -0.6984    axis=(  0.965689 -0.071995 -0.249523)
     C    2  Q=         1.0000 1e-30 m^2  Cq=        -1.6409 MHz  eta= 0.35912

     C    3    Vxx=   -0.1425    axis=( -0.639615 -0.194998  0.743551)
     C    3    Vyy=   -0.6076    axis=(  0.497434  0.632457  0.593765)
     C    3    Vzz=    0.7501    axis=(  0.586047 -0.749649  0.307530)
     C    3  Q=         1.0000 1e-30 m^2  Cq=         1.7625 MHz  eta= 0.62003

     H    4    Vxx=   -0.0976    axis=( -0.576837  0.510774  0.637470)
     H    4    Vyy=   -0.6207    axis=(  0.027052  0.791909 -0.610039)
     H    4    Vzz=    0.7183    axis=(  0.816411  0.334648  0.470620)
     H    4  Q=         1.0000 1e-30 m^2  Cq=         1.6877 MHz  eta= 0.72822

     C    5    Vxx=    0.1222    axis=(  0.368506  0.648737  0.665841)
     C    5    Vyy=    0.4816    axis=( -0.355764  0.760136 -0.543714)
     C    5    Vzz=   -0.6038    axis=(  0.858857  0.036520 -0.510912)
     C    5  Q=         1.0000 1e-30 m^2  Cq=        -1.4186 MHz  eta= 0.59533

     H    6    Vxx=    0.0158    axis=(  0.885978  0.284962 -0.365840)
     H    6    Vyy=    0.5153    axis=( -0.111791  0.896895  0.427882)
     H    6    Vzz=   -0.5311    axis=(  0.450050 -0.338196  0.826486)
     H    6  Q=         1.0000 1e-30 m^2  Cq=        -1.2479 MHz  eta= 0.94043

     H    7    Vxx=   -0.0481    axis=(  0.806278 -0.436293 -0.399454)
     H    7    Vyy=   -0.5622    axis=(  0.573974  0.413700  0.706686)
     H    7    Vzz=    0.6102    axis=( -0.143069 -0.799062  0.583979)
     H    7  Q=         1.0000 1e-30 m^2  Cq=         1.4338 MHz  eta= 0.84246

     C    8    Vxx=   -0.0005    axis=( -0.469437  0.360012  0.806239)
     C    8    Vyy=   -0.9939    axis=( -0.329789 -0.918510  0.218123)
     C    8    Vzz=    0.9943    axis=(  0.819065 -0.163494  0.549911)
     C    8  Q=         1.0000 1e-30 m^2  Cq=         2.3363 MHz  eta= 0.99901

     H    9    Vxx=   -0.1168    axis=( -0.396795  0.779494  0.484708)
     H    9    Vyy=   -0.3647    axis=(  0.706992  0.596318 -0.380219)
     H    9    Vzz=    0.4815    axis=(  0.585419 -0.191815  0.787713)
     H    9  Q=         1.0000 1e-30 m^2  Cq=         1.1313 MHz  eta= 0.51479

     C   10    Vxx=   -0.1182    axis=(  0.254067  0.801436  0.541434)
     C   10    Vyy=   -0.4202    axis=(  0.448888 -0.593568  0.667965)
     C   10    Vzz=    0.5385    axis=( -0.856709 -0.073336  0.510561)
     C   10  Q=         1.0000 1e-30 m^2  Cq=         1.2652 MHz  eta= 0.56079

     C   11    Vxx=   -0.0104    axis=(  0.890294  0.403180  0.211711)
     C   11    Vyy=   -0.4190    axis=( -0.144446  0.690921 -0.708353)
     C   11    Vzz=    0.4295    axis=( -0.431870  0.600062  0.673361)
     C   11  Q=         1.0000 1e-30 m^2  Cq=         1.0091 MHz  eta= 0.95137

     Cl  12    Vxx=    0.2731    axis=( -0.825287 -0.553385  0.112548)
     Cl  12    Vyy=    2.4494    axis=( -0.296840  0.594652  0.747178)
     Cl  12    Vzz=   -2.7225    axis=(  0.480404 -0.583228  0.655025)
     Cl  12  Q=        -8.1650 1e-30 m^2  Cq=        52.2307 MHz  eta= 0.79937

     H   13    Vxx=   -0.0140    axis=( -0.495750  0.559766 -0.663999)
     H   13    Vyy=   -0.6413    axis=( -0.789294  0.028534  0.613352)
     H   13    Vzz=    0.6553    axis=(  0.362280  0.828159  0.427674)
     H   13  Q=         1.0000 1e-30 m^2  Cq=         1.5396 MHz  eta= 0.95726

     C   14    Vxx=    0.0813    axis=( -0.097029 -0.488277  0.867278)
     C   14    Vyy=    0.7944    axis=(  0.847824 -0.496979 -0.184946)
     C   14    Vzz=   -0.8757    axis=(  0.521324  0.717354  0.462195)
     C   14  Q=         1.0000 1e-30 m^2  Cq=        -2.0576 MHz  eta= 0.81437

     H   15    Vxx=    0.0095    axis=(  0.187544 -0.978218 -0.088975)
     H   15    Vyy=    0.7745    axis=( -0.874088 -0.124882 -0.469442)
     H   15    Vzz=   -0.7840    axis=(  0.448105  0.165813 -0.878469)
     H   15  Q=         1.0000 1e-30 m^2  Cq=        -1.8421 MHz  eta= 0.97580

     C   16    Vxx=    0.1846    axis=( -0.959194 -0.134741  0.248579)
     C   16    Vyy=    0.2853    axis=(  0.162807  0.455592  0.875174)
     C   16    Vzz=   -0.4699    axis=(  0.231172 -0.879933  0.415064)
     C   16  Q=         1.0000 1e-30 m^2  Cq=        -1.1041 MHz  eta= 0.21440

     C   17    Vxx=    0.0117    axis=( -0.112535 -0.474704  0.872922)
     C   17    Vyy=    1.1401    axis=( -0.836647  0.519205  0.174491)
     C   17    Vzz=   -1.1518    axis=( -0.536057 -0.710691 -0.455588)
     C   17  Q=         1.0000 1e-30 m^2  Cq=        -2.7063 MHz  eta= 0.97967

     Cl  18    Vxx=   -1.5890    axis=(  0.419214 -0.598393  0.682778)
     Cl  18    Vyy=   -1.7382    axis=( -0.452821 -0.789643 -0.414026)
     Cl  18    Vzz=    3.3273    axis=(  0.786901 -0.135610 -0.601994)
     Cl  18  Q=        -8.1650 1e-30 m^2  Cq=       -63.8318 MHz  eta= 0.04484

     H   19    Vxx=   -0.0438    axis=(  0.899236  0.180137 -0.398654)
     H   19    Vyy=   -0.6873    axis=(  0.288575  0.440634  0.850039)
     H   19    Vzz=    0.7312    axis=(  0.328784 -0.879427  0.344251)
     H   19  Q=         1.0000 1e-30 m^2  Cq=         1.7180 MHz  eta= 0.88010

     C   20    Vxx=   -0.0295    axis=(  0.001593 -0.421657  0.906754)
     C   20    Vyy=   -0.6153    axis=(  0.946561  0.293085  0.134627)
     C   20    Vzz=    0.6448    axis=( -0.322522  0.858083  0.399591)
     C   20  Q=         1.0000 1e-30 m^2  Cq=         1.5149 MHz  eta= 0.90864

     H   21    Vxx=    0.0287    axis=( -0.180290  0.182443  0.966545)
     H   21    Vyy=    0.6926    axis=( -0.913236  0.333963 -0.233385)
     H   21    Vzz=   -0.7213    axis=( -0.365370 -0.924761  0.106404)
     H   21  Q=         1.0000 1e-30 m^2  Cq=        -1.6948 MHz  eta= 0.92036

     C   22    Vxx=    0.0166    axis=(  0.639898  0.628155  0.442664)
     C   22    Vyy=    0.3874    axis=( -0.699157  0.714957 -0.003873)
     C   22    Vzz=   -0.4039    axis=( -0.318918 -0.307013  0.896679)
     C   22  Q=         1.0000 1e-30 m^2  Cq=        -0.9491 MHz  eta= 0.91794

     C   23    Vxx=   -0.2338    axis=(  0.800677 -0.224908 -0.555277)
     C   23    Vyy=   -0.4788    axis=(  0.582271  0.510260  0.632926)
     C   23    Vzz=    0.7126    axis=( -0.140986  0.830091 -0.539511)
     C   23  Q=         1.0000 1e-30 m^2  Cq=         1.6743 MHz  eta= 0.34378

     Cl  24    Vxx=    0.1900    axis=(  0.795724  0.604964 -0.029024)
     Cl  24    Vyy=    1.1976    axis=( -0.490143  0.615065 -0.617620)
     Cl  24    Vzz=   -1.3877    axis=( -0.355787  0.505681  0.785941)
     Cl  24  Q=        -8.1650 1e-30 m^2  Cq=        26.6216 MHz  eta= 0.72614

     Initialization:
     gipaw_setup  :      9.20s CPU     11.02s WALL (       1 calls)

     Linear response

     Apply operators

     Induced current

     Other routines
     efg          :      9.29s CPU     11.48s WALL (       1 calls)

     General routines
     calbec       :      3.16s CPU      3.92s WALL (      16 calls)
     fft          :      1.74s CPU      2.92s WALL (      15 calls)
     ffts         :      0.05s CPU      0.05s WALL (       2 calls)
     fftw         :      3.30s CPU      3.97s WALL (     672 calls)
     davcio       :      0.01s CPU      0.30s WALL (      32 calls)

     Parallel routines
     fft_scatter  :      2.31s CPU      4.12s WALL (     689 calls)

     Plugins

     GIPAW        :     60.50s CPU     72.00s WALL (       1 calls)
