
     Program QE v.6.0 (svn rev. 13079) starts on 10Jan2017 at 20:46:14 

     This program is part of the open-source Quantum ESPRESSO suite
     for quantum simulation of materials; please cite
         "P. Giannozzi et al., J. Phys.:Condens. Matter 21 395502 (2009);
          URL http://www.quantum-espresso.org", 
     in publications or presentations arising from this work. More details at
     http://www.quantum-espresso.org/quote

     Parallel version (MPI), running on     8 processors
     R & G space division:  proc/nbgrp/npool/nimage =       8

     ***** This is GIPAW svn revision unknown      *****

     Parallelizing q-star over 1 images

     Reading data from directory:
     /users/majewski/paradichlorobenzene/pbe/9_constraint/scratch/pbe.ecut100.np8.dt60.pcl2phi-129368.save
     Message from routine read_xml_file:
     file /users/majewski/paradichlorobenzene/pbe/9_constraint/scratch/pbe.ecut100.np8.dt60.pcl2phi-129368.save not guaranteed to be safe for post-processing

   Info: using nr1, nr2, nr3 values from input

   Info: using nr1, nr2, nr3 values from input

     IMPORTANT: XC functional enforced from input :
     Exchange-correlation      =  SLA  PW   PBX  PBC ( 1  4  3  4 0 0)
     Any further DFT definition will be discarded
     Please, verify this is what you really want

               file C.pbe-n-kjpaw_psl.1.0.0.UPF: wavefunction(s)  2S 2P renormalized
               file Cl.pbe-n-kjpaw_psl.1.0.0.UPF: wavefunction(s)  3S 3P renormalized
               file H.pbe-kjpaw_psl.1.0.0.UPF: wavefunction(s)  1S renormalized

     Parallelization info
     --------------------
     sticks:   dense  smooth     PW     G-vecs:    dense   smooth      PW
     Min        3057    1223    332               144436    36536    5170
     Max        3059    1225    333               144437    36537    5171
     Sum       24467    9791   2657              1155489   292295   41363


     Subspace diagonalization in iterative solution of the eigenvalue problem:
     a serial algorithm will be used

     GIPAW projectors -----------------------------------------------
     atom=  C    l=0  rc=    1.2000  rs=    0.8000
     atom=  C    l=0  rc=    1.2000  rs=    0.8000
     atom=  C    l=1  rc=    1.4000  rs=    0.9333
     atom=  C    l=1  rc=    1.4000  rs=    0.9333
     projs nearly linearly dependent: l=1  n1,n2= 1, 2  s=  0.99951561

     atom=  Cl   l=0  rc=    1.6000  rs=    1.0667
     atom=  Cl   l=0  rc=    1.6000  rs=    1.0667
     atom=  Cl   l=1  rc=    1.6000  rs=    1.0667
     atom=  Cl   l=1  rc=    1.6000  rs=    1.0667
     atom=  Cl   l=2  rc=    1.6000  rs=    1.0667
     atom=  Cl   l=2  rc=    1.6000  rs=    1.0667
     projs nearly linearly dependent: l=2  n1,n2= 1, 2  s=  0.99993509

     atom=  H    l=0  rc=    1.0000  rs=    0.6667
     atom=  H    l=0  rc=    1.0000  rs=    0.6667
     projs nearly linearly dependent: l=0  n1,n2= 1, 2  s=  0.99968852
     -----------------------------------------------------------------

     GIPAW integrals: -------------------------------------------
     Atom  i/j   nmr_para   nmr_dia   epr_rmc  epr_para   epr_dia
       C   1 1   0.83E+03  0.17E-01  0.93E+01  0.24E+08  0.24E+03
       C   2 1   0.86E+03 -0.61E-01  0.94E+01  0.25E+08  0.25E+03
       C   2 2   0.90E+03 -0.15E+00  0.97E+01  0.26E+08  0.26E+03
       C   3 3   0.33E+01  0.34E+00  0.18E+01  0.55E+03  0.21E+02
       C   4 3   0.35E+01  0.37E+00  0.20E+01  0.59E+03  0.22E+02
       C   4 4   0.38E+01  0.39E+00  0.22E+01  0.63E+03  0.24E+02
       Cl  1 1   0.14E+04 -0.47E+00  0.84E+01  0.32E+09  0.42E+03
       Cl  2 1   0.21E+04 -0.37E+00  0.12E+02  0.49E+09  0.65E+03
       Cl  2 2   0.33E+04 -0.16E+00  0.21E+02  0.76E+09  0.10E+04
       Cl  3 3   0.21E+02  0.79E-01  0.89E+01  0.23E+05  0.13E+03
       Cl  4 3   0.24E+02  0.67E-01  0.99E+01  0.27E+05  0.15E+03
       Cl  4 4   0.28E+02  0.44E-01  0.11E+02  0.32E+05  0.18E+03
       Cl  5 5   0.77E+00  0.19E+00  0.18E+01  0.12E+03  0.22E+02
       Cl  6 5   0.80E+00  0.19E+00  0.19E+01  0.12E+03  0.23E+02
       Cl  6 6   0.83E+00  0.20E+00  0.19E+01  0.12E+03  0.23E+02
       H   1 1   0.39E+02  0.19E+00  0.29E+00  0.78E+05  0.13E+02
       H   2 1   0.41E+02  0.21E+00  0.32E+00  0.82E+05  0.14E+02
       H   2 2   0.43E+02  0.22E+00  0.36E+00  0.86E+05  0.15E+02
     ------------------------------------------------------------

     alpha_pv=     33.8954 eV

     Number of occupied bands for each k-point:
     k-point:     1    nbnd_occ=  42
     k-point:     2    nbnd_occ=  42
     k-point:     3    nbnd_occ=  42
     k-point:     4    nbnd_occ=  42
     k-point:     5    nbnd_occ=  42
     k-point:     6    nbnd_occ=  42
     k-point:     7    nbnd_occ=  42
     k-point:     8    nbnd_occ=  42
     k-point:     9    nbnd_occ=  42
     k-point:    10    nbnd_occ=  42
     k-point:    11    nbnd_occ=  42
     k-point:    12    nbnd_occ=  42
     k-point:    13    nbnd_occ=  42
     k-point:    14    nbnd_occ=  42
     k-point:    15    nbnd_occ=  42
     k-point:    16    nbnd_occ=  42


     q-space interpolation up to   110.00 Rydberg

     GIPAW job: efg                                                                             


     ELECTRIC FIELD GRADIENTS TENSORS IN Hartree/bohrradius^2:

     ----- bare term -----
     Cl   1       -0.015012        0.164436        0.006875
     Cl   1        0.164436        0.111088        0.037897
     Cl   1        0.006875        0.037897       -0.096075

     C    2       -0.309880        0.312925       -0.507851
     C    2        0.312925        0.212029       -0.279448
     C    2       -0.507851       -0.279448        0.097852

     C    3        0.145153        0.450582        0.003408
     C    3        0.450582       -0.248520       -0.484203
     C    3        0.003408       -0.484203        0.103367

     H    4        0.020082       -0.151168       -0.342841
     H    4       -0.151168        0.377111        0.154238
     H    4       -0.342841        0.154238       -0.397194

     C    5       -0.539509        0.367682       -0.449442
     C    5        0.367682        0.283536       -0.326259
     C    5       -0.449442       -0.326259        0.255974

     H    6        0.409672       -0.052904        0.092427
     H    6       -0.052904       -0.267201       -0.463145
     H    6        0.092427       -0.463145       -0.142472

     H    7        0.342056        0.344179        0.092479
     H    7        0.344179       -0.625480        0.096403
     H    7        0.092479        0.096403        0.283424

     C    8       -0.403396       -0.218964       -0.371387
     C    8       -0.218964       -0.103852        0.432033
     C    8       -0.371387        0.432033        0.507249

     H    9       -0.487650        0.362228       -0.196629
     H    9        0.362228        0.309733        0.067544
     H    9       -0.196629        0.067544        0.177917

     C   10       -0.165213       -0.244378       -0.054127
     C   10       -0.244378       -0.331120        0.415361
     C   10       -0.054127        0.415361        0.496333

     C   11       -0.488913        0.114628       -0.225042
     C   11        0.114628       -0.039928        0.393880
     C   11       -0.225042        0.393880        0.528841

     Cl  12       -0.162509       -0.066873        0.049455
     Cl  12       -0.066873       -0.121118        0.014572
     Cl  12        0.049455        0.014572        0.283627

     H   13        0.478885       -0.023963       -0.208507
     H   13       -0.023963        0.051659       -0.333827
     H   13       -0.208507       -0.333827       -0.530544

     C   14       -0.162953        0.415980        0.038921
     C   14        0.415980       -0.368805       -0.426631
     C   14        0.038921       -0.426631        0.531758

     H   15        0.136341       -0.020617       -0.399303
     H   15       -0.020617        0.313636        0.195321
     H   15       -0.399303        0.195321       -0.449977

     C   16       -0.305705        0.115179       -0.219115
     C   16        0.115179       -0.105001       -0.403610
     C   16       -0.219115       -0.403610        0.410706

     C   17       -0.156953        0.176307       -0.241897
     C   17        0.176307       -0.272896       -0.505217
     C   17       -0.241897       -0.505217        0.429850

     Cl  18       -0.046705        0.099536       -0.063920
     Cl  18        0.099536       -0.004539       -0.045759
     Cl  18       -0.063920       -0.045759        0.051245

     H   19        0.266317        0.291248        0.012477
     H   19        0.291248       -0.545947        0.321418
     H   19        0.012477        0.321418        0.279631

     C   20       -0.149931       -0.417991       -0.089404
     C   20       -0.417991       -0.278374        0.372741
     C   20       -0.089404        0.372741        0.428306

     H   21       -0.619085        0.337391        0.005563
     H   21        0.337391        0.381494        0.063373
     H   21        0.005563        0.063373        0.237591

     C   22       -0.039975       -0.061033       -0.399529
     C   22       -0.061033       -0.337293        0.505958
     C   22       -0.399529        0.505958        0.377268

     C   23       -0.283756       -0.203212       -0.293880
     C   23       -0.203212       -0.086707        0.461695
     C   23       -0.293880        0.461695        0.370463

     Cl  24       -0.007541        0.070325       -0.071551
     Cl  24        0.070325       -0.039919       -0.010813
     Cl  24       -0.071551       -0.010813        0.047460

     ----- ionic term -----
     Cl   1        0.127373       -0.203233        0.000648
     Cl   1       -0.203233        0.006342        0.008626
     Cl   1        0.000648        0.008626       -0.133715

     C    2        0.069764       -0.287080        0.272204
     C    2       -0.287080        0.071884        0.384934
     C    2        0.272204        0.384934       -0.141648

     C    3        0.003033       -0.309622        0.216905
     C    3       -0.309622        0.205048        0.407850
     C    3        0.216905        0.407850       -0.208081

     H    4        0.410913        0.266691        0.753260
     H    4        0.266691       -0.422192        0.282815
     H    4        0.753260        0.282815        0.011279

     C    5        0.139892       -0.309739        0.344132
     C    5       -0.309739        0.072482        0.241078
     C    5        0.344132        0.241078       -0.212375

     H    6       -0.530843        0.092786        0.095305
     H    6        0.092786        0.622906        0.721880
     H    6        0.095305        0.721880       -0.092063

     H    7       -0.497446       -0.182693        0.087170
     H    7       -0.182693        0.724046       -0.648126
     H    7        0.087170       -0.648126       -0.226600

     C    8        0.345950        0.147724        0.161949
     C    8        0.147724        0.068267       -0.314940
     C    8        0.161949       -0.314940       -0.414217

     H    9        0.550214       -0.204293        0.734468
     H    9       -0.204293       -0.471311       -0.212139
     H    9        0.734468       -0.212139       -0.078903

     C   10        0.196842        0.214065        0.145491
     C   10        0.214065        0.153000       -0.367431
     C   10        0.145491       -0.367431       -0.349842

     C   11        0.331817        0.095609        0.208183
     C   11        0.095609        0.104520       -0.322450
     C   11        0.208183       -0.322450       -0.436337

     Cl  12        0.132085        0.189639        0.010583
     Cl  12        0.189639        0.018431       -0.004163
     Cl  12        0.010583       -0.004163       -0.150516

     H   13       -0.540779        0.023320        0.032814
     H   13        0.023320        0.336069        0.794755
     H   13        0.032814        0.794755        0.204709

     C   14        0.132977       -0.320952        0.340769
     C   14       -0.320952        0.018899        0.230824
     C   14        0.340769        0.230824       -0.151876

     H   15        0.343107        0.042712        0.818097
     H   15        0.042712       -0.522286        0.113770
     H   15        0.818097        0.113770        0.179180

     C   16        0.014943       -0.360057        0.262674
     C   16       -0.360057        0.132848        0.308161
     C   16        0.262674        0.308161       -0.147791

     C   17        0.024547       -0.303861        0.342832
     C   17       -0.303861        0.102688        0.327512
     C   17        0.342832        0.327512       -0.127235

     Cl  18        0.050441       -0.218561        0.026610
     Cl  18       -0.218561        0.098705       -0.020415
     Cl  18        0.026610       -0.020415       -0.149146

     H   19       -0.505921       -0.086733        0.034821
     H   19       -0.086733        0.881692       -0.541040
     H   19        0.034821       -0.541040       -0.375772

     C   20        0.389307        0.179066        0.124849
     C   20        0.179066        0.112382       -0.291111
     C   20        0.124849       -0.291111       -0.501689

     H   21        0.713374       -0.409382        0.535001
     H   21       -0.409382       -0.355781       -0.240696
     H   21        0.535001       -0.240696       -0.357593

     C   22        0.186529        0.187427        0.086514
     C   22        0.187427        0.282278       -0.398866
     C   22        0.086514       -0.398866       -0.468807

     C   23        0.251232        0.123743        0.170742
     C   23        0.123743        0.191136       -0.373947
     C   23        0.170742       -0.373947       -0.442368

     Cl  24        0.141929        0.204971       -0.027304
     Cl  24        0.204971       -0.004004       -0.021492
     Cl  24       -0.027304       -0.021492       -0.137926

     ----- GIPAW term -----
     Cl   1        0.789400        0.180831        0.175863
     Cl   1        0.180831        1.842096        0.428389
     Cl   1        0.175863        0.428389       -2.631496

     C    2        0.020912        0.149576       -0.096999
     C    2        0.149576        0.160641       -0.057164
     C    2       -0.096999       -0.057164       -0.181553

     C    3        0.022027        0.168206       -0.028066
     C    3        0.168206        0.056162       -0.095096
     C    3       -0.028066       -0.095096       -0.078190

     H    4       -0.000000        0.000000        0.000000
     H    4        0.000000        0.000000        0.000000
     H    4        0.000000        0.000000        0.000000

     C    5       -0.097137        0.178758       -0.116410
     C    5        0.178758        0.138493       -0.123451
     C    5       -0.116410       -0.123451       -0.041356

     H    6       -0.000000        0.000000        0.000000
     H    6        0.000000        0.000000        0.000000
     H    6        0.000000        0.000000        0.000000

     H    7       -0.000000        0.000000        0.000000
     H    7        0.000000        0.000000        0.000000
     H    7        0.000000        0.000000        0.000000

     C    8       -0.110351       -0.069875       -0.112120
     C    8       -0.069875       -0.046967        0.187177
     C    8       -0.112120        0.187177        0.157319

     H    9       -0.000000        0.000000        0.000000
     H    9        0.000000        0.000000        0.000000
     H    9        0.000000        0.000000        0.000000

     C   10       -0.118884       -0.036502       -0.045067
     C   10       -0.036502       -0.093625        0.142677
     C   10       -0.045067        0.142677        0.212509

     C   11       -0.129051        0.111548        0.053056
     C   11        0.111548       -0.125052        0.069910
     C   11        0.053056        0.069910        0.254104

     Cl  12       -0.140406        1.717643        0.443465
     Cl  12        1.717643       -1.209847        0.144331
     Cl  12        0.443465        0.144331        1.350253

     H   13       -0.000000        0.000000        0.000000
     H   13        0.000000        0.000000        0.000000
     H   13        0.000000        0.000000        0.000000

     C   14        0.012109        0.058781        0.162695
     C   14        0.058781       -0.185268       -0.095660
     C   14        0.162695       -0.095660        0.173159

     H   15       -0.000000        0.000000        0.000000
     H   15        0.000000        0.000000        0.000000
     H   15        0.000000        0.000000        0.000000

     C   16       -0.179120       -0.014580       -0.026203
     C   16       -0.014580       -0.072237       -0.154959
     C   16       -0.026203       -0.154959        0.251358

     C   17        0.020195       -0.105630        0.003279
     C   17       -0.105630       -0.075362       -0.112766
     C   17        0.003279       -0.112766        0.055167

     Cl  18        0.232443        0.114349       -1.379083
     Cl  18        0.114349        0.595154       -1.889311
     Cl  18       -1.379083       -1.889311       -0.827597

     H   19       -0.000000        0.000000        0.000000
     H   19        0.000000        0.000000        0.000000
     H   19        0.000000        0.000000        0.000000

     C   20        0.132108       -0.023035        0.069898
     C   20       -0.023035       -0.133695        0.078493
     C   20        0.069898        0.078493        0.001587

     H   21       -0.000000        0.000000        0.000000
     H   21        0.000000        0.000000        0.000000
     H   21        0.000000        0.000000        0.000000

     C   22        0.022613        0.046867       -0.197146
     C   22        0.046867       -0.105182        0.044789
     C   22       -0.197146        0.044789        0.082569

     C   23       -0.001053        0.120806       -0.028597
     C   23        0.120806        0.034745        0.114977
     C   23       -0.028597        0.114977       -0.033692

     Cl  24        1.247781        2.575236       -0.638217
     Cl  24        2.575236       -0.282494       -0.104768
     Cl  24       -0.638217       -0.104768       -0.965287

     ----- total EFG -----
     Cl   1        0.901761        0.142034        0.183386
     Cl   1        0.142034        1.959526        0.474912
     Cl   1        0.183386        0.474912       -2.861287

     C    2       -0.219204        0.175421       -0.332646
     C    2        0.175421        0.444554        0.048322
     C    2       -0.332646        0.048322       -0.225350

     C    3        0.170213        0.309166        0.192246
     C    3        0.309166        0.012690       -0.171449
     C    3        0.192246       -0.171449       -0.182903

     H    4        0.430995        0.115523        0.410418
     H    4        0.115523       -0.045081        0.437053
     H    4        0.410418        0.437053       -0.385914

     C    5       -0.496754        0.236701       -0.221719
     C    5        0.236701        0.494511       -0.208633
     C    5       -0.221719       -0.208633        0.002243

     H    6       -0.121171        0.039882        0.187732
     H    6        0.039882        0.355706        0.258735
     H    6        0.187732        0.258735       -0.234534

     H    7       -0.155390        0.161485        0.179649
     H    7        0.161485        0.098566       -0.551723
     H    7        0.179649       -0.551723        0.056824

     C    8       -0.167798       -0.141116       -0.321558
     C    8       -0.141116       -0.082552        0.304270
     C    8       -0.321558        0.304270        0.250350

     H    9        0.062565        0.157934        0.537839
     H    9        0.157934       -0.161578       -0.144594
     H    9        0.537839       -0.144594        0.099014

     C   10       -0.087254       -0.066815        0.046297
     C   10       -0.066815       -0.271745        0.190608
     C   10        0.046297        0.190608        0.358999

     C   11       -0.286147        0.321786        0.036197
     C   11        0.321786       -0.060460        0.141339
     C   11        0.036197        0.141339        0.346607

     Cl  12       -0.170830        1.840410        0.503503
     Cl  12        1.840410       -1.312534        0.154740
     Cl  12        0.503503        0.154740        1.483364

     H   13       -0.061893       -0.000643       -0.175693
     H   13       -0.000643        0.387728        0.460928
     H   13       -0.175693        0.460928       -0.325835

     C   14       -0.017867        0.153809        0.542385
     C   14        0.153809       -0.535174       -0.291468
     C   14        0.542385       -0.291468        0.553041

     H   15        0.479447        0.022095        0.418794
     H   15        0.022095       -0.208650        0.309092
     H   15        0.418794        0.309092       -0.270798

     C   16       -0.469882       -0.259458        0.017356
     C   16       -0.259458       -0.044391       -0.250408
     C   16        0.017356       -0.250408        0.514273

     C   17       -0.112211       -0.233183        0.104214
     C   17       -0.233183       -0.245570       -0.290471
     C   17        0.104214       -0.290471        0.357782

     Cl  18        0.236178       -0.004677       -1.416393
     Cl  18       -0.004677        0.689320       -1.955485
     Cl  18       -1.416393       -1.955485       -0.925498

     H   19       -0.239604        0.204514        0.047298
     H   19        0.204514        0.335745       -0.219622
     H   19        0.047298       -0.219622       -0.096141

     C   20        0.371484       -0.261960        0.105343
     C   20       -0.261960       -0.299687        0.160122
     C   20        0.105343        0.160122       -0.071797

     H   21        0.094290       -0.071991        0.540563
     H   21       -0.071991        0.025713       -0.177323
     H   21        0.540563       -0.177323       -0.120002

     C   22        0.169166        0.173262       -0.510161
     C   22        0.173262       -0.160197        0.151882
     C   22       -0.510161        0.151882       -0.008970

     C   23       -0.033578        0.041336       -0.151735
     C   23        0.041336        0.139175        0.202725
     C   23       -0.151735        0.202725       -0.105597

     Cl  24        1.382170        2.850533       -0.737072
     Cl  24        2.850533       -0.326417       -0.137072
     Cl  24       -0.737072       -0.137072       -1.055753

     ----- total EFG (symmetrized) -----
     Cl   1        0.901761        0.142034        0.183386
     Cl   1        0.142034        1.959526        0.474912
     Cl   1        0.183386        0.474912       -2.861287

     C    2       -0.219204        0.175421       -0.332646
     C    2        0.175421        0.444554        0.048322
     C    2       -0.332646        0.048322       -0.225350

     C    3        0.170213        0.309166        0.192246
     C    3        0.309166        0.012690       -0.171449
     C    3        0.192246       -0.171449       -0.182903

     H    4        0.430995        0.115523        0.410418
     H    4        0.115523       -0.045081        0.437053
     H    4        0.410418        0.437053       -0.385914

     C    5       -0.496754        0.236701       -0.221719
     C    5        0.236701        0.494511       -0.208633
     C    5       -0.221719       -0.208633        0.002243

     H    6       -0.121171        0.039882        0.187732
     H    6        0.039882        0.355706        0.258735
     H    6        0.187732        0.258735       -0.234534

     H    7       -0.155390        0.161485        0.179649
     H    7        0.161485        0.098566       -0.551723
     H    7        0.179649       -0.551723        0.056824

     C    8       -0.167798       -0.141116       -0.321558
     C    8       -0.141116       -0.082552        0.304270
     C    8       -0.321558        0.304270        0.250350

     H    9        0.062565        0.157934        0.537839
     H    9        0.157934       -0.161578       -0.144594
     H    9        0.537839       -0.144594        0.099014

     C   10       -0.087254       -0.066815        0.046297
     C   10       -0.066815       -0.271745        0.190608
     C   10        0.046297        0.190608        0.358999

     C   11       -0.286147        0.321786        0.036197
     C   11        0.321786       -0.060460        0.141339
     C   11        0.036197        0.141339        0.346607

     Cl  12       -0.170830        1.840410        0.503503
     Cl  12        1.840410       -1.312534        0.154740
     Cl  12        0.503503        0.154740        1.483364

     H   13       -0.061893       -0.000643       -0.175693
     H   13       -0.000643        0.387728        0.460928
     H   13       -0.175693        0.460928       -0.325835

     C   14       -0.017867        0.153809        0.542385
     C   14        0.153809       -0.535174       -0.291468
     C   14        0.542385       -0.291468        0.553041

     H   15        0.479447        0.022095        0.418794
     H   15        0.022095       -0.208650        0.309092
     H   15        0.418794        0.309092       -0.270798

     C   16       -0.469882       -0.259458        0.017356
     C   16       -0.259458       -0.044391       -0.250408
     C   16        0.017356       -0.250408        0.514273

     C   17       -0.112211       -0.233183        0.104214
     C   17       -0.233183       -0.245570       -0.290471
     C   17        0.104214       -0.290471        0.357782

     Cl  18        0.236178       -0.004677       -1.416393
     Cl  18       -0.004677        0.689320       -1.955485
     Cl  18       -1.416393       -1.955485       -0.925498

     H   19       -0.239604        0.204514        0.047298
     H   19        0.204514        0.335745       -0.219622
     H   19        0.047298       -0.219622       -0.096141

     C   20        0.371484       -0.261960        0.105343
     C   20       -0.261960       -0.299687        0.160122
     C   20        0.105343        0.160122       -0.071797

     H   21        0.094290       -0.071991        0.540563
     H   21       -0.071991        0.025713       -0.177323
     H   21        0.540563       -0.177323       -0.120002

     C   22        0.169166        0.173262       -0.510161
     C   22        0.173262       -0.160197        0.151882
     C   22       -0.510161        0.151882       -0.008970

     C   23       -0.033578        0.041336       -0.151735
     C   23        0.041336        0.139175        0.202725
     C   23       -0.151735        0.202725       -0.105597

     Cl  24        1.382170        2.850533       -0.737072
     Cl  24        2.850533       -0.326417       -0.137072
     Cl  24       -0.737072       -0.137072       -1.055753


     NQR/NMR SPECTROSCOPIC PARAMETERS:
     Cl   1    Vxx=    0.8866    axis=(  0.989080 -0.144268  0.030115)
     Cl   1    Vyy=    2.0285    axis=(  0.140587  0.984910  0.100931)
     Cl   1    Vzz=   -2.9151    axis=( -0.044222 -0.095595  0.994438)
     Cl   1  Q=        -8.1650 1e-30 m^2  Cq=        55.9246 MHz  eta= 0.39170

     C    2    Vxx=    0.0895    axis=( -0.652632  0.223953  0.723821)
     C    2    Vyy=    0.4900    axis=( -0.265439 -0.962356  0.058424)
     C    2    Vzz=   -0.5795    axis=(  0.709658 -0.154001  0.687510)
     C    2  Q=         1.0000 1e-30 m^2  Cq=        -1.3617 MHz  eta= 0.69102

     C    3    Vxx=    0.0459    axis=(  0.341556 -0.591534  0.730361)
     C    3    Vyy=    0.4149    axis=( -0.808144 -0.581580 -0.093101)
     C    3    Vzz=   -0.4607    axis=(  0.479836 -0.558438 -0.676687)
     C    3  Q=         1.0000 1e-30 m^2  Cq=        -1.0825 MHz  eta= 0.80091

     H    4    Vxx=    0.0382    axis=(  0.538529 -0.790036 -0.292969)
     H    4    Vyy=    0.7158    axis=(  0.806177  0.381967  0.451862)
     H    4    Vzz=   -0.7540    axis=( -0.245083 -0.479526  0.842609)
     H    4  Q=         1.0000 1e-30 m^2  Cq=        -1.7716 MHz  eta= 0.89856

     C    5    Vxx=   -0.0473    axis=( -0.207584  0.429199  0.879032)
     C    5    Vyy=   -0.6030    axis=(  0.944049 -0.147528  0.294970)
     C    5    Vzz=    0.6503    axis=(  0.256283  0.891080 -0.374560)
     C    5  Q=         1.0000 1e-30 m^2  Cq=         1.5279 MHz  eta= 0.85463

     H    6    Vxx=   -0.0498    axis=(  0.854128 -0.336828  0.396247)
     H    6    Vyy=   -0.4223    axis=(  0.487448  0.252928 -0.835716)
     H    6    Vzz=    0.4721    axis=(  0.181270  0.906959  0.380219)
     H    6  Q=         1.0000 1e-30 m^2  Cq=         1.1094 MHz  eta= 0.78902

     H    7    Vxx=   -0.0256    axis=(  0.880613  0.336583  0.333515)
     H    7    Vyy=   -0.6043    axis=( -0.473701  0.608562  0.636601)
     H    7    Vzz=    0.6299    axis=(  0.011304 -0.718585  0.695347)
     H    7  Q=         1.0000 1e-30 m^2  Cq=         1.4800 MHz  eta= 0.91863

     C    8    Vxx=   -0.2452    axis=( -0.376832 -0.878162  0.294668)
     C    8    Vyy=   -0.3460    axis=(  0.826504 -0.175148  0.534991)
     C    8    Vzz=    0.5912    axis=( -0.418198  0.445146  0.791805)
     C    8  Q=         1.0000 1e-30 m^2  Cq=         1.3892 MHz  eta= 0.17054

     H    9    Vxx=   -0.0493    axis=(  0.328649  0.885516 -0.328407)
     H    9    Vyy=   -0.5696    axis=( -0.638270  0.464542  0.613851)
     H    9    Vzz=    0.6190    axis=(  0.696133  0.007871  0.717869)
     H    9  Q=         1.0000 1e-30 m^2  Cq=         1.4544 MHz  eta= 0.84058

     C   10    Vxx=   -0.0660    axis=(  0.957351 -0.287858  0.024816)
     C   10    Vyy=   -0.3476    axis=(  0.283833  0.920944 -0.267024)
     C   10    Vzz=    0.4136    axis=(  0.054011  0.262679  0.963370)
     C   10  Q=         1.0000 1e-30 m^2  Cq=         0.9717 MHz  eta= 0.68100

     C   11    Vxx=    0.0952    axis=(  0.542962  0.696227 -0.469532)
     C   11    Vyy=    0.4224    axis=(  0.232420  0.412695  0.880718)
     C   11    Vzz=   -0.5176    axis=( -0.806953  0.587325 -0.062260)
     C   11  Q=         1.0000 1e-30 m^2  Cq=        -1.2161 MHz  eta= 0.63224

     Cl  12    Vxx=    0.8184    axis=(  0.629919  0.500947 -0.593510)
     Cl  12    Vyy=    1.8576    axis=(  0.496726  0.327600  0.803705)
     Cl  12    Vzz=   -2.6760    axis=( -0.597048  0.801081  0.042472)
     Cl  12  Q=        -8.1650 1e-30 m^2  Cq=        51.3376 MHz  eta= 0.38836

     H   13    Vxx=   -0.0244    axis=(  0.951730  0.229466 -0.203853)
     H   13    Vyy=   -0.5986    axis=( -0.283919  0.405807 -0.868741)
     H   13    Vzz=    0.6230    axis=( -0.116622  0.884684  0.451369)
     H   13  Q=         1.0000 1e-30 m^2  Cq=         1.4638 MHz  eta= 0.92162

     C   14    Vxx=   -0.1517    axis=( -0.750839 -0.563261  0.344932)
     C   14    Vyy=   -0.7499    axis=( -0.444072  0.817094  0.367639)
     C   14    Vzz=    0.9016    axis=(  0.488918 -0.122863  0.863634)
     C   14  Q=         1.0000 1e-30 m^2  Cq=         2.1183 MHz  eta= 0.66358

     H   15    Vxx=   -0.0537    axis=(  0.376736 -0.817028 -0.436503)
     H   15    Vyy=   -0.6384    axis=(  0.283367  0.550281 -0.785426)
     H   15    Vzz=    0.6921    axis=(  0.881915  0.172208  0.438829)
     H   15  Q=         1.0000 1e-30 m^2  Cq=         1.6263 MHz  eta= 0.84482

     C   16    Vxx=   -0.0210    axis=( -0.449329  0.803514  0.390473)
     C   16    Vyy=   -0.6007    axis=(  0.887021  0.453269  0.087987)
     C   16    Vzz=    0.6217    axis=(  0.106290 -0.385893  0.916400)
     C   16  Q=         1.0000 1e-30 m^2  Cq=         1.4608 MHz  eta= 0.93249

     C   17    Vxx=   -0.0679    axis=( -0.822996  0.354792  0.443622)
     C   17    Vyy=   -0.4627    axis=(  0.488942  0.839987  0.235283)
     C   17    Vzz=    0.5305    axis=(  0.289160 -0.410542  0.864778)
     C   17  Q=         1.0000 1e-30 m^2  Cq=         1.2465 MHz  eta= 0.74417

     Cl  18    Vxx=    0.3863    axis=(  0.833517 -0.545672 -0.086548)
     Cl  18    Vyy=    2.3390    axis=(  0.397374  0.700930 -0.592276)
     Cl  18    Vzz=   -2.7253    axis=(  0.383852  0.459280  0.801074)
     Cl  18  Q=        -8.1650 1e-30 m^2  Cq=        52.2841 MHz  eta= 0.71650

     H   19    Vxx=   -0.1074    axis=(  0.541614  0.159111  0.825432)
     H   19    Vyy=   -0.3626    axis=( -0.805498  0.379126  0.455453)
     H   19    Vzz=    0.4700    axis=( -0.240475 -0.911563  0.333503)
     H   19  Q=         1.0000 1e-30 m^2  Cq=         1.1044 MHz  eta= 0.54285

     C   20    Vxx=    0.0095    axis=(  0.046851  0.427733  0.902690)
     C   20    Vyy=    0.4662    axis=( -0.947814  0.304338 -0.095015)
     C   20    Vzz=   -0.4757    axis=( -0.315364 -0.851131  0.419669)
     C   20  Q=         1.0000 1e-30 m^2  Cq=        -1.1177 MHz  eta= 0.95988

     H   21    Vxx=   -0.0107    axis=(  0.322566  0.944440  0.063114)
     H   21    Vyy=   -0.5784    axis=( -0.608579  0.155862  0.778035)
     H   21    Vzz=    0.5891    axis=(  0.724971 -0.289378  0.625042)
     H   21  Q=         1.0000 1e-30 m^2  Cq=         1.3841 MHz  eta= 0.96359

     C   22    Vxx=   -0.0337    axis=(  0.278785  0.870126  0.406399)
     C   22    Vyy=   -0.5659    axis=(  0.571937 -0.490377  0.657585)
     C   22    Vzz=    0.5997    axis=( -0.771470 -0.049109  0.634367)
     C   22  Q=         1.0000 1e-30 m^2  Cq=         1.4090 MHz  eta= 0.88745

     C   23    Vxx=    0.0465    axis=(  0.856855  0.379950 -0.348479)
     C   23    Vyy=    0.2597    axis=( -0.155496  0.834907  0.527968)
     C   23    Vzz=   -0.3061    axis=(  0.491550 -0.398205  0.774475)
     C   23  Q=         1.0000 1e-30 m^2  Cq=        -0.7193 MHz  eta= 0.69646

     Cl  24    Vxx=   -1.0753    axis=( -0.024696  0.270167  0.962497)
     Cl  24    Vyy=   -2.5260    axis=(  0.601422 -0.765056  0.230177)
     Cl  24    Vzz=    3.6013    axis=(  0.798550  0.584551 -0.143590)
     Cl  24  Q=        -8.1650 1e-30 m^2  Cq=       -69.0899 MHz  eta= 0.40282

     Initialization:
     gipaw_setup  :      9.32s CPU     11.14s WALL (       1 calls)

     Linear response

     Apply operators

     Induced current

     Other routines
     efg          :      9.44s CPU     12.57s WALL (       1 calls)

     General routines
     calbec       :      3.42s CPU      4.96s WALL (      16 calls)
     fft          :      1.80s CPU      3.40s WALL (      15 calls)
     ffts         :      0.04s CPU      0.05s WALL (       2 calls)
     fftw         :      3.38s CPU      4.33s WALL (     672 calls)
     davcio       :      0.02s CPU      0.30s WALL (      32 calls)

     Parallel routines
     fft_scatter  :      2.58s CPU      4.94s WALL (     689 calls)

     Plugins

     GIPAW        :     61.10s CPU     74.67s WALL (       1 calls)
