
     Program QE v.6.0 (svn rev. 13079) starts on 12Jan2017 at 19:40:59 

     This program is part of the open-source Quantum ESPRESSO suite
     for quantum simulation of materials; please cite
         "P. Giannozzi et al., J. Phys.:Condens. Matter 21 395502 (2009);
          URL http://www.quantum-espresso.org", 
     in publications or presentations arising from this work. More details at
     http://www.quantum-espresso.org/quote

     Parallel version (MPI), running on     8 processors
     R & G space division:  proc/nbgrp/npool/nimage =       8

     ***** This is GIPAW svn revision unknown      *****

     Parallelizing q-star over 1 images

     Reading data from directory:
     /users/majewski/paradichlorobenzene/pbe/9_constraint/scratch/pbe.ecut100.np8.dt60.pcl2phi-129368.save
     Message from routine read_xml_file:
     file /users/majewski/paradichlorobenzene/pbe/9_constraint/scratch/pbe.ecut100.np8.dt60.pcl2phi-129368.save not guaranteed to be safe for post-processing

   Info: using nr1, nr2, nr3 values from input

   Info: using nr1, nr2, nr3 values from input

     IMPORTANT: XC functional enforced from input :
     Exchange-correlation      =  SLA  PW   PBX  PBC ( 1  4  3  4 0 0)
     Any further DFT definition will be discarded
     Please, verify this is what you really want

               file C.pbe-n-kjpaw_psl.1.0.0.UPF: wavefunction(s)  2S 2P renormalized
               file Cl.pbe-n-kjpaw_psl.1.0.0.UPF: wavefunction(s)  3S 3P renormalized
               file H.pbe-kjpaw_psl.1.0.0.UPF: wavefunction(s)  1S renormalized

     Parallelization info
     --------------------
     sticks:   dense  smooth     PW     G-vecs:    dense   smooth      PW
     Min        3057    1223    332               144436    36536    5170
     Max        3059    1225    333               144437    36537    5171
     Sum       24467    9791   2657              1155489   292295   41363


     Subspace diagonalization in iterative solution of the eigenvalue problem:
     a serial algorithm will be used

     GIPAW projectors -----------------------------------------------
     atom=  C    l=0  rc=    1.2000  rs=    0.8000
     atom=  C    l=0  rc=    1.2000  rs=    0.8000
     atom=  C    l=1  rc=    1.4000  rs=    0.9333
     atom=  C    l=1  rc=    1.4000  rs=    0.9333
     projs nearly linearly dependent: l=1  n1,n2= 1, 2  s=  0.99951561

     atom=  Cl   l=0  rc=    1.6000  rs=    1.0667
     atom=  Cl   l=0  rc=    1.6000  rs=    1.0667
     atom=  Cl   l=1  rc=    1.6000  rs=    1.0667
     atom=  Cl   l=1  rc=    1.6000  rs=    1.0667
     atom=  Cl   l=2  rc=    1.6000  rs=    1.0667
     atom=  Cl   l=2  rc=    1.6000  rs=    1.0667
     projs nearly linearly dependent: l=2  n1,n2= 1, 2  s=  0.99993509

     atom=  H    l=0  rc=    1.0000  rs=    0.6667
     atom=  H    l=0  rc=    1.0000  rs=    0.6667
     projs nearly linearly dependent: l=0  n1,n2= 1, 2  s=  0.99968852
     -----------------------------------------------------------------

     GIPAW integrals: -------------------------------------------
     Atom  i/j   nmr_para   nmr_dia   epr_rmc  epr_para   epr_dia
       C   1 1   0.83E+03  0.17E-01  0.93E+01  0.24E+08  0.24E+03
       C   2 1   0.86E+03 -0.61E-01  0.94E+01  0.25E+08  0.25E+03
       C   2 2   0.90E+03 -0.15E+00  0.97E+01  0.26E+08  0.26E+03
       C   3 3   0.33E+01  0.34E+00  0.18E+01  0.55E+03  0.21E+02
       C   4 3   0.35E+01  0.37E+00  0.20E+01  0.59E+03  0.22E+02
       C   4 4   0.38E+01  0.39E+00  0.22E+01  0.63E+03  0.24E+02
       Cl  1 1   0.14E+04 -0.47E+00  0.84E+01  0.32E+09  0.42E+03
       Cl  2 1   0.21E+04 -0.37E+00  0.12E+02  0.49E+09  0.65E+03
       Cl  2 2   0.33E+04 -0.16E+00  0.21E+02  0.76E+09  0.10E+04
       Cl  3 3   0.21E+02  0.79E-01  0.89E+01  0.23E+05  0.13E+03
       Cl  4 3   0.24E+02  0.67E-01  0.99E+01  0.27E+05  0.15E+03
       Cl  4 4   0.28E+02  0.44E-01  0.11E+02  0.32E+05  0.18E+03
       Cl  5 5   0.77E+00  0.19E+00  0.18E+01  0.12E+03  0.22E+02
       Cl  6 5   0.80E+00  0.19E+00  0.19E+01  0.12E+03  0.23E+02
       Cl  6 6   0.83E+00  0.20E+00  0.19E+01  0.12E+03  0.23E+02
       H   1 1   0.39E+02  0.19E+00  0.29E+00  0.78E+05  0.13E+02
       H   2 1   0.41E+02  0.21E+00  0.32E+00  0.82E+05  0.14E+02
       H   2 2   0.43E+02  0.22E+00  0.36E+00  0.86E+05  0.15E+02
     ------------------------------------------------------------

     alpha_pv=     35.1951 eV

     Number of occupied bands for each k-point:
     k-point:     1    nbnd_occ=  42
     k-point:     2    nbnd_occ=  42
     k-point:     3    nbnd_occ=  42
     k-point:     4    nbnd_occ=  42
     k-point:     5    nbnd_occ=  42
     k-point:     6    nbnd_occ=  42
     k-point:     7    nbnd_occ=  42
     k-point:     8    nbnd_occ=  42
     k-point:     9    nbnd_occ=  42
     k-point:    10    nbnd_occ=  42
     k-point:    11    nbnd_occ=  42
     k-point:    12    nbnd_occ=  42
     k-point:    13    nbnd_occ=  42
     k-point:    14    nbnd_occ=  42
     k-point:    15    nbnd_occ=  42
     k-point:    16    nbnd_occ=  42


     q-space interpolation up to   110.00 Rydberg

     GIPAW job: efg                                                                             


     ELECTRIC FIELD GRADIENTS TENSORS IN Hartree/bohrradius^2:

     ----- bare term -----
     Cl   1        0.073918        0.039400       -0.214307
     Cl   1        0.039400        0.186025       -0.030524
     Cl   1       -0.214307       -0.030524       -0.259943

     C    2       -0.063764        0.315498       -0.106718
     C    2        0.315498       -0.309954       -0.239249
     C    2       -0.106718       -0.239249        0.373718

     C    3       -0.005373        0.449190       -0.227805
     C    3        0.449190       -0.277140       -0.273255
     C    3       -0.227805       -0.273255        0.282512

     H    4       -0.002747       -0.026788       -0.182194
     H    4       -0.026788        0.427446       -0.392772
     H    4       -0.182194       -0.392772       -0.424699

     C    5       -0.565477        0.272647       -0.502618
     C    5        0.272647        0.345212       -0.063520
     C    5       -0.502618       -0.063520        0.220265

     H    6       -0.155914        0.145751       -0.165173
     H    6        0.145751       -0.211253       -0.508891
     H    6       -0.165173       -0.508891        0.367167

     H    7        0.413517        0.287766       -0.007453
     H    7        0.287766       -0.779864        0.176444
     H    7       -0.007453        0.176444        0.366347

     C    8       -0.062401       -0.322470       -0.096003
     C    8       -0.322470       -0.086551        0.429579
     C    8       -0.096003        0.429579        0.148953

     H    9       -0.388301        0.511300        0.064917
     H    9        0.511300        0.081281       -0.111773
     H    9        0.064917       -0.111773        0.307020

     C   10       -0.288472       -0.082685       -0.014568
     C   10       -0.082685       -0.004780       -0.022869
     C   10       -0.014568       -0.022869        0.293252

     C   11        0.042019       -0.007212       -0.178047
     C   11       -0.007212        0.004236        0.577726
     C   11       -0.178047        0.577726       -0.046255

     Cl  12        0.013668       -0.224432        0.039141
     Cl  12       -0.224432       -0.044792       -0.251569
     Cl  12        0.039141       -0.251569        0.031124

     H   13        0.198846        0.204456       -0.119404
     H   13        0.204456       -0.514457        0.012677
     H   13       -0.119404        0.012677        0.315612

     C   14       -0.007599       -0.194580       -0.421307
     C   14       -0.194580       -0.201600       -0.221195
     C   14       -0.421307       -0.221195        0.209199

     H   15        0.018904       -0.118589       -0.232281
     H   15       -0.118589       -0.292302       -0.303761
     H   15       -0.232281       -0.303761        0.273398

     C   16       -0.550506        0.335326       -0.084393
     C   16        0.335326       -0.095355       -0.068344
     C   16       -0.084393       -0.068344        0.645860

     C   17        0.238657        0.115030       -0.055404
     C   17        0.115030       -0.321319       -0.605066
     C   17       -0.055404       -0.605066        0.082663

     Cl  18        0.300609        0.193599       -0.116156
     Cl  18        0.193599        0.130585       -0.548160
     Cl  18       -0.116156       -0.548160       -0.431194

     H   19        0.409155        0.194754        0.092688
     H   19        0.194754       -0.557115        0.299789
     H   19        0.092688        0.299789        0.147959

     C   20       -0.894836       -0.356084       -0.427948
     C   20       -0.356084        0.447637        0.023738
     C   20       -0.427948        0.023738        0.447199

     H   21       -0.513398        0.270738        0.088008
     H   21        0.270738        0.428255        0.122266
     H   21        0.088008        0.122266        0.085144

     C   22        0.039049       -0.183373       -0.098252
     C   22       -0.183373       -0.529565        0.374435
     C   22       -0.098252        0.374435        0.490517

     C   23       -0.800074       -0.420360       -0.353196
     C   23       -0.420360        0.335788        0.000105
     C   23       -0.353196        0.000105        0.464286

     Cl  24       -0.005310       -0.022385        0.041852
     Cl  24       -0.022385        0.028352        0.022450
     Cl  24        0.041852        0.022450       -0.023042

     ----- ionic term -----
     Cl   1        0.247288       -0.221652        0.057940
     Cl   1       -0.221652       -0.101419       -0.019171
     Cl   1        0.057940       -0.019171       -0.145869

     C    2        0.214867       -0.234699        0.281912
     C    2       -0.234699        0.113461        0.384149
     C    2        0.281912        0.384149       -0.328327

     C    3        0.187907       -0.317049        0.280299
     C    3       -0.317049        0.175230        0.307557
     C    3        0.280299        0.307557       -0.363137

     H    4        0.249638        0.451428        0.666193
     H    4        0.451428       -0.194204        0.437670
     H    4        0.666193        0.437670       -0.055434

     C    5        0.312930       -0.183082        0.459569
     C    5       -0.183082        0.033412        0.246265
     C    5        0.459569        0.246265       -0.346342

     H    6       -0.529573       -0.104404        0.001089
     H    6       -0.104404        0.912590        0.508679
     H    6        0.001089        0.508679       -0.383017

     H    7       -0.525133       -0.071182        0.028575
     H    7       -0.071182        0.765670       -0.656106
     H    7        0.028575       -0.656106       -0.240537

     C    8        0.410701        0.153236        0.081584
     C    8        0.153236        0.008706       -0.332069
     C    8        0.081584       -0.332069       -0.419407

     H    9        0.746975       -0.251249        0.588294
     H    9       -0.251249       -0.520357       -0.191899
     H    9        0.588294       -0.191899       -0.226618

     C   10        0.260309        0.176717        0.055280
     C   10        0.176717        0.120424       -0.399310
     C   10        0.055280       -0.399310       -0.380733

     C   11        0.293564        0.070426        0.093930
     C   11        0.070426        0.160720       -0.406053
     C   11        0.093930       -0.406053       -0.454284

     Cl  12        0.114074        0.206040       -0.057281
     Cl  12        0.206040        0.037125       -0.039324
     Cl  12       -0.057281       -0.039324       -0.151199

     H   13       -0.504507       -0.119444       -0.053954
     H   13       -0.119444        0.777072        0.611788
     H   13       -0.053954        0.611788       -0.272566

     C   14        0.244848       -0.178043        0.344719
     C   14       -0.178043        0.068560        0.290879
     C   14        0.344719        0.290879       -0.313409

     H   15        0.242128        0.419092        0.680046
     H   15        0.419092       -0.206891        0.425047
     H   15        0.680046        0.425047       -0.035238

     C   16        0.153616       -0.275005        0.261865
     C   16       -0.275005        0.202032        0.317852
     C   16        0.261865        0.317852       -0.355647

     C   17        0.129526       -0.164688        0.439742
     C   17       -0.164688        0.144772        0.297816
     C   17        0.439742        0.297816       -0.274299

     Cl  18        0.123260       -0.177190        0.127763
     Cl  18       -0.177190       -0.001644       -0.077785
     Cl  18        0.127763       -0.077785       -0.121616

     H   19       -0.492653       -0.197165        0.048130
     H   19       -0.197165        0.976622       -0.410303
     H   19        0.048130       -0.410303       -0.483969

     C   20        0.409176        0.110011        0.085854
     C   20        0.110011        0.124473       -0.271282
     C   20        0.085854       -0.271282       -0.533649

     H   21        0.702248       -0.504838        0.438136
     H   21       -0.504838       -0.293220       -0.251666
     H   21        0.438136       -0.251666       -0.409028

     C   22        0.246082        0.187398        0.038747
     C   22        0.187398        0.195066       -0.378580
     C   22        0.038747       -0.378580       -0.441148

     C   23        0.380215        0.124542        0.101622
     C   23        0.124542        0.038303       -0.356767
     C   23        0.101622       -0.356767       -0.418518

     Cl  24        0.184973        0.216793       -0.062105
     Cl  24        0.216793       -0.047606       -0.029825
     Cl  24       -0.062105       -0.029825       -0.137367

     ----- GIPAW term -----
     Cl   1       -0.142502       -0.839543        0.806297
     Cl   1       -0.839543       -0.855970        0.434503
     Cl   1        0.806297        0.434503        0.998473

     C    2       -0.050952       -0.016738        0.013515
     C    2       -0.016738       -0.070495       -0.082684
     C    2        0.013515       -0.082684        0.121447

     C    3        0.048772        0.102212       -0.173209
     C    3        0.102212       -0.113677       -0.070224
     C    3       -0.173209       -0.070224        0.064906

     H    4       -0.000000        0.000000        0.000000
     H    4        0.000000        0.000000        0.000000
     H    4        0.000000        0.000000        0.000000

     C    5        0.011780        0.166016       -0.005009
     C    5        0.166016        0.073272        0.061546
     C    5       -0.005009        0.061546       -0.085052

     H    6       -0.000000        0.000000        0.000000
     H    6        0.000000        0.000000        0.000000
     H    6        0.000000        0.000000        0.000000

     H    7       -0.000000        0.000000        0.000000
     H    7        0.000000        0.000000        0.000000
     H    7        0.000000        0.000000        0.000000

     C    8       -0.046961       -0.183552        0.010665
     C    8       -0.183552        0.183157        0.071183
     C    8        0.010665        0.071183       -0.136195

     H    9       -0.000000        0.000000        0.000000
     H    9        0.000000        0.000000        0.000000
     H    9        0.000000        0.000000        0.000000

     C   10       -0.042179       -0.015506       -0.012520
     C   10       -0.015506        0.044726        0.014738
     C   10       -0.012520        0.014738       -0.002547

     C   11       -0.032256       -0.009994       -0.044046
     C   11       -0.009994        0.140336        0.139423
     C   11       -0.044046        0.139423       -0.108080

     Cl  12       -0.714208        0.107285       -0.352937
     Cl  12        0.107285        0.180438        1.436649
     Cl  12       -0.352937        1.436649        0.533770

     H   13       -0.000000        0.000000        0.000000
     H   13        0.000000        0.000000        0.000000
     H   13        0.000000        0.000000        0.000000

     C   14        0.019211       -0.047317       -0.012074
     C   14       -0.047317       -0.003580       -0.035166
     C   14       -0.012074       -0.035166       -0.015631

     H   15       -0.000000        0.000000        0.000000
     H   15        0.000000        0.000000        0.000000
     H   15        0.000000        0.000000        0.000000

     C   16       -0.026662       -0.068979        0.004440
     C   16       -0.068979        0.015834        0.010775
     C   16        0.004440        0.010775        0.010828

     C   17       -0.021076        0.027855        0.036316
     C   17        0.027855        0.127559        0.071484
     C   17        0.036316        0.071484       -0.106483

     Cl  18        0.422264       -0.016155        0.163327
     Cl  18       -0.016155       -0.008514       -0.555285
     Cl  18        0.163327       -0.555285       -0.413749

     H   19       -0.000000        0.000000        0.000000
     H   19        0.000000        0.000000        0.000000
     H   19        0.000000        0.000000        0.000000

     C   20       -0.246432       -0.005575       -0.064651
     C   20       -0.005575        0.268964       -0.148078
     C   20       -0.064651       -0.148078       -0.022533

     H   21       -0.000000        0.000000        0.000000
     H   21        0.000000        0.000000        0.000000
     H   21        0.000000        0.000000        0.000000

     C   22       -0.114823       -0.000860       -0.007392
     C   22       -0.000860       -0.056258       -0.177428
     C   22       -0.007392       -0.177428        0.171081

     C   23       -0.172303       -0.041179       -0.003312
     C   23       -0.041179        0.182169       -0.182381
     C   23       -0.003312       -0.182381       -0.009866

     Cl  24       -0.622835        1.387201       -0.437324
     Cl  24        1.387201       -1.354952       -0.417536
     Cl  24       -0.437324       -0.417536        1.977787

     ----- total EFG -----
     Cl   1        0.178703       -1.021795        0.649930
     Cl   1       -1.021795       -0.771364        0.384809
     Cl   1        0.649930        0.384809        0.592661

     C    2        0.100150        0.064060        0.188710
     C    2        0.064060       -0.266988        0.062216
     C    2        0.188710        0.062216        0.166838

     C    3        0.231306        0.234352       -0.120716
     C    3        0.234352       -0.215587       -0.035922
     C    3       -0.120716       -0.035922       -0.015719

     H    4        0.246891        0.424640        0.483999
     H    4        0.424640        0.233241        0.044898
     H    4        0.483999        0.044898       -0.480132

     C    5       -0.240766        0.255582       -0.048058
     C    5        0.255582        0.451896        0.244291
     C    5       -0.048058        0.244291       -0.211129

     H    6       -0.685487        0.041347       -0.164084
     H    6        0.041347        0.701337       -0.000211
     H    6       -0.164084       -0.000211       -0.015850

     H    7       -0.111616        0.216584        0.021122
     H    7        0.216584       -0.014194       -0.479663
     H    7        0.021122       -0.479663        0.125810

     C    8        0.301339       -0.352786       -0.003754
     C    8       -0.352786        0.105311        0.168693
     C    8       -0.003754        0.168693       -0.406650

     H    9        0.358673        0.260051        0.653211
     H    9        0.260051       -0.439076       -0.303672
     H    9        0.653211       -0.303672        0.080402

     C   10       -0.070342        0.078526        0.028192
     C   10        0.078526        0.160370       -0.407441
     C   10        0.028192       -0.407441       -0.090028

     C   11        0.303327        0.053220       -0.128163
     C   11        0.053220        0.305292        0.311096
     C   11       -0.128163        0.311096       -0.608619

     Cl  12       -0.586467        0.088894       -0.371077
     Cl  12        0.088894        0.172771        1.145757
     Cl  12       -0.371077        1.145757        0.413695

     H   13       -0.305661        0.085012       -0.173357
     H   13        0.085012        0.262615        0.624466
     H   13       -0.173357        0.624466        0.043046

     C   14        0.256460       -0.419941       -0.088662
     C   14       -0.419941       -0.136620        0.034518
     C   14       -0.088662        0.034518       -0.119840

     H   15        0.261032        0.300503        0.447764
     H   15        0.300503       -0.499192        0.121286
     H   15        0.447764        0.121286        0.238161

     C   16       -0.423552       -0.008658        0.181911
     C   16       -0.008658        0.122510        0.260284
     C   16        0.181911        0.260284        0.301042

     C   17        0.347107       -0.021804        0.420654
     C   17       -0.021804       -0.048988       -0.235766
     C   17        0.420654       -0.235766       -0.298119

     Cl  18        0.846133        0.000254        0.174934
     Cl  18        0.000254        0.120427       -1.181230
     Cl  18        0.174934       -1.181230       -0.966559

     H   19       -0.083497       -0.002411        0.140818
     H   19       -0.002411        0.419507       -0.110514
     H   19        0.140818       -0.110514       -0.336010

     C   20       -0.732092       -0.251649       -0.406745
     C   20       -0.251649        0.841075       -0.395621
     C   20       -0.406745       -0.395621       -0.108983

     H   21        0.188849       -0.234100        0.526144
     H   21       -0.234100        0.135035       -0.129400
     H   21        0.526144       -0.129400       -0.323884

     C   22        0.170307        0.003165       -0.066897
     C   22        0.003165       -0.390758       -0.181573
     C   22       -0.066897       -0.181573        0.220450

     C   23       -0.592162       -0.336996       -0.254887
     C   23       -0.336996        0.556260       -0.539043
     C   23       -0.254887       -0.539043        0.035902

     Cl  24       -0.443172        1.581609       -0.457577
     Cl  24        1.581609       -1.374207       -0.424911
     Cl  24       -0.457577       -0.424911        1.817379

     ----- total EFG (symmetrized) -----
     Cl   1        0.178703       -1.021795        0.649930
     Cl   1       -1.021795       -0.771364        0.384809
     Cl   1        0.649930        0.384809        0.592661

     C    2        0.100150        0.064060        0.188710
     C    2        0.064060       -0.266988        0.062216
     C    2        0.188710        0.062216        0.166838

     C    3        0.231306        0.234352       -0.120716
     C    3        0.234352       -0.215587       -0.035922
     C    3       -0.120716       -0.035922       -0.015719

     H    4        0.246891        0.424640        0.483999
     H    4        0.424640        0.233241        0.044898
     H    4        0.483999        0.044898       -0.480132

     C    5       -0.240766        0.255582       -0.048058
     C    5        0.255582        0.451896        0.244291
     C    5       -0.048058        0.244291       -0.211129

     H    6       -0.685487        0.041347       -0.164084
     H    6        0.041347        0.701337       -0.000211
     H    6       -0.164084       -0.000211       -0.015850

     H    7       -0.111616        0.216584        0.021122
     H    7        0.216584       -0.014194       -0.479663
     H    7        0.021122       -0.479663        0.125810

     C    8        0.301339       -0.352786       -0.003754
     C    8       -0.352786        0.105311        0.168693
     C    8       -0.003754        0.168693       -0.406650

     H    9        0.358673        0.260051        0.653211
     H    9        0.260051       -0.439076       -0.303672
     H    9        0.653211       -0.303672        0.080402

     C   10       -0.070342        0.078526        0.028192
     C   10        0.078526        0.160370       -0.407441
     C   10        0.028192       -0.407441       -0.090028

     C   11        0.303327        0.053220       -0.128163
     C   11        0.053220        0.305292        0.311096
     C   11       -0.128163        0.311096       -0.608619

     Cl  12       -0.586467        0.088894       -0.371077
     Cl  12        0.088894        0.172771        1.145757
     Cl  12       -0.371077        1.145757        0.413695

     H   13       -0.305661        0.085012       -0.173357
     H   13        0.085012        0.262615        0.624466
     H   13       -0.173357        0.624466        0.043046

     C   14        0.256460       -0.419941       -0.088662
     C   14       -0.419941       -0.136620        0.034518
     C   14       -0.088662        0.034518       -0.119840

     H   15        0.261032        0.300503        0.447764
     H   15        0.300503       -0.499192        0.121286
     H   15        0.447764        0.121286        0.238161

     C   16       -0.423552       -0.008658        0.181911
     C   16       -0.008658        0.122510        0.260284
     C   16        0.181911        0.260284        0.301042

     C   17        0.347107       -0.021804        0.420654
     C   17       -0.021804       -0.048988       -0.235766
     C   17        0.420654       -0.235766       -0.298119

     Cl  18        0.846133        0.000254        0.174934
     Cl  18        0.000254        0.120427       -1.181230
     Cl  18        0.174934       -1.181230       -0.966559

     H   19       -0.083497       -0.002411        0.140818
     H   19       -0.002411        0.419507       -0.110514
     H   19        0.140818       -0.110514       -0.336010

     C   20       -0.732092       -0.251649       -0.406745
     C   20       -0.251649        0.841075       -0.395621
     C   20       -0.406745       -0.395621       -0.108983

     H   21        0.188849       -0.234100        0.526144
     H   21       -0.234100        0.135035       -0.129400
     H   21        0.526144       -0.129400       -0.323884

     C   22        0.170307        0.003165       -0.066897
     C   22        0.003165       -0.390758       -0.181573
     C   22       -0.066897       -0.181573        0.220450

     C   23       -0.592162       -0.336996       -0.254887
     C   23       -0.336996        0.556260       -0.539043
     C   23       -0.254887       -0.539043        0.035902

     Cl  24       -0.443172        1.581609       -0.457577
     Cl  24        1.581609       -1.374207       -0.424911
     Cl  24       -0.457577       -0.424911        1.817379


     NQR/NMR SPECTROSCOPIC PARAMETERS:
     Cl   1    Vxx=    0.4893    axis=( -0.448251  0.572789  0.686283)
     Cl   1    Vyy=    1.1424    axis=( -0.706387  0.243509 -0.664621)
     Cl   1    Vzz=   -1.6318    axis=(  0.547804  0.782698 -0.295457)
     Cl   1  Q=        -8.1650 1e-30 m^2  Cq=        31.3047 MHz  eta= 0.40025

     C    2    Vxx=   -0.0578    axis=(  0.759630  0.039552 -0.649151)
     C    2    Vyy=   -0.2804    axis=( -0.124211  0.988598 -0.085116)
     C    2    Vzz=    0.3382    axis=(  0.638384  0.145288  0.755882)
     C    2  Q=         1.0000 1e-30 m^2  Cq=         0.7946 MHz  eta= 0.65829

     C    3    Vxx=   -0.0554    axis=(  0.261548  0.169516  0.950188)
     C    3    Vyy=   -0.3167    axis=( -0.402376  0.913979 -0.052299)
     C    3    Vzz=    0.3721    axis=( -0.877318 -0.368654  0.307259)
     C    3  Q=         1.0000 1e-30 m^2  Cq=         0.8742 MHz  eta= 0.70244

     H    4    Vxx=   -0.0378    axis=(  0.456411 -0.784509  0.419803)
     H    4    Vyy=   -0.7482    axis=(  0.489434 -0.172661 -0.854776)
     H    4    Vzz=    0.7860    axis=(  0.743063  0.595595  0.305161)
     H    4  Q=         1.0000 1e-30 m^2  Cq=         1.8468 MHz  eta= 0.90374

     C    5    Vxx=   -0.1767    axis=( -0.659397 -0.023916  0.751414)
     C    5    Vyy=   -0.4188    axis=( -0.702442  0.375768 -0.604461)
     C    5    Vzz=    0.5956    axis=(  0.267901  0.926405  0.264580)
     C    5  Q=         1.0000 1e-30 m^2  Cq=         1.3994 MHz  eta= 0.40652

     H    6    Vxx=    0.0221    axis=( -0.225111  0.014006  0.974232)
     H    6    Vyy=    0.7026    axis=(  0.030634  0.999504 -0.007290)
     H    6    Vzz=   -0.7247    axis=( -0.973851  0.028203 -0.225429)
     H    6  Q=         1.0000 1e-30 m^2  Cq=        -1.7027 MHz  eta= 0.93911

     H    7    Vxx=   -0.0540    axis=( -0.887639 -0.195423 -0.417021)
     H    7    Vyy=   -0.5110    axis=(  0.418986 -0.718551 -0.555099)
     H    7    Vzz=    0.5650    axis=( -0.191172 -0.667454  0.719694)
     H    7  Q=         1.0000 1e-30 m^2  Cq=         1.3276 MHz  eta= 0.80883

     C    8    Vxx=   -0.1076    axis=(  0.604798  0.696881  0.385456)
     C    8    Vyy=   -0.4734    axis=( -0.162246 -0.366038  0.916347)
     C    8    Vzz=    0.5809    axis=(  0.779677 -0.616744 -0.108313)
     C    8  Q=         1.0000 1e-30 m^2  Cq=         1.3649 MHz  eta= 0.62972

     H    9    Vxx=   -0.0441    axis=( -0.435747 -0.711103  0.551776)
     H    9    Vyy=   -0.8434    axis=(  0.450919 -0.703028 -0.549931)
     H    9    Vzz=    0.8875    axis=(  0.778972  0.009176  0.626992)
     H    9  Q=         1.0000 1e-30 m^2  Cq=         2.0853 MHz  eta= 0.90064

     C   10    Vxx=   -0.0600    axis=(  0.975078  0.051539  0.215795)
     C   10    Vyy=   -0.4055    axis=( -0.204016  0.590501  0.780824)
     C   10    Vzz=    0.4655    axis=( -0.087184 -0.805390  0.586299)
     C   10  Q=         1.0000 1e-30 m^2  Cq=         1.0937 MHz  eta= 0.74241

     C   11    Vxx=    0.3198    axis=(  0.978581 -0.112124 -0.172651)
     C   11    Vyy=    0.4032    axis=(  0.156781  0.949426  0.272048)
     C   11    Vzz=   -0.7231    axis=(  0.133416 -0.293289  0.946669)
     C   11  Q=         1.0000 1e-30 m^2  Cq=        -1.6989 MHz  eta= 0.11531

     Cl  12    Vxx=   -0.3976    axis=( -0.822472 -0.481168  0.303344)
     Cl  12    Vyy=   -1.0709    axis=(  0.558681 -0.583194  0.589712)
     Cl  12    Vzz=    1.4685    axis=( -0.106843  0.654494  0.748480)
     Cl  12  Q=        -8.1650 1e-30 m^2  Cq=       -28.1734 MHz  eta= 0.45851

     H   13    Vxx=   -0.1880    axis=(  0.841857  0.376720 -0.386470)
     H   13    Vyy=   -0.6009    axis=( -0.537952  0.528131 -0.657027)
     H   13    Vzz=    0.7889    axis=(  0.043408 -0.761025 -0.647268)
     H   13  Q=         1.0000 1e-30 m^2  Cq=         1.8536 MHz  eta= 0.52329

     C   14    Vxx=   -0.1319    axis=(  0.082684 -0.132090  0.987783)
     C   14    Vyy=   -0.4050    axis=(  0.541162  0.838261  0.066796)
     C   14    Vzz=    0.5369    axis=( -0.836844  0.529028  0.140792)
     C   14  Q=         1.0000 1e-30 m^2  Cq=         1.2614 MHz  eta= 0.50870

     H   15    Vxx=   -0.1640    axis=( -0.602491 -0.268085  0.751754)
     H   15    Vyy=   -0.6053    axis=( -0.351136  0.934881  0.051973)
     H   15    Vzz=    0.7693    axis=( -0.716734 -0.232655 -0.657392)
     H   15  Q=         1.0000 1e-30 m^2  Cq=         1.8075 MHz  eta= 0.57375

     C   16    Vxx=   -0.0337    axis=(  0.253577 -0.825594  0.504076)
     C   16    Vyy=   -0.4756    axis=( -0.954809 -0.130104  0.267231)
     C   16    Vzz=    0.5094    axis=(  0.155042  0.549060  0.821277)
     C   16  Q=         1.0000 1e-30 m^2  Cq=         1.1969 MHz  eta= 0.86749

     C   17    Vxx=    0.0032    axis=(  0.342949  0.909947 -0.233201)
     C   17    Vyy=    0.5805    axis=( -0.860360  0.204627 -0.466806)
     C   17    Vzz=   -0.5837    axis=( -0.377050  0.360727  0.853059)
     C   17  Q=         1.0000 1e-30 m^2  Cq=        -1.3716 MHz  eta= 0.98898

     Cl  18    Vxx=    0.7712    axis=( -0.746891 -0.582474  0.320745)
     Cl  18    Vyy=    0.9606    axis=(  0.662484 -0.610359  0.434255)
     Cl  18    Vzz=   -1.7318    axis=( -0.057173  0.536830  0.841751)
     Cl  18  Q=        -8.1650 1e-30 m^2  Cq=        33.2232 MHz  eta= 0.10934

     H   19    Vxx=   -0.0254    axis=( -0.919114 -0.099673 -0.381176)
     H   19    Vyy=   -0.4110    axis=( -0.391403  0.120267  0.912326)
     H   19    Vzz=    0.4363    axis=( -0.045091  0.987725 -0.149551)
     H   19  Q=         1.0000 1e-30 m^2  Cq=         1.0252 MHz  eta= 0.88377

     C   20    Vxx=    0.0312    axis=( -0.517068  0.240595  0.821435)
     C   20    Vyy=    0.9905    axis=(  0.063376 -0.946287  0.317057)
     C   20    Vzz=   -1.0217    axis=(  0.853595  0.215999  0.474046)
     C   20  Q=         1.0000 1e-30 m^2  Cq=        -2.4005 MHz  eta= 0.93897

     H   21    Vxx=   -0.0019    axis=(  0.377131  0.889235  0.258909)
     H   21    Vyy=   -0.6531    axis=(  0.533795  0.019755 -0.845383)
     H   21    Vzz=    0.6550    axis=( -0.756859  0.457024 -0.467219)
     H   21  Q=         1.0000 1e-30 m^2  Cq=         1.5390 MHz  eta= 0.99412

     C   22    Vxx=    0.1383    axis=(  0.895956 -0.139365  0.421711)
     C   22    Vyy=    0.3027    axis=(  0.443481  0.228934 -0.866552)
     C   22    Vzz=   -0.4410    axis=(  0.024223  0.963414  0.266921)
     C   22  Q=         1.0000 1e-30 m^2  Cq=        -1.0361 MHz  eta= 0.37264

     C   23    Vxx=   -0.0343    axis=(  0.559308 -0.361657 -0.745908)
     C   23    Vyy=   -0.8766    axis=(  0.821848  0.359534  0.441929)
     C   23    Vzz=    0.9110    axis=( -0.108352  0.860197 -0.498317)
     C   23  Q=         1.0000 1e-30 m^2  Cq=         2.1404 MHz  eta= 0.92463

     Cl  24    Vxx=    0.4569    axis=(  0.734007  0.537732  0.414823)
     Cl  24    Vyy=    2.1015    axis=( -0.324498 -0.258883  0.909770)
     Cl  24    Vzz=   -2.5584    axis=( -0.596602  0.802387  0.015529)
     Cl  24  Q=        -8.1650 1e-30 m^2  Cq=        49.0818 MHz  eta= 0.64282

     Initialization:
     gipaw_setup  :      9.12s CPU     10.78s WALL (       1 calls)

     Linear response

     Apply operators

     Induced current

     Other routines
     efg          :      9.33s CPU     11.78s WALL (       1 calls)

     General routines
     calbec       :      3.29s CPU      4.30s WALL (      16 calls)
     fft          :      1.65s CPU      2.53s WALL (      15 calls)
     ffts         :      0.03s CPU      0.04s WALL (       2 calls)
     fftw         :      3.32s CPU      4.03s WALL (     672 calls)
     davcio       :      0.02s CPU      0.32s WALL (      32 calls)

     Parallel routines
     fft_scatter  :      2.23s CPU      3.52s WALL (     689 calls)

     Plugins

     GIPAW        :     62.66s CPU     73.34s WALL (       1 calls)
