
     Program QE v.6.0 (svn rev. 13079) starts on 27Dec2016 at 18:25:40 

     This program is part of the open-source Quantum ESPRESSO suite
     for quantum simulation of materials; please cite
         "P. Giannozzi et al., J. Phys.:Condens. Matter 21 395502 (2009);
          URL http://www.quantum-espresso.org", 
     in publications or presentations arising from this work. More details at
     http://www.quantum-espresso.org/quote

     Parallel version (MPI), running on     8 processors
     R & G space division:  proc/nbgrp/npool/nimage =       8

     ***** This is GIPAW svn revision unknown      *****

     Parallelizing q-star over 1 images

     Reading data from directory:
     /users/majewski/paradichlorobenzene/pbe/9_constraint/scratch/pbe.ecut100.np8.dt60.pcl2phi-129368.save
     Message from routine read_xml_file:
     file /users/majewski/paradichlorobenzene/pbe/9_constraint/scratch/pbe.ecut100.np8.dt60.pcl2phi-129368.save not guaranteed to be safe for post-processing

   Info: using nr1, nr2, nr3 values from input

   Info: using nr1, nr2, nr3 values from input

     IMPORTANT: XC functional enforced from input :
     Exchange-correlation      =  SLA  PW   PBX  PBC ( 1  4  3  4 0 0)
     Any further DFT definition will be discarded
     Please, verify this is what you really want

               file C.pbe-n-kjpaw_psl.1.0.0.UPF: wavefunction(s)  2S 2P renormalized
               file Cl.pbe-n-kjpaw_psl.1.0.0.UPF: wavefunction(s)  3S 3P renormalized
               file H.pbe-kjpaw_psl.1.0.0.UPF: wavefunction(s)  1S renormalized

     Parallelization info
     --------------------
     sticks:   dense  smooth     PW     G-vecs:    dense   smooth      PW
     Min        3057    1223    332               144436    36536    5170
     Max        3059    1225    333               144437    36537    5171
     Sum       24467    9791   2657              1155489   292295   41363


     Subspace diagonalization in iterative solution of the eigenvalue problem:
     a serial algorithm will be used

     GIPAW projectors -----------------------------------------------
     atom=  C    l=0  rc=    1.2000  rs=    0.8000
     atom=  C    l=0  rc=    1.2000  rs=    0.8000
     atom=  C    l=1  rc=    1.4000  rs=    0.9333
     atom=  C    l=1  rc=    1.4000  rs=    0.9333
     projs nearly linearly dependent: l=1  n1,n2= 1, 2  s=  0.99951561

     atom=  Cl   l=0  rc=    1.6000  rs=    1.0667
     atom=  Cl   l=0  rc=    1.6000  rs=    1.0667
     atom=  Cl   l=1  rc=    1.6000  rs=    1.0667
     atom=  Cl   l=1  rc=    1.6000  rs=    1.0667
     atom=  Cl   l=2  rc=    1.6000  rs=    1.0667
     atom=  Cl   l=2  rc=    1.6000  rs=    1.0667
     projs nearly linearly dependent: l=2  n1,n2= 1, 2  s=  0.99993509

     atom=  H    l=0  rc=    1.0000  rs=    0.6667
     atom=  H    l=0  rc=    1.0000  rs=    0.6667
     projs nearly linearly dependent: l=0  n1,n2= 1, 2  s=  0.99968852
     -----------------------------------------------------------------

     GIPAW integrals: -------------------------------------------
     Atom  i/j   nmr_para   nmr_dia   epr_rmc  epr_para   epr_dia
       C   1 1   0.83E+03  0.17E-01  0.93E+01  0.24E+08  0.24E+03
       C   2 1   0.86E+03 -0.61E-01  0.94E+01  0.25E+08  0.25E+03
       C   2 2   0.90E+03 -0.15E+00  0.97E+01  0.26E+08  0.26E+03
       C   3 3   0.33E+01  0.34E+00  0.18E+01  0.55E+03  0.21E+02
       C   4 3   0.35E+01  0.37E+00  0.20E+01  0.59E+03  0.22E+02
       C   4 4   0.38E+01  0.39E+00  0.22E+01  0.63E+03  0.24E+02
       Cl  1 1   0.14E+04 -0.47E+00  0.84E+01  0.32E+09  0.42E+03
       Cl  2 1   0.21E+04 -0.37E+00  0.12E+02  0.49E+09  0.65E+03
       Cl  2 2   0.33E+04 -0.16E+00  0.21E+02  0.76E+09  0.10E+04
       Cl  3 3   0.21E+02  0.79E-01  0.89E+01  0.23E+05  0.13E+03
       Cl  4 3   0.24E+02  0.67E-01  0.99E+01  0.27E+05  0.15E+03
       Cl  4 4   0.28E+02  0.44E-01  0.11E+02  0.32E+05  0.18E+03
       Cl  5 5   0.77E+00  0.19E+00  0.18E+01  0.12E+03  0.22E+02
       Cl  6 5   0.80E+00  0.19E+00  0.19E+01  0.12E+03  0.23E+02
       Cl  6 6   0.83E+00  0.20E+00  0.19E+01  0.12E+03  0.23E+02
       H   1 1   0.39E+02  0.19E+00  0.29E+00  0.78E+05  0.13E+02
       H   2 1   0.41E+02  0.21E+00  0.32E+00  0.82E+05  0.14E+02
       H   2 2   0.43E+02  0.22E+00  0.36E+00  0.86E+05  0.15E+02
     ------------------------------------------------------------

     alpha_pv=     34.0831 eV

     Number of occupied bands for each k-point:
     k-point:     1    nbnd_occ=  42
     k-point:     2    nbnd_occ=  42
     k-point:     3    nbnd_occ=  42
     k-point:     4    nbnd_occ=  42
     k-point:     5    nbnd_occ=  42
     k-point:     6    nbnd_occ=  42
     k-point:     7    nbnd_occ=  42
     k-point:     8    nbnd_occ=  42
     k-point:     9    nbnd_occ=  42
     k-point:    10    nbnd_occ=  42
     k-point:    11    nbnd_occ=  42
     k-point:    12    nbnd_occ=  42
     k-point:    13    nbnd_occ=  42
     k-point:    14    nbnd_occ=  42
     k-point:    15    nbnd_occ=  42
     k-point:    16    nbnd_occ=  42


     q-space interpolation up to   110.00 Rydberg

     GIPAW job: efg                                                                             


     ELECTRIC FIELD GRADIENTS TENSORS IN Hartree/bohrradius^2:

     ----- bare term -----
     Cl   1       -0.046168        0.203323       -0.136818
     Cl   1        0.203323       -0.001889       -0.120851
     Cl   1       -0.136818       -0.120851        0.048058

     C    2       -0.079931        0.108711       -0.576374
     C    2        0.108711       -0.018471       -0.459158
     C    2       -0.576374       -0.459158        0.098402

     C    3       -0.002571        0.491777       -0.252859
     C    3        0.491777       -0.302969       -0.444380
     C    3       -0.252859       -0.444380        0.305541

     H    4        0.005744       -0.141543       -0.388896
     H    4       -0.141543        0.395980        0.120768
     H    4       -0.388896        0.120768       -0.401724

     C    5       -0.374787        0.237531       -0.453436
     C    5        0.237531        0.023433       -0.408280
     C    5       -0.453436       -0.408280        0.351354

     H    6        0.347811       -0.002186        0.143471
     H    6       -0.002186       -0.210919       -0.507117
     H    6        0.143471       -0.507117       -0.136892

     H    7        0.422092       -0.075322       -0.040406
     H    7       -0.075322       -0.744719        0.259486
     H    7       -0.040406        0.259486        0.322627

     C    8       -0.225650        0.188803       -0.364924
     C    8        0.188803        0.028013        0.569157
     C    8       -0.364924        0.569157        0.197638

     H    9       -0.261585        0.491081       -0.032838
     H    9        0.491081       -0.009371       -0.188435
     H    9       -0.032838       -0.188435        0.270956

     C   10       -0.405168       -0.347577       -0.013386
     C   10       -0.347577       -0.061406        0.499627
     C   10       -0.013386        0.499627        0.466574

     C   11       -0.079242        0.270701       -0.388646
     C   11        0.270701       -0.084266        0.649744
     C   11       -0.388646        0.649744        0.163508

     Cl  12       -0.212686       -0.140087        0.062562
     Cl  12       -0.140087       -0.072262        0.131091
     Cl  12        0.062562        0.131091        0.284948

     H   13        0.297188       -0.149902       -0.172174
     H   13       -0.149902       -0.346442       -0.525298
     H   13       -0.172174       -0.525298        0.049254

     C   14       -0.175244        0.413848       -0.119089
     C   14        0.413848       -0.266243       -0.384507
     C   14       -0.119089       -0.384507        0.441487

     H   15       -0.011775       -0.130258       -0.531473
     H   15       -0.130258        0.469067       -0.141035
     H   15       -0.531473       -0.141035       -0.457292

     C   16       -0.367176        0.134839       -0.243363
     C   16        0.134839       -0.125551       -0.426001
     C   16       -0.243363       -0.426001        0.492727

     C   17       -0.076468        0.169217       -0.224579
     C   17        0.169217       -0.280819       -0.499220
     C   17       -0.224579       -0.499220        0.357287

     Cl  18       -0.144765        0.023532       -0.001505
     Cl  18        0.023532       -0.123088        0.007138
     Cl  18       -0.001505        0.007138        0.267853

     H   19        0.389776        0.018967       -0.160106
     H   19        0.018967       -0.348572        0.493099
     H   19       -0.160106        0.493099       -0.041203

     C   20       -0.449410       -0.327622       -0.348264
     C   20       -0.327622       -0.005020        0.186012
     C   20       -0.348264        0.186012        0.454430

     H   21       -0.728504        0.234092        0.006602
     H   21        0.234092        0.422103        0.110723
     H   21        0.006602        0.110723        0.306401

     C   22        0.074153        0.055613       -0.471358
     C   22        0.055613       -0.300605        0.512524
     C   22       -0.471358        0.512524        0.226452

     C   23       -0.365400       -0.215255       -0.386949
     C   23       -0.215255       -0.102644        0.344784
     C   23       -0.386949        0.344784        0.468044

     Cl  24        0.019963       -0.028536       -0.136421
     Cl  24       -0.028536       -0.027796        0.091216
     Cl  24       -0.136421        0.091216        0.007833

     ----- ionic term -----
     Cl   1        0.130939       -0.206784        0.027334
     Cl   1       -0.206784        0.012524       -0.007857
     Cl   1        0.027334       -0.007857       -0.143463

     C    2        0.151101       -0.231558        0.337732
     C    2       -0.231558        0.053102        0.354173
     C    2        0.337732        0.354173       -0.204203

     C    3        0.107209       -0.312748        0.254685
     C    3       -0.312748        0.159265        0.334932
     C    3        0.254685        0.334932       -0.266474

     H    4        0.527238        0.199223        0.752943
     H    4        0.199223       -0.466060        0.208822
     H    4        0.752943        0.208822       -0.061177

     C    5        0.179759       -0.262991        0.321452
     C    5       -0.262991        0.086100        0.269661
     C    5        0.321452        0.269661       -0.265859

     H    6       -0.535128        0.039649        0.037247
     H    6        0.039649        0.606252        0.734067
     H    6        0.037247        0.734067       -0.071124

     H    7       -0.522431       -0.106023        0.047552
     H    7       -0.106023        0.709987       -0.691936
     H    7        0.047552       -0.691936       -0.187556

     C    8        0.343966        0.069622        0.177453
     C    8        0.069622        0.090614       -0.327043
     C    8        0.177453       -0.327043       -0.434579

     H    9        0.783734       -0.475202        0.396774
     H    9       -0.475202       -0.311772       -0.196474
     H    9        0.396774       -0.196474       -0.471962

     C   10        0.217501        0.150841        0.092266
     C   10        0.150841        0.218880       -0.357900
     C   10        0.092266       -0.357900       -0.436381

     C   11        0.278967        0.113554        0.210310
     C   11        0.113554        0.117603       -0.381969
     C   11        0.210310       -0.381969       -0.396570

     Cl  12        0.139594        0.190545       -0.018944
     Cl  12        0.190545       -0.002874       -0.022516
     Cl  12       -0.018944       -0.022516       -0.136720

     H   13       -0.516368        0.026095        0.044899
     H   13        0.026095        0.641015        0.711642
     H   13        0.044899        0.711642       -0.124647

     C   14        0.248697       -0.310672        0.355719
     C   14       -0.310672        0.039854        0.247956
     C   14        0.355719        0.247956       -0.288551

     H   15        0.395315        0.262394        0.760343
     H   15        0.262394       -0.447999        0.280303
     H   15        0.760343        0.280303        0.052684

     C   16        0.100953       -0.312624        0.264109
     C   16       -0.312624        0.155627        0.367827
     C   16        0.264109        0.367827       -0.256580

     C   17        0.117248       -0.221646        0.342930
     C   17       -0.221646        0.090906        0.368775
     C   17        0.342930        0.368775       -0.208154

     Cl  18        0.117809       -0.225727        0.039148
     Cl  18       -0.225727        0.029983       -0.026280
     Cl  18        0.039148       -0.026280       -0.147792

     H   19       -0.503474        0.002216        0.012794
     H   19        0.002216        0.466458       -0.781770
     H   19        0.012794       -0.781770        0.037016

     C   20        0.396827        0.163960        0.214039
     C   20        0.163960       -0.042780       -0.328323
     C   20        0.214039       -0.328323       -0.354047

     H   21        0.689687       -0.370509        0.559138
     H   21       -0.370509       -0.413585       -0.242883
     H   21        0.559138       -0.242883       -0.276102

     C   22        0.241567        0.171129        0.146312
     C   22        0.171129        0.113029       -0.385601
     C   22        0.146312       -0.385601       -0.354596

     C   23        0.325227        0.060682        0.214196
     C   23        0.060682        0.086316       -0.404137
     C   23        0.214196       -0.404137       -0.411543

     Cl  24        0.163584        0.223512       -0.004786
     Cl  24        0.223512       -0.006956       -0.007323
     Cl  24       -0.004786       -0.007323       -0.156628

     ----- GIPAW term -----
     Cl   1        0.984735       -0.141002       -1.423759
     Cl   1       -0.141002        0.235509       -1.417449
     Cl   1       -1.423759       -1.417449       -1.220244

     C    2        0.136474        0.050700       -0.175582
     C    2        0.050700        0.001705       -0.118522
     C    2       -0.175582       -0.118522       -0.138179

     C    3        0.038418        0.159410       -0.174452
     C    3        0.159410       -0.088710       -0.136996
     C    3       -0.174452       -0.136996        0.050291

     H    4       -0.000000        0.000000        0.000000
     H    4        0.000000        0.000000        0.000000
     H    4        0.000000        0.000000        0.000000

     C    5       -0.026601        0.088268       -0.132321
     C    5        0.088268       -0.021260       -0.119873
     C    5       -0.132321       -0.119873        0.047861

     H    6       -0.000000        0.000000        0.000000
     H    6        0.000000        0.000000        0.000000
     H    6        0.000000        0.000000        0.000000

     H    7       -0.000000        0.000000        0.000000
     H    7        0.000000        0.000000        0.000000
     H    7        0.000000        0.000000        0.000000

     C    8       -0.050493        0.162798       -0.019654
     C    8        0.162798        0.125487        0.184718
     C    8       -0.019654        0.184718       -0.074995

     H    9       -0.000000        0.000000        0.000000
     H    9        0.000000        0.000000        0.000000
     H    9        0.000000        0.000000        0.000000

     C   10       -0.154765        0.028603        0.062005
     C   10        0.028603        0.095731        0.208460
     C   10        0.062005        0.208460        0.059033

     C   11        0.076044        0.248006       -0.026771
     C   11        0.248006        0.015807        0.143613
     C   11       -0.026771        0.143613       -0.091852

     Cl  12       -0.304299        1.607247        0.581466
     Cl  12        1.607247       -0.690405        1.354498
     Cl  12        0.581466        1.354498        0.994705

     H   13       -0.000000        0.000000        0.000000
     H   13        0.000000        0.000000        0.000000
     H   13        0.000000        0.000000        0.000000

     C   14        0.097902        0.051427        0.054097
     C   14        0.051427       -0.124478       -0.080133
     C   14        0.054097       -0.080133        0.026575

     H   15       -0.000000        0.000000        0.000000
     H   15        0.000000        0.000000        0.000000
     H   15        0.000000        0.000000        0.000000

     C   16       -0.140061       -0.015753        0.026350
     C   16       -0.015753       -0.072758       -0.083759
     C   16        0.026350       -0.083759        0.212819

     C   17        0.072903       -0.083406        0.006871
     C   17       -0.083406       -0.068533       -0.055068
     C   17        0.006871       -0.055068       -0.004370

     Cl  18       -0.219039       -1.875094        0.220187
     Cl  18       -1.875094       -1.216610       -0.036861
     Cl  18        0.220187       -0.036861        1.435649

     H   19       -0.000000        0.000000        0.000000
     H   19        0.000000        0.000000        0.000000
     H   19        0.000000        0.000000        0.000000

     C   20       -0.006075        0.054838       -0.100379
     C   20        0.054838        0.002997       -0.035402
     C   20       -0.100379       -0.035402        0.003079

     H   21       -0.000000        0.000000        0.000000
     H   21        0.000000        0.000000        0.000000
     H   21        0.000000        0.000000        0.000000

     C   22        0.152424        0.073223       -0.229011
     C   22        0.073223       -0.126438        0.055373
     C   22       -0.229011        0.055373       -0.025986

     C   23        0.006897        0.098050       -0.172582
     C   23        0.098050       -0.076162        0.006430
     C   23       -0.172582        0.006430        0.069265

     Cl  24        1.525836        1.629494       -1.306085
     Cl  24        1.629494       -0.349687        0.769042
     Cl  24       -1.306085        0.769042       -1.176149

     ----- total EFG -----
     Cl   1        1.069505       -0.144463       -1.533243
     Cl   1       -0.144463        0.246144       -1.546157
     Cl   1       -1.533243       -1.546157       -1.315649

     C    2        0.207645       -0.072148       -0.414223
     C    2       -0.072148        0.036336       -0.223507
     C    2       -0.414223       -0.223507       -0.243981

     C    3        0.143056        0.338440       -0.172626
     C    3        0.338440       -0.232414       -0.246444
     C    3       -0.172626       -0.246444        0.089358

     H    4        0.532982        0.057681        0.364046
     H    4        0.057681       -0.070081        0.329590
     H    4        0.364046        0.329590       -0.462901

     C    5       -0.221630        0.062809       -0.264305
     C    5        0.062809        0.088274       -0.258492
     C    5       -0.264305       -0.258492        0.133356

     H    6       -0.187317        0.037463        0.180718
     H    6        0.037463        0.395333        0.226950
     H    6        0.180718        0.226950       -0.208016

     H    7       -0.100338       -0.181345        0.007146
     H    7       -0.181345       -0.034732       -0.432450
     H    7        0.007146       -0.432450        0.135071

     C    8        0.067823        0.421222       -0.207125
     C    8        0.421222        0.244113        0.426832
     C    8       -0.207125        0.426832       -0.311936

     H    9        0.522149        0.015879        0.363935
     H    9        0.015879       -0.321144       -0.384909
     H    9        0.363935       -0.384909       -0.201005

     C   10       -0.342431       -0.168132        0.140885
     C   10       -0.168132        0.253205        0.350187
     C   10        0.140885        0.350187        0.089226

     C   11        0.275769        0.632261       -0.205106
     C   11        0.632261        0.049145        0.411389
     C   11       -0.205106        0.411389       -0.324914

     Cl  12       -0.377391        1.657706        0.625084
     Cl  12        1.657706       -0.765541        1.463073
     Cl  12        0.625084        1.463073        1.142933

     H   13       -0.219180       -0.123807       -0.127275
     H   13       -0.123807        0.294572        0.186344
     H   13       -0.127275        0.186344       -0.075393

     C   14        0.171355        0.154604        0.290728
     C   14        0.154604       -0.350867       -0.216683
     C   14        0.290728       -0.216683        0.179511

     H   15        0.383540        0.132136        0.228870
     H   15        0.132136        0.021068        0.139267
     H   15        0.228870        0.139267       -0.404608

     C   16       -0.406284       -0.193538        0.047096
     C   16       -0.193538       -0.042682       -0.141933
     C   16        0.047096       -0.141933        0.448966

     C   17        0.113683       -0.135836        0.125222
     C   17       -0.135836       -0.258447       -0.185513
     C   17        0.125222       -0.185513        0.144764

     Cl  18       -0.245995       -2.077290        0.257830
     Cl  18       -2.077290       -1.309716       -0.056003
     Cl  18        0.257830       -0.056003        1.555710

     H   19       -0.113699        0.021183       -0.147312
     H   19        0.021183        0.117886       -0.288671
     H   19       -0.147312       -0.288671       -0.004188

     C   20       -0.058658       -0.108824       -0.234605
     C   20       -0.108824       -0.044804       -0.177714
     C   20       -0.234605       -0.177714        0.103462

     H   21       -0.038817       -0.136416        0.565741
     H   21       -0.136416        0.008518       -0.132160
     H   21        0.565741       -0.132160        0.030299

     C   22        0.468143        0.299965       -0.554056
     C   22        0.299965       -0.314014        0.182296
     C   22       -0.554056        0.182296       -0.154130

     C   23       -0.033276       -0.056523       -0.345335
     C   23       -0.056523       -0.092490       -0.052923
     C   23       -0.345335       -0.052923        0.125766

     Cl  24        1.709383        1.824470       -1.447292
     Cl  24        1.824470       -0.384439        0.852936
     Cl  24       -1.447292        0.852936       -1.324944

     ----- total EFG (symmetrized) -----
     Cl   1        1.069505       -0.144463       -1.533243
     Cl   1       -0.144463        0.246144       -1.546157
     Cl   1       -1.533243       -1.546157       -1.315649

     C    2        0.207645       -0.072148       -0.414223
     C    2       -0.072148        0.036336       -0.223507
     C    2       -0.414223       -0.223507       -0.243981

     C    3        0.143056        0.338440       -0.172626
     C    3        0.338440       -0.232414       -0.246444
     C    3       -0.172626       -0.246444        0.089358

     H    4        0.532982        0.057681        0.364046
     H    4        0.057681       -0.070081        0.329590
     H    4        0.364046        0.329590       -0.462901

     C    5       -0.221630        0.062809       -0.264305
     C    5        0.062809        0.088274       -0.258492
     C    5       -0.264305       -0.258492        0.133356

     H    6       -0.187317        0.037463        0.180718
     H    6        0.037463        0.395333        0.226950
     H    6        0.180718        0.226950       -0.208016

     H    7       -0.100338       -0.181345        0.007146
     H    7       -0.181345       -0.034732       -0.432450
     H    7        0.007146       -0.432450        0.135071

     C    8        0.067823        0.421222       -0.207125
     C    8        0.421222        0.244113        0.426832
     C    8       -0.207125        0.426832       -0.311936

     H    9        0.522149        0.015879        0.363935
     H    9        0.015879       -0.321144       -0.384909
     H    9        0.363935       -0.384909       -0.201005

     C   10       -0.342431       -0.168132        0.140885
     C   10       -0.168132        0.253205        0.350187
     C   10        0.140885        0.350187        0.089226

     C   11        0.275769        0.632261       -0.205106
     C   11        0.632261        0.049145        0.411389
     C   11       -0.205106        0.411389       -0.324914

     Cl  12       -0.377391        1.657706        0.625084
     Cl  12        1.657706       -0.765541        1.463073
     Cl  12        0.625084        1.463073        1.142933

     H   13       -0.219180       -0.123807       -0.127275
     H   13       -0.123807        0.294572        0.186344
     H   13       -0.127275        0.186344       -0.075393

     C   14        0.171355        0.154604        0.290728
     C   14        0.154604       -0.350867       -0.216683
     C   14        0.290728       -0.216683        0.179511

     H   15        0.383540        0.132136        0.228870
     H   15        0.132136        0.021068        0.139267
     H   15        0.228870        0.139267       -0.404608

     C   16       -0.406284       -0.193538        0.047096
     C   16       -0.193538       -0.042682       -0.141933
     C   16        0.047096       -0.141933        0.448966

     C   17        0.113683       -0.135836        0.125222
     C   17       -0.135836       -0.258447       -0.185513
     C   17        0.125222       -0.185513        0.144764

     Cl  18       -0.245995       -2.077290        0.257830
     Cl  18       -2.077290       -1.309716       -0.056003
     Cl  18        0.257830       -0.056003        1.555710

     H   19       -0.113699        0.021183       -0.147312
     H   19        0.021183        0.117886       -0.288671
     H   19       -0.147312       -0.288671       -0.004188

     C   20       -0.058658       -0.108824       -0.234605
     C   20       -0.108824       -0.044804       -0.177714
     C   20       -0.234605       -0.177714        0.103462

     H   21       -0.038817       -0.136416        0.565741
     H   21       -0.136416        0.008518       -0.132160
     H   21        0.565741       -0.132160        0.030299

     C   22        0.468143        0.299965       -0.554056
     C   22        0.299965       -0.314014        0.182296
     C   22       -0.554056        0.182296       -0.154130

     C   23       -0.033276       -0.056523       -0.345335
     C   23       -0.056523       -0.092490       -0.052923
     C   23       -0.345335       -0.052923        0.125766

     Cl  24        1.709383        1.824470       -1.447292
     Cl  24        1.824470       -0.384439        0.852936
     Cl  24       -1.447292        0.852936       -1.324944


     NQR/NMR SPECTROSCOPIC PARAMETERS:
     Cl   1    Vxx=    0.7258    axis=(  0.550964 -0.810243  0.199862)
     Cl   1    Vyy=    2.0527    axis=(  0.759149  0.387145 -0.523271)
     Cl   1    Vzz=   -2.7784    axis=(  0.346601  0.440028  0.828398)
     Cl   1  Q=        -8.1650 1e-30 m^2  Cq=        53.3030 MHz  eta= 0.47757

     C    2    Vxx=    0.1150    axis=(  0.301349 -0.925701  0.228618)
     C    2    Vyy=    0.4609    axis=(  0.833786  0.139504 -0.534172)
     C    2    Vzz=   -0.5760    axis=(  0.462590  0.351591  0.813876)
     C    2  Q=         1.0000 1e-30 m^2  Cq=        -1.3533 MHz  eta= 0.60060

     C    3    Vxx=   -0.0569    axis=(  0.604311  0.048624  0.795264)
     C    3    Vyy=   -0.4654    axis=( -0.412084  0.873340  0.259740)
     C    3    Vzz=    0.5223    axis=( -0.681906 -0.484679  0.547806)
     C    3  Q=         1.0000 1e-30 m^2  Cq=         1.2272 MHz  eta= 0.78217

     H    4    Vxx=    0.0322    axis=(  0.342980 -0.878481 -0.332620)
     H    4    Vyy=    0.6877    axis=(  0.909520  0.222057  0.351375)
     H    4    Vzz=   -0.7199    axis=( -0.234816 -0.423040  0.875157)
     H    4  Q=         1.0000 1e-30 m^2  Cq=        -1.6915 MHz  eta= 0.91056

     C    5    Vxx=   -0.0823    axis=( -0.436467  0.796065  0.419258)
     C    5    Vyy=   -0.3746    axis=( -0.832144 -0.179994 -0.524537)
     C    5    Vzz=    0.4569    axis=( -0.342102 -0.577826  0.741002)
     C    5  Q=         1.0000 1e-30 m^2  Cq=         1.0736 MHz  eta= 0.63978

     H    6    Vxx=   -0.0788    axis=(  0.782305 -0.318126  0.535532)
     H    6    Vyy=   -0.4058    axis=(  0.606094  0.190426 -0.772262)
     H    6    Vzz=    0.4847    axis=(  0.143697  0.928727  0.341785)
     H    6  Q=         1.0000 1e-30 m^2  Cq=         1.1387 MHz  eta= 0.67465

     H    7    Vxx=   -0.0692    axis=( -0.903766  0.170531  0.392589)
     H    7    Vyy=   -0.4461    axis=( -0.379142 -0.744608 -0.549372)
     H    7    Vzz=    0.5154    axis=(  0.198640 -0.645351  0.737607)
     H    7  Q=         1.0000 1e-30 m^2  Cq=         1.2109 MHz  eta= 0.73135

     C    8    Vxx=    0.0996    axis=(  0.729977 -0.256515 -0.633509)
     C    8    Vyy=    0.6400    axis=( -0.511008 -0.820368 -0.256645)
     C    8    Vzz=   -0.7396    axis=( -0.453877  0.511074 -0.729931)
     C    8  Q=         1.0000 1e-30 m^2  Cq=        -1.7377 MHz  eta= 0.73077

     H    9    Vxx=    0.0113    axis=(  0.398496  0.702197 -0.590017)
     H    9    Vyy=    0.6935    axis=(  0.892253 -0.147876  0.426634)
     H    9    Vzz=   -0.7048    axis=( -0.212332  0.696456  0.685466)
     H    9  Q=         1.0000 1e-30 m^2  Cq=        -1.6560 MHz  eta= 0.96798

     C   10    Vxx=   -0.0383    axis=( -0.572151  0.473991 -0.669311)
     C   10    Vyy=   -0.4949    axis=( -0.818344 -0.384043  0.427579)
     C   10    Vzz=    0.5333    axis=( -0.054376  0.792366  0.607618)
     C   10  Q=         1.0000 1e-30 m^2  Cq=         1.2530 MHz  eta= 0.85623

     C   11    Vxx=    0.0427    axis=( -0.495974  0.427925  0.755572)
     C   11    Vyy=    0.8163    axis=( -0.738206 -0.665972 -0.107395)
     C   11    Vzz=   -0.8590    axis=(  0.457233 -0.611033  0.646202)
     C   11  Q=         1.0000 1e-30 m^2  Cq=        -2.0184 MHz  eta= 0.90055

     Cl  12    Vxx=   -0.2125    axis=( -0.684904 -0.315740  0.656669)
     Cl  12    Vyy=   -2.3963    axis=( -0.576375  0.786120 -0.223175)
     Cl  12    Vzz=    2.6088    axis=( -0.445756 -0.531341 -0.720402)
     Cl  12  Q=        -8.1650 1e-30 m^2  Cq=       -50.0488 MHz  eta= 0.83709

     H   13    Vxx=   -0.1209    axis=(  0.413212  0.472334 -0.778561)
     H   13    Vyy=   -0.2939    axis=(  0.874950  0.031065  0.483216)
     H   13    Vzz=    0.4148    axis=(  0.252426 -0.880872 -0.400432)
     H   13  Q=         1.0000 1e-30 m^2  Cq=         0.9745 MHz  eta= 0.41705

     C   14    Vxx=    0.0529    axis=(  0.640154  0.538953 -0.547479)
     C   14    Vyy=    0.4692    axis=(  0.679600 -0.064951  0.730701)
     C   14    Vzz=   -0.5220    axis=(  0.358254 -0.839828 -0.407851)
     C   14  Q=         1.0000 1e-30 m^2  Cq=        -1.2266 MHz  eta= 0.79742

     H   15    Vxx=   -0.0150    axis=(  0.370154 -0.922170 -0.112200)
     H   15    Vyy=   -0.4872    axis=(  0.219750  0.204270 -0.953931)
     H   15    Vzz=    0.5022    axis=(  0.902605  0.328446  0.278258)
     H   15  Q=         1.0000 1e-30 m^2  Cq=         1.1799 MHz  eta= 0.94016

     C   16    Vxx=   -0.0075    axis=( -0.385245  0.869188  0.309997)
     C   16    Vyy=   -0.4902    axis=( -0.916050 -0.400796 -0.014634)
     C   16    Vzz=    0.4977    axis=(  0.111526 -0.289610  0.950625)
     C   16  Q=         1.0000 1e-30 m^2  Cq=         1.1695 MHz  eta= 0.96977

     C   17    Vxx=    0.0040    axis=( -0.774913 -0.044598  0.630492)
     C   17    Vyy=    0.3428    axis=(  0.601917 -0.356475  0.714578)
     C   17    Vzz=   -0.3468    axis=(  0.192886  0.933240  0.303081)
     C   17  Q=         1.0000 1e-30 m^2  Cq=        -0.8148 MHz  eta= 0.97704

     Cl  18    Vxx=    1.2059    axis=( -0.645397  0.520490  0.559064)
     Cl  18    Vyy=    1.7191    axis=(  0.454264 -0.326874  0.828733)
     Cl  18    Vzz=   -2.9251    axis=( -0.614091 -0.788824  0.025477)
     Cl  18  Q=        -8.1650 1e-30 m^2  Cq=        56.1157 MHz  eta= 0.17545

     H   19    Vxx=   -0.0778    axis=(  0.827140 -0.491539 -0.272450)
     H   19    Vyy=   -0.2993    axis=(  0.515286  0.469807  0.716772)
     H   19    Vzz=    0.3771    axis=(  0.224322  0.733260 -0.641879)
     H   19  Q=         1.0000 1e-30 m^2  Cq=         0.8859 MHz  eta= 0.58753

     C   20    Vxx=    0.0552    axis=(  0.611374 -0.788322  0.069061)
     C   20    Vyy=    0.2953    axis=( -0.465936 -0.288060  0.836615)
     C   20    Vzz=   -0.3505    axis=( -0.639629 -0.543663 -0.543420)
     C   20  Q=         1.0000 1e-30 m^2  Cq=        -0.8235 MHz  eta= 0.68522

     H   21    Vxx=   -0.0501    axis=( -0.190934 -0.955114 -0.226500)
     H   21    Vyy=   -0.5712    axis=( -0.730089 -0.016058  0.683163)
     H   21    Vzz=    0.6213    axis=( -0.656136  0.295804 -0.694252)
     H   21  Q=         1.0000 1e-30 m^2  Cq=         1.4598 MHz  eta= 0.83874

     C   22    Vxx=   -0.0959    axis=(  0.189281  0.769855  0.609504)
     C   22    Vyy=   -0.7228    axis=( -0.454053  0.618998 -0.640841)
     C   22    Vzz=    0.8187    axis=( -0.870637 -0.155448  0.466720)
     C   22  Q=         1.0000 1e-30 m^2  Cq=         1.9236 MHz  eta= 0.76564

     C   23    Vxx=   -0.0678    axis=(  0.247074 -0.952034  0.180514)
     C   23    Vyy=   -0.3329    axis=(  0.743355  0.305723  0.594943)
     C   23    Vzz=    0.4007    axis=( -0.621593 -0.012809  0.783236)
     C   23  Q=         1.0000 1e-30 m^2  Cq=         0.9415 MHz  eta= 0.66166

     Cl  24    Vxx=   -0.0395    axis=( -0.182198  0.712321  0.677793)
     Cl  24    Vyy=   -2.9064    axis=(  0.440855 -0.556980  0.703861)
     Cl  24    Vzz=    2.9459    axis=( -0.878892 -0.427050  0.212550)
     Cl  24  Q=        -8.1650 1e-30 m^2  Cq=       -56.5155 MHz  eta= 0.97318

     Initialization:
     gipaw_setup  :      9.04s CPU     10.94s WALL (       1 calls)

     Linear response

     Apply operators

     Induced current

     Other routines
     efg          :      9.34s CPU     11.50s WALL (       1 calls)

     General routines
     calbec       :      3.27s CPU      4.27s WALL (      16 calls)
     fft          :      1.49s CPU      1.96s WALL (      15 calls)
     ffts         :      0.03s CPU      0.04s WALL (       2 calls)
     fftw         :      3.31s CPU      3.91s WALL (     672 calls)
     davcio       :      0.01s CPU      0.29s WALL (      32 calls)

     Parallel routines
     fft_scatter  :      2.00s CPU      3.02s WALL (     689 calls)

     Plugins

     GIPAW        :     60.45s CPU     74.86s WALL (       1 calls)
