
     Program QE v.6.0 (svn rev. 13079) starts on 26Dec2016 at  1:42:22 

     This program is part of the open-source Quantum ESPRESSO suite
     for quantum simulation of materials; please cite
         "P. Giannozzi et al., J. Phys.:Condens. Matter 21 395502 (2009);
          URL http://www.quantum-espresso.org", 
     in publications or presentations arising from this work. More details at
     http://www.quantum-espresso.org/quote

     Parallel version (MPI), running on     8 processors
     R & G space division:  proc/nbgrp/npool/nimage =       8

     ***** This is GIPAW svn revision unknown      *****

     Parallelizing q-star over 1 images

     Reading data from directory:
     /users/majewski/paradichlorobenzene/pbe/9_constraint/scratch/pbe.ecut100.np8.dt60.pcl2phi-129368.save
     Message from routine read_xml_file:
     file /users/majewski/paradichlorobenzene/pbe/9_constraint/scratch/pbe.ecut100.np8.dt60.pcl2phi-129368.save not guaranteed to be safe for post-processing

   Info: using nr1, nr2, nr3 values from input

   Info: using nr1, nr2, nr3 values from input

     IMPORTANT: XC functional enforced from input :
     Exchange-correlation      =  SLA  PW   PBX  PBC ( 1  4  3  4 0 0)
     Any further DFT definition will be discarded
     Please, verify this is what you really want

               file C.pbe-n-kjpaw_psl.1.0.0.UPF: wavefunction(s)  2S 2P renormalized
               file Cl.pbe-n-kjpaw_psl.1.0.0.UPF: wavefunction(s)  3S 3P renormalized
               file H.pbe-kjpaw_psl.1.0.0.UPF: wavefunction(s)  1S renormalized

     Parallelization info
     --------------------
     sticks:   dense  smooth     PW     G-vecs:    dense   smooth      PW
     Min        3057    1223    332               144436    36536    5170
     Max        3059    1225    333               144437    36537    5171
     Sum       24467    9791   2657              1155489   292295   41363


     Subspace diagonalization in iterative solution of the eigenvalue problem:
     a serial algorithm will be used

     GIPAW projectors -----------------------------------------------
     atom=  C    l=0  rc=    1.2000  rs=    0.8000
     atom=  C    l=0  rc=    1.2000  rs=    0.8000
     atom=  C    l=1  rc=    1.4000  rs=    0.9333
     atom=  C    l=1  rc=    1.4000  rs=    0.9333
     projs nearly linearly dependent: l=1  n1,n2= 1, 2  s=  0.99951561

     atom=  Cl   l=0  rc=    1.6000  rs=    1.0667
     atom=  Cl   l=0  rc=    1.6000  rs=    1.0667
     atom=  Cl   l=1  rc=    1.6000  rs=    1.0667
     atom=  Cl   l=1  rc=    1.6000  rs=    1.0667
     atom=  Cl   l=2  rc=    1.6000  rs=    1.0667
     atom=  Cl   l=2  rc=    1.6000  rs=    1.0667
     projs nearly linearly dependent: l=2  n1,n2= 1, 2  s=  0.99993509

     atom=  H    l=0  rc=    1.0000  rs=    0.6667
     atom=  H    l=0  rc=    1.0000  rs=    0.6667
     projs nearly linearly dependent: l=0  n1,n2= 1, 2  s=  0.99968852
     -----------------------------------------------------------------

     GIPAW integrals: -------------------------------------------
     Atom  i/j   nmr_para   nmr_dia   epr_rmc  epr_para   epr_dia
       C   1 1   0.83E+03  0.17E-01  0.93E+01  0.24E+08  0.24E+03
       C   2 1   0.86E+03 -0.61E-01  0.94E+01  0.25E+08  0.25E+03
       C   2 2   0.90E+03 -0.15E+00  0.97E+01  0.26E+08  0.26E+03
       C   3 3   0.33E+01  0.34E+00  0.18E+01  0.55E+03  0.21E+02
       C   4 3   0.35E+01  0.37E+00  0.20E+01  0.59E+03  0.22E+02
       C   4 4   0.38E+01  0.39E+00  0.22E+01  0.63E+03  0.24E+02
       Cl  1 1   0.14E+04 -0.47E+00  0.84E+01  0.32E+09  0.42E+03
       Cl  2 1   0.21E+04 -0.37E+00  0.12E+02  0.49E+09  0.65E+03
       Cl  2 2   0.33E+04 -0.16E+00  0.21E+02  0.76E+09  0.10E+04
       Cl  3 3   0.21E+02  0.79E-01  0.89E+01  0.23E+05  0.13E+03
       Cl  4 3   0.24E+02  0.67E-01  0.99E+01  0.27E+05  0.15E+03
       Cl  4 4   0.28E+02  0.44E-01  0.11E+02  0.32E+05  0.18E+03
       Cl  5 5   0.77E+00  0.19E+00  0.18E+01  0.12E+03  0.22E+02
       Cl  6 5   0.80E+00  0.19E+00  0.19E+01  0.12E+03  0.23E+02
       Cl  6 6   0.83E+00  0.20E+00  0.19E+01  0.12E+03  0.23E+02
       H   1 1   0.39E+02  0.19E+00  0.29E+00  0.78E+05  0.13E+02
       H   2 1   0.41E+02  0.21E+00  0.32E+00  0.82E+05  0.14E+02
       H   2 2   0.43E+02  0.22E+00  0.36E+00  0.86E+05  0.15E+02
     ------------------------------------------------------------

     alpha_pv=     34.3179 eV

     Number of occupied bands for each k-point:
     k-point:     1    nbnd_occ=  42
     k-point:     2    nbnd_occ=  42
     k-point:     3    nbnd_occ=  42
     k-point:     4    nbnd_occ=  42
     k-point:     5    nbnd_occ=  42
     k-point:     6    nbnd_occ=  42
     k-point:     7    nbnd_occ=  42
     k-point:     8    nbnd_occ=  42
     k-point:     9    nbnd_occ=  42
     k-point:    10    nbnd_occ=  42
     k-point:    11    nbnd_occ=  42
     k-point:    12    nbnd_occ=  42
     k-point:    13    nbnd_occ=  42
     k-point:    14    nbnd_occ=  42
     k-point:    15    nbnd_occ=  42
     k-point:    16    nbnd_occ=  42


     q-space interpolation up to   110.00 Rydberg

     GIPAW job: efg                                                                             


     ELECTRIC FIELD GRADIENTS TENSORS IN Hartree/bohrradius^2:

     ----- bare term -----
     Cl   1       -0.006649        0.014093       -0.105646
     Cl   1        0.014093       -0.050020        0.026305
     Cl   1       -0.105646        0.026305        0.056669

     C    2       -0.432112        0.361236       -0.263133
     C    2        0.361236        0.073432       -0.356464
     C    2       -0.263133       -0.356464        0.358680

     C    3        0.257354        0.092159        0.086931
     C    3        0.092159       -0.113602       -0.067033
     C    3        0.086931       -0.067033       -0.143752

     H    4        0.193812        0.011095       -0.247620
     H    4        0.011095        0.145604        0.248265
     H    4       -0.247620        0.248265       -0.339416

     C    5       -0.316698        0.107120       -0.122173
     C    5        0.107120        0.202378        0.142499
     C    5       -0.122173        0.142499        0.114320

     H    6        0.276634       -0.051220        0.339422
     H    6       -0.051220        0.201700       -0.120366
     H    6        0.339422       -0.120366       -0.478334

     H    7        0.437386        0.195885       -0.065967
     H    7        0.195885       -0.656860        0.484362
     H    7       -0.065967        0.484362        0.219475

     C    8       -0.035730       -0.154763       -0.119519
     C    8       -0.154763       -0.061531        0.410279
     C    8       -0.119519        0.410279        0.097260

     H    9       -0.071185        0.396887       -0.366693
     H    9        0.396887       -0.220759        0.335905
     H    9       -0.366693        0.335905        0.291944

     C   10       -0.729977       -0.383045       -0.298149
     C   10       -0.383045        0.365558        0.132077
     C   10       -0.298149        0.132077        0.364418

     C   11       -0.001995       -0.004975       -0.240141
     C   11       -0.004975       -0.071978        0.526934
     C   11       -0.240141        0.526934        0.073973

     Cl  12       -0.195711       -0.255162        0.017043
     Cl  12       -0.255162        0.176813       -0.083989
     Cl  12        0.017043       -0.083989        0.018898

     H   13        0.030516        0.263780        0.281755
     H   13        0.263780       -0.102165       -0.475154
     H   13        0.281755       -0.475154        0.071650

     C   14       -0.050507       -0.341557       -0.517862
     C   14       -0.341557       -0.098019       -0.445097
     C   14       -0.517862       -0.445097        0.148526

     H   15        0.030700       -0.051249       -0.217944
     H   15       -0.051249        0.413857       -0.403316
     H   15       -0.217944       -0.403316       -0.444557

     C   16       -0.467241        0.353439       -0.357881
     C   16        0.353439        0.069582       -0.049082
     C   16       -0.357881       -0.049082        0.397659

     C   17        0.061070        0.005257       -0.221086
     C   17        0.005257        0.023776       -0.642554
     C   17       -0.221086       -0.642554       -0.084846

     Cl  18       -0.308418        0.304599        0.000503
     Cl  18        0.304599        0.186011       -0.073965
     Cl  18        0.000503       -0.073965        0.122406

     H   19        0.076149        0.291208        0.194402
     H   19        0.291208       -0.435819        0.282967
     H   19        0.194402        0.282967        0.359670

     C   20       -0.814100       -0.341301       -0.486436
     C   20       -0.341301        0.268534       -0.055101
     C   20       -0.486436       -0.055101        0.545566

     H   21       -0.533736       -0.061623        0.114280
     H   21       -0.061623        0.258637        0.331641
     H   21        0.114280        0.331641        0.275099

     C   22        0.138117        0.022840       -0.159455
     C   22        0.022840       -0.441228        0.505074
     C   22       -0.159455        0.505074        0.303111

     C   23       -0.751722       -0.456553       -0.365531
     C   23       -0.456553        0.364034        0.070828
     C   23       -0.365531        0.070828        0.387688

     Cl  24        0.122436       -0.015256        0.027163
     Cl  24       -0.015256       -0.140290        0.118943
     Cl  24        0.027163        0.118943        0.017854

     ----- ionic term -----
     Cl   1        0.149156       -0.226337        0.043866
     Cl   1       -0.226337       -0.035654       -0.018069
     Cl   1        0.043866       -0.018069       -0.113501

     C    2        0.068939       -0.300377        0.305584
     C    2       -0.300377       -0.075920        0.398754
     C    2        0.305584        0.398754        0.006981

     C    3        0.130173       -0.423230        0.199894
     C    3       -0.423230       -0.012023        0.334307
     C    3        0.199894        0.334307       -0.118150

     H    4        0.338661       -0.013199        0.792234
     H    4       -0.013199       -0.519486        0.097012
     H    4        0.792234        0.097012        0.180825

     C    5        0.229035       -0.316187        0.332438
     C    5       -0.316187       -0.122733        0.291157
     C    5        0.332438        0.291157       -0.106302

     H    6       -0.506171       -0.139396       -0.088353
     H    6       -0.139396        0.371829        0.782620
     H    6       -0.088353        0.782620        0.134342

     H    7       -0.502013       -0.051364        0.058038
     H    7       -0.051364        0.548390       -0.735232
     H    7        0.058038       -0.735232       -0.046376

     C    8        0.286239        0.211327        0.233595
     C    8        0.211327        0.082053       -0.285852
     C    8        0.233595       -0.285852       -0.368292

     H    9        0.529693       -0.328900        0.715148
     H    9       -0.328900       -0.424575       -0.268924
     H    9        0.715148       -0.268924       -0.105117

     C   10        0.139964        0.224399        0.198307
     C   10        0.224399        0.222339       -0.359934
     C   10        0.198307       -0.359934       -0.362303

     C   11        0.287273        0.116911        0.199232
     C   11        0.116911        0.129987       -0.338642
     C   11        0.199232       -0.338642       -0.417260

     Cl  12        0.125168        0.180466       -0.000513
     Cl  12        0.180466        0.023799        0.001865
     Cl  12       -0.000513        0.001865       -0.148967

     H   13       -0.530102       -0.143855       -0.088480
     H   13       -0.143855        0.515798        0.757352
     H   13       -0.088480        0.757352        0.014304

     C   14        0.147600       -0.304961        0.276562
     C   14       -0.304961       -0.075990        0.292644
     C   14        0.276562        0.292644       -0.071610

     H   15        0.324845        0.160364        0.780934
     H   15        0.160364       -0.528657        0.216952
     H   15        0.780934        0.216952        0.203812

     C   16        0.093849       -0.355396        0.165737
     C   16       -0.355396       -0.025731        0.398046
     C   16        0.165737        0.398046       -0.068118

     C   17        0.121696       -0.323199        0.282778
     C   17       -0.323199       -0.083385        0.435529
     C   17        0.282778        0.435529       -0.038310

     Cl  18        0.156272       -0.220428        0.018407
     Cl  18       -0.220428       -0.002516        0.001940
     Cl  18        0.018407        0.001940       -0.153756

     H   19       -0.454788       -0.322331        0.124955
     H   19       -0.322331        0.780312       -0.547430
     H   19        0.124955       -0.547430       -0.325523

     C   20        0.315826        0.076684        0.216599
     C   20        0.076684        0.145140       -0.248701
     C   20        0.216599       -0.248701       -0.460965

     H   21        0.875724       -0.355170        0.407061
     H   21       -0.355170       -0.364234       -0.155594
     H   21        0.407061       -0.155594       -0.511490

     C   22        0.146669        0.154072        0.134853
     C   22        0.154072        0.354258       -0.338639
     C   22        0.134853       -0.338639       -0.500927

     C   23        0.145651        0.131233        0.196877
     C   23        0.131233        0.294988       -0.390556
     C   23        0.196877       -0.390556       -0.440639

     Cl  24        0.128521        0.224605       -0.024186
     Cl  24        0.224605        0.022007       -0.026383
     Cl  24       -0.024186       -0.026383       -0.150528

     ----- GIPAW term -----
     Cl   1       -0.327206       -1.891661        0.241983
     Cl   1       -1.891661       -0.157591       -1.816445
     Cl   1        0.241983       -1.816445        0.484796

     C    2       -0.132773       -0.013402       -0.028579
     C    2       -0.013402        0.145682       -0.191686
     C    2       -0.028579       -0.191686       -0.012910

     C    3        0.015461        0.002170        0.011850
     C    3        0.002170        0.012701        0.006908
     C    3        0.011850        0.006908       -0.028162

     H    4       -0.000000        0.000000        0.000000
     H    4        0.000000        0.000000        0.000000
     H    4        0.000000        0.000000        0.000000

     C    5       -0.015315        0.006384       -0.000411
     C    5        0.006384        0.022343        0.020566
     C    5       -0.000411        0.020566       -0.007028

     H    6       -0.000000        0.000000        0.000000
     H    6        0.000000        0.000000        0.000000
     H    6        0.000000        0.000000        0.000000

     H    7       -0.000000        0.000000        0.000000
     H    7        0.000000        0.000000        0.000000
     H    7        0.000000        0.000000        0.000000

     C    8       -0.085908       -0.088928        0.013492
     C    8       -0.088928        0.226802        0.014691
     C    8        0.013492        0.014691       -0.140894

     H    9       -0.000000        0.000000        0.000000
     H    9        0.000000        0.000000        0.000000
     H    9        0.000000        0.000000        0.000000

     C   10       -0.239025       -0.088274       -0.051610
     C   10       -0.088274        0.318038       -0.036897
     C   10       -0.051610       -0.036897       -0.079013

     C   11       -0.045848        0.062280       -0.013905
     C   11        0.062280        0.205491       -0.052998
     C   11       -0.013905       -0.052998       -0.159643

     Cl  12       -0.135715        0.332886        0.190199
     Cl  12        0.332886        2.011040       -0.968199
     Cl  12        0.190199       -0.968199       -1.875325

     H   13       -0.000000        0.000000        0.000000
     H   13        0.000000        0.000000        0.000000
     H   13        0.000000        0.000000        0.000000

     C   14        0.074825       -0.232666       -0.168550
     C   14       -0.232666       -0.017186        0.015152
     C   14       -0.168550        0.015152       -0.057639

     H   15       -0.000000        0.000000        0.000000
     H   15        0.000000        0.000000        0.000000
     H   15        0.000000        0.000000        0.000000

     C   16       -0.050219       -0.129647       -0.154983
     C   16       -0.129647        0.073213        0.139774
     C   16       -0.154983        0.139774       -0.022994

     C   17       -0.051524       -0.007288       -0.028358
     C   17       -0.007288        0.245873       -0.082802
     C   17       -0.028358       -0.082802       -0.194348

     Cl  18       -1.137151       -0.537250       -0.128617
     Cl  18       -0.537250        2.849671       -0.906847
     Cl  18       -0.128617       -0.906847       -1.712521

     H   19       -0.000000        0.000000        0.000000
     H   19        0.000000        0.000000        0.000000
     H   19        0.000000        0.000000        0.000000

     C   20       -0.170401        0.036490       -0.128763
     C   20        0.036490        0.069813       -0.189386
     C   20       -0.128763       -0.189386        0.100589

     H   21       -0.000000        0.000000        0.000000
     H   21        0.000000        0.000000        0.000000
     H   21        0.000000        0.000000        0.000000

     C   22       -0.084449        0.071716       -0.038811
     C   22        0.071716        0.054265       -0.147745
     C   22       -0.038811       -0.147745        0.030184

     C   23       -0.170868       -0.012296       -0.034495
     C   23       -0.012296        0.276621       -0.076355
     C   23       -0.034495       -0.076355       -0.105753

     Cl  24       -0.180733        0.577981        0.531380
     Cl  24        0.577981        1.002524       -1.699677
     Cl  24        0.531380       -1.699677       -0.821791

     ----- total EFG -----
     Cl   1       -0.184699       -2.103905        0.180203
     Cl   1       -2.103905       -0.243265       -1.808210
     Cl   1        0.180203       -1.808210        0.427964

     C    2       -0.495945        0.047457        0.013872
     C    2        0.047457        0.143195       -0.149396
     C    2        0.013872       -0.149396        0.352751

     C    3        0.402988       -0.328900        0.298676
     C    3       -0.328900       -0.112924        0.274182
     C    3        0.298676        0.274182       -0.290064

     H    4        0.532473       -0.002103        0.544614
     H    4       -0.002103       -0.373882        0.345276
     H    4        0.544614        0.345276       -0.158591

     C    5       -0.102978       -0.202683        0.209854
     C    5       -0.202683        0.101988        0.454222
     C    5        0.209854        0.454222        0.000990

     H    6       -0.229537       -0.190616        0.251069
     H    6       -0.190616        0.573529        0.662254
     H    6        0.251069        0.662254       -0.343992

     H    7       -0.064628        0.144522       -0.007929
     H    7        0.144522       -0.108471       -0.250870
     H    7       -0.007929       -0.250870        0.173099

     C    8        0.164601       -0.032364        0.127567
     C    8       -0.032364        0.247325        0.139117
     C    8        0.127567        0.139117       -0.411926

     H    9        0.458508        0.067987        0.348455
     H    9        0.067987       -0.645335        0.066981
     H    9        0.348455        0.066981        0.186827

     C   10       -0.829038       -0.246920       -0.151452
     C   10       -0.246920        0.905935       -0.264753
     C   10       -0.151452       -0.264753       -0.076898

     C   11        0.239430        0.174216       -0.054814
     C   11        0.174216        0.263500        0.135295
     C   11       -0.054814        0.135295       -0.502930

     Cl  12       -0.206258        0.258190        0.206730
     Cl  12        0.258190        2.211651       -1.050323
     Cl  12        0.206730       -1.050323       -2.005394

     H   13       -0.499587        0.119925        0.193275
     H   13        0.119925        0.413633        0.282198
     H   13        0.193275        0.282198        0.085954

     C   14        0.171918       -0.879184       -0.409851
     C   14       -0.879184       -0.191195       -0.137302
     C   14       -0.409851       -0.137302        0.019277

     H   15        0.355545        0.109115        0.562990
     H   15        0.109115       -0.114800       -0.186365
     H   15        0.562990       -0.186365       -0.240746

     C   16       -0.423611       -0.131603       -0.347126
     C   16       -0.131603        0.117064        0.488738
     C   16       -0.347126        0.488738        0.306547

     C   17        0.131241       -0.325230        0.033334
     C   17       -0.325230        0.186263       -0.289827
     C   17        0.033334       -0.289827       -0.317504

     Cl  18       -1.289296       -0.453080       -0.109707
     Cl  18       -0.453080        3.033166       -0.978872
     Cl  18       -0.109707       -0.978872       -1.743870

     H   19       -0.378639       -0.031123        0.319357
     H   19       -0.031123        0.344492       -0.264463
     H   19        0.319357       -0.264463        0.034147

     C   20       -0.668675       -0.228127       -0.398599
     C   20       -0.228127        0.483486       -0.493188
     C   20       -0.398599       -0.493188        0.185189

     H   21        0.341988       -0.416793        0.521341
     H   21       -0.416793       -0.105597        0.176046
     H   21        0.521341        0.176046       -0.236391

     C   22        0.200336        0.248628       -0.063414
     C   22        0.248628       -0.032705        0.018690
     C   22       -0.063414        0.018690       -0.167632

     C   23       -0.776939       -0.337617       -0.203148
     C   23       -0.337617        0.935643       -0.396083
     C   23       -0.203148       -0.396083       -0.158705

     Cl  24        0.070224        0.787331        0.534357
     Cl  24        0.787331        0.884241       -1.607117
     Cl  24        0.534357       -1.607117       -0.954465

     ----- total EFG (symmetrized) -----
     Cl   1       -0.184699       -2.103905        0.180203
     Cl   1       -2.103905       -0.243265       -1.808210
     Cl   1        0.180203       -1.808210        0.427964

     C    2       -0.495945        0.047457        0.013872
     C    2        0.047457        0.143195       -0.149396
     C    2        0.013872       -0.149396        0.352751

     C    3        0.402988       -0.328900        0.298676
     C    3       -0.328900       -0.112924        0.274182
     C    3        0.298676        0.274182       -0.290064

     H    4        0.532473       -0.002103        0.544614
     H    4       -0.002103       -0.373882        0.345276
     H    4        0.544614        0.345276       -0.158591

     C    5       -0.102978       -0.202683        0.209854
     C    5       -0.202683        0.101988        0.454222
     C    5        0.209854        0.454222        0.000990

     H    6       -0.229537       -0.190616        0.251069
     H    6       -0.190616        0.573529        0.662254
     H    6        0.251069        0.662254       -0.343992

     H    7       -0.064628        0.144522       -0.007929
     H    7        0.144522       -0.108471       -0.250870
     H    7       -0.007929       -0.250870        0.173099

     C    8        0.164601       -0.032364        0.127567
     C    8       -0.032364        0.247325        0.139117
     C    8        0.127567        0.139117       -0.411926

     H    9        0.458508        0.067987        0.348455
     H    9        0.067987       -0.645335        0.066981
     H    9        0.348455        0.066981        0.186827

     C   10       -0.829038       -0.246920       -0.151452
     C   10       -0.246920        0.905935       -0.264753
     C   10       -0.151452       -0.264753       -0.076898

     C   11        0.239430        0.174216       -0.054814
     C   11        0.174216        0.263500        0.135295
     C   11       -0.054814        0.135295       -0.502930

     Cl  12       -0.206258        0.258190        0.206730
     Cl  12        0.258190        2.211651       -1.050323
     Cl  12        0.206730       -1.050323       -2.005394

     H   13       -0.499587        0.119925        0.193275
     H   13        0.119925        0.413633        0.282198
     H   13        0.193275        0.282198        0.085954

     C   14        0.171918       -0.879184       -0.409851
     C   14       -0.879184       -0.191195       -0.137302
     C   14       -0.409851       -0.137302        0.019277

     H   15        0.355545        0.109115        0.562990
     H   15        0.109115       -0.114800       -0.186365
     H   15        0.562990       -0.186365       -0.240746

     C   16       -0.423611       -0.131603       -0.347126
     C   16       -0.131603        0.117064        0.488738
     C   16       -0.347126        0.488738        0.306547

     C   17        0.131241       -0.325230        0.033334
     C   17       -0.325230        0.186263       -0.289827
     C   17        0.033334       -0.289827       -0.317504

     Cl  18       -1.289296       -0.453080       -0.109707
     Cl  18       -0.453080        3.033166       -0.978872
     Cl  18       -0.109707       -0.978872       -1.743870

     H   19       -0.378639       -0.031123        0.319357
     H   19       -0.031123        0.344492       -0.264463
     H   19        0.319357       -0.264463        0.034147

     C   20       -0.668675       -0.228127       -0.398599
     C   20       -0.228127        0.483486       -0.493188
     C   20       -0.398599       -0.493188        0.185189

     H   21        0.341988       -0.416793        0.521341
     H   21       -0.416793       -0.105597        0.176046
     H   21        0.521341        0.176046       -0.236391

     C   22        0.200336        0.248628       -0.063414
     C   22        0.248628       -0.032705        0.018690
     C   22       -0.063414        0.018690       -0.167632

     C   23       -0.776939       -0.337617       -0.203148
     C   23       -0.337617        0.935643       -0.396083
     C   23       -0.203148       -0.396083       -0.158705

     Cl  24        0.070224        0.787331        0.534357
     Cl  24        0.787331        0.884241       -1.607117
     Cl  24        0.534357       -1.607117       -0.954465


     NQR/NMR SPECTROSCOPIC PARAMETERS:
     Cl   1    Vxx=   -0.0137    axis=( -0.654634  0.117172  0.746810)
     Cl   1    Vyy=   -2.7979    axis=( -0.564185 -0.733262 -0.379503)
     Cl   1    Vzz=    2.8116    axis=(  0.503140 -0.669774  0.546125)
     Cl   1  Q=        -8.1650 1e-30 m^2  Cq=       -53.9390 MHz  eta= 0.99025

     C    2    Vxx=    0.0697    axis=(  0.085404  0.882896  0.461738)
     C    2    Vyy=    0.4305    axis=( -0.010423 -0.462614  0.886499)
     C    2    Vzz=   -0.5002    axis=( -0.996292  0.080523  0.030306)
     C    2  Q=         1.0000 1e-30 m^2  Cq=        -1.1753 MHz  eta= 0.72150

     C    3    Vxx=    0.0744    axis=( -0.133800 -0.736158 -0.663452)
     C    3    Vyy=    0.5937    axis=( -0.915596  0.347986 -0.201471)
     C    3    Vzz=   -0.6681    axis=(  0.379186  0.580497 -0.720584)
     C    3  Q=         1.0000 1e-30 m^2  Cq=        -1.5698 MHz  eta= 0.77729

     H    4    Vxx=   -0.1252    axis=(  0.432499 -0.732914 -0.525148)
     H    4    Vyy=   -0.7300    axis=(  0.296522  0.665663 -0.684813)
     H    4    Vzz=    0.8553    axis=(  0.851481  0.140463  0.505224)
     H    4  Q=         1.0000 1e-30 m^2  Cq=         2.0095 MHz  eta= 0.70713

     C    5    Vxx=    0.0740    axis=( -0.854266  0.330143 -0.401540)
     C    5    Vyy=    0.5087    axis=( -0.021350  0.749503  0.661657)
     C    5    Vzz=   -0.5827    axis=( -0.519397 -0.573804  0.633227)
     C    5  Q=         1.0000 1e-30 m^2  Cq=        -1.3692 MHz  eta= 0.74606

     H    6    Vxx=   -0.0753    axis=(  0.891654 -0.167383  0.420637)
     H    6    Vyy=   -0.8476    axis=(  0.450179  0.426072 -0.784730)
     H    6    Vzz=    0.9229    axis=( -0.047871  0.889070  0.455261)
     H    6  Q=         1.0000 1e-30 m^2  Cq=         2.1685 MHz  eta= 0.83679

     H    7    Vxx=   -0.0211    axis=(  0.870262  0.284057  0.402438)
     H    7    Vyy=   -0.3158    axis=( -0.446941  0.798817  0.402661)
     H    7    Vzz=    0.3369    axis=( -0.207096 -0.530286  0.822136)
     H    7  Q=         1.0000 1e-30 m^2  Cq=         0.7916 MHz  eta= 0.87461

     C    8    Vxx=    0.1915    axis=( -0.976292 -0.032782 -0.213961)
     C    8    Vyy=    0.2760    axis=( -0.073366  0.980071  0.184605)
     C    8    Vzz=   -0.4674    axis=( -0.203645 -0.195926  0.959240)
     C    8  Q=         1.0000 1e-30 m^2  Cq=        -1.0983 MHz  eta= 0.18073

     H    9    Vxx=   -0.0509    axis=( -0.566937  0.027924  0.823288)
     H    9    Vyy=   -0.6524    axis=( -0.041464  0.997191 -0.062376)
     H    9    Vzz=    0.7032    axis=( -0.822717 -0.069500 -0.564186)
     H    9  Q=         1.0000 1e-30 m^2  Cq=         1.6523 MHz  eta= 0.85536

     C   10    Vxx=   -0.0885    axis=( -0.256762  0.188599  0.947894)
     C   10    Vyy=   -0.9071    axis=(  0.959904  0.163938  0.227397)
     C   10    Vzz=    0.9956    axis=( -0.112509  0.968274 -0.223130)
     C   10  Q=         1.0000 1e-30 m^2  Cq=         2.3393 MHz  eta= 0.82212

     C   11    Vxx=    0.1051    axis=( -0.741657  0.637485  0.208706)
     C   11    Vyy=    0.4304    axis=(  0.661429  0.746789  0.069410)
     C   11    Vzz=   -0.5355    axis=(  0.111612 -0.189523  0.975512)
     C   11  Q=         1.0000 1e-30 m^2  Cq=        -1.2582 MHz  eta= 0.60742

     Cl  12    Vxx=   -0.1891    axis=(  0.989248 -0.045593  0.138962)
     Cl  12    Vyy=   -2.2853    axis=( -0.124782  0.232455  0.964569)
     Cl  12    Vzz=    2.4744    axis=( -0.076280 -0.971538  0.224266)
     Cl  12  Q=        -8.1650 1e-30 m^2  Cq=       -47.4696 MHz  eta= 0.84714

     H   13    Vxx=   -0.0538    axis=(  0.206277 -0.543987  0.813344)
     H   13    Vyy=   -0.5590    axis=(  0.961825 -0.040047 -0.270719)
     H   13    Vzz=    0.6128    axis=(  0.179840  0.838137  0.514960)
     H   13  Q=         1.0000 1e-30 m^2  Cq=         1.4397 MHz  eta= 0.82449

     C   14    Vxx=    0.0869    axis=( -0.007676 -0.423114  0.906044)
     C   14    Vyy=    0.9502    axis=(  0.779954 -0.569559 -0.259371)
     C   14    Vzz=   -1.0371    axis=(  0.625789  0.704682  0.334382)
     C   14  Q=         1.0000 1e-30 m^2  Cq=        -2.4368 MHz  eta= 0.83248

     H   15    Vxx=   -0.0300    axis=(  0.191480  0.930749 -0.311514)
     H   15    Vyy=   -0.6645    axis=( -0.479431  0.365642  0.797779)
     H   15    Vzz=    0.6945    axis=(  0.856435 -0.003410  0.516244)
     H   15  Q=         1.0000 1e-30 m^2  Cq=         1.6317 MHz  eta= 0.91367

     C   16    Vxx=   -0.2405    axis=(  0.353094  0.797817 -0.488684)
     C   16    Vyy=   -0.5703    axis=( -0.893812  0.133316 -0.428166)
     C   16    Vzz=    0.8108    axis=( -0.276449  0.587975  0.760172)
     C   16  Q=         1.0000 1e-30 m^2  Cq=         1.9051 MHz  eta= 0.40666

     C   17    Vxx=   -0.0800    axis=(  0.770466  0.454704 -0.446796)
     C   17    Vyy=   -0.4723    axis=(  0.211197  0.479228  0.851902)
     C   17    Vzz=    0.5523    axis=(  0.601481 -0.750723  0.273196)
     C   17  Q=         1.0000 1e-30 m^2  Cq=         1.2977 MHz  eta= 0.71020

     Cl  18    Vxx=   -1.2718    axis=(  0.955611  0.034028 -0.292660)
     Cl  18    Vyy=   -1.9935    axis=(  0.279670  0.207742  0.937351)
     Cl  18    Vzz=    3.2654    axis=(  0.092694 -0.977592  0.189004)
     Cl  18  Q=        -8.1650 1e-30 m^2  Cq=       -62.6446 MHz  eta= 0.22102

     H   19    Vxx=    0.0259    axis=(  0.471785  0.590039  0.655189)
     H   19    Vyy=    0.5384    axis=( -0.221922  0.798628 -0.559414)
     H   19    Vzz=   -0.5643    axis=(  0.853328 -0.118522 -0.507723)
     H   19  Q=         1.0000 1e-30 m^2  Cq=        -1.3260 MHz  eta= 0.90806

     C   20    Vxx=    0.0913    axis=( -0.512236  0.540949  0.667074)
     C   20    Vyy=    0.8518    axis=( -0.041202 -0.791295  0.610045)
     C   20    Vzz=   -0.9432    axis=( -0.857856 -0.285002 -0.427618)
     C   20  Q=         1.0000 1e-30 m^2  Cq=        -2.2160 MHz  eta= 0.80634

     H   21    Vxx=    0.0155    axis=( -0.029447 -0.789648 -0.612853)
     H   21    Vyy=    0.7461    axis=( -0.855285  0.337222 -0.393407)
     H   21    Vzz=   -0.7616    axis=( -0.517321 -0.512579  0.685304)
     H   21  Q=         1.0000 1e-30 m^2  Cq=        -1.7895 MHz  eta= 0.95932

     C   22    Vxx=   -0.1304    axis=( -0.282863  0.572564  0.769519)
     C   22    Vyy=   -0.2316    axis=(  0.453842 -0.626895  0.633269)
     C   22    Vzz=    0.3620    axis=(  0.844995  0.528368 -0.082528)
     C   22  Q=         1.0000 1e-30 m^2  Cq=         0.8505 MHz  eta= 0.27947

     C   23    Vxx=   -0.1562    axis=( -0.401348  0.200138  0.893792)
     C   23    Vyy=   -0.9446    axis=(  0.905000  0.236927  0.353328)
     C   23    Vzz=    1.1008    axis=(  0.141049 -0.950689  0.276215)
     C   23  Q=         1.0000 1e-30 m^2  Cq=         2.5865 MHz  eta= 0.71626

     Cl  24    Vxx=    0.2950    axis=( -0.902372  0.033973 -0.429618)
     Cl  24    Vyy=    1.9194    axis=(  0.241599  0.865384 -0.439022)
     Cl  24    Vzz=   -2.2144    axis=( -0.356869  0.499956  0.789106)
     Cl  24  Q=        -8.1650 1e-30 m^2  Cq=        42.4812 MHz  eta= 0.73357

     Initialization:
     gipaw_setup  :      9.14s CPU     10.85s WALL (       1 calls)

     Linear response

     Apply operators

     Induced current

     Other routines
     efg          :      9.20s CPU     11.43s WALL (       1 calls)

     General routines
     calbec       :      3.22s CPU      4.30s WALL (      16 calls)
     fft          :      1.55s CPU      2.28s WALL (      15 calls)
     ffts         :      0.04s CPU      0.07s WALL (       2 calls)
     fftw         :      3.23s CPU      3.78s WALL (     672 calls)
     davcio       :      0.02s CPU      0.31s WALL (      32 calls)

     Parallel routines
     fft_scatter  :      2.20s CPU      3.28s WALL (     689 calls)

     Plugins

     GIPAW        :     60.64s CPU     73.25s WALL (       1 calls)
