
     Program QE v.6.0 (svn rev. 13079) starts on 30Dec2016 at  0:37:52 

     This program is part of the open-source Quantum ESPRESSO suite
     for quantum simulation of materials; please cite
         "P. Giannozzi et al., J. Phys.:Condens. Matter 21 395502 (2009);
          URL http://www.quantum-espresso.org", 
     in publications or presentations arising from this work. More details at
     http://www.quantum-espresso.org/quote

     Parallel version (MPI), running on     8 processors
     R & G space division:  proc/nbgrp/npool/nimage =       8

     ***** This is GIPAW svn revision unknown      *****

     Parallelizing q-star over 1 images

     Reading data from directory:
     /users/majewski/paradichlorobenzene/pbe/9_constraint/scratch/pbe.ecut100.np8.dt60.pcl2phi-129368.save
     Message from routine read_xml_file:
     file /users/majewski/paradichlorobenzene/pbe/9_constraint/scratch/pbe.ecut100.np8.dt60.pcl2phi-129368.save not guaranteed to be safe for post-processing

   Info: using nr1, nr2, nr3 values from input

   Info: using nr1, nr2, nr3 values from input

     IMPORTANT: XC functional enforced from input :
     Exchange-correlation      =  SLA  PW   PBX  PBC ( 1  4  3  4 0 0)
     Any further DFT definition will be discarded
     Please, verify this is what you really want

               file C.pbe-n-kjpaw_psl.1.0.0.UPF: wavefunction(s)  2S 2P renormalized
               file Cl.pbe-n-kjpaw_psl.1.0.0.UPF: wavefunction(s)  3S 3P renormalized
               file H.pbe-kjpaw_psl.1.0.0.UPF: wavefunction(s)  1S renormalized

     Parallelization info
     --------------------
     sticks:   dense  smooth     PW     G-vecs:    dense   smooth      PW
     Min        3057    1223    332               144436    36536    5170
     Max        3059    1225    333               144437    36537    5171
     Sum       24467    9791   2657              1155489   292295   41363


     Subspace diagonalization in iterative solution of the eigenvalue problem:
     a serial algorithm will be used

     GIPAW projectors -----------------------------------------------
     atom=  C    l=0  rc=    1.2000  rs=    0.8000
     atom=  C    l=0  rc=    1.2000  rs=    0.8000
     atom=  C    l=1  rc=    1.4000  rs=    0.9333
     atom=  C    l=1  rc=    1.4000  rs=    0.9333
     projs nearly linearly dependent: l=1  n1,n2= 1, 2  s=  0.99951561

     atom=  Cl   l=0  rc=    1.6000  rs=    1.0667
     atom=  Cl   l=0  rc=    1.6000  rs=    1.0667
     atom=  Cl   l=1  rc=    1.6000  rs=    1.0667
     atom=  Cl   l=1  rc=    1.6000  rs=    1.0667
     atom=  Cl   l=2  rc=    1.6000  rs=    1.0667
     atom=  Cl   l=2  rc=    1.6000  rs=    1.0667
     projs nearly linearly dependent: l=2  n1,n2= 1, 2  s=  0.99993509

     atom=  H    l=0  rc=    1.0000  rs=    0.6667
     atom=  H    l=0  rc=    1.0000  rs=    0.6667
     projs nearly linearly dependent: l=0  n1,n2= 1, 2  s=  0.99968852
     -----------------------------------------------------------------

     GIPAW integrals: -------------------------------------------
     Atom  i/j   nmr_para   nmr_dia   epr_rmc  epr_para   epr_dia
       C   1 1   0.83E+03  0.17E-01  0.93E+01  0.24E+08  0.24E+03
       C   2 1   0.86E+03 -0.61E-01  0.94E+01  0.25E+08  0.25E+03
       C   2 2   0.90E+03 -0.15E+00  0.97E+01  0.26E+08  0.26E+03
       C   3 3   0.33E+01  0.34E+00  0.18E+01  0.55E+03  0.21E+02
       C   4 3   0.35E+01  0.37E+00  0.20E+01  0.59E+03  0.22E+02
       C   4 4   0.38E+01  0.39E+00  0.22E+01  0.63E+03  0.24E+02
       Cl  1 1   0.14E+04 -0.47E+00  0.84E+01  0.32E+09  0.42E+03
       Cl  2 1   0.21E+04 -0.37E+00  0.12E+02  0.49E+09  0.65E+03
       Cl  2 2   0.33E+04 -0.16E+00  0.21E+02  0.76E+09  0.10E+04
       Cl  3 3   0.21E+02  0.79E-01  0.89E+01  0.23E+05  0.13E+03
       Cl  4 3   0.24E+02  0.67E-01  0.99E+01  0.27E+05  0.15E+03
       Cl  4 4   0.28E+02  0.44E-01  0.11E+02  0.32E+05  0.18E+03
       Cl  5 5   0.77E+00  0.19E+00  0.18E+01  0.12E+03  0.22E+02
       Cl  6 5   0.80E+00  0.19E+00  0.19E+01  0.12E+03  0.23E+02
       Cl  6 6   0.83E+00  0.20E+00  0.19E+01  0.12E+03  0.23E+02
       H   1 1   0.39E+02  0.19E+00  0.29E+00  0.78E+05  0.13E+02
       H   2 1   0.41E+02  0.21E+00  0.32E+00  0.82E+05  0.14E+02
       H   2 2   0.43E+02  0.22E+00  0.36E+00  0.86E+05  0.15E+02
     ------------------------------------------------------------

     alpha_pv=     33.9991 eV

     Number of occupied bands for each k-point:
     k-point:     1    nbnd_occ=  42
     k-point:     2    nbnd_occ=  42
     k-point:     3    nbnd_occ=  42
     k-point:     4    nbnd_occ=  42
     k-point:     5    nbnd_occ=  42
     k-point:     6    nbnd_occ=  42
     k-point:     7    nbnd_occ=  42
     k-point:     8    nbnd_occ=  42
     k-point:     9    nbnd_occ=  42
     k-point:    10    nbnd_occ=  42
     k-point:    11    nbnd_occ=  42
     k-point:    12    nbnd_occ=  42
     k-point:    13    nbnd_occ=  42
     k-point:    14    nbnd_occ=  42
     k-point:    15    nbnd_occ=  42
     k-point:    16    nbnd_occ=  42


     q-space interpolation up to   110.00 Rydberg

     GIPAW job: efg                                                                             


     ELECTRIC FIELD GRADIENTS TENSORS IN Hartree/bohrradius^2:

     ----- bare term -----
     Cl   1       -0.108343        0.188774        0.002788
     Cl   1        0.188774       -0.026738        0.014177
     Cl   1        0.002788        0.014177        0.135082

     C    2       -0.048927       -0.009019       -0.274352
     C    2       -0.009019        0.050861       -0.684344
     C    2       -0.274352       -0.684344       -0.001934

     C    3       -0.606962        0.381309       -0.269824
     C    3        0.381309        0.259695       -0.299751
     C    3       -0.269824       -0.299751        0.347267

     H    4       -0.395393       -0.479424       -0.292714
     H    4       -0.479424        0.076721       -0.118154
     H    4       -0.292714       -0.118154        0.318672

     C    5       -0.224581        0.069248       -0.297469
     C    5        0.069248        0.021681       -0.529331
     C    5       -0.297469       -0.529331        0.202899

     H    6        0.385986        0.179220       -0.098866
     H    6        0.179220       -0.734091       -0.068409
     H    6       -0.098866       -0.068409        0.348105

     H    7        0.483834       -0.058841       -0.162887
     H    7       -0.058841       -0.406056        0.449051
     H    7       -0.162887        0.449051       -0.077779

     C    8       -0.877997       -0.351204       -0.332586
     C    8       -0.351204        0.474343        0.097619
     C    8       -0.332586        0.097619        0.403655

     H    9        0.030183       -0.105425       -0.490566
     H    9       -0.105425       -0.023177       -0.212825
     H    9       -0.490566       -0.212825       -0.007006

     C   10        0.131463       -0.155469       -0.124310
     C   10       -0.155469       -0.088756        0.591619
     C   10       -0.124310        0.591619       -0.042707

     C   11       -0.702512       -0.428051       -0.364907
     C   11       -0.428051        0.366334        0.132127
     C   11       -0.364907        0.132127        0.336178

     Cl  12        0.119672       -0.035588       -0.032067
     Cl  12       -0.035588       -0.163956       -0.025415
     Cl  12       -0.032067       -0.025415        0.044284

     H   13        0.536521        0.013771       -0.107908
     H   13        0.013771       -0.162815       -0.290973
     H   13       -0.107908       -0.290973       -0.373706

     C   14       -0.700043        0.362804       -0.272706
     C   14        0.362804        0.365731       -0.323912
     C   14       -0.272706       -0.323912        0.334311

     H   15       -0.222653        0.095502       -0.566359
     H   15        0.095502        0.150683        0.075411
     H   15       -0.566359        0.075411        0.071971

     C   16       -0.022051       -0.058012       -0.260006
     C   16       -0.058012       -0.037553       -0.678465
     C   16       -0.260006       -0.678465        0.059603

     C   17       -0.607070        0.337335       -0.329119
     C   17        0.337335        0.271599       -0.251619
     C   17       -0.329119       -0.251619        0.335470

     Cl  18        0.021211        0.070324       -0.028915
     Cl  18        0.070324        0.058648        0.001175
     Cl  18       -0.028915        0.001175       -0.079860

     H   19        0.460337        0.086685       -0.039887
     H   19        0.086685       -0.509130        0.613781
     H   19       -0.039887        0.613781        0.048793

     C   20       -0.102433       -0.049689       -0.222315
     C   20       -0.049689       -0.060052        0.379132
     C   20       -0.222315        0.379132        0.162484

     H   21       -0.124279        0.272723       -0.484872
     H   21        0.272723        0.172858        0.415770
     H   21       -0.484872        0.415770       -0.048579

     C   22       -0.719645       -0.350221       -0.395375
     C   22       -0.350221        0.247315       -0.011769
     C   22       -0.395375       -0.011769        0.472331

     C   23        0.032894        0.280698       -0.400880
     C   23        0.280698       -0.256536        0.510828
     C   23       -0.400880        0.510828        0.223642

     Cl  24       -0.234130       -0.280357       -0.148508
     Cl  24       -0.280357       -0.050233       -0.103509
     Cl  24       -0.148508       -0.103509        0.284363

     ----- ionic term -----
     Cl   1        0.180098       -0.176107       -0.017136
     Cl   1       -0.176107       -0.034863        0.021907
     Cl   1       -0.017136        0.021907       -0.145235

     C    2        0.235780       -0.146293        0.229486
     C    2       -0.146293        0.045614        0.430611
     C    2        0.229486        0.430611       -0.281394

     C    3        0.197444       -0.245622        0.179796
     C    3       -0.245622        0.126748        0.383585
     C    3        0.179796        0.383585       -0.324192

     H    4        0.679857        0.263320        0.642340
     H    4        0.263320       -0.468171        0.219467
     H    4        0.642340        0.219467       -0.211686

     C    5        0.335403       -0.259378        0.236159
     C    5       -0.259378        0.058951        0.253834
     C    5        0.236159        0.253834       -0.394354

     H    6       -0.475000       -0.087354        0.007887
     H    6       -0.087354        0.813371        0.581733
     H    6        0.007887        0.581733       -0.338371

     H    7       -0.528978       -0.076926        0.071232
     H    7       -0.076926        0.552156       -0.757172
     H    7        0.071232       -0.757172       -0.023178

     C    8        0.198695        0.271187        0.369207
     C    8        0.271187        0.039617       -0.288333
     C    8        0.369207       -0.288333       -0.238312

     H    9        0.467187       -0.163051        0.762976
     H    9       -0.163051       -0.455748       -0.193293
     H    9        0.762976       -0.193293       -0.011439

     C   10        0.082704        0.343465        0.244237
     C   10        0.343465        0.179379       -0.368974
     C   10        0.244237       -0.368974       -0.262083

     C   11        0.089564        0.228114        0.278791
     C   11        0.228114        0.144315       -0.407162
     C   11        0.278791       -0.407162       -0.233879

     Cl  12        0.115623        0.230636        0.022320
     Cl  12        0.230636        0.033694        0.010076
     Cl  12        0.022320        0.010076       -0.149318

     H   13       -0.516025        0.106629        0.072648
     H   13        0.106629        0.480317        0.778219
     H   13        0.072648        0.778219        0.035708

     C   14        0.258086       -0.130366        0.249234
     C   14       -0.130366       -0.009879        0.328315
     C   14        0.249234        0.328315       -0.248208

     H   15        0.516084        0.295925        0.722725
     H   15        0.295925       -0.415687        0.265786
     H   15        0.722725        0.265786       -0.100397

     C   16        0.115661       -0.184679        0.186803
     C   16       -0.184679        0.149203        0.407826
     C   16        0.186803        0.407826       -0.264864

     C   17        0.167408       -0.201108        0.258907
     C   17       -0.201108        0.149924        0.389867
     C   17        0.258907        0.389867       -0.317332

     Cl  18        0.107954       -0.228454        0.015919
     Cl  18       -0.228454        0.041305        0.002835
     Cl  18        0.015919        0.002835       -0.149259

     H   19       -0.527313       -0.069861        0.056824
     H   19       -0.069861        0.562078       -0.745099
     H   19        0.056824       -0.745099       -0.034765

     C   20        0.201071        0.235294        0.303567
     C   20        0.235294        0.090567       -0.280963
     C   20        0.303567       -0.280963       -0.291639

     H   21        0.678449       -0.234040        0.687935
     H   21       -0.234040       -0.469261       -0.194693
     H   21        0.687935       -0.194693       -0.209187

     C   22        0.119206        0.243062        0.254877
     C   22        0.243062        0.215339       -0.363734
     C   22        0.254877       -0.363734       -0.334545

     C   23        0.095549        0.176632        0.374324
     C   23        0.176632        0.127530       -0.411895
     C   23        0.374324       -0.411895       -0.223079

     Cl  24        0.110143        0.200477        0.015412
     Cl  24        0.200477        0.038945       -0.000211
     Cl  24        0.015412       -0.000211       -0.149088

     ----- GIPAW term -----
     Cl   1       -0.466999        0.560790       -0.709874
     Cl   1        0.560790        1.727357       -1.477872
     Cl   1       -0.709874       -1.477872       -1.260358

     C    2       -0.044595       -0.050063       -0.046827
     C    2       -0.050063        0.235256       -0.139433
     C    2       -0.046827       -0.139433       -0.190661

     C    3       -0.220347        0.096781       -0.064520
     C    3        0.096781        0.280467       -0.071802
     C    3       -0.064520       -0.071802       -0.060120

     H    4       -0.000000        0.000000        0.000000
     H    4        0.000000        0.000000        0.000000
     H    4        0.000000        0.000000        0.000000

     C    5       -0.097125        0.006857       -0.039083
     C    5        0.006857        0.179042       -0.155891
     C    5       -0.039083       -0.155891       -0.081917

     H    6       -0.000000        0.000000        0.000000
     H    6        0.000000        0.000000        0.000000
     H    6        0.000000        0.000000        0.000000

     H    7       -0.000000        0.000000        0.000000
     H    7        0.000000        0.000000        0.000000
     H    7        0.000000        0.000000        0.000000

     C    8       -0.216866        0.034534       -0.028217
     C    8        0.034534        0.300018       -0.039619
     C    8       -0.028217       -0.039619       -0.083151

     H    9       -0.000000        0.000000        0.000000
     H    9        0.000000        0.000000        0.000000
     H    9        0.000000        0.000000        0.000000

     C   10       -0.087473       -0.031795       -0.007349
     C   10       -0.031795        0.232324        0.071212
     C   10       -0.007349        0.071212       -0.144851

     C   11       -0.173593       -0.005384       -0.040589
     C   11       -0.005384        0.304991       -0.032737
     C   11       -0.040589       -0.032737       -0.131398

     Cl  12       -0.009417        0.288163       -0.217237
     Cl  12        0.288163        2.276396        0.364247
     Cl  12       -0.217237        0.364247       -2.266979

     H   13       -0.000000        0.000000        0.000000
     H   13        0.000000        0.000000        0.000000
     H   13        0.000000        0.000000        0.000000

     C   14       -0.214591        0.053353       -0.026792
     C   14        0.053353        0.244685       -0.147944
     C   14       -0.026792       -0.147944       -0.030094

     H   15       -0.000000        0.000000        0.000000
     H   15        0.000000        0.000000        0.000000
     H   15        0.000000        0.000000        0.000000

     C   16       -0.105427       -0.124360       -0.032563
     C   16       -0.124360        0.228984       -0.142181
     C   16       -0.032563       -0.142181       -0.123557

     C   17       -0.144316       -0.090293       -0.043971
     C   17       -0.090293        0.273635       -0.023189
     C   17       -0.043971       -0.023189       -0.129319

     Cl  18        0.086411       -0.403569       -0.178074
     Cl  18       -0.403569        2.612556       -0.194691
     Cl  18       -0.178074       -0.194691       -2.698967

     H   19       -0.000000        0.000000        0.000000
     H   19        0.000000        0.000000        0.000000
     H   19        0.000000        0.000000        0.000000

     C   20       -0.122094        0.002509       -0.019611
     C   20        0.002509        0.208524       -0.073424
     C   20       -0.019611       -0.073424       -0.086431

     H   21       -0.000000        0.000000        0.000000
     H   21        0.000000        0.000000        0.000000
     H   21        0.000000        0.000000        0.000000

     C   22       -0.228339        0.030837       -0.118441
     C   22        0.030837        0.156233       -0.197279
     C   22       -0.118441       -0.197279        0.072106

     C   23       -0.041887        0.191034       -0.105249
     C   23        0.191034        0.054321       -0.117379
     C   23       -0.105249       -0.117379       -0.012434

     Cl  24        0.254238        1.721916       -1.650507
     Cl  24        1.721916       -0.260058       -1.347708
     Cl  24       -1.650507       -1.347708        0.005820

     ----- total EFG -----
     Cl   1       -0.395244        0.573458       -0.724223
     Cl   1        0.573458        1.665756       -1.441788
     Cl   1       -0.724223       -1.441788       -1.270512

     C    2        0.142259       -0.205375       -0.091693
     C    2       -0.205375        0.331731       -0.393165
     C    2       -0.091693       -0.393165       -0.473989

     C    3       -0.629865        0.232468       -0.154547
     C    3        0.232468        0.666910        0.012032
     C    3       -0.154547        0.012032       -0.037045

     H    4        0.284465       -0.216104        0.349626
     H    4       -0.216104       -0.391450        0.101313
     H    4        0.349626        0.101313        0.106986

     C    5        0.013698       -0.183273       -0.100393
     C    5       -0.183273        0.259673       -0.431389
     C    5       -0.100393       -0.431389       -0.273371

     H    6       -0.089014        0.091865       -0.090979
     H    6        0.091865        0.079280        0.513324
     H    6       -0.090979        0.513324        0.009734

     H    7       -0.045144       -0.135767       -0.091655
     H    7       -0.135767        0.146100       -0.308121
     H    7       -0.091655       -0.308121       -0.100957

     C    8       -0.896168       -0.045484        0.008403
     C    8       -0.045484        0.813977       -0.230334
     C    8        0.008403       -0.230334        0.082191

     H    9        0.497371       -0.268476        0.272410
     H    9       -0.268476       -0.478925       -0.406119
     H    9        0.272410       -0.406119       -0.018445

     C   10        0.126694        0.156201        0.112578
     C   10        0.156201        0.322947        0.293857
     C   10        0.112578        0.293857       -0.449641

     C   11       -0.786541       -0.205321       -0.126704
     C   11       -0.205321        0.815639       -0.307772
     C   11       -0.126704       -0.307772       -0.029098

     Cl  12        0.225878        0.483211       -0.226984
     Cl  12        0.483211        2.146134        0.348908
     Cl  12       -0.226984        0.348908       -2.372012

     H   13        0.020496        0.120400       -0.035260
     H   13        0.120400        0.317502        0.487246
     H   13       -0.035260        0.487246       -0.337998

     C   14       -0.656547        0.285790       -0.050264
     C   14        0.285790        0.600537       -0.143541
     C   14       -0.050264       -0.143541        0.056010

     H   15        0.293431        0.391427        0.156366
     H   15        0.391427       -0.265005        0.341196
     H   15        0.156366        0.341196       -0.028427

     C   16       -0.011817       -0.367051       -0.105765
     C   16       -0.367051        0.340634       -0.412820
     C   16       -0.105765       -0.412820       -0.328817

     C   17       -0.583977        0.045934       -0.114183
     C   17        0.045934        0.695158        0.115060
     C   17       -0.114183        0.115060       -0.111180

     Cl  18        0.215576       -0.561700       -0.191071
     Cl  18       -0.561700        2.712509       -0.190681
     Cl  18       -0.191071       -0.190681       -2.928086

     H   19       -0.066977        0.016824        0.016937
     H   19        0.016824        0.052948       -0.131318
     H   19        0.016937       -0.131318        0.014028

     C   20       -0.023455        0.188114        0.061641
     C   20        0.188114        0.239040        0.024745
     C   20        0.061641        0.024745       -0.215585

     H   21        0.554170        0.038683        0.203063
     H   21        0.038683       -0.296404        0.221076
     H   21        0.203063        0.221076       -0.257766

     C   22       -0.828778       -0.076322       -0.258939
     C   22       -0.076322        0.618886       -0.572783
     C   22       -0.258939       -0.572783        0.209892

     C   23        0.086557        0.648365       -0.131806
     C   23        0.648365       -0.074685       -0.018446
     C   23       -0.131806       -0.018446       -0.011872

     Cl  24        0.130251        1.642035       -1.783603
     Cl  24        1.642035       -0.271346       -1.451428
     Cl  24       -1.783603       -1.451428        0.141095

     ----- total EFG (symmetrized) -----
     Cl   1       -0.395244        0.573458       -0.724223
     Cl   1        0.573458        1.665756       -1.441788
     Cl   1       -0.724223       -1.441788       -1.270512

     C    2        0.142259       -0.205375       -0.091693
     C    2       -0.205375        0.331731       -0.393165
     C    2       -0.091693       -0.393165       -0.473989

     C    3       -0.629865        0.232468       -0.154547
     C    3        0.232468        0.666910        0.012032
     C    3       -0.154547        0.012032       -0.037045

     H    4        0.284465       -0.216104        0.349626
     H    4       -0.216104       -0.391450        0.101313
     H    4        0.349626        0.101313        0.106986

     C    5        0.013698       -0.183273       -0.100393
     C    5       -0.183273        0.259673       -0.431389
     C    5       -0.100393       -0.431389       -0.273371

     H    6       -0.089014        0.091865       -0.090979
     H    6        0.091865        0.079280        0.513324
     H    6       -0.090979        0.513324        0.009734

     H    7       -0.045144       -0.135767       -0.091655
     H    7       -0.135767        0.146100       -0.308121
     H    7       -0.091655       -0.308121       -0.100957

     C    8       -0.896168       -0.045484        0.008403
     C    8       -0.045484        0.813977       -0.230334
     C    8        0.008403       -0.230334        0.082191

     H    9        0.497371       -0.268476        0.272410
     H    9       -0.268476       -0.478925       -0.406119
     H    9        0.272410       -0.406119       -0.018445

     C   10        0.126694        0.156201        0.112578
     C   10        0.156201        0.322947        0.293857
     C   10        0.112578        0.293857       -0.449641

     C   11       -0.786541       -0.205321       -0.126704
     C   11       -0.205321        0.815639       -0.307772
     C   11       -0.126704       -0.307772       -0.029098

     Cl  12        0.225878        0.483211       -0.226984
     Cl  12        0.483211        2.146134        0.348908
     Cl  12       -0.226984        0.348908       -2.372012

     H   13        0.020496        0.120400       -0.035260
     H   13        0.120400        0.317502        0.487246
     H   13       -0.035260        0.487246       -0.337998

     C   14       -0.656547        0.285790       -0.050264
     C   14        0.285790        0.600537       -0.143541
     C   14       -0.050264       -0.143541        0.056010

     H   15        0.293431        0.391427        0.156366
     H   15        0.391427       -0.265005        0.341196
     H   15        0.156366        0.341196       -0.028427

     C   16       -0.011817       -0.367051       -0.105765
     C   16       -0.367051        0.340634       -0.412820
     C   16       -0.105765       -0.412820       -0.328817

     C   17       -0.583977        0.045934       -0.114183
     C   17        0.045934        0.695158        0.115060
     C   17       -0.114183        0.115060       -0.111180

     Cl  18        0.215576       -0.561700       -0.191071
     Cl  18       -0.561700        2.712509       -0.190681
     Cl  18       -0.191071       -0.190681       -2.928086

     H   19       -0.066977        0.016824        0.016937
     H   19        0.016824        0.052948       -0.131318
     H   19        0.016937       -0.131318        0.014028

     C   20       -0.023455        0.188114        0.061641
     C   20        0.188114        0.239040        0.024745
     C   20        0.061641        0.024745       -0.215585

     H   21        0.554170        0.038683        0.203063
     H   21        0.038683       -0.296404        0.221076
     H   21        0.203063        0.221076       -0.257766

     C   22       -0.828778       -0.076322       -0.258939
     C   22       -0.076322        0.618886       -0.572783
     C   22       -0.258939       -0.572783        0.209892

     C   23        0.086557        0.648365       -0.131806
     C   23        0.648365       -0.074685       -0.018446
     C   23       -0.131806       -0.018446       -0.011872

     Cl  24        0.130251        1.642035       -1.783603
     Cl  24        1.642035       -0.271346       -1.451428
     Cl  24       -1.783603       -1.451428        0.141095


     NQR/NMR SPECTROSCOPIC PARAMETERS:
     Cl   1    Vxx=   -0.4827    axis=(  0.914885 -0.362902 -0.176884)
     Cl   1    Vyy=   -2.0014    axis=(  0.297163  0.308763  0.903526)
     Cl   1    Vzz=    2.4841    axis=( -0.273277 -0.879186  0.390323)
     Cl   1  Q=        -8.1650 1e-30 m^2  Cq=       -47.6562 MHz  eta= 0.61137

     C    2    Vxx=    0.1135    axis=(  0.906678  0.271250 -0.323046)
     C    2    Vyy=    0.5540    axis=(  0.370569 -0.878068  0.302779)
     C    2    Vzz=   -0.6675    axis=(  0.201527  0.394234  0.896642)
     C    2  Q=         1.0000 1e-30 m^2  Cq=        -1.5683 MHz  eta= 0.65995

     C    3    Vxx=   -0.0017    axis=( -0.218110  0.058301  0.974181)
     C    3    Vyy=   -0.7059    axis=( -0.960385  0.164601 -0.224872)
     C    3    Vzz=    0.7076    axis=( -0.173461 -0.984636  0.020090)
     C    3  Q=         1.0000 1e-30 m^2  Cq=         1.6626 MHz  eta= 0.99513

     H    4    Vxx=   -0.0423    axis=( -0.458641  0.497571  0.736255)
     H    4    Vyy=   -0.5272    axis=(  0.377560  0.859145 -0.345425)
     H    4    Vzz=    0.5695    axis=( -0.804423  0.119554 -0.581902)
     H    4  Q=         1.0000 1e-30 m^2  Cq=         1.3381 MHz  eta= 0.85130

     C    5    Vxx=    0.0429    axis=(  0.928449  0.053432 -0.367598)
     C    5    Vyy=    0.5259    axis=(  0.224558 -0.869035  0.440853)
     C    5    Vzz=   -0.5688    axis=( -0.295900 -0.491856 -0.818853)
     C    5  Q=         1.0000 1e-30 m^2  Cq=        -1.3364 MHz  eta= 0.84915

     H    6    Vxx=   -0.0494    axis=(  0.955894  0.194735 -0.219874)
     H    6    Vyy=   -0.5097    axis=( -0.293604  0.653703 -0.697473)
     H    6    Vzz=    0.5590    axis=( -0.007910 -0.731266 -0.682046)
     H    6  Q=         1.0000 1e-30 m^2  Cq=         1.3135 MHz  eta= 0.82337

     H    7    Vxx=    0.0151    axis=(  0.893770 -0.101352 -0.436925)
     H    7    Vyy=    0.3645    axis=(  0.160563 -0.837281  0.522667)
     H    7    Vzz=   -0.3795    axis=( -0.418802 -0.537298 -0.732063)
     H    7  Q=         1.0000 1e-30 m^2  Cq=        -0.8918 MHz  eta= 0.92065

     C    8    Vxx=    0.0158    axis=( -0.004961  0.276981  0.960863)
     C    8    Vyy=    0.8816    axis=( -0.025883  0.960517 -0.277015)
     C    8    Vzz=   -0.8974    axis=( -0.999653 -0.026245  0.002405)
     C    8  Q=         1.0000 1e-30 m^2  Cq=        -2.1085 MHz  eta= 0.96490

     H    9    Vxx=   -0.0340    axis=(  0.560846  0.347477 -0.751473)
     H    9    Vyy=   -0.7239    axis=(  0.087795  0.877585  0.471314)
     H    9    Vzz=    0.7579    axis=( -0.823252  0.330310 -0.461684)
     H    9  Q=         1.0000 1e-30 m^2  Cq=         1.7807 MHz  eta= 0.91036

     C   10    Vxx=    0.0429    axis=(  0.896337 -0.439638 -0.057427)
     C   10    Vyy=    0.5108    axis=(  0.434636  0.845688  0.309682)
     C   10    Vzz=   -0.5537    axis=( -0.087583 -0.302539  0.949104)
     C   10  Q=         1.0000 1e-30 m^2  Cq=        -1.3010 MHz  eta= 0.84516

     C   11    Vxx=   -0.0828    axis=( -0.244906  0.263645  0.933013)
     C   11    Vyy=   -0.8475    axis=(  0.965155  0.157783  0.208757)
     C   11    Vzz=    0.9303    axis=( -0.092175  0.951628 -0.293100)
     C   11  Q=         1.0000 1e-30 m^2  Cq=         2.1859 MHz  eta= 0.82198

     Cl  12    Vxx=    0.1467    axis=( -0.969808  0.213950  0.117037)
     Cl  12    Vyy=    2.2787    axis=(  0.222162  0.973027  0.062155)
     Cl  12    Vzz=   -2.4254    axis=(  0.100582 -0.086280  0.991181)
     Cl  12  Q=        -8.1650 1e-30 m^2  Cq=        46.5304 MHz  eta= 0.87906

     H   13    Vxx=    0.0186    axis=(  0.977729 -0.073191 -0.196698)
     H   13    Vyy=    0.5912    axis=(  0.156982  0.877090  0.453949)
     H   13    Vzz=   -0.6098    axis=(  0.139297 -0.474717  0.869045)
     H   13  Q=         1.0000 1e-30 m^2  Cq=        -1.4328 MHz  eta= 0.93908

     C   14    Vxx=    0.0210    axis=(  0.024395  0.228985  0.973124)
     C   14    Vyy=    0.6980    axis=(  0.209090  0.950716 -0.228954)
     C   14    Vzz=   -0.7189    axis=( -0.977592  0.209056 -0.024685)
     C   14  Q=         1.0000 1e-30 m^2  Cq=        -1.6892 MHz  eta= 0.94165

     H   15    Vxx=   -0.0559    axis=( -0.579883  0.202234  0.789201)
     H   15    Vyy=   -0.5806    axis=( -0.300944  0.847016 -0.438174)
     H   15    Vzz=    0.6365    axis=( -0.757079 -0.491595 -0.430309)
     H   15  Q=         1.0000 1e-30 m^2  Cq=         1.4955 MHz  eta= 0.82438

     C   16    Vxx=   -0.0275    axis=(  0.812473  0.193271 -0.550031)
     C   16    Vyy=   -0.6404    axis=(  0.410685  0.479897  0.775266)
     C   16    Vzz=    0.6679    axis=(  0.413795 -0.855772  0.310529)
     C   16  Q=         1.0000 1e-30 m^2  Cq=         1.5693 MHz  eta= 0.91757

     C   17    Vxx=   -0.0980    axis=(  0.238163  0.125911 -0.963029)
     C   17    Vyy=   -0.6140    axis=(  0.970948 -0.054546  0.232990)
     C   17    Vzz=    0.7119    axis=( -0.023194 -0.990541 -0.135244)
     C   17  Q=         1.0000 1e-30 m^2  Cq=         1.6728 MHz  eta= 0.72474

     Cl  18    Vxx=    0.1119    axis=(  0.975873  0.205337 -0.074215)
     Cl  18    Vyy=    2.8368    axis=(  0.207692 -0.977863  0.025461)
     Cl  18    Vzz=   -2.9487    axis=(  0.067344  0.040260  0.996917)
     Cl  18  Q=        -8.1650 1e-30 m^2  Cq=        56.5692 MHz  eta= 0.92409

     H   19    Vxx=   -0.0544    axis=(  0.883432  0.300965  0.359120)
     H   19    Vyy=   -0.1119    axis=(  0.468503 -0.579234 -0.667078)
     H   19    Vzz=    0.1663    axis=( -0.007247 -0.757567  0.652718)
     H   19  Q=         1.0000 1e-30 m^2  Cq=         0.3906 MHz  eta= 0.34605

     C   20    Vxx=   -0.1055    axis=(  0.811678 -0.468281  0.349131)
     C   20    Vyy=   -0.2363    axis=( -0.349407  0.089725  0.932665)
     C   20    Vzz=    0.3418    axis=( -0.468075 -0.879012 -0.090793)
     C   20  Q=         1.0000 1e-30 m^2  Cq=         0.8030 MHz  eta= 0.38280

     H   21    Vxx=   -0.1004    axis=( -0.248358  0.702775  0.666653)
     H   21    Vyy=   -0.5108    axis=( -0.108250 -0.704041  0.701861)
     H   21    Vzz=    0.6112    axis=(  0.962601  0.102148  0.250929)
     H   21  Q=         1.0000 1e-30 m^2  Cq=         1.4361 MHz  eta= 0.67160

     C   22    Vxx=   -0.1044    axis=( -0.329965  0.564399  0.756688)
     C   22    Vyy=   -0.9223    axis=(  0.942767  0.156178  0.294617)
     C   22    Vzz=    1.0268    axis=(  0.048104  0.810594 -0.583630)
     C   22  Q=         1.0000 1e-30 m^2  Cq=         2.4125 MHz  eta= 0.79660

     C   23    Vxx=   -0.0214    axis=(  0.043687  0.192037  0.980415)
     C   23    Vyy=   -0.6559    axis=(  0.664895 -0.738041  0.114935)
     C   23    Vzz=    0.6773    axis=(  0.745658  0.646852 -0.159927)
     C   23  Q=         1.0000 1e-30 m^2  Cq=         1.5913 MHz  eta= 0.93693

     Cl  24    Vxx=   -1.5173    axis=(  0.188549  0.629540  0.753743)
     Cl  24    Vyy=   -1.7538    axis=( -0.768882  0.572109 -0.285501)
     Cl  24    Vzz=    3.2712    axis=( -0.610958 -0.525709  0.591913)
     Cl  24  Q=        -8.1650 1e-30 m^2  Cq=       -62.7558 MHz  eta= 0.07230

     Initialization:
     gipaw_setup  :      9.02s CPU     11.08s WALL (       1 calls)

     Linear response

     Apply operators

     Induced current

     Other routines
     efg          :      9.62s CPU     12.25s WALL (       1 calls)

     General routines
     calbec       :      3.40s CPU      4.52s WALL (      16 calls)
     fft          :      1.65s CPU      2.67s WALL (      15 calls)
     ffts         :      0.03s CPU      0.05s WALL (       2 calls)
     fftw         :      3.37s CPU      4.16s WALL (     672 calls)
     davcio       :      0.04s CPU      0.34s WALL (      32 calls)

     Parallel routines
     fft_scatter  :      2.34s CPU      4.05s WALL (     689 calls)

     Plugins

     GIPAW        :     61.79s CPU     73.75s WALL (       1 calls)
