
     Program QE v.6.0 (svn rev. 13079) starts on 15Dec2016 at  0:35: 5 

     This program is part of the open-source Quantum ESPRESSO suite
     for quantum simulation of materials; please cite
         "P. Giannozzi et al., J. Phys.:Condens. Matter 21 395502 (2009);
          URL http://www.quantum-espresso.org", 
     in publications or presentations arising from this work. More details at
     http://www.quantum-espresso.org/quote

     Parallel version (MPI), running on     8 processors
     R & G space division:  proc/nbgrp/npool/nimage =       8

     ***** This is GIPAW svn revision unknown      *****

     Parallelizing q-star over 1 images

     Reading data from directory:
     /users/majewski/paradichlorobenzene/pbe/9_constraint/scratch/pbe.ecut100.np8.dt60.pcl2phi-129368.save
     Message from routine read_xml_file:
     file /users/majewski/paradichlorobenzene/pbe/9_constraint/scratch/pbe.ecut100.np8.dt60.pcl2phi-129368.save not guaranteed to be safe for post-processing

   Info: using nr1, nr2, nr3 values from input

   Info: using nr1, nr2, nr3 values from input

     IMPORTANT: XC functional enforced from input :
     Exchange-correlation      =  SLA  PW   PBX  PBC ( 1  4  3  4 0 0)
     Any further DFT definition will be discarded
     Please, verify this is what you really want

               file C.pbe-n-kjpaw_psl.1.0.0.UPF: wavefunction(s)  2S 2P renormalized
               file Cl.pbe-n-kjpaw_psl.1.0.0.UPF: wavefunction(s)  3S 3P renormalized
               file H.pbe-kjpaw_psl.1.0.0.UPF: wavefunction(s)  1S renormalized

     Parallelization info
     --------------------
     sticks:   dense  smooth     PW     G-vecs:    dense   smooth      PW
     Min        3057    1223    332               144436    36536    5170
     Max        3059    1225    333               144437    36537    5171
     Sum       24467    9791   2657              1155489   292295   41363


     Subspace diagonalization in iterative solution of the eigenvalue problem:
     a serial algorithm will be used

     GIPAW projectors -----------------------------------------------
     atom=  C    l=0  rc=    1.2000  rs=    0.8000
     atom=  C    l=0  rc=    1.2000  rs=    0.8000
     atom=  C    l=1  rc=    1.4000  rs=    0.9333
     atom=  C    l=1  rc=    1.4000  rs=    0.9333
     projs nearly linearly dependent: l=1  n1,n2= 1, 2  s=  0.99951561

     atom=  Cl   l=0  rc=    1.6000  rs=    1.0667
     atom=  Cl   l=0  rc=    1.6000  rs=    1.0667
     atom=  Cl   l=1  rc=    1.6000  rs=    1.0667
     atom=  Cl   l=1  rc=    1.6000  rs=    1.0667
     atom=  Cl   l=2  rc=    1.6000  rs=    1.0667
     atom=  Cl   l=2  rc=    1.6000  rs=    1.0667
     projs nearly linearly dependent: l=2  n1,n2= 1, 2  s=  0.99993509

     atom=  H    l=0  rc=    1.0000  rs=    0.6667
     atom=  H    l=0  rc=    1.0000  rs=    0.6667
     projs nearly linearly dependent: l=0  n1,n2= 1, 2  s=  0.99968852
     -----------------------------------------------------------------

     GIPAW integrals: -------------------------------------------
     Atom  i/j   nmr_para   nmr_dia   epr_rmc  epr_para   epr_dia
       C   1 1   0.83E+03  0.17E-01  0.93E+01  0.24E+08  0.24E+03
       C   2 1   0.86E+03 -0.61E-01  0.94E+01  0.25E+08  0.25E+03
       C   2 2   0.90E+03 -0.15E+00  0.97E+01  0.26E+08  0.26E+03
       C   3 3   0.33E+01  0.34E+00  0.18E+01  0.55E+03  0.21E+02
       C   4 3   0.35E+01  0.37E+00  0.20E+01  0.59E+03  0.22E+02
       C   4 4   0.38E+01  0.39E+00  0.22E+01  0.63E+03  0.24E+02
       Cl  1 1   0.14E+04 -0.47E+00  0.84E+01  0.32E+09  0.42E+03
       Cl  2 1   0.21E+04 -0.37E+00  0.12E+02  0.49E+09  0.65E+03
       Cl  2 2   0.33E+04 -0.16E+00  0.21E+02  0.76E+09  0.10E+04
       Cl  3 3   0.21E+02  0.79E-01  0.89E+01  0.23E+05  0.13E+03
       Cl  4 3   0.24E+02  0.67E-01  0.99E+01  0.27E+05  0.15E+03
       Cl  4 4   0.28E+02  0.44E-01  0.11E+02  0.32E+05  0.18E+03
       Cl  5 5   0.77E+00  0.19E+00  0.18E+01  0.12E+03  0.22E+02
       Cl  6 5   0.80E+00  0.19E+00  0.19E+01  0.12E+03  0.23E+02
       Cl  6 6   0.83E+00  0.20E+00  0.19E+01  0.12E+03  0.23E+02
       H   1 1   0.39E+02  0.19E+00  0.29E+00  0.78E+05  0.13E+02
       H   2 1   0.41E+02  0.21E+00  0.32E+00  0.82E+05  0.14E+02
       H   2 2   0.43E+02  0.22E+00  0.36E+00  0.86E+05  0.15E+02
     ------------------------------------------------------------

     alpha_pv=     33.4719 eV

     Number of occupied bands for each k-point:
     k-point:     1    nbnd_occ=  42
     k-point:     2    nbnd_occ=  42
     k-point:     3    nbnd_occ=  42
     k-point:     4    nbnd_occ=  42
     k-point:     5    nbnd_occ=  42
     k-point:     6    nbnd_occ=  42
     k-point:     7    nbnd_occ=  42
     k-point:     8    nbnd_occ=  42
     k-point:     9    nbnd_occ=  42
     k-point:    10    nbnd_occ=  42
     k-point:    11    nbnd_occ=  42
     k-point:    12    nbnd_occ=  42
     k-point:    13    nbnd_occ=  42
     k-point:    14    nbnd_occ=  42
     k-point:    15    nbnd_occ=  42
     k-point:    16    nbnd_occ=  42


     q-space interpolation up to   110.00 Rydberg

     GIPAW job: efg                                                                             


     ELECTRIC FIELD GRADIENTS TENSORS IN Hartree/bohrradius^2:

     ----- bare term -----
     Cl   1       -0.088143        0.038549        0.071190
     Cl   1        0.038549       -0.015939        0.151682
     Cl   1        0.071190        0.151682        0.104081

     C    2       -0.284111        0.055420       -0.358879
     C    2        0.055420       -0.094080       -0.503784
     C    2       -0.358879       -0.503784        0.378191

     C    3       -0.103400        0.113427       -0.351481
     C    3        0.113427       -0.236762       -0.528911
     C    3       -0.351481       -0.528911        0.340162

     H    4       -0.438542       -0.024426       -0.533271
     H    4       -0.024426        0.305601       -0.088462
     H    4       -0.533271       -0.088462        0.132940

     C    5       -0.264896        0.273902       -0.267900
     C    5        0.273902       -0.170922       -0.421060
     C    5       -0.267900       -0.421060        0.435818

     H    6        0.337140       -0.097442       -0.293486
     H    6       -0.097442       -0.128794       -0.479702
     H    6       -0.293486       -0.479702       -0.208346

     H    7        0.373333        0.036980       -0.049764
     H    7        0.036980       -0.556112        0.446686
     H    7       -0.049764        0.446686        0.182779

     C    8       -0.415491       -0.204547       -0.419315
     C    8       -0.204547        0.031487        0.366840
     C    8       -0.419315        0.366840        0.384004

     H    9       -0.402022        0.159292       -0.525578
     H    9        0.159292        0.313414        0.160800
     H    9       -0.525578        0.160800        0.088608

     C   10       -0.127087       -0.360636       -0.242491
     C   10       -0.360636       -0.236680        0.560036
     C   10       -0.242491        0.560036        0.363767

     C   11       -0.188405       -0.064021       -0.440131
     C   11       -0.064021       -0.078759        0.486196
     C   11       -0.440131        0.486196        0.267164

     Cl  12        0.008891        0.044228       -0.039142
     Cl  12        0.044228       -0.006643        0.003666
     Cl  12       -0.039142        0.003666       -0.002249

     H   13        0.504130       -0.026436        0.025650
     H   13       -0.026436       -0.051235       -0.394742
     H   13        0.025650       -0.394742       -0.452895

     C   14       -0.400149        0.293121       -0.262147
     C   14        0.293121       -0.074390       -0.454851
     C   14       -0.262147       -0.454851        0.474538

     H   15       -0.430088        0.003061       -0.484179
     H   15        0.003061        0.213512       -0.143221
     H   15       -0.484179       -0.143221        0.216576

     C   16       -0.135991        0.371029       -0.258975
     C   16        0.371029       -0.228615       -0.563037
     C   16       -0.258975       -0.563037        0.364606

     C   17       -0.235800        0.012721       -0.385533
     C   17        0.012721       -0.063837       -0.472394
     C   17       -0.385533       -0.472394        0.299637

     Cl  18       -0.057124        0.011353       -0.093623
     Cl  18        0.011353       -0.048351       -0.077678
     Cl  18       -0.093623       -0.077678        0.105475

     H   19        0.386197        0.066010       -0.051174
     H   19        0.066010       -0.410240        0.553134
     H   19       -0.051174        0.553134        0.024043

     C   20       -0.283060       -0.288698       -0.257162
     C   20       -0.288698       -0.176963        0.416535
     C   20       -0.257162        0.416535        0.460023

     H   21       -0.506935        0.068089       -0.493000
     H   21        0.068089        0.331074        0.124749
     H   21       -0.493000        0.124749        0.175861

     C   22       -0.310003       -0.210295       -0.285226
     C   22       -0.210295       -0.148319        0.474113
     C   22       -0.285226        0.474113        0.458322

     C   23       -0.152121       -0.149051       -0.279088
     C   23       -0.149051       -0.222652        0.498927
     C   23       -0.279088        0.498927        0.374773

     Cl  24       -0.024810        0.003021       -0.045783
     Cl  24        0.003021        0.114682        0.058906
     Cl  24       -0.045783        0.058906       -0.089872

     ----- ionic term -----
     Cl   1        0.082230       -0.202659       -0.005338
     Cl   1       -0.202659        0.054102        0.014822
     Cl   1       -0.005338        0.014822       -0.136332

     C    2        0.116744       -0.172994        0.280666
     C    2       -0.172994        0.103596        0.417095
     C    2        0.280666        0.417095       -0.220341

     C    3        0.106657       -0.176632        0.196995
     C    3       -0.176632        0.113843        0.406774
     C    3        0.196995        0.406774       -0.220500

     H    4        0.542541        0.205835        0.727386
     H    4        0.205835       -0.496165        0.202813
     H    4        0.727386        0.202813       -0.046377

     C    5        0.258291       -0.085646        0.265563
     C    5       -0.085646       -0.026924        0.345034
     C    5        0.265563        0.345034       -0.231366

     H    6       -0.507009        0.169216        0.136897
     H    6        0.169216        0.415017        0.794737
     H    6        0.136897        0.794737        0.091992

     H    7       -0.500920       -0.125347        0.092253
     H    7       -0.125347        0.751422       -0.637258
     H    7        0.092253       -0.637258       -0.250502

     C    8        0.252350        0.189187        0.334273
     C    8        0.189187        0.060551       -0.264494
     C    8        0.334273       -0.264494       -0.312901

     H    9        0.649156       -0.334875        0.626254
     H    9       -0.334875       -0.407167       -0.245455
     H    9        0.626254       -0.245455       -0.241989

     C   10        0.126110        0.221784        0.208264
     C   10        0.221784        0.173285       -0.383059
     C   10        0.208264       -0.383059       -0.299396

     C   11        0.164861        0.161901        0.277146
     C   11        0.161901        0.071442       -0.428033
     C   11        0.277146       -0.428033       -0.236303

     Cl  12        0.154541        0.191902       -0.001395
     Cl  12        0.191902       -0.023562       -0.010517
     Cl  12       -0.001395       -0.010517       -0.130979

     H   13       -0.517533        0.050834        0.068391
     H   13        0.050834        0.559393        0.763779
     H   13        0.068391        0.763779       -0.041860

     C   14        0.269994       -0.268101        0.236378
     C   14       -0.268101        0.000162        0.325624
     C   14        0.236378        0.325624       -0.270156

     H   15        0.774644        0.240923        0.567667
     H   15        0.240923       -0.483045        0.196698
     H   15        0.567667        0.196698       -0.291599

     C   16        0.206010       -0.304272        0.113194
     C   16       -0.304272        0.074370        0.419374
     C   16        0.113194        0.419374       -0.280380

     C   17        0.221140       -0.137380        0.229384
     C   17       -0.137380       -0.009798        0.450331
     C   17        0.229384        0.450331       -0.211342

     Cl  18        0.147766       -0.190521       -0.014410
     Cl  18       -0.190521       -0.022449        0.014805
     Cl  18       -0.014410        0.014805       -0.125317

     H   19       -0.521276       -0.054434        0.037538
     H   19       -0.054434        0.646797       -0.711263
     H   19        0.037538       -0.711263       -0.125521

     C   20        0.227315        0.200758        0.297246
     C   20        0.200758        0.053147       -0.289691
     C   20        0.297246       -0.289691       -0.280462

     H   21        0.735808       -0.280835        0.592779
     H   21       -0.280835       -0.447061       -0.196708
     H   21        0.592779       -0.196708       -0.288746

     C   22        0.157926        0.241177        0.194529
     C   22        0.241177        0.160544       -0.358081
     C   22        0.194529       -0.358081       -0.318470

     C   23        0.135038        0.185050        0.303477
     C   23        0.185050        0.121304       -0.398933
     C   23        0.303477       -0.398933       -0.256342

     Cl  24        0.101287        0.209342        0.011217
     Cl  24        0.209342        0.041527        0.000410
     Cl  24        0.011217        0.000410       -0.142814

     ----- GIPAW term -----
     Cl   1        0.269953       -1.547012        0.612770
     Cl   1       -1.547012       -0.004850        1.549104
     Cl   1        0.612770        1.549104       -0.265103

     C    2       -0.003474       -0.116323       -0.089955
     C    2       -0.116323       -0.039653       -0.095726
     C    2       -0.089955       -0.095726        0.043127

     C    3        0.016857       -0.023945       -0.118543
     C    3       -0.023945       -0.047369       -0.081806
     C    3       -0.118543       -0.081806        0.030512

     H    4       -0.000000        0.000000        0.000000
     H    4        0.000000        0.000000        0.000000
     H    4        0.000000        0.000000        0.000000

     C    5       -0.021289        0.060484       -0.022998
     C    5        0.060484       -0.058226       -0.077519
     C    5       -0.022998       -0.077519        0.079514

     H    6       -0.000000        0.000000        0.000000
     H    6        0.000000        0.000000        0.000000
     H    6        0.000000        0.000000        0.000000

     H    7       -0.000000        0.000000        0.000000
     H    7        0.000000        0.000000        0.000000
     H    7        0.000000        0.000000        0.000000

     C    8       -0.024681       -0.055690       -0.064884
     C    8       -0.055690       -0.011686        0.065543
     C    8       -0.064884        0.065543        0.036366

     H    9       -0.000000        0.000000        0.000000
     H    9        0.000000        0.000000        0.000000
     H    9        0.000000        0.000000        0.000000

     C   10       -0.047006       -0.091689       -0.080112
     C   10       -0.091689       -0.001741        0.136624
     C   10       -0.080112        0.136624        0.048748

     C   11        0.052655        0.092087       -0.101055
     C   11        0.092087        0.008872        0.094974
     C   11       -0.101055        0.094974       -0.061528

     Cl  12        1.469819        2.522572       -0.325504
     Cl  12        2.522572        0.019748        0.030739
     Cl  12       -0.325504        0.030739       -1.489567

     H   13       -0.000000        0.000000        0.000000
     H   13        0.000000        0.000000        0.000000
     H   13        0.000000        0.000000        0.000000

     C   14       -0.133592        0.060384       -0.065850
     C   14        0.060384       -0.064221       -0.196889
     C   14       -0.065850       -0.196889        0.197814

     H   15       -0.000000        0.000000        0.000000
     H   15        0.000000        0.000000        0.000000
     H   15        0.000000        0.000000        0.000000

     C   16       -0.056309        0.101337       -0.101219
     C   16        0.101337       -0.009895       -0.157123
     C   16       -0.101219       -0.157123        0.066205

     C   17        0.040236       -0.129660       -0.056209
     C   17       -0.129660       -0.004882       -0.060350
     C   17       -0.056209       -0.060350       -0.035353

     Cl  18        0.896712       -1.999416       -0.869845
     Cl  18       -1.999416       -0.406761       -0.635787
     Cl  18       -0.869845       -0.635787       -0.489951

     H   19       -0.000000        0.000000        0.000000
     H   19        0.000000        0.000000        0.000000
     H   19        0.000000        0.000000        0.000000

     C   20       -0.030606       -0.056361       -0.017575
     C   20       -0.056361       -0.073534        0.079087
     C   20       -0.017575        0.079087        0.104140

     H   21       -0.000000        0.000000        0.000000
     H   21        0.000000        0.000000        0.000000
     H   21        0.000000        0.000000        0.000000

     C   22       -0.120268       -0.006626       -0.046313
     C   22       -0.006626       -0.034808        0.104261
     C   22       -0.046313        0.104261        0.155076

     C   23        0.046217        0.111627       -0.021670
     C   23        0.111627       -0.050412        0.092204
     C   23       -0.021670        0.092204        0.004195

     Cl  24        0.940582        1.995336       -0.296223
     Cl  24        1.995336        1.164532        0.552793
     Cl  24       -0.296223        0.552793       -2.105114

     ----- total EFG -----
     Cl   1        0.264040       -1.711122        0.678621
     Cl   1       -1.711122        0.033313        1.715608
     Cl   1        0.678621        1.715608       -0.297353

     C    2       -0.170840       -0.233897       -0.168168
     C    2       -0.233897       -0.030137       -0.182415
     C    2       -0.168168       -0.182415        0.200977

     C    3        0.020114       -0.087150       -0.273029
     C    3       -0.087150       -0.170288       -0.203943
     C    3       -0.273029       -0.203943        0.150174

     H    4        0.104000        0.181408        0.194115
     H    4        0.181408       -0.190564        0.114350
     H    4        0.194115        0.114350        0.086564

     C    5       -0.027894        0.248740       -0.025335
     C    5        0.248740       -0.256072       -0.153546
     C    5       -0.025335       -0.153546        0.283966

     H    6       -0.169868        0.071773       -0.156590
     H    6        0.071773        0.286223        0.315036
     H    6       -0.156590        0.315036       -0.116354

     H    7       -0.127587       -0.088367        0.042489
     H    7       -0.088367        0.195310       -0.190572
     H    7        0.042489       -0.190572       -0.067723

     C    8       -0.187822       -0.071051       -0.149927
     C    8       -0.071051        0.080353        0.167889
     C    8       -0.149927        0.167889        0.107469

     H    9        0.247134       -0.175582        0.100676
     H    9       -0.175582       -0.093753       -0.084655
     H    9        0.100676       -0.084655       -0.153381

     C   10       -0.047983       -0.230541       -0.114339
     C   10       -0.230541       -0.065136        0.313601
     C   10       -0.114339        0.313601        0.113119

     C   11        0.029111        0.189966       -0.264040
     C   11        0.189966        0.001555        0.153138
     C   11       -0.264040        0.153138       -0.030666

     Cl  12        1.633251        2.758702       -0.366040
     Cl  12        2.758702       -0.010456        0.023888
     Cl  12       -0.366040        0.023888       -1.622794

     H   13       -0.013403        0.024399        0.094041
     H   13        0.024399        0.508158        0.369037
     H   13        0.094041        0.369037       -0.494755

     C   14       -0.263747        0.085404       -0.091619
     C   14        0.085404       -0.138449       -0.326116
     C   14       -0.091619       -0.326116        0.402196

     H   15        0.344556        0.243984        0.083488
     H   15        0.243984       -0.269533        0.053477
     H   15        0.083488        0.053477       -0.075023

     C   16        0.013710        0.168095       -0.247000
     C   16        0.168095       -0.164141       -0.300786
     C   16       -0.247000       -0.300786        0.150431

     C   17        0.025575       -0.254320       -0.212358
     C   17       -0.254320       -0.078517       -0.082413
     C   17       -0.212358       -0.082413        0.052942

     Cl  18        0.987355       -2.178585       -0.977877
     Cl  18       -2.178585       -0.477562       -0.698661
     Cl  18       -0.977877       -0.698661       -0.509793

     H   19       -0.135079        0.011576       -0.013635
     H   19        0.011576        0.236557       -0.158129
     H   19       -0.013635       -0.158129       -0.101478

     C   20       -0.086351       -0.144301        0.022509
     C   20       -0.144301       -0.197350        0.205930
     C   20        0.022509        0.205930        0.283701

     H   21        0.228872       -0.212746        0.099779
     H   21       -0.212746       -0.115987       -0.071959
     H   21        0.099779       -0.071959       -0.112885

     C   22       -0.272345        0.024256       -0.137011
     C   22        0.024256       -0.022583        0.220293
     C   22       -0.137011        0.220293        0.294928

     C   23        0.029134        0.147626        0.002719
     C   23        0.147626       -0.151760        0.192198
     C   23        0.002719        0.192198        0.122626

     Cl  24        1.017059        2.207700       -0.330789
     Cl  24        2.207700        1.320741        0.612109
     Cl  24       -0.330789        0.612109       -2.337800

     ----- total EFG (symmetrized) -----
     Cl   1        0.264040       -1.711122        0.678621
     Cl   1       -1.711122        0.033313        1.715608
     Cl   1        0.678621        1.715608       -0.297353

     C    2       -0.170840       -0.233897       -0.168168
     C    2       -0.233897       -0.030137       -0.182415
     C    2       -0.168168       -0.182415        0.200977

     C    3        0.020114       -0.087150       -0.273029
     C    3       -0.087150       -0.170288       -0.203943
     C    3       -0.273029       -0.203943        0.150174

     H    4        0.104000        0.181408        0.194115
     H    4        0.181408       -0.190564        0.114350
     H    4        0.194115        0.114350        0.086564

     C    5       -0.027894        0.248740       -0.025335
     C    5        0.248740       -0.256072       -0.153546
     C    5       -0.025335       -0.153546        0.283966

     H    6       -0.169868        0.071773       -0.156590
     H    6        0.071773        0.286223        0.315036
     H    6       -0.156590        0.315036       -0.116354

     H    7       -0.127587       -0.088367        0.042489
     H    7       -0.088367        0.195310       -0.190572
     H    7        0.042489       -0.190572       -0.067723

     C    8       -0.187822       -0.071051       -0.149927
     C    8       -0.071051        0.080353        0.167889
     C    8       -0.149927        0.167889        0.107469

     H    9        0.247134       -0.175582        0.100676
     H    9       -0.175582       -0.093753       -0.084655
     H    9        0.100676       -0.084655       -0.153381

     C   10       -0.047983       -0.230541       -0.114339
     C   10       -0.230541       -0.065136        0.313601
     C   10       -0.114339        0.313601        0.113119

     C   11        0.029111        0.189966       -0.264040
     C   11        0.189966        0.001555        0.153138
     C   11       -0.264040        0.153138       -0.030666

     Cl  12        1.633251        2.758702       -0.366040
     Cl  12        2.758702       -0.010456        0.023888
     Cl  12       -0.366040        0.023888       -1.622794

     H   13       -0.013403        0.024399        0.094041
     H   13        0.024399        0.508158        0.369037
     H   13        0.094041        0.369037       -0.494755

     C   14       -0.263747        0.085404       -0.091619
     C   14        0.085404       -0.138449       -0.326116
     C   14       -0.091619       -0.326116        0.402196

     H   15        0.344556        0.243984        0.083488
     H   15        0.243984       -0.269533        0.053477
     H   15        0.083488        0.053477       -0.075023

     C   16        0.013710        0.168095       -0.247000
     C   16        0.168095       -0.164141       -0.300786
     C   16       -0.247000       -0.300786        0.150431

     C   17        0.025575       -0.254320       -0.212358
     C   17       -0.254320       -0.078517       -0.082413
     C   17       -0.212358       -0.082413        0.052942

     Cl  18        0.987355       -2.178585       -0.977877
     Cl  18       -2.178585       -0.477562       -0.698661
     Cl  18       -0.977877       -0.698661       -0.509793

     H   19       -0.135079        0.011576       -0.013635
     H   19        0.011576        0.236557       -0.158129
     H   19       -0.013635       -0.158129       -0.101478

     C   20       -0.086351       -0.144301        0.022509
     C   20       -0.144301       -0.197350        0.205930
     C   20        0.022509        0.205930        0.283701

     H   21        0.228872       -0.212746        0.099779
     H   21       -0.212746       -0.115987       -0.071959
     H   21        0.099779       -0.071959       -0.112885

     C   22       -0.272345        0.024256       -0.137011
     C   22        0.024256       -0.022583        0.220293
     C   22       -0.137011        0.220293        0.294928

     C   23        0.029134        0.147626        0.002719
     C   23        0.147626       -0.151760        0.192198
     C   23        0.002719        0.192198        0.122626

     Cl  24        1.017059        2.207700       -0.330789
     Cl  24        2.207700        1.320741        0.612109
     Cl  24       -0.330789        0.612109       -2.337800


     NQR/NMR SPECTROSCOPIC PARAMETERS:
     Cl   1    Vxx=    0.6531    axis=( -0.677316 -0.132957 -0.723579)
     Cl   1    Vyy=    2.1415    axis=(  0.547010 -0.748704 -0.374462)
     Cl   1    Vzz=   -2.7947    axis=( -0.491959 -0.649434  0.579838)
     Cl   1  Q=        -8.1650 1e-30 m^2  Cq=        53.6140 MHz  eta= 0.53259

     C    2    Vxx=    0.1328    axis=(  0.670834 -0.704770 -0.230825)
     C    2    Vyy=    0.3055    axis=(  0.118518  0.409132 -0.904745)
     C    2    Vzz=   -0.4382    axis=(  0.732076  0.579577  0.357988)
     C    2  Q=         1.0000 1e-30 m^2  Cq=        -1.0297 MHz  eta= 0.39416

     C    3    Vxx=   -0.0033    axis=(  0.670155 -0.688482  0.277282)
     C    3    Vyy=   -0.3853    axis=(  0.498706  0.694371  0.518789)
     C    3    Vzz=    0.3886    axis=( -0.549713 -0.209387  0.808686)
     C    3  Q=         1.0000 1e-30 m^2  Cq=         0.9130 MHz  eta= 0.98291

     H    4    Vxx=   -0.0906    axis=( -0.597075 -0.192768  0.778680)
     H    4    Vyy=   -0.2785    axis=(  0.395321 -0.915350  0.076522)
     H    4    Vzz=    0.3691    axis=(  0.698013  0.353518  0.622738)
     H    4  Q=         1.0000 1e-30 m^2  Cq=         0.8671 MHz  eta= 0.50909

     C    5    Vxx=    0.0838    axis=(  0.813227  0.407471  0.415486)
     C    5    Vyy=    0.3509    axis=( -0.285224 -0.343247  0.894891)
     C    5    Vzz=   -0.4347    axis=(  0.507256 -0.846256 -0.162917)
     C    5  Q=         1.0000 1e-30 m^2  Cq=        -1.0214 MHz  eta= 0.61450

     H    6    Vxx=   -0.0478    axis=(  0.814280  0.296012 -0.499324)
     H    6    Vyy=   -0.4113    axis=( -0.580098  0.384114 -0.718291)
     H    6    Vzz=    0.4590    axis=( -0.020826  0.874548  0.484492)
     H    6  Q=         1.0000 1e-30 m^2  Cq=         1.0786 MHz  eta= 0.79194

     H    7    Vxx=   -0.1486    axis=(  0.961749  0.107502 -0.251957)
     H    7    Vyy=   -0.1683    axis=(  0.169394  0.489442  0.855425)
     H    7    Vzz=    0.3169    axis=( -0.215279  0.865384 -0.452510)
     H    7  Q=         1.0000 1e-30 m^2  Cq=         0.7447 MHz  eta= 0.06232

     C    8    Vxx=   -0.0625    axis=( -0.235498 -0.787198  0.569965)
     C    8    Vyy=   -0.2506    axis=( -0.922863 -0.002758 -0.385118)
     C    8    Vzz=    0.3131    axis=(  0.304736 -0.616694 -0.725827)
     C    8  Q=         1.0000 1e-30 m^2  Cq=         0.7356 MHz  eta= 0.60096

     H    9    Vxx=   -0.1379    axis=( -0.455866 -0.652749  0.605066)
     H    9    Vyy=   -0.2149    axis=( -0.080533 -0.646773 -0.758419)
     H    9    Vzz=    0.3528    axis=(  0.886397 -0.394465  0.242274)
     H    9  Q=         1.0000 1e-30 m^2  Cq=         0.8289 MHz  eta= 0.21820

     C   10    Vxx=   -0.1001    axis=( -0.794005  0.116281 -0.596686)
     C   10    Vyy=   -0.3582    axis=( -0.434606 -0.794879  0.423422)
     C   10    Vzz=    0.4584    axis=( -0.425057  0.595522  0.681674)
     C   10  Q=         1.0000 1e-30 m^2  Cq=         1.0770 MHz  eta= 0.56305

     C   11    Vxx=    0.1342    axis=(  0.144369  0.829581  0.539400)
     C   11    Vyy=    0.2744    axis=( -0.790112 -0.231528  0.567554)
     C   11    Vzz=   -0.4086    axis=( -0.595718  0.508124 -0.622037)
     C   11  Q=         1.0000 1e-30 m^2  Cq=        -0.9601 MHz  eta= 0.34324

     Cl  12    Vxx=   -1.5319    axis=( -0.203402  0.354471  0.912676)
     Cl  12    Vyy=   -2.1726    axis=(  0.561757 -0.721218  0.405307)
     Cl  12    Vzz=    3.7046    axis=( -0.801908 -0.595142  0.052430)
     Cl  12  Q=        -8.1650 1e-30 m^2  Cq=       -71.0704 MHz  eta= 0.17295

     H   13    Vxx=   -0.0068    axis=(  0.987815 -0.118831  0.100500)
     H   13    Vyy=   -0.6268    axis=(  0.132543  0.303903 -0.943438)
     H   13    Vzz=    0.6336    axis=(  0.081567  0.945263  0.315950)
     H   13  Q=         1.0000 1e-30 m^2  Cq=         1.4887 MHz  eta= 0.97863

     C   14    Vxx=   -0.2479    axis=(  0.747934  0.545057  0.378824)
     C   14    Vyy=   -0.3246    axis=(  0.648527 -0.721675 -0.242071)
     C   14    Vzz=    0.5725    axis=( -0.141445 -0.426731  0.893249)
     C   14  Q=         1.0000 1e-30 m^2  Cq=         1.3451 MHz  eta= 0.13393

     H   15    Vxx=   -0.0909    axis=( -0.199493  0.020807  0.979678)
     H   15    Vyy=   -0.3566    axis=(  0.318417 -0.944142  0.084892)
     H   15    Vzz=    0.4475    axis=(  0.926722  0.328881  0.181724)
     H   15  Q=         1.0000 1e-30 m^2  Cq=         1.0515 MHz  eta= 0.59381

     C   16    Vxx=   -0.1641    axis=(  0.854865 -0.202377  0.477754)
     C   16    Vyy=   -0.3474    axis=( -0.068645  0.868585  0.490762)
     C   16    Vzz=    0.5115    axis=( -0.514289 -0.452331  0.728631)
     C   16  Q=         1.0000 1e-30 m^2  Cq=         1.2018 MHz  eta= 0.35826

     C   17    Vxx=    0.0787    axis=(  0.163319 -0.652213  0.740233)
     C   17    Vyy=    0.3023    axis=(  0.759652 -0.395603 -0.516166)
     C   17    Vzz=   -0.3810    axis=( -0.629488 -0.646619 -0.430845)
     C   17  Q=         1.0000 1e-30 m^2  Cq=        -0.8952 MHz  eta= 0.58688

     Cl  18    Vxx=    0.0494    axis=( -0.167242 -0.462760  0.870565)
     Cl  18    Vyy=    2.6059    axis=( -0.823399  0.551214  0.134824)
     Cl  18    Vzz=   -2.6553    axis=( -0.542259 -0.694274 -0.473222)
     Cl  18  Q=        -8.1650 1e-30 m^2  Cq=        50.9415 MHz  eta= 0.96276

     H   19    Vxx=   -0.1333    axis=(  0.963446 -0.130237 -0.234114)
     H   19    Vyy=   -0.1662    axis=(  0.265433  0.345701  0.900020)
     H   19    Vzz=    0.2996    axis=(  0.036282  0.929263 -0.367633)
     H   19  Q=         1.0000 1e-30 m^2  Cq=         0.7039 MHz  eta= 0.10985

     C   20    Vxx=   -0.0106    axis=(  0.876128 -0.423903  0.229579)
     C   20    Vyy=   -0.3512    axis=(  0.477066  0.830887 -0.286417)
     C   20    Vzz=    0.3618    axis=( -0.069341  0.360462  0.930193)
     C   20  Q=         1.0000 1e-30 m^2  Cq=         0.8501 MHz  eta= 0.94121

     H   21    Vxx=   -0.1381    axis=( -0.329773 -0.130226  0.935035)
     H   21    Vyy=   -0.2232    axis=(  0.365494  0.895591  0.253636)
     H   21    Vzz=    0.3612    axis=( -0.870439  0.425392 -0.247745)
     H   21  Q=         1.0000 1e-30 m^2  Cq=         0.8488 MHz  eta= 0.23567

     C   22    Vxx=   -0.0995    axis=( -0.390805 -0.854740  0.341601)
     C   22    Vyy=   -0.3261    axis=( -0.906517  0.293014 -0.303924)
     C   22    Vzz=    0.4257    axis=( -0.159682  0.428442  0.889347)
     C   22  Q=         1.0000 1e-30 m^2  Cq=         1.0001 MHz  eta= 0.53232

     C   23    Vxx=    0.0550    axis=(  0.858311  0.159440 -0.487731)
     C   23    Vyy=    0.2480    axis=(  0.352306  0.507957  0.786041)
     C   23    Vzz=   -0.3031    axis=(  0.373073 -0.846498  0.379813)
     C   23  Q=         1.0000 1e-30 m^2  Cq=        -0.7121 MHz  eta= 0.63696

     Cl  24    Vxx=   -0.7689    axis=( -0.688495  0.614640  0.384957)
     Cl  24    Vyy=   -2.6217    axis=(  0.258522 -0.287935  0.922095)
     Cl  24    Vzz=    3.3905    axis=( -0.677599 -0.734378 -0.039344)
     Cl  24  Q=        -8.1650 1e-30 m^2  Cq=       -65.0459 MHz  eta= 0.54647

     Initialization:
     gipaw_setup  :      9.44s CPU     11.58s WALL (       1 calls)

     Linear response

     Apply operators

     Induced current

     Other routines
     efg          :      9.41s CPU     11.81s WALL (       1 calls)

     General routines
     calbec       :      3.26s CPU      4.22s WALL (      16 calls)
     fft          :      1.36s CPU      1.67s WALL (      15 calls)
     ffts         :      0.03s CPU      0.04s WALL (       2 calls)
     fftw         :      3.30s CPU      4.08s WALL (     672 calls)
     davcio       :      0.02s CPU      0.34s WALL (      32 calls)

     Parallel routines
     fft_scatter  :      2.00s CPU      2.74s WALL (     689 calls)

     Plugins

     GIPAW        :     63.68s CPU     76.71s WALL (       1 calls)
