
     Program QE v.6.0 (svn rev. 13079) starts on 14Jan2017 at 11:10:26 

     This program is part of the open-source Quantum ESPRESSO suite
     for quantum simulation of materials; please cite
         "P. Giannozzi et al., J. Phys.:Condens. Matter 21 395502 (2009);
          URL http://www.quantum-espresso.org", 
     in publications or presentations arising from this work. More details at
     http://www.quantum-espresso.org/quote

     Parallel version (MPI), running on     8 processors
     R & G space division:  proc/nbgrp/npool/nimage =       8

     ***** This is GIPAW svn revision unknown      *****

     Parallelizing q-star over 1 images

     Reading data from directory:
     /users/majewski/paradichlorobenzene/pbe/9_constraint/scratch/pbe.ecut100.np8.dt60.pcl2phi-129368.save
     Message from routine read_xml_file:
     file /users/majewski/paradichlorobenzene/pbe/9_constraint/scratch/pbe.ecut100.np8.dt60.pcl2phi-129368.save not guaranteed to be safe for post-processing

   Info: using nr1, nr2, nr3 values from input

   Info: using nr1, nr2, nr3 values from input

     IMPORTANT: XC functional enforced from input :
     Exchange-correlation      =  SLA  PW   PBX  PBC ( 1  4  3  4 0 0)
     Any further DFT definition will be discarded
     Please, verify this is what you really want

               file C.pbe-n-kjpaw_psl.1.0.0.UPF: wavefunction(s)  2S 2P renormalized
               file Cl.pbe-n-kjpaw_psl.1.0.0.UPF: wavefunction(s)  3S 3P renormalized
               file H.pbe-kjpaw_psl.1.0.0.UPF: wavefunction(s)  1S renormalized

     Parallelization info
     --------------------
     sticks:   dense  smooth     PW     G-vecs:    dense   smooth      PW
     Min        3057    1223    332               144436    36536    5170
     Max        3059    1225    333               144437    36537    5171
     Sum       24467    9791   2657              1155489   292295   41363


     Subspace diagonalization in iterative solution of the eigenvalue problem:
     a serial algorithm will be used

     GIPAW projectors -----------------------------------------------
     atom=  C    l=0  rc=    1.2000  rs=    0.8000
     atom=  C    l=0  rc=    1.2000  rs=    0.8000
     atom=  C    l=1  rc=    1.4000  rs=    0.9333
     atom=  C    l=1  rc=    1.4000  rs=    0.9333
     projs nearly linearly dependent: l=1  n1,n2= 1, 2  s=  0.99951561

     atom=  Cl   l=0  rc=    1.6000  rs=    1.0667
     atom=  Cl   l=0  rc=    1.6000  rs=    1.0667
     atom=  Cl   l=1  rc=    1.6000  rs=    1.0667
     atom=  Cl   l=1  rc=    1.6000  rs=    1.0667
     atom=  Cl   l=2  rc=    1.6000  rs=    1.0667
     atom=  Cl   l=2  rc=    1.6000  rs=    1.0667
     projs nearly linearly dependent: l=2  n1,n2= 1, 2  s=  0.99993509

     atom=  H    l=0  rc=    1.0000  rs=    0.6667
     atom=  H    l=0  rc=    1.0000  rs=    0.6667
     projs nearly linearly dependent: l=0  n1,n2= 1, 2  s=  0.99968852
     -----------------------------------------------------------------

     GIPAW integrals: -------------------------------------------
     Atom  i/j   nmr_para   nmr_dia   epr_rmc  epr_para   epr_dia
       C   1 1   0.83E+03  0.17E-01  0.93E+01  0.24E+08  0.24E+03
       C   2 1   0.86E+03 -0.61E-01  0.94E+01  0.25E+08  0.25E+03
       C   2 2   0.90E+03 -0.15E+00  0.97E+01  0.26E+08  0.26E+03
       C   3 3   0.33E+01  0.34E+00  0.18E+01  0.55E+03  0.21E+02
       C   4 3   0.35E+01  0.37E+00  0.20E+01  0.59E+03  0.22E+02
       C   4 4   0.38E+01  0.39E+00  0.22E+01  0.63E+03  0.24E+02
       Cl  1 1   0.14E+04 -0.47E+00  0.84E+01  0.32E+09  0.42E+03
       Cl  2 1   0.21E+04 -0.37E+00  0.12E+02  0.49E+09  0.65E+03
       Cl  2 2   0.33E+04 -0.16E+00  0.21E+02  0.76E+09  0.10E+04
       Cl  3 3   0.21E+02  0.79E-01  0.89E+01  0.23E+05  0.13E+03
       Cl  4 3   0.24E+02  0.67E-01  0.99E+01  0.27E+05  0.15E+03
       Cl  4 4   0.28E+02  0.44E-01  0.11E+02  0.32E+05  0.18E+03
       Cl  5 5   0.77E+00  0.19E+00  0.18E+01  0.12E+03  0.22E+02
       Cl  6 5   0.80E+00  0.19E+00  0.19E+01  0.12E+03  0.23E+02
       Cl  6 6   0.83E+00  0.20E+00  0.19E+01  0.12E+03  0.23E+02
       H   1 1   0.39E+02  0.19E+00  0.29E+00  0.78E+05  0.13E+02
       H   2 1   0.41E+02  0.21E+00  0.32E+00  0.82E+05  0.14E+02
       H   2 2   0.43E+02  0.22E+00  0.36E+00  0.86E+05  0.15E+02
     ------------------------------------------------------------

     alpha_pv=     34.2735 eV

     Number of occupied bands for each k-point:
     k-point:     1    nbnd_occ=  42
     k-point:     2    nbnd_occ=  42
     k-point:     3    nbnd_occ=  42
     k-point:     4    nbnd_occ=  42
     k-point:     5    nbnd_occ=  42
     k-point:     6    nbnd_occ=  42
     k-point:     7    nbnd_occ=  42
     k-point:     8    nbnd_occ=  42
     k-point:     9    nbnd_occ=  42
     k-point:    10    nbnd_occ=  42
     k-point:    11    nbnd_occ=  42
     k-point:    12    nbnd_occ=  42
     k-point:    13    nbnd_occ=  42
     k-point:    14    nbnd_occ=  42
     k-point:    15    nbnd_occ=  42
     k-point:    16    nbnd_occ=  42


     q-space interpolation up to   110.00 Rydberg

     GIPAW job: efg                                                                             


     ELECTRIC FIELD GRADIENTS TENSORS IN Hartree/bohrradius^2:

     ----- bare term -----
     Cl   1       -0.122501        0.028057       -0.073089
     Cl   1        0.028057       -0.094357       -0.074032
     Cl   1       -0.073089       -0.074032        0.216859

     C    2       -0.198810        0.120397       -0.439348
     C    2        0.120397       -0.131145       -0.514329
     C    2       -0.439348       -0.514329        0.329955

     C    3       -0.254071        0.374761       -0.307536
     C    3        0.374761       -0.213679       -0.385528
     C    3       -0.307536       -0.385528        0.467750

     H    4       -0.100387       -0.131170       -0.361216
     H    4       -0.131170        0.284263       -0.448856
     H    4       -0.361216       -0.448856       -0.183875

     C    5       -0.368503        0.104841       -0.396161
     C    5        0.104841       -0.024392       -0.412732
     C    5       -0.396161       -0.412732        0.392895

     H    6        0.347851        0.002108       -0.001332
     H    6        0.002108       -0.438726       -0.528924
     H    6       -0.001332       -0.528924        0.090875

     H    7        0.294599        0.049348        0.347563
     H    7        0.049348        0.024362        0.339219
     H    7        0.347563        0.339219       -0.318962

     C    8       -0.469440       -0.331737       -0.446203
     C    8       -0.331737        0.173161        0.385044
     C    8       -0.446203        0.385044        0.296279

     H    9       -0.356253        0.203176       -0.519364
     H    9        0.203176        0.350359        0.188979
     H    9       -0.519364        0.188979        0.005895

     C   10        0.015995       -0.485759       -0.181830
     C   10       -0.485759       -0.232368        0.584416
     C   10       -0.181830        0.584416        0.216373

     C   11       -0.276581       -0.020325       -0.384834
     C   11       -0.020325       -0.024463        0.425385
     C   11       -0.384834        0.425385        0.301044

     Cl  12       -0.015758       -0.010959       -0.015499
     Cl  12       -0.010959       -0.002590        0.005541
     Cl  12       -0.015499        0.005541        0.018348

     H   13        0.384236       -0.061285       -0.039171
     H   13       -0.061285       -0.552751       -0.478102
     H   13       -0.039171       -0.478102        0.168515

     C   14       -0.314929        0.146188       -0.345747
     C   14        0.146188       -0.069041       -0.472089
     C   14       -0.345747       -0.472089        0.383969

     H   15       -0.107678       -0.177624       -0.441213
     H   15       -0.177624        0.341736       -0.361673
     H   15       -0.441213       -0.361673       -0.234058

     C   16       -0.300063        0.295530       -0.290509
     C   16        0.295530       -0.152461       -0.435160
     C   16       -0.290509       -0.435160        0.452524

     C   17       -0.128929        0.193841       -0.196605
     C   17        0.193841       -0.336678       -0.496279
     C   17       -0.196605       -0.496279        0.465607

     Cl  18       -0.065602        0.062083       -0.040212
     Cl  18        0.062083       -0.030365       -0.002357
     Cl  18       -0.040212       -0.002357        0.095967

     H   19        0.507243        0.026564       -0.118042
     H   19        0.026564        0.001563        0.370936
     H   19       -0.118042        0.370936       -0.508806

     C   20       -0.300707       -0.339477       -0.109732
     C   20       -0.339477       -0.241540        0.442562
     C   20       -0.109732        0.442562        0.542247

     H   21       -0.152526        0.063609       -0.565624
     H   21        0.063609        0.341324       -0.031347
     H   21       -0.565624       -0.031347       -0.188798

     C   22       -0.233752       -0.255150       -0.278989
     C   22       -0.255150       -0.164335        0.559281
     C   22       -0.278989        0.559281        0.398087

     C   23       -0.142247       -0.058941       -0.370620
     C   23       -0.058941       -0.190061        0.512241
     C   23       -0.370620        0.512241        0.332308

     Cl  24       -0.031535       -0.052829       -0.076990
     Cl  24       -0.052829        0.003818        0.072049
     Cl  24       -0.076990        0.072049        0.027717

     ----- ionic term -----
     Cl   1        0.153513       -0.212142        0.040279
     Cl   1       -0.212142       -0.002189       -0.016979
     Cl   1        0.040279       -0.016979       -0.151324

     C    2        0.212491       -0.182698        0.334533
     C    2       -0.182698        0.089393        0.334965
     C    2        0.334533        0.334965       -0.301884

     C    3        0.113905       -0.234164        0.244363
     C    3       -0.234164        0.200219        0.329485
     C    3        0.244363        0.329485       -0.314124

     H    4        0.397464        0.379668        0.712248
     H    4        0.379668       -0.336228        0.340452
     H    4        0.712248        0.340452       -0.061236

     C    5        0.238392       -0.204012        0.343613
     C    5       -0.204012        0.050391        0.263719
     C    5        0.343613        0.263719       -0.288783

     H    6       -0.518117        0.059215        0.059672
     H    6        0.059215        0.592848        0.722520
     H    6        0.059672        0.722520       -0.074732

     H    7       -0.521881        0.089502       -0.036656
     H    7        0.089502        0.422870       -0.786481
     H    7       -0.036656       -0.786481        0.099011

     C    8        0.213519        0.313103        0.316855
     C    8        0.313103       -0.063178       -0.304035
     C    8        0.316855       -0.304035       -0.150340

     H    9        0.604190       -0.434753        0.605374
     H    9       -0.434753       -0.357498       -0.303199
     H    9        0.605374       -0.303199       -0.246692

     C   10        0.120708        0.273819        0.157119
     C   10        0.273819        0.088488       -0.443088
     C   10        0.157119       -0.443088       -0.209196

     C   11        0.175732        0.247937        0.271739
     C   11        0.247937       -0.022691       -0.426702
     C   11        0.271739       -0.426702       -0.153040

     Cl  12        0.143816        0.215739        0.015021
     Cl  12        0.215739       -0.005357        0.001994
     Cl  12        0.015021        0.001994       -0.138458

     H   13       -0.507753        0.074657        0.052448
     H   13        0.074657        0.616878        0.706403
     H   13        0.052448        0.706403       -0.109125

     C   14        0.231858       -0.162764        0.346128
     C   14       -0.162764        0.056642        0.282721
     C   14        0.346128        0.282721       -0.288499

     H   15        0.364619        0.326113        0.753718
     H   15        0.326113       -0.363951        0.327154
     H   15        0.753718        0.327154       -0.000668

     C   16        0.047366       -0.233276        0.240643
     C   16       -0.233276        0.264466        0.368814
     C   16        0.240643        0.368814       -0.311832

     C   17        0.118778       -0.219658        0.348318
     C   17       -0.219658        0.195405        0.321265
     C   17        0.348318        0.321265       -0.314183

     Cl  18        0.118046       -0.220069        0.074960
     Cl  18       -0.220069        0.029707       -0.044959
     Cl  18        0.074960       -0.044959       -0.147753

     H   19       -0.536174       -0.041111        0.043322
     H   19       -0.041111        0.441416       -0.798147
     H   19        0.043322       -0.798147        0.094758

     C   20        0.211781        0.262282        0.286727
     C   20        0.262282        0.021267       -0.309794
     C   20        0.286727       -0.309794       -0.233048

     H   21        0.604278       -0.272158        0.733042
     H   21       -0.272158       -0.476751       -0.251505
     H   21        0.733042       -0.251505       -0.127527

     C   22        0.088895        0.301969        0.205965
     C   22        0.301969        0.150747       -0.428426
     C   22        0.205965       -0.428426       -0.239641

     C   23        0.086522        0.261376        0.350820
     C   23        0.261376        0.037737       -0.424465
     C   23        0.350820       -0.424465       -0.124259

     Cl  24        0.102115        0.222760        0.013719
     Cl  24        0.222760        0.035700        0.003006
     Cl  24        0.013719        0.003006       -0.137815

     ----- GIPAW term -----
     Cl   1        0.218071       -1.927540       -0.535362
     Cl   1       -1.927540       -0.710804       -0.747183
     Cl   1       -0.535362       -0.747183        0.492733

     C    2        0.002651       -0.064153       -0.122689
     C    2       -0.064153       -0.008290       -0.153727
     C    2       -0.122689       -0.153727        0.005639

     C    3       -0.049910        0.046448       -0.129398
     C    3        0.046448       -0.061977       -0.041818
     C    3       -0.129398       -0.041818        0.111887

     H    4       -0.000000        0.000000        0.000000
     H    4        0.000000        0.000000        0.000000
     H    4        0.000000        0.000000        0.000000

     C    5       -0.017887       -0.003850       -0.039755
     C    5       -0.003850       -0.034866       -0.088952
     C    5       -0.039755       -0.088952        0.052753

     H    6       -0.000000        0.000000        0.000000
     H    6        0.000000        0.000000        0.000000
     H    6        0.000000        0.000000        0.000000

     H    7       -0.000000        0.000000        0.000000
     H    7        0.000000        0.000000        0.000000
     H    7        0.000000        0.000000        0.000000

     C    8       -0.081035       -0.151897       -0.141142
     C    8       -0.151897        0.065970        0.159357
     C    8       -0.141142        0.159357        0.015065

     H    9       -0.000000        0.000000        0.000000
     H    9        0.000000        0.000000        0.000000
     H    9        0.000000        0.000000        0.000000

     C   10       -0.007988       -0.194610       -0.099423
     C   10       -0.194610        0.039412        0.177268
     C   10       -0.099423        0.177268       -0.031424

     C   11        0.033214        0.108146       -0.033739
     C   11        0.108146       -0.000805        0.031972
     C   11       -0.033739        0.031972       -0.032409

     Cl  12        1.394797        2.309951       -0.134389
     Cl  12        2.309951        0.089851        0.043868
     Cl  12       -0.134389        0.043868       -1.484648

     H   13       -0.000000        0.000000        0.000000
     H   13        0.000000        0.000000        0.000000
     H   13        0.000000        0.000000        0.000000

     C   14       -0.051001        0.011017       -0.050462
     C   14        0.011017        0.007754       -0.133220
     C   14       -0.050462       -0.133220        0.043247

     H   15       -0.000000        0.000000        0.000000
     H   15        0.000000        0.000000        0.000000
     H   15        0.000000        0.000000        0.000000

     C   16       -0.093019        0.036174       -0.072546
     C   16        0.036174       -0.013975       -0.060206
     C   16       -0.072546       -0.060206        0.106994

     C   17        0.018198       -0.095060        0.032412
     C   17       -0.095060       -0.109656       -0.097223
     C   17        0.032412       -0.097223        0.091459

     Cl  18       -0.770613       -1.239741       -0.453532
     Cl  18       -1.239741       -1.269027       -0.958409
     Cl  18       -0.453532       -0.958409        2.039640

     H   19       -0.000000        0.000000        0.000000
     H   19        0.000000        0.000000        0.000000
     H   19        0.000000        0.000000        0.000000

     C   20       -0.074785       -0.040610        0.062140
     C   20       -0.040610       -0.132036        0.133385
     C   20        0.062140        0.133385        0.206821

     H   21       -0.000000        0.000000        0.000000
     H   21        0.000000        0.000000        0.000000
     H   21        0.000000        0.000000        0.000000

     C   22       -0.140062       -0.047115       -0.096672
     C   22       -0.047115       -0.017865        0.206706
     C   22       -0.096672        0.206706        0.157927

     C   23        0.043833        0.124985       -0.075144
     C   23        0.124985       -0.038172        0.091699
     C   23       -0.075144        0.091699       -0.005661

     Cl  24        1.151923        1.842958       -0.569309
     Cl  24        1.842958        0.189206        0.612274
     Cl  24       -0.569309        0.612274       -1.341129

     ----- total EFG -----
     Cl   1        0.249083       -2.111625       -0.568171
     Cl   1       -2.111625       -0.807351       -0.838194
     Cl   1       -0.568171       -0.838194        0.558268

     C    2        0.016332       -0.126454       -0.227504
     C    2       -0.126454       -0.050042       -0.333091
     C    2       -0.227504       -0.333091        0.033710

     C    3       -0.190077        0.187045       -0.192571
     C    3        0.187045       -0.075437       -0.097861
     C    3       -0.192571       -0.097861        0.265514

     H    4        0.297077        0.248498        0.351032
     H    4        0.248498       -0.051965       -0.108404
     H    4        0.351032       -0.108404       -0.245111

     C    5       -0.147998       -0.103021       -0.092302
     C    5       -0.103021       -0.008866       -0.237965
     C    5       -0.092302       -0.237965        0.156864

     H    6       -0.170266        0.061323        0.058340
     H    6        0.061323        0.154122        0.193596
     H    6        0.058340        0.193596        0.016143

     H    7       -0.227281        0.138851        0.310907
     H    7        0.138851        0.447232       -0.447262
     H    7        0.310907       -0.447262       -0.219951

     C    8       -0.336957       -0.170532       -0.270491
     C    8       -0.170532        0.175953        0.240366
     C    8       -0.270491        0.240366        0.161004

     H    9        0.247937       -0.231577        0.086009
     H    9       -0.231577       -0.007140       -0.114220
     H    9        0.086009       -0.114220       -0.240797

     C   10        0.128715       -0.406550       -0.124134
     C   10       -0.406550       -0.104468        0.318596
     C   10       -0.124134        0.318596       -0.024247

     C   11       -0.067636        0.335758       -0.146834
     C   11        0.335758       -0.047960        0.030655
     C   11       -0.146834        0.030655        0.115595

     Cl  12        1.522855        2.514731       -0.134867
     Cl  12        2.514731        0.081904        0.051403
     Cl  12       -0.134867        0.051403       -1.604759

     H   13       -0.123517        0.013372        0.013277
     H   13        0.013372        0.064127        0.228301
     H   13        0.013277        0.228301        0.059389

     C   14       -0.134072       -0.005558       -0.050080
     C   14       -0.005558       -0.004645       -0.322589
     C   14       -0.050080       -0.322589        0.138717

     H   15        0.256941        0.148489        0.312505
     H   15        0.148489       -0.022215       -0.034519
     H   15        0.312505       -0.034519       -0.234726

     C   16       -0.345716        0.098429       -0.122412
     C   16        0.098429        0.098030       -0.126552
     C   16       -0.122412       -0.126552        0.247686

     C   17        0.008047       -0.120877        0.184125
     C   17       -0.120877       -0.250929       -0.272238
     C   17        0.184125       -0.272238        0.242882

     Cl  18       -0.718169       -1.397728       -0.418784
     Cl  18       -1.397728       -1.269685       -1.005726
     Cl  18       -0.418784       -1.005726        1.987854

     H   19       -0.028931       -0.014548       -0.074720
     H   19       -0.014548        0.442979       -0.427211
     H   19       -0.074720       -0.427211       -0.414048

     C   20       -0.163711       -0.117805        0.239134
     C   20       -0.117805       -0.352309        0.266153
     C   20        0.239134        0.266153        0.516020

     H   21        0.451752       -0.208549        0.167418
     H   21       -0.208549       -0.135427       -0.282853
     H   21        0.167418       -0.282853       -0.316325

     C   22       -0.284920       -0.000296       -0.169696
     C   22       -0.000296       -0.031454        0.337561
     C   22       -0.169696        0.337561        0.316373

     C   23       -0.011892        0.327420       -0.094944
     C   23        0.327420       -0.190496        0.179476
     C   23       -0.094944        0.179476        0.202388

     Cl  24        1.222503        2.012889       -0.632579
     Cl  24        2.012889        0.228724        0.687329
     Cl  24       -0.632579        0.687329       -1.451227

     ----- total EFG (symmetrized) -----
     Cl   1        0.249083       -2.111625       -0.568171
     Cl   1       -2.111625       -0.807351       -0.838194
     Cl   1       -0.568171       -0.838194        0.558268

     C    2        0.016332       -0.126454       -0.227504
     C    2       -0.126454       -0.050042       -0.333091
     C    2       -0.227504       -0.333091        0.033710

     C    3       -0.190077        0.187045       -0.192571
     C    3        0.187045       -0.075437       -0.097861
     C    3       -0.192571       -0.097861        0.265514

     H    4        0.297077        0.248498        0.351032
     H    4        0.248498       -0.051965       -0.108404
     H    4        0.351032       -0.108404       -0.245111

     C    5       -0.147998       -0.103021       -0.092302
     C    5       -0.103021       -0.008866       -0.237965
     C    5       -0.092302       -0.237965        0.156864

     H    6       -0.170266        0.061323        0.058340
     H    6        0.061323        0.154122        0.193596
     H    6        0.058340        0.193596        0.016143

     H    7       -0.227281        0.138851        0.310907
     H    7        0.138851        0.447232       -0.447262
     H    7        0.310907       -0.447262       -0.219951

     C    8       -0.336957       -0.170532       -0.270491
     C    8       -0.170532        0.175953        0.240366
     C    8       -0.270491        0.240366        0.161004

     H    9        0.247937       -0.231577        0.086009
     H    9       -0.231577       -0.007140       -0.114220
     H    9        0.086009       -0.114220       -0.240797

     C   10        0.128715       -0.406550       -0.124134
     C   10       -0.406550       -0.104468        0.318596
     C   10       -0.124134        0.318596       -0.024247

     C   11       -0.067636        0.335758       -0.146834
     C   11        0.335758       -0.047960        0.030655
     C   11       -0.146834        0.030655        0.115595

     Cl  12        1.522855        2.514731       -0.134867
     Cl  12        2.514731        0.081904        0.051403
     Cl  12       -0.134867        0.051403       -1.604759

     H   13       -0.123517        0.013372        0.013277
     H   13        0.013372        0.064127        0.228301
     H   13        0.013277        0.228301        0.059389

     C   14       -0.134072       -0.005558       -0.050080
     C   14       -0.005558       -0.004645       -0.322589
     C   14       -0.050080       -0.322589        0.138717

     H   15        0.256941        0.148489        0.312505
     H   15        0.148489       -0.022215       -0.034519
     H   15        0.312505       -0.034519       -0.234726

     C   16       -0.345716        0.098429       -0.122412
     C   16        0.098429        0.098030       -0.126552
     C   16       -0.122412       -0.126552        0.247686

     C   17        0.008047       -0.120877        0.184125
     C   17       -0.120877       -0.250929       -0.272238
     C   17        0.184125       -0.272238        0.242882

     Cl  18       -0.718169       -1.397728       -0.418784
     Cl  18       -1.397728       -1.269685       -1.005726
     Cl  18       -0.418784       -1.005726        1.987854

     H   19       -0.028931       -0.014548       -0.074720
     H   19       -0.014548        0.442979       -0.427211
     H   19       -0.074720       -0.427211       -0.414048

     C   20       -0.163711       -0.117805        0.239134
     C   20       -0.117805       -0.352309        0.266153
     C   20        0.239134        0.266153        0.516020

     H   21        0.451752       -0.208549        0.167418
     H   21       -0.208549       -0.135427       -0.282853
     H   21        0.167418       -0.282853       -0.316325

     C   22       -0.284920       -0.000296       -0.169696
     C   22       -0.000296       -0.031454        0.337561
     C   22       -0.169696        0.337561        0.316373

     C   23       -0.011892        0.327420       -0.094944
     C   23        0.327420       -0.190496        0.179476
     C   23       -0.094944        0.179476        0.202388

     Cl  24        1.222503        2.012889       -0.632579
     Cl  24        2.012889        0.228724        0.687329
     Cl  24       -0.632579        0.687329       -1.451227


     NQR/NMR SPECTROSCOPIC PARAMETERS:
     Cl   1    Vxx=    0.8615    axis=( -0.228275 -0.190683  0.954741)
     Cl   1    Vyy=    1.9017    axis=(  0.777974 -0.625316  0.061121)
     Cl   1    Vzz=   -2.7632    axis=(  0.585360  0.756717  0.291091)
     Cl   1  Q=        -8.1650 1e-30 m^2  Cq=        53.0113 MHz  eta= 0.37644

     C    2    Vxx=    0.1129    axis=( -0.829720  0.556538  0.042778)
     C    2    Vyy=    0.3572    axis=( -0.320693 -0.538027  0.779541)
     C    2    Vzz=   -0.4701    axis=( -0.456859 -0.633082 -0.624889)
     C    2  Q=         1.0000 1e-30 m^2  Cq=        -1.1045 MHz  eta= 0.51974

     C    3    Vxx=   -0.0456    axis=(  0.378675  0.789621  0.482807)
     C    3    Vyy=   -0.3463    axis=(  0.838669 -0.513386  0.181848)
     C    3    Vzz=    0.3919    axis=( -0.391458 -0.336054  0.856638)
     C    3  Q=         1.0000 1e-30 m^2  Cq=         0.9208 MHz  eta= 0.76743

     H    4    Vxx=   -0.0107    axis=( -0.087601  0.847663 -0.523253)
     H    4    Vyy=   -0.5163    axis=( -0.465252  0.429648  0.773914)
     H    4    Vzz=    0.5271    axis=(  0.880833  0.311240  0.356739)
     H    4  Q=         1.0000 1e-30 m^2  Cq=         1.2384 MHz  eta= 0.95928

     C    5    Vxx=   -0.0251    axis=(  0.743225 -0.563771 -0.360249)
     C    5    Vyy=   -0.3014    axis=(  0.668095  0.596766  0.444431)
     C    5    Vzz=    0.3265    axis=( -0.035573 -0.570992  0.820184)
     C    5  Q=         1.0000 1e-30 m^2  Cq=         0.7672 MHz  eta= 0.84619

     H    6    Vxx=   -0.1182    axis=(  0.175293 -0.596372  0.783334)
     H    6    Vyy=   -0.1872    axis=( -0.969108  0.035694  0.244040)
     H    6    Vzz=    0.3054    axis=( -0.173499 -0.801914 -0.571692)
     H    6  Q=         1.0000 1e-30 m^2  Cq=         0.7176 MHz  eta= 0.22601

     H    7    Vxx=    0.0210    axis=( -0.807160 -0.281540 -0.518873)
     H    7    Vyy=    0.6719    axis=( -0.019232  0.891023 -0.453551)
     H    7    Vzz=   -0.6929    axis=( -0.590020  0.356109  0.724612)
     H    7  Q=         1.0000 1e-30 m^2  Cq=        -1.6281 MHz  eta= 0.93935

     C    8    Vxx=   -0.0602    axis=( -0.153813 -0.757227  0.634782)
     C    8    Vyy=   -0.4624    axis=( -0.926645 -0.112483 -0.358714)
     C    8    Vzz=    0.5226    axis=(  0.343030 -0.643393 -0.684380)
     C    8  Q=         1.0000 1e-30 m^2  Cq=         1.2278 MHz  eta= 0.76965

     H    9    Vxx=   -0.1242    axis=(  0.552267  0.761691 -0.338864)
     H    9    Vyy=   -0.2875    axis=(  0.022240  0.392868  0.919326)
     H    9    Vzz=    0.4118    axis=(  0.833371 -0.515249  0.200028)
     H    9  Q=         1.0000 1e-30 m^2  Cq=         0.9675 MHz  eta= 0.39659

     C   10    Vxx=   -0.0867    axis=( -0.612329 -0.084454 -0.786079)
     C   10    Vyy=   -0.4957    axis=( -0.433727 -0.795415  0.423315)
     C   10    Vzz=    0.5824    axis=( -0.661010  0.600152  0.450426)
     C   10  Q=         1.0000 1e-30 m^2  Cq=         1.3685 MHz  eta= 0.70223

     C   11    Vxx=    0.1093    axis=( -0.132731 -0.455023 -0.880532)
     C   11    Vyy=    0.3147    axis=( -0.685348 -0.599648  0.413183)
     C   11    Vzz=   -0.4240    axis=(  0.716017 -0.658313  0.232257)
     C   11  Q=         1.0000 1e-30 m^2  Cq=        -0.9961 MHz  eta= 0.48438

     Cl  12    Vxx=   -1.5494    axis=( -0.241549  0.343768  0.907457)
     Cl  12    Vyy=   -1.8701    axis=( -0.551135  0.721084 -0.419867)
     Cl  12    Vzz=    3.4195    axis=( -0.798689 -0.601549  0.015285)
     Cl  12  Q=        -8.1650 1e-30 m^2  Cq=       -65.6006 MHz  eta= 0.09378

     H   13    Vxx=   -0.1244    axis=( -0.998968  0.032793  0.031435)
     H   13    Vyy=   -0.1666    axis=( -0.000724 -0.703408  0.710786)
     H   13    Vzz=    0.2909    axis=( -0.045421 -0.710030 -0.702705)
     H   13  Q=         1.0000 1e-30 m^2  Cq=         0.6836 MHz  eta= 0.14499

     C   14    Vxx=   -0.1271    axis=(  0.965327 -0.238085 -0.107045)
     C   14    Vyy=   -0.2727    axis=(  0.252367  0.746331  0.615874)
     C   14    Vzz=    0.3999    axis=( -0.066739 -0.621535  0.780539)
     C   14  Q=         1.0000 1e-30 m^2  Cq=         0.9395 MHz  eta= 0.36406

     H   15    Vxx=   -0.0286    axis=( -0.118323  0.934440 -0.335888)
     H   15    Vyy=   -0.4112    axis=( -0.455199  0.249584  0.854694)
     H   15    Vzz=    0.4399    axis=(  0.882493  0.254026  0.395825)
     H   15  Q=         1.0000 1e-30 m^2  Cq=         1.0335 MHz  eta= 0.86991

     C   16    Vxx=    0.0272    axis=(  0.054481  0.852652  0.519630)
     C   16    Vyy=    0.3543    axis=( -0.216836 -0.497882  0.839700)
     C   16    Vzz=   -0.3815    axis=(  0.974687 -0.158422  0.157761)
     C   16  Q=         1.0000 1e-30 m^2  Cq=        -0.8964 MHz  eta= 0.85744

     C   17    Vxx=   -0.0912    axis=( -0.896286 -0.068502  0.438153)
     C   17    Vyy=   -0.3756    axis=(  0.111601  0.921362  0.372340)
     C   17    Vzz=    0.4668    axis=(  0.429204 -0.382622  0.818159)
     C   17  Q=         1.0000 1e-30 m^2  Cq=         1.0968 MHz  eta= 0.60924

     Cl  18    Vxx=    0.3810    axis=(  0.798610 -0.581353 -0.155729)
     Cl  18    Vyy=    2.2735    axis=(  0.008698  0.269872 -0.962857)
     Cl  18    Vzz=   -2.6545    axis=(  0.601787  0.767592  0.220579)
     Cl  18  Q=        -8.1650 1e-30 m^2  Cq=        50.9253 MHz  eta= 0.71296

     H   19    Vxx=   -0.0195    axis=(  0.991301 -0.071112 -0.110746)
     H   19    Vyy=   -0.6004    axis=(  0.129509  0.377282  0.916998)
     H   19    Vzz=    0.6199    axis=( -0.023427 -0.923364  0.383209)
     H   19  Q=         1.0000 1e-30 m^2  Cq=         1.4565 MHz  eta= 0.93696

     C   20    Vxx=   -0.1168    axis=(  0.842761 -0.529716 -0.095677)
     C   20    Vyy=   -0.5249    axis=(  0.478115  0.818294 -0.319064)
     C   20    Vzz=    0.6417    axis=(  0.247305  0.223150  0.942892)
     C   20  Q=         1.0000 1e-30 m^2  Cq=         1.5078 MHz  eta= 0.63594

     H   21    Vxx=   -0.0665    axis=(  0.457908  0.725170 -0.514246)
     H   21    Vyy=   -0.5230    axis=( -0.014319  0.584396  0.811342)
     H   21    Vzz=    0.5895    axis=(  0.888884 -0.364157  0.277984)
     H   21  Q=         1.0000 1e-30 m^2  Cq=         1.3852 MHz  eta= 0.77429

     C   22    Vxx=   -0.1798    axis=(  0.542821  0.769036 -0.337534)
     C   22    Vyy=   -0.3679    axis=( -0.821717  0.403261 -0.402694)
     C   22    Vzz=    0.5478    axis=( -0.173571  0.495948  0.850828)
     C   22  Q=         1.0000 1e-30 m^2  Cq=         1.2870 MHz  eta= 0.34343

     C   23    Vxx=    0.2151    axis=(  0.748114  0.356221 -0.559850)
     C   23    Vyy=    0.2829    axis=( -0.333805 -0.527146 -0.781467)
     C   23    Vzz=   -0.4980    axis=(  0.573498 -0.771507  0.275457)
     C   23  Q=         1.0000 1e-30 m^2  Cq=        -1.1700 MHz  eta= 0.13623

     Cl  24    Vxx=   -0.4677    axis=( -0.435773  0.581739  0.686791)
     Cl  24    Vyy=   -2.3326    axis=(  0.431838 -0.534354  0.726623)
     Cl  24    Vzz=    2.8003    axis=( -0.789695 -0.613225  0.018360)
     Cl  24  Q=        -8.1650 1e-30 m^2  Cq=       -53.7221 MHz  eta= 0.66599

     Initialization:
     gipaw_setup  :      9.21s CPU     10.72s WALL (       1 calls)

     Linear response

     Apply operators

     Induced current

     Other routines
     efg          :      9.45s CPU     11.67s WALL (       1 calls)

     General routines
     calbec       :      3.23s CPU      4.17s WALL (      16 calls)
     fft          :      1.55s CPU      2.31s WALL (      15 calls)
     ffts         :      0.03s CPU      0.05s WALL (       2 calls)
     fftw         :      3.40s CPU      4.09s WALL (     672 calls)
     davcio       :      0.04s CPU      0.32s WALL (      32 calls)

     Parallel routines
     fft_scatter  :      2.23s CPU      3.46s WALL (     689 calls)

     Plugins

     GIPAW        :     60.95s CPU     71.94s WALL (       1 calls)
