
     Program QE v.6.0 (svn rev. 13079) starts on  3Jan2017 at 13: 5:34 

     This program is part of the open-source Quantum ESPRESSO suite
     for quantum simulation of materials; please cite
         "P. Giannozzi et al., J. Phys.:Condens. Matter 21 395502 (2009);
          URL http://www.quantum-espresso.org", 
     in publications or presentations arising from this work. More details at
     http://www.quantum-espresso.org/quote

     Parallel version (MPI), running on     8 processors
     R & G space division:  proc/nbgrp/npool/nimage =       8

     ***** This is GIPAW svn revision unknown      *****

     Parallelizing q-star over 1 images

     Reading data from directory:
     /users/majewski/paradichlorobenzene/pbe/9_constraint/scratch/pbe.ecut100.np8.dt60.pcl2phi-129368.save
     Message from routine read_xml_file:
     file /users/majewski/paradichlorobenzene/pbe/9_constraint/scratch/pbe.ecut100.np8.dt60.pcl2phi-129368.save not guaranteed to be safe for post-processing

   Info: using nr1, nr2, nr3 values from input

   Info: using nr1, nr2, nr3 values from input

     IMPORTANT: XC functional enforced from input :
     Exchange-correlation      =  SLA  PW   PBX  PBC ( 1  4  3  4 0 0)
     Any further DFT definition will be discarded
     Please, verify this is what you really want

               file C.pbe-n-kjpaw_psl.1.0.0.UPF: wavefunction(s)  2S 2P renormalized
               file Cl.pbe-n-kjpaw_psl.1.0.0.UPF: wavefunction(s)  3S 3P renormalized
               file H.pbe-kjpaw_psl.1.0.0.UPF: wavefunction(s)  1S renormalized

     Parallelization info
     --------------------
     sticks:   dense  smooth     PW     G-vecs:    dense   smooth      PW
     Min        3057    1223    332               144436    36536    5170
     Max        3059    1225    333               144437    36537    5171
     Sum       24467    9791   2657              1155489   292295   41363


     Subspace diagonalization in iterative solution of the eigenvalue problem:
     a serial algorithm will be used

     GIPAW projectors -----------------------------------------------
     atom=  C    l=0  rc=    1.2000  rs=    0.8000
     atom=  C    l=0  rc=    1.2000  rs=    0.8000
     atom=  C    l=1  rc=    1.4000  rs=    0.9333
     atom=  C    l=1  rc=    1.4000  rs=    0.9333
     projs nearly linearly dependent: l=1  n1,n2= 1, 2  s=  0.99951561

     atom=  Cl   l=0  rc=    1.6000  rs=    1.0667
     atom=  Cl   l=0  rc=    1.6000  rs=    1.0667
     atom=  Cl   l=1  rc=    1.6000  rs=    1.0667
     atom=  Cl   l=1  rc=    1.6000  rs=    1.0667
     atom=  Cl   l=2  rc=    1.6000  rs=    1.0667
     atom=  Cl   l=2  rc=    1.6000  rs=    1.0667
     projs nearly linearly dependent: l=2  n1,n2= 1, 2  s=  0.99993509

     atom=  H    l=0  rc=    1.0000  rs=    0.6667
     atom=  H    l=0  rc=    1.0000  rs=    0.6667
     projs nearly linearly dependent: l=0  n1,n2= 1, 2  s=  0.99968852
     -----------------------------------------------------------------

     GIPAW integrals: -------------------------------------------
     Atom  i/j   nmr_para   nmr_dia   epr_rmc  epr_para   epr_dia
       C   1 1   0.83E+03  0.17E-01  0.93E+01  0.24E+08  0.24E+03
       C   2 1   0.86E+03 -0.61E-01  0.94E+01  0.25E+08  0.25E+03
       C   2 2   0.90E+03 -0.15E+00  0.97E+01  0.26E+08  0.26E+03
       C   3 3   0.33E+01  0.34E+00  0.18E+01  0.55E+03  0.21E+02
       C   4 3   0.35E+01  0.37E+00  0.20E+01  0.59E+03  0.22E+02
       C   4 4   0.38E+01  0.39E+00  0.22E+01  0.63E+03  0.24E+02
       Cl  1 1   0.14E+04 -0.47E+00  0.84E+01  0.32E+09  0.42E+03
       Cl  2 1   0.21E+04 -0.37E+00  0.12E+02  0.49E+09  0.65E+03
       Cl  2 2   0.33E+04 -0.16E+00  0.21E+02  0.76E+09  0.10E+04
       Cl  3 3   0.21E+02  0.79E-01  0.89E+01  0.23E+05  0.13E+03
       Cl  4 3   0.24E+02  0.67E-01  0.99E+01  0.27E+05  0.15E+03
       Cl  4 4   0.28E+02  0.44E-01  0.11E+02  0.32E+05  0.18E+03
       Cl  5 5   0.77E+00  0.19E+00  0.18E+01  0.12E+03  0.22E+02
       Cl  6 5   0.80E+00  0.19E+00  0.19E+01  0.12E+03  0.23E+02
       Cl  6 6   0.83E+00  0.20E+00  0.19E+01  0.12E+03  0.23E+02
       H   1 1   0.39E+02  0.19E+00  0.29E+00  0.78E+05  0.13E+02
       H   2 1   0.41E+02  0.21E+00  0.32E+00  0.82E+05  0.14E+02
       H   2 2   0.43E+02  0.22E+00  0.36E+00  0.86E+05  0.15E+02
     ------------------------------------------------------------

     alpha_pv=     34.2736 eV

     Number of occupied bands for each k-point:
     k-point:     1    nbnd_occ=  42
     k-point:     2    nbnd_occ=  42
     k-point:     3    nbnd_occ=  42
     k-point:     4    nbnd_occ=  42
     k-point:     5    nbnd_occ=  42
     k-point:     6    nbnd_occ=  42
     k-point:     7    nbnd_occ=  42
     k-point:     8    nbnd_occ=  42
     k-point:     9    nbnd_occ=  42
     k-point:    10    nbnd_occ=  42
     k-point:    11    nbnd_occ=  42
     k-point:    12    nbnd_occ=  42
     k-point:    13    nbnd_occ=  42
     k-point:    14    nbnd_occ=  42
     k-point:    15    nbnd_occ=  42
     k-point:    16    nbnd_occ=  42


     q-space interpolation up to   110.00 Rydberg

     GIPAW job: efg                                                                             


     ELECTRIC FIELD GRADIENTS TENSORS IN Hartree/bohrradius^2:

     ----- bare term -----
     Cl   1       -0.047735       -0.034871        0.010645
     Cl   1       -0.034871        0.111067        0.132108
     Cl   1        0.010645        0.132108       -0.063331

     C    2       -0.799362        0.438670       -0.356547
     C    2        0.438670        0.337071       -0.004177
     C    2       -0.356547       -0.004177        0.462291

     C    3        0.149420        0.198753       -0.059546
     C    3        0.198753       -0.519830       -0.454474
     C    3       -0.059546       -0.454474        0.370410

     H    4       -0.516461       -0.012349       -0.163763
     H    4       -0.012349        0.298120       -0.411525
     H    4       -0.163763       -0.411525        0.218341

     C    5       -0.902349        0.300547       -0.403606
     C    5        0.300547        0.347444       -0.031132
     C    5       -0.403606       -0.031132        0.554906

     H    6        0.486040       -0.073222       -0.122364
     H    6       -0.073222       -0.579800       -0.286571
     H    6       -0.122364       -0.286571        0.093760

     H    7        0.444218        0.137285       -0.004359
     H    7        0.137285       -0.667681       -0.230649
     H    7       -0.004359       -0.230649        0.223463

     C    8       -0.211319        0.135073       -0.215239
     C    8        0.135073       -0.062032        0.163616
     C    8       -0.215239        0.163616        0.273351

     H    9       -0.285639        0.477513        0.054687
     H    9        0.477513        0.058772       -0.196558
     H    9        0.054687       -0.196558        0.226867

     C   10       -0.075346       -0.240516        0.151970
     C   10       -0.240516       -0.132416        0.104389
     C   10        0.151970        0.104389        0.207762

     C   11       -0.243239        0.158225       -0.192552
     C   11        0.158225        0.008766        0.362363
     C   11       -0.192552        0.362363        0.234473

     Cl  12        0.095046       -0.202230        0.044168
     Cl  12       -0.202230        0.017271       -0.330592
     Cl  12        0.044168       -0.330592       -0.112317

     H   13        0.417184        0.114949        0.054995
     H   13        0.114949       -0.604461       -0.521835
     H   13        0.054995       -0.521835        0.187277

     C   14       -0.089455        0.138459       -0.163007
     C   14        0.138459       -0.172499       -0.321258
     C   14       -0.163007       -0.321258        0.261954

     H   15       -0.009905       -0.293300       -0.497632
     H   15       -0.293300        0.182039       -0.461106
     H   15       -0.497632       -0.461106       -0.172134

     C   16       -0.742651        0.374307       -0.340707
     C   16        0.374307        0.290222       -0.029527
     C   16       -0.340707       -0.029527        0.452428

     C   17        0.127042        0.211560       -0.054778
     C   17        0.211560       -0.429175       -0.413969
     C   17       -0.054778       -0.413969        0.302132

     Cl  18       -0.081867        0.142222       -0.007196
     Cl  18        0.142222       -0.011121       -0.006692
     Cl  18       -0.007196       -0.006692        0.092988

     H   19        0.143027        0.064969       -0.310531
     H   19        0.064969       -0.218259        0.472163
     H   19       -0.310531        0.472163        0.075232

     C   20       -0.458598       -0.334899       -0.007730
     C   20       -0.334899        0.057514        0.431286
     C   20       -0.007730        0.431286        0.401084

     H   21       -0.597942       -0.044064       -0.437180
     H   21       -0.044064        0.337097        0.106335
     H   21       -0.437180        0.106335        0.260845

     C   22       -0.035726        0.180839       -0.291629
     C   22        0.180839       -0.142081        0.659431
     C   22       -0.291629        0.659431        0.177807

     C   23       -0.337437       -0.359644       -0.078222
     C   23       -0.359644       -0.135393        0.455257
     C   23       -0.078222        0.455257        0.472830

     Cl  24       -0.021531        0.118543       -0.028551
     Cl  24        0.118543        0.107733       -0.099975
     Cl  24       -0.028551       -0.099975       -0.086203

     ----- ionic term -----
     Cl   1        0.200613       -0.239250        0.030204
     Cl   1       -0.239250       -0.023572       -0.007291
     Cl   1        0.030204       -0.007291       -0.177041

     C    2        0.262998       -0.191042        0.306722
     C    2       -0.191042        0.134388        0.365126
     C    2        0.306722        0.365126       -0.397386

     C    3        0.130165       -0.189668        0.193546
     C    3       -0.189668        0.268393        0.367838
     C    3        0.193546        0.367838       -0.398558

     H    4        0.649109        0.382227        0.608177
     H    4        0.382227       -0.337474        0.257220
     H    4        0.608177        0.257220       -0.311635

     C    5        0.287845       -0.114122        0.272093
     C    5       -0.114122        0.111113        0.267739
     C    5        0.272093        0.267739       -0.398959

     H    6       -0.504070        0.133115        0.062468
     H    6        0.133115        0.817982        0.581953
     H    6        0.062468        0.581953       -0.313912

     H    7       -0.497591       -0.134131        0.059013
     H    7       -0.134131        0.813425       -0.592341
     H    7        0.059013       -0.592341       -0.315835

     C    8        0.366893        0.145700        0.165013
     C    8        0.145700        0.103514       -0.276690
     C    8        0.165013       -0.276690       -0.470408

     H    9        0.732200       -0.313610        0.588178
     H    9       -0.313610       -0.423259       -0.227211
     H    9        0.588178       -0.227211       -0.308941

     C   10        0.233638        0.231126        0.133419
     C   10        0.231126        0.171781       -0.349702
     C   10        0.133419       -0.349702       -0.405419

     C   11        0.392428        0.144110        0.180095
     C   11        0.144110        0.052055       -0.358157
     C   11        0.180095       -0.358157       -0.444483

     Cl  12        0.192555        0.203905       -0.017429
     Cl  12        0.203905       -0.024449       -0.026601
     Cl  12       -0.017429       -0.026601       -0.168106

     H   13       -0.496039       -0.057383       -0.005648
     H   13       -0.057383        0.703187        0.664425
     H   13       -0.005648        0.664425       -0.207148

     C   14        0.338860       -0.209986        0.296962
     C   14       -0.209986        0.022434        0.270324
     C   14        0.296962        0.270324       -0.361294

     H   15        0.502388        0.249207        0.741687
     H   15        0.249207       -0.465400        0.240780
     H   15        0.741687        0.240780       -0.036988

     C   16        0.159764       -0.226481        0.230278
     C   16       -0.226481        0.158649        0.359126
     C   16        0.230278        0.359126       -0.318413

     C   17        0.227654       -0.129942        0.275888
     C   17       -0.129942        0.136547        0.379367
     C   17        0.275888        0.379367       -0.364201

     Cl  18        0.127187       -0.192489        0.022194
     Cl  18       -0.192489        0.016611       -0.013912
     Cl  18        0.022194       -0.013912       -0.143798

     H   19       -0.485212       -0.229607        0.106262
     H   19       -0.229607        0.795284       -0.593315
     H   19        0.106262       -0.593315       -0.310073

     C   20        0.412132        0.091667        0.194757
     C   20        0.091667        0.041748       -0.295031
     C   20        0.194757       -0.295031       -0.453880

     H   21        0.636375       -0.364130        0.606010
     H   21       -0.364130       -0.394693       -0.257617
     H   21        0.606010       -0.257617       -0.241682

     C   22        0.183800        0.175829        0.115549
     C   22        0.175829        0.213211       -0.393263
     C   22        0.115549       -0.393263       -0.397011

     C   23        0.218411        0.115596        0.120953
     C   23        0.115596        0.197443       -0.408836
     C   23        0.120953       -0.408836       -0.415854

     Cl  24        0.112148        0.218314       -0.050975
     Cl  24        0.218314        0.009177       -0.032921
     Cl  24       -0.050975       -0.032921       -0.121325

     ----- GIPAW term -----
     Cl   1        0.466629       -2.107995        0.015593
     Cl   1       -2.107995        1.319572        1.272515
     Cl   1        0.015593        1.272515       -1.786202

     C    2       -0.169515        0.037645       -0.009727
     C    2        0.037645        0.191020        0.170159
     C    2       -0.009727        0.170159       -0.021505

     C    3       -0.092300        0.020664        0.024941
     C    3        0.020664        0.026930        0.177850
     C    3        0.024941        0.177850        0.065370

     H    4       -0.000000        0.000000        0.000000
     H    4        0.000000        0.000000        0.000000
     H    4        0.000000        0.000000        0.000000

     C    5       -0.178107        0.064496        0.028502
     C    5        0.064496        0.047908        0.153668
     C    5        0.028502        0.153668        0.130199

     H    6       -0.000000        0.000000        0.000000
     H    6        0.000000        0.000000        0.000000
     H    6        0.000000        0.000000        0.000000

     H    7       -0.000000        0.000000        0.000000
     H    7        0.000000        0.000000        0.000000
     H    7        0.000000        0.000000        0.000000

     C    8       -0.059529        0.033687        0.010250
     C    8        0.033687       -0.007988        0.096908
     C    8        0.010250        0.096908        0.067517

     H    9       -0.000000        0.000000        0.000000
     H    9        0.000000        0.000000        0.000000
     H    9        0.000000        0.000000        0.000000

     C   10       -0.026259        0.000615        0.034564
     C   10        0.000615        0.006027        0.036167
     C   10        0.034564        0.036167        0.020232

     C   11       -0.069498        0.069830       -0.004774
     C   11        0.069830       -0.041864        0.107938
     C   11       -0.004774        0.107938        0.111363

     Cl  12       -0.487940        0.157592       -0.335807
     Cl  12        0.157592       -0.172535        0.987929
     Cl  12       -0.335807        0.987929        0.660475

     H   13       -0.000000        0.000000        0.000000
     H   13        0.000000        0.000000        0.000000
     H   13        0.000000        0.000000        0.000000

     C   14       -0.119916        0.038063        0.006096
     C   14        0.038063        0.125398        0.131641
     C   14        0.006096        0.131641       -0.005482

     H   15       -0.000000        0.000000        0.000000
     H   15        0.000000        0.000000        0.000000
     H   15        0.000000        0.000000        0.000000

     C   16       -0.191240        0.107669        0.004831
     C   16        0.107669        0.134860        0.156082
     C   16        0.004831        0.156082        0.056381

     C   17       -0.048908        0.031633        0.075020
     C   17        0.031633        0.035775        0.173617
     C   17        0.075020        0.173617        0.013133

     Cl  18       -0.461229       -0.225191        1.073333
     Cl  18       -0.225191       -0.089394        1.929173
     Cl  18        1.073333        1.929173        0.550623

     H   19       -0.000000        0.000000        0.000000
     H   19        0.000000        0.000000        0.000000
     H   19        0.000000        0.000000        0.000000

     C   20       -0.130165        0.044964        0.102175
     C   20        0.044964        0.054409        0.216329
     C   20        0.102175        0.216329        0.075756

     H   21       -0.000000        0.000000        0.000000
     H   21        0.000000        0.000000        0.000000
     H   21        0.000000        0.000000        0.000000

     C   22        0.011971        0.205254        0.000905
     C   22        0.205254        0.036130        0.172448
     C   22        0.000905        0.172448       -0.048101

     C   23       -0.061912        0.121903        0.091262
     C   23        0.121903        0.029573        0.200700
     C   23        0.091262        0.200700        0.032339

     Cl  24        0.673820        2.936537       -0.383026
     Cl  24        2.936537        1.345611       -1.020762
     Cl  24       -0.383026       -1.020762       -2.019431

     ----- total EFG -----
     Cl   1        0.619507       -2.382116        0.056441
     Cl   1       -2.382116        1.407067        1.397331
     Cl   1        0.056441        1.397331       -2.026574

     C    2       -0.705879        0.285273       -0.059552
     C    2        0.285273        0.662480        0.531108
     C    2       -0.059552        0.531108        0.043399

     C    3        0.187285        0.029749        0.158941
     C    3        0.029749       -0.224507        0.091214
     C    3        0.158941        0.091214        0.037222

     H    4        0.132648        0.369877        0.444414
     H    4        0.369877       -0.039354       -0.154304
     H    4        0.444414       -0.154304       -0.093294

     C    5       -0.792611        0.250921       -0.103011
     C    5        0.250921        0.506465        0.390275
     C    5       -0.103011        0.390275        0.286146

     H    6       -0.018030        0.059893       -0.059895
     H    6        0.059893        0.238182        0.295383
     H    6       -0.059895        0.295383       -0.220152

     H    7       -0.053373        0.003154        0.054654
     H    7        0.003154        0.145745       -0.822990
     H    7        0.054654       -0.822990       -0.092372

     C    8        0.096045        0.314459       -0.039975
     C    8        0.314459        0.033494       -0.016167
     C    8       -0.039975       -0.016167       -0.129539

     H    9        0.446561        0.163903        0.642865
     H    9        0.163903       -0.364488       -0.423769
     H    9        0.642865       -0.423769       -0.082074

     C   10        0.132033       -0.008774        0.319953
     C   10       -0.008774        0.045392       -0.209146
     C   10        0.319953       -0.209146       -0.177425

     C   11        0.079690        0.372165       -0.017231
     C   11        0.372165        0.018957        0.112145
     C   11       -0.017231        0.112145       -0.098647

     Cl  12       -0.200339        0.159267       -0.309068
     Cl  12        0.159267       -0.179713        0.630737
     Cl  12       -0.309068        0.630737        0.380052

     H   13       -0.078855        0.057566        0.049347
     H   13        0.057566        0.098727        0.142590
     H   13        0.049347        0.142590       -0.019872

     C   14        0.129489       -0.033465        0.140052
     C   14       -0.033465       -0.024667        0.080707
     C   14        0.140052        0.080707       -0.104822

     H   15        0.492483       -0.044092        0.244055
     H   15       -0.044092       -0.283362       -0.220325
     H   15        0.244055       -0.220325       -0.209122

     C   16       -0.774127        0.255495       -0.105597
     C   16        0.255495        0.583731        0.485682
     C   16       -0.105597        0.485682        0.190396

     C   17        0.305788        0.113251        0.296129
     C   17        0.113251       -0.256852        0.139015
     C   17        0.296129        0.139015       -0.048936

     Cl  18       -0.415909       -0.275458        1.088332
     Cl  18       -0.275458       -0.083904        1.908568
     Cl  18        1.088332        1.908568        0.499813

     H   19       -0.342185       -0.164639       -0.204270
     H   19       -0.164639        0.577026       -0.121152
     H   19       -0.204270       -0.121152       -0.234841

     C   20       -0.176630       -0.198268        0.289203
     C   20       -0.198268        0.153671        0.352584
     C   20        0.289203        0.352584        0.022960

     H   21        0.038433       -0.408194        0.168830
     H   21       -0.408194       -0.057596       -0.151282
     H   21        0.168830       -0.151282        0.019163

     C   22        0.160045        0.561922       -0.175175
     C   22        0.561922        0.107260        0.438615
     C   22       -0.175175        0.438615       -0.267305

     C   23       -0.180938       -0.122145        0.133993
     C   23       -0.122145        0.091623        0.247121
     C   23        0.133993        0.247121        0.089315

     Cl  24        0.764437        3.273394       -0.462552
     Cl  24        3.273394        1.462522       -1.153659
     Cl  24       -0.462552       -1.153659       -2.226959

     ----- total EFG (symmetrized) -----
     Cl   1        0.619507       -2.382116        0.056441
     Cl   1       -2.382116        1.407067        1.397331
     Cl   1        0.056441        1.397331       -2.026574

     C    2       -0.705879        0.285273       -0.059552
     C    2        0.285273        0.662480        0.531108
     C    2       -0.059552        0.531108        0.043399

     C    3        0.187285        0.029749        0.158941
     C    3        0.029749       -0.224507        0.091214
     C    3        0.158941        0.091214        0.037222

     H    4        0.132648        0.369877        0.444414
     H    4        0.369877       -0.039354       -0.154304
     H    4        0.444414       -0.154304       -0.093294

     C    5       -0.792611        0.250921       -0.103011
     C    5        0.250921        0.506465        0.390275
     C    5       -0.103011        0.390275        0.286146

     H    6       -0.018030        0.059893       -0.059895
     H    6        0.059893        0.238182        0.295383
     H    6       -0.059895        0.295383       -0.220152

     H    7       -0.053373        0.003154        0.054654
     H    7        0.003154        0.145745       -0.822990
     H    7        0.054654       -0.822990       -0.092372

     C    8        0.096045        0.314459       -0.039975
     C    8        0.314459        0.033494       -0.016167
     C    8       -0.039975       -0.016167       -0.129539

     H    9        0.446561        0.163903        0.642865
     H    9        0.163903       -0.364488       -0.423769
     H    9        0.642865       -0.423769       -0.082074

     C   10        0.132033       -0.008774        0.319953
     C   10       -0.008774        0.045392       -0.209146
     C   10        0.319953       -0.209146       -0.177425

     C   11        0.079690        0.372165       -0.017231
     C   11        0.372165        0.018957        0.112145
     C   11       -0.017231        0.112145       -0.098647

     Cl  12       -0.200339        0.159267       -0.309068
     Cl  12        0.159267       -0.179713        0.630737
     Cl  12       -0.309068        0.630737        0.380052

     H   13       -0.078855        0.057566        0.049347
     H   13        0.057566        0.098727        0.142590
     H   13        0.049347        0.142590       -0.019872

     C   14        0.129489       -0.033465        0.140052
     C   14       -0.033465       -0.024667        0.080707
     C   14        0.140052        0.080707       -0.104822

     H   15        0.492483       -0.044092        0.244055
     H   15       -0.044092       -0.283362       -0.220325
     H   15        0.244055       -0.220325       -0.209122

     C   16       -0.774127        0.255495       -0.105597
     C   16        0.255495        0.583731        0.485682
     C   16       -0.105597        0.485682        0.190396

     C   17        0.305788        0.113251        0.296129
     C   17        0.113251       -0.256852        0.139015
     C   17        0.296129        0.139015       -0.048936

     Cl  18       -0.415909       -0.275458        1.088332
     Cl  18       -0.275458       -0.083904        1.908568
     Cl  18        1.088332        1.908568        0.499813

     H   19       -0.342185       -0.164639       -0.204270
     H   19       -0.164639        0.577026       -0.121152
     H   19       -0.204270       -0.121152       -0.234841

     C   20       -0.176630       -0.198268        0.289203
     C   20       -0.198268        0.153671        0.352584
     C   20        0.289203        0.352584        0.022960

     H   21        0.038433       -0.408194        0.168830
     H   21       -0.408194       -0.057596       -0.151282
     H   21        0.168830       -0.151282        0.019163

     C   22        0.160045        0.561922       -0.175175
     C   22        0.561922        0.107260        0.438615
     C   22       -0.175175        0.438615       -0.267305

     C   23       -0.180938       -0.122145        0.133993
     C   23       -0.122145        0.091623        0.247121
     C   23        0.133993        0.247121        0.089315

     Cl  24        0.764437        3.273394       -0.462552
     Cl  24        3.273394        1.462522       -1.153659
     Cl  24       -0.462552       -1.153659       -2.226959


     NQR/NMR SPECTROSCOPIC PARAMETERS:
     Cl   1    Vxx=   -0.7959    axis=(  0.721245  0.441191  0.534000)
     Cl   1    Vyy=   -2.8255    axis=(  0.330464  0.458366 -0.825042)
     Cl   1    Vzz=    3.6214    axis=( -0.608769  0.771525  0.184796)
     Cl   1  Q=        -8.1650 1e-30 m^2  Cq=       -69.4739 MHz  eta= 0.56046

     C    2    Vxx=   -0.1939    axis=( -0.330150 -0.415634  0.847496)
     C    2    Vyy=   -0.8021    axis=( -0.935063  0.266776 -0.233428)
     C    2    Vzz=    0.9960    axis=( -0.129071 -0.869528 -0.476720)
     C    2  Q=         1.0000 1e-30 m^2  Cq=         2.3402 MHz  eta= 0.61070

     C    3    Vxx=   -0.0445    axis=( -0.565715  0.296411  0.769485)
     C    3    Vyy=   -0.2542    axis=(  0.053238  0.944342 -0.324627)
     C    3    Vzz=    0.2987    axis=( -0.822880 -0.142681 -0.550009)
     C    3  Q=         1.0000 1e-30 m^2  Cq=         0.7018 MHz  eta= 0.70207

     H    4    Vxx=    0.0903    axis=(  0.002483  0.768501 -0.639844)
     H    4    Vyy=    0.5598    axis=(  0.804339  0.378641  0.457897)
     H    4    Vzz=   -0.6501    axis=( -0.594166  0.515789  0.617195)
     H    4  Q=         1.0000 1e-30 m^2  Cq=        -1.5274 MHz  eta= 0.72215

     C    5    Vxx=    0.0534    axis=( -0.258597 -0.544237  0.798081)
     C    5    Vyy=    0.8142    axis=( -0.089140 -0.809214 -0.580712)
     C    5    Vzz=   -0.8676    axis=(  0.961864 -0.221312  0.160747)
     C    5  Q=         1.0000 1e-30 m^2  Cq=        -2.0384 MHz  eta= 0.87693

     H    6    Vxx=   -0.0023    axis=(  0.974081  0.032385 -0.223871)
     H    6    Vyy=   -0.3825    axis=( -0.215283  0.436499 -0.873568)
     H    6    Vzz=    0.3848    axis=(  0.069429  0.899121  0.432158)
     H    6  Q=         1.0000 1e-30 m^2  Cq=         0.9041 MHz  eta= 0.98818

     H    7    Vxx=   -0.0521    axis=(  0.997675  0.065300  0.019521)
     H    7    Vyy=   -0.8074    axis=( -0.057496  0.652578  0.755537)
     H    7    Vzz=    0.8595    axis=(  0.036597 -0.754903  0.654815)
     H    7  Q=         1.0000 1e-30 m^2  Cq=         2.0194 MHz  eta= 0.87877

     C    8    Vxx=   -0.1309    axis=( -0.023917  0.143042  0.989428)
     C    8    Vyy=   -0.2531    axis=(  0.671951 -0.730502  0.121852)
     C    8    Vzz=    0.3840    axis=(  0.740209  0.667761 -0.078646)
     C    8  Q=         1.0000 1e-30 m^2  Cq=         0.9022 MHz  eta= 0.31813

     H    9    Vxx=    0.0042    axis=(  0.432738  0.756330 -0.490615)
     H    9    Vyy=    0.8863    axis=( -0.811308  0.089427 -0.577739)
     H    9    Vzz=   -0.8905    axis=( -0.393087  0.648049  0.652315)
     H    9  Q=         1.0000 1e-30 m^2  Cq=        -2.0922 MHz  eta= 0.99061

     C   10    Vxx=    0.0613    axis=(  0.498999  0.862262 -0.086628)
     C   10    Vyy=    0.3803    axis=(  0.738644 -0.370910  0.562878)
     C   10    Vzz=   -0.4416    axis=(  0.453217 -0.344862 -0.821988)
     C   10  Q=         1.0000 1e-30 m^2  Cq=        -1.0375 MHz  eta= 0.72224

     C   11    Vxx=   -0.0717    axis=( -0.322767  0.174329  0.930285)
     C   11    Vyy=   -0.3588    axis=( -0.614941  0.708548 -0.346134)
     C   11    Vzz=    0.4305    axis=( -0.719492 -0.683791 -0.121494)
     C   11  Q=         1.0000 1e-30 m^2  Cq=         1.0115 MHz  eta= 0.66710

     Cl  12    Vxx=   -0.0623    axis=(  0.854824  0.504387 -0.121939)
     Cl  12    Vyy=   -0.7590    axis=( -0.487779  0.700851 -0.520462)
     Cl  12    Vzz=    0.8212    axis=( -0.177053  0.504382  0.845133)
     Cl  12  Q=        -8.1650 1e-30 m^2  Cq=       -15.7549 MHz  eta= 0.84834

     H   13    Vxx=   -0.0945    axis=(  0.889211 -0.411901  0.199103)
     H   13    Vyy=   -0.1188    axis=( -0.383331 -0.433250  0.815691)
     H   13    Vzz=    0.2133    axis=(  0.249723  0.801643  0.543145)
     H   13  Q=         1.0000 1e-30 m^2  Cq=         0.5011 MHz  eta= 0.11407

     C   14    Vxx=    0.0161    axis=(  0.197134 -0.905441 -0.375918)
     C   14    Vyy=    0.1950    axis=( -0.903851 -0.019338 -0.427409)
     C   14    Vzz=   -0.2111    axis=(  0.379724  0.424031 -0.822197)
     C   14  Q=         1.0000 1e-30 m^2  Cq=        -0.4961 MHz  eta= 0.84723

     H   15    Vxx=   -0.0961    axis=( -0.321054 -0.688962  0.649812)
     H   15    Vyy=   -0.4871    axis=( -0.139120  0.713001  0.687222)
     H   15    Vzz=    0.5832    axis=(  0.936787 -0.130234  0.324760)
     H   15  Q=         1.0000 1e-30 m^2  Cq=         1.3703 MHz  eta= 0.67044

     C   16    Vxx=   -0.0646    axis=( -0.299295 -0.493723  0.816492)
     C   16    Vyy=   -0.8606    axis=( -0.949690  0.236884 -0.204880)
     C   16    Vzz=    0.9252    axis=( -0.092260 -0.836734 -0.539782)
     C   16  Q=         1.0000 1e-30 m^2  Cq=         2.1739 MHz  eta= 0.86040

     C   17    Vxx=   -0.1810    axis=(  0.535014 -0.477914 -0.696676)
     C   17    Vyy=   -0.3293    axis=( -0.088784 -0.851861  0.516188)
     C   17    Vzz=    0.5103    axis=( -0.840165 -0.214314 -0.498189)
     C   17  Q=         1.0000 1e-30 m^2  Cq=         1.1989 MHz  eta= 0.29063

     Cl  18    Vxx=   -0.0880    axis=(  0.845292 -0.519929  0.123107)
     Cl  18    Vyy=   -2.2170    axis=(  0.472855  0.620669 -0.625442)
     Cl  18    Vzz=    2.3050    axis=(  0.248776  0.586893  0.770498)
     Cl  18  Q=        -8.1650 1e-30 m^2  Cq=       -44.2199 MHz  eta= 0.92367

     H   19    Vxx=   -0.0773    axis=( -0.608330 -0.006114  0.793661)
     H   19    Vyy=   -0.5372    axis=(  0.779982  0.180407  0.599234)
     H   19    Vzz=    0.6145    axis=( -0.146845  0.983573 -0.104978)
     H   19  Q=         1.0000 1e-30 m^2  Cq=         1.4439 MHz  eta= 0.74831

     C   20    Vxx=    0.1269    axis=( -0.748930  0.479383 -0.457488)
     C   20    Vyy=    0.4492    axis=(  0.070954  0.744438  0.663911)
     C   20    Vzz=   -0.5762    axis=( -0.658839 -0.464762  0.591546)
     C   20  Q=         1.0000 1e-30 m^2  Cq=        -1.3537 MHz  eta= 0.55936

     H   21    Vxx=   -0.0862    axis=( -0.316554  0.278390  0.906804)
     H   21    Vyy=   -0.4206    axis=( -0.664052 -0.747683 -0.002272)
     H   21    Vzz=    0.5068    axis=(  0.677369 -0.602884  0.421547)
     H   21  Q=         1.0000 1e-30 m^2  Cq=         1.1908 MHz  eta= 0.65977

     C   22    Vxx=    0.0690    axis=( -0.595472  0.325423  0.734515)
     C   22    Vyy=    0.7333    axis=(  0.652300  0.729544  0.205599)
     C   22    Vzz=   -0.8023    axis=( -0.468955  0.601553 -0.646696)
     C   22  Q=         1.0000 1e-30 m^2  Cq=        -1.8852 MHz  eta= 0.82791

     C   23    Vxx=    0.0127    axis=(  0.682761 -0.527146  0.505920)
     C   23    Vyy=    0.3377    axis=( -0.017584 -0.704087 -0.709896)
     C   23    Vzz=   -0.3504    axis=(  0.730431  0.475793 -0.489992)
     C   23  Q=         1.0000 1e-30 m^2  Cq=        -0.8233 MHz  eta= 0.92776

     Cl  24    Vxx=   -1.8639    axis=( -0.668583  0.453548 -0.589314)
     Cl  24    Vyy=   -2.7417    axis=(  0.359447 -0.496646 -0.790026)
     Cl  24    Vzz=    4.6056    axis=( -0.650995 -0.740025  0.169022)
     Cl  24  Q=        -8.1650 1e-30 m^2  Cq=       -88.3561 MHz  eta= 0.19062

     Initialization:
     gipaw_setup  :      8.97s CPU     10.71s WALL (       1 calls)

     Linear response

     Apply operators

     Induced current

     Other routines
     efg          :      9.53s CPU     12.05s WALL (       1 calls)

     General routines
     calbec       :      3.41s CPU      4.69s WALL (      16 calls)
     fft          :      1.30s CPU      1.55s WALL (      15 calls)
     ffts         :      0.05s CPU      0.05s WALL (       2 calls)
     fftw         :      3.29s CPU      3.84s WALL (     672 calls)
     davcio       :      0.02s CPU      0.34s WALL (      32 calls)

     Parallel routines
     fft_scatter  :      1.97s CPU      2.62s WALL (     689 calls)

     Plugins

     GIPAW        :     61.59s CPU     72.76s WALL (       1 calls)
