
     Program QE v.6.0 (svn rev. 13079) starts on 17Jan2017 at 19:49:49 

     This program is part of the open-source Quantum ESPRESSO suite
     for quantum simulation of materials; please cite
         "P. Giannozzi et al., J. Phys.:Condens. Matter 21 395502 (2009);
          URL http://www.quantum-espresso.org", 
     in publications or presentations arising from this work. More details at
     http://www.quantum-espresso.org/quote

     Parallel version (MPI), running on     8 processors
     R & G space division:  proc/nbgrp/npool/nimage =       8

     ***** This is GIPAW svn revision unknown      *****

     Parallelizing q-star over 1 images

     Reading data from directory:
     /users/majewski/paradichlorobenzene/pbe/9_constraint/scratch/pbe.ecut100.np8.dt60.pcl2phi-129368.save
     Message from routine read_xml_file:
     file /users/majewski/paradichlorobenzene/pbe/9_constraint/scratch/pbe.ecut100.np8.dt60.pcl2phi-129368.save not guaranteed to be safe for post-processing

   Info: using nr1, nr2, nr3 values from input

   Info: using nr1, nr2, nr3 values from input

     IMPORTANT: XC functional enforced from input :
     Exchange-correlation      =  SLA  PW   PBX  PBC ( 1  4  3  4 0 0)
     Any further DFT definition will be discarded
     Please, verify this is what you really want

               file C.pbe-n-kjpaw_psl.1.0.0.UPF: wavefunction(s)  2S 2P renormalized
               file Cl.pbe-n-kjpaw_psl.1.0.0.UPF: wavefunction(s)  3S 3P renormalized
               file H.pbe-kjpaw_psl.1.0.0.UPF: wavefunction(s)  1S renormalized

     Parallelization info
     --------------------
     sticks:   dense  smooth     PW     G-vecs:    dense   smooth      PW
     Min        3057    1223    332               144436    36536    5170
     Max        3059    1225    333               144437    36537    5171
     Sum       24467    9791   2657              1155489   292295   41363


     Subspace diagonalization in iterative solution of the eigenvalue problem:
     a serial algorithm will be used

     GIPAW projectors -----------------------------------------------
     atom=  C    l=0  rc=    1.2000  rs=    0.8000
     atom=  C    l=0  rc=    1.2000  rs=    0.8000
     atom=  C    l=1  rc=    1.4000  rs=    0.9333
     atom=  C    l=1  rc=    1.4000  rs=    0.9333
     projs nearly linearly dependent: l=1  n1,n2= 1, 2  s=  0.99951561

     atom=  Cl   l=0  rc=    1.6000  rs=    1.0667
     atom=  Cl   l=0  rc=    1.6000  rs=    1.0667
     atom=  Cl   l=1  rc=    1.6000  rs=    1.0667
     atom=  Cl   l=1  rc=    1.6000  rs=    1.0667
     atom=  Cl   l=2  rc=    1.6000  rs=    1.0667
     atom=  Cl   l=2  rc=    1.6000  rs=    1.0667
     projs nearly linearly dependent: l=2  n1,n2= 1, 2  s=  0.99993509

     atom=  H    l=0  rc=    1.0000  rs=    0.6667
     atom=  H    l=0  rc=    1.0000  rs=    0.6667
     projs nearly linearly dependent: l=0  n1,n2= 1, 2  s=  0.99968852
     -----------------------------------------------------------------

     GIPAW integrals: -------------------------------------------
     Atom  i/j   nmr_para   nmr_dia   epr_rmc  epr_para   epr_dia
       C   1 1   0.83E+03  0.17E-01  0.93E+01  0.24E+08  0.24E+03
       C   2 1   0.86E+03 -0.61E-01  0.94E+01  0.25E+08  0.25E+03
       C   2 2   0.90E+03 -0.15E+00  0.97E+01  0.26E+08  0.26E+03
       C   3 3   0.33E+01  0.34E+00  0.18E+01  0.55E+03  0.21E+02
       C   4 3   0.35E+01  0.37E+00  0.20E+01  0.59E+03  0.22E+02
       C   4 4   0.38E+01  0.39E+00  0.22E+01  0.63E+03  0.24E+02
       Cl  1 1   0.14E+04 -0.47E+00  0.84E+01  0.32E+09  0.42E+03
       Cl  2 1   0.21E+04 -0.37E+00  0.12E+02  0.49E+09  0.65E+03
       Cl  2 2   0.33E+04 -0.16E+00  0.21E+02  0.76E+09  0.10E+04
       Cl  3 3   0.21E+02  0.79E-01  0.89E+01  0.23E+05  0.13E+03
       Cl  4 3   0.24E+02  0.67E-01  0.99E+01  0.27E+05  0.15E+03
       Cl  4 4   0.28E+02  0.44E-01  0.11E+02  0.32E+05  0.18E+03
       Cl  5 5   0.77E+00  0.19E+00  0.18E+01  0.12E+03  0.22E+02
       Cl  6 5   0.80E+00  0.19E+00  0.19E+01  0.12E+03  0.23E+02
       Cl  6 6   0.83E+00  0.20E+00  0.19E+01  0.12E+03  0.23E+02
       H   1 1   0.39E+02  0.19E+00  0.29E+00  0.78E+05  0.13E+02
       H   2 1   0.41E+02  0.21E+00  0.32E+00  0.82E+05  0.14E+02
       H   2 2   0.43E+02  0.22E+00  0.36E+00  0.86E+05  0.15E+02
     ------------------------------------------------------------

     alpha_pv=     34.1259 eV

     Number of occupied bands for each k-point:
     k-point:     1    nbnd_occ=  42
     k-point:     2    nbnd_occ=  42
     k-point:     3    nbnd_occ=  42
     k-point:     4    nbnd_occ=  42
     k-point:     5    nbnd_occ=  42
     k-point:     6    nbnd_occ=  42
     k-point:     7    nbnd_occ=  42
     k-point:     8    nbnd_occ=  42
     k-point:     9    nbnd_occ=  42
     k-point:    10    nbnd_occ=  42
     k-point:    11    nbnd_occ=  42
     k-point:    12    nbnd_occ=  42
     k-point:    13    nbnd_occ=  42
     k-point:    14    nbnd_occ=  42
     k-point:    15    nbnd_occ=  42
     k-point:    16    nbnd_occ=  42


     q-space interpolation up to   110.00 Rydberg

     GIPAW job: efg                                                                             


     ELECTRIC FIELD GRADIENTS TENSORS IN Hartree/bohrradius^2:

     ----- bare term -----
     Cl   1       -0.167395        0.295443       -0.010671
     Cl   1        0.295443       -0.019445       -0.031473
     Cl   1       -0.010671       -0.031473        0.186840

     C    2        0.096073       -0.095914       -0.241530
     C    2       -0.095914       -0.313950       -0.501345
     C    2       -0.241530       -0.501345        0.217877

     C    3       -0.468398        0.492780       -0.280399
     C    3        0.492780        0.117322       -0.102326
     C    3       -0.280399       -0.102326        0.351076

     H    4        0.057225       -0.005858       -0.221643
     H    4       -0.005858        0.101038       -0.502151
     H    4       -0.221643       -0.502151       -0.158264

     C    5       -0.078943       -0.329275       -0.453746
     C    5       -0.329275       -0.075931       -0.476055
     C    5       -0.453746       -0.476055        0.154874

     H    6        0.091063        0.307370        0.186781
     H    6        0.307370       -0.255213       -0.446872
     H    6        0.186781       -0.446872        0.164150

     H    7        0.335802        0.079950       -0.075937
     H    7        0.079950       -0.499705        0.557592
     H    7       -0.075937        0.557592        0.163903

     C    8       -0.687672       -0.372259       -0.354400
     C    8       -0.372259        0.337031        0.301375
     C    8       -0.354400        0.301375        0.350640

     H    9        0.137297        0.002160       -0.400293
     H    9        0.002160        0.149992       -0.282600
     H    9       -0.400293       -0.282600       -0.287289

     C   10       -0.019430       -0.357347       -0.175662
     C   10       -0.357347       -0.126788        0.637361
     C   10       -0.175662        0.637361        0.146217

     C   11       -0.366897       -0.324169       -0.453312
     C   11       -0.324169        0.153328        0.358666
     C   11       -0.453312        0.358666        0.213569

     Cl  12        0.009317       -0.009475        0.013212
     Cl  12       -0.009475       -0.039405       -0.089272
     Cl  12        0.013212       -0.089272        0.030088

     H   13        0.454060       -0.057667        0.225090
     H   13       -0.057667        0.006011       -0.209312
     H   13        0.225090       -0.209312       -0.460071

     C   14       -0.609146        0.324916       -0.368061
     C   14        0.324916        0.382118       -0.090010
     C   14       -0.368061       -0.090010        0.227028

     H   15        0.170377       -0.052839       -0.302433
     H   15       -0.052839        0.311170        0.223385
     H   15       -0.302433        0.223385       -0.481547

     C   16        0.115688        0.203593       -0.067674
     C   16        0.203593       -0.113991       -0.371393
     C   16       -0.067674       -0.371393       -0.001698

     C   17       -0.464660        0.338255       -0.181172
     C   17        0.338255        0.075161       -0.362399
     C   17       -0.181172       -0.362399        0.389499

     Cl  18        0.139134       -0.044931        0.074364
     Cl  18       -0.044931       -0.050738        0.033149
     Cl  18        0.074364        0.033149       -0.088396

     H   19        0.425353        0.276002        0.038845
     H   19        0.276002       -0.769172       -0.028489
     H   19        0.038845       -0.028489        0.343819

     C   20       -0.124664       -0.294179       -0.177144
     C   20       -0.294179       -0.044061        0.477856
     C   20       -0.177144        0.477856        0.168725

     H   21       -0.230947        0.510678       -0.272361
     H   21        0.510678       -0.150749        0.106084
     H   21       -0.272361        0.106084        0.381696

     C   22       -0.558817       -0.372219       -0.253456
     C   22       -0.372219        0.232633        0.305027
     C   22       -0.253456        0.305027        0.326184

     C   23       -0.026482       -0.085938       -0.235605
     C   23       -0.085938       -0.073319        0.569290
     C   23       -0.235605        0.569290        0.099801

     Cl  24       -0.114750       -0.116529        0.061650
     Cl  24       -0.116529        0.002267       -0.137737
     Cl  24        0.061650       -0.137737        0.112483

     ----- ionic term -----
     Cl   1        0.135717       -0.197862        0.053281
     Cl   1       -0.197862       -0.003266       -0.026937
     Cl   1        0.053281       -0.026937       -0.132451

     C    2        0.041668       -0.288385        0.316660
     C    2       -0.288385        0.059462        0.377718
     C    2        0.316660        0.377718       -0.101131

     C    3        0.137271       -0.335046        0.210497
     C    3       -0.335046        0.117205        0.378025
     C    3        0.210497        0.378025       -0.254476

     H    4        0.366504        0.312159        0.778340
     H    4        0.312159       -0.400005        0.328055
     H    4        0.778340        0.328055        0.033501

     C    5        0.232054       -0.265830        0.299459
     C    5       -0.265830       -0.008403        0.300409
     C    5        0.299459        0.300409       -0.223652

     H    6       -0.518298       -0.088830       -0.044169
     H    6       -0.088830        0.645388        0.724298
     H    6       -0.044169        0.724298       -0.127091

     H    7       -0.497022       -0.201009        0.090682
     H    7       -0.201009        0.820076       -0.555421
     H    7        0.090682       -0.555421       -0.323054

     C    8        0.225785        0.199842        0.304234
     C    8        0.199842        0.151101       -0.242894
     C    8        0.304234       -0.242894       -0.376886

     H    9        0.311139       -0.034597        0.837696
     H    9       -0.034597       -0.472105       -0.128115
     H    9        0.837696       -0.128115        0.160966

     C   10        0.066768        0.331687        0.260543
     C   10        0.331687        0.227124       -0.317586
     C   10        0.260543       -0.317586       -0.293892

     C   11        0.142090        0.207364        0.323006
     C   11        0.207364        0.175558       -0.347675
     C   11        0.323006       -0.347675       -0.317648

     Cl  12        0.127498        0.229751        0.051211
     Cl  12        0.229751        0.028498        0.023234
     Cl  12        0.051211        0.023234       -0.155996

     H   13       -0.538100       -0.015269        0.026639
     H   13       -0.015269        0.422197        0.783701
     H   13        0.026639        0.783701        0.115902

     C   14        0.131936       -0.255179        0.363305
     C   14       -0.255179       -0.079041        0.285624
     C   14        0.363305        0.285624       -0.052895

     H   15        0.261839        0.192952        0.784427
     H   15        0.192952       -0.491355        0.259879
     H   15        0.784427        0.259879        0.229516

     C   16        0.099973       -0.362995        0.203733
     C   16       -0.362995       -0.014622        0.345650
     C   16        0.203733        0.345650       -0.085351

     C   17        0.218311       -0.274904        0.238083
     C   17       -0.274904       -0.111482        0.420518
     C   17        0.238083        0.420518       -0.106829

     Cl  18        0.214503       -0.227806        0.011435
     Cl  18       -0.227806       -0.075770       -0.007594
     Cl  18        0.011435       -0.007594       -0.138733

     H   19       -0.504559       -0.087457        0.052373
     H   19       -0.087457        0.847670       -0.540371
     H   19        0.052373       -0.540371       -0.343111

     C   20        0.272319        0.228450        0.261349
     C   20        0.228450        0.106753       -0.268078
     C   20        0.261349       -0.268078       -0.379073

     H   21        0.582072       -0.342055        0.662305
     H   21       -0.342055       -0.415739       -0.264248
     H   21        0.662305       -0.264248       -0.166333

     C   22        0.180298        0.232557        0.191527
     C   22        0.232557        0.230732       -0.353359
     C   22        0.191527       -0.353359       -0.411030

     C   23        0.151628        0.144079        0.307996
     C   23        0.144079        0.191854       -0.321699
     C   23        0.307996       -0.321699       -0.343482

     Cl  24        0.106456        0.192507        0.033251
     Cl  24        0.192507        0.045376        0.024130
     Cl  24        0.033251        0.024130       -0.151832

     ----- GIPAW term -----
     Cl   1       -1.204819       -0.553556       -0.119308
     Cl   1       -0.553556        0.119296        2.051431
     Cl   1       -0.119308        2.051431        1.085523

     C    2       -0.076962       -0.091751       -0.021921
     C    2       -0.091751        0.098538        0.153650
     C    2       -0.021921        0.153650       -0.021576

     C    3       -0.006773       -0.075071       -0.078793
     C    3       -0.075071        0.056310        0.060256
     C    3       -0.078793        0.060256       -0.049536

     H    4       -0.000000        0.000000        0.000000
     H    4        0.000000        0.000000        0.000000
     H    4        0.000000        0.000000        0.000000

     C    5        0.018013       -0.185880       -0.117304
     C    5       -0.185880        0.025377        0.019224
     C    5       -0.117304        0.019224       -0.043390

     H    6       -0.000000        0.000000        0.000000
     H    6        0.000000        0.000000        0.000000
     H    6        0.000000        0.000000        0.000000

     H    7       -0.000000        0.000000        0.000000
     H    7        0.000000        0.000000        0.000000
     H    7        0.000000        0.000000        0.000000

     C    8       -0.194089       -0.090666       -0.053120
     C    8       -0.090666        0.223336        0.095601
     C    8       -0.053120        0.095601       -0.029247

     H    9       -0.000000        0.000000        0.000000
     H    9        0.000000        0.000000        0.000000
     H    9        0.000000        0.000000        0.000000

     C   10       -0.080696       -0.135693       -0.068354
     C   10       -0.135693        0.134820        0.200777
     C   10       -0.068354        0.200777       -0.054124

     C   11       -0.079029       -0.083106       -0.116427
     C   11       -0.083106        0.169205        0.164514
     C   11       -0.116427        0.164514       -0.090176

     Cl  12       -0.075245        0.091049       -1.115411
     Cl  12        0.091049        0.455188        1.779543
     Cl  12       -1.115411        1.779543       -0.379943

     H   13       -0.000000        0.000000        0.000000
     H   13        0.000000        0.000000        0.000000
     H   13        0.000000        0.000000        0.000000

     C   14       -0.097768        0.125069       -0.052233
     C   14        0.125069        0.161219       -0.034714
     C   14       -0.052233       -0.034714       -0.063451

     H   15       -0.000000        0.000000        0.000000
     H   15        0.000000        0.000000        0.000000
     H   15        0.000000        0.000000        0.000000

     C   16       -0.039548        0.055148       -0.035683
     C   16        0.055148        0.058168       -0.111555
     C   16       -0.035683       -0.111555       -0.018621

     C   17       -0.061571       -0.168939        0.026231
     C   17       -0.168939        0.159066       -0.117160
     C   17        0.026231       -0.117160       -0.097495

     Cl  18        2.705322       -2.145704        0.888290
     Cl  18       -2.145704       -0.688189        0.150552
     Cl  18        0.888290        0.150552       -2.017133

     H   19       -0.000000        0.000000        0.000000
     H   19        0.000000        0.000000        0.000000
     H   19        0.000000        0.000000        0.000000

     C   20       -0.058517       -0.166119       -0.030037
     C   20       -0.166119        0.175273        0.147269
     C   20       -0.030037        0.147269       -0.116756

     H   21       -0.000000        0.000000        0.000000
     H   21        0.000000        0.000000        0.000000
     H   21        0.000000        0.000000        0.000000

     C   22       -0.190150       -0.128541       -0.077547
     C   22       -0.128541        0.245993        0.120181
     C   22       -0.077547        0.120181       -0.055843

     C   23        0.001819        0.029938       -0.019147
     C   23        0.029938        0.158670        0.029121
     C   23       -0.019147        0.029121       -0.160489

     Cl  24        0.469601        1.320174        0.631638
     Cl  24        1.320174        0.113585       -1.256485
     Cl  24        0.631638       -1.256485       -0.583185

     ----- total EFG -----
     Cl   1       -1.236497       -0.455975       -0.076698
     Cl   1       -0.455975        0.096585        1.993021
     Cl   1       -0.076698        1.993021        1.139911

     C    2        0.060780       -0.476050        0.053210
     C    2       -0.476050       -0.155950        0.030024
     C    2        0.053210        0.030024        0.095171

     C    3       -0.337900        0.082663       -0.148695
     C    3        0.082663        0.290837        0.335955
     C    3       -0.148695        0.335955        0.047064

     H    4        0.423730        0.306301        0.556696
     H    4        0.306301       -0.298967       -0.174096
     H    4        0.556696       -0.174096       -0.124763

     C    5        0.171125       -0.780984       -0.271591
     C    5       -0.780984       -0.058957       -0.156422
     C    5       -0.271591       -0.156422       -0.112168

     H    6       -0.427235        0.218539        0.142612
     H    6        0.218539        0.390175        0.277427
     H    6        0.142612        0.277427        0.037060

     H    7       -0.161221       -0.121059        0.014745
     H    7       -0.121059        0.320371        0.002170
     H    7        0.014745        0.002170       -0.159151

     C    8       -0.655976       -0.263083       -0.103285
     C    8       -0.263083        0.711468        0.154082
     C    8       -0.103285        0.154082       -0.055493

     H    9        0.448437       -0.032437        0.437403
     H    9       -0.032437       -0.322113       -0.410715
     H    9        0.437403       -0.410715       -0.126324

     C   10       -0.033357       -0.161352        0.016527
     C   10       -0.161352        0.235156        0.520552
     C   10        0.016527        0.520552       -0.201799

     C   11       -0.303836       -0.199912       -0.246733
     C   11       -0.199912        0.498091        0.175505
     C   11       -0.246733        0.175505       -0.194255

     Cl  12        0.061570        0.311325       -1.050988
     Cl  12        0.311325        0.444281        1.713505
     Cl  12       -1.050988        1.713505       -0.505851

     H   13       -0.084039       -0.072936        0.251730
     H   13       -0.072936        0.428208        0.574389
     H   13        0.251730        0.574389       -0.344169

     C   14       -0.574977        0.194806       -0.056989
     C   14        0.194806        0.464296        0.160901
     C   14       -0.056989        0.160901        0.110681

     H   15        0.432216        0.140113        0.481994
     H   15        0.140113       -0.180185        0.483264
     H   15        0.481994        0.483264       -0.252032

     C   16        0.176114       -0.104255        0.100376
     C   16       -0.104255       -0.070444       -0.137298
     C   16        0.100376       -0.137298       -0.105669

     C   17       -0.307921       -0.105587        0.083142
     C   17       -0.105587        0.122746       -0.059041
     C   17        0.083142       -0.059041        0.185175

     Cl  18        3.058959       -2.418441        0.974089
     Cl  18       -2.418441       -0.814697        0.176107
     Cl  18        0.974089        0.176107       -2.244263

     H   19       -0.079206        0.188545        0.091218
     H   19        0.188545        0.078498       -0.568860
     H   19        0.091218       -0.568860        0.000708

     C   20        0.089138       -0.231847        0.054167
     C   20       -0.231847        0.237965        0.357048
     C   20        0.054167        0.357048       -0.327104

     H   21        0.351125        0.168623        0.389943
     H   21        0.168623       -0.566488       -0.158164
     H   21        0.389943       -0.158164        0.215363

     C   22       -0.568668       -0.268203       -0.139476
     C   22       -0.268203        0.709358        0.071849
     C   22       -0.139476        0.071849       -0.140689

     C   23        0.126965        0.088079        0.053244
     C   23        0.088079        0.277205        0.276712
     C   23        0.053244        0.276712       -0.404170

     Cl  24        0.461307        1.396153        0.726539
     Cl  24        1.396153        0.161228       -1.370092
     Cl  24        0.726539       -1.370092       -0.622535

     ----- total EFG (symmetrized) -----
     Cl   1       -1.236497       -0.455975       -0.076698
     Cl   1       -0.455975        0.096585        1.993021
     Cl   1       -0.076698        1.993021        1.139911

     C    2        0.060780       -0.476050        0.053210
     C    2       -0.476050       -0.155950        0.030024
     C    2        0.053210        0.030024        0.095171

     C    3       -0.337900        0.082663       -0.148695
     C    3        0.082663        0.290837        0.335955
     C    3       -0.148695        0.335955        0.047064

     H    4        0.423730        0.306301        0.556696
     H    4        0.306301       -0.298967       -0.174096
     H    4        0.556696       -0.174096       -0.124763

     C    5        0.171125       -0.780984       -0.271591
     C    5       -0.780984       -0.058957       -0.156422
     C    5       -0.271591       -0.156422       -0.112168

     H    6       -0.427235        0.218539        0.142612
     H    6        0.218539        0.390175        0.277427
     H    6        0.142612        0.277427        0.037060

     H    7       -0.161221       -0.121059        0.014745
     H    7       -0.121059        0.320371        0.002170
     H    7        0.014745        0.002170       -0.159151

     C    8       -0.655976       -0.263083       -0.103285
     C    8       -0.263083        0.711468        0.154082
     C    8       -0.103285        0.154082       -0.055493

     H    9        0.448437       -0.032437        0.437403
     H    9       -0.032437       -0.322113       -0.410715
     H    9        0.437403       -0.410715       -0.126324

     C   10       -0.033357       -0.161352        0.016527
     C   10       -0.161352        0.235156        0.520552
     C   10        0.016527        0.520552       -0.201799

     C   11       -0.303836       -0.199912       -0.246733
     C   11       -0.199912        0.498091        0.175505
     C   11       -0.246733        0.175505       -0.194255

     Cl  12        0.061570        0.311325       -1.050988
     Cl  12        0.311325        0.444281        1.713505
     Cl  12       -1.050988        1.713505       -0.505851

     H   13       -0.084039       -0.072936        0.251730
     H   13       -0.072936        0.428208        0.574389
     H   13        0.251730        0.574389       -0.344169

     C   14       -0.574977        0.194806       -0.056989
     C   14        0.194806        0.464296        0.160901
     C   14       -0.056989        0.160901        0.110681

     H   15        0.432216        0.140113        0.481994
     H   15        0.140113       -0.180185        0.483264
     H   15        0.481994        0.483264       -0.252032

     C   16        0.176114       -0.104255        0.100376
     C   16       -0.104255       -0.070444       -0.137298
     C   16        0.100376       -0.137298       -0.105669

     C   17       -0.307921       -0.105587        0.083142
     C   17       -0.105587        0.122746       -0.059041
     C   17        0.083142       -0.059041        0.185175

     Cl  18        3.058959       -2.418441        0.974089
     Cl  18       -2.418441       -0.814697        0.176107
     Cl  18        0.974089        0.176107       -2.244263

     H   19       -0.079206        0.188545        0.091218
     H   19        0.188545        0.078498       -0.568860
     H   19        0.091218       -0.568860        0.000708

     C   20        0.089138       -0.231847        0.054167
     C   20       -0.231847        0.237965        0.357048
     C   20        0.054167        0.357048       -0.327104

     H   21        0.351125        0.168623        0.389943
     H   21        0.168623       -0.566488       -0.158164
     H   21        0.389943       -0.158164        0.215363

     C   22       -0.568668       -0.268203       -0.139476
     C   22       -0.268203        0.709358        0.071849
     C   22       -0.139476        0.071849       -0.140689

     C   23        0.126965        0.088079        0.053244
     C   23        0.088079        0.277205        0.276712
     C   23        0.053244        0.276712       -0.404170

     Cl  24        0.461307        1.396153        0.726539
     Cl  24        1.396153        0.161228       -1.370092
     Cl  24        0.726539       -1.370092       -0.622535


     NQR/NMR SPECTROSCOPIC PARAMETERS:
     Cl   1    Vxx=   -1.0288    axis=( -0.793965  0.433395 -0.426367)
     Cl   1    Vyy=   -1.6790    axis=( -0.601817 -0.659736  0.450071)
     Cl   1    Vzz=    2.7078    axis=( -0.086231  0.613936  0.784632)
     Cl   1  Q=        -8.1650 1e-30 m^2  Cq=       -51.9474 MHz  eta= 0.24013

     C    2    Vxx=    0.0987    axis=(  0.003403  0.110814  0.993835)
     C    2    Vyy=    0.4422    axis=( -0.782319  0.619331 -0.066377)
     C    2    Vzz=   -0.5409    axis=( -0.622868 -0.777271  0.088799)
     C    2  Q=         1.0000 1e-30 m^2  Cq=        -1.2708 MHz  eta= 0.63503

     C    3    Vxx=   -0.0783    axis=(  0.545282  0.494110 -0.677143)
     C    3    Vyy=   -0.4484    axis=( -0.837979  0.300677 -0.455395)
     C    3    Vzz=    0.5267    axis=(  0.021414 -0.815750 -0.578007)
     C    3  Q=         1.0000 1e-30 m^2  Cq=         1.2376 MHz  eta= 0.70252

     H    4    Vxx=   -0.0842    axis=( -0.197314 -0.771679  0.604631)
     H    4    Vyy=   -0.7135    axis=(  0.474093 -0.614951 -0.630136)
     H    4    Vzz=    0.7977    axis=(  0.858081  0.162316  0.487187)
     H    4  Q=         1.0000 1e-30 m^2  Cq=         1.8744 MHz  eta= 0.78881

     C    5    Vxx=   -0.0046    axis=( -0.159618 -0.356095  0.920716)
     C    5    Vyy=   -0.8526    axis=(  0.623228  0.686958  0.373732)
     C    5    Vzz=    0.8572    axis=( -0.765578  0.633470  0.112278)
     C    5  Q=         1.0000 1e-30 m^2  Cq=         2.0140 MHz  eta= 0.98930

     H    6    Vxx=   -0.1143    axis=(  0.047662 -0.497115  0.866375)
     H    6    Vyy=   -0.4936    axis=( -0.968629  0.188786  0.161611)
     H    6    Vzz=    0.6079    axis=( -0.243898 -0.846898 -0.472522)
     H    6  Q=         1.0000 1e-30 m^2  Cq=         1.4283 MHz  eta= 0.62402

     H    7    Vxx=   -0.1532    axis=(  0.363694  0.088729  0.927283)
     H    7    Vyy=   -0.1959    axis=(  0.902451  0.213173 -0.374352)
     H    7    Vzz=    0.3491    axis=( -0.230887  0.972977 -0.002544)
     H    7  Q=         1.0000 1e-30 m^2  Cq=         0.8202 MHz  eta= 0.12253

     C    8    Vxx=   -0.0813    axis=( -0.076714 -0.214691  0.973665)
     C    8    Vyy=   -0.7133    axis=( -0.979067 -0.168427 -0.114278)
     C    8    Vzz=    0.7946    axis=(  0.188526 -0.962050 -0.197276)
     C    8  Q=         1.0000 1e-30 m^2  Cq=         1.8670 MHz  eta= 0.79530

     H    9    Vxx=   -0.0308    axis=(  0.521133  0.676160 -0.520796)
     H    9    Vyy=   -0.7062    axis=( -0.235533  0.700447  0.673719)
     H    9    Vzz=    0.7370    axis=(  0.820332 -0.228432  0.524284)
     H    9  Q=         1.0000 1e-30 m^2  Cq=         1.7317 MHz  eta= 0.91650

     C   10    Vxx=   -0.0378    axis=(  0.961462  0.054359  0.269510)
     C   10    Vyy=   -0.5683    axis=(  0.193975  0.560580 -0.805061)
     C   10    Vzz=    0.6061    axis=( -0.194844  0.826314  0.528433)
     C   10  Q=         1.0000 1e-30 m^2  Cq=         1.4241 MHz  eta= 0.87511

     C   11    Vxx=   -0.1085    axis=( -0.538728 -0.393152  0.745120)
     C   11    Vyy=   -0.5042    axis=( -0.795732 -0.053067 -0.603320)
     C   11    Vzz=    0.6127    axis=( -0.276738  0.917941  0.284255)
     C   11  Q=         1.0000 1e-30 m^2  Cq=         1.4396 MHz  eta= 0.64594

     Cl  12    Vxx=    0.4195    axis=(  0.878029  0.448886 -0.166029)
     Cl  12    Vyy=    1.8480    axis=(  0.250177 -0.726197 -0.640351)
     Cl  12    Vzz=   -2.2674    axis=( -0.408014  0.520710 -0.749923)
     Cl  12  Q=        -8.1650 1e-30 m^2  Cq=        43.4997 MHz  eta= 0.63001

     H   13    Vxx=    0.0114    axis=(  0.930124 -0.230836  0.285628)
     H   13    Vyy=    0.7379    axis=(  0.069505  0.874353  0.480287)
     H   13    Vzz=   -0.7493    axis=( -0.360607 -0.426874  0.829302)
     H   13  Q=         1.0000 1e-30 m^2  Cq=        -1.7605 MHz  eta= 0.96967

     C   14    Vxx=    0.0701    axis=( -0.172867 -0.297810  0.938843)
     C   14    Vyy=    0.5503    axis=( -0.145496 -0.935015 -0.323385)
     C   14    Vzz=   -0.6204    axis=(  0.974140 -0.192501  0.118303)
     C   14  Q=         1.0000 1e-30 m^2  Cq=        -1.4577 MHz  eta= 0.77390

     H   15    Vxx=   -0.0493    axis=(  0.577997 -0.729729 -0.365260)
     H   15    Vyy=   -0.7660    axis=(  0.244096  0.581714 -0.775903)
     H   15    Vzz=    0.8152    axis=(  0.778676  0.359311  0.514353)
     H   15  Q=         1.0000 1e-30 m^2  Cq=         1.9155 MHz  eta= 0.87913

     C   16    Vxx=   -0.0443    axis=(  0.547882  0.640759 -0.537822)
     C   16    Vyy=   -0.2266    axis=( -0.019817  0.652661  0.757391)
     C   16    Vzz=    0.2710    axis=(  0.836321 -0.404303  0.370279)
     C   16  Q=         1.0000 1e-30 m^2  Cq=         0.6366 MHz  eta= 0.67266

     C   17    Vxx=    0.0915    axis=( -0.090393  0.804353  0.587236)
     C   17    Vyy=    0.2498    axis=(  0.224723 -0.557968  0.798856)
     C   17    Vzz=   -0.3413    axis=(  0.970221  0.204177 -0.130320)
     C   17  Q=         1.0000 1e-30 m^2  Cq=        -0.8019 MHz  eta= 0.46378

     Cl  18    Vxx=   -1.5553    axis=( -0.276084 -0.762449 -0.585192)
     Cl  18    Vyy=   -2.7640    axis=(  0.338696  0.492621 -0.801629)
     Cl  18    Vzz=    4.3193    axis=(  0.899479 -0.419519  0.122234)
     Cl  18  Q=        -8.1650 1e-30 m^2  Cq=       -82.8636 MHz  eta= 0.27986

     H   19    Vxx=   -0.0144    axis=(  0.929325  0.157890  0.333805)
     H   19    Vyy=   -0.6040    axis=(  0.351567 -0.654805 -0.669052)
     H   19    Vzz=    0.6184    axis=( -0.112941 -0.739122  0.664035)
     H   19  Q=         1.0000 1e-30 m^2  Cq=         1.4529 MHz  eta= 0.95340

     C   20    Vxx=    0.0387    axis=(  0.868801  0.283853  0.405724)
     C   20    Vyy=    0.4991    axis=( -0.430077  0.838652  0.334211)
     C   20    Vzz=   -0.5378    axis=( -0.245395 -0.464856  0.850700)
     C   20  Q=         1.0000 1e-30 m^2  Cq=        -1.2637 MHz  eta= 0.85614

     H   21    Vxx=   -0.0169    axis=( -0.582466 -0.384744  0.716034)
     H   21    Vyy=   -0.6628    axis=(  0.262127 -0.922734 -0.282579)
     H   21    Vzz=    0.6797    axis=(  0.769430  0.023099  0.638313)
     H   21  Q=         1.0000 1e-30 m^2  Cq=         1.5970 MHz  eta= 0.95040

     C   22    Vxx=   -0.1216    axis=( -0.210443 -0.151438  0.965805)
     C   22    Vyy=   -0.6524    axis=( -0.955764 -0.175797 -0.235820)
     C   22    Vzz=    0.7740    axis=(  0.205498 -0.972708 -0.107744)
     C   22  Q=         1.0000 1e-30 m^2  Cq=         1.8185 MHz  eta= 0.68587

     C   23    Vxx=    0.0918    axis=(  0.941719 -0.326490 -0.081052)
     C   23    Vyy=    0.4112    axis=(  0.334731  0.885466  0.322344)
     C   23    Vzz=   -0.5031    axis=( -0.033474 -0.330688  0.943146)
     C   23  Q=         1.0000 1e-30 m^2  Cq=        -1.1820 MHz  eta= 0.63487

     Cl  24    Vxx=    0.5942    axis=(  0.611756 -0.318582  0.724058)
     Cl  24    Vyy=    1.8012    axis=( -0.643518 -0.732741  0.221306)
     Cl  24    Vzz=   -2.3953    axis=(  0.460043 -0.601329 -0.653271)
     Cl  24  Q=        -8.1650 1e-30 m^2  Cq=        45.9532 MHz  eta= 0.50391

     Initialization:
     gipaw_setup  :      9.28s CPU     11.12s WALL (       1 calls)

     Linear response

     Apply operators

     Induced current

     Other routines
     efg          :      9.41s CPU     11.89s WALL (       1 calls)

     General routines
     calbec       :      3.41s CPU      4.59s WALL (      16 calls)
     fft          :      1.59s CPU      2.49s WALL (      15 calls)
     ffts         :      0.03s CPU      0.04s WALL (       2 calls)
     fftw         :      3.26s CPU      3.92s WALL (     672 calls)
     davcio       :      0.03s CPU      0.33s WALL (      32 calls)

     Parallel routines
     fft_scatter  :      2.29s CPU      3.63s WALL (     689 calls)

     Plugins

     GIPAW        :     60.72s CPU     72.06s WALL (       1 calls)
