
     Program QE v.6.0 (svn rev. 13079) starts on 19Jan2017 at 23:41:14 

     This program is part of the open-source Quantum ESPRESSO suite
     for quantum simulation of materials; please cite
         "P. Giannozzi et al., J. Phys.:Condens. Matter 21 395502 (2009);
          URL http://www.quantum-espresso.org", 
     in publications or presentations arising from this work. More details at
     http://www.quantum-espresso.org/quote

     Parallel version (MPI), running on     8 processors
     R & G space division:  proc/nbgrp/npool/nimage =       8

     ***** This is GIPAW svn revision unknown      *****

     Parallelizing q-star over 1 images

     Reading data from directory:
     /users/majewski/paradichlorobenzene/pbe/9_constraint/scratch/pbe.ecut100.np8.dt60.pcl2phi-129368.save
     Message from routine read_xml_file:
     file /users/majewski/paradichlorobenzene/pbe/9_constraint/scratch/pbe.ecut100.np8.dt60.pcl2phi-129368.save not guaranteed to be safe for post-processing

   Info: using nr1, nr2, nr3 values from input

   Info: using nr1, nr2, nr3 values from input

     IMPORTANT: XC functional enforced from input :
     Exchange-correlation      =  SLA  PW   PBX  PBC ( 1  4  3  4 0 0)
     Any further DFT definition will be discarded
     Please, verify this is what you really want

               file C.pbe-n-kjpaw_psl.1.0.0.UPF: wavefunction(s)  2S 2P renormalized
               file Cl.pbe-n-kjpaw_psl.1.0.0.UPF: wavefunction(s)  3S 3P renormalized
               file H.pbe-kjpaw_psl.1.0.0.UPF: wavefunction(s)  1S renormalized

     Parallelization info
     --------------------
     sticks:   dense  smooth     PW     G-vecs:    dense   smooth      PW
     Min        3057    1223    332               144436    36536    5170
     Max        3059    1225    333               144437    36537    5171
     Sum       24467    9791   2657              1155489   292295   41363


     Subspace diagonalization in iterative solution of the eigenvalue problem:
     a serial algorithm will be used

     GIPAW projectors -----------------------------------------------
     atom=  C    l=0  rc=    1.2000  rs=    0.8000
     atom=  C    l=0  rc=    1.2000  rs=    0.8000
     atom=  C    l=1  rc=    1.4000  rs=    0.9333
     atom=  C    l=1  rc=    1.4000  rs=    0.9333
     projs nearly linearly dependent: l=1  n1,n2= 1, 2  s=  0.99951561

     atom=  Cl   l=0  rc=    1.6000  rs=    1.0667
     atom=  Cl   l=0  rc=    1.6000  rs=    1.0667
     atom=  Cl   l=1  rc=    1.6000  rs=    1.0667
     atom=  Cl   l=1  rc=    1.6000  rs=    1.0667
     atom=  Cl   l=2  rc=    1.6000  rs=    1.0667
     atom=  Cl   l=2  rc=    1.6000  rs=    1.0667
     projs nearly linearly dependent: l=2  n1,n2= 1, 2  s=  0.99993509

     atom=  H    l=0  rc=    1.0000  rs=    0.6667
     atom=  H    l=0  rc=    1.0000  rs=    0.6667
     projs nearly linearly dependent: l=0  n1,n2= 1, 2  s=  0.99968852
     -----------------------------------------------------------------

     GIPAW integrals: -------------------------------------------
     Atom  i/j   nmr_para   nmr_dia   epr_rmc  epr_para   epr_dia
       C   1 1   0.83E+03  0.17E-01  0.93E+01  0.24E+08  0.24E+03
       C   2 1   0.86E+03 -0.61E-01  0.94E+01  0.25E+08  0.25E+03
       C   2 2   0.90E+03 -0.15E+00  0.97E+01  0.26E+08  0.26E+03
       C   3 3   0.33E+01  0.34E+00  0.18E+01  0.55E+03  0.21E+02
       C   4 3   0.35E+01  0.37E+00  0.20E+01  0.59E+03  0.22E+02
       C   4 4   0.38E+01  0.39E+00  0.22E+01  0.63E+03  0.24E+02
       Cl  1 1   0.14E+04 -0.47E+00  0.84E+01  0.32E+09  0.42E+03
       Cl  2 1   0.21E+04 -0.37E+00  0.12E+02  0.49E+09  0.65E+03
       Cl  2 2   0.33E+04 -0.16E+00  0.21E+02  0.76E+09  0.10E+04
       Cl  3 3   0.21E+02  0.79E-01  0.89E+01  0.23E+05  0.13E+03
       Cl  4 3   0.24E+02  0.67E-01  0.99E+01  0.27E+05  0.15E+03
       Cl  4 4   0.28E+02  0.44E-01  0.11E+02  0.32E+05  0.18E+03
       Cl  5 5   0.77E+00  0.19E+00  0.18E+01  0.12E+03  0.22E+02
       Cl  6 5   0.80E+00  0.19E+00  0.19E+01  0.12E+03  0.23E+02
       Cl  6 6   0.83E+00  0.20E+00  0.19E+01  0.12E+03  0.23E+02
       H   1 1   0.39E+02  0.19E+00  0.29E+00  0.78E+05  0.13E+02
       H   2 1   0.41E+02  0.21E+00  0.32E+00  0.82E+05  0.14E+02
       H   2 2   0.43E+02  0.22E+00  0.36E+00  0.86E+05  0.15E+02
     ------------------------------------------------------------

     alpha_pv=     34.0928 eV

     Number of occupied bands for each k-point:
     k-point:     1    nbnd_occ=  42
     k-point:     2    nbnd_occ=  42
     k-point:     3    nbnd_occ=  42
     k-point:     4    nbnd_occ=  42
     k-point:     5    nbnd_occ=  42
     k-point:     6    nbnd_occ=  42
     k-point:     7    nbnd_occ=  42
     k-point:     8    nbnd_occ=  42
     k-point:     9    nbnd_occ=  42
     k-point:    10    nbnd_occ=  42
     k-point:    11    nbnd_occ=  42
     k-point:    12    nbnd_occ=  42
     k-point:    13    nbnd_occ=  42
     k-point:    14    nbnd_occ=  42
     k-point:    15    nbnd_occ=  42
     k-point:    16    nbnd_occ=  42


     q-space interpolation up to   110.00 Rydberg

     GIPAW job: efg                                                                             


     ELECTRIC FIELD GRADIENTS TENSORS IN Hartree/bohrradius^2:

     ----- bare term -----
     Cl   1        0.087047        0.046503        0.011895
     Cl   1        0.046503       -0.093023       -0.001312
     Cl   1        0.011895       -0.001312        0.005976

     C    2       -0.699592        0.416218       -0.350991
     C    2        0.416218        0.355925       -0.149077
     C    2       -0.350991       -0.149077        0.343667

     C    3        0.245660        0.068687       -0.126279
     C    3        0.068687       -0.134650       -0.425645
     C    3       -0.126279       -0.425645       -0.111010

     H    4        0.144696        0.031956       -0.387485
     H    4        0.031956        0.136839        0.268234
     H    4       -0.387485        0.268234       -0.281535

     C    5       -0.466343        0.284596       -0.051703
     C    5        0.284596        0.240054       -0.095655
     C    5       -0.051703       -0.095655        0.226289

     H    6        0.467042        0.031338       -0.018377
     H    6        0.031338        0.129976       -0.084457
     H    6       -0.018377       -0.084457       -0.597018

     H    7        0.380287        0.316233        0.007506
     H    7        0.316233       -0.740723        0.113228
     H    7        0.007506        0.113228        0.360436

     C    8       -0.012105       -0.099613       -0.122631
     C    8       -0.099613       -0.059998        0.393580
     C    8       -0.122631        0.393580        0.072103

     H    9       -0.261174        0.442007        0.088471
     H    9        0.442007       -0.024538       -0.155519
     H    9        0.088471       -0.155519        0.285712

     C   10       -0.379052       -0.171649       -0.058074
     C   10       -0.171649        0.050717        0.073960
     C   10       -0.058074        0.073960        0.328335

     C   11        0.084119        0.041789       -0.219302
     C   11        0.041789       -0.012955        0.582860
     C   11       -0.219302        0.582860       -0.071163

     Cl  12       -0.018202       -0.236306        0.044204
     Cl  12       -0.236306       -0.093532       -0.228747
     Cl  12        0.044204       -0.228747        0.111735

     H   13        0.460444       -0.104980       -0.129259
     H   13       -0.104980       -0.153768       -0.614629
     H   13       -0.129259       -0.614629       -0.306676

     C   14       -0.148359       -0.043818       -0.322768
     C   14       -0.043818       -0.116463       -0.345661
     C   14       -0.322768       -0.345661        0.264822

     H   15       -0.094145       -0.172625       -0.458656
     H   15       -0.172625        0.393213       -0.302742
     H   15       -0.458656       -0.302742       -0.299069

     C   16       -0.536642        0.343896       -0.371707
     C   16        0.343896        0.039211       -0.130253
     C   16       -0.371707       -0.130253        0.497431

     C   17       -0.071757       -0.275727       -0.362103
     C   17       -0.275727        0.013699       -0.731067
     C   17       -0.362103       -0.731067        0.058058

     Cl  18       -0.267106        0.295600       -0.004056
     Cl  18        0.295600        0.129294       -0.092646
     Cl  18       -0.004056       -0.092646        0.137812

     H   19        0.306281       -0.132818       -0.300376
     H   19       -0.132818       -0.325356        0.452929
     H   19       -0.300376        0.452929        0.019076

     C   20       -0.904700       -0.347719       -0.434500
     C   20       -0.347719        0.444410        0.000992
     C   20       -0.434500        0.000992        0.460291

     H   21       -0.529788        0.202548        0.205937
     H   21        0.202548        0.398065        0.149148
     H   21        0.205937        0.149148        0.131723

     C   22        0.130781       -0.000894       -0.125701
     C   22       -0.000894       -0.502791        0.427421
     C   22       -0.125701        0.427421        0.372010

     C   23       -0.808587       -0.375088       -0.322259
     C   23       -0.375088        0.297983        0.002507
     C   23       -0.322259        0.002507        0.510605

     Cl  24        0.059918       -0.045369        0.110920
     Cl  24       -0.045369       -0.029623        0.119128
     Cl  24        0.110920        0.119128       -0.030295

     ----- ionic term -----
     Cl   1        0.114860       -0.230160       -0.003154
     Cl   1       -0.230160        0.029154        0.010483
     Cl   1       -0.003154        0.010483       -0.144014

     C    2        0.099934       -0.254585        0.251461
     C    2       -0.254585        0.021385        0.430499
     C    2        0.251461        0.430499       -0.121319

     C    3        0.027635       -0.290650        0.172710
     C    3       -0.290650        0.063955        0.431187
     C    3        0.172710        0.431187       -0.091590

     H    4        0.322887        0.153602        0.770950
     H    4        0.153602       -0.478003        0.210640
     H    4        0.770950        0.210640        0.155116

     C    5        0.185755       -0.240576        0.290209
     C    5       -0.240576       -0.096402        0.311746
     C    5        0.290209        0.311746       -0.089353

     H    6       -0.539779        0.076088        0.082008
     H    6        0.076088        0.241204        0.815730
     H    6        0.082008        0.815730        0.298574

     H    7       -0.513171       -0.163748        0.070018
     H    7       -0.163748        0.748971       -0.660689
     H    7        0.070018       -0.660689       -0.235800

     C    8        0.374813        0.056047        0.112046
     C    8        0.056047        0.087996       -0.323933
     C    8        0.112046       -0.323933       -0.462809

     H    9        0.862294       -0.434413        0.349855
     H    9       -0.434413       -0.355740       -0.187621
     H    9        0.349855       -0.187621       -0.506554

     C   10        0.219064        0.126564        0.052099
     C   10        0.126564        0.210103       -0.413196
     C   10        0.052099       -0.413196       -0.429167

     C   11        0.295786        0.053641        0.121963
     C   11        0.053641        0.149483       -0.427674
     C   11        0.121963       -0.427674       -0.445269

     Cl  12        0.138500        0.188081       -0.034584
     Cl  12        0.188081        0.007111       -0.037325
     Cl  12       -0.034584       -0.037325       -0.145611

     H   13       -0.501474        0.139819        0.151755
     H   13        0.139819        0.411824        0.781302
     H   13        0.151755        0.781302        0.089650

     C   14        0.215136       -0.215235        0.312821
     C   14       -0.215235       -0.028111        0.294673
     C   14        0.312821        0.294673       -0.187025

     H   15        0.552518        0.187805        0.711689
     H   15        0.187805       -0.512946        0.205410
     H   15        0.711689        0.205410       -0.039572

     C   16        0.111613       -0.284363        0.192285
     C   16       -0.284363        0.049350        0.376401
     C   16        0.192285        0.376401       -0.160963

     C   17        0.211446       -0.242720        0.294650
     C   17       -0.242720       -0.099094        0.380972
     C   17        0.294650        0.380972       -0.112351

     Cl  18        0.173298       -0.197324       -0.003796
     Cl  18       -0.197324       -0.027475        0.017221
     Cl  18       -0.003796        0.017221       -0.145823

     H   19       -0.486079       -0.190598        0.144737
     H   19       -0.190598        0.387876       -0.794063
     H   19        0.144737       -0.794063        0.098204

     C   20        0.391018        0.059676        0.111251
     C   20        0.059676       -0.010974       -0.358870
     C   20        0.111251       -0.358870       -0.380044

     H   21        0.767448       -0.534921        0.366582
     H   21       -0.534921       -0.271068       -0.210506
     H   21        0.366582       -0.210506       -0.496380

     C   22        0.206549        0.094862        0.041085
     C   22        0.094862        0.227255       -0.416926
     C   22        0.041085       -0.416926       -0.433803

     C   23        0.284401       -0.007018        0.149258
     C   23       -0.007018        0.158051       -0.396931
     C   23        0.149258       -0.396931       -0.442452

     Cl  24        0.138536        0.198731       -0.014462
     Cl  24        0.198731       -0.010629       -0.012762
     Cl  24       -0.014462       -0.012762       -0.127907

     ----- GIPAW term -----
     Cl   1       -0.069195       -0.451452        0.232006
     Cl   1       -0.451452        2.220839        1.004644
     Cl   1        0.232006        1.004644       -2.151644

     C    2       -0.174668       -0.021647       -0.041232
     C    2       -0.021647        0.306404        0.024343
     C    2       -0.041232        0.024343       -0.131736

     C    3       -0.031281        0.000148       -0.009422
     C    3        0.000148        0.114972       -0.054576
     C    3       -0.009422       -0.054576       -0.083691

     H    4       -0.000000        0.000000        0.000000
     H    4        0.000000        0.000000        0.000000
     H    4        0.000000        0.000000        0.000000

     C    5       -0.099139       -0.002430        0.021199
     C    5       -0.002430        0.102106       -0.075809
     C    5        0.021199       -0.075809       -0.002968

     H    6       -0.000000        0.000000        0.000000
     H    6        0.000000        0.000000        0.000000
     H    6        0.000000        0.000000        0.000000

     H    7       -0.000000        0.000000        0.000000
     H    7        0.000000        0.000000        0.000000
     H    7        0.000000        0.000000        0.000000

     C    8       -0.065667       -0.071508        0.000629
     C    8       -0.071508        0.201809        0.070057
     C    8        0.000629        0.070057       -0.136142

     H    9       -0.000000        0.000000        0.000000
     H    9        0.000000        0.000000        0.000000
     H    9        0.000000        0.000000        0.000000

     C   10       -0.083550       -0.033615       -0.022406
     C   10       -0.033615        0.090427        0.054003
     C   10       -0.022406        0.054003       -0.006876

     C   11       -0.033181        0.012379       -0.036519
     C   11        0.012379        0.156630        0.113174
     C   11       -0.036519        0.113174       -0.123449

     Cl  12       -0.776691       -0.004771       -0.350519
     Cl  12       -0.004771        0.568181        1.510702
     Cl  12       -0.350519        1.510702        0.208510

     H   13       -0.000000        0.000000        0.000000
     H   13        0.000000        0.000000        0.000000
     H   13        0.000000        0.000000        0.000000

     C   14       -0.100226       -0.084841       -0.080240
     C   14       -0.084841        0.094211        0.095376
     C   14       -0.080240        0.095376        0.006014

     H   15       -0.000000        0.000000        0.000000
     H   15        0.000000        0.000000        0.000000
     H   15        0.000000        0.000000        0.000000

     C   16       -0.169245       -0.023413       -0.142556
     C   16       -0.023413        0.061044        0.123080
     C   16       -0.142556        0.123080        0.108201

     C   17       -0.017224       -0.220976       -0.033665
     C   17       -0.220976        0.159214       -0.181627
     C   17       -0.033665       -0.181627       -0.141990

     Cl  18       -1.107887       -0.257638       -0.265746
     Cl  18       -0.257638        2.485976       -1.542272
     Cl  18       -0.265746       -1.542272       -1.378089

     H   19       -0.000000        0.000000        0.000000
     H   19        0.000000        0.000000        0.000000
     H   19        0.000000        0.000000        0.000000

     C   20       -0.226172        0.041694       -0.075926
     C   20        0.041694        0.258246       -0.157799
     C   20       -0.075926       -0.157799       -0.032074

     H   21       -0.000000        0.000000        0.000000
     H   21        0.000000        0.000000        0.000000
     H   21        0.000000        0.000000        0.000000

     C   22       -0.078778        0.060558       -0.041991
     C   22        0.060558       -0.015861       -0.153341
     C   22       -0.041991       -0.153341        0.094639

     C   23       -0.173133       -0.031578        0.011965
     C   23       -0.031578        0.118192       -0.197426
     C   23        0.011965       -0.197426        0.054941

     Cl  24       -0.392355        1.477575       -0.158375
     Cl  24        1.477575       -0.300698       -1.546197
     Cl  24       -0.158375       -1.546197        0.693053

     ----- total EFG -----
     Cl   1        0.132712       -0.635109        0.240746
     Cl   1       -0.635109        2.156970        1.013815
     Cl   1        0.240746        1.013815       -2.289682

     C    2       -0.774326        0.139986       -0.140763
     C    2        0.139986        0.683714        0.305764
     C    2       -0.140763        0.305764        0.090611

     C    3        0.242015       -0.221815        0.037009
     C    3       -0.221815        0.044276       -0.049034
     C    3        0.037009       -0.049034       -0.286291

     H    4        0.467584        0.185558        0.383465
     H    4        0.185558       -0.341164        0.478874
     H    4        0.383465        0.478874       -0.126420

     C    5       -0.379727        0.041590        0.259706
     C    5        0.041590        0.245758        0.140283
     C    5        0.259706        0.140283        0.133968

     H    6       -0.072737        0.107427        0.063631
     H    6        0.107427        0.371181        0.731273
     H    6        0.063631        0.731273       -0.298444

     H    7       -0.132884        0.152485        0.077525
     H    7        0.152485        0.008248       -0.547461
     H    7        0.077525       -0.547461        0.124635

     C    8        0.297041       -0.115075       -0.009957
     C    8       -0.115075        0.229807        0.139704
     C    8       -0.009957        0.139704       -0.526848

     H    9        0.601120        0.007595        0.438326
     H    9        0.007595       -0.380277       -0.343140
     H    9        0.438326       -0.343140       -0.220842

     C   10       -0.243538       -0.078699       -0.028381
     C   10       -0.078699        0.351247       -0.285233
     C   10       -0.028381       -0.285233       -0.107708

     C   11        0.346723        0.107808       -0.133858
     C   11        0.107808        0.293159        0.268360
     C   11       -0.133858        0.268360       -0.639881

     Cl  12       -0.656393       -0.052996       -0.340899
     Cl  12       -0.052996        0.481759        1.244630
     Cl  12       -0.340899        1.244630        0.174634

     H   13       -0.041030        0.034840        0.022496
     H   13        0.034840        0.258056        0.166673
     H   13        0.022496        0.166673       -0.217026

     C   14       -0.033449       -0.343894       -0.090187
     C   14       -0.343894       -0.050362        0.044388
     C   14       -0.090187        0.044388        0.083811

     H   15        0.458373        0.015180        0.253033
     H   15        0.015180       -0.119733       -0.097332
     H   15        0.253033       -0.097332       -0.338640

     C   16       -0.594274        0.036120       -0.321978
     C   16        0.036120        0.149605        0.369228
     C   16       -0.321978        0.369228        0.444669

     C   17        0.122465       -0.739423       -0.101118
     C   17       -0.739423        0.073818       -0.531721
     C   17       -0.101118       -0.531721       -0.196283

     Cl  18       -1.201695       -0.159362       -0.273598
     Cl  18       -0.159362        2.587794       -1.617697
     Cl  18       -0.273598       -1.617697       -1.386100

     H   19       -0.179799       -0.323416       -0.155639
     H   19       -0.323416        0.062519       -0.341135
     H   19       -0.155639       -0.341135        0.117279

     C   20       -0.739854       -0.246349       -0.399175
     C   20       -0.246349        0.691682       -0.515677
     C   20       -0.399175       -0.515677        0.048172

     H   21        0.237661       -0.332373        0.572520
     H   21       -0.332373        0.126997       -0.061358
     H   21        0.572520       -0.061358       -0.364657

     C   22        0.258552        0.154527       -0.126607
     C   22        0.154527       -0.291397       -0.142846
     C   22       -0.126607       -0.142846        0.032845

     C   23       -0.697319       -0.413685       -0.161036
     C   23       -0.413685        0.574226       -0.591849
     C   23       -0.161036       -0.591849        0.123094

     Cl  24       -0.193901        1.630937       -0.061917
     Cl  24        1.630937       -0.340950       -1.439831
     Cl  24       -0.061917       -1.439831        0.534851

     ----- total EFG (symmetrized) -----
     Cl   1        0.132712       -0.635109        0.240746
     Cl   1       -0.635109        2.156970        1.013815
     Cl   1        0.240746        1.013815       -2.289682

     C    2       -0.774326        0.139986       -0.140763
     C    2        0.139986        0.683714        0.305764
     C    2       -0.140763        0.305764        0.090611

     C    3        0.242015       -0.221815        0.037009
     C    3       -0.221815        0.044276       -0.049034
     C    3        0.037009       -0.049034       -0.286291

     H    4        0.467584        0.185558        0.383465
     H    4        0.185558       -0.341164        0.478874
     H    4        0.383465        0.478874       -0.126420

     C    5       -0.379727        0.041590        0.259706
     C    5        0.041590        0.245758        0.140283
     C    5        0.259706        0.140283        0.133968

     H    6       -0.072737        0.107427        0.063631
     H    6        0.107427        0.371181        0.731273
     H    6        0.063631        0.731273       -0.298444

     H    7       -0.132884        0.152485        0.077525
     H    7        0.152485        0.008248       -0.547461
     H    7        0.077525       -0.547461        0.124635

     C    8        0.297041       -0.115075       -0.009957
     C    8       -0.115075        0.229807        0.139704
     C    8       -0.009957        0.139704       -0.526848

     H    9        0.601120        0.007595        0.438326
     H    9        0.007595       -0.380277       -0.343140
     H    9        0.438326       -0.343140       -0.220842

     C   10       -0.243538       -0.078699       -0.028381
     C   10       -0.078699        0.351247       -0.285233
     C   10       -0.028381       -0.285233       -0.107708

     C   11        0.346723        0.107808       -0.133858
     C   11        0.107808        0.293159        0.268360
     C   11       -0.133858        0.268360       -0.639881

     Cl  12       -0.656393       -0.052996       -0.340899
     Cl  12       -0.052996        0.481759        1.244630
     Cl  12       -0.340899        1.244630        0.174634

     H   13       -0.041030        0.034840        0.022496
     H   13        0.034840        0.258056        0.166673
     H   13        0.022496        0.166673       -0.217026

     C   14       -0.033449       -0.343894       -0.090187
     C   14       -0.343894       -0.050362        0.044388
     C   14       -0.090187        0.044388        0.083811

     H   15        0.458373        0.015180        0.253033
     H   15        0.015180       -0.119733       -0.097332
     H   15        0.253033       -0.097332       -0.338640

     C   16       -0.594274        0.036120       -0.321978
     C   16        0.036120        0.149605        0.369228
     C   16       -0.321978        0.369228        0.444669

     C   17        0.122465       -0.739423       -0.101118
     C   17       -0.739423        0.073818       -0.531721
     C   17       -0.101118       -0.531721       -0.196283

     Cl  18       -1.201695       -0.159362       -0.273598
     Cl  18       -0.159362        2.587794       -1.617697
     Cl  18       -0.273598       -1.617697       -1.386100

     H   19       -0.179799       -0.323416       -0.155639
     H   19       -0.323416        0.062519       -0.341135
     H   19       -0.155639       -0.341135        0.117279

     C   20       -0.739854       -0.246349       -0.399175
     C   20       -0.246349        0.691682       -0.515677
     C   20       -0.399175       -0.515677        0.048172

     H   21        0.237661       -0.332373        0.572520
     H   21       -0.332373        0.126997       -0.061358
     H   21        0.572520       -0.061358       -0.364657

     C   22        0.258552        0.154527       -0.126607
     C   22        0.154527       -0.291397       -0.142846
     C   22       -0.126607       -0.142846        0.032845

     C   23       -0.697319       -0.413685       -0.161036
     C   23       -0.413685        0.574226       -0.591849
     C   23       -0.161036       -0.591849        0.123094

     Cl  24       -0.193901        1.630937       -0.061917
     Cl  24        1.630937       -0.340950       -1.439831
     Cl  24       -0.061917       -1.439831        0.534851


     NQR/NMR SPECTROSCOPIC PARAMETERS:
     Cl   1    Vxx=    0.0471    axis=(  0.961944  0.200202  0.185964)
     Cl   1    Vyy=    2.5149    axis=( -0.235029  0.953359  0.189390)
     Cl   1    Vzz=   -2.5620    axis=( -0.139374 -0.225889  0.964131)
     Cl   1  Q=        -8.1650 1e-30 m^2  Cq=        49.1509 MHz  eta= 0.96325

     C    2    Vxx=    0.0044    axis=( -0.228243 -0.360115  0.904557)
     C    2    Vyy=    0.8166    axis=(  0.047681  0.923831  0.379819)
     C    2    Vzz=   -0.8211    axis=( -0.972436  0.129821 -0.193687)
     C    2  Q=         1.0000 1e-30 m^2  Cq=        -1.9291 MHz  eta= 0.98928

     C    3    Vxx=   -0.0975    axis=(  0.551994  0.827011 -0.106564)
     C    3    Vyy=   -0.2935    axis=( -0.012213  0.135803  0.990661)
     C    3    Vzz=    0.3909    axis=(  0.833758 -0.545537  0.085063)
     C    3  Q=         1.0000 1e-30 m^2  Cq=         0.9185 MHz  eta= 0.50140

     H    4    Vxx=   -0.0611    axis=(  0.605770 -0.561889 -0.563315)
     H    4    Vyy=   -0.7333    axis=(  0.091881  0.752669 -0.651957)
     H    4    Vzz=    0.7944    axis=(  0.790317  0.343178  0.507571)
     H    4  Q=         1.0000 1e-30 m^2  Cq=         1.8666 MHz  eta= 0.84612

     C    5    Vxx=    0.0988    axis=(  0.291421 -0.702361  0.649432)
     C    5    Vyy=    0.3897    axis=(  0.258953  0.711474  0.653259)
     C    5    Vzz=   -0.4885    axis=(  0.920878  0.022201 -0.389217)
     C    5  Q=         1.0000 1e-30 m^2  Cq=        -1.1478 MHz  eta= 0.59553

     H    6    Vxx=   -0.0894    axis=(  0.991100 -0.108346 -0.077349)
     H    6    Vyy=   -0.7679    axis=( -0.006549  0.540652 -0.841221)
     H    6    Vzz=    0.8574    axis=(  0.132962  0.834240  0.535130)
     H    6  Q=         1.0000 1e-30 m^2  Cq=         2.0145 MHz  eta= 0.79135

     H    7    Vxx=   -0.0698    axis=(  0.927185  0.234946  0.291766)
     H    7    Vyy=   -0.5498    axis=( -0.369639  0.700189  0.610821)
     H    7    Vzz=    0.6197    axis=( -0.060782 -0.674193  0.736050)
     H    7  Q=         1.0000 1e-30 m^2  Cq=         1.4560 MHz  eta= 0.77457

     C    8    Vxx=    0.1590    axis=( -0.639769 -0.754867 -0.144471)
     C    8    Vyy=    0.3929    axis=( -0.768465  0.631349  0.104213)
     C    8    Vzz=   -0.5519    axis=( -0.012545 -0.177693  0.984006)
     C    8  Q=         1.0000 1e-30 m^2  Cq=        -1.2969 MHz  eta= 0.42380

     H    9    Vxx=   -0.0871    axis=( -0.372984 -0.709488  0.597921)
     H    9    Vyy=   -0.7191    axis=(  0.230150 -0.695030 -0.681149)
     H    9    Vzz=    0.8062    axis=(  0.898840 -0.116446  0.422524)
     H    9  Q=         1.0000 1e-30 m^2  Cq=         1.8942 MHz  eta= 0.78391

     C   10    Vxx=   -0.1869    axis=(  0.692878 -0.255981 -0.674087)
     C   10    Vyy=   -0.3057    axis=(  0.716599  0.348228  0.604337)
     C   10    Vzz=    0.4926    axis=( -0.080037  0.901782 -0.424715)
     C   10  Q=         1.0000 1e-30 m^2  Cq=         1.1573 MHz  eta= 0.24132

     C   11    Vxx=    0.2983    axis=( -0.686884  0.666935  0.288770)
     C   11    Vyy=    0.4362    axis=(  0.712278  0.696714  0.085150)
     C   11    Vzz=   -0.7345    axis=(  0.144400 -0.264172  0.953605)
     C   11  Q=         1.0000 1e-30 m^2  Cq=        -1.7258 MHz  eta= 0.18768

     Cl  12    Vxx=   -0.5576    axis=(  0.853379  0.417431 -0.312244)
     Cl  12    Vyy=   -1.0560    axis=( -0.507959  0.531276 -0.678029)
     Cl  12    Vzz=    1.6136    axis=(  0.117142 -0.737222 -0.665418)
     Cl  12  Q=        -8.1650 1e-30 m^2  Cq=       -30.9558 MHz  eta= 0.30889

     H   13    Vxx=   -0.0450    axis=(  0.992572 -0.121013  0.012551)
     H   13    Vyy=   -0.2702    axis=( -0.048344 -0.297642  0.953453)
     H   13    Vzz=    0.3152    axis=( -0.111644 -0.946977 -0.301281)
     H   13  Q=         1.0000 1e-30 m^2  Cq=         0.7406 MHz  eta= 0.71450

     C   14    Vxx=    0.0499    axis=(  0.206305 -0.294672  0.933063)
     C   14    Vyy=    0.3382    axis=( -0.680147  0.642353  0.353246)
     C   14    Vzz=   -0.3880    axis=( -0.703447 -0.707497 -0.067900)
     C   14  Q=         1.0000 1e-30 m^2  Cq=        -0.9117 MHz  eta= 0.74305

     H   15    Vxx=   -0.0903    axis=(  0.099643  0.956706 -0.273469)
     H   15    Vyy=   -0.4418    axis=( -0.263470  0.290395  0.919921)
     H   15    Vzz=    0.5322    axis=(  0.959508 -0.019612  0.280999)
     H   15  Q=         1.0000 1e-30 m^2  Cq=         1.2504 MHz  eta= 0.66052

     C   16    Vxx=   -0.0319    axis=( -0.308127 -0.841493  0.443788)
     C   16    Vyy=   -0.7101    axis=( -0.932536  0.174855 -0.315916)
     C   16    Vzz=    0.7420    axis=( -0.188242  0.511191  0.838599)
     C   16  Q=         1.0000 1e-30 m^2  Cq=         1.7434 MHz  eta= 0.91404

     C   17    Vxx=    0.0108    axis=(  0.583468  0.195928 -0.788148)
     C   17    Vyy=    0.9269    axis=( -0.628811  0.723153 -0.285740)
     C   17    Vzz=   -0.9376    axis=(  0.513967  0.662316  0.545138)
     C   17  Q=         1.0000 1e-30 m^2  Cq=        -2.2031 MHz  eta= 0.97705

     Cl  18    Vxx=   -1.0912    axis=(  0.941522 -0.100618 -0.321579)
     Cl  18    Vyy=   -2.0726    axis=(  0.336684  0.319030  0.885925)
     Cl  18    Vzz=    3.1638    axis=(  0.013453 -0.942388  0.334250)
     Cl  18  Q=        -8.1650 1e-30 m^2  Cq=       -60.6967 MHz  eta= 0.31020

     H   19    Vxx=    0.1106    axis=( -0.706907  0.334804  0.623048)
     H   19    Vyy=    0.4556    axis=( -0.217204  0.735556 -0.641701)
     H   19    Vzz=   -0.5662    axis=( -0.673131 -0.588951 -0.447249)
     H   19  Q=         1.0000 1e-30 m^2  Cq=        -1.3303 MHz  eta= 0.60948

     C   20    Vxx=    0.0425    axis=(  0.513512 -0.405757 -0.756087)
     C   20    Vyy=    0.9781    axis=(  0.014167 -0.877006  0.480270)
     C   20    Vzz=   -1.0206    axis=(  0.857965  0.257336  0.444605)
     C   20  Q=         1.0000 1e-30 m^2  Cq=        -2.3980 MHz  eta= 0.91664

     H   21    Vxx=   -0.0186    axis=(  0.315545  0.875136  0.366836)
     H   21    Vyy=   -0.7287    axis=( -0.541845 -0.151190  0.826768)
     H   21    Vzz=    0.7472    axis=(  0.778996 -0.459651  0.426481)
     H   21  Q=         1.0000 1e-30 m^2  Cq=         1.7557 MHz  eta= 0.95031

     C   22    Vxx=   -0.0126    axis=(  0.492752 -0.164693  0.854442)
     C   22    Vyy=   -0.3633    axis=( -0.176515  0.942593  0.283479)
     C   22    Vzz=    0.3759    axis=( -0.852079 -0.290507  0.435394)
     C   22  Q=         1.0000 1e-30 m^2  Cq=         0.8833 MHz  eta= 0.93278

     C   23    Vxx=   -0.0839    axis=( -0.476778  0.402906  0.781249)
     C   23    Vyy=   -0.9367    axis=(  0.865702  0.369366  0.337829)
     C   23    Vzz=    1.0205    axis=( -0.152453  0.837398 -0.524902)
     C   23  Q=         1.0000 1e-30 m^2  Cq=         2.3978 MHz  eta= 0.83566

     Cl  24    Vxx=    0.1404    axis=(  0.679742  0.166454  0.714314)
     Cl  24    Vyy=    2.1529    axis=( -0.468260 -0.651107  0.597321)
     Cl  24    Vzz=   -2.2933    axis=(  0.564521 -0.740509 -0.364641)
     Cl  24  Q=        -8.1650 1e-30 m^2  Cq=        43.9955 MHz  eta= 0.87754

     Initialization:
     gipaw_setup  :      9.11s CPU     10.97s WALL (       1 calls)

     Linear response

     Apply operators

     Induced current

     Other routines
     efg          :      9.47s CPU     11.91s WALL (       1 calls)

     General routines
     calbec       :      3.31s CPU      4.49s WALL (      16 calls)
     fft          :      1.55s CPU      2.07s WALL (      15 calls)
     ffts         :      0.04s CPU      0.05s WALL (       2 calls)
     fftw         :      3.29s CPU      3.88s WALL (     672 calls)
     davcio       :      0.02s CPU      0.33s WALL (      32 calls)

     Parallel routines
     fft_scatter  :      2.18s CPU      3.10s WALL (     689 calls)

     Plugins

     GIPAW        :     60.35s CPU     70.87s WALL (       1 calls)
