
     Program QE v.6.0 (svn rev. 13079) starts on 31Dec2016 at  0:29:35 

     This program is part of the open-source Quantum ESPRESSO suite
     for quantum simulation of materials; please cite
         "P. Giannozzi et al., J. Phys.:Condens. Matter 21 395502 (2009);
          URL http://www.quantum-espresso.org", 
     in publications or presentations arising from this work. More details at
     http://www.quantum-espresso.org/quote

     Parallel version (MPI), running on     8 processors
     R & G space division:  proc/nbgrp/npool/nimage =       8

     ***** This is GIPAW svn revision unknown      *****

     Parallelizing q-star over 1 images

     Reading data from directory:
     /users/majewski/paradichlorobenzene/pbe/9_constraint/scratch/pbe.ecut100.np8.dt60.pcl2phi-129368.save
     Message from routine read_xml_file:
     file /users/majewski/paradichlorobenzene/pbe/9_constraint/scratch/pbe.ecut100.np8.dt60.pcl2phi-129368.save not guaranteed to be safe for post-processing

   Info: using nr1, nr2, nr3 values from input

   Info: using nr1, nr2, nr3 values from input

     IMPORTANT: XC functional enforced from input :
     Exchange-correlation      =  SLA  PW   PBX  PBC ( 1  4  3  4 0 0)
     Any further DFT definition will be discarded
     Please, verify this is what you really want

               file C.pbe-n-kjpaw_psl.1.0.0.UPF: wavefunction(s)  2S 2P renormalized
               file Cl.pbe-n-kjpaw_psl.1.0.0.UPF: wavefunction(s)  3S 3P renormalized
               file H.pbe-kjpaw_psl.1.0.0.UPF: wavefunction(s)  1S renormalized

     Parallelization info
     --------------------
     sticks:   dense  smooth     PW     G-vecs:    dense   smooth      PW
     Min        3057    1223    332               144436    36536    5170
     Max        3059    1225    333               144437    36537    5171
     Sum       24467    9791   2657              1155489   292295   41363


     Subspace diagonalization in iterative solution of the eigenvalue problem:
     a serial algorithm will be used

     GIPAW projectors -----------------------------------------------
     atom=  C    l=0  rc=    1.2000  rs=    0.8000
     atom=  C    l=0  rc=    1.2000  rs=    0.8000
     atom=  C    l=1  rc=    1.4000  rs=    0.9333
     atom=  C    l=1  rc=    1.4000  rs=    0.9333
     projs nearly linearly dependent: l=1  n1,n2= 1, 2  s=  0.99951561

     atom=  Cl   l=0  rc=    1.6000  rs=    1.0667
     atom=  Cl   l=0  rc=    1.6000  rs=    1.0667
     atom=  Cl   l=1  rc=    1.6000  rs=    1.0667
     atom=  Cl   l=1  rc=    1.6000  rs=    1.0667
     atom=  Cl   l=2  rc=    1.6000  rs=    1.0667
     atom=  Cl   l=2  rc=    1.6000  rs=    1.0667
     projs nearly linearly dependent: l=2  n1,n2= 1, 2  s=  0.99993509

     atom=  H    l=0  rc=    1.0000  rs=    0.6667
     atom=  H    l=0  rc=    1.0000  rs=    0.6667
     projs nearly linearly dependent: l=0  n1,n2= 1, 2  s=  0.99968852
     -----------------------------------------------------------------

     GIPAW integrals: -------------------------------------------
     Atom  i/j   nmr_para   nmr_dia   epr_rmc  epr_para   epr_dia
       C   1 1   0.83E+03  0.17E-01  0.93E+01  0.24E+08  0.24E+03
       C   2 1   0.86E+03 -0.61E-01  0.94E+01  0.25E+08  0.25E+03
       C   2 2   0.90E+03 -0.15E+00  0.97E+01  0.26E+08  0.26E+03
       C   3 3   0.33E+01  0.34E+00  0.18E+01  0.55E+03  0.21E+02
       C   4 3   0.35E+01  0.37E+00  0.20E+01  0.59E+03  0.22E+02
       C   4 4   0.38E+01  0.39E+00  0.22E+01  0.63E+03  0.24E+02
       Cl  1 1   0.14E+04 -0.47E+00  0.84E+01  0.32E+09  0.42E+03
       Cl  2 1   0.21E+04 -0.37E+00  0.12E+02  0.49E+09  0.65E+03
       Cl  2 2   0.33E+04 -0.16E+00  0.21E+02  0.76E+09  0.10E+04
       Cl  3 3   0.21E+02  0.79E-01  0.89E+01  0.23E+05  0.13E+03
       Cl  4 3   0.24E+02  0.67E-01  0.99E+01  0.27E+05  0.15E+03
       Cl  4 4   0.28E+02  0.44E-01  0.11E+02  0.32E+05  0.18E+03
       Cl  5 5   0.77E+00  0.19E+00  0.18E+01  0.12E+03  0.22E+02
       Cl  6 5   0.80E+00  0.19E+00  0.19E+01  0.12E+03  0.23E+02
       Cl  6 6   0.83E+00  0.20E+00  0.19E+01  0.12E+03  0.23E+02
       H   1 1   0.39E+02  0.19E+00  0.29E+00  0.78E+05  0.13E+02
       H   2 1   0.41E+02  0.21E+00  0.32E+00  0.82E+05  0.14E+02
       H   2 2   0.43E+02  0.22E+00  0.36E+00  0.86E+05  0.15E+02
     ------------------------------------------------------------

     alpha_pv=     33.7580 eV

     Number of occupied bands for each k-point:
     k-point:     1    nbnd_occ=  42
     k-point:     2    nbnd_occ=  42
     k-point:     3    nbnd_occ=  42
     k-point:     4    nbnd_occ=  42
     k-point:     5    nbnd_occ=  42
     k-point:     6    nbnd_occ=  42
     k-point:     7    nbnd_occ=  42
     k-point:     8    nbnd_occ=  42
     k-point:     9    nbnd_occ=  42
     k-point:    10    nbnd_occ=  42
     k-point:    11    nbnd_occ=  42
     k-point:    12    nbnd_occ=  42
     k-point:    13    nbnd_occ=  42
     k-point:    14    nbnd_occ=  42
     k-point:    15    nbnd_occ=  42
     k-point:    16    nbnd_occ=  42


     q-space interpolation up to   110.00 Rydberg

     GIPAW job: efg                                                                             


     ELECTRIC FIELD GRADIENTS TENSORS IN Hartree/bohrradius^2:

     ----- bare term -----
     Cl   1       -0.251126        0.276264        0.043458
     Cl   1        0.276264        0.046223       -0.064533
     Cl   1        0.043458       -0.064533        0.204902

     C    2        0.009174       -0.389389       -0.460823
     C    2       -0.389389       -0.063191       -0.709004
     C    2       -0.460823       -0.709004        0.054018

     C    3       -0.343210        0.377077        0.054887
     C    3        0.377077       -0.048782       -0.332284
     C    3        0.054887       -0.332284        0.391992

     H    4       -0.367564       -0.288671       -0.471411
     H    4       -0.288671        0.087006       -0.116615
     H    4       -0.471411       -0.116615        0.280558

     C    5       -0.106924       -0.339734       -0.444855
     C    5       -0.339734        0.016837       -0.516592
     C    5       -0.444855       -0.516592        0.090088

     H    6        0.279898        0.286322        0.024969
     H    6        0.286322       -0.609804       -0.346358
     H    6        0.024969       -0.346358        0.329906

     H    7        0.292433        0.051237        0.348913
     H    7        0.051237        0.162681        0.179185
     H    7        0.348913        0.179185       -0.455114

     C    8       -0.421527       -0.254453       -0.360040
     C    8       -0.254453        0.306609        0.134221
     C    8       -0.360040        0.134221        0.114918

     H    9        0.228060        0.009704       -0.244712
     H    9        0.009704        0.165248       -0.292657
     H    9       -0.244712       -0.292657       -0.393308

     C   10        0.217277       -0.155720        0.193522
     C   10       -0.155720       -0.244573        0.231879
     C   10        0.193522        0.231879        0.027295

     C   11       -0.365578       -0.334552       -0.461031
     C   11       -0.334552        0.209208        0.150345
     C   11       -0.461031        0.150345        0.156369

     Cl  12        0.060677        0.288312        0.177612
     Cl  12        0.288312       -0.274225       -0.329399
     Cl  12        0.177612       -0.329399        0.213547

     H   13        0.498399        0.078505       -0.215518
     H   13        0.078505       -0.066241       -0.216448
     H   13       -0.215518       -0.216448       -0.432158

     C   14       -0.551704        0.361466       -0.006875
     C   14        0.361466        0.216492       -0.157708
     C   14       -0.006875       -0.157708        0.335212

     H   15       -0.203140        0.268560       -0.466984
     H   15        0.268560        0.026949        0.067439
     H   15       -0.466984        0.067439        0.176191

     C   16        0.160924       -0.108624       -0.342682
     C   16       -0.108624       -0.152100       -0.557618
     C   16       -0.342682       -0.557618       -0.008823

     C   17       -0.650558        0.447493       -0.276676
     C   17        0.447493        0.186937       -0.115629
     C   17       -0.276676       -0.115629        0.463621

     Cl  18       -0.054328        0.053575        0.079220
     Cl  18        0.053575       -0.019937       -0.049671
     Cl  18        0.079220       -0.049671        0.074265

     H   19        0.425054        0.146201       -0.087125
     H   19        0.146201       -0.488689        0.591807
     H   19       -0.087125        0.591807        0.063635

     C   20        0.002734       -0.535685        0.005074
     C   20       -0.535685       -0.300667        0.382216
     C   20        0.005074        0.382216        0.297933

     H   21       -0.082816        0.345693       -0.491617
     H   21        0.345693        0.096712        0.447615
     H   21       -0.491617        0.447615       -0.013896

     C   22       -0.540316       -0.316579       -0.266668
     C   22       -0.316579        0.096999        0.153810
     C   22       -0.266668        0.153810        0.443317

     C   23        0.043524       -0.383466       -0.075032
     C   23       -0.383466       -0.235693        0.495142
     C   23       -0.075032        0.495142        0.192170

     Cl  24       -0.104850       -0.066121        0.086046
     Cl  24       -0.066121       -0.073885       -0.116296
     Cl  24        0.086046       -0.116296        0.178735

     ----- ionic term -----
     Cl   1        0.129721       -0.198371        0.021390
     Cl   1       -0.198371        0.019930        0.002771
     Cl   1        0.021390        0.002771       -0.149651

     C    2        0.125101       -0.204631        0.326598
     C    2       -0.204631        0.136403        0.426142
     C    2        0.326598        0.426142       -0.261504

     C    3        0.165513       -0.301895        0.142577
     C    3       -0.301895        0.209039        0.438118
     C    3        0.142577        0.438118       -0.374552

     H    4        0.735389        0.187791        0.672537
     H    4        0.187791       -0.475733        0.184910
     H    4        0.672537        0.184910       -0.259657

     C    5        0.329933       -0.231489        0.196854
     C    5       -0.231489        0.042328        0.339662
     C    5        0.196854        0.339662       -0.372260

     H    6       -0.510926        0.034521        0.014308
     H    6        0.034521        0.686251        0.713175
     H    6        0.014308        0.713175       -0.175325

     H    7       -0.538129        0.072122       -0.069293
     H    7        0.072122        0.290754       -0.791355
     H    7       -0.069293       -0.791355        0.247375

     C    8        0.104376        0.288846        0.280490
     C    8        0.288846        0.011822       -0.278255
     C    8        0.280490       -0.278255       -0.116198

     H    9        0.296458       -0.049119        0.809733
     H    9       -0.049119       -0.493616       -0.142132
     H    9        0.809733       -0.142132        0.197159

     C   10       -0.024292        0.364207        0.209292
     C   10        0.364207        0.162293       -0.386305
     C   10        0.209292       -0.386305       -0.138001

     C   11        0.053241        0.304637        0.291318
     C   11        0.304637        0.106357       -0.367804
     C   11        0.291318       -0.367804       -0.159597

     Cl  12        0.103890        0.220995        0.050772
     Cl  12        0.220995        0.040566        0.022853
     Cl  12        0.050772        0.022853       -0.144457

     H   13       -0.534605        0.036769        0.057503
     H   13        0.036769        0.511235        0.787921
     H   13        0.057503        0.787921        0.023370

     C   14        0.226848       -0.205609        0.297208
     C   14       -0.205609       -0.033598        0.334152
     C   14        0.297208        0.334152       -0.193250

     H   15        0.566109        0.264444        0.676734
     H   15        0.264444       -0.463909        0.239882
     H   15        0.676734        0.239882       -0.102200

     C   16        0.130298       -0.235923        0.165236
     C   16       -0.235923        0.046204        0.420758
     C   16        0.165236        0.420758       -0.176502

     C   17        0.260038       -0.164541        0.196056
     C   17       -0.164541       -0.045416        0.456237
     C   17        0.196056        0.456237       -0.214622

     Cl  18        0.139083       -0.217714       -0.046332
     Cl  18       -0.217714       -0.015788        0.022722
     Cl  18       -0.046332        0.022722       -0.123296

     H   19       -0.510719        0.083077       -0.027072
     H   19        0.083077        0.549825       -0.736857
     H   19       -0.027072       -0.736857       -0.039107

     C   20        0.192045        0.312643        0.290967
     C   20        0.312643        0.050325       -0.250669
     C   20        0.290967       -0.250669       -0.242370

     H   21        0.480797       -0.378837        0.662056
     H   21       -0.378837       -0.374666       -0.319244
     H   21        0.662056       -0.319244       -0.106131

     C   22        0.081182        0.259559        0.218384
     C   22        0.259559        0.175257       -0.377337
     C   22        0.218384       -0.377337       -0.256439

     C   23        0.080160        0.251700        0.344016
     C   23        0.251700        0.073725       -0.332505
     C   23        0.344016       -0.332505       -0.153885

     Cl  24        0.093289        0.204444        0.040692
     Cl  24        0.204444        0.052086        0.030142
     Cl  24        0.040692        0.030142       -0.145376

     ----- GIPAW term -----
     Cl   1        0.539584       -2.244420        0.374878
     Cl   1       -2.244420        0.847575       -0.507411
     Cl   1        0.374878       -0.507411       -1.387159

     C    2        0.029669       -0.238246       -0.028266
     C    2       -0.238246        0.103038       -0.105232
     C    2       -0.028266       -0.105232       -0.132707

     C    3       -0.000585       -0.153285        0.095754
     C    3       -0.153285        0.086902       -0.085036
     C    3        0.095754       -0.085036       -0.086316

     H    4       -0.000000        0.000000        0.000000
     H    4        0.000000        0.000000        0.000000
     H    4        0.000000        0.000000        0.000000

     C    5       -0.013547       -0.233137       -0.072997
     C    5       -0.233137        0.149308       -0.067125
     C    5       -0.072997       -0.067125       -0.135761

     H    6       -0.000000        0.000000        0.000000
     H    6        0.000000        0.000000        0.000000
     H    6        0.000000        0.000000        0.000000

     H    7       -0.000000        0.000000        0.000000
     H    7        0.000000        0.000000        0.000000
     H    7        0.000000        0.000000        0.000000

     C    8       -0.037807       -0.126378       -0.085257
     C    8       -0.126378        0.085960        0.069739
     C    8       -0.085257        0.069739       -0.048153

     H    9       -0.000000        0.000000        0.000000
     H    9        0.000000        0.000000        0.000000
     H    9        0.000000        0.000000        0.000000

     C   10        0.007778       -0.011632        0.033660
     C   10       -0.011632        0.018004       -0.005112
     C   10        0.033660       -0.005112       -0.025782

     C   11       -0.025290       -0.125555       -0.074876
     C   11       -0.125555        0.154388        0.043329
     C   11       -0.074876        0.043329       -0.129098

     Cl  12        0.184546        0.182579       -0.252961
     Cl  12        0.182579        0.467835        0.439167
     Cl  12       -0.252961        0.439167       -0.652381

     H   13       -0.000000        0.000000        0.000000
     H   13        0.000000        0.000000        0.000000
     H   13        0.000000        0.000000        0.000000

     C   14       -0.088205       -0.081761        0.062830
     C   14       -0.081761        0.133831       -0.065197
     C   14        0.062830       -0.065197       -0.045626

     H   15       -0.000000        0.000000        0.000000
     H   15        0.000000        0.000000        0.000000
     H   15        0.000000        0.000000        0.000000

     C   16       -0.030912       -0.098893       -0.031797
     C   16       -0.098893        0.115298       -0.062211
     C   16       -0.031797       -0.062211       -0.084385

     C   17       -0.065494       -0.158699       -0.061788
     C   17       -0.158699        0.163320        0.065940
     C   17       -0.061788        0.065940       -0.097826

     Cl  18        0.340594       -2.227430       -1.112382
     Cl  18       -2.227430       -0.333944        1.191269
     Cl  18       -1.112382        1.191269       -0.006651

     H   19       -0.000000        0.000000        0.000000
     H   19        0.000000        0.000000        0.000000
     H   19        0.000000        0.000000        0.000000

     C   20        0.058567       -0.259730        0.088122
     C   20       -0.259730        0.009554        0.000522
     C   20        0.088122        0.000522       -0.068120

     H   21       -0.000000        0.000000        0.000000
     H   21        0.000000        0.000000        0.000000
     H   21        0.000000        0.000000        0.000000

     C   22       -0.141986       -0.128248        0.053647
     C   22       -0.128248        0.036408       -0.113141
     C   22        0.053647       -0.113141        0.105578

     C   23        0.103885       -0.111007        0.058409
     C   23       -0.111007        0.031684       -0.006408
     C   23        0.058409       -0.006408       -0.135569

     Cl  24        0.255662        1.383342        1.167530
     Cl  24        1.383342       -0.792742       -1.174556
     Cl  24        1.167530       -1.174556        0.537079

     ----- total EFG -----
     Cl   1        0.418179       -2.166527        0.439726
     Cl   1       -2.166527        0.913728       -0.569173
     Cl   1        0.439726       -0.569173       -1.331907

     C    2        0.163944       -0.832267       -0.162491
     C    2       -0.832267        0.176250       -0.388095
     C    2       -0.162491       -0.388095       -0.340194

     C    3       -0.178282       -0.078104        0.293219
     C    3       -0.078104        0.247158        0.020798
     C    3        0.293219        0.020798       -0.068876

     H    4        0.367825       -0.100880        0.201127
     H    4       -0.100880       -0.388727        0.068295
     H    4        0.201127        0.068295        0.020901

     C    5        0.209461       -0.804361       -0.320997
     C    5       -0.804361        0.208472       -0.244055
     C    5       -0.320997       -0.244055       -0.417933

     H    6       -0.231028        0.320842        0.039276
     H    6        0.320842        0.076447        0.366816
     H    6        0.039276        0.366816        0.154582

     H    7       -0.245696        0.123359        0.279620
     H    7        0.123359        0.453434       -0.612170
     H    7        0.279620       -0.612170       -0.207739

     C    8       -0.354958       -0.091985       -0.164807
     C    8       -0.091985        0.404391       -0.074295
     C    8       -0.164807       -0.074295       -0.049433

     H    9        0.524518       -0.039415        0.565021
     H    9       -0.039415       -0.328369       -0.434788
     H    9        0.565021       -0.434788       -0.196149

     C   10        0.200763        0.196855        0.436475
     C   10        0.196855       -0.064275       -0.159537
     C   10        0.436475       -0.159537       -0.136488

     C   11       -0.337628       -0.155470       -0.244589
     C   11       -0.155470        0.469953       -0.174130
     C   11       -0.244589       -0.174130       -0.132325

     Cl  12        0.349114        0.691886       -0.024576
     Cl  12        0.691886        0.234176        0.132621
     Cl  12       -0.024576        0.132621       -0.583290

     H   13       -0.036206        0.115273       -0.158014
     H   13        0.115273        0.444994        0.571473
     H   13       -0.158014        0.571473       -0.408788

     C   14       -0.413061        0.074096        0.353163
     C   14        0.074096        0.316726        0.111248
     C   14        0.353163        0.111248        0.096336

     H   15        0.362969        0.533004        0.209750
     H   15        0.533004       -0.436961        0.307321
     H   15        0.209750        0.307321        0.073991

     C   16        0.260310       -0.443440       -0.209243
     C   16       -0.443440        0.009401       -0.199071
     C   16       -0.209243       -0.199071       -0.269711

     C   17       -0.456014        0.124252       -0.142408
     C   17        0.124252        0.304840        0.406548
     C   17       -0.142408        0.406548        0.151174

     Cl  18        0.425350       -2.391570       -1.079494
     Cl  18       -2.391570       -0.369668        1.164320
     Cl  18       -1.079494        1.164320       -0.055682

     H   19       -0.085665        0.229278       -0.114197
     H   19        0.229278        0.061136       -0.145050
     H   19       -0.114197       -0.145050        0.024529

     C   20        0.253346       -0.482772        0.384163
     C   20       -0.482772       -0.240788        0.132070
     C   20        0.384163        0.132070       -0.012557

     H   21        0.397981       -0.033144        0.170439
     H   21       -0.033144       -0.277954        0.128370
     H   21        0.170439        0.128370       -0.120027

     C   22       -0.601120       -0.185268        0.005363
     C   22       -0.185268        0.308664       -0.336668
     C   22        0.005363       -0.336668        0.292456

     C   23        0.227569       -0.242773        0.327392
     C   23       -0.242773       -0.130285        0.156229
     C   23        0.327392        0.156229       -0.097284

     Cl  24        0.244102        1.521665        1.294269
     Cl  24        1.521665       -0.814541       -1.260710
     Cl  24        1.294269       -1.260710        0.570438

     ----- total EFG (symmetrized) -----
     Cl   1        0.418179       -2.166527        0.439726
     Cl   1       -2.166527        0.913728       -0.569173
     Cl   1        0.439726       -0.569173       -1.331907

     C    2        0.163944       -0.832267       -0.162491
     C    2       -0.832267        0.176250       -0.388095
     C    2       -0.162491       -0.388095       -0.340194

     C    3       -0.178282       -0.078104        0.293219
     C    3       -0.078104        0.247158        0.020798
     C    3        0.293219        0.020798       -0.068876

     H    4        0.367825       -0.100880        0.201127
     H    4       -0.100880       -0.388727        0.068295
     H    4        0.201127        0.068295        0.020901

     C    5        0.209461       -0.804361       -0.320997
     C    5       -0.804361        0.208472       -0.244055
     C    5       -0.320997       -0.244055       -0.417933

     H    6       -0.231028        0.320842        0.039276
     H    6        0.320842        0.076447        0.366816
     H    6        0.039276        0.366816        0.154582

     H    7       -0.245696        0.123359        0.279620
     H    7        0.123359        0.453434       -0.612170
     H    7        0.279620       -0.612170       -0.207739

     C    8       -0.354958       -0.091985       -0.164807
     C    8       -0.091985        0.404391       -0.074295
     C    8       -0.164807       -0.074295       -0.049433

     H    9        0.524518       -0.039415        0.565021
     H    9       -0.039415       -0.328369       -0.434788
     H    9        0.565021       -0.434788       -0.196149

     C   10        0.200763        0.196855        0.436475
     C   10        0.196855       -0.064275       -0.159537
     C   10        0.436475       -0.159537       -0.136488

     C   11       -0.337628       -0.155470       -0.244589
     C   11       -0.155470        0.469953       -0.174130
     C   11       -0.244589       -0.174130       -0.132325

     Cl  12        0.349114        0.691886       -0.024576
     Cl  12        0.691886        0.234176        0.132621
     Cl  12       -0.024576        0.132621       -0.583290

     H   13       -0.036206        0.115273       -0.158014
     H   13        0.115273        0.444994        0.571473
     H   13       -0.158014        0.571473       -0.408788

     C   14       -0.413061        0.074096        0.353163
     C   14        0.074096        0.316726        0.111248
     C   14        0.353163        0.111248        0.096336

     H   15        0.362969        0.533004        0.209750
     H   15        0.533004       -0.436961        0.307321
     H   15        0.209750        0.307321        0.073991

     C   16        0.260310       -0.443440       -0.209243
     C   16       -0.443440        0.009401       -0.199071
     C   16       -0.209243       -0.199071       -0.269711

     C   17       -0.456014        0.124252       -0.142408
     C   17        0.124252        0.304840        0.406548
     C   17       -0.142408        0.406548        0.151174

     Cl  18        0.425350       -2.391570       -1.079494
     Cl  18       -2.391570       -0.369668        1.164320
     Cl  18       -1.079494        1.164320       -0.055682

     H   19       -0.085665        0.229278       -0.114197
     H   19        0.229278        0.061136       -0.145050
     H   19       -0.114197       -0.145050        0.024529

     C   20        0.253346       -0.482772        0.384163
     C   20       -0.482772       -0.240788        0.132070
     C   20        0.384163        0.132070       -0.012557

     H   21        0.397981       -0.033144        0.170439
     H   21       -0.033144       -0.277954        0.128370
     H   21        0.170439        0.128370       -0.120027

     C   22       -0.601120       -0.185268        0.005363
     C   22       -0.185268        0.308664       -0.336668
     C   22        0.005363       -0.336668        0.292456

     C   23        0.227569       -0.242773        0.327392
     C   23       -0.242773       -0.130285        0.156229
     C   23        0.327392        0.156229       -0.097284

     Cl  24        0.244102        1.521665        1.294269
     Cl  24        1.521665       -0.814541       -1.260710
     Cl  24        1.294269       -1.260710        0.570438


     NQR/NMR SPECTROSCOPIC PARAMETERS:
     Cl   1    Vxx=   -1.4240    axis=( -0.457279 -0.213603  0.863290)
     Cl   1    Vyy=   -1.5424    axis=(  0.601293  0.640960  0.477093)
     Cl   1    Vzz=    2.9664    axis=( -0.655243  0.737254 -0.164659)
     Cl   1  Q=        -8.1650 1e-30 m^2  Cq=       -56.9084 MHz  eta= 0.03991

     C    2    Vxx=   -0.0966    axis=( -0.483519 -0.311107  0.818182)
     C    2    Vyy=   -0.9261    axis=(  0.553519  0.615432  0.561124)
     C    2    Vzz=    1.0227    axis=( -0.678105  0.724194 -0.125369)
     C    2  Q=         1.0000 1e-30 m^2  Cq=         2.4030 MHz  eta= 0.81110

     C    3    Vxx=    0.1625    axis=(  0.567694  0.339291  0.750070)
     C    3    Vyy=    0.2674    axis=(  0.294986 -0.934456  0.199435)
     C    3    Vzz=   -0.4298    axis=(  0.768574  0.108042 -0.630571)
     C    3  Q=         1.0000 1e-30 m^2  Cq=        -1.0099 MHz  eta= 0.24410

     H    4    Vxx=   -0.0408    axis=( -0.367245  0.280541  0.886808)
     H    4    Vyy=   -0.4240    axis=(  0.179876  0.956852 -0.228210)
     H    4    Vzz=    0.4648    axis=( -0.912566  0.075706 -0.401861)
     H    4  Q=         1.0000 1e-30 m^2  Cq=         1.0920 MHz  eta= 0.82450

     C    5    Vxx=   -0.0990    axis=( -0.415921 -0.470160  0.778434)
     C    5    Vyy=   -0.9165    axis=(  0.563400  0.538709  0.626397)
     C    5    Vzz=    1.0156    axis=( -0.713856  0.699101  0.040828)
     C    5  Q=         1.0000 1e-30 m^2  Cq=         2.3862 MHz  eta= 0.80500

     H    6    Vxx=   -0.0786    axis=( -0.612768 -0.376189  0.694980)
     H    6    Vyy=   -0.4860    axis=( -0.726238  0.614821 -0.307529)
     H    6    Vzz=    0.5646    axis=( -0.311600 -0.693165 -0.649945)
     H    6  Q=         1.0000 1e-30 m^2  Cq=         1.3266 MHz  eta= 0.72157

     H    7    Vxx=   -0.0658    axis=(  0.857607  0.293870  0.422078)
     H    7    Vyy=   -0.7542    axis=( -0.512952  0.429248  0.743389)
     H    7    Vzz=    0.8200    axis=(  0.037284 -0.854041  0.518867)
     H    7  Q=         1.0000 1e-30 m^2  Cq=         1.9266 MHz  eta= 0.83949

     C    8    Vxx=    0.0202    axis=( -0.416548  0.075457  0.905977)
     C    8    Vyy=    0.4222    axis=( -0.090668  0.988133 -0.123987)
     C    8    Vzz=   -0.4423    axis=( -0.904581 -0.133790 -0.404763)
     C    8  Q=         1.0000 1e-30 m^2  Cq=        -1.0392 MHz  eta= 0.90887

     H    9    Vxx=   -0.0829    axis=(  0.479931  0.744584 -0.463961)
     H    9    Vyy=   -0.8044    axis=( -0.286938  0.632985  0.719025)
     H    9    Vzz=    0.8872    axis=(  0.829055 -0.211954  0.517439)
     H    9  Q=         1.0000 1e-30 m^2  Cq=         2.0847 MHz  eta= 0.81324

     C   10    Vxx=    0.0466    axis=( -0.135824 -0.884266  0.446795)
     C   10    Vyy=    0.5102    axis=( -0.836390 -0.139383 -0.530117)
     C   10    Vzz=   -0.5568    axis=(  0.531040 -0.445697 -0.720660)
     C   10  Q=         1.0000 1e-30 m^2  Cq=        -1.3082 MHz  eta= 0.83271

     C   11    Vxx=    0.0239    axis=( -0.588464  0.107708  0.801317)
     C   11    Vyy=    0.5266    axis=( -0.113935  0.970151 -0.214072)
     C   11    Vzz=   -0.5505    axis=( -0.800456 -0.217272 -0.558627)
     C   11  Q=         1.0000 1e-30 m^2  Cq=        -1.2935 MHz  eta= 0.91322

     Cl  12    Vxx=   -0.3481    axis=( -0.627943  0.648045  0.430959)
     Cl  12    Vyy=   -0.6412    axis=(  0.263027 -0.344447  0.901207)
     Cl  12    Vzz=    0.9892    axis=( -0.732464 -0.679260 -0.045840)
     Cl  12  Q=        -8.1650 1e-30 m^2  Cq=       -18.9774 MHz  eta= 0.29630

     H   13    Vxx=    0.0148    axis=(  0.964101  0.078592 -0.253639)
     H   13    Vyy=    0.7328    axis=(  0.043369  0.895766  0.442406)
     H   13    Vzz=   -0.7476    axis=(  0.261971 -0.437524  0.860200)
     H   13  Q=         1.0000 1e-30 m^2  Cq=        -1.7565 MHz  eta= 0.96051

     C   14    Vxx=    0.1628    axis=(  0.333506 -0.652311  0.680635)
     C   14    Vyy=    0.4313    axis=(  0.307277  0.757757  0.575660)
     C   14    Vzz=   -0.5941    axis=(  0.891266 -0.017158 -0.453157)
     C   14  Q=         1.0000 1e-30 m^2  Cq=        -1.3958 MHz  eta= 0.45202

     H   15    Vxx=   -0.0357    axis=( -0.487432  0.021083  0.872906)
     H   15    Vyy=   -0.7474    axis=( -0.383938  0.892703 -0.235952)
     H   15    Vzz=    0.7831    axis=( -0.784221 -0.450153 -0.427037)
     H   15  Q=         1.0000 1e-30 m^2  Cq=         1.8401 MHz  eta= 0.90880

     C   16    Vxx=   -0.0134    axis=( -0.360585 -0.570714  0.737743)
     C   16    Vyy=   -0.5851    axis=(  0.467458  0.573873  0.672423)
     C   16    Vzz=    0.5985    axis=( -0.807132  0.587329  0.059854)
     C   16  Q=         1.0000 1e-30 m^2  Cq=         1.4063 MHz  eta= 0.95509

     C   17    Vxx=   -0.0886    axis=( -0.457265 -0.565148  0.686671)
     C   17    Vyy=   -0.5532    axis=( -0.889319  0.294530 -0.349805)
     C   17    Vzz=    0.6418    axis=( -0.004554 -0.770623 -0.637275)
     C   17  Q=         1.0000 1e-30 m^2  Cq=         1.5079 MHz  eta= 0.72391

     Cl  18    Vxx=   -0.7976    axis=(  0.399878 -0.199332  0.894631)
     Cl  18    Vyy=   -2.4161    axis=(  0.617537  0.779865 -0.102263)
     Cl  18    Vzz=    3.2137    axis=( -0.677308  0.593361  0.434945)
     Cl  18  Q=        -8.1650 1e-30 m^2  Cq=       -61.6536 MHz  eta= 0.50362

     H   19    Vxx=   -0.0841    axis=(  0.271785  0.430543  0.860677)
     H   19    Vyy=   -0.2532    axis=( -0.814586  0.579133 -0.032474)
     H   19    Vzz=    0.3373    axis=( -0.512428 -0.692270  0.508114)
     H   19  Q=         1.0000 1e-30 m^2  Cq=         0.7926 MHz  eta= 0.50140

     C   20    Vxx=    0.0309    axis=( -0.111006  0.587000  0.801941)
     C   20    Vyy=    0.6617    axis=(  0.831809 -0.386699  0.398194)
     C   20    Vzz=   -0.6926    axis=(  0.543849  0.711263 -0.445345)
     C   20  Q=         1.0000 1e-30 m^2  Cq=        -1.6274 MHz  eta= 0.91067

     H   21    Vxx=   -0.0817    axis=( -0.242961  0.559354  0.792523)
     H   21    Vyy=   -0.3674    axis=(  0.155554  0.828897 -0.537339)
     H   21    Vzz=    0.4491    axis=(  0.957483  0.007272  0.288399)
     H   21  Q=         1.0000 1e-30 m^2  Cq=         1.0551 MHz  eta= 0.63624

     C   22    Vxx=   -0.0107    axis=( -0.198633  0.654107  0.729855)
     C   22    Vyy=   -0.6417    axis=( -0.973873 -0.215368 -0.072028)
     C   22    Vzz=    0.6524    axis=(  0.110074 -0.725093  0.679796)
     C   22  Q=         1.0000 1e-30 m^2  Cq=         1.5329 MHz  eta= 0.96710

     C   23    Vxx=    0.0342    axis=(  0.111077 -0.765763 -0.633458)
     C   23    Vyy=    0.4612    axis=( -0.865403  0.238850 -0.440486)
     C   23    Vzz=   -0.4954    axis=(  0.488609  0.597124 -0.636163)
     C   23  Q=         1.0000 1e-30 m^2  Cq=        -1.1640 MHz  eta= 0.86206

     Cl  24    Vxx=    1.1165    axis=(  0.475638  0.712023 -0.516520)
     Cl  24    Vyy=    1.7154    axis=(  0.692829  0.058562  0.718720)
     Cl  24    Vzz=   -2.8319    axis=( -0.541993  0.699710  0.465455)
     Cl  24  Q=        -8.1650 1e-30 m^2  Cq=        54.3277 MHz  eta= 0.21147

     Initialization:
     gipaw_setup  :      9.03s CPU     10.97s WALL (       1 calls)

     Linear response

     Apply operators

     Induced current

     Other routines
     efg          :      9.08s CPU     11.53s WALL (       1 calls)

     General routines
     calbec       :      3.15s CPU      4.34s WALL (      16 calls)
     fft          :      1.32s CPU      1.66s WALL (      15 calls)
     ffts         :      0.04s CPU      0.05s WALL (       2 calls)
     fftw         :      3.22s CPU      3.85s WALL (     672 calls)
     davcio       :      0.03s CPU      0.33s WALL (      32 calls)

     Parallel routines
     fft_scatter  :      1.96s CPU      2.68s WALL (     689 calls)

     Plugins

     GIPAW        :     61.18s CPU     72.65s WALL (       1 calls)
