
     Program QE v.6.0 (svn rev. 13079) starts on  5Jan2017 at 19:40:36 

     This program is part of the open-source Quantum ESPRESSO suite
     for quantum simulation of materials; please cite
         "P. Giannozzi et al., J. Phys.:Condens. Matter 21 395502 (2009);
          URL http://www.quantum-espresso.org", 
     in publications or presentations arising from this work. More details at
     http://www.quantum-espresso.org/quote

     Parallel version (MPI), running on     8 processors
     R & G space division:  proc/nbgrp/npool/nimage =       8

     ***** This is GIPAW svn revision unknown      *****

     Parallelizing q-star over 1 images

     Reading data from directory:
     /users/majewski/paradichlorobenzene/pbe/9_constraint/scratch/pbe.ecut100.np8.dt60.pcl2phi-129368.save
     Message from routine read_xml_file:
     file /users/majewski/paradichlorobenzene/pbe/9_constraint/scratch/pbe.ecut100.np8.dt60.pcl2phi-129368.save not guaranteed to be safe for post-processing

   Info: using nr1, nr2, nr3 values from input

   Info: using nr1, nr2, nr3 values from input

     IMPORTANT: XC functional enforced from input :
     Exchange-correlation      =  SLA  PW   PBX  PBC ( 1  4  3  4 0 0)
     Any further DFT definition will be discarded
     Please, verify this is what you really want

               file C.pbe-n-kjpaw_psl.1.0.0.UPF: wavefunction(s)  2S 2P renormalized
               file Cl.pbe-n-kjpaw_psl.1.0.0.UPF: wavefunction(s)  3S 3P renormalized
               file H.pbe-kjpaw_psl.1.0.0.UPF: wavefunction(s)  1S renormalized

     Parallelization info
     --------------------
     sticks:   dense  smooth     PW     G-vecs:    dense   smooth      PW
     Min        3057    1223    332               144436    36536    5170
     Max        3059    1225    333               144437    36537    5171
     Sum       24467    9791   2657              1155489   292295   41363


     Subspace diagonalization in iterative solution of the eigenvalue problem:
     a serial algorithm will be used

     GIPAW projectors -----------------------------------------------
     atom=  C    l=0  rc=    1.2000  rs=    0.8000
     atom=  C    l=0  rc=    1.2000  rs=    0.8000
     atom=  C    l=1  rc=    1.4000  rs=    0.9333
     atom=  C    l=1  rc=    1.4000  rs=    0.9333
     projs nearly linearly dependent: l=1  n1,n2= 1, 2  s=  0.99951561

     atom=  Cl   l=0  rc=    1.6000  rs=    1.0667
     atom=  Cl   l=0  rc=    1.6000  rs=    1.0667
     atom=  Cl   l=1  rc=    1.6000  rs=    1.0667
     atom=  Cl   l=1  rc=    1.6000  rs=    1.0667
     atom=  Cl   l=2  rc=    1.6000  rs=    1.0667
     atom=  Cl   l=2  rc=    1.6000  rs=    1.0667
     projs nearly linearly dependent: l=2  n1,n2= 1, 2  s=  0.99993509

     atom=  H    l=0  rc=    1.0000  rs=    0.6667
     atom=  H    l=0  rc=    1.0000  rs=    0.6667
     projs nearly linearly dependent: l=0  n1,n2= 1, 2  s=  0.99968852
     -----------------------------------------------------------------

     GIPAW integrals: -------------------------------------------
     Atom  i/j   nmr_para   nmr_dia   epr_rmc  epr_para   epr_dia
       C   1 1   0.83E+03  0.17E-01  0.93E+01  0.24E+08  0.24E+03
       C   2 1   0.86E+03 -0.61E-01  0.94E+01  0.25E+08  0.25E+03
       C   2 2   0.90E+03 -0.15E+00  0.97E+01  0.26E+08  0.26E+03
       C   3 3   0.33E+01  0.34E+00  0.18E+01  0.55E+03  0.21E+02
       C   4 3   0.35E+01  0.37E+00  0.20E+01  0.59E+03  0.22E+02
       C   4 4   0.38E+01  0.39E+00  0.22E+01  0.63E+03  0.24E+02
       Cl  1 1   0.14E+04 -0.47E+00  0.84E+01  0.32E+09  0.42E+03
       Cl  2 1   0.21E+04 -0.37E+00  0.12E+02  0.49E+09  0.65E+03
       Cl  2 2   0.33E+04 -0.16E+00  0.21E+02  0.76E+09  0.10E+04
       Cl  3 3   0.21E+02  0.79E-01  0.89E+01  0.23E+05  0.13E+03
       Cl  4 3   0.24E+02  0.67E-01  0.99E+01  0.27E+05  0.15E+03
       Cl  4 4   0.28E+02  0.44E-01  0.11E+02  0.32E+05  0.18E+03
       Cl  5 5   0.77E+00  0.19E+00  0.18E+01  0.12E+03  0.22E+02
       Cl  6 5   0.80E+00  0.19E+00  0.19E+01  0.12E+03  0.23E+02
       Cl  6 6   0.83E+00  0.20E+00  0.19E+01  0.12E+03  0.23E+02
       H   1 1   0.39E+02  0.19E+00  0.29E+00  0.78E+05  0.13E+02
       H   2 1   0.41E+02  0.21E+00  0.32E+00  0.82E+05  0.14E+02
       H   2 2   0.43E+02  0.22E+00  0.36E+00  0.86E+05  0.15E+02
     ------------------------------------------------------------

     alpha_pv=     34.1470 eV

     Number of occupied bands for each k-point:
     k-point:     1    nbnd_occ=  42
     k-point:     2    nbnd_occ=  42
     k-point:     3    nbnd_occ=  42
     k-point:     4    nbnd_occ=  42
     k-point:     5    nbnd_occ=  42
     k-point:     6    nbnd_occ=  42
     k-point:     7    nbnd_occ=  42
     k-point:     8    nbnd_occ=  42
     k-point:     9    nbnd_occ=  42
     k-point:    10    nbnd_occ=  42
     k-point:    11    nbnd_occ=  42
     k-point:    12    nbnd_occ=  42
     k-point:    13    nbnd_occ=  42
     k-point:    14    nbnd_occ=  42
     k-point:    15    nbnd_occ=  42
     k-point:    16    nbnd_occ=  42


     q-space interpolation up to   110.00 Rydberg

     GIPAW job: efg                                                                             


     ELECTRIC FIELD GRADIENTS TENSORS IN Hartree/bohrradius^2:

     ----- bare term -----
     Cl   1        0.150654        0.021469       -0.071643
     Cl   1        0.021469       -0.119333        0.225783
     Cl   1       -0.071643        0.225783       -0.031320

     C    2       -0.516226        0.345677       -0.212970
     C    2        0.345677        0.137801       -0.328966
     C    2       -0.212970       -0.328966        0.378424

     C    3       -0.016424       -0.155214       -0.261662
     C    3       -0.155214       -0.051972       -0.689792
     C    3       -0.261662       -0.689792        0.068396

     H    4       -0.047818        0.035449       -0.570797
     H    4        0.035449        0.266644        0.178203
     H    4       -0.570797        0.178203       -0.218826

     C    5       -0.459839        0.309186       -0.141026
     C    5        0.309186        0.096435       -0.239070
     C    5       -0.141026       -0.239070        0.363404

     H    6        0.187054        0.061784       -0.391886
     H    6        0.061784       -0.165779       -0.395358
     H    6       -0.391886       -0.395358       -0.021274

     H    7        0.189400        0.222591       -0.392154
     H    7        0.222591       -0.056154        0.491323
     H    7       -0.392154        0.491323       -0.133246

     C    8        0.057686       -0.570274        0.140124
     C    8       -0.570274       -0.515128        0.370723
     C    8        0.140124        0.370723        0.457442

     H    9       -0.234912       -0.103899       -0.610610
     H    9       -0.103899        0.267174       -0.095839
     H    9       -0.610610       -0.095839       -0.032262

     C   10       -0.218838       -0.177437       -0.308720
     C   10       -0.177437       -0.088861        0.398112
     C   10       -0.308720        0.398112        0.307699

     C   11        0.068218       -0.485731       -0.066130
     C   11       -0.485731       -0.236725        0.525508
     C   11       -0.066130        0.525508        0.168507

     Cl  12       -0.048577       -0.016856       -0.124914
     Cl  12       -0.016856       -0.056321        0.094720
     Cl  12       -0.124914        0.094720        0.104899

     H   13        0.293016        0.078018        0.327750
     H   13        0.078018        0.014626       -0.486080
     H   13        0.327750       -0.486080       -0.307643

     C   14       -0.060283       -0.127268       -0.542768
     C   14       -0.127268       -0.162227       -0.387279
     C   14       -0.542768       -0.387279        0.222510

     H   15        0.076094       -0.088689       -0.219187
     H   15       -0.088689        0.515716       -0.152551
     H   15       -0.219187       -0.152551       -0.591811

     C   16       -0.124342        0.430768       -0.319101
     C   16        0.430768       -0.228305       -0.160681
     C   16       -0.319101       -0.160681        0.352646

     C   17        0.101587       -0.350354       -0.582866
     C   17       -0.350354       -0.252718       -0.556037
     C   17       -0.582866       -0.556037        0.151131

     Cl  18        0.025651        0.333719        0.013296
     Cl  18        0.333719       -0.163271       -0.019644
     Cl  18        0.013296       -0.019644        0.137620

     H   19        0.418285        0.031573       -0.077028
     H   19        0.031573       -0.559238        0.631829
     H   19       -0.077028        0.631829        0.140953

     C   20       -0.763874       -0.430193       -0.447818
     C   20       -0.430193        0.453901        0.092398
     C   20       -0.447818        0.092398        0.309972

     H   21       -0.346977        0.171398       -0.583354
     H   21        0.171398        0.196726        0.124603
     H   21       -0.583354        0.124603        0.150250

     C   22        0.103246       -0.520626        0.045836
     C   22       -0.520626       -0.360659        0.504849
     C   22        0.045836        0.504849        0.257414

     C   23       -0.534429       -0.281703       -0.370839
     C   23       -0.281703        0.255657        0.084538
     C   23       -0.370839        0.084538        0.278772

     Cl  24       -0.031108       -0.083844        0.043690
     Cl  24       -0.083844        0.003075       -0.063394
     Cl  24        0.043690       -0.063394        0.028033

     ----- ionic term -----
     Cl   1        0.078796       -0.229009        0.067741
     Cl   1       -0.229009        0.059695       -0.049084
     Cl   1        0.067741       -0.049084       -0.138492

     C    2        0.021414       -0.285645        0.385551
     C    2       -0.285645        0.135838        0.294201
     C    2        0.385551        0.294201       -0.157252

     C    3        0.056270       -0.300585        0.244151
     C    3       -0.300585        0.211601        0.371419
     C    3        0.244151        0.371419       -0.267870

     H    4        0.392977        0.274977        0.745438
     H    4        0.274977       -0.403327        0.285316
     H    4        0.745438        0.285316        0.010350

     C    5        0.215671       -0.270361        0.327164
     C    5       -0.270361        0.042852        0.264394
     C    5        0.327164        0.264394       -0.258523

     H    6       -0.493683        0.122259        0.094295
     H    6        0.122259        0.509620        0.746818
     H    6        0.094295        0.746818       -0.015938

     H    7       -0.528819       -0.124334        0.108681
     H    7       -0.124334        0.525448       -0.781522
     H    7        0.108681       -0.781522        0.003370

     C    8        0.250511        0.255364        0.236732
     C    8        0.255364        0.031183       -0.331424
     C    8        0.236732       -0.331424       -0.281694

     H    9        0.469722       -0.016668        0.821643
     H    9       -0.016668       -0.565356       -0.113337
     H    9        0.821643       -0.113337        0.095633

     C   10        0.055357        0.348316        0.163082
     C   10        0.348316        0.170139       -0.465967
     C   10        0.163082       -0.465967       -0.225496

     C   11        0.145134        0.210058        0.194726
     C   11        0.210058        0.112480       -0.493722
     C   11        0.194726       -0.493722       -0.257615

     Cl  12        0.086486        0.201033       -0.040924
     Cl  12        0.201033        0.044513       -0.030371
     Cl  12       -0.040924       -0.030371       -0.130999

     H   13       -0.550656        0.025530        0.046630
     H   13        0.025530        0.495917        0.775866
     H   13        0.046630        0.775866        0.054739

     C   14        0.134190       -0.282636        0.335795
     C   14       -0.282636       -0.000998        0.256372
     C   14        0.335795        0.256372       -0.133192

     H   15        0.397820        0.230318        0.783182
     H   15        0.230318       -0.478870        0.254329
     H   15        0.783182        0.254329        0.081050

     C   16        0.031664       -0.268897        0.235607
     C   16       -0.268897        0.106027        0.412855
     C   16        0.235607        0.412855       -0.137691

     C   17        0.094267       -0.264054        0.245484
     C   17       -0.264054        0.062861        0.450478
     C   17        0.245484        0.450478       -0.157128

     Cl  18        0.116123       -0.213913       -0.008138
     Cl  18       -0.213913        0.026192        0.021664
     Cl  18       -0.008138        0.021664       -0.142315

     H   19       -0.470286       -0.220516        0.132965
     H   19       -0.220516        0.676012       -0.681490
     H   19        0.132965       -0.681490       -0.205726

     C   20        0.333410        0.186767        0.256755
     C   20        0.186767        0.029966       -0.301555
     C   20        0.256755       -0.301555       -0.363376

     H   21        0.515891       -0.294766        0.724730
     H   21       -0.294766       -0.419017       -0.270968
     H   21        0.724730       -0.270968       -0.096873

     C   22        0.135820        0.232754        0.191141
     C   22        0.232754        0.151829       -0.413751
     C   22        0.191141       -0.413751       -0.287649

     C   23        0.192590        0.201959        0.265640
     C   23        0.201959        0.072255       -0.382955
     C   23        0.265640       -0.382955       -0.264845

     Cl  24        0.125724        0.201340        0.004144
     Cl  24        0.201340        0.005362       -0.010376
     Cl  24        0.004144       -0.010376       -0.131086

     ----- GIPAW term -----
     Cl   1       -0.276907       -0.828834       -0.518678
     Cl   1       -0.828834        0.364880       -1.600715
     Cl   1       -0.518678       -1.600715       -0.087972

     C    2       -0.088948       -0.156255        0.007989
     C    2       -0.156255        0.198528       -0.098894
     C    2        0.007989       -0.098894       -0.109580

     C    3       -0.085027       -0.165673       -0.000446
     C    3       -0.165673        0.161787       -0.200987
     C    3       -0.000446       -0.200987       -0.076760

     H    4       -0.000000        0.000000        0.000000
     H    4        0.000000        0.000000        0.000000
     H    4        0.000000        0.000000        0.000000

     C    5        0.001576       -0.169151        0.030672
     C    5       -0.169151        0.102692       -0.034138
     C    5        0.030672       -0.034138       -0.104268

     H    6       -0.000000        0.000000        0.000000
     H    6        0.000000        0.000000        0.000000
     H    6        0.000000        0.000000        0.000000

     H    7       -0.000000        0.000000        0.000000
     H    7        0.000000        0.000000        0.000000
     H    7        0.000000        0.000000        0.000000

     C    8        0.108687       -0.177159        0.201299
     C    8       -0.177159       -0.180652       -0.016843
     C    8        0.201299       -0.016843        0.071965

     H    9       -0.000000        0.000000        0.000000
     H    9        0.000000        0.000000        0.000000
     H    9        0.000000        0.000000        0.000000

     C   10        0.038673       -0.061822       -0.005172
     C   10       -0.061822       -0.040217        0.034617
     C   10       -0.005172        0.034617        0.001544

     C   11        0.160604       -0.163114        0.021370
     C   11       -0.163114        0.007134        0.045443
     C   11        0.021370        0.045443       -0.167738

     Cl  12        0.902892        1.795702       -1.240701
     Cl  12        1.795702       -0.576538        0.814740
     Cl  12       -1.240701        0.814740       -0.326354

     H   13       -0.000000        0.000000        0.000000
     H   13        0.000000        0.000000        0.000000
     H   13        0.000000        0.000000        0.000000

     C   14        0.104439       -0.090620       -0.245097
     C   14       -0.090620       -0.157292       -0.022498
     C   14       -0.245097       -0.022498        0.052853

     H   15       -0.000000        0.000000        0.000000
     H   15        0.000000        0.000000        0.000000
     H   15        0.000000        0.000000        0.000000

     C   16        0.030157        0.043407       -0.210596
     C   16        0.043407       -0.134511        0.002048
     C   16       -0.210596        0.002048        0.104354

     C   17        0.150634       -0.245624       -0.204023
     C   17       -0.245624       -0.083609       -0.006808
     C   17       -0.204023       -0.006808       -0.067024

     Cl  18        2.881265       -0.800315        0.126826
     Cl  18       -0.800315       -1.272477       -0.080704
     Cl  18        0.126826       -0.080704       -1.608787

     H   19       -0.000000        0.000000        0.000000
     H   19        0.000000        0.000000        0.000000
     H   19        0.000000        0.000000        0.000000

     C   20       -0.146869       -0.203592       -0.017834
     C   20       -0.203592        0.226417       -0.081223
     C   20       -0.017834       -0.081223       -0.079548

     H   21       -0.000000        0.000000        0.000000
     H   21        0.000000        0.000000        0.000000
     H   21        0.000000        0.000000        0.000000

     C   22       -0.032662       -0.201835        0.093592
     C   22       -0.201835        0.097415       -0.081470
     C   22        0.093592       -0.081470       -0.064753

     C   23       -0.015341       -0.129996        0.079101
     C   23       -0.129996        0.091275       -0.147342
     C   23        0.079101       -0.147342       -0.075934

     Cl  24        0.186480        0.038435        1.118027
     Cl  24        0.038435        0.786132       -1.903196
     Cl  24        1.118027       -1.903196       -0.972612

     ----- total EFG -----
     Cl   1       -0.047457       -1.036374       -0.522581
     Cl   1       -1.036374        0.305242       -1.424016
     Cl   1       -0.522581       -1.424016       -0.257785

     C    2       -0.583760       -0.096223        0.180570
     C    2       -0.096223        0.472168       -0.133659
     C    2        0.180570       -0.133659        0.111592

     C    3       -0.045181       -0.621472       -0.017956
     C    3       -0.621472        0.321416       -0.519360
     C    3       -0.017956       -0.519360       -0.276234

     H    4        0.345158        0.310425        0.174641
     H    4        0.310425       -0.136683        0.463520
     H    4        0.174641        0.463520       -0.208475

     C    5       -0.242593       -0.130325        0.216810
     C    5       -0.130325        0.241978       -0.008813
     C    5        0.216810       -0.008813        0.000614

     H    6       -0.306629        0.184043       -0.297591
     H    6        0.184043        0.343841        0.351459
     H    6       -0.297591        0.351459       -0.037212

     H    7       -0.339419        0.098258       -0.283473
     H    7        0.098258        0.469294       -0.290200
     H    7       -0.283473       -0.290200       -0.129875

     C    8        0.416884       -0.492069        0.578155
     C    8       -0.492069       -0.664597        0.022455
     C    8        0.578155        0.022455        0.247714

     H    9        0.234810       -0.120568        0.211033
     H    9       -0.120568       -0.298182       -0.209177
     H    9        0.211033       -0.209177        0.063372

     C   10       -0.124808        0.109056       -0.150809
     C   10        0.109056        0.041061       -0.033238
     C   10       -0.150809       -0.033238        0.083747

     C   11        0.373957       -0.438786        0.149966
     C   11       -0.438786       -0.117111        0.077230
     C   11        0.149966        0.077230       -0.256846

     Cl  12        0.940801        1.979879       -1.406539
     Cl  12        1.979879       -0.588347        0.879088
     Cl  12       -1.406539        0.879088       -0.352454

     H   13       -0.257640        0.103548        0.374380
     H   13        0.103548        0.510543        0.289786
     H   13        0.374380        0.289786       -0.252904

     C   14        0.178347       -0.500525       -0.452070
     C   14       -0.500525       -0.320517       -0.153406
     C   14       -0.452070       -0.153406        0.142171

     H   15        0.473914        0.141629        0.563994
     H   15        0.141629        0.036846        0.101777
     H   15        0.563994        0.101777       -0.510760

     C   16       -0.062521        0.205278       -0.294090
     C   16        0.205278       -0.256788        0.254222
     C   16       -0.294090        0.254222        0.319309

     C   17        0.346488       -0.860032       -0.541405
     C   17       -0.860032       -0.273466       -0.112367
     C   17       -0.541405       -0.112367       -0.073021

     Cl  18        3.023039       -0.680508        0.131983
     Cl  18       -0.680508       -1.409557       -0.078684
     Cl  18        0.131983       -0.078684       -1.613482

     H   19       -0.052001       -0.188943        0.055938
     H   19       -0.188943        0.116774       -0.049661
     H   19        0.055938       -0.049661       -0.064773

     C   20       -0.577332       -0.447018       -0.208896
     C   20       -0.447018        0.710284       -0.290381
     C   20       -0.208896       -0.290381       -0.132952

     H   21        0.168914       -0.123368        0.141376
     H   21       -0.123368       -0.222291       -0.146365
     H   21        0.141376       -0.146365        0.053377

     C   22        0.206404       -0.489707        0.330569
     C   22       -0.489707       -0.111416        0.009628
     C   22        0.330569        0.009628       -0.094988

     C   23       -0.357180       -0.209740       -0.026097
     C   23       -0.209740        0.419186       -0.445759
     C   23       -0.026097       -0.445759       -0.062006

     Cl  24        0.281095        0.155931        1.165860
     Cl  24        0.155931        0.794569       -1.976965
     Cl  24        1.165860       -1.976965       -1.075664

     ----- total EFG (symmetrized) -----
     Cl   1       -0.047457       -1.036374       -0.522581
     Cl   1       -1.036374        0.305242       -1.424016
     Cl   1       -0.522581       -1.424016       -0.257785

     C    2       -0.583760       -0.096223        0.180570
     C    2       -0.096223        0.472168       -0.133659
     C    2        0.180570       -0.133659        0.111592

     C    3       -0.045181       -0.621472       -0.017956
     C    3       -0.621472        0.321416       -0.519360
     C    3       -0.017956       -0.519360       -0.276234

     H    4        0.345158        0.310425        0.174641
     H    4        0.310425       -0.136683        0.463520
     H    4        0.174641        0.463520       -0.208475

     C    5       -0.242593       -0.130325        0.216810
     C    5       -0.130325        0.241978       -0.008813
     C    5        0.216810       -0.008813        0.000614

     H    6       -0.306629        0.184043       -0.297591
     H    6        0.184043        0.343841        0.351459
     H    6       -0.297591        0.351459       -0.037212

     H    7       -0.339419        0.098258       -0.283473
     H    7        0.098258        0.469294       -0.290200
     H    7       -0.283473       -0.290200       -0.129875

     C    8        0.416884       -0.492069        0.578155
     C    8       -0.492069       -0.664597        0.022455
     C    8        0.578155        0.022455        0.247714

     H    9        0.234810       -0.120568        0.211033
     H    9       -0.120568       -0.298182       -0.209177
     H    9        0.211033       -0.209177        0.063372

     C   10       -0.124808        0.109056       -0.150809
     C   10        0.109056        0.041061       -0.033238
     C   10       -0.150809       -0.033238        0.083747

     C   11        0.373957       -0.438786        0.149966
     C   11       -0.438786       -0.117111        0.077230
     C   11        0.149966        0.077230       -0.256846

     Cl  12        0.940801        1.979879       -1.406539
     Cl  12        1.979879       -0.588347        0.879088
     Cl  12       -1.406539        0.879088       -0.352454

     H   13       -0.257640        0.103548        0.374380
     H   13        0.103548        0.510543        0.289786
     H   13        0.374380        0.289786       -0.252904

     C   14        0.178347       -0.500525       -0.452070
     C   14       -0.500525       -0.320517       -0.153406
     C   14       -0.452070       -0.153406        0.142171

     H   15        0.473914        0.141629        0.563994
     H   15        0.141629        0.036846        0.101777
     H   15        0.563994        0.101777       -0.510760

     C   16       -0.062521        0.205278       -0.294090
     C   16        0.205278       -0.256788        0.254222
     C   16       -0.294090        0.254222        0.319309

     C   17        0.346488       -0.860032       -0.541405
     C   17       -0.860032       -0.273466       -0.112367
     C   17       -0.541405       -0.112367       -0.073021

     Cl  18        3.023039       -0.680508        0.131983
     Cl  18       -0.680508       -1.409557       -0.078684
     Cl  18        0.131983       -0.078684       -1.613482

     H   19       -0.052001       -0.188943        0.055938
     H   19       -0.188943        0.116774       -0.049661
     H   19        0.055938       -0.049661       -0.064773

     C   20       -0.577332       -0.447018       -0.208896
     C   20       -0.447018        0.710284       -0.290381
     C   20       -0.208896       -0.290381       -0.132952

     H   21        0.168914       -0.123368        0.141376
     H   21       -0.123368       -0.222291       -0.146365
     H   21        0.141376       -0.146365        0.053377

     C   22        0.206404       -0.489707        0.330569
     C   22       -0.489707       -0.111416        0.009628
     C   22        0.330569        0.009628       -0.094988

     C   23       -0.357180       -0.209740       -0.026097
     C   23       -0.209740        0.419186       -0.445759
     C   23       -0.026097       -0.445759       -0.062006

     Cl  24        0.281095        0.155931        1.165860
     Cl  24        0.155931        0.794569       -1.976965
     Cl  24        1.165860       -1.976965       -1.075664


     NQR/NMR SPECTROSCOPIC PARAMETERS:
     Cl   1    Vxx=    0.3769    axis=(  0.808880 -0.035255 -0.586915)
     Cl   1    Vyy=    1.6417    axis=(  0.332142 -0.796281  0.505586)
     Cl   1    Vzz=   -2.0186    axis=(  0.485174  0.603898  0.632387)
     Cl   1  Q=        -8.1650 1e-30 m^2  Cq=        38.7254 MHz  eta= 0.62658

     C    2    Vxx=    0.0948    axis=( -0.189472 -0.370372 -0.909354)
     C    2    Vyy=    0.5366    axis=( -0.135916  0.927107 -0.349283)
     C    2    Vzz=   -0.6314    axis=( -0.972434 -0.057417  0.226000)
     C    2  Q=         1.0000 1e-30 m^2  Cq=        -1.4836 MHz  eta= 0.69979

     C    3    Vxx=   -0.1537    axis=( -0.696393 -0.141915  0.703489)
     C    3    Vyy=   -0.7772    axis=(  0.513327  0.586539  0.626472)
     C    3    Vzz=    0.9309    axis=(  0.501530 -0.797391  0.335613)
     C    3  Q=         1.0000 1e-30 m^2  Cq=         2.1872 MHz  eta= 0.66980

     H    4    Vxx=   -0.0236    axis=(  0.671063 -0.478652 -0.566186)
     H    4    Vyy=   -0.6454    axis=( -0.095368  0.701598 -0.706162)
     H    4    Vzz=    0.6690    axis=(  0.735241  0.527875  0.425168)
     H    4  Q=         1.0000 1e-30 m^2  Cq=         1.5719 MHz  eta= 0.92943

     C    5    Vxx=    0.0960    axis=(  0.383719  0.393103  0.835602)
     C    5    Vyy=    0.2924    axis=( -0.330751  0.903343 -0.273086)
     C    5    Vzz=   -0.3884    axis=( -0.862185 -0.171588  0.476649)
     C    5  Q=         1.0000 1e-30 m^2  Cq=        -0.9126 MHz  eta= 0.50550

     H    6    Vxx=    0.0746    axis=(  0.676079  0.369763 -0.637332)
     H    6    Vyy=    0.5531    axis=( -0.008343 -0.861069 -0.508419)
     H    6    Vzz=   -0.6277    axis=(  0.736782 -0.349049  0.579066)
     H    6  Q=         1.0000 1e-30 m^2  Cq=        -1.4749 MHz  eta= 0.76243

     H    7    Vxx=   -0.0844    axis=( -0.576598  0.457193  0.677133)
     H    7    Vyy=   -0.5452    axis=(  0.789163  0.097051  0.606468)
     H    7    Vzz=    0.6296    axis=( -0.211557 -0.884056  0.416759)
     H    7  Q=         1.0000 1e-30 m^2  Cq=         1.4793 MHz  eta= 0.73180

     C    8    Vxx=   -0.0888    axis=( -0.466753  0.429018  0.773359)
     C    8    Vyy=   -0.9092    axis=(  0.424918  0.875699 -0.229336)
     C    8    Vzz=    0.9980    axis=( -0.775620  0.221571 -0.591033)
     C    8  Q=         1.0000 1e-30 m^2  Cq=         2.3449 MHz  eta= 0.82211

     H    9    Vxx=   -0.0475    axis=(  0.648562  0.278990 -0.708189)
     H    9    Vyy=   -0.3948    axis=(  0.041668  0.915997  0.399016)
     H    9    Vzz=    0.4423    axis=( -0.760020  0.288295 -0.582456)
     H    9  Q=         1.0000 1e-30 m^2  Cq=         1.0392 MHz  eta= 0.78525

     C   10    Vxx=    0.0238    axis=( -0.039780 -0.827893 -0.559474)
     C   10    Vyy=    0.2059    axis=( -0.489866 -0.471854  0.733066)
     C   10    Vzz=   -0.2298    axis=( -0.870890  0.303228 -0.386787)
     C   10  Q=         1.0000 1e-30 m^2  Cq=        -0.5398 MHz  eta= 0.79248

     C   11    Vxx=   -0.1685    axis=( -0.206794 -0.535492 -0.818831)
     C   11    Vyy=   -0.4721    axis=(  0.456620  0.687359 -0.564832)
     C   11    Vzz=    0.6405    axis=( -0.865294  0.490698 -0.102374)
     C   11  Q=         1.0000 1e-30 m^2  Cq=         1.5050 MHz  eta= 0.47398

     Cl  12    Vxx=    0.4010    axis=( -0.063091  0.589368  0.805397)
     Cl  12    Vyy=    2.4880    axis=(  0.842508  0.464043 -0.273576)
     Cl  12    Vzz=   -2.8890    axis=( -0.534976  0.661293 -0.525825)
     Cl  12  Q=        -8.1650 1e-30 m^2  Cq=        55.4248 MHz  eta= 0.72238

     H   13    Vxx=   -0.0198    axis=(  0.695488 -0.444325  0.564687)
     H   13    Vyy=   -0.6459    axis=(  0.671695  0.122925 -0.730558)
     H   13    Vzz=    0.6657    axis=(  0.255191  0.887392  0.383944)
     H   13  Q=         1.0000 1e-30 m^2  Cq=         1.5641 MHz  eta= 0.94044

     C   14    Vxx=    0.0948    axis=(  0.285789 -0.615621  0.734395)
     C   14    Vyy=    0.6936    axis=(  0.776959 -0.299740 -0.553615)
     C   14    Vzz=   -0.7884    axis=( -0.560945 -0.728812 -0.392650)
     C   14  Q=         1.0000 1e-30 m^2  Cq=        -1.8524 MHz  eta= 0.75940

     H   15    Vxx=   -0.0016    axis=(  0.224909 -0.972845  0.054668)
     H   15    Vyy=   -0.7686    axis=( -0.408855 -0.043297  0.911572)
     H   15    Vzz=    0.7702    axis=( -0.884451 -0.227372 -0.407490)
     H   15  Q=         1.0000 1e-30 m^2  Cq=         1.8096 MHz  eta= 0.99580

     C   16    Vxx=    0.0461    axis=(  0.735042  0.652578  0.183999)
     C   16    Vyy=    0.5038    axis=(  0.396153 -0.193116 -0.897646)
     C   16    Vzz=   -0.5499    axis=( -0.550251  0.732699 -0.400469)
     C   16  Q=         1.0000 1e-30 m^2  Cq=        -1.2920 MHz  eta= 0.83230

     C   17    Vxx=   -0.0280    axis=(  0.037178 -0.520733  0.852910)
     C   17    Vyy=   -1.0560    axis=(  0.586445  0.702444  0.403305)
     C   17    Vzz=    1.0840    axis=( -0.809136  0.485190  0.331497)
     C   17  Q=         1.0000 1e-30 m^2  Cq=         2.5470 MHz  eta= 0.94831

     Cl  18    Vxx=   -1.4860    axis=(  0.148069  0.902774 -0.403826)
     Cl  18    Vyy=   -1.6435    axis=(  0.032995  0.403591  0.914345)
     Cl  18    Vzz=    3.1294    axis=(  0.988427 -0.148710  0.029973)
     Cl  18  Q=        -8.1650 1e-30 m^2  Cq=       -60.0364 MHz  eta= 0.05032

     H   19    Vxx=   -0.0771    axis=(  0.045402  0.289131  0.956212)
     H   19    Vyy=   -0.1785    axis=( -0.840878 -0.505706  0.192836)
     H   19    Vzz=    0.2556    axis=(  0.539317 -0.812813  0.220164)
     H   19  Q=         1.0000 1e-30 m^2  Cq=         0.6005 MHz  eta= 0.39644

     C   20    Vxx=   -0.0592    axis=( -0.435121  0.085461  0.896307)
     C   20    Vyy=   -0.8381    axis=(  0.863358  0.322097  0.388414)
     C   20    Vzz=    0.8973    axis=( -0.255503  0.942841 -0.213935)
     C   20  Q=         1.0000 1e-30 m^2  Cq=         2.1083 MHz  eta= 0.86799

     H   21    Vxx=   -0.0324    axis=( -0.633863 -0.169840  0.754568)
     H   21    Vyy=   -0.2940    axis=(  0.146606  0.931523  0.332824)
     H   21    Vzz=    0.3264    axis=( -0.759424  0.321589 -0.565558)
     H   21  Q=         1.0000 1e-30 m^2  Cq=         0.7670 MHz  eta= 0.80125

     C   22    Vxx=   -0.0912    axis=( -0.006663  0.556695  0.830690)
     C   22    Vyy=   -0.5667    axis=(  0.607178  0.662297 -0.438974)
     C   22    Vzz=    0.6579    axis=(  0.794538 -0.501452  0.342426)
     C   22  Q=         1.0000 1e-30 m^2  Cq=         1.5459 MHz  eta= 0.72281

     C   23    Vxx=   -0.2246    axis=( -0.618751  0.300889  0.725681)
     C   23    Vyy=   -0.4870    axis=(  0.769852  0.416203  0.483843)
     C   23    Vzz=    0.7116    axis=( -0.156448  0.858045 -0.489166)
     C   23  Q=         1.0000 1e-30 m^2  Cq=         1.6719 MHz  eta= 0.36876

     Cl  24    Vxx=    0.5227    axis=(  0.896306  0.424249  0.129029)
     Cl  24    Vyy=    2.1923    axis=(  0.283719 -0.772282  0.568405)
     Cl  24    Vzz=   -2.7151    axis=(  0.340792 -0.472856 -0.812568)
     Cl  24  Q=        -8.1650 1e-30 m^2  Cq=        52.0874 MHz  eta= 0.61494

     Initialization:
     gipaw_setup  :      9.09s CPU     11.05s WALL (       1 calls)

     Linear response

     Apply operators

     Induced current

     Other routines
     efg          :      9.25s CPU     11.45s WALL (       1 calls)

     General routines
     calbec       :      3.20s CPU      4.15s WALL (      16 calls)
     fft          :      1.43s CPU      1.87s WALL (      15 calls)
     ffts         :      0.04s CPU      0.04s WALL (       2 calls)
     fftw         :      3.28s CPU      3.95s WALL (     672 calls)
     davcio       :      0.03s CPU      0.36s WALL (      32 calls)

     Parallel routines
     fft_scatter  :      2.10s CPU      3.00s WALL (     689 calls)

     Plugins

     GIPAW        :     61.05s CPU     71.53s WALL (       1 calls)
