
     Program QE v.6.0 (svn rev. 13079) starts on 17Jan2017 at  6:11:33 

     This program is part of the open-source Quantum ESPRESSO suite
     for quantum simulation of materials; please cite
         "P. Giannozzi et al., J. Phys.:Condens. Matter 21 395502 (2009);
          URL http://www.quantum-espresso.org", 
     in publications or presentations arising from this work. More details at
     http://www.quantum-espresso.org/quote

     Parallel version (MPI), running on     8 processors
     R & G space division:  proc/nbgrp/npool/nimage =       8

     ***** This is GIPAW svn revision unknown      *****

     Parallelizing q-star over 1 images

     Reading data from directory:
     /users/majewski/paradichlorobenzene/pbe/9_constraint/scratch/pbe.ecut100.np8.dt60.pcl2phi-129368.save
     Message from routine read_xml_file:
     file /users/majewski/paradichlorobenzene/pbe/9_constraint/scratch/pbe.ecut100.np8.dt60.pcl2phi-129368.save not guaranteed to be safe for post-processing

   Info: using nr1, nr2, nr3 values from input

   Info: using nr1, nr2, nr3 values from input

     IMPORTANT: XC functional enforced from input :
     Exchange-correlation      =  SLA  PW   PBX  PBC ( 1  4  3  4 0 0)
     Any further DFT definition will be discarded
     Please, verify this is what you really want

               file C.pbe-n-kjpaw_psl.1.0.0.UPF: wavefunction(s)  2S 2P renormalized
               file Cl.pbe-n-kjpaw_psl.1.0.0.UPF: wavefunction(s)  3S 3P renormalized
               file H.pbe-kjpaw_psl.1.0.0.UPF: wavefunction(s)  1S renormalized

     Parallelization info
     --------------------
     sticks:   dense  smooth     PW     G-vecs:    dense   smooth      PW
     Min        3057    1223    332               144436    36536    5170
     Max        3059    1225    333               144437    36537    5171
     Sum       24467    9791   2657              1155489   292295   41363


     Subspace diagonalization in iterative solution of the eigenvalue problem:
     a serial algorithm will be used

     GIPAW projectors -----------------------------------------------
     atom=  C    l=0  rc=    1.2000  rs=    0.8000
     atom=  C    l=0  rc=    1.2000  rs=    0.8000
     atom=  C    l=1  rc=    1.4000  rs=    0.9333
     atom=  C    l=1  rc=    1.4000  rs=    0.9333
     projs nearly linearly dependent: l=1  n1,n2= 1, 2  s=  0.99951561

     atom=  Cl   l=0  rc=    1.6000  rs=    1.0667
     atom=  Cl   l=0  rc=    1.6000  rs=    1.0667
     atom=  Cl   l=1  rc=    1.6000  rs=    1.0667
     atom=  Cl   l=1  rc=    1.6000  rs=    1.0667
     atom=  Cl   l=2  rc=    1.6000  rs=    1.0667
     atom=  Cl   l=2  rc=    1.6000  rs=    1.0667
     projs nearly linearly dependent: l=2  n1,n2= 1, 2  s=  0.99993509

     atom=  H    l=0  rc=    1.0000  rs=    0.6667
     atom=  H    l=0  rc=    1.0000  rs=    0.6667
     projs nearly linearly dependent: l=0  n1,n2= 1, 2  s=  0.99968852
     -----------------------------------------------------------------

     GIPAW integrals: -------------------------------------------
     Atom  i/j   nmr_para   nmr_dia   epr_rmc  epr_para   epr_dia
       C   1 1   0.83E+03  0.17E-01  0.93E+01  0.24E+08  0.24E+03
       C   2 1   0.86E+03 -0.61E-01  0.94E+01  0.25E+08  0.25E+03
       C   2 2   0.90E+03 -0.15E+00  0.97E+01  0.26E+08  0.26E+03
       C   3 3   0.33E+01  0.34E+00  0.18E+01  0.55E+03  0.21E+02
       C   4 3   0.35E+01  0.37E+00  0.20E+01  0.59E+03  0.22E+02
       C   4 4   0.38E+01  0.39E+00  0.22E+01  0.63E+03  0.24E+02
       Cl  1 1   0.14E+04 -0.47E+00  0.84E+01  0.32E+09  0.42E+03
       Cl  2 1   0.21E+04 -0.37E+00  0.12E+02  0.49E+09  0.65E+03
       Cl  2 2   0.33E+04 -0.16E+00  0.21E+02  0.76E+09  0.10E+04
       Cl  3 3   0.21E+02  0.79E-01  0.89E+01  0.23E+05  0.13E+03
       Cl  4 3   0.24E+02  0.67E-01  0.99E+01  0.27E+05  0.15E+03
       Cl  4 4   0.28E+02  0.44E-01  0.11E+02  0.32E+05  0.18E+03
       Cl  5 5   0.77E+00  0.19E+00  0.18E+01  0.12E+03  0.22E+02
       Cl  6 5   0.80E+00  0.19E+00  0.19E+01  0.12E+03  0.23E+02
       Cl  6 6   0.83E+00  0.20E+00  0.19E+01  0.12E+03  0.23E+02
       H   1 1   0.39E+02  0.19E+00  0.29E+00  0.78E+05  0.13E+02
       H   2 1   0.41E+02  0.21E+00  0.32E+00  0.82E+05  0.14E+02
       H   2 2   0.43E+02  0.22E+00  0.36E+00  0.86E+05  0.15E+02
     ------------------------------------------------------------

     alpha_pv=     34.0181 eV

     Number of occupied bands for each k-point:
     k-point:     1    nbnd_occ=  42
     k-point:     2    nbnd_occ=  42
     k-point:     3    nbnd_occ=  42
     k-point:     4    nbnd_occ=  42
     k-point:     5    nbnd_occ=  42
     k-point:     6    nbnd_occ=  42
     k-point:     7    nbnd_occ=  42
     k-point:     8    nbnd_occ=  42
     k-point:     9    nbnd_occ=  42
     k-point:    10    nbnd_occ=  42
     k-point:    11    nbnd_occ=  42
     k-point:    12    nbnd_occ=  42
     k-point:    13    nbnd_occ=  42
     k-point:    14    nbnd_occ=  42
     k-point:    15    nbnd_occ=  42
     k-point:    16    nbnd_occ=  42


     q-space interpolation up to   110.00 Rydberg

     GIPAW job: efg                                                                             


     ELECTRIC FIELD GRADIENTS TENSORS IN Hartree/bohrradius^2:

     ----- bare term -----
     Cl   1       -0.128609        0.304270       -0.023198
     Cl   1        0.304270       -0.214593       -0.134955
     Cl   1       -0.023198       -0.134955        0.343202

     C    2        0.166165       -0.013909       -0.235295
     C    2       -0.013909       -0.135032       -0.606627
     C    2       -0.235295       -0.606627       -0.031133

     C    3       -0.497770        0.190550       -0.053923
     C    3        0.190550       -0.033416        0.010762
     C    3       -0.053923        0.010762        0.531186

     H    4       -0.068539       -0.381359       -0.092863
     H    4       -0.381359       -0.320451        0.058043
     H    4       -0.092863        0.058043        0.388990

     C    5       -0.044099       -0.217756       -0.370296
     C    5       -0.217756       -0.029761       -0.444450
     C    5       -0.370296       -0.444450        0.073860

     H    6        0.421953       -0.135606        0.003823
     H    6       -0.135606       -0.734834        0.105411
     H    6        0.003823        0.105411        0.312881

     H    7        0.342765        0.096933        0.272970
     H    7        0.096933       -0.086159        0.333937
     H    7        0.272970        0.333937       -0.256605

     C    8       -0.730646       -0.368442       -0.374256
     C    8       -0.368442        0.440874        0.101756
     C    8       -0.374256        0.101756        0.289773

     H    9        0.159674        0.023361       -0.357763
     H    9        0.023361        0.200820       -0.278375
     H    9       -0.357763       -0.278375       -0.360494

     C   10        0.209626       -0.186251       -0.017642
     C   10       -0.186251       -0.148875        0.414975
     C   10       -0.017642        0.414975       -0.060751

     C   11       -0.437015       -0.367841       -0.412412
     C   11       -0.367841        0.206021        0.275443
     C   11       -0.412412        0.275443        0.230995

     Cl  12       -0.023444       -0.055816       -0.090615
     Cl  12       -0.055816        0.023576        0.084120
     Cl  12       -0.090615        0.084120       -0.000132

     H   13        0.385545       -0.052402       -0.085930
     H   13       -0.052402       -0.564083       -0.678686
     H   13       -0.085930       -0.678686        0.178539

     C   14       -0.940064        0.384696       -0.420954
     C   14        0.384696        0.510511       -0.027417
     C   14       -0.420954       -0.027417        0.429553

     H   15       -0.517816       -0.076021       -0.409663
     H   15       -0.076021        0.292032       -0.204332
     H   15       -0.409663       -0.204332        0.225785

     C   16        0.017244       -0.050832       -0.271215
     C   16       -0.050832       -0.169281       -0.540187
     C   16       -0.271215       -0.540187        0.152037

     C   17       -0.507338        0.337862       -0.280841
     C   17        0.337862        0.102910       -0.205295
     C   17       -0.280841       -0.205295        0.404427

     Cl  18        0.085703       -0.156746       -0.057130
     Cl  18       -0.156746        0.009554        0.023537
     Cl  18       -0.057130        0.023537       -0.095257

     H   19        0.442029       -0.050088        0.036663
     H   19       -0.050088       -0.567990        0.573883
     H   19        0.036663        0.573883        0.125961

     C   20       -0.103059        0.048727       -0.276237
     C   20        0.048727        0.029453        0.447668
     C   20       -0.276237        0.447668        0.073605

     H   21       -0.030924        0.306180       -0.390323
     H   21        0.306180       -0.164591        0.430446
     H   21       -0.390323        0.430446        0.195515

     C   22       -0.767791       -0.336452       -0.295910
     C   22       -0.336452        0.344251        0.080490
     C   22       -0.295910        0.080490        0.423540

     C   23        0.101477       -0.103777       -0.138541
     C   23       -0.103777       -0.081897        0.573916
     C   23       -0.138541        0.573916       -0.019581

     Cl  24       -0.170939       -0.265329        0.005214
     Cl  24       -0.265329        0.071435       -0.020400
     Cl  24        0.005214       -0.020400        0.099504

     ----- ionic term -----
     Cl   1        0.175663       -0.192543        0.041395
     Cl   1       -0.192543       -0.005123       -0.018276
     Cl   1        0.041395       -0.018276       -0.170540

     C    2        0.277767       -0.115062        0.291577
     C    2       -0.115062        0.154601        0.344553
     C    2        0.291577        0.344553       -0.432367

     C    3        0.256888       -0.147712        0.127390
     C    3       -0.147712        0.208178        0.344587
     C    3        0.127390        0.344587       -0.465067

     H    4        0.672651        0.501079        0.473576
     H    4        0.501079       -0.248829        0.243398
     H    4        0.473576        0.243398       -0.423822

     C    5        0.385692       -0.051856        0.203652
     C    5       -0.051856        0.077915        0.270646
     C    5        0.203652        0.270646       -0.463607

     H    6       -0.464920        0.235950        0.080455
     H    6        0.235950        0.895642        0.475562
     H    6        0.080455        0.475562       -0.430721

     H    7       -0.520416        0.062674       -0.028091
     H    7        0.062674        0.524440       -0.764480
     H    7       -0.028091       -0.764480       -0.004024

     C    8        0.210934        0.232520        0.314267
     C    8        0.232520        0.036918       -0.293957
     C    8        0.314267       -0.293957       -0.247852

     H    9        0.311911       -0.197350        0.795517
     H    9       -0.197350       -0.443862       -0.261368
     H    9        0.795517       -0.261368        0.131951

     C   10        0.021682        0.292443        0.255034
     C   10        0.292443        0.165482       -0.418376
     C   10        0.255034       -0.418376       -0.187164

     C   11        0.101825        0.220274        0.326071
     C   11        0.220274        0.084301       -0.469048
     C   11        0.326071       -0.469048       -0.186126

     Cl  12        0.159619        0.245429        0.027158
     Cl  12        0.245429       -0.011188        0.008206
     Cl  12        0.027158        0.008206       -0.148431

     H   13       -0.516589       -0.022759        0.004286
     H   13       -0.022759        0.752966        0.644803
     H   13        0.004286        0.644803       -0.236377

     C   14        0.334744       -0.140789        0.240474
     C   14       -0.140789        0.062726        0.306767
     C   14        0.240474        0.306767       -0.397471

     H   15        0.486332        0.445561        0.626592
     H   15        0.445561       -0.298022        0.340237
     H   15        0.626592        0.340237       -0.188310

     C   16        0.136051       -0.210117        0.152590
     C   16       -0.210117        0.217575        0.449650
     C   16        0.152590        0.449650       -0.353626

     C   17        0.210317       -0.135668        0.174251
     C   17       -0.135668        0.174552        0.447255
     C   17        0.174251        0.447255       -0.384869

     Cl  18        0.173021       -0.232316        0.003639
     Cl  18       -0.232316       -0.025129       -0.000965
     Cl  18        0.003639       -0.000965       -0.147892

     H   19       -0.531395        0.006780        0.015650
     H   19        0.006780        0.502528       -0.776425
     H   19        0.015650       -0.776425        0.028866

     C   20        0.236211        0.237408        0.314608
     C   20        0.237408       -0.015685       -0.329011
     C   20        0.314608       -0.329011       -0.220526

     H   21        0.556692       -0.264616        0.700992
     H   21       -0.264616       -0.473193       -0.250202
     H   21        0.700992       -0.250202       -0.083498

     C   22        0.169932        0.307837        0.200305
     C   22        0.307837        0.128216       -0.385119
     C   22        0.200305       -0.385119       -0.298148

     C   23        0.167857        0.207887        0.286896
     C   23        0.207887        0.078948       -0.411232
     C   23        0.286896       -0.411232       -0.246805

     Cl  24        0.138213        0.189638        0.013145
     Cl  24        0.189638        0.016132        0.002974
     Cl  24        0.013145        0.002974       -0.154345

     ----- GIPAW term -----
     Cl   1       -1.031268        0.290679        0.086047
     Cl   1        0.290679        1.857391        1.014048
     Cl   1        0.086047        1.014048       -0.826123

     C    2       -0.041883       -0.019206       -0.017331
     C    2       -0.019206        0.196008        0.021974
     C    2       -0.017331        0.021974       -0.154125

     C    3       -0.057732       -0.036216        0.006232
     C    3       -0.036216        0.051205        0.006466
     C    3        0.006232        0.006466        0.006527

     H    4       -0.000000        0.000000        0.000000
     H    4        0.000000        0.000000        0.000000
     H    4        0.000000        0.000000        0.000000

     C    5       -0.046565       -0.106186       -0.028918
     C    5       -0.106186        0.159584       -0.092694
     C    5       -0.028918       -0.092694       -0.113019

     H    6       -0.000000        0.000000        0.000000
     H    6        0.000000        0.000000        0.000000
     H    6        0.000000        0.000000        0.000000

     H    7       -0.000000        0.000000        0.000000
     H    7        0.000000        0.000000        0.000000
     H    7        0.000000        0.000000        0.000000

     C    8       -0.151288       -0.117251       -0.042068
     C    8       -0.117251        0.224062        0.021702
     C    8       -0.042068        0.021702       -0.072775

     H    9       -0.000000        0.000000        0.000000
     H    9        0.000000        0.000000        0.000000
     H    9        0.000000        0.000000        0.000000

     C   10       -0.026671       -0.050541       -0.004072
     C   10       -0.050541        0.102409        0.067106
     C   10       -0.004072        0.067106       -0.075739

     C   11       -0.102217       -0.079743       -0.085350
     C   11       -0.079743        0.202226        0.129145
     C   11       -0.085350        0.129145       -0.100008

     Cl  12       -0.081090        0.662178       -0.893919
     Cl  12        0.662178        1.319166        2.027559
     Cl  12       -0.893919        2.027559       -1.238076

     H   13       -0.000000        0.000000        0.000000
     H   13        0.000000        0.000000        0.000000
     H   13        0.000000        0.000000        0.000000

     C   14       -0.244108        0.032772       -0.042951
     C   14        0.032772        0.297468        0.124643
     C   14       -0.042951        0.124643       -0.053360

     H   15       -0.000000        0.000000        0.000000
     H   15        0.000000        0.000000        0.000000
     H   15        0.000000        0.000000        0.000000

     C   16       -0.099784       -0.125929       -0.071893
     C   16       -0.125929        0.189811        0.061623
     C   16       -0.071893        0.061623       -0.090027

     C   17       -0.018569       -0.197989       -0.068000
     C   17       -0.197989        0.132272        0.036746
     C   17       -0.068000        0.036746       -0.113703

     Cl  18        2.193039       -3.473194       -0.610920
     Cl  18       -3.473194        0.070900        0.285940
     Cl  18       -0.610920        0.285940       -2.263939

     H   19       -0.000000        0.000000        0.000000
     H   19        0.000000        0.000000        0.000000
     H   19        0.000000        0.000000        0.000000

     C   20       -0.111832        0.046608       -0.033380
     C   20        0.046608        0.259482        0.020180
     C   20       -0.033380        0.020180       -0.147650

     H   21       -0.000000        0.000000        0.000000
     H   21        0.000000        0.000000        0.000000
     H   21        0.000000        0.000000        0.000000

     C   22       -0.221407        0.017801       -0.051830
     C   22        0.017801        0.283939       -0.074534
     C   22       -0.051830       -0.074534       -0.062532

     C   23       -0.045471       -0.031877        0.011920
     C   23       -0.031877        0.231059       -0.033266
     C   23        0.011920       -0.033266       -0.185588

     Cl  24       -0.512861       -0.607899        0.227216
     Cl  24       -0.607899        2.455017       -0.862671
     Cl  24        0.227216       -0.862671       -1.942157

     ----- total EFG -----
     Cl   1       -0.984215        0.402406        0.104245
     Cl   1        0.402406        1.637675        0.860816
     Cl   1        0.104245        0.860816       -0.653460

     C    2        0.402049       -0.148177        0.038950
     C    2       -0.148177        0.215576       -0.240100
     C    2        0.038950       -0.240100       -0.617626

     C    3       -0.298614        0.006622        0.079699
     C    3        0.006622        0.225967        0.361815
     C    3        0.079699        0.361815        0.072647

     H    4        0.604112        0.119720        0.380713
     H    4        0.119720       -0.569281        0.301441
     H    4        0.380713        0.301441       -0.034831

     C    5        0.295029       -0.375797       -0.195562
     C    5       -0.375797        0.207737       -0.266498
     C    5       -0.195562       -0.266498       -0.502766

     H    6       -0.042968        0.100345        0.084277
     H    6        0.100345        0.160808        0.580973
     H    6        0.084277        0.580973       -0.117840

     H    7       -0.177651        0.159606        0.244879
     H    7        0.159606        0.438281       -0.430544
     H    7        0.244879       -0.430544       -0.260629

     C    8       -0.671000       -0.253173       -0.102057
     C    8       -0.253173        0.701854       -0.170499
     C    8       -0.102057       -0.170499       -0.030854

     H    9        0.471585       -0.173989        0.437754
     H    9       -0.173989       -0.243041       -0.539743
     H    9        0.437754       -0.539743       -0.228544

     C   10        0.204638        0.055651        0.233321
     C   10        0.055651        0.119016        0.063705
     C   10        0.233321        0.063705       -0.323654

     C   11       -0.437407       -0.227311       -0.171691
     C   11       -0.227311        0.492547       -0.064460
     C   11       -0.171691       -0.064460       -0.055140

     Cl  12        0.055085        0.851791       -0.957376
     Cl  12        0.851791        1.331554        2.119885
     Cl  12       -0.957376        2.119885       -1.386639

     H   13       -0.131044       -0.075162       -0.081644
     H   13       -0.075162        0.188883       -0.033883
     H   13       -0.081644       -0.033883       -0.057838

     C   14       -0.849428        0.276679       -0.223430
     C   14        0.276679        0.870705        0.403994
     C   14       -0.223430        0.403994       -0.021278

     H   15       -0.031484        0.369540        0.216929
     H   15        0.369540       -0.005990        0.135905
     H   15        0.216929        0.135905        0.037475

     C   16        0.053511       -0.386877       -0.190518
     C   16       -0.386877        0.238105       -0.028914
     C   16       -0.190518       -0.028914       -0.291616

     C   17       -0.315589        0.004206       -0.174589
     C   17        0.004206        0.409734        0.278707
     C   17       -0.174589        0.278707       -0.094145

     Cl  18        2.451763       -3.862256       -0.664411
     Cl  18       -3.862256        0.055325        0.308511
     Cl  18       -0.664411        0.308511       -2.507088

     H   19       -0.089366       -0.043308        0.052314
     H   19       -0.043308       -0.065462       -0.202542
     H   19        0.052314       -0.202542        0.154827

     C   20        0.021321        0.332742        0.004991
     C   20        0.332742        0.273251        0.138837
     C   20        0.004991        0.138837       -0.294571

     H   21        0.525768        0.041564        0.310669
     H   21        0.041564       -0.637785        0.180244
     H   21        0.310669        0.180244        0.112016

     C   22       -0.819265       -0.010813       -0.147435
     C   22       -0.010813        0.756405       -0.379163
     C   22       -0.147435       -0.379163        0.062860

     C   23        0.223864        0.072233        0.160275
     C   23        0.072233        0.228111        0.129418
     C   23        0.160275        0.129418       -0.451974

     Cl  24       -0.545587       -0.683591        0.245574
     Cl  24       -0.683591        2.542584       -0.880096
     Cl  24        0.245574       -0.880096       -1.996997

     ----- total EFG (symmetrized) -----
     Cl   1       -0.984215        0.402406        0.104245
     Cl   1        0.402406        1.637675        0.860816
     Cl   1        0.104245        0.860816       -0.653460

     C    2        0.402049       -0.148177        0.038950
     C    2       -0.148177        0.215576       -0.240100
     C    2        0.038950       -0.240100       -0.617626

     C    3       -0.298614        0.006622        0.079699
     C    3        0.006622        0.225967        0.361815
     C    3        0.079699        0.361815        0.072647

     H    4        0.604112        0.119720        0.380713
     H    4        0.119720       -0.569281        0.301441
     H    4        0.380713        0.301441       -0.034831

     C    5        0.295029       -0.375797       -0.195562
     C    5       -0.375797        0.207737       -0.266498
     C    5       -0.195562       -0.266498       -0.502766

     H    6       -0.042968        0.100345        0.084277
     H    6        0.100345        0.160808        0.580973
     H    6        0.084277        0.580973       -0.117840

     H    7       -0.177651        0.159606        0.244879
     H    7        0.159606        0.438281       -0.430544
     H    7        0.244879       -0.430544       -0.260629

     C    8       -0.671000       -0.253173       -0.102057
     C    8       -0.253173        0.701854       -0.170499
     C    8       -0.102057       -0.170499       -0.030854

     H    9        0.471585       -0.173989        0.437754
     H    9       -0.173989       -0.243041       -0.539743
     H    9        0.437754       -0.539743       -0.228544

     C   10        0.204638        0.055651        0.233321
     C   10        0.055651        0.119016        0.063705
     C   10        0.233321        0.063705       -0.323654

     C   11       -0.437407       -0.227311       -0.171691
     C   11       -0.227311        0.492547       -0.064460
     C   11       -0.171691       -0.064460       -0.055140

     Cl  12        0.055085        0.851791       -0.957376
     Cl  12        0.851791        1.331554        2.119885
     Cl  12       -0.957376        2.119885       -1.386639

     H   13       -0.131044       -0.075162       -0.081644
     H   13       -0.075162        0.188883       -0.033883
     H   13       -0.081644       -0.033883       -0.057838

     C   14       -0.849428        0.276679       -0.223430
     C   14        0.276679        0.870705        0.403994
     C   14       -0.223430        0.403994       -0.021278

     H   15       -0.031484        0.369540        0.216929
     H   15        0.369540       -0.005990        0.135905
     H   15        0.216929        0.135905        0.037475

     C   16        0.053511       -0.386877       -0.190518
     C   16       -0.386877        0.238105       -0.028914
     C   16       -0.190518       -0.028914       -0.291616

     C   17       -0.315589        0.004206       -0.174589
     C   17        0.004206        0.409734        0.278707
     C   17       -0.174589        0.278707       -0.094145

     Cl  18        2.451763       -3.862256       -0.664411
     Cl  18       -3.862256        0.055325        0.308511
     Cl  18       -0.664411        0.308511       -2.507088

     H   19       -0.089366       -0.043308        0.052314
     H   19       -0.043308       -0.065462       -0.202542
     H   19        0.052314       -0.202542        0.154827

     C   20        0.021321        0.332742        0.004991
     C   20        0.332742        0.273251        0.138837
     C   20        0.004991        0.138837       -0.294571

     H   21        0.525768        0.041564        0.310669
     H   21        0.041564       -0.637785        0.180244
     H   21        0.310669        0.180244        0.112016

     C   22       -0.819265       -0.010813       -0.147435
     C   22       -0.010813        0.756405       -0.379163
     C   22       -0.147435       -0.379163        0.062860

     C   23        0.223864        0.072233        0.160275
     C   23        0.072233        0.228111        0.129418
     C   23        0.160275        0.129418       -0.451974

     Cl  24       -0.545587       -0.683591        0.245574
     Cl  24       -0.683591        2.542584       -0.880096
     Cl  24        0.245574       -0.880096       -1.996997


     NQR/NMR SPECTROSCOPIC PARAMETERS:
     Cl   1    Vxx=   -0.9335    axis=( -0.249139 -0.272179  0.929434)
     Cl   1    Vyy=   -1.0495    axis=(  0.958523 -0.206475  0.196472)
     Cl   1    Vzz=    1.9830    axis=(  0.138430  0.939833  0.312331)
     Cl   1  Q=        -8.1650 1e-30 m^2  Cq=       -38.0432 MHz  eta= 0.05852

     C    2    Vxx=    0.1760    axis=(  0.561014  0.799568 -0.214369)
     C    2    Vyy=    0.5059    axis=(  0.827806 -0.542074  0.144543)
     C    2    Vzz=   -0.6819    axis=(  0.000632  0.258547  0.965999)
     C    2  Q=         1.0000 1e-30 m^2  Cq=        -1.6021 MHz  eta= 0.48382

     C    3    Vxx=   -0.1908    axis=( -0.457592  0.587046 -0.667822)
     C    3    Vyy=   -0.3321    axis=( -0.886592 -0.244177  0.392851)
     C    3    Vzz=    0.5229    axis=(  0.067555  0.771852  0.632203)
     C    3  Q=         1.0000 1e-30 m^2  Cq=         1.2286 MHz  eta= 0.27024

     H    4    Vxx=   -0.1162    axis=( -0.479800  0.394558  0.783655)
     H    4    Vyy=   -0.7069    axis=(  0.042062  0.902496 -0.428640)
     H    4    Vzz=    0.8230    axis=( -0.876369 -0.172700 -0.449614)
     H    4  Q=         1.0000 1e-30 m^2  Cq=         1.9338 MHz  eta= 0.71773

     C    5    Vxx=    0.0637    axis=(  0.595904  0.627600 -0.501015)
     C    5    Vyy=    0.6307    axis=( -0.737249  0.674887 -0.031477)
     C    5    Vzz=   -0.6944    axis=(  0.318374  0.388130  0.864866)
     C    5  Q=         1.0000 1e-30 m^2  Cq=        -1.6315 MHz  eta= 0.81662

     H    6    Vxx=   -0.0679    axis=(  0.982269 -0.151930 -0.109843)
     H    6    Vyy=   -0.5760    axis=(  0.007799  0.618503 -0.785744)
     H    6    Vzz=    0.6439    axis=(  0.187316  0.770955  0.608721)
     H    6  Q=         1.0000 1e-30 m^2  Cq=         1.5129 MHz  eta= 0.78906

     H    7    Vxx=    0.0002    axis=(  0.848073  0.180595  0.498154)
     H    7    Vyy=    0.6454    axis=( -0.051833 -0.907344  0.417180)
     H    7    Vzz=   -0.6455    axis=(  0.527338 -0.379620 -0.760134)
     H    7  Q=         1.0000 1e-30 m^2  Cq=        -1.5167 MHz  eta= 0.99945

     C    8    Vxx=   -0.0346    axis=( -0.214374  0.149753  0.965203)
     C    8    Vyy=   -0.7407    axis=(  0.964095  0.191009  0.184492)
     C    8    Vzz=    0.7753    axis=( -0.156734  0.970098 -0.185324)
     C    8  Q=         1.0000 1e-30 m^2  Cq=         1.8217 MHz  eta= 0.91064

     H    9    Vxx=   -0.0361    axis=(  0.609893  0.654134 -0.447369)
     H    9    Vyy=   -0.8060    axis=( -0.163136  0.656056  0.736870)
     H    9    Vzz=    0.8421    axis=(  0.775511 -0.376430  0.506837)
     H    9  Q=         1.0000 1e-30 m^2  Cq=         1.9787 MHz  eta= 0.91420

     C   10    Vxx=    0.0942    axis=(  0.353777 -0.933700  0.055197)
     C   10    Vyy=    0.3208    axis=(  0.869201  0.349987  0.349283)
     C   10    Vzz=   -0.4150    axis=( -0.345444 -0.075591  0.935390)
     C   10  Q=         1.0000 1e-30 m^2  Cq=        -0.9750 MHz  eta= 0.54616

     C   11    Vxx=    0.0099    axis=( -0.342221 -0.035774  0.938938)
     C   11    Vyy=    0.5462    axis=( -0.217959  0.975041 -0.042292)
     C   11    Vzz=   -0.5560    axis=( -0.913990 -0.219123 -0.341477)
     C   11  Q=         1.0000 1e-30 m^2  Cq=        -1.3065 MHz  eta= 0.96442

     Cl  12    Vxx=    0.5213    axis=(  0.917797  0.061446 -0.392266)
     Cl  12    Vyy=    2.5289    axis=(  0.131743  0.884855  0.446850)
     Cl  12    Vzz=   -3.0502    axis=(  0.374556 -0.461796  0.804023)
     Cl  12  Q=        -8.1650 1e-30 m^2  Cq=        58.5167 MHz  eta= 0.65819

     H   13    Vxx=   -0.0056    axis=( -0.522099 -0.053467  0.851207)
     H   13    Vyy=   -0.2010    axis=(  0.828528  0.205014  0.521067)
     H   13    Vzz=    0.2066    axis=( -0.202369  0.977298 -0.062739)
     H   13  Q=         1.0000 1e-30 m^2  Cq=         0.4855 MHz  eta= 0.94548

     C   14    Vxx=   -0.0610    axis=( -0.351995 -0.282414  0.892380)
     C   14    Vyy=   -0.9829    axis=( -0.930919  0.204856 -0.302365)
     C   14    Vzz=    1.0439    axis=( -0.097418 -0.937164 -0.335013)
     C   14  Q=         1.0000 1e-30 m^2  Cq=         2.4527 MHz  eta= 0.88313

     H   15    Vxx=   -0.0899    axis=( -0.208590 -0.470395  0.857449)
     H   15    Vyy=   -0.3992    axis=( -0.746772  0.642738  0.170939)
     H   15    Vzz=    0.4891    axis=( -0.631524 -0.604662 -0.485346)
     H   15  Q=         1.0000 1e-30 m^2  Cq=         1.1491 MHz  eta= 0.63254

     C   16    Vxx=   -0.1092    axis=( -0.536111 -0.543493  0.645911)
     C   16    Vyy=   -0.4456    axis=( -0.557059 -0.347124 -0.754447)
     C   16    Vzz=    0.5547    axis=( -0.634248  0.764278  0.116660)
     C   16  Q=         1.0000 1e-30 m^2  Cq=         1.3034 MHz  eta= 0.60647

     C   17    Vxx=   -0.1007    axis=(  0.586696  0.384345 -0.712788)
     C   17    Vyy=   -0.4382    axis=( -0.805704  0.188547 -0.561508)
     C   17    Vzz=    0.5390    axis=(  0.081419 -0.903731 -0.420288)
     C   17  Q=         1.0000 1e-30 m^2  Cq=         1.2664 MHz  eta= 0.62624

     Cl  18    Vxx=   -2.5000    axis=(  0.199214  0.408635 -0.890692)
     Cl  18    Vyy=   -2.8629    axis=(  0.562111  0.696865  0.445433)
     Cl  18    Vzz=    5.3629    axis=( -0.802711  0.589404  0.090873)
     Cl  18  Q=        -8.1650 1e-30 m^2  Cq=      -102.8846 MHz  eta= 0.06766

     H   19    Vxx=   -0.1001    axis=(  0.977334 -0.013466 -0.211275)
     H   19    Vyy=   -0.1871    axis=(  0.118362  0.862182  0.492577)
     H   19    Vzz=    0.2872    axis=(  0.175525 -0.506419  0.844234)
     H   19  Q=         1.0000 1e-30 m^2  Cq=         0.6748 MHz  eta= 0.30308

     C   20    Vxx=   -0.1699    axis=(  0.774134 -0.438080 -0.456950)
     C   20    Vyy=   -0.3501    axis=( -0.312984  0.362566 -0.877831)
     C   20    Vzz=    0.5201    axis=(  0.550235  0.822576  0.143562)
     C   20  Q=         1.0000 1e-30 m^2  Cq=         1.2219 MHz  eta= 0.34652

     H   21    Vxx=   -0.0238    axis=( -0.492919  0.214192  0.843299)
     H   21    Vyy=   -0.6796    axis=(  0.026182  0.972438 -0.231688)
     H   21    Vzz=    0.7034    axis=( -0.869681 -0.092124 -0.484941)
     H   21  Q=         1.0000 1e-30 m^2  Cq=         1.6527 MHz  eta= 0.93235

     C   22    Vxx=   -0.0781    axis=( -0.184094  0.404611  0.895768)
     C   22    Vyy=   -0.8468    axis=(  0.982489  0.049133  0.179724)
     C   22    Vzz=    0.9249    axis=(  0.028707  0.913168 -0.406571)
     C   22  Q=         1.0000 1e-30 m^2  Cq=         2.1731 MHz  eta= 0.83110

     C   23    Vxx=    0.1544    axis=(  0.689216 -0.724029  0.027641)
     C   23    Vyy=    0.3506    axis=(  0.696991  0.672935  0.247714)
     C   23    Vzz=   -0.5050    axis=( -0.197953 -0.151462  0.968439)
     C   23  Q=         1.0000 1e-30 m^2  Cq=        -1.1865 MHz  eta= 0.38845

     Cl  24    Vxx=   -0.6880    axis=(  0.975542  0.216610  0.037379)
     Cl  24    Vyy=   -2.1705    axis=(  0.075907 -0.172384 -0.982101)
     Cl  24    Vzz=    2.8584    axis=( -0.206289  0.960918 -0.184610)
     Cl  24  Q=        -8.1650 1e-30 m^2  Cq=       -54.8373 MHz  eta= 0.51864

     Initialization:
     gipaw_setup  :      9.32s CPU     11.28s WALL (       1 calls)

     Linear response

     Apply operators

     Induced current

     Other routines
     efg          :      9.24s CPU     11.26s WALL (       1 calls)

     General routines
     calbec       :      3.18s CPU      4.03s WALL (      16 calls)
     fft          :      1.44s CPU      1.79s WALL (      15 calls)
     ffts         :      0.03s CPU      0.05s WALL (       2 calls)
     fftw         :      3.20s CPU      3.91s WALL (     672 calls)
     davcio       :      0.04s CPU      0.33s WALL (      32 calls)

     Parallel routines
     fft_scatter  :      1.92s CPU      2.92s WALL (     689 calls)

     Plugins

     GIPAW        :     60.76s CPU     71.29s WALL (       1 calls)
