
     Program QE v.6.0 (svn rev. 13079) starts on 12Jan2017 at 22: 5:53 

     This program is part of the open-source Quantum ESPRESSO suite
     for quantum simulation of materials; please cite
         "P. Giannozzi et al., J. Phys.:Condens. Matter 21 395502 (2009);
          URL http://www.quantum-espresso.org", 
     in publications or presentations arising from this work. More details at
     http://www.quantum-espresso.org/quote

     Parallel version (MPI), running on     8 processors
     R & G space division:  proc/nbgrp/npool/nimage =       8

     ***** This is GIPAW svn revision unknown      *****

     Parallelizing q-star over 1 images

     Reading data from directory:
     /users/majewski/paradichlorobenzene/pbe/9_constraint/scratch/pbe.ecut100.np8.dt60.pcl2phi-129368.save
     Message from routine read_xml_file:
     file /users/majewski/paradichlorobenzene/pbe/9_constraint/scratch/pbe.ecut100.np8.dt60.pcl2phi-129368.save not guaranteed to be safe for post-processing

   Info: using nr1, nr2, nr3 values from input

   Info: using nr1, nr2, nr3 values from input

     IMPORTANT: XC functional enforced from input :
     Exchange-correlation      =  SLA  PW   PBX  PBC ( 1  4  3  4 0 0)
     Any further DFT definition will be discarded
     Please, verify this is what you really want

               file C.pbe-n-kjpaw_psl.1.0.0.UPF: wavefunction(s)  2S 2P renormalized
               file Cl.pbe-n-kjpaw_psl.1.0.0.UPF: wavefunction(s)  3S 3P renormalized
               file H.pbe-kjpaw_psl.1.0.0.UPF: wavefunction(s)  1S renormalized

     Parallelization info
     --------------------
     sticks:   dense  smooth     PW     G-vecs:    dense   smooth      PW
     Min        3057    1223    332               144436    36536    5170
     Max        3059    1225    333               144437    36537    5171
     Sum       24467    9791   2657              1155489   292295   41363


     Subspace diagonalization in iterative solution of the eigenvalue problem:
     a serial algorithm will be used

     GIPAW projectors -----------------------------------------------
     atom=  C    l=0  rc=    1.2000  rs=    0.8000
     atom=  C    l=0  rc=    1.2000  rs=    0.8000
     atom=  C    l=1  rc=    1.4000  rs=    0.9333
     atom=  C    l=1  rc=    1.4000  rs=    0.9333
     projs nearly linearly dependent: l=1  n1,n2= 1, 2  s=  0.99951561

     atom=  Cl   l=0  rc=    1.6000  rs=    1.0667
     atom=  Cl   l=0  rc=    1.6000  rs=    1.0667
     atom=  Cl   l=1  rc=    1.6000  rs=    1.0667
     atom=  Cl   l=1  rc=    1.6000  rs=    1.0667
     atom=  Cl   l=2  rc=    1.6000  rs=    1.0667
     atom=  Cl   l=2  rc=    1.6000  rs=    1.0667
     projs nearly linearly dependent: l=2  n1,n2= 1, 2  s=  0.99993509

     atom=  H    l=0  rc=    1.0000  rs=    0.6667
     atom=  H    l=0  rc=    1.0000  rs=    0.6667
     projs nearly linearly dependent: l=0  n1,n2= 1, 2  s=  0.99968852
     -----------------------------------------------------------------

     GIPAW integrals: -------------------------------------------
     Atom  i/j   nmr_para   nmr_dia   epr_rmc  epr_para   epr_dia
       C   1 1   0.83E+03  0.17E-01  0.93E+01  0.24E+08  0.24E+03
       C   2 1   0.86E+03 -0.61E-01  0.94E+01  0.25E+08  0.25E+03
       C   2 2   0.90E+03 -0.15E+00  0.97E+01  0.26E+08  0.26E+03
       C   3 3   0.33E+01  0.34E+00  0.18E+01  0.55E+03  0.21E+02
       C   4 3   0.35E+01  0.37E+00  0.20E+01  0.59E+03  0.22E+02
       C   4 4   0.38E+01  0.39E+00  0.22E+01  0.63E+03  0.24E+02
       Cl  1 1   0.14E+04 -0.47E+00  0.84E+01  0.32E+09  0.42E+03
       Cl  2 1   0.21E+04 -0.37E+00  0.12E+02  0.49E+09  0.65E+03
       Cl  2 2   0.33E+04 -0.16E+00  0.21E+02  0.76E+09  0.10E+04
       Cl  3 3   0.21E+02  0.79E-01  0.89E+01  0.23E+05  0.13E+03
       Cl  4 3   0.24E+02  0.67E-01  0.99E+01  0.27E+05  0.15E+03
       Cl  4 4   0.28E+02  0.44E-01  0.11E+02  0.32E+05  0.18E+03
       Cl  5 5   0.77E+00  0.19E+00  0.18E+01  0.12E+03  0.22E+02
       Cl  6 5   0.80E+00  0.19E+00  0.19E+01  0.12E+03  0.23E+02
       Cl  6 6   0.83E+00  0.20E+00  0.19E+01  0.12E+03  0.23E+02
       H   1 1   0.39E+02  0.19E+00  0.29E+00  0.78E+05  0.13E+02
       H   2 1   0.41E+02  0.21E+00  0.32E+00  0.82E+05  0.14E+02
       H   2 2   0.43E+02  0.22E+00  0.36E+00  0.86E+05  0.15E+02
     ------------------------------------------------------------

     alpha_pv=     34.3993 eV

     Number of occupied bands for each k-point:
     k-point:     1    nbnd_occ=  42
     k-point:     2    nbnd_occ=  42
     k-point:     3    nbnd_occ=  42
     k-point:     4    nbnd_occ=  42
     k-point:     5    nbnd_occ=  42
     k-point:     6    nbnd_occ=  42
     k-point:     7    nbnd_occ=  42
     k-point:     8    nbnd_occ=  42
     k-point:     9    nbnd_occ=  42
     k-point:    10    nbnd_occ=  42
     k-point:    11    nbnd_occ=  42
     k-point:    12    nbnd_occ=  42
     k-point:    13    nbnd_occ=  42
     k-point:    14    nbnd_occ=  42
     k-point:    15    nbnd_occ=  42
     k-point:    16    nbnd_occ=  42


     q-space interpolation up to   110.00 Rydberg

     GIPAW job: efg                                                                             


     ELECTRIC FIELD GRADIENTS TENSORS IN Hartree/bohrradius^2:

     ----- bare term -----
     Cl   1        0.100955        0.030300       -0.324281
     Cl   1        0.030300        0.270558       -0.035932
     Cl   1       -0.324281       -0.035932       -0.371513

     C    2       -0.102566        0.319762       -0.115629
     C    2        0.319762       -0.279446       -0.253916
     C    2       -0.115629       -0.253916        0.382012

     C    3       -0.010245        0.420176       -0.208035
     C    3        0.420176       -0.245732       -0.310638
     C    3       -0.208035       -0.310638        0.255978

     H    4       -0.067028       -0.103388       -0.256754
     H    4       -0.103388        0.486767       -0.307331
     H    4       -0.256754       -0.307331       -0.419740

     C    5       -0.435742        0.244300       -0.491768
     C    5        0.244300        0.291684       -0.149209
     C    5       -0.491768       -0.149209        0.144057

     H    6       -0.184367        0.258711       -0.224618
     H    6        0.258711       -0.215470       -0.377352
     H    6       -0.224618       -0.377352        0.399837

     H    7        0.255055        0.426627       -0.099625
     H    7        0.426627       -0.572239        0.362794
     H    7       -0.099625        0.362794        0.317184

     C    8       -0.026085       -0.166373       -0.092319
     C    8       -0.166373       -0.096438        0.367994
     C    8       -0.092319        0.367994        0.122523

     H    9       -0.279186        0.469280        0.077549
     H    9        0.469280       -0.013824       -0.155619
     H    9        0.077549       -0.155619        0.293010

     C   10       -0.249214       -0.098096        0.049379
     C   10       -0.098096       -0.027910       -0.021428
     C   10        0.049379       -0.021428        0.277124

     C   11        0.005927        0.024377       -0.185740
     C   11        0.024377        0.001244        0.549200
     C   11       -0.185740        0.549200       -0.007171

     Cl  12       -0.102772       -0.231654        0.016985
     Cl  12       -0.231654       -0.032562       -0.073659
     Cl  12        0.016985       -0.073659        0.135334

     H   13        0.096688        0.243264       -0.139883
     H   13        0.243264       -0.423231       -0.040645
     H   13       -0.139883       -0.040645        0.326543

     C   14       -0.026977       -0.209652       -0.405243
     C   14       -0.209652       -0.188269       -0.208313
     C   14       -0.405243       -0.208313        0.215246

     H   15        0.050051       -0.136332       -0.263847
     H   15       -0.136332       -0.266947       -0.381614
     H   15       -0.263847       -0.381614        0.216897

     C   16       -0.565894        0.323326       -0.164248
     C   16        0.323326       -0.099886       -0.120572
     C   16       -0.164248       -0.120572        0.665780

     C   17        0.268760        0.144147       -0.032023
     C   17        0.144147       -0.485713       -0.663965
     C   17       -0.032023       -0.663965        0.216953

     Cl  18        0.284460        0.171035       -0.140527
     Cl  18        0.171035        0.087489       -0.562256
     Cl  18       -0.140527       -0.562256       -0.371949

     H   19        0.387684        0.067266       -0.037003
     H   19        0.067266       -0.580210        0.615115
     H   19       -0.037003        0.615115        0.192526

     C   20       -0.900873       -0.345652       -0.459066
     C   20       -0.345652        0.393700       -0.028462
     C   20       -0.459066       -0.028462        0.507173

     H   21       -0.526686        0.126295        0.221077
     H   21        0.126295        0.354332        0.205471
     H   21        0.221077        0.205471        0.172355

     C   22        0.074060       -0.076119       -0.128029
     C   22       -0.076119       -0.541279        0.370182
     C   22       -0.128029        0.370182        0.467219

     C   23       -0.702020       -0.326186       -0.356029
     C   23       -0.326186        0.294114        0.051854
     C   23       -0.356029        0.051854        0.407907

     Cl  24       -0.047432       -0.008044        0.027264
     Cl  24       -0.008044       -0.023804        0.003119
     Cl  24        0.027264        0.003119        0.071236

     ----- ionic term -----
     Cl   1        0.239442       -0.205877        0.062926
     Cl   1       -0.205877       -0.100800       -0.019802
     Cl   1        0.062926       -0.019802       -0.138642

     C    2        0.219478       -0.170026        0.326402
     C    2       -0.170026        0.085756        0.395440
     C    2        0.326402        0.395440       -0.305234

     C    3        0.125261       -0.260334        0.248758
     C    3       -0.260334        0.208356        0.304690
     C    3        0.248758        0.304690       -0.333617

     H    4        0.414361        0.454928        0.633517
     H    4        0.454928       -0.226567        0.363179
     H    4        0.633517        0.363179       -0.187794

     C    5        0.161862       -0.188120        0.345689
     C    5       -0.188120        0.139452        0.212224
     C    5        0.345689        0.212224       -0.301314

     H    6       -0.515125       -0.145481       -0.022125
     H    6       -0.145481        0.909112        0.458474
     H    6       -0.022125        0.458474       -0.393987

     H    7       -0.515680       -0.134216        0.094193
     H    7       -0.134216        0.460883       -0.778678
     H    7        0.094193       -0.778678        0.054797

     C    8        0.367809        0.103550        0.085750
     C    8        0.103550        0.029450       -0.357668
     C    8        0.085750       -0.357668       -0.397259

     H    9        0.767352       -0.368952        0.491617
     H    9       -0.368952       -0.441369       -0.216127
     H    9        0.491617       -0.216127       -0.325983

     C   10        0.243106        0.181921        0.049802
     C   10        0.181921        0.183175       -0.403495
     C   10        0.049802       -0.403495       -0.426281

     C   11        0.337486        0.072417        0.096822
     C   11        0.072417        0.163528       -0.363268
     C   11        0.096822       -0.363268       -0.501014

     Cl  12        0.123039        0.210020       -0.032253
     Cl  12        0.210020        0.042078       -0.019764
     Cl  12       -0.032253       -0.019764       -0.165117

     H   13       -0.455911       -0.239639       -0.117344
     H   13       -0.239639        0.682450        0.633122
     H   13       -0.117344        0.633122       -0.226539

     C   14        0.282179       -0.178637        0.388328
     C   14       -0.178637        0.017078        0.272386
     C   14        0.388328        0.272386       -0.299257

     H   15        0.365992        0.330437        0.729493
     H   15        0.330437       -0.334993        0.327313
     H   15        0.729493        0.327313       -0.030999

     C   16        0.197395       -0.301685        0.301557
     C   16       -0.301685        0.153912        0.247796
     C   16        0.301557        0.247796       -0.351306

     C   17        0.081826       -0.254733        0.341244
     C   17       -0.254733        0.226880        0.272259
     C   17        0.341244        0.272259       -0.308706

     Cl  18        0.137396       -0.197732        0.114903
     Cl  18       -0.197732        0.006141       -0.067065
     Cl  18        0.114903       -0.067065       -0.143537

     H   19       -0.505866       -0.118240        0.055059
     H   19       -0.118240        0.739288       -0.668473
     H   19        0.055059       -0.668473       -0.233422

     C   20        0.415981        0.089805        0.064199
     C   20        0.089805        0.084993       -0.313770
     C   20        0.064199       -0.313770       -0.500974

     H   21        0.863444       -0.406886        0.311973
     H   21       -0.406886       -0.364017       -0.173641
     H   21        0.311973       -0.173641       -0.499427

     C   22        0.241467        0.145440        0.028108
     C   22        0.145440        0.246459       -0.387956
     C   22        0.028108       -0.387956       -0.487926

     C   23        0.281582        0.023361        0.100104
     C   23        0.023361        0.184466       -0.404239
     C   23        0.100104       -0.404239       -0.466048

     Cl  24        0.155463        0.212417       -0.053504
     Cl  24        0.212417       -0.023669       -0.030948
     Cl  24       -0.053504       -0.030948       -0.131794

     ----- GIPAW term -----
     Cl   1        0.042629       -0.747184        0.568589
     Cl   1       -0.747184       -0.563896        0.313266
     Cl   1        0.568589        0.313266        0.521267

     C    2       -0.058852       -0.017946        0.011141
     C    2       -0.017946       -0.058790       -0.100729
     C    2        0.011141       -0.100729        0.117642

     C    3        0.016797        0.109110       -0.156853
     C    3        0.109110       -0.087247       -0.097823
     C    3       -0.156853       -0.097823        0.070450

     H    4       -0.000000        0.000000        0.000000
     H    4        0.000000        0.000000        0.000000
     H    4        0.000000        0.000000        0.000000

     C    5        0.099863        0.191903        0.014803
     C    5        0.191903        0.024332        0.053424
     C    5        0.014803        0.053424       -0.124196

     H    6       -0.000000        0.000000        0.000000
     H    6        0.000000        0.000000        0.000000
     H    6        0.000000        0.000000        0.000000

     H    7       -0.000000        0.000000        0.000000
     H    7        0.000000        0.000000        0.000000
     H    7        0.000000        0.000000        0.000000

     C    8       -0.041803       -0.109596       -0.011836
     C    8       -0.109596        0.148516        0.109311
     C    8       -0.011836        0.109311       -0.106713

     H    9       -0.000000        0.000000        0.000000
     H    9        0.000000        0.000000        0.000000
     H    9        0.000000        0.000000        0.000000

     C   10       -0.040463       -0.004008        0.001239
     C   10       -0.004008        0.036850        0.016854
     C   10        0.001239        0.016854        0.003614

     C   11       -0.036389        0.003886       -0.048425
     C   11        0.003886        0.103111        0.152248
     C   11       -0.048425        0.152248       -0.066722

     Cl  12       -0.943455        0.095959       -0.485039
     Cl  12        0.095959        0.797052        2.001419
     Cl  12       -0.485039        2.001419        0.146403

     H   13       -0.000000        0.000000        0.000000
     H   13        0.000000        0.000000        0.000000
     H   13        0.000000        0.000000        0.000000

     C   14        0.018077       -0.052237       -0.004079
     C   14       -0.052237       -0.008119       -0.040070
     C   14       -0.004079       -0.040070       -0.009957

     H   15       -0.000000        0.000000        0.000000
     H   15        0.000000        0.000000        0.000000
     H   15        0.000000        0.000000        0.000000

     C   16       -0.025241       -0.060805       -0.011934
     C   16       -0.060805        0.005485        0.000603
     C   16       -0.011934        0.000603        0.019756

     C   17       -0.023377        0.016524        0.041901
     C   17        0.016524        0.067217        0.074823
     C   17        0.041901        0.074823       -0.043839

     Cl  18        0.385486       -0.039447        0.158956
     Cl  18       -0.039447       -0.065933       -0.485429
     Cl  18        0.158956       -0.485429       -0.319553

     H   19       -0.000000        0.000000        0.000000
     H   19        0.000000        0.000000        0.000000
     H   19        0.000000        0.000000        0.000000

     C   20       -0.241893        0.005668       -0.083963
     C   20        0.005668        0.207270       -0.196465
     C   20       -0.083963       -0.196465        0.034623

     H   21       -0.000000        0.000000        0.000000
     H   21        0.000000        0.000000        0.000000
     H   21        0.000000        0.000000        0.000000

     C   22       -0.097035        0.039944       -0.047519
     C   22        0.039944       -0.074075       -0.159553
     C   22       -0.047519       -0.159553        0.171110

     C   23       -0.159748       -0.030832        0.000824
     C   23       -0.030832        0.178428       -0.183869
     C   23        0.000824       -0.183869       -0.018680

     Cl  24       -0.611896        1.570554       -0.405061
     Cl  24        1.570554       -1.361154       -0.679029
     Cl  24       -0.405061       -0.679029        1.973049

     ----- total EFG -----
     Cl   1        0.383025       -0.922762        0.307234
     Cl   1       -0.922762       -0.394138        0.257533
     Cl   1        0.307234        0.257533        0.011112

     C    2        0.058060        0.131791        0.221914
     C    2        0.131791       -0.252480        0.040795
     C    2        0.221914        0.040795        0.194420

     C    3        0.131813        0.268952       -0.116130
     C    3        0.268952       -0.124623       -0.103770
     C    3       -0.116130       -0.103770       -0.007190

     H    4        0.347333        0.351539        0.376763
     H    4        0.351539        0.260200        0.055847
     H    4        0.376763        0.055847       -0.607533

     C    5       -0.174016        0.248083       -0.131276
     C    5        0.248083        0.455469        0.116438
     C    5       -0.131276        0.116438       -0.281452

     H    6       -0.699492        0.113230       -0.246743
     H    6        0.113230        0.693642        0.081123
     H    6       -0.246743        0.081123        0.005850

     H    7       -0.260625        0.292411       -0.005432
     H    7        0.292411       -0.111357       -0.415884
     H    7       -0.005432       -0.415884        0.371982

     C    8        0.299921       -0.172419       -0.018405
     C    8       -0.172419        0.081528        0.119637
     C    8       -0.018405        0.119637       -0.381449

     H    9        0.488166        0.100328        0.569166
     H    9        0.100328       -0.455193       -0.371746
     H    9        0.569166       -0.371746       -0.032973

     C   10       -0.046571        0.079817        0.100420
     C   10        0.079817        0.192115       -0.408069
     C   10        0.100420       -0.408069       -0.145544

     C   11        0.307025        0.100681       -0.137342
     C   11        0.100681        0.267882        0.338180
     C   11       -0.137342        0.338180       -0.574907

     Cl  12       -0.923188        0.074325       -0.500307
     Cl  12        0.074325        0.806569        1.907996
     Cl  12       -0.500307        1.907996        0.116620

     H   13       -0.359223        0.003625       -0.257227
     H   13        0.003625        0.259218        0.592477
     H   13       -0.257227        0.592477        0.100004

     C   14        0.273278       -0.440525       -0.020993
     C   14       -0.440525       -0.179310        0.024003
     C   14       -0.020993        0.024003       -0.093968

     H   15        0.416043        0.194105        0.465646
     H   15        0.194105       -0.601940       -0.054301
     H   15        0.465646       -0.054301        0.185897

     C   16       -0.393740       -0.039165        0.125375
     C   16       -0.039165        0.059511        0.127827
     C   16        0.125375        0.127827        0.334229

     C   17        0.327208       -0.094063        0.351122
     C   17       -0.094063       -0.191616       -0.316883
     C   17        0.351122       -0.316883       -0.135592

     Cl  18        0.807342       -0.066144        0.133333
     Cl  18       -0.066144        0.027698       -1.114750
     Cl  18        0.133333       -1.114750       -0.835040

     H   19       -0.118182       -0.050973        0.018055
     H   19       -0.050973        0.159078       -0.053358
     H   19        0.018055       -0.053358       -0.040896

     C   20       -0.726784       -0.250179       -0.478830
     C   20       -0.250179        0.685963       -0.538696
     C   20       -0.478830       -0.538696        0.040822

     H   21        0.336758       -0.280591        0.533050
     H   21       -0.280591       -0.009685        0.031830
     H   21        0.533050        0.031830       -0.327073

     C   22        0.218491        0.109265       -0.147440
     C   22        0.109265       -0.368895       -0.177327
     C   22       -0.147440       -0.177327        0.150404

     C   23       -0.580186       -0.333657       -0.255101
     C   23       -0.333657        0.657007       -0.536254
     C   23       -0.255101       -0.536254       -0.076821

     Cl  24       -0.503865        1.774926       -0.431301
     Cl  24        1.774926       -1.408627       -0.706858
     Cl  24       -0.431301       -0.706858        1.912492

     ----- total EFG (symmetrized) -----
     Cl   1        0.383025       -0.922762        0.307234
     Cl   1       -0.922762       -0.394138        0.257533
     Cl   1        0.307234        0.257533        0.011112

     C    2        0.058060        0.131791        0.221914
     C    2        0.131791       -0.252480        0.040795
     C    2        0.221914        0.040795        0.194420

     C    3        0.131813        0.268952       -0.116130
     C    3        0.268952       -0.124623       -0.103770
     C    3       -0.116130       -0.103770       -0.007190

     H    4        0.347333        0.351539        0.376763
     H    4        0.351539        0.260200        0.055847
     H    4        0.376763        0.055847       -0.607533

     C    5       -0.174016        0.248083       -0.131276
     C    5        0.248083        0.455469        0.116438
     C    5       -0.131276        0.116438       -0.281452

     H    6       -0.699492        0.113230       -0.246743
     H    6        0.113230        0.693642        0.081123
     H    6       -0.246743        0.081123        0.005850

     H    7       -0.260625        0.292411       -0.005432
     H    7        0.292411       -0.111357       -0.415884
     H    7       -0.005432       -0.415884        0.371982

     C    8        0.299921       -0.172419       -0.018405
     C    8       -0.172419        0.081528        0.119637
     C    8       -0.018405        0.119637       -0.381449

     H    9        0.488166        0.100328        0.569166
     H    9        0.100328       -0.455193       -0.371746
     H    9        0.569166       -0.371746       -0.032973

     C   10       -0.046571        0.079817        0.100420
     C   10        0.079817        0.192115       -0.408069
     C   10        0.100420       -0.408069       -0.145544

     C   11        0.307025        0.100681       -0.137342
     C   11        0.100681        0.267882        0.338180
     C   11       -0.137342        0.338180       -0.574907

     Cl  12       -0.923188        0.074325       -0.500307
     Cl  12        0.074325        0.806569        1.907996
     Cl  12       -0.500307        1.907996        0.116620

     H   13       -0.359223        0.003625       -0.257227
     H   13        0.003625        0.259218        0.592477
     H   13       -0.257227        0.592477        0.100004

     C   14        0.273278       -0.440525       -0.020993
     C   14       -0.440525       -0.179310        0.024003
     C   14       -0.020993        0.024003       -0.093968

     H   15        0.416043        0.194105        0.465646
     H   15        0.194105       -0.601940       -0.054301
     H   15        0.465646       -0.054301        0.185897

     C   16       -0.393740       -0.039165        0.125375
     C   16       -0.039165        0.059511        0.127827
     C   16        0.125375        0.127827        0.334229

     C   17        0.327208       -0.094063        0.351122
     C   17       -0.094063       -0.191616       -0.316883
     C   17        0.351122       -0.316883       -0.135592

     Cl  18        0.807342       -0.066144        0.133333
     Cl  18       -0.066144        0.027698       -1.114750
     Cl  18        0.133333       -1.114750       -0.835040

     H   19       -0.118182       -0.050973        0.018055
     H   19       -0.050973        0.159078       -0.053358
     H   19        0.018055       -0.053358       -0.040896

     C   20       -0.726784       -0.250179       -0.478830
     C   20       -0.250179        0.685963       -0.538696
     C   20       -0.478830       -0.538696        0.040822

     H   21        0.336758       -0.280591        0.533050
     H   21       -0.280591       -0.009685        0.031830
     H   21        0.533050        0.031830       -0.327073

     C   22        0.218491        0.109265       -0.147440
     C   22        0.109265       -0.368895       -0.177327
     C   22       -0.147440       -0.177327        0.150404

     C   23       -0.580186       -0.333657       -0.255101
     C   23       -0.333657        0.657007       -0.536254
     C   23       -0.255101       -0.536254       -0.076821

     Cl  24       -0.503865        1.774926       -0.431301
     Cl  24        1.774926       -1.408627       -0.706858
     Cl  24       -0.431301       -0.706858        1.912492


     NQR/NMR SPECTROSCOPIC PARAMETERS:
     Cl   1    Vxx=    0.1267    axis=(  0.074062  0.333492  0.939839)
     Cl   1    Vyy=    1.0096    axis=( -0.839514  0.529524 -0.121740)
     Cl   1    Vzz=   -1.1363    axis=( -0.538267 -0.779992  0.319189)
     Cl   1  Q=        -8.1650 1e-30 m^2  Cq=        21.7997 MHz  eta= 0.77699

     C    2    Vxx=   -0.0737    axis=(  0.689111  0.365125 -0.625947)
     C    2    Vyy=   -0.3047    axis=( -0.393282  0.913947  0.100152)
     C    2    Vzz=    0.3784    axis=(  0.608650  0.177157  0.773408)
     C    2  Q=         1.0000 1e-30 m^2  Cq=         0.8891 MHz  eta= 0.61055

     C    3    Vxx=   -0.0681    axis=(  0.378560  0.115196  0.918380)
     C    3    Vyy=   -0.2970    axis=( -0.508497  0.854958  0.102364)
     C    3    Vzz=    0.3651    axis=( -0.773384 -0.505744  0.382229)
     C    3  Q=         1.0000 1e-30 m^2  Cq=         0.8578 MHz  eta= 0.62707

     H    4    Vxx=    0.0056    axis=(  0.539399 -0.801401  0.258468)
     H    4    Vyy=    0.7370    axis=(  0.767791  0.594124  0.239820)
     H    4    Vzz=   -0.7426    axis=( -0.345754  0.069091  0.935778)
     H    4  Q=         1.0000 1e-30 m^2  Cq=        -1.7449 MHz  eta= 0.98498

     C    5    Vxx=   -0.1114    axis=(  0.717510 -0.175556 -0.674062)
     C    5    Vyy=   -0.4357    axis=( -0.623529  0.269456 -0.733898)
     C    5    Vzz=    0.5471    axis=( -0.310470 -0.946876 -0.083873)
     C    5  Q=         1.0000 1e-30 m^2  Cq=         1.2855 MHz  eta= 0.59282

     H    6    Vxx=    0.0806    axis=( -0.309853 -0.068263  0.948331)
     H    6    Vyy=    0.7084    axis=( -0.063730 -0.993685 -0.092351)
     H    6    Vzz=   -0.7891    axis=(  0.948646 -0.089053  0.303546)
     H    6  Q=         1.0000 1e-30 m^2  Cq=        -1.8540 MHz  eta= 0.79563

     H    7    Vxx=   -0.0700    axis=(  0.735904  0.488550  0.468790)
     H    7    Vyy=   -0.5685    axis=(  0.653497 -0.693652 -0.302966)
     H    7    Vzz=    0.6384    axis=( -0.177163 -0.529307  0.829728)
     H    7  Q=         1.0000 1e-30 m^2  Cq=         1.5001 MHz  eta= 0.78084

     C    8    Vxx=    0.0094    axis=(  0.507351  0.830393  0.230309)
     C    8    Vyy=    0.4020    axis=(  0.861033 -0.499313 -0.096479)
     C    8    Vzz=   -0.4113    axis=( -0.034881 -0.247252  0.968323)
     C    8  Q=         1.0000 1e-30 m^2  Cq=        -0.9665 MHz  eta= 0.95447

     H    9    Vxx=   -0.0654    axis=(  0.470044  0.669508 -0.575168)
     H    9    Vyy=   -0.7993    axis=( -0.320627  0.736644  0.595444)
     H    9    Vzz=    0.8647    axis=( -0.822349  0.095470 -0.560917)
     H    9  Q=         1.0000 1e-30 m^2  Cq=         2.0318 MHz  eta= 0.84876

     C   10    Vxx=   -0.0071    axis=(  0.954709  0.147191  0.258582)
     C   10    Vyy=   -0.4581    axis=( -0.296770  0.533523  0.792011)
     C   10    Vzz=    0.4651    axis=( -0.021383 -0.832880  0.553041)
     C   10  Q=         1.0000 1e-30 m^2  Cq=         1.0929 MHz  eta= 0.96961

     C   11    Vxx=    0.3041    axis=(  0.850092 -0.433189 -0.299483)
     C   11    Vyy=    0.4156    axis=( -0.502662 -0.837043 -0.216077)
     C   11    Vzz=   -0.7197    axis=(  0.157078 -0.334224  0.929312)
     C   11  Q=         1.0000 1e-30 m^2  Cq=        -1.6911 MHz  eta= 0.15497

     Cl  12    Vxx=   -0.7045    axis=(  0.870675  0.368509 -0.325770)
     Cl  12    Vyy=   -1.7171    axis=( -0.485354  0.536336 -0.690489)
     Cl  12    Vzz=    2.4216    axis=(  0.079729 -0.759306 -0.645831)
     Cl  12  Q=        -8.1650 1e-30 m^2  Cq=       -46.4576 MHz  eta= 0.41813

     H   13    Vxx=   -0.2062    axis=(  0.728616  0.536433 -0.425861)
     H   13    Vyy=   -0.5958    axis=( -0.669210  0.425149 -0.609431)
     H   13    Vzz=    0.8020    axis=(  0.145865 -0.729032 -0.668757)
     H   13  Q=         1.0000 1e-30 m^2  Cq=         1.8843 MHz  eta= 0.48575

     C   14    Vxx=   -0.0952    axis=(  0.054748 -0.001793  0.998499)
     C   14    Vyy=   -0.4485    axis=(  0.520193  0.853622 -0.026990)
     C   14    Vzz=    0.5437    axis=( -0.852292  0.520889  0.047667)
     C   14  Q=         1.0000 1e-30 m^2  Cq=         1.2774 MHz  eta= 0.64994

     H   15    Vxx=   -0.1251    axis=( -0.552505 -0.312899  0.772549)
     H   15    Vyy=   -0.6659    axis=(  0.255801 -0.945789 -0.200123)
     H   15    Vzz=    0.7911    axis=(  0.793287  0.087050  0.602593)
     H   15  Q=         1.0000 1e-30 m^2  Cq=         1.8587 MHz  eta= 0.68365

     C   16    Vxx=    0.0244    axis=(  0.180828 -0.932823  0.311678)
     C   16    Vyy=    0.3980    axis=( -0.130974 -0.336919 -0.932379)
     C   16    Vzz=   -0.4224    axis=(  0.974755  0.127779 -0.183100)
     C   16  Q=         1.0000 1e-30 m^2  Cq=        -0.9925 MHz  eta= 0.88451

     C   17    Vxx=   -0.0693    axis=(  0.555407  0.707012 -0.437786)
     C   17    Vyy=   -0.5222    axis=( -0.232926  0.637645  0.734271)
     C   17    Vzz=    0.5915    axis=(  0.798291 -0.305848  0.518834)
     C   17  Q=         1.0000 1e-30 m^2  Cq=         1.3897 MHz  eta= 0.76569

     Cl  18    Vxx=    0.6704    axis=(  0.682030  0.615326 -0.395232)
     Cl  18    Vyy=    0.9308    axis=(  0.730699 -0.551033  0.403040)
     Cl  18    Vzz=   -1.6012    axis=( -0.030216  0.563681  0.825440)
     Cl  18  Q=        -8.1650 1e-30 m^2  Cq=        30.7176 MHz  eta= 0.16261

     H   19    Vxx=   -0.0539    axis=(  0.066610  0.257454  0.963992)
     H   19    Vyy=   -0.1282    axis=(  0.982039  0.154016 -0.108990)
     H   19    Vzz=    0.1821    axis=( -0.176530  0.953937 -0.242571)
     H   19  Q=         1.0000 1e-30 m^2  Cq=         0.4278 MHz  eta= 0.40797

     C   20    Vxx=    0.0916    axis=(  0.550500 -0.421428 -0.720659)
     C   20    Vyy=    0.9915    axis=( -0.012414 -0.867271  0.497681)
     C   20    Vzz=   -1.0831    axis=(  0.834743  0.265027  0.482664)
     C   20  Q=         1.0000 1e-30 m^2  Cq=        -2.5448 MHz  eta= 0.83090

     H   21    Vxx=   -0.0417    axis=( -0.147154 -0.914492 -0.376895)
     H   21    Vyy=   -0.6668    axis=(  0.508412  0.256922 -0.821893)
     H   21    Vzz=    0.7085    axis=(  0.848448 -0.312563  0.427131)
     H   21  Q=         1.0000 1e-30 m^2  Cq=         1.6646 MHz  eta= 0.88223

     C   22    Vxx=    0.0424    axis=(  0.682361 -0.128963  0.719550)
     C   22    Vyy=    0.3875    axis=( -0.724042 -0.254862  0.640943)
     C   22    Vzz=   -0.4298    axis=(  0.100728 -0.958339 -0.267283)
     C   22  Q=         1.0000 1e-30 m^2  Cq=        -1.0099 MHz  eta= 0.80288

     C   23    Vxx=   -0.0837    axis=(  0.583371 -0.287239 -0.759718)
     C   23    Vyy=   -0.8778    axis=(  0.802989  0.344485  0.486353)
     C   23    Vzz=    0.9615    axis=( -0.122012  0.893769 -0.431613)
     C   23  Q=         1.0000 1e-30 m^2  Cq=         2.2592 MHz  eta= 0.82593

     Cl  24    Vxx=    0.4679    axis=(  0.723860  0.509381  0.465357)
     Cl  24    Vyy=    2.3389    axis=( -0.337778 -0.326488  0.882786)
     Cl  24    Vzz=   -2.8068    axis=( -0.601608  0.796201  0.064274)
     Cl  24  Q=        -8.1650 1e-30 m^2  Cq=        53.8474 MHz  eta= 0.66661

     Initialization:
     gipaw_setup  :      8.85s CPU     10.89s WALL (       1 calls)

     Linear response

     Apply operators

     Induced current

     Other routines
     efg          :      9.36s CPU     11.79s WALL (       1 calls)

     General routines
     calbec       :      3.18s CPU      4.14s WALL (      16 calls)
     fft          :      2.00s CPU      3.54s WALL (      15 calls)
     ffts         :      0.04s CPU      0.04s WALL (       2 calls)
     fftw         :      3.41s CPU      4.18s WALL (     672 calls)
     davcio       :      0.05s CPU      0.33s WALL (      32 calls)

     Parallel routines
     fft_scatter  :      2.81s CPU      4.90s WALL (     689 calls)

     Plugins

     GIPAW        :     60.56s CPU     72.43s WALL (       1 calls)
