
     Program QE v.6.0 (svn rev. 13079) starts on 15Jan2017 at  0:45:45 

     This program is part of the open-source Quantum ESPRESSO suite
     for quantum simulation of materials; please cite
         "P. Giannozzi et al., J. Phys.:Condens. Matter 21 395502 (2009);
          URL http://www.quantum-espresso.org", 
     in publications or presentations arising from this work. More details at
     http://www.quantum-espresso.org/quote

     Parallel version (MPI), running on     8 processors
     R & G space division:  proc/nbgrp/npool/nimage =       8

     ***** This is GIPAW svn revision unknown      *****

     Parallelizing q-star over 1 images

     Reading data from directory:
     /users/majewski/paradichlorobenzene/pbe/9_constraint/scratch/pbe.ecut100.np8.dt60.pcl2phi-129368.save
     Message from routine read_xml_file:
     file /users/majewski/paradichlorobenzene/pbe/9_constraint/scratch/pbe.ecut100.np8.dt60.pcl2phi-129368.save not guaranteed to be safe for post-processing

   Info: using nr1, nr2, nr3 values from input

   Info: using nr1, nr2, nr3 values from input

     IMPORTANT: XC functional enforced from input :
     Exchange-correlation      =  SLA  PW   PBX  PBC ( 1  4  3  4 0 0)
     Any further DFT definition will be discarded
     Please, verify this is what you really want

               file C.pbe-n-kjpaw_psl.1.0.0.UPF: wavefunction(s)  2S 2P renormalized
               file Cl.pbe-n-kjpaw_psl.1.0.0.UPF: wavefunction(s)  3S 3P renormalized
               file H.pbe-kjpaw_psl.1.0.0.UPF: wavefunction(s)  1S renormalized

     Parallelization info
     --------------------
     sticks:   dense  smooth     PW     G-vecs:    dense   smooth      PW
     Min        3057    1223    332               144436    36536    5170
     Max        3059    1225    333               144437    36537    5171
     Sum       24467    9791   2657              1155489   292295   41363


     Subspace diagonalization in iterative solution of the eigenvalue problem:
     a serial algorithm will be used

     GIPAW projectors -----------------------------------------------
     atom=  C    l=0  rc=    1.2000  rs=    0.8000
     atom=  C    l=0  rc=    1.2000  rs=    0.8000
     atom=  C    l=1  rc=    1.4000  rs=    0.9333
     atom=  C    l=1  rc=    1.4000  rs=    0.9333
     projs nearly linearly dependent: l=1  n1,n2= 1, 2  s=  0.99951561

     atom=  Cl   l=0  rc=    1.6000  rs=    1.0667
     atom=  Cl   l=0  rc=    1.6000  rs=    1.0667
     atom=  Cl   l=1  rc=    1.6000  rs=    1.0667
     atom=  Cl   l=1  rc=    1.6000  rs=    1.0667
     atom=  Cl   l=2  rc=    1.6000  rs=    1.0667
     atom=  Cl   l=2  rc=    1.6000  rs=    1.0667
     projs nearly linearly dependent: l=2  n1,n2= 1, 2  s=  0.99993509

     atom=  H    l=0  rc=    1.0000  rs=    0.6667
     atom=  H    l=0  rc=    1.0000  rs=    0.6667
     projs nearly linearly dependent: l=0  n1,n2= 1, 2  s=  0.99968852
     -----------------------------------------------------------------

     GIPAW integrals: -------------------------------------------
     Atom  i/j   nmr_para   nmr_dia   epr_rmc  epr_para   epr_dia
       C   1 1   0.83E+03  0.17E-01  0.93E+01  0.24E+08  0.24E+03
       C   2 1   0.86E+03 -0.61E-01  0.94E+01  0.25E+08  0.25E+03
       C   2 2   0.90E+03 -0.15E+00  0.97E+01  0.26E+08  0.26E+03
       C   3 3   0.33E+01  0.34E+00  0.18E+01  0.55E+03  0.21E+02
       C   4 3   0.35E+01  0.37E+00  0.20E+01  0.59E+03  0.22E+02
       C   4 4   0.38E+01  0.39E+00  0.22E+01  0.63E+03  0.24E+02
       Cl  1 1   0.14E+04 -0.47E+00  0.84E+01  0.32E+09  0.42E+03
       Cl  2 1   0.21E+04 -0.37E+00  0.12E+02  0.49E+09  0.65E+03
       Cl  2 2   0.33E+04 -0.16E+00  0.21E+02  0.76E+09  0.10E+04
       Cl  3 3   0.21E+02  0.79E-01  0.89E+01  0.23E+05  0.13E+03
       Cl  4 3   0.24E+02  0.67E-01  0.99E+01  0.27E+05  0.15E+03
       Cl  4 4   0.28E+02  0.44E-01  0.11E+02  0.32E+05  0.18E+03
       Cl  5 5   0.77E+00  0.19E+00  0.18E+01  0.12E+03  0.22E+02
       Cl  6 5   0.80E+00  0.19E+00  0.19E+01  0.12E+03  0.23E+02
       Cl  6 6   0.83E+00  0.20E+00  0.19E+01  0.12E+03  0.23E+02
       H   1 1   0.39E+02  0.19E+00  0.29E+00  0.78E+05  0.13E+02
       H   2 1   0.41E+02  0.21E+00  0.32E+00  0.82E+05  0.14E+02
       H   2 2   0.43E+02  0.22E+00  0.36E+00  0.86E+05  0.15E+02
     ------------------------------------------------------------

     alpha_pv=     34.3908 eV

     Number of occupied bands for each k-point:
     k-point:     1    nbnd_occ=  42
     k-point:     2    nbnd_occ=  42
     k-point:     3    nbnd_occ=  42
     k-point:     4    nbnd_occ=  42
     k-point:     5    nbnd_occ=  42
     k-point:     6    nbnd_occ=  42
     k-point:     7    nbnd_occ=  42
     k-point:     8    nbnd_occ=  42
     k-point:     9    nbnd_occ=  42
     k-point:    10    nbnd_occ=  42
     k-point:    11    nbnd_occ=  42
     k-point:    12    nbnd_occ=  42
     k-point:    13    nbnd_occ=  42
     k-point:    14    nbnd_occ=  42
     k-point:    15    nbnd_occ=  42
     k-point:    16    nbnd_occ=  42


     q-space interpolation up to   110.00 Rydberg

     GIPAW job: efg                                                                             


     ELECTRIC FIELD GRADIENTS TENSORS IN Hartree/bohrradius^2:

     ----- bare term -----
     Cl   1       -0.144220        0.135183        0.121008
     Cl   1        0.135183       -0.120184        0.036856
     Cl   1        0.121008        0.036856        0.264404

     C    2       -0.315977       -0.048745       -0.338400
     C    2       -0.048745       -0.078123       -0.527402
     C    2       -0.338400       -0.527402        0.394100

     C    3       -0.143151        0.158053       -0.301456
     C    3        0.158053       -0.220290       -0.536690
     C    3       -0.301456       -0.536690        0.363441

     H    4       -0.359864        0.048772       -0.544622
     H    4        0.048772        0.223183       -0.031675
     H    4       -0.544622       -0.031675        0.136681

     C    5       -0.200911        0.385248       -0.070374
     C    5        0.385248       -0.297057       -0.419766
     C    5       -0.070374       -0.419766        0.497968

     H    6        0.278038       -0.069087       -0.397024
     H    6       -0.069087       -0.022586       -0.408301
     H    6       -0.397024       -0.408301       -0.255451

     H    7        0.015422        0.087151       -0.295842
     H    7        0.087151       -0.210412        0.470482
     H    7       -0.295842        0.470482        0.194989

     C    8       -0.458239       -0.322812       -0.045869
     C    8       -0.322812        0.063038        0.396307
     C    8       -0.045869        0.396307        0.395201

     H    9       -0.177759       -0.152766       -0.533894
     H    9       -0.152766        0.017646       -0.077782
     H    9       -0.533894       -0.077782        0.160113

     C   10       -0.044572       -0.115201       -0.213416
     C   10       -0.115201       -0.049376        0.671814
     C   10       -0.213416        0.671814        0.093948

     C   11       -0.527066       -0.319514       -0.409850
     C   11       -0.319514        0.267501        0.264251
     C   11       -0.409850        0.264251        0.259565

     Cl  12       -0.026026       -0.132927        0.029737
     Cl  12       -0.132927        0.123898       -0.080573
     Cl  12        0.029737       -0.080573       -0.097872

     H   13        0.112893       -0.037197       -0.316220
     H   13       -0.037197       -0.222482       -0.467494
     H   13       -0.316220       -0.467494        0.109589

     C   14       -0.473543        0.322102       -0.247107
     C   14        0.322102        0.054415       -0.272169
     C   14       -0.247107       -0.272169        0.419129

     H   15       -0.497023       -0.138442       -0.455060
     H   15       -0.138442        0.311658       -0.179113
     H   15       -0.455060       -0.179113        0.185365

     C   16       -0.017379       -0.000919       -0.294647
     C   16       -0.000919       -0.245883       -0.523609
     C   16       -0.294647       -0.523609        0.263262

     C   17       -0.545626        0.260121       -0.373346
     C   17        0.260121        0.225901       -0.163290
     C   17       -0.373346       -0.163290        0.319725

     Cl  18        0.007248        0.066548       -0.000402
     Cl  18        0.066548       -0.007603        0.018466
     Cl  18       -0.000402        0.018466        0.000355

     H   19        0.400259        0.018499       -0.008361
     H   19        0.018499       -0.472585        0.558835
     H   19       -0.008361        0.558835        0.072326

     C   20       -0.226365       -0.256986       -0.228599
     C   20       -0.256986       -0.244018        0.395796
     C   20       -0.228599        0.395796        0.470383

     H   21        0.056925        0.108270       -0.388242
     H   21        0.108270        0.433138       -0.099966
     H   21       -0.388242       -0.099966       -0.490062

     C   22       -0.254438       -0.378109       -0.336943
     C   22       -0.378109       -0.223893        0.403379
     C   22       -0.336943        0.403379        0.478331

     C   23       -0.099619        0.065949       -0.461280
     C   23        0.065949       -0.111549        0.518162
     C   23       -0.461280        0.518162        0.211167

     Cl  24       -0.046874       -0.112910       -0.048361
     Cl  24       -0.112910       -0.036720        0.000673
     Cl  24       -0.048361        0.000673        0.083594

     ----- ionic term -----
     Cl   1        0.099969       -0.219213       -0.027972
     Cl   1       -0.219213        0.045048        0.031588
     Cl   1       -0.027972        0.031588       -0.145017

     C    2        0.245545       -0.190535        0.205627
     C    2       -0.190535        0.057845        0.426678
     C    2        0.205627        0.426678       -0.303391

     C    3        0.133392       -0.266460        0.171589
     C    3       -0.266460        0.105877        0.424151
     C    3        0.171589        0.424151       -0.239269

     H    4        0.597579        0.141064        0.732495
     H    4        0.141064       -0.522205        0.168559
     H    4        0.732495        0.168559       -0.075373

     C    5        0.287091       -0.236684        0.271988
     C    5       -0.236684       -0.022574        0.320263
     C    5        0.271988        0.320263       -0.264517

     H    6       -0.511859        0.161816        0.159340
     H    6        0.161816        0.422621        0.796174
     H    6        0.159340        0.796174        0.089238

     H    7       -0.496091       -0.242767        0.124762
     H    7       -0.242767        0.738021       -0.633828
     H    7        0.124762       -0.633828       -0.241930

     C    8        0.210336        0.278285        0.263227
     C    8        0.278285        0.110135       -0.267320
     C    8        0.263227       -0.267320       -0.320472

     H    9        0.633561       -0.182640        0.701992
     H    9       -0.182640       -0.469864       -0.188716
     H    9        0.701992       -0.188716       -0.163697

     C   10        0.105735        0.318376        0.186283
     C   10        0.318376        0.203918       -0.406578
     C   10        0.186283       -0.406578       -0.309653

     C   11        0.153696        0.247011        0.300987
     C   11        0.247011        0.090393       -0.400942
     C   11        0.300987       -0.400942       -0.244089

     Cl  12        0.126402        0.231909       -0.003819
     Cl  12        0.231909        0.024341       -0.013101
     Cl  12       -0.003819       -0.013101       -0.150742

     H   13       -0.475209        0.202362        0.128659
     H   13        0.202362        0.536844        0.743824
     H   13        0.128659        0.743824       -0.061635

     C   14        0.359776       -0.179590        0.224104
     C   14       -0.179590        0.019574        0.316359
     C   14        0.224104        0.316359       -0.379350

     H   15        0.526820        0.365149        0.682630
     H   15        0.365149       -0.374880        0.294623
     H   15        0.682630        0.294623       -0.151941

     C   16        0.122191       -0.176525        0.183629
     C   16       -0.176525        0.206654        0.419048
     C   16        0.183629        0.419048       -0.328845

     C   17        0.155976       -0.186907        0.317349
     C   17       -0.186907        0.146087        0.346639
     C   17        0.317349        0.346639       -0.302062

     Cl  18        0.070982       -0.204514        0.010499
     Cl  18       -0.204514        0.073097       -0.002308
     Cl  18        0.010499       -0.002308       -0.144078

     H   19       -0.518650       -0.033625        0.046988
     H   19       -0.033625        0.702723       -0.684842
     H   19        0.046988       -0.684842       -0.184073

     C   20        0.214234        0.298296        0.316435
     C   20        0.298296        0.089587       -0.255117
     C   20        0.316435       -0.255117       -0.303821

     H   21        0.399523       -0.088706        0.809708
     H   21       -0.088706       -0.518724       -0.154927
     H   21        0.809708       -0.154927        0.119201

     C   22        0.074748        0.347027        0.240238
     C   22        0.347027        0.138953       -0.335882
     C   22        0.240238       -0.335882       -0.213701

     C   23        0.201070        0.279321        0.280527
     C   23        0.279321        0.023812       -0.337301
     C   23        0.280527       -0.337301       -0.224882

     Cl  24        0.147580        0.211521        0.009579
     Cl  24        0.211521        0.000593       -0.004153
     Cl  24        0.009579       -0.004153       -0.148172

     ----- GIPAW term -----
     Cl   1        0.084847       -1.230779        1.379228
     Cl   1       -1.230779       -1.307615        0.437698
     Cl   1        1.379228        0.437698        1.222768

     C    2       -0.034915       -0.142395       -0.038960
     C    2       -0.142395       -0.052471       -0.115028
     C    2       -0.038960       -0.115028        0.087386

     C    3       -0.026763       -0.015785       -0.079139
     C    3       -0.015785       -0.018756       -0.088477
     C    3       -0.079139       -0.088477        0.045519

     H    4       -0.000000        0.000000        0.000000
     H    4        0.000000        0.000000        0.000000
     H    4        0.000000        0.000000        0.000000

     C    5        0.018616        0.063381        0.099091
     C    5        0.063381       -0.142869       -0.091489
     C    5        0.099091       -0.091489        0.124252

     H    6       -0.000000        0.000000        0.000000
     H    6        0.000000        0.000000        0.000000
     H    6        0.000000        0.000000        0.000000

     H    7       -0.000000        0.000000        0.000000
     H    7        0.000000        0.000000        0.000000
     H    7        0.000000        0.000000        0.000000

     C    8       -0.077063        0.092037        0.101656
     C    8        0.092037        0.078498        0.164478
     C    8        0.101656        0.164478       -0.001435

     H    9       -0.000000        0.000000        0.000000
     H    9        0.000000        0.000000        0.000000
     H    9        0.000000        0.000000        0.000000

     C   10       -0.122411        0.015996       -0.033219
     C   10        0.015996        0.228012        0.159854
     C   10       -0.033219        0.159854       -0.105601

     C   11       -0.110992       -0.020010       -0.061113
     C   11       -0.020010        0.248429        0.010856
     C   11       -0.061113        0.010856       -0.137438

     Cl  12        0.819529        0.593956        0.321743
     Cl  12        0.593956        1.516732       -0.784771
     Cl  12        0.321743       -0.784771       -2.336261

     H   13       -0.000000        0.000000        0.000000
     H   13        0.000000        0.000000        0.000000
     H   13        0.000000        0.000000        0.000000

     C   14       -0.041324       -0.064266       -0.017947
     C   14       -0.064266        0.063026       -0.034397
     C   14       -0.017947       -0.034397       -0.021703

     H   15       -0.000000        0.000000        0.000000
     H   15        0.000000        0.000000        0.000000
     H   15        0.000000        0.000000        0.000000

     C   16       -0.063090       -0.111088       -0.097225
     C   16       -0.111088        0.079313        0.032476
     C   16       -0.097225        0.032476       -0.016223

     C   17       -0.088330        0.033576        0.000180
     C   17        0.033576        0.152925        0.118435
     C   17        0.000180        0.118435       -0.064595

     Cl  18        0.463270        0.529831        0.338412
     Cl  18        0.529831        1.917198        0.704184
     Cl  18        0.338412        0.704184       -2.380468

     H   19       -0.000000        0.000000        0.000000
     H   19        0.000000        0.000000        0.000000
     H   19        0.000000        0.000000        0.000000

     C   20       -0.048631       -0.051616       -0.010717
     C   20       -0.051616       -0.092764        0.029419
     C   20       -0.010717        0.029419        0.141396

     H   21       -0.000000        0.000000        0.000000
     H   21        0.000000        0.000000        0.000000
     H   21        0.000000        0.000000        0.000000

     C   22       -0.075973       -0.068343       -0.160841
     C   22       -0.068343       -0.086912        0.082373
     C   22       -0.160841        0.082373        0.162885

     C   23        0.114814        0.138604       -0.097380
     C   23        0.138604       -0.029304        0.082113
     C   23       -0.097380        0.082113       -0.085510

     Cl  24        1.400400        1.952432       -0.388218
     Cl  24        1.952432       -0.113973       -0.015960
     Cl  24       -0.388218       -0.015960       -1.286427

     ----- total EFG -----
     Cl   1        0.040595       -1.314808        1.472264
     Cl   1       -1.314808       -1.382750        0.506143
     Cl   1        1.472264        0.506143        1.342155

     C    2       -0.105347       -0.381676       -0.171733
     C    2       -0.381676       -0.072749       -0.215753
     C    2       -0.171733       -0.215753        0.178096

     C    3       -0.036523       -0.124191       -0.209007
     C    3       -0.124191       -0.133168       -0.201016
     C    3       -0.209007       -0.201016        0.169691

     H    4        0.237715        0.189836        0.187874
     H    4        0.189836       -0.299022        0.136884
     H    4        0.187874        0.136884        0.061307

     C    5        0.104796        0.211945        0.300704
     C    5        0.211945       -0.462500       -0.190991
     C    5        0.300704       -0.190991        0.357704

     H    6       -0.233821        0.092728       -0.237684
     H    6        0.092728        0.400035        0.387873
     H    6       -0.237684        0.387873       -0.166214

     H    7       -0.480669       -0.155616       -0.171080
     H    7       -0.155616        0.527609       -0.163346
     H    7       -0.171080       -0.163346       -0.046940

     C    8       -0.324966        0.047510        0.319014
     C    8        0.047510        0.251672        0.293465
     C    8        0.319014        0.293465        0.073295

     H    9        0.455802       -0.335406        0.168098
     H    9       -0.335406       -0.452218       -0.266499
     H    9        0.168098       -0.266499       -0.003585

     C   10       -0.061248        0.219171       -0.060353
     C   10        0.219171        0.382554        0.425090
     C   10       -0.060353        0.425090       -0.321306

     C   11       -0.484362       -0.092513       -0.169975
     C   11       -0.092513        0.606323       -0.125834
     C   11       -0.169975       -0.125834       -0.121961

     Cl  12        0.919905        0.692938        0.347662
     Cl  12        0.692938        1.664971       -0.878445
     Cl  12        0.347662       -0.878445       -2.584876

     H   13       -0.362316        0.165164       -0.187561
     H   13        0.165164        0.314362        0.276330
     H   13       -0.187561        0.276330        0.047954

     C   14       -0.155091        0.078246       -0.040950
     C   14        0.078246        0.137015        0.009793
     C   14       -0.040950        0.009793        0.018076

     H   15        0.029798        0.226707        0.227571
     H   15        0.226707       -0.063222        0.115510
     H   15        0.227571        0.115510        0.033424

     C   16        0.041722       -0.288532       -0.208243
     C   16       -0.288532        0.040084       -0.072084
     C   16       -0.208243       -0.072084       -0.081806

     C   17       -0.477980        0.106790       -0.055817
     C   17        0.106790        0.524913        0.301783
     C   17       -0.055817        0.301783       -0.046933

     Cl  18        0.541499        0.391866        0.348510
     Cl  18        0.391866        1.982692        0.720342
     Cl  18        0.348510        0.720342       -2.524192

     H   19       -0.118391       -0.015127        0.038627
     H   19       -0.015127        0.230138       -0.126007
     H   19        0.038627       -0.126007       -0.111747

     C   20       -0.060762       -0.010306        0.077119
     C   20       -0.010306       -0.247195        0.170098
     C   20        0.077119        0.170098        0.307958

     H   21        0.456448        0.019564        0.421466
     H   21        0.019564       -0.085587       -0.254894
     H   21        0.421466       -0.254894       -0.370862

     C   22       -0.255662       -0.099425       -0.257546
     C   22       -0.099425       -0.171852        0.149870
     C   22       -0.257546        0.149870        0.427514

     C   23        0.216265        0.483875       -0.278133
     C   23        0.483875       -0.117040        0.262974
     C   23       -0.278133        0.262974       -0.099225

     Cl  24        1.501105        2.051042       -0.427000
     Cl  24        2.051042       -0.150101       -0.019440
     Cl  24       -0.427000       -0.019440       -1.351004

     ----- total EFG (symmetrized) -----
     Cl   1        0.040595       -1.314808        1.472264
     Cl   1       -1.314808       -1.382750        0.506143
     Cl   1        1.472264        0.506143        1.342155

     C    2       -0.105347       -0.381676       -0.171733
     C    2       -0.381676       -0.072749       -0.215753
     C    2       -0.171733       -0.215753        0.178096

     C    3       -0.036523       -0.124191       -0.209007
     C    3       -0.124191       -0.133168       -0.201016
     C    3       -0.209007       -0.201016        0.169691

     H    4        0.237715        0.189836        0.187874
     H    4        0.189836       -0.299022        0.136884
     H    4        0.187874        0.136884        0.061307

     C    5        0.104796        0.211945        0.300704
     C    5        0.211945       -0.462500       -0.190991
     C    5        0.300704       -0.190991        0.357704

     H    6       -0.233821        0.092728       -0.237684
     H    6        0.092728        0.400035        0.387873
     H    6       -0.237684        0.387873       -0.166214

     H    7       -0.480669       -0.155616       -0.171080
     H    7       -0.155616        0.527609       -0.163346
     H    7       -0.171080       -0.163346       -0.046940

     C    8       -0.324966        0.047510        0.319014
     C    8        0.047510        0.251672        0.293465
     C    8        0.319014        0.293465        0.073295

     H    9        0.455802       -0.335406        0.168098
     H    9       -0.335406       -0.452218       -0.266499
     H    9        0.168098       -0.266499       -0.003585

     C   10       -0.061248        0.219171       -0.060353
     C   10        0.219171        0.382554        0.425090
     C   10       -0.060353        0.425090       -0.321306

     C   11       -0.484362       -0.092513       -0.169975
     C   11       -0.092513        0.606323       -0.125834
     C   11       -0.169975       -0.125834       -0.121961

     Cl  12        0.919905        0.692938        0.347662
     Cl  12        0.692938        1.664971       -0.878445
     Cl  12        0.347662       -0.878445       -2.584876

     H   13       -0.362316        0.165164       -0.187561
     H   13        0.165164        0.314362        0.276330
     H   13       -0.187561        0.276330        0.047954

     C   14       -0.155091        0.078246       -0.040950
     C   14        0.078246        0.137015        0.009793
     C   14       -0.040950        0.009793        0.018076

     H   15        0.029798        0.226707        0.227571
     H   15        0.226707       -0.063222        0.115510
     H   15        0.227571        0.115510        0.033424

     C   16        0.041722       -0.288532       -0.208243
     C   16       -0.288532        0.040084       -0.072084
     C   16       -0.208243       -0.072084       -0.081806

     C   17       -0.477980        0.106790       -0.055817
     C   17        0.106790        0.524913        0.301783
     C   17       -0.055817        0.301783       -0.046933

     Cl  18        0.541499        0.391866        0.348510
     Cl  18        0.391866        1.982692        0.720342
     Cl  18        0.348510        0.720342       -2.524192

     H   19       -0.118391       -0.015127        0.038627
     H   19       -0.015127        0.230138       -0.126007
     H   19        0.038627       -0.126007       -0.111747

     C   20       -0.060762       -0.010306        0.077119
     C   20       -0.010306       -0.247195        0.170098
     C   20        0.077119        0.170098        0.307958

     H   21        0.456448        0.019564        0.421466
     H   21        0.019564       -0.085587       -0.254894
     H   21        0.421466       -0.254894       -0.370862

     C   22       -0.255662       -0.099425       -0.257546
     C   22       -0.099425       -0.171852        0.149870
     C   22       -0.257546        0.149870        0.427514

     C   23        0.216265        0.483875       -0.278133
     C   23        0.483875       -0.117040        0.262974
     C   23       -0.278133        0.262974       -0.099225

     Cl  24        1.501105        2.051042       -0.427000
     Cl  24        2.051042       -0.150101       -0.019440
     Cl  24       -0.427000       -0.019440       -1.351004


     NQR/NMR SPECTROSCOPIC PARAMETERS:
     Cl   1    Vxx=    0.2297    axis=(  0.591878 -0.637466 -0.493273)
     Cl   1    Vyy=    2.3286    axis=(  0.576151 -0.093374  0.811992)
     Cl   1    Vzz=   -2.5583    axis=( -0.563676 -0.764800  0.312011)
     Cl   1  Q=        -8.1650 1e-30 m^2  Cq=        49.0794 MHz  eta= 0.82044

     C    2    Vxx=    0.2499    axis=( -0.632700  0.260859  0.729139)
     C    2    Vyy=    0.3210    axis=(  0.391917 -0.704211  0.592021)
     C    2    Vzz=   -0.5710    axis=(  0.667901  0.660333  0.343319)
     C    2  Q=         1.0000 1e-30 m^2  Cq=        -1.3416 MHz  eta= 0.12456

     C    3    Vxx=    0.0405    axis=(  0.728162 -0.672702  0.131343)
     C    3    Vyy=    0.3293    axis=( -0.406869 -0.270028  0.872664)
     C    3    Vzz=   -0.3698    axis=( -0.551577 -0.688881 -0.470326)
     C    3  Q=         1.0000 1e-30 m^2  Cq=        -0.8690 MHz  eta= 0.78094

     H    4    Vxx=   -0.0575    axis=( -0.553236  0.036822  0.832210)
     H    4    Vyy=   -0.3743    axis=( -0.234458  0.951754 -0.197974)
     H    4    Vzz=    0.4318    axis=( -0.799349 -0.304645 -0.517911)
     H    4  Q=         1.0000 1e-30 m^2  Cq=         1.0145 MHz  eta= 0.73352

     C    5    Vxx=    0.0573    axis=(  0.754485  0.474341 -0.453601)
     C    5    Vyy=    0.5594    axis=( -0.535961  0.046389 -0.842967)
     C    5    Vzz=   -0.6167    axis=( -0.378811  0.879118  0.289228)
     C    5  Q=         1.0000 1e-30 m^2  Cq=        -1.4489 MHz  eta= 0.81429

     H    6    Vxx=   -0.0371    axis=(  0.788704  0.305854 -0.533291)
     H    6    Vyy=   -0.5608    axis=( -0.613905  0.345722 -0.709646)
     H    6    Vzz=    0.5979    axis=( -0.032678  0.887090  0.460437)
     H    6  Q=         1.0000 1e-30 m^2  Cq=         1.4049 MHz  eta= 0.87574

     H    7    Vxx=   -0.0051    axis=( -0.381751  0.167204  0.909015)
     H    7    Vyy=   -0.5770    axis=(  0.918164  0.181428  0.352221)
     H    7    Vzz=    0.5822    axis=( -0.106028  0.969086 -0.222781)
     H    7  Q=         1.0000 1e-30 m^2  Cq=         1.3679 MHz  eta= 0.98235

     C    8    Vxx=   -0.0184    axis=(  0.471185 -0.685664  0.554842)
     C    8    Vyy=   -0.5171    axis=( -0.837027 -0.149218  0.526422)
     C    8    Vzz=    0.5356    axis=(  0.278156  0.712460  0.644228)
     C    8  Q=         1.0000 1e-30 m^2  Cq=         1.2584 MHz  eta= 0.93110

     H    9    Vxx=   -0.0278    axis=( -0.442301 -0.199511  0.874394)
     H    9    Vyy=   -0.6321    axis=(  0.232053  0.916287  0.326451)
     H    9    Vzz=    0.6599    axis=( -0.866326  0.347295 -0.358977)
     H    9  Q=         1.0000 1e-30 m^2  Cq=         1.5505 MHz  eta= 0.91572

     C   10    Vxx=   -0.0602    axis=(  0.922508 -0.098303 -0.373250)
     C   10    Vyy=   -0.5668    axis=( -0.294356  0.446331 -0.845070)
     C   10    Vzz=    0.6270    axis=(  0.249666  0.889452  0.382808)
     C   10  Q=         1.0000 1e-30 m^2  Cq=         1.4733 MHz  eta= 0.80803

     C   11    Vxx=   -0.0645    axis=( -0.394619  0.116552  0.911423)
     C   11    Vyy=   -0.5667    axis=(  0.916966  0.113353  0.382524)
     C   11    Vzz=    0.6312    axis=( -0.058728  0.986695 -0.151605)
     C   11  Q=         1.0000 1e-30 m^2  Cq=         1.4830 MHz  eta= 0.79575

     Cl  12    Vxx=    0.6667    axis=( -0.879900  0.426568 -0.209323)
     Cl  12    Vyy=    2.1545    axis=(  0.457337  0.879810 -0.129525)
     Cl  12    Vzz=   -2.8212    axis=( -0.128913  0.209700  0.969230)
     Cl  12  Q=        -8.1650 1e-30 m^2  Cq=        54.1228 MHz  eta= 0.52737

     H   13    Vxx=    0.0287    axis=( -0.529636 -0.411306  0.741831)
     H   13    Vyy=    0.4901    axis=( -0.053139 -0.856762 -0.512967)
     H   13    Vzz=   -0.5187    axis=( -0.846559  0.311106 -0.431915)
     H   13  Q=         1.0000 1e-30 m^2  Cq=        -1.2188 MHz  eta= 0.88952

     C   14    Vxx=    0.0269    axis=( -0.197415  0.053209  0.978875)
     C   14    Vyy=    0.1567    axis=( -0.243877 -0.969800  0.003531)
     C   14    Vzz=   -0.1835    axis=(  0.949501 -0.238028  0.204430)
     C   14  Q=         1.0000 1e-30 m^2  Cq=        -0.4312 MHz  eta= 0.70721

     H   15    Vxx=   -0.1254    axis=( -0.219099 -0.612465  0.759528)
     H   15    Vyy=   -0.2656    axis=(  0.715780 -0.629905 -0.301461)
     H   15    Vzz=    0.3909    axis=(  0.663064  0.477605  0.576402)
     H   15  Q=         1.0000 1e-30 m^2  Cq=         0.9185 MHz  eta= 0.35861

     C   16    Vxx=    0.0290    axis=( -0.218704 -0.577384  0.786636)
     C   16    Vyy=    0.3546    axis=( -0.741239  0.622589  0.250892)
     C   16    Vzz=   -0.3836    axis=( -0.634612 -0.528214 -0.564143)
     C   16  Q=         1.0000 1e-30 m^2  Cq=        -0.9012 MHz  eta= 0.84878

     C   17    Vxx=   -0.1506    axis=( -0.269001 -0.357081  0.894501)
     C   17    Vyy=   -0.5092    axis=( -0.960786  0.164383 -0.223314)
     C   17    Vzz=    0.6598    axis=( -0.067300 -0.919495 -0.387297)
     C   17  Q=         1.0000 1e-30 m^2  Cq=         1.5504 MHz  eta= 0.54347

     Cl  18    Vxx=    0.4495    axis=(  0.962137 -0.268349  0.047756)
     Cl  18    Vyy=    2.2125    axis=(  0.257478  0.952305  0.163767)
     Cl  18    Vzz=   -2.6620    axis=( -0.089425 -0.145271  0.985342)
     Cl  18  Q=        -8.1650 1e-30 m^2  Cq=        51.0695 MHz  eta= 0.66228

     H   19    Vxx=   -0.1008    axis=(  0.852116  0.219814  0.474952)
     H   19    Vyy=   -0.1726    axis=( -0.518951  0.237437  0.821166)
     H   19    Vzz=    0.2734    axis=(  0.067733 -0.946206  0.316396)
     H   19  Q=         1.0000 1e-30 m^2  Cq=         0.6423 MHz  eta= 0.26276

     C   20    Vxx=   -0.0686    axis=(  0.977367 -0.172719 -0.122152)
     C   20    Vyy=   -0.2993    axis=(  0.132513  0.949946 -0.282919)
     C   20    Vzz=    0.3679    axis=(  0.164904  0.260329  0.951334)
     C   20  Q=         1.0000 1e-30 m^2  Cq=         0.8644 MHz  eta= 0.62716

     H   21    Vxx=    0.0096    axis=(  0.261879  0.910534 -0.319919)
     H   21    Vyy=    0.6429    axis=( -0.906096  0.117838 -0.406330)
     H   21    Vzz=   -0.6525    axis=( -0.332279  0.396286  0.855890)
     H   21  Q=         1.0000 1e-30 m^2  Cq=        -1.5331 MHz  eta= 0.97058

     C   22    Vxx=   -0.1989    axis=(  0.215283 -0.926023  0.310055)
     C   22    Vyy=   -0.3564    axis=( -0.922575 -0.296955 -0.246320)
     C   22    Vzz=    0.5553    axis=( -0.320170  0.233020  0.918255)
     C   22  Q=         1.0000 1e-30 m^2  Cq=         1.3048 MHz  eta= 0.28363

     C   23    Vxx=    0.1275    axis=( -0.193294  0.515359  0.834891)
     C   23    Vyy=    0.5716    axis=( -0.834309 -0.534121  0.136540)
     C   23    Vzz=   -0.6991    axis=(  0.516300 -0.670165  0.533211)
     C   23  Q=         1.0000 1e-30 m^2  Cq=        -1.6425 MHz  eta= 0.63523

     Cl  24    Vxx=   -1.2239    axis=( -0.265180  0.521198  0.811192)
     Cl  24    Vyy=   -1.6938    axis=(  0.493998 -0.649063  0.578518)
     Cl  24    Vzz=    2.9177    axis=( -0.828037 -0.554139  0.085352)
     Cl  24  Q=        -8.1650 1e-30 m^2  Cq=       -55.9749 MHz  eta= 0.16105

     Initialization:
     gipaw_setup  :      9.07s CPU     11.38s WALL (       1 calls)

     Linear response

     Apply operators

     Induced current

     Other routines
     efg          :      9.56s CPU     13.01s WALL (       1 calls)

     General routines
     calbec       :      3.52s CPU      5.09s WALL (      16 calls)
     fft          :      1.72s CPU      2.86s WALL (      15 calls)
     ffts         :      0.03s CPU      0.04s WALL (       2 calls)
     fftw         :      3.29s CPU      4.22s WALL (     672 calls)
     davcio       :      0.02s CPU      0.31s WALL (      32 calls)

     Parallel routines
     fft_scatter  :      2.31s CPU      4.33s WALL (     689 calls)

     Plugins

     GIPAW        :     61.71s CPU     75.36s WALL (       1 calls)
