
     Program QE v.6.0 (svn rev. 13079) starts on  3Jan2017 at  7:34:39 

     This program is part of the open-source Quantum ESPRESSO suite
     for quantum simulation of materials; please cite
         "P. Giannozzi et al., J. Phys.:Condens. Matter 21 395502 (2009);
          URL http://www.quantum-espresso.org", 
     in publications or presentations arising from this work. More details at
     http://www.quantum-espresso.org/quote

     Parallel version (MPI), running on     8 processors
     R & G space division:  proc/nbgrp/npool/nimage =       8

     ***** This is GIPAW svn revision unknown      *****

     Parallelizing q-star over 1 images

     Reading data from directory:
     /users/majewski/paradichlorobenzene/pbe/9_constraint/scratch/pbe.ecut100.np8.dt60.pcl2phi-129368.save
     Message from routine read_xml_file:
     file /users/majewski/paradichlorobenzene/pbe/9_constraint/scratch/pbe.ecut100.np8.dt60.pcl2phi-129368.save not guaranteed to be safe for post-processing

   Info: using nr1, nr2, nr3 values from input

   Info: using nr1, nr2, nr3 values from input

     IMPORTANT: XC functional enforced from input :
     Exchange-correlation      =  SLA  PW   PBX  PBC ( 1  4  3  4 0 0)
     Any further DFT definition will be discarded
     Please, verify this is what you really want

               file C.pbe-n-kjpaw_psl.1.0.0.UPF: wavefunction(s)  2S 2P renormalized
               file Cl.pbe-n-kjpaw_psl.1.0.0.UPF: wavefunction(s)  3S 3P renormalized
               file H.pbe-kjpaw_psl.1.0.0.UPF: wavefunction(s)  1S renormalized

     Parallelization info
     --------------------
     sticks:   dense  smooth     PW     G-vecs:    dense   smooth      PW
     Min        3057    1223    332               144436    36536    5170
     Max        3059    1225    333               144437    36537    5171
     Sum       24467    9791   2657              1155489   292295   41363


     Subspace diagonalization in iterative solution of the eigenvalue problem:
     a serial algorithm will be used

     GIPAW projectors -----------------------------------------------
     atom=  C    l=0  rc=    1.2000  rs=    0.8000
     atom=  C    l=0  rc=    1.2000  rs=    0.8000
     atom=  C    l=1  rc=    1.4000  rs=    0.9333
     atom=  C    l=1  rc=    1.4000  rs=    0.9333
     projs nearly linearly dependent: l=1  n1,n2= 1, 2  s=  0.99951561

     atom=  Cl   l=0  rc=    1.6000  rs=    1.0667
     atom=  Cl   l=0  rc=    1.6000  rs=    1.0667
     atom=  Cl   l=1  rc=    1.6000  rs=    1.0667
     atom=  Cl   l=1  rc=    1.6000  rs=    1.0667
     atom=  Cl   l=2  rc=    1.6000  rs=    1.0667
     atom=  Cl   l=2  rc=    1.6000  rs=    1.0667
     projs nearly linearly dependent: l=2  n1,n2= 1, 2  s=  0.99993509

     atom=  H    l=0  rc=    1.0000  rs=    0.6667
     atom=  H    l=0  rc=    1.0000  rs=    0.6667
     projs nearly linearly dependent: l=0  n1,n2= 1, 2  s=  0.99968852
     -----------------------------------------------------------------

     GIPAW integrals: -------------------------------------------
     Atom  i/j   nmr_para   nmr_dia   epr_rmc  epr_para   epr_dia
       C   1 1   0.83E+03  0.17E-01  0.93E+01  0.24E+08  0.24E+03
       C   2 1   0.86E+03 -0.61E-01  0.94E+01  0.25E+08  0.25E+03
       C   2 2   0.90E+03 -0.15E+00  0.97E+01  0.26E+08  0.26E+03
       C   3 3   0.33E+01  0.34E+00  0.18E+01  0.55E+03  0.21E+02
       C   4 3   0.35E+01  0.37E+00  0.20E+01  0.59E+03  0.22E+02
       C   4 4   0.38E+01  0.39E+00  0.22E+01  0.63E+03  0.24E+02
       Cl  1 1   0.14E+04 -0.47E+00  0.84E+01  0.32E+09  0.42E+03
       Cl  2 1   0.21E+04 -0.37E+00  0.12E+02  0.49E+09  0.65E+03
       Cl  2 2   0.33E+04 -0.16E+00  0.21E+02  0.76E+09  0.10E+04
       Cl  3 3   0.21E+02  0.79E-01  0.89E+01  0.23E+05  0.13E+03
       Cl  4 3   0.24E+02  0.67E-01  0.99E+01  0.27E+05  0.15E+03
       Cl  4 4   0.28E+02  0.44E-01  0.11E+02  0.32E+05  0.18E+03
       Cl  5 5   0.77E+00  0.19E+00  0.18E+01  0.12E+03  0.22E+02
       Cl  6 5   0.80E+00  0.19E+00  0.19E+01  0.12E+03  0.23E+02
       Cl  6 6   0.83E+00  0.20E+00  0.19E+01  0.12E+03  0.23E+02
       H   1 1   0.39E+02  0.19E+00  0.29E+00  0.78E+05  0.13E+02
       H   2 1   0.41E+02  0.21E+00  0.32E+00  0.82E+05  0.14E+02
       H   2 2   0.43E+02  0.22E+00  0.36E+00  0.86E+05  0.15E+02
     ------------------------------------------------------------

     alpha_pv=     34.1253 eV

     Number of occupied bands for each k-point:
     k-point:     1    nbnd_occ=  42
     k-point:     2    nbnd_occ=  42
     k-point:     3    nbnd_occ=  42
     k-point:     4    nbnd_occ=  42
     k-point:     5    nbnd_occ=  42
     k-point:     6    nbnd_occ=  42
     k-point:     7    nbnd_occ=  42
     k-point:     8    nbnd_occ=  42
     k-point:     9    nbnd_occ=  42
     k-point:    10    nbnd_occ=  42
     k-point:    11    nbnd_occ=  42
     k-point:    12    nbnd_occ=  42
     k-point:    13    nbnd_occ=  42
     k-point:    14    nbnd_occ=  42
     k-point:    15    nbnd_occ=  42
     k-point:    16    nbnd_occ=  42


     q-space interpolation up to   110.00 Rydberg

     GIPAW job: efg                                                                             


     ELECTRIC FIELD GRADIENTS TENSORS IN Hartree/bohrradius^2:

     ----- bare term -----
     Cl   1       -0.076799       -0.043409        0.019203
     Cl   1       -0.043409       -0.004325        0.148606
     Cl   1        0.019203        0.148606        0.081124

     C    2       -0.618334        0.252253       -0.379849
     C    2        0.252253        0.149090       -0.135324
     C    2       -0.379849       -0.135324        0.469244

     C    3       -0.009438        0.384182        0.005188
     C    3        0.384182       -0.559019       -0.426947
     C    3        0.005188       -0.426947        0.568457

     H    4       -0.537639       -0.152738       -0.194747
     H    4       -0.152738        0.388363       -0.299544
     H    4       -0.194747       -0.299544        0.149275

     C    5       -0.798221        0.291284       -0.384343
     C    5        0.291284        0.242015       -0.055348
     C    5       -0.384343       -0.055348        0.556206

     H    6        0.318651        0.050634       -0.197403
     H    6        0.050634       -0.511247       -0.445411
     H    6       -0.197403       -0.445411        0.192597

     H    7        0.481368        0.150700       -0.001550
     H    7        0.150700       -0.781037       -0.043309
     H    7       -0.001550       -0.043309        0.299669

     C    8       -0.298712       -0.012614       -0.306609
     C    8       -0.012614        0.013783        0.563672
     C    8       -0.306609        0.563672        0.284929

     H    9       -0.419323        0.414235        0.162524
     H    9        0.414235        0.275195       -0.092086
     H    9        0.162524       -0.092086        0.144128

     C   10       -0.144306       -0.248448        0.078009
     C   10       -0.248448       -0.200565        0.274597
     C   10        0.078009        0.274597        0.344871

     C   11       -0.140699        0.188522       -0.204723
     C   11        0.188522       -0.001181        0.307272
     C   11       -0.204723        0.307272        0.141880

     Cl  12        0.095434       -0.170996        0.067412
     Cl  12       -0.170996       -0.012062       -0.337840
     Cl  12        0.067412       -0.337840       -0.083372

     H   13        0.434850        0.028541       -0.044083
     H   13        0.028541       -0.777851        0.016447
     H   13       -0.044083        0.016447        0.343001

     C   14       -0.110392        0.014546       -0.234913
     C   14        0.014546        0.043041       -0.474849
     C   14       -0.234913       -0.474849        0.067351

     H   15       -0.133235       -0.496449       -0.230971
     H   15       -0.496449       -0.263138       -0.110533
     H   15       -0.230971       -0.110533        0.396373

     C   16       -0.633019        0.303305       -0.243042
     C   16        0.303305        0.247864       -0.101110
     C   16       -0.243042       -0.101110        0.385155

     C   17        0.032706        0.117650       -0.146751
     C   17        0.117650       -0.185368       -0.450541
     C   17       -0.146751       -0.450541        0.152661

     Cl  18       -0.127419        0.214905       -0.001419
     Cl  18        0.214905       -0.018380       -0.007732
     Cl  18       -0.001419       -0.007732        0.145799

     H   19        0.073660        0.021801       -0.451817
     H   19        0.021801       -0.035057        0.381270
     H   19       -0.451817        0.381270       -0.038603

     C   20       -0.317521       -0.370861        0.102376
     C   20       -0.370861       -0.008744        0.371761
     C   20        0.102376        0.371761        0.326265

     H   21       -0.491771       -0.253155       -0.384475
     H   21       -0.253155        0.166757        0.090829
     H   21       -0.384475        0.090829        0.325014

     C   22        0.037034        0.266114       -0.342324
     C   22        0.266114       -0.121550        0.665481
     C   22       -0.342324        0.665481        0.084516

     C   23       -0.470976       -0.288455       -0.310192
     C   23       -0.288455        0.130196        0.392720
     C   23       -0.310192        0.392720        0.340780

     Cl  24       -0.071287        0.060551       -0.005590
     Cl  24        0.060551       -0.015293       -0.129309
     Cl  24       -0.005590       -0.129309        0.086580

     ----- ionic term -----
     Cl   1        0.168251       -0.220108       -0.000501
     Cl   1       -0.220108       -0.009355        0.009205
     Cl   1       -0.000501        0.009205       -0.158897

     C    2        0.217385       -0.143602        0.135274
     C    2       -0.143602        0.211837        0.394804
     C    2        0.135274        0.394804       -0.429222

     C    3        0.207412       -0.258390        0.131125
     C    3       -0.258390        0.211592        0.361093
     C    3        0.131125        0.361093       -0.419003

     H    4        0.722259        0.339600        0.583619
     H    4        0.339600       -0.384821        0.220582
     H    4        0.583619        0.220582       -0.337437

     C    5        0.298896       -0.151174        0.235318
     C    5       -0.151174        0.099007        0.309334
     C    5        0.235318        0.309334       -0.397903

     H    6       -0.538094        0.008542        0.007196
     H    6        0.008542        0.750405        0.649660
     H    6        0.007196        0.649660       -0.212311

     H    7       -0.503051       -0.130550        0.063476
     H    7       -0.130550        0.787909       -0.628176
     H    7        0.063476       -0.628176       -0.284858

     C    8        0.330404        0.134866        0.158721
     C    8        0.134866        0.035739       -0.336651
     C    8        0.158721       -0.336651       -0.366143

     H    9        0.860398       -0.259250        0.511630
     H    9       -0.259250       -0.471465       -0.193816
     H    9        0.511630       -0.193816       -0.388933

     C   10        0.222537        0.201560        0.074197
     C   10        0.201560        0.120842       -0.440640
     C   10        0.074197       -0.440640       -0.343379

     C   11        0.293826        0.108004        0.188478
     C   11        0.108004        0.057366       -0.416594
     C   11        0.188478       -0.416594       -0.351192

     Cl  12        0.167549        0.192032       -0.009385
     Cl  12        0.192032       -0.016354       -0.025150
     Cl  12       -0.009385       -0.025150       -0.151196

     H   13       -0.484025       -0.013961       -0.012881
     H   13       -0.013961        0.851779        0.536732
     H   13       -0.012881        0.536732       -0.367754

     C   14        0.355141       -0.133531        0.178288
     C   14       -0.133531        0.129644        0.250825
     C   14        0.178288        0.250825       -0.484785

     H   15        0.617887        0.370173        0.621182
     H   15        0.370173       -0.356476        0.259494
     H   15        0.621182        0.259494       -0.261411

     C   16        0.224156       -0.177281        0.187660
     C   16       -0.177281        0.214919        0.299043
     C   16        0.187660        0.299043       -0.439075

     C   17        0.257968       -0.101847        0.319971
     C   17       -0.101847        0.171318        0.304737
     C   17        0.319971        0.304737       -0.429286

     Cl  18        0.154804       -0.203137        0.054314
     Cl  18       -0.203137        0.008004       -0.029173
     Cl  18        0.054314       -0.029173       -0.162809

     H   19       -0.475898       -0.276756        0.139974
     H   19       -0.276756        0.713565       -0.650249
     H   19        0.139974       -0.650249       -0.237667

     C   20        0.322570        0.086272        0.149175
     C   20        0.086272        0.050767       -0.334071
     C   20        0.149175       -0.334071       -0.373337

     H   21        0.667737       -0.247679        0.636660
     H   21       -0.247679       -0.457275       -0.218038
     H   21        0.636660       -0.218038       -0.210462

     C   22        0.158622        0.168203        0.110212
     C   22        0.168203        0.165938       -0.447963
     C   22        0.110212       -0.447963       -0.324561

     C   23        0.247384        0.106864        0.193916
     C   23        0.106864        0.100646       -0.456244
     C   23        0.193916       -0.456244       -0.348030

     Cl  24        0.134676        0.231140       -0.056230
     Cl  24        0.231140        0.003309       -0.037127
     Cl  24       -0.056230       -0.037127       -0.137984

     ----- GIPAW term -----
     Cl   1        0.003975       -2.132582       -0.087147
     Cl   1       -2.132582        0.187106        1.815897
     Cl   1       -0.087147        1.815897       -0.191081

     C    2       -0.127526       -0.103706       -0.096400
     C    2       -0.103706        0.102651        0.138679
     C    2       -0.096400        0.138679        0.024875

     C    3       -0.078396        0.086668        0.084635
     C    3        0.086668       -0.127834        0.089225
     C    3        0.084635        0.089225        0.206230

     H    4       -0.000000        0.000000        0.000000
     H    4        0.000000        0.000000        0.000000
     H    4        0.000000        0.000000        0.000000

     C    5       -0.193624        0.100120        0.036008
     C    5        0.100120        0.050957        0.157033
     C    5        0.036008        0.157033        0.142667

     H    6       -0.000000        0.000000        0.000000
     H    6        0.000000        0.000000        0.000000
     H    6        0.000000        0.000000        0.000000

     H    7       -0.000000        0.000000        0.000000
     H    7        0.000000        0.000000        0.000000
     H    7        0.000000        0.000000        0.000000

     C    8       -0.124951        0.015074       -0.032878
     C    8        0.015074        0.121031        0.257339
     C    8       -0.032878        0.257339        0.003920

     H    9       -0.000000        0.000000        0.000000
     H    9        0.000000        0.000000        0.000000
     H    9        0.000000        0.000000        0.000000

     C   10       -0.080801       -0.015175        0.016071
     C   10       -0.015175       -0.020783        0.106573
     C   10        0.016071        0.106573        0.101584

     C   11       -0.036187        0.062619       -0.002082
     C   11        0.062619       -0.025802        0.077550
     C   11       -0.002082        0.077550        0.061989

     Cl  12       -0.438498        0.106507       -0.427996
     Cl  12        0.106507       -0.083618        1.022089
     Cl  12       -0.427996        1.022089        0.522116

     H   13       -0.000000        0.000000        0.000000
     H   13        0.000000        0.000000        0.000000
     H   13        0.000000        0.000000        0.000000

     C   14       -0.102631        0.011147       -0.021503
     C   14        0.011147        0.246931       -0.127826
     C   14       -0.021503       -0.127826       -0.144300

     H   15       -0.000000        0.000000        0.000000
     H   15        0.000000        0.000000        0.000000
     H   15        0.000000        0.000000        0.000000

     C   16       -0.161857        0.077490       -0.041189
     C   16        0.077490        0.222502       -0.009229
     C   16       -0.041189       -0.009229       -0.060645

     C   17       -0.049694       -0.000447        0.034708
     C   17       -0.000447        0.152726        0.131666
     C   17        0.034708        0.131666       -0.103032

     Cl  18       -0.863118       -0.207448        0.648037
     Cl  18       -0.207448        0.361584        2.126909
     Cl  18        0.648037        2.126909        0.501533

     H   19       -0.000000        0.000000        0.000000
     H   19        0.000000        0.000000        0.000000
     H   19        0.000000        0.000000        0.000000

     C   20       -0.061402        0.058677        0.135784
     C   20        0.058677        0.008959        0.170160
     C   20        0.135784        0.170160        0.052443

     H   21       -0.000000        0.000000        0.000000
     H   21        0.000000        0.000000        0.000000
     H   21        0.000000        0.000000        0.000000

     C   22        0.013887        0.252105       -0.045787
     C   22        0.252105        0.106000        0.120224
     C   22       -0.045787        0.120224       -0.119886

     C   23       -0.104717        0.093381       -0.033174
     C   23        0.093381        0.192266        0.126996
     C   23       -0.033174        0.126996       -0.087548

     Cl  24        0.457019        2.373985       -0.185749
     Cl  24        2.373985       -0.021351       -1.236300
     Cl  24       -0.185749       -1.236300       -0.435668

     ----- total EFG -----
     Cl   1        0.095428       -2.396099       -0.068445
     Cl   1       -2.396099        0.173426        1.973707
     Cl   1       -0.068445        1.973707       -0.268854

     C    2       -0.528475        0.004945       -0.340975
     C    2        0.004945        0.463578        0.398160
     C    2       -0.340975        0.398160        0.064897

     C    3        0.119578        0.212460        0.220948
     C    3        0.212460       -0.475261        0.023370
     C    3        0.220948        0.023370        0.355683

     H    4        0.184620        0.186861        0.388873
     H    4        0.186861        0.003542       -0.078962
     H    4        0.388873       -0.078962       -0.188162

     C    5       -0.692949        0.240231       -0.113017
     C    5        0.240231        0.391978        0.411019
     C    5       -0.113017        0.411019        0.300970

     H    6       -0.219443        0.059176       -0.190208
     H    6        0.059176        0.239158        0.204249
     H    6       -0.190208        0.204249       -0.019715

     H    7       -0.021683        0.020149        0.061926
     H    7        0.020149        0.006871       -0.671485
     H    7        0.061926       -0.671485        0.014812

     C    8       -0.093259        0.137326       -0.180766
     C    8        0.137326        0.170553        0.484360
     C    8       -0.180766        0.484360       -0.077294

     H    9        0.441075        0.154986        0.674154
     H    9        0.154986       -0.196270       -0.285903
     H    9        0.674154       -0.285903       -0.244805

     C   10       -0.002569       -0.062062        0.168277
     C   10       -0.062062       -0.100506       -0.059470
     C   10        0.168277       -0.059470        0.103076

     C   11        0.116940        0.359145       -0.018327
     C   11        0.359145        0.030383       -0.031772
     C   11       -0.018327       -0.031772       -0.147322

     Cl  12       -0.175514        0.127543       -0.369968
     Cl  12        0.127543       -0.112034        0.659100
     Cl  12       -0.369968        0.659100        0.287549

     H   13       -0.049175        0.014580       -0.056965
     H   13        0.014580        0.073928        0.553180
     H   13       -0.056965        0.553180       -0.024753

     C   14        0.142118       -0.107838       -0.078127
     C   14       -0.107838        0.419616       -0.351850
     C   14       -0.078127       -0.351850       -0.561734

     H   15        0.484651       -0.126277        0.390212
     H   15       -0.126277       -0.619613        0.148961
     H   15        0.390212        0.148961        0.134962

     C   16       -0.570719        0.203514       -0.096570
     C   16        0.203514        0.685285        0.188705
     C   16       -0.096570        0.188705       -0.114566

     C   17        0.240980        0.015356        0.207928
     C   17        0.015356        0.138677       -0.014139
     C   17        0.207928       -0.014139       -0.379656

     Cl  18       -0.835732       -0.195680        0.700931
     Cl  18       -0.195680        0.351209        2.090004
     Cl  18        0.700931        2.090004        0.484523

     H   19       -0.402238       -0.254955       -0.311843
     H   19       -0.254955        0.678508       -0.268979
     H   19       -0.311843       -0.268979       -0.276270

     C   20       -0.056353       -0.225912        0.387334
     C   20       -0.225912        0.050982        0.207850
     C   20        0.387334        0.207850        0.005371

     H   21        0.175966       -0.500834        0.252185
     H   21       -0.500834       -0.290518       -0.127208
     H   21        0.252185       -0.127208        0.114552

     C   22        0.209544        0.686422       -0.277900
     C   22        0.686422        0.150388        0.337741
     C   22       -0.277900        0.337741       -0.359931

     C   23       -0.328309       -0.088210       -0.149450
     C   23       -0.088210        0.423108        0.063472
     C   23       -0.149450        0.063472       -0.094799

     Cl  24        0.520407        2.665676       -0.247569
     Cl  24        2.665676       -0.033335       -1.402736
     Cl  24       -0.247569       -1.402736       -0.487072

     ----- total EFG (symmetrized) -----
     Cl   1        0.095428       -2.396099       -0.068445
     Cl   1       -2.396099        0.173426        1.973707
     Cl   1       -0.068445        1.973707       -0.268854

     C    2       -0.528475        0.004945       -0.340975
     C    2        0.004945        0.463578        0.398160
     C    2       -0.340975        0.398160        0.064897

     C    3        0.119578        0.212460        0.220948
     C    3        0.212460       -0.475261        0.023370
     C    3        0.220948        0.023370        0.355683

     H    4        0.184620        0.186861        0.388873
     H    4        0.186861        0.003542       -0.078962
     H    4        0.388873       -0.078962       -0.188162

     C    5       -0.692949        0.240231       -0.113017
     C    5        0.240231        0.391978        0.411019
     C    5       -0.113017        0.411019        0.300970

     H    6       -0.219443        0.059176       -0.190208
     H    6        0.059176        0.239158        0.204249
     H    6       -0.190208        0.204249       -0.019715

     H    7       -0.021683        0.020149        0.061926
     H    7        0.020149        0.006871       -0.671485
     H    7        0.061926       -0.671485        0.014812

     C    8       -0.093259        0.137326       -0.180766
     C    8        0.137326        0.170553        0.484360
     C    8       -0.180766        0.484360       -0.077294

     H    9        0.441075        0.154986        0.674154
     H    9        0.154986       -0.196270       -0.285903
     H    9        0.674154       -0.285903       -0.244805

     C   10       -0.002569       -0.062062        0.168277
     C   10       -0.062062       -0.100506       -0.059470
     C   10        0.168277       -0.059470        0.103076

     C   11        0.116940        0.359145       -0.018327
     C   11        0.359145        0.030383       -0.031772
     C   11       -0.018327       -0.031772       -0.147322

     Cl  12       -0.175514        0.127543       -0.369968
     Cl  12        0.127543       -0.112034        0.659100
     Cl  12       -0.369968        0.659100        0.287549

     H   13       -0.049175        0.014580       -0.056965
     H   13        0.014580        0.073928        0.553180
     H   13       -0.056965        0.553180       -0.024753

     C   14        0.142118       -0.107838       -0.078127
     C   14       -0.107838        0.419616       -0.351850
     C   14       -0.078127       -0.351850       -0.561734

     H   15        0.484651       -0.126277        0.390212
     H   15       -0.126277       -0.619613        0.148961
     H   15        0.390212        0.148961        0.134962

     C   16       -0.570719        0.203514       -0.096570
     C   16        0.203514        0.685285        0.188705
     C   16       -0.096570        0.188705       -0.114566

     C   17        0.240980        0.015356        0.207928
     C   17        0.015356        0.138677       -0.014139
     C   17        0.207928       -0.014139       -0.379656

     Cl  18       -0.835732       -0.195680        0.700931
     Cl  18       -0.195680        0.351209        2.090004
     Cl  18        0.700931        2.090004        0.484523

     H   19       -0.402238       -0.254955       -0.311843
     H   19       -0.254955        0.678508       -0.268979
     H   19       -0.311843       -0.268979       -0.276270

     C   20       -0.056353       -0.225912        0.387334
     C   20       -0.225912        0.050982        0.207850
     C   20        0.387334        0.207850        0.005371

     H   21        0.175966       -0.500834        0.252185
     H   21       -0.500834       -0.290518       -0.127208
     H   21        0.252185       -0.127208        0.114552

     C   22        0.209544        0.686422       -0.277900
     C   22        0.686422        0.150388        0.337741
     C   22       -0.277900        0.337741       -0.359931

     C   23       -0.328309       -0.088210       -0.149450
     C   23       -0.088210        0.423108        0.063472
     C   23       -0.149450        0.063472       -0.094799

     Cl  24        0.520407        2.665676       -0.247569
     Cl  24        2.665676       -0.033335       -1.402736
     Cl  24       -0.247569       -1.402736       -0.487072


     NQR/NMR SPECTROSCOPIC PARAMETERS:
     Cl   1    Vxx=   -0.1877    axis=(  0.639686  0.053695  0.766759)
     Cl   1    Vyy=   -3.0159    axis=( -0.525950 -0.696876  0.487586)
     Cl   1    Vzz=    3.2037    axis=( -0.560517  0.715178  0.417541)
     Cl   1  Q=        -8.1650 1e-30 m^2  Cq=       -61.4606 MHz  eta= 0.88280

     C    2    Vxx=   -0.0241    axis=( -0.469456 -0.555514  0.686306)
     C    2    Vyy=   -0.7115    axis=( -0.870522  0.161212 -0.464976)
     C    2    Vzz=    0.7357    axis=(  0.147660 -0.815730 -0.559269)
     C    2  Q=         1.0000 1e-30 m^2  Cq=         1.7285 MHz  eta= 0.93436

     C    3    Vxx=    0.0396    axis=(  0.773181  0.293544 -0.562160)
     C    3    Vyy=    0.5062    axis=(  0.547570  0.138186  0.825271)
     C    3    Vzz=   -0.5458    axis=( -0.319935  0.945905  0.053893)
     C    3  Q=         1.0000 1e-30 m^2  Cq=        -1.2824 MHz  eta= 0.85491

     H    4    Vxx=    0.0297    axis=( -0.049076  0.907747 -0.416638)
     H    4    Vyy=    0.4610    axis=( -0.841577 -0.262234 -0.472209)
     H    4    Vzz=   -0.4907    axis=( -0.537903  0.327459  0.776809)
     H    4  Q=         1.0000 1e-30 m^2  Cq=        -1.1530 MHz  eta= 0.87903

     C    5    Vxx=    0.0156    axis=( -0.319989 -0.598126  0.734746)
     C    5    Vyy=    0.7677    axis=( -0.074343 -0.757279 -0.648846)
     C    5    Vzz=   -0.7833    axis=( -0.944500  0.262247 -0.197855)
     C    5  Q=         1.0000 1e-30 m^2  Cq=        -1.8405 MHz  eta= 0.96018

     H    6    Vxx=    0.0224    axis=(  0.618813  0.442554 -0.649012)
     H    6    Vyy=    0.3547    axis=(  0.080036 -0.857421 -0.508354)
     H    6    Vzz=   -0.3771    axis=(  0.781450 -0.262632  0.566003)
     H    6  Q=         1.0000 1e-30 m^2  Cq=        -0.8860 MHz  eta= 0.88137

     H    7    Vxx=   -0.0177    axis=( -0.995074 -0.093380 -0.033279)
     H    7    Vyy=   -0.6659    axis=(  0.089684 -0.704941 -0.703573)
     H    7    Vzz=    0.6836    axis=(  0.042240 -0.703092  0.709844)
     H    7  Q=         1.0000 1e-30 m^2  Cq=         1.6062 MHz  eta= 0.94815

     C    8    Vxx=    0.0164    axis=(  0.900378  0.270009 -0.341196)
     C    8    Vyy=    0.5466    axis=(  0.004046 -0.789324 -0.613963)
     C    8    Vzz=   -0.5630    axis=( -0.435090  0.551419 -0.711783)
     C    8  Q=         1.0000 1e-30 m^2  Cq=        -1.3229 MHz  eta= 0.94166

     H    9    Vxx=   -0.0290    axis=(  0.254592  0.888494 -0.381787)
     H    9    Vyy=   -0.8258    axis=( -0.460537  0.458548  0.760026)
     H    9    Vzz=    0.8548    axis=(  0.850346 -0.017670  0.525927)
     H    9  Q=         1.0000 1e-30 m^2  Cq=         2.0085 MHz  eta= 0.93213

     C   10    Vxx=   -0.1090    axis=( -0.407807  0.742278  0.531710)
     C   10    Vyy=   -0.1383    axis=( -0.703101 -0.626815  0.335787)
     C   10    Vzz=    0.2473    axis=(  0.582531 -0.236910  0.777516)
     C   10  Q=         1.0000 1e-30 m^2  Cq=         0.5810 MHz  eta= 0.11831

     C   11    Vxx=   -0.1484    axis=(  0.099241 -0.022564  0.994808)
     C   11    Vyy=   -0.2890    axis=( -0.658217  0.748279  0.082635)
     C   11    Vzz=    0.4375    axis=( -0.746258 -0.663000  0.059408)
     C   11  Q=         1.0000 1e-30 m^2  Cq=         1.0279 MHz  eta= 0.32142

     Cl  12    Vxx=   -0.0468    axis=(  0.841673  0.528546 -0.110574)
     Cl  12    Vyy=   -0.7822    axis=( -0.488245  0.657427 -0.573939)
     Cl  12    Vzz=    0.8290    axis=( -0.230659  0.537056  0.811398)
     Cl  12  Q=        -8.1650 1e-30 m^2  Cq=       -15.9034 MHz  eta= 0.88705

     H   13    Vxx=   -0.0449    axis=( -0.993386 -0.104060  0.048528)
     H   13    Vyy=   -0.5363    axis=(  0.106031 -0.669218  0.735462)
     H   13    Vzz=    0.5812    axis=(  0.044056 -0.735744 -0.675826)
     H   13  Q=         1.0000 1e-30 m^2  Cq=         1.3656 MHz  eta= 0.84561

     C   14    Vxx=    0.1405    axis=(  0.972364  0.146643 -0.181668)
     C   14    Vyy=    0.5484    axis=( -0.194635  0.938895 -0.283890)
     C   14    Vzz=   -0.6888    axis=(  0.128936  0.311403  0.941490)
     C   14  Q=         1.0000 1e-30 m^2  Cq=        -1.6184 MHz  eta= 0.59219

     H   15    Vxx=   -0.0518    axis=( -0.506008  0.322415  0.800003)
     H   15    Vyy=   -0.6861    axis=(  0.189304  0.946407 -0.261682)
     H   15    Vzz=    0.7379    axis=( -0.841499  0.019031 -0.539924)
     H   15  Q=         1.0000 1e-30 m^2  Cq=         1.7337 MHz  eta= 0.85955

     C   16    Vxx=   -0.1176    axis=( -0.271779 -0.154368  0.949898)
     C   16    Vyy=   -0.6342    axis=( -0.952829  0.181730 -0.243085)
     C   16    Vzz=    0.7518    axis=( -0.135101 -0.971156 -0.196476)
     C   16  Q=         1.0000 1e-30 m^2  Cq=         1.7664 MHz  eta= 0.68713

     C   17    Vxx=    0.1386    axis=( -0.051968  0.997491 -0.048066)
     C   17    Vyy=    0.3049    axis=( -0.955255 -0.063686 -0.288845)
     C   17    Vzz=   -0.4434    axis=( -0.291181  0.030905  0.956169)
     C   17  Q=         1.0000 1e-30 m^2  Cq=        -1.0419 MHz  eta= 0.37507

     Cl  18    Vxx=   -0.5337    axis=( -0.870872  0.418023 -0.258533)
     Cl  18    Vyy=   -2.0162    axis=( -0.478842 -0.602924  0.638116)
     Cl  18    Vzz=    2.5499    axis=(  0.110872  0.679514  0.725237)
     Cl  18  Q=        -8.1650 1e-30 m^2  Cq=       -48.9189 MHz  eta= 0.58138

     H   19    Vxx=   -0.0235    axis=(  0.655030 -0.050961 -0.753882)
     H   19    Vyy=   -0.7521    axis=(  0.739299  0.249363  0.625503)
     H   19    Vzz=    0.7756    axis=( -0.156114  0.967068 -0.201016)
     H   19  Q=         1.0000 1e-30 m^2  Cq=         1.8223 MHz  eta= 0.93940

     C   20    Vxx=    0.2036    axis=(  0.324810 -0.895479 -0.304327)
     C   20    Vyy=    0.3631    axis=(  0.679310 -0.002995  0.733845)
     C   20    Vzz=   -0.5666    axis=(  0.658055  0.445093 -0.607336)
     C   20  Q=         1.0000 1e-30 m^2  Cq=        -1.3314 MHz  eta= 0.28150

     H   21    Vxx=   -0.0335    axis=( -0.372178  0.288571  0.882162)
     H   21    Vyy=   -0.6110    axis=( -0.546227 -0.836523  0.043192)
     H   21    Vzz=    0.6444    axis=(  0.750413 -0.465786  0.468961)
     H   21  Q=         1.0000 1e-30 m^2  Cq=         1.5142 MHz  eta= 0.89617

     C   22    Vxx=    0.0080    axis=( -0.467887  0.446199  0.762882)
     C   22    Vyy=    0.8680    axis=( -0.715177 -0.698290 -0.030208)
     C   22    Vzz=   -0.8761    axis=(  0.519234 -0.559729  0.645832)
     C   22  Q=         1.0000 1e-30 m^2  Cq=        -2.0584 MHz  eta= 0.98162

     C   23    Vxx=   -0.0413    axis=( -0.403918 -0.198752  0.892943)
     C   23    Vyy=   -0.4045    axis=( -0.903842 -0.063889 -0.423069)
     C   23    Vzz=    0.4458    axis=(  0.141135 -0.977965 -0.153834)
     C   23  Q=         1.0000 1e-30 m^2  Cq=         1.0475 MHz  eta= 0.81462

     Cl  24    Vxx=   -0.4688    axis=(  0.475713 -0.095328  0.874420)
     Cl  24    Vyy=   -2.8028    axis=(  0.559971 -0.733814 -0.384642)
     Cl  24    Vzz=    3.2716    axis=( -0.678329 -0.672629  0.295703)
     Cl  24  Q=        -8.1650 1e-30 m^2  Cq=       -62.7641 MHz  eta= 0.71339

     Initialization:
     gipaw_setup  :      8.99s CPU     11.12s WALL (       1 calls)

     Linear response

     Apply operators

     Induced current

     Other routines
     efg          :      9.17s CPU     11.86s WALL (       1 calls)

     General routines
     calbec       :      3.16s CPU      4.40s WALL (      16 calls)
     fft          :      1.92s CPU      3.44s WALL (      15 calls)
     ffts         :      0.04s CPU      0.04s WALL (       2 calls)
     fftw         :      3.31s CPU      3.98s WALL (     672 calls)
     davcio       :      0.01s CPU      0.32s WALL (      32 calls)

     Parallel routines
     fft_scatter  :      2.56s CPU      4.51s WALL (     689 calls)

     Plugins

     GIPAW        :     60.99s CPU     75.74s WALL (       1 calls)
