
     Program QE v.6.0 (svn rev. 13079) starts on 14Jan2017 at 17: 0:26 

     This program is part of the open-source Quantum ESPRESSO suite
     for quantum simulation of materials; please cite
         "P. Giannozzi et al., J. Phys.:Condens. Matter 21 395502 (2009);
          URL http://www.quantum-espresso.org", 
     in publications or presentations arising from this work. More details at
     http://www.quantum-espresso.org/quote

     Parallel version (MPI), running on     8 processors
     R & G space division:  proc/nbgrp/npool/nimage =       8

     ***** This is GIPAW svn revision unknown      *****

     Parallelizing q-star over 1 images

     Reading data from directory:
     /users/majewski/paradichlorobenzene/pbe/9_constraint/scratch/pbe.ecut100.np8.dt60.pcl2phi-129368.save
     Message from routine read_xml_file:
     file /users/majewski/paradichlorobenzene/pbe/9_constraint/scratch/pbe.ecut100.np8.dt60.pcl2phi-129368.save not guaranteed to be safe for post-processing

   Info: using nr1, nr2, nr3 values from input

   Info: using nr1, nr2, nr3 values from input

     IMPORTANT: XC functional enforced from input :
     Exchange-correlation      =  SLA  PW   PBX  PBC ( 1  4  3  4 0 0)
     Any further DFT definition will be discarded
     Please, verify this is what you really want

               file C.pbe-n-kjpaw_psl.1.0.0.UPF: wavefunction(s)  2S 2P renormalized
               file Cl.pbe-n-kjpaw_psl.1.0.0.UPF: wavefunction(s)  3S 3P renormalized
               file H.pbe-kjpaw_psl.1.0.0.UPF: wavefunction(s)  1S renormalized

     Parallelization info
     --------------------
     sticks:   dense  smooth     PW     G-vecs:    dense   smooth      PW
     Min        3057    1223    332               144436    36536    5170
     Max        3059    1225    333               144437    36537    5171
     Sum       24467    9791   2657              1155489   292295   41363


     Subspace diagonalization in iterative solution of the eigenvalue problem:
     a serial algorithm will be used

     GIPAW projectors -----------------------------------------------
     atom=  C    l=0  rc=    1.2000  rs=    0.8000
     atom=  C    l=0  rc=    1.2000  rs=    0.8000
     atom=  C    l=1  rc=    1.4000  rs=    0.9333
     atom=  C    l=1  rc=    1.4000  rs=    0.9333
     projs nearly linearly dependent: l=1  n1,n2= 1, 2  s=  0.99951561

     atom=  Cl   l=0  rc=    1.6000  rs=    1.0667
     atom=  Cl   l=0  rc=    1.6000  rs=    1.0667
     atom=  Cl   l=1  rc=    1.6000  rs=    1.0667
     atom=  Cl   l=1  rc=    1.6000  rs=    1.0667
     atom=  Cl   l=2  rc=    1.6000  rs=    1.0667
     atom=  Cl   l=2  rc=    1.6000  rs=    1.0667
     projs nearly linearly dependent: l=2  n1,n2= 1, 2  s=  0.99993509

     atom=  H    l=0  rc=    1.0000  rs=    0.6667
     atom=  H    l=0  rc=    1.0000  rs=    0.6667
     projs nearly linearly dependent: l=0  n1,n2= 1, 2  s=  0.99968852
     -----------------------------------------------------------------

     GIPAW integrals: -------------------------------------------
     Atom  i/j   nmr_para   nmr_dia   epr_rmc  epr_para   epr_dia
       C   1 1   0.83E+03  0.17E-01  0.93E+01  0.24E+08  0.24E+03
       C   2 1   0.86E+03 -0.61E-01  0.94E+01  0.25E+08  0.25E+03
       C   2 2   0.90E+03 -0.15E+00  0.97E+01  0.26E+08  0.26E+03
       C   3 3   0.33E+01  0.34E+00  0.18E+01  0.55E+03  0.21E+02
       C   4 3   0.35E+01  0.37E+00  0.20E+01  0.59E+03  0.22E+02
       C   4 4   0.38E+01  0.39E+00  0.22E+01  0.63E+03  0.24E+02
       Cl  1 1   0.14E+04 -0.47E+00  0.84E+01  0.32E+09  0.42E+03
       Cl  2 1   0.21E+04 -0.37E+00  0.12E+02  0.49E+09  0.65E+03
       Cl  2 2   0.33E+04 -0.16E+00  0.21E+02  0.76E+09  0.10E+04
       Cl  3 3   0.21E+02  0.79E-01  0.89E+01  0.23E+05  0.13E+03
       Cl  4 3   0.24E+02  0.67E-01  0.99E+01  0.27E+05  0.15E+03
       Cl  4 4   0.28E+02  0.44E-01  0.11E+02  0.32E+05  0.18E+03
       Cl  5 5   0.77E+00  0.19E+00  0.18E+01  0.12E+03  0.22E+02
       Cl  6 5   0.80E+00  0.19E+00  0.19E+01  0.12E+03  0.23E+02
       Cl  6 6   0.83E+00  0.20E+00  0.19E+01  0.12E+03  0.23E+02
       H   1 1   0.39E+02  0.19E+00  0.29E+00  0.78E+05  0.13E+02
       H   2 1   0.41E+02  0.21E+00  0.32E+00  0.82E+05  0.14E+02
       H   2 2   0.43E+02  0.22E+00  0.36E+00  0.86E+05  0.15E+02
     ------------------------------------------------------------

     alpha_pv=     34.0060 eV

     Number of occupied bands for each k-point:
     k-point:     1    nbnd_occ=  42
     k-point:     2    nbnd_occ=  42
     k-point:     3    nbnd_occ=  42
     k-point:     4    nbnd_occ=  42
     k-point:     5    nbnd_occ=  42
     k-point:     6    nbnd_occ=  42
     k-point:     7    nbnd_occ=  42
     k-point:     8    nbnd_occ=  42
     k-point:     9    nbnd_occ=  42
     k-point:    10    nbnd_occ=  42
     k-point:    11    nbnd_occ=  42
     k-point:    12    nbnd_occ=  42
     k-point:    13    nbnd_occ=  42
     k-point:    14    nbnd_occ=  42
     k-point:    15    nbnd_occ=  42
     k-point:    16    nbnd_occ=  42


     q-space interpolation up to   110.00 Rydberg

     GIPAW job: efg                                                                             


     ELECTRIC FIELD GRADIENTS TENSORS IN Hartree/bohrradius^2:

     ----- bare term -----
     Cl   1       -0.015990        0.073279        0.014137
     Cl   1        0.073279       -0.022879        0.004302
     Cl   1        0.014137        0.004302        0.038869

     C    2       -0.141559        0.057559       -0.473702
     C    2        0.057559       -0.153442       -0.517251
     C    2       -0.473702       -0.517251        0.295001

     C    3       -0.189413        0.378259       -0.301571
     C    3        0.378259       -0.242912       -0.479866
     C    3       -0.301571       -0.479866        0.432324

     H    4       -0.211318       -0.120129       -0.540699
     H    4       -0.120129        0.340632       -0.033619
     H    4       -0.540699       -0.033619       -0.129314

     C    5       -0.319575        0.239878       -0.323309
     C    5        0.239878       -0.111186       -0.418651
     C    5       -0.323309       -0.418651        0.430761

     H    6        0.362437       -0.112846       -0.070936
     H    6       -0.112846       -0.483458       -0.509975
     H    6       -0.070936       -0.509975        0.121021

     H    7        0.257771        0.057951        0.361224
     H    7        0.057951        0.026631        0.336415
     H    7        0.361224        0.336415       -0.284402

     C    8       -0.577089       -0.359953       -0.365986
     C    8       -0.359953        0.237746        0.381993
     C    8       -0.365986        0.381993        0.339343

     H    9       -0.169835        0.059213       -0.550711
     H    9        0.059213        0.254010       -0.062918
     H    9       -0.550711       -0.062918       -0.084174

     C   10       -0.093826       -0.345810       -0.236353
     C   10       -0.345810       -0.169853        0.580336
     C   10       -0.236353        0.580336        0.263680

     C   11       -0.416800       -0.189334       -0.371847
     C   11       -0.189334        0.061935        0.329970
     C   11       -0.371847        0.329970        0.354866

     Cl  12       -0.033151       -0.019394        0.020754
     Cl  12       -0.019394        0.083439       -0.096821
     Cl  12        0.020754       -0.096821       -0.050287

     H   13        0.275646       -0.257956       -0.037761
     H   13       -0.257956       -0.532230       -0.387282
     H   13       -0.037761       -0.387282        0.256584

     C   14       -0.252393        0.388294       -0.342264
     C   14        0.388294       -0.204313       -0.364179
     C   14       -0.342264       -0.364179        0.456707

     H   15       -0.457727        0.068135       -0.450974
     H   15        0.068135        0.202222       -0.143320
     H   15       -0.450974       -0.143320        0.255506

     C   16       -0.111145        0.201608       -0.265061
     C   16        0.201608       -0.275652       -0.535142
     C   16       -0.265061       -0.535142        0.386797

     C   17       -0.346513        0.222459       -0.424478
     C   17        0.222459        0.072584       -0.435445
     C   17       -0.424478       -0.435445        0.273929

     Cl  18       -0.074185        0.109027       -0.108003
     Cl  18        0.109027       -0.014993       -0.106894
     Cl  18       -0.108003       -0.106894        0.089178

     H   19        0.499147        0.025668        0.138522
     H   19        0.025668        0.079717        0.261516
     H   19        0.138522        0.261516       -0.578864

     C   20       -0.345520       -0.245075       -0.351763
     C   20       -0.245075       -0.122648        0.438875
     C   20       -0.351763        0.438875        0.468167

     H   21       -0.095300        0.124616       -0.492127
     H   21        0.124616        0.410244        0.020992
     H   21       -0.492127        0.020992       -0.314944

     C   22       -0.225902       -0.369751       -0.319946
     C   22       -0.369751       -0.225257        0.460981
     C   22       -0.319946        0.460981        0.451159

     C   23       -0.110359       -0.059008       -0.321201
     C   23       -0.059008       -0.152968        0.551713
     C   23       -0.321201        0.551713        0.263327

     Cl  24       -0.031129       -0.016445       -0.063249
     Cl  24       -0.016445        0.014271        0.072594
     Cl  24       -0.063249        0.072594        0.016858

     ----- ionic term -----
     Cl   1        0.143162       -0.208070       -0.016478
     Cl   1       -0.208070       -0.000387        0.019330
     Cl   1       -0.016478        0.019330       -0.142775

     C    2        0.199906       -0.193085        0.219245
     C    2       -0.193085        0.112680        0.411704
     C    2        0.219245        0.411704       -0.312586

     C    3        0.103497       -0.290103        0.238659
     C    3       -0.290103        0.214410        0.338442
     C    3        0.238659        0.338442       -0.317908

     H    4        0.619791        0.243474        0.697634
     H    4        0.243474       -0.459766        0.214807
     H    4        0.697634        0.214807       -0.160025

     C    5        0.224740       -0.246253        0.369883
     C    5       -0.246253        0.093760        0.243464
     C    5        0.369883        0.243464       -0.318500

     H    6       -0.532224        0.096558        0.086920
     H    6        0.096558        0.665728        0.699826
     H    6        0.086920        0.699826       -0.133504

     H    7       -0.500086        0.152609       -0.087225
     H    7        0.152609        0.419308       -0.781806
     H    7       -0.087225       -0.781806        0.080778

     C    8        0.260397        0.320146        0.286715
     C    8        0.320146       -0.040162       -0.283416
     C    8        0.286715       -0.283416       -0.220235

     H    9        0.666302       -0.299831        0.643100
     H    9       -0.299831       -0.455433       -0.229468
     H    9        0.643100       -0.229468       -0.210869

     C   10        0.186104        0.314487        0.180838
     C   10        0.314487        0.039945       -0.346649
     C   10        0.180838       -0.346649       -0.226049

     C   11        0.185861        0.297312        0.266032
     C   11        0.297312       -0.028771       -0.370859
     C   11        0.266032       -0.370859       -0.157090

     Cl  12        0.122739        0.228808        0.005695
     Cl  12        0.228808        0.018493       -0.004009
     Cl  12        0.005695       -0.004009       -0.141231

     H   13       -0.503808        0.101843        0.041838
     H   13        0.101843        0.645776        0.687363
     H   13        0.041838        0.687363       -0.141968

     C   14        0.227359       -0.201351        0.268611
     C   14       -0.201351        0.137048        0.274592
     C   14        0.268611        0.274592       -0.364407

     H   15        0.629631        0.165957        0.709767
     H   15        0.165957       -0.446619        0.170376
     H   15        0.709767        0.170376       -0.183012

     C   16        0.117463       -0.265000        0.237065
     C   16       -0.265000        0.281031        0.302429
     C   16        0.237065        0.302429       -0.398494

     C   17        0.170018       -0.205193        0.390422
     C   17       -0.205193        0.177429        0.283088
     C   17        0.390422        0.283088       -0.347446

     Cl  18        0.112377       -0.218928        0.053687
     Cl  18       -0.218928        0.050672       -0.030399
     Cl  18        0.053687       -0.030399       -0.163049

     H   19       -0.525495        0.013345        0.010687
     H   19        0.013345        0.247109       -0.805103
     H   19        0.010687       -0.805103        0.278386

     C   20        0.267056        0.301002        0.290156
     C   20        0.301002       -0.093983       -0.298174
     C   20        0.290156       -0.298174       -0.173072

     H   21        0.548681       -0.233152        0.757834
     H   21       -0.233152       -0.490339       -0.238644
     H   21        0.757834       -0.238644       -0.058342

     C   22        0.121358        0.328326        0.180622
     C   22        0.328326        0.078088       -0.425028
     C   22        0.180622       -0.425028       -0.199446

     C   23        0.103035        0.252565        0.299181
     C   23        0.252565        0.035399       -0.411782
     C   23        0.299181       -0.411782       -0.138434

     Cl  24        0.095587        0.205225        0.024695
     Cl  24        0.205225        0.037567        0.010681
     Cl  24        0.024695        0.010681       -0.133154

     ----- GIPAW term -----
     Cl   1        1.451933       -1.945277        0.093149
     Cl   1       -1.945277       -0.037487        0.034908
     Cl   1        0.093149        0.034908       -1.414447

     C    2        0.045156       -0.080713       -0.141841
     C    2       -0.080713       -0.033074       -0.128780
     C    2       -0.141841       -0.128780       -0.012083

     C    3       -0.056108        0.086939       -0.139266
     C    3        0.086939       -0.066594       -0.121235
     C    3       -0.139266       -0.121235        0.122703

     H    4       -0.000000        0.000000        0.000000
     H    4        0.000000        0.000000        0.000000
     H    4        0.000000        0.000000        0.000000

     C    5       -0.032171        0.043791       -0.047655
     C    5        0.043791       -0.039022       -0.088839
     C    5       -0.047655       -0.088839        0.071193

     H    6       -0.000000        0.000000        0.000000
     H    6        0.000000        0.000000        0.000000
     H    6        0.000000        0.000000        0.000000

     H    7       -0.000000        0.000000        0.000000
     H    7        0.000000        0.000000        0.000000
     H    7        0.000000        0.000000        0.000000

     C    8       -0.156880       -0.120568       -0.088352
     C    8       -0.120568        0.137689        0.170854
     C    8       -0.088352        0.170854        0.019191

     H    9       -0.000000        0.000000        0.000000
     H    9        0.000000        0.000000        0.000000
     H    9        0.000000        0.000000        0.000000

     C   10       -0.089630       -0.115952       -0.115739
     C   10       -0.115952        0.027595        0.222404
     C   10       -0.115739        0.222404        0.062035

     C   11       -0.042056        0.104136       -0.071708
     C   11        0.104136        0.093709       -0.001448
     C   11       -0.071708       -0.001448       -0.051653

     Cl  12        0.910782        1.825498        0.155734
     Cl  12        1.825498        0.875154       -0.813343
     Cl  12        0.155734       -0.813343       -1.785936

     H   13       -0.000000        0.000000        0.000000
     H   13        0.000000        0.000000        0.000000
     H   13        0.000000        0.000000        0.000000

     C   14        0.037222        0.114936       -0.127653
     C   14        0.114936       -0.096504       -0.100172
     C   14       -0.127653       -0.100172        0.059282

     H   15       -0.000000        0.000000        0.000000
     H   15        0.000000        0.000000        0.000000
     H   15        0.000000        0.000000        0.000000

     C   16       -0.039781       -0.001555       -0.073939
     C   16       -0.001555       -0.020986       -0.062166
     C   16       -0.073939       -0.062166        0.060767

     C   17       -0.045179       -0.021596       -0.093267
     C   17       -0.021596        0.130341       -0.125003
     C   17       -0.093267       -0.125003       -0.085162

     Cl  18        0.056614       -0.450109       -1.428317
     Cl  18       -0.450109        0.122346       -1.999042
     Cl  18       -1.428317       -1.999042       -0.178959

     H   19       -0.000000        0.000000        0.000000
     H   19        0.000000        0.000000        0.000000
     H   19        0.000000        0.000000        0.000000

     C   20       -0.081337       -0.053516       -0.107253
     C   20       -0.053516       -0.094720        0.140001
     C   20       -0.107253        0.140001        0.176056

     H   21       -0.000000        0.000000        0.000000
     H   21        0.000000        0.000000        0.000000
     H   21        0.000000        0.000000        0.000000

     C   22       -0.081913       -0.081595       -0.150029
     C   22       -0.081595       -0.072863        0.125667
     C   22       -0.150029        0.125667        0.154776

     C   23        0.063043        0.111219       -0.058410
     C   23        0.111219        0.000834        0.088484
     C   23       -0.058410        0.088484       -0.063877

     Cl  24        1.105985        2.061969       -0.445557
     Cl  24        2.061969        0.267609        0.619999
     Cl  24       -0.445557        0.619999       -1.373593

     ----- total EFG -----
     Cl   1        1.579105       -2.080068        0.090808
     Cl   1       -2.080068       -0.060752        0.058540
     Cl   1        0.090808        0.058540       -1.518353

     C    2        0.103502       -0.216238       -0.396298
     C    2       -0.216238       -0.073835       -0.234327
     C    2       -0.396298       -0.234327       -0.029667

     C    3       -0.142024        0.175094       -0.202177
     C    3        0.175094       -0.095096       -0.262659
     C    3       -0.202177       -0.262659        0.237119

     H    4        0.408473        0.123345        0.156935
     H    4        0.123345       -0.119134        0.181188
     H    4        0.156935        0.181188       -0.289339

     C    5       -0.127007        0.037416       -0.001081
     C    5        0.037416       -0.056447       -0.264025
     C    5       -0.001081       -0.264025        0.183454

     H    6       -0.169787       -0.016288        0.015984
     H    6       -0.016288        0.182270        0.189851
     H    6        0.015984        0.189851       -0.012483

     H    7       -0.242315        0.210560        0.274000
     H    7        0.210560        0.445939       -0.445391
     H    7        0.274000       -0.445391       -0.203624

     C    8       -0.473572       -0.160375       -0.167622
     C    8       -0.160375        0.335272        0.269431
     C    8       -0.167622        0.269431        0.138299

     H    9        0.496467       -0.240618        0.092389
     H    9       -0.240618       -0.201423       -0.292387
     H    9        0.092389       -0.292387       -0.295044

     C   10        0.002647       -0.147275       -0.171254
     C   10       -0.147275       -0.102313        0.456090
     C   10       -0.171254        0.456090        0.099666

     C   11       -0.272995        0.212114       -0.177523
     C   11        0.212114        0.126873       -0.042337
     C   11       -0.177523       -0.042337        0.146122

     Cl  12        1.000369        2.034912        0.182184
     Cl  12        2.034912        0.977085       -0.914173
     Cl  12        0.182184       -0.914173       -1.977454

     H   13       -0.228162       -0.156114        0.004078
     H   13       -0.156114        0.113547        0.300081
     H   13        0.004078        0.300081        0.114616

     C   14        0.012188        0.301878       -0.201305
     C   14        0.301878       -0.163770       -0.189758
     C   14       -0.201305       -0.189758        0.151582

     H   15        0.171904        0.234093        0.258793
     H   15        0.234093       -0.244397        0.027056
     H   15        0.258793        0.027056        0.072494

     C   16       -0.033463       -0.064947       -0.101935
     C   16       -0.064947       -0.015607       -0.294878
     C   16       -0.101935       -0.294878        0.049070

     C   17       -0.221675       -0.004330       -0.127323
     C   17       -0.004330        0.380354       -0.277360
     C   17       -0.127323       -0.277360       -0.158679

     Cl  18        0.094806       -0.560010       -1.482634
     Cl  18       -0.560010        0.158025       -2.136336
     Cl  18       -1.482634       -2.136336       -0.252831

     H   19       -0.026348        0.039013        0.149209
     H   19        0.039013        0.326826       -0.543587
     H   19        0.149209       -0.543587       -0.300478

     C   20       -0.159801        0.002411       -0.168859
     C   20        0.002411       -0.311351        0.280702
     C   20       -0.168859        0.280702        0.471151

     H   21        0.453381       -0.108536        0.265708
     H   21       -0.108536       -0.080095       -0.217652
     H   21        0.265708       -0.217652       -0.373286

     C   22       -0.186457       -0.123019       -0.289353
     C   22       -0.123019       -0.220031        0.161620
     C   22       -0.289353        0.161620        0.406488

     C   23        0.055719        0.304775       -0.080430
     C   23        0.304775       -0.116735        0.228414
     C   23       -0.080430        0.228414        0.061016

     Cl  24        1.170443        2.250750       -0.484111
     Cl  24        2.250750        0.319446        0.703275
     Cl  24       -0.484111        0.703275       -1.489889

     ----- total EFG (symmetrized) -----
     Cl   1        1.579105       -2.080068        0.090808
     Cl   1       -2.080068       -0.060752        0.058540
     Cl   1        0.090808        0.058540       -1.518353

     C    2        0.103502       -0.216238       -0.396298
     C    2       -0.216238       -0.073835       -0.234327
     C    2       -0.396298       -0.234327       -0.029667

     C    3       -0.142024        0.175094       -0.202177
     C    3        0.175094       -0.095096       -0.262659
     C    3       -0.202177       -0.262659        0.237119

     H    4        0.408473        0.123345        0.156935
     H    4        0.123345       -0.119134        0.181188
     H    4        0.156935        0.181188       -0.289339

     C    5       -0.127007        0.037416       -0.001081
     C    5        0.037416       -0.056447       -0.264025
     C    5       -0.001081       -0.264025        0.183454

     H    6       -0.169787       -0.016288        0.015984
     H    6       -0.016288        0.182270        0.189851
     H    6        0.015984        0.189851       -0.012483

     H    7       -0.242315        0.210560        0.274000
     H    7        0.210560        0.445939       -0.445391
     H    7        0.274000       -0.445391       -0.203624

     C    8       -0.473572       -0.160375       -0.167622
     C    8       -0.160375        0.335272        0.269431
     C    8       -0.167622        0.269431        0.138299

     H    9        0.496467       -0.240618        0.092389
     H    9       -0.240618       -0.201423       -0.292387
     H    9        0.092389       -0.292387       -0.295044

     C   10        0.002647       -0.147275       -0.171254
     C   10       -0.147275       -0.102313        0.456090
     C   10       -0.171254        0.456090        0.099666

     C   11       -0.272995        0.212114       -0.177523
     C   11        0.212114        0.126873       -0.042337
     C   11       -0.177523       -0.042337        0.146122

     Cl  12        1.000369        2.034912        0.182184
     Cl  12        2.034912        0.977085       -0.914173
     Cl  12        0.182184       -0.914173       -1.977454

     H   13       -0.228162       -0.156114        0.004078
     H   13       -0.156114        0.113547        0.300081
     H   13        0.004078        0.300081        0.114616

     C   14        0.012188        0.301878       -0.201305
     C   14        0.301878       -0.163770       -0.189758
     C   14       -0.201305       -0.189758        0.151582

     H   15        0.171904        0.234093        0.258793
     H   15        0.234093       -0.244397        0.027056
     H   15        0.258793        0.027056        0.072494

     C   16       -0.033463       -0.064947       -0.101935
     C   16       -0.064947       -0.015607       -0.294878
     C   16       -0.101935       -0.294878        0.049070

     C   17       -0.221675       -0.004330       -0.127323
     C   17       -0.004330        0.380354       -0.277360
     C   17       -0.127323       -0.277360       -0.158679

     Cl  18        0.094806       -0.560010       -1.482634
     Cl  18       -0.560010        0.158025       -2.136336
     Cl  18       -1.482634       -2.136336       -0.252831

     H   19       -0.026348        0.039013        0.149209
     H   19        0.039013        0.326826       -0.543587
     H   19        0.149209       -0.543587       -0.300478

     C   20       -0.159801        0.002411       -0.168859
     C   20        0.002411       -0.311351        0.280702
     C   20       -0.168859        0.280702        0.471151

     H   21        0.453381       -0.108536        0.265708
     H   21       -0.108536       -0.080095       -0.217652
     H   21        0.265708       -0.217652       -0.373286

     C   22       -0.186457       -0.123019       -0.289353
     C   22       -0.123019       -0.220031        0.161620
     C   22       -0.289353        0.161620        0.406488

     C   23        0.055719        0.304775       -0.080430
     C   23        0.304775       -0.116735        0.228414
     C   23       -0.080430        0.228414        0.061016

     Cl  24        1.170443        2.250750       -0.484111
     Cl  24        2.250750        0.319446        0.703275
     Cl  24       -0.484111        0.703275       -1.489889


     NQR/NMR SPECTROSCOPIC PARAMETERS:
     Cl   1    Vxx=   -1.3960    axis=( -0.432135 -0.645572 -0.629679)
     Cl   1    Vyy=   -1.5994    axis=(  0.360229  0.516544 -0.776799)
     Cl   1    Vzz=    2.9954    axis=( -0.826737  0.562511 -0.009337)
     Cl   1  Q=        -8.1650 1e-30 m^2  Cq=       -57.4654 MHz  eta= 0.06790

     C    2    Vxx=    0.1304    axis=( -0.320515  0.840497 -0.436846)
     C    2    Vyy=    0.4393    axis=(  0.771967 -0.035487 -0.634671)
     C    2    Vzz=   -0.5697    axis=(  0.548942  0.540652  0.637462)
     C    2  Q=         1.0000 1e-30 m^2  Cq=        -1.3385 MHz  eta= 0.54214

     C    3    Vxx=   -0.1935    axis=(  0.612588  0.513563  0.600824)
     C    3    Vyy=   -0.2971    axis=( -0.690795  0.717273  0.091222)
     C    3    Vzz=    0.4907    axis=( -0.384107 -0.470928  0.794159)
     C    3  Q=         1.0000 1e-30 m^2  Cq=         1.1529 MHz  eta= 0.21115

     H    4    Vxx=   -0.0753    axis=(  0.353209 -0.825614 -0.440005)
     H    4    Vyy=   -0.4104    axis=(  0.090225  0.498189 -0.862362)
     H    4    Vzz=    0.4858    axis=(  0.931183  0.264895  0.250456)
     H    4  Q=         1.0000 1e-30 m^2  Cq=         1.1414 MHz  eta= 0.68981

     C    5    Vxx=   -0.1191    axis=(  0.960202  0.208730  0.185592)
     C    5    Vyy=   -0.2354    axis=( -0.275808  0.813439  0.512101)
     C    5    Vzz=    0.3544    axis=( -0.044077 -0.542907  0.838635)
     C    5  Q=         1.0000 1e-30 m^2  Cq=         0.8328 MHz  eta= 0.32804

     H    6    Vxx=   -0.1189    axis=(  0.398129 -0.473712  0.785551)
     H    6    Vyy=   -0.1795    axis=(  0.917252  0.216704 -0.334198)
     H    6    Vzz=    0.2983    axis=( -0.011918  0.853602  0.520790)
     H    6  Q=         1.0000 1e-30 m^2  Cq=         0.7009 MHz  eta= 0.20310

     H    7    Vxx=    0.0124    axis=( -0.790893 -0.207354 -0.575754)
     H    7    Vyy=    0.6773    axis=(  0.077628  0.899249 -0.430493)
     H    7    Vzz=   -0.6897    axis=( -0.607011  0.385169  0.695113)
     H    7  Q=         1.0000 1e-30 m^2  Cq=        -1.6205 MHz  eta= 0.96417

     C    8    Vxx=   -0.0461    axis=( -0.087353 -0.599054  0.795929)
     C    8    Vyy=   -0.5272    axis=( -0.973145 -0.119500 -0.196744)
     C    8    Vzz=    0.5732    axis=(  0.212973 -0.791741 -0.572528)
     C    8  Q=         1.0000 1e-30 m^2  Cq=         1.3469 MHz  eta= 0.83919

     H    9    Vxx=   -0.0562    axis=(  0.392615  0.653095 -0.647549)
     H    9    Vyy=   -0.5521    axis=(  0.089893  0.673463  0.733735)
     H    9    Vzz=    0.6083    axis=(  0.915299 -0.346285  0.205703)
     H    9  Q=         1.0000 1e-30 m^2  Cq=         1.4292 MHz  eta= 0.81531

     C   10    Vxx=   -0.0890    axis=( -0.926112 -0.221342 -0.305489)
     C   10    Vyy=   -0.4686    axis=( -0.018323 -0.782436  0.622461)
     C   10    Vzz=    0.5576    axis=( -0.376803  0.582066  0.720568)
     C   10  Q=         1.0000 1e-30 m^2  Cq=         1.3102 MHz  eta= 0.68065

     C   11    Vxx=    0.0955    axis=(  0.043925  0.684965  0.727250)
     C   11    Vyy=    0.3092    axis=( -0.428005 -0.644862  0.633218)
     C   11    Vzz=   -0.4048    axis=( -0.902708  0.339081 -0.264843)
     C   11  Q=         1.0000 1e-30 m^2  Cq=        -0.9510 MHz  eta= 0.52798

     Cl  12    Vxx=   -0.6234    axis=( -0.665667  0.573883 -0.477017)
     Cl  12    Vyy=   -2.4544    axis=( -0.281174  0.399230  0.872672)
     Cl  12    Vzz=    3.0778    axis=(  0.691251  0.715034 -0.104393)
     Cl  12  Q=        -8.1650 1e-30 m^2  Cq=       -59.0456 MHz  eta= 0.59490

     H   13    Vxx=   -0.1004    axis=( -0.597815  0.472277 -0.647744)
     H   13    Vyy=   -0.3318    axis=( -0.784356 -0.511465  0.350983)
     H   13    Vzz=    0.4322    axis=( -0.165537  0.717884  0.676195)
     H   13  Q=         1.0000 1e-30 m^2  Cq=         1.0155 MHz  eta= 0.53534

     C   14    Vxx=   -0.0814    axis=(  0.565258  0.329129  0.756411)
     C   14    Vyy=   -0.3925    axis=( -0.572819  0.816442  0.072812)
     C   14    Vzz=    0.4739    axis=( -0.593601 -0.474444  0.650032)
     C   14  Q=         1.0000 1e-30 m^2  Cq=         1.1135 MHz  eta= 0.65639

     H   15    Vxx=   -0.0763    axis=( -0.411089 -0.444235  0.796028)
     H   15    Vyy=   -0.3686    axis=(  0.476735 -0.849062 -0.227633)
     H   15    Vzz=    0.4448    axis=(  0.777000  0.285917  0.560823)
     H   15  Q=         1.0000 1e-30 m^2  Cq=         1.0452 MHz  eta= 0.65717

     C   16    Vxx=    0.0098    axis=(  0.923352 -0.342337 -0.173861)
     C   16    Vyy=    0.3166    axis=(  0.098945  0.649676 -0.753745)
     C   16    Vzz=   -0.3264    axis=(  0.370988  0.678769  0.633751)
     C   16  Q=         1.0000 1e-30 m^2  Cq=        -0.7670 MHz  eta= 0.93990

     C   17    Vxx=   -0.1288    axis=( -0.776331  0.296431  0.556273)
     C   17    Vyy=   -0.3717    axis=( -0.627006 -0.272719 -0.729718)
     C   17    Vzz=    0.5005    axis=( -0.064605 -0.915289  0.397584)
     C   17  Q=         1.0000 1e-30 m^2  Cq=         1.1760 MHz  eta= 0.48538

     Cl  18    Vxx=    0.6323    axis=( -0.836300  0.539162  0.099529)
     Cl  18    Vyy=    2.2963    axis=( -0.319369 -0.626607  0.710892)
     Cl  18    Vzz=   -2.9286    axis=( -0.445652 -0.562732 -0.696223)
     Cl  18  Q=        -8.1650 1e-30 m^2  Cq=        56.1835 MHz  eta= 0.56819

     H   19    Vxx=    0.0066    axis=(  0.970603  0.170368  0.170012)
     H   19    Vyy=    0.6433    axis=( -0.062502  0.860548 -0.505521)
     H   19    Vzz=   -0.6500    axis=( -0.232428  0.480034  0.845899)
     H   19  Q=         1.0000 1e-30 m^2  Cq=        -1.5271 MHz  eta= 0.97958

     C   20    Vxx=   -0.1811    axis=(  0.950713  0.284292  0.123785)
     C   20    Vyy=   -0.4144    axis=( -0.229941  0.914228 -0.333639)
     C   20    Vzz=    0.5955    axis=( -0.208019  0.288732  0.934539)
     C   20  Q=         1.0000 1e-30 m^2  Cq=         1.3991 MHz  eta= 0.39185

     H   21    Vxx=   -0.0485    axis=(  0.352590  0.884858 -0.304477)
     H   21    Vyy=   -0.5268    axis=( -0.200596  0.389279  0.899012)
     H   21    Vzz=    0.5753    axis=(  0.914025 -0.255906  0.314755)
     H   21  Q=         1.0000 1e-30 m^2  Cq=         1.3517 MHz  eta= 0.83156

     C   22    Vxx=   -0.2320    axis=( -0.459012  0.789301 -0.407814)
     C   22    Vyy=   -0.3410    axis=(  0.803347  0.564766  0.188871)
     C   22    Vzz=    0.5730    axis=( -0.379396  0.240922  0.893317)
     C   22  Q=         1.0000 1e-30 m^2  Cq=         1.3462 MHz  eta= 0.19019

     C   23    Vxx=    0.1354    axis=( -0.559517  0.071709  0.825711)
     C   23    Vyy=    0.3171    axis=(  0.649025  0.657507  0.382690)
     C   23    Vzz=   -0.4524    axis=( -0.515468  0.750028 -0.414427)
     C   23  Q=         1.0000 1e-30 m^2  Cq=        -1.0630 MHz  eta= 0.40163

     Cl  24    Vxx=   -0.6677    axis=( -0.455227  0.526258  0.718206)
     Cl  24    Vyy=   -2.3692    axis=( -0.450822  0.559359 -0.695613)
     Cl  24    Vzz=    3.0369    axis=( -0.767807 -0.640445 -0.017387)
     Cl  24  Q=        -8.1650 1e-30 m^2  Cq=       -58.2611 MHz  eta= 0.56026

     Initialization:
     gipaw_setup  :      9.09s CPU     11.05s WALL (       1 calls)

     Linear response

     Apply operators

     Induced current

     Other routines
     efg          :      9.75s CPU     12.84s WALL (       1 calls)

     General routines
     calbec       :      3.52s CPU      4.82s WALL (      16 calls)
     fft          :      1.64s CPU      2.50s WALL (      15 calls)
     ffts         :      0.04s CPU      0.05s WALL (       2 calls)
     fftw         :      3.51s CPU      4.63s WALL (     672 calls)
     davcio       :      0.02s CPU      0.30s WALL (      32 calls)

     Parallel routines
     fft_scatter  :      2.44s CPU      4.33s WALL (     689 calls)

     Plugins

     GIPAW        :     62.62s CPU     85.09s WALL (       1 calls)
