
     Program QE v.6.0 (svn rev. 13079) starts on  4Jan2017 at  9:41:35 

     This program is part of the open-source Quantum ESPRESSO suite
     for quantum simulation of materials; please cite
         "P. Giannozzi et al., J. Phys.:Condens. Matter 21 395502 (2009);
          URL http://www.quantum-espresso.org", 
     in publications or presentations arising from this work. More details at
     http://www.quantum-espresso.org/quote

     Parallel version (MPI), running on     8 processors
     R & G space division:  proc/nbgrp/npool/nimage =       8

     ***** This is GIPAW svn revision unknown      *****

     Parallelizing q-star over 1 images

     Reading data from directory:
     /users/majewski/paradichlorobenzene/pbe/9_constraint/scratch/pbe.ecut100.np8.dt60.pcl2phi-129368.save
     Message from routine read_xml_file:
     file /users/majewski/paradichlorobenzene/pbe/9_constraint/scratch/pbe.ecut100.np8.dt60.pcl2phi-129368.save not guaranteed to be safe for post-processing

   Info: using nr1, nr2, nr3 values from input

   Info: using nr1, nr2, nr3 values from input

     IMPORTANT: XC functional enforced from input :
     Exchange-correlation      =  SLA  PW   PBX  PBC ( 1  4  3  4 0 0)
     Any further DFT definition will be discarded
     Please, verify this is what you really want

               file C.pbe-n-kjpaw_psl.1.0.0.UPF: wavefunction(s)  2S 2P renormalized
               file Cl.pbe-n-kjpaw_psl.1.0.0.UPF: wavefunction(s)  3S 3P renormalized
               file H.pbe-kjpaw_psl.1.0.0.UPF: wavefunction(s)  1S renormalized

     Parallelization info
     --------------------
     sticks:   dense  smooth     PW     G-vecs:    dense   smooth      PW
     Min        3057    1223    332               144436    36536    5170
     Max        3059    1225    333               144437    36537    5171
     Sum       24467    9791   2657              1155489   292295   41363


     Subspace diagonalization in iterative solution of the eigenvalue problem:
     a serial algorithm will be used

     GIPAW projectors -----------------------------------------------
     atom=  C    l=0  rc=    1.2000  rs=    0.8000
     atom=  C    l=0  rc=    1.2000  rs=    0.8000
     atom=  C    l=1  rc=    1.4000  rs=    0.9333
     atom=  C    l=1  rc=    1.4000  rs=    0.9333
     projs nearly linearly dependent: l=1  n1,n2= 1, 2  s=  0.99951561

     atom=  Cl   l=0  rc=    1.6000  rs=    1.0667
     atom=  Cl   l=0  rc=    1.6000  rs=    1.0667
     atom=  Cl   l=1  rc=    1.6000  rs=    1.0667
     atom=  Cl   l=1  rc=    1.6000  rs=    1.0667
     atom=  Cl   l=2  rc=    1.6000  rs=    1.0667
     atom=  Cl   l=2  rc=    1.6000  rs=    1.0667
     projs nearly linearly dependent: l=2  n1,n2= 1, 2  s=  0.99993509

     atom=  H    l=0  rc=    1.0000  rs=    0.6667
     atom=  H    l=0  rc=    1.0000  rs=    0.6667
     projs nearly linearly dependent: l=0  n1,n2= 1, 2  s=  0.99968852
     -----------------------------------------------------------------

     GIPAW integrals: -------------------------------------------
     Atom  i/j   nmr_para   nmr_dia   epr_rmc  epr_para   epr_dia
       C   1 1   0.83E+03  0.17E-01  0.93E+01  0.24E+08  0.24E+03
       C   2 1   0.86E+03 -0.61E-01  0.94E+01  0.25E+08  0.25E+03
       C   2 2   0.90E+03 -0.15E+00  0.97E+01  0.26E+08  0.26E+03
       C   3 3   0.33E+01  0.34E+00  0.18E+01  0.55E+03  0.21E+02
       C   4 3   0.35E+01  0.37E+00  0.20E+01  0.59E+03  0.22E+02
       C   4 4   0.38E+01  0.39E+00  0.22E+01  0.63E+03  0.24E+02
       Cl  1 1   0.14E+04 -0.47E+00  0.84E+01  0.32E+09  0.42E+03
       Cl  2 1   0.21E+04 -0.37E+00  0.12E+02  0.49E+09  0.65E+03
       Cl  2 2   0.33E+04 -0.16E+00  0.21E+02  0.76E+09  0.10E+04
       Cl  3 3   0.21E+02  0.79E-01  0.89E+01  0.23E+05  0.13E+03
       Cl  4 3   0.24E+02  0.67E-01  0.99E+01  0.27E+05  0.15E+03
       Cl  4 4   0.28E+02  0.44E-01  0.11E+02  0.32E+05  0.18E+03
       Cl  5 5   0.77E+00  0.19E+00  0.18E+01  0.12E+03  0.22E+02
       Cl  6 5   0.80E+00  0.19E+00  0.19E+01  0.12E+03  0.23E+02
       Cl  6 6   0.83E+00  0.20E+00  0.19E+01  0.12E+03  0.23E+02
       H   1 1   0.39E+02  0.19E+00  0.29E+00  0.78E+05  0.13E+02
       H   2 1   0.41E+02  0.21E+00  0.32E+00  0.82E+05  0.14E+02
       H   2 2   0.43E+02  0.22E+00  0.36E+00  0.86E+05  0.15E+02
     ------------------------------------------------------------

     alpha_pv=     33.8123 eV

     Number of occupied bands for each k-point:
     k-point:     1    nbnd_occ=  42
     k-point:     2    nbnd_occ=  42
     k-point:     3    nbnd_occ=  42
     k-point:     4    nbnd_occ=  42
     k-point:     5    nbnd_occ=  42
     k-point:     6    nbnd_occ=  42
     k-point:     7    nbnd_occ=  42
     k-point:     8    nbnd_occ=  42
     k-point:     9    nbnd_occ=  42
     k-point:    10    nbnd_occ=  42
     k-point:    11    nbnd_occ=  42
     k-point:    12    nbnd_occ=  42
     k-point:    13    nbnd_occ=  42
     k-point:    14    nbnd_occ=  42
     k-point:    15    nbnd_occ=  42
     k-point:    16    nbnd_occ=  42


     q-space interpolation up to   110.00 Rydberg

     GIPAW job: efg                                                                             


     ELECTRIC FIELD GRADIENTS TENSORS IN Hartree/bohrradius^2:

     ----- bare term -----
     Cl   1        0.106884        0.013733       -0.015582
     Cl   1        0.013733       -0.154870        0.005408
     Cl   1       -0.015582        0.005408        0.047986

     C    2       -0.739815        0.473389       -0.375480
     C    2        0.473389        0.337204       -0.044178
     C    2       -0.375480       -0.044178        0.402611

     C    3        0.094948        0.098784       -0.157408
     C    3        0.098784       -0.186880       -0.560151
     C    3       -0.157408       -0.560151        0.091932

     H    4       -0.207747        0.098726       -0.521747
     H    4        0.098726       -0.036247       -0.026426
     H    4       -0.521747       -0.026426        0.243995

     C    5       -0.892325        0.338680       -0.478452
     C    5        0.338680        0.351689        0.054251
     C    5       -0.478452        0.054251        0.540637

     H    6        0.227867       -0.041260       -0.053410
     H    6       -0.041260       -0.508023       -0.614896
     H    6       -0.053410       -0.614896        0.280156

     H    7        0.312461        0.391578        0.132715
     H    7        0.391578       -0.613966       -0.130372
     H    7        0.132715       -0.130372        0.301505

     C    8       -0.029462        0.081061       -0.065695
     C    8        0.081061       -0.115543       -0.056276
     C    8       -0.065695       -0.056276        0.145005

     H    9       -0.277441        0.412298        0.160985
     H    9        0.412298        0.060447       -0.174297
     H    9        0.160985       -0.174297        0.216994

     C   10        0.060786       -0.069040        0.201718
     C   10       -0.069040       -0.102101       -0.079202
     C   10        0.201718       -0.079202        0.041315

     C   11       -0.167118        0.091609       -0.078779
     C   11        0.091609        0.090422        0.168780
     C   11       -0.078779        0.168780        0.076695

     Cl  12        0.024058       -0.135463        0.034651
     Cl  12       -0.135463        0.048984       -0.155793
     Cl  12        0.034651       -0.155793       -0.073043

     H   13        0.434689        0.025855        0.115957
     H   13        0.025855       -0.045246       -0.553777
     H   13        0.115957       -0.553777       -0.389442

     C   14       -0.040363       -0.098275       -0.251005
     C   14       -0.098275       -0.253180       -0.293385
     C   14       -0.251005       -0.293385        0.293543

     H   15        0.119794       -0.049319       -0.200844
     H   15       -0.049319        0.386741       -0.250416
     H   15       -0.200844       -0.250416       -0.506536

     C   16       -0.292680        0.375565       -0.230429
     C   16        0.375565        0.166414       -0.012096
     C   16       -0.230429       -0.012096        0.126266

     C   17        0.090420       -0.159788       -0.241653
     C   17       -0.159788       -0.437907       -0.398540
     C   17       -0.241653       -0.398540        0.347487

     Cl  18       -0.040623        0.258906        0.025034
     Cl  18        0.258906        0.052900       -0.112029
     Cl  18        0.025034       -0.112029       -0.012277

     H   19        0.095848        0.082165       -0.260854
     H   19        0.082165       -0.261902        0.489085
     H   19       -0.260854        0.489085        0.166054

     C   20       -0.519671       -0.324411       -0.128692
     C   20       -0.324411        0.113272        0.387243
     C   20       -0.128692        0.387243        0.406399

     H   21       -0.686773        0.080899        0.092404
     H   21        0.080899        0.420598        0.194075
     H   21        0.092404        0.194075        0.266175

     C   22       -0.040388        0.167941       -0.293964
     C   22        0.167941       -0.135199        0.661993
     C   22       -0.293964        0.661993        0.175587

     C   23       -0.347717       -0.331973       -0.250725
     C   23       -0.331973       -0.024457        0.358879
     C   23       -0.250725        0.358879        0.372174

     Cl  24        0.047950       -0.056804        0.007082
     Cl  24       -0.056804       -0.006345       -0.026997
     Cl  24        0.007082       -0.026997       -0.041605

     ----- ionic term -----
     Cl   1        0.130385       -0.230196        0.028817
     Cl   1       -0.230196        0.039149       -0.014017
     Cl   1        0.028817       -0.014017       -0.169534

     C    2        0.077396       -0.249376        0.375390
     C    2       -0.249376        0.137781        0.345500
     C    2        0.375390        0.345500       -0.215176

     C    3        0.049955       -0.229665        0.258230
     C    3       -0.229665        0.237368        0.343867
     C    3        0.258230        0.343867       -0.287323

     H    4        0.486529        0.273801        0.726066
     H    4        0.273801       -0.405647        0.245599
     H    4        0.726066        0.245599       -0.080882

     C    5        0.163364       -0.162683        0.358368
     C    5       -0.162683        0.078824        0.276470
     C    5        0.358368        0.276470       -0.242188

     H    6       -0.510587        0.188185        0.107104
     H    6        0.188185        0.610261        0.704898
     H    6        0.107104        0.704898       -0.099674

     H    7       -0.479644       -0.195336        0.126085
     H    7       -0.195336        0.572874       -0.709763
     H    7        0.126085       -0.709763       -0.093231

     C    8        0.326072        0.123991        0.158276
     C    8        0.123991        0.086158       -0.304023
     C    8        0.158276       -0.304023       -0.412230

     H    9        0.764002       -0.380886        0.501001
     H    9       -0.380886       -0.352870       -0.221556
     H    9        0.501001       -0.221556       -0.411133

     C   10        0.201750        0.182952        0.101676
     C   10        0.182952        0.230984       -0.356272
     C   10        0.101676       -0.356272       -0.432734

     C   11        0.365954        0.106102        0.136194
     C   11        0.106102        0.128538       -0.311011
     C   11        0.136194       -0.311011       -0.494491

     Cl  12        0.159327        0.192452        0.001373
     Cl  12        0.192452        0.008971       -0.014109
     Cl  12        0.001373       -0.014109       -0.168298

     H   13       -0.531912        0.029066        0.061795
     H   13        0.029066        0.425749        0.777216
     H   13        0.061795        0.777216        0.106163

     C   14        0.141155       -0.286799        0.399891
     C   14       -0.286799        0.023455        0.253601
     C   14        0.399891        0.253601       -0.164609

     H   15        0.274926        0.205090        0.814533
     H   15        0.205090       -0.457980        0.279423
     H   15        0.814533        0.279423        0.183053

     C   16       -0.011780       -0.331338        0.260495
     C   16       -0.331338        0.193146        0.379745
     C   16        0.260495        0.379745       -0.181367

     C   17        0.128863       -0.211806        0.329767
     C   17       -0.211806        0.055983        0.399645
     C   17        0.329767        0.399645       -0.184845

     Cl  18        0.138612       -0.186825        0.037098
     Cl  18       -0.186825       -0.007547       -0.017371
     Cl  18        0.037098       -0.017371       -0.131065

     H   19       -0.474722       -0.237938        0.109418
     H   19       -0.237938        0.734541       -0.621228
     H   19        0.109418       -0.621228       -0.259819

     C   20        0.426939        0.068870        0.145749
     C   20        0.068870        0.083955       -0.252170
     C   20        0.145749       -0.252170       -0.510895

     H   21        0.862873       -0.443183        0.265161
     H   21       -0.443183       -0.350026       -0.133318
     H   21        0.265161       -0.133318       -0.512847

     C   22        0.250647        0.116853        0.083221
     C   22        0.116853        0.236317       -0.290852
     C   22        0.083221       -0.290852       -0.486964

     C   23        0.195116        0.058969        0.137181
     C   23        0.058969        0.233502       -0.352031
     C   23        0.137181       -0.352031       -0.428617

     Cl  24        0.085913        0.188176       -0.038178
     Cl  24        0.188176        0.026328       -0.033392
     Cl  24       -0.038178       -0.033392       -0.112241

     ----- GIPAW term -----
     Cl   1        0.090485       -0.019312       -0.012935
     Cl   1       -0.019312        2.221465        0.171122
     Cl   1       -0.012935        0.171122       -2.311950

     C    2       -0.149574        0.051096       -0.022511
     C    2        0.051096        0.236234        0.090162
     C    2       -0.022511        0.090162       -0.086660

     C    3       -0.113406       -0.016292       -0.009574
     C    3       -0.016292        0.233325        0.074841
     C    3       -0.009574        0.074841       -0.119919

     H    4       -0.000000        0.000000        0.000000
     H    4        0.000000        0.000000        0.000000
     H    4        0.000000        0.000000        0.000000

     C    5       -0.220700       -0.024672       -0.101951
     C    5       -0.024672        0.152892        0.211004
     C    5       -0.101951        0.211004        0.067808

     H    6       -0.000000        0.000000        0.000000
     H    6        0.000000        0.000000        0.000000
     H    6        0.000000        0.000000        0.000000

     H    7       -0.000000        0.000000        0.000000
     H    7        0.000000        0.000000        0.000000
     H    7        0.000000        0.000000        0.000000

     C    8       -0.002239        0.005173       -0.000268
     C    8        0.005173       -0.002150        0.014152
     C    8       -0.000268        0.014152        0.004389

     H    9       -0.000000        0.000000        0.000000
     H    9        0.000000        0.000000        0.000000
     H    9        0.000000        0.000000        0.000000

     C   10        0.012813        0.007584        0.023651
     C   10        0.007584        0.004940       -0.023468
     C   10        0.023651       -0.023468       -0.017753

     C   11       -0.023633        0.037044       -0.004947
     C   11        0.037044       -0.015297        0.031520
     C   11       -0.004947        0.031520        0.038930

     Cl  12       -0.646807        0.453726       -0.612249
     Cl  12        0.453726       -0.547357        1.359501
     Cl  12       -0.612249        1.359501        1.194164

     H   13       -0.000000        0.000000        0.000000
     H   13        0.000000        0.000000        0.000000
     H   13        0.000000        0.000000        0.000000

     C   14       -0.083456       -0.089290       -0.079166
     C   14       -0.089290       -0.017505        0.140153
     C   14       -0.079166        0.140153        0.100962

     H   15       -0.000000        0.000000        0.000000
     H   15        0.000000        0.000000        0.000000
     H   15        0.000000        0.000000        0.000000

     C   16       -0.033982       -0.007078       -0.081655
     C   16       -0.007078       -0.001564        0.054912
     C   16       -0.081655        0.054912        0.035546

     C   17       -0.056911       -0.113425       -0.058589
     C   17       -0.113425       -0.063276        0.116522
     C   17       -0.058589        0.116522        0.120187

     Cl  18       -0.945488       -0.568705       -0.199177
     Cl  18       -0.568705       -0.799010        1.052215
     Cl  18       -0.199177        1.052215        1.744498

     H   19       -0.000000        0.000000        0.000000
     H   19        0.000000        0.000000        0.000000
     H   19        0.000000        0.000000        0.000000

     C   20       -0.115389        0.056630        0.058980
     C   20        0.056630        0.106169        0.155418
     C   20        0.058980        0.155418        0.009220

     H   21       -0.000000        0.000000        0.000000
     H   21        0.000000        0.000000        0.000000
     H   21        0.000000        0.000000        0.000000

     C   22       -0.000638        0.200485       -0.008151
     C   22        0.200485        0.052170        0.170575
     C   22       -0.008151        0.170575       -0.051532

     C   23       -0.117057        0.008869       -0.032253
     C   23        0.008869        0.077361        0.196210
     C   23       -0.032253        0.196210        0.039696

     Cl  24       -0.059488        0.606657        0.148185
     Cl  24        0.606657        2.476815       -0.830394
     Cl  24        0.148185       -0.830394       -2.417327

     ----- total EFG -----
     Cl   1        0.327755       -0.235776        0.000301
     Cl   1       -0.235776        2.105743        0.162512
     Cl   1        0.000301        0.162512       -2.433498

     C    2       -0.811994        0.275109       -0.022601
     C    2        0.275109        0.711219        0.391485
     C    2       -0.022601        0.391485        0.100775

     C    3        0.031497       -0.147173        0.091248
     C    3       -0.147173        0.283813       -0.141443
     C    3        0.091248       -0.141443       -0.315311

     H    4        0.278782        0.372527        0.204319
     H    4        0.372527       -0.441894        0.219173
     H    4        0.204319        0.219173        0.163112

     C    5       -0.949661        0.151325       -0.222035
     C    5        0.151325        0.583404        0.541726
     C    5       -0.222035        0.541726        0.366257

     H    6       -0.282721        0.146925        0.053694
     H    6        0.146925        0.102238        0.090002
     H    6        0.053694        0.090002        0.180483

     H    7       -0.167182        0.196242        0.258800
     H    7        0.196242       -0.041092       -0.840135
     H    7        0.258800       -0.840135        0.208274

     C    8        0.294371        0.210225        0.092313
     C    8        0.210225       -0.031535       -0.346146
     C    8        0.092313       -0.346146       -0.262836

     H    9        0.486561        0.031412        0.661986
     H    9        0.031412       -0.292423       -0.395853
     H    9        0.661986       -0.395853       -0.194138

     C   10        0.275350        0.121496        0.327045
     C   10        0.121496        0.133823       -0.458942
     C   10        0.327045       -0.458942       -0.409172

     C   11        0.175203        0.234755        0.052469
     C   11        0.234755        0.203663       -0.110711
     C   11        0.052469       -0.110711       -0.378866

     Cl  12       -0.463421        0.510715       -0.576225
     Cl  12        0.510715       -0.489402        1.189600
     Cl  12       -0.576225        1.189600        0.952823

     H   13       -0.097223        0.054921        0.177753
     H   13        0.054921        0.380502        0.223439
     H   13        0.177753        0.223439       -0.283280

     C   14        0.017335       -0.474365        0.069720
     C   14       -0.474365       -0.247230        0.100369
     C   14        0.069720        0.100369        0.229895

     H   15        0.394721        0.155771        0.613689
     H   15        0.155771       -0.071238        0.029007
     H   15        0.613689        0.029007       -0.323482

     C   16       -0.338442        0.037148       -0.051589
     C   16        0.037148        0.357996        0.422561
     C   16       -0.051589        0.422561       -0.019555

     C   17        0.162372       -0.485019        0.029525
     C   17       -0.485019       -0.445200        0.117627
     C   17        0.029525        0.117627        0.282829

     Cl  18       -0.847499       -0.496624       -0.137046
     Cl  18       -0.496624       -0.753657        0.922815
     Cl  18       -0.137046        0.922815        1.601155

     H   19       -0.378874       -0.155773       -0.151436
     H   19       -0.155773        0.472639       -0.132143
     H   19       -0.151436       -0.132143       -0.093765

     C   20       -0.208121       -0.198910        0.076037
     C   20       -0.198910        0.303396        0.290491
     C   20        0.076037        0.290491       -0.095276

     H   21        0.176101       -0.362284        0.357565
     H   21       -0.362284        0.070571        0.060756
     H   21        0.357565        0.060756       -0.246672

     C   22        0.209621        0.485278       -0.218894
     C   22        0.485278        0.153288        0.541716
     C   22       -0.218894        0.541716       -0.362910

     C   23       -0.269658       -0.264135       -0.145797
     C   23       -0.264135        0.286405        0.203058
     C   23       -0.145797        0.203058       -0.016747

     Cl  24        0.074376        0.738029        0.117089
     Cl  24        0.738029        2.496797       -0.890782
     Cl  24        0.117089       -0.890782       -2.571173

     ----- total EFG (symmetrized) -----
     Cl   1        0.327755       -0.235776        0.000301
     Cl   1       -0.235776        2.105743        0.162512
     Cl   1        0.000301        0.162512       -2.433498

     C    2       -0.811994        0.275109       -0.022601
     C    2        0.275109        0.711219        0.391485
     C    2       -0.022601        0.391485        0.100775

     C    3        0.031497       -0.147173        0.091248
     C    3       -0.147173        0.283813       -0.141443
     C    3        0.091248       -0.141443       -0.315311

     H    4        0.278782        0.372527        0.204319
     H    4        0.372527       -0.441894        0.219173
     H    4        0.204319        0.219173        0.163112

     C    5       -0.949661        0.151325       -0.222035
     C    5        0.151325        0.583404        0.541726
     C    5       -0.222035        0.541726        0.366257

     H    6       -0.282721        0.146925        0.053694
     H    6        0.146925        0.102238        0.090002
     H    6        0.053694        0.090002        0.180483

     H    7       -0.167182        0.196242        0.258800
     H    7        0.196242       -0.041092       -0.840135
     H    7        0.258800       -0.840135        0.208274

     C    8        0.294371        0.210225        0.092313
     C    8        0.210225       -0.031535       -0.346146
     C    8        0.092313       -0.346146       -0.262836

     H    9        0.486561        0.031412        0.661986
     H    9        0.031412       -0.292423       -0.395853
     H    9        0.661986       -0.395853       -0.194138

     C   10        0.275350        0.121496        0.327045
     C   10        0.121496        0.133823       -0.458942
     C   10        0.327045       -0.458942       -0.409172

     C   11        0.175203        0.234755        0.052469
     C   11        0.234755        0.203663       -0.110711
     C   11        0.052469       -0.110711       -0.378866

     Cl  12       -0.463421        0.510715       -0.576225
     Cl  12        0.510715       -0.489402        1.189600
     Cl  12       -0.576225        1.189600        0.952823

     H   13       -0.097223        0.054921        0.177753
     H   13        0.054921        0.380502        0.223439
     H   13        0.177753        0.223439       -0.283280

     C   14        0.017335       -0.474365        0.069720
     C   14       -0.474365       -0.247230        0.100369
     C   14        0.069720        0.100369        0.229895

     H   15        0.394721        0.155771        0.613689
     H   15        0.155771       -0.071238        0.029007
     H   15        0.613689        0.029007       -0.323482

     C   16       -0.338442        0.037148       -0.051589
     C   16        0.037148        0.357996        0.422561
     C   16       -0.051589        0.422561       -0.019555

     C   17        0.162372       -0.485019        0.029525
     C   17       -0.485019       -0.445200        0.117627
     C   17        0.029525        0.117627        0.282829

     Cl  18       -0.847499       -0.496624       -0.137046
     Cl  18       -0.496624       -0.753657        0.922815
     Cl  18       -0.137046        0.922815        1.601155

     H   19       -0.378874       -0.155773       -0.151436
     H   19       -0.155773        0.472639       -0.132143
     H   19       -0.151436       -0.132143       -0.093765

     C   20       -0.208121       -0.198910        0.076037
     C   20       -0.198910        0.303396        0.290491
     C   20        0.076037        0.290491       -0.095276

     H   21        0.176101       -0.362284        0.357565
     H   21       -0.362284        0.070571        0.060756
     H   21        0.357565        0.060756       -0.246672

     C   22        0.209621        0.485278       -0.218894
     C   22        0.485278        0.153288        0.541716
     C   22       -0.218894        0.541716       -0.362910

     C   23       -0.269658       -0.264135       -0.145797
     C   23       -0.264135        0.286405        0.203058
     C   23       -0.145797        0.203058       -0.016747

     Cl  24        0.074376        0.738029        0.117089
     Cl  24        0.738029        2.496797       -0.890782
     Cl  24        0.117089       -0.890782       -2.571173


     NQR/NMR SPECTROSCOPIC PARAMETERS:
     Cl   1    Vxx=    0.2972    axis=(  0.991668  0.128583  0.007762)
     Cl   1    Vyy=    2.1422    axis=( -0.128778  0.991049  0.035190)
     Cl   1    Vzz=   -2.4393    axis=( -0.003167 -0.035897  0.999350)
     Cl   1  Q=        -8.1650 1e-30 m^2  Cq=        46.7974 MHz  eta= 0.75634

     C    2    Vxx=   -0.0657    axis=( -0.172525 -0.393850  0.902838)
     C    2    Vyy=   -0.8693    axis=( -0.975564  0.194922 -0.101391)
     C    2    Vzz=    0.9350    axis=( -0.136050 -0.898269 -0.417855)
     C    2  Q=         1.0000 1e-30 m^2  Cq=         2.1969 MHz  eta= 0.85949

     C    3    Vxx=   -0.0346    axis=(  0.893938  0.443108  0.067310)
     C    3    Vyy=   -0.3563    axis=( -0.161079  0.177488  0.970851)
     C    3    Vzz=    0.3909    axis=(  0.418245 -0.878723  0.230038)
     C    3  Q=         1.0000 1e-30 m^2  Cq=         0.9184 MHz  eta= 0.82306

     H    4    Vxx=    0.0114    axis=( -0.555917 -0.055860  0.829359)
     H    4    Vyy=    0.6093    axis=(  0.756609  0.379186  0.532692)
     H    4    Vzz=   -0.6207    axis=( -0.344237  0.923633 -0.168531)
     H    4  Q=         1.0000 1e-30 m^2  Cq=        -1.4585 MHz  eta= 0.96328

     C    5    Vxx=   -0.0021    axis=( -0.271680 -0.614814  0.740401)
     C    5    Vyy=   -1.0255    axis=( -0.962308  0.163646 -0.217218)
     C    5    Vzz=    1.0276    axis=(  0.012385 -0.771507 -0.636100)
     C    5  Q=         1.0000 1e-30 m^2  Cq=         2.4145 MHz  eta= 0.99590

     H    6    Vxx=    0.0633    axis=(  0.207530  0.727645 -0.653807)
     H    6    Vyy=    0.2701    axis=(  0.235862  0.611420  0.755337)
     H    6    Vzz=   -0.3334    axis=( -0.949369  0.310963  0.044736)
     H    6  Q=         1.0000 1e-30 m^2  Cq=        -0.7833 MHz  eta= 0.62041

     H    7    Vxx=   -0.0340    axis=(  0.915405  0.342831  0.210950)
     H    7    Vyy=   -0.9033    axis=( -0.397297  0.685235  0.610417)
     H    7    Vzz=    0.9373    axis=(  0.064720 -0.642589  0.763473)
     H    7  Q=         1.0000 1e-30 m^2  Cq=         2.2023 MHz  eta= 0.92735

     C    8    Vxx=    0.1507    axis=( -0.493272  0.609661 -0.620480)
     C    8    Vyy=    0.4083    axis=( -0.838883 -0.522102  0.153900)
     C    8    Vzz=   -0.5589    axis=( -0.230127  0.596424  0.768973)
     C    8  Q=         1.0000 1e-30 m^2  Cq=        -1.3133 MHz  eta= 0.46090

     H    9    Vxx=   -0.0822    axis=(  0.419834  0.814992 -0.399410)
     H    9    Vyy=   -0.8368    axis=( -0.381847  0.557839  0.736892)
     H    9    Vzz=    0.9191    axis=(  0.823367 -0.156859  0.545401)
     H    9  Q=         1.0000 1e-30 m^2  Cq=         2.1595 MHz  eta= 0.82103

     C   10    Vxx=    0.3377    axis=(  0.695058  0.707079 -0.130131)
     C   10    Vyy=    0.4455    axis=( -0.648696  0.538737 -0.537546)
     C   10    Vzz=   -0.7832    axis=( -0.309981  0.458041  0.833133)
     C   10  Q=         1.0000 1e-30 m^2  Cq=        -1.8401 MHz  eta= 0.13757

     C   11    Vxx=   -0.0108    axis=( -0.716536  0.633204 -0.292626)
     C   11    Vyy=   -0.4164    axis=( -0.179228  0.238298  0.954511)
     C   11    Vzz=    0.4272    axis=(  0.674132  0.736388 -0.057261)
     C   11  Q=         1.0000 1e-30 m^2  Cq=         1.0037 MHz  eta= 0.94933

     Cl  12    Vxx=   -0.0319    axis=(  0.833415  0.530865 -0.153631)
     Cl  12    Vyy=   -1.6237    axis=( -0.537365  0.713503 -0.449614)
     Cl  12    Vzz=    1.6556    axis=( -0.129068  0.457271  0.879912)
     Cl  12  Q=        -8.1650 1e-30 m^2  Cq=       -31.7610 MHz  eta= 0.96148

     H   13    Vxx=   -0.0426    axis=(  0.879180 -0.306674  0.364682)
     H   13    Vyy=   -0.4264    axis=(  0.436688  0.212361 -0.874189)
     H   13    Vzz=    0.4690    axis=(  0.190647  0.927822  0.320624)
     H   13  Q=         1.0000 1e-30 m^2  Cq=         1.1020 MHz  eta= 0.81813

     C   14    Vxx=    0.2471    axis=(  0.116701  0.088851  0.989185)
     C   14    Vyy=    0.3777    axis=( -0.792904  0.608102  0.038923)
     C   14    Vzz=   -0.6249    axis=( -0.598067 -0.788871  0.141416)
     C   14  Q=         1.0000 1e-30 m^2  Cq=        -1.4682 MHz  eta= 0.20898

     H   15    Vxx=   -0.0932    axis=(  0.107654 -0.980679  0.163338)
     H   15    Vyy=   -0.6800    axis=(  0.503519 -0.087882 -0.859503)
     H   15    Vzz=    0.7732    axis=(  0.857251  0.174772  0.484329)
     H   15  Q=         1.0000 1e-30 m^2  Cq=         1.8167 MHz  eta= 0.75900

     C   16    Vxx=   -0.2487    axis=( -0.577452 -0.442519  0.686095)
     C   16    Vyy=   -0.3834    axis=( -0.816418  0.316289 -0.483138)
     C   16    Vzz=    0.6320    axis=( -0.003206 -0.839129 -0.543922)
     C   16  Q=         1.0000 1e-30 m^2  Cq=         1.4850 MHz  eta= 0.21309

     C   17    Vxx=    0.2897    axis=(  0.242066 -0.004462  0.970250)
     C   17    Vyy=    0.4377    axis=(  0.844120 -0.492089 -0.212861)
     C   17    Vzz=   -0.7273    axis=(  0.478399  0.870534 -0.115351)
     C   17  Q=         1.0000 1e-30 m^2  Cq=        -1.7089 MHz  eta= 0.20351

     Cl  18    Vxx=   -0.5419    axis=(  0.777217 -0.558352  0.290134)
     Cl  18    Vyy=   -1.4089    axis=( -0.620264 -0.757410  0.203967)
     Cl  18    Vzz=    1.9507    axis=( -0.105865  0.338486  0.934997)
     Cl  18  Q=        -8.1650 1e-30 m^2  Cq=       -37.4241 MHz  eta= 0.44444

     H   19    Vxx=   -0.0342    axis=( -0.437358  0.098619  0.893864)
     H   19    Vyy=   -0.4845    axis=(  0.888408  0.201527  0.412454)
     H   19    Vzz=    0.5188    axis=( -0.139462  0.974506 -0.175754)
     H   19  Q=         1.0000 1e-30 m^2  Cq=         1.2189 MHz  eta= 0.86796

     C   20    Vxx=   -0.0864    axis=(  0.699441 -0.161851  0.696123)
     C   20    Vyy=   -0.3999    axis=( -0.683687 -0.435295  0.585739)
     C   20    Vzz=    0.4863    axis=( -0.208217  0.885620  0.415118)
     C   20  Q=         1.0000 1e-30 m^2  Cq=         1.1427 MHz  eta= 0.64461

     H   21    Vxx=   -0.0125    axis=( -0.272936 -0.744025 -0.609863)
     H   21    Vyy=   -0.5515    axis=( -0.556101 -0.395272  0.731103)
     H   21    Vzz=    0.5640    axis=( -0.785021  0.538690 -0.305869)
     H   21  Q=         1.0000 1e-30 m^2  Cq=         1.3252 MHz  eta= 0.95558

     C   22    Vxx=    0.1701    axis=( -0.694618  0.342028  0.632869)
     C   22    Vyy=    0.7241    axis=( -0.603958 -0.755210 -0.254740)
     C   22    Vzz=   -0.8942    axis=(  0.390821 -0.559174  0.731152)
     C   22  Q=         1.0000 1e-30 m^2  Cq=        -2.1010 MHz  eta= 0.61954

     C   23    Vxx=   -0.1181    axis=( -0.036036 -0.467010  0.883517)
     C   23    Vyy=   -0.3874    axis=(  0.931269  0.305040  0.199222)
     C   23    Vzz=    0.5055    axis=( -0.362547  0.829971  0.423920)
     C   23  Q=         1.0000 1e-30 m^2  Cq=         1.1877 MHz  eta= 0.53261

     Cl  24    Vxx=   -0.0870    axis=(  0.964397 -0.231215  0.128365)
     Cl  24    Vyy=   -2.7442    axis=(  0.087549 -0.178886 -0.979967)
     Cl  24    Vzz=    2.8312    axis=(  0.249546  0.956315 -0.152275)
     Cl  24  Q=        -8.1650 1e-30 m^2  Cq=       -54.3156 MHz  eta= 0.93855

     Initialization:
     gipaw_setup  :      9.17s CPU     10.80s WALL (       1 calls)

     Linear response

     Apply operators

     Induced current

     Other routines
     efg          :      9.44s CPU     12.62s WALL (       1 calls)

     General routines
     calbec       :      3.10s CPU      4.12s WALL (      16 calls)
     fft          :      1.64s CPU      2.55s WALL (      15 calls)
     ffts         :      0.04s CPU      0.06s WALL (       2 calls)
     fftw         :      3.55s CPU      5.08s WALL (     672 calls)
     davcio       :      0.03s CPU      0.32s WALL (      32 calls)

     Parallel routines
     fft_scatter  :      2.73s CPU      4.88s WALL (     689 calls)

     Plugins

     GIPAW        :     60.79s CPU     73.79s WALL (       1 calls)
