
     Program QE v.6.0 (svn rev. 13079) starts on  7Jan2017 at 22:41:14 

     This program is part of the open-source Quantum ESPRESSO suite
     for quantum simulation of materials; please cite
         "P. Giannozzi et al., J. Phys.:Condens. Matter 21 395502 (2009);
          URL http://www.quantum-espresso.org", 
     in publications or presentations arising from this work. More details at
     http://www.quantum-espresso.org/quote

     Parallel version (MPI), running on     8 processors
     R & G space division:  proc/nbgrp/npool/nimage =       8

     ***** This is GIPAW svn revision unknown      *****

     Parallelizing q-star over 1 images

     Reading data from directory:
     /users/majewski/paradichlorobenzene/pbe/9_constraint/scratch/pbe.ecut100.np8.dt60.pcl2phi-129368.save
     Message from routine read_xml_file:
     file /users/majewski/paradichlorobenzene/pbe/9_constraint/scratch/pbe.ecut100.np8.dt60.pcl2phi-129368.save not guaranteed to be safe for post-processing

   Info: using nr1, nr2, nr3 values from input

   Info: using nr1, nr2, nr3 values from input

     IMPORTANT: XC functional enforced from input :
     Exchange-correlation      =  SLA  PW   PBX  PBC ( 1  4  3  4 0 0)
     Any further DFT definition will be discarded
     Please, verify this is what you really want

               file C.pbe-n-kjpaw_psl.1.0.0.UPF: wavefunction(s)  2S 2P renormalized
               file Cl.pbe-n-kjpaw_psl.1.0.0.UPF: wavefunction(s)  3S 3P renormalized
               file H.pbe-kjpaw_psl.1.0.0.UPF: wavefunction(s)  1S renormalized

     Parallelization info
     --------------------
     sticks:   dense  smooth     PW     G-vecs:    dense   smooth      PW
     Min        3057    1223    332               144436    36536    5170
     Max        3059    1225    333               144437    36537    5171
     Sum       24467    9791   2657              1155489   292295   41363


     Subspace diagonalization in iterative solution of the eigenvalue problem:
     a serial algorithm will be used

     GIPAW projectors -----------------------------------------------
     atom=  C    l=0  rc=    1.2000  rs=    0.8000
     atom=  C    l=0  rc=    1.2000  rs=    0.8000
     atom=  C    l=1  rc=    1.4000  rs=    0.9333
     atom=  C    l=1  rc=    1.4000  rs=    0.9333
     projs nearly linearly dependent: l=1  n1,n2= 1, 2  s=  0.99951561

     atom=  Cl   l=0  rc=    1.6000  rs=    1.0667
     atom=  Cl   l=0  rc=    1.6000  rs=    1.0667
     atom=  Cl   l=1  rc=    1.6000  rs=    1.0667
     atom=  Cl   l=1  rc=    1.6000  rs=    1.0667
     atom=  Cl   l=2  rc=    1.6000  rs=    1.0667
     atom=  Cl   l=2  rc=    1.6000  rs=    1.0667
     projs nearly linearly dependent: l=2  n1,n2= 1, 2  s=  0.99993509

     atom=  H    l=0  rc=    1.0000  rs=    0.6667
     atom=  H    l=0  rc=    1.0000  rs=    0.6667
     projs nearly linearly dependent: l=0  n1,n2= 1, 2  s=  0.99968852
     -----------------------------------------------------------------

     GIPAW integrals: -------------------------------------------
     Atom  i/j   nmr_para   nmr_dia   epr_rmc  epr_para   epr_dia
       C   1 1   0.83E+03  0.17E-01  0.93E+01  0.24E+08  0.24E+03
       C   2 1   0.86E+03 -0.61E-01  0.94E+01  0.25E+08  0.25E+03
       C   2 2   0.90E+03 -0.15E+00  0.97E+01  0.26E+08  0.26E+03
       C   3 3   0.33E+01  0.34E+00  0.18E+01  0.55E+03  0.21E+02
       C   4 3   0.35E+01  0.37E+00  0.20E+01  0.59E+03  0.22E+02
       C   4 4   0.38E+01  0.39E+00  0.22E+01  0.63E+03  0.24E+02
       Cl  1 1   0.14E+04 -0.47E+00  0.84E+01  0.32E+09  0.42E+03
       Cl  2 1   0.21E+04 -0.37E+00  0.12E+02  0.49E+09  0.65E+03
       Cl  2 2   0.33E+04 -0.16E+00  0.21E+02  0.76E+09  0.10E+04
       Cl  3 3   0.21E+02  0.79E-01  0.89E+01  0.23E+05  0.13E+03
       Cl  4 3   0.24E+02  0.67E-01  0.99E+01  0.27E+05  0.15E+03
       Cl  4 4   0.28E+02  0.44E-01  0.11E+02  0.32E+05  0.18E+03
       Cl  5 5   0.77E+00  0.19E+00  0.18E+01  0.12E+03  0.22E+02
       Cl  6 5   0.80E+00  0.19E+00  0.19E+01  0.12E+03  0.23E+02
       Cl  6 6   0.83E+00  0.20E+00  0.19E+01  0.12E+03  0.23E+02
       H   1 1   0.39E+02  0.19E+00  0.29E+00  0.78E+05  0.13E+02
       H   2 1   0.41E+02  0.21E+00  0.32E+00  0.82E+05  0.14E+02
       H   2 2   0.43E+02  0.22E+00  0.36E+00  0.86E+05  0.15E+02
     ------------------------------------------------------------

     alpha_pv=     34.1786 eV

     Number of occupied bands for each k-point:
     k-point:     1    nbnd_occ=  42
     k-point:     2    nbnd_occ=  42
     k-point:     3    nbnd_occ=  42
     k-point:     4    nbnd_occ=  42
     k-point:     5    nbnd_occ=  42
     k-point:     6    nbnd_occ=  42
     k-point:     7    nbnd_occ=  42
     k-point:     8    nbnd_occ=  42
     k-point:     9    nbnd_occ=  42
     k-point:    10    nbnd_occ=  42
     k-point:    11    nbnd_occ=  42
     k-point:    12    nbnd_occ=  42
     k-point:    13    nbnd_occ=  42
     k-point:    14    nbnd_occ=  42
     k-point:    15    nbnd_occ=  42
     k-point:    16    nbnd_occ=  42


     q-space interpolation up to   110.00 Rydberg

     GIPAW job: efg                                                                             


     ELECTRIC FIELD GRADIENTS TENSORS IN Hartree/bohrradius^2:

     ----- bare term -----
     Cl   1       -0.178674        0.299239        0.020290
     Cl   1        0.299239       -0.047465        0.029110
     Cl   1        0.020290        0.029110        0.226138

     C    2       -0.068151       -0.152172       -0.276984
     C    2       -0.152172        0.008470       -0.628294
     C    2       -0.276984       -0.628294        0.059681

     C    3       -0.204423        0.306997        0.161651
     C    3        0.306997       -0.063695       -0.033971
     C    3        0.161651       -0.033971        0.268118

     H    4       -0.137587       -0.418013        0.027912
     H    4       -0.418013       -0.189623        0.214980
     H    4        0.027912        0.214980        0.327209

     C    5       -0.191680       -0.340456       -0.350728
     C    5       -0.340456       -0.032084       -0.549270
     C    5       -0.350728       -0.549270        0.223764

     H    6        0.279761        0.255627       -0.163992
     H    6        0.255627       -0.618236       -0.008587
     H    6       -0.163992       -0.008587        0.338475

     H    7       -0.018349       -0.013491        0.333352
     H    7       -0.013491        0.247419        0.202200
     H    7        0.333352        0.202200       -0.229070

     C    8       -0.284530        0.047659       -0.269398
     C    8        0.047659        0.317343       -0.065946
     C    8       -0.269398       -0.065946       -0.032813

     H    9        0.169021        0.058687       -0.139099
     H    9        0.058687        0.415808       -0.111875
     H    9       -0.139099       -0.111875       -0.584828

     C   10        0.138100       -0.147101        0.239349
     C   10       -0.147101       -0.150511       -0.012677
     C   10        0.239349       -0.012677        0.012411

     C   11       -0.281385       -0.232590       -0.432219
     C   11       -0.232590       -0.046742        0.486863
     C   11       -0.432219        0.486863        0.328127

     Cl  12       -0.120077       -0.044461       -0.050322
     Cl  12       -0.044461       -0.087304        0.037068
     Cl  12       -0.050322        0.037068        0.207381

     H   13        0.480854       -0.023222       -0.060130
     H   13       -0.023222       -0.260831       -0.419913
     H   13       -0.060130       -0.419913       -0.220023

     C   14       -0.615715        0.336391       -0.253006
     C   14        0.336391        0.219388       -0.341639
     C   14       -0.253006       -0.341639        0.396327

     H   15       -0.695878       -0.231730       -0.165312
     H   15       -0.231730        0.395863       -0.137958
     H   15       -0.165312       -0.137958        0.300015

     C   16        0.067159       -0.099775       -0.453190
     C   16       -0.099775       -0.316916       -0.527806
     C   16       -0.453190       -0.527806        0.249757

     C   17       -0.231806        0.350202       -0.351741
     C   17        0.350202       -0.194327       -0.329379
     C   17       -0.351741       -0.329379        0.426133

     Cl  18       -0.052361       -0.005316        0.237382
     Cl  18       -0.005316        0.186079       -0.024571
     Cl  18        0.237382       -0.024571       -0.133719

     H   19        0.108867       -0.166078        0.322228
     H   19       -0.166078       -0.076685        0.514836
     H   19        0.322228        0.514836       -0.032181

     C   20       -0.214792        0.023208       -0.378841
     C   20        0.023208       -0.059208        0.472084
     C   20       -0.378841        0.472084        0.274000

     H   21        0.109188        0.087250       -0.285422
     H   21        0.087250        0.258785        0.462297
     H   21       -0.285422        0.462297       -0.367973

     C   22       -0.685585       -0.355156       -0.392990
     C   22       -0.355156        0.225430       -0.015927
     C   22       -0.392990       -0.015927        0.460155

     C   23        0.066875       -0.356517        0.000081
     C   23       -0.356517       -0.272955        0.433379
     C   23        0.000081        0.433379        0.206080

     Cl  24        0.001784       -0.054812       -0.111308
     Cl  24       -0.054812        0.040576        0.117746
     Cl  24       -0.111308        0.117746       -0.042360

     ----- ionic term -----
     Cl   1        0.190723       -0.210205        0.017720
     Cl   1       -0.210205       -0.016271       -0.001532
     Cl   1        0.017720       -0.001532       -0.174452

     C    2        0.330290       -0.132476        0.196987
     C    2       -0.132476        0.128852        0.365645
     C    2        0.196987        0.365645       -0.459142

     C    3        0.297677       -0.179429        0.002338
     C    3       -0.179429        0.163909        0.386249
     C    3        0.002338        0.386249       -0.461586

     H    4        0.743286        0.511181        0.394277
     H    4        0.511181       -0.275506        0.224706
     H    4        0.394277        0.224706       -0.467780

     C    5        0.454890       -0.071836        0.057318
     C    5       -0.071836        0.033762        0.333071
     C    5        0.057318        0.333071       -0.488652

     H    6       -0.499783       -0.001137       -0.029039
     H    6       -0.001137        0.829929        0.604049
     H    6       -0.029039        0.604049       -0.330146

     H    7       -0.456101        0.280257       -0.231538
     H    7        0.280257        0.300653       -0.733036
     H    7       -0.231538       -0.733036        0.155448

     C    8        0.131137        0.333783        0.324239
     C    8        0.333783       -0.122355       -0.266874
     C    8        0.324239       -0.266874       -0.008782

     H    9        0.261495       -0.270230        0.745222
     H    9       -0.270230       -0.423072       -0.333706
     H    9        0.745222       -0.333706        0.161578

     C   10        0.079999        0.374255        0.177593
     C   10        0.374255       -0.005410       -0.381088
     C   10        0.177593       -0.381088       -0.074589

     C   11        0.183008        0.330709        0.280538
     C   11        0.330709       -0.107794       -0.393972
     C   11        0.280538       -0.393972       -0.075214

     Cl  12        0.199088        0.243344        0.057657
     Cl  12        0.243344       -0.056306        0.027739
     Cl  12        0.057657        0.027739       -0.142782

     H   13       -0.525841        0.039052        0.028828
     H   13        0.039052        0.573069        0.764196
     H   13        0.028828        0.764196       -0.047228

     C   14        0.360465       -0.050909        0.157440
     C   14       -0.050909       -0.011224        0.357182
     C   14        0.157440        0.357182       -0.349241

     H   15        0.561597        0.411862        0.607783
     H   15        0.411862       -0.401580        0.298719
     H   15        0.607783        0.298719       -0.160016

     C   16        0.174778       -0.121465        0.092902
     C   16       -0.121465        0.101020        0.450137
     C   16        0.092902        0.450137       -0.275798

     C   17        0.278262       -0.004792        0.081018
     C   17       -0.004792        0.082151        0.470433
     C   17        0.081018        0.470433       -0.360413

     Cl  18        0.136652       -0.200507       -0.054301
     Cl  18       -0.200507       -0.021095        0.022561
     Cl  18       -0.054301        0.022561       -0.115557

     H   19       -0.486308        0.194040       -0.138675
     H   19        0.194040        0.381311       -0.770397
     H   19       -0.138675       -0.770397        0.104996

     C   20        0.254673        0.313858        0.367935
     C   20        0.313858       -0.104894       -0.256334
     C   20        0.367935       -0.256334       -0.149779

     H   21        0.307841       -0.294050        0.738170
     H   21       -0.294050       -0.438238       -0.322010
     H   21        0.738170       -0.322010        0.130397

     C   22        0.149619        0.346043        0.259762
     C   22        0.346043        0.027123       -0.314748
     C   22        0.259762       -0.314748       -0.176742

     C   23        0.046499        0.293217        0.367921
     C   23        0.293217       -0.037101       -0.344149
     C   23        0.367921       -0.344149       -0.009398

     Cl  24        0.119720        0.211930        0.065378
     Cl  24        0.211930        0.008624        0.043879
     Cl  24        0.065378        0.043879       -0.128344

     ----- GIPAW term -----
     Cl   1       -1.169076        0.061916       -0.255041
     Cl   1        0.061916        2.009074       -1.586086
     Cl   1       -0.255041       -1.586086       -0.839999

     C    2       -0.064198       -0.074599       -0.035187
     C    2       -0.074599        0.100521       -0.198830
     C    2       -0.035187       -0.198830       -0.036322

     C    3       -0.015167       -0.024833        0.049720
     C    3       -0.024833        0.033266       -0.012267
     C    3        0.049720       -0.012267       -0.018099

     H    4       -0.000000        0.000000        0.000000
     H    4        0.000000        0.000000        0.000000
     H    4        0.000000        0.000000        0.000000

     C    5        0.004860       -0.206495        0.058038
     C    5       -0.206495        0.031000       -0.198224
     C    5        0.058038       -0.198224       -0.035860

     H    6       -0.000000        0.000000        0.000000
     H    6        0.000000        0.000000        0.000000
     H    6        0.000000        0.000000        0.000000

     H    7       -0.000000        0.000000        0.000000
     H    7        0.000000        0.000000        0.000000
     H    7        0.000000        0.000000        0.000000

     C    8        0.031941       -0.012559        0.003331
     C    8       -0.012559        0.012095       -0.037545
     C    8        0.003331       -0.037545       -0.044035

     H    9       -0.000000        0.000000        0.000000
     H    9        0.000000        0.000000        0.000000
     H    9        0.000000        0.000000        0.000000

     C   10        0.012767        0.010512        0.031766
     C   10        0.010512       -0.004102       -0.024428
     C   10        0.031766       -0.024428       -0.008665

     C   11       -0.075583       -0.011649       -0.129004
     C   11       -0.011649        0.052112        0.220892
     C   11       -0.129004        0.220892        0.023472

     Cl  12       -0.652593        1.522113       -0.349575
     Cl  12        1.522113       -1.317699        0.883864
     Cl  12       -0.349575        0.883864        1.970292

     H   13       -0.000000        0.000000        0.000000
     H   13        0.000000        0.000000        0.000000
     H   13        0.000000        0.000000        0.000000

     C   14       -0.164852        0.001519       -0.006745
     C   14        0.001519        0.167736       -0.116668
     C   14       -0.006745       -0.116668       -0.002884

     H   15       -0.000000        0.000000        0.000000
     H   15        0.000000        0.000000        0.000000
     H   15        0.000000        0.000000        0.000000

     C   16        0.115654       -0.125391       -0.212695
     C   16       -0.125391       -0.101828       -0.034828
     C   16       -0.212695       -0.034828       -0.013827

     C   17        0.127408       -0.066852       -0.202577
     C   17       -0.066852       -0.126446       -0.010236
     C   17       -0.202577       -0.010236       -0.000962

     Cl  18        0.264297       -0.959309       -1.307532
     Cl  18       -0.959309       -0.884839       -0.535941
     Cl  18       -1.307532       -0.535941        0.620542

     H   19       -0.000000        0.000000        0.000000
     H   19        0.000000        0.000000        0.000000
     H   19        0.000000        0.000000        0.000000

     C   20       -0.033322        0.086582       -0.074395
     C   20        0.086582        0.054982        0.075146
     C   20       -0.074395        0.075146       -0.021660

     H   21       -0.000000        0.000000        0.000000
     H   21        0.000000        0.000000        0.000000
     H   21        0.000000        0.000000        0.000000

     C   22       -0.203147        0.015790       -0.109614
     C   22        0.015790        0.080334       -0.181159
     C   22       -0.109614       -0.181159        0.122813

     C   23        0.004063       -0.115667        0.103167
     C   23       -0.115667        0.088302       -0.122308
     C   23        0.103167       -0.122308       -0.092364

     Cl  24       -0.153400        0.317292        1.122502
     Cl  24        0.317292       -0.463556       -1.343254
     Cl  24        1.122502       -1.343254        0.616956

     ----- total EFG -----
     Cl   1       -1.157026        0.150950       -0.217031
     Cl   1        0.150950        1.945339       -1.558508
     Cl   1       -0.217031       -1.558508       -0.788312

     C    2        0.197940       -0.359247       -0.115183
     C    2       -0.359247        0.237843       -0.461479
     C    2       -0.115183       -0.461479       -0.435783

     C    3        0.078087        0.102736        0.213709
     C    3        0.102736        0.133480        0.340012
     C    3        0.213709        0.340012       -0.211567

     H    4        0.605699        0.093168        0.422189
     H    4        0.093168       -0.465129        0.439686
     H    4        0.422189        0.439686       -0.140570

     C    5        0.268070       -0.618787       -0.235372
     C    5       -0.618787        0.032677       -0.414423
     C    5       -0.235372       -0.414423       -0.300748

     H    6       -0.220022        0.254490       -0.193032
     H    6        0.254490        0.211693        0.595463
     H    6       -0.193032        0.595463        0.008329

     H    7       -0.474450        0.266767        0.101814
     H    7        0.266767        0.548072       -0.530835
     H    7        0.101814       -0.530835       -0.073622

     C    8       -0.121452        0.368882        0.058172
     C    8        0.368882        0.207083       -0.370365
     C    8        0.058172       -0.370365       -0.085631

     H    9        0.430516       -0.211543        0.606123
     H    9       -0.211543       -0.007265       -0.445580
     H    9        0.606123       -0.445580       -0.423251

     C   10        0.230866        0.237666        0.448708
     C   10        0.237666       -0.160023       -0.418193
     C   10        0.448708       -0.418193       -0.070843

     C   11       -0.173961        0.086470       -0.280685
     C   11        0.086470       -0.102424        0.313783
     C   11       -0.280685        0.313783        0.276385

     Cl  12       -0.573582        1.720996       -0.342240
     Cl  12        1.720996       -1.461309        0.948672
     Cl  12       -0.342240        0.948672        2.034891

     H   13       -0.044987        0.015830       -0.031302
     H   13        0.015830        0.312238        0.344283
     H   13       -0.031302        0.344283       -0.267251

     C   14       -0.420102        0.287001       -0.102310
     C   14        0.287001        0.375899       -0.101125
     C   14       -0.102310       -0.101125        0.044202

     H   15       -0.134281        0.180131        0.442471
     H   15        0.180131       -0.005717        0.160761
     H   15        0.442471        0.160761        0.139998

     C   16        0.357591       -0.346631       -0.572983
     C   16       -0.346631       -0.317723       -0.112497
     C   16       -0.572983       -0.112497       -0.039868

     C   17        0.173864        0.278558       -0.473299
     C   17        0.278558       -0.238622        0.130818
     C   17       -0.473299        0.130818        0.064758

     Cl  18        0.348589       -1.165131       -1.124451
     Cl  18       -1.165131       -0.719855       -0.537951
     Cl  18       -1.124451       -0.537951        0.371266

     H   19       -0.377441        0.027963        0.183554
     H   19        0.027963        0.304626       -0.255561
     H   19        0.183554       -0.255561        0.072815

     C   20        0.006559        0.423648       -0.085301
     C   20        0.423648       -0.109121        0.290896
     C   20       -0.085301        0.290896        0.102562

     H   21        0.417029       -0.206800        0.452748
     H   21       -0.206800       -0.179454        0.140286
     H   21        0.452748        0.140286       -0.237576

     C   22       -0.739113        0.006677       -0.242842
     C   22        0.006677        0.332886       -0.511834
     C   22       -0.242842       -0.511834        0.406226

     C   23        0.117437       -0.178968        0.471169
     C   23       -0.178968       -0.221754       -0.033078
     C   23        0.471169       -0.033078        0.104317

     Cl  24       -0.031896        0.474410        1.076573
     Cl  24        0.474410       -0.414356       -1.181630
     Cl  24        1.076573       -1.181630        0.446252

     ----- total EFG (symmetrized) -----
     Cl   1       -1.157026        0.150950       -0.217031
     Cl   1        0.150950        1.945339       -1.558508
     Cl   1       -0.217031       -1.558508       -0.788312

     C    2        0.197940       -0.359247       -0.115183
     C    2       -0.359247        0.237843       -0.461479
     C    2       -0.115183       -0.461479       -0.435783

     C    3        0.078087        0.102736        0.213709
     C    3        0.102736        0.133480        0.340012
     C    3        0.213709        0.340012       -0.211567

     H    4        0.605699        0.093168        0.422189
     H    4        0.093168       -0.465129        0.439686
     H    4        0.422189        0.439686       -0.140570

     C    5        0.268070       -0.618787       -0.235372
     C    5       -0.618787        0.032677       -0.414423
     C    5       -0.235372       -0.414423       -0.300748

     H    6       -0.220022        0.254490       -0.193032
     H    6        0.254490        0.211693        0.595463
     H    6       -0.193032        0.595463        0.008329

     H    7       -0.474450        0.266767        0.101814
     H    7        0.266767        0.548072       -0.530835
     H    7        0.101814       -0.530835       -0.073622

     C    8       -0.121452        0.368882        0.058172
     C    8        0.368882        0.207083       -0.370365
     C    8        0.058172       -0.370365       -0.085631

     H    9        0.430516       -0.211543        0.606123
     H    9       -0.211543       -0.007265       -0.445580
     H    9        0.606123       -0.445580       -0.423251

     C   10        0.230866        0.237666        0.448708
     C   10        0.237666       -0.160023       -0.418193
     C   10        0.448708       -0.418193       -0.070843

     C   11       -0.173961        0.086470       -0.280685
     C   11        0.086470       -0.102424        0.313783
     C   11       -0.280685        0.313783        0.276385

     Cl  12       -0.573582        1.720996       -0.342240
     Cl  12        1.720996       -1.461309        0.948672
     Cl  12       -0.342240        0.948672        2.034891

     H   13       -0.044987        0.015830       -0.031302
     H   13        0.015830        0.312238        0.344283
     H   13       -0.031302        0.344283       -0.267251

     C   14       -0.420102        0.287001       -0.102310
     C   14        0.287001        0.375899       -0.101125
     C   14       -0.102310       -0.101125        0.044202

     H   15       -0.134281        0.180131        0.442471
     H   15        0.180131       -0.005717        0.160761
     H   15        0.442471        0.160761        0.139998

     C   16        0.357591       -0.346631       -0.572983
     C   16       -0.346631       -0.317723       -0.112497
     C   16       -0.572983       -0.112497       -0.039868

     C   17        0.173864        0.278558       -0.473299
     C   17        0.278558       -0.238622        0.130818
     C   17       -0.473299        0.130818        0.064758

     Cl  18        0.348589       -1.165131       -1.124451
     Cl  18       -1.165131       -0.719855       -0.537951
     Cl  18       -1.124451       -0.537951        0.371266

     H   19       -0.377441        0.027963        0.183554
     H   19        0.027963        0.304626       -0.255561
     H   19        0.183554       -0.255561        0.072815

     C   20        0.006559        0.423648       -0.085301
     C   20        0.423648       -0.109121        0.290896
     C   20       -0.085301        0.290896        0.102562

     H   21        0.417029       -0.206800        0.452748
     H   21       -0.206800       -0.179454        0.140286
     H   21        0.452748        0.140286       -0.237576

     C   22       -0.739113        0.006677       -0.242842
     C   22        0.006677        0.332886       -0.511834
     C   22       -0.242842       -0.511834        0.406226

     C   23        0.117437       -0.178968        0.471169
     C   23       -0.178968       -0.221754       -0.033078
     C   23        0.471169       -0.033078        0.104317

     Cl  24       -0.031896        0.474410        1.076573
     Cl  24        0.474410       -0.414356       -1.181630
     Cl  24        1.076573       -1.181630        0.446252


     NQR/NMR SPECTROSCOPIC PARAMETERS:
     Cl   1    Vxx=   -1.1215    axis=(  0.938466 -0.192059 -0.287044)
     Cl   1    Vyy=   -1.5434    axis=(  0.340229  0.371229  0.863964)
     Cl   1    Vzz=    2.6650    axis=(  0.059373  0.908461 -0.413730)
     Cl   1  Q=        -8.1650 1e-30 m^2  Cq=       -51.1262 MHz  eta= 0.15831

     C    2    Vxx=    0.0978    axis=(  0.782851  0.376959 -0.495022)
     C    2    Vyy=    0.6518    axis=(  0.552778 -0.786570  0.275216)
     C    2    Vzz=   -0.7496    axis=(  0.285624  0.489090  0.824142)
     C    2  Q=         1.0000 1e-30 m^2  Cq=        -1.7612 MHz  eta= 0.73908

     C    3    Vxx=    0.0008    axis=(  0.835110 -0.548755 -0.038200)
     C    3    Vyy=    0.4537    axis=( -0.486621 -0.704600 -0.516467)
     C    3    Vzz=   -0.4545    axis=(  0.256498  0.449896 -0.855455)
     C    3  Q=         1.0000 1e-30 m^2  Cq=        -1.0678 MHz  eta= 0.99647

     H    4    Vxx=   -0.0608    axis=( -0.490071  0.587416  0.644029)
     H    4    Vyy=   -0.7936    axis=(  0.132407  0.780425 -0.611069)
     H    4    Vzz=    0.8544    axis=(  0.861568  0.214193  0.460241)
     H    4  Q=         1.0000 1e-30 m^2  Cq=         2.0075 MHz  eta= 0.85768

     C    5    Vxx=    0.0818    axis=( -0.477199 -0.434248  0.764009)
     C    5    Vyy=    0.7878    axis=( -0.745457  0.660416 -0.090243)
     C    5    Vzz=   -0.8696    axis=( -0.465376 -0.612600 -0.638863)
     C    5  Q=         1.0000 1e-30 m^2  Cq=        -2.0432 MHz  eta= 0.81183

     H    6    Vxx=   -0.0213    axis=(  0.832310  0.293196 -0.470422)
     H    6    Vyy=   -0.6985    axis=( -0.548336  0.559757 -0.621289)
     H    6    Vzz=    0.7198    axis=( -0.081162 -0.775054 -0.626661)
     H    6  Q=         1.0000 1e-30 m^2  Cq=         1.6912 MHz  eta= 0.94089

     H    7    Vxx=   -0.2116    axis=( -0.598278 -0.307085 -0.740109)
     H    7    Vyy=   -0.6657    axis=(  0.789595 -0.383158 -0.479302)
     H    7    Vzz=    0.8773    axis=( -0.136392 -0.871142  0.471708)
     H    7  Q=         1.0000 1e-30 m^2  Cq=         2.0613 MHz  eta= 0.51766

     C    8    Vxx=   -0.0452    axis=(  0.697429  0.031321  0.715969)
     C    8    Vyy=   -0.5320    axis=(  0.597446 -0.577161 -0.556726)
     C    8    Vzz=    0.5772    axis=( -0.395792 -0.816030  0.421241)
     C    8  Q=         1.0000 1e-30 m^2  Cq=         1.3562 MHz  eta= 0.84349

     H    9    Vxx=   -0.0656    axis=(  0.530348  0.835735 -0.142400)
     H    9    Vyy=   -0.8559    axis=( -0.346440  0.366948  0.863324)
     H    9    Vzz=    0.9215    axis=(  0.773764 -0.408529  0.484142)
     H    9  Q=         1.0000 1e-30 m^2  Cq=         2.1651 MHz  eta= 0.85765

     C   10    Vxx=    0.2109    axis=( -0.454134 -0.778802  0.432701)
     C   10    Vyy=    0.5589    axis=(  0.775183 -0.106009  0.622779)
     C   10    Vzz=   -0.7698    axis=(  0.439151 -0.618248 -0.651856)
     C   10  Q=         1.0000 1e-30 m^2  Cq=        -1.8086 MHz  eta= 0.45201

     C   11    Vxx=   -0.0533    axis=(  0.698826  0.710645 -0.081399)
     C   11    Vyy=   -0.4644    axis=( -0.648317  0.581199 -0.491826)
     C   11    Vzz=    0.5177    axis=( -0.302205  0.396473  0.866880)
     C   11  Q=         1.0000 1e-30 m^2  Cq=         1.2165 MHz  eta= 0.79398

     Cl  12    Vxx=    0.6996    axis=(  0.806947  0.559097 -0.190387)
     Cl  12    Vyy=    2.2798    axis=( -0.044007 -0.264539 -0.963371)
     Cl  12    Vzz=   -2.9793    axis=( -0.588982  0.785767 -0.188865)
     Cl  12  Q=        -8.1650 1e-30 m^2  Cq=        57.1568 MHz  eta= 0.53039

     H   13    Vxx=   -0.0418    axis=(  0.995892  0.036190 -0.083006)
     H   13    Vyy=   -0.4307    axis=( -0.090525  0.420329 -0.902845)
     H   13    Vzz=    0.4725    axis=(  0.002216  0.906650  0.421878)
     H   13  Q=         1.0000 1e-30 m^2  Cq=         1.1101 MHz  eta= 0.82305

     C   14    Vxx=    0.0165    axis=( -0.030954  0.293517  0.955453)
     C   14    Vyy=    0.5043    axis=(  0.312608  0.910798 -0.269671)
     C   14    Vzz=   -0.5208    axis=( -0.949378  0.290335 -0.119949)
     C   14  Q=         1.0000 1e-30 m^2  Cq=        -1.2237 MHz  eta= 0.93682

     H   15    Vxx=   -0.0979    axis=(  0.126574 -0.915065  0.382931)
     H   15    Vyy=   -0.4665    axis=(  0.816971 -0.122786 -0.563456)
     H   15    Vzz=    0.5644    axis=(  0.562617  0.384162  0.732040)
     H   15  Q=         1.0000 1e-30 m^2  Cq=         1.3262 MHz  eta= 0.65307

     C   16    Vxx=   -0.1144    axis=(  0.227536 -0.738793  0.634360)
     C   16    Vyy=   -0.6955    axis=( -0.518318 -0.643382 -0.563388)
     C   16    Vzz=    0.8099    axis=( -0.824363  0.200609  0.529323)
     C   16  Q=         1.0000 1e-30 m^2  Cq=         1.9028 MHz  eta= 0.71755

     C   17    Vxx=   -0.0227    axis=( -0.314992 -0.754958 -0.575168)
     C   17    Vyy=   -0.5920    axis=(  0.559393 -0.637247  0.530090)
     C   17    Vzz=    0.6147    axis=( -0.766720 -0.154771  0.623046)
     C   17  Q=         1.0000 1e-30 m^2  Cq=         1.4443 MHz  eta= 0.92603

     Cl  18    Vxx=    0.3794    axis=(  0.312693 -0.663879  0.679329)
     Cl  18    Vyy=    1.5970    axis=(  0.765625 -0.247130 -0.593924)
     Cl  18    Vzz=   -1.9764    axis=( -0.562176 -0.705827 -0.431007)
     Cl  18  Q=        -8.1650 1e-30 m^2  Cq=        37.9153 MHz  eta= 0.61606

     H   19    Vxx=   -0.0152    axis=( -0.411646 -0.546699 -0.729156)
     H   19    Vyy=   -0.4613    axis=( -0.906478  0.163048  0.389504)
     H   19    Vzz=    0.4765    axis=( -0.094054  0.821301 -0.562689)
     H   19  Q=         1.0000 1e-30 m^2  Cq=         1.1196 MHz  eta= 0.93632

     C   20    Vxx=    0.1512    axis=( -0.579843 -0.034020  0.814018)
     C   20    Vyy=    0.4397    axis=( -0.581052 -0.683096 -0.442445)
     C   20    Vzz=   -0.5908    axis=(  0.571105 -0.729535  0.376321)
     C   20  Q=         1.0000 1e-30 m^2  Cq=        -1.3882 MHz  eta= 0.48829

     H   21    Vxx=   -0.0770    axis=(  0.092102 -0.863931 -0.495116)
     H   21    Vyy=   -0.5894    axis=(  0.439952  0.481370 -0.758106)
     H   21    Vzz=    0.6664    axis=(  0.893286 -0.148004  0.424423)
     H   21  Q=         1.0000 1e-30 m^2  Cq=         1.5658 MHz  eta= 0.76888

     C   22    Vxx=   -0.1050    axis=( -0.233584  0.740364  0.630317)
     C   22    Vyy=   -0.7983    axis=( -0.965869 -0.102031 -0.238089)
     C   22    Vzz=    0.9032    axis=( -0.111961 -0.664418  0.738928)
     C   22  Q=         1.0000 1e-30 m^2  Cq=         2.1223 MHz  eta= 0.76756

     C   23    Vxx=   -0.1900    axis=( -0.238467  0.845984  0.476912)
     C   23    Vyy=   -0.4198    axis=(  0.658797  0.501725 -0.560588)
     C   23    Vzz=    0.6097    axis=(  0.713527 -0.180506  0.676976)
     C   23  Q=         1.0000 1e-30 m^2  Cq=         1.4327 MHz  eta= 0.37694

     Cl  24    Vxx=    0.2684    axis=(  0.742869  0.663969 -0.085386)
     Cl  24    Vyy=    1.5723    axis=(  0.434687 -0.381427  0.815819)
     Cl  24    Vzz=   -1.8407    axis=(  0.509110 -0.643163 -0.571969)
     Cl  24  Q=        -8.1650 1e-30 m^2  Cq=        35.3132 MHz  eta= 0.70839

     Initialization:
     gipaw_setup  :      9.18s CPU     10.89s WALL (       1 calls)

     Linear response

     Apply operators

     Induced current

     Other routines
     efg          :      9.36s CPU     12.19s WALL (       1 calls)

     General routines
     calbec       :      3.49s CPU      4.90s WALL (      16 calls)
     fft          :      1.40s CPU      1.61s WALL (      15 calls)
     ffts         :      0.05s CPU      0.09s WALL (       2 calls)
     fftw         :      3.10s CPU      3.95s WALL (     672 calls)
     davcio       :      0.06s CPU      0.33s WALL (      32 calls)

     Parallel routines
     fft_scatter  :      1.86s CPU      2.73s WALL (     689 calls)

     Plugins

     GIPAW        :     61.08s CPU     72.64s WALL (       1 calls)
