
     Program QE v.6.0 (svn rev. 13079) starts on 24Dec2016 at  2:57:10 

     This program is part of the open-source Quantum ESPRESSO suite
     for quantum simulation of materials; please cite
         "P. Giannozzi et al., J. Phys.:Condens. Matter 21 395502 (2009);
          URL http://www.quantum-espresso.org", 
     in publications or presentations arising from this work. More details at
     http://www.quantum-espresso.org/quote

     Parallel version (MPI), running on     8 processors
     R & G space division:  proc/nbgrp/npool/nimage =       8

     ***** This is GIPAW svn revision unknown      *****

     Parallelizing q-star over 1 images

     Reading data from directory:
     /users/majewski/paradichlorobenzene/pbe/9_constraint/scratch/pbe.ecut100.np8.dt60.pcl2phi-129368.save
     Message from routine read_xml_file:
     file /users/majewski/paradichlorobenzene/pbe/9_constraint/scratch/pbe.ecut100.np8.dt60.pcl2phi-129368.save not guaranteed to be safe for post-processing

   Info: using nr1, nr2, nr3 values from input

   Info: using nr1, nr2, nr3 values from input

     IMPORTANT: XC functional enforced from input :
     Exchange-correlation      =  SLA  PW   PBX  PBC ( 1  4  3  4 0 0)
     Any further DFT definition will be discarded
     Please, verify this is what you really want

               file C.pbe-n-kjpaw_psl.1.0.0.UPF: wavefunction(s)  2S 2P renormalized
               file Cl.pbe-n-kjpaw_psl.1.0.0.UPF: wavefunction(s)  3S 3P renormalized
               file H.pbe-kjpaw_psl.1.0.0.UPF: wavefunction(s)  1S renormalized

     Parallelization info
     --------------------
     sticks:   dense  smooth     PW     G-vecs:    dense   smooth      PW
     Min        3057    1223    332               144436    36536    5170
     Max        3059    1225    333               144437    36537    5171
     Sum       24467    9791   2657              1155489   292295   41363


     Subspace diagonalization in iterative solution of the eigenvalue problem:
     a serial algorithm will be used

     GIPAW projectors -----------------------------------------------
     atom=  C    l=0  rc=    1.2000  rs=    0.8000
     atom=  C    l=0  rc=    1.2000  rs=    0.8000
     atom=  C    l=1  rc=    1.4000  rs=    0.9333
     atom=  C    l=1  rc=    1.4000  rs=    0.9333
     projs nearly linearly dependent: l=1  n1,n2= 1, 2  s=  0.99951561

     atom=  Cl   l=0  rc=    1.6000  rs=    1.0667
     atom=  Cl   l=0  rc=    1.6000  rs=    1.0667
     atom=  Cl   l=1  rc=    1.6000  rs=    1.0667
     atom=  Cl   l=1  rc=    1.6000  rs=    1.0667
     atom=  Cl   l=2  rc=    1.6000  rs=    1.0667
     atom=  Cl   l=2  rc=    1.6000  rs=    1.0667
     projs nearly linearly dependent: l=2  n1,n2= 1, 2  s=  0.99993509

     atom=  H    l=0  rc=    1.0000  rs=    0.6667
     atom=  H    l=0  rc=    1.0000  rs=    0.6667
     projs nearly linearly dependent: l=0  n1,n2= 1, 2  s=  0.99968852
     -----------------------------------------------------------------

     GIPAW integrals: -------------------------------------------
     Atom  i/j   nmr_para   nmr_dia   epr_rmc  epr_para   epr_dia
       C   1 1   0.83E+03  0.17E-01  0.93E+01  0.24E+08  0.24E+03
       C   2 1   0.86E+03 -0.61E-01  0.94E+01  0.25E+08  0.25E+03
       C   2 2   0.90E+03 -0.15E+00  0.97E+01  0.26E+08  0.26E+03
       C   3 3   0.33E+01  0.34E+00  0.18E+01  0.55E+03  0.21E+02
       C   4 3   0.35E+01  0.37E+00  0.20E+01  0.59E+03  0.22E+02
       C   4 4   0.38E+01  0.39E+00  0.22E+01  0.63E+03  0.24E+02
       Cl  1 1   0.14E+04 -0.47E+00  0.84E+01  0.32E+09  0.42E+03
       Cl  2 1   0.21E+04 -0.37E+00  0.12E+02  0.49E+09  0.65E+03
       Cl  2 2   0.33E+04 -0.16E+00  0.21E+02  0.76E+09  0.10E+04
       Cl  3 3   0.21E+02  0.79E-01  0.89E+01  0.23E+05  0.13E+03
       Cl  4 3   0.24E+02  0.67E-01  0.99E+01  0.27E+05  0.15E+03
       Cl  4 4   0.28E+02  0.44E-01  0.11E+02  0.32E+05  0.18E+03
       Cl  5 5   0.77E+00  0.19E+00  0.18E+01  0.12E+03  0.22E+02
       Cl  6 5   0.80E+00  0.19E+00  0.19E+01  0.12E+03  0.23E+02
       Cl  6 6   0.83E+00  0.20E+00  0.19E+01  0.12E+03  0.23E+02
       H   1 1   0.39E+02  0.19E+00  0.29E+00  0.78E+05  0.13E+02
       H   2 1   0.41E+02  0.21E+00  0.32E+00  0.82E+05  0.14E+02
       H   2 2   0.43E+02  0.22E+00  0.36E+00  0.86E+05  0.15E+02
     ------------------------------------------------------------

     alpha_pv=     34.4938 eV

     Number of occupied bands for each k-point:
     k-point:     1    nbnd_occ=  42
     k-point:     2    nbnd_occ=  42
     k-point:     3    nbnd_occ=  42
     k-point:     4    nbnd_occ=  42
     k-point:     5    nbnd_occ=  42
     k-point:     6    nbnd_occ=  42
     k-point:     7    nbnd_occ=  42
     k-point:     8    nbnd_occ=  42
     k-point:     9    nbnd_occ=  42
     k-point:    10    nbnd_occ=  42
     k-point:    11    nbnd_occ=  42
     k-point:    12    nbnd_occ=  42
     k-point:    13    nbnd_occ=  42
     k-point:    14    nbnd_occ=  42
     k-point:    15    nbnd_occ=  42
     k-point:    16    nbnd_occ=  42


     q-space interpolation up to   110.00 Rydberg

     GIPAW job: efg                                                                             


     ELECTRIC FIELD GRADIENTS TENSORS IN Hartree/bohrradius^2:

     ----- bare term -----
     Cl   1        0.095312        0.069625       -0.009007
     Cl   1        0.069625        0.146818       -0.035734
     Cl   1       -0.009007       -0.035734       -0.242131

     C    2       -0.625176        0.047554       -0.225896
     C    2        0.047554        0.043422       -0.224713
     C    2       -0.225896       -0.224713        0.581754

     C    3       -0.031926        0.171558       -0.136770
     C    3        0.171558       -0.575248       -0.393629
     C    3       -0.136770       -0.393629        0.607174

     H    4       -0.574185       -0.170221        0.069127
     H    4       -0.170221        0.437390       -0.219449
     H    4        0.069127       -0.219449        0.136795

     C    5       -0.701066        0.309981       -0.417685
     C    5        0.309981        0.194372       -0.132514
     C    5       -0.417685       -0.132514        0.506694

     H    6        0.282157       -0.108926       -0.068984
     H    6       -0.108926       -0.481436       -0.539458
     H    6       -0.068984       -0.539458        0.199278

     H    7        0.371151        0.055029       -0.043620
     H    7        0.055029       -0.536319        0.473436
     H    7       -0.043620        0.473436        0.165168

     C    8       -0.412138       -0.101948       -0.368623
     C    8       -0.101948       -0.035111        0.428728
     C    8       -0.368623        0.428728        0.447249

     H    9       -0.222066        0.175008       -0.410993
     H    9        0.175008        0.439337        0.202103
     H    9       -0.410993        0.202103       -0.217272

     C   10       -0.213557       -0.397533       -0.097676
     C   10       -0.397533       -0.252054        0.470320
     C   10       -0.097676        0.470320        0.465611

     C   11       -0.347499        0.179730       -0.272050
     C   11        0.179730       -0.071200        0.582824
     C   11       -0.272050        0.582824        0.418699

     Cl  12       -0.065885       -0.143050       -0.021306
     Cl  12       -0.143050       -0.034471        0.008713
     Cl  12       -0.021306        0.008713        0.100356

     H   13        0.489524       -0.055733       -0.084575
     H   13       -0.055733       -0.030268       -0.526099
     H   13       -0.084575       -0.526099       -0.459256

     C   14       -0.176898        0.273385       -0.103936
     C   14        0.273385       -0.400145       -0.327401
     C   14       -0.103936       -0.327401        0.577044

     H   15       -0.294161       -0.383012       -0.471256
     H   15       -0.383012        0.135076       -0.300492
     H   15       -0.471256       -0.300492        0.159085

     C   16       -0.484924        0.337652       -0.313700
     C   16        0.337652        0.060750       -0.269860
     C   16       -0.313700       -0.269860        0.424173

     C   17       -0.042932        0.229241       -0.239186
     C   17        0.229241       -0.131905       -0.600921
     C   17       -0.239186       -0.600921        0.174837

     Cl  18       -0.119240        0.161614       -0.037941
     Cl  18        0.161614        0.020951       -0.070401
     Cl  18       -0.037941       -0.070401        0.098289

     H   19        0.210905        0.067855       -0.430789
     H   19        0.067855       -0.008135        0.398915
     H   19       -0.430789        0.398915       -0.202770

     C   20       -0.276241       -0.349570        0.042322
     C   20       -0.349570       -0.186879        0.428342
     C   20        0.042322        0.428342        0.463120

     H   21       -0.181466       -0.053976       -0.608986
     H   21       -0.053976        0.289038       -0.098249
     H   21       -0.608986       -0.098249       -0.107572

     C   22       -0.220420       -0.039148       -0.219491
     C   22       -0.039148       -0.105005        0.590853
     C   22       -0.219491        0.590853        0.325425

     C   23       -0.273165       -0.253145       -0.290073
     C   23       -0.253145       -0.170562        0.469356
     C   23       -0.290073        0.469356        0.443727

     Cl  24       -0.088964       -0.044182       -0.106441
     Cl  24       -0.044182       -0.012214        0.148160
     Cl  24       -0.106441        0.148160        0.101177

     ----- ionic term -----
     Cl   1        0.129253       -0.215952       -0.025673
     Cl   1       -0.215952        0.010315        0.029345
     Cl   1       -0.025673        0.029345       -0.139568

     C    2        0.237612       -0.129129        0.203544
     C    2       -0.129129        0.069481        0.455063
     C    2        0.203544        0.455063       -0.307093

     C    3        0.207904       -0.194121        0.086038
     C    3       -0.194121        0.108360        0.445303
     C    3        0.086038        0.445303       -0.316264

     H    4        0.762610        0.319113        0.564880
     H    4        0.319113       -0.446064        0.212909
     H    4        0.564880        0.212909       -0.316546

     C    5        0.346285       -0.143038        0.127827
     C    5       -0.143038        0.009463        0.341308
     C    5        0.127827        0.341308       -0.355748

     H    6       -0.505094        0.174326        0.093884
     H    6        0.174326        0.654778        0.727039
     H    6        0.093884        0.727039       -0.149684

     H    7       -0.515635       -0.081532        0.077542
     H    7       -0.081532        0.590626       -0.736965
     H    7        0.077542       -0.736965       -0.074991

     C    8        0.265490        0.291825        0.327299
     C    8        0.291825        0.000536       -0.279853
     C    8        0.327299       -0.279853       -0.266026

     H    9        0.371642       -0.141442        0.782004
     H    9       -0.141442       -0.497454       -0.202818
     H    9        0.782004       -0.202818        0.125812

     C   10        0.141747        0.352393        0.221424
     C   10        0.352393        0.081524       -0.355735
     C   10        0.221424       -0.355735       -0.223271

     C   11        0.194621        0.239198        0.308156
     C   11        0.239198        0.043640       -0.330727
     C   11        0.308156       -0.330727       -0.238261

     Cl  12        0.135552        0.224134        0.052186
     Cl  12        0.224134        0.024457        0.024655
     Cl  12        0.052186        0.024655       -0.160009

     H   13       -0.508588        0.067289        0.062284
     H   13        0.067289        0.548109        0.778160
     H   13        0.062284        0.778160       -0.039521

     C   14        0.371373       -0.163403        0.182219
     C   14       -0.163403       -0.043344        0.357950
     C   14        0.182219        0.357950       -0.328029

     H   15        0.592030        0.354548        0.656624
     H   15        0.354548       -0.439698        0.276788
     H   15        0.656624        0.276788       -0.152332

     C   16        0.195961       -0.228071        0.088657
     C   16       -0.228071        0.064084        0.442140
     C   16        0.088657        0.442140       -0.260046

     C   17        0.298511       -0.187837        0.097507
     C   17       -0.187837       -0.001593        0.427739
     C   17        0.097507        0.427739       -0.296917

     Cl  18        0.155429       -0.206410       -0.055631
     Cl  18       -0.206410       -0.022913        0.032362
     Cl  18       -0.055631        0.032362       -0.132516

     H   19       -0.475291       -0.260626        0.146927
     H   19       -0.260626        0.657651       -0.667723
     H   19        0.146927       -0.667723       -0.182360

     C   20        0.250743        0.173377        0.267781
     C   20        0.173377        0.070022       -0.300928
     C   20        0.267781       -0.300928       -0.320765

     H   21        0.650049       -0.275294        0.643580
     H   21       -0.275294       -0.417791       -0.222559
     H   21        0.643580       -0.222559       -0.232258

     C   22        0.138425        0.248997        0.176150
     C   22        0.248997        0.213480       -0.394661
     C   22        0.176150       -0.394661       -0.351905

     C   23        0.145359        0.237312        0.327141
     C   23        0.237312        0.117240       -0.367050
     C   23        0.327141       -0.367050       -0.262600

     Cl  24        0.128080        0.243306        0.015505
     Cl  24        0.243306        0.023200        0.002169
     Cl  24        0.015505        0.002169       -0.151281

     ----- GIPAW term -----
     Cl   1       -0.562020       -0.919988        0.082902
     Cl   1       -0.919988       -1.061376        0.402407
     Cl   1        0.082902        0.402407        1.623396

     C    2       -0.164683       -0.063711        0.003400
     C    2       -0.063711       -0.107388        0.033646
     C    2        0.003400        0.033646        0.272071

     C    3       -0.111846       -0.004003       -0.061099
     C    3       -0.004003       -0.177926        0.057947
     C    3       -0.061099        0.057947        0.289772

     H    4       -0.000000        0.000000        0.000000
     H    4        0.000000        0.000000        0.000000
     H    4        0.000000        0.000000        0.000000

     C    5       -0.175478        0.025262       -0.077348
     C    5        0.025262        0.098812        0.089631
     C    5       -0.077348        0.089631        0.076666

     H    6       -0.000000        0.000000        0.000000
     H    6        0.000000        0.000000        0.000000
     H    6        0.000000        0.000000        0.000000

     H    7       -0.000000        0.000000        0.000000
     H    7        0.000000        0.000000        0.000000
     H    7        0.000000        0.000000        0.000000

     C    8       -0.065058        0.010666       -0.024200
     C    8        0.010666       -0.031741        0.118150
     C    8       -0.024200        0.118150        0.096799

     H    9       -0.000000        0.000000        0.000000
     H    9        0.000000        0.000000        0.000000
     H    9        0.000000        0.000000        0.000000

     C   10       -0.020429       -0.006833        0.030110
     C   10       -0.006833       -0.030566        0.097365
     C   10        0.030110        0.097365        0.050995

     C   11       -0.092829        0.154024        0.022873
     C   11        0.154024       -0.075654        0.184690
     C   11        0.022873        0.184690        0.168484

     Cl  12        1.418814        1.965739       -0.199990
     Cl  12        1.965739       -0.090407        0.021652
     Cl  12       -0.199990        0.021652       -1.328407

     H   13       -0.000000        0.000000        0.000000
     H   13        0.000000        0.000000        0.000000
     H   13        0.000000        0.000000        0.000000

     C   14       -0.102023        0.045907        0.034036
     C   14        0.045907       -0.199801        0.016204
     C   14        0.034036        0.016204        0.301825

     H   15       -0.000000        0.000000        0.000000
     H   15        0.000000        0.000000        0.000000
     H   15        0.000000        0.000000        0.000000

     C   16       -0.150434        0.095968       -0.044822
     C   16        0.095968        0.091062        0.037002
     C   16       -0.044822        0.037002        0.059372

     C   17        0.078008        0.026679       -0.056793
     C   17        0.026679        0.050623       -0.116472
     C   17       -0.056793       -0.116472       -0.128631

     Cl  18       -0.442620       -0.141380       -1.129796
     Cl  18       -0.141380        0.507849       -2.153278
     Cl  18       -1.129796       -2.153278       -0.065229

     H   19       -0.000000        0.000000        0.000000
     H   19        0.000000        0.000000        0.000000
     H   19        0.000000        0.000000        0.000000

     C   20       -0.103722       -0.003543        0.111296
     C   20       -0.003543       -0.108094        0.181500
     C   20        0.111296        0.181500        0.211815

     H   21       -0.000000        0.000000        0.000000
     H   21        0.000000        0.000000        0.000000
     H   21        0.000000        0.000000        0.000000

     C   22       -0.159271        0.055825       -0.001119
     C   22        0.055825        0.008152        0.241578
     C   22       -0.001119        0.241578        0.151120

     C   23       -0.112228        0.027050       -0.054025
     C   23        0.027050       -0.012163        0.225997
     C   23       -0.054025        0.225997        0.124392

     Cl  24       -0.079314        1.313325       -0.895023
     Cl  24        1.313325        0.169226        1.993335
     Cl  24       -0.895023        1.993335       -0.089911

     ----- total EFG -----
     Cl   1       -0.337455       -1.066314        0.048222
     Cl   1       -1.066314       -0.904243        0.396018
     Cl   1        0.048222        0.396018        1.241697

     C    2       -0.552247       -0.145286       -0.018952
     C    2       -0.145286        0.005515        0.263996
     C    2       -0.018952        0.263996        0.546732

     C    3        0.064132       -0.026566       -0.111831
     C    3       -0.026566       -0.644814        0.109621
     C    3       -0.111831        0.109621        0.580682

     H    4        0.188424        0.148892        0.634008
     H    4        0.148892       -0.008674       -0.006540
     H    4        0.634008       -0.006540       -0.179751

     C    5       -0.530258        0.192205       -0.367207
     C    5        0.192205        0.302647        0.298425
     C    5       -0.367207        0.298425        0.227611

     H    6       -0.222937        0.065400        0.024900
     H    6        0.065400        0.173343        0.187581
     H    6        0.024900        0.187581        0.049594

     H    7       -0.144484       -0.026503        0.033922
     H    7       -0.026503        0.054307       -0.263528
     H    7        0.033922       -0.263528        0.090177

     C    8       -0.211705        0.200543       -0.065523
     C    8        0.200543       -0.066317        0.267025
     C    8       -0.065523        0.267025        0.278022

     H    9        0.149576        0.033566        0.371011
     H    9        0.033566       -0.058117       -0.000715
     H    9        0.371011       -0.000715       -0.091459

     C   10       -0.092239       -0.051973        0.153858
     C   10       -0.051973       -0.201097        0.211950
     C   10        0.153858        0.211950        0.293335

     C   11       -0.245707        0.572952        0.058979
     C   11        0.572952       -0.103215        0.436786
     C   11        0.058979        0.436786        0.348921

     Cl  12        1.488481        2.046822       -0.169109
     Cl  12        2.046822       -0.100421        0.055020
     Cl  12       -0.169109        0.055020       -1.388060

     H   13       -0.019064        0.011556       -0.022291
     H   13        0.011556        0.517842        0.252062
     H   13       -0.022291        0.252062       -0.498777

     C   14        0.092451        0.155889        0.112319
     C   14        0.155889       -0.643291        0.046752
     C   14        0.112319        0.046752        0.550839

     H   15        0.297869       -0.028465        0.185369
     H   15       -0.028465       -0.304621       -0.023704
     H   15        0.185369       -0.023704        0.006753

     C   16       -0.439396        0.205549       -0.269865
     C   16        0.205549        0.215897        0.209282
     C   16       -0.269865        0.209282        0.223499

     C   17        0.333587        0.068083       -0.198471
     C   17        0.068083       -0.082875       -0.289653
     C   17       -0.198471       -0.289653       -0.250712

     Cl  18       -0.406431       -0.186176       -1.223368
     Cl  18       -0.186176        0.505887       -2.191316
     Cl  18       -1.223368       -2.191316       -0.099456

     H   19       -0.264386       -0.192772       -0.283862
     H   19       -0.192772        0.649516       -0.268808
     H   19       -0.283862       -0.268808       -0.385130

     C   20       -0.129220       -0.179736        0.421400
     C   20       -0.179736       -0.224950        0.308913
     C   20        0.421400        0.308913        0.354170

     H   21        0.468583       -0.329270        0.034594
     H   21       -0.329270       -0.128753       -0.320808
     H   21        0.034594       -0.320808       -0.339830

     C   22       -0.241266        0.265673       -0.044460
     C   22        0.265673        0.116626        0.437770
     C   22       -0.044460        0.437770        0.124640

     C   23       -0.240034        0.011217       -0.016957
     C   23        0.011217       -0.065485        0.328304
     C   23       -0.016957        0.328304        0.305519

     Cl  24       -0.040198        1.512450       -0.985959
     Cl  24        1.512450        0.180213        2.143664
     Cl  24       -0.985959        2.143664       -0.140015

     ----- total EFG (symmetrized) -----
     Cl   1       -0.337455       -1.066314        0.048222
     Cl   1       -1.066314       -0.904243        0.396018
     Cl   1        0.048222        0.396018        1.241697

     C    2       -0.552247       -0.145286       -0.018952
     C    2       -0.145286        0.005515        0.263996
     C    2       -0.018952        0.263996        0.546732

     C    3        0.064132       -0.026566       -0.111831
     C    3       -0.026566       -0.644814        0.109621
     C    3       -0.111831        0.109621        0.580682

     H    4        0.188424        0.148892        0.634008
     H    4        0.148892       -0.008674       -0.006540
     H    4        0.634008       -0.006540       -0.179751

     C    5       -0.530258        0.192205       -0.367207
     C    5        0.192205        0.302647        0.298425
     C    5       -0.367207        0.298425        0.227611

     H    6       -0.222937        0.065400        0.024900
     H    6        0.065400        0.173343        0.187581
     H    6        0.024900        0.187581        0.049594

     H    7       -0.144484       -0.026503        0.033922
     H    7       -0.026503        0.054307       -0.263528
     H    7        0.033922       -0.263528        0.090177

     C    8       -0.211705        0.200543       -0.065523
     C    8        0.200543       -0.066317        0.267025
     C    8       -0.065523        0.267025        0.278022

     H    9        0.149576        0.033566        0.371011
     H    9        0.033566       -0.058117       -0.000715
     H    9        0.371011       -0.000715       -0.091459

     C   10       -0.092239       -0.051973        0.153858
     C   10       -0.051973       -0.201097        0.211950
     C   10        0.153858        0.211950        0.293335

     C   11       -0.245707        0.572952        0.058979
     C   11        0.572952       -0.103215        0.436786
     C   11        0.058979        0.436786        0.348921

     Cl  12        1.488481        2.046822       -0.169109
     Cl  12        2.046822       -0.100421        0.055020
     Cl  12       -0.169109        0.055020       -1.388060

     H   13       -0.019064        0.011556       -0.022291
     H   13        0.011556        0.517842        0.252062
     H   13       -0.022291        0.252062       -0.498777

     C   14        0.092451        0.155889        0.112319
     C   14        0.155889       -0.643291        0.046752
     C   14        0.112319        0.046752        0.550839

     H   15        0.297869       -0.028465        0.185369
     H   15       -0.028465       -0.304621       -0.023704
     H   15        0.185369       -0.023704        0.006753

     C   16       -0.439396        0.205549       -0.269865
     C   16        0.205549        0.215897        0.209282
     C   16       -0.269865        0.209282        0.223499

     C   17        0.333587        0.068083       -0.198471
     C   17        0.068083       -0.082875       -0.289653
     C   17       -0.198471       -0.289653       -0.250712

     Cl  18       -0.406431       -0.186176       -1.223368
     Cl  18       -0.186176        0.505887       -2.191316
     Cl  18       -1.223368       -2.191316       -0.099456

     H   19       -0.264386       -0.192772       -0.283862
     H   19       -0.192772        0.649516       -0.268808
     H   19       -0.283862       -0.268808       -0.385130

     C   20       -0.129220       -0.179736        0.421400
     C   20       -0.179736       -0.224950        0.308913
     C   20        0.421400        0.308913        0.354170

     H   21        0.468583       -0.329270        0.034594
     H   21       -0.329270       -0.128753       -0.320808
     H   21        0.034594       -0.320808       -0.339830

     C   22       -0.241266        0.265673       -0.044460
     C   22        0.265673        0.116626        0.437770
     C   22       -0.044460        0.437770        0.124640

     C   23       -0.240034        0.011217       -0.016957
     C   23        0.011217       -0.065485        0.328304
     C   23       -0.016957        0.328304        0.305519

     Cl  24       -0.040198        1.512450       -0.985959
     Cl  24        1.512450        0.180213        2.143664
     Cl  24       -0.985959        2.143664       -0.140015


     NQR/NMR SPECTROSCOPIC PARAMETERS:
     Cl   1    Vxx=    0.4346    axis=(  0.793297 -0.563992  0.229331)
     Cl   1    Vyy=    1.3291    axis=(  0.117644 -0.227576 -0.966628)
     Cl   1    Vzz=   -1.7636    axis=(  0.597361  0.793802 -0.114185)
     Cl   1  Q=        -8.1650 1e-30 m^2  Cq=        33.8346 MHz  eta= 0.50718

     C    2    Vxx=   -0.0688    axis=( -0.251288  0.886730 -0.388025)
     C    2    Vyy=   -0.5897    axis=( -0.966008 -0.254894  0.043101)
     C    2    Vzz=    0.6586    axis=( -0.060686  0.385666  0.920640)
     C    2  Q=         1.0000 1e-30 m^2  Cq=         1.5474 MHz  eta= 0.79096

     C    3    Vxx=    0.0410    axis=( -0.978970  0.005325 -0.203934)
     C    3    Vyy=    0.6139    axis=( -0.202659  0.089201  0.975178)
     C    3    Vzz=   -0.6549    axis=(  0.023384  0.995999 -0.086246)
     C    3  Q=         1.0000 1e-30 m^2  Cq=        -1.5388 MHz  eta= 0.87486

     H    4    Vxx=   -0.0142    axis=( -0.045918  0.975656 -0.214448)
     H    4    Vyy=   -0.6696    axis=( -0.604118  0.143847  0.783804)
     H    4    Vzz=    0.6839    axis=(  0.795571  0.165542  0.582806)
     H    4  Q=         1.0000 1e-30 m^2  Cq=         1.6068 MHz  eta= 0.95834

     C    5    Vxx=    0.1835    axis=(  0.474578  0.668558 -0.572544)
     C    5    Vyy=    0.5775    axis=(  0.115984 -0.692286 -0.712242)
     C    5    Vzz=   -0.7610    axis=( -0.872538  0.271608 -0.406086)
     C    5  Q=         1.0000 1e-30 m^2  Cq=        -1.7880 MHz  eta= 0.51769

     H    6    Vxx=   -0.0839    axis=( -0.119526 -0.564993  0.816392)
     H    6    Vyy=   -0.2336    axis=( -0.985021  0.170420 -0.026274)
     H    6    Vzz=    0.3175    axis=( -0.124285 -0.807304 -0.576900)
     H    6  Q=         1.0000 1e-30 m^2  Cq=         0.7459 MHz  eta= 0.47162

     H    7    Vxx=   -0.1480    axis=( -0.992446 -0.122550  0.005753)
     H    7    Vyy=   -0.1922    axis=(  0.085344 -0.723309 -0.685231)
     H    7    Vzz=    0.3402    axis=(  0.088136 -0.679563  0.728303)
     H    7  Q=         1.0000 1e-30 m^2  Cq=         0.7993 MHz  eta= 0.13013

     C    8    Vxx=   -0.0061    axis=(  0.702911  0.591975 -0.394311)
     C    8    Vyy=   -0.4201    axis=( -0.708093  0.634794 -0.309259)
     C    8    Vzz=    0.4262    axis=(  0.067232  0.496591  0.865377)
     C    8  Q=         1.0000 1e-30 m^2  Cq=         1.0013 MHz  eta= 0.97158

     H    9    Vxx=   -0.0583    axis=( -0.005854  0.996204 -0.086849)
     H    9    Vyy=   -0.3624    axis=( -0.588350  0.066796  0.805843)
     H    9    Vzz=    0.4206    axis=(  0.808585  0.055815  0.585726)
     H    9  Q=         1.0000 1e-30 m^2  Cq=         0.9884 MHz  eta= 0.72304

     C   10    Vxx=   -0.0764    axis=(  0.866359 -0.493340 -0.077704)
     C   10    Vyy=   -0.3284    axis=(  0.430416  0.816475 -0.384851)
     C   10    Vzz=    0.4048    axis=(  0.253306  0.299974  0.919702)
     C   10  Q=         1.0000 1e-30 m^2  Cq=         0.9512 MHz  eta= 0.62236

     C   11    Vxx=    0.0469    axis=( -0.620986 -0.387309  0.681446)
     C   11    Vyy=    0.7622    axis=( -0.385327 -0.606235 -0.695702)
     C   11    Vzz=   -0.8091    axis=( -0.682568  0.694601 -0.227223)
     C   11  Q=         1.0000 1e-30 m^2  Cq=        -1.9011 MHz  eta= 0.88402

     Cl  12    Vxx=   -1.2948    axis=(  0.300407 -0.476751 -0.826113)
     Cl  12    Vyy=   -1.5976    axis=( -0.478034  0.674233 -0.562933)
     Cl  12    Vzz=    2.8924    axis=(  0.825372  0.564019 -0.025359)
     Cl  12  Q=        -8.1650 1e-30 m^2  Cq=       -55.4888 MHz  eta= 0.10467

     H   13    Vxx=   -0.0180    axis=(  0.998932  0.000197 -0.046214)
     H   13    Vyy=   -0.5589    axis=( -0.045040  0.228154 -0.972583)
     H   13    Vzz=    0.5770    axis=(  0.010353  0.973625  0.227919)
     H   13  Q=         1.0000 1e-30 m^2  Cq=         1.3557 MHz  eta= 0.93750

     C   14    Vxx=    0.0930    axis=(  0.949873  0.185102 -0.251948)
     C   14    Vyy=    0.5824    axis=(  0.243411  0.067865  0.967546)
     C   14    Vzz=   -0.6754    axis=( -0.196193  0.980373 -0.019407)
     C   14  Q=         1.0000 1e-30 m^2  Cq=        -1.5870 MHz  eta= 0.72450

     H   15    Vxx=   -0.0830    axis=( -0.439640 -0.039511  0.897304)
     H   15    Vyy=   -0.3068    axis=(  0.029128  0.997879  0.058211)
     H   15    Vzz=    0.3899    axis=( -0.897701  0.051729 -0.437557)
     H   15  Q=         1.0000 1e-30 m^2  Cq=         0.9160 MHz  eta= 0.57407

     C   16    Vxx=    0.1875    axis=(  0.464462  0.693730 -0.550467)
     C   16    Vyy=    0.4329    axis=(  0.079728 -0.651812 -0.754178)
     C   16    Vzz=   -0.6204    axis=( -0.881997  0.306399 -0.358052)
     C   16  Q=         1.0000 1e-30 m^2  Cq=        -1.4576 MHz  eta= 0.39566

     C   17    Vxx=    0.0406    axis=( -0.473821  0.764407 -0.437236)
     C   17    Vyy=    0.4457    axis=(  0.867615  0.320197 -0.380420)
     C   17    Vzz=   -0.4863    axis=(  0.150794  0.559603  0.814927)
     C   17  Q=         1.0000 1e-30 m^2  Cq=        -1.1427 MHz  eta= 0.83303

     Cl  18    Vxx=   -0.0336    axis=(  0.859689 -0.474246 -0.189803)
     Cl  18    Vyy=   -2.5421    axis=(  0.453744  0.538298  0.710177)
     Cl  18    Vzz=    2.5757    axis=( -0.234628 -0.696654  0.677955)
     Cl  18  Q=        -8.1650 1e-30 m^2  Cq=       -49.4132 MHz  eta= 0.97389

     H   19    Vxx=   -0.0350    axis=(  0.784868 -0.022154 -0.619267)
     H   19    Vyy=   -0.6960    axis=(  0.605694  0.238430  0.759135)
     H   19    Vzz=    0.7310    axis=( -0.130834  0.970907 -0.200555)
     H   19  Q=         1.0000 1e-30 m^2  Cq=         1.7176 MHz  eta= 0.90431

     C   20    Vxx=   -0.0108    axis=(  0.657669 -0.741732 -0.131547)
     C   20    Vyy=   -0.6283    axis=(  0.620018  0.632164 -0.464700)
     C   20    Vzz=    0.6391    axis=(  0.427842  0.224057  0.875642)
     C   20  Q=         1.0000 1e-30 m^2  Cq=         1.5017 MHz  eta= 0.96621

     H   21    Vxx=   -0.0429    axis=(  0.449725  0.632331 -0.630798)
     H   21    Vyy=   -0.6006    axis=(  0.170356  0.632556  0.755548)
     H   21    Vzz=    0.6435    axis=( -0.876770  0.447249 -0.176755)
     H   21  Q=         1.0000 1e-30 m^2  Cq=         1.5120 MHz  eta= 0.86665

     C   22    Vxx=   -0.0774    axis=( -0.725154 -0.347879  0.594249)
     C   22    Vyy=   -0.5121    axis=( -0.660155  0.596651 -0.456293)
     C   22    Vzz=    0.5895    axis=( -0.195824 -0.723179 -0.662317)
     C   22  Q=         1.0000 1e-30 m^2  Cq=         1.3851 MHz  eta= 0.73747

     C   23    Vxx=   -0.2285    axis=(  0.842851  0.469972 -0.262163)
     C   23    Vyy=   -0.2687    axis=( -0.538009  0.724837 -0.430299)
     C   23    Vzz=    0.4972    axis=( -0.012203  0.503724  0.863778)
     C   23  Q=         1.0000 1e-30 m^2  Cq=         1.1683 MHz  eta= 0.08086

     Cl  24    Vxx=    0.8460    axis=(  0.828764  0.130930 -0.544065)
     Cl  24    Vyy=    2.2872    axis=( -0.257669 -0.773759 -0.578709)
     Cl  24    Vzz=   -3.1332    axis=(  0.496746 -0.619802  0.607527)
     Cl  24  Q=        -8.1650 1e-30 m^2  Cq=        60.1081 MHz  eta= 0.45997

     Initialization:
     gipaw_setup  :      8.88s CPU     10.78s WALL (       1 calls)

     Linear response

     Apply operators

     Induced current

     Other routines
     efg          :      9.35s CPU     12.04s WALL (       1 calls)

     General routines
     calbec       :      3.33s CPU      4.56s WALL (      16 calls)
     fft          :      1.39s CPU      1.66s WALL (      15 calls)
     ffts         :      0.04s CPU      0.05s WALL (       2 calls)
     fftw         :      3.36s CPU      4.15s WALL (     672 calls)
     davcio       :      0.02s CPU      0.31s WALL (      32 calls)

     Parallel routines
     fft_scatter  :      1.92s CPU      2.88s WALL (     689 calls)

     Plugins

     GIPAW        :     61.38s CPU     73.23s WALL (       1 calls)
