
     Program QE v.6.0 (svn rev. 13079) starts on 19Jan2017 at 13:55:24 

     This program is part of the open-source Quantum ESPRESSO suite
     for quantum simulation of materials; please cite
         "P. Giannozzi et al., J. Phys.:Condens. Matter 21 395502 (2009);
          URL http://www.quantum-espresso.org", 
     in publications or presentations arising from this work. More details at
     http://www.quantum-espresso.org/quote

     Parallel version (MPI), running on     8 processors
     R & G space division:  proc/nbgrp/npool/nimage =       8

     ***** This is GIPAW svn revision unknown      *****

     Parallelizing q-star over 1 images

     Reading data from directory:
     /users/majewski/paradichlorobenzene/pbe/9_constraint/scratch/pbe.ecut100.np8.dt60.pcl2phi-129368.save
     Message from routine read_xml_file:
     file /users/majewski/paradichlorobenzene/pbe/9_constraint/scratch/pbe.ecut100.np8.dt60.pcl2phi-129368.save not guaranteed to be safe for post-processing

   Info: using nr1, nr2, nr3 values from input

   Info: using nr1, nr2, nr3 values from input

     IMPORTANT: XC functional enforced from input :
     Exchange-correlation      =  SLA  PW   PBX  PBC ( 1  4  3  4 0 0)
     Any further DFT definition will be discarded
     Please, verify this is what you really want

               file C.pbe-n-kjpaw_psl.1.0.0.UPF: wavefunction(s)  2S 2P renormalized
               file Cl.pbe-n-kjpaw_psl.1.0.0.UPF: wavefunction(s)  3S 3P renormalized
               file H.pbe-kjpaw_psl.1.0.0.UPF: wavefunction(s)  1S renormalized

     Parallelization info
     --------------------
     sticks:   dense  smooth     PW     G-vecs:    dense   smooth      PW
     Min        3057    1223    332               144436    36536    5170
     Max        3059    1225    333               144437    36537    5171
     Sum       24467    9791   2657              1155489   292295   41363


     Subspace diagonalization in iterative solution of the eigenvalue problem:
     a serial algorithm will be used

     GIPAW projectors -----------------------------------------------
     atom=  C    l=0  rc=    1.2000  rs=    0.8000
     atom=  C    l=0  rc=    1.2000  rs=    0.8000
     atom=  C    l=1  rc=    1.4000  rs=    0.9333
     atom=  C    l=1  rc=    1.4000  rs=    0.9333
     projs nearly linearly dependent: l=1  n1,n2= 1, 2  s=  0.99951561

     atom=  Cl   l=0  rc=    1.6000  rs=    1.0667
     atom=  Cl   l=0  rc=    1.6000  rs=    1.0667
     atom=  Cl   l=1  rc=    1.6000  rs=    1.0667
     atom=  Cl   l=1  rc=    1.6000  rs=    1.0667
     atom=  Cl   l=2  rc=    1.6000  rs=    1.0667
     atom=  Cl   l=2  rc=    1.6000  rs=    1.0667
     projs nearly linearly dependent: l=2  n1,n2= 1, 2  s=  0.99993509

     atom=  H    l=0  rc=    1.0000  rs=    0.6667
     atom=  H    l=0  rc=    1.0000  rs=    0.6667
     projs nearly linearly dependent: l=0  n1,n2= 1, 2  s=  0.99968852
     -----------------------------------------------------------------

     GIPAW integrals: -------------------------------------------
     Atom  i/j   nmr_para   nmr_dia   epr_rmc  epr_para   epr_dia
       C   1 1   0.83E+03  0.17E-01  0.93E+01  0.24E+08  0.24E+03
       C   2 1   0.86E+03 -0.61E-01  0.94E+01  0.25E+08  0.25E+03
       C   2 2   0.90E+03 -0.15E+00  0.97E+01  0.26E+08  0.26E+03
       C   3 3   0.33E+01  0.34E+00  0.18E+01  0.55E+03  0.21E+02
       C   4 3   0.35E+01  0.37E+00  0.20E+01  0.59E+03  0.22E+02
       C   4 4   0.38E+01  0.39E+00  0.22E+01  0.63E+03  0.24E+02
       Cl  1 1   0.14E+04 -0.47E+00  0.84E+01  0.32E+09  0.42E+03
       Cl  2 1   0.21E+04 -0.37E+00  0.12E+02  0.49E+09  0.65E+03
       Cl  2 2   0.33E+04 -0.16E+00  0.21E+02  0.76E+09  0.10E+04
       Cl  3 3   0.21E+02  0.79E-01  0.89E+01  0.23E+05  0.13E+03
       Cl  4 3   0.24E+02  0.67E-01  0.99E+01  0.27E+05  0.15E+03
       Cl  4 4   0.28E+02  0.44E-01  0.11E+02  0.32E+05  0.18E+03
       Cl  5 5   0.77E+00  0.19E+00  0.18E+01  0.12E+03  0.22E+02
       Cl  6 5   0.80E+00  0.19E+00  0.19E+01  0.12E+03  0.23E+02
       Cl  6 6   0.83E+00  0.20E+00  0.19E+01  0.12E+03  0.23E+02
       H   1 1   0.39E+02  0.19E+00  0.29E+00  0.78E+05  0.13E+02
       H   2 1   0.41E+02  0.21E+00  0.32E+00  0.82E+05  0.14E+02
       H   2 2   0.43E+02  0.22E+00  0.36E+00  0.86E+05  0.15E+02
     ------------------------------------------------------------

     alpha_pv=     34.1998 eV

     Number of occupied bands for each k-point:
     k-point:     1    nbnd_occ=  42
     k-point:     2    nbnd_occ=  42
     k-point:     3    nbnd_occ=  42
     k-point:     4    nbnd_occ=  42
     k-point:     5    nbnd_occ=  42
     k-point:     6    nbnd_occ=  42
     k-point:     7    nbnd_occ=  42
     k-point:     8    nbnd_occ=  42
     k-point:     9    nbnd_occ=  42
     k-point:    10    nbnd_occ=  42
     k-point:    11    nbnd_occ=  42
     k-point:    12    nbnd_occ=  42
     k-point:    13    nbnd_occ=  42
     k-point:    14    nbnd_occ=  42
     k-point:    15    nbnd_occ=  42
     k-point:    16    nbnd_occ=  42


     q-space interpolation up to   110.00 Rydberg

     GIPAW job: efg                                                                             


     ELECTRIC FIELD GRADIENTS TENSORS IN Hartree/bohrradius^2:

     ----- bare term -----
     Cl   1        0.005086        0.035356       -0.086791
     Cl   1        0.035356       -0.009113       -0.046042
     Cl   1       -0.086791       -0.046042        0.004027

     C    2       -0.631517        0.434046       -0.405798
     C    2        0.434046        0.355972       -0.128447
     C    2       -0.405798       -0.128447        0.275546

     C    3        0.139403        0.246233       -0.066362
     C    3        0.246233       -0.120176       -0.582903
     C    3       -0.066362       -0.582903       -0.019227

     H    4       -0.038680       -0.025833       -0.516623
     H    4       -0.025833        0.065954        0.178327
     H    4       -0.516623        0.178327       -0.027274

     C    5       -0.751305        0.383962       -0.363928
     C    5        0.383962        0.469722       -0.157780
     C    5       -0.363928       -0.157780        0.281583

     H    6        0.528149        0.029643       -0.123463
     H    6        0.029643       -0.292719       -0.347087
     H    6       -0.123463       -0.347087       -0.235430

     H    7        0.291425        0.412014       -0.036402
     H    7        0.412014       -0.649057        0.272254
     H    7       -0.036402        0.272254        0.357632

     C    8       -0.137444       -0.294311       -0.157214
     C    8       -0.294311       -0.137053        0.395225
     C    8       -0.157214        0.395225        0.274497

     H    9       -0.480225        0.327858       -0.407685
     H    9        0.327858        0.261789        0.185665
     H    9       -0.407685        0.185665        0.218436

     C   10       -0.548351       -0.382736       -0.259353
     C   10       -0.382736        0.188314        0.364792
     C   10       -0.259353        0.364792        0.360037

     C   11       -0.047214        0.248397       -0.357986
     C   11        0.248397        0.046910        0.721544
     C   11       -0.357986        0.721544        0.000304

     Cl  12       -0.242463       -0.273349        0.024443
     Cl  12       -0.273349        0.027934        0.098464
     Cl  12        0.024443        0.098464        0.214528

     H   13        0.332301       -0.348355       -0.127805
     H   13       -0.348355       -0.569922       -0.461910
     H   13       -0.127805       -0.461910        0.237620

     C   14       -0.090367        0.287151       -0.099330
     C   14        0.287151       -0.152324       -0.354596
     C   14       -0.099330       -0.354596        0.242691

     H   15       -0.171838       -0.307588       -0.546622
     H   15       -0.307588        0.250472       -0.373351
     H   15       -0.546622       -0.373351       -0.078633

     C   16       -0.692849        0.390154       -0.324011
     C   16        0.390154        0.249286       -0.070419
     C   16       -0.324011       -0.070419        0.443563

     C   17       -0.000035        0.138488       -0.186467
     C   17        0.138488       -0.097467       -0.534519
     C   17       -0.186467       -0.534519        0.097502

     Cl  18       -0.141498        0.127486        0.065223
     Cl  18        0.127486       -0.015720       -0.094813
     Cl  18        0.065223       -0.094813        0.157218

     H   19        0.482702       -0.043222       -0.161088
     H   19       -0.043222       -0.361360        0.422005
     H   19       -0.161088        0.422005       -0.121342

     C   20       -0.750832       -0.330624       -0.185424
     C   20       -0.330624        0.400599        0.201241
     C   20       -0.185424        0.201241        0.350232

     H   21       -0.383083       -0.161005       -0.413258
     H   21       -0.161005        0.055583        0.197816
     H   21       -0.413258        0.197816        0.327500

     C   22        0.018982       -0.036556       -0.219160
     C   22       -0.036556       -0.269928        0.470230
     C   22       -0.219160        0.470230        0.250945

     C   23       -0.751994       -0.298044       -0.362142
     C   23       -0.298044        0.194893        0.030954
     C   23       -0.362142        0.030954        0.557100

     Cl  24        0.134295       -0.036573        0.080889
     Cl  24       -0.036573        0.049727        0.184860
     Cl  24        0.080889        0.184860       -0.184022

     ----- ionic term -----
     Cl   1        0.143865       -0.223274        0.056191
     Cl   1       -0.223274       -0.002752       -0.025270
     Cl   1        0.056191       -0.025270       -0.141112

     C    2        0.141983       -0.214800        0.324568
     C    2       -0.214800        0.088813        0.366570
     C    2        0.324568        0.366570       -0.230796

     C    3        0.081389       -0.259747        0.196478
     C    3       -0.259747        0.176067        0.426077
     C    3        0.196478        0.426077       -0.257457

     H    4        0.473417        0.281218        0.718403
     H    4        0.281218       -0.388670        0.280721
     H    4        0.718403        0.280721       -0.084747

     C    5        0.252754       -0.213590        0.317011
     C    5       -0.213590       -0.006252        0.291524
     C    5        0.317011        0.291524       -0.246502

     H    6       -0.468708        0.178417        0.146925
     H    6        0.178417        0.524792        0.732641
     H    6        0.146925        0.732641       -0.056084

     H    7       -0.487438       -0.218895        0.094840
     H    7       -0.218895        0.803150       -0.606953
     H    7        0.094840       -0.606953       -0.315712

     C    8        0.340902        0.171904        0.151734
     C    8        0.171904        0.082900       -0.308218
     C    8        0.151734       -0.308218       -0.423802

     H    9        0.629973       -0.151747        0.731713
     H    9       -0.151747       -0.535506       -0.174219
     H    9        0.731713       -0.174219       -0.094467

     C   10        0.166253        0.238275        0.165297
     C   10        0.238275        0.146093       -0.439906
     C   10        0.165297       -0.439906       -0.312346

     C   11        0.217335        0.136700        0.262173
     C   11        0.136700        0.062976       -0.465222
     C   11        0.262173       -0.465222       -0.280311

     Cl  12        0.128281        0.194058       -0.036976
     Cl  12        0.194058        0.009203       -0.033679
     Cl  12       -0.036976       -0.033679       -0.137485

     H   13       -0.523705        0.168432        0.099597
     H   13        0.168432        0.686935        0.687826
     H   13        0.099597        0.687826       -0.163230

     C   14        0.215168       -0.191611        0.291284
     C   14       -0.191611        0.071827        0.274581
     C   14        0.291284        0.274581       -0.286994

     H   15        0.589276        0.238546        0.704158
     H   15        0.238546       -0.480058        0.216999
     H   15        0.704158        0.216999       -0.109218

     C   16        0.114409       -0.249485        0.208474
     C   16       -0.249485        0.145945        0.373031
     C   16        0.208474        0.373031       -0.260354

     C   17        0.123627       -0.250065        0.259999
     C   17       -0.250065        0.107730        0.414366
     C   17        0.259999        0.414366       -0.231357

     Cl  18        0.096606       -0.220240       -0.018132
     Cl  18       -0.220240        0.054940        0.026774
     Cl  18       -0.018132        0.026774       -0.151546

     H   19       -0.525039       -0.084956        0.062286
     H   19       -0.084956        0.661830       -0.746071
     H   19        0.062286       -0.746071       -0.136791

     C   20        0.345133        0.221603        0.184867
     C   20        0.221603       -0.044454       -0.369686
     C   20        0.184867       -0.369686       -0.300679

     H   21        0.594288       -0.235106        0.700005
     H   21       -0.235106       -0.478461       -0.219190
     H   21        0.700005       -0.219190       -0.115827

     C   22        0.191834        0.260753        0.085883
     C   22        0.260753        0.078745       -0.472645
     C   22        0.085883       -0.472645       -0.270579

     C   23        0.203795        0.166150        0.118937
     C   23        0.166150        0.086226       -0.457070
     C   23        0.118937       -0.457070       -0.290020

     Cl  24        0.116700        0.207576       -0.041138
     Cl  24        0.207576        0.004832       -0.032428
     Cl  24       -0.041138       -0.032428       -0.121532

     ----- GIPAW term -----
     Cl   1       -0.229974       -0.867690       -0.721751
     Cl   1       -0.867690        1.374121       -2.044907
     Cl   1       -0.721751       -2.044907       -1.144146

     C    2       -0.139369        0.085719       -0.040354
     C    2        0.085719        0.282966        0.030070
     C    2       -0.040354        0.030070       -0.143597

     C    3       -0.075205        0.082356        0.004948
     C    3        0.082356        0.219871       -0.056540
     C    3        0.004948       -0.056540       -0.144666

     H    4       -0.000000        0.000000        0.000000
     H    4        0.000000        0.000000        0.000000
     H    4        0.000000        0.000000        0.000000

     C    5       -0.185236        0.117397       -0.046330
     C    5        0.117397        0.265295       -0.049166
     C    5       -0.046330       -0.049166       -0.080059

     H    6       -0.000000        0.000000        0.000000
     H    6        0.000000        0.000000        0.000000
     H    6        0.000000        0.000000        0.000000

     H    7       -0.000000        0.000000        0.000000
     H    7        0.000000        0.000000        0.000000
     H    7        0.000000        0.000000        0.000000

     C    8       -0.065393       -0.129158        0.021224
     C    8       -0.129158        0.107016       -0.009848
     C    8        0.021224       -0.009848       -0.041623

     H    9       -0.000000        0.000000        0.000000
     H    9        0.000000        0.000000        0.000000
     H    9        0.000000        0.000000        0.000000

     C   10       -0.201889       -0.103907       -0.071985
     C   10       -0.103907        0.236715        0.120318
     C   10       -0.071985        0.120318       -0.034827

     C   11       -0.043751        0.187218       -0.040077
     C   11        0.187218        0.216594        0.154208
     C   11       -0.040077        0.154208       -0.172843

     Cl  12       -1.154930        0.846939        0.187506
     Cl  12        0.846939        0.725765        2.325167
     Cl  12        0.187506        2.325167        0.429165

     H   13       -0.000000        0.000000        0.000000
     H   13        0.000000        0.000000        0.000000
     H   13        0.000000        0.000000        0.000000

     C   14       -0.088679        0.132149        0.044082
     C   14        0.132149        0.141909        0.073757
     C   14        0.044082        0.073757       -0.053230

     H   15       -0.000000        0.000000        0.000000
     H   15        0.000000        0.000000        0.000000
     H   15        0.000000        0.000000        0.000000

     C   16       -0.234405        0.121120       -0.021501
     C   16        0.121120        0.179604        0.159617
     C   16       -0.021501        0.159617        0.054802

     C   17       -0.005182        0.006186        0.006806
     C   17        0.006186        0.166332        0.018138
     C   17        0.006806        0.018138       -0.161150

     Cl  18        0.720987       -1.980206        0.488452
     Cl  18       -1.980206        0.014096       -0.747394
     Cl  18        0.488452       -0.747394       -0.735083

     H   19       -0.000000        0.000000        0.000000
     H   19        0.000000        0.000000        0.000000
     H   19        0.000000        0.000000        0.000000

     C   20       -0.191740        0.050561        0.016323
     C   20        0.050561        0.263022        0.075936
     C   20        0.016323        0.075936       -0.071282

     H   21       -0.000000        0.000000        0.000000
     H   21        0.000000        0.000000        0.000000
     H   21        0.000000        0.000000        0.000000

     C   22       -0.114602        0.074083       -0.056133
     C   22        0.074083        0.134957       -0.133509
     C   22       -0.056133       -0.133509       -0.020355

     C   23       -0.178289        0.070305       -0.084762
     C   23        0.070305        0.075370       -0.197771
     C   23       -0.084762       -0.197771        0.102919

     Cl  24       -0.399661        1.112606        0.084837
     Cl  24        1.112606       -0.577947       -1.129189
     Cl  24        0.084837       -1.129189        0.977608

     ----- total EFG -----
     Cl   1       -0.081024       -1.055609       -0.752350
     Cl   1       -1.055609        1.362256       -2.116220
     Cl   1       -0.752350       -2.116220       -1.281232

     C    2       -0.628903        0.304965       -0.121584
     C    2        0.304965        0.727751        0.268193
     C    2       -0.121584        0.268193       -0.098847

     C    3        0.145587        0.068841        0.135063
     C    3        0.068841        0.275762       -0.213367
     C    3        0.135063       -0.213367       -0.421350

     H    4        0.434737        0.255385        0.201779
     H    4        0.255385       -0.322716        0.459048
     H    4        0.201779        0.459048       -0.112021

     C    5       -0.683787        0.287768       -0.093247
     C    5        0.287768        0.728765        0.084578
     C    5       -0.093247        0.084578       -0.044978

     H    6        0.059441        0.208060        0.023462
     H    6        0.208060        0.232073        0.385555
     H    6        0.023462        0.385555       -0.291513

     H    7       -0.196012        0.193118        0.058438
     H    7        0.193118        0.154093       -0.334699
     H    7        0.058438       -0.334699        0.041920

     C    8        0.138064       -0.251565        0.015743
     C    8       -0.251565        0.052863        0.077159
     C    8        0.015743        0.077159       -0.190927

     H    9        0.149748        0.176111        0.324028
     H    9        0.176111       -0.273717        0.011447
     H    9        0.324028        0.011447        0.123969

     C   10       -0.583987       -0.248368       -0.166041
     C   10       -0.248368        0.571122        0.045204
     C   10       -0.166041        0.045204        0.012864

     C   11        0.126370        0.572316       -0.135890
     C   11        0.572316        0.326479        0.410529
     C   11       -0.135890        0.410529       -0.452850

     Cl  12       -1.269112        0.767648        0.174973
     Cl  12        0.767648        0.762903        2.389952
     Cl  12        0.174973        2.389952        0.506209

     H   13       -0.191403       -0.179923       -0.028208
     H   13       -0.179923        0.117013        0.225916
     H   13       -0.028208        0.225916        0.074391

     C   14        0.036122        0.227689        0.236036
     C   14        0.227689        0.061411       -0.006258
     C   14        0.236036       -0.006258       -0.097533

     H   15        0.417437       -0.069042        0.157536
     H   15       -0.069042       -0.229586       -0.156352
     H   15        0.157536       -0.156352       -0.187851

     C   16       -0.812845        0.261789       -0.137038
     C   16        0.261789        0.574835        0.462229
     C   16       -0.137038        0.462229        0.238010

     C   17        0.118410       -0.105391        0.080339
     C   17       -0.105391        0.176595       -0.102015
     C   17        0.080339       -0.102015       -0.295005

     Cl  18        0.676095       -2.072959        0.535543
     Cl  18       -2.072959        0.053316       -0.815434
     Cl  18        0.535543       -0.815434       -0.729411

     H   19       -0.042336       -0.128178       -0.098802
     H   19       -0.128178        0.300469       -0.324066
     H   19       -0.098802       -0.324066       -0.258133

     C   20       -0.597438       -0.058461        0.015766
     C   20       -0.058461        0.619167       -0.092510
     C   20        0.015766       -0.092510       -0.021729

     H   21        0.211205       -0.396111        0.286747
     H   21       -0.396111       -0.422878       -0.021374
     H   21        0.286747       -0.021374        0.211672

     C   22        0.096214        0.298279       -0.189410
     C   22        0.298279       -0.056225       -0.135923
     C   22       -0.189410       -0.135923       -0.039989

     C   23       -0.726488       -0.061588       -0.327967
     C   23       -0.061588        0.356489       -0.623887
     C   23       -0.327967       -0.623887        0.369998

     Cl  24       -0.148666        1.283609        0.124587
     Cl  24        1.283609       -0.523388       -0.976757
     Cl  24        0.124587       -0.976757        0.672054

     ----- total EFG (symmetrized) -----
     Cl   1       -0.081024       -1.055609       -0.752350
     Cl   1       -1.055609        1.362256       -2.116220
     Cl   1       -0.752350       -2.116220       -1.281232

     C    2       -0.628903        0.304965       -0.121584
     C    2        0.304965        0.727751        0.268193
     C    2       -0.121584        0.268193       -0.098847

     C    3        0.145587        0.068841        0.135063
     C    3        0.068841        0.275762       -0.213367
     C    3        0.135063       -0.213367       -0.421350

     H    4        0.434737        0.255385        0.201779
     H    4        0.255385       -0.322716        0.459048
     H    4        0.201779        0.459048       -0.112021

     C    5       -0.683787        0.287768       -0.093247
     C    5        0.287768        0.728765        0.084578
     C    5       -0.093247        0.084578       -0.044978

     H    6        0.059441        0.208060        0.023462
     H    6        0.208060        0.232073        0.385555
     H    6        0.023462        0.385555       -0.291513

     H    7       -0.196012        0.193118        0.058438
     H    7        0.193118        0.154093       -0.334699
     H    7        0.058438       -0.334699        0.041920

     C    8        0.138064       -0.251565        0.015743
     C    8       -0.251565        0.052863        0.077159
     C    8        0.015743        0.077159       -0.190927

     H    9        0.149748        0.176111        0.324028
     H    9        0.176111       -0.273717        0.011447
     H    9        0.324028        0.011447        0.123969

     C   10       -0.583987       -0.248368       -0.166041
     C   10       -0.248368        0.571122        0.045204
     C   10       -0.166041        0.045204        0.012864

     C   11        0.126370        0.572316       -0.135890
     C   11        0.572316        0.326479        0.410529
     C   11       -0.135890        0.410529       -0.452850

     Cl  12       -1.269112        0.767648        0.174973
     Cl  12        0.767648        0.762903        2.389952
     Cl  12        0.174973        2.389952        0.506209

     H   13       -0.191403       -0.179923       -0.028208
     H   13       -0.179923        0.117013        0.225916
     H   13       -0.028208        0.225916        0.074391

     C   14        0.036122        0.227689        0.236036
     C   14        0.227689        0.061411       -0.006258
     C   14        0.236036       -0.006258       -0.097533

     H   15        0.417437       -0.069042        0.157536
     H   15       -0.069042       -0.229586       -0.156352
     H   15        0.157536       -0.156352       -0.187851

     C   16       -0.812845        0.261789       -0.137038
     C   16        0.261789        0.574835        0.462229
     C   16       -0.137038        0.462229        0.238010

     C   17        0.118410       -0.105391        0.080339
     C   17       -0.105391        0.176595       -0.102015
     C   17        0.080339       -0.102015       -0.295005

     Cl  18        0.676095       -2.072959        0.535543
     Cl  18       -2.072959        0.053316       -0.815434
     Cl  18        0.535543       -0.815434       -0.729411

     H   19       -0.042336       -0.128178       -0.098802
     H   19       -0.128178        0.300469       -0.324066
     H   19       -0.098802       -0.324066       -0.258133

     C   20       -0.597438       -0.058461        0.015766
     C   20       -0.058461        0.619167       -0.092510
     C   20        0.015766       -0.092510       -0.021729

     H   21        0.211205       -0.396111        0.286747
     H   21       -0.396111       -0.422878       -0.021374
     H   21        0.286747       -0.021374        0.211672

     C   22        0.096214        0.298279       -0.189410
     C   22        0.298279       -0.056225       -0.135923
     C   22       -0.189410       -0.135923       -0.039989

     C   23       -0.726488       -0.061588       -0.327967
     C   23       -0.061588        0.356489       -0.623887
     C   23       -0.327967       -0.623887        0.369998

     Cl  24       -0.148666        1.283609        0.124587
     Cl  24        1.283609       -0.523388       -0.976757
     Cl  24        0.124587       -0.976757        0.672054


     NQR/NMR SPECTROSCOPIC PARAMETERS:
     Cl   1    Vxx=    0.2810    axis=(  0.896502  0.008276 -0.442963)
     Cl   1    Vyy=    2.6616    axis=(  0.219794 -0.876420  0.428462)
     Cl   1    Vzz=   -2.9425    axis=(  0.384675  0.481477  0.787531)
     Cl   1  Q=        -8.1650 1e-30 m^2  Cq=        56.4509 MHz  eta= 0.80903

     C    2    Vxx=   -0.1086    axis=( -0.322790 -0.180242  0.929150)
     C    2    Vyy=   -0.7446    axis=( -0.929975  0.242886 -0.275960)
     C    2    Vzz=    0.8533    axis=( -0.175937 -0.953163 -0.246021)
     C    2  Q=         1.0000 1e-30 m^2  Cq=         2.0048 MHz  eta= 0.74537

     C    3    Vxx=    0.1739    axis=( -0.960066  0.109960 -0.257259)
     C    3    Vyy=    0.3411    axis=(  0.172974  0.956013 -0.236896)
     C    3    Vzz=   -0.5150    axis=( -0.219893  0.271935  0.936856)
     C    3  Q=         1.0000 1e-30 m^2  Cq=        -1.2100 MHz  eta= 0.32466

     H    4    Vxx=    0.0173    axis=(  0.596498 -0.449569 -0.664890)
     H    4    Vyy=    0.6764    axis=( -0.799359 -0.407297 -0.441739)
     H    4    Vzz=   -0.6937    axis=( -0.072215  0.794983 -0.602318)
     H    4  Q=         1.0000 1e-30 m^2  Cq=        -1.6299 MHz  eta= 0.95000

     C    5    Vxx=   -0.0337    axis=( -0.162591 -0.047955  0.985527)
     C    5    Vyy=   -0.7565    axis=( -0.968958  0.196287 -0.150307)
     C    5    Vzz=    0.7903    axis=( -0.186239 -0.979373 -0.078381)
     C    5  Q=         1.0000 1e-30 m^2  Cq=         1.8568 MHz  eta= 0.91469

     H    6    Vxx=   -0.0129    axis=(  0.907841 -0.280486 -0.311694)
     H    6    Vyy=   -0.5069    axis=( -0.144126  0.489321 -0.860112)
     H    6    Vzz=    0.5198    axis=(  0.393768  0.825768  0.403800)
     H    6  Q=         1.0000 1e-30 m^2  Cq=         1.2214 MHz  eta= 0.95038

     H    7    Vxx=   -0.0610    axis=(  0.719685  0.315868  0.618289)
     H    7    Vyy=   -0.3960    axis=(  0.671566 -0.542714 -0.504441)
     H    7    Vzz=    0.4570    axis=( -0.176217 -0.778260  0.602709)
     H    7  Q=         1.0000 1e-30 m^2  Cq=         1.0738 MHz  eta= 0.73284

     C    8    Vxx=   -0.1057    axis=(  0.546688  0.568151  0.615091)
     C    8    Vyy=   -0.2476    axis=( -0.360405 -0.503396  0.785303)
     C    8    Vzz=    0.3533    axis=( -0.755805  0.650997  0.070436)
     C    8  Q=         1.0000 1e-30 m^2  Cq=         0.8301 MHz  eta= 0.40180

     H    9    Vxx=   -0.1182    axis=(  0.500962  0.516109 -0.694743)
     H    9    Vyy=   -0.3675    axis=( -0.464902  0.837562  0.286976)
     H    9    Vzz=    0.4857    axis=(  0.730002  0.179223  0.659527)
     H    9  Q=         1.0000 1e-30 m^2  Cq=         1.1413 MHz  eta= 0.51338

     C   10    Vxx=    0.0376    axis=( -0.190179 -0.170438  0.966842)
     C   10    Vyy=    0.6323    axis=( -0.215203  0.968101  0.128329)
     C   10    Vzz=   -0.6699    axis=( -0.957873 -0.183661 -0.220791)
     C   10  Q=         1.0000 1e-30 m^2  Cq=        -1.5740 MHz  eta= 0.88787

     C   11    Vxx=   -0.0570    axis=(  0.692167 -0.369014 -0.620269)
     C   11    Vyy=   -0.7937    axis=( -0.419551  0.493567 -0.761819)
     C   11    Vzz=    0.8506    axis=( -0.587266 -0.787540 -0.186811)
     C   11  Q=         1.0000 1e-30 m^2  Cq=         1.9987 MHz  eta= 0.86604

     Cl  12    Vxx=   -1.1256    axis=(  0.836900  0.265534 -0.478634)
     Cl  12    Vyy=   -2.0074    axis=( -0.525471  0.634556 -0.566762)
     Cl  12    Vzz=    3.1330    axis=( -0.153225 -0.725831 -0.670590)
     Cl  12  Q=        -8.1650 1e-30 m^2  Cq=       -60.1053 MHz  eta= 0.28145

     H   13    Vxx=   -0.0740    axis=(  0.486895 -0.436292  0.756692)
     H   13    Vyy=   -0.2917    axis=(  0.830000  0.500967 -0.245219)
     H   13    Vzz=    0.3657    axis=( -0.272091  0.747450  0.606041)
     H   13  Q=         1.0000 1e-30 m^2  Cq=         0.8592 MHz  eta= 0.59518

     C   14    Vxx=   -0.0065    axis=( -0.232823  0.720600 -0.653092)
     C   14    Vyy=   -0.3357    axis=( -0.650853  0.383534  0.655204)
     C   14    Vzz=    0.3421    axis=(  0.722623  0.577614  0.379709)
     C   14  Q=         1.0000 1e-30 m^2  Cq=         0.8039 MHz  eta= 0.96210

     H   15    Vxx=   -0.1018    axis=( -0.295446 -0.671640  0.679420)
     H   15    Vyy=   -0.3703    axis=( -0.073407  0.725024  0.684801)
     H   15    Vzz=    0.4721    axis=(  0.952535 -0.152447  0.263508)
     H   15  Q=         1.0000 1e-30 m^2  Cq=         1.1092 MHz  eta= 0.56873

     C   16    Vxx=   -0.0027    axis=( -0.300889 -0.509070  0.806420)
     C   16    Vyy=   -0.9069    axis=( -0.950136  0.232645 -0.207650)
     C   16    Vzz=    0.9095    axis=( -0.081901 -0.828688 -0.553686)
     C   16  Q=         1.0000 1e-30 m^2  Cq=         2.1371 MHz  eta= 0.99417

     C   17    Vxx=    0.0382    axis=(  0.793765  0.608202  0.005176)
     C   17    Vyy=    0.2859    axis=( -0.592666  0.775345 -0.218143)
     C   17    Vzz=   -0.3240    axis=( -0.136688  0.170087  0.975903)
     C   17  Q=         1.0000 1e-30 m^2  Cq=        -0.7614 MHz  eta= 0.76434

     Cl  18    Vxx=   -0.9037    axis=( -0.388820 -0.058793  0.919436)
     Cl  18    Vyy=   -1.8136    axis=(  0.574187  0.764984  0.291734)
     Cl  18    Vzz=    2.7173    axis=( -0.720506  0.641360 -0.263683)
     Cl  18  Q=        -8.1650 1e-30 m^2  Cq=       -52.1307 MHz  eta= 0.33483

     H   19    Vxx=   -0.0039    axis=(  0.930820  0.002877 -0.365466)
     H   19    Vyy=   -0.4569    axis=( -0.330886 -0.418011 -0.846038)
     H   19    Vzz=    0.4608    axis=( -0.155203  0.908437 -0.388142)
     H   19  Q=         1.0000 1e-30 m^2  Cq=         1.0828 MHz  eta= 0.98290

     C   20    Vxx=   -0.0347    axis=(  0.013064  0.141215  0.989893)
     C   20    Vyy=   -0.6005    axis=( -0.998728 -0.046371  0.019795)
     C   20    Vzz=    0.6352    axis=(  0.048698 -0.988892  0.140429)
     C   20  Q=         1.0000 1e-30 m^2  Cq=         1.4924 MHz  eta= 0.89068

     H   21    Vxx=    0.0338    axis=( -0.469702  0.369900  0.801595)
     H   21    Vyy=    0.5937    axis=( -0.753202  0.305726 -0.582424)
     H   21    Vzz=   -0.6275    axis=( -0.460507 -0.877329  0.135009)
     H   21  Q=         1.0000 1e-30 m^2  Cq=        -1.4744 MHz  eta= 0.89231

     C   22    Vxx=   -0.1524    axis=(  0.308214  0.313448  0.898195)
     C   22    Vyy=   -0.2884    axis=(  0.628712 -0.775694  0.054957)
     C   22    Vzz=    0.4408    axis=(  0.713951  0.547767 -0.436148)
     C   22  Q=         1.0000 1e-30 m^2  Cq=         1.0356 MHz  eta= 0.30840

     C   23    Vxx=   -0.1391    axis=( -0.404142  0.696383  0.593060)
     C   23    Vyy=   -0.8696    axis=( -0.907747 -0.225581 -0.353706)
     C   23    Vzz=    1.0087    axis=( -0.112532 -0.681296  0.723307)
     C   23  Q=         1.0000 1e-30 m^2  Cq=         2.3700 MHz  eta= 0.72422

     Cl  24    Vxx=    0.4344    axis=(  0.698074  0.252071  0.670189)
     Cl  24    Vyy=    1.4708    axis=(  0.427306  0.604384 -0.672406)
     Cl  24    Vzz=   -1.9053    axis=(  0.574545 -0.755765 -0.314193)
     Cl  24  Q=        -8.1650 1e-30 m^2  Cq=        36.5517 MHz  eta= 0.54395

     Initialization:
     gipaw_setup  :      9.04s CPU     10.95s WALL (       1 calls)

     Linear response

     Apply operators

     Induced current

     Other routines
     efg          :      9.27s CPU     11.86s WALL (       1 calls)

     General routines
     calbec       :      3.26s CPU      4.13s WALL (      16 calls)
     fft          :      1.64s CPU      2.68s WALL (      15 calls)
     ffts         :      0.03s CPU      0.05s WALL (       2 calls)
     fftw         :      3.28s CPU      4.06s WALL (     672 calls)
     davcio       :      0.04s CPU      0.32s WALL (      32 calls)

     Parallel routines
     fft_scatter  :      2.25s CPU      3.75s WALL (     689 calls)

     Plugins

     GIPAW        :     61.12s CPU     75.64s WALL (       1 calls)
