
     Program QE v.6.0 (svn rev. 13079) starts on  2Jan2017 at  6:39:26 

     This program is part of the open-source Quantum ESPRESSO suite
     for quantum simulation of materials; please cite
         "P. Giannozzi et al., J. Phys.:Condens. Matter 21 395502 (2009);
          URL http://www.quantum-espresso.org", 
     in publications or presentations arising from this work. More details at
     http://www.quantum-espresso.org/quote

     Parallel version (MPI), running on     8 processors
     R & G space division:  proc/nbgrp/npool/nimage =       8

     ***** This is GIPAW svn revision unknown      *****

     Parallelizing q-star over 1 images

     Reading data from directory:
     /users/majewski/paradichlorobenzene/pbe/9_constraint/scratch/pbe.ecut100.np8.dt60.pcl2phi-129368.save
     Message from routine read_xml_file:
     file /users/majewski/paradichlorobenzene/pbe/9_constraint/scratch/pbe.ecut100.np8.dt60.pcl2phi-129368.save not guaranteed to be safe for post-processing

   Info: using nr1, nr2, nr3 values from input

   Info: using nr1, nr2, nr3 values from input

     IMPORTANT: XC functional enforced from input :
     Exchange-correlation      =  SLA  PW   PBX  PBC ( 1  4  3  4 0 0)
     Any further DFT definition will be discarded
     Please, verify this is what you really want

               file C.pbe-n-kjpaw_psl.1.0.0.UPF: wavefunction(s)  2S 2P renormalized
               file Cl.pbe-n-kjpaw_psl.1.0.0.UPF: wavefunction(s)  3S 3P renormalized
               file H.pbe-kjpaw_psl.1.0.0.UPF: wavefunction(s)  1S renormalized

     Parallelization info
     --------------------
     sticks:   dense  smooth     PW     G-vecs:    dense   smooth      PW
     Min        3057    1223    332               144436    36536    5170
     Max        3059    1225    333               144437    36537    5171
     Sum       24467    9791   2657              1155489   292295   41363


     Subspace diagonalization in iterative solution of the eigenvalue problem:
     a serial algorithm will be used

     GIPAW projectors -----------------------------------------------
     atom=  C    l=0  rc=    1.2000  rs=    0.8000
     atom=  C    l=0  rc=    1.2000  rs=    0.8000
     atom=  C    l=1  rc=    1.4000  rs=    0.9333
     atom=  C    l=1  rc=    1.4000  rs=    0.9333
     projs nearly linearly dependent: l=1  n1,n2= 1, 2  s=  0.99951561

     atom=  Cl   l=0  rc=    1.6000  rs=    1.0667
     atom=  Cl   l=0  rc=    1.6000  rs=    1.0667
     atom=  Cl   l=1  rc=    1.6000  rs=    1.0667
     atom=  Cl   l=1  rc=    1.6000  rs=    1.0667
     atom=  Cl   l=2  rc=    1.6000  rs=    1.0667
     atom=  Cl   l=2  rc=    1.6000  rs=    1.0667
     projs nearly linearly dependent: l=2  n1,n2= 1, 2  s=  0.99993509

     atom=  H    l=0  rc=    1.0000  rs=    0.6667
     atom=  H    l=0  rc=    1.0000  rs=    0.6667
     projs nearly linearly dependent: l=0  n1,n2= 1, 2  s=  0.99968852
     -----------------------------------------------------------------

     GIPAW integrals: -------------------------------------------
     Atom  i/j   nmr_para   nmr_dia   epr_rmc  epr_para   epr_dia
       C   1 1   0.83E+03  0.17E-01  0.93E+01  0.24E+08  0.24E+03
       C   2 1   0.86E+03 -0.61E-01  0.94E+01  0.25E+08  0.25E+03
       C   2 2   0.90E+03 -0.15E+00  0.97E+01  0.26E+08  0.26E+03
       C   3 3   0.33E+01  0.34E+00  0.18E+01  0.55E+03  0.21E+02
       C   4 3   0.35E+01  0.37E+00  0.20E+01  0.59E+03  0.22E+02
       C   4 4   0.38E+01  0.39E+00  0.22E+01  0.63E+03  0.24E+02
       Cl  1 1   0.14E+04 -0.47E+00  0.84E+01  0.32E+09  0.42E+03
       Cl  2 1   0.21E+04 -0.37E+00  0.12E+02  0.49E+09  0.65E+03
       Cl  2 2   0.33E+04 -0.16E+00  0.21E+02  0.76E+09  0.10E+04
       Cl  3 3   0.21E+02  0.79E-01  0.89E+01  0.23E+05  0.13E+03
       Cl  4 3   0.24E+02  0.67E-01  0.99E+01  0.27E+05  0.15E+03
       Cl  4 4   0.28E+02  0.44E-01  0.11E+02  0.32E+05  0.18E+03
       Cl  5 5   0.77E+00  0.19E+00  0.18E+01  0.12E+03  0.22E+02
       Cl  6 5   0.80E+00  0.19E+00  0.19E+01  0.12E+03  0.23E+02
       Cl  6 6   0.83E+00  0.20E+00  0.19E+01  0.12E+03  0.23E+02
       H   1 1   0.39E+02  0.19E+00  0.29E+00  0.78E+05  0.13E+02
       H   2 1   0.41E+02  0.21E+00  0.32E+00  0.82E+05  0.14E+02
       H   2 2   0.43E+02  0.22E+00  0.36E+00  0.86E+05  0.15E+02
     ------------------------------------------------------------

     alpha_pv=     34.0835 eV

     Number of occupied bands for each k-point:
     k-point:     1    nbnd_occ=  42
     k-point:     2    nbnd_occ=  42
     k-point:     3    nbnd_occ=  42
     k-point:     4    nbnd_occ=  42
     k-point:     5    nbnd_occ=  42
     k-point:     6    nbnd_occ=  42
     k-point:     7    nbnd_occ=  42
     k-point:     8    nbnd_occ=  42
     k-point:     9    nbnd_occ=  42
     k-point:    10    nbnd_occ=  42
     k-point:    11    nbnd_occ=  42
     k-point:    12    nbnd_occ=  42
     k-point:    13    nbnd_occ=  42
     k-point:    14    nbnd_occ=  42
     k-point:    15    nbnd_occ=  42
     k-point:    16    nbnd_occ=  42


     q-space interpolation up to   110.00 Rydberg

     GIPAW job: efg                                                                             


     ELECTRIC FIELD GRADIENTS TENSORS IN Hartree/bohrradius^2:

     ----- bare term -----
     Cl   1        0.106122       -0.024841       -0.036631
     Cl   1       -0.024841       -0.010026       -0.008414
     Cl   1       -0.036631       -0.008414       -0.096096

     C    2       -0.063567        0.367945       -0.251580
     C    2        0.367945       -0.259054       -0.461055
     C    2       -0.251580       -0.461055        0.322620

     C    3       -0.115658        0.137023       -0.373539
     C    3        0.137023       -0.167025       -0.485509
     C    3       -0.373539       -0.485509        0.282683

     H    4       -0.380838       -0.335456       -0.499220
     H    4       -0.335456        0.255274       -0.257610
     H    4       -0.499220       -0.257610        0.125564

     C    5       -0.307980        0.351083       -0.132913
     C    5        0.351083       -0.164736       -0.415317
     C    5       -0.132913       -0.415317        0.472716

     H    6        0.320347       -0.065307       -0.309749
     H    6       -0.065307       -0.138985       -0.449188
     H    6       -0.309749       -0.449188       -0.181362

     H    7        0.355142        0.152677       -0.167983
     H    7        0.152677       -0.318916        0.560796
     H    7       -0.167983        0.560796       -0.036225

     C    8       -0.233965       -0.320234       -0.171560
     C    8       -0.320234       -0.267481        0.408314
     C    8       -0.171560        0.408314        0.501446

     H    9       -0.584792        0.325105       -0.376661
     H    9        0.325105        0.323001        0.166923
     H    9       -0.376661        0.166923        0.261791

     C   10       -0.157953       -0.166740       -0.355477
     C   10       -0.166740       -0.136706        0.460263
     C   10       -0.355477        0.460263        0.294659

     C   11       -0.032987       -0.306193       -0.168282
     C   11       -0.306193       -0.285996        0.492179
     C   11       -0.168282        0.492179        0.318983

     Cl  12       -0.018127       -0.078231       -0.070228
     Cl  12       -0.078231        0.040816        0.071265
     Cl  12       -0.070228        0.071265       -0.022689

     H   13        0.412884       -0.109243       -0.032385
     H   13       -0.109243       -0.649277       -0.288926
     H   13       -0.032385       -0.288926        0.236394

     C   14       -0.269159        0.019340       -0.431324
     C   14        0.019340       -0.042756       -0.438060
     C   14       -0.431324       -0.438060        0.311916

     H   15       -0.353858       -0.352529       -0.387749
     H   15       -0.352529        0.099088       -0.028141
     H   15       -0.387749       -0.028141        0.254770

     C   16       -0.069607        0.459813        0.089424
     C   16        0.459813       -0.446018       -0.524698
     C   16        0.089424       -0.524698        0.515626

     C   17       -0.297756       -0.163347       -0.293288
     C   17       -0.163347       -0.080804       -0.516203
     C   17       -0.293288       -0.516203        0.378560

     Cl  18        0.036265        0.134702        0.061188
     Cl  18        0.134702       -0.000480        0.222222
     Cl  18        0.061188        0.222222       -0.035785

     H   19        0.294044        0.117798       -0.066526
     H   19        0.117798       -0.482000        0.521757
     H   19       -0.066526        0.521757        0.187956

     C   20       -0.567881       -0.226190       -0.389126
     C   20       -0.226190        0.115798        0.243975
     C   20       -0.389126        0.243975        0.452083

     H   21       -0.526713        0.263729       -0.280936
     H   21        0.263729        0.353190        0.166203
     H   21       -0.280936        0.166203        0.173523

     C   22       -0.113845       -0.303712       -0.103384
     C   22       -0.303712       -0.505043        0.479585
     C   22       -0.103384        0.479585        0.618888

     C   23       -0.572103       -0.036184       -0.288608
     C   23       -0.036184       -0.027104        0.306249
     C   23       -0.288608        0.306249        0.599207

     Cl  24       -0.044878       -0.047568        0.035066
     Cl  24       -0.047568       -0.021726       -0.031596
     Cl  24        0.035066       -0.031596        0.066604

     ----- ionic term -----
     Cl   1        0.140761       -0.237744        0.006648
     Cl   1       -0.237744        0.017442       -0.004071
     Cl   1        0.006648       -0.004071       -0.158203

     C    2        0.247003       -0.198705        0.220836
     C    2       -0.198705        0.094695        0.380035
     C    2        0.220836        0.380035       -0.341697

     C    3        0.181539       -0.219568        0.135773
     C    3       -0.219568        0.113148        0.430396
     C    3        0.135773        0.430396       -0.294687

     H    4        0.473314        0.361984        0.676497
     H    4        0.361984       -0.395097        0.319540
     H    4        0.676497        0.319540       -0.078218

     C    5        0.404121       -0.126041        0.248244
     C    5       -0.126041       -0.073165        0.350732
     C    5        0.248244        0.350732       -0.330956

     H    6       -0.498805        0.130064        0.092235
     H    6        0.130064        0.523275        0.771565
     H    6        0.092235        0.771565       -0.024470

     H    7       -0.488164       -0.119967        0.088047
     H    7       -0.119967        0.642488       -0.708429
     H    7        0.088047       -0.708429       -0.154324

     C    8        0.362737        0.113477        0.213797
     C    8        0.113477        0.009731       -0.317032
     C    8        0.213797       -0.317032       -0.372467

     H    9        0.615682       -0.355713        0.611723
     H    9       -0.355713       -0.414618       -0.266180
     H    9        0.611723       -0.266180       -0.201064

     C   10        0.149885        0.169789        0.137131
     C   10        0.169789        0.170551       -0.423623
     C   10        0.137131       -0.423623       -0.320435

     C   11        0.269656        0.185595        0.220770
     C   11        0.185595        0.095901       -0.416876
     C   11        0.220770       -0.416876       -0.365557

     Cl  12        0.150860        0.236378       -0.022158
     Cl  12        0.236378        0.007675       -0.018611
     Cl  12       -0.022158       -0.018611       -0.158535

     H   13       -0.493726        0.209713        0.108590
     H   13        0.209713        0.811888        0.603679
     H   13        0.108590        0.603679       -0.318162

     C   14        0.328769       -0.163160        0.199330
     C   14       -0.163160        0.075362        0.304328
     C   14        0.199330        0.304328       -0.404131

     H   15        0.675012        0.406988        0.556592
     H   15        0.406988       -0.362677        0.273418
     H   15        0.556592        0.273418       -0.312335

     C   16        0.195016       -0.244789        0.098134
     C   16       -0.244789        0.144509        0.426939
     C   16        0.098134        0.426939       -0.339525

     C   17        0.356341       -0.108487        0.191107
     C   17       -0.108487       -0.054741        0.431980
     C   17        0.191107        0.431980       -0.301600

     Cl  18        0.205477       -0.175067       -0.040160
     Cl  18       -0.175067       -0.083704        0.027248
     Cl  18       -0.040160        0.027248       -0.121773

     H   19       -0.466687       -0.247560        0.155933
     H   19       -0.247560        0.589932       -0.720918
     H   19        0.155933       -0.720918       -0.123245

     C   20        0.367309        0.098547        0.248528
     C   20        0.098547       -0.030576       -0.320762
     C   20        0.248528       -0.320762       -0.336733

     H   21        0.635470       -0.329618        0.648317
     H   21       -0.329618       -0.424109       -0.241021
     H   21        0.648317       -0.241021       -0.211361

     C   22        0.180820        0.180259        0.140337
     C   22        0.180259        0.115027       -0.408291
     C   22        0.140337       -0.408291       -0.295848

     C   23        0.217831        0.133961        0.205864
     C   23        0.133961        0.117790       -0.411362
     C   23        0.205864       -0.411362       -0.335621

     Cl  24        0.105089        0.212422       -0.003385
     Cl  24        0.212422        0.038124       -0.012675
     Cl  24       -0.003385       -0.012675       -0.143213

     ----- GIPAW term -----
     Cl   1        2.203656       -2.174275       -0.293983
     Cl   1       -2.174275       -0.105068       -0.080366
     Cl   1       -0.293983       -0.080366       -2.098588

     C    2        0.196792       -0.012589       -0.102994
     C    2       -0.012589       -0.112672       -0.070990
     C    2       -0.102994       -0.070990       -0.084120

     C    3        0.069598        0.028314       -0.105336
     C    3        0.028314       -0.050788       -0.080241
     C    3       -0.105336       -0.080241       -0.018809

     H    4       -0.000000        0.000000        0.000000
     H    4        0.000000        0.000000        0.000000
     H    4        0.000000        0.000000        0.000000

     C    5       -0.011948        0.017181        0.061348
     C    5        0.017181       -0.072772       -0.119318
     C    5        0.061348       -0.119318        0.084721

     H    6       -0.000000        0.000000        0.000000
     H    6        0.000000        0.000000        0.000000
     H    6        0.000000        0.000000        0.000000

     H    7       -0.000000        0.000000        0.000000
     H    7        0.000000        0.000000        0.000000
     H    7        0.000000        0.000000        0.000000

     C    8       -0.034148       -0.068644        0.029675
     C    8       -0.068644       -0.119669        0.059966
     C    8        0.029675        0.059966        0.153816

     H    9       -0.000000        0.000000        0.000000
     H    9        0.000000        0.000000        0.000000
     H    9        0.000000        0.000000        0.000000

     C   10        0.052660       -0.043279       -0.079117
     C   10       -0.043279       -0.038792        0.070185
     C   10       -0.079117        0.070185       -0.013868

     C   11        0.154779        0.024148        0.013989
     C   11        0.024148       -0.082582        0.060374
     C   11        0.013989        0.060374       -0.072197

     Cl  12        1.309501        1.579663       -0.611218
     Cl  12        1.579663        0.357385        0.572735
     Cl  12       -0.611218        0.572735       -1.666885

     H   13       -0.000000        0.000000        0.000000
     H   13        0.000000        0.000000        0.000000
     H   13        0.000000        0.000000        0.000000

     C   14        0.059085       -0.043673       -0.055761
     C   14       -0.043673       -0.058672       -0.092271
     C   14       -0.055761       -0.092271       -0.000413

     H   15       -0.000000        0.000000        0.000000
     H   15        0.000000        0.000000        0.000000
     H   15        0.000000        0.000000        0.000000

     C   16        0.041977        0.022276        0.155245
     C   16        0.022276       -0.137074       -0.109843
     C   16        0.155245       -0.109843        0.095097

     C   17       -0.007789       -0.167570        0.058417
     C   17       -0.167570       -0.084506       -0.099563
     C   17        0.058417       -0.099563        0.092295

     Cl  18       -0.538548       -0.173775       -0.670077
     Cl  18       -0.173775       -0.098632       -1.426913
     Cl  18       -0.670077       -1.426913        0.637179

     H   19       -0.000000        0.000000        0.000000
     H   19        0.000000        0.000000        0.000000
     H   19        0.000000        0.000000        0.000000

     C   20       -0.080711       -0.077229        0.011155
     C   20       -0.077229        0.002149       -0.021586
     C   20        0.011155       -0.021586        0.078562

     H   21       -0.000000        0.000000        0.000000
     H   21        0.000000        0.000000        0.000000
     H   21        0.000000        0.000000        0.000000

     C   22       -0.103979       -0.038155       -0.005682
     C   22       -0.038155       -0.163850        0.028145
     C   22       -0.005682        0.028145        0.267829

     C   23       -0.154431        0.089684       -0.029804
     C   23        0.089684       -0.112698       -0.004365
     C   23       -0.029804       -0.004365        0.267129

     Cl  24       -0.463484        0.937977        0.888006
     Cl  24        0.937977       -0.664198       -1.732754
     Cl  24        0.888006       -1.732754        1.127683

     ----- total EFG -----
     Cl   1        2.450540       -2.436860       -0.323966
     Cl   1       -2.436860       -0.097652       -0.092852
     Cl   1       -0.323966       -0.092852       -2.352888

     C    2        0.380227        0.156651       -0.133738
     C    2        0.156651       -0.277031       -0.152009
     C    2       -0.133738       -0.152009       -0.103196

     C    3        0.135478       -0.054231       -0.343102
     C    3       -0.054231       -0.104665       -0.135355
     C    3       -0.343102       -0.135355       -0.030813

     H    4        0.092476        0.026528        0.177277
     H    4        0.026528       -0.139823        0.061930
     H    4        0.177277        0.061930        0.047347

     C    5        0.084193        0.242222        0.176679
     C    5        0.242222       -0.310674       -0.183903
     C    5        0.176679       -0.183903        0.226481

     H    6       -0.178458        0.064757       -0.217514
     H    6        0.064757        0.384290        0.322377
     H    6       -0.217514        0.322377       -0.205832

     H    7       -0.133022        0.032710       -0.079936
     H    7        0.032710        0.323572       -0.147633
     H    7       -0.079936       -0.147633       -0.190550

     C    8        0.094624       -0.275401        0.071912
     C    8       -0.275401       -0.377419        0.151249
     C    8        0.071912        0.151249        0.282795

     H    9        0.030891       -0.030607        0.235062
     H    9       -0.030607       -0.091618       -0.099257
     H    9        0.235062       -0.099257        0.060727

     C   10        0.044591       -0.040230       -0.297463
     C   10       -0.040230       -0.004947        0.106825
     C   10       -0.297463        0.106825       -0.039644

     C   11        0.391448       -0.096451        0.066477
     C   11       -0.096451       -0.272676        0.135677
     C   11        0.066477        0.135677       -0.118771

     Cl  12        1.442233        1.737809       -0.703604
     Cl  12        1.737809        0.405875        0.625389
     Cl  12       -0.703604        0.625389       -1.848109

     H   13       -0.080843        0.100470        0.076205
     H   13        0.100470        0.162611        0.314753
     H   13        0.076205        0.314753       -0.081768

     C   14        0.118695       -0.187492       -0.287756
     C   14       -0.187492       -0.026066       -0.226003
     C   14       -0.287756       -0.226003       -0.092629

     H   15        0.321154        0.054459        0.168843
     H   15        0.054459       -0.263590        0.245277
     H   15        0.168843        0.245277       -0.057565

     C   16        0.167385        0.237300        0.342803
     C   16        0.237300       -0.438583       -0.207602
     C   16        0.342803       -0.207602        0.271197

     C   17        0.050796       -0.439403       -0.043763
     C   17       -0.439403       -0.220050       -0.183786
     C   17       -0.043763       -0.183786        0.169254

     Cl  18       -0.296806       -0.214140       -0.649050
     Cl  18       -0.214140       -0.182815       -1.177444
     Cl  18       -0.649050       -1.177444        0.479621

     H   19       -0.172643       -0.129761        0.089407
     H   19       -0.129761        0.107932       -0.199161
     H   19        0.089407       -0.199161        0.064711

     C   20       -0.281283       -0.204872       -0.129444
     C   20       -0.204872        0.087372       -0.098372
     C   20       -0.129444       -0.098372        0.193912

     H   21        0.108756       -0.065889        0.367381
     H   21       -0.065889       -0.070918       -0.074818
     H   21        0.367381       -0.074818       -0.037838

     C   22       -0.037004       -0.161608        0.031271
     C   22       -0.161608       -0.553866        0.099438
     C   22        0.031271        0.099438        0.590870

     C   23       -0.508703        0.187462       -0.112548
     C   23        0.187462       -0.022012       -0.109478
     C   23       -0.112548       -0.109478        0.530715

     Cl  24       -0.403273        1.102830        0.919687
     Cl  24        1.102830       -0.647800       -1.777025
     Cl  24        0.919687       -1.777025        1.051073

     ----- total EFG (symmetrized) -----
     Cl   1        2.450540       -2.436860       -0.323966
     Cl   1       -2.436860       -0.097652       -0.092852
     Cl   1       -0.323966       -0.092852       -2.352888

     C    2        0.380227        0.156651       -0.133738
     C    2        0.156651       -0.277031       -0.152009
     C    2       -0.133738       -0.152009       -0.103196

     C    3        0.135478       -0.054231       -0.343102
     C    3       -0.054231       -0.104665       -0.135355
     C    3       -0.343102       -0.135355       -0.030813

     H    4        0.092476        0.026528        0.177277
     H    4        0.026528       -0.139823        0.061930
     H    4        0.177277        0.061930        0.047347

     C    5        0.084193        0.242222        0.176679
     C    5        0.242222       -0.310674       -0.183903
     C    5        0.176679       -0.183903        0.226481

     H    6       -0.178458        0.064757       -0.217514
     H    6        0.064757        0.384290        0.322377
     H    6       -0.217514        0.322377       -0.205832

     H    7       -0.133022        0.032710       -0.079936
     H    7        0.032710        0.323572       -0.147633
     H    7       -0.079936       -0.147633       -0.190550

     C    8        0.094624       -0.275401        0.071912
     C    8       -0.275401       -0.377419        0.151249
     C    8        0.071912        0.151249        0.282795

     H    9        0.030891       -0.030607        0.235062
     H    9       -0.030607       -0.091618       -0.099257
     H    9        0.235062       -0.099257        0.060727

     C   10        0.044591       -0.040230       -0.297463
     C   10       -0.040230       -0.004947        0.106825
     C   10       -0.297463        0.106825       -0.039644

     C   11        0.391448       -0.096451        0.066477
     C   11       -0.096451       -0.272676        0.135677
     C   11        0.066477        0.135677       -0.118771

     Cl  12        1.442233        1.737809       -0.703604
     Cl  12        1.737809        0.405875        0.625389
     Cl  12       -0.703604        0.625389       -1.848109

     H   13       -0.080843        0.100470        0.076205
     H   13        0.100470        0.162611        0.314753
     H   13        0.076205        0.314753       -0.081768

     C   14        0.118695       -0.187492       -0.287756
     C   14       -0.187492       -0.026066       -0.226003
     C   14       -0.287756       -0.226003       -0.092629

     H   15        0.321154        0.054459        0.168843
     H   15        0.054459       -0.263590        0.245277
     H   15        0.168843        0.245277       -0.057565

     C   16        0.167385        0.237300        0.342803
     C   16        0.237300       -0.438583       -0.207602
     C   16        0.342803       -0.207602        0.271197

     C   17        0.050796       -0.439403       -0.043763
     C   17       -0.439403       -0.220050       -0.183786
     C   17       -0.043763       -0.183786        0.169254

     Cl  18       -0.296806       -0.214140       -0.649050
     Cl  18       -0.214140       -0.182815       -1.177444
     Cl  18       -0.649050       -1.177444        0.479621

     H   19       -0.172643       -0.129761        0.089407
     H   19       -0.129761        0.107932       -0.199161
     H   19        0.089407       -0.199161        0.064711

     C   20       -0.281283       -0.204872       -0.129444
     C   20       -0.204872        0.087372       -0.098372
     C   20       -0.129444       -0.098372        0.193912

     H   21        0.108756       -0.065889        0.367381
     H   21       -0.065889       -0.070918       -0.074818
     H   21        0.367381       -0.074818       -0.037838

     C   22       -0.037004       -0.161608        0.031271
     C   22       -0.161608       -0.553866        0.099438
     C   22        0.031271        0.099438        0.590870

     C   23       -0.508703        0.187462       -0.112548
     C   23        0.187462       -0.022012       -0.109478
     C   23       -0.112548       -0.109478        0.530715

     Cl  24       -0.403273        1.102830        0.919687
     Cl  24        1.102830       -0.647800       -1.777025
     Cl  24        0.919687       -1.777025        1.051073


     NQR/NMR SPECTROSCOPIC PARAMETERS:
     Cl   1    Vxx=   -1.5023    axis=(  0.487852  0.828074 -0.276214)
     Cl   1    Vyy=   -2.4323    axis=(  0.172794  0.218555  0.960404)
     Cl   1    Vzz=    3.9346    axis=(  0.855654 -0.516263 -0.036464)
     Cl   1  Q=        -8.1650 1e-30 m^2  Cq=       -75.4840 MHz  eta= 0.23636

     C    2    Vxx=   -0.0921    axis=(  0.367363 -0.384856  0.846717)
     C    2    Vyy=   -0.3724    axis=(  0.104935 -0.887409 -0.448880)
     C    2    Vzz=    0.4646    axis=( -0.924139 -0.253752  0.285617)
     C    2  Q=         1.0000 1e-30 m^2  Cq=         1.0916 MHz  eta= 0.60339

     C    3    Vxx=   -0.0349    axis=(  0.351622 -0.881924  0.313963)
     C    3    Vyy=   -0.3740    axis=( -0.528319 -0.463814 -0.711165)
     C    3    Vzz=    0.4088    axis=( -0.772814 -0.084188  0.629024)
     C    3  Q=         1.0000 1e-30 m^2  Cq=         0.9606 MHz  eta= 0.82948

     H    4    Vxx=   -0.0940    axis=( -0.647077  0.453629  0.612790)
     H    4    Vyy=   -0.1640    axis=(  0.207246  0.878128 -0.431208)
     H    4    Vzz=    0.2580    axis=( -0.733717 -0.152026 -0.662230)
     H    4  Q=         1.0000 1e-30 m^2  Cq=         0.6061 MHz  eta= 0.27122

     C    5    Vxx=    0.1601    axis=(  0.723643  0.540152 -0.429623)
     C    5    Vyy=    0.3465    axis=(  0.532245 -0.040463  0.845623)
     C    5    Vzz=   -0.5066    axis=(  0.439382 -0.840594 -0.316774)
     C    5  Q=         1.0000 1e-30 m^2  Cq=        -1.1903 MHz  eta= 0.36792

     H    6    Vxx=   -0.0236    axis=(  0.820629  0.268460 -0.504477)
     H    6    Vyy=   -0.5039    axis=( -0.569782  0.316760 -0.758295)
     H    6    Vzz=    0.5275    axis=( -0.043774  0.909721  0.412906)
     H    6  Q=         1.0000 1e-30 m^2  Cq=         1.2394 MHz  eta= 0.91068

     H    7    Vxx=   -0.1019    axis=(  0.876564 -0.216532 -0.429826)
     H    7    Vyy=   -0.2666    axis=(  0.469653  0.189671  0.862236)
     H    7    Vzz=    0.3685    axis=( -0.105176 -0.957674  0.267954)
     H    7  Q=         1.0000 1e-30 m^2  Cq=         0.8658 MHz  eta= 0.44687

     C    8    Vxx=    0.2213    axis=(  0.906234 -0.422243 -0.021219)
     C    8    Vyy=    0.3170    axis=( -0.103268 -0.172408 -0.979597)
     C    8    Vzz=   -0.5383    axis=(  0.409970  0.889936 -0.199846)
     C    8  Q=         1.0000 1e-30 m^2  Cq=        -1.2647 MHz  eta= 0.17787

     H    9    Vxx=   -0.0933    axis=( -0.454469 -0.881911  0.125263)
     H    9    Vyy=   -0.2103    axis=(  0.609218 -0.410328 -0.678590)
     H    9    Vzz=    0.3036    axis=(  0.649855 -0.232086  0.723757)
     H    9  Q=         1.0000 1e-30 m^2  Cq=         0.7134 MHz  eta= 0.38546

     C   10    Vxx=   -0.0249    axis=(  0.339692  0.939328 -0.047663)
     C   10    Vyy=   -0.3082    axis=( -0.620870  0.185885 -0.761556)
     C   10    Vzz=    0.3331    axis=( -0.706491  0.288287  0.646345)
     C   10  Q=         1.0000 1e-30 m^2  Cq=         0.7828 MHz  eta= 0.85042

     C   11    Vxx=   -0.0399    axis=( -0.018724  0.509276  0.860400)
     C   11    Vyy=   -0.3696    axis=(  0.151738  0.852030 -0.501020)
     C   11    Vzz=    0.4095    axis=( -0.988243  0.121174 -0.093230)
     C   11  Q=         1.0000 1e-30 m^2  Cq=         0.9623 MHz  eta= 0.80510

     Cl  12    Vxx=   -0.3328    axis=( -0.485654  0.705203  0.516555)
     Cl  12    Vyy=   -2.4130    axis=(  0.334565 -0.395979  0.855142)
     Cl  12    Vzz=    2.7458    axis=( -0.807593 -0.588124  0.043627)
     Cl  12  Q=        -8.1650 1e-30 m^2  Cq=       -52.6766 MHz  eta= 0.75758

     H   13    Vxx=   -0.1129    axis=( -0.968136  0.223135  0.113681)
     H   13    Vyy=   -0.2974    axis=( -0.031753 -0.559667  0.828109)
     H   13    Vzz=    0.4104    axis=( -0.248404 -0.798112 -0.548919)
     H   13  Q=         1.0000 1e-30 m^2  Cq=         0.9642 MHz  eta= 0.44952

     C   14    Vxx=    0.1593    axis=(  0.204277 -0.833121  0.513984)
     C   14    Vyy=    0.3224    axis=(  0.844633 -0.115410 -0.522758)
     C   14    Vzz=   -0.4817    axis=( -0.494840 -0.540915 -0.680106)
     C   14  Q=         1.0000 1e-30 m^2  Cq=        -1.1319 MHz  eta= 0.33851

     H   15    Vxx=    0.0126    axis=(  0.477247 -0.529096 -0.701636)
     H   15    Vyy=    0.4174    axis=( -0.876066 -0.223885 -0.427064)
     H   15    Vzz=   -0.4299    axis=(  0.068872  0.818494 -0.570371)
     H   15  Q=         1.0000 1e-30 m^2  Cq=        -1.0102 MHz  eta= 0.94162

     C   16    Vxx=    0.0686    axis=(  0.645762  0.527947 -0.551600)
     C   16    Vyy=    0.5660    axis=( -0.650957  0.003106 -0.759108)
     C   16    Vzz=   -0.6346    axis=( -0.399056  0.849271  0.345677)
     C   16  Q=         1.0000 1e-30 m^2  Cq=        -1.4910 MHz  eta= 0.78387

     C   17    Vxx=    0.1825    axis=( -0.410721  0.032320  0.911188)
     C   17    Vyy=    0.4024    axis=(  0.716071 -0.607201  0.344309)
     C   17    Vzz=   -0.5848    axis=(  0.564403  0.793890  0.226247)
     C   17  Q=         1.0000 1e-30 m^2  Cq=        -1.3741 MHz  eta= 0.37600

     Cl  18    Vxx=   -0.0817    axis=(  0.847494 -0.519383 -0.109526)
     Cl  18    Vyy=   -1.3819    axis=(  0.478129  0.657347  0.582484)
     Cl  18    Vzz=    1.4636    axis=( -0.230536 -0.546019  0.805429)
     Cl  18  Q=        -8.1650 1e-30 m^2  Cq=       -28.0787 MHz  eta= 0.88837

     H   19    Vxx=   -0.1107    axis=( -0.160638  0.610832  0.775294)
     H   19    Vyy=   -0.2241    axis=( -0.941970 -0.329462  0.064401)
     H   19    Vzz=    0.3349    axis=(  0.294768 -0.719958  0.628309)
     H   19  Q=         1.0000 1e-30 m^2  Cq=         0.7868 MHz  eta= 0.33868

     C   20    Vxx=    0.1613    axis=(  0.479544 -0.770452 -0.420050)
     C   20    Vyy=    0.2527    axis=( -0.023385 -0.489729  0.871561)
     C   20    Vzz=   -0.4139    axis=( -0.877206 -0.408129 -0.252864)
     C   20  Q=         1.0000 1e-30 m^2  Cq=        -0.9725 MHz  eta= 0.22083

     H   21    Vxx=   -0.0893    axis=( -0.189098 -0.979190 -0.073686)
     H   21    Vyy=   -0.3402    axis=( -0.626566  0.062541  0.776855)
     H   21    Vzz=    0.4294    axis=(  0.756080 -0.193071  0.625353)
     H   21  Q=         1.0000 1e-30 m^2  Cq=         1.0090 MHz  eta= 0.58424

     C   22    Vxx=    0.0094    axis=(  0.960998 -0.276520 -0.004393)
     C   22    Vyy=    0.5999    axis=( -0.028126 -0.081920 -0.996242)
     C   22    Vzz=   -0.6093    axis=(  0.275121  0.957510 -0.086503)
     C   22  Q=         1.0000 1e-30 m^2  Cq=        -1.4316 MHz  eta= 0.96930

     C   23    Vxx=    0.0052    axis=(  0.282114  0.925368  0.253190)
     C   23    Vyy=    0.5721    axis=( -0.138965 -0.221711  0.965160)
     C   23    Vzz=   -0.5773    axis=(  0.949263 -0.307470  0.066046)
     C   23  Q=         1.0000 1e-30 m^2  Cq=        -1.3563 MHz  eta= 0.98204

     Cl  24    Vxx=    0.4776    axis=(  0.840859  0.501156  0.204447)
     Cl  24    Vyy=    2.1886    axis=( -0.090889  0.503104 -0.859433)
     Cl  24    Vzz=   -2.6662    axis=( -0.533568  0.704080  0.468589)
     Cl  24  Q=        -8.1650 1e-30 m^2  Cq=        51.1501 MHz  eta= 0.64172

     Initialization:
     gipaw_setup  :      9.07s CPU     10.75s WALL (       1 calls)

     Linear response

     Apply operators

     Induced current

     Other routines
     efg          :      9.18s CPU     11.60s WALL (       1 calls)

     General routines
     calbec       :      3.21s CPU      4.27s WALL (      16 calls)
     fft          :      1.36s CPU      1.57s WALL (      15 calls)
     ffts         :      0.04s CPU      0.05s WALL (       2 calls)
     fftw         :      3.19s CPU      3.85s WALL (     672 calls)
     davcio       :      0.02s CPU      0.32s WALL (      32 calls)

     Parallel routines
     fft_scatter  :      1.92s CPU      2.64s WALL (     689 calls)

     Plugins

     GIPAW        :     61.10s CPU     71.03s WALL (       1 calls)
