
     Program QE v.6.0 (svn rev. 13079) starts on 27Dec2016 at 20:51:16 

     This program is part of the open-source Quantum ESPRESSO suite
     for quantum simulation of materials; please cite
         "P. Giannozzi et al., J. Phys.:Condens. Matter 21 395502 (2009);
          URL http://www.quantum-espresso.org", 
     in publications or presentations arising from this work. More details at
     http://www.quantum-espresso.org/quote

     Parallel version (MPI), running on     8 processors
     R & G space division:  proc/nbgrp/npool/nimage =       8

     ***** This is GIPAW svn revision unknown      *****

     Parallelizing q-star over 1 images

     Reading data from directory:
     /users/majewski/paradichlorobenzene/pbe/9_constraint/scratch/pbe.ecut100.np8.dt60.pcl2phi-129368.save
     Message from routine read_xml_file:
     file /users/majewski/paradichlorobenzene/pbe/9_constraint/scratch/pbe.ecut100.np8.dt60.pcl2phi-129368.save not guaranteed to be safe for post-processing

   Info: using nr1, nr2, nr3 values from input

   Info: using nr1, nr2, nr3 values from input

     IMPORTANT: XC functional enforced from input :
     Exchange-correlation      =  SLA  PW   PBX  PBC ( 1  4  3  4 0 0)
     Any further DFT definition will be discarded
     Please, verify this is what you really want

               file C.pbe-n-kjpaw_psl.1.0.0.UPF: wavefunction(s)  2S 2P renormalized
               file Cl.pbe-n-kjpaw_psl.1.0.0.UPF: wavefunction(s)  3S 3P renormalized
               file H.pbe-kjpaw_psl.1.0.0.UPF: wavefunction(s)  1S renormalized

     Parallelization info
     --------------------
     sticks:   dense  smooth     PW     G-vecs:    dense   smooth      PW
     Min        3057    1223    332               144436    36536    5170
     Max        3059    1225    333               144437    36537    5171
     Sum       24467    9791   2657              1155489   292295   41363


     Subspace diagonalization in iterative solution of the eigenvalue problem:
     a serial algorithm will be used

     GIPAW projectors -----------------------------------------------
     atom=  C    l=0  rc=    1.2000  rs=    0.8000
     atom=  C    l=0  rc=    1.2000  rs=    0.8000
     atom=  C    l=1  rc=    1.4000  rs=    0.9333
     atom=  C    l=1  rc=    1.4000  rs=    0.9333
     projs nearly linearly dependent: l=1  n1,n2= 1, 2  s=  0.99951561

     atom=  Cl   l=0  rc=    1.6000  rs=    1.0667
     atom=  Cl   l=0  rc=    1.6000  rs=    1.0667
     atom=  Cl   l=1  rc=    1.6000  rs=    1.0667
     atom=  Cl   l=1  rc=    1.6000  rs=    1.0667
     atom=  Cl   l=2  rc=    1.6000  rs=    1.0667
     atom=  Cl   l=2  rc=    1.6000  rs=    1.0667
     projs nearly linearly dependent: l=2  n1,n2= 1, 2  s=  0.99993509

     atom=  H    l=0  rc=    1.0000  rs=    0.6667
     atom=  H    l=0  rc=    1.0000  rs=    0.6667
     projs nearly linearly dependent: l=0  n1,n2= 1, 2  s=  0.99968852
     -----------------------------------------------------------------

     GIPAW integrals: -------------------------------------------
     Atom  i/j   nmr_para   nmr_dia   epr_rmc  epr_para   epr_dia
       C   1 1   0.83E+03  0.17E-01  0.93E+01  0.24E+08  0.24E+03
       C   2 1   0.86E+03 -0.61E-01  0.94E+01  0.25E+08  0.25E+03
       C   2 2   0.90E+03 -0.15E+00  0.97E+01  0.26E+08  0.26E+03
       C   3 3   0.33E+01  0.34E+00  0.18E+01  0.55E+03  0.21E+02
       C   4 3   0.35E+01  0.37E+00  0.20E+01  0.59E+03  0.22E+02
       C   4 4   0.38E+01  0.39E+00  0.22E+01  0.63E+03  0.24E+02
       Cl  1 1   0.14E+04 -0.47E+00  0.84E+01  0.32E+09  0.42E+03
       Cl  2 1   0.21E+04 -0.37E+00  0.12E+02  0.49E+09  0.65E+03
       Cl  2 2   0.33E+04 -0.16E+00  0.21E+02  0.76E+09  0.10E+04
       Cl  3 3   0.21E+02  0.79E-01  0.89E+01  0.23E+05  0.13E+03
       Cl  4 3   0.24E+02  0.67E-01  0.99E+01  0.27E+05  0.15E+03
       Cl  4 4   0.28E+02  0.44E-01  0.11E+02  0.32E+05  0.18E+03
       Cl  5 5   0.77E+00  0.19E+00  0.18E+01  0.12E+03  0.22E+02
       Cl  6 5   0.80E+00  0.19E+00  0.19E+01  0.12E+03  0.23E+02
       Cl  6 6   0.83E+00  0.20E+00  0.19E+01  0.12E+03  0.23E+02
       H   1 1   0.39E+02  0.19E+00  0.29E+00  0.78E+05  0.13E+02
       H   2 1   0.41E+02  0.21E+00  0.32E+00  0.82E+05  0.14E+02
       H   2 2   0.43E+02  0.22E+00  0.36E+00  0.86E+05  0.15E+02
     ------------------------------------------------------------

     alpha_pv=     34.1301 eV

     Number of occupied bands for each k-point:
     k-point:     1    nbnd_occ=  42
     k-point:     2    nbnd_occ=  42
     k-point:     3    nbnd_occ=  42
     k-point:     4    nbnd_occ=  42
     k-point:     5    nbnd_occ=  42
     k-point:     6    nbnd_occ=  42
     k-point:     7    nbnd_occ=  42
     k-point:     8    nbnd_occ=  42
     k-point:     9    nbnd_occ=  42
     k-point:    10    nbnd_occ=  42
     k-point:    11    nbnd_occ=  42
     k-point:    12    nbnd_occ=  42
     k-point:    13    nbnd_occ=  42
     k-point:    14    nbnd_occ=  42
     k-point:    15    nbnd_occ=  42
     k-point:    16    nbnd_occ=  42


     q-space interpolation up to   110.00 Rydberg

     GIPAW job: efg                                                                             


     ELECTRIC FIELD GRADIENTS TENSORS IN Hartree/bohrradius^2:

     ----- bare term -----
     Cl   1       -0.074710        0.151406       -0.153287
     Cl   1        0.151406       -0.055320       -0.118378
     Cl   1       -0.153287       -0.118378        0.130030

     C    2       -0.213044        0.132538       -0.478322
     C    2        0.132538        0.049755       -0.401351
     C    2       -0.478322       -0.401351        0.163289

     C    3        0.101917        0.527986       -0.111586
     C    3        0.527986       -0.276648       -0.521375
     C    3       -0.111586       -0.521375        0.174731

     H    4        0.146844       -0.087815       -0.282867
     H    4       -0.087815        0.342033        0.218159
     H    4       -0.282867        0.218159       -0.488877

     C    5       -0.406803        0.318422       -0.507677
     C    5        0.318422        0.216797       -0.309725
     C    5       -0.507677       -0.309725        0.190005

     H    6        0.195369       -0.046113        0.332085
     H    6       -0.046113       -0.044263       -0.411463
     H    6        0.332085       -0.411463       -0.151106

     H    7        0.454552       -0.019743       -0.084224
     H    7       -0.019743       -0.712052        0.098010
     H    7       -0.084224        0.098010        0.257500

     C    8       -0.258924        0.127895       -0.381268
     C    8        0.127895       -0.042359        0.499767
     C    8       -0.381268        0.499767        0.301283

     H    9       -0.279455        0.480543       -0.173508
     H    9        0.480543       -0.028099       -0.098714
     H    9       -0.173508       -0.098714        0.307553

     C   10       -0.394479       -0.338801       -0.035337
     C   10       -0.338801       -0.087543        0.502964
     C   10       -0.035337        0.502964        0.482023

     C   11       -0.118319        0.254632       -0.359586
     C   11        0.254632       -0.046747        0.694205
     C   11       -0.359586        0.694205        0.165067

     Cl  12       -0.207159       -0.127997        0.049596
     Cl  12       -0.127997       -0.071316        0.130631
     Cl  12        0.049596        0.130631        0.278476

     H   13        0.441201       -0.086478       -0.109136
     H   13       -0.086478       -0.206939       -0.586596
     H   13       -0.109136       -0.586596       -0.234262

     C   14       -0.210083        0.270907       -0.175076
     C   14        0.270907       -0.314112       -0.371719
     C   14       -0.175076       -0.371719        0.524195

     H   15       -0.078120       -0.009146       -0.598713
     H   15       -0.009146        0.369610        0.093580
     H   15       -0.598713        0.093580       -0.291490

     C   16       -0.371295        0.125076       -0.240135
     C   16        0.125076       -0.136338       -0.452172
     C   16       -0.240135       -0.452172        0.507632

     C   17       -0.117470        0.219891       -0.148075
     C   17        0.219891       -0.400134       -0.481881
     C   17       -0.148075       -0.481881        0.517604

     Cl  18       -0.099406       -0.031683       -0.025286
     Cl  18       -0.031683       -0.079664       -0.086401
     Cl  18       -0.025286       -0.086401        0.179070

     H   19        0.084606        0.353489       -0.015133
     H   19        0.353489       -0.420602        0.356511
     H   19       -0.015133        0.356511        0.335996

     C   20       -0.269177       -0.379678       -0.264536
     C   20       -0.379678       -0.180744        0.352472
     C   20       -0.264536        0.352472        0.449921

     H   21       -0.598511        0.392900       -0.113194
     H   21        0.392900        0.313977        0.064006
     H   21       -0.113194        0.064006        0.284534

     C   22       -0.059954       -0.114740       -0.423844
     C   22       -0.114740       -0.306035        0.501296
     C   22       -0.423844        0.501296        0.365989

     C   23       -0.191935       -0.280588       -0.345682
     C   23       -0.280588       -0.176506        0.492484
     C   23       -0.345682        0.492484        0.368441

     Cl  24        0.008381        0.001665       -0.108644
     Cl  24        0.001665       -0.030141        0.064789
     Cl  24       -0.108644        0.064789        0.021760

     ----- ionic term -----
     Cl   1        0.150156       -0.225916        0.046623
     Cl   1       -0.225916       -0.003632       -0.018086
     Cl   1        0.046623       -0.018086       -0.146524

     C    2        0.112585       -0.246837        0.339938
     C    2       -0.246837        0.028966        0.414465
     C    2        0.339938        0.414465       -0.141551

     C    3        0.006920       -0.342950        0.229992
     C    3       -0.342950        0.117764        0.391277
     C    3        0.229992        0.391277       -0.124684

     H    4        0.234661        0.091207        0.797366
     H    4        0.091207       -0.506307        0.181776
     H    4        0.797366        0.181776        0.271647

     C    5        0.160755       -0.300186        0.333978
     C    5       -0.300186       -0.006305        0.265518
     C    5        0.333978        0.265518       -0.154449

     H    6       -0.528987       -0.044241       -0.003807
     H    6       -0.044241        0.484213        0.768321
     H    6       -0.003807        0.768321        0.044774

     H    7       -0.495362       -0.162772        0.067129
     H    7       -0.162772        0.832190       -0.577709
     H    7        0.067129       -0.577709       -0.336828

     C    8        0.411591        0.041753        0.177907
     C    8        0.041753        0.048933       -0.311737
     C    8        0.177907       -0.311737       -0.460523

     H    9        0.657404       -0.390522        0.607007
     H    9       -0.390522       -0.385332       -0.255322
     H    9        0.607007       -0.255322       -0.272072

     C   10        0.224657        0.132716        0.121706
     C   10        0.132716        0.175666       -0.385426
     C   10        0.121706       -0.385426       -0.400324

     C   11        0.214397        0.083965        0.186960
     C   11        0.083965        0.187397       -0.405408
     C   11        0.186960       -0.405408       -0.401794

     Cl  12        0.134383        0.193592       -0.012832
     Cl  12        0.193592        0.006992       -0.017521
     Cl  12       -0.012832       -0.017521       -0.141375

     H   13       -0.528851        0.087336        0.065087
     H   13        0.087336        0.591292        0.735501
     H   13        0.065087        0.735501       -0.062441

     C   14        0.156195       -0.173814        0.336726
     C   14       -0.173814        0.027460        0.296221
     C   14        0.336726        0.296221       -0.183656

     H   15        0.545484        0.193637        0.722802
     H   15        0.193637       -0.475393        0.206483
     H   15        0.722802        0.206483       -0.070091

     C   16        0.069126       -0.251007        0.224070
     C   16       -0.251007        0.158604        0.375546
     C   16        0.224070        0.375546       -0.227730

     C   17        0.077992       -0.265934        0.340462
     C   17       -0.265934        0.084648        0.376231
     C   17        0.340462        0.376231       -0.162641

     Cl  18        0.115021       -0.225960        0.017832
     Cl  18       -0.225960        0.029907       -0.007825
     Cl  18        0.017832       -0.007825       -0.144927

     H   19       -0.489970       -0.204044        0.097020
     H   19       -0.204044        0.758406       -0.617704
     H   19        0.097020       -0.617704       -0.268436

     C   20        0.323321        0.091745        0.182873
     C   20        0.091745        0.082163       -0.320389
     C   20        0.182873       -0.320389       -0.405484

     H   21        0.603629       -0.381912        0.617100
     H   21       -0.381912       -0.388720       -0.282297
     H   21        0.617100       -0.282297       -0.214909

     C   22        0.157250        0.184464        0.122748
     C   22        0.184464        0.188587       -0.453145
     C   22        0.122748       -0.453145       -0.345837

     C   23        0.265373        0.093394        0.205472
     C   23        0.093394        0.151924       -0.434992
     C   23        0.205472       -0.434992       -0.417297

     Cl  24        0.140727        0.227657        0.000015
     Cl  24        0.227657        0.018152       -0.001996
     Cl  24        0.000015       -0.001996       -0.158879

     ----- GIPAW term -----
     Cl   1        0.779904       -0.970732       -1.391604
     Cl   1       -0.970732       -0.326636       -1.179778
     Cl   1       -1.391604       -1.179778       -0.453268

     C    2        0.085077        0.015793       -0.084412
     C    2        0.015793        0.056072       -0.052730
     C    2       -0.084412       -0.052730       -0.141149

     C    3        0.045153        0.210252       -0.087294
     C    3        0.210252        0.010860       -0.140132
     C    3       -0.087294       -0.140132       -0.056013

     H    4       -0.000000        0.000000        0.000000
     H    4        0.000000        0.000000        0.000000
     H    4        0.000000        0.000000        0.000000

     C    5        0.023594        0.195300       -0.123552
     C    5        0.195300        0.057786       -0.079191
     C    5       -0.123552       -0.079191       -0.081380

     H    6       -0.000000        0.000000        0.000000
     H    6        0.000000        0.000000        0.000000
     H    6        0.000000        0.000000        0.000000

     H    7       -0.000000        0.000000        0.000000
     H    7        0.000000        0.000000        0.000000
     H    7        0.000000        0.000000        0.000000

     C    8        0.045826        0.128669        0.012828
     C    8        0.128669       -0.041046        0.142362
     C    8        0.012828        0.142362       -0.004780

     H    9       -0.000000        0.000000        0.000000
     H    9        0.000000        0.000000        0.000000
     H    9        0.000000        0.000000        0.000000

     C   10       -0.177116       -0.016038        0.022752
     C   10       -0.016038        0.068402        0.230529
     C   10        0.022752        0.230529        0.108714

     C   11        0.018743        0.230202       -0.021620
     C   11        0.230202        0.057761        0.186131
     C   11       -0.021620        0.186131       -0.076504

     Cl  12       -0.268580        1.631804        0.436119
     Cl  12        1.631804       -0.664944        1.317886
     Cl  12        0.436119        1.317886        0.933524

     H   13       -0.000000        0.000000        0.000000
     H   13        0.000000        0.000000        0.000000
     H   13        0.000000        0.000000        0.000000

     C   14       -0.069180        0.053472        0.012664
     C   14        0.053472       -0.140008       -0.007757
     C   14        0.012664       -0.007757        0.209188

     H   15       -0.000000        0.000000        0.000000
     H   15        0.000000        0.000000        0.000000
     H   15        0.000000        0.000000        0.000000

     C   16       -0.181868       -0.023463        0.001350
     C   16       -0.023463       -0.082232       -0.134760
     C   16        0.001350       -0.134760        0.264100

     C   17        0.000986       -0.082451        0.063462
     C   17       -0.082451       -0.143483       -0.088553
     C   17        0.063462       -0.088553        0.142497

     Cl  18        0.286850       -2.252250       -0.015141
     Cl  18       -2.252250       -0.592003       -0.924213
     Cl  18       -0.015141       -0.924213        0.305154

     H   19       -0.000000        0.000000        0.000000
     H   19        0.000000        0.000000        0.000000
     H   19        0.000000        0.000000        0.000000

     C   20        0.047889       -0.063253       -0.044064
     C   20       -0.063253       -0.084924        0.065240
     C   20       -0.044064        0.065240        0.037036

     H   21       -0.000000        0.000000        0.000000
     H   21        0.000000        0.000000        0.000000
     H   21        0.000000        0.000000        0.000000

     C   22        0.037470       -0.013845       -0.226654
     C   22       -0.013845       -0.116520        0.088640
     C   22       -0.226654        0.088640        0.079050

     C   23        0.082249        0.006812       -0.183122
     C   23        0.006812       -0.094965        0.112965
     C   23       -0.183122        0.112965        0.012715

     Cl  24        1.427158        2.027771       -0.963005
     Cl  24        2.027771       -0.268564        0.515185
     Cl  24       -0.963005        0.515185       -1.158595

     ----- total EFG -----
     Cl   1        0.855350       -1.045242       -1.498267
     Cl   1       -1.045242       -0.385588       -1.316241
     Cl   1       -1.498267       -1.316241       -0.469762

     C    2       -0.015383       -0.098505       -0.222796
     C    2       -0.098505        0.134793       -0.039615
     C    2       -0.222796       -0.039615       -0.119410

     C    3        0.153990        0.395288        0.031112
     C    3        0.395288       -0.148024       -0.270230
     C    3        0.031112       -0.270230       -0.005966

     H    4        0.381505        0.003392        0.514499
     H    4        0.003392       -0.164274        0.399935
     H    4        0.514499        0.399935       -0.217231

     C    5       -0.222453        0.213536       -0.297252
     C    5        0.213536        0.268277       -0.123398
     C    5       -0.297252       -0.123398       -0.045824

     H    6       -0.333618       -0.090355        0.328278
     H    6       -0.090355        0.439950        0.356858
     H    6        0.328278        0.356858       -0.106332

     H    7       -0.040810       -0.182515       -0.017095
     H    7       -0.182515        0.120138       -0.479698
     H    7       -0.017095       -0.479698       -0.079328

     C    8        0.198492        0.298317       -0.190534
     C    8        0.298317       -0.034472        0.330392
     C    8       -0.190534        0.330392       -0.164020

     H    9        0.377949        0.090021        0.433499
     H    9        0.090021       -0.413431       -0.354036
     H    9        0.433499       -0.354036        0.035481

     C   10       -0.346938       -0.222123        0.109121
     C   10       -0.222123        0.156525        0.348067
     C   10        0.109121        0.348067        0.190413

     C   11        0.114821        0.568799       -0.194247
     C   11        0.568799        0.198411        0.474927
     C   11       -0.194247        0.474927       -0.313232

     Cl  12       -0.341356        1.697399        0.472883
     Cl  12        1.697399       -0.729269        1.430995
     Cl  12        0.472883        1.430995        1.070625

     H   13       -0.087650        0.000858       -0.044049
     H   13        0.000858        0.384352        0.148905
     H   13       -0.044049        0.148905       -0.296703

     C   14       -0.123067        0.150565        0.174314
     C   14        0.150565       -0.426660       -0.083256
     C   14        0.174314       -0.083256        0.549728

     H   15        0.467364        0.184492        0.124089
     H   15        0.184492       -0.105783        0.300063
     H   15        0.124089        0.300063       -0.361581

     C   16       -0.484037       -0.149394       -0.014716
     C   16       -0.149394       -0.059965       -0.211387
     C   16       -0.014716       -0.211387        0.544002

     C   17       -0.038492       -0.128494        0.255849
     C   17       -0.128494       -0.458968       -0.194203
     C   17        0.255849       -0.194203        0.497461

     Cl  18        0.302464       -2.509893       -0.022595
     Cl  18       -2.509893       -0.641761       -1.018439
     Cl  18       -0.022595       -1.018439        0.339297

     H   19       -0.405364        0.149445        0.081887
     H   19        0.149445        0.337804       -0.261193
     H   19        0.081887       -0.261193        0.067560

     C   20        0.102033       -0.351186       -0.125728
     C   20       -0.351186       -0.183505        0.097323
     C   20       -0.125728        0.097323        0.081473

     H   21        0.005118        0.010989        0.503906
     H   21        0.010989       -0.074743       -0.218291
     H   21        0.503906       -0.218291        0.069625

     C   22        0.134766        0.055879       -0.527750
     C   22        0.055879       -0.233968        0.136791
     C   22       -0.527750        0.136791        0.099202

     C   23        0.155688       -0.180382       -0.323331
     C   23       -0.180382       -0.119547        0.170457
     C   23       -0.323331        0.170457       -0.036141

     Cl  24        1.576267        2.257092       -1.071633
     Cl  24        2.257092       -0.280552        0.577978
     Cl  24       -1.071633        0.577978       -1.295714

     ----- total EFG (symmetrized) -----
     Cl   1        0.855350       -1.045242       -1.498267
     Cl   1       -1.045242       -0.385588       -1.316241
     Cl   1       -1.498267       -1.316241       -0.469762

     C    2       -0.015383       -0.098505       -0.222796
     C    2       -0.098505        0.134793       -0.039615
     C    2       -0.222796       -0.039615       -0.119410

     C    3        0.153990        0.395288        0.031112
     C    3        0.395288       -0.148024       -0.270230
     C    3        0.031112       -0.270230       -0.005966

     H    4        0.381505        0.003392        0.514499
     H    4        0.003392       -0.164274        0.399935
     H    4        0.514499        0.399935       -0.217231

     C    5       -0.222453        0.213536       -0.297252
     C    5        0.213536        0.268277       -0.123398
     C    5       -0.297252       -0.123398       -0.045824

     H    6       -0.333618       -0.090355        0.328278
     H    6       -0.090355        0.439950        0.356858
     H    6        0.328278        0.356858       -0.106332

     H    7       -0.040810       -0.182515       -0.017095
     H    7       -0.182515        0.120138       -0.479698
     H    7       -0.017095       -0.479698       -0.079328

     C    8        0.198492        0.298317       -0.190534
     C    8        0.298317       -0.034472        0.330392
     C    8       -0.190534        0.330392       -0.164020

     H    9        0.377949        0.090021        0.433499
     H    9        0.090021       -0.413431       -0.354036
     H    9        0.433499       -0.354036        0.035481

     C   10       -0.346938       -0.222123        0.109121
     C   10       -0.222123        0.156525        0.348067
     C   10        0.109121        0.348067        0.190413

     C   11        0.114821        0.568799       -0.194247
     C   11        0.568799        0.198411        0.474927
     C   11       -0.194247        0.474927       -0.313232

     Cl  12       -0.341356        1.697399        0.472883
     Cl  12        1.697399       -0.729269        1.430995
     Cl  12        0.472883        1.430995        1.070625

     H   13       -0.087650        0.000858       -0.044049
     H   13        0.000858        0.384352        0.148905
     H   13       -0.044049        0.148905       -0.296703

     C   14       -0.123067        0.150565        0.174314
     C   14        0.150565       -0.426660       -0.083256
     C   14        0.174314       -0.083256        0.549728

     H   15        0.467364        0.184492        0.124089
     H   15        0.184492       -0.105783        0.300063
     H   15        0.124089        0.300063       -0.361581

     C   16       -0.484037       -0.149394       -0.014716
     C   16       -0.149394       -0.059965       -0.211387
     C   16       -0.014716       -0.211387        0.544002

     C   17       -0.038492       -0.128494        0.255849
     C   17       -0.128494       -0.458968       -0.194203
     C   17        0.255849       -0.194203        0.497461

     Cl  18        0.302464       -2.509893       -0.022595
     Cl  18       -2.509893       -0.641761       -1.018439
     Cl  18       -0.022595       -1.018439        0.339297

     H   19       -0.405364        0.149445        0.081887
     H   19        0.149445        0.337804       -0.261193
     H   19        0.081887       -0.261193        0.067560

     C   20        0.102033       -0.351186       -0.125728
     C   20       -0.351186       -0.183505        0.097323
     C   20       -0.125728        0.097323        0.081473

     H   21        0.005118        0.010989        0.503906
     H   21        0.010989       -0.074743       -0.218291
     H   21        0.503906       -0.218291        0.069625

     C   22        0.134766        0.055879       -0.527750
     C   22        0.055879       -0.233968        0.136791
     C   22       -0.527750        0.136791        0.099202

     C   23        0.155688       -0.180382       -0.323331
     C   23       -0.180382       -0.119547        0.170457
     C   23       -0.323331        0.170457       -0.036141

     Cl  24        1.576267        2.257092       -1.071633
     Cl  24        2.257092       -0.280552        0.577978
     Cl  24       -1.071633        0.577978       -1.295714


     NQR/NMR SPECTROSCOPIC PARAMETERS:
     Cl   1    Vxx=    0.8237    axis=(  0.216619 -0.798519  0.561643)
     Cl   1    Vyy=    1.8490    axis=(  0.862537 -0.112931 -0.493230)
     Cl   1    Vzz=   -2.6727    axis=( -0.457281 -0.591281 -0.664290)
     Cl   1  Q=        -8.1650 1e-30 m^2  Cq=        51.2746 MHz  eta= 0.38359

     C    2    Vxx=    0.1061    axis=(  0.430142  0.715318 -0.550725)
     C    2    Vyy=    0.2093    axis=( -0.650494  0.668590  0.360342)
     C    2    Vzz=   -0.3153    axis=(  0.625968  0.203245  0.752898)
     C    2  Q=         1.0000 1e-30 m^2  Cq=        -0.7409 MHz  eta= 0.32734

     C    3    Vxx=    0.0671    axis=(  0.489084 -0.174761  0.854550)
     C    3    Vyy=    0.4661    axis=(  0.737538  0.605898 -0.298204)
     C    3    Vzz=   -0.5332    axis=( -0.465655  0.776110  0.425228)
     C    3  Q=         1.0000 1e-30 m^2  Cq=        -1.2529 MHz  eta= 0.74832

     H    4    Vxx=    0.0047    axis=(  0.478631 -0.807312 -0.345195)
     H    4    Vyy=    0.7287    axis=( -0.804283 -0.245428 -0.541197)
     H    4    Vzz=   -0.7335    axis=(  0.352194  0.536668 -0.766777)
     H    4  Q=         1.0000 1e-30 m^2  Cq=        -1.7233 MHz  eta= 0.98713

     C    5    Vxx=   -0.0008    axis=(  0.359988 -0.609551 -0.706297)
     C    5    Vyy=   -0.4589    axis=(  0.823188 -0.148748  0.547938)
     C    5    Vzz=    0.4597    axis=( -0.439057 -0.778666  0.448228)
     C    5  Q=         1.0000 1e-30 m^2  Cq=         1.0801 MHz  eta= 0.99645

     H    6    Vxx=    0.0240    axis=(  0.674034 -0.391187  0.626619)
     H    6    Vyy=    0.6212    axis=(  0.077175  0.880921  0.466929)
     H    6    Vzz=   -0.6452    axis=( -0.734658 -0.266366  0.623960)
     H    6  Q=         1.0000 1e-30 m^2  Cq=        -1.5159 MHz  eta= 0.92558

     H    7    Vxx=   -0.0343    axis=(  0.934641  0.000058 -0.355593)
     H    7    Vyy=   -0.5063    axis=(  0.275030  0.633750  0.722993)
     H    7    Vzz=    0.5406    axis=(  0.225399 -0.773538  0.592313)
     H    7  Q=         1.0000 1e-30 m^2  Cq=         1.2703 MHz  eta= 0.87305

     C    8    Vxx=    0.1789    axis=( -0.457181  0.499858  0.735614)
     C    8    Vyy=    0.4047    axis=( -0.793779 -0.602376 -0.084009)
     C    8    Vzz=   -0.5836    axis=(  0.401124 -0.622322  0.672172)
     C    8  Q=         1.0000 1e-30 m^2  Cq=        -1.3713 MHz  eta= 0.38692

     H    9    Vxx=    0.0066    axis=( -0.535887 -0.608352  0.585433)
     H    9    Vyy=    0.6887    axis=( -0.793618  0.126356 -0.595151)
     H    9    Vzz=   -0.6953    axis=(  0.288088 -0.783544 -0.550512)
     H    9  Q=         1.0000 1e-30 m^2  Cq=        -1.6336 MHz  eta= 0.98111

     C   10    Vxx=   -0.0131    axis=(  0.563948 -0.541343  0.623627)
     C   10    Vyy=   -0.5158    axis=( -0.820593 -0.452102  0.349616)
     C   10    Vzz=    0.5289    axis=( -0.092681  0.708909  0.699184)
     C   10  Q=         1.0000 1e-30 m^2  Cq=         1.2426 MHz  eta= 0.95065

     C   11    Vxx=    0.0671    axis=(  0.651712 -0.293517 -0.699371)
     C   11    Vyy=    0.7781    axis=( -0.593887 -0.771023 -0.229828)
     C   11    Vzz=   -0.8452    axis=( -0.471773  0.565129 -0.676801)
     C   11  Q=         1.0000 1e-30 m^2  Cq=        -1.9859 MHz  eta= 0.84123

     Cl  12    Vxx=   -0.0564    axis=( -0.681587 -0.300309  0.667273)
     Cl  12    Vyy=   -2.4309    axis=( -0.578676  0.779338 -0.240345)
     Cl  12    Vzz=    2.4874    axis=( -0.447854 -0.549951 -0.704969)
     Cl  12  Q=        -8.1650 1e-30 m^2  Cq=       -47.7189 MHz  eta= 0.95463

     H   13    Vxx=   -0.0802    axis=(  0.984928  0.051142 -0.165230)
     H   13    Vyy=   -0.3354    axis=(  0.172191 -0.199763  0.964596)
     H   13    Vzz=    0.4156    axis=(  0.016325 -0.978509 -0.205558)
     H   13  Q=         1.0000 1e-30 m^2  Cq=         0.9765 MHz  eta= 0.61400

     C   14    Vxx=   -0.0855    axis=(  0.881603  0.434219 -0.185014)
     C   14    Vyy=   -0.5088    axis=( -0.413946  0.899638  0.138926)
     C   14    Vzz=    0.5943    axis=(  0.226770 -0.045892  0.972866)
     C   14  Q=         1.0000 1e-30 m^2  Cq=         1.3963 MHz  eta= 0.71229

     H   15    Vxx=   -0.0109    axis=(  0.421573 -0.757304 -0.498764)
     H   15    Vyy=   -0.5599    axis=( -0.001907 -0.550770  0.834655)
     H   15    Vzz=    0.5707    axis=( -0.906792 -0.350917 -0.233634)
     H   15  Q=         1.0000 1e-30 m^2  Cq=         1.3410 MHz  eta= 0.96194

     C   16    Vxx=   -0.0741    axis=( -0.336324  0.893504  0.297552)
     C   16    Vyy=   -0.5374    axis=(  0.941301  0.328656  0.077053)
     C   16    Vzz=    0.6115    axis=(  0.028945 -0.306001  0.951591)
     C   16  Q=         1.0000 1e-30 m^2  Cq=         1.4368 MHz  eta= 0.75757

     C   17    Vxx=   -0.1354    axis=( -0.907435  0.118375  0.403174)
     C   17    Vyy=   -0.5117    axis=(  0.188676  0.972119  0.139237)
     C   17    Vzz=    0.6471    axis=(  0.375451 -0.202418  0.904469)
     C   17  Q=         1.0000 1e-30 m^2  Cq=         1.5205 MHz  eta= 0.58152

     Cl  18    Vxx=    0.3498    axis=( -0.375569 -0.001255  0.926794)
     Cl  18    Vyy=    2.5737    axis=( -0.709120  0.644263 -0.286487)
     Cl  18    Vzz=   -2.9235    axis=( -0.596739 -0.764803 -0.242855)
     Cl  18  Q=        -8.1650 1e-30 m^2  Cq=        56.0860 MHz  eta= 0.76068

     H   19    Vxx=   -0.0347    axis=(  0.358026  0.435515  0.825920)
     H   19    Vyy=   -0.4704    axis=( -0.928671  0.257883  0.266583)
     H   19    Vzz=    0.5050    axis=( -0.096890 -0.862452  0.496779)
     H   19  Q=         1.0000 1e-30 m^2  Cq=         1.1866 MHz  eta= 0.86270

     C   20    Vxx=    0.0060    axis=(  0.369778 -0.221899  0.902234)
     C   20    Vyy=    0.4141    axis=( -0.745706  0.508384  0.430660)
     C   20    Vzz=   -0.4201    axis=( -0.554244 -0.832049  0.022518)
     C   20  Q=         1.0000 1e-30 m^2  Cq=        -0.9870 MHz  eta= 0.97140

     H   21    Vxx=   -0.0536    axis=(  0.410464  0.909366 -0.067620)
     H   21    Vyy=   -0.5253    axis=( -0.650475  0.343962  0.677180)
     H   21    Vzz=    0.5788    axis=(  0.639063 -0.233973  0.732704)
     H   21  Q=         1.0000 1e-30 m^2  Cq=         1.3600 MHz  eta= 0.81497

     C   22    Vxx=   -0.1621    axis=( -0.377631 -0.874282 -0.305001)
     C   22    Vyy=   -0.4864    axis=(  0.592299 -0.481264  0.646194)
     C   22    Vzz=    0.6485    axis=( -0.711742  0.063371  0.699577)
     C   22  Q=         1.0000 1e-30 m^2  Cq=         1.5238 MHz  eta= 0.50006

     C   23    Vxx=   -0.2081    axis=(  0.496310  0.864818  0.075938)
     C   23    Vyy=   -0.2878    axis=(  0.461359 -0.336841  0.820783)
     C   23    Vzz=    0.4959    axis=( -0.735407  0.372328  0.566169)
     C   23  Q=         1.0000 1e-30 m^2  Cq=         1.1653 MHz  eta= 0.16079

     Cl  24    Vxx=   -0.4937    axis=( -0.251764  0.593744  0.764253)
     Cl  24    Vyy=   -2.6713    axis=(  0.482155 -0.607758  0.630997)
     Cl  24    Vzz=    3.1649    axis=( -0.839132 -0.527351  0.133264)
     Cl  24  Q=        -8.1650 1e-30 m^2  Cq=       -60.7174 MHz  eta= 0.68804

     Initialization:
     gipaw_setup  :      9.10s CPU     10.70s WALL (       1 calls)

     Linear response

     Apply operators

     Induced current

     Other routines
     efg          :      9.02s CPU     11.26s WALL (       1 calls)

     General routines
     calbec       :      3.14s CPU      3.87s WALL (      16 calls)
     fft          :      1.47s CPU      2.13s WALL (      15 calls)
     ffts         :      0.03s CPU      0.04s WALL (       2 calls)
     fftw         :      3.08s CPU      3.98s WALL (     672 calls)
     davcio       :      0.02s CPU      0.32s WALL (      32 calls)

     Parallel routines
     fft_scatter  :      1.98s CPU      3.30s WALL (     689 calls)

     Plugins

     GIPAW        :     60.45s CPU     70.84s WALL (       1 calls)
