
     Program QE v.6.0 (svn rev. 13079) starts on 28Dec2016 at  6:29:31 

     This program is part of the open-source Quantum ESPRESSO suite
     for quantum simulation of materials; please cite
         "P. Giannozzi et al., J. Phys.:Condens. Matter 21 395502 (2009);
          URL http://www.quantum-espresso.org", 
     in publications or presentations arising from this work. More details at
     http://www.quantum-espresso.org/quote

     Parallel version (MPI), running on     8 processors
     R & G space division:  proc/nbgrp/npool/nimage =       8

     ***** This is GIPAW svn revision unknown      *****

     Parallelizing q-star over 1 images

     Reading data from directory:
     /users/majewski/paradichlorobenzene/pbe/9_constraint/scratch/pbe.ecut100.np8.dt60.pcl2phi-129368.save
     Message from routine read_xml_file:
     file /users/majewski/paradichlorobenzene/pbe/9_constraint/scratch/pbe.ecut100.np8.dt60.pcl2phi-129368.save not guaranteed to be safe for post-processing

   Info: using nr1, nr2, nr3 values from input

   Info: using nr1, nr2, nr3 values from input

     IMPORTANT: XC functional enforced from input :
     Exchange-correlation      =  SLA  PW   PBX  PBC ( 1  4  3  4 0 0)
     Any further DFT definition will be discarded
     Please, verify this is what you really want

               file C.pbe-n-kjpaw_psl.1.0.0.UPF: wavefunction(s)  2S 2P renormalized
               file Cl.pbe-n-kjpaw_psl.1.0.0.UPF: wavefunction(s)  3S 3P renormalized
               file H.pbe-kjpaw_psl.1.0.0.UPF: wavefunction(s)  1S renormalized

     Parallelization info
     --------------------
     sticks:   dense  smooth     PW     G-vecs:    dense   smooth      PW
     Min        3057    1223    332               144436    36536    5170
     Max        3059    1225    333               144437    36537    5171
     Sum       24467    9791   2657              1155489   292295   41363


     Subspace diagonalization in iterative solution of the eigenvalue problem:
     a serial algorithm will be used

     GIPAW projectors -----------------------------------------------
     atom=  C    l=0  rc=    1.2000  rs=    0.8000
     atom=  C    l=0  rc=    1.2000  rs=    0.8000
     atom=  C    l=1  rc=    1.4000  rs=    0.9333
     atom=  C    l=1  rc=    1.4000  rs=    0.9333
     projs nearly linearly dependent: l=1  n1,n2= 1, 2  s=  0.99951561

     atom=  Cl   l=0  rc=    1.6000  rs=    1.0667
     atom=  Cl   l=0  rc=    1.6000  rs=    1.0667
     atom=  Cl   l=1  rc=    1.6000  rs=    1.0667
     atom=  Cl   l=1  rc=    1.6000  rs=    1.0667
     atom=  Cl   l=2  rc=    1.6000  rs=    1.0667
     atom=  Cl   l=2  rc=    1.6000  rs=    1.0667
     projs nearly linearly dependent: l=2  n1,n2= 1, 2  s=  0.99993509

     atom=  H    l=0  rc=    1.0000  rs=    0.6667
     atom=  H    l=0  rc=    1.0000  rs=    0.6667
     projs nearly linearly dependent: l=0  n1,n2= 1, 2  s=  0.99968852
     -----------------------------------------------------------------

     GIPAW integrals: -------------------------------------------
     Atom  i/j   nmr_para   nmr_dia   epr_rmc  epr_para   epr_dia
       C   1 1   0.83E+03  0.17E-01  0.93E+01  0.24E+08  0.24E+03
       C   2 1   0.86E+03 -0.61E-01  0.94E+01  0.25E+08  0.25E+03
       C   2 2   0.90E+03 -0.15E+00  0.97E+01  0.26E+08  0.26E+03
       C   3 3   0.33E+01  0.34E+00  0.18E+01  0.55E+03  0.21E+02
       C   4 3   0.35E+01  0.37E+00  0.20E+01  0.59E+03  0.22E+02
       C   4 4   0.38E+01  0.39E+00  0.22E+01  0.63E+03  0.24E+02
       Cl  1 1   0.14E+04 -0.47E+00  0.84E+01  0.32E+09  0.42E+03
       Cl  2 1   0.21E+04 -0.37E+00  0.12E+02  0.49E+09  0.65E+03
       Cl  2 2   0.33E+04 -0.16E+00  0.21E+02  0.76E+09  0.10E+04
       Cl  3 3   0.21E+02  0.79E-01  0.89E+01  0.23E+05  0.13E+03
       Cl  4 3   0.24E+02  0.67E-01  0.99E+01  0.27E+05  0.15E+03
       Cl  4 4   0.28E+02  0.44E-01  0.11E+02  0.32E+05  0.18E+03
       Cl  5 5   0.77E+00  0.19E+00  0.18E+01  0.12E+03  0.22E+02
       Cl  6 5   0.80E+00  0.19E+00  0.19E+01  0.12E+03  0.23E+02
       Cl  6 6   0.83E+00  0.20E+00  0.19E+01  0.12E+03  0.23E+02
       H   1 1   0.39E+02  0.19E+00  0.29E+00  0.78E+05  0.13E+02
       H   2 1   0.41E+02  0.21E+00  0.32E+00  0.82E+05  0.14E+02
       H   2 2   0.43E+02  0.22E+00  0.36E+00  0.86E+05  0.15E+02
     ------------------------------------------------------------

     alpha_pv=     34.2839 eV

     Number of occupied bands for each k-point:
     k-point:     1    nbnd_occ=  42
     k-point:     2    nbnd_occ=  42
     k-point:     3    nbnd_occ=  42
     k-point:     4    nbnd_occ=  42
     k-point:     5    nbnd_occ=  42
     k-point:     6    nbnd_occ=  42
     k-point:     7    nbnd_occ=  42
     k-point:     8    nbnd_occ=  42
     k-point:     9    nbnd_occ=  42
     k-point:    10    nbnd_occ=  42
     k-point:    11    nbnd_occ=  42
     k-point:    12    nbnd_occ=  42
     k-point:    13    nbnd_occ=  42
     k-point:    14    nbnd_occ=  42
     k-point:    15    nbnd_occ=  42
     k-point:    16    nbnd_occ=  42


     q-space interpolation up to   110.00 Rydberg

     GIPAW job: efg                                                                             


     ELECTRIC FIELD GRADIENTS TENSORS IN Hartree/bohrradius^2:

     ----- bare term -----
     Cl   1       -0.051967        0.038010       -0.047276
     Cl   1        0.038010       -0.027672       -0.000925
     Cl   1       -0.047276       -0.000925        0.079639

     C    2       -0.233401        0.002247       -0.375835
     C    2        0.002247       -0.075969       -0.489223
     C    2       -0.375835       -0.489223        0.309370

     C    3        0.051345        0.511123       -0.178507
     C    3        0.511123       -0.274160       -0.524545
     C    3       -0.178507       -0.524545        0.222815

     H    4        0.101422       -0.114364       -0.302057
     H    4       -0.114364        0.403429        0.162143
     H    4       -0.302057        0.162143       -0.504851

     C    5       -0.297237        0.237373       -0.524285
     C    5        0.237373        0.083510       -0.383062
     C    5       -0.524285       -0.383062        0.213727

     H    6        0.404098       -0.047430        0.285091
     H    6       -0.047430        0.056898       -0.285868
     H    6        0.285091       -0.285868       -0.460997

     H    7        0.440421        0.256352        0.087709
     H    7        0.256352       -0.617744        0.028158
     H    7        0.087709        0.028158        0.177323

     C    8       -0.578119       -0.209228       -0.405468
     C    8       -0.209228       -0.056766        0.277086
     C    8       -0.405468        0.277086        0.634885

     H    9       -0.408102        0.419553        0.050412
     H    9        0.419553        0.294062       -0.076907
     H    9        0.050412       -0.076907        0.114040

     C   10       -0.069609       -0.354676       -0.027993
     C   10       -0.354676       -0.555857        0.460370
     C   10       -0.027993        0.460370        0.625466

     C   11       -0.456398       -0.183266       -0.378396
     C   11       -0.183266        0.083973        0.290804
     C   11       -0.378396        0.290804        0.372426

     Cl  12       -0.035536        0.004400       -0.141982
     Cl  12        0.004400       -0.071538        0.083620
     Cl  12       -0.141982        0.083620        0.107074

     H   13        0.250710       -0.015372        0.368273
     H   13       -0.015372        0.152935       -0.257647
     H   13        0.368273       -0.257647       -0.403645

     C   14       -0.285509        0.209866       -0.276423
     C   14        0.209866        0.059222       -0.301524
     C   14       -0.276423       -0.301524        0.226286

     H   15        0.169054       -0.051619       -0.294514
     H   15       -0.051619        0.335070        0.178152
     H   15       -0.294514        0.178152       -0.504124

     C   16       -0.058309        0.201648       -0.153513
     C   16        0.201648       -0.090961       -0.300291
     C   16       -0.153513       -0.300291        0.149269

     C   17       -0.138276        0.084945       -0.377585
     C   17        0.084945       -0.315471       -0.514128
     C   17       -0.377585       -0.514128        0.453747

     Cl  18       -0.063640        0.066202       -0.106140
     Cl  18        0.066202       -0.007757       -0.118727
     Cl  18       -0.106140       -0.118727        0.071397

     H   19       -0.006861        0.303628       -0.280864
     H   19        0.303628       -0.207937        0.458116
     H   19       -0.280864        0.458116        0.214798

     C   20       -0.115852       -0.460520       -0.232909
     C   20       -0.460520       -0.241853        0.425090
     C   20       -0.232909        0.425090        0.357705

     H   21       -0.592782        0.415642       -0.081295
     H   21        0.415642        0.303679        0.044038
     H   21       -0.081295        0.044038        0.289104

     C   22       -0.283716       -0.314706       -0.356131
     C   22       -0.314706       -0.074600        0.464450
     C   22       -0.356131        0.464450        0.358316

     C   23       -0.086426       -0.130152       -0.286030
     C   23       -0.130152       -0.128455        0.590013
     C   23       -0.286030        0.590013        0.214881

     Cl  24       -0.055024       -0.039668       -0.041042
     Cl  24       -0.039668        0.009344        0.060584
     Cl  24       -0.041042        0.060584        0.045680

     ----- ionic term -----
     Cl   1        0.141431       -0.234168        0.035466
     Cl   1       -0.234168        0.006029       -0.017152
     Cl   1        0.035466       -0.017152       -0.147460

     C    2        0.084598       -0.322643        0.333298
     C    2       -0.322643       -0.072987        0.405857
     C    2        0.333298        0.405857       -0.011611

     C    3        0.021771       -0.347319        0.175657
     C    3       -0.347319        0.029230        0.426964
     C    3        0.175657        0.426964       -0.051001

     H    4        0.302649        0.154992        0.774698
     H    4        0.154992       -0.513763        0.229420
     H    4        0.774698        0.229420        0.211114

     C    5        0.114083       -0.278224        0.328136
     C    5       -0.278224       -0.088485        0.290254
     C    5        0.328136        0.290254       -0.025598

     H    6       -0.540700        0.013169        0.035129
     H    6        0.013169        0.351748        0.790186
     H    6        0.035129        0.790186        0.188952

     H    7       -0.493507       -0.171773        0.080314
     H    7       -0.171773        0.843782       -0.559015
     H    7        0.080314       -0.559015       -0.350276

     C    8        0.327059        0.132434        0.189986
     C    8        0.132434        0.172943       -0.262650
     C    8        0.189986       -0.262650       -0.500002

     H    9        0.760735       -0.514947        0.372846
     H    9       -0.514947       -0.260729       -0.215611
     H    9        0.372846       -0.215611       -0.500006

     C   10        0.172415        0.217122        0.103603
     C   10        0.217122        0.313650       -0.353769
     C   10        0.103603       -0.353769       -0.486064

     C   11        0.265539        0.151689        0.147428
     C   11        0.151689        0.146626       -0.352177
     C   11        0.147428       -0.352177       -0.412165

     Cl  12        0.166247        0.188953       -0.018070
     Cl  12        0.188953       -0.032092       -0.012226
     Cl  12       -0.018070       -0.012226       -0.134155

     H   13       -0.513611       -0.153130       -0.103497
     H   13       -0.153130        0.405299        0.773395
     H   13       -0.103497        0.773395        0.108312

     C   14        0.164400       -0.305488        0.310743
     C   14       -0.305488       -0.095422        0.278064
     C   14        0.310743        0.278064       -0.068977

     H   15        0.296181        0.120668        0.807959
     H   15        0.120668       -0.529250        0.184185
     H   15        0.807959        0.184185        0.233069

     C   16        0.026789       -0.309663        0.214614
     C   16       -0.309663        0.026589        0.411050
     C   16        0.214614        0.411050       -0.053378

     C   17        0.010256       -0.298376        0.311087
     C   17       -0.298376       -0.020376        0.445404
     C   17        0.311087        0.445404        0.010121

     Cl  18        0.116179       -0.230473        0.010018
     Cl  18       -0.230473        0.016276       -0.001771
     Cl  18        0.010018       -0.001771       -0.132455

     H   19       -0.489797       -0.188730        0.149077
     H   19       -0.188730        0.470987       -0.754879
     H   19        0.149077       -0.754879        0.018810

     C   20        0.323899        0.180380        0.205818
     C   20        0.180380        0.056588       -0.300422
     C   20        0.205818       -0.300422       -0.380488

     H   21        0.734862       -0.325010        0.582411
     H   21       -0.325010       -0.425081       -0.221457
     H   21        0.582411       -0.221457       -0.309780

     C   22        0.185378        0.231223        0.152100
     C   22        0.231223        0.236888       -0.397769
     C   22        0.152100       -0.397769       -0.422266

     C   23        0.238480        0.101216        0.178990
     C   23        0.101216        0.200779       -0.402841
     C   23        0.178990       -0.402841       -0.439259

     Cl  24        0.123995        0.211984       -0.004441
     Cl  24        0.211984        0.028000       -0.007806
     Cl  24       -0.004441       -0.007806       -0.151995

     ----- GIPAW term -----
     Cl   1        1.139886       -2.180825       -0.355344
     Cl   1       -2.180825       -0.069403       -0.009104
     Cl   1       -0.355344       -0.009104       -1.070483

     C    2        0.035477       -0.138949       -0.056933
     C    2       -0.138949       -0.012968       -0.071224
     C    2       -0.056933       -0.071224       -0.022509

     C    3        0.031583        0.197786       -0.122437
     C    3        0.197786       -0.015058       -0.160454
     C    3       -0.122437       -0.160454       -0.016525

     H    4       -0.000000        0.000000        0.000000
     H    4        0.000000        0.000000        0.000000
     H    4        0.000000        0.000000        0.000000

     C    5        0.037679        0.140320       -0.192655
     C    5        0.140320       -0.029854       -0.133559
     C    5       -0.192655       -0.133559       -0.007825

     H    6       -0.000000        0.000000        0.000000
     H    6        0.000000        0.000000        0.000000
     H    6        0.000000        0.000000        0.000000

     H    7       -0.000000        0.000000        0.000000
     H    7        0.000000        0.000000        0.000000
     H    7        0.000000        0.000000        0.000000

     C    8       -0.161747       -0.032338       -0.094706
     C    8       -0.032338       -0.092118        0.059322
     C    8       -0.094706        0.059322        0.253865

     H    9       -0.000000        0.000000        0.000000
     H    9        0.000000        0.000000        0.000000
     H    9        0.000000        0.000000        0.000000

     C   10       -0.091440       -0.058198        0.054286
     C   10       -0.058198       -0.169735       -0.013426
     C   10        0.054286       -0.013426        0.261175

     C   11       -0.060415        0.092083       -0.068105
     C   11        0.092083        0.090079       -0.036544
     C   11       -0.068105       -0.036544       -0.029664

     Cl  12        0.929570        1.730791       -1.687921
     Cl  12        1.730791       -0.944396        0.740798
     Cl  12       -1.687921        0.740798        0.014826

     H   13       -0.000000        0.000000        0.000000
     H   13        0.000000        0.000000        0.000000
     H   13        0.000000        0.000000        0.000000

     C   14       -0.070790        0.074054       -0.119289
     C   14        0.074054       -0.036474       -0.147294
     C   14       -0.119289       -0.147294        0.107264

     H   15       -0.000000        0.000000        0.000000
     H   15        0.000000        0.000000        0.000000
     H   15        0.000000        0.000000        0.000000

     C   16       -0.077709        0.037750       -0.069937
     C   16        0.037750       -0.019009       -0.121365
     C   16       -0.069937       -0.121365        0.096718

     C   17       -0.025163       -0.091617       -0.100415
     C   17       -0.091617       -0.112903       -0.129851
     C   17       -0.100415       -0.129851        0.138065

     Cl  18        0.776762       -1.602622       -0.825233
     Cl  18       -1.602622        0.113988       -1.083623
     Cl  18       -0.825233       -1.083623       -0.890750

     H   19       -0.000000        0.000000        0.000000
     H   19        0.000000        0.000000        0.000000
     H   19        0.000000        0.000000        0.000000

     C   20        0.079327       -0.196682       -0.066414
     C   20       -0.196682       -0.054994        0.121713
     C   20       -0.066414        0.121713       -0.024333

     H   21       -0.000000        0.000000        0.000000
     H   21        0.000000        0.000000        0.000000
     H   21        0.000000        0.000000        0.000000

     C   22       -0.059687       -0.123986       -0.148452
     C   22       -0.123986        0.034389        0.133947
     C   22       -0.148452        0.133947        0.025298

     C   23        0.061341        0.046174       -0.062381
     C   23        0.046174        0.035226        0.113806
     C   23       -0.062381        0.113806       -0.096568

     Cl  24        1.077141        2.059963       -0.353805
     Cl  24        2.059963        0.151775        0.471413
     Cl  24       -0.353805        0.471413       -1.228917

     ----- total EFG -----
     Cl   1        1.229350       -2.376983       -0.367154
     Cl   1       -2.376983       -0.091046       -0.027181
     Cl   1       -0.367154       -0.027181       -1.138304

     C    2       -0.113326       -0.459345       -0.099470
     C    2       -0.459345       -0.161925       -0.154590
     C    2       -0.099470       -0.154590        0.275250

     C    3        0.104698        0.361591       -0.125287
     C    3        0.361591       -0.259988       -0.258035
     C    3       -0.125287       -0.258035        0.155289

     H    4        0.404071        0.040627        0.472641
     H    4        0.040627       -0.110334        0.391564
     H    4        0.472641        0.391564       -0.293737

     C    5       -0.145475        0.099469       -0.388804
     C    5        0.099469       -0.034829       -0.226367
     C    5       -0.388804       -0.226367        0.180304

     H    6       -0.136602       -0.034261        0.320220
     H    6       -0.034261        0.408647        0.504318
     H    6        0.320220        0.504318       -0.272045

     H    7       -0.053086        0.084579        0.168023
     H    7        0.084579        0.226039       -0.530857
     H    7        0.168023       -0.530857       -0.172953

     C    8       -0.412807       -0.109132       -0.310188
     C    8       -0.109132        0.024059        0.073757
     C    8       -0.310188        0.073757        0.388748

     H    9        0.352633       -0.095395        0.423258
     H    9       -0.095395        0.033333       -0.292517
     H    9        0.423258       -0.292517       -0.385966

     C   10        0.011365       -0.195753        0.129896
     C   10       -0.195753       -0.411942        0.093176
     C   10        0.129896        0.093176        0.400577

     C   11       -0.251275        0.060505       -0.299072
     C   11        0.060505        0.320678       -0.097916
     C   11       -0.299072       -0.097916       -0.069403

     Cl  12        1.060282        1.924144       -1.847974
     Cl  12        1.924144       -1.048026        0.812192
     Cl  12       -1.847974        0.812192       -0.012256

     H   13       -0.262901       -0.168503        0.264776
     H   13       -0.168503        0.558234        0.515749
     H   13        0.264776        0.515749       -0.295333

     C   14       -0.191899       -0.021568       -0.084969
     C   14       -0.021568       -0.072674       -0.170754
     C   14       -0.084969       -0.170754        0.264573

     H   15        0.465235        0.069049        0.513445
     H   15        0.069049       -0.194180        0.362337
     H   15        0.513445        0.362337       -0.271055

     C   16       -0.109229       -0.070265       -0.008836
     C   16       -0.070265       -0.083381       -0.010606
     C   16       -0.008836       -0.010606        0.192610

     C   17       -0.153183       -0.305047       -0.166913
     C   17       -0.305047       -0.448750       -0.198575
     C   17       -0.166913       -0.198575        0.601932

     Cl  18        0.829301       -1.766893       -0.921356
     Cl  18       -1.766893        0.122507       -1.204121
     Cl  18       -0.921356       -1.204121       -0.951808

     H   19       -0.496658        0.114897       -0.131787
     H   19        0.114897        0.263050       -0.296763
     H   19       -0.131787       -0.296763        0.233608

     C   20        0.287374       -0.476822       -0.093504
     C   20       -0.476822       -0.240259        0.246381
     C   20       -0.093504        0.246381       -0.047115

     H   21        0.142079        0.090633        0.501117
     H   21        0.090633       -0.121403       -0.177419
     H   21        0.501117       -0.177419       -0.020677

     C   22       -0.158025       -0.207470       -0.352483
     C   22       -0.207470        0.196678        0.200628
     C   22       -0.352483        0.200628       -0.038652

     C   23        0.213395        0.017238       -0.169421
     C   23        0.017238        0.107550        0.300978
     C   23       -0.169421        0.300978       -0.320946

     Cl  24        1.146112        2.232279       -0.399288
     Cl  24        2.232279        0.189119        0.524192
     Cl  24       -0.399288        0.524192       -1.335231

     ----- total EFG (symmetrized) -----
     Cl   1        1.229350       -2.376983       -0.367154
     Cl   1       -2.376983       -0.091046       -0.027181
     Cl   1       -0.367154       -0.027181       -1.138304

     C    2       -0.113326       -0.459345       -0.099470
     C    2       -0.459345       -0.161925       -0.154590
     C    2       -0.099470       -0.154590        0.275250

     C    3        0.104698        0.361591       -0.125287
     C    3        0.361591       -0.259988       -0.258035
     C    3       -0.125287       -0.258035        0.155289

     H    4        0.404071        0.040627        0.472641
     H    4        0.040627       -0.110334        0.391564
     H    4        0.472641        0.391564       -0.293737

     C    5       -0.145475        0.099469       -0.388804
     C    5        0.099469       -0.034829       -0.226367
     C    5       -0.388804       -0.226367        0.180304

     H    6       -0.136602       -0.034261        0.320220
     H    6       -0.034261        0.408647        0.504318
     H    6        0.320220        0.504318       -0.272045

     H    7       -0.053086        0.084579        0.168023
     H    7        0.084579        0.226039       -0.530857
     H    7        0.168023       -0.530857       -0.172953

     C    8       -0.412807       -0.109132       -0.310188
     C    8       -0.109132        0.024059        0.073757
     C    8       -0.310188        0.073757        0.388748

     H    9        0.352633       -0.095395        0.423258
     H    9       -0.095395        0.033333       -0.292517
     H    9        0.423258       -0.292517       -0.385966

     C   10        0.011365       -0.195753        0.129896
     C   10       -0.195753       -0.411942        0.093176
     C   10        0.129896        0.093176        0.400577

     C   11       -0.251275        0.060505       -0.299072
     C   11        0.060505        0.320678       -0.097916
     C   11       -0.299072       -0.097916       -0.069403

     Cl  12        1.060282        1.924144       -1.847974
     Cl  12        1.924144       -1.048026        0.812192
     Cl  12       -1.847974        0.812192       -0.012256

     H   13       -0.262901       -0.168503        0.264776
     H   13       -0.168503        0.558234        0.515749
     H   13        0.264776        0.515749       -0.295333

     C   14       -0.191899       -0.021568       -0.084969
     C   14       -0.021568       -0.072674       -0.170754
     C   14       -0.084969       -0.170754        0.264573

     H   15        0.465235        0.069049        0.513445
     H   15        0.069049       -0.194180        0.362337
     H   15        0.513445        0.362337       -0.271055

     C   16       -0.109229       -0.070265       -0.008836
     C   16       -0.070265       -0.083381       -0.010606
     C   16       -0.008836       -0.010606        0.192610

     C   17       -0.153183       -0.305047       -0.166913
     C   17       -0.305047       -0.448750       -0.198575
     C   17       -0.166913       -0.198575        0.601932

     Cl  18        0.829301       -1.766893       -0.921356
     Cl  18       -1.766893        0.122507       -1.204121
     Cl  18       -0.921356       -1.204121       -0.951808

     H   19       -0.496658        0.114897       -0.131787
     H   19        0.114897        0.263050       -0.296763
     H   19       -0.131787       -0.296763        0.233608

     C   20        0.287374       -0.476822       -0.093504
     C   20       -0.476822       -0.240259        0.246381
     C   20       -0.093504        0.246381       -0.047115

     H   21        0.142079        0.090633        0.501117
     H   21        0.090633       -0.121403       -0.177419
     H   21        0.501117       -0.177419       -0.020677

     C   22       -0.158025       -0.207470       -0.352483
     C   22       -0.207470        0.196678        0.200628
     C   22       -0.352483        0.200628       -0.038652

     C   23        0.213395        0.017238       -0.169421
     C   23        0.017238        0.107550        0.300978
     C   23       -0.169421        0.300978       -0.320946

     Cl  24        1.146112        2.232279       -0.399288
     Cl  24        2.232279        0.189119        0.524192
     Cl  24       -0.399288        0.524192       -1.335231


     NQR/NMR SPECTROSCOPIC PARAMETERS:
     Cl   1    Vxx=   -1.0837    axis=( -0.122308 -0.266685  0.955991)
     Cl   1    Vyy=   -1.9706    axis=( -0.592340 -0.753252 -0.285912)
     Cl   1    Vzz=    3.0543    axis=( -0.796350  0.601241  0.065840)
     Cl   1  Q=        -8.1650 1e-30 m^2  Cq=       -58.5955 MHz  eta= 0.29035

     C    2    Vxx=    0.2828    axis=(  0.574239 -0.333208 -0.747812)
     C    2    Vyy=    0.3508    axis=(  0.470683 -0.613003  0.634574)
     C    2    Vzz=   -0.6336    axis=(  0.669856  0.716380  0.195175)
     C    2  Q=         1.0000 1e-30 m^2  Cq=        -1.4886 MHz  eta= 0.10742

     C    3    Vxx=    0.0153    axis=( -0.631421 -0.109863 -0.767618)
     C    3    Vyy=    0.5063    axis=(  0.633280  0.498224 -0.592224)
     C    3    Vzz=   -0.5216    axis=( -0.447509  0.860060  0.245015)
     C    3  Q=         1.0000 1e-30 m^2  Cq=        -1.2256 MHz  eta= 0.94133

     H    4    Vxx=    0.0171    axis=(  0.472981 -0.822223 -0.316603)
     H    4    Vyy=    0.7049    axis=(  0.820545  0.280179  0.498203)
     H    4    Vzz=   -0.7220    axis=( -0.320929 -0.495428  0.807190)
     H    4  Q=         1.0000 1e-30 m^2  Cq=        -1.6964 MHz  eta= 0.95271

     C    5    Vxx=   -0.1321    axis=(  0.333695 -0.910440 -0.244432)
     C    5    Vyy=   -0.4101    axis=(  0.802049  0.137953  0.581108)
     C    5    Vzz=    0.5421    axis=( -0.495343 -0.389959  0.776252)
     C    5  Q=         1.0000 1e-30 m^2  Cq=         1.2738 MHz  eta= 0.51280

     H    6    Vxx=    0.0056    axis=(  0.866494 -0.359577  0.346254)
     H    6    Vyy=    0.6957    axis=( -0.155908 -0.853876 -0.496577)
     H    6    Vzz=   -0.7013    axis=(  0.474215  0.376297 -0.795940)
     H    6  Q=         1.0000 1e-30 m^2  Cq=        -1.6477 MHz  eta= 0.98410

     H    7    Vxx=    0.0089    axis=(  0.946205  0.217382  0.239669)
     H    7    Vyy=    0.5948    axis=( -0.042280  0.817421 -0.574488)
     H    7    Vzz=   -0.6037    axis=( -0.320793  0.533450  0.782638)
     H    7  Q=         1.0000 1e-30 m^2  Cq=        -1.4184 MHz  eta= 0.97050

     C    8    Vxx=    0.0130    axis=( -0.068404  0.966791 -0.246242)
     C    8    Vyy=    0.5174    axis=(  0.331387 -0.210787 -0.919647)
     C    8    Vzz=   -0.5304    axis=( -0.941012 -0.144509 -0.305963)
     C    8  Q=         1.0000 1e-30 m^2  Cq=        -1.2463 MHz  eta= 0.95100

     H    9    Vxx=    0.0330    axis=(  0.458412  0.876221 -0.148643)
     H    9    Vyy=    0.6240    axis=( -0.821575  0.354017 -0.446862)
     H    9    Vzz=   -0.6570    axis=( -0.338928  0.326968  0.882167)
     H    9  Q=         1.0000 1e-30 m^2  Cq=        -1.5437 MHz  eta= 0.89940

     C   10    Vxx=    0.0673    axis=(  0.884147 -0.406056 -0.231089)
     C   10    Vyy=    0.4413    axis=( -0.271011 -0.042834 -0.961623)
     C   10    Vzz=   -0.5087    axis=(  0.380575  0.912844 -0.147917)
     C   10  Q=         1.0000 1e-30 m^2  Cq=        -1.1951 MHz  eta= 0.73531

     C   11    Vxx=    0.0942    axis=(  0.537462 -0.451530 -0.712219)
     C   11    Vyy=    0.3788    axis=( -0.260737 -0.892168  0.368853)
     C   11    Vzz=   -0.4731    axis=( -0.801967 -0.012543 -0.597237)
     C   11  Q=         1.0000 1e-30 m^2  Cq=        -1.1115 MHz  eta= 0.60170

     Cl  12    Vxx=    0.3230    axis=(  0.152714  0.653499  0.741362)
     Cl  12    Vyy=    2.8067    axis=( -0.832016 -0.319806  0.453292)
     Cl  12    Vzz=   -3.1297    axis=( -0.533318  0.686049 -0.494882)
     Cl  12  Q=        -8.1650 1e-30 m^2  Cq=        60.0415 MHz  eta= 0.79358

     H   13    Vxx=   -0.0614    axis=(  0.836593 -0.197742  0.510891)
     H   13    Vyy=   -0.7411    axis=(  0.546363  0.369253 -0.751758)
     H   13    Vzz=    0.8025    axis=( -0.039995  0.908048  0.416953)
     H   13  Q=         1.0000 1e-30 m^2  Cq=         1.8855 MHz  eta= 0.84702

     C   14    Vxx=   -0.1131    axis=( -0.504647  0.823614  0.258826)
     C   14    Vyy=   -0.2321    axis=(  0.853369  0.430482  0.294017)
     C   14    Vzz=    0.3452    axis=( -0.130737 -0.369249  0.920089)
     C   14  Q=         1.0000 1e-30 m^2  Cq=         0.8110 MHz  eta= 0.34457

     H   15    Vxx=   -0.0745    axis=(  0.443945 -0.822245 -0.356125)
     H   15    Vyy=   -0.7106    axis=(  0.317180  0.515907 -0.795762)
     H   15    Vzz=    0.7851    axis=(  0.838039  0.240319  0.489834)
     H   15  Q=         1.0000 1e-30 m^2  Cq=         1.8448 MHz  eta= 0.81015

     C   16    Vxx=   -0.0249    axis=(  0.640752 -0.767663 -0.011403)
     C   16    Vyy=   -0.1683    axis=(  0.767445  0.640011  0.037603)
     C   16    Vzz=    0.1931    axis=( -0.021568 -0.032845  0.999228)
     C   16  Q=         1.0000 1e-30 m^2  Cq=         0.4538 MHz  eta= 0.74227

     C   17    Vxx=    0.0360    axis=(  0.834998 -0.547583  0.054137)
     C   17    Vyy=    0.6550    axis=(  0.151561  0.134295 -0.979282)
     C   17    Vzz=   -0.6910    axis=(  0.528968  0.825904  0.195128)
     C   17  Q=         1.0000 1e-30 m^2  Cq=        -1.6237 MHz  eta= 0.89569

     Cl  18    Vxx=    0.3872    axis=( -0.435535 -0.499491  0.748878)
     Cl  18    Vyy=    2.2788    axis=( -0.767945  0.640216 -0.019608)
     Cl  18    Vzz=   -2.6660    axis=( -0.469649 -0.583637 -0.662418)
     Cl  18  Q=        -8.1650 1e-30 m^2  Cq=        51.1451 MHz  eta= 0.70955

     H   19    Vxx=   -0.0483    axis=( -0.032542  0.695883  0.717417)
     H   19    Vyy=   -0.5255    axis=( -0.986486  0.092962 -0.134918)
     H   19    Vzz=    0.5738    axis=( -0.160580 -0.712113  0.683454)
     H   19  Q=         1.0000 1e-30 m^2  Cq=         1.3482 MHz  eta= 0.83175

     C   20    Vxx=   -0.0564    axis=(  0.417248  0.124312  0.900251)
     C   20    Vyy=   -0.5765    axis=(  0.431841  0.844497 -0.316762)
     C   20    Vzz=    0.6329    axis=( -0.799636  0.520933  0.298681)
     C   20  Q=         1.0000 1e-30 m^2  Cq=         1.4871 MHz  eta= 0.82168

     H   21    Vxx=   -0.0339    axis=(  0.327096  0.903108 -0.278218)
     H   21    Vyy=   -0.5377    axis=( -0.573413  0.423699  0.701196)
     H   21    Vzz=    0.5716    axis=( -0.751136  0.069825 -0.656444)
     H   21  Q=         1.0000 1e-30 m^2  Cq=         1.3430 MHz  eta= 0.88132

     C   22    Vxx=   -0.0597    axis=(  0.389717  0.742048 -0.545422)
     C   22    Vyy=   -0.4574    axis=( -0.776466 -0.053703 -0.627866)
     C   22    Vzz=    0.5171    axis=(  0.495198 -0.668192 -0.555247)
     C   22  Q=         1.0000 1e-30 m^2  Cq=         1.2151 MHz  eta= 0.76893

     C   23    Vxx=    0.1942    axis=(  0.728837  0.667932  0.150546)
     C   23    Vyy=    0.3169    axis=( -0.650024  0.605930  0.458605)
     C   23    Vzz=   -0.5111    axis=(  0.215097 -0.432106  0.875795)
     C   23  Q=         1.0000 1e-30 m^2  Cq=        -1.2008 MHz  eta= 0.24001

     Cl  24    Vxx=   -0.8020    axis=( -0.398677  0.486927  0.777148)
     Cl  24    Vyy=   -2.1487    axis=( -0.486737  0.605860 -0.629302)
     Cl  24    Vzz=    2.9507    axis=( -0.777267 -0.629155 -0.004537)
     Cl  24  Q=        -8.1650 1e-30 m^2  Cq=       -56.6075 MHz  eta= 0.45643

     Initialization:
     gipaw_setup  :      9.14s CPU     10.85s WALL (       1 calls)

     Linear response

     Apply operators

     Induced current

     Other routines
     efg          :      9.12s CPU     11.23s WALL (       1 calls)

     General routines
     calbec       :      3.16s CPU      4.10s WALL (      16 calls)
     fft          :      1.61s CPU      2.33s WALL (      15 calls)
     ffts         :      0.04s CPU      0.04s WALL (       2 calls)
     fftw         :      3.14s CPU      3.81s WALL (     672 calls)
     davcio       :      0.03s CPU      0.33s WALL (      32 calls)

     Parallel routines
     fft_scatter  :      2.13s CPU      3.31s WALL (     689 calls)

     Plugins

     GIPAW        :     61.34s CPU     77.72s WALL (       1 calls)
