
     Program QE v.6.0 (svn rev. 13079) starts on 18Jan2017 at  4:10:50 

     This program is part of the open-source Quantum ESPRESSO suite
     for quantum simulation of materials; please cite
         "P. Giannozzi et al., J. Phys.:Condens. Matter 21 395502 (2009);
          URL http://www.quantum-espresso.org", 
     in publications or presentations arising from this work. More details at
     http://www.quantum-espresso.org/quote

     Parallel version (MPI), running on     8 processors
     R & G space division:  proc/nbgrp/npool/nimage =       8

     ***** This is GIPAW svn revision unknown      *****

     Parallelizing q-star over 1 images

     Reading data from directory:
     /users/majewski/paradichlorobenzene/pbe/9_constraint/scratch/pbe.ecut100.np8.dt60.pcl2phi-129368.save
     Message from routine read_xml_file:
     file /users/majewski/paradichlorobenzene/pbe/9_constraint/scratch/pbe.ecut100.np8.dt60.pcl2phi-129368.save not guaranteed to be safe for post-processing

   Info: using nr1, nr2, nr3 values from input

   Info: using nr1, nr2, nr3 values from input

     IMPORTANT: XC functional enforced from input :
     Exchange-correlation      =  SLA  PW   PBX  PBC ( 1  4  3  4 0 0)
     Any further DFT definition will be discarded
     Please, verify this is what you really want

               file C.pbe-n-kjpaw_psl.1.0.0.UPF: wavefunction(s)  2S 2P renormalized
               file Cl.pbe-n-kjpaw_psl.1.0.0.UPF: wavefunction(s)  3S 3P renormalized
               file H.pbe-kjpaw_psl.1.0.0.UPF: wavefunction(s)  1S renormalized

     Parallelization info
     --------------------
     sticks:   dense  smooth     PW     G-vecs:    dense   smooth      PW
     Min        3057    1223    332               144436    36536    5170
     Max        3059    1225    333               144437    36537    5171
     Sum       24467    9791   2657              1155489   292295   41363


     Subspace diagonalization in iterative solution of the eigenvalue problem:
     a serial algorithm will be used

     GIPAW projectors -----------------------------------------------
     atom=  C    l=0  rc=    1.2000  rs=    0.8000
     atom=  C    l=0  rc=    1.2000  rs=    0.8000
     atom=  C    l=1  rc=    1.4000  rs=    0.9333
     atom=  C    l=1  rc=    1.4000  rs=    0.9333
     projs nearly linearly dependent: l=1  n1,n2= 1, 2  s=  0.99951561

     atom=  Cl   l=0  rc=    1.6000  rs=    1.0667
     atom=  Cl   l=0  rc=    1.6000  rs=    1.0667
     atom=  Cl   l=1  rc=    1.6000  rs=    1.0667
     atom=  Cl   l=1  rc=    1.6000  rs=    1.0667
     atom=  Cl   l=2  rc=    1.6000  rs=    1.0667
     atom=  Cl   l=2  rc=    1.6000  rs=    1.0667
     projs nearly linearly dependent: l=2  n1,n2= 1, 2  s=  0.99993509

     atom=  H    l=0  rc=    1.0000  rs=    0.6667
     atom=  H    l=0  rc=    1.0000  rs=    0.6667
     projs nearly linearly dependent: l=0  n1,n2= 1, 2  s=  0.99968852
     -----------------------------------------------------------------

     GIPAW integrals: -------------------------------------------
     Atom  i/j   nmr_para   nmr_dia   epr_rmc  epr_para   epr_dia
       C   1 1   0.83E+03  0.17E-01  0.93E+01  0.24E+08  0.24E+03
       C   2 1   0.86E+03 -0.61E-01  0.94E+01  0.25E+08  0.25E+03
       C   2 2   0.90E+03 -0.15E+00  0.97E+01  0.26E+08  0.26E+03
       C   3 3   0.33E+01  0.34E+00  0.18E+01  0.55E+03  0.21E+02
       C   4 3   0.35E+01  0.37E+00  0.20E+01  0.59E+03  0.22E+02
       C   4 4   0.38E+01  0.39E+00  0.22E+01  0.63E+03  0.24E+02
       Cl  1 1   0.14E+04 -0.47E+00  0.84E+01  0.32E+09  0.42E+03
       Cl  2 1   0.21E+04 -0.37E+00  0.12E+02  0.49E+09  0.65E+03
       Cl  2 2   0.33E+04 -0.16E+00  0.21E+02  0.76E+09  0.10E+04
       Cl  3 3   0.21E+02  0.79E-01  0.89E+01  0.23E+05  0.13E+03
       Cl  4 3   0.24E+02  0.67E-01  0.99E+01  0.27E+05  0.15E+03
       Cl  4 4   0.28E+02  0.44E-01  0.11E+02  0.32E+05  0.18E+03
       Cl  5 5   0.77E+00  0.19E+00  0.18E+01  0.12E+03  0.22E+02
       Cl  6 5   0.80E+00  0.19E+00  0.19E+01  0.12E+03  0.23E+02
       Cl  6 6   0.83E+00  0.20E+00  0.19E+01  0.12E+03  0.23E+02
       H   1 1   0.39E+02  0.19E+00  0.29E+00  0.78E+05  0.13E+02
       H   2 1   0.41E+02  0.21E+00  0.32E+00  0.82E+05  0.14E+02
       H   2 2   0.43E+02  0.22E+00  0.36E+00  0.86E+05  0.15E+02
     ------------------------------------------------------------

     alpha_pv=     33.9095 eV

     Number of occupied bands for each k-point:
     k-point:     1    nbnd_occ=  42
     k-point:     2    nbnd_occ=  42
     k-point:     3    nbnd_occ=  42
     k-point:     4    nbnd_occ=  42
     k-point:     5    nbnd_occ=  42
     k-point:     6    nbnd_occ=  42
     k-point:     7    nbnd_occ=  42
     k-point:     8    nbnd_occ=  42
     k-point:     9    nbnd_occ=  42
     k-point:    10    nbnd_occ=  42
     k-point:    11    nbnd_occ=  42
     k-point:    12    nbnd_occ=  42
     k-point:    13    nbnd_occ=  42
     k-point:    14    nbnd_occ=  42
     k-point:    15    nbnd_occ=  42
     k-point:    16    nbnd_occ=  42


     q-space interpolation up to   110.00 Rydberg

     GIPAW job: efg                                                                             


     ELECTRIC FIELD GRADIENTS TENSORS IN Hartree/bohrradius^2:

     ----- bare term -----
     Cl   1       -0.170182        0.225061       -0.019530
     Cl   1        0.225061       -0.038149        0.019581
     Cl   1       -0.019530        0.019581        0.208331

     C    2        0.042106       -0.070332       -0.241552
     C    2       -0.070332       -0.397330       -0.368362
     C    2       -0.241552       -0.368362        0.355224

     C    3       -0.272241        0.413633       -0.273532
     C    3        0.413633        0.040444       -0.004421
     C    3       -0.273532       -0.004421        0.231798

     H    4        0.080326       -0.073529       -0.227807
     H    4       -0.073529        0.457189       -0.316151
     H    4       -0.227807       -0.316151       -0.537515

     C    5       -0.046244       -0.223293       -0.412227
     C    5       -0.223293       -0.118695       -0.364001
     C    5       -0.412227       -0.364001        0.164940

     H    6        0.081073        0.213049        0.318675
     H    6        0.213049       -0.045847       -0.476875
     H    6        0.318675       -0.476875       -0.035226

     H    7        0.400474        0.033658        0.001721
     H    7        0.033658       -0.336307        0.520179
     H    7        0.001721        0.520179       -0.064166

     C    8       -0.525239       -0.297334       -0.387528
     C    8       -0.297334        0.106492        0.325505
     C    8       -0.387528        0.325505        0.418746

     H    9       -0.349649        0.193063       -0.529714
     H    9        0.193063        0.330681        0.190012
     H    9       -0.529714        0.190012        0.018968

     C   10       -0.164818       -0.272267       -0.257474
     C   10       -0.272267       -0.160767        0.614503
     C   10       -0.257474        0.614503        0.325586

     C   11       -0.175540       -0.193408       -0.391417
     C   11       -0.193408       -0.081096        0.347047
     C   11       -0.391417        0.347047        0.256636

     Cl  12       -0.058799       -0.094338       -0.025278
     Cl  12       -0.094338       -0.009895        0.006395
     Cl  12       -0.025278        0.006395        0.068693

     H   13        0.372554       -0.085122        0.211592
     H   13       -0.085122       -0.186116       -0.397782
     H   13        0.211592       -0.397782       -0.186438

     C   14       -0.613974        0.410588       -0.464000
     C   14        0.410588        0.381482       -0.200821
     C   14       -0.464000       -0.200821        0.232492

     H   15       -0.000213       -0.144862       -0.374060
     H   15       -0.144862        0.411061        0.108371
     H   15       -0.374060        0.108371       -0.410848

     C   16        0.006614        0.428413       -0.157410
     C   16        0.428413       -0.165806       -0.627084
     C   16       -0.157410       -0.627084        0.159192

     C   17       -0.372670        0.252116       -0.288359
     C   17        0.252116        0.001847       -0.351082
     C   17       -0.288359       -0.351082        0.370822

     Cl  18       -0.047537       -0.042574        0.048921
     Cl  18       -0.042574       -0.083483        0.024323
     Cl  18        0.048921        0.024323        0.131020

     H   19        0.335183        0.377685        0.060805
     H   19        0.377685       -0.676535        0.098014
     H   19        0.060805        0.098014        0.341353

     C   20       -0.207880       -0.183531       -0.240902
     C   20       -0.183531       -0.104889        0.373430
     C   20       -0.240902        0.373430        0.312768

     H   21       -0.494399        0.281964       -0.425334
     H   21        0.281964        0.291509        0.180732
     H   21       -0.425334        0.180732        0.202890

     C   22       -0.332183       -0.335363       -0.313182
     C   22       -0.335363       -0.065640        0.473215
     C   22       -0.313182        0.473215        0.397823

     C   23       -0.097848        0.000785       -0.327559
     C   23        0.000785       -0.104660        0.601646
     C   23       -0.327559        0.601646        0.202509

     Cl  24       -0.053069        0.021921       -0.027916
     Cl  24        0.021921       -0.042623        0.042432
     Cl  24       -0.027916        0.042432        0.095691

     ----- ionic term -----
     Cl   1        0.130775       -0.214452        0.054288
     Cl   1       -0.214452        0.001287       -0.024223
     Cl   1        0.054288       -0.024223       -0.132062

     C    2        0.052872       -0.292162        0.303490
     C    2       -0.292162        0.043327        0.426814
     C    2        0.303490        0.426814       -0.096199

     C    3        0.123713       -0.343719        0.196326
     C    3       -0.343719        0.078397        0.392790
     C    3        0.196326        0.392790       -0.202110

     H    4        0.505987        0.242448        0.779772
     H    4        0.242448       -0.471335        0.254821
     H    4        0.779772        0.254821       -0.034653

     C    5        0.162686       -0.261032        0.310784
     C    5       -0.261032       -0.002138        0.295890
     C    5        0.310784        0.295890       -0.160548

     H    6       -0.534736       -0.092418       -0.045119
     H    6       -0.092418        0.640412        0.723040
     H    6       -0.045119        0.723040       -0.105676

     H    7       -0.520022       -0.059794        0.045208
     H    7       -0.059794        0.577593       -0.725687
     H    7        0.045208       -0.725687       -0.057571

     C    8        0.260798        0.149894        0.341727
     C    8        0.149894        0.081249       -0.272738
     C    8        0.341727       -0.272738       -0.342046

     H    9        0.607979       -0.453945        0.617085
     H    9       -0.453945       -0.312581       -0.276890
     H    9        0.617085       -0.276890       -0.295398

     C   10        0.118507        0.156735        0.239212
     C   10        0.156735        0.295229       -0.312600
     C   10        0.239212       -0.312600       -0.413736

     C   11        0.156351        0.184112        0.287348
     C   11        0.184112        0.239943       -0.352585
     C   11        0.287348       -0.352585       -0.396294

     Cl  12        0.126179        0.235360        0.014806
     Cl  12        0.235360        0.039400       -0.002611
     Cl  12        0.014806       -0.002611       -0.165578

     H   13       -0.529735        0.001679        0.025659
     H   13        0.001679        0.490325        0.770678
     H   13        0.025659        0.770678        0.039410

     C   14        0.155575       -0.227937        0.330571
     C   14       -0.227937       -0.044895        0.313436
     C   14        0.330571        0.313436       -0.110680

     H   15        0.318771        0.251548        0.769901
     H   15        0.251548       -0.438918        0.317452
     H   15        0.769901        0.317452        0.120147

     C   16        0.080790       -0.332733        0.192647
     C   16       -0.332733        0.083721        0.413248
     C   16        0.192647        0.413248       -0.164511

     C   17        0.097077       -0.262195        0.337493
     C   17       -0.262195       -0.007059        0.400838
     C   17        0.337493        0.400838       -0.090019

     Cl  18        0.157415       -0.211131        0.063168
     Cl  18       -0.211131       -0.033730       -0.032776
     Cl  18        0.063168       -0.032776       -0.123685

     H   19       -0.501576       -0.106693        0.082736
     H   19       -0.106693        0.578485       -0.706210
     H   19        0.082736       -0.706210       -0.076909

     C   20        0.217056        0.169149        0.335896
     C   20        0.169149        0.108012       -0.257247
     C   20        0.335896       -0.257247       -0.325069

     H   21        0.520601       -0.220956        0.747617
     H   21       -0.220956       -0.472762       -0.214754
     H   21        0.747617       -0.214754       -0.047839

     C   22        0.067856        0.211921        0.277142
     C   22        0.211921        0.266794       -0.329225
     C   22        0.277142       -0.329225       -0.334650

     C   23        0.148058        0.084161        0.344722
     C   23        0.084161        0.199524       -0.374510
     C   23        0.344722       -0.374510       -0.347582

     Cl  24        0.095128        0.185577        0.030390
     Cl  24        0.185577        0.050852        0.020409
     Cl  24        0.030390        0.020409       -0.145980

     ----- GIPAW term -----
     Cl   1       -1.062985       -0.955347       -0.558236
     Cl   1       -0.955347       -1.019433        1.329857
     Cl   1       -0.558236        1.329857        2.082418

     C    2       -0.078932       -0.107868       -0.030463
     C    2       -0.107868       -0.011894        0.182588
     C    2       -0.030463        0.182588        0.090825

     C    3       -0.003724       -0.024661       -0.130646
     C    3       -0.024661       -0.031268        0.077909
     C    3       -0.130646        0.077909        0.034992

     H    4       -0.000000        0.000000        0.000000
     H    4        0.000000        0.000000        0.000000
     H    4        0.000000        0.000000        0.000000

     C    5        0.054066       -0.117362       -0.173631
     C    5       -0.117362       -0.102966        0.020434
     C    5       -0.173631        0.020434        0.048900

     H    6       -0.000000        0.000000        0.000000
     H    6        0.000000        0.000000        0.000000
     H    6        0.000000        0.000000        0.000000

     H    7       -0.000000        0.000000        0.000000
     H    7        0.000000        0.000000        0.000000
     H    7        0.000000        0.000000        0.000000

     C    8       -0.097974       -0.074073       -0.060897
     C    8       -0.074073        0.056762        0.055301
     C    8       -0.060897        0.055301        0.041211

     H    9       -0.000000        0.000000        0.000000
     H    9        0.000000        0.000000        0.000000
     H    9        0.000000        0.000000        0.000000

     C   10       -0.117489       -0.064405       -0.089882
     C   10       -0.064405        0.032423        0.222120
     C   10       -0.089882        0.222120        0.085066

     C   11       -0.051129       -0.034066       -0.124557
     C   11       -0.034066        0.008302        0.168661
     C   11       -0.124557        0.168661        0.042827

     Cl  12        0.450864       -0.474183       -1.354912
     Cl  12       -0.474183        0.576107        1.649452
     Cl  12       -1.354912        1.649452       -1.026971

     H   13       -0.000000        0.000000        0.000000
     H   13        0.000000        0.000000        0.000000
     H   13        0.000000        0.000000        0.000000

     C   14       -0.081654        0.220547       -0.065572
     C   14        0.220547        0.181041       -0.014900
     C   14       -0.065572       -0.014900       -0.099387

     H   15       -0.000000        0.000000        0.000000
     H   15        0.000000        0.000000        0.000000
     H   15        0.000000        0.000000        0.000000

     C   16       -0.049948        0.173357       -0.062806
     C   16        0.173357        0.120826       -0.173024
     C   16       -0.062806       -0.173024       -0.070878

     C   17        0.002968       -0.160585       -0.047788
     C   17       -0.160585        0.081200       -0.038013
     C   17       -0.047788       -0.038013       -0.084167

     Cl  18        0.640400       -2.167002        1.540139
     Cl  18       -2.167002       -1.250312       -0.281867
     Cl  18        1.540139       -0.281867        0.609912

     H   19       -0.000000        0.000000        0.000000
     H   19        0.000000        0.000000        0.000000
     H   19        0.000000        0.000000        0.000000

     C   20       -0.070363       -0.099181       -0.091347
     C   20       -0.099181        0.028707        0.199507
     C   20       -0.091347        0.199507        0.041656

     H   21       -0.000000        0.000000        0.000000
     H   21        0.000000        0.000000        0.000000
     H   21        0.000000        0.000000        0.000000

     C   22       -0.102878       -0.109996       -0.122856
     C   22       -0.109996        0.054842        0.146271
     C   22       -0.122856        0.146271        0.048037

     C   23        0.040053        0.117856       -0.061500
     C   23        0.117856        0.052022        0.111227
     C   23       -0.061500        0.111227       -0.092076

     Cl  24        0.936248        2.357258       -0.147044
     Cl  24        2.357258       -0.214707        0.386776
     Cl  24       -0.147044        0.386776       -0.721541

     ----- total EFG -----
     Cl   1       -1.102392       -0.944739       -0.523478
     Cl   1       -0.944739       -1.056295        1.325216
     Cl   1       -0.523478        1.325216        2.158687

     C    2        0.016047       -0.470362        0.031474
     C    2       -0.470362       -0.365897        0.241040
     C    2        0.031474        0.241040        0.349850

     C    3       -0.152253        0.045253       -0.207852
     C    3        0.045253        0.087573        0.466277
     C    3       -0.207852        0.466277        0.064680

     H    4        0.586314        0.168919        0.551965
     H    4        0.168919       -0.014146       -0.061329
     H    4        0.551965       -0.061329       -0.572168

     C    5        0.170507       -0.601687       -0.275073
     C    5       -0.601687       -0.223799       -0.047678
     C    5       -0.275073       -0.047678        0.053292

     H    6       -0.453663        0.120631        0.273555
     H    6        0.120631        0.594565        0.246165
     H    6        0.273555        0.246165       -0.140902

     H    7       -0.119549       -0.026136        0.046928
     H    7       -0.026136        0.241286       -0.205508
     H    7        0.046928       -0.205508       -0.121737

     C    8       -0.362414       -0.221513       -0.106698
     C    8       -0.221513        0.244503        0.108068
     C    8       -0.106698        0.108068        0.117911

     H    9        0.258331       -0.260882        0.087371
     H    9       -0.260882        0.018100       -0.086878
     H    9        0.087371       -0.086878       -0.276431

     C   10       -0.163800       -0.179938       -0.108144
     C   10       -0.179938        0.166884        0.524023
     C   10       -0.108144        0.524023       -0.003084

     C   11       -0.070318       -0.043362       -0.228625
     C   11       -0.043362        0.167149        0.163124
     C   11       -0.228625        0.163124       -0.096831

     Cl  12        0.518244       -0.333161       -1.365383
     Cl  12       -0.333161        0.605611        1.653236
     Cl  12       -1.365383        1.653236       -1.123856

     H   13       -0.157181       -0.083444        0.237250
     H   13       -0.083444        0.304209        0.372896
     H   13        0.237250        0.372896       -0.147028

     C   14       -0.540053        0.403198       -0.199001
     C   14        0.403198        0.517628        0.097715
     C   14       -0.199001        0.097715        0.022425

     H   15        0.318559        0.106685        0.395841
     H   15        0.106685       -0.027857        0.425824
     H   15        0.395841        0.425824       -0.290702

     C   16        0.037456        0.269036       -0.027569
     C   16        0.269036        0.038741       -0.386860
     C   16       -0.027569       -0.386860       -0.076196

     C   17       -0.272624       -0.170664        0.001346
     C   17       -0.170664        0.075988        0.011744
     C   17        0.001346        0.011744        0.196636

     Cl  18        0.750279       -2.420707        1.652229
     Cl  18       -2.420707       -1.367526       -0.290320
     Cl  18        1.652229       -0.290320        0.617247

     H   19       -0.166394        0.270992        0.143541
     H   19        0.270992       -0.098051       -0.608196
     H   19        0.143541       -0.608196        0.264444

     C   20       -0.061186       -0.113563        0.003647
     C   20       -0.113563        0.031831        0.315690
     C   20        0.003647        0.315690        0.029355

     H   21        0.026202        0.061008        0.322283
     H   21        0.061008       -0.181253       -0.034022
     H   21        0.322283       -0.034022        0.155051

     C   22       -0.367205       -0.233437       -0.158896
     C   22       -0.233437        0.255995        0.290260
     C   22       -0.158896        0.290260        0.111210

     C   23        0.090263        0.202802       -0.044337
     C   23        0.202802        0.146885        0.338363
     C   23       -0.044337        0.338363       -0.237148

     Cl  24        0.978307        2.564756       -0.144570
     Cl  24        2.564756       -0.206478        0.449617
     Cl  24       -0.144570        0.449617       -0.771829

     ----- total EFG (symmetrized) -----
     Cl   1       -1.102392       -0.944739       -0.523478
     Cl   1       -0.944739       -1.056295        1.325216
     Cl   1       -0.523478        1.325216        2.158687

     C    2        0.016047       -0.470362        0.031474
     C    2       -0.470362       -0.365897        0.241040
     C    2        0.031474        0.241040        0.349850

     C    3       -0.152253        0.045253       -0.207852
     C    3        0.045253        0.087573        0.466277
     C    3       -0.207852        0.466277        0.064680

     H    4        0.586314        0.168919        0.551965
     H    4        0.168919       -0.014146       -0.061329
     H    4        0.551965       -0.061329       -0.572168

     C    5        0.170507       -0.601687       -0.275073
     C    5       -0.601687       -0.223799       -0.047678
     C    5       -0.275073       -0.047678        0.053292

     H    6       -0.453663        0.120631        0.273555
     H    6        0.120631        0.594565        0.246165
     H    6        0.273555        0.246165       -0.140902

     H    7       -0.119549       -0.026136        0.046928
     H    7       -0.026136        0.241286       -0.205508
     H    7        0.046928       -0.205508       -0.121737

     C    8       -0.362414       -0.221513       -0.106698
     C    8       -0.221513        0.244503        0.108068
     C    8       -0.106698        0.108068        0.117911

     H    9        0.258331       -0.260882        0.087371
     H    9       -0.260882        0.018100       -0.086878
     H    9        0.087371       -0.086878       -0.276431

     C   10       -0.163800       -0.179938       -0.108144
     C   10       -0.179938        0.166884        0.524023
     C   10       -0.108144        0.524023       -0.003084

     C   11       -0.070318       -0.043362       -0.228625
     C   11       -0.043362        0.167149        0.163124
     C   11       -0.228625        0.163124       -0.096831

     Cl  12        0.518244       -0.333161       -1.365383
     Cl  12       -0.333161        0.605611        1.653236
     Cl  12       -1.365383        1.653236       -1.123856

     H   13       -0.157181       -0.083444        0.237250
     H   13       -0.083444        0.304209        0.372896
     H   13        0.237250        0.372896       -0.147028

     C   14       -0.540053        0.403198       -0.199001
     C   14        0.403198        0.517628        0.097715
     C   14       -0.199001        0.097715        0.022425

     H   15        0.318559        0.106685        0.395841
     H   15        0.106685       -0.027857        0.425824
     H   15        0.395841        0.425824       -0.290702

     C   16        0.037456        0.269036       -0.027569
     C   16        0.269036        0.038741       -0.386860
     C   16       -0.027569       -0.386860       -0.076196

     C   17       -0.272624       -0.170664        0.001346
     C   17       -0.170664        0.075988        0.011744
     C   17        0.001346        0.011744        0.196636

     Cl  18        0.750279       -2.420707        1.652229
     Cl  18       -2.420707       -1.367526       -0.290320
     Cl  18        1.652229       -0.290320        0.617247

     H   19       -0.166394        0.270992        0.143541
     H   19        0.270992       -0.098051       -0.608196
     H   19        0.143541       -0.608196        0.264444

     C   20       -0.061186       -0.113563        0.003647
     C   20       -0.113563        0.031831        0.315690
     C   20        0.003647        0.315690        0.029355

     H   21        0.026202        0.061008        0.322283
     H   21        0.061008       -0.181253       -0.034022
     H   21        0.322283       -0.034022        0.155051

     C   22       -0.367205       -0.233437       -0.158896
     C   22       -0.233437        0.255995        0.290260
     C   22       -0.158896        0.290260        0.111210

     C   23        0.090263        0.202802       -0.044337
     C   23        0.202802        0.146885        0.338363
     C   23       -0.044337        0.338363       -0.237148

     Cl  24        0.978307        2.564756       -0.144570
     Cl  24        2.564756       -0.206478        0.449617
     Cl  24       -0.144570        0.449617       -0.771829


     NQR/NMR SPECTROSCOPIC PARAMETERS:
     Cl   1    Vxx=   -0.6946    axis=( -0.748942  0.537764 -0.387163)
     Cl   1    Vyy=   -2.1136    axis=(  0.628760  0.761157 -0.159060)
     Cl   1    Vzz=    2.8083    axis=( -0.209156  0.362560  0.908187)
     Cl   1  Q=        -8.1650 1e-30 m^2  Cq=       -53.8756 MHz  eta= 0.50529

     C    2    Vxx=    0.2529    axis=(  0.738186 -0.332457  0.586987)
     C    2    Vyy=    0.4741    axis=(  0.417216 -0.458762 -0.784518)
     C    2    Vzz=   -0.7270    axis=(  0.530106  0.824020 -0.199946)
     C    2  Q=         1.0000 1e-30 m^2  Cq=        -1.7081 MHz  eta= 0.30421

     C    3    Vxx=   -0.0711    axis=( -0.859700 -0.452318  0.237325)
     C    3    Vyy=   -0.4902    axis=( -0.483863  0.572249 -0.662124)
     C    3    Vzz=    0.5613    axis=(  0.163682 -0.684061 -0.710823)
     C    3  Q=         1.0000 1e-30 m^2  Cq=         1.3187 MHz  eta= 0.74677

     H    4    Vxx=   -0.0175    axis=( -0.091309  0.975789 -0.198743)
     H    4    Vyy=   -0.8113    axis=( -0.378832  0.150534  0.913141)
     H    4    Vzz=    0.8287    axis=(  0.920950  0.158668  0.355915)
     H    4  Q=         1.0000 1e-30 m^2  Cq=         1.9472 MHz  eta= 0.95786

     C    5    Vxx=    0.0429    axis=( -0.102963  0.395428 -0.912708)
     C    5    Vyy=    0.6711    axis=(  0.795491 -0.518132 -0.314219)
     C    5    Vzz=   -0.7140    axis=(  0.597154  0.758404  0.261211)
     C    5  Q=         1.0000 1e-30 m^2  Cq=        -1.6776 MHz  eta= 0.87978

     H    6    Vxx=   -0.0911    axis=(  0.477961 -0.370072  0.796618)
     H    6    Vyy=   -0.6127    axis=( -0.860957 -0.017631  0.508373)
     H    6    Vzz=    0.7038    axis=(  0.174090  0.928836  0.327043)
     H    6  Q=         1.0000 1e-30 m^2  Cq=         1.6538 MHz  eta= 0.74105

     H    7    Vxx=   -0.1135    axis=(  0.949109  0.207261  0.237138)
     H    7    Vyy=   -0.2245    axis=( -0.300533  0.370829  0.878730)
     H    7    Vzz=    0.3380    axis=(  0.094189 -0.905278  0.414246)
     H    7  Q=         1.0000 1e-30 m^2  Cq=         0.7943 MHz  eta= 0.32831

     C    8    Vxx=    0.0564    axis=(  0.026653 -0.474264  0.879979)
     C    8    Vyy=    0.3868    axis=(  0.311389 -0.832555 -0.458136)
     C    8    Vzz=   -0.4433    axis=(  0.949909  0.286227  0.125491)
     C    8  Q=         1.0000 1e-30 m^2  Cq=        -1.0415 MHz  eta= 0.74536

     H    9    Vxx=   -0.1447    axis=(  0.560826  0.811668 -0.163308)
     H    9    Vyy=   -0.3009    axis=(  0.045885 -0.227415 -0.972716)
     H    9    Vzz=    0.4455    axis=( -0.826661  0.538031 -0.164783)
     H    9  Q=         1.0000 1e-30 m^2  Cq=         1.0468 MHz  eta= 0.35055

     C   10    Vxx=   -0.2110    axis=(  0.960507  0.094388  0.261759)
     C   10    Vyy=   -0.4537    axis=( -0.135853 -0.661901  0.737178)
     C   10    Vzz=    0.6646    axis=( -0.242839  0.743625  0.622937)
     C   10  Q=         1.0000 1e-30 m^2  Cq=         1.5616 MHz  eta= 0.36519

     C   11    Vxx=    0.0228    axis=(  0.661316  0.640270 -0.390788)
     C   11    Vyy=    0.3072    axis=(  0.406680 -0.743803 -0.530442)
     C   11    Vzz=   -0.3300    axis=( -0.630295  0.191864 -0.752274)
     C   11  Q=         1.0000 1e-30 m^2  Cq=        -0.7753 MHz  eta= 0.86182

     Cl  12    Vxx=    0.2264    axis=(  0.767869  0.640559  0.007819)
     Cl  12    Vyy=    2.2573    axis=( -0.544188  0.645808  0.535530)
     Cl  12    Vzz=   -2.4837    axis=(  0.337988 -0.415472  0.844480)
     Cl  12  Q=        -8.1650 1e-30 m^2  Cq=        47.6484 MHz  eta= 0.81768

     H   13    Vxx=    0.0073    axis=(  0.825063 -0.337371  0.453269)
     H   13    Vyy=    0.5176    axis=( -0.072267 -0.858603 -0.507521)
     H   13    Vzz=   -0.5249    axis=(  0.560401  0.385981 -0.732782)
     H   13  Q=         1.0000 1e-30 m^2  Cq=        -1.2333 MHz  eta= 0.97227

     C   14    Vxx=    0.0845    axis=( -0.278277  0.042565  0.959557)
     C   14    Vyy=    0.6552    axis=( -0.312018 -0.948843 -0.048397)
     C   14    Vzz=   -0.7397    axis=(  0.908409 -0.312867  0.277322)
     C   14  Q=         1.0000 1e-30 m^2  Cq=        -1.7379 MHz  eta= 0.77160

     H   15    Vxx=    0.0261    axis=(  0.610429 -0.752158 -0.248265)
     H   15    Vyy=    0.6520    axis=(  0.742992  0.435134  0.508548)
     H   15    Vzz=   -0.6781    axis=( -0.274480 -0.494891  0.824465)
     H   15  Q=         1.0000 1e-30 m^2  Cq=        -1.5932 MHz  eta= 0.92298

     C   16    Vxx=   -0.0243    axis=( -0.823738  0.132633 -0.551239)
     C   16    Vyy=   -0.4640    axis=(  0.328901 -0.680157 -0.655141)
     C   16    Vzz=    0.4883    axis=( -0.461823 -0.720968  0.516648)
     C   16  Q=         1.0000 1e-30 m^2  Cq=         1.1473 MHz  eta= 0.90042

     C   17    Vxx=    0.1436    axis=( -0.372876  0.907888 -0.191580)
     C   17    Vyy=    0.1987    axis=( -0.062839  0.181288  0.981420)
     C   17    Vzz=   -0.3423    axis=( -0.925751 -0.377987  0.010547)
     C   17  Q=         1.0000 1e-30 m^2  Cq=        -0.8043 MHz  eta= 0.16101

     Cl  18    Vxx=   -0.1733    axis=( -0.320830  0.447385  0.834814)
     Cl  18    Vyy=   -3.0849    axis=( -0.582832 -0.788021  0.198318)
     Cl  18    Vzz=    3.2582    axis=(  0.746576 -0.422930  0.513571)
     Cl  18  Q=        -8.1650 1e-30 m^2  Cq=       -62.5062 MHz  eta= 0.89361

     H   19    Vxx=   -0.0022    axis=(  0.874130  0.352706  0.333909)
     H   19    Vyy=   -0.7183    axis=( -0.482283  0.711638  0.510856)
     H   19    Vzz=    0.7205    axis=( -0.057440 -0.607593  0.792169)
     H   19  Q=         1.0000 1e-30 m^2  Cq=         1.6929 MHz  eta= 0.99384

     C   20    Vxx=   -0.0477    axis=( -0.928256  0.098333 -0.358708)
     C   20    Vyy=   -0.3133    axis=( -0.322172 -0.694505  0.643326)
     C   20    Vzz=    0.3610    axis=( -0.185865  0.712737  0.676359)
     C   20  Q=         1.0000 1e-30 m^2  Cq=         0.8483 MHz  eta= 0.73549

     H   21    Vxx=   -0.1355    axis=( -0.418709 -0.830550  0.367245)
     H   21    Vyy=   -0.2841    axis=(  0.648638 -0.556554 -0.519150)
     H   21    Vzz=    0.4195    axis=(  0.635572  0.020836  0.771761)
     H   21  Q=         1.0000 1e-30 m^2  Cq=         0.9858 MHz  eta= 0.35428

     C   22    Vxx=   -0.1147    axis=(  0.047919 -0.596957  0.800841)
     C   22    Vyy=   -0.4531    axis=( -0.956219 -0.259152 -0.135959)
     C   22    Vzz=    0.5677    axis=(  0.288701 -0.759264 -0.583240)
     C   22  Q=         1.0000 1e-30 m^2  Cq=         1.3339 MHz  eta= 0.59607

     C   23    Vxx=    0.0510    axis=(  0.858649 -0.262443 -0.440280)
     C   23    Vyy=    0.4202    axis=( -0.444919 -0.808121 -0.385989)
     C   23    Vzz=   -0.4712    axis=(  0.254499 -0.527318  0.810658)
     C   23  Q=         1.0000 1e-30 m^2  Cq=        -1.1071 MHz  eta= 0.78347

     Cl  24    Vxx=   -0.6566    axis=( -0.200717  0.182203  0.962556)
     Cl  24    Vyy=   -2.3690    axis=( -0.593302  0.759256 -0.267438)
     Cl  24    Vzz=    3.0256    axis=( -0.779555 -0.624766 -0.044295)
     Cl  24  Q=        -8.1650 1e-30 m^2  Cq=       -58.0444 MHz  eta= 0.56599

     Initialization:
     gipaw_setup  :      9.18s CPU     11.22s WALL (       1 calls)

     Linear response

     Apply operators

     Induced current

     Other routines
     efg          :      9.32s CPU     11.57s WALL (       1 calls)

     General routines
     calbec       :      3.32s CPU      4.24s WALL (      16 calls)
     fft          :      1.92s CPU      3.03s WALL (      15 calls)
     ffts         :      0.04s CPU      0.04s WALL (       2 calls)
     fftw         :      3.28s CPU      4.05s WALL (     672 calls)
     davcio       :      0.02s CPU      0.32s WALL (      32 calls)

     Parallel routines
     fft_scatter  :      2.54s CPU      4.32s WALL (     689 calls)

     Plugins

     GIPAW        :     61.74s CPU     72.99s WALL (       1 calls)
