
     Program QE v.6.0 (svn rev. 13079) starts on  9Jan2017 at 11:53:31 

     This program is part of the open-source Quantum ESPRESSO suite
     for quantum simulation of materials; please cite
         "P. Giannozzi et al., J. Phys.:Condens. Matter 21 395502 (2009);
          URL http://www.quantum-espresso.org", 
     in publications or presentations arising from this work. More details at
     http://www.quantum-espresso.org/quote

     Parallel version (MPI), running on     8 processors
     R & G space division:  proc/nbgrp/npool/nimage =       8

     ***** This is GIPAW svn revision unknown      *****

     Parallelizing q-star over 1 images

     Reading data from directory:
     /users/majewski/paradichlorobenzene/pbe/9_constraint/scratch/pbe.ecut100.np8.dt60.pcl2phi-129368.save
     Message from routine read_xml_file:
     file /users/majewski/paradichlorobenzene/pbe/9_constraint/scratch/pbe.ecut100.np8.dt60.pcl2phi-129368.save not guaranteed to be safe for post-processing

   Info: using nr1, nr2, nr3 values from input

   Info: using nr1, nr2, nr3 values from input

     IMPORTANT: XC functional enforced from input :
     Exchange-correlation      =  SLA  PW   PBX  PBC ( 1  4  3  4 0 0)
     Any further DFT definition will be discarded
     Please, verify this is what you really want

               file C.pbe-n-kjpaw_psl.1.0.0.UPF: wavefunction(s)  2S 2P renormalized
               file Cl.pbe-n-kjpaw_psl.1.0.0.UPF: wavefunction(s)  3S 3P renormalized
               file H.pbe-kjpaw_psl.1.0.0.UPF: wavefunction(s)  1S renormalized

     Parallelization info
     --------------------
     sticks:   dense  smooth     PW     G-vecs:    dense   smooth      PW
     Min        3057    1223    332               144436    36536    5170
     Max        3059    1225    333               144437    36537    5171
     Sum       24467    9791   2657              1155489   292295   41363


     Subspace diagonalization in iterative solution of the eigenvalue problem:
     a serial algorithm will be used

     GIPAW projectors -----------------------------------------------
     atom=  C    l=0  rc=    1.2000  rs=    0.8000
     atom=  C    l=0  rc=    1.2000  rs=    0.8000
     atom=  C    l=1  rc=    1.4000  rs=    0.9333
     atom=  C    l=1  rc=    1.4000  rs=    0.9333
     projs nearly linearly dependent: l=1  n1,n2= 1, 2  s=  0.99951561

     atom=  Cl   l=0  rc=    1.6000  rs=    1.0667
     atom=  Cl   l=0  rc=    1.6000  rs=    1.0667
     atom=  Cl   l=1  rc=    1.6000  rs=    1.0667
     atom=  Cl   l=1  rc=    1.6000  rs=    1.0667
     atom=  Cl   l=2  rc=    1.6000  rs=    1.0667
     atom=  Cl   l=2  rc=    1.6000  rs=    1.0667
     projs nearly linearly dependent: l=2  n1,n2= 1, 2  s=  0.99993509

     atom=  H    l=0  rc=    1.0000  rs=    0.6667
     atom=  H    l=0  rc=    1.0000  rs=    0.6667
     projs nearly linearly dependent: l=0  n1,n2= 1, 2  s=  0.99968852
     -----------------------------------------------------------------

     GIPAW integrals: -------------------------------------------
     Atom  i/j   nmr_para   nmr_dia   epr_rmc  epr_para   epr_dia
       C   1 1   0.83E+03  0.17E-01  0.93E+01  0.24E+08  0.24E+03
       C   2 1   0.86E+03 -0.61E-01  0.94E+01  0.25E+08  0.25E+03
       C   2 2   0.90E+03 -0.15E+00  0.97E+01  0.26E+08  0.26E+03
       C   3 3   0.33E+01  0.34E+00  0.18E+01  0.55E+03  0.21E+02
       C   4 3   0.35E+01  0.37E+00  0.20E+01  0.59E+03  0.22E+02
       C   4 4   0.38E+01  0.39E+00  0.22E+01  0.63E+03  0.24E+02
       Cl  1 1   0.14E+04 -0.47E+00  0.84E+01  0.32E+09  0.42E+03
       Cl  2 1   0.21E+04 -0.37E+00  0.12E+02  0.49E+09  0.65E+03
       Cl  2 2   0.33E+04 -0.16E+00  0.21E+02  0.76E+09  0.10E+04
       Cl  3 3   0.21E+02  0.79E-01  0.89E+01  0.23E+05  0.13E+03
       Cl  4 3   0.24E+02  0.67E-01  0.99E+01  0.27E+05  0.15E+03
       Cl  4 4   0.28E+02  0.44E-01  0.11E+02  0.32E+05  0.18E+03
       Cl  5 5   0.77E+00  0.19E+00  0.18E+01  0.12E+03  0.22E+02
       Cl  6 5   0.80E+00  0.19E+00  0.19E+01  0.12E+03  0.23E+02
       Cl  6 6   0.83E+00  0.20E+00  0.19E+01  0.12E+03  0.23E+02
       H   1 1   0.39E+02  0.19E+00  0.29E+00  0.78E+05  0.13E+02
       H   2 1   0.41E+02  0.21E+00  0.32E+00  0.82E+05  0.14E+02
       H   2 2   0.43E+02  0.22E+00  0.36E+00  0.86E+05  0.15E+02
     ------------------------------------------------------------

     alpha_pv=     33.7568 eV

     Number of occupied bands for each k-point:
     k-point:     1    nbnd_occ=  42
     k-point:     2    nbnd_occ=  42
     k-point:     3    nbnd_occ=  42
     k-point:     4    nbnd_occ=  42
     k-point:     5    nbnd_occ=  42
     k-point:     6    nbnd_occ=  42
     k-point:     7    nbnd_occ=  42
     k-point:     8    nbnd_occ=  42
     k-point:     9    nbnd_occ=  42
     k-point:    10    nbnd_occ=  42
     k-point:    11    nbnd_occ=  42
     k-point:    12    nbnd_occ=  42
     k-point:    13    nbnd_occ=  42
     k-point:    14    nbnd_occ=  42
     k-point:    15    nbnd_occ=  42
     k-point:    16    nbnd_occ=  42


     q-space interpolation up to   110.00 Rydberg

     GIPAW job: efg                                                                             


     ELECTRIC FIELD GRADIENTS TENSORS IN Hartree/bohrradius^2:

     ----- bare term -----
     Cl   1       -0.069315        0.014093       -0.010087
     Cl   1        0.014093       -0.044216       -0.025664
     Cl   1       -0.010087       -0.025664        0.113531

     C    2       -0.111622        0.192883       -0.221685
     C    2        0.192883       -0.029618       -0.627938
     C    2       -0.221685       -0.627938        0.141239

     C    3       -0.230496        0.142226       -0.157572
     C    3        0.142226       -0.003923       -0.190904
     C    3       -0.157572       -0.190904        0.234419

     H    4       -0.516458       -0.466838        0.111740
     H    4       -0.466838        0.233227        0.063282
     H    4        0.111740        0.063282        0.283230

     C    5       -0.046650        0.361140       -0.128017
     C    5        0.361140       -0.178347       -0.395644
     C    5       -0.128017       -0.395644        0.224996

     H    6        0.376912       -0.346928        0.016235
     H    6       -0.346928       -0.741272       -0.134023
     H    6        0.016235       -0.134023        0.364359

     H    7        0.466708       -0.001492       -0.168805
     H    7       -0.001492       -0.227558        0.392342
     H    7       -0.168805        0.392342       -0.239150

     C    8       -0.613726       -0.333513       -0.221876
     C    8       -0.333513        0.220199        0.362105
     C    8       -0.221876        0.362105        0.393527

     H    9       -0.082707        0.027709       -0.572520
     H    9        0.027709        0.341650       -0.101299
     H    9       -0.572520       -0.101299       -0.258942

     C   10       -0.038867       -0.019801       -0.198941
     C   10       -0.019801       -0.058690        0.580773
     C   10       -0.198941        0.580773        0.097557

     C   11       -0.368351       -0.298323       -0.196189
     C   11       -0.298323       -0.065466        0.482184
     C   11       -0.196189        0.482184        0.433817

     Cl  12       -0.001632       -0.014938       -0.096256
     Cl  12       -0.014938       -0.030972        0.033540
     Cl  12       -0.096256        0.033540        0.032603

     H   13        0.496470       -0.009443       -0.099474
     H   13       -0.009443       -0.224663       -0.381337
     H   13       -0.099474       -0.381337       -0.271807

     C   14       -0.595696        0.349038       -0.248049
     C   14        0.349038        0.272413       -0.366633
     C   14       -0.248049       -0.366633        0.323283

     H   15       -0.350121        0.098740       -0.463667
     H   15        0.098740        0.045498       -0.189030
     H   15       -0.463667       -0.189030        0.304623

     C   16        0.028327        0.287183       -0.110414
     C   16        0.287183       -0.148316       -0.569889
     C   16       -0.110414       -0.569889        0.119989

     C   17       -0.442220        0.310811       -0.421476
     C   17        0.310811        0.257291       -0.174806
     C   17       -0.421476       -0.174806        0.184929

     Cl  18       -0.082191        0.103327        0.063199
     Cl  18        0.103327       -0.031942        0.075908
     Cl  18        0.063199        0.075908        0.114133

     H   19        0.340377       -0.115547        0.140765
     H   19       -0.115547       -0.316563        0.591768
     H   19        0.140765        0.591768       -0.023814

     C   20       -0.127707        0.257594       -0.458946
     C   20        0.257594       -0.041510        0.504273
     C   20       -0.458946        0.504273        0.169217

     H   21       -0.192047        0.173113       -0.414553
     H   21        0.173113        0.442685        0.126203
     H   21       -0.414553        0.126203       -0.250639

     C   22       -0.119572       -0.429904       -0.274568
     C   22       -0.429904       -0.274480        0.253494
     C   22       -0.274568        0.253494        0.394051

     C   23        0.088216        0.342448       -0.571881
     C   23        0.342448       -0.234344        0.557937
     C   23       -0.571881        0.557937        0.146128

     Cl  24       -0.177218       -0.208627       -0.063900
     Cl  24       -0.208627       -0.074011       -0.009568
     Cl  24       -0.063900       -0.009568        0.251229

     ----- ionic term -----
     Cl   1        0.066831       -0.187800        0.011441
     Cl   1       -0.187800        0.086292       -0.007070
     Cl   1        0.011441       -0.007070       -0.153122

     C    2        0.138870       -0.157999        0.240588
     C    2       -0.157999        0.223257        0.335122
     C    2        0.240588        0.335122       -0.362127

     C    3        0.224202       -0.195472        0.125405
     C    3       -0.195472        0.167269        0.366488
     C    3        0.125405        0.366488       -0.391471

     H    4        0.749380        0.259440        0.580532
     H    4        0.259440       -0.467478        0.182269
     H    4        0.580532        0.182269       -0.281902

     C    5        0.378945       -0.131785        0.154217
     C    5       -0.131785        0.034801        0.333796
     C    5        0.154217        0.333796       -0.413746

     H    6       -0.496334        0.049661        0.007707
     H    6        0.049661        0.657639        0.706320
     H    6        0.007707        0.706320       -0.161304

     H    7       -0.530809       -0.075950        0.067642
     H    7       -0.075950        0.557779       -0.746106
     H    7        0.067642       -0.746106       -0.026970

     C    8        0.147728        0.193907        0.394203
     C    8        0.193907        0.023750       -0.283285
     C    8        0.394203       -0.283285       -0.171478

     H    9        0.513886       -0.388072        0.662551
     H    9       -0.388072       -0.349088       -0.300054
     H    9        0.662551       -0.300054       -0.164798

     C   10        0.040024        0.225292        0.236683
     C   10        0.225292        0.191810       -0.406405
     C   10        0.236683       -0.406405       -0.231834

     C   11        0.052783        0.202712        0.319697
     C   11        0.202712        0.113367       -0.429929
     C   11        0.319697       -0.429929       -0.166150

     Cl  12        0.116531        0.200474        0.022363
     Cl  12        0.200474        0.017204        0.011703
     Cl  12        0.022363        0.011703       -0.133735

     H   13       -0.521447        0.136144        0.095914
     H   13        0.136144        0.670015        0.709371
     H   13        0.095914        0.709371       -0.148569

     C   14        0.247778       -0.178820        0.161612
     C   14       -0.178820        0.075738        0.329487
     C   14        0.161612        0.329487       -0.323517

     H   15        0.677968        0.293312        0.649633
     H   15        0.293312       -0.452419        0.235759
     H   15        0.649633        0.235759       -0.225549

     C   16        0.128993       -0.172903        0.123261
     C   16       -0.172903        0.170143        0.469424
     C   16        0.123261        0.469424       -0.299136

     C   17        0.259099       -0.072820        0.170099
     C   17       -0.072820        0.091473        0.481498
     C   17        0.170099        0.481498       -0.350572

     Cl  18        0.133173       -0.211625       -0.046098
     Cl  18       -0.211625       -0.004713        0.039413
     Cl  18       -0.046098        0.039413       -0.128460

     H   19       -0.523086       -0.060039        0.052213
     H   19       -0.060039        0.487233       -0.761595
     H   19        0.052213       -0.761595        0.035853

     C   20        0.160108        0.225577        0.323412
     C   20        0.225577        0.050774       -0.299086
     C   20        0.323412       -0.299086       -0.210882

     H   21        0.552844       -0.132153        0.759958
     H   21       -0.132153       -0.467999       -0.182492
     H   21        0.759958       -0.182492       -0.084845

     C   22        0.075300        0.302652        0.250376
     C   22        0.302652        0.224387       -0.370660
     C   22        0.250376       -0.370660       -0.299687

     C   23        0.074276        0.179912        0.415630
     C   23        0.179912        0.110154       -0.384715
     C   23        0.415630       -0.384715       -0.184430

     Cl  24        0.128142        0.191686        0.066078
     Cl  24        0.191686        0.009592        0.029889
     Cl  24        0.066078        0.029889       -0.137734

     ----- GIPAW term -----
     Cl   1        0.921357       -2.213749       -0.122865
     Cl   1       -2.213749       -0.267498       -0.199966
     Cl   1       -0.122865       -0.199966       -0.653859

     C    2       -0.014173        0.066310       -0.119301
     C    2        0.066310        0.057409       -0.215747
     C    2       -0.119301       -0.215747       -0.043237

     C    3       -0.040201        0.080365       -0.087706
     C    3        0.080365        0.041793       -0.084998
     C    3       -0.087706       -0.084998       -0.001592

     H    4       -0.000000        0.000000        0.000000
     H    4        0.000000        0.000000        0.000000
     H    4        0.000000        0.000000        0.000000

     C    5        0.019701        0.198853       -0.054856
     C    5        0.198853        0.060902       -0.142612
     C    5       -0.054856       -0.142612       -0.080603

     H    6       -0.000000        0.000000        0.000000
     H    6        0.000000        0.000000        0.000000
     H    6        0.000000        0.000000        0.000000

     H    7       -0.000000        0.000000        0.000000
     H    7        0.000000        0.000000        0.000000
     H    7        0.000000        0.000000        0.000000

     C    8       -0.170913        0.008765        0.007933
     C    8        0.008765        0.170099        0.142759
     C    8        0.007933        0.142759        0.000813

     H    9       -0.000000        0.000000        0.000000
     H    9        0.000000        0.000000        0.000000
     H    9        0.000000        0.000000        0.000000

     C   10       -0.119114        0.043047       -0.013794
     C   10        0.043047        0.103395        0.218072
     C   10       -0.013794        0.218072        0.015719

     C   11       -0.091866        0.103915        0.027803
     C   11        0.103915        0.072365        0.213100
     C   11        0.027803        0.213100        0.019502

     Cl  12       -0.268300        1.803124       -0.120879
     Cl  12        1.803124        0.954455        2.040053
     Cl  12       -0.120879        2.040053       -0.686155

     H   13       -0.000000        0.000000        0.000000
     H   13        0.000000        0.000000        0.000000
     H   13        0.000000        0.000000        0.000000

     C   14       -0.188327        0.075934       -0.043579
     C   14        0.075934        0.158987       -0.202073
     C   14       -0.043579       -0.202073        0.029340

     H   15       -0.000000        0.000000        0.000000
     H   15        0.000000        0.000000        0.000000
     H   15        0.000000        0.000000        0.000000

     C   16       -0.104207        0.086459        0.007650
     C   16        0.086459        0.229275        0.004592
     C   16        0.007650        0.004592       -0.125069

     C   17       -0.011477        0.130659        0.000006
     C   17        0.130659        0.165660        0.078157
     C   17        0.000006        0.078157       -0.154183

     Cl  18       -0.071251       -0.548333        1.397845
     Cl  18       -0.548333       -0.575029        1.739025
     Cl  18        1.397845        1.739025        0.646280

     H   19       -0.000000        0.000000        0.000000
     H   19        0.000000        0.000000        0.000000
     H   19        0.000000        0.000000        0.000000

     C   20        0.049895        0.218331       -0.093491
     C   20        0.218331        0.039389        0.079353
     C   20       -0.093491        0.079353       -0.089284

     H   21       -0.000000        0.000000        0.000000
     H   21        0.000000        0.000000        0.000000
     H   21        0.000000        0.000000        0.000000

     C   22        0.123274        0.037221       -0.140006
     C   22        0.037221       -0.104661       -0.030329
     C   22       -0.140006       -0.030329       -0.018612

     C   23        0.149214        0.254794       -0.191887
     C   23        0.254794       -0.069969        0.013524
     C   23       -0.191887        0.013524       -0.079245

     Cl  24       -0.672040        0.999577       -1.386604
     Cl  24        0.999577       -1.452475       -0.348008
     Cl  24       -1.386604       -0.348008        2.124515

     ----- total EFG -----
     Cl   1        0.918872       -2.387456       -0.121511
     Cl   1       -2.387456       -0.225422       -0.232700
     Cl   1       -0.121511       -0.232700       -0.693450

     C    2        0.013075        0.101194       -0.100397
     C    2        0.101194        0.251049       -0.508563
     C    2       -0.100397       -0.508563       -0.264124

     C    3       -0.046495        0.027119       -0.119873
     C    3        0.027119        0.205139        0.090585
     C    3       -0.119873        0.090585       -0.158644

     H    4        0.232923       -0.207398        0.692273
     H    4       -0.207398       -0.234251        0.245551
     H    4        0.692273        0.245551        0.001328

     C    5        0.351996        0.428208       -0.028655
     C    5        0.428208       -0.082644       -0.204461
     C    5       -0.028655       -0.204461       -0.269353

     H    6       -0.119422       -0.297267        0.023942
     H    6       -0.297267       -0.083633        0.572297
     H    6        0.023942        0.572297        0.203055

     H    7       -0.064102       -0.077442       -0.101163
     H    7       -0.077442        0.330221       -0.353763
     H    7       -0.101163       -0.353763       -0.266120

     C    8       -0.636911       -0.130842        0.180260
     C    8       -0.130842        0.414048        0.221579
     C    8        0.180260        0.221579        0.222863

     H    9        0.431179       -0.360363        0.090031
     H    9       -0.360363       -0.007438       -0.401353
     H    9        0.090031       -0.401353       -0.423741

     C   10       -0.117956        0.248538        0.023947
     C   10        0.248538        0.236515        0.392440
     C   10        0.023947        0.392440       -0.118559

     C   11       -0.407435        0.008304        0.151311
     C   11        0.008304        0.120266        0.265355
     C   11        0.151311        0.265355        0.287169

     Cl  12       -0.153401        1.988660       -0.194772
     Cl  12        1.988660        0.940688        2.085296
     Cl  12       -0.194772        2.085296       -0.787287

     H   13       -0.024977        0.126701       -0.003560
     H   13        0.126701        0.445353        0.328034
     H   13       -0.003560        0.328034       -0.420376

     C   14       -0.536245        0.246152       -0.130015
     C   14        0.246152        0.507138       -0.239219
     C   14       -0.130015       -0.239219        0.029107

     H   15        0.327848        0.392052        0.185966
     H   15        0.392052       -0.406922        0.046730
     H   15        0.185966        0.046730        0.079074

     C   16        0.053113        0.200739        0.020497
     C   16        0.200739        0.251103       -0.095873
     C   16        0.020497       -0.095873       -0.304216

     C   17       -0.194598        0.368650       -0.251371
     C   17        0.368650        0.514424        0.384849
     C   17       -0.251371        0.384849       -0.319826

     Cl  18       -0.020269       -0.656631        1.414946
     Cl  18       -0.656631       -0.611684        1.854346
     Cl  18        1.414946        1.854346        0.631953

     H   19       -0.182709       -0.175586        0.192978
     H   19       -0.175586        0.170670       -0.169826
     H   19        0.192978       -0.169826        0.012039

     C   20        0.082296        0.701502       -0.229025
     C   20        0.701502        0.048653        0.284541
     C   20       -0.229025        0.284541       -0.130949

     H   21        0.360798        0.040960        0.345405
     H   21        0.040960       -0.025314       -0.056289
     H   21        0.345405       -0.056289       -0.335484

     C   22        0.079002       -0.090031       -0.164198
     C   22       -0.090031       -0.154754       -0.147495
     C   22       -0.164198       -0.147495        0.075752

     C   23        0.311706        0.777154       -0.348138
     C   23        0.777154       -0.194160        0.186746
     C   23       -0.348138        0.186746       -0.117546

     Cl  24       -0.721116        0.982636       -1.384427
     Cl  24        0.982636       -1.516895       -0.327688
     Cl  24       -1.384427       -0.327688        2.238010

     ----- total EFG (symmetrized) -----
     Cl   1        0.918872       -2.387456       -0.121511
     Cl   1       -2.387456       -0.225422       -0.232700
     Cl   1       -0.121511       -0.232700       -0.693450

     C    2        0.013075        0.101194       -0.100397
     C    2        0.101194        0.251049       -0.508563
     C    2       -0.100397       -0.508563       -0.264124

     C    3       -0.046495        0.027119       -0.119873
     C    3        0.027119        0.205139        0.090585
     C    3       -0.119873        0.090585       -0.158644

     H    4        0.232923       -0.207398        0.692273
     H    4       -0.207398       -0.234251        0.245551
     H    4        0.692273        0.245551        0.001328

     C    5        0.351996        0.428208       -0.028655
     C    5        0.428208       -0.082644       -0.204461
     C    5       -0.028655       -0.204461       -0.269353

     H    6       -0.119422       -0.297267        0.023942
     H    6       -0.297267       -0.083633        0.572297
     H    6        0.023942        0.572297        0.203055

     H    7       -0.064102       -0.077442       -0.101163
     H    7       -0.077442        0.330221       -0.353763
     H    7       -0.101163       -0.353763       -0.266120

     C    8       -0.636911       -0.130842        0.180260
     C    8       -0.130842        0.414048        0.221579
     C    8        0.180260        0.221579        0.222863

     H    9        0.431179       -0.360363        0.090031
     H    9       -0.360363       -0.007438       -0.401353
     H    9        0.090031       -0.401353       -0.423741

     C   10       -0.117956        0.248538        0.023947
     C   10        0.248538        0.236515        0.392440
     C   10        0.023947        0.392440       -0.118559

     C   11       -0.407435        0.008304        0.151311
     C   11        0.008304        0.120266        0.265355
     C   11        0.151311        0.265355        0.287169

     Cl  12       -0.153401        1.988660       -0.194772
     Cl  12        1.988660        0.940688        2.085296
     Cl  12       -0.194772        2.085296       -0.787287

     H   13       -0.024977        0.126701       -0.003560
     H   13        0.126701        0.445353        0.328034
     H   13       -0.003560        0.328034       -0.420376

     C   14       -0.536245        0.246152       -0.130015
     C   14        0.246152        0.507138       -0.239219
     C   14       -0.130015       -0.239219        0.029107

     H   15        0.327848        0.392052        0.185966
     H   15        0.392052       -0.406922        0.046730
     H   15        0.185966        0.046730        0.079074

     C   16        0.053113        0.200739        0.020497
     C   16        0.200739        0.251103       -0.095873
     C   16        0.020497       -0.095873       -0.304216

     C   17       -0.194598        0.368650       -0.251371
     C   17        0.368650        0.514424        0.384849
     C   17       -0.251371        0.384849       -0.319826

     Cl  18       -0.020269       -0.656631        1.414946
     Cl  18       -0.656631       -0.611684        1.854346
     Cl  18        1.414946        1.854346        0.631953

     H   19       -0.182709       -0.175586        0.192978
     H   19       -0.175586        0.170670       -0.169826
     H   19        0.192978       -0.169826        0.012039

     C   20        0.082296        0.701502       -0.229025
     C   20        0.701502        0.048653        0.284541
     C   20       -0.229025        0.284541       -0.130949

     H   21        0.360798        0.040960        0.345405
     H   21        0.040960       -0.025314       -0.056289
     H   21        0.345405       -0.056289       -0.335484

     C   22        0.079002       -0.090031       -0.164198
     C   22       -0.090031       -0.154754       -0.147495
     C   22       -0.164198       -0.147495        0.075752

     C   23        0.311706        0.777154       -0.348138
     C   23        0.777154       -0.194160        0.186746
     C   23       -0.348138        0.186746       -0.117546

     Cl  24       -0.721116        0.982636       -1.384427
     Cl  24        0.982636       -1.516895       -0.327688
     Cl  24       -1.384427       -0.327688        2.238010


     NQR/NMR SPECTROSCOPIC PARAMETERS:
     Cl   1    Vxx=   -0.6486    axis=( -0.118660 -0.128018  0.984648)
     Cl   1    Vyy=   -2.1539    axis=(  0.608466  0.774272  0.173992)
     Cl   1    Vzz=    2.8025    axis=( -0.784659  0.619770 -0.013981)
     Cl   1  Q=        -8.1650 1e-30 m^2  Cq=       -53.7638 MHz  eta= 0.53716

     C    2    Vxx=   -0.0181    axis=(  0.971138 -0.227054  0.073057)
     C    2    Vyy=   -0.5785    axis=(  0.056570  0.516816  0.854225)
     C    2    Vzz=    0.5966    axis=( -0.231712 -0.825438  0.514744)
     C    2  Q=         1.0000 1e-30 m^2  Cq=         1.4018 MHz  eta= 0.93920

     C    3    Vxx=    0.0266    axis=( -0.859394 -0.121470  0.496675)
     C    3    Vyy=    0.2265    axis=( -0.004452  0.973112  0.230288)
     C    3    Vzz=   -0.2531    axis=(  0.511294 -0.195697  0.836828)
     C    3  Q=         1.0000 1e-30 m^2  Cq=        -0.5946 MHz  eta= 0.78965

     H    4    Vxx=   -0.0434    axis=(  0.330163 -0.859861 -0.389399)
     H    4    Vyy=   -0.7756    axis=(  0.555508  0.510528 -0.656332)
     H    4    Vzz=    0.8190    axis=( -0.763153 -0.000382 -0.646217)
     H    4  Q=         1.0000 1e-30 m^2  Cq=         1.9244 MHz  eta= 0.89398

     C    5    Vxx=   -0.1571    axis=( -0.444767  0.478109 -0.757360)
     C    5    Vyy=   -0.4774    axis=( -0.336538  0.694425  0.636015)
     C    5    Vzz=    0.6345    axis=(  0.830015  0.537759 -0.147955)
     C    5  Q=         1.0000 1e-30 m^2  Cq=         1.4909 MHz  eta= 0.50481

     H    6    Vxx=   -0.0338    axis=(  0.873937 -0.216640  0.435088)
     H    6    Vyy=   -0.6516    axis=(  0.437165  0.741589 -0.508854)
     H    6    Vzz=    0.6854    axis=( -0.212419  0.634911  0.742809)
     H    6  Q=         1.0000 1e-30 m^2  Cq=         1.6104 MHz  eta= 0.90133

     H    7    Vxx=   -0.0272    axis=(  0.954391 -0.078357 -0.288093)
     H    7    Vyy=   -0.4689    axis=(  0.294230  0.410576  0.863051)
     H    7    Vzz=    0.4961    axis=(  0.050658 -0.908453  0.414905)
     H    7  Q=         1.0000 1e-30 m^2  Cq=         1.1657 MHz  eta= 0.89032

     C    8    Vxx=    0.1408    axis=(  0.274984 -0.522663  0.806975)
     C    8    Vyy=    0.5599    axis=( -0.009383  0.837833  0.545846)
     C    8    Vzz=   -0.7006    axis=(  0.961403  0.157671 -0.225486)
     C    8  Q=         1.0000 1e-30 m^2  Cq=        -1.6462 MHz  eta= 0.59816

     H    9    Vxx=   -0.0271    axis=(  0.593395  0.629205 -0.501979)
     H    9    Vyy=   -0.6802    axis=(  0.112354  0.552792  0.825710)
     H    9    Vzz=    0.7073    axis=(  0.797031 -0.546372  0.257331)
     H    9  Q=         1.0000 1e-30 m^2  Cq=         1.6618 MHz  eta= 0.92339

     C   10    Vxx=   -0.1396    axis=(  0.854994 -0.024437 -0.518061)
     C   10    Vyy=   -0.4239    axis=( -0.411871  0.575068 -0.706866)
     C   10    Vzz=    0.5634    axis=( -0.315194 -0.817741 -0.481615)
     C   10  Q=         1.0000 1e-30 m^2  Cq=         1.3239 MHz  eta= 0.50458

     C   11    Vxx=   -0.0564    axis=( -0.212203  0.816427 -0.537044)
     C   11    Vyy=   -0.4434    axis=(  0.967101  0.096547 -0.235359)
     C   11    Vzz=    0.4999    axis=(  0.140303  0.569320  0.810056)
     C   11  Q=         1.0000 1e-30 m^2  Cq=         1.1745 MHz  eta= 0.77417

     Cl  12    Vxx=   -0.2480    axis=( -0.747873  0.099864  0.656288)
     Cl  12    Vyy=   -2.8858    axis=( -0.481519  0.598941 -0.639852)
     Cl  12    Vzz=    3.1339    axis=(  0.456976  0.794542  0.399845)
     Cl  12  Q=        -8.1650 1e-30 m^2  Cq=       -60.1214 MHz  eta= 0.84171

     H   13    Vxx=   -0.0446    axis=(  0.977119 -0.155556 -0.145057)
     H   13    Vyy=   -0.5345    axis=( -0.087749  0.326427 -0.941141)
     H   13    Vzz=    0.5791    axis=(  0.193750  0.932335  0.305308)
     H   13  Q=         1.0000 1e-30 m^2  Cq=         1.3607 MHz  eta= 0.84590

     C   14    Vxx=   -0.0689    axis=( -0.044449  0.399295  0.915744)
     C   14    Vyy=   -0.6011    axis=( -0.973553  0.188308 -0.129363)
     C   14    Vzz=    0.6700    axis=( -0.224096 -0.897276  0.380365)
     C   14  Q=         1.0000 1e-30 m^2  Cq=         1.5743 MHz  eta= 0.79437

     H   15    Vxx=    0.0077    axis=( -0.310379 -0.188486  0.931739)
     H   15    Vyy=    0.5707    axis=(  0.859955  0.362059  0.359710)
     H   15    Vzz=   -0.5784    axis=( -0.405145  0.912900  0.049714)
     H   15  Q=         1.0000 1e-30 m^2  Cq=        -1.3589 MHz  eta= 0.97347

     C   16    Vxx=   -0.0540    axis=(  0.842989 -0.475611  0.251324)
     C   16    Vyy=   -0.3293    axis=( -0.165011  0.216050  0.962338)
     C   16    Vzz=    0.3833    axis=( -0.511997 -0.852711  0.103647)
     C   16  Q=         1.0000 1e-30 m^2  Cq=         0.9006 MHz  eta= 0.71806

     C   17    Vxx=   -0.0009    axis=(  0.754019 -0.050307 -0.654924)
     C   17    Vyy=   -0.7409    axis=( -0.588872  0.389960 -0.707927)
     C   17    Vzz=    0.7418    axis=( -0.291008 -0.919456 -0.264413)
     C   17  Q=         1.0000 1e-30 m^2  Cq=         1.7429 MHz  eta= 0.99768

     Cl  18    Vxx=    0.3959    axis=(  0.796947 -0.602363 -0.045113)
     Cl  18    Vyy=    2.2802    axis=( -0.377074 -0.437754 -0.816203)
     Cl  18    Vzz=   -2.6761    axis=(  0.471902  0.667481 -0.576002)
     Cl  18  Q=        -8.1650 1e-30 m^2  Cq=        51.3400 MHz  eta= 0.70409

     H   19    Vxx=   -0.0793    axis=( -0.234097 -0.653404 -0.719903)
     H   19    Vyy=   -0.3118    axis=(  0.883005  0.166953 -0.438666)
     H   19    Vzz=    0.3911    axis=(  0.406817 -0.738369  0.537876)
     H   19  Q=         1.0000 1e-30 m^2  Cq=         0.9190 MHz  eta= 0.59426

     C   20    Vxx=    0.0578    axis=( -0.355024  0.301315  0.884967)
     C   20    Vyy=    0.7687    axis=( -0.706992 -0.705896 -0.043281)
     C   20    Vzz=   -0.8265    axis=(  0.611654 -0.641030  0.463637)
     C   20  Q=         1.0000 1e-30 m^2  Cq=        -1.9419 MHz  eta= 0.86011

     H   21    Vxx=   -0.0159    axis=(  0.026214  0.988957 -0.145866)
     H   21    Vyy=   -0.4877    axis=( -0.379065  0.144853  0.913963)
     H   21    Vzz=    0.5036    axis=(  0.924999  0.031335  0.378676)
     H   21  Q=         1.0000 1e-30 m^2  Cq=         1.1832 MHz  eta= 0.93675

     C   22    Vxx=    0.0475    axis=(  0.635472 -0.619178  0.461296)
     C   22    Vyy=    0.2466    axis=(  0.659471  0.124512 -0.741347)
     C   22    Vzz=   -0.2941    axis=(  0.401589  0.775316  0.487454)
     C   22  Q=         1.0000 1e-30 m^2  Cq=        -0.6911 MHz  eta= 0.67679

     C   23    Vxx=    0.0123    axis=( -0.098300  0.438133  0.893519)
     C   23    Vyy=    0.9072    axis=( -0.817971 -0.546959  0.178211)
     C   23    Vzz=   -0.9195    axis=(  0.566798 -0.713355  0.412146)
     C   23  Q=         1.0000 1e-30 m^2  Cq=        -2.1606 MHz  eta= 0.97320

     Cl  24    Vxx=   -0.6412    axis=(  0.680831  0.615262  0.397393)
     Cl  24    Vyy=   -2.2477    axis=(  0.619875 -0.773029  0.134842)
     Cl  24    Vzz=    2.8889    axis=( -0.390159 -0.154530  0.907687)
     Cl  24  Q=        -8.1650 1e-30 m^2  Cq=       -55.4217 MHz  eta= 0.55610

     Initialization:
     gipaw_setup  :      9.16s CPU     11.04s WALL (       1 calls)

     Linear response

     Apply operators

     Induced current

     Other routines
     efg          :      9.21s CPU     11.44s WALL (       1 calls)

     General routines
     calbec       :      3.16s CPU      4.07s WALL (      16 calls)
     fft          :      1.45s CPU      1.91s WALL (      15 calls)
     ffts         :      0.04s CPU      0.05s WALL (       2 calls)
     fftw         :      3.10s CPU      3.77s WALL (     672 calls)
     davcio       :      0.02s CPU      0.32s WALL (      32 calls)

     Parallel routines
     fft_scatter  :      1.96s CPU      2.89s WALL (     689 calls)

     Plugins

     GIPAW        :     60.10s CPU     74.71s WALL (       1 calls)
