
     Program QE v.6.0 (svn rev. 13079) starts on 10Jan2017 at  2:17:26 

     This program is part of the open-source Quantum ESPRESSO suite
     for quantum simulation of materials; please cite
         "P. Giannozzi et al., J. Phys.:Condens. Matter 21 395502 (2009);
          URL http://www.quantum-espresso.org", 
     in publications or presentations arising from this work. More details at
     http://www.quantum-espresso.org/quote

     Parallel version (MPI), running on     8 processors
     R & G space division:  proc/nbgrp/npool/nimage =       8

     ***** This is GIPAW svn revision unknown      *****

     Parallelizing q-star over 1 images

     Reading data from directory:
     /users/majewski/paradichlorobenzene/pbe/9_constraint/scratch/pbe.ecut100.np8.dt60.pcl2phi-129368.save
     Message from routine read_xml_file:
     file /users/majewski/paradichlorobenzene/pbe/9_constraint/scratch/pbe.ecut100.np8.dt60.pcl2phi-129368.save not guaranteed to be safe for post-processing

   Info: using nr1, nr2, nr3 values from input

   Info: using nr1, nr2, nr3 values from input

     IMPORTANT: XC functional enforced from input :
     Exchange-correlation      =  SLA  PW   PBX  PBC ( 1  4  3  4 0 0)
     Any further DFT definition will be discarded
     Please, verify this is what you really want

               file C.pbe-n-kjpaw_psl.1.0.0.UPF: wavefunction(s)  2S 2P renormalized
               file Cl.pbe-n-kjpaw_psl.1.0.0.UPF: wavefunction(s)  3S 3P renormalized
               file H.pbe-kjpaw_psl.1.0.0.UPF: wavefunction(s)  1S renormalized

     Parallelization info
     --------------------
     sticks:   dense  smooth     PW     G-vecs:    dense   smooth      PW
     Min        3057    1223    332               144436    36536    5170
     Max        3059    1225    333               144437    36537    5171
     Sum       24467    9791   2657              1155489   292295   41363


     Subspace diagonalization in iterative solution of the eigenvalue problem:
     a serial algorithm will be used

     GIPAW projectors -----------------------------------------------
     atom=  C    l=0  rc=    1.2000  rs=    0.8000
     atom=  C    l=0  rc=    1.2000  rs=    0.8000
     atom=  C    l=1  rc=    1.4000  rs=    0.9333
     atom=  C    l=1  rc=    1.4000  rs=    0.9333
     projs nearly linearly dependent: l=1  n1,n2= 1, 2  s=  0.99951561

     atom=  Cl   l=0  rc=    1.6000  rs=    1.0667
     atom=  Cl   l=0  rc=    1.6000  rs=    1.0667
     atom=  Cl   l=1  rc=    1.6000  rs=    1.0667
     atom=  Cl   l=1  rc=    1.6000  rs=    1.0667
     atom=  Cl   l=2  rc=    1.6000  rs=    1.0667
     atom=  Cl   l=2  rc=    1.6000  rs=    1.0667
     projs nearly linearly dependent: l=2  n1,n2= 1, 2  s=  0.99993509

     atom=  H    l=0  rc=    1.0000  rs=    0.6667
     atom=  H    l=0  rc=    1.0000  rs=    0.6667
     projs nearly linearly dependent: l=0  n1,n2= 1, 2  s=  0.99968852
     -----------------------------------------------------------------

     GIPAW integrals: -------------------------------------------
     Atom  i/j   nmr_para   nmr_dia   epr_rmc  epr_para   epr_dia
       C   1 1   0.83E+03  0.17E-01  0.93E+01  0.24E+08  0.24E+03
       C   2 1   0.86E+03 -0.61E-01  0.94E+01  0.25E+08  0.25E+03
       C   2 2   0.90E+03 -0.15E+00  0.97E+01  0.26E+08  0.26E+03
       C   3 3   0.33E+01  0.34E+00  0.18E+01  0.55E+03  0.21E+02
       C   4 3   0.35E+01  0.37E+00  0.20E+01  0.59E+03  0.22E+02
       C   4 4   0.38E+01  0.39E+00  0.22E+01  0.63E+03  0.24E+02
       Cl  1 1   0.14E+04 -0.47E+00  0.84E+01  0.32E+09  0.42E+03
       Cl  2 1   0.21E+04 -0.37E+00  0.12E+02  0.49E+09  0.65E+03
       Cl  2 2   0.33E+04 -0.16E+00  0.21E+02  0.76E+09  0.10E+04
       Cl  3 3   0.21E+02  0.79E-01  0.89E+01  0.23E+05  0.13E+03
       Cl  4 3   0.24E+02  0.67E-01  0.99E+01  0.27E+05  0.15E+03
       Cl  4 4   0.28E+02  0.44E-01  0.11E+02  0.32E+05  0.18E+03
       Cl  5 5   0.77E+00  0.19E+00  0.18E+01  0.12E+03  0.22E+02
       Cl  6 5   0.80E+00  0.19E+00  0.19E+01  0.12E+03  0.23E+02
       Cl  6 6   0.83E+00  0.20E+00  0.19E+01  0.12E+03  0.23E+02
       H   1 1   0.39E+02  0.19E+00  0.29E+00  0.78E+05  0.13E+02
       H   2 1   0.41E+02  0.21E+00  0.32E+00  0.82E+05  0.14E+02
       H   2 2   0.43E+02  0.22E+00  0.36E+00  0.86E+05  0.15E+02
     ------------------------------------------------------------

     alpha_pv=     33.7225 eV

     Number of occupied bands for each k-point:
     k-point:     1    nbnd_occ=  42
     k-point:     2    nbnd_occ=  42
     k-point:     3    nbnd_occ=  42
     k-point:     4    nbnd_occ=  42
     k-point:     5    nbnd_occ=  42
     k-point:     6    nbnd_occ=  42
     k-point:     7    nbnd_occ=  42
     k-point:     8    nbnd_occ=  42
     k-point:     9    nbnd_occ=  42
     k-point:    10    nbnd_occ=  42
     k-point:    11    nbnd_occ=  42
     k-point:    12    nbnd_occ=  42
     k-point:    13    nbnd_occ=  42
     k-point:    14    nbnd_occ=  42
     k-point:    15    nbnd_occ=  42
     k-point:    16    nbnd_occ=  42


     q-space interpolation up to   110.00 Rydberg

     GIPAW job: efg                                                                             


     ELECTRIC FIELD GRADIENTS TENSORS IN Hartree/bohrradius^2:

     ----- bare term -----
     Cl   1       -0.065259        0.139521        0.108461
     Cl   1        0.139521       -0.003803        0.141077
     Cl   1        0.108461        0.141077        0.069062

     C    2       -0.356382       -0.011069       -0.341713
     C    2       -0.011069       -0.058647       -0.448171
     C    2       -0.341713       -0.448171        0.415029

     C    3       -0.109307        0.107412       -0.253810
     C    3        0.107412       -0.141731       -0.640243
     C    3       -0.253810       -0.640243        0.251038

     H    4       -0.014881        0.074550       -0.528077
     H    4        0.074550        0.087141        0.219306
     H    4       -0.528077        0.219306       -0.072260

     C    5       -0.168197        0.406842       -0.044672
     C    5        0.406842       -0.301756       -0.414103
     C    5       -0.044672       -0.414103        0.469953

     H    6        0.475681       -0.040056       -0.155144
     H    6       -0.040056       -0.071552       -0.417612
     H    6       -0.155144       -0.417612       -0.404130

     H    7        0.363397        0.065735        0.156298
     H    7        0.065735       -0.248780        0.457968
     H    7        0.156298        0.457968       -0.114617

     C    8       -0.523336       -0.329513       -0.336402
     C    8       -0.329513        0.311606        0.255357
     C    8       -0.336402        0.255357        0.211730

     H    9        0.152220        0.026486       -0.367979
     H    9        0.026486        0.195208       -0.280138
     H    9       -0.367979       -0.280138       -0.347428

     C   10        0.086646       -0.333606       -0.087390
     C   10       -0.333606       -0.128755        0.551725
     C   10       -0.087390        0.551725        0.042109

     C   11       -0.493283       -0.269410       -0.402811
     C   11       -0.269410        0.211010        0.278521
     C   11       -0.402811        0.278521        0.282273

     Cl  12        0.048890        0.111118       -0.013735
     Cl  12        0.111118        0.012921        0.014310
     Cl  12       -0.013735        0.014310       -0.061811

     H   13        0.499853       -0.030119        0.043223
     H   13       -0.030119       -0.099887       -0.376954
     H   13        0.043223       -0.376954       -0.399966

     C   14       -0.490138        0.329907       -0.186690
     C   14        0.329907        0.053264       -0.454376
     C   14       -0.186690       -0.454376        0.436874

     H   15       -0.013940        0.042568       -0.530826
     H   15        0.042568        0.139358        0.218528
     H   15       -0.530826        0.218528       -0.125418

     C   16       -0.053655        0.211755       -0.193361
     C   16        0.211755       -0.077601       -0.627189
     C   16       -0.193361       -0.627189        0.131256

     C   17       -0.274851        0.248766       -0.511753
     C   17        0.248766        0.108218       -0.412551
     C   17       -0.511753       -0.412551        0.166633

     Cl  18        0.006246        0.093005        0.004285
     Cl  18        0.093005        0.037829        0.031474
     Cl  18        0.004285        0.031474       -0.044074

     H   19        0.376548        0.011999        0.229677
     H   19        0.011999        0.148388        0.239092
     H   19        0.229677        0.239092       -0.524937

     C   20       -0.136780       -0.086486       -0.268062
     C   20       -0.086486       -0.169502        0.292536
     C   20       -0.268062        0.292536        0.306282

     H   21        0.162152        0.067644       -0.223588
     H   21        0.067644        0.397283       -0.070343
     H   21       -0.223588       -0.070343       -0.559435

     C   22       -0.329325       -0.267723       -0.289578
     C   22       -0.267723       -0.096187        0.228479
     C   22       -0.289578        0.228479        0.425513

     C   23       -0.028074        0.091122       -0.347996
     C   23        0.091122       -0.206485        0.500312
     C   23       -0.347996        0.500312        0.234559

     Cl  24       -0.080502       -0.084767       -0.098765
     Cl  24       -0.084767       -0.068660        0.016161
     Cl  24       -0.098765        0.016161        0.149162

     ----- ionic term -----
     Cl   1        0.071231       -0.211264       -0.003805
     Cl   1       -0.211264        0.067683        0.012872
     Cl   1       -0.003805        0.012872       -0.138914

     C    2        0.123660       -0.202956        0.316612
     C    2       -0.202956        0.037440        0.433854
     C    2        0.316612        0.433854       -0.161100

     C    3        0.025364       -0.299213        0.220917
     C    3       -0.299213        0.117756        0.407431
     C    3        0.220917        0.407431       -0.143120

     H    4        0.441577        0.056056        0.791241
     H    4        0.056056       -0.538316        0.119043
     H    4        0.791241        0.119043        0.096739

     C    5        0.138772       -0.305749        0.239382
     C    5       -0.305749        0.049741        0.294066
     C    5        0.239382        0.294066       -0.188513

     H    6       -0.542930       -0.012073        0.013262
     H    6       -0.012073        0.416305        0.801343
     H    6        0.013262        0.801343        0.126625

     H    7       -0.527484       -0.057934        0.065189
     H    7       -0.057934        0.763713       -0.650229
     H    7        0.065189       -0.650229       -0.236229

     C    8        0.148361        0.275863        0.299085
     C    8        0.275863        0.009784       -0.260716
     C    8        0.299085       -0.260716       -0.158144

     H    9        0.337986       -0.093070        0.785649
     H    9       -0.093070       -0.527811       -0.169718
     H    9        0.785649       -0.169718        0.189825

     C   10        0.060099        0.356056        0.178964
     C   10        0.356056        0.034116       -0.407564
     C   10        0.178964       -0.407564       -0.094215

     C   11        0.088596        0.300562        0.298837
     C   11        0.300562       -0.081487       -0.391951
     C   11        0.298837       -0.391951       -0.007109

     Cl  12        0.165894        0.215265        0.024785
     Cl  12        0.215265       -0.039623        0.009358
     Cl  12        0.024785        0.009358       -0.126272

     H   13       -0.520627        0.031569        0.051952
     H   13        0.031569        0.571734        0.762433
     H   13        0.051952        0.762433       -0.051107

     C   14        0.245050       -0.256607        0.308129
     C   14       -0.256607        0.026766        0.289016
     C   14        0.308129        0.289016       -0.271816

     H   15        0.594752        0.215269        0.731132
     H   15        0.215269       -0.480835        0.204454
     H   15        0.731132        0.204454       -0.113918

     C   16        0.091036       -0.248063        0.224148
     C   16       -0.248063        0.148377        0.390646
     C   16        0.224148        0.390646       -0.239413

     C   17        0.049824       -0.212093        0.268714
     C   17       -0.212093        0.106756        0.403966
     C   17        0.268714        0.403966       -0.156580

     Cl  18        0.078236       -0.191547       -0.002499
     Cl  18       -0.191547        0.039385        0.015774
     Cl  18       -0.002499        0.015774       -0.117621

     H   19       -0.539944        0.044366       -0.042898
     H   19        0.044366        0.262671       -0.791372
     H   19       -0.042898       -0.791372        0.277273

     C   20        0.138407        0.289480        0.277907
     C   20        0.289480       -0.137989       -0.277462
     C   20        0.277907       -0.277462       -0.000418

     H   21        0.139570       -0.047486        0.798365
     H   21       -0.047486       -0.568118       -0.117084
     H   21        0.798365       -0.117084        0.428548

     C   22        0.016358        0.316354        0.194405
     C   22        0.316354       -0.027224       -0.391487
     C   22        0.194405       -0.391487        0.010866

     C   23        0.033862        0.271902        0.314976
     C   23        0.271902       -0.042138       -0.409798
     C   23        0.314976       -0.409798        0.008276

     Cl  24        0.098546        0.205350        0.026343
     Cl  24        0.205350        0.028862        0.009142
     Cl  24        0.026343        0.009142       -0.127409

     ----- GIPAW term -----
     Cl   1        0.608694       -0.633663        1.171951
     Cl   1       -0.633663        0.136999        1.566394
     Cl   1        1.171951        1.566394       -0.745693

     C    2       -0.035602       -0.130792       -0.029428
     C    2       -0.130792       -0.052172       -0.055730
     C    2       -0.029428       -0.055730        0.087774

     C    3       -0.085504       -0.040026       -0.045368
     C    3       -0.040026        0.096884       -0.159091
     C    3       -0.045368       -0.159091       -0.011381

     H    4       -0.000000        0.000000        0.000000
     H    4        0.000000        0.000000        0.000000
     H    4        0.000000        0.000000        0.000000

     C    5        0.069779        0.048587        0.113094
     C    5        0.048587       -0.144771       -0.096110
     C    5        0.113094       -0.096110        0.074992

     H    6       -0.000000        0.000000        0.000000
     H    6        0.000000        0.000000        0.000000
     H    6        0.000000        0.000000        0.000000

     H    7       -0.000000        0.000000        0.000000
     H    7        0.000000        0.000000        0.000000
     H    7        0.000000        0.000000        0.000000

     C    8       -0.119194       -0.130932       -0.091645
     C    8       -0.130932        0.134692        0.143222
     C    8       -0.091645        0.143222       -0.015498

     H    9       -0.000000        0.000000        0.000000
     H    9        0.000000        0.000000        0.000000
     H    9        0.000000        0.000000        0.000000

     C   10       -0.052572       -0.127122       -0.042422
     C   10       -0.127122        0.131893        0.150398
     C   10       -0.042422        0.150398       -0.079321

     C   11       -0.088817        0.012737       -0.059385
     C   11        0.012737        0.202602       -0.005006
     C   11       -0.059385       -0.005006       -0.113785

     Cl  12        1.674844        2.886897       -0.069496
     Cl  12        2.886897        0.180442        0.147255
     Cl  12       -0.069496        0.147255       -1.855285

     H   13       -0.000000        0.000000        0.000000
     H   13        0.000000        0.000000        0.000000
     H   13        0.000000        0.000000        0.000000

     C   14       -0.165426        0.040839       -0.006913
     C   14        0.040839        0.033452       -0.225529
     C   14       -0.006913       -0.225529        0.131973

     H   15       -0.000000        0.000000        0.000000
     H   15        0.000000        0.000000        0.000000
     H   15        0.000000        0.000000        0.000000

     C   16       -0.120226        0.056477       -0.059675
     C   16        0.056477        0.123862       -0.234164
     C   16       -0.059675       -0.234164       -0.003637

     C   17        0.004180        0.078921       -0.137375
     C   17        0.078921        0.124665       -0.131746
     C   17       -0.137375       -0.131746       -0.128845

     Cl  18        0.413851        0.319978        0.267879
     Cl  18        0.319978        2.115299        0.659524
     Cl  18        0.267879        0.659524       -2.529151

     H   19       -0.000000        0.000000        0.000000
     H   19        0.000000        0.000000        0.000000
     H   19        0.000000        0.000000        0.000000

     C   20       -0.051298       -0.006845       -0.134555
     C   20       -0.006845       -0.149160        0.060135
     C   20       -0.134555        0.060135        0.200458

     H   21       -0.000000        0.000000        0.000000
     H   21        0.000000        0.000000        0.000000
     H   21        0.000000        0.000000        0.000000

     C   22       -0.147956       -0.026931       -0.126003
     C   22       -0.026931       -0.101492        0.055323
     C   22       -0.126003        0.055323        0.249448

     C   23        0.013935        0.163096       -0.068521
     C   23        0.163096        0.030733       -0.027594
     C   23       -0.068521       -0.027594       -0.044668

     Cl  24        0.944979        1.886822       -0.775599
     Cl  24        1.886822       -0.395568        0.133243
     Cl  24       -0.775599        0.133243       -0.549410

     ----- total EFG -----
     Cl   1        0.614666       -0.705406        1.276608
     Cl   1       -0.705406        0.200879        1.720343
     Cl   1        1.276608        1.720343       -0.815545

     C    2       -0.268324       -0.344817       -0.054529
     C    2       -0.344817       -0.073379       -0.070047
     C    2       -0.054529       -0.070047        0.341703

     C    3       -0.169446       -0.231827       -0.078260
     C    3       -0.231827        0.072909       -0.391903
     C    3       -0.078260       -0.391903        0.096537

     H    4        0.426696        0.130606        0.263164
     H    4        0.130606       -0.451175        0.338349
     H    4        0.263164        0.338349        0.024479

     C    5        0.040354        0.149680        0.307804
     C    5        0.149680       -0.396786       -0.216148
     C    5        0.307804       -0.216148        0.356432

     H    6       -0.067249       -0.052129       -0.141882
     H    6       -0.052129        0.344753        0.383731
     H    6       -0.141882        0.383731       -0.277504

     H    7       -0.164087        0.007802        0.221487
     H    7        0.007802        0.514934       -0.192261
     H    7        0.221487       -0.192261       -0.350846

     C    8       -0.494170       -0.184582       -0.128963
     C    8       -0.184582        0.456082        0.137863
     C    8       -0.128963        0.137863        0.038088

     H    9        0.490206       -0.066584        0.417670
     H    9       -0.066584       -0.332602       -0.449856
     H    9        0.417670       -0.449856       -0.157604

     C   10        0.094173       -0.104673        0.049151
     C   10       -0.104673        0.037254        0.294559
     C   10        0.049151        0.294559       -0.131427

     C   11       -0.493504        0.043890       -0.163358
     C   11        0.043890        0.332125       -0.118436
     C   11       -0.163358       -0.118436        0.161379

     Cl  12        1.889628        3.213280       -0.058446
     Cl  12        3.213280        0.153740        0.170924
     Cl  12       -0.058446        0.170924       -2.043368

     H   13       -0.020773        0.001450        0.095175
     H   13        0.001450        0.471847        0.385479
     H   13        0.095175        0.385479       -0.451074

     C   14       -0.410513        0.114140        0.114525
     C   14        0.114140        0.113482       -0.390889
     C   14        0.114525       -0.390889        0.297031

     H   15        0.580813        0.257837        0.200306
     H   15        0.257837       -0.341477        0.422982
     H   15        0.200306        0.422982       -0.239335

     C   16       -0.082844        0.020169       -0.028888
     C   16        0.020169        0.194638       -0.470707
     C   16       -0.028888       -0.470707       -0.111794

     C   17       -0.220847        0.115593       -0.380414
     C   17        0.115593        0.339639       -0.140331
     C   17       -0.380414       -0.140331       -0.118792

     Cl  18        0.498333        0.221436        0.269665
     Cl  18        0.221436        2.192513        0.706772
     Cl  18        0.269665        0.706772       -2.690846

     H   19       -0.163396        0.056365        0.186780
     H   19        0.056365        0.411060       -0.552280
     H   19        0.186780       -0.552280       -0.247664

     C   20       -0.049671        0.196148       -0.124710
     C   20        0.196148       -0.456651        0.075208
     C   20       -0.124710        0.075208        0.506323

     H   21        0.301722        0.020157        0.574776
     H   21        0.020157       -0.170835       -0.187427
     H   21        0.574776       -0.187427       -0.130888

     C   22       -0.460924        0.021700       -0.221176
     C   22        0.021700       -0.224904       -0.107685
     C   22       -0.221176       -0.107685        0.685828

     C   23        0.019722        0.526121       -0.101541
     C   23        0.526121       -0.217890        0.062920
     C   23       -0.101541        0.062920        0.198168

     Cl  24        0.963023        2.007405       -0.848021
     Cl  24        2.007405       -0.435366        0.158546
     Cl  24       -0.848021        0.158546       -0.527657

     ----- total EFG (symmetrized) -----
     Cl   1        0.614666       -0.705406        1.276608
     Cl   1       -0.705406        0.200879        1.720343
     Cl   1        1.276608        1.720343       -0.815545

     C    2       -0.268324       -0.344817       -0.054529
     C    2       -0.344817       -0.073379       -0.070047
     C    2       -0.054529       -0.070047        0.341703

     C    3       -0.169446       -0.231827       -0.078260
     C    3       -0.231827        0.072909       -0.391903
     C    3       -0.078260       -0.391903        0.096537

     H    4        0.426696        0.130606        0.263164
     H    4        0.130606       -0.451175        0.338349
     H    4        0.263164        0.338349        0.024479

     C    5        0.040354        0.149680        0.307804
     C    5        0.149680       -0.396786       -0.216148
     C    5        0.307804       -0.216148        0.356432

     H    6       -0.067249       -0.052129       -0.141882
     H    6       -0.052129        0.344753        0.383731
     H    6       -0.141882        0.383731       -0.277504

     H    7       -0.164087        0.007802        0.221487
     H    7        0.007802        0.514934       -0.192261
     H    7        0.221487       -0.192261       -0.350846

     C    8       -0.494170       -0.184582       -0.128963
     C    8       -0.184582        0.456082        0.137863
     C    8       -0.128963        0.137863        0.038088

     H    9        0.490206       -0.066584        0.417670
     H    9       -0.066584       -0.332602       -0.449856
     H    9        0.417670       -0.449856       -0.157604

     C   10        0.094173       -0.104673        0.049151
     C   10       -0.104673        0.037254        0.294559
     C   10        0.049151        0.294559       -0.131427

     C   11       -0.493504        0.043890       -0.163358
     C   11        0.043890        0.332125       -0.118436
     C   11       -0.163358       -0.118436        0.161379

     Cl  12        1.889628        3.213280       -0.058446
     Cl  12        3.213280        0.153740        0.170924
     Cl  12       -0.058446        0.170924       -2.043368

     H   13       -0.020773        0.001450        0.095175
     H   13        0.001450        0.471847        0.385479
     H   13        0.095175        0.385479       -0.451074

     C   14       -0.410513        0.114140        0.114525
     C   14        0.114140        0.113482       -0.390889
     C   14        0.114525       -0.390889        0.297031

     H   15        0.580813        0.257837        0.200306
     H   15        0.257837       -0.341477        0.422982
     H   15        0.200306        0.422982       -0.239335

     C   16       -0.082844        0.020169       -0.028888
     C   16        0.020169        0.194638       -0.470707
     C   16       -0.028888       -0.470707       -0.111794

     C   17       -0.220847        0.115593       -0.380414
     C   17        0.115593        0.339639       -0.140331
     C   17       -0.380414       -0.140331       -0.118792

     Cl  18        0.498333        0.221436        0.269665
     Cl  18        0.221436        2.192513        0.706772
     Cl  18        0.269665        0.706772       -2.690846

     H   19       -0.163396        0.056365        0.186780
     H   19        0.056365        0.411060       -0.552280
     H   19        0.186780       -0.552280       -0.247664

     C   20       -0.049671        0.196148       -0.124710
     C   20        0.196148       -0.456651        0.075208
     C   20       -0.124710        0.075208        0.506323

     H   21        0.301722        0.020157        0.574776
     H   21        0.020157       -0.170835       -0.187427
     H   21        0.574776       -0.187427       -0.130888

     C   22       -0.460924        0.021700       -0.221176
     C   22        0.021700       -0.224904       -0.107685
     C   22       -0.221176       -0.107685        0.685828

     C   23        0.019722        0.526121       -0.101541
     C   23        0.526121       -0.217890        0.062920
     C   23       -0.101541        0.062920        0.198168

     Cl  24        0.963023        2.007405       -0.848021
     Cl  24        2.007405       -0.435366        0.158546
     Cl  24       -0.848021        0.158546       -0.527657


     NQR/NMR SPECTROSCOPIC PARAMETERS:
     Cl   1    Vxx=    1.1428    axis=( -0.807361  0.590004 -0.008004)
     Cl   1    Vyy=    1.5847    axis=( -0.435905 -0.605523 -0.665830)
     Cl   1    Vzz=   -2.7276    axis=( -0.397688 -0.534076  0.746061)
     Cl   1  Q=        -8.1650 1e-30 m^2  Cq=        52.3270 MHz  eta= 0.16202

     C    2    Vxx=    0.1843    axis=(  0.610660 -0.780184 -0.135675)
     C    2    Vyy=    0.3532    axis=( -0.006012  0.166757 -0.985980)
     C    2    Vzz=   -0.5375    axis=(  0.791870  0.602914  0.097142)
     C    2  Q=         1.0000 1e-30 m^2  Cq=        -1.2630 MHz  eta= 0.31418

     C    3    Vxx=   -0.0212    axis=( -0.780751  0.317583  0.538116)
     C    3    Vyy=   -0.4740    axis=(  0.600828  0.618036  0.506989)
     C    3    Vzz=    0.4952    axis=(  0.171563 -0.719147  0.673345)
     C    3  Q=         1.0000 1e-30 m^2  Cq=         1.1634 MHz  eta= 0.91434

     H    4    Vxx=   -0.0013    axis=( -0.565786  0.384403  0.729466)
     H    4    Vyy=   -0.6270    axis=(  0.005689  0.886480 -0.462731)
     H    4    Vzz=    0.6283    axis=( -0.824533 -0.257657 -0.503745)
     H    4  Q=         1.0000 1e-30 m^2  Cq=         1.4762 MHz  eta= 0.99574

     C    5    Vxx=   -0.0068    axis=(  0.783606  0.502941 -0.364709)
     C    5    Vyy=   -0.5506    axis=( -0.392379  0.855801  0.337111)
     C    5    Vzz=    0.5574    axis=(  0.481665 -0.121058  0.867954)
     C    5  Q=         1.0000 1e-30 m^2  Cq=         1.3097 MHz  eta= 0.97547

     H    6    Vxx=   -0.0593    axis=(  0.952030  0.266176 -0.150959)
     H    6    Vyy=   -0.4877    axis=( -0.250059  0.392376 -0.885162)
     H    6    Vzz=    0.5470    axis=( -0.176376  0.880450  0.440113)
     H    6  Q=         1.0000 1e-30 m^2  Cq=         1.2853 MHz  eta= 0.78309

     H    7    Vxx=   -0.0335    axis=( -0.852555 -0.162054 -0.496879)
     H    7    Vyy=   -0.5244    axis=( -0.519527  0.159197  0.839493)
     H    7    Vzz=    0.5579    axis=( -0.056942  0.973856 -0.219916)
     H    7  Q=         1.0000 1e-30 m^2  Cq=         1.3108 MHz  eta= 0.87984

     C    8    Vxx=    0.0051    axis=( -0.118003 -0.334152  0.935103)
     C    8    Vyy=    0.5420    axis=( -0.203785  0.929789  0.306537)
     C    8    Vzz=   -0.5471    axis=( -0.971878 -0.154388 -0.177813)
     C    8  Q=         1.0000 1e-30 m^2  Cq=        -1.2854 MHz  eta= 0.98136

     H    9    Vxx=   -0.0180    axis=(  0.528088  0.657202 -0.537781)
     H    9    Vyy=   -0.7453    axis=( -0.191240  0.709059  0.678721)
     H    9    Vzz=    0.7632    axis=(  0.827375 -0.255579  0.500129)
     H    9  Q=         1.0000 1e-30 m^2  Cq=         1.7933 MHz  eta= 0.95285

     C   10    Vxx=    0.0991    axis=(  0.926633  0.123318  0.355168)
     C   10    Vyy=    0.2769    axis=( -0.308767  0.788601  0.531763)
     C   10    Vzz=   -0.3759    axis=( -0.214510 -0.602413  0.768820)
     C   10  Q=         1.0000 1e-30 m^2  Cq=        -0.8833 MHz  eta= 0.47289

     C   11    Vxx=    0.1244    axis=( -0.184526  0.515888  0.836546)
     C   11    Vyy=    0.4079    axis=( -0.132136 -0.856457  0.499020)
     C   11    Vzz=   -0.5323    axis=( -0.973905  0.018456 -0.226206)
     C   11  Q=         1.0000 1e-30 m^2  Cq=        -1.2506 MHz  eta= 0.53267

     Cl  12    Vxx=   -1.9595    axis=( -0.275343  0.346138  0.896870)
     Cl  12    Vyy=   -2.3912    axis=( -0.542289  0.714408 -0.442203)
     Cl  12    Vzz=    4.3506    axis=( -0.793794 -0.608120 -0.009000)
     Cl  12  Q=        -8.1650 1e-30 m^2  Cq=       -83.4648 MHz  eta= 0.09923

     H   13    Vxx=   -0.0090    axis=(  0.987080 -0.102022  0.123553)
     H   13    Vyy=   -0.6045    axis=( -0.150930 -0.333129  0.930723)
     H   13    Vzz=    0.6135    axis=( -0.053795 -0.937346 -0.344223)
     H   13  Q=         1.0000 1e-30 m^2  Cq=         1.4415 MHz  eta= 0.97063

     C   14    Vxx=   -0.1105    axis=(  0.471220  0.698924  0.538013)
     C   14    Vyy=   -0.4967    axis=( -0.881808  0.360073  0.304568)
     C   14    Vzz=    0.6071    axis=(  0.019146 -0.617943  0.785990)
     C   14  Q=         1.0000 1e-30 m^2  Cq=         1.4265 MHz  eta= 0.63613

     H   15    Vxx=   -0.0312    axis=(  0.460911 -0.557871 -0.690175)
     H   15    Vyy=   -0.7195    axis=(  0.050827 -0.759838  0.648123)
     H   15    Vzz=    0.7507    axis=( -0.885990 -0.333806 -0.321863)
     H   15  Q=         1.0000 1e-30 m^2  Cq=         1.7639 MHz  eta= 0.91686

     C   16    Vxx=   -0.0843    axis=(  0.998080 -0.061620  0.006254)
     C   16    Vyy=   -0.4540    axis=(  0.031134  0.586440  0.809394)
     C   16    Vzz=    0.5382    axis=( -0.053542 -0.807645  0.587233)
     C   16  Q=         1.0000 1e-30 m^2  Cq=         1.2646 MHz  eta= 0.68686

     C   17    Vxx=    0.0846    axis=(  0.539974 -0.580161 -0.609788)
     C   17    Vyy=    0.4691    axis=(  0.378772  0.814477 -0.439499)
     C   17    Vzz=   -0.5537    axis=(  0.751638  0.006348  0.659545)
     C   17  Q=         1.0000 1e-30 m^2  Cq=        -1.3009 MHz  eta= 0.69457

     Cl  18    Vxx=    0.4789    axis=(  0.987587 -0.148605  0.050883)
     Cl  18    Vyy=    2.3291    axis=(  0.139886  0.979432  0.145412)
     Cl  18    Vzz=   -2.8080    axis=( -0.071446 -0.136489  0.988062)
     Cl  18  Q=        -8.1650 1e-30 m^2  Cq=        53.8696 MHz  eta= 0.65890

     H   19    Vxx=   -0.0891    axis=(  0.926445  0.227105  0.300206)
     H   19    Vyy=   -0.6378    axis=( -0.373085  0.447874  0.812537)
     H   19    Vzz=    0.7269    axis=(  0.050077 -0.864773  0.499660)
     H   19  Q=         1.0000 1e-30 m^2  Cq=         1.7079 MHz  eta= 0.75497

     C   20    Vxx=    0.0146    axis=(  0.900529  0.401443  0.167005)
     C   20    Vyy=    0.5342    axis=(  0.197413 -0.035282 -0.979685)
     C   20    Vzz=   -0.5488    axis=( -0.387396  0.915204 -0.111023)
     C   20  Q=         1.0000 1e-30 m^2  Cq=        -1.2895 MHz  eta= 0.94664

     H   21    Vxx=   -0.1146    axis=(  0.294235  0.923662 -0.245510)
     H   21    Vyy=   -0.5944    axis=( -0.507712  0.368698  0.778647)
     H   21    Vzz=    0.7090    axis=(  0.809725 -0.104456  0.577437)
     H   21  Q=         1.0000 1e-30 m^2  Cq=         1.6659 MHz  eta= 0.67675

     C   22    Vxx=   -0.2374    axis=(  0.014726 -0.993558 -0.112360)
     C   22    Vyy=   -0.5021    axis=(  0.983186 -0.006067  0.182504)
     C   22    Vzz=    0.7395    axis=( -0.182010 -0.113158  0.976764)
     C   22  Q=         1.0000 1e-30 m^2  Cq=         1.7376 MHz  eta= 0.35795

     C   23    Vxx=    0.2063    axis=(  0.049300  0.206101  0.977288)
     C   23    Vyy=    0.4470    axis=( -0.780878 -0.602121  0.166373)
     C   23    Vzz=   -0.6534    axis=(  0.622735 -0.771345  0.131255)
     C   23  Q=         1.0000 1e-30 m^2  Cq=        -1.5351 MHz  eta= 0.36844

     Cl  24    Vxx=   -0.3944    axis=(  0.062699 -0.424061 -0.903461)
     Cl  24    Vyy=   -2.1169    axis=(  0.576247 -0.723724  0.379688)
     Cl  24    Vzz=    2.5113    axis=( -0.814867 -0.544423  0.198987)
     Cl  24  Q=        -8.1650 1e-30 m^2  Cq=       -48.1776 MHz  eta= 0.68591

     Initialization:
     gipaw_setup  :      9.25s CPU     11.24s WALL (       1 calls)

     Linear response

     Apply operators

     Induced current

     Other routines
     efg          :      9.99s CPU     12.48s WALL (       1 calls)

     General routines
     calbec       :      3.61s CPU      4.51s WALL (      16 calls)
     fft          :      1.88s CPU      3.19s WALL (      15 calls)
     ffts         :      0.04s CPU      0.04s WALL (       2 calls)
     fftw         :      3.46s CPU      4.27s WALL (     672 calls)
     davcio       :      0.02s CPU      0.31s WALL (      32 calls)

     Parallel routines
     fft_scatter  :      2.63s CPU      4.65s WALL (     689 calls)

     Plugins

     GIPAW        :     61.83s CPU     73.95s WALL (       1 calls)
