
     Program QE v.6.0 (svn rev. 13079) starts on 30Dec2016 at 15:31:34 

     This program is part of the open-source Quantum ESPRESSO suite
     for quantum simulation of materials; please cite
         "P. Giannozzi et al., J. Phys.:Condens. Matter 21 395502 (2009);
          URL http://www.quantum-espresso.org", 
     in publications or presentations arising from this work. More details at
     http://www.quantum-espresso.org/quote

     Parallel version (MPI), running on     8 processors
     R & G space division:  proc/nbgrp/npool/nimage =       8

     ***** This is GIPAW svn revision unknown      *****

     Parallelizing q-star over 1 images

     Reading data from directory:
     /users/majewski/paradichlorobenzene/pbe/9_constraint/scratch/pbe.ecut100.np8.dt60.pcl2phi-129368.save
     Message from routine read_xml_file:
     file /users/majewski/paradichlorobenzene/pbe/9_constraint/scratch/pbe.ecut100.np8.dt60.pcl2phi-129368.save not guaranteed to be safe for post-processing

   Info: using nr1, nr2, nr3 values from input

   Info: using nr1, nr2, nr3 values from input

     IMPORTANT: XC functional enforced from input :
     Exchange-correlation      =  SLA  PW   PBX  PBC ( 1  4  3  4 0 0)
     Any further DFT definition will be discarded
     Please, verify this is what you really want

               file C.pbe-n-kjpaw_psl.1.0.0.UPF: wavefunction(s)  2S 2P renormalized
               file Cl.pbe-n-kjpaw_psl.1.0.0.UPF: wavefunction(s)  3S 3P renormalized
               file H.pbe-kjpaw_psl.1.0.0.UPF: wavefunction(s)  1S renormalized

     Parallelization info
     --------------------
     sticks:   dense  smooth     PW     G-vecs:    dense   smooth      PW
     Min        3057    1223    332               144436    36536    5170
     Max        3059    1225    333               144437    36537    5171
     Sum       24467    9791   2657              1155489   292295   41363


     Subspace diagonalization in iterative solution of the eigenvalue problem:
     a serial algorithm will be used

     GIPAW projectors -----------------------------------------------
     atom=  C    l=0  rc=    1.2000  rs=    0.8000
     atom=  C    l=0  rc=    1.2000  rs=    0.8000
     atom=  C    l=1  rc=    1.4000  rs=    0.9333
     atom=  C    l=1  rc=    1.4000  rs=    0.9333
     projs nearly linearly dependent: l=1  n1,n2= 1, 2  s=  0.99951561

     atom=  Cl   l=0  rc=    1.6000  rs=    1.0667
     atom=  Cl   l=0  rc=    1.6000  rs=    1.0667
     atom=  Cl   l=1  rc=    1.6000  rs=    1.0667
     atom=  Cl   l=1  rc=    1.6000  rs=    1.0667
     atom=  Cl   l=2  rc=    1.6000  rs=    1.0667
     atom=  Cl   l=2  rc=    1.6000  rs=    1.0667
     projs nearly linearly dependent: l=2  n1,n2= 1, 2  s=  0.99993509

     atom=  H    l=0  rc=    1.0000  rs=    0.6667
     atom=  H    l=0  rc=    1.0000  rs=    0.6667
     projs nearly linearly dependent: l=0  n1,n2= 1, 2  s=  0.99968852
     -----------------------------------------------------------------

     GIPAW integrals: -------------------------------------------
     Atom  i/j   nmr_para   nmr_dia   epr_rmc  epr_para   epr_dia
       C   1 1   0.83E+03  0.17E-01  0.93E+01  0.24E+08  0.24E+03
       C   2 1   0.86E+03 -0.61E-01  0.94E+01  0.25E+08  0.25E+03
       C   2 2   0.90E+03 -0.15E+00  0.97E+01  0.26E+08  0.26E+03
       C   3 3   0.33E+01  0.34E+00  0.18E+01  0.55E+03  0.21E+02
       C   4 3   0.35E+01  0.37E+00  0.20E+01  0.59E+03  0.22E+02
       C   4 4   0.38E+01  0.39E+00  0.22E+01  0.63E+03  0.24E+02
       Cl  1 1   0.14E+04 -0.47E+00  0.84E+01  0.32E+09  0.42E+03
       Cl  2 1   0.21E+04 -0.37E+00  0.12E+02  0.49E+09  0.65E+03
       Cl  2 2   0.33E+04 -0.16E+00  0.21E+02  0.76E+09  0.10E+04
       Cl  3 3   0.21E+02  0.79E-01  0.89E+01  0.23E+05  0.13E+03
       Cl  4 3   0.24E+02  0.67E-01  0.99E+01  0.27E+05  0.15E+03
       Cl  4 4   0.28E+02  0.44E-01  0.11E+02  0.32E+05  0.18E+03
       Cl  5 5   0.77E+00  0.19E+00  0.18E+01  0.12E+03  0.22E+02
       Cl  6 5   0.80E+00  0.19E+00  0.19E+01  0.12E+03  0.23E+02
       Cl  6 6   0.83E+00  0.20E+00  0.19E+01  0.12E+03  0.23E+02
       H   1 1   0.39E+02  0.19E+00  0.29E+00  0.78E+05  0.13E+02
       H   2 1   0.41E+02  0.21E+00  0.32E+00  0.82E+05  0.14E+02
       H   2 2   0.43E+02  0.22E+00  0.36E+00  0.86E+05  0.15E+02
     ------------------------------------------------------------

     alpha_pv=     33.9631 eV

     Number of occupied bands for each k-point:
     k-point:     1    nbnd_occ=  42
     k-point:     2    nbnd_occ=  42
     k-point:     3    nbnd_occ=  42
     k-point:     4    nbnd_occ=  42
     k-point:     5    nbnd_occ=  42
     k-point:     6    nbnd_occ=  42
     k-point:     7    nbnd_occ=  42
     k-point:     8    nbnd_occ=  42
     k-point:     9    nbnd_occ=  42
     k-point:    10    nbnd_occ=  42
     k-point:    11    nbnd_occ=  42
     k-point:    12    nbnd_occ=  42
     k-point:    13    nbnd_occ=  42
     k-point:    14    nbnd_occ=  42
     k-point:    15    nbnd_occ=  42
     k-point:    16    nbnd_occ=  42


     q-space interpolation up to   110.00 Rydberg

     GIPAW job: efg                                                                             


     ELECTRIC FIELD GRADIENTS TENSORS IN Hartree/bohrradius^2:

     ----- bare term -----
     Cl   1       -0.301192        0.346225        0.066293
     Cl   1        0.346225        0.043628       -0.100069
     Cl   1        0.066293       -0.100069        0.257564

     C    2        0.031544       -0.213626       -0.375465
     C    2       -0.213626        0.002818       -0.675718
     C    2       -0.375465       -0.675718       -0.034362

     C    3       -0.626467        0.327145       -0.357860
     C    3        0.327145        0.209063       -0.042505
     C    3       -0.357860       -0.042505        0.417404

     H    4       -0.118704       -0.190360       -0.429022
     H    4       -0.190360        0.249818       -0.420178
     H    4       -0.429022       -0.420178       -0.131113

     C    5       -0.073017       -0.198829       -0.342488
     C    5       -0.198829       -0.158533       -0.357352
     C    5       -0.342488       -0.357352        0.231550

     H    6        0.310551        0.153290        0.235956
     H    6        0.153290       -0.145060       -0.568974
     H    6        0.235956       -0.568974       -0.165491

     H    7        0.412619        0.070672        0.005329
     H    7        0.070672       -0.483074        0.593699
     H    7        0.005329        0.593699        0.070455

     C    8       -0.849302       -0.419701       -0.425964
     C    8       -0.419701        0.512588        0.077961
     C    8       -0.425964        0.077961        0.336714

     H    9        0.136323        0.091874       -0.290063
     H    9        0.091874        0.373983       -0.193253
     H    9       -0.290063       -0.193253       -0.510306

     C   10        0.186717       -0.222595       -0.006091
     C   10       -0.222595       -0.152477        0.407372
     C   10       -0.006091        0.407372       -0.034240

     C   11       -0.233389       -0.170272       -0.397946
     C   11       -0.170272        0.096283        0.014352
     C   11       -0.397946        0.014352        0.137106

     Cl  12        0.002297        0.324064        0.120114
     Cl  12        0.324064       -0.313267       -0.217001
     Cl  12        0.120114       -0.217001        0.310971

     H   13        0.517496        0.030567        0.011240
     H   13        0.030567        0.059783       -0.118600
     H   13        0.011240       -0.118600       -0.577279

     C   14       -0.502738        0.282691       -0.045932
     C   14        0.282691        0.196234        0.013833
     C   14       -0.045932        0.013833        0.306504

     H   15       -0.042467        0.196160       -0.488647
     H   15        0.196160       -0.044885        0.151682
     H   15       -0.488647        0.151682        0.087352

     C   16        0.224595        0.018981       -0.218122
     C   16        0.018981       -0.150407       -0.539104
     C   16       -0.218122       -0.539104       -0.074187

     C   17       -0.769914        0.450623       -0.333296
     C   17        0.450623        0.298396       -0.054793
     C   17       -0.333296       -0.054793        0.471518

     Cl  18        0.047308       -0.157289       -0.054548
     Cl  18       -0.157289        0.039406        0.041065
     Cl  18       -0.054548        0.041065       -0.086714

     H   19        0.352578        0.356216       -0.056494
     H   19        0.356216       -0.683859        0.314679
     H   19       -0.056494        0.314679        0.331280

     C   20       -0.068222       -0.278015       -0.094207
     C   20       -0.278015       -0.081941        0.406160
     C   20       -0.094207        0.406160        0.150163

     H   21        0.097282        0.120294       -0.392430
     H   21        0.120294        0.472756        0.240929
     H   21       -0.392430        0.240929       -0.570038

     C   22       -0.748593       -0.361842       -0.356176
     C   22       -0.361842        0.234952       -0.003830
     C   22       -0.356176       -0.003830        0.513641

     C   23        0.010699        0.082384       -0.274237
     C   23        0.082384       -0.227019        0.429703
     C   23       -0.274237        0.429703        0.216319

     Cl  24       -0.216417       -0.144867       -0.024232
     Cl  24       -0.144867       -0.078284       -0.117590
     Cl  24       -0.024232       -0.117590        0.294701

     ----- ionic term -----
     Cl   1        0.122879       -0.202601       -0.013653
     Cl   1       -0.202601        0.009723        0.025513
     Cl   1       -0.013653        0.025513       -0.132602

     C    2        0.134697       -0.246309        0.257871
     C    2       -0.246309       -0.033197        0.445598
     C    2        0.257871        0.445598       -0.101500

     C    3        0.148680       -0.278932        0.162761
     C    3       -0.278932        0.023027        0.405263
     C    3        0.162761        0.405263       -0.171707

     H    4        0.641607        0.168652        0.729907
     H    4        0.168652       -0.529814        0.172262
     H    4        0.729907        0.172262       -0.111793

     C    5        0.228527       -0.228024        0.229297
     C    5       -0.228024       -0.033807        0.330906
     C    5        0.229297        0.330906       -0.194720

     H    6       -0.542500       -0.028306       -0.017189
     H    6       -0.028306        0.481314        0.801768
     H    6       -0.017189        0.801768        0.061186

     H    7       -0.532086       -0.072268        0.051027
     H    7       -0.072268        0.686684       -0.682995
     H    7        0.051027       -0.682995       -0.154598

     C    8        0.176348        0.217608        0.434139
     C    8        0.217608        0.074599       -0.237402
     C    8        0.434139       -0.237402       -0.250946

     H    9        0.251049       -0.285656        0.770895
     H    9       -0.285656       -0.377276       -0.323925
     H    9        0.770895       -0.323925        0.126227

     C   10        0.008550        0.224655        0.318822
     C   10        0.224655        0.211250       -0.326052
     C   10        0.318822       -0.326052       -0.219800

     C   11        0.063673        0.209120        0.384253
     C   11        0.209120        0.131415       -0.376510
     C   11        0.384253       -0.376510       -0.195089

     Cl  12        0.120397        0.219638        0.030356
     Cl  12        0.219638        0.032446        0.006501
     Cl  12        0.030356        0.006501       -0.152843

     H   13       -0.513483        0.008010        0.035498
     H   13        0.008010        0.405676        0.793750
     H   13        0.035498        0.793750        0.107807

     C   14        0.246779       -0.252761        0.246842
     C   14       -0.252761       -0.101908        0.335171
     C   14        0.246842        0.335171       -0.144871

     H   15        0.517376        0.224277        0.719347
     H   15        0.224277       -0.470854        0.252283
     H   15        0.719347        0.252283       -0.046522

     C   16        0.147262       -0.293018        0.128815
     C   16       -0.293018        0.009491        0.441805
     C   16        0.128815        0.441805       -0.156754

     C   17        0.213274       -0.222054        0.269941
     C   17       -0.222054       -0.074917        0.412688
     C   17        0.269941        0.412688       -0.138357

     Cl  18        0.165098       -0.229515        0.012129
     Cl  18       -0.229515       -0.036396       -0.002535
     Cl  18        0.012129       -0.002535       -0.128702

     H   19       -0.515079       -0.138741        0.096605
     H   19       -0.138741        0.710025       -0.649153
     H   19        0.096605       -0.649153       -0.194945

     C   20        0.135147        0.240538        0.413585
     C   20        0.240538        0.102468       -0.238720
     C   20        0.413585       -0.238720       -0.237616

     H   21        0.318856       -0.103812        0.826137
     H   21       -0.103812       -0.531405       -0.162795
     H   21        0.826137       -0.162795        0.212549

     C   22        0.014026        0.300414        0.305947
     C   22        0.300414        0.198410       -0.320933
     C   22        0.305947       -0.320933       -0.212435

     C   23        0.098149        0.159812        0.402803
     C   23        0.159812        0.094236       -0.390737
     C   23        0.402803       -0.390737       -0.192385

     Cl  24        0.094839        0.185107        0.027208
     Cl  24        0.185107        0.048311        0.019886
     Cl  24        0.027208        0.019886       -0.143150

     ----- GIPAW term -----
     Cl   1       -1.012162       -1.283500        0.804913
     Cl   1       -1.283500        1.111440       -2.073101
     Cl   1        0.804913       -2.073101       -0.099279

     C    2       -0.050426       -0.134135       -0.041971
     C    2       -0.134135        0.214993       -0.083866
     C    2       -0.041971       -0.083866       -0.164567

     C    3       -0.151975       -0.108792       -0.125099
     C    3       -0.108792        0.173007        0.149365
     C    3       -0.125099        0.149365       -0.021032

     H    4       -0.000000        0.000000        0.000000
     H    4        0.000000        0.000000        0.000000
     H    4        0.000000        0.000000        0.000000

     C    5       -0.077289       -0.137675       -0.103190
     C    5       -0.137675        0.054423        0.116298
     C    5       -0.103190        0.116298        0.022866

     H    6       -0.000000        0.000000        0.000000
     H    6        0.000000        0.000000        0.000000
     H    6        0.000000        0.000000        0.000000

     H    7       -0.000000        0.000000        0.000000
     H    7        0.000000        0.000000        0.000000
     H    7        0.000000        0.000000        0.000000

     C    8       -0.197590       -0.139442       -0.032728
     C    8       -0.139442        0.283051       -0.052631
     C    8       -0.032728       -0.052631       -0.085460

     H    9       -0.000000        0.000000        0.000000
     H    9        0.000000        0.000000        0.000000
     H    9        0.000000        0.000000        0.000000

     C   10       -0.023680       -0.065392       -0.009974
     C   10       -0.065392        0.089993        0.077270
     C   10       -0.009974        0.077270       -0.066313

     C   11        0.020297       -0.059440       -0.045827
     C   11       -0.059440        0.050723        0.003661
     C   11       -0.045827        0.003661       -0.071020

     Cl  12        0.228898        0.043001       -0.205480
     Cl  12        0.043001        0.616681        0.331518
     Cl  12       -0.205480        0.331518       -0.845580

     H   13       -0.000000        0.000000        0.000000
     H   13        0.000000        0.000000        0.000000
     H   13        0.000000        0.000000        0.000000

     C   14       -0.066724       -0.025176        0.024985
     C   14       -0.025176        0.076139       -0.012926
     C   14        0.024985       -0.012926       -0.009415

     H   15       -0.000000        0.000000        0.000000
     H   15        0.000000        0.000000        0.000000
     H   15        0.000000        0.000000        0.000000

     C   16       -0.049062       -0.034142       -0.020505
     C   16       -0.034142        0.163086       -0.036453
     C   16       -0.020505       -0.036453       -0.114024

     C   17       -0.143666       -0.088985       -0.061117
     C   17       -0.088985        0.215216        0.110513
     C   17       -0.061117        0.110513       -0.071550

     Cl  18        1.677788       -3.529457       -0.628686
     Cl  18       -3.529457        0.518748        0.486167
     Cl  18       -0.628686        0.486167       -2.196536

     H   19       -0.000000        0.000000        0.000000
     H   19        0.000000        0.000000        0.000000
     H   19        0.000000        0.000000        0.000000

     C   20       -0.076935       -0.148786        0.028494
     C   20       -0.148786        0.204301        0.005407
     C   20        0.028494        0.005407       -0.127366

     H   21       -0.000000        0.000000        0.000000
     H   21        0.000000        0.000000        0.000000
     H   21        0.000000        0.000000        0.000000

     C   22       -0.263761       -0.047111       -0.057967
     C   22       -0.047111        0.126467       -0.204556
     C   22       -0.057967       -0.204556        0.137294

     C   23       -0.066906        0.118892       -0.033544
     C   23        0.118892        0.102843       -0.153901
     C   23       -0.033544       -0.153901       -0.035937

     Cl  24       -0.648714        1.392466       -0.176948
     Cl  24        1.392466       -0.738625       -1.426938
     Cl  24       -0.176948       -1.426938        1.387338

     ----- total EFG -----
     Cl   1       -1.190474       -1.139876        0.857553
     Cl   1       -1.139876        1.164792       -2.147656
     Cl   1        0.857553       -2.147656        0.025682

     C    2        0.115815       -0.594070       -0.159565
     C    2       -0.594070        0.184614       -0.313986
     C    2       -0.159565       -0.313986       -0.300429

     C    3       -0.629762       -0.060579       -0.320198
     C    3       -0.060579        0.405097        0.512123
     C    3       -0.320198        0.512123        0.224665

     H    4        0.522903       -0.021708        0.300885
     H    4       -0.021708       -0.279996       -0.247916
     H    4        0.300885       -0.247916       -0.242906

     C    5        0.078221       -0.564528       -0.216380
     C    5       -0.564528       -0.137916        0.089852
     C    5       -0.216380        0.089852        0.059696

     H    6       -0.231949        0.124983        0.218768
     H    6        0.124983        0.336254        0.232794
     H    6        0.218768        0.232794       -0.104305

     H    7       -0.119467       -0.001595        0.056356
     H    7       -0.001595        0.203610       -0.089296
     H    7        0.056356       -0.089296       -0.084143

     C    8       -0.870545       -0.341535       -0.024553
     C    8       -0.341535        0.870237       -0.212072
     C    8       -0.024553       -0.212072        0.000307

     H    9        0.387372       -0.193782        0.480832
     H    9       -0.193782       -0.003293       -0.517178
     H    9        0.480832       -0.517178       -0.384079

     C   10        0.171587       -0.063332        0.302758
     C   10       -0.063332        0.148767        0.158590
     C   10        0.302758        0.158590       -0.320354

     C   11       -0.149418       -0.020593       -0.059520
     C   11       -0.020593        0.278421       -0.358497
     C   11       -0.059520       -0.358497       -0.129003

     Cl  12        0.351591        0.586702       -0.055010
     Cl  12        0.586702        0.335860        0.121018
     Cl  12       -0.055010        0.121018       -0.687452

     H   13        0.004013        0.038577        0.046738
     H   13        0.038577        0.465459        0.675150
     H   13        0.046738        0.675150       -0.469472

     C   14       -0.322683        0.004754        0.225894
     C   14        0.004754        0.170464        0.336079
     C   14        0.225894        0.336079        0.152219

     H   15        0.474909        0.420438        0.230700
     H   15        0.420438       -0.515739        0.403966
     H   15        0.230700        0.403966        0.040830

     C   16        0.322795       -0.308178       -0.109813
     C   16       -0.308178        0.022170       -0.133752
     C   16       -0.109813       -0.133752       -0.344966

     C   17       -0.700306        0.139584       -0.124472
     C   17        0.139584        0.438696        0.468408
     C   17       -0.124472        0.468408        0.261610

     Cl  18        1.890194       -3.916261       -0.671105
     Cl  18       -3.916261        0.521759        0.524696
     Cl  18       -0.671105        0.524696       -2.411953

     H   19       -0.162501        0.217475        0.040111
     H   19        0.217475        0.026166       -0.334474
     H   19        0.040111       -0.334474        0.136335

     C   20       -0.010009       -0.186263        0.347872
     C   20       -0.186263        0.224829        0.172848
     C   20        0.347872        0.172848       -0.214820

     H   21        0.416138        0.016483        0.433707
     H   21        0.016483       -0.058649        0.078133
     H   21        0.433707        0.078133       -0.357489

     C   22       -0.998328       -0.108540       -0.108196
     C   22       -0.108540        0.559829       -0.529319
     C   22       -0.108196       -0.529319        0.438500

     C   23        0.041943        0.361088        0.095022
     C   23        0.361088       -0.029940       -0.114935
     C   23        0.095022       -0.114935       -0.012003

     Cl  24       -0.770291        1.432705       -0.173972
     Cl  24        1.432705       -0.768598       -1.524643
     Cl  24       -0.173972       -1.524643        1.538889

     ----- total EFG (symmetrized) -----
     Cl   1       -1.190474       -1.139876        0.857553
     Cl   1       -1.139876        1.164792       -2.147656
     Cl   1        0.857553       -2.147656        0.025682

     C    2        0.115815       -0.594070       -0.159565
     C    2       -0.594070        0.184614       -0.313986
     C    2       -0.159565       -0.313986       -0.300429

     C    3       -0.629762       -0.060579       -0.320198
     C    3       -0.060579        0.405097        0.512123
     C    3       -0.320198        0.512123        0.224665

     H    4        0.522903       -0.021708        0.300885
     H    4       -0.021708       -0.279996       -0.247916
     H    4        0.300885       -0.247916       -0.242906

     C    5        0.078221       -0.564528       -0.216380
     C    5       -0.564528       -0.137916        0.089852
     C    5       -0.216380        0.089852        0.059696

     H    6       -0.231949        0.124983        0.218768
     H    6        0.124983        0.336254        0.232794
     H    6        0.218768        0.232794       -0.104305

     H    7       -0.119467       -0.001595        0.056356
     H    7       -0.001595        0.203610       -0.089296
     H    7        0.056356       -0.089296       -0.084143

     C    8       -0.870545       -0.341535       -0.024553
     C    8       -0.341535        0.870237       -0.212072
     C    8       -0.024553       -0.212072        0.000307

     H    9        0.387372       -0.193782        0.480832
     H    9       -0.193782       -0.003293       -0.517178
     H    9        0.480832       -0.517178       -0.384079

     C   10        0.171587       -0.063332        0.302758
     C   10       -0.063332        0.148767        0.158590
     C   10        0.302758        0.158590       -0.320354

     C   11       -0.149418       -0.020593       -0.059520
     C   11       -0.020593        0.278421       -0.358497
     C   11       -0.059520       -0.358497       -0.129003

     Cl  12        0.351591        0.586702       -0.055010
     Cl  12        0.586702        0.335860        0.121018
     Cl  12       -0.055010        0.121018       -0.687452

     H   13        0.004013        0.038577        0.046738
     H   13        0.038577        0.465459        0.675150
     H   13        0.046738        0.675150       -0.469472

     C   14       -0.322683        0.004754        0.225894
     C   14        0.004754        0.170464        0.336079
     C   14        0.225894        0.336079        0.152219

     H   15        0.474909        0.420438        0.230700
     H   15        0.420438       -0.515739        0.403966
     H   15        0.230700        0.403966        0.040830

     C   16        0.322795       -0.308178       -0.109813
     C   16       -0.308178        0.022170       -0.133752
     C   16       -0.109813       -0.133752       -0.344966

     C   17       -0.700306        0.139584       -0.124472
     C   17        0.139584        0.438696        0.468408
     C   17       -0.124472        0.468408        0.261610

     Cl  18        1.890194       -3.916261       -0.671105
     Cl  18       -3.916261        0.521759        0.524696
     Cl  18       -0.671105        0.524696       -2.411953

     H   19       -0.162501        0.217475        0.040111
     H   19        0.217475        0.026166       -0.334474
     H   19        0.040111       -0.334474        0.136335

     C   20       -0.010009       -0.186263        0.347872
     C   20       -0.186263        0.224829        0.172848
     C   20        0.347872        0.172848       -0.214820

     H   21        0.416138        0.016483        0.433707
     H   21        0.016483       -0.058649        0.078133
     H   21        0.433707        0.078133       -0.357489

     C   22       -0.998328       -0.108540       -0.108196
     C   22       -0.108540        0.559829       -0.529319
     C   22       -0.108196       -0.529319        0.438500

     C   23        0.041943        0.361088        0.095022
     C   23        0.361088       -0.029940       -0.114935
     C   23        0.095022       -0.114935       -0.012003

     Cl  24       -0.770291        1.432705       -0.173972
     Cl  24        1.432705       -0.768598       -1.524643
     Cl  24       -0.173972       -1.524643        1.538889


     NQR/NMR SPECTROSCOPIC PARAMETERS:
     Cl   1    Vxx=   -1.6188    axis=( -0.448599  0.423512  0.787017)
     Cl   1    Vyy=   -1.6541    axis=( -0.840297 -0.499794 -0.210017)
     Cl   1    Vzz=    3.2729    axis=(  0.304402 -0.755541  0.580083)
     Cl   1  Q=        -8.1650 1e-30 m^2  Cq=       -62.7899 MHz  eta= 0.01078

     C    2    Vxx=   -0.0440    axis=( -0.539555 -0.350777  0.765399)
     C    2    Vyy=   -0.7158    axis=(  0.527111  0.568143  0.631955)
     C    2    Vzz=    0.7599    axis=( -0.656531  0.744425 -0.121646)
     C    2  Q=         1.0000 1e-30 m^2  Cq=         1.7853 MHz  eta= 0.88406

     C    3    Vxx=   -0.1299    axis=( -0.341218 -0.669876  0.659421)
     C    3    Vyy=   -0.7483    axis=( -0.924634  0.112934 -0.363728)
     C    3    Vzz=    0.8782    axis=(  0.169181 -0.733834 -0.657925)
     C    3  Q=         1.0000 1e-30 m^2  Cq=         2.0634 MHz  eta= 0.70419

     H    4    Vxx=   -0.0919    axis=( -0.315375 -0.742563  0.590879)
     H    4    Vyy=   -0.5469    axis=(  0.191062 -0.659590 -0.726936)
     H    4    Vzz=    0.6389    axis=(  0.929534 -0.116363  0.349894)
     H    4  Q=         1.0000 1e-30 m^2  Cq=         1.5011 MHz  eta= 0.71218

     C    5    Vxx=   -0.0209    axis=(  0.212786 -0.316901  0.924281)
     C    5    Vyy=   -0.6121    axis=( -0.649464 -0.752609 -0.108523)
     C    5    Vzz=    0.6330    axis=(  0.730013 -0.577195 -0.365960)
     C    5  Q=         1.0000 1e-30 m^2  Cq=         1.4874 MHz  eta= 0.93389

     H    6    Vxx=   -0.0962    axis=(  0.568140 -0.511341  0.644785)
     H    6    Vyy=   -0.3987    axis=( -0.774526 -0.067498  0.628930)
     H    6    Vzz=    0.4949    axis=(  0.278076  0.856723  0.434395)
     H    6  Q=         1.0000 1e-30 m^2  Cq=         1.1627 MHz  eta= 0.61138

     H    7    Vxx=   -0.0610    axis=(  0.670116  0.240959  0.702056)
     H    7    Vyy=   -0.1689    axis=(  0.740586 -0.153634 -0.654163)
     H    7    Vzz=    0.2299    axis=(  0.049767 -0.958298  0.281404)
     H    7  Q=         1.0000 1e-30 m^2  Cq=         0.5402 MHz  eta= 0.46938

     C    8    Vxx=   -0.0379    axis=( -0.105972  0.188161  0.976404)
     C    8    Vyy=   -0.9396    axis=(  0.978802  0.192809  0.069076)
     C    8    Vzz=    0.9775    axis=( -0.175262  0.963026 -0.204605)
     C    8  Q=         1.0000 1e-30 m^2  Cq=         2.2966 MHz  eta= 0.92246

     H    9    Vxx=   -0.0123    axis=(  0.628989  0.744843 -0.222670)
     H    9    Vyy=   -0.8214    axis=(  0.259720 -0.471296 -0.842867)
     H    9    Vzz=    0.8338    axis=( -0.732748  0.472322 -0.489890)
     H    9  Q=         1.0000 1e-30 m^2  Cq=         1.9590 MHz  eta= 0.97044

     C   10    Vxx=    0.1920    axis=(  0.184875 -0.964369 -0.189247)
     C   10    Vyy=    0.3166    axis=(  0.891763  0.083689  0.444697)
     C   10    Vzz=   -0.5086    axis=( -0.413014 -0.250976  0.875460)
     C   10  Q=         1.0000 1e-30 m^2  Cq=        -1.1951 MHz  eta= 0.24494

     C   11    Vxx=   -0.1312    axis=(  0.957834 -0.160458 -0.238342)
     C   11    Vyy=   -0.3561    axis=(  0.286679  0.478285  0.830096)
     C   11    Vzz=    0.4873    axis=(  0.019200  0.863421 -0.504118)
     C   11  Q=         1.0000 1e-30 m^2  Cq=         1.1449 MHz  eta= 0.46167

     Cl  12    Vxx=   -0.2105    axis=( -0.686826  0.681670  0.252183)
     Cl  12    Vyy=   -0.7213    axis=(  0.158143 -0.198497  0.967259)
     Cl  12    Vzz=    0.9318    axis=( -0.709409 -0.704219 -0.028531)
     Cl  12  Q=        -8.1650 1e-30 m^2  Cq=       -17.8759 MHz  eta= 0.54816

     H   13    Vxx=    0.0009    axis=(  0.997275 -0.073500 -0.006405)
     H   13    Vyy=    0.8230    axis=(  0.068078  0.883285  0.463867)
     H   13    Vzz=   -0.8239    axis=( -0.028437 -0.463039  0.885882)
     H   13  Q=         1.0000 1e-30 m^2  Cq=        -1.9358 MHz  eta= 0.99789

     C   14    Vxx=   -0.0856    axis=( -0.486275  0.698393 -0.525151)
     C   14    Vyy=   -0.4437    axis=( -0.852162 -0.246096  0.461798)
     C   14    Vzz=    0.5293    axis=(  0.193280  0.672074  0.714814)
     C   14  Q=         1.0000 1e-30 m^2  Cq=         1.2436 MHz  eta= 0.67671

     H   15    Vxx=   -0.0174    axis=( -0.548471  0.196153  0.812836)
     H   15    Vyy=   -0.7910    axis=( -0.230642  0.898894 -0.372550)
     H   15    Vzz=    0.8084    axis=( -0.803731 -0.391807 -0.447777)
     H   15  Q=         1.0000 1e-30 m^2  Cq=         1.8994 MHz  eta= 0.95707

     C   16    Vxx=   -0.0654    axis=(  0.434949  0.733804 -0.521872)
     C   16    Vyy=   -0.4506    axis=(  0.293382  0.432455  0.852590)
     C   16    Vzz=    0.5160    axis=( -0.851320  0.523941  0.027189)
     C   16  Q=         1.0000 1e-30 m^2  Cq=         1.2123 MHz  eta= 0.74660

     C   17    Vxx=   -0.0722    axis=( -0.282027 -0.605364  0.744309)
     C   17    Vyy=   -0.7552    axis=( -0.959222  0.193122 -0.206389)
     C   17    Vzz=    0.8274    axis=( -0.018802 -0.772164 -0.635144)
     C   17  Q=         1.0000 1e-30 m^2  Cq=         1.9440 MHz  eta= 0.82549

     Cl  18    Vxx=   -2.5029    axis=(  0.012049 -0.155744  0.987724)
     Cl  18    Vyy=   -2.7730    axis=( -0.648459 -0.753136 -0.110844)
     Cl  18    Vzz=    5.2758    axis=(  0.761154 -0.639163 -0.110068)
     Cl  18  Q=        -8.1650 1e-30 m^2  Cq=      -101.2143 MHz  eta= 0.05119

     H   19    Vxx=   -0.0289    axis=(  0.753323  0.361629  0.549299)
     H   19    Vyy=   -0.4133    axis=(  0.627968 -0.643643 -0.437471)
     H   19    Vzz=    0.4422    axis=( -0.195350 -0.674499  0.711962)
     H   19  Q=         1.0000 1e-30 m^2  Cq=         1.0390 MHz  eta= 0.86949

     C   20    Vxx=    0.2264    axis=(  0.603196  0.456198  0.654246)
     C   20    Vyy=    0.3290    axis=( -0.543177  0.835617 -0.081872)
     C   20    Vzz=   -0.5554    axis=( -0.584049 -0.305987  0.751837)
     C   20  Q=         1.0000 1e-30 m^2  Cq=        -1.3050 MHz  eta= 0.18462

     H   21    Vxx=   -0.0536    axis=(  0.116303 -0.989275 -0.088370)
     H   21    Vyy=   -0.5602    axis=(  0.400824  0.128156 -0.907147)
     H   21    Vzz=    0.6138    axis=(  0.908743  0.070083  0.411430)
     H   21  Q=         1.0000 1e-30 m^2  Cq=         1.4421 MHz  eta= 0.82532

     C   22    Vxx=   -0.0099    axis=( -0.152956  0.656817  0.738374)
     C   22    Vyy=   -1.0220    axis=( -0.988223 -0.105040 -0.111274)
     C   22    Vzz=    1.0320    axis=(  0.004472 -0.746698  0.665148)
     C   22  Q=         1.0000 1e-30 m^2  Cq=         2.4248 MHz  eta= 0.98074

     C   23    Vxx=    0.0433    axis=(  0.248414 -0.245628  0.936994)
     C   23    Vyy=    0.3690    axis=( -0.738523 -0.673957  0.019122)
     C   23    Vzz=   -0.4123    axis=(  0.626797 -0.696742 -0.348822)
     C   23  Q=         1.0000 1e-30 m^2  Cq=        -0.9688 MHz  eta= 0.78988

     Cl  24    Vxx=   -0.0528    axis=(  0.748955  0.435708  0.499225)
     Cl  24    Vyy=   -2.4599    axis=(  0.608950 -0.749622 -0.259321)
     Cl  24    Vzz=    2.5126    axis=( -0.261241 -0.498223  0.826757)
     Cl  24  Q=        -8.1650 1e-30 m^2  Cq=       -48.2038 MHz  eta= 0.95800

     Initialization:
     gipaw_setup  :      9.18s CPU     11.19s WALL (       1 calls)

     Linear response

     Apply operators

     Induced current

     Other routines
     efg          :      9.16s CPU     11.47s WALL (       1 calls)

     General routines
     calbec       :      3.20s CPU      4.19s WALL (      16 calls)
     fft          :      1.35s CPU      1.64s WALL (      15 calls)
     ffts         :      0.04s CPU      0.05s WALL (       2 calls)
     fftw         :      3.18s CPU      3.95s WALL (     672 calls)
     davcio       :      0.02s CPU      0.31s WALL (      32 calls)

     Parallel routines
     fft_scatter  :      1.88s CPU      2.78s WALL (     689 calls)

     Plugins

     GIPAW        :     61.31s CPU     74.65s WALL (       1 calls)
