
     Program QE v.6.0 (svn rev. 13079) starts on 24Dec2016 at 15:52:58 

     This program is part of the open-source Quantum ESPRESSO suite
     for quantum simulation of materials; please cite
         "P. Giannozzi et al., J. Phys.:Condens. Matter 21 395502 (2009);
          URL http://www.quantum-espresso.org", 
     in publications or presentations arising from this work. More details at
     http://www.quantum-espresso.org/quote

     Parallel version (MPI), running on     8 processors
     R & G space division:  proc/nbgrp/npool/nimage =       8

     ***** This is GIPAW svn revision unknown      *****

     Parallelizing q-star over 1 images

     Reading data from directory:
     /users/majewski/paradichlorobenzene/pbe/9_constraint/scratch/pbe.ecut100.np8.dt60.pcl2phi-129368.save
     Message from routine read_xml_file:
     file /users/majewski/paradichlorobenzene/pbe/9_constraint/scratch/pbe.ecut100.np8.dt60.pcl2phi-129368.save not guaranteed to be safe for post-processing

   Info: using nr1, nr2, nr3 values from input

   Info: using nr1, nr2, nr3 values from input

     IMPORTANT: XC functional enforced from input :
     Exchange-correlation      =  SLA  PW   PBX  PBC ( 1  4  3  4 0 0)
     Any further DFT definition will be discarded
     Please, verify this is what you really want

               file C.pbe-n-kjpaw_psl.1.0.0.UPF: wavefunction(s)  2S 2P renormalized
               file Cl.pbe-n-kjpaw_psl.1.0.0.UPF: wavefunction(s)  3S 3P renormalized
               file H.pbe-kjpaw_psl.1.0.0.UPF: wavefunction(s)  1S renormalized

     Parallelization info
     --------------------
     sticks:   dense  smooth     PW     G-vecs:    dense   smooth      PW
     Min        3057    1223    332               144436    36536    5170
     Max        3059    1225    333               144437    36537    5171
     Sum       24467    9791   2657              1155489   292295   41363


     Subspace diagonalization in iterative solution of the eigenvalue problem:
     a serial algorithm will be used

     GIPAW projectors -----------------------------------------------
     atom=  C    l=0  rc=    1.2000  rs=    0.8000
     atom=  C    l=0  rc=    1.2000  rs=    0.8000
     atom=  C    l=1  rc=    1.4000  rs=    0.9333
     atom=  C    l=1  rc=    1.4000  rs=    0.9333
     projs nearly linearly dependent: l=1  n1,n2= 1, 2  s=  0.99951561

     atom=  Cl   l=0  rc=    1.6000  rs=    1.0667
     atom=  Cl   l=0  rc=    1.6000  rs=    1.0667
     atom=  Cl   l=1  rc=    1.6000  rs=    1.0667
     atom=  Cl   l=1  rc=    1.6000  rs=    1.0667
     atom=  Cl   l=2  rc=    1.6000  rs=    1.0667
     atom=  Cl   l=2  rc=    1.6000  rs=    1.0667
     projs nearly linearly dependent: l=2  n1,n2= 1, 2  s=  0.99993509

     atom=  H    l=0  rc=    1.0000  rs=    0.6667
     atom=  H    l=0  rc=    1.0000  rs=    0.6667
     projs nearly linearly dependent: l=0  n1,n2= 1, 2  s=  0.99968852
     -----------------------------------------------------------------

     GIPAW integrals: -------------------------------------------
     Atom  i/j   nmr_para   nmr_dia   epr_rmc  epr_para   epr_dia
       C   1 1   0.83E+03  0.17E-01  0.93E+01  0.24E+08  0.24E+03
       C   2 1   0.86E+03 -0.61E-01  0.94E+01  0.25E+08  0.25E+03
       C   2 2   0.90E+03 -0.15E+00  0.97E+01  0.26E+08  0.26E+03
       C   3 3   0.33E+01  0.34E+00  0.18E+01  0.55E+03  0.21E+02
       C   4 3   0.35E+01  0.37E+00  0.20E+01  0.59E+03  0.22E+02
       C   4 4   0.38E+01  0.39E+00  0.22E+01  0.63E+03  0.24E+02
       Cl  1 1   0.14E+04 -0.47E+00  0.84E+01  0.32E+09  0.42E+03
       Cl  2 1   0.21E+04 -0.37E+00  0.12E+02  0.49E+09  0.65E+03
       Cl  2 2   0.33E+04 -0.16E+00  0.21E+02  0.76E+09  0.10E+04
       Cl  3 3   0.21E+02  0.79E-01  0.89E+01  0.23E+05  0.13E+03
       Cl  4 3   0.24E+02  0.67E-01  0.99E+01  0.27E+05  0.15E+03
       Cl  4 4   0.28E+02  0.44E-01  0.11E+02  0.32E+05  0.18E+03
       Cl  5 5   0.77E+00  0.19E+00  0.18E+01  0.12E+03  0.22E+02
       Cl  6 5   0.80E+00  0.19E+00  0.19E+01  0.12E+03  0.23E+02
       Cl  6 6   0.83E+00  0.20E+00  0.19E+01  0.12E+03  0.23E+02
       H   1 1   0.39E+02  0.19E+00  0.29E+00  0.78E+05  0.13E+02
       H   2 1   0.41E+02  0.21E+00  0.32E+00  0.82E+05  0.14E+02
       H   2 2   0.43E+02  0.22E+00  0.36E+00  0.86E+05  0.15E+02
     ------------------------------------------------------------

     alpha_pv=     33.9261 eV

     Number of occupied bands for each k-point:
     k-point:     1    nbnd_occ=  42
     k-point:     2    nbnd_occ=  42
     k-point:     3    nbnd_occ=  42
     k-point:     4    nbnd_occ=  42
     k-point:     5    nbnd_occ=  42
     k-point:     6    nbnd_occ=  42
     k-point:     7    nbnd_occ=  42
     k-point:     8    nbnd_occ=  42
     k-point:     9    nbnd_occ=  42
     k-point:    10    nbnd_occ=  42
     k-point:    11    nbnd_occ=  42
     k-point:    12    nbnd_occ=  42
     k-point:    13    nbnd_occ=  42
     k-point:    14    nbnd_occ=  42
     k-point:    15    nbnd_occ=  42
     k-point:    16    nbnd_occ=  42


     q-space interpolation up to   110.00 Rydberg

     GIPAW job: efg                                                                             


     ELECTRIC FIELD GRADIENTS TENSORS IN Hartree/bohrradius^2:

     ----- bare term -----
     Cl   1       -0.004681        0.060332        0.041139
     Cl   1        0.060332        0.047941        0.084632
     Cl   1        0.041139        0.084632       -0.043260

     C    2       -0.790700        0.308031       -0.308007
     C    2        0.308031        0.239880       -0.014012
     C    2       -0.308007       -0.014012        0.550821

     C    3        0.252197       -0.026193        0.116208
     C    3       -0.026193       -0.370978       -0.248383
     C    3        0.116208       -0.248383        0.118781

     H    4       -0.435875       -0.270651        0.270098
     H    4       -0.270651        0.296420       -0.022896
     H    4        0.270098       -0.022896        0.139455

     C    5       -0.622978        0.248751       -0.353950
     C    5        0.248751        0.144858        0.008730
     C    5       -0.353950        0.008730        0.478120

     H    6        0.346965       -0.326993        0.186830
     H    6       -0.326993       -0.531818        0.021459
     H    6        0.186830        0.021459        0.184853

     H    7        0.420406       -0.042392        0.095008
     H    7       -0.042392       -0.254918        0.617528
     H    7        0.095008        0.617528       -0.165488

     C    8       -0.182088        0.003355       -0.378843
     C    8        0.003355       -0.170111        0.380021
     C    8       -0.378843        0.380021        0.352198

     H    9        0.018467        0.108852       -0.452597
     H    9        0.108852        0.449758       -0.031362
     H    9       -0.452597       -0.031362       -0.468224

     C   10       -0.610156       -0.352208       -0.343844
     C   10       -0.352208        0.129764        0.140447
     C   10       -0.343844        0.140447        0.480392

     C   11       -0.048016        0.131863       -0.319797
     C   11        0.131863        0.047822        0.687202
     C   11       -0.319797        0.687202        0.000194

     Cl  12       -0.147540       -0.123286       -0.050606
     Cl  12       -0.123286        0.046797        0.146223
     Cl  12       -0.050606        0.146223        0.100743

     H   13        0.329914       -0.400498        0.026755
     H   13       -0.400498       -0.705585       -0.107798
     H   13        0.026755       -0.107798        0.375670

     C   14       -0.059192        0.414270       -0.082304
     C   14        0.414270       -0.144763       -0.421196
     C   14       -0.082304       -0.421196        0.203955

     H   15       -0.561191       -0.377468        0.158162
     H   15       -0.377468        0.350397        0.011576
     H   15        0.158162        0.011576        0.210794

     C   16       -0.397390        0.363327       -0.314668
     C   16        0.363327        0.052842       -0.430167
     C   16       -0.314668       -0.430167        0.344548

     C   17       -0.028705       -0.202346       -0.362480
     C   17       -0.202346       -0.026745       -0.629516
     C   17       -0.362480       -0.629516        0.055450

     Cl  18       -0.230681        0.236425        0.084047
     Cl  18        0.236425       -0.051553       -0.108537
     Cl  18        0.084047       -0.108537        0.282234

     H   19        0.475494        0.029474       -0.026410
     H   19        0.029474       -0.345246        0.454237
     H   19       -0.026410        0.454237       -0.130248

     C   20       -0.700502       -0.386891       -0.343281
     C   20       -0.386891        0.406777        0.287241
     C   20       -0.343281        0.287241        0.293725

     H   21       -0.083861       -0.055852       -0.543381
     H   21       -0.055852        0.090579       -0.163762
     H   21       -0.543381       -0.163762       -0.006718

     C   22       -0.007206       -0.174894       -0.180851
     C   22       -0.174894       -0.034101        0.658966
     C   22       -0.180851        0.658966        0.041307

     C   23       -0.536803       -0.340934       -0.355314
     C   23       -0.340934        0.236867        0.341954
     C   23       -0.355314        0.341954        0.299936

     Cl  24       -0.042882       -0.050432       -0.073081
     Cl  24       -0.050432        0.137076        0.104510
     Cl  24       -0.073081        0.104510       -0.094194

     ----- ionic term -----
     Cl   1        0.115761       -0.206683        0.024814
     Cl   1       -0.206683        0.051956       -0.015316
     Cl   1        0.024814       -0.015316       -0.167716

     C    2        0.234780       -0.079978        0.207717
     C    2       -0.079978        0.306645        0.252757
     C    2        0.207717        0.252757       -0.541425

     C    3        0.207364       -0.067891        0.081788
     C    3       -0.067891        0.326240        0.301835
     C    3        0.081788        0.301835       -0.533604

     H    4        0.807069        0.491037        0.409528
     H    4        0.491037       -0.285693        0.185648
     H    4        0.409528        0.185648       -0.521377

     C    5        0.422793       -0.002673        0.094915
     C    5       -0.002673        0.118799        0.283737
     C    5        0.094915        0.283737       -0.541592

     H    6       -0.458686        0.234583        0.058233
     H    6        0.234583        0.799973        0.555166
     H    6        0.058233        0.555166       -0.341287

     H    7       -0.532216       -0.032510        0.051274
     H    7       -0.032510        0.539535       -0.770417
     H    7        0.051274       -0.770417       -0.007318

     C    8        0.228315        0.252540        0.294242
     C    8        0.252540       -0.033614       -0.299330
     C    8        0.294242       -0.299330       -0.194701

     H    9        0.394385       -0.000959        0.802765
     H    9       -0.000959       -0.560386       -0.070486
     H    9        0.802765       -0.070486        0.166001

     C   10        0.112911        0.304383        0.221520
     C   10        0.304383        0.038268       -0.372071
     C   10        0.221520       -0.372071       -0.151180

     C   11        0.150199        0.129967        0.303581
     C   11        0.129967        0.003033       -0.468798
     C   11        0.303581       -0.468798       -0.153232

     Cl  12        0.129265        0.173681       -0.002765
     Cl  12        0.173681        0.004255       -0.014570
     Cl  12       -0.002765       -0.014570       -0.133520

     H   13       -0.528475        0.160051        0.068108
     H   13        0.160051        0.865268        0.546012
     H   13        0.068108        0.546012       -0.336793

     C   14        0.301679       -0.146906        0.136558
     C   14       -0.146906        0.187801        0.268574
     C   14        0.136558        0.268574       -0.489480

     H   15        0.934185        0.296332        0.379792
     H   15        0.296332       -0.454157        0.154924
     H   15        0.379792        0.154924       -0.480027

     C   16        0.174597       -0.146891        0.094468
     C   16       -0.146891        0.292824        0.412251
     C   16        0.094468        0.412251       -0.467420

     C   17        0.273885        0.024830        0.088171
     C   17        0.024830        0.237559        0.464836
     C   17        0.088171        0.464836       -0.511443

     Cl  18        0.103739       -0.195560       -0.068188
     Cl  18       -0.195560        0.028965        0.052403
     Cl  18       -0.068188        0.052403       -0.132704

     H   19       -0.508349       -0.111559        0.073111
     H   19       -0.111559        0.670288       -0.705522
     H   19        0.073111       -0.705522       -0.161939

     C   20        0.258419        0.156988        0.315064
     C   20        0.156988        0.016508       -0.321115
     C   20        0.315064       -0.321115       -0.274927

     H   21        0.548688       -0.250974        0.713734
     H   21       -0.250974       -0.431951       -0.239005
     H   21        0.713734       -0.239005       -0.116738

     C   22        0.109730        0.254881        0.198316
     C   22        0.254881        0.157893       -0.410781
     C   22        0.198316       -0.410781       -0.267623

     C   23        0.119618        0.274277        0.306488
     C   23        0.274277        0.099066       -0.400630
     C   23        0.306488       -0.400630       -0.218684

     Cl  24        0.146985        0.241710        0.020294
     Cl  24        0.241710        0.007943        0.003547
     Cl  24        0.020294        0.003547       -0.154928

     ----- GIPAW term -----
     Cl   1        0.009397       -0.617214        0.509101
     Cl   1       -0.617214        1.859814        1.661868
     Cl   1        0.509101        1.661868       -1.869210

     C    2       -0.187316       -0.002576        0.000546
     C    2       -0.002576        0.069967        0.207056
     C    2        0.000546        0.207056        0.117349

     C    3        0.006175       -0.022350        0.015813
     C    3       -0.022350       -0.018041        0.048649
     C    3        0.015813        0.048649        0.011866

     H    4       -0.000000        0.000000        0.000000
     H    4        0.000000        0.000000        0.000000
     H    4        0.000000        0.000000        0.000000

     C    5       -0.119079        0.004341       -0.090350
     C    5        0.004341       -0.040923        0.075413
     C    5       -0.090350        0.075413        0.160002

     H    6       -0.000000        0.000000        0.000000
     H    6        0.000000        0.000000        0.000000
     H    6        0.000000        0.000000        0.000000

     H    7       -0.000000        0.000000        0.000000
     H    7        0.000000        0.000000        0.000000
     H    7        0.000000        0.000000        0.000000

     C    8       -0.048669        0.076820       -0.112689
     C    8        0.076820       -0.023963       -0.027306
     C    8       -0.112689       -0.027306        0.072632

     H    9       -0.000000        0.000000        0.000000
     H    9        0.000000        0.000000        0.000000
     H    9        0.000000        0.000000        0.000000

     C   10       -0.216871       -0.023790       -0.091458
     C   10       -0.023790        0.133207       -0.118598
     C   10       -0.091458       -0.118598        0.083664

     C   11       -0.047159        0.128101       -0.046477
     C   11        0.128101        0.237210        0.123761
     C   11       -0.046477        0.123761       -0.190052

     Cl  12        0.332357        1.462415       -0.497684
     Cl  12        1.462415        0.470367        1.265519
     Cl  12       -0.497684        1.265519       -0.802723

     H   13       -0.000000        0.000000        0.000000
     H   13        0.000000        0.000000        0.000000
     H   13        0.000000        0.000000        0.000000

     C   14       -0.015693        0.222203        0.027863
     C   14        0.222203        0.130868       -0.048955
     C   14        0.027863       -0.048955       -0.115175

     H   15       -0.000000        0.000000        0.000000
     H   15        0.000000        0.000000        0.000000
     H   15        0.000000        0.000000        0.000000

     C   16       -0.125733        0.150355       -0.127837
     C   16        0.150355        0.128048       -0.157910
     C   16       -0.127837       -0.157910       -0.002316

     C   17       -0.010084       -0.196111       -0.060478
     C   17       -0.196111        0.179059       -0.057894
     C   17       -0.060478       -0.057894       -0.168976

     Cl  18       -0.608666       -1.318740        1.164492
     Cl  18       -1.318740       -0.753189       -1.665189
     Cl  18        1.164492       -1.665189        1.361855

     H   19       -0.000000        0.000000        0.000000
     H   19        0.000000        0.000000        0.000000
     H   19        0.000000        0.000000        0.000000

     C   20       -0.200108       -0.115045       -0.059831
     C   20       -0.115045        0.248675        0.128590
     C   20       -0.059831        0.128590       -0.048567

     H   21       -0.000000        0.000000        0.000000
     H   21        0.000000        0.000000        0.000000
     H   21        0.000000        0.000000        0.000000

     C   22       -0.120725       -0.033757       -0.031679
     C   22       -0.033757        0.232115        0.172681
     C   22       -0.031679        0.172681       -0.111390

     C   23       -0.143241        0.025917       -0.052517
     C   23        0.025917        0.257775        0.118013
     C   23       -0.052517        0.118013       -0.114533

     Cl  24        0.374220        1.244952       -0.515417
     Cl  24        1.244952        1.820352        1.218214
     Cl  24       -0.515417        1.218214       -2.194572

     ----- total EFG -----
     Cl   1        0.120476       -0.763565        0.575054
     Cl   1       -0.763565        1.959711        1.731184
     Cl   1        0.575054        1.731184       -2.080187

     C    2       -0.743237        0.225477       -0.099744
     C    2        0.225477        0.616492        0.445801
     C    2       -0.099744        0.445801        0.126745

     C    3        0.465736       -0.116434        0.213809
     C    3       -0.116434       -0.062779        0.102100
     C    3        0.213809        0.102100       -0.402957

     H    4        0.371194        0.220386        0.679626
     H    4        0.220386        0.010727        0.162752
     H    4        0.679626        0.162752       -0.381921

     C    5       -0.319264        0.250419       -0.349384
     C    5        0.250419        0.222734        0.367880
     C    5       -0.349384        0.367880        0.096530

     H    6       -0.111721       -0.092410        0.245063
     H    6       -0.092410        0.268155        0.576625
     H    6        0.245063        0.576625       -0.156434

     H    7       -0.111810       -0.074902        0.146282
     H    7       -0.074902        0.284617       -0.152889
     H    7        0.146282       -0.152889       -0.172806

     C    8       -0.002442        0.332715       -0.197289
     C    8        0.332715       -0.227688        0.053385
     C    8       -0.197289        0.053385        0.230129

     H    9        0.412852        0.107893        0.350168
     H    9        0.107893       -0.110628       -0.101848
     H    9        0.350168       -0.101848       -0.302224

     C   10       -0.714116       -0.071614       -0.213782
     C   10       -0.071614        0.301240       -0.350221
     C   10       -0.213782       -0.350221        0.412876

     C   11        0.055025        0.389931       -0.062692
     C   11        0.389931        0.288066        0.342165
     C   11       -0.062692        0.342165       -0.343091

     Cl  12        0.314081        1.512810       -0.551055
     Cl  12        1.512810        0.521419        1.397171
     Cl  12       -0.551055        1.397171       -0.835500

     H   13       -0.198561       -0.240447        0.094863
     H   13       -0.240447        0.159683        0.438214
     H   13        0.094863        0.438214        0.038878

     C   14        0.226794        0.489567        0.082117
     C   14        0.489567        0.173906       -0.201576
     C   14        0.082117       -0.201576       -0.400700

     H   15        0.372994       -0.081137        0.537955
     H   15       -0.081137       -0.103760        0.166500
     H   15        0.537955        0.166500       -0.269233

     C   16       -0.348526        0.366791       -0.348036
     C   16        0.366791        0.473714       -0.175825
     C   16       -0.348036       -0.175825       -0.125187

     C   17        0.235096       -0.373628       -0.334787
     C   17       -0.373628        0.389873       -0.222574
     C   17       -0.334787       -0.222574       -0.624969

     Cl  18       -0.735608       -1.277875        1.180351
     Cl  18       -1.277875       -0.775776       -1.721322
     Cl  18        1.180351       -1.721322        1.511384

     H   19       -0.032855       -0.082085        0.046702
     H   19       -0.082085        0.325042       -0.251285
     H   19        0.046702       -0.251285       -0.292187

     C   20       -0.642191       -0.344948       -0.088048
     C   20       -0.344948        0.671960        0.094716
     C   20       -0.088048        0.094716       -0.029768

     H   21        0.464827       -0.306826        0.170353
     H   21       -0.306826       -0.341371       -0.402766
     H   21        0.170353       -0.402766       -0.123456

     C   22       -0.018201        0.046230       -0.014215
     C   22        0.046230        0.355907        0.420866
     C   22       -0.014215        0.420866       -0.337706

     C   23       -0.560426       -0.040740       -0.101343
     C   23       -0.040740        0.593708        0.059337
     C   23       -0.101343        0.059337       -0.033281

     Cl  24        0.478324        1.436230       -0.568204
     Cl  24        1.436230        1.965371        1.326271
     Cl  24       -0.568204        1.326271       -2.443695

     ----- total EFG (symmetrized) -----
     Cl   1        0.120476       -0.763565        0.575054
     Cl   1       -0.763565        1.959711        1.731184
     Cl   1        0.575054        1.731184       -2.080187

     C    2       -0.743237        0.225477       -0.099744
     C    2        0.225477        0.616492        0.445801
     C    2       -0.099744        0.445801        0.126745

     C    3        0.465736       -0.116434        0.213809
     C    3       -0.116434       -0.062779        0.102100
     C    3        0.213809        0.102100       -0.402957

     H    4        0.371194        0.220386        0.679626
     H    4        0.220386        0.010727        0.162752
     H    4        0.679626        0.162752       -0.381921

     C    5       -0.319264        0.250419       -0.349384
     C    5        0.250419        0.222734        0.367880
     C    5       -0.349384        0.367880        0.096530

     H    6       -0.111721       -0.092410        0.245063
     H    6       -0.092410        0.268155        0.576625
     H    6        0.245063        0.576625       -0.156434

     H    7       -0.111810       -0.074902        0.146282
     H    7       -0.074902        0.284617       -0.152889
     H    7        0.146282       -0.152889       -0.172806

     C    8       -0.002442        0.332715       -0.197289
     C    8        0.332715       -0.227688        0.053385
     C    8       -0.197289        0.053385        0.230129

     H    9        0.412852        0.107893        0.350168
     H    9        0.107893       -0.110628       -0.101848
     H    9        0.350168       -0.101848       -0.302224

     C   10       -0.714116       -0.071614       -0.213782
     C   10       -0.071614        0.301240       -0.350221
     C   10       -0.213782       -0.350221        0.412876

     C   11        0.055025        0.389931       -0.062692
     C   11        0.389931        0.288066        0.342165
     C   11       -0.062692        0.342165       -0.343091

     Cl  12        0.314081        1.512810       -0.551055
     Cl  12        1.512810        0.521419        1.397171
     Cl  12       -0.551055        1.397171       -0.835500

     H   13       -0.198561       -0.240447        0.094863
     H   13       -0.240447        0.159683        0.438214
     H   13        0.094863        0.438214        0.038878

     C   14        0.226794        0.489567        0.082117
     C   14        0.489567        0.173906       -0.201576
     C   14        0.082117       -0.201576       -0.400700

     H   15        0.372994       -0.081137        0.537955
     H   15       -0.081137       -0.103760        0.166500
     H   15        0.537955        0.166500       -0.269233

     C   16       -0.348526        0.366791       -0.348036
     C   16        0.366791        0.473714       -0.175825
     C   16       -0.348036       -0.175825       -0.125187

     C   17        0.235096       -0.373628       -0.334787
     C   17       -0.373628        0.389873       -0.222574
     C   17       -0.334787       -0.222574       -0.624969

     Cl  18       -0.735608       -1.277875        1.180351
     Cl  18       -1.277875       -0.775776       -1.721322
     Cl  18        1.180351       -1.721322        1.511384

     H   19       -0.032855       -0.082085        0.046702
     H   19       -0.082085        0.325042       -0.251285
     H   19        0.046702       -0.251285       -0.292187

     C   20       -0.642191       -0.344948       -0.088048
     C   20       -0.344948        0.671960        0.094716
     C   20       -0.088048        0.094716       -0.029768

     H   21        0.464827       -0.306826        0.170353
     H   21       -0.306826       -0.341371       -0.402766
     H   21        0.170353       -0.402766       -0.123456

     C   22       -0.018201        0.046230       -0.014215
     C   22        0.046230        0.355907        0.420866
     C   22       -0.014215        0.420866       -0.337706

     C   23       -0.560426       -0.040740       -0.101343
     C   23       -0.040740        0.593708        0.059337
     C   23       -0.101343        0.059337       -0.033281

     Cl  24        0.478324        1.436230       -0.568204
     Cl  24        1.436230        1.965371        1.326271
     Cl  24       -0.568204        1.326271       -2.443695


     NQR/NMR SPECTROSCOPIC PARAMETERS:
     Cl   1    Vxx=    0.2274    axis=(  0.944135  0.103459  0.312898)
     Cl   1    Vyy=    2.7082    axis=( -0.204757  0.928106  0.310956)
     Cl   1    Vzz=   -2.9356    axis=( -0.258232 -0.357653  0.897441)
     Cl   1  Q=        -8.1650 1e-30 m^2  Cq=        56.3175 MHz  eta= 0.84508

     C    2    Vxx=   -0.0783    axis=( -0.280377 -0.452241  0.846680)
     C    2    Vyy=   -0.8148    axis=( -0.955725  0.213605 -0.202394)
     C    2    Vzz=    0.8931    axis=( -0.089324 -0.865940 -0.492107)
     C    2  Q=         1.0000 1e-30 m^2  Cq=         2.0984 MHz  eta= 0.82456

     C    3    Vxx=   -0.0392    axis=( -0.084589 -0.945306 -0.315027)
     C    3    Vyy=   -0.4905    axis=(  0.242191  0.287173 -0.926755)
     C    3    Vzz=    0.5296    axis=(  0.966534 -0.154690  0.204653)
     C    3  Q=         1.0000 1e-30 m^2  Cq=         1.2444 MHz  eta= 0.85208

     H    4    Vxx=   -0.0758    axis=(  0.282947 -0.951293  0.122400)
     H    4    Vyy=   -0.7834    axis=(  0.501511  0.037957 -0.864318)
     H    4    Vzz=    0.8592    axis=(  0.817574  0.305941  0.487824)
     H    4  Q=         1.0000 1e-30 m^2  Cq=         2.0187 MHz  eta= 0.82363

     C    5    Vxx=    0.1640    axis=(  0.659909  0.528881 -0.533671)
     C    5    Vyy=    0.5348    axis=(  0.055332 -0.742567 -0.667482)
     C    5    Vzz=   -0.6987    axis=(  0.749305 -0.410949  0.519291)
     C    5  Q=         1.0000 1e-30 m^2  Cq=        -1.6418 MHz  eta= 0.53063

     H    6    Vxx=   -0.0021    axis=(  0.906375 -0.307719  0.289470)
     H    6    Vyy=   -0.6739    axis=(  0.413375  0.504529 -0.758005)
     H    6    Vzz=    0.6760    axis=(  0.087207  0.806697  0.584496)
     H    6  Q=         1.0000 1e-30 m^2  Cq=         1.5882 MHz  eta= 0.99384

     H    7    Vxx=   -0.0584    axis=(  0.784150  0.387363  0.484828)
     H    7    Vyy=   -0.3017    axis=( -0.569424  0.138538  0.810286)
     H    7    Vzz=    0.3601    axis=(  0.246708 -0.911459  0.329208)
     H    7  Q=         1.0000 1e-30 m^2  Cq=         0.8461 MHz  eta= 0.67584

     C    8    Vxx=    0.1239    axis=( -0.503086 -0.574122 -0.645978)
     C    8    Vyy=    0.3778    axis=( -0.622604 -0.277631  0.731632)
     C    8    Vzz=   -0.5017    axis=( -0.599390  0.770262 -0.217778)
     C    8  Q=         1.0000 1e-30 m^2  Cq=        -1.1788 MHz  eta= 0.50596

     H    9    Vxx=   -0.0683    axis=(  0.041537  0.937357 -0.345886)
     H    9    Vyy=   -0.4933    axis=( -0.374065  0.335597  0.864552)
     H    9    Vzz=    0.5615    axis=(  0.926472  0.093473  0.364572)
     H    9  Q=         1.0000 1e-30 m^2  Cq=         1.3194 MHz  eta= 0.75686

     C   10    Vxx=    0.0500    axis=( -0.238958  0.765219  0.597779)
     C   10    Vyy=    0.7214    axis=( -0.083627 -0.629544  0.772451)
     C   10    Vzz=   -0.7715    axis=(  0.967422  0.134593  0.214427)
     C   10  Q=         1.0000 1e-30 m^2  Cq=        -1.8126 MHz  eta= 0.87034

     C   11    Vxx=   -0.0604    axis=(  0.769620 -0.316934 -0.554290)
     C   11    Vyy=   -0.5799    axis=(  0.373516 -0.480598  0.793418)
     C   11    Vzz=    0.6403    axis=( -0.517852 -0.817667 -0.251498)
     C   11  Q=         1.0000 1e-30 m^2  Cq=         1.5044 MHz  eta= 0.81133

     Cl  12    Vxx=    0.2647    axis=(  0.677483 -0.271179 -0.683724)
     Cl  12    Vyy=    2.1096    axis=( -0.573961 -0.776224 -0.260855)
     Cl  12    Vzz=   -2.3742    axis=( -0.459984  0.569156 -0.681525)
     Cl  12  Q=        -8.1650 1e-30 m^2  Cq=        45.5485 MHz  eta= 0.77705

     H   13    Vxx=   -0.0456    axis=(  0.781778 -0.276932  0.558687)
     H   13    Vyy=   -0.5162    axis=( -0.600818 -0.574285  0.556070)
     H   13    Vzz=    0.5618    axis=( -0.166852  0.770393  0.615349)
     H   13  Q=         1.0000 1e-30 m^2  Cq=         1.3200 MHz  eta= 0.83768

     C   14    Vxx=   -0.1378    axis=( -0.590801  0.540494 -0.599016)
     C   14    Vyy=   -0.5587    axis=( -0.377114  0.471358  0.797250)
     C   14    Vzz=    0.6965    axis=( -0.713259 -0.696914  0.074651)
     C   14  Q=         1.0000 1e-30 m^2  Cq=         1.6366 MHz  eta= 0.60426

     H   15    Vxx=   -0.0400    axis=(  0.174629 -0.944985 -0.276602)
     H   15    Vyy=   -0.6385    axis=(  0.464075  0.326751 -0.823328)
     H   15    Vzz=    0.6786    axis=(  0.868412  0.015413  0.495604)
     H   15  Q=         1.0000 1e-30 m^2  Cq=         1.5944 MHz  eta= 0.88201

     C   16    Vxx=   -0.0776    axis=( -0.356666  0.490814  0.794915)
     C   16    Vyy=   -0.6415    axis=(  0.842718 -0.198250  0.500523)
     C   16    Vzz=    0.7191    axis=( -0.403256 -0.848409  0.342909)
     C   16  Q=         1.0000 1e-30 m^2  Cq=         1.6896 MHz  eta= 0.78420

     C   17    Vxx=    0.1396    axis=(  0.666861  0.584550 -0.462166)
     C   17    Vyy=    0.6954    axis=( -0.645001  0.763386  0.034860)
     C   17    Vzz=   -0.8350    axis=(  0.373189  0.274851  0.886108)
     C   17  Q=         1.0000 1e-30 m^2  Cq=        -1.9619 MHz  eta= 0.66561

     Cl  18    Vxx=   -1.0314    axis=( -0.716026  0.376955  0.587548)
     Cl  18    Vyy=   -2.1120    axis=( -0.575173 -0.795528 -0.190555)
     Cl  18    Vzz=    3.1434    axis=(  0.395580 -0.474384  0.786433)
     Cl  18  Q=        -8.1650 1e-30 m^2  Cq=       -60.3050 MHz  eta= 0.34376

     H   19    Vxx=   -0.0506    axis=(  0.979418  0.200885 -0.019618)
     H   19    Vyy=   -0.3824    axis=( -0.048657  0.329318  0.942965)
     H   19    Vzz=    0.4330    axis=(  0.195888 -0.922602  0.332315)
     H   19  Q=         1.0000 1e-30 m^2  Cq=         1.0173 MHz  eta= 0.76615

     C   20    Vxx=   -0.0401    axis=( -0.054044 -0.157354  0.986062)
     C   20    Vyy=   -0.7329    axis=(  0.968596  0.231753  0.090070)
     C   20    Vzz=    0.7730    axis=( -0.242696  0.959964  0.139887)
     C   20  Q=         1.0000 1e-30 m^2  Cq=         1.8162 MHz  eta= 0.89636

     H   21    Vxx=   -0.0170    axis=(  0.527794  0.418526 -0.739101)
     H   21    Vyy=   -0.6690    axis=(  0.136870  0.816892  0.560316)
     H   21    Vzz=    0.6861    axis=(  0.838272 -0.396892  0.373867)
     H   21  Q=         1.0000 1e-30 m^2  Cq=         1.6120 MHz  eta= 0.95034

     C   22    Vxx=   -0.0184    axis=(  0.996097 -0.029481 -0.083197)
     C   22    Vyy=   -0.5383    axis=(  0.062661 -0.427666  0.901762)
     C   22    Vzz=    0.5567    axis=( -0.062165 -0.903456 -0.424149)
     C   22  Q=         1.0000 1e-30 m^2  Cq=         1.3080 MHz  eta= 0.93396

     C   23    Vxx=   -0.0215    axis=( -0.176010 -0.106051  0.978659)
     C   23    Vyy=   -0.5800    axis=( -0.983424 -0.025057 -0.179583)
     C   23    Vzz=    0.6015    axis=(  0.043567 -0.994045 -0.099883)
     C   23  Q=         1.0000 1e-30 m^2  Cq=         1.4132 MHz  eta= 0.92856

     Cl  24    Vxx=    0.0979    axis=( -0.843308  0.375503  0.384484)
     Cl  24    Vyy=    2.9791    axis=(  0.462860  0.871028  0.164531)
     Cl  24    Vzz=   -3.0770    axis=(  0.273115 -0.316713  0.908351)
     Cl  24  Q=        -8.1650 1e-30 m^2  Cq=        59.0300 MHz  eta= 0.93639

     Initialization:
     gipaw_setup  :      9.19s CPU     11.40s WALL (       1 calls)

     Linear response

     Apply operators

     Induced current

     Other routines
     efg          :      9.41s CPU     12.53s WALL (       1 calls)

     General routines
     calbec       :      3.30s CPU      4.22s WALL (      16 calls)
     fft          :      1.82s CPU      3.16s WALL (      15 calls)
     ffts         :      0.05s CPU      0.09s WALL (       2 calls)
     fftw         :      3.48s CPU      4.91s WALL (     672 calls)
     davcio       :      0.02s CPU      0.33s WALL (      32 calls)

     Parallel routines
     fft_scatter  :      2.81s CPU      5.32s WALL (     689 calls)

     Plugins

     GIPAW        :     60.96s CPU     74.07s WALL (       1 calls)
