
     Program QE v.6.0 (svn rev. 13079) starts on 24Jan2017 at  9:54:34 

     This program is part of the open-source Quantum ESPRESSO suite
     for quantum simulation of materials; please cite
         "P. Giannozzi et al., J. Phys.:Condens. Matter 21 395502 (2009);
          URL http://www.quantum-espresso.org", 
     in publications or presentations arising from this work. More details at
     http://www.quantum-espresso.org/quote

     Parallel version (MPI), running on     8 processors
     R & G space division:  proc/nbgrp/npool/nimage =       8

     ***** This is GIPAW svn revision unknown      *****

     Parallelizing q-star over 1 images

     Reading data from directory:
     /users/majewski/paradichlorobenzene/pbe/9_constraint/scratch/pbe.ecut100.np8.dt60.pcl2phi-129368.save
     Message from routine read_xml_file:
     file /users/majewski/paradichlorobenzene/pbe/9_constraint/scratch/pbe.ecut100.np8.dt60.pcl2phi-129368.save not guaranteed to be safe for post-processing

   Info: using nr1, nr2, nr3 values from input

   Info: using nr1, nr2, nr3 values from input

     IMPORTANT: XC functional enforced from input :
     Exchange-correlation      =  SLA  PW   PBX  PBC ( 1  4  3  4 0 0)
     Any further DFT definition will be discarded
     Please, verify this is what you really want

               file C.pbe-n-kjpaw_psl.1.0.0.UPF: wavefunction(s)  2S 2P renormalized
               file Cl.pbe-n-kjpaw_psl.1.0.0.UPF: wavefunction(s)  3S 3P renormalized
               file H.pbe-kjpaw_psl.1.0.0.UPF: wavefunction(s)  1S renormalized

     Parallelization info
     --------------------
     sticks:   dense  smooth     PW     G-vecs:    dense   smooth      PW
     Min        3057    1223    332               144436    36536    5170
     Max        3059    1225    333               144437    36537    5171
     Sum       24467    9791   2657              1155489   292295   41363


     Subspace diagonalization in iterative solution of the eigenvalue problem:
     a serial algorithm will be used

     GIPAW projectors -----------------------------------------------
     atom=  C    l=0  rc=    1.2000  rs=    0.8000
     atom=  C    l=0  rc=    1.2000  rs=    0.8000
     atom=  C    l=1  rc=    1.4000  rs=    0.9333
     atom=  C    l=1  rc=    1.4000  rs=    0.9333
     projs nearly linearly dependent: l=1  n1,n2= 1, 2  s=  0.99951561

     atom=  Cl   l=0  rc=    1.6000  rs=    1.0667
     atom=  Cl   l=0  rc=    1.6000  rs=    1.0667
     atom=  Cl   l=1  rc=    1.6000  rs=    1.0667
     atom=  Cl   l=1  rc=    1.6000  rs=    1.0667
     atom=  Cl   l=2  rc=    1.6000  rs=    1.0667
     atom=  Cl   l=2  rc=    1.6000  rs=    1.0667
     projs nearly linearly dependent: l=2  n1,n2= 1, 2  s=  0.99993509

     atom=  H    l=0  rc=    1.0000  rs=    0.6667
     atom=  H    l=0  rc=    1.0000  rs=    0.6667
     projs nearly linearly dependent: l=0  n1,n2= 1, 2  s=  0.99968852
     -----------------------------------------------------------------

     GIPAW integrals: -------------------------------------------
     Atom  i/j   nmr_para   nmr_dia   epr_rmc  epr_para   epr_dia
       C   1 1   0.83E+03  0.17E-01  0.93E+01  0.24E+08  0.24E+03
       C   2 1   0.86E+03 -0.61E-01  0.94E+01  0.25E+08  0.25E+03
       C   2 2   0.90E+03 -0.15E+00  0.97E+01  0.26E+08  0.26E+03
       C   3 3   0.33E+01  0.34E+00  0.18E+01  0.55E+03  0.21E+02
       C   4 3   0.35E+01  0.37E+00  0.20E+01  0.59E+03  0.22E+02
       C   4 4   0.38E+01  0.39E+00  0.22E+01  0.63E+03  0.24E+02
       Cl  1 1   0.14E+04 -0.47E+00  0.84E+01  0.32E+09  0.42E+03
       Cl  2 1   0.21E+04 -0.37E+00  0.12E+02  0.49E+09  0.65E+03
       Cl  2 2   0.33E+04 -0.16E+00  0.21E+02  0.76E+09  0.10E+04
       Cl  3 3   0.21E+02  0.79E-01  0.89E+01  0.23E+05  0.13E+03
       Cl  4 3   0.24E+02  0.67E-01  0.99E+01  0.27E+05  0.15E+03
       Cl  4 4   0.28E+02  0.44E-01  0.11E+02  0.32E+05  0.18E+03
       Cl  5 5   0.77E+00  0.19E+00  0.18E+01  0.12E+03  0.22E+02
       Cl  6 5   0.80E+00  0.19E+00  0.19E+01  0.12E+03  0.23E+02
       Cl  6 6   0.83E+00  0.20E+00  0.19E+01  0.12E+03  0.23E+02
       H   1 1   0.39E+02  0.19E+00  0.29E+00  0.78E+05  0.13E+02
       H   2 1   0.41E+02  0.21E+00  0.32E+00  0.82E+05  0.14E+02
       H   2 2   0.43E+02  0.22E+00  0.36E+00  0.86E+05  0.15E+02
     ------------------------------------------------------------

     alpha_pv=     34.0981 eV

     Number of occupied bands for each k-point:
     k-point:     1    nbnd_occ=  42
     k-point:     2    nbnd_occ=  42
     k-point:     3    nbnd_occ=  42
     k-point:     4    nbnd_occ=  42
     k-point:     5    nbnd_occ=  42
     k-point:     6    nbnd_occ=  42
     k-point:     7    nbnd_occ=  42
     k-point:     8    nbnd_occ=  42
     k-point:     9    nbnd_occ=  42
     k-point:    10    nbnd_occ=  42
     k-point:    11    nbnd_occ=  42
     k-point:    12    nbnd_occ=  42
     k-point:    13    nbnd_occ=  42
     k-point:    14    nbnd_occ=  42
     k-point:    15    nbnd_occ=  42
     k-point:    16    nbnd_occ=  42


     q-space interpolation up to   110.00 Rydberg

     GIPAW job: efg                                                                             


     ELECTRIC FIELD GRADIENTS TENSORS IN Hartree/bohrradius^2:

     ----- bare term -----
     Cl   1       -0.176952        0.121615        0.032971
     Cl   1        0.121615        0.010589       -0.130454
     Cl   1        0.032971       -0.130454        0.166363

     C    2       -0.035287        0.018680       -0.219656
     C    2        0.018680        0.037286       -0.652588
     C    2       -0.219656       -0.652588       -0.001999

     C    3       -0.556222        0.404335       -0.325341
     C    3        0.404335        0.267943       -0.232221
     C    3       -0.325341       -0.232221        0.288278

     H    4       -0.494647       -0.364533       -0.437806
     H    4       -0.364533        0.275283       -0.206693
     H    4       -0.437806       -0.206693        0.219365

     C    5       -0.133108        0.133108       -0.206343
     C    5        0.133108       -0.012596       -0.424509
     C    5       -0.206343       -0.424509        0.145704

     H    6        0.434065        0.052201        0.081531
     H    6        0.052201       -0.334339       -0.644401
     H    6        0.081531       -0.644401       -0.099726

     H    7        0.254961        0.095678       -0.055680
     H    7        0.095678       -0.483338        0.555594
     H    7       -0.055680        0.555594        0.228377

     C    8       -0.716464       -0.313182       -0.413112
     C    8       -0.313182        0.243184        0.076264
     C    8       -0.413112        0.076264        0.473280

     H    9       -0.641789        0.112151        0.096060
     H    9        0.112151        0.429931        0.212761
     H    9        0.096060        0.212761        0.211858

     C   10       -0.026958       -0.009274       -0.332007
     C   10       -0.009274       -0.291833        0.522632
     C   10       -0.332007        0.522632        0.318791

     C   11       -0.464865       -0.291054       -0.314189
     C   11       -0.291054        0.127239        0.401641
     C   11       -0.314189        0.401641        0.337626

     Cl  12       -0.021198        0.055521       -0.030618
     Cl  12        0.055521        0.148448        0.016369
     Cl  12       -0.030618        0.016369       -0.127250

     H   13        0.534203        0.002105        0.052711
     H   13        0.002105        0.007078       -0.160669
     H   13        0.052711       -0.160669       -0.541281

     C   14       -0.645758        0.314174       -0.163151
     C   14        0.314174        0.341151       -0.132436
     C   14       -0.163151       -0.132436        0.304607

     H   15       -0.356715        0.267802       -0.378084
     H   15        0.267802       -0.002383       -0.160741
     H   15       -0.378084       -0.160741        0.359098

     C   16        0.061828        0.032674       -0.210623
     C   16        0.032674       -0.038443       -0.637191
     C   16       -0.210623       -0.637191       -0.023385

     C   17       -0.660426        0.388213       -0.389241
     C   17        0.388213        0.359798       -0.150213
     C   17       -0.389241       -0.150213        0.300628

     Cl  18       -0.085776        0.006862        0.046057
     Cl  18        0.006862       -0.054514        0.092123
     Cl  18        0.046057        0.092123        0.140290

     H   19        0.469653        0.007507       -0.045899
     H   19        0.007507       -0.804726       -0.007543
     H   19       -0.045899       -0.007543        0.335073

     C   20       -0.184943       -0.031410       -0.242116
     C   20       -0.031410       -0.000295        0.471777
     C   20       -0.242116        0.471777        0.185237

     H   21       -0.314647        0.514383       -0.092241
     H   21        0.514383        0.010722       -0.114101
     H   21       -0.092241       -0.114101        0.303926

     C   22       -0.647960       -0.322321       -0.152610
     C   22       -0.322321        0.269806        0.269558
     C   22       -0.152610        0.269558        0.378154

     C   23       -0.085984        0.140425       -0.325947
     C   23        0.140425        0.040904        0.717854
     C   23       -0.325947        0.717854        0.045081

     Cl  24       -0.224290       -0.265188       -0.009757
     Cl  24       -0.265188        0.213690        0.005600
     Cl  24       -0.009757        0.005600        0.010599

     ----- ionic term -----
     Cl   1        0.081622       -0.197736        0.008524
     Cl   1       -0.197736        0.067504        0.003587
     Cl   1        0.008524        0.003587       -0.149126

     C    2        0.175119       -0.182998        0.277522
     C    2       -0.182998        0.060986        0.376964
     C    2        0.277522        0.376964       -0.236104

     C    3        0.162892       -0.208615        0.188648
     C    3       -0.208615        0.042918        0.376973
     C    3        0.188648        0.376973       -0.205810

     H    4        0.605564        0.143818        0.716481
     H    4        0.143818       -0.532533        0.159700
     H    4        0.716481        0.159700       -0.073031

     C    5        0.283984       -0.157165        0.212464
     C    5       -0.157165       -0.054377        0.339091
     C    5        0.212464        0.339091       -0.229607

     H    6       -0.507241       -0.024597       -0.019414
     H    6       -0.024597        0.382039        0.805975
     H    6       -0.019414        0.805975        0.125202

     H    7       -0.510451       -0.134778        0.070448
     H    7       -0.134778        0.713390       -0.668686
     H    7        0.070448       -0.668686       -0.202940

     C    8        0.385911        0.152172        0.230709
     C    8        0.152172        0.074729       -0.289106
     C    8        0.230709       -0.289106       -0.460640

     H    9        0.855874       -0.392304        0.400257
     H    9       -0.392304       -0.356351       -0.169371
     H    9        0.400257       -0.169371       -0.499524

     C   10        0.259048        0.214172        0.127953
     C   10        0.214172        0.249853       -0.321880
     C   10        0.127953       -0.321880       -0.508902

     C   11        0.228526        0.131774        0.216334
     C   11        0.131774        0.227213       -0.357737
     C   11        0.216334       -0.357737       -0.455738

     Cl  12        0.153472        0.222250        0.000481
     Cl  12        0.222250        0.005065       -0.008027
     Cl  12        0.000481       -0.008027       -0.158536

     H   13       -0.523580        0.012649        0.037701
     H   13        0.012649        0.411823        0.804862
     H   13        0.037701        0.804862        0.111757

     C   14        0.320378       -0.229481        0.204490
     C   14       -0.229481       -0.066226        0.331015
     C   14        0.204490        0.331015       -0.254152

     H   15        0.753631        0.307753        0.551212
     H   15        0.307753       -0.447504        0.209598
     H   15        0.551212        0.209598       -0.306128

     C   16        0.195456       -0.211670        0.111607
     C   16       -0.211670        0.084698        0.438707
     C   16        0.111607        0.438707       -0.280154

     C   17        0.208944       -0.151856        0.186334
     C   17       -0.151856        0.023898        0.493470
     C   17        0.186334        0.493470       -0.232842

     Cl  18        0.158773       -0.227768       -0.050561
     Cl  18       -0.227768       -0.024902        0.036318
     Cl  18       -0.050561        0.036318       -0.133871

     H   19       -0.507211        0.018659        0.002581
     H   19        0.018659        0.726750       -0.658969
     H   19        0.002581       -0.658969       -0.219540

     C   20        0.319273        0.240906        0.251434
     C   20        0.240906        0.145993       -0.243516
     C   20        0.251434       -0.243516       -0.465266

     H   21        0.869073       -0.306925        0.469514
     H   21       -0.306925       -0.417328       -0.179114
     H   21        0.469514       -0.179114       -0.451745

     C   22        0.261168        0.306258        0.188886
     C   22        0.306258        0.182296       -0.283781
     C   22        0.188886       -0.283781       -0.443464

     C   23        0.323498        0.123782        0.241140
     C   23        0.123782        0.078405       -0.340156
     C   23        0.241140       -0.340156       -0.401903

     Cl  24        0.159071        0.191110        0.022039
     Cl  24        0.191110       -0.003394        0.004039
     Cl  24        0.022039        0.004039       -0.155677

     ----- GIPAW term -----
     Cl   1        0.298790       -1.858654        0.223024
     Cl   1       -1.858654        0.211145       -1.087013
     Cl   1        0.223024       -1.087013       -0.509935

     C    2       -0.051329        0.005758       -0.060952
     C    2        0.005758        0.156088       -0.194717
     C    2       -0.060952       -0.194717       -0.104759

     C    3       -0.159245        0.186662       -0.079016
     C    3        0.186662        0.248929       -0.033257
     C    3       -0.079016       -0.033257       -0.089684

     H    4       -0.000000        0.000000        0.000000
     H    4        0.000000        0.000000        0.000000
     H    4        0.000000        0.000000        0.000000

     C    5       -0.109984        0.056754       -0.007976
     C    5        0.056754        0.228845       -0.006818
     C    5       -0.007976       -0.006818       -0.118861

     H    6       -0.000000        0.000000        0.000000
     H    6        0.000000        0.000000        0.000000
     H    6        0.000000        0.000000        0.000000

     H    7       -0.000000        0.000000        0.000000
     H    7        0.000000        0.000000        0.000000
     H    7        0.000000        0.000000        0.000000

     C    8       -0.160844        0.053070       -0.102119
     C    8        0.053070        0.150059       -0.117365
     C    8       -0.102119       -0.117365        0.010784

     H    9       -0.000000        0.000000        0.000000
     H    9        0.000000        0.000000        0.000000
     H    9        0.000000        0.000000        0.000000

     C   10       -0.024277        0.104684       -0.126498
     C   10        0.104684       -0.000532       -0.000616
     C   10       -0.126498       -0.000616        0.024810

     C   11       -0.107821        0.083092       -0.035650
     C   11        0.083092        0.191635        0.137434
     C   11       -0.035650        0.137434       -0.083814

     Cl  12        0.854011        2.346146       -0.185288
     Cl  12        2.346146        1.503604        0.193595
     Cl  12       -0.185288        0.193595       -2.357615

     H   13       -0.000000        0.000000        0.000000
     H   13        0.000000        0.000000        0.000000
     H   13        0.000000        0.000000        0.000000

     C   14       -0.149390        0.010257        0.002771
     C   14        0.010257        0.181043       -0.077706
     C   14        0.002771       -0.077706       -0.031654

     H   15       -0.000000        0.000000        0.000000
     H   15        0.000000        0.000000        0.000000
     H   15        0.000000        0.000000        0.000000

     C   16       -0.111530       -0.048871       -0.023398
     C   16       -0.048871        0.265230       -0.087993
     C   16       -0.023398       -0.087993       -0.153701

     C   17       -0.163021        0.026192       -0.044104
     C   17        0.026192        0.299312        0.054568
     C   17       -0.044104        0.054568       -0.136292

     Cl  18       -0.435593       -1.592190        0.305053
     Cl  18       -1.592190       -0.705541        1.679405
     Cl  18        0.305053        1.679405        1.141135

     H   19       -0.000000        0.000000        0.000000
     H   19        0.000000        0.000000        0.000000
     H   19        0.000000        0.000000        0.000000

     C   20       -0.104500       -0.027964       -0.035717
     C   20       -0.027964        0.147477        0.218565
     C   20       -0.035717        0.218565       -0.042977

     H   21       -0.000000        0.000000        0.000000
     H   21        0.000000        0.000000        0.000000
     H   21        0.000000        0.000000        0.000000

     C   22       -0.215647        0.042160       -0.007446
     C   22        0.042160        0.291849        0.076393
     C   22       -0.007446        0.076393       -0.076203

     C   23       -0.042666        0.136565       -0.048987
     C   23        0.136565        0.196890        0.180303
     C   23       -0.048987        0.180303       -0.154223

     Cl  24       -0.306281        0.409639       -0.119543
     Cl  24        0.409639        2.380994       -0.017318
     Cl  24       -0.119543       -0.017318       -2.074713

     ----- total EFG -----
     Cl   1        0.203460       -1.934775        0.264519
     Cl   1       -1.934775        0.289238       -1.213881
     Cl   1        0.264519       -1.213881       -0.492698

     C    2        0.088502       -0.158560       -0.003085
     C    2       -0.158560        0.254360       -0.470342
     C    2       -0.003085       -0.470342       -0.342862

     C    3       -0.552575        0.382382       -0.215709
     C    3        0.382382        0.559791        0.111495
     C    3       -0.215709        0.111495       -0.007216

     H    4        0.110917       -0.220715        0.278675
     H    4       -0.220715       -0.257251       -0.046993
     H    4        0.278675       -0.046993        0.146334

     C    5        0.040892        0.032697       -0.001855
     C    5        0.032697        0.161873       -0.092236
     C    5       -0.001855       -0.092236       -0.202765

     H    6       -0.073176        0.027605        0.062118
     H    6        0.027605        0.047700        0.161574
     H    6        0.062118        0.161574        0.025476

     H    7       -0.255490       -0.039100        0.014769
     H    7       -0.039100        0.230052       -0.113092
     H    7        0.014769       -0.113092        0.025438

     C    8       -0.491397       -0.107940       -0.284522
     C    8       -0.107940        0.467972       -0.330207
     C    8       -0.284522       -0.330207        0.023425

     H    9        0.214086       -0.280153        0.496317
     H    9       -0.280153        0.073580        0.043390
     H    9        0.496317        0.043390       -0.287666

     C   10        0.207813        0.309581       -0.330553
     C   10        0.309581       -0.042512        0.200136
     C   10       -0.330553        0.200136       -0.165301

     C   11       -0.344160       -0.076188       -0.133505
     C   11       -0.076188        0.546087        0.181338
     C   11       -0.133505        0.181338       -0.201927

     Cl  12        0.986284        2.623917       -0.215424
     Cl  12        2.623917        1.657117        0.201938
     Cl  12       -0.215424        0.201938       -2.643401

     H   13        0.010623        0.014754        0.090412
     H   13        0.014754        0.418901        0.644193
     H   13        0.090412        0.644193       -0.429524

     C   14       -0.474769        0.094951        0.044109
     C   14        0.094951        0.455968        0.120874
     C   14        0.044109        0.120874        0.018801

     H   15        0.396916        0.575555        0.173128
     H   15        0.575555       -0.449887        0.048858
     H   15        0.173128        0.048858        0.052971

     C   16        0.145755       -0.227866       -0.122413
     C   16       -0.227866        0.311485       -0.286478
     C   16       -0.122413       -0.286478       -0.457240

     C   17       -0.614503        0.262550       -0.247011
     C   17        0.262550        0.683008        0.397825
     C   17       -0.247011        0.397825       -0.068505

     Cl  18       -0.362596       -1.813095        0.300549
     Cl  18       -1.813095       -0.784957        1.807846
     Cl  18        0.300549        1.807846        1.147554

     H   19       -0.037558        0.026165       -0.043318
     H   19        0.026165       -0.077975       -0.666512
     H   19       -0.043318       -0.666512        0.115533

     C   20        0.029831        0.181532       -0.026399
     C   20        0.181532        0.293175        0.446826
     C   20       -0.026399        0.446826       -0.323005

     H   21        0.554426        0.207458        0.377272
     H   21        0.207458       -0.406606       -0.293215
     H   21        0.377272       -0.293215       -0.147820

     C   22       -0.602439        0.026097        0.028830
     C   22        0.026097        0.743951        0.062170
     C   22        0.028830        0.062170       -0.141512

     C   23        0.194848        0.400772       -0.133794
     C   23        0.400772        0.316198        0.558001
     C   23       -0.133794        0.558001       -0.511046

     Cl  24       -0.371499        0.335561       -0.107261
     Cl  24        0.335561        2.591290       -0.007679
     Cl  24       -0.107261       -0.007679       -2.219791

     ----- total EFG (symmetrized) -----
     Cl   1        0.203460       -1.934775        0.264519
     Cl   1       -1.934775        0.289238       -1.213881
     Cl   1        0.264519       -1.213881       -0.492698

     C    2        0.088502       -0.158560       -0.003085
     C    2       -0.158560        0.254360       -0.470342
     C    2       -0.003085       -0.470342       -0.342862

     C    3       -0.552575        0.382382       -0.215709
     C    3        0.382382        0.559791        0.111495
     C    3       -0.215709        0.111495       -0.007216

     H    4        0.110917       -0.220715        0.278675
     H    4       -0.220715       -0.257251       -0.046993
     H    4        0.278675       -0.046993        0.146334

     C    5        0.040892        0.032697       -0.001855
     C    5        0.032697        0.161873       -0.092236
     C    5       -0.001855       -0.092236       -0.202765

     H    6       -0.073176        0.027605        0.062118
     H    6        0.027605        0.047700        0.161574
     H    6        0.062118        0.161574        0.025476

     H    7       -0.255490       -0.039100        0.014769
     H    7       -0.039100        0.230052       -0.113092
     H    7        0.014769       -0.113092        0.025438

     C    8       -0.491397       -0.107940       -0.284522
     C    8       -0.107940        0.467972       -0.330207
     C    8       -0.284522       -0.330207        0.023425

     H    9        0.214086       -0.280153        0.496317
     H    9       -0.280153        0.073580        0.043390
     H    9        0.496317        0.043390       -0.287666

     C   10        0.207813        0.309581       -0.330553
     C   10        0.309581       -0.042512        0.200136
     C   10       -0.330553        0.200136       -0.165301

     C   11       -0.344160       -0.076188       -0.133505
     C   11       -0.076188        0.546087        0.181338
     C   11       -0.133505        0.181338       -0.201927

     Cl  12        0.986284        2.623917       -0.215424
     Cl  12        2.623917        1.657117        0.201938
     Cl  12       -0.215424        0.201938       -2.643401

     H   13        0.010623        0.014754        0.090412
     H   13        0.014754        0.418901        0.644193
     H   13        0.090412        0.644193       -0.429524

     C   14       -0.474769        0.094951        0.044109
     C   14        0.094951        0.455968        0.120874
     C   14        0.044109        0.120874        0.018801

     H   15        0.396916        0.575555        0.173128
     H   15        0.575555       -0.449887        0.048858
     H   15        0.173128        0.048858        0.052971

     C   16        0.145755       -0.227866       -0.122413
     C   16       -0.227866        0.311485       -0.286478
     C   16       -0.122413       -0.286478       -0.457240

     C   17       -0.614503        0.262550       -0.247011
     C   17        0.262550        0.683008        0.397825
     C   17       -0.247011        0.397825       -0.068505

     Cl  18       -0.362596       -1.813095        0.300549
     Cl  18       -1.813095       -0.784957        1.807846
     Cl  18        0.300549        1.807846        1.147554

     H   19       -0.037558        0.026165       -0.043318
     H   19        0.026165       -0.077975       -0.666512
     H   19       -0.043318       -0.666512        0.115533

     C   20        0.029831        0.181532       -0.026399
     C   20        0.181532        0.293175        0.446826
     C   20       -0.026399        0.446826       -0.323005

     H   21        0.554426        0.207458        0.377272
     H   21        0.207458       -0.406606       -0.293215
     H   21        0.377272       -0.293215       -0.147820

     C   22       -0.602439        0.026097        0.028830
     C   22        0.026097        0.743951        0.062170
     C   22        0.028830        0.062170       -0.141512

     C   23        0.194848        0.400772       -0.133794
     C   23        0.400772        0.316198        0.558001
     C   23       -0.133794        0.558001       -0.511046

     Cl  24       -0.371499        0.335561       -0.107261
     Cl  24        0.335561        2.591290       -0.007679
     Cl  24       -0.107261       -0.007679       -2.219791


     NQR/NMR SPECTROSCOPIC PARAMETERS:
     Cl   1    Vxx=   -0.5272    axis=(  0.558304  0.098223 -0.823801)
     Cl   1    Vyy=   -2.0303    axis=( -0.550935 -0.698519 -0.456663)
     Cl   1    Vzz=    2.5576    axis=( -0.620296  0.708818 -0.335872)
     Cl   1  Q=        -8.1650 1e-30 m^2  Cq=       -49.0658 MHz  eta= 0.58771

     C    2    Vxx=    0.0566    axis=(  0.951212  0.196077 -0.238222)
     C    2    Vyy=    0.5540    axis=( -0.286254  0.848941 -0.444249)
     C    2    Vzz=   -0.6105    axis=(  0.115129  0.490767  0.863651)
     C    2  Q=         1.0000 1e-30 m^2  Cq=        -1.4345 MHz  eta= 0.81462

     C    3    Vxx=    0.0672    axis=( -0.313041  0.028131  0.949323)
     C    3    Vyy=    0.6814    axis=( -0.284885 -0.956314 -0.065603)
     C    3    Vzz=   -0.7486    axis=(  0.906006 -0.290984  0.307379)
     C    3  Q=         1.0000 1e-30 m^2  Cq=        -1.7588 MHz  eta= 0.82041

     H    4    Vxx=   -0.0828    axis=( -0.516736  0.459017  0.722694)
     H    4    Vyy=   -0.3750    axis=(  0.493148  0.849606 -0.187018)
     H    4    Vzz=    0.4578    axis=( -0.699850  0.259756 -0.665385)
     H    4  Q=         1.0000 1e-30 m^2  Cq=         1.0756 MHz  eta= 0.63839

     C    5    Vxx=    0.0341    axis=(  0.977386 -0.199526  0.070045)
     C    5    Vyy=    0.1908    axis=(  0.210320  0.951623 -0.224008)
     C    5    Vzz=   -0.2249    axis=( -0.021961  0.233674  0.972067)
     C    5  Q=         1.0000 1e-30 m^2  Cq=        -0.5284 MHz  eta= 0.69689

     H    6    Vxx=   -0.0738    axis=(  0.870824 -0.452659  0.191742)
     H    6    Vyy=   -0.1385    axis=( -0.441831 -0.549680  0.708969)
     H    6    Vzz=    0.2124    axis=(  0.215524  0.702105  0.678673)
     H    6  Q=         1.0000 1e-30 m^2  Cq=         0.4989 MHz  eta= 0.30449

     H    7    Vxx=   -0.0247    axis=( -0.009992  0.404400  0.914528)
     H    7    Vyy=   -0.2587    axis=( -0.996966 -0.074635  0.022110)
     H    7    Vzz=    0.2835    axis=(  0.077197 -0.911532  0.403918)
     H    7  Q=         1.0000 1e-30 m^2  Cq=         0.6661 MHz  eta= 0.82551

     C    8    Vxx=    0.0237    axis=(  0.503614 -0.433227 -0.747454)
     C    8    Vyy=    0.6452    axis=( -0.037543 -0.875337  0.482054)
     C    8    Vzz=   -0.6689    axis=(  0.863113  0.214707  0.457097)
     C    8  Q=         1.0000 1e-30 m^2  Cq=        -1.5717 MHz  eta= 0.92903

     H    9    Vxx=    0.0320    axis=( -0.197173 -0.882956 -0.426042)
     H    9    Vyy=    0.6109    axis=( -0.813993  0.389644 -0.430805)
     H    9    Vzz=   -0.6428    axis=(  0.546387  0.261852 -0.795547)
     H    9  Q=         1.0000 1e-30 m^2  Cq=        -1.5104 MHz  eta= 0.90058

     C   10    Vxx=    0.1008    axis=( -0.087314  0.741039  0.665761)
     C   10    Vyy=    0.4728    axis=( -0.861322 -0.391931  0.323286)
     C   10    Vzz=   -0.5736    axis=(  0.500500 -0.545208  0.672494)
     C   10  Q=         1.0000 1e-30 m^2  Cq=        -1.3477 MHz  eta= 0.64846

     C   11    Vxx=   -0.1742    axis=( -0.521761 -0.259772  0.812579)
     C   11    Vyy=   -0.4252    axis=( -0.845780  0.033074 -0.532506)
     C   11    Vzz=    0.5994    axis=( -0.111455  0.965103  0.236966)
     C   11  Q=         1.0000 1e-30 m^2  Cq=         1.4084 MHz  eta= 0.41885

     Cl  12    Vxx=   -1.2606    axis=( -0.734311  0.645928  0.208722)
     Cl  12    Vyy=   -2.7064    axis=(  0.155773 -0.138930  0.977974)
     Cl  12    Vzz=    3.9670    axis=( -0.660698 -0.750650 -0.001400)
     Cl  12  Q=        -8.1650 1e-30 m^2  Cq=       -76.1045 MHz  eta= 0.36446

     H   13    Vxx=    0.0131    axis=(  0.993094 -0.108184  0.045396)
     H   13    Vyy=    0.7701    axis=( -0.073697 -0.876295 -0.476105)
     H   13    Vzz=   -0.7833    axis=(  0.091287  0.469471 -0.878216)
     H   13  Q=         1.0000 1e-30 m^2  Cq=        -1.8404 MHz  eta= 0.96643

     C   14    Vxx=   -0.0116    axis=(  0.039158 -0.257517  0.965480)
     C   14    Vyy=   -0.4864    axis=( -0.993667  0.091808  0.064789)
     C   14    Vzz=    0.4981    axis=( -0.105323 -0.961902 -0.252291)
     C   14  Q=         1.0000 1e-30 m^2  Cq=         1.1703 MHz  eta= 0.95322

     H   15    Vxx=    0.0087    axis=( -0.204110 -0.153164  0.966892)
     H   15    Vyy=    0.7339    axis=(  0.866362  0.431609  0.251259)
     H   15    Vzz=   -0.7425    axis=( -0.455803  0.888963  0.044600)
     H   15  Q=         1.0000 1e-30 m^2  Cq=        -1.7447 MHz  eta= 0.97661

     C   16    Vxx=    0.0978    axis=(  0.840659  0.382850 -0.383039)
     C   16    Vyy=    0.5038    axis=(  0.478512 -0.856313  0.194304)
     C   16    Vzz=   -0.6016    axis=(  0.253612  0.346632  0.903065)
     C   16  Q=         1.0000 1e-30 m^2  Cq=        -1.4135 MHz  eta= 0.67500

     C   17    Vxx=   -0.0528    axis=( -0.491087 -0.272181  0.827497)
     C   17    Vyy=   -0.8165    axis=( -0.865014  0.264556 -0.426334)
     C   17    Vzz=    0.8693    axis=(  0.102880  0.925164  0.365360)
     C   17  Q=         1.0000 1e-30 m^2  Cq=         2.0425 MHz  eta= 0.87860

     Cl  18    Vxx=    0.5653    axis=(  0.776787 -0.306343  0.550233)
     Cl  18    Vyy=    2.4447    axis=( -0.299739  0.588561  0.750835)
     Cl  18    Vzz=   -3.0100    axis=( -0.553859 -0.748165  0.365363)
     Cl  18  Q=        -8.1650 1e-30 m^2  Cq=        57.7459 MHz  eta= 0.62437

     H   19    Vxx=   -0.0408    axis=(  0.997597 -0.054930  0.042224)
     H   19    Vyy=   -0.6548    axis=(  0.013906  0.755784  0.654673)
     H   19    Vzz=    0.6957    axis=( -0.067873 -0.652513  0.754732)
     H   19  Q=         1.0000 1e-30 m^2  Cq=         1.6345 MHz  eta= 0.88261

     C   20    Vxx=    0.0080    axis=(  0.945823 -0.155322 -0.285122)
     C   20    Vyy=    0.5695    axis=(  0.269932  0.864169  0.424675)
     C   20    Vzz=   -0.5774    axis=(  0.180432 -0.478631  0.859277)
     C   20  Q=         1.0000 1e-30 m^2  Cq=        -1.3567 MHz  eta= 0.97237

     H   21    Vxx=   -0.0077    axis=(  0.240876  0.653037 -0.717998)
     H   21    Vyy=   -0.7163    axis=( -0.297068  0.753882  0.586014)
     H   21    Vzz=    0.7240    axis=( -0.923975 -0.072137 -0.375589)
     H   21  Q=         1.0000 1e-30 m^2  Cq=         1.7011 MHz  eta= 0.97872

     C   22    Vxx=   -0.1443    axis=(  0.058588 -0.071416  0.995724)
     C   22    Vyy=   -0.6046    axis=(  0.998066 -0.016552 -0.059913)
     C   22    Vzz=    0.7489    axis=(  0.020760  0.997309  0.070308)
     C   22  Q=         1.0000 1e-30 m^2  Cq=         1.7596 MHz  eta= 0.61469

     C   23    Vxx=    0.1116    axis=(  0.820282 -0.326985 -0.469274)
     C   23    Vyy=    0.7689    axis=( -0.497226 -0.813165 -0.302538)
     C   23    Vzz=   -0.8805    axis=(  0.282672 -0.481502  0.829610)
     C   23  Q=         1.0000 1e-30 m^2  Cq=        -2.0688 MHz  eta= 0.74643

     Cl  24    Vxx=   -0.4029    axis=(  0.992083 -0.111333 -0.058097)
     Cl  24    Vyy=   -2.2260    axis=(  0.058185 -0.002462  0.998303)
     Cl  24    Vzz=    2.6289    axis=(  0.111287  0.993780 -0.004036)
     Cl  24  Q=        -8.1650 1e-30 m^2  Cq=       -50.4341 MHz  eta= 0.69350

     Initialization:
     gipaw_setup  :      9.04s CPU     10.62s WALL (       1 calls)

     Linear response

     Apply operators

     Induced current

     Other routines
     efg          :      9.51s CPU     12.00s WALL (       1 calls)

     General routines
     calbec       :      3.50s CPU      4.85s WALL (      16 calls)
     fft          :      1.70s CPU      3.02s WALL (      15 calls)
     ffts         :      0.05s CPU      0.05s WALL (       2 calls)
     fftw         :      3.27s CPU      3.80s WALL (     672 calls)
     davcio       :      0.03s CPU      0.32s WALL (      32 calls)

     Parallel routines
     fft_scatter  :      2.27s CPU      3.90s WALL (     689 calls)

     Plugins

     GIPAW        :     61.33s CPU     72.76s WALL (       1 calls)
