
     Program QE v.6.0 (svn rev. 13079) starts on  7Jan2017 at  9:54:48 

     This program is part of the open-source Quantum ESPRESSO suite
     for quantum simulation of materials; please cite
         "P. Giannozzi et al., J. Phys.:Condens. Matter 21 395502 (2009);
          URL http://www.quantum-espresso.org", 
     in publications or presentations arising from this work. More details at
     http://www.quantum-espresso.org/quote

     Parallel version (MPI), running on     8 processors
     R & G space division:  proc/nbgrp/npool/nimage =       8

     ***** This is GIPAW svn revision unknown      *****

     Parallelizing q-star over 1 images

     Reading data from directory:
     /users/majewski/paradichlorobenzene/pbe/9_constraint/scratch/pbe.ecut100.np8.dt60.pcl2phi-129368.save
     Message from routine read_xml_file:
     file /users/majewski/paradichlorobenzene/pbe/9_constraint/scratch/pbe.ecut100.np8.dt60.pcl2phi-129368.save not guaranteed to be safe for post-processing

   Info: using nr1, nr2, nr3 values from input

   Info: using nr1, nr2, nr3 values from input

     IMPORTANT: XC functional enforced from input :
     Exchange-correlation      =  SLA  PW   PBX  PBC ( 1  4  3  4 0 0)
     Any further DFT definition will be discarded
     Please, verify this is what you really want

               file C.pbe-n-kjpaw_psl.1.0.0.UPF: wavefunction(s)  2S 2P renormalized
               file Cl.pbe-n-kjpaw_psl.1.0.0.UPF: wavefunction(s)  3S 3P renormalized
               file H.pbe-kjpaw_psl.1.0.0.UPF: wavefunction(s)  1S renormalized

     Parallelization info
     --------------------
     sticks:   dense  smooth     PW     G-vecs:    dense   smooth      PW
     Min        3057    1223    332               144436    36536    5170
     Max        3059    1225    333               144437    36537    5171
     Sum       24467    9791   2657              1155489   292295   41363


     Subspace diagonalization in iterative solution of the eigenvalue problem:
     a serial algorithm will be used

     GIPAW projectors -----------------------------------------------
     atom=  C    l=0  rc=    1.2000  rs=    0.8000
     atom=  C    l=0  rc=    1.2000  rs=    0.8000
     atom=  C    l=1  rc=    1.4000  rs=    0.9333
     atom=  C    l=1  rc=    1.4000  rs=    0.9333
     projs nearly linearly dependent: l=1  n1,n2= 1, 2  s=  0.99951561

     atom=  Cl   l=0  rc=    1.6000  rs=    1.0667
     atom=  Cl   l=0  rc=    1.6000  rs=    1.0667
     atom=  Cl   l=1  rc=    1.6000  rs=    1.0667
     atom=  Cl   l=1  rc=    1.6000  rs=    1.0667
     atom=  Cl   l=2  rc=    1.6000  rs=    1.0667
     atom=  Cl   l=2  rc=    1.6000  rs=    1.0667
     projs nearly linearly dependent: l=2  n1,n2= 1, 2  s=  0.99993509

     atom=  H    l=0  rc=    1.0000  rs=    0.6667
     atom=  H    l=0  rc=    1.0000  rs=    0.6667
     projs nearly linearly dependent: l=0  n1,n2= 1, 2  s=  0.99968852
     -----------------------------------------------------------------

     GIPAW integrals: -------------------------------------------
     Atom  i/j   nmr_para   nmr_dia   epr_rmc  epr_para   epr_dia
       C   1 1   0.83E+03  0.17E-01  0.93E+01  0.24E+08  0.24E+03
       C   2 1   0.86E+03 -0.61E-01  0.94E+01  0.25E+08  0.25E+03
       C   2 2   0.90E+03 -0.15E+00  0.97E+01  0.26E+08  0.26E+03
       C   3 3   0.33E+01  0.34E+00  0.18E+01  0.55E+03  0.21E+02
       C   4 3   0.35E+01  0.37E+00  0.20E+01  0.59E+03  0.22E+02
       C   4 4   0.38E+01  0.39E+00  0.22E+01  0.63E+03  0.24E+02
       Cl  1 1   0.14E+04 -0.47E+00  0.84E+01  0.32E+09  0.42E+03
       Cl  2 1   0.21E+04 -0.37E+00  0.12E+02  0.49E+09  0.65E+03
       Cl  2 2   0.33E+04 -0.16E+00  0.21E+02  0.76E+09  0.10E+04
       Cl  3 3   0.21E+02  0.79E-01  0.89E+01  0.23E+05  0.13E+03
       Cl  4 3   0.24E+02  0.67E-01  0.99E+01  0.27E+05  0.15E+03
       Cl  4 4   0.28E+02  0.44E-01  0.11E+02  0.32E+05  0.18E+03
       Cl  5 5   0.77E+00  0.19E+00  0.18E+01  0.12E+03  0.22E+02
       Cl  6 5   0.80E+00  0.19E+00  0.19E+01  0.12E+03  0.23E+02
       Cl  6 6   0.83E+00  0.20E+00  0.19E+01  0.12E+03  0.23E+02
       H   1 1   0.39E+02  0.19E+00  0.29E+00  0.78E+05  0.13E+02
       H   2 1   0.41E+02  0.21E+00  0.32E+00  0.82E+05  0.14E+02
       H   2 2   0.43E+02  0.22E+00  0.36E+00  0.86E+05  0.15E+02
     ------------------------------------------------------------

     alpha_pv=     34.4693 eV

     Number of occupied bands for each k-point:
     k-point:     1    nbnd_occ=  42
     k-point:     2    nbnd_occ=  42
     k-point:     3    nbnd_occ=  42
     k-point:     4    nbnd_occ=  42
     k-point:     5    nbnd_occ=  42
     k-point:     6    nbnd_occ=  42
     k-point:     7    nbnd_occ=  42
     k-point:     8    nbnd_occ=  42
     k-point:     9    nbnd_occ=  42
     k-point:    10    nbnd_occ=  42
     k-point:    11    nbnd_occ=  42
     k-point:    12    nbnd_occ=  42
     k-point:    13    nbnd_occ=  42
     k-point:    14    nbnd_occ=  42
     k-point:    15    nbnd_occ=  42
     k-point:    16    nbnd_occ=  42


     q-space interpolation up to   110.00 Rydberg

     GIPAW job: efg                                                                             


     ELECTRIC FIELD GRADIENTS TENSORS IN Hartree/bohrradius^2:

     ----- bare term -----
     Cl   1       -0.269703        0.295376        0.098229
     Cl   1        0.295376       -0.003860       -0.131617
     Cl   1        0.098229       -0.131617        0.273564

     C    2       -0.016476       -0.383767       -0.416110
     C    2       -0.383767       -0.008282       -0.720291
     C    2       -0.416110       -0.720291        0.024757

     C    3       -0.491977        0.308980        0.027283
     C    3        0.308980        0.093972       -0.316591
     C    3        0.027283       -0.316591        0.398005

     H    4       -0.146987       -0.457901       -0.113196
     H    4       -0.457901       -0.234249        0.154181
     H    4       -0.113196        0.154181        0.381236

     C    5       -0.148119       -0.314993       -0.418286
     C    5       -0.314993       -0.006467       -0.558201
     C    5       -0.418286       -0.558201        0.154586

     H    6        0.417664        0.069355       -0.036964
     H    6        0.069355       -0.732817       -0.285266
     H    6       -0.036964       -0.285266        0.315153

     H    7        0.080690        0.009047        0.406674
     H    7        0.009047        0.135222        0.320639
     H    7        0.406674        0.320639       -0.215913

     C    8       -0.238768        0.013941       -0.404842
     C    8        0.013941        0.302411        0.179556
     C    8       -0.404842        0.179556       -0.063643

     H    9        0.023529        0.028950       -0.140723
     H    9        0.028950        0.514455        0.199729
     H    9       -0.140723        0.199729       -0.537984

     C   10        0.104104       -0.346362        0.087909
     C   10       -0.346362       -0.269081        0.174826
     C   10        0.087909        0.174826        0.164977

     C   11       -0.067064       -0.052803       -0.579439
     C   11       -0.052803       -0.140109        0.509719
     C   11       -0.579439        0.509719        0.207173

     Cl  12       -0.182834       -0.094049       -0.064040
     Cl  12       -0.094049       -0.126321       -0.017838
     Cl  12       -0.064040       -0.017838        0.309155

     H   13        0.396100        0.022532       -0.228149
     H   13        0.022532       -0.295298       -0.434382
     H   13       -0.228149       -0.434382       -0.100802

     C   14       -0.467849        0.309569       -0.263501
     C   14        0.309569        0.067283       -0.197026
     C   14       -0.263501       -0.197026        0.400566

     H   15       -0.553136       -0.315900       -0.316261
     H   15       -0.315900        0.304187       -0.147826
     H   15       -0.316261       -0.147826        0.248949

     C   16        0.034410       -0.086684       -0.422959
     C   16       -0.086684       -0.343704       -0.507168
     C   16       -0.422959       -0.507168        0.309294

     C   17       -0.274698        0.414748       -0.328294
     C   17        0.414748       -0.176251       -0.239270
     C   17       -0.328294       -0.239270        0.450948

     Cl  18       -0.103715       -0.017557        0.097513
     Cl  18       -0.017557        0.118785       -0.033503
     Cl  18        0.097513       -0.033503       -0.015069

     H   19        0.391387       -0.022036        0.015755
     H   19       -0.022036       -0.482926        0.553376
     H   19        0.015755        0.553376        0.091539

     C   20       -0.168752       -0.354380       -0.226414
     C   20       -0.354380       -0.123331        0.473554
     C   20       -0.226414        0.473554        0.292083

     H   21       -0.034719        0.316569       -0.454422
     H   21        0.316569        0.033989        0.477602
     H   21       -0.454422        0.477602        0.000730

     C   22       -0.535207       -0.327874       -0.282571
     C   22       -0.327874        0.097711        0.171398
     C   22       -0.282571        0.171398        0.437496

     C   23        0.080591       -0.578506        0.115033
     C   23       -0.578506       -0.490824        0.409187
     C   23        0.115033        0.409187        0.410233

     Cl  24       -0.072264       -0.000978       -0.095284
     Cl  24       -0.000978        0.062016        0.002486
     Cl  24       -0.095284        0.002486        0.010248

     ----- ionic term -----
     Cl   1        0.130592       -0.205707       -0.021712
     Cl   1       -0.205707        0.016736        0.024907
     Cl   1       -0.021712        0.024907       -0.147328

     C    2        0.228132       -0.105941        0.197537
     C    2       -0.105941        0.168248        0.415991
     C    2        0.197537        0.415991       -0.396380

     C    3        0.256728       -0.130457        0.083310
     C    3       -0.130457        0.179103        0.388001
     C    3        0.083310        0.388001       -0.435831

     H    4        0.732367        0.475853        0.479731
     H    4        0.475853       -0.336104        0.232021
     H    4        0.479731        0.232021       -0.396263

     C    5        0.401412       -0.088263        0.123284
     C    5       -0.088263        0.030850        0.326577
     C    5        0.123284        0.326577       -0.432262

     H    6       -0.503834        0.155894        0.068386
     H    6        0.155894        0.713808        0.682894
     H    6        0.068386        0.682894       -0.209974

     H    7       -0.529527        0.001274        0.030113
     H    7        0.001274        0.419511       -0.780282
     H    7        0.030113       -0.780282        0.110016

     C    8        0.137291        0.218056        0.376415
     C    8        0.218056       -0.068920       -0.286795
     C    8        0.376415       -0.286795       -0.068371

     H    9        0.240099       -0.395377        0.681747
     H    9       -0.395377       -0.261793       -0.435660
     H    9        0.681747       -0.435660        0.021695

     C   10        0.002693        0.279050        0.174071
     C   10        0.279050        0.124312       -0.468680
     C   10        0.174071       -0.468680       -0.127005

     C   11        0.164456        0.237963        0.262112
     C   11        0.237963       -0.006933       -0.455986
     C   11        0.262112       -0.455986       -0.157523

     Cl  12        0.197633        0.212134        0.052374
     Cl  12        0.212134       -0.062151        0.017222
     Cl  12        0.052374        0.017222       -0.135483

     H   13       -0.507250        0.001787        0.025432
     H   13        0.001787        0.476212        0.785948
     H   13        0.025432        0.785948        0.031039

     C   14        0.370347       -0.194871        0.182914
     C   14       -0.194871       -0.014833        0.359321
     C   14        0.182914        0.359321       -0.355514

     H   15        0.451275        0.423840        0.636206
     H   15        0.423840       -0.364221        0.358564
     H   15        0.636206        0.358564       -0.087054

     C   16        0.174860       -0.260573        0.090452
     C   16       -0.260573        0.132717        0.465290
     C   16        0.090452        0.465290       -0.307577

     C   17        0.308350       -0.146393        0.085334
     C   17       -0.146393        0.051653        0.428901
     C   17        0.085334        0.428901       -0.360003

     Cl  18        0.168926       -0.224787       -0.044823
     Cl  18       -0.224787       -0.022067        0.013904
     Cl  18       -0.044823        0.013904       -0.146860

     H   19       -0.510661        0.092751       -0.056014
     H   19        0.092751        0.515921       -0.757764
     H   19       -0.056014       -0.757764       -0.005261

     C   20        0.210750        0.200039        0.311728
     C   20        0.200039        0.016509       -0.293973
     C   20        0.311728       -0.293973       -0.227259

     H   21        0.408759       -0.415628        0.644012
     H   21       -0.415628       -0.328492       -0.359917
     H   21        0.644012       -0.359917       -0.080267

     C   22        0.095589        0.251038        0.218917
     C   22        0.251038        0.183631       -0.356969
     C   22        0.218917       -0.356969       -0.279220

     C   23        0.132402        0.275633        0.362053
     C   23        0.275633        0.039355       -0.336132
     C   23        0.362053       -0.336132       -0.171756

     Cl  24        0.152957        0.230042        0.044329
     Cl  24        0.230042        0.000607        0.029026
     Cl  24        0.044329        0.029026       -0.153564

     ----- GIPAW term -----
     Cl   1       -0.545027       -1.477775        1.249063
     Cl   1       -1.477775        0.057515       -1.955614
     Cl   1        1.249063       -1.955614        0.487513

     C    2        0.010939       -0.266000       -0.031633
     C    2       -0.266000        0.149112       -0.136589
     C    2       -0.031633       -0.136589       -0.160050

     C    3       -0.145450       -0.066400        0.059466
     C    3       -0.066400        0.171599       -0.139780
     C    3        0.059466       -0.139780       -0.026149

     H    4       -0.000000        0.000000        0.000000
     H    4        0.000000        0.000000        0.000000
     H    4        0.000000        0.000000        0.000000

     C    5        0.035971       -0.236194       -0.028633
     C    5       -0.236194        0.067386       -0.145543
     C    5       -0.028633       -0.145543       -0.103356

     H    6       -0.000000        0.000000        0.000000
     H    6        0.000000        0.000000        0.000000
     H    6        0.000000        0.000000        0.000000

     H    7       -0.000000        0.000000        0.000000
     H    7        0.000000        0.000000        0.000000
     H    7        0.000000        0.000000        0.000000

     C    8        0.110292       -0.058828       -0.030956
     C    8       -0.058828       -0.008446        0.001559
     C    8       -0.030956        0.001559       -0.101846

     H    9       -0.000000        0.000000        0.000000
     H    9        0.000000        0.000000        0.000000
     H    9        0.000000        0.000000        0.000000

     C   10        0.045685       -0.052264       -0.020013
     C   10       -0.052264       -0.037139        0.016827
     C   10       -0.020013        0.016827       -0.008547

     C   11        0.087833        0.010172       -0.216574
     C   11        0.010172       -0.054199        0.150037
     C   11       -0.216574        0.150037       -0.033634

     Cl  12       -0.449671        1.578529       -0.595944
     Cl  12        1.578529       -1.288848       -0.186180
     Cl  12       -0.595944       -0.186180        1.738518

     H   13       -0.000000        0.000000        0.000000
     H   13        0.000000        0.000000        0.000000
     H   13        0.000000        0.000000        0.000000

     C   14       -0.005596       -0.121683       -0.043290
     C   14       -0.121683        0.069952        0.016215
     C   14       -0.043290        0.016215       -0.064356

     H   15       -0.000000        0.000000        0.000000
     H   15        0.000000        0.000000        0.000000
     H   15        0.000000        0.000000        0.000000

     C   16        0.047979       -0.134759       -0.206402
     C   16       -0.134759       -0.081828        0.003072
     C   16       -0.206402        0.003072        0.033849

     C   17        0.122999       -0.068967       -0.206938
     C   17       -0.068967       -0.126808        0.025370
     C   17       -0.206938        0.025370        0.003809

     Cl  18        1.046694       -0.631968       -1.813197
     Cl  18       -0.631968       -0.764002       -0.972019
     Cl  18       -1.813197       -0.972019       -0.282693

     H   19       -0.000000        0.000000        0.000000
     H   19        0.000000        0.000000        0.000000
     H   19        0.000000        0.000000        0.000000

     C   20       -0.017673       -0.165522       -0.036464
     C   20       -0.165522        0.066050        0.129625
     C   20       -0.036464        0.129625       -0.048378

     H   21       -0.000000        0.000000        0.000000
     H   21        0.000000        0.000000        0.000000
     H   21        0.000000        0.000000        0.000000

     C   22       -0.147469       -0.126511        0.028739
     C   22       -0.126511        0.055113       -0.102351
     C   22        0.028739       -0.102351        0.092356

     C   23        0.168263       -0.108359        0.188521
     C   23       -0.108359       -0.147441       -0.033296
     C   23        0.188521       -0.033296       -0.020822

     Cl  24        0.760567        0.200925        1.577041
     Cl  24        0.200925       -0.434714       -1.328106
     Cl  24        1.577041       -1.328106       -0.325853

     ----- total EFG -----
     Cl   1       -0.684138       -1.388106        1.325581
     Cl   1       -1.388106        0.070391       -2.062324
     Cl   1        1.325581       -2.062324        0.613748

     C    2        0.222595       -0.755707       -0.250206
     C    2       -0.755707        0.309078       -0.440888
     C    2       -0.250206       -0.440888       -0.531673

     C    3       -0.380699        0.112122        0.170060
     C    3        0.112122        0.444674       -0.068371
     C    3        0.170060       -0.068371       -0.063975

     H    4        0.585380        0.017952        0.366536
     H    4        0.017952       -0.570353        0.386202
     H    4        0.366536        0.386202       -0.015027

     C    5        0.289263       -0.639449       -0.323634
     C    5       -0.639449        0.091769       -0.377167
     C    5       -0.323634       -0.377167       -0.381032

     H    6       -0.086170        0.225249        0.031422
     H    6        0.225249       -0.019009        0.397627
     H    6        0.031422        0.397627        0.105179

     H    7       -0.448837        0.010321        0.436786
     H    7        0.010321        0.554734       -0.459642
     H    7        0.436786       -0.459642       -0.105896

     C    8        0.008815        0.173169       -0.059383
     C    8        0.173169        0.225045       -0.105680
     C    8       -0.059383       -0.105680       -0.233860

     H    9        0.263627       -0.366426        0.541024
     H    9       -0.366426        0.252662       -0.235932
     H    9        0.541024       -0.235932       -0.516289

     C   10        0.152482       -0.119576        0.241967
     C   10       -0.119576       -0.181907       -0.277027
     C   10        0.241967       -0.277027        0.029425

     C   11        0.185225        0.195331       -0.533900
     C   11        0.195331       -0.201242        0.203769
     C   11       -0.533900        0.203769        0.016017

     Cl  12       -0.434871        1.696613       -0.607610
     Cl  12        1.696613       -1.477320       -0.186797
     Cl  12       -0.607610       -0.186797        1.912191

     H   13       -0.111150        0.024319       -0.202718
     H   13        0.024319        0.180914        0.351566
     H   13       -0.202718        0.351566       -0.069764

     C   14       -0.103098       -0.006984       -0.123877
     C   14       -0.006984        0.122402        0.178510
     C   14       -0.123877        0.178510       -0.019304

     H   15       -0.101861        0.107940        0.319944
     H   15        0.107940       -0.060034        0.210738
     H   15        0.319944        0.210738        0.161895

     C   16        0.257249       -0.482017       -0.538909
     C   16       -0.482017       -0.292815       -0.038805
     C   16       -0.538909       -0.038805        0.035566

     C   17        0.156651        0.199388       -0.449898
     C   17        0.199388       -0.251406        0.215001
     C   17       -0.449898        0.215001        0.094754

     Cl  18        1.111906       -0.874311       -1.760507
     Cl  18       -0.874311       -0.667284       -0.991618
     Cl  18       -1.760507       -0.991618       -0.444621

     H   19       -0.119274        0.070715       -0.040259
     H   19        0.070715        0.032996       -0.204388
     H   19       -0.040259       -0.204388        0.086278

     C   20        0.024326       -0.319863        0.048850
     C   20       -0.319863       -0.040772        0.309206
     C   20        0.048850        0.309206        0.016446

     H   21        0.374040       -0.099060        0.189591
     H   21       -0.099060       -0.294504        0.117685
     H   21        0.189591        0.117685       -0.079536

     C   22       -0.587088       -0.203348       -0.034915
     C   22       -0.203348        0.336456       -0.287922
     C   22       -0.034915       -0.287922        0.250632

     C   23        0.381256       -0.411232        0.665607
     C   23       -0.411232       -0.598911        0.039759
     C   23        0.665607        0.039759        0.217655

     Cl  24        0.841260        0.429989        1.526087
     Cl  24        0.429989       -0.372090       -1.296593
     Cl  24        1.526087       -1.296593       -0.469169

     ----- total EFG (symmetrized) -----
     Cl   1       -0.684138       -1.388106        1.325581
     Cl   1       -1.388106        0.070391       -2.062324
     Cl   1        1.325581       -2.062324        0.613748

     C    2        0.222595       -0.755707       -0.250206
     C    2       -0.755707        0.309078       -0.440888
     C    2       -0.250206       -0.440888       -0.531673

     C    3       -0.380699        0.112122        0.170060
     C    3        0.112122        0.444674       -0.068371
     C    3        0.170060       -0.068371       -0.063975

     H    4        0.585380        0.017952        0.366536
     H    4        0.017952       -0.570353        0.386202
     H    4        0.366536        0.386202       -0.015027

     C    5        0.289263       -0.639449       -0.323634
     C    5       -0.639449        0.091769       -0.377167
     C    5       -0.323634       -0.377167       -0.381032

     H    6       -0.086170        0.225249        0.031422
     H    6        0.225249       -0.019009        0.397627
     H    6        0.031422        0.397627        0.105179

     H    7       -0.448837        0.010321        0.436786
     H    7        0.010321        0.554734       -0.459642
     H    7        0.436786       -0.459642       -0.105896

     C    8        0.008815        0.173169       -0.059383
     C    8        0.173169        0.225045       -0.105680
     C    8       -0.059383       -0.105680       -0.233860

     H    9        0.263627       -0.366426        0.541024
     H    9       -0.366426        0.252662       -0.235932
     H    9        0.541024       -0.235932       -0.516289

     C   10        0.152482       -0.119576        0.241967
     C   10       -0.119576       -0.181907       -0.277027
     C   10        0.241967       -0.277027        0.029425

     C   11        0.185225        0.195331       -0.533900
     C   11        0.195331       -0.201242        0.203769
     C   11       -0.533900        0.203769        0.016017

     Cl  12       -0.434871        1.696613       -0.607610
     Cl  12        1.696613       -1.477320       -0.186797
     Cl  12       -0.607610       -0.186797        1.912191

     H   13       -0.111150        0.024319       -0.202718
     H   13        0.024319        0.180914        0.351566
     H   13       -0.202718        0.351566       -0.069764

     C   14       -0.103098       -0.006984       -0.123877
     C   14       -0.006984        0.122402        0.178510
     C   14       -0.123877        0.178510       -0.019304

     H   15       -0.101861        0.107940        0.319944
     H   15        0.107940       -0.060034        0.210738
     H   15        0.319944        0.210738        0.161895

     C   16        0.257249       -0.482017       -0.538909
     C   16       -0.482017       -0.292815       -0.038805
     C   16       -0.538909       -0.038805        0.035566

     C   17        0.156651        0.199388       -0.449898
     C   17        0.199388       -0.251406        0.215001
     C   17       -0.449898        0.215001        0.094754

     Cl  18        1.111906       -0.874311       -1.760507
     Cl  18       -0.874311       -0.667284       -0.991618
     Cl  18       -1.760507       -0.991618       -0.444621

     H   19       -0.119274        0.070715       -0.040259
     H   19        0.070715        0.032996       -0.204388
     H   19       -0.040259       -0.204388        0.086278

     C   20        0.024326       -0.319863        0.048850
     C   20       -0.319863       -0.040772        0.309206
     C   20        0.048850        0.309206        0.016446

     H   21        0.374040       -0.099060        0.189591
     H   21       -0.099060       -0.294504        0.117685
     H   21        0.189591        0.117685       -0.079536

     C   22       -0.587088       -0.203348       -0.034915
     C   22       -0.203348        0.336456       -0.287922
     C   22       -0.034915       -0.287922        0.250632

     C   23        0.381256       -0.411232        0.665607
     C   23       -0.411232       -0.598911        0.039759
     C   23        0.665607        0.039759        0.217655

     Cl  24        0.841260        0.429989        1.526087
     Cl  24        0.429989       -0.372090       -1.296593
     Cl  24        1.526087       -1.296593       -0.469169


     NQR/NMR SPECTROSCOPIC PARAMETERS:
     Cl   1    Vxx=   -1.4972    axis=(  0.759362 -0.157987 -0.631197)
     Cl   1    Vyy=   -1.8361    axis=( -0.488191 -0.779661 -0.392172)
     Cl   1    Vzz=    3.3333    axis=( -0.430161  0.605945 -0.669173)
     Cl   1  Q=        -8.1650 1e-30 m^2  Cq=       -63.9482 MHz  eta= 0.10169

     C    2    Vxx=   -0.0362    axis=(  0.593363  0.428776 -0.681228)
     C    2    Vyy=   -1.0022    axis=(  0.463007  0.510481  0.724592)
     C    2    Vzz=    1.0384    axis=( -0.658441  0.745360 -0.104374)
     C    2  Q=         1.0000 1e-30 m^2  Cq=         2.4398 MHz  eta= 0.93021

     C    3    Vxx=    0.0094    axis=(  0.408527  0.038010  0.911954)
     C    3    Vyy=    0.4638    axis=( -0.112869 -0.989360  0.091797)
     C    3    Vzz=   -0.4732    axis=(  0.905741 -0.140433 -0.399891)
     C    3  Q=         1.0000 1e-30 m^2  Cq=        -1.1118 MHz  eta= 0.96045

     H    4    Vxx=    0.0009    axis=(  0.476043 -0.482205 -0.735433)
     H    4    Vyy=    0.7856    axis=( -0.871280 -0.145074 -0.468855)
     H    4    Vzz=   -0.7865    axis=(  0.119392  0.863963 -0.489197)
     H    4  Q=         1.0000 1e-30 m^2  Cq=        -1.8481 MHz  eta= 0.99761

     C    5    Vxx=    0.0796    axis=( -0.442364 -0.516192  0.733390)
     C    5    Vyy=    0.8375    axis=( -0.759194  0.650864  0.000178)
     C    5    Vzz=   -0.9172    axis=( -0.477429 -0.556706 -0.679809)
     C    5  Q=         1.0000 1e-30 m^2  Cq=        -2.1550 MHz  eta= 0.82633

     H    6    Vxx=   -0.0656    axis=( -0.853038 -0.147607  0.500538)
     H    6    Vyy=   -0.4320    axis=( -0.432549  0.736580 -0.519953)
     H    6    Vzz=    0.4976    axis=( -0.291937 -0.660047 -0.692178)
     H    6  Q=         1.0000 1e-30 m^2  Cq=         1.1692 MHz  eta= 0.73621

     H    7    Vxx=   -0.0170    axis=( -0.629483 -0.479941 -0.611071)
     H    7    Vyy=   -0.8052    axis=(  0.759398 -0.213486 -0.614605)
     H    7    Vzz=    0.8222    axis=(  0.164519 -0.850929  0.498852)
     H    7  Q=         1.0000 1e-30 m^2  Cq=         1.9318 MHz  eta= 0.95875

     C    8    Vxx=   -0.0872    axis=(  0.873984 -0.485941 -0.003719)
     C    8    Vyy=   -0.2592    axis=( -0.102554 -0.176955 -0.978861)
     C    8    Vzz=    0.3464    axis=(  0.475011  0.855890 -0.204491)
     C    8  Q=         1.0000 1e-30 m^2  Cq=         0.8139 MHz  eta= 0.49645

     H    9    Vxx=   -0.0587    axis=(  0.542892  0.809199  0.224645)
     H    9    Vyy=   -0.7953    axis=( -0.441415  0.047389  0.896051)
     H    9    Vzz=    0.8540    axis=(  0.714438 -0.585620  0.382919)
     H    9  Q=         1.0000 1e-30 m^2  Cq=         2.0065 MHz  eta= 0.86259

     C   10    Vxx=   -0.0800    axis=(  0.743509  0.456347 -0.488817)
     C   10    Vyy=   -0.3764    axis=( -0.094257  0.795185  0.598996)
     C   10    Vzz=    0.4564    axis=( -0.662050  0.399285 -0.634241)
     C   10  Q=         1.0000 1e-30 m^2  Cq=         1.0724 MHz  eta= 0.64948

     C   11    Vxx=   -0.0148    axis=( -0.343092 -0.833319 -0.433436)
     C   11    Vyy=   -0.6267    axis=(  0.546695 -0.552391  0.629277)
     C   11    Vzz=    0.6415    axis=( -0.763815 -0.021058  0.645092)
     C   11  Q=         1.0000 1e-30 m^2  Cq=         1.5073 MHz  eta= 0.95376

     Cl  12    Vxx=    0.5562    axis=(  0.721198  0.564882  0.400976)
     Cl  12    Vyy=    2.1845    axis=( -0.346414 -0.207172  0.914919)
     Cl  12    Vzz=   -2.7407    axis=( -0.599892  0.798741 -0.046272)
     Cl  12  Q=        -8.1650 1e-30 m^2  Cq=        52.5796 MHz  eta= 0.59413

     H   13    Vxx=   -0.0226    axis=(  0.840104  0.442248 -0.314073)
     H   13    Vyy=   -0.4245    axis=( -0.510087  0.447178 -0.734740)
     H   13    Vzz=    0.4470    axis=( -0.184491  0.777463  0.601261)
     H   13  Q=         1.0000 1e-30 m^2  Cq=         1.0503 MHz  eta= 0.89906

     C   14    Vxx=   -0.0331    axis=(  0.722277  0.535179 -0.438064)
     C   14    Vyy=   -0.2272    axis=( -0.656819  0.332452 -0.676805)
     C   14    Vzz=    0.2603    axis=(  0.216576 -0.776569 -0.591638)
     C   14  Q=         1.0000 1e-30 m^2  Cq=         0.6117 MHz  eta= 0.74541

     H   15    Vxx=   -0.1586    axis=( -0.352526  0.903869 -0.242376)
     H   15    Vyy=   -0.3202    axis=( -0.792203 -0.150378  0.591440)
     H   15    Vzz=    0.4789    axis=(  0.498136  0.400509  0.769060)
     H   15  Q=         1.0000 1e-30 m^2  Cq=         1.1252 MHz  eta= 0.33744

     C   16    Vxx=   -0.0903    axis=(  0.216434 -0.654175  0.724715)
     C   16    Vyy=   -0.7260    axis=( -0.578761 -0.683783 -0.444382)
     C   16    Vzz=    0.8164    axis=( -0.786251  0.323257  0.526605)
     C   16  Q=         1.0000 1e-30 m^2  Cq=         1.9181 MHz  eta= 0.77865

     C   17    Vxx=    0.0072    axis=(  0.452324  0.749980  0.482630)
     C   17    Vyy=    0.5767    axis=(  0.730672 -0.001328 -0.682727)
     C   17    Vzz=   -0.5839    axis=( -0.511391  0.661459 -0.548591)
     C   17  Q=         1.0000 1e-30 m^2  Cq=        -1.3719 MHz  eta= 0.97531

     Cl  18    Vxx=    0.2459    axis=(  0.250857 -0.812167  0.526741)
     Cl  18    Vyy=    2.2732    axis=( -0.849334  0.076404  0.522296)
     Cl  18    Vzz=   -2.5191    axis=( -0.464437 -0.578401 -0.670634)
     Cl  18  Q=        -8.1650 1e-30 m^2  Cq=        48.3271 MHz  eta= 0.80477

     H   19    Vxx=   -0.1135    axis=(  0.769365  0.362516  0.525984)
     H   19    Vyy=   -0.1671    axis=( -0.610018  0.661331  0.436485)
     H   19    Vzz=    0.2806    axis=( -0.189616 -0.656676  0.729947)
     H   19  Q=         1.0000 1e-30 m^2  Cq=         0.6593 MHz  eta= 0.19121

     C   20    Vxx=    0.0691    axis=(  0.692604  0.013287  0.721196)
     C   20    Vyy=    0.4104    axis=( -0.520046  0.702050  0.486495)
     C   20    Vzz=   -0.4795    axis=(  0.499852  0.712003 -0.493153)
     C   20  Q=         1.0000 1e-30 m^2  Cq=        -1.1266 MHz  eta= 0.71196

     H   21    Vxx=   -0.0611    axis=( -0.240534  0.516423  0.821858)
     H   21    Vyy=   -0.3857    axis=(  0.228304  0.853063 -0.469213)
     H   21    Vzz=    0.4468    axis=(  0.943409 -0.074772  0.323092)
     H   21  Q=         1.0000 1e-30 m^2  Cq=         1.0499 MHz  eta= 0.72662

     C   22    Vxx=    0.0409    axis=( -0.234257  0.590851  0.772022)
     C   22    Vyy=    0.5997    axis=( -0.113875  0.771975 -0.625369)
     C   22    Vzz=   -0.6406    axis=( -0.965482 -0.234411 -0.113558)
     C   22  Q=         1.0000 1e-30 m^2  Cq=        -1.5051 MHz  eta= 0.87239

     C   23    Vxx=   -0.1828    axis=( -0.461672  0.524576  0.715318)
     C   23    Vyy=   -0.8383    axis=(  0.453997  0.832512 -0.317507)
     C   23    Vzz=    1.0211    axis=( -0.762067  0.178168 -0.622503)
     C   23  Q=         1.0000 1e-30 m^2  Cq=         2.3992 MHz  eta= 0.64200

     Cl  24    Vxx=    0.4450    axis=(  0.475379  0.806827 -0.350777)
     Cl  24    Vyy=    1.9175    axis=( -0.774792  0.195049 -0.601376)
     Cl  24    Vzz=   -2.3625    axis=( -0.416787  0.557661  0.717846)
     Cl  24  Q=        -8.1650 1e-30 m^2  Cq=        45.3232 MHz  eta= 0.62331

     Initialization:
     gipaw_setup  :      8.92s CPU     10.78s WALL (       1 calls)

     Linear response

     Apply operators

     Induced current

     Other routines
     efg          :      9.05s CPU     11.09s WALL (       1 calls)

     General routines
     calbec       :      3.14s CPU      3.92s WALL (      16 calls)
     fft          :      1.84s CPU      3.02s WALL (      15 calls)
     ffts         :      0.04s CPU      0.09s WALL (       2 calls)
     fftw         :      3.10s CPU      3.80s WALL (     672 calls)
     davcio       :      0.04s CPU      0.34s WALL (      32 calls)

     Parallel routines
     fft_scatter  :      2.30s CPU      4.08s WALL (     689 calls)

     Plugins

     GIPAW        :     61.61s CPU     75.54s WALL (       1 calls)
