
     Program QE v.6.0 (svn rev. 13079) starts on 26Dec2016 at 18:53: 1 

     This program is part of the open-source Quantum ESPRESSO suite
     for quantum simulation of materials; please cite
         "P. Giannozzi et al., J. Phys.:Condens. Matter 21 395502 (2009);
          URL http://www.quantum-espresso.org", 
     in publications or presentations arising from this work. More details at
     http://www.quantum-espresso.org/quote

     Parallel version (MPI), running on     8 processors
     R & G space division:  proc/nbgrp/npool/nimage =       8

     ***** This is GIPAW svn revision unknown      *****

     Parallelizing q-star over 1 images

     Reading data from directory:
     /users/majewski/paradichlorobenzene/pbe/9_constraint/scratch/pbe.ecut100.np8.dt60.pcl2phi-129368.save
     Message from routine read_xml_file:
     file /users/majewski/paradichlorobenzene/pbe/9_constraint/scratch/pbe.ecut100.np8.dt60.pcl2phi-129368.save not guaranteed to be safe for post-processing

   Info: using nr1, nr2, nr3 values from input

   Info: using nr1, nr2, nr3 values from input

     IMPORTANT: XC functional enforced from input :
     Exchange-correlation      =  SLA  PW   PBX  PBC ( 1  4  3  4 0 0)
     Any further DFT definition will be discarded
     Please, verify this is what you really want

               file C.pbe-n-kjpaw_psl.1.0.0.UPF: wavefunction(s)  2S 2P renormalized
               file Cl.pbe-n-kjpaw_psl.1.0.0.UPF: wavefunction(s)  3S 3P renormalized
               file H.pbe-kjpaw_psl.1.0.0.UPF: wavefunction(s)  1S renormalized

     Parallelization info
     --------------------
     sticks:   dense  smooth     PW     G-vecs:    dense   smooth      PW
     Min        3057    1223    332               144436    36536    5170
     Max        3059    1225    333               144437    36537    5171
     Sum       24467    9791   2657              1155489   292295   41363


     Subspace diagonalization in iterative solution of the eigenvalue problem:
     a serial algorithm will be used

     GIPAW projectors -----------------------------------------------
     atom=  C    l=0  rc=    1.2000  rs=    0.8000
     atom=  C    l=0  rc=    1.2000  rs=    0.8000
     atom=  C    l=1  rc=    1.4000  rs=    0.9333
     atom=  C    l=1  rc=    1.4000  rs=    0.9333
     projs nearly linearly dependent: l=1  n1,n2= 1, 2  s=  0.99951561

     atom=  Cl   l=0  rc=    1.6000  rs=    1.0667
     atom=  Cl   l=0  rc=    1.6000  rs=    1.0667
     atom=  Cl   l=1  rc=    1.6000  rs=    1.0667
     atom=  Cl   l=1  rc=    1.6000  rs=    1.0667
     atom=  Cl   l=2  rc=    1.6000  rs=    1.0667
     atom=  Cl   l=2  rc=    1.6000  rs=    1.0667
     projs nearly linearly dependent: l=2  n1,n2= 1, 2  s=  0.99993509

     atom=  H    l=0  rc=    1.0000  rs=    0.6667
     atom=  H    l=0  rc=    1.0000  rs=    0.6667
     projs nearly linearly dependent: l=0  n1,n2= 1, 2  s=  0.99968852
     -----------------------------------------------------------------

     GIPAW integrals: -------------------------------------------
     Atom  i/j   nmr_para   nmr_dia   epr_rmc  epr_para   epr_dia
       C   1 1   0.83E+03  0.17E-01  0.93E+01  0.24E+08  0.24E+03
       C   2 1   0.86E+03 -0.61E-01  0.94E+01  0.25E+08  0.25E+03
       C   2 2   0.90E+03 -0.15E+00  0.97E+01  0.26E+08  0.26E+03
       C   3 3   0.33E+01  0.34E+00  0.18E+01  0.55E+03  0.21E+02
       C   4 3   0.35E+01  0.37E+00  0.20E+01  0.59E+03  0.22E+02
       C   4 4   0.38E+01  0.39E+00  0.22E+01  0.63E+03  0.24E+02
       Cl  1 1   0.14E+04 -0.47E+00  0.84E+01  0.32E+09  0.42E+03
       Cl  2 1   0.21E+04 -0.37E+00  0.12E+02  0.49E+09  0.65E+03
       Cl  2 2   0.33E+04 -0.16E+00  0.21E+02  0.76E+09  0.10E+04
       Cl  3 3   0.21E+02  0.79E-01  0.89E+01  0.23E+05  0.13E+03
       Cl  4 3   0.24E+02  0.67E-01  0.99E+01  0.27E+05  0.15E+03
       Cl  4 4   0.28E+02  0.44E-01  0.11E+02  0.32E+05  0.18E+03
       Cl  5 5   0.77E+00  0.19E+00  0.18E+01  0.12E+03  0.22E+02
       Cl  6 5   0.80E+00  0.19E+00  0.19E+01  0.12E+03  0.23E+02
       Cl  6 6   0.83E+00  0.20E+00  0.19E+01  0.12E+03  0.23E+02
       H   1 1   0.39E+02  0.19E+00  0.29E+00  0.78E+05  0.13E+02
       H   2 1   0.41E+02  0.21E+00  0.32E+00  0.82E+05  0.14E+02
       H   2 2   0.43E+02  0.22E+00  0.36E+00  0.86E+05  0.15E+02
     ------------------------------------------------------------

     alpha_pv=     33.9396 eV

     Number of occupied bands for each k-point:
     k-point:     1    nbnd_occ=  42
     k-point:     2    nbnd_occ=  42
     k-point:     3    nbnd_occ=  42
     k-point:     4    nbnd_occ=  42
     k-point:     5    nbnd_occ=  42
     k-point:     6    nbnd_occ=  42
     k-point:     7    nbnd_occ=  42
     k-point:     8    nbnd_occ=  42
     k-point:     9    nbnd_occ=  42
     k-point:    10    nbnd_occ=  42
     k-point:    11    nbnd_occ=  42
     k-point:    12    nbnd_occ=  42
     k-point:    13    nbnd_occ=  42
     k-point:    14    nbnd_occ=  42
     k-point:    15    nbnd_occ=  42
     k-point:    16    nbnd_occ=  42


     q-space interpolation up to   110.00 Rydberg

     GIPAW job: efg                                                                             


     ELECTRIC FIELD GRADIENTS TENSORS IN Hartree/bohrradius^2:

     ----- bare term -----
     Cl   1        0.094961       -0.013571        0.053771
     Cl   1       -0.013571       -0.016955        0.215985
     Cl   1        0.053771        0.215985       -0.078005

     C    2       -0.258722        0.247538       -0.419695
     C    2        0.247538       -0.023572       -0.409098
     C    2       -0.419695       -0.409098        0.282294

     C    3       -0.000908        0.469301       -0.213658
     C    3        0.469301       -0.247144       -0.537266
     C    3       -0.213658       -0.537266        0.248052

     H    4       -0.143549       -0.168179       -0.369875
     H    4       -0.168179        0.473384       -0.155684
     H    4       -0.369875       -0.155684       -0.329835

     C    5       -0.552113        0.386408       -0.478019
     C    5        0.386408        0.340221       -0.227347
     C    5       -0.478019       -0.227347        0.211892

     H    6        0.210558       -0.012204        0.025946
     H    6       -0.012204       -0.370535       -0.566767
     H    6        0.025946       -0.566767        0.159978

     H    7        0.460526        0.097623       -0.025490
     H    7        0.097623       -0.740593        0.414205
     H    7       -0.025490        0.414205        0.280067

     C    8       -0.116267        0.002410       -0.259293
     C    8        0.002410       -0.037489        0.389975
     C    8       -0.259293        0.389975        0.153756

     H    9       -0.358545        0.511528       -0.000714
     H    9        0.511528        0.097751       -0.135132
     H    9       -0.000714       -0.135132        0.260794

     C   10       -0.733261       -0.333456       -0.274991
     C   10       -0.333456        0.339059        0.126605
     C   10       -0.274991        0.126605        0.394202

     C   11        0.024140        0.310420       -0.453867
     C   11        0.310420       -0.189381        0.512214
     C   11       -0.453867        0.512214        0.165241

     Cl  12       -0.301656       -0.236872        0.021542
     Cl  12       -0.236872        0.166427        0.140013
     Cl  12        0.021542        0.140013        0.135229

     H   13        0.472412       -0.101036       -0.017368
     H   13       -0.101036       -0.829715       -0.087758
     H   13       -0.017368       -0.087758        0.357303

     C   14       -0.157097        0.084884       -0.230348
     C   14        0.084884        0.025709       -0.496467
     C   14       -0.230348       -0.496467        0.131388

     H   15       -0.099470       -0.306353       -0.461993
     H   15       -0.306353        0.065969       -0.441592
     H   15       -0.461993       -0.441592        0.033502

     C   16       -0.746912        0.369323       -0.293423
     C   16        0.369323        0.369517       -0.117194
     C   16       -0.293423       -0.117194        0.377394

     C   17        0.027351        0.255390       -0.120891
     C   17        0.255390       -0.086560       -0.546763
     C   17       -0.120891       -0.546763        0.059209

     Cl  18       -0.141437        0.234799        0.041495
     Cl  18        0.234799        0.132116        0.110966
     Cl  18        0.041495        0.110966        0.009321

     H   19        0.275813        0.005318       -0.099595
     H   19        0.005318       -0.511503        0.619755
     H   19       -0.099595        0.619755        0.235690

     C   20       -0.674806       -0.340135       -0.466384
     C   20       -0.340135        0.188372       -0.035496
     C   20       -0.466384       -0.035496        0.486433

     H   21       -0.564671       -0.175589       -0.136776
     H   21       -0.175589        0.224019        0.307547
     H   21       -0.136776        0.307547        0.340652

     C   22        0.069907        0.145262       -0.280184
     C   22        0.145262       -0.330784        0.500149
     C   22       -0.280184        0.500149        0.260877

     C   23       -0.733243       -0.416363       -0.351827
     C   23       -0.416363        0.194166        0.021457
     C   23       -0.351827        0.021457        0.539077

     Cl  24       -0.038658       -0.004005        0.044510
     Cl  24       -0.004005       -0.030062       -0.006469
     Cl  24        0.044510       -0.006469        0.068720

     ----- ionic term -----
     Cl   1        0.136558       -0.215796        0.060963
     Cl   1       -0.215796        0.010703       -0.029161
     Cl   1        0.060963       -0.029161       -0.147260

     C    2        0.110910       -0.193345        0.323582
     C    2       -0.193345        0.196423        0.349868
     C    2        0.323582        0.349868       -0.307333

     C    3        0.127393       -0.238894        0.240616
     C    3       -0.238894        0.233907        0.345474
     C    3        0.240616        0.345474       -0.361300

     H    4        0.464971        0.407516        0.685277
     H    4        0.407516       -0.303340        0.322938
     H    4        0.685277        0.322938       -0.161631

     C    5        0.276592       -0.185786        0.345135
     C    5       -0.185786        0.073213        0.265862
     C    5        0.345135        0.265862       -0.349805

     H    6       -0.506151        0.061834        0.041183
     H    6        0.061834        0.757839        0.632850
     H    6        0.041183        0.632850       -0.251689

     H    7       -0.516414       -0.113310        0.060204
     H    7       -0.113310        0.741438       -0.660739
     H    7        0.060204       -0.660739       -0.225024

     C    8        0.318015        0.195633        0.173149
     C    8        0.195633        0.110346       -0.288251
     C    8        0.173149       -0.288251       -0.428362

     H    9        0.937626       -0.306620        0.290812
     H    9       -0.306620       -0.428236       -0.127058
     H    9        0.290812       -0.127058       -0.509390

     C   10        0.276222        0.237541        0.082676
     C   10        0.237541        0.185627       -0.316794
     C   10        0.082676       -0.316794       -0.461849

     C   11        0.279110        0.109120        0.209876
     C   11        0.109120        0.091740       -0.367385
     C   11        0.209876       -0.367385       -0.370851

     Cl  12        0.138533        0.174834       -0.033213
     Cl  12        0.174834       -0.009359       -0.028295
     Cl  12       -0.033213       -0.028295       -0.129174

     H   13       -0.529394        0.011526        0.024220
     H   13        0.011526        0.712512        0.667209
     H   13        0.024220        0.667209       -0.183118

     C   14        0.234146       -0.223818        0.328749
     C   14       -0.223818        0.092049        0.261057
     C   14        0.328749        0.261057       -0.326195

     H   15        0.486473        0.175431        0.745707
     H   15        0.175431       -0.488976        0.202498
     H   15        0.745707        0.202498        0.002503

     C   16        0.166998       -0.315754        0.258038
     C   16       -0.315754        0.148304        0.288381
     C   16        0.258038        0.288381       -0.315302

     C   17        0.207525       -0.182871        0.307176
     C   17       -0.182871        0.101513        0.361534
     C   17        0.307176        0.361534       -0.309039

     Cl  18        0.148531       -0.196898        0.022915
     Cl  18       -0.196898        0.015483       -0.005827
     Cl  18        0.022915       -0.005827       -0.164014

     H   19       -0.511149       -0.045342        0.042582
     H   19       -0.045342        0.539193       -0.761097
     H   19        0.042582       -0.761097       -0.028044

     C   20        0.305822        0.184748        0.239125
     C   20        0.184748        0.047556       -0.305143
     C   20        0.239125       -0.305143       -0.353378

     H   21        0.612600       -0.315212        0.637937
     H   21       -0.315212       -0.409479       -0.243437
     H   21        0.637937       -0.243437       -0.203121

     C   22        0.126048        0.233331        0.173688
     C   22        0.233331        0.203826       -0.403344
     C   22        0.173688       -0.403344       -0.329874

     C   23        0.215005        0.157794        0.174769
     C   23        0.157794        0.134735       -0.405869
     C   23        0.174769       -0.405869       -0.349740

     Cl  24        0.143898        0.221808       -0.011087
     Cl  24        0.221808        0.003761       -0.009107
     Cl  24       -0.011087       -0.009107       -0.147659

     ----- GIPAW term -----
     Cl   1       -0.266186       -0.480222       -0.773851
     Cl   1       -0.480222        0.007285       -1.462304
     Cl   1       -0.773851       -1.462304        0.258901

     C    2       -0.073623        0.043428       -0.128943
     C    2        0.043428        0.055681       -0.203671
     C    2       -0.128943       -0.203671        0.017942

     C    3       -0.003730        0.176942       -0.134545
     C    3        0.176942       -0.012170       -0.179210
     C    3       -0.134545       -0.179210        0.015900

     H    4       -0.000000        0.000000        0.000000
     H    4        0.000000        0.000000        0.000000
     H    4        0.000000        0.000000        0.000000

     C    5       -0.048359        0.221223       -0.077169
     C    5        0.221223        0.148092       -0.029737
     C    5       -0.077169       -0.029737       -0.099733

     H    6       -0.000000        0.000000        0.000000
     H    6        0.000000        0.000000        0.000000
     H    6        0.000000        0.000000        0.000000

     H    7       -0.000000        0.000000        0.000000
     H    7        0.000000        0.000000        0.000000
     H    7        0.000000        0.000000        0.000000

     C    8       -0.121375        0.033723       -0.035094
     C    8        0.033723        0.213979       -0.061797
     C    8       -0.035094       -0.061797       -0.092604

     H    9       -0.000000        0.000000        0.000000
     H    9        0.000000        0.000000        0.000000
     H    9        0.000000        0.000000        0.000000

     C   10       -0.232576        0.042185       -0.055048
     C   10        0.042185        0.309128       -0.058806
     C   10       -0.055048       -0.058806       -0.076552

     C   11        0.004280        0.249418       -0.128326
     C   11        0.249418        0.065337       -0.078084
     C   11       -0.128326       -0.078084       -0.069616

     Cl  12       -0.694881        1.356717        0.104103
     Cl  12        1.356717        1.903252        1.390754
     Cl  12        0.104103        1.390754       -1.208371

     H   13       -0.000000        0.000000        0.000000
     H   13        0.000000        0.000000        0.000000
     H   13        0.000000        0.000000        0.000000

     C   14       -0.102481        0.053328       -0.033580
     C   14        0.053328        0.204552       -0.191500
     C   14       -0.033580       -0.191500       -0.102070

     H   15       -0.000000        0.000000        0.000000
     H   15        0.000000        0.000000        0.000000
     H   15        0.000000        0.000000        0.000000

     C   16       -0.241589        0.063039       -0.049454
     C   16        0.063039        0.318083        0.046724
     C   16       -0.049454        0.046724       -0.076494

     C   17        0.009840        0.086724        0.022997
     C   17        0.086724        0.180122        0.003560
     C   17        0.022997        0.003560       -0.189962

     Cl  18        0.231654       -0.210776        0.479514
     Cl  18       -0.210776        1.524463        1.242688
     Cl  18        0.479514        1.242688       -1.756117

     H   19       -0.000000        0.000000        0.000000
     H   19        0.000000        0.000000        0.000000
     H   19        0.000000        0.000000        0.000000

     C   20       -0.088643        0.099325       -0.160334
     C   20        0.099325        0.070692       -0.170439
     C   20       -0.160334       -0.170439        0.017952

     H   21       -0.000000        0.000000        0.000000
     H   21        0.000000        0.000000        0.000000
     H   21        0.000000        0.000000        0.000000

     C   22       -0.072074        0.145232       -0.100856
     C   22        0.145232        0.071710       -0.126864
     C   22       -0.100856       -0.126864        0.000364

     C   23       -0.113975        0.095557       -0.115779
     C   23        0.095557        0.077340       -0.159980
     C   23       -0.115779       -0.159980        0.036636

     Cl  24        0.142422        2.364850       -0.921919
     Cl  24        2.364850       -0.083639       -1.528558
     Cl  24       -0.921919       -1.528558       -0.058783

     ----- total EFG -----
     Cl   1       -0.034668       -0.709588       -0.659117
     Cl   1       -0.709588        0.001032       -1.275480
     Cl   1       -0.659117       -1.275480        0.033635

     C    2       -0.221435        0.097622       -0.225055
     C    2        0.097622        0.228532       -0.262901
     C    2       -0.225055       -0.262901       -0.007097

     C    3        0.122755        0.407349       -0.107588
     C    3        0.407349       -0.025407       -0.371001
     C    3       -0.107588       -0.371001       -0.097348

     H    4        0.321422        0.239336        0.315402
     H    4        0.239336        0.170044        0.167253
     H    4        0.315402        0.167253       -0.491466

     C    5       -0.323880        0.421845       -0.210052
     C    5        0.421845        0.561526        0.008778
     C    5       -0.210052        0.008778       -0.237646

     H    6       -0.295593        0.049631        0.067128
     H    6        0.049631        0.387304        0.066082
     H    6        0.067128        0.066082       -0.091711

     H    7       -0.055888       -0.015687        0.034713
     H    7       -0.015687        0.000845       -0.246534
     H    7        0.034713       -0.246534        0.055043

     C    8        0.080373        0.231766       -0.121238
     C    8        0.231766        0.286836        0.039927
     C    8       -0.121238        0.039927       -0.367209

     H    9        0.579081        0.204908        0.290097
     H    9        0.204908       -0.330486       -0.262189
     H    9        0.290097       -0.262189       -0.248596

     C   10       -0.689615       -0.053731       -0.247364
     C   10       -0.053731        0.833814       -0.248996
     C   10       -0.247364       -0.248996       -0.144199

     C   11        0.307531        0.668957       -0.372317
     C   11        0.668957       -0.032304        0.066745
     C   11       -0.372317        0.066745       -0.275226

     Cl  12       -0.858003        1.294679        0.092432
     Cl  12        1.294679        2.060320        1.502471
     Cl  12        0.092432        1.502471       -1.202317

     H   13       -0.056982       -0.089510        0.006852
     H   13       -0.089510       -0.117203        0.579451
     H   13        0.006852        0.579451        0.174185

     C   14       -0.025432       -0.085606        0.064821
     C   14       -0.085606        0.322310       -0.426911
     C   14        0.064821       -0.426911       -0.296877

     H   15        0.387003       -0.130922        0.283714
     H   15       -0.130922       -0.423008       -0.239094
     H   15        0.283714       -0.239094        0.036004

     C   16       -0.821503        0.116608       -0.084840
     C   16        0.116608        0.835904        0.217911
     C   16       -0.084840        0.217911       -0.014401

     C   17        0.244717        0.159243        0.209282
     C   17        0.159243        0.195075       -0.181669
     C   17        0.209282       -0.181669       -0.439792

     Cl  18        0.238748       -0.172875        0.543924
     Cl  18       -0.172875        1.672062        1.347827
     Cl  18        0.543924        1.347827       -1.910810

     H   19       -0.235336       -0.040024       -0.057012
     H   19       -0.040024        0.027690       -0.141342
     H   19       -0.057012       -0.141342        0.207646

     C   20       -0.457627       -0.056062       -0.387593
     C   20       -0.056062        0.306620       -0.511077
     C   20       -0.387593       -0.511077        0.151007

     H   21        0.047929       -0.490801        0.501161
     H   21       -0.490801       -0.185460        0.064110
     H   21        0.501161        0.064110        0.137531

     C   22        0.123881        0.523826       -0.207352
     C   22        0.523826       -0.055248       -0.030059
     C   22       -0.207352       -0.030059       -0.068633

     C   23       -0.632212       -0.163011       -0.292838
     C   23       -0.163011        0.406240       -0.544392
     C   23       -0.292838       -0.544392        0.225972

     Cl  24        0.247662        2.582653       -0.888496
     Cl  24        2.582653       -0.109940       -1.544134
     Cl  24       -0.888496       -1.544134       -0.137722

     ----- total EFG (symmetrized) -----
     Cl   1       -0.034668       -0.709588       -0.659117
     Cl   1       -0.709588        0.001032       -1.275480
     Cl   1       -0.659117       -1.275480        0.033635

     C    2       -0.221435        0.097622       -0.225055
     C    2        0.097622        0.228532       -0.262901
     C    2       -0.225055       -0.262901       -0.007097

     C    3        0.122755        0.407349       -0.107588
     C    3        0.407349       -0.025407       -0.371001
     C    3       -0.107588       -0.371001       -0.097348

     H    4        0.321422        0.239336        0.315402
     H    4        0.239336        0.170044        0.167253
     H    4        0.315402        0.167253       -0.491466

     C    5       -0.323880        0.421845       -0.210052
     C    5        0.421845        0.561526        0.008778
     C    5       -0.210052        0.008778       -0.237646

     H    6       -0.295593        0.049631        0.067128
     H    6        0.049631        0.387304        0.066082
     H    6        0.067128        0.066082       -0.091711

     H    7       -0.055888       -0.015687        0.034713
     H    7       -0.015687        0.000845       -0.246534
     H    7        0.034713       -0.246534        0.055043

     C    8        0.080373        0.231766       -0.121238
     C    8        0.231766        0.286836        0.039927
     C    8       -0.121238        0.039927       -0.367209

     H    9        0.579081        0.204908        0.290097
     H    9        0.204908       -0.330486       -0.262189
     H    9        0.290097       -0.262189       -0.248596

     C   10       -0.689615       -0.053731       -0.247364
     C   10       -0.053731        0.833814       -0.248996
     C   10       -0.247364       -0.248996       -0.144199

     C   11        0.307531        0.668957       -0.372317
     C   11        0.668957       -0.032304        0.066745
     C   11       -0.372317        0.066745       -0.275226

     Cl  12       -0.858003        1.294679        0.092432
     Cl  12        1.294679        2.060320        1.502471
     Cl  12        0.092432        1.502471       -1.202317

     H   13       -0.056982       -0.089510        0.006852
     H   13       -0.089510       -0.117203        0.579451
     H   13        0.006852        0.579451        0.174185

     C   14       -0.025432       -0.085606        0.064821
     C   14       -0.085606        0.322310       -0.426911
     C   14        0.064821       -0.426911       -0.296877

     H   15        0.387003       -0.130922        0.283714
     H   15       -0.130922       -0.423008       -0.239094
     H   15        0.283714       -0.239094        0.036004

     C   16       -0.821503        0.116608       -0.084840
     C   16        0.116608        0.835904        0.217911
     C   16       -0.084840        0.217911       -0.014401

     C   17        0.244717        0.159243        0.209282
     C   17        0.159243        0.195075       -0.181669
     C   17        0.209282       -0.181669       -0.439792

     Cl  18        0.238748       -0.172875        0.543924
     Cl  18       -0.172875        1.672062        1.347827
     Cl  18        0.543924        1.347827       -1.910810

     H   19       -0.235336       -0.040024       -0.057012
     H   19       -0.040024        0.027690       -0.141342
     H   19       -0.057012       -0.141342        0.207646

     C   20       -0.457627       -0.056062       -0.387593
     C   20       -0.056062        0.306620       -0.511077
     C   20       -0.387593       -0.511077        0.151007

     H   21        0.047929       -0.490801        0.501161
     H   21       -0.490801       -0.185460        0.064110
     H   21        0.501161        0.064110        0.137531

     C   22        0.123881        0.523826       -0.207352
     C   22        0.523826       -0.055248       -0.030059
     C   22       -0.207352       -0.030059       -0.068633

     C   23       -0.632212       -0.163011       -0.292838
     C   23       -0.163011        0.406240       -0.544392
     C   23       -0.292838       -0.544392        0.225972

     Cl  24        0.247662        2.582653       -0.888496
     Cl  24        2.582653       -0.109940       -1.544134
     Cl  24       -0.888496       -1.544134       -0.137722


     NQR/NMR SPECTROSCOPIC PARAMETERS:
     Cl   1    Vxx=    0.4979    axis=( -0.875296  0.320529  0.362103)
     Cl   1    Vyy=    1.2938    axis=(  0.030675 -0.710475  0.703053)
     Cl   1    Vzz=   -1.7917    axis=( -0.482614 -0.626487 -0.612044)
     Cl   1  Q=        -8.1650 1e-30 m^2  Cq=        34.3724 MHz  eta= 0.44426

     C    2    Vxx=   -0.0916    axis=(  0.521383 -0.630911 -0.574553)
     C    2    Vyy=   -0.3710    axis=(  0.799934  0.126946  0.586507)
     C    2    Vzz=    0.4625    axis=(  0.297097  0.765399 -0.570875)
     C    2  Q=         1.0000 1e-30 m^2  Cq=         1.0867 MHz  eta= 0.60408

     C    3    Vxx=   -0.1020    axis=(  0.680426 -0.188409  0.708183)
     C    3    Vyy=   -0.5146    axis=(  0.377442 -0.738240 -0.559053)
     C    3    Vzz=    0.6166    axis=( -0.628139 -0.647692  0.431204)
     C    3  Q=         1.0000 1e-30 m^2  Cq=         1.4489 MHz  eta= 0.66912

     H    4    Vxx=   -0.0017    axis=(  0.549214 -0.832804  0.069286)
     H    4    Vyy=   -0.6087    axis=(  0.292602  0.113975 -0.949418)
     H    4    Vzz=    0.6105    axis=(  0.782782  0.541707  0.306277)
     H    4  Q=         1.0000 1e-30 m^2  Cq=         1.4343 MHz  eta= 0.99441

     C    5    Vxx=   -0.1338    axis=( -0.421588  0.244762  0.873130)
     C    5    Vyy=   -0.6018    axis=( -0.822600  0.301938 -0.481832)
     C    5    Vzz=    0.7355    axis=( -0.381566 -0.921371  0.074048)
     C    5  Q=         1.0000 1e-30 m^2  Cq=         1.7282 MHz  eta= 0.63628

     H    6    Vxx=   -0.0843    axis=(  0.264216 -0.161067  0.950919)
     H    6    Vyy=   -0.3169    axis=( -0.960792  0.041995  0.274072)
     H    6    Vzz=    0.4012    axis=(  0.084077  0.986050  0.143656)
     H    6  Q=         1.0000 1e-30 m^2  Cq=         0.9426 MHz  eta= 0.57996

     H    7    Vxx=   -0.0590    axis=( -0.991685 -0.124416  0.032896)
     H    7    Vyy=   -0.2209    axis=(  0.070559 -0.739428 -0.669528)
     H    7    Vzz=    0.2799    axis=(  0.107625 -0.661640  0.742058)
     H    7  Q=         1.0000 1e-30 m^2  Cq=         0.6576 MHz  eta= 0.57836

     C    8    Vxx=   -0.0258    axis=( -0.776209  0.532294  0.337879)
     C    8    Vyy=   -0.4129    axis=(  0.303548 -0.154193  0.940257)
     C    8    Vzz=    0.4387    axis=( -0.552592 -0.832399  0.041891)
     C    8  Q=         1.0000 1e-30 m^2  Cq=         1.0307 MHz  eta= 0.88243

     H    9    Vxx=   -0.0332    axis=(  0.103003  0.696945 -0.709688)
     H    9    Vyy=   -0.6521    axis=( -0.271597  0.706077  0.653980)
     H    9    Vzz=    0.6854    axis=( -0.956883 -0.125387 -0.262017)
     H    9  Q=         1.0000 1e-30 m^2  Cq=         1.6103 MHz  eta= 0.90306

     C   10    Vxx=   -0.0960    axis=(  0.392182 -0.216729 -0.893992)
     C   10    Vyy=   -0.7975    axis=(  0.919881  0.088612  0.382057)
     C   10    Vzz=    0.8936    axis=( -0.003585 -0.972202  0.234117)
     C   10  Q=         1.0000 1e-30 m^2  Cq=         2.0995 MHz  eta= 0.78503

     C   11    Vxx=   -0.1462    axis=(  0.176879 -0.567527 -0.804131)
     C   11    Vyy=   -0.7394    axis=(  0.579555 -0.600294  0.551147)
     C   11    Vzz=    0.8857    axis=( -0.795506 -0.563525  0.222734)
     C   11  Q=         1.0000 1e-30 m^2  Cq=         2.0809 MHz  eta= 0.66979

     Cl  12    Vxx=   -1.0669    axis=(  0.846565 -0.099229 -0.522954)
     Cl  12    Vyy=   -1.9769    axis=( -0.436316  0.433381 -0.788549)
     Cl  12    Vzz=    3.0438    axis=(  0.304885  0.895731  0.323590)
     Cl  12  Q=        -8.1650 1e-30 m^2  Cq=       -58.3933 MHz  eta= 0.29899

     H   13    Vxx=   -0.0498    axis=(  0.987174 -0.067594  0.144635)
     H   13    Vyy=   -0.5797    axis=(  0.142191  0.784193 -0.604006)
     H   13    Vzz=    0.6296    axis=( -0.072595  0.616825  0.783746)
     H   13  Q=         1.0000 1e-30 m^2  Cq=         1.4793 MHz  eta= 0.84165

     C   14    Vxx=   -0.0438    axis=(  0.983241  0.176459 -0.045829)
     C   14    Vyy=   -0.5154    axis=( -0.039283  0.450525  0.891899)
     C   14    Vzz=    0.5592    axis=(  0.178030 -0.875151  0.449906)
     C   14  Q=         1.0000 1e-30 m^2  Cq=         1.3139 MHz  eta= 0.84329

     H   15    Vxx=   -0.0737    axis=(  0.560930  0.314076 -0.765973)
     H   15    Vyy=   -0.5250    axis=( -0.012013 -0.922055 -0.386872)
     H   15    Vzz=    0.5988    axis=( -0.827776  0.226210 -0.513435)
     H   15  Q=         1.0000 1e-30 m^2  Cq=         1.4068 MHz  eta= 0.75374

     C   16    Vxx=   -0.0515    axis=( -0.139545 -0.218807  0.965739)
     C   16    Vyy=   -0.8421    axis=( -0.988698  0.084765 -0.123657)
     C   16    Vzz=    0.8936    axis=( -0.054804 -0.972079 -0.228162)
     C   16  Q=         1.0000 1e-30 m^2  Cq=         2.0997 MHz  eta= 0.88471

     C   17    Vxx=    0.1786    axis=( -0.532749  0.746066 -0.399454)
     C   17    Vyy=    0.3839    axis=(  0.794160  0.603824  0.068605)
     C   17    Vzz=   -0.5625    axis=( -0.292384  0.280681  0.914183)
     C   17  Q=         1.0000 1e-30 m^2  Cq=        -1.3217 MHz  eta= 0.36487

     Cl  18    Vxx=    0.3585    axis=(  0.978676 -0.069525  0.193287)
     Cl  18    Vyy=    2.1225    axis=(  0.004656  0.948245  0.317506)
     Cl  18    Vzz=   -2.4810    axis=( -0.205358 -0.309835  0.928348)
     Cl  18  Q=        -8.1650 1e-30 m^2  Cq=        47.5961 MHz  eta= 0.71104

     H   19    Vxx=   -0.0310    axis=( -0.288632  0.852467  0.435880)
     H   19    Vyy=   -0.2560    axis=(  0.955556  0.227935  0.186970)
     H   19    Vzz=    0.2871    axis=( -0.060034 -0.470473  0.880370)
     H   19  Q=         1.0000 1e-30 m^2  Cq=         0.6745 MHz  eta= 0.78382

     C   20    Vxx=   -0.0515    axis=( -0.575496  0.638761  0.510675)
     C   20    Vyy=   -0.7330    axis=( -0.797544 -0.300229 -0.523245)
     C   20    Vzz=    0.7845    axis=( -0.180909 -0.708412  0.682221)
     C   20  Q=         1.0000 1e-30 m^2  Cq=         1.8432 MHz  eta= 0.86879

     H   21    Vxx=    0.0373    axis=( -0.225513  0.693660  0.684091)
     H   21    Vyy=    0.7045    axis=( -0.720172  0.354204 -0.596566)
     H   21    Vzz=   -0.7418    axis=(  0.656122  0.627197 -0.419677)
     H   21  Q=         1.0000 1e-30 m^2  Cq=        -1.7429 MHz  eta= 0.89936

     C   22    Vxx=   -0.0872    axis=(  0.031824  0.356757  0.933655)
     C   22    Vyy=   -0.5257    axis=(  0.654880 -0.713125  0.250169)
     C   22    Vzz=    0.6129    axis=(  0.755063  0.603470 -0.256327)
     C   22  Q=         1.0000 1e-30 m^2  Cq=         1.4401 MHz  eta= 0.71551

     C   23    Vxx=   -0.0511    axis=( -0.489206  0.590077  0.642251)
     C   23    Vyy=   -0.8198    axis=( -0.870941 -0.291464 -0.395614)
     C   23    Vzz=    0.8709    axis=( -0.046250 -0.752899  0.656509)
     C   23  Q=         1.0000 1e-30 m^2  Cq=         2.0463 MHz  eta= 0.88256

     Cl  24    Vxx=   -0.8132    axis=(  0.491421  0.095928  0.865623)
     Cl  24    Vyy=   -2.6583    axis=( -0.597601  0.760156  0.255023)
     Cl  24    Vzz=    3.4716    axis=( -0.633544 -0.642620  0.430883)
     Cl  24  Q=        -8.1650 1e-30 m^2  Cq=       -66.6008 MHz  eta= 0.53148

     Initialization:
     gipaw_setup  :      9.08s CPU     10.92s WALL (       1 calls)

     Linear response

     Apply operators

     Induced current

     Other routines
     efg          :      9.30s CPU     11.48s WALL (       1 calls)

     General routines
     calbec       :      3.27s CPU      4.16s WALL (      16 calls)
     fft          :      1.47s CPU      2.02s WALL (      15 calls)
     ffts         :      0.04s CPU      0.04s WALL (       2 calls)
     fftw         :      3.22s CPU      3.89s WALL (     672 calls)
     davcio       :      0.02s CPU      0.33s WALL (      32 calls)

     Parallel routines
     fft_scatter  :      2.14s CPU      3.10s WALL (     689 calls)

     Plugins

     GIPAW        :     60.54s CPU     71.35s WALL (       1 calls)
