
     Program QE v.6.0 (svn rev. 13079) starts on 21Jan2017 at 13:38:18 

     This program is part of the open-source Quantum ESPRESSO suite
     for quantum simulation of materials; please cite
         "P. Giannozzi et al., J. Phys.:Condens. Matter 21 395502 (2009);
          URL http://www.quantum-espresso.org", 
     in publications or presentations arising from this work. More details at
     http://www.quantum-espresso.org/quote

     Parallel version (MPI), running on     8 processors
     R & G space division:  proc/nbgrp/npool/nimage =       8

     ***** This is GIPAW svn revision unknown      *****

     Parallelizing q-star over 1 images

     Reading data from directory:
     /users/majewski/paradichlorobenzene/pbe/9_constraint/scratch/pbe.ecut100.np8.dt60.pcl2phi-129368.save
     Message from routine read_xml_file:
     file /users/majewski/paradichlorobenzene/pbe/9_constraint/scratch/pbe.ecut100.np8.dt60.pcl2phi-129368.save not guaranteed to be safe for post-processing

   Info: using nr1, nr2, nr3 values from input

   Info: using nr1, nr2, nr3 values from input

     IMPORTANT: XC functional enforced from input :
     Exchange-correlation      =  SLA  PW   PBX  PBC ( 1  4  3  4 0 0)
     Any further DFT definition will be discarded
     Please, verify this is what you really want

               file C.pbe-n-kjpaw_psl.1.0.0.UPF: wavefunction(s)  2S 2P renormalized
               file Cl.pbe-n-kjpaw_psl.1.0.0.UPF: wavefunction(s)  3S 3P renormalized
               file H.pbe-kjpaw_psl.1.0.0.UPF: wavefunction(s)  1S renormalized

     Parallelization info
     --------------------
     sticks:   dense  smooth     PW     G-vecs:    dense   smooth      PW
     Min        3057    1223    332               144436    36536    5170
     Max        3059    1225    333               144437    36537    5171
     Sum       24467    9791   2657              1155489   292295   41363


     Subspace diagonalization in iterative solution of the eigenvalue problem:
     a serial algorithm will be used

     GIPAW projectors -----------------------------------------------
     atom=  C    l=0  rc=    1.2000  rs=    0.8000
     atom=  C    l=0  rc=    1.2000  rs=    0.8000
     atom=  C    l=1  rc=    1.4000  rs=    0.9333
     atom=  C    l=1  rc=    1.4000  rs=    0.9333
     projs nearly linearly dependent: l=1  n1,n2= 1, 2  s=  0.99951561

     atom=  Cl   l=0  rc=    1.6000  rs=    1.0667
     atom=  Cl   l=0  rc=    1.6000  rs=    1.0667
     atom=  Cl   l=1  rc=    1.6000  rs=    1.0667
     atom=  Cl   l=1  rc=    1.6000  rs=    1.0667
     atom=  Cl   l=2  rc=    1.6000  rs=    1.0667
     atom=  Cl   l=2  rc=    1.6000  rs=    1.0667
     projs nearly linearly dependent: l=2  n1,n2= 1, 2  s=  0.99993509

     atom=  H    l=0  rc=    1.0000  rs=    0.6667
     atom=  H    l=0  rc=    1.0000  rs=    0.6667
     projs nearly linearly dependent: l=0  n1,n2= 1, 2  s=  0.99968852
     -----------------------------------------------------------------

     GIPAW integrals: -------------------------------------------
     Atom  i/j   nmr_para   nmr_dia   epr_rmc  epr_para   epr_dia
       C   1 1   0.83E+03  0.17E-01  0.93E+01  0.24E+08  0.24E+03
       C   2 1   0.86E+03 -0.61E-01  0.94E+01  0.25E+08  0.25E+03
       C   2 2   0.90E+03 -0.15E+00  0.97E+01  0.26E+08  0.26E+03
       C   3 3   0.33E+01  0.34E+00  0.18E+01  0.55E+03  0.21E+02
       C   4 3   0.35E+01  0.37E+00  0.20E+01  0.59E+03  0.22E+02
       C   4 4   0.38E+01  0.39E+00  0.22E+01  0.63E+03  0.24E+02
       Cl  1 1   0.14E+04 -0.47E+00  0.84E+01  0.32E+09  0.42E+03
       Cl  2 1   0.21E+04 -0.37E+00  0.12E+02  0.49E+09  0.65E+03
       Cl  2 2   0.33E+04 -0.16E+00  0.21E+02  0.76E+09  0.10E+04
       Cl  3 3   0.21E+02  0.79E-01  0.89E+01  0.23E+05  0.13E+03
       Cl  4 3   0.24E+02  0.67E-01  0.99E+01  0.27E+05  0.15E+03
       Cl  4 4   0.28E+02  0.44E-01  0.11E+02  0.32E+05  0.18E+03
       Cl  5 5   0.77E+00  0.19E+00  0.18E+01  0.12E+03  0.22E+02
       Cl  6 5   0.80E+00  0.19E+00  0.19E+01  0.12E+03  0.23E+02
       Cl  6 6   0.83E+00  0.20E+00  0.19E+01  0.12E+03  0.23E+02
       H   1 1   0.39E+02  0.19E+00  0.29E+00  0.78E+05  0.13E+02
       H   2 1   0.41E+02  0.21E+00  0.32E+00  0.82E+05  0.14E+02
       H   2 2   0.43E+02  0.22E+00  0.36E+00  0.86E+05  0.15E+02
     ------------------------------------------------------------

     alpha_pv=     34.0986 eV

     Number of occupied bands for each k-point:
     k-point:     1    nbnd_occ=  42
     k-point:     2    nbnd_occ=  42
     k-point:     3    nbnd_occ=  42
     k-point:     4    nbnd_occ=  42
     k-point:     5    nbnd_occ=  42
     k-point:     6    nbnd_occ=  42
     k-point:     7    nbnd_occ=  42
     k-point:     8    nbnd_occ=  42
     k-point:     9    nbnd_occ=  42
     k-point:    10    nbnd_occ=  42
     k-point:    11    nbnd_occ=  42
     k-point:    12    nbnd_occ=  42
     k-point:    13    nbnd_occ=  42
     k-point:    14    nbnd_occ=  42
     k-point:    15    nbnd_occ=  42
     k-point:    16    nbnd_occ=  42


     q-space interpolation up to   110.00 Rydberg

     GIPAW job: efg                                                                             


     ELECTRIC FIELD GRADIENTS TENSORS IN Hartree/bohrradius^2:

     ----- bare term -----
     Cl   1       -0.012638        0.022512        0.049266
     Cl   1        0.022512        0.020373        0.092742
     Cl   1        0.049266        0.092742       -0.007735

     C    2       -0.680169        0.418881       -0.396419
     C    2        0.418881        0.194907       -0.084921
     C    2       -0.396419       -0.084921        0.485262

     C    3        0.310407        0.124874       -0.060844
     C    3        0.124874       -0.595316       -0.587355
     C    3       -0.060844       -0.587355        0.284909

     H    4       -0.517954        0.056066        0.021004
     H    4        0.056066        0.256626       -0.420890
     H    4        0.021004       -0.420890        0.261327

     C    5       -0.774532        0.381034       -0.428502
     C    5        0.381034        0.325128       -0.095648
     C    5       -0.428502       -0.095648        0.449404

     H    6        0.175370       -0.270245        0.202837
     H    6       -0.270245       -0.472965       -0.187794
     H    6        0.202837       -0.187794        0.297595

     H    7        0.352529        0.281563       -0.144849
     H    7        0.281563       -0.508335        0.533551
     H    7       -0.144849        0.533551        0.155806

     C    8       -0.165055        0.115115       -0.335502
     C    8        0.115115        0.057933        0.492251
     C    8       -0.335502        0.492251        0.107122

     H    9       -0.358409        0.363978       -0.399439
     H    9        0.363978        0.103899        0.173577
     H    9       -0.399439        0.173577        0.254510

     C   10       -0.553252       -0.317899       -0.081793
     C   10       -0.317899        0.165415        0.340003
     C   10       -0.081793        0.340003        0.387837

     C   11        0.003773        0.207905       -0.337600
     C   11        0.207905       -0.026765        0.623523
     C   11       -0.337600        0.623523        0.022992

     Cl  12       -0.259992       -0.210436        0.067670
     Cl  12       -0.210436        0.000086        0.168647
     Cl  12        0.067670        0.168647        0.259905

     H   13        0.195447       -0.377619        0.032017
     H   13       -0.377619       -0.486794       -0.045092
     H   13        0.032017       -0.045092        0.291348

     C   14        0.175612       -0.021242        0.020531
     C   14       -0.021242       -0.317711       -0.279194
     C   14        0.020531       -0.279194        0.142099

     H   15       -0.196424       -0.491804       -0.078401
     H   15       -0.491804       -0.174978        0.041379
     H   15       -0.078401        0.041379        0.371402

     C   16       -0.495485        0.146255       -0.168104
     C   16        0.146255        0.013322        0.016119
     C   16       -0.168104        0.016119        0.482163

     C   17        0.123434        0.025128       -0.173229
     C   17        0.025128       -0.244428       -0.528528
     C   17       -0.173229       -0.528528        0.120994

     Cl  18       -0.220459        0.166552       -0.044121
     Cl  18        0.166552        0.100052        0.071029
     Cl  18       -0.044121        0.071029        0.120407

     H   19        0.547870       -0.035064       -0.083945
     H   19       -0.035064       -0.066590        0.204130
     H   19       -0.083945        0.204130       -0.481280

     C   20       -0.298436       -0.227014        0.038193
     C   20       -0.227014        0.163276       -0.118801
     C   20        0.038193       -0.118801        0.135161

     H   21        0.150212       -0.036888       -0.317180
     H   21       -0.036888        0.139111       -0.225796
     H   21       -0.317180       -0.225796       -0.289323

     C   22        0.329617       -0.021158       -0.164832
     C   22       -0.021158       -0.170892        0.192814
     C   22       -0.164832        0.192814       -0.158725

     C   23       -0.612611       -0.418805       -0.306997
     C   23       -0.418805        0.271377        0.234049
     C   23       -0.306997        0.234049        0.341234

     Cl  24        0.019324       -0.070815       -0.031317
     Cl  24       -0.070815        0.061307        0.002744
     Cl  24       -0.031317        0.002744       -0.080631

     ----- ionic term -----
     Cl   1        0.184873       -0.203278        0.007614
     Cl   1       -0.203278       -0.027230        0.003120
     Cl   1        0.007614        0.003120       -0.157643

     C    2        0.324347       -0.023765        0.231769
     C    2       -0.023765        0.181738        0.354839
     C    2        0.231769        0.354839       -0.506085

     C    3        0.174263       -0.216494        0.164282
     C    3       -0.216494        0.338337        0.339865
     C    3        0.164282        0.339865       -0.512600

     H    4        0.762094        0.354343        0.543976
     H    4        0.354343       -0.349152        0.209217
     H    4        0.543976        0.209217       -0.412943

     C    5        0.339425       -0.140435        0.214237
     C    5       -0.140435        0.194830        0.241785
     C    5        0.214237        0.241785       -0.534255

     H    6       -0.453202        0.294028        0.125890
     H    6        0.294028        0.843017        0.503783
     H    6        0.125890        0.503783       -0.389815

     H    7       -0.475184       -0.225574        0.175461
     H    7       -0.225574        0.471720       -0.765301
     H    7        0.175461       -0.765301        0.003464

     C    8        0.291061        0.163679        0.266416
     C    8        0.163679       -0.072958       -0.339811
     C    8        0.266416       -0.339811       -0.218103

     H    9        0.589880       -0.120019        0.738673
     H    9       -0.120019       -0.531286       -0.160420
     H    9        0.738673       -0.160420       -0.058594

     C   10        0.150462        0.228307        0.173563
     C   10        0.228307        0.094844       -0.429149
     C   10        0.173563       -0.429149       -0.245306

     C   11        0.094950        0.151812        0.350369
     C   11        0.151812        0.073572       -0.433284
     C   11        0.350369       -0.433284       -0.168522

     Cl  12        0.098060        0.176513        0.007479
     Cl  12        0.176513        0.042073       -0.012959
     Cl  12        0.007479       -0.012959       -0.140133

     H   13       -0.430946        0.365718        0.132009
     H   13        0.365718        0.777724        0.521434
     H   13        0.132009        0.521434       -0.346778

     C   14        0.388876       -0.038889        0.217847
     C   14       -0.038889        0.132874        0.276746
     C   14        0.217847        0.276746       -0.521750

     H   15        0.785869        0.353261        0.523335
     H   15        0.353261       -0.382917        0.185936
     H   15        0.523335        0.185936       -0.402952

     C   16        0.230603       -0.175765        0.134767
     C   16       -0.175765        0.286320        0.293965
     C   16        0.134767        0.293965       -0.516923

     C   17        0.231755       -0.072144        0.196778
     C   17       -0.072144        0.268958        0.297674
     C   17        0.196778        0.297674       -0.500713

     Cl  18        0.085451       -0.170371       -0.011043
     Cl  18       -0.170371        0.065041        0.002514
     Cl  18       -0.011043        0.002514       -0.150491

     H   19       -0.519656       -0.117904        0.091579
     H   19       -0.117904        0.726362       -0.677818
     H   19        0.091579       -0.677818       -0.206706

     C   20        0.217992        0.199174        0.323570
     C   20        0.199174       -0.001913       -0.294818
     C   20        0.323570       -0.294818       -0.216080

     H   21        0.275811       -0.104771        0.809225
     H   21       -0.104771       -0.509574       -0.175051
     H   21        0.809225       -0.175051        0.233764

     C   22        0.050548        0.272864        0.208623
     C   22        0.272864        0.020312       -0.409670
     C   22        0.208623       -0.409670       -0.070861

     C   23        0.167026        0.256886        0.267066
     C   23        0.256886       -0.011214       -0.438363
     C   23        0.267066       -0.438363       -0.155812

     Cl  24        0.125136        0.248927       -0.010762
     Cl  24        0.248927        0.023260       -0.014253
     Cl  24       -0.010762       -0.014253       -0.148396

     ----- GIPAW term -----
     Cl   1       -0.213230       -1.332833        0.299472
     Cl   1       -1.332833        1.397773        2.019142
     Cl   1        0.299472        2.019142       -1.184543

     C    2       -0.054586        0.076145        0.017356
     C    2        0.076145        0.058370        0.074754
     C    2        0.017356        0.074754       -0.003785

     C    3       -0.039275       -0.001316        0.015468
     C    3       -0.001316        0.025255        0.116765
     C    3        0.015468        0.116765        0.014020

     H    4       -0.000000        0.000000        0.000000
     H    4        0.000000        0.000000        0.000000
     H    4        0.000000        0.000000        0.000000

     C    5       -0.102267        0.001113       -0.053649
     C    5        0.001113        0.059338        0.086074
     C    5       -0.053649        0.086074        0.042929

     H    6       -0.000000        0.000000        0.000000
     H    6        0.000000        0.000000        0.000000
     H    6        0.000000        0.000000        0.000000

     H    7       -0.000000        0.000000        0.000000
     H    7        0.000000        0.000000        0.000000
     H    7        0.000000        0.000000        0.000000

     C    8       -0.100888        0.104886       -0.049162
     C    8        0.104886        0.237660        0.071176
     C    8       -0.049162        0.071176       -0.136772

     H    9       -0.000000        0.000000        0.000000
     H    9        0.000000        0.000000        0.000000
     H    9        0.000000        0.000000        0.000000

     C   10       -0.199347       -0.006299        0.001666
     C   10       -0.006299        0.219157        0.161546
     C   10        0.001666        0.161546       -0.019811

     C   11       -0.042581        0.098543       -0.025016
     C   11        0.098543        0.114044        0.151537
     C   11       -0.025016        0.151537       -0.071464

     Cl  12       -0.640068        1.464785        0.663930
     Cl  12        1.464785        0.084645        1.979927
     Cl  12        0.663930        1.979927        0.555422

     H   13       -0.000000        0.000000        0.000000
     H   13        0.000000        0.000000        0.000000
     H   13        0.000000        0.000000        0.000000

     C   14       -0.005504        0.010613        0.035130
     C   14        0.010613        0.066531        0.019949
     C   14        0.035130        0.019949       -0.061027

     H   15       -0.000000        0.000000        0.000000
     H   15        0.000000        0.000000        0.000000
     H   15        0.000000        0.000000        0.000000

     C   16       -0.065199        0.012441       -0.018498
     C   16        0.012441        0.065105        0.011517
     C   16       -0.018498        0.011517        0.000094

     C   17       -0.067335       -0.026592        0.013142
     C   17       -0.026592        0.165472        0.132021
     C   17        0.013142        0.132021       -0.098137

     Cl  18        0.160233       -1.863858       -0.392755
     Cl  18       -1.863858        1.058653        0.694881
     Cl  18       -0.392755        0.694881       -1.218885

     H   19       -0.000000        0.000000        0.000000
     H   19        0.000000        0.000000        0.000000
     H   19        0.000000        0.000000        0.000000

     C   20       -0.021823        0.014784        0.025968
     C   20        0.014784        0.030568       -0.012250
     C   20        0.025968       -0.012250       -0.008745

     H   21       -0.000000        0.000000        0.000000
     H   21        0.000000        0.000000        0.000000
     H   21        0.000000        0.000000        0.000000

     C   22        0.013997        0.010926       -0.011765
     C   22        0.010926        0.027963       -0.003283
     C   22       -0.011765       -0.003283       -0.041961

     C   23       -0.156373        0.017564       -0.029544
     C   23        0.017564        0.263822        0.088218
     C   23       -0.029544        0.088218       -0.107449

     Cl  24        0.095410        0.389550       -0.202289
     Cl  24        0.389550        2.598422        0.284079
     Cl  24       -0.202289        0.284079       -2.693832

     ----- total EFG -----
     Cl   1       -0.040995       -1.513599        0.356352
     Cl   1       -1.513599        1.390916        2.115004
     Cl   1        0.356352        2.115004       -1.349921

     C    2       -0.410408        0.471260       -0.147295
     C    2        0.471260        0.435016        0.344672
     C    2       -0.147295        0.344672       -0.024608

     C    3        0.445395       -0.092936        0.118906
     C    3       -0.092936       -0.231725       -0.130726
     C    3        0.118906       -0.130726       -0.213671

     H    4        0.244141        0.410409        0.564980
     H    4        0.410409       -0.092525       -0.211673
     H    4        0.564980       -0.211673       -0.151615

     C    5       -0.537374        0.241712       -0.267914
     C    5        0.241712        0.579296        0.232211
     C    5       -0.267914        0.232211       -0.041922

     H    6       -0.277832        0.023783        0.328727
     H    6        0.023783        0.370052        0.315989
     H    6        0.328727        0.315989       -0.092220

     H    7       -0.122655        0.055989        0.030612
     H    7        0.055989       -0.036615       -0.231751
     H    7        0.030612       -0.231751        0.159270

     C    8        0.025118        0.383681       -0.118248
     C    8        0.383681        0.222635        0.223616
     C    8       -0.118248        0.223616       -0.247754

     H    9        0.231471        0.243959        0.339234
     H    9        0.243959       -0.427386        0.013157
     H    9        0.339234        0.013157        0.195915

     C   10       -0.602137       -0.095891        0.093437
     C   10       -0.095891        0.479417        0.072400
     C   10        0.093437        0.072400        0.122721

     C   11        0.056142        0.458260       -0.012247
     C   11        0.458260        0.160851        0.341776
     C   11       -0.012247        0.341776       -0.216993

     Cl  12       -0.801999        1.430862        0.739078
     Cl  12        1.430862        0.126805        2.135615
     Cl  12        0.739078        2.135615        0.675195

     H   13       -0.235500       -0.011901        0.164026
     H   13       -0.011901        0.290930        0.476342
     H   13        0.164026        0.476342       -0.055430

     C   14        0.558985       -0.049517        0.273508
     C   14       -0.049517       -0.118306        0.017501
     C   14        0.273508        0.017501       -0.440678

     H   15        0.589444       -0.138543        0.444934
     H   15       -0.138543       -0.557895        0.227315
     H   15        0.444934        0.227315       -0.031550

     C   16       -0.330081       -0.017069       -0.051834
     C   16       -0.017069        0.364747        0.321601
     C   16       -0.051834        0.321601       -0.034666

     C   17        0.287855       -0.073608        0.036691
     C   17       -0.073608        0.190001       -0.098832
     C   17        0.036691       -0.098832       -0.477856

     Cl  18        0.025224       -1.867676       -0.447918
     Cl  18       -1.867676        1.223745        0.768425
     Cl  18       -0.447918        0.768425       -1.248970

     H   19        0.028214       -0.152968        0.007634
     H   19       -0.152968        0.659772       -0.473689
     H   19        0.007634       -0.473689       -0.687986

     C   20       -0.102268       -0.013055        0.387731
     C   20       -0.013055        0.191931       -0.425869
     C   20        0.387731       -0.425869       -0.089664

     H   21        0.426023       -0.141659        0.492045
     H   21       -0.141659       -0.370463       -0.400846
     H   21        0.492045       -0.400846       -0.055559

     C   22        0.394163        0.262632        0.032027
     C   22        0.262632       -0.122617       -0.220139
     C   22        0.032027       -0.220139       -0.271546

     C   23       -0.601957       -0.144356       -0.069475
     C   23       -0.144356        0.523985       -0.116097
     C   23       -0.069475       -0.116097        0.077972

     Cl  24        0.239870        0.567662       -0.244368
     Cl  24        0.567662        2.682989        0.272570
     Cl  24       -0.244368        0.272570       -2.922860

     ----- total EFG (symmetrized) -----
     Cl   1       -0.040995       -1.513599        0.356352
     Cl   1       -1.513599        1.390916        2.115004
     Cl   1        0.356352        2.115004       -1.349921

     C    2       -0.410408        0.471260       -0.147295
     C    2        0.471260        0.435016        0.344672
     C    2       -0.147295        0.344672       -0.024608

     C    3        0.445395       -0.092936        0.118906
     C    3       -0.092936       -0.231725       -0.130726
     C    3        0.118906       -0.130726       -0.213671

     H    4        0.244141        0.410409        0.564980
     H    4        0.410409       -0.092525       -0.211673
     H    4        0.564980       -0.211673       -0.151615

     C    5       -0.537374        0.241712       -0.267914
     C    5        0.241712        0.579296        0.232211
     C    5       -0.267914        0.232211       -0.041922

     H    6       -0.277832        0.023783        0.328727
     H    6        0.023783        0.370052        0.315989
     H    6        0.328727        0.315989       -0.092220

     H    7       -0.122655        0.055989        0.030612
     H    7        0.055989       -0.036615       -0.231751
     H    7        0.030612       -0.231751        0.159270

     C    8        0.025118        0.383681       -0.118248
     C    8        0.383681        0.222635        0.223616
     C    8       -0.118248        0.223616       -0.247754

     H    9        0.231471        0.243959        0.339234
     H    9        0.243959       -0.427386        0.013157
     H    9        0.339234        0.013157        0.195915

     C   10       -0.602137       -0.095891        0.093437
     C   10       -0.095891        0.479417        0.072400
     C   10        0.093437        0.072400        0.122721

     C   11        0.056142        0.458260       -0.012247
     C   11        0.458260        0.160851        0.341776
     C   11       -0.012247        0.341776       -0.216993

     Cl  12       -0.801999        1.430862        0.739078
     Cl  12        1.430862        0.126805        2.135615
     Cl  12        0.739078        2.135615        0.675195

     H   13       -0.235500       -0.011901        0.164026
     H   13       -0.011901        0.290930        0.476342
     H   13        0.164026        0.476342       -0.055430

     C   14        0.558985       -0.049517        0.273508
     C   14       -0.049517       -0.118306        0.017501
     C   14        0.273508        0.017501       -0.440678

     H   15        0.589444       -0.138543        0.444934
     H   15       -0.138543       -0.557895        0.227315
     H   15        0.444934        0.227315       -0.031550

     C   16       -0.330081       -0.017069       -0.051834
     C   16       -0.017069        0.364747        0.321601
     C   16       -0.051834        0.321601       -0.034666

     C   17        0.287855       -0.073608        0.036691
     C   17       -0.073608        0.190001       -0.098832
     C   17        0.036691       -0.098832       -0.477856

     Cl  18        0.025224       -1.867676       -0.447918
     Cl  18       -1.867676        1.223745        0.768425
     Cl  18       -0.447918        0.768425       -1.248970

     H   19        0.028214       -0.152968        0.007634
     H   19       -0.152968        0.659772       -0.473689
     H   19        0.007634       -0.473689       -0.687986

     C   20       -0.102268       -0.013055        0.387731
     C   20       -0.013055        0.191931       -0.425869
     C   20        0.387731       -0.425869       -0.089664

     H   21        0.426023       -0.141659        0.492045
     H   21       -0.141659       -0.370463       -0.400846
     H   21        0.492045       -0.400846       -0.055559

     C   22        0.394163        0.262632        0.032027
     C   22        0.262632       -0.122617       -0.220139
     C   22        0.032027       -0.220139       -0.271546

     C   23       -0.601957       -0.144356       -0.069475
     C   23       -0.144356        0.523985       -0.116097
     C   23       -0.069475       -0.116097        0.077972

     Cl  24        0.239870        0.567662       -0.244368
     Cl  24        0.567662        2.682989        0.272570
     Cl  24       -0.244368        0.272570       -2.922860


     NQR/NMR SPECTROSCOPIC PARAMETERS:
     Cl   1    Vxx=   -0.1021    axis=(  0.851491  0.152518  0.501699)
     Cl   1    Vyy=   -2.9091    axis=(  0.366427  0.511328 -0.777351)
     Cl   1    Vzz=    3.0113    axis=( -0.375093  0.845743  0.379504)
     Cl   1  Q=        -8.1650 1e-30 m^2  Cq=       -57.7695 MHz  eta= 0.93216

     C    2    Vxx=   -0.0024    axis=( -0.487034 -0.152847  0.859904)
     C    2    Vyy=   -0.7348    axis=(  0.812677 -0.439966  0.382081)
     C    2    Vzz=    0.7372    axis=(  0.319929  0.884911  0.338494)
     C    2  Q=         1.0000 1e-30 m^2  Cq=         1.7322 MHz  eta= 0.99336

     C    3    Vxx=   -0.1308    axis=( -0.252104 -0.671106  0.697181)
     C    3    Vyy=   -0.3540    axis=( -0.018490  0.723660  0.689909)
     C    3    Vzz=    0.4848    axis=(  0.967523 -0.161038  0.194846)
     C    3  Q=         1.0000 1e-30 m^2  Cq=         1.1391 MHz  eta= 0.46028

     H    4    Vxx=    0.0888    axis=(  0.047097  0.801965 -0.595512)
     H    4    Vyy=    0.7120    axis=( -0.830313 -0.299994 -0.469664)
     H    4    Vzz=   -0.8008    axis=( -0.555304  0.516581  0.651753)
     H    4  Q=         1.0000 1e-30 m^2  Cq=        -1.8815 MHz  eta= 0.77831

     C    5    Vxx=    0.0550    axis=( -0.463230 -0.171533  0.869479)
     C    5    Vyy=    0.6760    axis=(  0.133202  0.956469  0.259661)
     C    5    Vzz=   -0.7310    axis=( -0.876170  0.236099 -0.420217)
     C    5  Q=         1.0000 1e-30 m^2  Cq=        -1.7176 MHz  eta= 0.84951

     H    6    Vxx=   -0.0070    axis=(  0.642595 -0.515578  0.566790)
     H    6    Vyy=   -0.5620    axis=(  0.733802  0.201261 -0.648867)
     H    6    Vzz=    0.5690    axis=(  0.220469  0.832870  0.507662)
     H    6  Q=         1.0000 1e-30 m^2  Cq=         1.3368 MHz  eta= 0.97551

     H    7    Vxx=   -0.0845    axis=( -0.856995 -0.422922 -0.294441)
     H    7    Vyy=   -0.2285    axis=(  0.515168 -0.717182 -0.469310)
     H    7    Vzz=    0.3130    axis=( -0.012686 -0.553883  0.832498)
     H    7  Q=         1.0000 1e-30 m^2  Cq=         0.7354 MHz  eta= 0.46001

     C    8    Vxx=   -0.0393    axis=(  0.631440 -0.323215 -0.704852)
     C    8    Vyy=   -0.4959    axis=( -0.522060  0.494913 -0.694633)
     C    8    Vzz=    0.5352    axis=( -0.573356 -0.806594 -0.143770)
     C    8  Q=         1.0000 1e-30 m^2  Cq=         1.2576 MHz  eta= 0.85322

     H    9    Vxx=   -0.0659    axis=( -0.563077 -0.352807  0.747310)
     H    9    Vyy=   -0.5228    axis=( -0.366956  0.916992  0.156423)
     H    9    Vzz=    0.5887    axis=( -0.740465 -0.186152 -0.645802)
     H    9  Q=         1.0000 1e-30 m^2  Cq=         1.3831 MHz  eta= 0.77611

     C   10    Vxx=    0.1249    axis=(  0.146530 -0.159731  0.976225)
     C   10    Vyy=    0.4990    axis=( -0.071025  0.982631  0.171440)
     C   10    Vzz=   -0.6239    axis=( -0.986653 -0.094457  0.132640)
     C   10  Q=         1.0000 1e-30 m^2  Cq=        -1.4659 MHz  eta= 0.59960

     C   11    Vxx=   -0.0931    axis=( -0.661347  0.234486  0.712486)
     C   11    Vyy=   -0.5522    axis=( -0.471475  0.608821 -0.638004)
     C   11    Vzz=    0.6453    axis=(  0.583379  0.757861  0.292087)
     C   11  Q=         1.0000 1e-30 m^2  Cq=         1.5163 MHz  eta= 0.71133

     Cl  12    Vxx=   -0.9879    axis=( -0.752206 -0.222630  0.620178)
     Cl  12    Vyy=   -2.1481    axis=( -0.551069  0.728559 -0.406848)
     Cl  12    Vzz=    3.1359    axis=( -0.361260 -0.647795 -0.670711)
     Cl  12  Q=        -8.1650 1e-30 m^2  Cq=       -60.1611 MHz  eta= 0.36997

     H   13    Vxx=   -0.1583    axis=(  0.849530 -0.373049  0.373006)
     H   13    Vyy=   -0.4747    axis=( -0.518193 -0.457586  0.722559)
     H   13    Vzz=    0.6330    axis=(  0.098868  0.807124  0.582044)
     H   13  Q=         1.0000 1e-30 m^2  Cq=         1.4872 MHz  eta= 0.49997

     C   14    Vxx=   -0.1187    axis=( -0.037911 -0.995547 -0.086309)
     C   14    Vyy=   -0.5128    axis=( -0.249802 -0.074187  0.965451)
     C   14    Vzz=    0.6315    axis=( -0.967554  0.058161 -0.245877)
     C   14  Q=         1.0000 1e-30 m^2  Cq=         1.4837 MHz  eta= 0.62413

     H   15    Vxx=   -0.1072    axis=( -0.389885  0.507422  0.768448)
     H   15    Vyy=   -0.7146    axis=(  0.243506  0.861593 -0.445380)
     H   15    Vzz=    0.8217    axis=( -0.888085  0.013475 -0.459482)
     H   15  Q=         1.0000 1e-30 m^2  Cq=         1.9308 MHz  eta= 0.73911

     C   16    Vxx=   -0.2029    axis=( -0.275102 -0.480145  0.832935)
     C   16    Vyy=   -0.3425    axis=(  0.960321 -0.095908  0.261889)
     C   16    Vzz=    0.5454    axis=( -0.045859  0.871930  0.487477)
     C   16  Q=         1.0000 1e-30 m^2  Cq=         1.2816 MHz  eta= 0.25590

     C   17    Vxx=    0.1578    axis=(  0.511748  0.852929 -0.103079)
     C   17    Vyy=    0.3353    axis=( -0.858488  0.503013 -0.099879)
     C   17    Vzz=   -0.4930    axis=( -0.033340  0.139605  0.989646)
     C   17  Q=         1.0000 1e-30 m^2  Cq=        -1.1584 MHz  eta= 0.35996

     Cl  18    Vxx=   -1.2867    axis=(  0.767505  0.423767  0.480996)
     Cl  18    Vyy=   -1.4936    axis=( -0.289969 -0.439679  0.850059)
     Cl  18    Vzz=    2.7803    axis=( -0.571711  0.791899  0.214577)
     Cl  18  Q=        -8.1650 1e-30 m^2  Cq=       -53.3392 MHz  eta= 0.07443

     H   19    Vxx=    0.0028    axis=(  0.982541  0.158324 -0.097708)
     H   19    Vyy=    0.8368    axis=( -0.180417  0.939050 -0.292633)
     H   19    Vzz=   -0.8396    axis=(  0.045422  0.305152  0.951220)
     H   19  Q=         1.0000 1e-30 m^2  Cq=        -1.9727 MHz  eta= 0.99332

     C   20    Vxx=    0.0117    axis=(  0.745586  0.621630  0.240163)
     C   20    Vyy=    0.5937    axis=( -0.365366  0.682698 -0.632796)
     C   20    Vzz=   -0.6054    axis=( -0.557324  0.384057  0.736132)
     C   20  Q=         1.0000 1e-30 m^2  Cq=        -1.4224 MHz  eta= 0.96121

     H   21    Vxx=   -0.1555    axis=(  0.596911  0.599931 -0.532711)
     H   21    Vyy=   -0.6743    axis=( -0.187245  0.749807  0.634610)
     H   21    Vzz=    0.8298    axis=( -0.780152  0.279058 -0.559902)
     H   21  Q=         1.0000 1e-30 m^2  Cq=         1.9498 MHz  eta= 0.62528

     C   22    Vxx=   -0.0384    axis=( -0.349372  0.656880 -0.668168)
     C   22    Vyy=   -0.4701    axis=( -0.220512  0.635433  0.740000)
     C   22    Vzz=    0.5085    axis=( -0.910667 -0.405874  0.077153)
     C   22  Q=         1.0000 1e-30 m^2  Cq=         1.1948 MHz  eta= 0.84905

     C   23    Vxx=    0.0644    axis=( -0.144271  0.199525  0.969214)
     C   23    Vyy=    0.5657    axis=(  0.107148 -0.970552  0.215750)
     C   23    Vzz=   -0.6301    axis=(  0.983720  0.134976  0.118644)
     C   23  Q=         1.0000 1e-30 m^2  Cq=        -1.4806 MHz  eta= 0.79556

     Cl  24    Vxx=    0.1431    axis=( -0.973557  0.207285  0.096024)
     Cl  24    Vyy=    2.8164    axis=(  0.211626  0.976636  0.037372)
     Cl  24    Vzz=   -2.9595    axis=(  0.086034 -0.056705  0.994677)
     Cl  24  Q=        -8.1650 1e-30 m^2  Cq=        56.7772 MHz  eta= 0.90329

     Initialization:
     gipaw_setup  :      8.98s CPU     10.95s WALL (       1 calls)

     Linear response

     Apply operators

     Induced current

     Other routines
     efg          :      9.10s CPU     11.61s WALL (       1 calls)

     General routines
     calbec       :      3.14s CPU      4.24s WALL (      16 calls)
     fft          :      1.55s CPU      2.05s WALL (      15 calls)
     ffts         :      0.04s CPU      0.04s WALL (       2 calls)
     fftw         :      3.25s CPU      3.98s WALL (     672 calls)
     davcio       :      0.02s CPU      0.31s WALL (      32 calls)

     Parallel routines
     fft_scatter  :      2.07s CPU      3.16s WALL (     689 calls)

     Plugins

     GIPAW        :     61.16s CPU     70.64s WALL (       1 calls)
