
     Program QE v.6.0 (svn rev. 13079) starts on 27Dec2016 at 17:55:59 

     This program is part of the open-source Quantum ESPRESSO suite
     for quantum simulation of materials; please cite
         "P. Giannozzi et al., J. Phys.:Condens. Matter 21 395502 (2009);
          URL http://www.quantum-espresso.org", 
     in publications or presentations arising from this work. More details at
     http://www.quantum-espresso.org/quote

     Parallel version (MPI), running on     8 processors
     R & G space division:  proc/nbgrp/npool/nimage =       8

     ***** This is GIPAW svn revision unknown      *****

     Parallelizing q-star over 1 images

     Reading data from directory:
     /users/majewski/paradichlorobenzene/pbe/9_constraint/scratch/pbe.ecut100.np8.dt60.pcl2phi-129368.save
     Message from routine read_xml_file:
     file /users/majewski/paradichlorobenzene/pbe/9_constraint/scratch/pbe.ecut100.np8.dt60.pcl2phi-129368.save not guaranteed to be safe for post-processing

   Info: using nr1, nr2, nr3 values from input

   Info: using nr1, nr2, nr3 values from input

     IMPORTANT: XC functional enforced from input :
     Exchange-correlation      =  SLA  PW   PBX  PBC ( 1  4  3  4 0 0)
     Any further DFT definition will be discarded
     Please, verify this is what you really want

               file C.pbe-n-kjpaw_psl.1.0.0.UPF: wavefunction(s)  2S 2P renormalized
               file Cl.pbe-n-kjpaw_psl.1.0.0.UPF: wavefunction(s)  3S 3P renormalized
               file H.pbe-kjpaw_psl.1.0.0.UPF: wavefunction(s)  1S renormalized

     Parallelization info
     --------------------
     sticks:   dense  smooth     PW     G-vecs:    dense   smooth      PW
     Min        3057    1223    332               144436    36536    5170
     Max        3059    1225    333               144437    36537    5171
     Sum       24467    9791   2657              1155489   292295   41363


     Subspace diagonalization in iterative solution of the eigenvalue problem:
     a serial algorithm will be used

     GIPAW projectors -----------------------------------------------
     atom=  C    l=0  rc=    1.2000  rs=    0.8000
     atom=  C    l=0  rc=    1.2000  rs=    0.8000
     atom=  C    l=1  rc=    1.4000  rs=    0.9333
     atom=  C    l=1  rc=    1.4000  rs=    0.9333
     projs nearly linearly dependent: l=1  n1,n2= 1, 2  s=  0.99951561

     atom=  Cl   l=0  rc=    1.6000  rs=    1.0667
     atom=  Cl   l=0  rc=    1.6000  rs=    1.0667
     atom=  Cl   l=1  rc=    1.6000  rs=    1.0667
     atom=  Cl   l=1  rc=    1.6000  rs=    1.0667
     atom=  Cl   l=2  rc=    1.6000  rs=    1.0667
     atom=  Cl   l=2  rc=    1.6000  rs=    1.0667
     projs nearly linearly dependent: l=2  n1,n2= 1, 2  s=  0.99993509

     atom=  H    l=0  rc=    1.0000  rs=    0.6667
     atom=  H    l=0  rc=    1.0000  rs=    0.6667
     projs nearly linearly dependent: l=0  n1,n2= 1, 2  s=  0.99968852
     -----------------------------------------------------------------

     GIPAW integrals: -------------------------------------------
     Atom  i/j   nmr_para   nmr_dia   epr_rmc  epr_para   epr_dia
       C   1 1   0.83E+03  0.17E-01  0.93E+01  0.24E+08  0.24E+03
       C   2 1   0.86E+03 -0.61E-01  0.94E+01  0.25E+08  0.25E+03
       C   2 2   0.90E+03 -0.15E+00  0.97E+01  0.26E+08  0.26E+03
       C   3 3   0.33E+01  0.34E+00  0.18E+01  0.55E+03  0.21E+02
       C   4 3   0.35E+01  0.37E+00  0.20E+01  0.59E+03  0.22E+02
       C   4 4   0.38E+01  0.39E+00  0.22E+01  0.63E+03  0.24E+02
       Cl  1 1   0.14E+04 -0.47E+00  0.84E+01  0.32E+09  0.42E+03
       Cl  2 1   0.21E+04 -0.37E+00  0.12E+02  0.49E+09  0.65E+03
       Cl  2 2   0.33E+04 -0.16E+00  0.21E+02  0.76E+09  0.10E+04
       Cl  3 3   0.21E+02  0.79E-01  0.89E+01  0.23E+05  0.13E+03
       Cl  4 3   0.24E+02  0.67E-01  0.99E+01  0.27E+05  0.15E+03
       Cl  4 4   0.28E+02  0.44E-01  0.11E+02  0.32E+05  0.18E+03
       Cl  5 5   0.77E+00  0.19E+00  0.18E+01  0.12E+03  0.22E+02
       Cl  6 5   0.80E+00  0.19E+00  0.19E+01  0.12E+03  0.23E+02
       Cl  6 6   0.83E+00  0.20E+00  0.19E+01  0.12E+03  0.23E+02
       H   1 1   0.39E+02  0.19E+00  0.29E+00  0.78E+05  0.13E+02
       H   2 1   0.41E+02  0.21E+00  0.32E+00  0.82E+05  0.14E+02
       H   2 2   0.43E+02  0.22E+00  0.36E+00  0.86E+05  0.15E+02
     ------------------------------------------------------------

     alpha_pv=     34.0108 eV

     Number of occupied bands for each k-point:
     k-point:     1    nbnd_occ=  42
     k-point:     2    nbnd_occ=  42
     k-point:     3    nbnd_occ=  42
     k-point:     4    nbnd_occ=  42
     k-point:     5    nbnd_occ=  42
     k-point:     6    nbnd_occ=  42
     k-point:     7    nbnd_occ=  42
     k-point:     8    nbnd_occ=  42
     k-point:     9    nbnd_occ=  42
     k-point:    10    nbnd_occ=  42
     k-point:    11    nbnd_occ=  42
     k-point:    12    nbnd_occ=  42
     k-point:    13    nbnd_occ=  42
     k-point:    14    nbnd_occ=  42
     k-point:    15    nbnd_occ=  42
     k-point:    16    nbnd_occ=  42


     q-space interpolation up to   110.00 Rydberg

     GIPAW job: efg                                                                             


     ELECTRIC FIELD GRADIENTS TENSORS IN Hartree/bohrradius^2:

     ----- bare term -----
     Cl   1       -0.042047        0.214162       -0.129113
     Cl   1        0.214162        0.003532       -0.113044
     Cl   1       -0.129113       -0.113044        0.038515

     C    2       -0.074384        0.102856       -0.585152
     C    2        0.102856       -0.042212       -0.471519
     C    2       -0.585152       -0.471519        0.116596

     C    3       -0.050633        0.455812       -0.271798
     C    3        0.455812       -0.274404       -0.452340
     C    3       -0.271798       -0.452340        0.325037

     H    4       -0.058924       -0.156920       -0.394446
     H    4       -0.156920        0.454565       -0.012614
     H    4       -0.394446       -0.012614       -0.395641

     C    5       -0.336822        0.201764       -0.453385
     C    5        0.201764       -0.026281       -0.418032
     C    5       -0.453385       -0.418032        0.363103

     H    6        0.273357        0.050547        0.148800
     H    6        0.050547       -0.254754       -0.535922
     H    6        0.148800       -0.535922       -0.018603

     H    7        0.380732        0.266551       -0.022142
     H    7        0.266551       -0.695183        0.281346
     H    7       -0.022142        0.281346        0.314451

     C    8       -0.225043        0.195574       -0.366134
     C    8        0.195574        0.025680        0.569966
     C    8       -0.366134        0.569966        0.199363

     H    9       -0.282874        0.492488       -0.011483
     H    9        0.492488        0.030057       -0.184569
     H    9       -0.011483       -0.184569        0.252818

     C   10       -0.403234       -0.351260       -0.040911
     C   10       -0.351260       -0.066573        0.502550
     C   10       -0.040911        0.502550        0.469808

     C   11       -0.046695        0.320299       -0.401316
     C   11        0.320299       -0.071859        0.673666
     C   11       -0.401316        0.673666        0.118554

     Cl  12       -0.215030       -0.144799        0.066213
     Cl  12       -0.144799       -0.069997        0.133486
     Cl  12        0.066213        0.133486        0.285027

     H   13        0.206561       -0.162535       -0.290102
     H   13       -0.162535       -0.218881       -0.502816
     H   13       -0.290102       -0.502816        0.012320

     C   14       -0.170613        0.419839       -0.162394
     C   14        0.419839       -0.265424       -0.387016
     C   14       -0.162394       -0.387016        0.436038

     H   15       -0.008080       -0.125964       -0.527807
     H   15       -0.125964        0.470566       -0.126669
     H   15       -0.527807       -0.126669       -0.462485

     C   16       -0.305783        0.094781       -0.241278
     C   16        0.094781       -0.138360       -0.474714
     C   16       -0.241278       -0.474714        0.444143

     C   17       -0.071383        0.202437       -0.206571
     C   17        0.202437       -0.279230       -0.498348
     C   17       -0.206571       -0.498348        0.350613

     Cl  18       -0.150912        0.036068        0.000567
     Cl  18        0.036068       -0.122244        0.022180
     Cl  18        0.000567        0.022180        0.273156

     H   19        0.323021        0.022128       -0.218662
     H   19        0.022128       -0.315094        0.488237
     H   19       -0.218662        0.488237       -0.007927

     C   20       -0.434528       -0.331039       -0.335087
     C   20       -0.331039       -0.017333        0.205015
     C   20       -0.335087        0.205015        0.451861

     H   21       -0.708673        0.278224       -0.036960
     H   21        0.278224        0.404458        0.100502
     H   21       -0.036960        0.100502        0.304215

     C   22        0.077555        0.081774       -0.471049
     C   22        0.081774       -0.317470        0.511188
     C   22       -0.471049        0.511188        0.239915

     C   23       -0.383643       -0.221007       -0.384487
     C   23       -0.221007       -0.077670        0.312175
     C   23       -0.384487        0.312175        0.461312

     Cl  24        0.029258       -0.026688       -0.143583
     Cl  24       -0.026688       -0.031339        0.091630
     Cl  24       -0.143583        0.091630        0.002082

     ----- ionic term -----
     Cl   1        0.128873       -0.207709        0.023550
     Cl   1       -0.207709        0.016016       -0.005624
     Cl   1        0.023550       -0.005624       -0.144890

     C    2        0.141467       -0.217199        0.335307
     C    2       -0.217199        0.068679        0.362666
     C    2        0.335307        0.362666       -0.210147

     C    3        0.097575       -0.259947        0.248925
     C    3       -0.259947        0.174716        0.344331
     C    3        0.248925        0.344331       -0.272291

     H    4        0.546424        0.292487        0.713904
     H    4        0.292487       -0.419718        0.250692
     H    4        0.713904        0.250692       -0.126706

     C    5        0.172252       -0.243956        0.308263
     C    5       -0.243956        0.102924        0.261438
     C    5        0.308263        0.261438       -0.275177

     H    6       -0.531421        0.016515        0.020455
     H    6        0.016515        0.654884        0.705435
     H    6        0.020455        0.705435       -0.123463

     H    7       -0.472923       -0.266739        0.146126
     H    7       -0.266739        0.654610       -0.680729
     H    7        0.146126       -0.680729       -0.181687

     C    8        0.358020        0.022789        0.220522
     C    8        0.022789        0.066731       -0.322761
     C    8        0.220522       -0.322761       -0.424751

     H    9        0.799343       -0.473795        0.378316
     H    9       -0.473795       -0.314337       -0.190041
     H    9        0.378316       -0.190041       -0.485006

     C   10        0.196938        0.135379        0.099992
     C   10        0.135379        0.235893       -0.377227
     C   10        0.099992       -0.377227       -0.432831

     C   11        0.237598        0.085992        0.217951
     C   11        0.085992        0.146791       -0.414394
     C   11        0.217951       -0.414394       -0.384389

     Cl  12        0.132067        0.185518       -0.019937
     Cl  12        0.185518        0.000111       -0.023164
     Cl  12       -0.019937       -0.023164       -0.132177

     H   13       -0.506781        0.101161        0.097963
     H   13        0.101161        0.537075        0.741204
     H   13        0.097963        0.741204       -0.030294

     C   14        0.223475       -0.246176        0.367408
     C   14       -0.246176        0.019866        0.262703
     C   14        0.367408        0.262703       -0.243340

     H   15        0.351746        0.258132        0.760952
     H   15        0.258132       -0.440440        0.291677
     H   15        0.760952        0.291677        0.088694

     C   16        0.056670       -0.280176        0.257748
     C   16       -0.280176        0.172496        0.385607
     C   16        0.257748        0.385607       -0.229166

     C   17        0.114631       -0.221773        0.339509
     C   17       -0.221773        0.106267        0.371933
     C   17        0.339509        0.371933       -0.220898

     Cl  18        0.120217       -0.230991        0.044268
     Cl  18       -0.230991        0.031610       -0.028444
     Cl  18        0.044268       -0.028444       -0.151827

     H   19       -0.505037       -0.044655        0.047930
     H   19       -0.044655        0.480633       -0.775389
     H   19        0.047930       -0.775389        0.024404

     C   20        0.368624        0.135510        0.221336
     C   20        0.135510       -0.026618       -0.338330
     C   20        0.221336       -0.338330       -0.342006

     H   21        0.632960       -0.395772        0.583745
     H   21       -0.395772       -0.391337       -0.270040
     H   21        0.583745       -0.270040       -0.241623

     C   22        0.213785        0.156379        0.147339
     C   22        0.156379        0.136694       -0.396852
     C   22        0.147339       -0.396852       -0.350480

     C   23        0.337397        0.060937        0.220281
     C   23        0.060937        0.079334       -0.402570
     C   23        0.220281       -0.402570       -0.416731

     Cl  24        0.166600        0.222641       -0.009938
     Cl  24        0.222641       -0.011844       -0.008512
     Cl  24       -0.009938       -0.008512       -0.154756

     ----- GIPAW term -----
     Cl   1        1.047717        0.055945       -1.411318
     Cl   1        0.055945        0.312723       -1.399833
     Cl   1       -1.411318       -1.399833       -1.360440

     C    2        0.122230        0.045724       -0.194300
     C    2        0.045724       -0.009104       -0.134356
     C    2       -0.194300       -0.134356       -0.113126

     C    3        0.000694        0.144407       -0.177786
     C    3        0.144407       -0.081583       -0.148982
     C    3       -0.177786       -0.148982        0.080889

     H    4       -0.000000        0.000000        0.000000
     H    4        0.000000        0.000000        0.000000
     H    4        0.000000        0.000000        0.000000

     C    5       -0.013032        0.064083       -0.136662
     C    5        0.064083       -0.050207       -0.113788
     C    5       -0.136662       -0.113788        0.063239

     H    6       -0.000000        0.000000        0.000000
     H    6        0.000000        0.000000        0.000000
     H    6        0.000000        0.000000        0.000000

     H    7       -0.000000        0.000000        0.000000
     H    7        0.000000        0.000000        0.000000
     H    7        0.000000        0.000000        0.000000

     C    8       -0.046645        0.167007       -0.017693
     C    8        0.167007        0.120182        0.185735
     C    8       -0.017693        0.185735       -0.073537

     H    9       -0.000000        0.000000        0.000000
     H    9        0.000000        0.000000        0.000000
     H    9        0.000000        0.000000        0.000000

     C   10       -0.155363        0.017716        0.048383
     C   10        0.017716        0.092756        0.202820
     C   10        0.048383        0.202820        0.062607

     C   11        0.073108        0.271005       -0.034211
     C   11        0.271005        0.048023        0.142971
     C   11       -0.034211        0.142971       -0.121131

     Cl  12       -0.309292        1.602959        0.620766
     Cl  12        1.602959       -0.667936        1.384050
     Cl  12        0.620766        1.384050        0.977229

     H   13       -0.000000        0.000000        0.000000
     H   13        0.000000        0.000000        0.000000
     H   13        0.000000        0.000000        0.000000

     C   14        0.089853        0.088374        0.022001
     C   14        0.088374       -0.117921       -0.075075
     C   14        0.022001       -0.075075        0.028068

     H   15       -0.000000        0.000000        0.000000
     H   15        0.000000        0.000000        0.000000
     H   15        0.000000        0.000000        0.000000

     C   16       -0.102246       -0.035611        0.034458
     C   16       -0.035611       -0.065184       -0.107769
     C   16        0.034458       -0.107769        0.167430

     C   17        0.090722       -0.072350        0.014116
     C   17       -0.072350       -0.070173       -0.058373
     C   17        0.014116       -0.058373       -0.020549

     Cl  18       -0.314709       -1.787444        0.244403
     Cl  18       -1.787444       -1.266626        0.142237
     Cl  18        0.244403        0.142237        1.581335

     H   19       -0.000000        0.000000        0.000000
     H   19        0.000000        0.000000        0.000000
     H   19        0.000000        0.000000        0.000000

     C   20       -0.000974        0.047960       -0.090611
     C   20        0.047960       -0.002230       -0.022646
     C   20       -0.090611       -0.022646        0.003204

     H   21       -0.000000        0.000000        0.000000
     H   21        0.000000        0.000000        0.000000
     H   21        0.000000        0.000000        0.000000

     C   22        0.138417        0.094062       -0.235141
     C   22        0.094062       -0.125779        0.042197
     C   22       -0.235141        0.042197       -0.012638

     C   23        0.005470        0.114850       -0.161550
     C   23        0.114850       -0.052124       -0.018245
     C   23       -0.161550       -0.018245        0.046654

     Cl  24        1.612499        1.575229       -1.420170
     Cl  24        1.575229       -0.428471        0.780755
     Cl  24       -1.420170        0.780755       -1.184028

     ----- total EFG -----
     Cl   1        1.134544        0.062398       -1.516881
     Cl   1        0.062398        0.332271       -1.518501
     Cl   1       -1.516881       -1.518501       -1.466815

     C    2        0.189314       -0.068618       -0.444146
     C    2       -0.068618        0.017363       -0.243209
     C    2       -0.444146       -0.243209       -0.206676

     C    3        0.047636        0.340272       -0.200658
     C    3        0.340272       -0.181271       -0.256991
     C    3       -0.200658       -0.256991        0.133635

     H    4        0.487500        0.135567        0.319458
     H    4        0.135567        0.034847        0.238079
     H    4        0.319458        0.238079       -0.522347

     C    5       -0.177601        0.021891       -0.281784
     C    5        0.021891        0.026436       -0.270381
     C    5       -0.281784       -0.270381        0.151165

     H    6       -0.258063        0.067063        0.169255
     H    6        0.067063        0.400130        0.169512
     H    6        0.169255        0.169512       -0.142066

     H    7       -0.092191       -0.000188        0.123985
     H    7       -0.000188       -0.040573       -0.399383
     H    7        0.123985       -0.399383        0.132764

     C    8        0.086333        0.385370       -0.163305
     C    8        0.385370        0.212593        0.432939
     C    8       -0.163305        0.432939       -0.298925

     H    9        0.516469        0.018693        0.366833
     H    9        0.018693       -0.284280       -0.374610
     H    9        0.366833       -0.374610       -0.232188

     C   10       -0.361659       -0.198165        0.107465
     C   10       -0.198165        0.262076        0.328142
     C   10        0.107465        0.328142        0.099584

     C   11        0.264011        0.677296       -0.217577
     C   11        0.677296        0.122955        0.402243
     C   11       -0.217577        0.402243       -0.386966

     Cl  12       -0.392256        1.643677        0.667042
     Cl  12        1.643677       -0.737823        1.494372
     Cl  12        0.667042        1.494372        1.130079

     H   13       -0.300220       -0.061373       -0.192139
     H   13       -0.061373        0.318195        0.238388
     H   13       -0.192139        0.238388       -0.017974

     C   14        0.142714        0.262036        0.227015
     C   14        0.262036       -0.363480       -0.199388
     C   14        0.227015       -0.199388        0.220765

     H   15        0.343665        0.132169        0.233145
     H   15        0.132169        0.030126        0.165008
     H   15        0.233145        0.165008       -0.373791

     C   16       -0.351358       -0.221007        0.050928
     C   16       -0.221007       -0.031048       -0.196876
     C   16        0.050928       -0.196876        0.382407

     C   17        0.133970       -0.091686        0.147055
     C   17       -0.091686       -0.243135       -0.184788
     C   17        0.147055       -0.184788        0.109165

     Cl  18       -0.345405       -1.982367        0.289239
     Cl  18       -1.982367       -1.357260        0.135973
     Cl  18        0.289239        0.135973        1.702665

     H   19       -0.182016       -0.022526       -0.170732
     H   19       -0.022526        0.165539       -0.287152
     H   19       -0.170732       -0.287152        0.016477

     C   20       -0.066878       -0.147568       -0.204361
     C   20       -0.147568       -0.046181       -0.155961
     C   20       -0.204361       -0.155961        0.113059

     H   21       -0.075713       -0.117548        0.546785
     H   21       -0.117548        0.013121       -0.169538
     H   21        0.546785       -0.169538        0.062592

     C   22        0.429757        0.332214       -0.558851
     C   22        0.332214       -0.306555        0.156533
     C   22       -0.558851        0.156533       -0.123202

     C   23       -0.040776       -0.045221       -0.325756
     C   23       -0.045221       -0.050459       -0.108640
     C   23       -0.325756       -0.108640        0.091235

     Cl  24        1.808357        1.771182       -1.573691
     Cl  24        1.771182       -0.471654        0.863874
     Cl  24       -1.573691        0.863874       -1.336702

     ----- total EFG (symmetrized) -----
     Cl   1        1.134544        0.062398       -1.516881
     Cl   1        0.062398        0.332271       -1.518501
     Cl   1       -1.516881       -1.518501       -1.466815

     C    2        0.189314       -0.068618       -0.444146
     C    2       -0.068618        0.017363       -0.243209
     C    2       -0.444146       -0.243209       -0.206676

     C    3        0.047636        0.340272       -0.200658
     C    3        0.340272       -0.181271       -0.256991
     C    3       -0.200658       -0.256991        0.133635

     H    4        0.487500        0.135567        0.319458
     H    4        0.135567        0.034847        0.238079
     H    4        0.319458        0.238079       -0.522347

     C    5       -0.177601        0.021891       -0.281784
     C    5        0.021891        0.026436       -0.270381
     C    5       -0.281784       -0.270381        0.151165

     H    6       -0.258063        0.067063        0.169255
     H    6        0.067063        0.400130        0.169512
     H    6        0.169255        0.169512       -0.142066

     H    7       -0.092191       -0.000188        0.123985
     H    7       -0.000188       -0.040573       -0.399383
     H    7        0.123985       -0.399383        0.132764

     C    8        0.086333        0.385370       -0.163305
     C    8        0.385370        0.212593        0.432939
     C    8       -0.163305        0.432939       -0.298925

     H    9        0.516469        0.018693        0.366833
     H    9        0.018693       -0.284280       -0.374610
     H    9        0.366833       -0.374610       -0.232188

     C   10       -0.361659       -0.198165        0.107465
     C   10       -0.198165        0.262076        0.328142
     C   10        0.107465        0.328142        0.099584

     C   11        0.264011        0.677296       -0.217577
     C   11        0.677296        0.122955        0.402243
     C   11       -0.217577        0.402243       -0.386966

     Cl  12       -0.392256        1.643677        0.667042
     Cl  12        1.643677       -0.737823        1.494372
     Cl  12        0.667042        1.494372        1.130079

     H   13       -0.300220       -0.061373       -0.192139
     H   13       -0.061373        0.318195        0.238388
     H   13       -0.192139        0.238388       -0.017974

     C   14        0.142714        0.262036        0.227015
     C   14        0.262036       -0.363480       -0.199388
     C   14        0.227015       -0.199388        0.220765

     H   15        0.343665        0.132169        0.233145
     H   15        0.132169        0.030126        0.165008
     H   15        0.233145        0.165008       -0.373791

     C   16       -0.351358       -0.221007        0.050928
     C   16       -0.221007       -0.031048       -0.196876
     C   16        0.050928       -0.196876        0.382407

     C   17        0.133970       -0.091686        0.147055
     C   17       -0.091686       -0.243135       -0.184788
     C   17        0.147055       -0.184788        0.109165

     Cl  18       -0.345405       -1.982367        0.289239
     Cl  18       -1.982367       -1.357260        0.135973
     Cl  18        0.289239        0.135973        1.702665

     H   19       -0.182016       -0.022526       -0.170732
     H   19       -0.022526        0.165539       -0.287152
     H   19       -0.170732       -0.287152        0.016477

     C   20       -0.066878       -0.147568       -0.204361
     C   20       -0.147568       -0.046181       -0.155961
     C   20       -0.204361       -0.155961        0.113059

     H   21       -0.075713       -0.117548        0.546785
     H   21       -0.117548        0.013121       -0.169538
     H   21        0.546785       -0.169538        0.062592

     C   22        0.429757        0.332214       -0.558851
     C   22        0.332214       -0.306555        0.156533
     C   22       -0.558851        0.156533       -0.123202

     C   23       -0.040776       -0.045221       -0.325756
     C   23       -0.045221       -0.050459       -0.108640
     C   23       -0.325756       -0.108640        0.091235

     Cl  24        1.808357        1.771182       -1.573691
     Cl  24        1.771182       -0.471654        0.863874
     Cl  24       -1.573691        0.863874       -1.336702


     NQR/NMR SPECTROSCOPIC PARAMETERS:
     Cl   1    Vxx=    0.6048    axis=(  0.573847 -0.801662  0.167441)
     Cl   1    Vyy=    2.1696    axis=( -0.752041 -0.434877  0.495294)
     Cl   1    Vzz=   -2.7744    axis=( -0.324243 -0.410146 -0.852436)
     Cl   1  Q=        -8.1650 1e-30 m^2  Cq=        53.2257 MHz  eta= 0.56404

     C    2    Vxx=    0.1004    axis=(  0.352895 -0.911448  0.211489)
     C    2    Vyy=    0.4911    axis=( -0.801024 -0.177482  0.571717)
     C    2    Vzz=   -0.5915    axis=( -0.483555 -0.371164 -0.792725)
     C    2  Q=         1.0000 1e-30 m^2  Cq=        -1.3897 MHz  eta= 0.66063

     C    3    Vxx=   -0.0944    axis=(  0.622076  0.188509  0.759925)
     C    3    Vyy=   -0.4447    axis=(  0.500364 -0.842239 -0.200671)
     C    3    Vzz=    0.5390    axis=(  0.602210  0.505072 -0.618260)
     C    3  Q=         1.0000 1e-30 m^2  Cq=         1.2665 MHz  eta= 0.64983

     H    4    Vxx=    0.0228    axis=(  0.382965 -0.907614 -0.171973)
     H    4    Vyy=    0.6463    axis=(  0.895610  0.319192  0.309839)
     H    4    Vzz=   -0.6691    axis=( -0.226322 -0.272678  0.935107)
     H    4  Q=         1.0000 1e-30 m^2  Cq=        -1.5721 MHz  eta= 0.93198

     C    5    Vxx=   -0.0770    axis=(  0.551573 -0.793026 -0.258605)
     C    5    Vyy=   -0.3812    axis=(  0.750668  0.336752  0.568416)
     C    5    Vzz=    0.4581    axis=( -0.363683 -0.507650  0.781042)
     C    5  Q=         1.0000 1e-30 m^2  Cq=         1.0764 MHz  eta= 0.66401

     H    6    Vxx=   -0.0848    axis=(  0.587396 -0.338225  0.735235)
     H    6    Vyy=   -0.3818    axis=( -0.793677 -0.063102  0.605058)
     H    6    Vzz=    0.4666    axis=(  0.158251  0.938947  0.305507)
     H    6  Q=         1.0000 1e-30 m^2  Cq=         1.0963 MHz  eta= 0.63640

     H    7    Vxx=   -0.0875    axis=(  0.948525  0.314591  0.036504)
     H    7    Vyy=   -0.3841    axis=( -0.266526  0.730670  0.628558)
     H    7    Vzz=    0.4716    axis=(  0.171067 -0.605933  0.776905)
     H    7  Q=         1.0000 1e-30 m^2  Cq=         1.1080 MHz  eta= 0.62897

     C    8    Vxx=    0.0879    axis=( -0.757755  0.251986  0.601922)
     C    8    Vyy=    0.6101    axis=( -0.504601 -0.811148 -0.295663)
     C    8    Vzz=   -0.6980    axis=(  0.413745 -0.527770  0.741804)
     C    8  Q=         1.0000 1e-30 m^2  Cq=        -1.6401 MHz  eta= 0.74814

     H    9    Vxx=    0.0109    axis=(  0.379710  0.735745 -0.560803)
     H    9    Vyy=    0.6844    axis=(  0.896932 -0.144323  0.417952)
     H    9    Vzz=   -0.6953    axis=( -0.226569  0.661703  0.714714)
     H    9  Q=         1.0000 1e-30 m^2  Cq=        -1.6337 MHz  eta= 0.96863

     C   10    Vxx=   -0.0328    axis=( -0.513883  0.460288 -0.723920)
     C   10    Vyy=   -0.4959    axis=( -0.851060 -0.379582  0.362786)
     C   10    Vzz=    0.5286    axis=( -0.107801  0.802529  0.586793)
     C   10  Q=         1.0000 1e-30 m^2  Cq=         1.2421 MHz  eta= 0.87601

     C   11    Vxx=    0.0027    axis=( -0.515515  0.435870  0.737741)
     C   11    Vyy=    0.8847    axis=( -0.718508 -0.688999 -0.095003)
     C   11    Vzz=   -0.8874    axis=(  0.466894 -0.579048  0.668366)
     C   11  Q=         1.0000 1e-30 m^2  Cq=        -2.0851 MHz  eta= 0.99386

     Cl  12    Vxx=   -0.2790    axis=( -0.685176 -0.313922  0.657257)
     Cl  12    Vyy=   -2.3723    axis=( -0.576201  0.785596 -0.225456)
     Cl  12    Vzz=    2.6513    axis=( -0.445563 -0.533190 -0.719154)
     Cl  12  Q=        -8.1650 1e-30 m^2  Cq=       -50.8639 MHz  eta= 0.78950

     H   13    Vxx=   -0.0674    axis=(  0.458478  0.519012 -0.721405)
     H   13    Vyy=   -0.4022    axis=( -0.868093  0.087729 -0.488588)
     H   13    Vzz=    0.4695    axis=(  0.190295 -0.850253 -0.490772)
     H   13  Q=         1.0000 1e-30 m^2  Cq=         1.1032 MHz  eta= 0.71303

     C   14    Vxx=    0.1583    axis=( -0.624718 -0.532140  0.571449)
     C   14    Vyy=    0.4126    axis=( -0.660484 -0.030260 -0.750230)
     C   14    Vzz=   -0.5708    axis=(  0.416520 -0.846116 -0.332566)
     C   14  Q=         1.0000 1e-30 m^2  Cq=        -1.3413 MHz  eta= 0.44552

     H   15    Vxx=   -0.0080    axis=(  0.424798 -0.895437 -0.133187)
     H   15    Vyy=   -0.4739    axis=(  0.228318  0.248335 -0.941382)
     H   15    Vzz=    0.4819    axis=(  0.876024  0.369489  0.309936)
     H   15  Q=         1.0000 1e-30 m^2  Cq=         1.1323 MHz  eta= 0.96666

     C   16    Vxx=   -0.0161    axis=( -0.446075  0.778461  0.441605)
     C   16    Vyy=   -0.4666    axis=( -0.879783 -0.471986 -0.056671)
     C   16    Vzz=    0.4827    axis=(  0.164315 -0.413796  0.895418)
     C   16  Q=         1.0000 1e-30 m^2  Cq=         1.1342 MHz  eta= 0.93334

     C   17    Vxx=   -0.0110    axis=( -0.756850 -0.197115  0.623157)
     C   17    Vyy=   -0.3240    axis=(  0.065682  0.925673  0.372579)
     C   17    Vzz=    0.3350    axis=(  0.650280 -0.322917  0.687649)
     C   17  Q=         1.0000 1e-30 m^2  Cq=         0.7871 MHz  eta= 0.93441

     Cl  18    Vxx=    1.1574    axis=(  0.754125 -0.607932 -0.248422)
     Cl  18    Vyy=    1.7574    axis=(  0.232946 -0.106059  0.966689)
     Cl  18    Vzz=   -2.9148    axis=( -0.614028 -0.786874  0.061634)
     Cl  18  Q=        -8.1650 1e-30 m^2  Cq=        55.9195 MHz  eta= 0.20587

     H   19    Vxx=   -0.0535    axis=(  0.707984 -0.533648 -0.462577)
     H   19    Vyy=   -0.3479    axis=(  0.688702  0.376681  0.619517)
     H   19    Vzz=    0.4014    axis=(  0.156360  0.757186 -0.634209)
     H   19  Q=         1.0000 1e-30 m^2  Cq=         0.9431 MHz  eta= 0.73351

     C   20    Vxx=    0.0888    axis=(  0.611122 -0.785031  0.101278)
     C   20    Vyy=    0.2583    axis=(  0.440424  0.230928 -0.867582)
     C   20    Vzz=   -0.3471    axis=(  0.657691  0.574804  0.486871)
     C   20  Q=         1.0000 1e-30 m^2  Cq=        -0.8156 MHz  eta= 0.48828

     H   21    Vxx=   -0.0557    axis=(  0.247214  0.945417  0.212301)
     H   21    Vyy=   -0.5588    axis=( -0.743880  0.044777  0.666812)
     H   21    Vzz=    0.6145    axis=(  0.620909 -0.322771  0.714346)
     H   21  Q=         1.0000 1e-30 m^2  Cq=         1.4437 MHz  eta= 0.81874

     C   22    Vxx=   -0.0974    axis=(  0.183731  0.759077  0.624536)
     C   22    Vyy=   -0.7175    axis=( -0.480843  0.623550 -0.616421)
     C   22    Vzz=    0.8148    axis=( -0.857341 -0.187048  0.479562)
     C   22  Q=         1.0000 1e-30 m^2  Cq=         1.9145 MHz  eta= 0.76104

     C   23    Vxx=   -0.0210    axis=(  0.347828 -0.931303  0.108120)
     C   23    Vyy=   -0.3443    axis=(  0.711599  0.337322  0.616312)
     C   23    Vzz=    0.3653    axis=( -0.610445 -0.137432  0.780045)
     C   23  Q=         1.0000 1e-30 m^2  Cq=         0.8583 MHz  eta= 0.88526

     Cl  24    Vxx=   -0.0374    axis=( -0.142238  0.736148  0.661706)
     Cl  24    Vyy=   -2.9811    axis=(  0.437483 -0.552910  0.709153)
     Cl  24    Vzz=    3.0184    axis=( -0.887906 -0.390354  0.243408)
     Cl  24  Q=        -8.1650 1e-30 m^2  Cq=       -57.9072 MHz  eta= 0.97524

     Initialization:
     gipaw_setup  :      9.01s CPU     10.84s WALL (       1 calls)

     Linear response

     Apply operators

     Induced current

     Other routines
     efg          :      9.34s CPU     11.79s WALL (       1 calls)

     General routines
     calbec       :      3.29s CPU      4.32s WALL (      16 calls)
     fft          :      1.84s CPU      3.40s WALL (      15 calls)
     ffts         :      0.04s CPU      0.04s WALL (       2 calls)
     fftw         :      3.23s CPU      3.85s WALL (     672 calls)
     davcio       :      0.03s CPU      0.35s WALL (      32 calls)

     Parallel routines
     fft_scatter  :      2.48s CPU      4.53s WALL (     689 calls)

     Plugins

     GIPAW        :     60.52s CPU     76.79s WALL (       1 calls)
