
     Program QE v.6.0 (svn rev. 13079) starts on 22Jan2017 at 20: 8:41 

     This program is part of the open-source Quantum ESPRESSO suite
     for quantum simulation of materials; please cite
         "P. Giannozzi et al., J. Phys.:Condens. Matter 21 395502 (2009);
          URL http://www.quantum-espresso.org", 
     in publications or presentations arising from this work. More details at
     http://www.quantum-espresso.org/quote

     Parallel version (MPI), running on     8 processors
     R & G space division:  proc/nbgrp/npool/nimage =       8

     ***** This is GIPAW svn revision unknown      *****

     Parallelizing q-star over 1 images

     Reading data from directory:
     /users/majewski/paradichlorobenzene/pbe/9_constraint/scratch/pbe.ecut100.np8.dt60.pcl2phi-129368.save
     Message from routine read_xml_file:
     file /users/majewski/paradichlorobenzene/pbe/9_constraint/scratch/pbe.ecut100.np8.dt60.pcl2phi-129368.save not guaranteed to be safe for post-processing

   Info: using nr1, nr2, nr3 values from input

   Info: using nr1, nr2, nr3 values from input

     IMPORTANT: XC functional enforced from input :
     Exchange-correlation      =  SLA  PW   PBX  PBC ( 1  4  3  4 0 0)
     Any further DFT definition will be discarded
     Please, verify this is what you really want

               file C.pbe-n-kjpaw_psl.1.0.0.UPF: wavefunction(s)  2S 2P renormalized
               file Cl.pbe-n-kjpaw_psl.1.0.0.UPF: wavefunction(s)  3S 3P renormalized
               file H.pbe-kjpaw_psl.1.0.0.UPF: wavefunction(s)  1S renormalized

     Parallelization info
     --------------------
     sticks:   dense  smooth     PW     G-vecs:    dense   smooth      PW
     Min        3057    1223    332               144436    36536    5170
     Max        3059    1225    333               144437    36537    5171
     Sum       24467    9791   2657              1155489   292295   41363


     Subspace diagonalization in iterative solution of the eigenvalue problem:
     a serial algorithm will be used

     GIPAW projectors -----------------------------------------------
     atom=  C    l=0  rc=    1.2000  rs=    0.8000
     atom=  C    l=0  rc=    1.2000  rs=    0.8000
     atom=  C    l=1  rc=    1.4000  rs=    0.9333
     atom=  C    l=1  rc=    1.4000  rs=    0.9333
     projs nearly linearly dependent: l=1  n1,n2= 1, 2  s=  0.99951561

     atom=  Cl   l=0  rc=    1.6000  rs=    1.0667
     atom=  Cl   l=0  rc=    1.6000  rs=    1.0667
     atom=  Cl   l=1  rc=    1.6000  rs=    1.0667
     atom=  Cl   l=1  rc=    1.6000  rs=    1.0667
     atom=  Cl   l=2  rc=    1.6000  rs=    1.0667
     atom=  Cl   l=2  rc=    1.6000  rs=    1.0667
     projs nearly linearly dependent: l=2  n1,n2= 1, 2  s=  0.99993509

     atom=  H    l=0  rc=    1.0000  rs=    0.6667
     atom=  H    l=0  rc=    1.0000  rs=    0.6667
     projs nearly linearly dependent: l=0  n1,n2= 1, 2  s=  0.99968852
     -----------------------------------------------------------------

     GIPAW integrals: -------------------------------------------
     Atom  i/j   nmr_para   nmr_dia   epr_rmc  epr_para   epr_dia
       C   1 1   0.83E+03  0.17E-01  0.93E+01  0.24E+08  0.24E+03
       C   2 1   0.86E+03 -0.61E-01  0.94E+01  0.25E+08  0.25E+03
       C   2 2   0.90E+03 -0.15E+00  0.97E+01  0.26E+08  0.26E+03
       C   3 3   0.33E+01  0.34E+00  0.18E+01  0.55E+03  0.21E+02
       C   4 3   0.35E+01  0.37E+00  0.20E+01  0.59E+03  0.22E+02
       C   4 4   0.38E+01  0.39E+00  0.22E+01  0.63E+03  0.24E+02
       Cl  1 1   0.14E+04 -0.47E+00  0.84E+01  0.32E+09  0.42E+03
       Cl  2 1   0.21E+04 -0.37E+00  0.12E+02  0.49E+09  0.65E+03
       Cl  2 2   0.33E+04 -0.16E+00  0.21E+02  0.76E+09  0.10E+04
       Cl  3 3   0.21E+02  0.79E-01  0.89E+01  0.23E+05  0.13E+03
       Cl  4 3   0.24E+02  0.67E-01  0.99E+01  0.27E+05  0.15E+03
       Cl  4 4   0.28E+02  0.44E-01  0.11E+02  0.32E+05  0.18E+03
       Cl  5 5   0.77E+00  0.19E+00  0.18E+01  0.12E+03  0.22E+02
       Cl  6 5   0.80E+00  0.19E+00  0.19E+01  0.12E+03  0.23E+02
       Cl  6 6   0.83E+00  0.20E+00  0.19E+01  0.12E+03  0.23E+02
       H   1 1   0.39E+02  0.19E+00  0.29E+00  0.78E+05  0.13E+02
       H   2 1   0.41E+02  0.21E+00  0.32E+00  0.82E+05  0.14E+02
       H   2 2   0.43E+02  0.22E+00  0.36E+00  0.86E+05  0.15E+02
     ------------------------------------------------------------

     alpha_pv=     34.0371 eV

     Number of occupied bands for each k-point:
     k-point:     1    nbnd_occ=  42
     k-point:     2    nbnd_occ=  42
     k-point:     3    nbnd_occ=  42
     k-point:     4    nbnd_occ=  42
     k-point:     5    nbnd_occ=  42
     k-point:     6    nbnd_occ=  42
     k-point:     7    nbnd_occ=  42
     k-point:     8    nbnd_occ=  42
     k-point:     9    nbnd_occ=  42
     k-point:    10    nbnd_occ=  42
     k-point:    11    nbnd_occ=  42
     k-point:    12    nbnd_occ=  42
     k-point:    13    nbnd_occ=  42
     k-point:    14    nbnd_occ=  42
     k-point:    15    nbnd_occ=  42
     k-point:    16    nbnd_occ=  42


     q-space interpolation up to   110.00 Rydberg

     GIPAW job: efg                                                                             


     ELECTRIC FIELD GRADIENTS TENSORS IN Hartree/bohrradius^2:

     ----- bare term -----
     Cl   1        0.098259        0.070986       -0.106940
     Cl   1        0.070986        0.009941       -0.067486
     Cl   1       -0.106940       -0.067486       -0.108200

     C    2       -0.463507        0.186059       -0.386345
     C    2        0.186059       -0.079733       -0.312183
     C    2       -0.386345       -0.312183        0.543240

     C    3       -0.041559        0.024311       -0.266613
     C    3        0.024311       -0.147404       -0.603195
     C    3       -0.266613       -0.603195        0.188963

     H    4       -0.247916        0.146518       -0.529253
     H    4        0.146518        0.056220        0.027576
     H    4       -0.529253        0.027576        0.191695

     C    5       -0.814300        0.364755       -0.330580
     C    5        0.364755        0.475583       -0.196914
     C    5       -0.330580       -0.196914        0.338717

     H    6        0.448729       -0.084484        0.169958
     H    6       -0.084484       -0.189184       -0.348962
     H    6        0.169958       -0.348962       -0.259545

     H    7        0.285881        0.142201       -0.171723
     H    7        0.142201       -0.349990        0.520808
     H    7       -0.171723        0.520808        0.064109

     C    8       -0.265630       -0.377273       -0.317225
     C    8       -0.377273       -0.190422        0.360674
     C    8       -0.317225        0.360674        0.456053

     H    9        0.100926        0.018112       -0.443222
     H    9        0.018112        0.241673       -0.254551
     H    9       -0.443222       -0.254551       -0.342600

     C   10       -0.221112       -0.262771       -0.277526
     C   10       -0.262771       -0.175601        0.568059
     C   10       -0.277526        0.568059        0.396712

     C   11       -0.261587       -0.100201       -0.386629
     C   11       -0.100201       -0.047659        0.447553
     C   11       -0.386629        0.447553        0.309246

     Cl  12       -0.019446       -0.072457       -0.074213
     Cl  12       -0.072457        0.006384        0.052289
     Cl  12       -0.074213        0.052289        0.013062

     H   13        0.193875        0.112738        0.367002
     H   13        0.112738        0.039124       -0.464119
     H   13        0.367002       -0.464119       -0.232999

     C   14       -0.098691       -0.022710       -0.376026
     C   14       -0.022710       -0.164043       -0.311610
     C   14       -0.376026       -0.311610        0.262734

     H   15        0.026191       -0.123059       -0.448453
     H   15       -0.123059        0.484349       -0.098539
     H   15       -0.448453       -0.098539       -0.510540

     C   16       -0.489718        0.329818       -0.392095
     C   16        0.329818       -0.047783       -0.100789
     C   16       -0.392095       -0.100789        0.537501

     C   17       -0.004815       -0.170578       -0.375740
     C   17       -0.170578       -0.207096       -0.486208
     C   17       -0.375740       -0.486208        0.211911

     Cl  18       -0.130072        0.108808       -0.039188
     Cl  18        0.108808        0.035578        0.041589
     Cl  18       -0.039188        0.041589        0.094494

     H   19        0.414936        0.016896        0.238018
     H   19        0.016896       -0.004520        0.391043
     H   19        0.238018        0.391043       -0.410416

     C   20       -0.329277       -0.240871       -0.347271
     C   20       -0.240871        0.009332        0.382366
     C   20       -0.347271        0.382366        0.319945

     H   21        0.184127        0.052833       -0.202938
     H   21        0.052833        0.316262       -0.179775
     H   21       -0.202938       -0.179775       -0.500388

     C   22        0.110195       -0.195053        0.026880
     C   22       -0.195053       -0.075726        0.069087
     C   22        0.026880        0.069087       -0.034470

     C   23       -0.053261       -0.055323       -0.280977
     C   23       -0.055323       -0.013491        0.114643
     C   23       -0.280977        0.114643        0.066752

     Cl  24       -0.090566        0.187992        0.283187
     Cl  24        0.187992       -0.040012       -0.308684
     Cl  24        0.283187       -0.308684        0.130578

     ----- ionic term -----
     Cl   1        0.170171       -0.196820        0.022494
     Cl   1       -0.196820       -0.040497       -0.006968
     Cl   1        0.022494       -0.006968       -0.129674

     C    2        0.203321       -0.165393        0.329726
     C    2       -0.165393       -0.096954        0.462145
     C    2        0.329726        0.462145       -0.106367

     C    3        0.195052       -0.308855        0.169481
     C    3       -0.308855       -0.026002        0.434549
     C    3        0.169481        0.434549       -0.169050

     H    4        0.549083        0.161614        0.739149
     H    4        0.161614       -0.528666        0.207775
     H    4        0.739149        0.207775       -0.020417

     C    5        0.300957       -0.289219        0.249058
     C    5       -0.289219       -0.111924        0.318616
     C    5        0.249058        0.318616       -0.189034

     H    6       -0.505849       -0.095271       -0.040866
     H    6       -0.095271        0.447065        0.777186
     H    6       -0.040866        0.777186        0.058784

     H    7       -0.531224       -0.061014        0.059598
     H    7       -0.061014        0.486973       -0.747786
     H    7        0.059598       -0.747786        0.044250

     C    8        0.069370        0.305715        0.398102
     C    8        0.305715        0.072646       -0.189468
     C    8        0.398102       -0.189468       -0.142016

     H    9        0.352737       -0.040838        0.797603
     H    9       -0.040838       -0.501445       -0.103909
     H    9        0.797603       -0.103909        0.148708

     C   10       -0.017756        0.338990        0.290697
     C   10        0.338990        0.173811       -0.266842
     C   10        0.290697       -0.266842       -0.156056

     C   11       -0.013109        0.242493        0.379069
     C   11        0.242493        0.095486       -0.321181
     C   11        0.379069       -0.321181       -0.082378

     Cl  12        0.061183        0.197813        0.039266
     Cl  12        0.197813        0.075719        0.032746
     Cl  12        0.039266        0.032746       -0.136902

     H   13       -0.524593       -0.056827       -0.022382
     H   13       -0.056827        0.627873        0.743057
     H   13       -0.022382        0.743057       -0.103280

     C   14        0.277493       -0.190089        0.278569
     C   14       -0.190089       -0.068963        0.334287
     C   14        0.278569        0.334287       -0.208530

     H   15        0.601265        0.179514        0.773641
     H   15        0.179514       -0.531589        0.188607
     H   15        0.773641        0.188607       -0.069676

     C   16        0.187847       -0.251408        0.189126
     C   16       -0.251408       -0.003951        0.402496
     C   16        0.189126        0.402496       -0.183896

     C   17        0.150534       -0.233152        0.287589
     C   17       -0.233152       -0.019911        0.426742
     C   17        0.287589        0.426742       -0.130623

     Cl  18        0.123759       -0.204875        0.014019
     Cl  18       -0.204875        0.003956        0.002842
     Cl  18        0.014019        0.002842       -0.127715

     H   19       -0.545623       -0.037747        0.036321
     H   19       -0.037747        0.626196       -0.707434
     H   19        0.036321       -0.707434       -0.080573

     C   20        0.080659        0.290793        0.379807
     C   20        0.290793        0.091285       -0.212773
     C   20        0.379807       -0.212773       -0.171944

     H   21        0.252272       -0.105709        0.832010
     H   21       -0.105709       -0.488777       -0.171261
     H   21        0.832010       -0.171261        0.236504

     C   22       -0.027746        0.313196        0.285202
     C   22        0.313196        0.203421       -0.298177
     C   22        0.285202       -0.298177       -0.175675

     C   23        0.027087        0.317578        0.342564
     C   23        0.317578        0.130261       -0.318883
     C   23        0.342564       -0.318883       -0.157348

     Cl  24        0.102619        0.234995        0.029376
     Cl  24        0.234995        0.050782        0.008795
     Cl  24        0.029376        0.008795       -0.153402

     ----- GIPAW term -----
     Cl   1        2.523534       -0.851543       -1.223030
     Cl   1       -0.851543       -0.316604       -0.632390
     Cl   1       -1.223030       -0.632390       -2.206929

     C    2       -0.067436       -0.087244       -0.171471
     C    2       -0.087244       -0.098619        0.006097
     C    2       -0.171471        0.006097        0.166055

     C    3       -0.076990       -0.091085       -0.059567
     C    3       -0.091085        0.146462       -0.063231
     C    3       -0.059567       -0.063231       -0.069473

     H    4       -0.000000        0.000000        0.000000
     H    4        0.000000        0.000000        0.000000
     H    4        0.000000        0.000000        0.000000

     C    5       -0.237510        0.035739       -0.030936
     C    5        0.035739        0.317974       -0.034656
     C    5       -0.030936       -0.034656       -0.080463

     H    6       -0.000000        0.000000        0.000000
     H    6        0.000000        0.000000        0.000000
     H    6        0.000000        0.000000        0.000000

     H    7       -0.000000        0.000000        0.000000
     H    7        0.000000        0.000000        0.000000
     H    7        0.000000        0.000000        0.000000

     C    8        0.038178       -0.093530       -0.092546
     C    8       -0.093530       -0.088913        0.080533
     C    8       -0.092546        0.080533        0.050735

     H    9       -0.000000        0.000000        0.000000
     H    9        0.000000        0.000000        0.000000
     H    9        0.000000        0.000000        0.000000

     C   10       -0.130092       -0.049964       -0.096469
     C   10       -0.049964       -0.014717        0.202376
     C   10       -0.096469        0.202376        0.144810

     C   11        0.024044        0.109225       -0.071805
     C   11        0.109225        0.027812        0.064398
     C   11       -0.071805        0.064398       -0.051856

     Cl  12        0.084578        0.134430       -1.088528
     Cl  12        0.134430        1.182259        1.909357
     Cl  12       -1.088528        1.909357       -1.266837

     H   13       -0.000000        0.000000        0.000000
     H   13        0.000000        0.000000        0.000000
     H   13        0.000000        0.000000        0.000000

     C   14        0.002963       -0.028443       -0.189476
     C   14       -0.028443       -0.155167       -0.029669
     C   14       -0.189476       -0.029669        0.152204

     H   15       -0.000000        0.000000        0.000000
     H   15        0.000000        0.000000        0.000000
     H   15        0.000000        0.000000        0.000000

     C   16       -0.171654       -0.000327       -0.175404
     C   16       -0.000327       -0.078070        0.091183
     C   16       -0.175404        0.091183        0.249724

     C   17       -0.005684       -0.193148       -0.088069
     C   17       -0.193148        0.053168        0.070141
     C   17       -0.088069        0.070141       -0.047483

     Cl  18        0.753336       -2.008410       -0.328587
     Cl  18       -2.008410        0.448102        0.371183
     Cl  18       -0.328587        0.371183       -1.201438

     H   19       -0.000000        0.000000        0.000000
     H   19        0.000000        0.000000        0.000000
     H   19        0.000000        0.000000        0.000000

     C   20       -0.086031       -0.087591       -0.148876
     C   20       -0.087591       -0.055995        0.178226
     C   20       -0.148876        0.178226        0.142026

     H   21       -0.000000        0.000000        0.000000
     H   21        0.000000        0.000000        0.000000
     H   21        0.000000        0.000000        0.000000

     C   22        0.003645       -0.021644       -0.018772
     C   22       -0.021644       -0.005943        0.017414
     C   22       -0.018772        0.017414        0.002298

     C   23        0.011090       -0.013509       -0.061193
     C   23       -0.013509        0.006750        0.047432
     C   23       -0.061193        0.047432       -0.017840

     Cl  24        0.064756       -0.010163       -0.373688
     Cl  24       -0.010163        0.300062        0.607819
     Cl  24       -0.373688        0.607819       -0.364817

     ----- total EFG -----
     Cl   1        2.791964       -0.977377       -1.307477
     Cl   1       -0.977377       -0.347161       -0.706844
     Cl   1       -1.307477       -0.706844       -2.444803

     C    2       -0.327621       -0.066579       -0.228090
     C    2       -0.066579       -0.275306        0.156058
     C    2       -0.228090        0.156058        0.602927

     C    3        0.076503       -0.375629       -0.156698
     C    3       -0.375629       -0.026944       -0.231877
     C    3       -0.156698       -0.231877       -0.049560

     H    4        0.301167        0.308132        0.209896
     H    4        0.308132       -0.472445        0.235351
     H    4        0.209896        0.235351        0.171278

     C    5       -0.750853        0.111275       -0.112458
     C    5        0.111275        0.681632        0.087046
     C    5       -0.112458        0.087046        0.069220

     H    6       -0.057120       -0.179755        0.129092
     H    6       -0.179755        0.257881        0.428224
     H    6        0.129092        0.428224       -0.200761

     H    7       -0.245342        0.081187       -0.112125
     H    7        0.081187        0.136983       -0.226979
     H    7       -0.112125       -0.226979        0.108359

     C    8       -0.158082       -0.165089       -0.011669
     C    8       -0.165089       -0.206690        0.251739
     C    8       -0.011669        0.251739        0.364772

     H    9        0.453664       -0.022726        0.354381
     H    9       -0.022726       -0.259772       -0.358459
     H    9        0.354381       -0.358459       -0.193892

     C   10       -0.368960        0.026255       -0.083298
     C   10        0.026255       -0.016507        0.503592
     C   10       -0.083298        0.503592        0.385466

     C   11       -0.250651        0.251517       -0.079366
     C   11        0.251517        0.075639        0.190770
     C   11       -0.079366        0.190770        0.175012

     Cl  12        0.126315        0.259786       -1.123475
     Cl  12        0.259786        1.264362        1.994393
     Cl  12       -1.123475        1.994393       -1.390677

     H   13       -0.330718        0.055911        0.344619
     H   13        0.055911        0.666998        0.278938
     H   13        0.344619        0.278938       -0.336280

     C   14        0.181764       -0.241242       -0.286932
     C   14       -0.241242       -0.388173       -0.006991
     C   14       -0.286932       -0.006991        0.206408

     H   15        0.627456        0.056455        0.325188
     H   15        0.056455       -0.047240        0.090067
     H   15        0.325188        0.090067       -0.580216

     C   16       -0.473525        0.078083       -0.378372
     C   16        0.078083       -0.129804        0.392890
     C   16       -0.378372        0.392890        0.603328

     C   17        0.140035       -0.596879       -0.176219
     C   17       -0.596879       -0.173840        0.010675
     C   17       -0.176219        0.010675        0.033805

     Cl  18        0.747023       -2.104477       -0.353755
     Cl  18       -2.104477        0.487636        0.415614
     Cl  18       -0.353755        0.415614       -1.234660

     H   19       -0.130687       -0.020851        0.274338
     H   19       -0.020851        0.621677       -0.316390
     H   19        0.274338       -0.316390       -0.490990

     C   20       -0.334650       -0.037670       -0.116340
     C   20       -0.037670        0.044622        0.347819
     C   20       -0.116340        0.347819        0.290028

     H   21        0.436399       -0.052877        0.629072
     H   21       -0.052877       -0.172515       -0.351036
     H   21        0.629072       -0.351036       -0.263884

     C   22        0.086094        0.096498        0.293310
     C   22        0.096498        0.121753       -0.211676
     C   22        0.293310       -0.211676       -0.207847

     C   23       -0.015084        0.248746        0.000394
     C   23        0.248746        0.123520       -0.156808
     C   23        0.000394       -0.156808       -0.108436

     Cl  24        0.076809        0.412825       -0.061125
     Cl  24        0.412825        0.310832        0.307929
     Cl  24       -0.061125        0.307929       -0.387641

     ----- total EFG (symmetrized) -----
     Cl   1        2.791964       -0.977377       -1.307477
     Cl   1       -0.977377       -0.347161       -0.706844
     Cl   1       -1.307477       -0.706844       -2.444803

     C    2       -0.327621       -0.066579       -0.228090
     C    2       -0.066579       -0.275306        0.156058
     C    2       -0.228090        0.156058        0.602927

     C    3        0.076503       -0.375629       -0.156698
     C    3       -0.375629       -0.026944       -0.231877
     C    3       -0.156698       -0.231877       -0.049560

     H    4        0.301167        0.308132        0.209896
     H    4        0.308132       -0.472445        0.235351
     H    4        0.209896        0.235351        0.171278

     C    5       -0.750853        0.111275       -0.112458
     C    5        0.111275        0.681632        0.087046
     C    5       -0.112458        0.087046        0.069220

     H    6       -0.057120       -0.179755        0.129092
     H    6       -0.179755        0.257881        0.428224
     H    6        0.129092        0.428224       -0.200761

     H    7       -0.245342        0.081187       -0.112125
     H    7        0.081187        0.136983       -0.226979
     H    7       -0.112125       -0.226979        0.108359

     C    8       -0.158082       -0.165089       -0.011669
     C    8       -0.165089       -0.206690        0.251739
     C    8       -0.011669        0.251739        0.364772

     H    9        0.453664       -0.022726        0.354381
     H    9       -0.022726       -0.259772       -0.358459
     H    9        0.354381       -0.358459       -0.193892

     C   10       -0.368960        0.026255       -0.083298
     C   10        0.026255       -0.016507        0.503592
     C   10       -0.083298        0.503592        0.385466

     C   11       -0.250651        0.251517       -0.079366
     C   11        0.251517        0.075639        0.190770
     C   11       -0.079366        0.190770        0.175012

     Cl  12        0.126315        0.259786       -1.123475
     Cl  12        0.259786        1.264362        1.994393
     Cl  12       -1.123475        1.994393       -1.390677

     H   13       -0.330718        0.055911        0.344619
     H   13        0.055911        0.666998        0.278938
     H   13        0.344619        0.278938       -0.336280

     C   14        0.181764       -0.241242       -0.286932
     C   14       -0.241242       -0.388173       -0.006991
     C   14       -0.286932       -0.006991        0.206408

     H   15        0.627456        0.056455        0.325188
     H   15        0.056455       -0.047240        0.090067
     H   15        0.325188        0.090067       -0.580216

     C   16       -0.473525        0.078083       -0.378372
     C   16        0.078083       -0.129804        0.392890
     C   16       -0.378372        0.392890        0.603328

     C   17        0.140035       -0.596879       -0.176219
     C   17       -0.596879       -0.173840        0.010675
     C   17       -0.176219        0.010675        0.033805

     Cl  18        0.747023       -2.104477       -0.353755
     Cl  18       -2.104477        0.487636        0.415614
     Cl  18       -0.353755        0.415614       -1.234660

     H   19       -0.130687       -0.020851        0.274338
     H   19       -0.020851        0.621677       -0.316390
     H   19        0.274338       -0.316390       -0.490990

     C   20       -0.334650       -0.037670       -0.116340
     C   20       -0.037670        0.044622        0.347819
     C   20       -0.116340        0.347819        0.290028

     H   21        0.436399       -0.052877        0.629072
     H   21       -0.052877       -0.172515       -0.351036
     H   21        0.629072       -0.351036       -0.263884

     C   22        0.086094        0.096498        0.293310
     C   22        0.096498        0.121753       -0.211676
     C   22        0.293310       -0.211676       -0.207847

     C   23       -0.015084        0.248746        0.000394
     C   23        0.248746        0.123520       -0.156808
     C   23        0.000394       -0.156808       -0.108436

     Cl  24        0.076809        0.412825       -0.061125
     Cl  24        0.412825        0.310832        0.307929
     Cl  24       -0.061125        0.307929       -0.387641


     NQR/NMR SPECTROSCOPIC PARAMETERS:
     Cl   1    Vxx=   -0.2083    axis=( -0.137639 -0.918477  0.370749)
     Cl   1    Vyy=   -3.0705    axis=( -0.257423 -0.328277 -0.908828)
     Cl   1    Vzz=    3.2788    axis=(  0.956446 -0.220529 -0.191253)
     Cl   1  Q=        -8.1650 1e-30 m^2  Cq=       -62.9015 MHz  eta= 0.87294

     C    2    Vxx=   -0.2945    axis=(  0.275587 -0.932797  0.232254)
     C    2    Vyy=   -0.3904    axis=( -0.934035 -0.316955 -0.164675)
     C    2    Vzz=    0.6849    axis=( -0.227222  0.171551  0.958614)
     C    2  Q=         1.0000 1e-30 m^2  Cq=         1.6093 MHz  eta= 0.14007

     C    3    Vxx=    0.1119    axis=( -0.410155 -0.317960  0.854795)
     C    3    Vyy=    0.4073    axis=( -0.726897  0.680027 -0.095835)
     C    3    Vzz=   -0.5191    axis=( -0.550812 -0.660655 -0.510041)
     C    3  Q=         1.0000 1e-30 m^2  Cq=        -1.2198 MHz  eta= 0.56897

     H    4    Vxx=    0.0166    axis=( -0.599039  0.007889  0.800681)
     H    4    Vyy=    0.5965    axis=( -0.754337 -0.340948 -0.561008)
     H    4    Vzz=   -0.6131    axis=(  0.268565 -0.940049  0.210192)
     H    4  Q=         1.0000 1e-30 m^2  Cq=        -1.4405 MHz  eta= 0.94598

     C    5    Vxx=    0.0762    axis=( -0.148888 -0.113858  0.982277)
     C    5    Vyy=    0.7001    axis=(  0.066252  0.989969  0.124791)
     C    5    Vzz=   -0.7762    axis=( -0.986632  0.083658 -0.139851)
     C    5  Q=         1.0000 1e-30 m^2  Cq=        -1.8238 MHz  eta= 0.80373

     H    6    Vxx=    0.0148    axis=(  0.906802 -0.063578  0.416735)
     H    6    Vyy=    0.5285    axis=(  0.159472 -0.863362 -0.478721)
     H    6    Vzz=   -0.5433    axis=(  0.390229  0.500563 -0.772760)
     H    6  Q=         1.0000 1e-30 m^2  Cq=        -1.2766 MHz  eta= 0.94549

     H    7    Vxx=   -0.1011    axis=( -0.139759  0.707864  0.692384)
     H    7    Vyy=   -0.2787    axis=(  0.967016 -0.052808  0.249183)
     H    7    Vzz=    0.3797    axis=(  0.212951  0.704372 -0.677135)
     H    7  Q=         1.0000 1e-30 m^2  Cq=         0.8922 MHz  eta= 0.46772

     C    8    Vxx=   -0.0697    axis=(  0.834250 -0.467089  0.293010)
     C    8    Vyy=   -0.3981    axis=(  0.539205  0.802179 -0.256450)
     C    8    Vzz=    0.4679    axis=( -0.115262  0.371936  0.921075)
     C    8  Q=         1.0000 1e-30 m^2  Cq=         1.0993 MHz  eta= 0.70186

     H    9    Vxx=   -0.0075    axis=(  0.445782  0.718437 -0.533972)
     H    9    Vyy=   -0.6366    axis=( -0.218085  0.665715  0.713626)
     H    9    Vzz=    0.6440    axis=(  0.868169 -0.201670  0.453444)
     H    9  Q=         1.0000 1e-30 m^2  Cq=         1.5132 MHz  eta= 0.97686

     C   10    Vxx=   -0.2960    axis=( -0.669497 -0.634152  0.386813)
     C   10    Vyy=   -0.4334    axis=( -0.741163  0.535582 -0.404759)
     C   10    Vzz=    0.7294    axis=( -0.049509  0.557676  0.828581)
     C   10  Q=         1.0000 1e-30 m^2  Cq=         1.7138 MHz  eta= 0.18846

     C   11    Vxx=    0.0907    axis=( -0.536461 -0.517755  0.666438)
     C   11    Vyy=    0.3411    axis=( -0.199628 -0.689424 -0.696307)
     C   11    Vzz=   -0.4318    axis=( -0.819974  0.506582 -0.266491)
     C   11  Q=         1.0000 1e-30 m^2  Cq=        -1.0146 MHz  eta= 0.57998

     Cl  12    Vxx=    0.4960    axis=(  0.924970  0.298343 -0.235418)
     Cl  12    Vyy=    2.3782    axis=(  0.149274 -0.854884 -0.496881)
     Cl  12    Vzz=   -2.8742    axis=( -0.349496  0.424458 -0.835277)
     Cl  12  Q=        -8.1650 1e-30 m^2  Cq=        55.1409 MHz  eta= 0.65483

     H   13    Vxx=   -0.0614    axis=( -0.729782  0.292648 -0.617880)
     H   13    Vyy=   -0.6977    axis=( -0.669434 -0.122340  0.732728)
     H   13    Vzz=    0.7591    axis=(  0.138840  0.948362  0.285190)
     H   13  Q=         1.0000 1e-30 m^2  Cq=         1.7835 MHz  eta= 0.83832

     C   14    Vxx=   -0.0174    axis=( -0.573059  0.386468 -0.722666)
     C   14    Vyy=   -0.4948    axis=(  0.394244  0.903084  0.170325)
     C   14    Vzz=    0.5122    axis=(  0.718454 -0.187300 -0.669883)
     C   14  Q=         1.0000 1e-30 m^2  Cq=         1.2034 MHz  eta= 0.93212

     H   15    Vxx=   -0.0463    axis=(  0.126142 -0.987937 -0.089822)
     H   15    Vyy=   -0.6709    axis=( -0.236430 -0.117877  0.964472)
     H   15    Vzz=    0.7172    axis=( -0.963426 -0.100423 -0.248447)
     H   15  Q=         1.0000 1e-30 m^2  Cq=         1.6851 MHz  eta= 0.87100

     C   16    Vxx=   -0.1772    axis=(  0.478756  0.855236 -0.198402)
     C   16    Vyy=   -0.6747    axis=( -0.844819  0.387279 -0.369183)
     C   16    Vzz=    0.8519    axis=( -0.238902  0.344362  0.907932)
     C   16  Q=         1.0000 1e-30 m^2  Cq=         2.0016 MHz  eta= 0.58390

     C   17    Vxx=    0.0127    axis=(  0.099123 -0.262246  0.959897)
     C   17    Vyy=    0.6361    axis=( -0.780294  0.578141  0.238526)
     C   17    Vzz=   -0.6488    axis=( -0.617508 -0.772645 -0.147322)
     C   17  Q=         1.0000 1e-30 m^2  Cq=        -1.5245 MHz  eta= 0.96088

     Cl  18    Vxx=   -1.2898    axis=(  0.288834  0.119880  0.949844)
     Cl  18    Vyy=   -1.5090    axis=(  0.630167  0.723094 -0.282887)
     Cl  18    Vzz=    2.7988    axis=( -0.720739  0.680268  0.133310)
     Cl  18  Q=        -8.1650 1e-30 m^2  Cq=       -53.6928 MHz  eta= 0.07832

     H   19    Vxx=   -0.0201    axis=(  0.899794  0.216091  0.379046)
     H   19    Vyy=   -0.6955    axis=(  0.421436 -0.205494 -0.883269)
     H   19    Vzz=    0.7156    axis=( -0.112975  0.954503 -0.275971)
     H   19  Q=         1.0000 1e-30 m^2  Cq=         1.6814 MHz  eta= 0.94375

     C   20    Vxx=   -0.1932    axis=(  0.221828  0.815939 -0.533887)
     C   20    Vyy=   -0.3584    axis=( -0.966268  0.110474 -0.232642)
     C   20    Vzz=    0.5516    axis=( -0.130841  0.567484  0.812922)
     C   20  Q=         1.0000 1e-30 m^2  Cq=         1.2959 MHz  eta= 0.29942

     H   21    Vxx=   -0.0887    axis=(  0.410855  0.870877 -0.269763)
     H   21    Vyy=   -0.7685    axis=( -0.400799  0.438294  0.804524)
     H   21    Vzz=    0.8572    axis=(  0.818877 -0.222422  0.529122)
     H   21  Q=         1.0000 1e-30 m^2  Cq=         2.0142 MHz  eta= 0.79300

     C   22    Vxx=    0.1997    axis=(  0.494938  0.863986 -0.092540)
     C   22    Vyy=    0.2782    axis=( -0.725519  0.352294 -0.591195)
     C   22    Vzz=   -0.4779    axis=( -0.478183  0.359745  0.801202)
     C   22  Q=         1.0000 1e-30 m^2  Cq=        -1.1230 MHz  eta= 0.16432

     C   23    Vxx=   -0.0770    axis=(  0.612677 -0.153779  0.775229)
     C   23    Vyy=   -0.2707    axis=(  0.573454 -0.588484 -0.569945)
     C   23    Vzz=    0.3478    axis=( -0.543855 -0.793750  0.272365)
     C   23  Q=         1.0000 1e-30 m^2  Cq=         0.8171 MHz  eta= 0.55705

     Cl  24    Vxx=   -0.0845    axis=(  0.757670 -0.375211 -0.533998)
     Cl  24    Vyy=   -0.5822    axis=(  0.356412 -0.447547  0.820166)
     Cl  24    Vzz=    0.6668    axis=( -0.546724 -0.811738 -0.205363)
     Cl  24  Q=        -8.1650 1e-30 m^2  Cq=       -12.7919 MHz  eta= 0.74640

     Initialization:
     gipaw_setup  :      9.36s CPU     11.42s WALL (       1 calls)

     Linear response

     Apply operators

     Induced current

     Other routines
     efg          :     11.06s CPU     21.70s WALL (       1 calls)

     General routines
     calbec       :      3.32s CPU      4.80s WALL (      16 calls)
     fft          :      1.57s CPU      2.27s WALL (      15 calls)
     ffts         :      0.04s CPU      0.04s WALL (       2 calls)
     fftw         :      5.05s CPU      9.15s WALL (     672 calls)
     davcio       :      0.06s CPU      4.67s WALL (      32 calls)

     Parallel routines
     fft_scatter  :      3.95s CPU      8.59s WALL (     689 calls)

     Plugins

     GIPAW        :     63.77s CPU     86.85s WALL (       1 calls)
