
     Program QE v.6.0 (svn rev. 13079) starts on 17Jan2017 at  1:19:21 

     This program is part of the open-source Quantum ESPRESSO suite
     for quantum simulation of materials; please cite
         "P. Giannozzi et al., J. Phys.:Condens. Matter 21 395502 (2009);
          URL http://www.quantum-espresso.org", 
     in publications or presentations arising from this work. More details at
     http://www.quantum-espresso.org/quote

     Parallel version (MPI), running on     8 processors
     R & G space division:  proc/nbgrp/npool/nimage =       8

     ***** This is GIPAW svn revision unknown      *****

     Parallelizing q-star over 1 images

     Reading data from directory:
     /users/majewski/paradichlorobenzene/pbe/9_constraint/scratch/pbe.ecut100.np8.dt60.pcl2phi-129368.save
     Message from routine read_xml_file:
     file /users/majewski/paradichlorobenzene/pbe/9_constraint/scratch/pbe.ecut100.np8.dt60.pcl2phi-129368.save not guaranteed to be safe for post-processing

   Info: using nr1, nr2, nr3 values from input

   Info: using nr1, nr2, nr3 values from input

     IMPORTANT: XC functional enforced from input :
     Exchange-correlation      =  SLA  PW   PBX  PBC ( 1  4  3  4 0 0)
     Any further DFT definition will be discarded
     Please, verify this is what you really want

               file C.pbe-n-kjpaw_psl.1.0.0.UPF: wavefunction(s)  2S 2P renormalized
               file Cl.pbe-n-kjpaw_psl.1.0.0.UPF: wavefunction(s)  3S 3P renormalized
               file H.pbe-kjpaw_psl.1.0.0.UPF: wavefunction(s)  1S renormalized

     Parallelization info
     --------------------
     sticks:   dense  smooth     PW     G-vecs:    dense   smooth      PW
     Min        3057    1223    332               144436    36536    5170
     Max        3059    1225    333               144437    36537    5171
     Sum       24467    9791   2657              1155489   292295   41363


     Subspace diagonalization in iterative solution of the eigenvalue problem:
     a serial algorithm will be used

     GIPAW projectors -----------------------------------------------
     atom=  C    l=0  rc=    1.2000  rs=    0.8000
     atom=  C    l=0  rc=    1.2000  rs=    0.8000
     atom=  C    l=1  rc=    1.4000  rs=    0.9333
     atom=  C    l=1  rc=    1.4000  rs=    0.9333
     projs nearly linearly dependent: l=1  n1,n2= 1, 2  s=  0.99951561

     atom=  Cl   l=0  rc=    1.6000  rs=    1.0667
     atom=  Cl   l=0  rc=    1.6000  rs=    1.0667
     atom=  Cl   l=1  rc=    1.6000  rs=    1.0667
     atom=  Cl   l=1  rc=    1.6000  rs=    1.0667
     atom=  Cl   l=2  rc=    1.6000  rs=    1.0667
     atom=  Cl   l=2  rc=    1.6000  rs=    1.0667
     projs nearly linearly dependent: l=2  n1,n2= 1, 2  s=  0.99993509

     atom=  H    l=0  rc=    1.0000  rs=    0.6667
     atom=  H    l=0  rc=    1.0000  rs=    0.6667
     projs nearly linearly dependent: l=0  n1,n2= 1, 2  s=  0.99968852
     -----------------------------------------------------------------

     GIPAW integrals: -------------------------------------------
     Atom  i/j   nmr_para   nmr_dia   epr_rmc  epr_para   epr_dia
       C   1 1   0.83E+03  0.17E-01  0.93E+01  0.24E+08  0.24E+03
       C   2 1   0.86E+03 -0.61E-01  0.94E+01  0.25E+08  0.25E+03
       C   2 2   0.90E+03 -0.15E+00  0.97E+01  0.26E+08  0.26E+03
       C   3 3   0.33E+01  0.34E+00  0.18E+01  0.55E+03  0.21E+02
       C   4 3   0.35E+01  0.37E+00  0.20E+01  0.59E+03  0.22E+02
       C   4 4   0.38E+01  0.39E+00  0.22E+01  0.63E+03  0.24E+02
       Cl  1 1   0.14E+04 -0.47E+00  0.84E+01  0.32E+09  0.42E+03
       Cl  2 1   0.21E+04 -0.37E+00  0.12E+02  0.49E+09  0.65E+03
       Cl  2 2   0.33E+04 -0.16E+00  0.21E+02  0.76E+09  0.10E+04
       Cl  3 3   0.21E+02  0.79E-01  0.89E+01  0.23E+05  0.13E+03
       Cl  4 3   0.24E+02  0.67E-01  0.99E+01  0.27E+05  0.15E+03
       Cl  4 4   0.28E+02  0.44E-01  0.11E+02  0.32E+05  0.18E+03
       Cl  5 5   0.77E+00  0.19E+00  0.18E+01  0.12E+03  0.22E+02
       Cl  6 5   0.80E+00  0.19E+00  0.19E+01  0.12E+03  0.23E+02
       Cl  6 6   0.83E+00  0.20E+00  0.19E+01  0.12E+03  0.23E+02
       H   1 1   0.39E+02  0.19E+00  0.29E+00  0.78E+05  0.13E+02
       H   2 1   0.41E+02  0.21E+00  0.32E+00  0.82E+05  0.14E+02
       H   2 2   0.43E+02  0.22E+00  0.36E+00  0.86E+05  0.15E+02
     ------------------------------------------------------------

     alpha_pv=     34.1936 eV

     Number of occupied bands for each k-point:
     k-point:     1    nbnd_occ=  42
     k-point:     2    nbnd_occ=  42
     k-point:     3    nbnd_occ=  42
     k-point:     4    nbnd_occ=  42
     k-point:     5    nbnd_occ=  42
     k-point:     6    nbnd_occ=  42
     k-point:     7    nbnd_occ=  42
     k-point:     8    nbnd_occ=  42
     k-point:     9    nbnd_occ=  42
     k-point:    10    nbnd_occ=  42
     k-point:    11    nbnd_occ=  42
     k-point:    12    nbnd_occ=  42
     k-point:    13    nbnd_occ=  42
     k-point:    14    nbnd_occ=  42
     k-point:    15    nbnd_occ=  42
     k-point:    16    nbnd_occ=  42


     q-space interpolation up to   110.00 Rydberg

     GIPAW job: efg                                                                             


     ELECTRIC FIELD GRADIENTS TENSORS IN Hartree/bohrradius^2:

     ----- bare term -----
     Cl   1       -0.158253        0.275744        0.008947
     Cl   1        0.275744       -0.131927        0.000552
     Cl   1        0.008947        0.000552        0.290180

     C    2        0.223077        0.005980       -0.220036
     C    2        0.005980       -0.214769       -0.605036
     C    2       -0.220036       -0.605036       -0.008308

     C    3       -0.402903        0.140198        0.010982
     C    3        0.140198       -0.201133        0.099599
     C    3        0.010982        0.099599        0.604036

     H    4       -0.034166       -0.338569       -0.129982
     H    4       -0.338569       -0.357123       -0.003492
     H    4       -0.129982       -0.003492        0.391289

     C    5        0.178445       -0.108924       -0.282660
     C    5       -0.108924       -0.258859       -0.188899
     C    5       -0.282660       -0.188899        0.080414

     H    6        0.365822       -0.056989       -0.008430
     H    6       -0.056989       -0.655063        0.068802
     H    6       -0.008430        0.068802        0.289242

     H    7        0.394219        0.093374        0.116762
     H    7        0.093374       -0.337167        0.483842
     H    7        0.116762        0.483842       -0.057052

     C    8       -0.526158       -0.238609       -0.263060
     C    8       -0.238609        0.291057        0.000152
     C    8       -0.263060        0.000152        0.235101

     H    9        0.129978        0.012400       -0.405293
     H    9        0.012400        0.155239       -0.281689
     H    9       -0.405293       -0.281689       -0.285217

     C   10        0.147218       -0.253019       -0.051457
     C   10       -0.253019       -0.125155        0.511937
     C   10       -0.051457        0.511937       -0.022063

     C   11       -0.536092       -0.413135       -0.351867
     C   11       -0.413135        0.238806        0.203135
     C   11       -0.351867        0.203135        0.297287

     Cl  12        0.004575       -0.029309       -0.076264
     Cl  12       -0.029309        0.036160        0.055692
     Cl  12       -0.076264        0.055692       -0.040735

     H   13        0.454587       -0.179029        0.031868
     H   13       -0.179029       -0.565596       -0.091739
     H   13        0.031868       -0.091739        0.111008

     C   14       -0.852784        0.354136       -0.443884
     C   14        0.354136        0.337150       -0.024699
     C   14       -0.443884       -0.024699        0.515634

     H   15       -0.542608       -0.181849        0.188610
     H   15       -0.181849        0.406761       -0.179484
     H   15        0.188610       -0.179484        0.135847

     C   16        0.104541        0.051344       -0.115858
     C   16        0.051344       -0.543408       -0.378068
     C   16       -0.115858       -0.378068        0.438867

     C   17       -0.690638        0.435994       -0.275406
     C   17        0.435994        0.280506       -0.162721
     C   17       -0.275406       -0.162721        0.410132

     Cl  18        0.043566       -0.172857       -0.060594
     Cl  18       -0.172857        0.046938        0.055295
     Cl  18       -0.060594        0.055295       -0.090504

     H   19        0.453549        0.009149        0.012585
     H   19        0.009149       -0.433491        0.637149
     H   19        0.012585        0.637149       -0.020058

     C   20       -0.146060       -0.060422       -0.246668
     C   20       -0.060422       -0.002640        0.420681
     C   20       -0.246668        0.420681        0.148700

     H   21       -0.027466        0.154241       -0.390358
     H   21        0.154241        0.273750        0.460764
     H   21       -0.390358        0.460764       -0.246284

     C   22       -0.748646       -0.340462       -0.264716
     C   22       -0.340462        0.356834        0.128901
     C   22       -0.264716        0.128901        0.391812

     C   23        0.100375       -0.080063       -0.142039
     C   23       -0.080063       -0.019248        0.597890
     C   23       -0.142039        0.597890       -0.081127

     Cl  24       -0.151298       -0.247360       -0.004660
     Cl  24       -0.247360       -0.036513        0.019219
     Cl  24       -0.004660        0.019219        0.187811

     ----- ionic term -----
     Cl   1        0.163227       -0.159459       -0.006418
     Cl   1       -0.159459       -0.006804        0.007811
     Cl   1       -0.006418        0.007811       -0.156423

     C    2        0.323128       -0.041830        0.143128
     C    2       -0.041830        0.192785        0.318133
     C    2        0.143128        0.318133       -0.515913

     C    3        0.261539       -0.208047        0.145356
     C    3       -0.208047        0.222094        0.301417
     C    3        0.145356        0.301417       -0.483633

     H    4        0.631238        0.424568        0.575472
     H    4        0.424568       -0.310043        0.257281
     H    4        0.575472        0.257281       -0.321195

     C    5        0.364504       -0.119997        0.197146
     C    5       -0.119997        0.138980        0.263925
     C    5        0.197146        0.263925       -0.503484

     H    6       -0.529993        0.099338        0.042173
     H    6        0.099338        0.881236        0.527272
     H    6        0.042173        0.527272       -0.351243

     H    7       -0.515359       -0.094441        0.063029
     H    7       -0.094441        0.819575       -0.612835
     H    7        0.063029       -0.612835       -0.304216

     C    8        0.293205        0.194819        0.313632
     C    8        0.194819        0.007214       -0.297031
     C    8        0.313632       -0.297031       -0.300419

     H    9        0.388638       -0.173729        0.779920
     H    9       -0.173729       -0.459813       -0.225132
     H    9        0.779920       -0.225132        0.071175

     C   10        0.144944        0.305061        0.197274
     C   10        0.305061        0.098443       -0.387553
     C   10        0.197274       -0.387553       -0.243386

     C   11        0.150795        0.252998        0.284135
     C   11        0.252998        0.051630       -0.378821
     C   11        0.284135       -0.378821       -0.202425

     Cl  12        0.156967        0.228696        0.020141
     Cl  12        0.228696       -0.015789        0.006534
     Cl  12        0.020141        0.006534       -0.141178

     H   13       -0.517597        0.125017        0.036908
     H   13        0.125017        0.964358        0.438279
     H   13        0.036908        0.438279       -0.446761

     C   14        0.402297       -0.080216        0.160468
     C   14       -0.080216        0.175771        0.232365
     C   14        0.160468        0.232365       -0.578068

     H   15        0.755900        0.477212        0.422074
     H   15        0.477212       -0.264361        0.206073
     H   15        0.422074        0.206073       -0.491539

     C   16        0.249367       -0.210800        0.107988
     C   16       -0.210800        0.329803        0.265708
     C   16        0.107988        0.265708       -0.579170

     C   17        0.277459       -0.110239        0.175034
     C   17       -0.110239        0.259986        0.302817
     C   17        0.175034        0.302817       -0.537445

     Cl  18        0.206422       -0.236806       -0.003163
     Cl  18       -0.236806       -0.038536        0.004461
     Cl  18       -0.003163        0.004461       -0.167886

     H   19       -0.530241        0.006181        0.018107
     H   19        0.006181        0.476318       -0.780164
     H   19        0.018107       -0.780164        0.053923

     C   20        0.269991        0.303220        0.260443
     C   20        0.303220       -0.044558       -0.316192
     C   20        0.260443       -0.316192       -0.225433

     H   21        0.352539       -0.071419        0.797242
     H   21       -0.071419       -0.556569       -0.165408
     H   21        0.797242       -0.165408        0.204030

     C   22        0.149370        0.382694        0.180238
     C   22        0.382694        0.064855       -0.403506
     C   22        0.180238       -0.403506       -0.214225

     C   23        0.211416        0.221902        0.336263
     C   23        0.221902       -0.002144       -0.408276
     C   23        0.336263       -0.408276       -0.209273

     Cl  24        0.156156        0.202305        0.031214
     Cl  24        0.202305        0.009340        0.011737
     Cl  24        0.031214        0.011737       -0.165496

     ----- GIPAW term -----
     Cl   1       -1.008048        0.468122       -0.135073
     Cl   1        0.468122        2.455983       -0.288171
     Cl   1       -0.135073       -0.288171       -1.447935

     C    2       -0.027317       -0.006979       -0.013381
     C    2       -0.006979        0.156614        0.035537
     C    2       -0.013381        0.035537       -0.129297

     C    3       -0.004605       -0.043335        0.012481
     C    3       -0.043335       -0.025162        0.027985
     C    3        0.012481        0.027985        0.029768

     H    4       -0.000000        0.000000        0.000000
     H    4        0.000000        0.000000        0.000000
     H    4        0.000000        0.000000        0.000000

     C    5        0.015764       -0.011620       -0.022070
     C    5       -0.011620        0.041965        0.004180
     C    5       -0.022070        0.004180       -0.057729

     H    6       -0.000000        0.000000        0.000000
     H    6        0.000000        0.000000        0.000000
     H    6        0.000000        0.000000        0.000000

     H    7       -0.000000        0.000000        0.000000
     H    7        0.000000        0.000000        0.000000
     H    7        0.000000        0.000000        0.000000

     C    8       -0.070888       -0.055949       -0.026481
     C    8       -0.055949        0.096062        0.017249
     C    8       -0.026481        0.017249       -0.025173

     H    9       -0.000000        0.000000        0.000000
     H    9        0.000000        0.000000        0.000000
     H    9        0.000000        0.000000        0.000000

     C   10       -0.049203       -0.085693       -0.015594
     C   10       -0.085693        0.144002        0.105814
     C   10       -0.015594        0.105814       -0.094799

     C   11       -0.128430       -0.045441       -0.049606
     C   11       -0.045441        0.225559        0.089951
     C   11       -0.049606        0.089951       -0.097129

     Cl  12       -0.152189        1.424580       -0.345593
     Cl  12        1.424580        2.107848        1.541054
     Cl  12       -0.345593        1.541054       -1.955659

     H   13       -0.000000        0.000000        0.000000
     H   13        0.000000        0.000000        0.000000
     H   13        0.000000        0.000000        0.000000

     C   14       -0.157310        0.011610       -0.053112
     C   14        0.011610        0.065078        0.138205
     C   14       -0.053112        0.138205        0.092232

     H   15       -0.000000        0.000000        0.000000
     H   15        0.000000        0.000000        0.000000
     H   15        0.000000        0.000000        0.000000

     C   16       -0.086895       -0.044929       -0.044314
     C   16       -0.044929       -0.064077        0.155733
     C   16       -0.044314        0.155733        0.150973

     C   17       -0.139644       -0.097622       -0.025077
     C   17       -0.097622        0.255931       -0.001826
     C   17       -0.025077       -0.001826       -0.116287

     Cl  18        1.537940       -3.487811       -0.661091
     Cl  18       -3.487811        0.572752        0.588015
     Cl  18       -0.661091        0.588015       -2.110692

     H   19       -0.000000        0.000000        0.000000
     H   19        0.000000        0.000000        0.000000
     H   19        0.000000        0.000000        0.000000

     C   20       -0.116967       -0.001040       -0.025436
     C   20       -0.001040        0.227725       -0.007966
     C   20       -0.025436       -0.007966       -0.110758

     H   21       -0.000000        0.000000        0.000000
     H   21        0.000000        0.000000        0.000000
     H   21        0.000000        0.000000        0.000000

     C   22       -0.237094        0.003079       -0.044933
     C   22        0.003079        0.316738       -0.034881
     C   22       -0.044933       -0.034881       -0.079644

     C   23       -0.028256       -0.038077       -0.017431
     C   23       -0.038077        0.205207        0.067968
     C   23       -0.017431        0.067968       -0.176952

     Cl  24       -0.699317       -0.652340        0.197639
     Cl  24       -0.652340        2.363174       -0.839220
     Cl  24        0.197639       -0.839220       -1.663857

     ----- total EFG -----
     Cl   1       -1.003074        0.584407       -0.132544
     Cl   1        0.584407        2.317252       -0.279809
     Cl   1       -0.132544       -0.279809       -1.314178

     C    2        0.518889       -0.042829       -0.090289
     C    2       -0.042829        0.134630       -0.251365
     C    2       -0.090289       -0.251365       -0.653519

     C    3       -0.145969       -0.111185        0.168818
     C    3       -0.111185       -0.004201        0.429001
     C    3        0.168818        0.429001        0.150170

     H    4        0.597072        0.086000        0.445490
     H    4        0.086000       -0.667166        0.253788
     H    4        0.445490        0.253788        0.070094

     C    5        0.558713       -0.240540       -0.107584
     C    5       -0.240540       -0.077914        0.079206
     C    5       -0.107584        0.079206       -0.480799

     H    6       -0.164171        0.042349        0.033744
     H    6        0.042349        0.226173        0.596074
     H    6        0.033744        0.596074       -0.062002

     H    7       -0.121140       -0.001066        0.179790
     H    7       -0.001066        0.482408       -0.128993
     H    7        0.179790       -0.128993       -0.361268

     C    8       -0.303842       -0.099739        0.024091
     C    8       -0.099739        0.394333       -0.279629
     C    8        0.024091       -0.279629       -0.090491

     H    9        0.518617       -0.161329        0.374627
     H    9       -0.161329       -0.304574       -0.506821
     H    9        0.374627       -0.506821       -0.214043

     C   10        0.242958       -0.033651        0.130223
     C   10       -0.033651        0.117289        0.230199
     C   10        0.130223        0.230199       -0.360247

     C   11       -0.513727       -0.205579       -0.117338
     C   11       -0.205579        0.515995       -0.085735
     C   11       -0.117338       -0.085735       -0.002268

     Cl  12        0.009353        1.623966       -0.401715
     Cl  12        1.623966        2.128219        1.603280
     Cl  12       -0.401715        1.603280       -2.137572

     H   13       -0.063010       -0.054012        0.068776
     H   13       -0.054012        0.398762        0.346541
     H   13        0.068776        0.346541       -0.335753

     C   14       -0.607797        0.285529       -0.336528
     C   14        0.285529        0.577998        0.345870
     C   14       -0.336528        0.345870        0.029799

     H   15        0.213292        0.295362        0.610684
     H   15        0.295362        0.142400        0.026590
     H   15        0.610684        0.026590       -0.355692

     C   16        0.267012       -0.204384       -0.052184
     C   16       -0.204384       -0.277682        0.043373
     C   16       -0.052184        0.043373        0.010670

     C   17       -0.552823        0.228133       -0.125449
     C   17        0.228133        0.796423        0.138270
     C   17       -0.125449        0.138270       -0.243600

     Cl  18        1.787928       -3.897473       -0.724848
     Cl  18       -3.897473        0.581154        0.647771
     Cl  18       -0.724848        0.647771       -2.369082

     H   19       -0.076692        0.015330        0.030692
     H   19        0.015330        0.042827       -0.143015
     H   19        0.030692       -0.143015        0.033865

     C   20        0.006964        0.241757       -0.011662
     C   20        0.241757        0.180527        0.096523
     C   20       -0.011662        0.096523       -0.187491

     H   21        0.325073        0.082822        0.406884
     H   21        0.082822       -0.282819        0.295356
     H   21        0.406884        0.295356       -0.042255

     C   22       -0.836370        0.045310       -0.129410
     C   22        0.045310        0.738427       -0.309486
     C   22       -0.129410       -0.309486        0.097943

     C   23        0.283536        0.103762        0.176793
     C   23        0.103762        0.183815        0.257582
     C   23        0.176793        0.257582       -0.467351

     Cl  24       -0.694459       -0.697395        0.224193
     Cl  24       -0.697395        2.336001       -0.808265
     Cl  24        0.224193       -0.808265       -1.641543

     ----- total EFG (symmetrized) -----
     Cl   1       -1.003074        0.584407       -0.132544
     Cl   1        0.584407        2.317252       -0.279809
     Cl   1       -0.132544       -0.279809       -1.314178

     C    2        0.518889       -0.042829       -0.090289
     C    2       -0.042829        0.134630       -0.251365
     C    2       -0.090289       -0.251365       -0.653519

     C    3       -0.145969       -0.111185        0.168818
     C    3       -0.111185       -0.004201        0.429001
     C    3        0.168818        0.429001        0.150170

     H    4        0.597072        0.086000        0.445490
     H    4        0.086000       -0.667166        0.253788
     H    4        0.445490        0.253788        0.070094

     C    5        0.558713       -0.240540       -0.107584
     C    5       -0.240540       -0.077914        0.079206
     C    5       -0.107584        0.079206       -0.480799

     H    6       -0.164171        0.042349        0.033744
     H    6        0.042349        0.226173        0.596074
     H    6        0.033744        0.596074       -0.062002

     H    7       -0.121140       -0.001066        0.179790
     H    7       -0.001066        0.482408       -0.128993
     H    7        0.179790       -0.128993       -0.361268

     C    8       -0.303842       -0.099739        0.024091
     C    8       -0.099739        0.394333       -0.279629
     C    8        0.024091       -0.279629       -0.090491

     H    9        0.518617       -0.161329        0.374627
     H    9       -0.161329       -0.304574       -0.506821
     H    9        0.374627       -0.506821       -0.214043

     C   10        0.242958       -0.033651        0.130223
     C   10       -0.033651        0.117289        0.230199
     C   10        0.130223        0.230199       -0.360247

     C   11       -0.513727       -0.205579       -0.117338
     C   11       -0.205579        0.515995       -0.085735
     C   11       -0.117338       -0.085735       -0.002268

     Cl  12        0.009353        1.623966       -0.401715
     Cl  12        1.623966        2.128219        1.603280
     Cl  12       -0.401715        1.603280       -2.137572

     H   13       -0.063010       -0.054012        0.068776
     H   13       -0.054012        0.398762        0.346541
     H   13        0.068776        0.346541       -0.335753

     C   14       -0.607797        0.285529       -0.336528
     C   14        0.285529        0.577998        0.345870
     C   14       -0.336528        0.345870        0.029799

     H   15        0.213292        0.295362        0.610684
     H   15        0.295362        0.142400        0.026590
     H   15        0.610684        0.026590       -0.355692

     C   16        0.267012       -0.204384       -0.052184
     C   16       -0.204384       -0.277682        0.043373
     C   16       -0.052184        0.043373        0.010670

     C   17       -0.552823        0.228133       -0.125449
     C   17        0.228133        0.796423        0.138270
     C   17       -0.125449        0.138270       -0.243600

     Cl  18        1.787928       -3.897473       -0.724848
     Cl  18       -3.897473        0.581154        0.647771
     Cl  18       -0.724848        0.647771       -2.369082

     H   19       -0.076692        0.015330        0.030692
     H   19        0.015330        0.042827       -0.143015
     H   19        0.030692       -0.143015        0.033865

     C   20        0.006964        0.241757       -0.011662
     C   20        0.241757        0.180527        0.096523
     C   20       -0.011662        0.096523       -0.187491

     H   21        0.325073        0.082822        0.406884
     H   21        0.082822       -0.282819        0.295356
     H   21        0.406884        0.295356       -0.042255

     C   22       -0.836370        0.045310       -0.129410
     C   22        0.045310        0.738427       -0.309486
     C   22       -0.129410       -0.309486        0.097943

     C   23        0.283536        0.103762        0.176793
     C   23        0.103762        0.183815        0.257582
     C   23        0.176793        0.257582       -0.467351

     Cl  24       -0.694459       -0.697395        0.224193
     Cl  24       -0.697395        2.336001       -0.808265
     Cl  24        0.224193       -0.808265       -1.641543


     NQR/NMR SPECTROSCOPIC PARAMETERS:
     Cl   1    Vxx=   -1.0764    axis=(  0.934880 -0.185922 -0.302377)
     Cl   1    Vyy=   -1.3644    axis=(  0.311748  0.022707  0.949893)
     Cl   1    Vzz=    2.4408    axis=( -0.169740 -0.982302  0.079190)
     Cl   1  Q=        -8.1650 1e-30 m^2  Cq=       -46.8254 MHz  eta= 0.11797

     C    2    Vxx=    0.2072    axis=(  0.049069  0.957350 -0.284734)
     C    2    Vyy=    0.5274    axis=(  0.995707 -0.069290 -0.061378)
     C    2    Vzz=   -0.7346    axis=(  0.078489  0.280500  0.956640)
     C    2  Q=         1.0000 1e-30 m^2  Cq=        -1.7261 MHz  eta= 0.43592

     C    3    Vxx=   -0.0371    axis=(  0.856084 -0.448796  0.256326)
     C    3    Vyy=   -0.4772    axis=(  0.508257  0.641045 -0.575097)
     C    3    Vzz=    0.5144    axis=(  0.093785  0.622611  0.776891)
     C    3  Q=         1.0000 1e-30 m^2  Cq=         1.2085 MHz  eta= 0.85561

     H    4    Vxx=   -0.1294    axis=( -0.524797  0.293188  0.799143)
     H    4    Vyy=   -0.7483    axis=(  0.044774  0.947020 -0.318037)
     H    4    Vzz=    0.8777    axis=( -0.850049 -0.131124 -0.510121)
     H    4  Q=         1.0000 1e-30 m^2  Cq=         2.0622 MHz  eta= 0.70524

     C    5    Vxx=   -0.1538    axis=(  0.333477  0.935487  0.116868)
     C    5    Vyy=   -0.4999    axis=(  0.066863 -0.147120  0.986856)
     C    5    Vzz=    0.6537    axis=(  0.940384 -0.321280 -0.111610)
     C    5  Q=         1.0000 1e-30 m^2  Cq=         1.5358 MHz  eta= 0.52952

     H    6    Vxx=   -0.1676    axis=( -0.998037  0.049762  0.038037)
     H    6    Vyy=   -0.5312    axis=( -0.000887 -0.618451  0.785823)
     H    6    Vzz=    0.6987    axis=( -0.062628 -0.784246 -0.617281)
     H    6  Q=         1.0000 1e-30 m^2  Cq=         1.6417 MHz  eta= 0.52036

     H    7    Vxx=   -0.0320    axis=( -0.889988 -0.112641 -0.441852)
     H    7    Vyy=   -0.4710    axis=( -0.453564  0.118996  0.883244)
     H    7    Vzz=    0.5030    axis=( -0.046911  0.986485 -0.156995)
     H    7  Q=         1.0000 1e-30 m^2  Cq=         1.1818 MHz  eta= 0.87270

     C    8    Vxx=   -0.2145    axis=( -0.185758  0.384833  0.904101)
     C    8    Vyy=   -0.3196    axis=( -0.975311 -0.184046 -0.122050)
     C    8    Vzz=    0.5341    axis=(  0.119427 -0.904451  0.409519)
     C    8  Q=         1.0000 1e-30 m^2  Cq=         1.2550 MHz  eta= 0.19693

     H    9    Vxx=   -0.0162    axis=(  0.564894  0.626947 -0.536500)
     H    9    Vyy=   -0.7836    axis=( -0.114627  0.703492  0.701399)
     H    9    Vzz=    0.7998    axis=(  0.817163 -0.334718  0.469263)
     H    9  Q=         1.0000 1e-30 m^2  Cq=         1.8793 MHz  eta= 0.95941

     C   10    Vxx=    0.2054    axis=(  0.261729 -0.913494 -0.311491)
     C   10    Vyy=    0.2724    axis=( -0.947820 -0.182407 -0.261467)
     C   10    Vzz=   -0.4778    axis=( -0.182030 -0.363671  0.913569)
     C   10  Q=         1.0000 1e-30 m^2  Cq=        -1.1227 MHz  eta= 0.14017

     C   11    Vxx=    0.0206    axis=( -0.239024  0.068444  0.968599)
     C   11    Vyy=    0.5625    axis=( -0.174619  0.978221 -0.112215)
     C   11    Vzz=   -0.5832    axis=( -0.955184 -0.195958 -0.221866)
     C   11  Q=         1.0000 1e-30 m^2  Cq=        -1.3702 MHz  eta= 0.92925

     Cl  12    Vxx=   -0.3194    axis=(  0.854622 -0.281021 -0.436633)
     Cl  12    Vyy=   -2.9775    axis=( -0.320938  0.375159 -0.869629)
     Cl  12    Vzz=    3.2969    axis=(  0.408190  0.883336  0.230429)
     Cl  12  Q=        -8.1650 1e-30 m^2  Cq=       -63.2492 MHz  eta= 0.80624

     H   13    Vxx=   -0.0476    axis=(  0.980310 -0.032585  0.194759)
     H   13    Vyy=   -0.4899    axis=(  0.193002  0.366628 -0.910129)
     H   13    Vzz=    0.5375    axis=( -0.041748  0.929797  0.365698)
     H   13  Q=         1.0000 1e-30 m^2  Cq=         1.2629 MHz  eta= 0.82306

     C   14    Vxx=    0.1102    axis=( -0.499513 -0.296844  0.813862)
     C   14    Vyy=    0.7558    axis=(  0.094872  0.915066  0.391986)
     C   14    Vzz=   -0.8660    axis=( -0.861096  0.273015 -0.428925)
     C   14  Q=         1.0000 1e-30 m^2  Cq=        -2.0346 MHz  eta= 0.74550

     H   15    Vxx=    0.0422    axis=(  0.271188 -0.894088  0.356461)
     H   15    Vyy=    0.7243    axis=(  0.785700  0.419552  0.454589)
     H   15    Vzz=   -0.7666    axis=( -0.555996  0.156792  0.816263)
     H   15  Q=         1.0000 1e-30 m^2  Cq=        -1.8011 MHz  eta= 0.88987

     C   16    Vxx=    0.0005    axis=(  0.197720  0.007565  0.980229)
     C   16    Vyy=    0.3471    axis=( -0.930129  0.317133  0.185167)
     C   16    Vzz=   -0.3476    axis=( -0.309463 -0.948351  0.069740)
     C   16  Q=         1.0000 1e-30 m^2  Cq=        -0.8166 MHz  eta= 0.99725

     C   17    Vxx=   -0.2016    axis=( -0.362444 -0.046117  0.930864)
     C   17    Vyy=   -0.6449    axis=( -0.919758  0.179086 -0.349247)
     C   17    Vzz=    0.8465    axis=( -0.150599 -0.982752 -0.107325)
     C   17  Q=         1.0000 1e-30 m^2  Cq=         1.9889 MHz  eta= 0.52366

     Cl  18    Vxx=   -2.4915    axis=(  0.144173 -0.025671  0.989220)
     Cl  18    Vyy=   -2.7609    axis=( -0.642071 -0.763088  0.073775)
     Cl  18    Vzz=    5.2524    axis=(  0.752967 -0.645785 -0.126499)
     Cl  18  Q=        -8.1650 1e-30 m^2  Cq=      -100.7644 MHz  eta= 0.05128

     H   19    Vxx=   -0.0554    axis=( -0.832714 -0.410646 -0.371426)
     H   19    Vyy=   -0.1264    axis=( -0.552214  0.566734  0.611451)
     H   19    Vzz=    0.1819    axis=( -0.040590  0.714270 -0.698692)
     H   19  Q=         1.0000 1e-30 m^2  Cq=         0.4273 MHz  eta= 0.39025

     C   20    Vxx=   -0.1135    axis=(  0.701405 -0.378505 -0.603958)
     C   20    Vyy=   -0.2468    axis=( -0.445055  0.429285 -0.785901)
     C   20    Vzz=    0.3603    axis=(  0.556738  0.820029  0.132647)
     C   20  Q=         1.0000 1e-30 m^2  Cq=         0.8465 MHz  eta= 0.37017

     H   21    Vxx=   -0.1261    axis=(  0.573015 -0.646437 -0.503758)
     H   21    Vyy=   -0.5213    axis=(  0.241824  0.720679 -0.649726)
     H   21    Vzz=    0.6474    axis=( -0.783055 -0.250482 -0.569284)
     H   21  Q=         1.0000 1e-30 m^2  Cq=         1.5211 MHz  eta= 0.61053

     C   22    Vxx=   -0.0144    axis=( -0.122949  0.383658  0.915254)
     C   22    Vyy=   -0.8540    axis=(  0.990976 -0.002150  0.134022)
     C   22    Vzz=    0.8684    axis=(  0.053386  0.923473 -0.379931)
     C   22  Q=         1.0000 1e-30 m^2  Cq=         2.0403 MHz  eta= 0.96683

     C   23    Vxx=    0.1342    axis=(  0.660321 -0.740816 -0.123160)
     C   23    Vyy=    0.4440    axis=(  0.734286  0.602507  0.312744)
     C   23    Vzz=   -0.5781    axis=( -0.157481 -0.296946  0.941819)
     C   23  Q=         1.0000 1e-30 m^2  Cq=        -1.3584 MHz  eta= 0.53591

     Cl  24    Vxx=   -0.8451    axis=(  0.973294  0.224975  0.045663)
     Cl  24    Vyy=   -1.8070    axis=( -0.086832  0.176657  0.980435)
     Cl  24    Vzz=    2.6522    axis=(  0.212507 -0.958216  0.191474)
     Cl  24  Q=        -8.1650 1e-30 m^2  Cq=       -50.8806 MHz  eta= 0.36268

     Initialization:
     gipaw_setup  :      9.15s CPU     11.36s WALL (       1 calls)

     Linear response

     Apply operators

     Induced current

     Other routines
     efg          :      9.86s CPU     12.87s WALL (       1 calls)

     General routines
     calbec       :      3.51s CPU      4.76s WALL (      16 calls)
     fft          :      1.99s CPU      3.68s WALL (      15 calls)
     ffts         :      0.04s CPU      0.06s WALL (       2 calls)
     fftw         :      3.49s CPU      4.42s WALL (     672 calls)
     davcio       :      0.03s CPU      0.32s WALL (      32 calls)

     Parallel routines
     fft_scatter  :      2.76s CPU      5.26s WALL (     689 calls)

     Plugins

     GIPAW        :     64.78s CPU     77.83s WALL (       1 calls)
