
     Program QE v.6.0 (svn rev. 13079) starts on  6Jan2017 at 16:37:53 

     This program is part of the open-source Quantum ESPRESSO suite
     for quantum simulation of materials; please cite
         "P. Giannozzi et al., J. Phys.:Condens. Matter 21 395502 (2009);
          URL http://www.quantum-espresso.org", 
     in publications or presentations arising from this work. More details at
     http://www.quantum-espresso.org/quote

     Parallel version (MPI), running on     8 processors
     R & G space division:  proc/nbgrp/npool/nimage =       8

     ***** This is GIPAW svn revision unknown      *****

     Parallelizing q-star over 1 images

     Reading data from directory:
     /users/majewski/paradichlorobenzene/pbe/9_constraint/scratch/pbe.ecut100.np8.dt60.pcl2phi-129368.save
     Message from routine read_xml_file:
     file /users/majewski/paradichlorobenzene/pbe/9_constraint/scratch/pbe.ecut100.np8.dt60.pcl2phi-129368.save not guaranteed to be safe for post-processing

   Info: using nr1, nr2, nr3 values from input

   Info: using nr1, nr2, nr3 values from input

     IMPORTANT: XC functional enforced from input :
     Exchange-correlation      =  SLA  PW   PBX  PBC ( 1  4  3  4 0 0)
     Any further DFT definition will be discarded
     Please, verify this is what you really want

               file C.pbe-n-kjpaw_psl.1.0.0.UPF: wavefunction(s)  2S 2P renormalized
               file Cl.pbe-n-kjpaw_psl.1.0.0.UPF: wavefunction(s)  3S 3P renormalized
               file H.pbe-kjpaw_psl.1.0.0.UPF: wavefunction(s)  1S renormalized

     Parallelization info
     --------------------
     sticks:   dense  smooth     PW     G-vecs:    dense   smooth      PW
     Min        3057    1223    332               144436    36536    5170
     Max        3059    1225    333               144437    36537    5171
     Sum       24467    9791   2657              1155489   292295   41363


     Subspace diagonalization in iterative solution of the eigenvalue problem:
     a serial algorithm will be used

     GIPAW projectors -----------------------------------------------
     atom=  C    l=0  rc=    1.2000  rs=    0.8000
     atom=  C    l=0  rc=    1.2000  rs=    0.8000
     atom=  C    l=1  rc=    1.4000  rs=    0.9333
     atom=  C    l=1  rc=    1.4000  rs=    0.9333
     projs nearly linearly dependent: l=1  n1,n2= 1, 2  s=  0.99951561

     atom=  Cl   l=0  rc=    1.6000  rs=    1.0667
     atom=  Cl   l=0  rc=    1.6000  rs=    1.0667
     atom=  Cl   l=1  rc=    1.6000  rs=    1.0667
     atom=  Cl   l=1  rc=    1.6000  rs=    1.0667
     atom=  Cl   l=2  rc=    1.6000  rs=    1.0667
     atom=  Cl   l=2  rc=    1.6000  rs=    1.0667
     projs nearly linearly dependent: l=2  n1,n2= 1, 2  s=  0.99993509

     atom=  H    l=0  rc=    1.0000  rs=    0.6667
     atom=  H    l=0  rc=    1.0000  rs=    0.6667
     projs nearly linearly dependent: l=0  n1,n2= 1, 2  s=  0.99968852
     -----------------------------------------------------------------

     GIPAW integrals: -------------------------------------------
     Atom  i/j   nmr_para   nmr_dia   epr_rmc  epr_para   epr_dia
       C   1 1   0.83E+03  0.17E-01  0.93E+01  0.24E+08  0.24E+03
       C   2 1   0.86E+03 -0.61E-01  0.94E+01  0.25E+08  0.25E+03
       C   2 2   0.90E+03 -0.15E+00  0.97E+01  0.26E+08  0.26E+03
       C   3 3   0.33E+01  0.34E+00  0.18E+01  0.55E+03  0.21E+02
       C   4 3   0.35E+01  0.37E+00  0.20E+01  0.59E+03  0.22E+02
       C   4 4   0.38E+01  0.39E+00  0.22E+01  0.63E+03  0.24E+02
       Cl  1 1   0.14E+04 -0.47E+00  0.84E+01  0.32E+09  0.42E+03
       Cl  2 1   0.21E+04 -0.37E+00  0.12E+02  0.49E+09  0.65E+03
       Cl  2 2   0.33E+04 -0.16E+00  0.21E+02  0.76E+09  0.10E+04
       Cl  3 3   0.21E+02  0.79E-01  0.89E+01  0.23E+05  0.13E+03
       Cl  4 3   0.24E+02  0.67E-01  0.99E+01  0.27E+05  0.15E+03
       Cl  4 4   0.28E+02  0.44E-01  0.11E+02  0.32E+05  0.18E+03
       Cl  5 5   0.77E+00  0.19E+00  0.18E+01  0.12E+03  0.22E+02
       Cl  6 5   0.80E+00  0.19E+00  0.19E+01  0.12E+03  0.23E+02
       Cl  6 6   0.83E+00  0.20E+00  0.19E+01  0.12E+03  0.23E+02
       H   1 1   0.39E+02  0.19E+00  0.29E+00  0.78E+05  0.13E+02
       H   2 1   0.41E+02  0.21E+00  0.32E+00  0.82E+05  0.14E+02
       H   2 2   0.43E+02  0.22E+00  0.36E+00  0.86E+05  0.15E+02
     ------------------------------------------------------------

     alpha_pv=     34.3091 eV

     Number of occupied bands for each k-point:
     k-point:     1    nbnd_occ=  42
     k-point:     2    nbnd_occ=  42
     k-point:     3    nbnd_occ=  42
     k-point:     4    nbnd_occ=  42
     k-point:     5    nbnd_occ=  42
     k-point:     6    nbnd_occ=  42
     k-point:     7    nbnd_occ=  42
     k-point:     8    nbnd_occ=  42
     k-point:     9    nbnd_occ=  42
     k-point:    10    nbnd_occ=  42
     k-point:    11    nbnd_occ=  42
     k-point:    12    nbnd_occ=  42
     k-point:    13    nbnd_occ=  42
     k-point:    14    nbnd_occ=  42
     k-point:    15    nbnd_occ=  42
     k-point:    16    nbnd_occ=  42


     q-space interpolation up to   110.00 Rydberg

     GIPAW job: efg                                                                             


     ELECTRIC FIELD GRADIENTS TENSORS IN Hartree/bohrradius^2:

     ----- bare term -----
     Cl   1       -0.098598        0.117784        0.085590
     Cl   1        0.117784       -0.068107       -0.053547
     Cl   1        0.085590       -0.053547        0.166705

     C    2       -0.122749        0.045462       -0.507996
     C    2        0.045462       -0.057731       -0.480452
     C    2       -0.507996       -0.480452        0.180481

     C    3       -0.084854        0.453512       -0.257126
     C    3        0.453512       -0.298779       -0.496534
     C    3       -0.257126       -0.496534        0.383633

     H    4       -0.316712       -0.197434       -0.511885
     H    4       -0.197434        0.349333       -0.194109
     H    4       -0.511885       -0.194109       -0.032621

     C    5       -0.349105        0.236023       -0.466942
     C    5        0.236023        0.005719       -0.422047
     C    5       -0.466942       -0.422047        0.343386

     H    6        0.288900        0.026859        0.182206
     H    6        0.026859       -0.200972       -0.518026
     H    6        0.182206       -0.518026       -0.087928

     H    7        0.443030        0.024262       -0.071817
     H    7        0.024262       -0.662970        0.191835
     H    7       -0.071817        0.191835        0.219940

     C    8       -0.509866       -0.058606       -0.334938
     C    8       -0.058606       -0.054302        0.419771
     C    8       -0.334938        0.419771        0.564168

     H    9       -0.437375        0.417759       -0.104486
     H    9        0.417759        0.272886       -0.024995
     H    9       -0.104486       -0.024995        0.164489

     C   10       -0.175148       -0.361734       -0.079059
     C   10       -0.361734       -0.402453        0.528343
     C   10       -0.079059        0.528343        0.577601

     C   11       -0.041882        0.048111       -0.538136
     C   11        0.048111       -0.245577        0.524740
     C   11       -0.538136        0.524740        0.287459

     Cl  12       -0.165568       -0.081984       -0.088780
     Cl  12       -0.081984       -0.126578        0.026908
     Cl  12       -0.088780        0.026908        0.292146

     H   13        0.371026       -0.361627        0.122100
     H   13       -0.361627       -0.649026        0.071398
     H   13        0.122100        0.071398        0.278000

     C   14       -0.153709        0.376588       -0.295726
     C   14        0.376588       -0.245501       -0.305567
     C   14       -0.295726       -0.305567        0.399210

     H   15       -0.590410       -0.285623        0.195769
     H   15       -0.285623        0.393117       -0.052817
     H   15        0.195769       -0.052817        0.197293

     C   16       -0.134819        0.175269       -0.309076
     C   16        0.175269       -0.286184       -0.457735
     C   16       -0.309076       -0.457735        0.421003

     C   17       -0.158493        0.255689       -0.326702
     C   17        0.255689       -0.178578       -0.514984
     C   17       -0.326702       -0.514984        0.337071

     Cl  18       -0.034030        0.028688        0.031112
     Cl  18        0.028688        0.003046        0.069487
     Cl  18        0.031112        0.069487        0.030984

     H   19        0.333227        0.262620        0.016101
     H   19        0.262620       -0.601731        0.277376
     H   19        0.016101        0.277376        0.268504

     C   20       -0.310842       -0.345506       -0.387559
     C   20       -0.345506       -0.181563        0.361057
     C   20       -0.387559        0.361057        0.492405

     H   21       -0.487148        0.450755       -0.109530
     H   21        0.450755        0.228756        0.000362
     H   21       -0.109530        0.000362        0.258393

     C   22       -0.106054       -0.157889       -0.349707
     C   22       -0.157889       -0.322454        0.510439
     C   22       -0.349707        0.510439        0.428508

     C   23       -0.234792       -0.205038       -0.315827
     C   23       -0.205038       -0.129082        0.426633
     C   23       -0.315827        0.426633        0.363874

     Cl  24        0.105672        0.121720        0.004431
     Cl  24        0.121720       -0.016433        0.005621
     Cl  24        0.004431        0.005621       -0.089239

     ----- ionic term -----
     Cl   1        0.169357       -0.214069       -0.036022
     Cl   1       -0.214069       -0.022587        0.027280
     Cl   1       -0.036022        0.027280       -0.146770

     C    2        0.298243       -0.148531        0.148664
     C    2       -0.148531        0.070850        0.420801
     C    2        0.148664        0.420801       -0.369093

     C    3        0.179113       -0.237375        0.167252
     C    3       -0.237375        0.145587        0.396764
     C    3        0.167252        0.396764       -0.324700

     H    4        0.612685        0.349835        0.667523
     H    4        0.349835       -0.421249        0.269149
     H    4        0.667523        0.269149       -0.191436

     C    5        0.299833       -0.236497        0.261857
     C    5       -0.236497        0.047713        0.299311
     C    5        0.261857        0.299311       -0.347546

     H    6       -0.519196        0.020735        0.048472
     H    6        0.020735        0.664162        0.706988
     H    6        0.048472        0.706988       -0.144966

     H    7       -0.499008       -0.079141        0.041483
     H    7       -0.079141        0.676953       -0.680768
     H    7        0.041483       -0.680768       -0.177944

     C    8        0.361401        0.123663        0.236208
     C    8        0.123663        0.113782       -0.268919
     C    8        0.236208       -0.268919       -0.475183

     H    9        0.734973       -0.429592        0.522467
     H    9       -0.429592       -0.306271       -0.224880
     H    9        0.522467       -0.224880       -0.428703

     C   10        0.147265        0.150947        0.191927
     C   10        0.150947        0.389816       -0.313699
     C   10        0.191927       -0.313699       -0.537081

     C   11        0.182829        0.077400        0.320796
     C   11        0.077400        0.291404       -0.322094
     C   11        0.320796       -0.322094       -0.474232

     Cl  12        0.150014        0.200899        0.048272
     Cl  12        0.200899        0.005767        0.019800
     Cl  12        0.048272        0.019800       -0.155782

     H   13       -0.509677        0.088255        0.009099
     H   13        0.088255        0.818558        0.588447
     H   13        0.009099        0.588447       -0.308880

     C   14        0.310420       -0.166549        0.173911
     C   14       -0.166549        0.151949        0.283406
     C   14        0.173911        0.283406       -0.462369

     H   15        0.868125        0.297460        0.469849
     H   15        0.297460       -0.434340        0.165367
     H   15        0.469849        0.165367       -0.433785

     C   16        0.185670       -0.232845        0.134347
     C   16       -0.232845        0.290379        0.356524
     C   16        0.134347        0.356524       -0.476049

     C   17        0.130850       -0.194410        0.279567
     C   17       -0.194410        0.275187        0.369048
     C   17        0.279567        0.369048       -0.406037

     Cl  18        0.098111       -0.226520        0.003169
     Cl  18       -0.226520        0.079405        0.000915
     Cl  18        0.003169        0.000915       -0.177516

     H   19       -0.528622       -0.060849        0.043625
     H   19       -0.060849        0.651472       -0.696173
     H   19        0.043625       -0.696173       -0.122850

     C   20        0.248178        0.149195        0.280985
     C   20        0.149195        0.125164       -0.291354
     C   20        0.280985       -0.291354       -0.373341

     H   21        0.635737       -0.448029        0.550869
     H   21       -0.448029       -0.297832       -0.271302
     H   21        0.550869       -0.271302       -0.337905

     C   22        0.122227        0.183356        0.186983
     C   22        0.183356        0.296875       -0.370046
     C   22        0.186983       -0.370046       -0.419101

     C   23        0.296334        0.095416        0.232341
     C   23        0.095416        0.164340       -0.359942
     C   23        0.232341       -0.359942       -0.460675

     Cl  24        0.157322        0.199334        0.010408
     Cl  24        0.199334       -0.000170        0.004994
     Cl  24        0.010408        0.004994       -0.157152

     ----- GIPAW term -----
     Cl   1        0.966501       -1.880107        0.670484
     Cl   1       -1.880107       -0.425009       -0.415540
     Cl   1        0.670484       -0.415540       -0.541492

     C    2        0.112977       -0.044568       -0.128603
     C    2       -0.044568       -0.003830       -0.094111
     C    2       -0.128603       -0.094111       -0.109147

     C    3        0.018078        0.125819       -0.123067
     C    3        0.125819       -0.071486       -0.113071
     C    3       -0.123067       -0.113071        0.053408

     H    4       -0.000000        0.000000        0.000000
     H    4        0.000000        0.000000        0.000000
     H    4        0.000000        0.000000        0.000000

     C    5       -0.028589        0.096192       -0.164716
     C    5        0.096192       -0.042717       -0.144332
     C    5       -0.164716       -0.144332        0.071306

     H    6       -0.000000        0.000000        0.000000
     H    6        0.000000        0.000000        0.000000
     H    6        0.000000        0.000000        0.000000

     H    7       -0.000000        0.000000        0.000000
     H    7        0.000000        0.000000        0.000000
     H    7        0.000000        0.000000        0.000000

     C    8       -0.158628        0.013931       -0.013435
     C    8        0.013931       -0.064792        0.175406
     C    8       -0.013435        0.175406        0.223420

     H    9       -0.000000        0.000000        0.000000
     H    9        0.000000        0.000000        0.000000
     H    9        0.000000        0.000000        0.000000

     C   10       -0.086296       -0.045019        0.027751
     C   10       -0.045019       -0.114972        0.110570
     C   10        0.027751        0.110570        0.201268

     C   11        0.078580        0.108388       -0.197747
     C   11        0.108388       -0.099875        0.104255
     C   11       -0.197747        0.104255        0.021295

     Cl  12       -0.217570        1.617126       -0.810432
     Cl  12        1.617126       -1.186282        0.320258
     Cl  12       -0.810432        0.320258        1.403852

     H   13       -0.000000        0.000000        0.000000
     H   13        0.000000        0.000000        0.000000
     H   13        0.000000        0.000000        0.000000

     C   14        0.038788        0.152593       -0.166352
     C   14        0.152593       -0.087805       -0.138102
     C   14       -0.166352       -0.138102        0.049018

     H   15       -0.000000        0.000000        0.000000
     H   15        0.000000        0.000000        0.000000
     H   15        0.000000        0.000000        0.000000

     C   16       -0.048128        0.066417       -0.197413
     C   16        0.066417       -0.101501       -0.139890
     C   16       -0.197413       -0.139890        0.149629

     C   17        0.095397       -0.023073       -0.145418
     C   17       -0.023073       -0.073385       -0.110275
     C   17       -0.145418       -0.110275       -0.022012

     Cl  18        1.102715       -1.972198        0.223701
     Cl  18       -1.972198        0.146545        0.556132
     Cl  18        0.223701        0.556132       -1.249260

     H   19       -0.000000        0.000000        0.000000
     H   19        0.000000        0.000000        0.000000
     H   19        0.000000        0.000000        0.000000

     C   20       -0.024732       -0.118087       -0.170899
     C   20       -0.118087       -0.094028        0.138772
     C   20       -0.170899        0.138772        0.118760

     H   21       -0.000000        0.000000        0.000000
     H   21        0.000000        0.000000        0.000000
     H   21        0.000000        0.000000        0.000000

     C   22       -0.019829        0.000903       -0.161417
     C   22        0.000903       -0.093751        0.069632
     C   22       -0.161417        0.069632        0.113580

     C   23        0.071399        0.116175       -0.080942
     C   23        0.116175       -0.028621        0.050617
     C   23       -0.080942        0.050617       -0.042779

     Cl  24        2.130381        2.894232        0.096750
     Cl  24        2.894232       -0.113426        0.098239
     Cl  24        0.096750        0.098239       -2.016955

     ----- total EFG -----
     Cl   1        1.037259       -1.976392        0.720053
     Cl   1       -1.976392       -0.515704       -0.441806
     Cl   1        0.720053       -0.441806       -0.521556

     C    2        0.288470       -0.147637       -0.487935
     C    2       -0.147637        0.009288       -0.153761
     C    2       -0.487935       -0.153761       -0.297759

     C    3        0.112338        0.341956       -0.212940
     C    3        0.341956       -0.224678       -0.212841
     C    3       -0.212940       -0.212841        0.112340

     H    4        0.295973        0.152401        0.155638
     H    4        0.152401       -0.071917        0.075040
     H    4        0.155638        0.075040       -0.224057

     C    5       -0.077861        0.095718       -0.369801
     C    5        0.095718        0.010715       -0.267068
     C    5       -0.369801       -0.267068        0.067146

     H    6       -0.230296        0.047594        0.230678
     H    6        0.047594        0.463190        0.188962
     H    6        0.230678        0.188962       -0.232894

     H    7       -0.055978       -0.054879       -0.030334
     H    7       -0.054879        0.013983       -0.488933
     H    7       -0.030334       -0.488933        0.041995

     C    8       -0.307093        0.078988       -0.112165
     C    8        0.078988       -0.005312        0.326258
     C    8       -0.112165        0.326258        0.312405

     H    9        0.297599       -0.011833        0.417982
     H    9       -0.011833       -0.033385       -0.249875
     H    9        0.417982       -0.249875       -0.264214

     C   10       -0.114180       -0.255807        0.140619
     C   10       -0.255807       -0.127609        0.325215
     C   10        0.140619        0.325215        0.241789

     C   11        0.219526        0.233899       -0.415088
     C   11        0.233899       -0.054048        0.306900
     C   11       -0.415088        0.306900       -0.165478

     Cl  12       -0.233124        1.736041       -0.850940
     Cl  12        1.736041       -1.307093        0.366966
     Cl  12       -0.850940        0.366966        1.540217

     H   13       -0.138651       -0.273372        0.131199
     H   13       -0.273372        0.169532        0.659845
     H   13        0.131199        0.659845       -0.030880

     C   14        0.195499        0.362631       -0.288167
     C   14        0.362631       -0.181357       -0.160263
     C   14       -0.288167       -0.160263       -0.014142

     H   15        0.277715        0.011838        0.665619
     H   15        0.011838       -0.041223        0.112550
     H   15        0.665619        0.112550       -0.236492

     C   16        0.002723        0.008841       -0.372142
     C   16        0.008841       -0.097306       -0.241101
     C   16       -0.372142       -0.241101        0.094583

     C   17        0.067754        0.038206       -0.192553
     C   17        0.038206        0.023224       -0.256211
     C   17       -0.192553       -0.256211       -0.090978

     Cl  18        1.166796       -2.170030        0.257982
     Cl  18       -2.170030        0.228996        0.626533
     Cl  18        0.257982        0.626533       -1.395792

     H   19       -0.195395        0.201771        0.059726
     H   19        0.201771        0.049741       -0.418797
     H   19        0.059726       -0.418797        0.145654

     C   20       -0.087396       -0.314398       -0.277473
     C   20       -0.314398       -0.150427        0.208475
     C   20       -0.277473        0.208475        0.237823

     H   21        0.148589        0.002726        0.441339
     H   21        0.002726       -0.069076       -0.270940
     H   21        0.441339       -0.270940       -0.079512

     C   22       -0.003657        0.026370       -0.324140
     C   22        0.026370       -0.119330        0.210025
     C   22       -0.324140        0.210025        0.122987

     C   23        0.132942        0.006554       -0.164427
     C   23        0.006554        0.006637        0.117307
     C   23       -0.164427        0.117307       -0.139579

     Cl  24        2.393376        3.215287        0.111589
     Cl  24        3.215287       -0.130030        0.108854
     Cl  24        0.111589        0.108854       -2.263346

     ----- total EFG (symmetrized) -----
     Cl   1        1.037259       -1.976392        0.720053
     Cl   1       -1.976392       -0.515704       -0.441806
     Cl   1        0.720053       -0.441806       -0.521556

     C    2        0.288470       -0.147637       -0.487935
     C    2       -0.147637        0.009288       -0.153761
     C    2       -0.487935       -0.153761       -0.297759

     C    3        0.112338        0.341956       -0.212940
     C    3        0.341956       -0.224678       -0.212841
     C    3       -0.212940       -0.212841        0.112340

     H    4        0.295973        0.152401        0.155638
     H    4        0.152401       -0.071917        0.075040
     H    4        0.155638        0.075040       -0.224057

     C    5       -0.077861        0.095718       -0.369801
     C    5        0.095718        0.010715       -0.267068
     C    5       -0.369801       -0.267068        0.067146

     H    6       -0.230296        0.047594        0.230678
     H    6        0.047594        0.463190        0.188962
     H    6        0.230678        0.188962       -0.232894

     H    7       -0.055978       -0.054879       -0.030334
     H    7       -0.054879        0.013983       -0.488933
     H    7       -0.030334       -0.488933        0.041995

     C    8       -0.307093        0.078988       -0.112165
     C    8        0.078988       -0.005312        0.326258
     C    8       -0.112165        0.326258        0.312405

     H    9        0.297599       -0.011833        0.417982
     H    9       -0.011833       -0.033385       -0.249875
     H    9        0.417982       -0.249875       -0.264214

     C   10       -0.114180       -0.255807        0.140619
     C   10       -0.255807       -0.127609        0.325215
     C   10        0.140619        0.325215        0.241789

     C   11        0.219526        0.233899       -0.415088
     C   11        0.233899       -0.054048        0.306900
     C   11       -0.415088        0.306900       -0.165478

     Cl  12       -0.233124        1.736041       -0.850940
     Cl  12        1.736041       -1.307093        0.366966
     Cl  12       -0.850940        0.366966        1.540217

     H   13       -0.138651       -0.273372        0.131199
     H   13       -0.273372        0.169532        0.659845
     H   13        0.131199        0.659845       -0.030880

     C   14        0.195499        0.362631       -0.288167
     C   14        0.362631       -0.181357       -0.160263
     C   14       -0.288167       -0.160263       -0.014142

     H   15        0.277715        0.011838        0.665619
     H   15        0.011838       -0.041223        0.112550
     H   15        0.665619        0.112550       -0.236492

     C   16        0.002723        0.008841       -0.372142
     C   16        0.008841       -0.097306       -0.241101
     C   16       -0.372142       -0.241101        0.094583

     C   17        0.067754        0.038206       -0.192553
     C   17        0.038206        0.023224       -0.256211
     C   17       -0.192553       -0.256211       -0.090978

     Cl  18        1.166796       -2.170030        0.257982
     Cl  18       -2.170030        0.228996        0.626533
     Cl  18        0.257982        0.626533       -1.395792

     H   19       -0.195395        0.201771        0.059726
     H   19        0.201771        0.049741       -0.418797
     H   19        0.059726       -0.418797        0.145654

     C   20       -0.087396       -0.314398       -0.277473
     C   20       -0.314398       -0.150427        0.208475
     C   20       -0.277473        0.208475        0.237823

     H   21        0.148589        0.002726        0.441339
     H   21        0.002726       -0.069076       -0.270940
     H   21        0.441339       -0.270940       -0.079512

     C   22       -0.003657        0.026370       -0.324140
     C   22        0.026370       -0.119330        0.210025
     C   22       -0.324140        0.210025        0.122987

     C   23        0.132942        0.006554       -0.164427
     C   23        0.006554        0.006637        0.117307
     C   23       -0.164427        0.117307       -0.139579

     Cl  24        2.393376        3.215287        0.111589
     Cl  24        3.215287       -0.130030        0.108854
     Cl  24        0.111589        0.108854       -2.263346


     NQR/NMR SPECTROSCOPIC PARAMETERS:
     Cl   1    Vxx=   -0.7475    axis=( -0.195151  0.175341  0.964972)
     Cl   1    Vyy=   -1.8641    axis=( -0.568473 -0.821983  0.034393)
     Cl   1    Vzz=    2.6115    axis=(  0.799221 -0.541849  0.260087)
     Cl   1  Q=        -8.1650 1e-30 m^2  Cq=       -50.1007 MHz  eta= 0.42757

     C    2    Vxx=    0.0699    axis=(  0.061708 -0.947324  0.314277)
     C    2    Vyy=    0.5699    axis=(  0.874718 -0.100317 -0.474136)
     C    2    Vzz=   -0.6398    axis=(  0.480687  0.304162  0.822451)
     C    2  Q=         1.0000 1e-30 m^2  Cq=        -1.5033 MHz  eta= 0.78144

     C    3    Vxx=   -0.0844    axis=(  0.570408  0.171901  0.803172)
     C    3    Vyy=   -0.4478    axis=( -0.472985  0.868192  0.150094)
     C    3    Vzz=    0.5322    axis=( -0.671506 -0.465503  0.576530)
     C    3  Q=         1.0000 1e-30 m^2  Cq=         1.2505 MHz  eta= 0.68267

     H    4    Vxx=   -0.1249    axis=(  0.374063 -0.920886 -0.109751)
     H    4    Vyy=   -0.2735    axis=(  0.208497  0.198818 -0.957601)
     H    4    Vzz=    0.3984    axis=(  0.903662  0.335321  0.266373)
     H    4  Q=         1.0000 1e-30 m^2  Cq=         0.9361 MHz  eta= 0.37310

     C    5    Vxx=   -0.1056    axis=( -0.520479  0.835288  0.177188)
     C    5    Vyy=   -0.4101    axis=( -0.677749 -0.277908 -0.680752)
     C    5    Vzz=    0.5156    axis=( -0.519381 -0.474406  0.710761)
     C    5  Q=         1.0000 1e-30 m^2  Cq=         1.2115 MHz  eta= 0.59048

     H    6    Vxx=   -0.0525    axis=( -0.726608  0.294500 -0.620733)
     H    6    Vyy=   -0.4738    axis=( -0.671545 -0.113557  0.732211)
     H    6    Vzz=    0.5263    axis=(  0.145148  0.948881  0.280282)
     H    6  Q=         1.0000 1e-30 m^2  Cq=         1.2366 MHz  eta= 0.80041

     H    7    Vxx=   -0.0476    axis=( -0.989055  0.083637  0.121550)
     H    7    Vyy=   -0.4700    axis=( -0.144681 -0.711296 -0.687841)
     H    7    Vzz=    0.5176    axis=(  0.028929 -0.697899  0.715612)
     H    7  Q=         1.0000 1e-30 m^2  Cq=         1.2162 MHz  eta= 0.81604

     C    8    Vxx=   -0.1240    axis=( -0.558571 -0.726781  0.399734)
     C    8    Vyy=   -0.3959    axis=( -0.826830  0.449556 -0.338011)
     C    8    Vzz=    0.5199    axis=( -0.065957  0.519315  0.852034)
     C    8  Q=         1.0000 1e-30 m^2  Cq=         1.2217 MHz  eta= 0.52283

     H    9    Vxx=    0.0241    axis=(  0.381450  0.896779 -0.224240)
     H    9    Vyy=    0.5506    axis=( -0.835300  0.230486 -0.499150)
     H    9    Vzz=   -0.5747    axis=( -0.395943  0.377709  0.836998)
     H    9  Q=         1.0000 1e-30 m^2  Cq=        -1.3503 MHz  eta= 0.91626

     C   10    Vxx=    0.0933    axis=(  0.814712 -0.492239  0.306504)
     C   10    Vyy=    0.4312    axis=( -0.016586  0.508581  0.860855)
     C   10    Vzz=   -0.5245    axis=( -0.579628 -0.706432  0.406183)
     C   10  Q=         1.0000 1e-30 m^2  Cq=        -1.2323 MHz  eta= 0.64431

     C   11    Vxx=    0.1834    axis=(  0.209011  0.844075  0.493813)
     C   11    Vyy=    0.4873    axis=( -0.858230 -0.083738  0.506388)
     C   11    Vzz=   -0.6707    axis=(  0.468781 -0.529646  0.706909)
     C   11  Q=         1.0000 1e-30 m^2  Cq=        -1.5758 MHz  eta= 0.45304

     Cl  12    Vxx=    0.8097    axis=(  0.650447  0.611539  0.450488)
     Cl  12    Vyy=    1.9293    axis=( -0.463867 -0.149819  0.873145)
     Cl  12    Vzz=   -2.7390    axis=(  0.601454 -0.776901  0.186223)
     Cl  12  Q=        -8.1650 1e-30 m^2  Cq=        52.5472 MHz  eta= 0.40875

     H   13    Vxx=   -0.0239    axis=(  0.891046 -0.172702  0.419775)
     H   13    Vyy=   -0.7306    axis=(  0.430442  0.615016 -0.660662)
     H   13    Vzz=    0.7545    axis=( -0.144070  0.769369  0.622346)
     H   13  Q=         1.0000 1e-30 m^2  Cq=         1.7727 MHz  eta= 0.93676

     C   14    Vxx=   -0.1920    axis=(  0.379387  0.292196  0.877888)
     C   14    Vyy=   -0.4022    axis=(  0.535335 -0.843200  0.049300)
     C   14    Vzz=    0.5942    axis=(  0.754640  0.451260 -0.476322)
     C   14  Q=         1.0000 1e-30 m^2  Cq=         1.3962 MHz  eta= 0.35373

     H   15    Vxx=   -0.0369    axis=(  0.150800 -0.987103 -0.053724)
     H   15    Vyy=   -0.7042    axis=(  0.555314  0.129546 -0.821489)
     H   15    Vzz=    0.7411    axis=(  0.817854  0.094047  0.567688)
     H   15  Q=         1.0000 1e-30 m^2  Cq=         1.7413 MHz  eta= 0.90040

     C   16    Vxx=   -0.0742    axis=(  0.572294 -0.814054  0.098969)
     C   16    Vyy=   -0.4121    axis=(  0.577866  0.485964  0.655675)
     C   16    Vzz=    0.4863    axis=( -0.581850 -0.318048  0.748529)
     C   16  Q=         1.0000 1e-30 m^2  Cq=         1.1426 MHz  eta= 0.69480

     C   17    Vxx=    0.0140    axis=(  0.777137 -0.622350  0.093474)
     C   17    Vyy=    0.3258    axis=( -0.539717 -0.582694  0.607597)
     C   17    Vzz=   -0.3398    axis=( -0.323672 -0.522636 -0.788726)
     C   17  Q=         1.0000 1e-30 m^2  Cq=        -0.7983 MHz  eta= 0.91761

     Cl  18    Vxx=   -0.8118    axis=(  0.453125  0.500823  0.737465)
     Cl  18    Vyy=   -2.1150    axis=( -0.443656 -0.590844  0.673849)
     Cl  18    Vzz=    2.9268    axis=( -0.773205  0.632519  0.045533)
     Cl  18  Q=        -8.1650 1e-30 m^2  Cq=       -56.1490 MHz  eta= 0.44527

     H   19    Vxx=   -0.0677    axis=( -0.796690 -0.360677 -0.484971)
     H   19    Vyy=   -0.4633    axis=(  0.590235 -0.636935 -0.495920)
     H   19    Vzz=    0.5310    axis=( -0.130029 -0.681341  0.720324)
     H   19  Q=         1.0000 1e-30 m^2  Cq=         1.2476 MHz  eta= 0.74504

     C   20    Vxx=   -0.1273    axis=( -0.492412  0.539992 -0.682597)
     C   20    Vyy=   -0.4369    axis=( -0.695261 -0.715836 -0.064739)
     C   20    Vzz=    0.5642    axis=( -0.523586  0.442705  0.727922)
     C   20  Q=         1.0000 1e-30 m^2  Cq=         1.3256 MHz  eta= 0.54887

     H   21    Vxx=   -0.0095    axis=(  0.493324  0.850594 -0.181992)
     H   21    Vyy=   -0.5288    axis=( -0.490188  0.444690  0.749644)
     H   21    Vzz=    0.5383    axis=(  0.718573 -0.280607  0.636327)
     H   21  Q=         1.0000 1e-30 m^2  Cq=         1.2649 MHz  eta= 0.96461

     C   22    Vxx=   -0.0562    axis=(  0.597802  0.785338  0.160863)
     C   22    Vyy=   -0.3746    axis=( -0.568630  0.556858 -0.605449)
     C   22    Vzz=    0.4308    axis=( -0.565060  0.270467  0.779458)
     C   22  Q=         1.0000 1e-30 m^2  Cq=         1.0123 MHz  eta= 0.73895

     C   23    Vxx=    0.0412    axis=(  0.371812  0.895894  0.243166)
     C   23    Vyy=    0.2206    axis=(  0.855266 -0.228747 -0.464968)
     C   23    Vzz=   -0.2618    axis=( -0.360939  0.380852 -0.851278)
     C   23  Q=         1.0000 1e-30 m^2  Cq=        -0.6151 MHz  eta= 0.68525

     Cl  24    Vxx=   -2.2558    axis=(  0.229465 -0.299657 -0.926041)
     Cl  24    Vyy=   -2.3333    axis=(  0.514903 -0.770018  0.376758)
     Cl  24    Vzz=    4.5891    axis=(  0.825967  0.563274  0.022398)
     Cl  24  Q=        -8.1650 1e-30 m^2  Cq=       -88.0394 MHz  eta= 0.01690

     Initialization:
     gipaw_setup  :      9.28s CPU     10.82s WALL (       1 calls)

     Linear response

     Apply operators

     Induced current

     Other routines
     efg          :      9.34s CPU     11.98s WALL (       1 calls)

     General routines
     calbec       :      3.34s CPU      4.24s WALL (      16 calls)
     fft          :      1.88s CPU      3.34s WALL (      15 calls)
     ffts         :      0.04s CPU      0.04s WALL (       2 calls)
     fftw         :      3.30s CPU      4.18s WALL (     672 calls)
     davcio       :      0.04s CPU      0.34s WALL (      32 calls)

     Parallel routines
     fft_scatter  :      2.59s CPU      4.70s WALL (     689 calls)

     Plugins

     GIPAW        :     60.88s CPU     72.88s WALL (       1 calls)
