
     Program QE v.6.0 (svn rev. 13079) starts on 29Dec2016 at  1:57: 0 

     This program is part of the open-source Quantum ESPRESSO suite
     for quantum simulation of materials; please cite
         "P. Giannozzi et al., J. Phys.:Condens. Matter 21 395502 (2009);
          URL http://www.quantum-espresso.org", 
     in publications or presentations arising from this work. More details at
     http://www.quantum-espresso.org/quote

     Parallel version (MPI), running on     8 processors
     R & G space division:  proc/nbgrp/npool/nimage =       8

     ***** This is GIPAW svn revision unknown      *****

     Parallelizing q-star over 1 images

     Reading data from directory:
     /users/majewski/paradichlorobenzene/pbe/9_constraint/scratch/pbe.ecut100.np8.dt60.pcl2phi-129368.save
     Message from routine read_xml_file:
     file /users/majewski/paradichlorobenzene/pbe/9_constraint/scratch/pbe.ecut100.np8.dt60.pcl2phi-129368.save not guaranteed to be safe for post-processing

   Info: using nr1, nr2, nr3 values from input

   Info: using nr1, nr2, nr3 values from input

     IMPORTANT: XC functional enforced from input :
     Exchange-correlation      =  SLA  PW   PBX  PBC ( 1  4  3  4 0 0)
     Any further DFT definition will be discarded
     Please, verify this is what you really want

               file C.pbe-n-kjpaw_psl.1.0.0.UPF: wavefunction(s)  2S 2P renormalized
               file Cl.pbe-n-kjpaw_psl.1.0.0.UPF: wavefunction(s)  3S 3P renormalized
               file H.pbe-kjpaw_psl.1.0.0.UPF: wavefunction(s)  1S renormalized

     Parallelization info
     --------------------
     sticks:   dense  smooth     PW     G-vecs:    dense   smooth      PW
     Min        3057    1223    332               144436    36536    5170
     Max        3059    1225    333               144437    36537    5171
     Sum       24467    9791   2657              1155489   292295   41363


     Subspace diagonalization in iterative solution of the eigenvalue problem:
     a serial algorithm will be used

     GIPAW projectors -----------------------------------------------
     atom=  C    l=0  rc=    1.2000  rs=    0.8000
     atom=  C    l=0  rc=    1.2000  rs=    0.8000
     atom=  C    l=1  rc=    1.4000  rs=    0.9333
     atom=  C    l=1  rc=    1.4000  rs=    0.9333
     projs nearly linearly dependent: l=1  n1,n2= 1, 2  s=  0.99951561

     atom=  Cl   l=0  rc=    1.6000  rs=    1.0667
     atom=  Cl   l=0  rc=    1.6000  rs=    1.0667
     atom=  Cl   l=1  rc=    1.6000  rs=    1.0667
     atom=  Cl   l=1  rc=    1.6000  rs=    1.0667
     atom=  Cl   l=2  rc=    1.6000  rs=    1.0667
     atom=  Cl   l=2  rc=    1.6000  rs=    1.0667
     projs nearly linearly dependent: l=2  n1,n2= 1, 2  s=  0.99993509

     atom=  H    l=0  rc=    1.0000  rs=    0.6667
     atom=  H    l=0  rc=    1.0000  rs=    0.6667
     projs nearly linearly dependent: l=0  n1,n2= 1, 2  s=  0.99968852
     -----------------------------------------------------------------

     GIPAW integrals: -------------------------------------------
     Atom  i/j   nmr_para   nmr_dia   epr_rmc  epr_para   epr_dia
       C   1 1   0.83E+03  0.17E-01  0.93E+01  0.24E+08  0.24E+03
       C   2 1   0.86E+03 -0.61E-01  0.94E+01  0.25E+08  0.25E+03
       C   2 2   0.90E+03 -0.15E+00  0.97E+01  0.26E+08  0.26E+03
       C   3 3   0.33E+01  0.34E+00  0.18E+01  0.55E+03  0.21E+02
       C   4 3   0.35E+01  0.37E+00  0.20E+01  0.59E+03  0.22E+02
       C   4 4   0.38E+01  0.39E+00  0.22E+01  0.63E+03  0.24E+02
       Cl  1 1   0.14E+04 -0.47E+00  0.84E+01  0.32E+09  0.42E+03
       Cl  2 1   0.21E+04 -0.37E+00  0.12E+02  0.49E+09  0.65E+03
       Cl  2 2   0.33E+04 -0.16E+00  0.21E+02  0.76E+09  0.10E+04
       Cl  3 3   0.21E+02  0.79E-01  0.89E+01  0.23E+05  0.13E+03
       Cl  4 3   0.24E+02  0.67E-01  0.99E+01  0.27E+05  0.15E+03
       Cl  4 4   0.28E+02  0.44E-01  0.11E+02  0.32E+05  0.18E+03
       Cl  5 5   0.77E+00  0.19E+00  0.18E+01  0.12E+03  0.22E+02
       Cl  6 5   0.80E+00  0.19E+00  0.19E+01  0.12E+03  0.23E+02
       Cl  6 6   0.83E+00  0.20E+00  0.19E+01  0.12E+03  0.23E+02
       H   1 1   0.39E+02  0.19E+00  0.29E+00  0.78E+05  0.13E+02
       H   2 1   0.41E+02  0.21E+00  0.32E+00  0.82E+05  0.14E+02
       H   2 2   0.43E+02  0.22E+00  0.36E+00  0.86E+05  0.15E+02
     ------------------------------------------------------------

     alpha_pv=     34.0515 eV

     Number of occupied bands for each k-point:
     k-point:     1    nbnd_occ=  42
     k-point:     2    nbnd_occ=  42
     k-point:     3    nbnd_occ=  42
     k-point:     4    nbnd_occ=  42
     k-point:     5    nbnd_occ=  42
     k-point:     6    nbnd_occ=  42
     k-point:     7    nbnd_occ=  42
     k-point:     8    nbnd_occ=  42
     k-point:     9    nbnd_occ=  42
     k-point:    10    nbnd_occ=  42
     k-point:    11    nbnd_occ=  42
     k-point:    12    nbnd_occ=  42
     k-point:    13    nbnd_occ=  42
     k-point:    14    nbnd_occ=  42
     k-point:    15    nbnd_occ=  42
     k-point:    16    nbnd_occ=  42


     q-space interpolation up to   110.00 Rydberg

     GIPAW job: efg                                                                             


     ELECTRIC FIELD GRADIENTS TENSORS IN Hartree/bohrradius^2:

     ----- bare term -----
     Cl   1       -0.013519        0.190565        0.022758
     Cl   1        0.190565        0.102172        0.048363
     Cl   1        0.022758        0.048363       -0.088653

     C    2       -0.257876       -0.008476       -0.331882
     C    2       -0.008476       -0.066044       -0.647458
     C    2       -0.331882       -0.647458        0.323920

     C    3       -0.227757        0.227179       -0.232217
     C    3        0.227179       -0.149392       -0.413631
     C    3       -0.232217       -0.413631        0.377150

     H    4       -0.493700       -0.481667        0.050885
     H    4       -0.481667        0.238348        0.063441
     H    4        0.050885        0.063441        0.255352

     C    5       -0.141168        0.308663       -0.238041
     C    5        0.308663       -0.218403       -0.270985
     C    5       -0.238041       -0.270985        0.359571

     H    6        0.156289       -0.467403        0.169689
     H    6       -0.467403       -0.498408        0.063744
     H    6        0.169689        0.063744        0.342120

     H    7        0.249164        0.044621       -0.102518
     H    7        0.044621       -0.471266        0.580180
     H    7       -0.102518        0.580180        0.222102

     C    8       -0.653793       -0.301918       -0.358029
     C    8       -0.301918        0.233202        0.078945
     C    8       -0.358029        0.078945        0.420590

     H    9       -0.539277       -0.056591       -0.442801
     H    9       -0.056591        0.286284        0.121321
     H    9       -0.442801        0.121321        0.252994

     C   10        0.081401        0.274251       -0.415859
     C   10        0.274251       -0.257452        0.550686
     C   10       -0.415859        0.550686        0.176051

     C   11       -0.653978       -0.371474       -0.367843
     C   11       -0.371474        0.144864        0.054829
     C   11       -0.367843        0.054829        0.509114

     Cl  12        0.020263        0.106309       -0.074805
     Cl  12        0.106309       -0.011439       -0.040547
     Cl  12       -0.074805       -0.040547       -0.008823

     H   13        0.422304       -0.015458        0.099743
     H   13       -0.015458       -0.169195       -0.483755
     H   13        0.099743       -0.483755       -0.253110

     C   14       -0.416236        0.291962       -0.325758
     C   14        0.291962       -0.030297       -0.448513
     C   14       -0.325758       -0.448513        0.446534

     H   15       -0.096309        0.052147       -0.537216
     H   15        0.052147        0.001824        0.116579
     H   15       -0.537216        0.116579        0.094484

     C   16       -0.004618        0.487039       -0.200297
     C   16        0.487039       -0.248761       -0.584498
     C   16       -0.200297       -0.584498        0.253378

     C   17       -0.193352        0.221636       -0.548556
     C   17        0.221636        0.071834       -0.413235
     C   17       -0.548556       -0.413235        0.121518

     Cl  18       -0.077697        0.106622       -0.009572
     Cl  18        0.106622       -0.009196        0.005296
     Cl  18       -0.009572        0.005296        0.086893

     H   19        0.443350        0.148651       -0.054863
     H   19        0.148651       -0.650497        0.505910
     H   19       -0.054863        0.505910        0.207147

     C   20       -0.111667        0.215791       -0.414026
     C   20        0.215791       -0.095053        0.377486
     C   20       -0.414026        0.377486        0.206720

     H   21       -0.045121        0.136986       -0.364114
     H   21        0.136986        0.017818        0.514670
     H   21       -0.364114        0.514670        0.027303

     C   22       -0.496041       -0.339928       -0.376201
     C   22       -0.339928        0.057428        0.076668
     C   22       -0.376201        0.076668        0.438614

     C   23        0.068485        0.359889       -0.549027
     C   23        0.359889       -0.257267        0.528577
     C   23       -0.549027        0.528577        0.188782

     Cl  24       -0.291405       -0.251403        0.060475
     Cl  24       -0.251403        0.101796        0.105428
     Cl  24        0.060475        0.105428        0.189608

     ----- ionic term -----
     Cl   1        0.140419       -0.177500        0.033513
     Cl   1       -0.177500        0.015342       -0.016253
     Cl   1        0.033513       -0.016253       -0.155760

     C    2        0.244072       -0.073479        0.352443
     C    2       -0.073479        0.120494        0.341346
     C    2        0.352443        0.341346       -0.364566

     C    3        0.213341       -0.249962        0.188740
     C    3       -0.249962        0.241141        0.348997
     C    3        0.188740        0.348997       -0.454482

     H    4        0.722341        0.305375        0.589211
     H    4        0.305375       -0.421455        0.228199
     H    4        0.589211        0.228199       -0.300886

     C    5        0.372467       -0.180916        0.258512
     C    5       -0.180916        0.114949        0.269043
     C    5        0.258512        0.269043       -0.487416

     H    6       -0.445789        0.265413        0.122519
     H    6        0.265413        0.810573        0.546363
     H    6        0.122519        0.546363       -0.364784

     H    7       -0.500202       -0.075869        0.066161
     H    7       -0.075869        0.662226       -0.700021
     H    7        0.066161       -0.700021       -0.162024

     C    8        0.305475        0.190894        0.294710
     C    8        0.190894       -0.013278       -0.305562
     C    8        0.294710       -0.305562       -0.292197

     H    9        0.437867       -0.322859        0.695164
     H    9       -0.322859       -0.410203       -0.296357
     H    9        0.695164       -0.296357       -0.027664

     C   10        0.150279        0.208500        0.186193
     C   10        0.208500        0.118595       -0.384459
     C   10        0.186193       -0.384459       -0.268874

     C   11        0.248722        0.144561        0.257121
     C   11        0.144561        0.055819       -0.365909
     C   11        0.257121       -0.365909       -0.304541

     Cl  12        0.157686        0.215628       -0.001197
     Cl  12        0.215628       -0.003620        0.001050
     Cl  12       -0.001197        0.001050       -0.154066

     H   13       -0.556232        0.056413        0.023492
     H   13        0.056413        0.653798        0.724346
     H   13        0.023492        0.724346       -0.097566

     C   14        0.238461       -0.189938        0.254997
     C   14       -0.189938        0.116734        0.328218
     C   14        0.254997        0.328218       -0.355196

     H   15        0.687376        0.097966        0.701019
     H   15        0.097966       -0.474139        0.135244
     H   15        0.701019        0.135244       -0.213237

     C   16        0.151380       -0.296174        0.187409
     C   16       -0.296174        0.221109        0.362955
     C   16        0.187409        0.362955       -0.372489

     C   17        0.210207       -0.162938        0.233863
     C   17       -0.162938        0.182702        0.403114
     C   17        0.233863        0.403114       -0.392909

     Cl  18        0.104379       -0.222396       -0.004958
     Cl  18       -0.222396        0.048263        0.017494
     Cl  18       -0.004958        0.017494       -0.152642

     H   19       -0.486293       -0.243900        0.132648
     H   19       -0.243900        0.728934       -0.639458
     H   19        0.132648       -0.639458       -0.242641

     C   20        0.276837        0.129434        0.274307
     C   20        0.129434        0.088980       -0.279837
     C   20        0.274307       -0.279837       -0.365817

     H   21        0.548887       -0.357732        0.687204
     H   21       -0.357732       -0.378786       -0.285291
     H   21        0.687204       -0.285291       -0.170101

     C   22        0.109563        0.198767        0.195575
     C   22        0.198767        0.205192       -0.389780
     C   22        0.195575       -0.389780       -0.314754

     C   23        0.230804        0.172994        0.256132
     C   23        0.172994        0.047037       -0.420331
     C   23        0.256132       -0.420331       -0.277841

     Cl  24        0.164731        0.201959       -0.031418
     Cl  24        0.201959       -0.027524       -0.030691
     Cl  24       -0.031418       -0.030691       -0.137207

     ----- GIPAW term -----
     Cl   1        1.351661       -0.326251        0.250674
     Cl   1       -0.326251        0.967713        0.466938
     Cl   1        0.250674        0.466938       -2.319374

     C    2       -0.052705       -0.091923       -0.089895
     C    2       -0.091923       -0.006614       -0.215240
     C    2       -0.089895       -0.215240        0.059319

     C    3       -0.087103        0.092611       -0.143939
     C    3        0.092611       -0.016386       -0.171230
     C    3       -0.143939       -0.171230        0.103488

     H    4       -0.000000        0.000000        0.000000
     H    4        0.000000        0.000000        0.000000
     H    4        0.000000        0.000000        0.000000

     C    5        0.016844        0.132764       -0.135729
     C    5        0.132764       -0.057952       -0.133613
     C    5       -0.135729       -0.133613        0.041108

     H    6       -0.000000        0.000000        0.000000
     H    6        0.000000        0.000000        0.000000
     H    6        0.000000        0.000000        0.000000

     H    7       -0.000000        0.000000        0.000000
     H    7        0.000000        0.000000        0.000000
     H    7        0.000000        0.000000        0.000000

     C    8       -0.096108        0.134432       -0.088724
     C    8        0.134432        0.160456       -0.098435
     C    8       -0.088724       -0.098435       -0.064348

     H    9       -0.000000        0.000000        0.000000
     H    9        0.000000        0.000000        0.000000
     H    9        0.000000        0.000000        0.000000

     C   10        0.038650        0.237663       -0.162527
     C   10        0.237663        0.029260       -0.031109
     C   10       -0.162527       -0.031109       -0.067910

     C   11       -0.082353        0.138689       -0.140181
     C   11        0.138689        0.078033       -0.152000
     C   11       -0.140181       -0.152000        0.004320

     Cl  12        1.636824        3.159438       -1.261407
     Cl  12        3.159438       -0.184570       -0.782537
     Cl  12       -1.261407       -0.782537       -1.452254

     H   13       -0.000000        0.000000        0.000000
     H   13        0.000000        0.000000        0.000000
     H   13        0.000000        0.000000        0.000000

     C   14       -0.114880        0.073228       -0.091303
     C   14        0.073228       -0.036826       -0.182442
     C   14       -0.091303       -0.182442        0.151707

     H   15       -0.000000        0.000000        0.000000
     H   15        0.000000        0.000000        0.000000
     H   15        0.000000        0.000000        0.000000

     C   16       -0.003281        0.188396       -0.102767
     C   16        0.188396        0.019585       -0.170854
     C   16       -0.102767       -0.170854       -0.016304

     C   17        0.045170        0.100757       -0.164798
     C   17        0.100757        0.080668       -0.141842
     C   17       -0.164798       -0.141842       -0.125838

     Cl  18        1.116657        1.207003       -0.179106
     Cl  18        1.207003        1.122977       -0.179782
     Cl  18       -0.179106       -0.179782       -2.239634

     H   19       -0.000000        0.000000        0.000000
     H   19        0.000000        0.000000        0.000000
     H   19        0.000000        0.000000        0.000000

     C   20       -0.058642        0.177550       -0.129329
     C   20        0.177550        0.082015       -0.083046
     C   20       -0.129329       -0.083046       -0.023372

     H   21       -0.000000        0.000000        0.000000
     H   21        0.000000        0.000000        0.000000
     H   21        0.000000        0.000000        0.000000

     C   22       -0.101604        0.093673       -0.162647
     C   22        0.093673        0.074100       -0.140358
     C   22       -0.162647       -0.140358        0.027504

     C   23        0.084315        0.254762       -0.192254
     C   23        0.254762       -0.049173       -0.038572
     C   23       -0.192254       -0.038572       -0.035142

     Cl  24       -0.121984        2.051675        0.520647
     Cl  24        2.051675        1.345179        0.988619
     Cl  24        0.520647        0.988619       -1.223195

     ----- total EFG -----
     Cl   1        1.478561       -0.313186        0.306945
     Cl   1       -0.313186        1.085227        0.499048
     Cl   1        0.306945        0.499048       -2.563788

     C    2       -0.066509       -0.173879       -0.069334
     C    2       -0.173879        0.047837       -0.521352
     C    2       -0.069334       -0.521352        0.018673

     C    3       -0.101520        0.069829       -0.187416
     C    3        0.069829        0.075363       -0.235864
     C    3       -0.187416       -0.235864        0.026157

     H    4        0.228641       -0.176292        0.640096
     H    4       -0.176292       -0.183107        0.291640
     H    4        0.640096        0.291640       -0.045534

     C    5        0.248144        0.260511       -0.115258
     C    5        0.260511       -0.161406       -0.135556
     C    5       -0.115258       -0.135556       -0.086737

     H    6       -0.289501       -0.201990        0.292207
     H    6       -0.201990        0.312165        0.610107
     H    6        0.292207        0.610107       -0.022664

     H    7       -0.251038       -0.031248       -0.036357
     H    7       -0.031248        0.190960       -0.119841
     H    7       -0.036357       -0.119841        0.060078

     C    8       -0.444426        0.023408       -0.152043
     C    8        0.023408        0.380381       -0.325052
     C    8       -0.152043       -0.325052        0.064045

     H    9       -0.101410       -0.379449        0.252363
     H    9       -0.379449       -0.123920       -0.175036
     H    9        0.252363       -0.175036        0.225330

     C   10        0.270330        0.720413       -0.392193
     C   10        0.720413       -0.109597        0.135117
     C   10       -0.392193        0.135117       -0.160733

     C   11       -0.487609       -0.088224       -0.250903
     C   11       -0.088224        0.278717       -0.463081
     C   11       -0.250903       -0.463081        0.208892

     Cl  12        1.814773        3.481375       -1.337410
     Cl  12        3.481375       -0.199630       -0.822035
     Cl  12       -1.337410       -0.822035       -1.615143

     H   13       -0.133928        0.040955        0.123235
     H   13        0.040955        0.484603        0.240591
     H   13        0.123235        0.240591       -0.350675

     C   14       -0.292656        0.175253       -0.162064
     C   14        0.175253        0.049611       -0.302737
     C   14       -0.162064       -0.302737        0.243045

     H   15        0.591067        0.150113        0.163803
     H   15        0.150113       -0.472314        0.251823
     H   15        0.163803        0.251823       -0.118753

     C   16        0.143481        0.379262       -0.115656
     C   16        0.379262       -0.008067       -0.392397
     C   16       -0.115656       -0.392397       -0.135414

     C   17        0.062025        0.159455       -0.479491
     C   17        0.159455        0.335205       -0.151963
     C   17       -0.479491       -0.151963       -0.397230

     Cl  18        1.143339        1.091229       -0.193636
     Cl  18        1.091229        1.162044       -0.156993
     Cl  18       -0.193636       -0.156993       -2.305383

     H   19       -0.042943       -0.095249        0.077785
     H   19       -0.095249        0.078437       -0.133548
     H   19        0.077785       -0.133548       -0.035494

     C   20        0.106528        0.522775       -0.269047
     C   20        0.522775        0.075942        0.014603
     C   20       -0.269047        0.014603       -0.182469

     H   21        0.503767       -0.220746        0.323090
     H   21       -0.220746       -0.360968        0.229379
     H   21        0.323090        0.229379       -0.142798

     C   22       -0.488083       -0.047488       -0.343273
     C   22       -0.047488        0.336719       -0.453470
     C   22       -0.343273       -0.453470        0.151364

     C   23        0.383604        0.787645       -0.485148
     C   23        0.787645       -0.259403        0.069674
     C   23       -0.485148        0.069674       -0.124201

     Cl  24       -0.248658        2.002230        0.549705
     Cl  24        2.002230        1.419451        1.063356
     Cl  24        0.549705        1.063356       -1.170794

     ----- total EFG (symmetrized) -----
     Cl   1        1.478561       -0.313186        0.306945
     Cl   1       -0.313186        1.085227        0.499048
     Cl   1        0.306945        0.499048       -2.563788

     C    2       -0.066509       -0.173879       -0.069334
     C    2       -0.173879        0.047837       -0.521352
     C    2       -0.069334       -0.521352        0.018673

     C    3       -0.101520        0.069829       -0.187416
     C    3        0.069829        0.075363       -0.235864
     C    3       -0.187416       -0.235864        0.026157

     H    4        0.228641       -0.176292        0.640096
     H    4       -0.176292       -0.183107        0.291640
     H    4        0.640096        0.291640       -0.045534

     C    5        0.248144        0.260511       -0.115258
     C    5        0.260511       -0.161406       -0.135556
     C    5       -0.115258       -0.135556       -0.086737

     H    6       -0.289501       -0.201990        0.292207
     H    6       -0.201990        0.312165        0.610107
     H    6        0.292207        0.610107       -0.022664

     H    7       -0.251038       -0.031248       -0.036357
     H    7       -0.031248        0.190960       -0.119841
     H    7       -0.036357       -0.119841        0.060078

     C    8       -0.444426        0.023408       -0.152043
     C    8        0.023408        0.380381       -0.325052
     C    8       -0.152043       -0.325052        0.064045

     H    9       -0.101410       -0.379449        0.252363
     H    9       -0.379449       -0.123920       -0.175036
     H    9        0.252363       -0.175036        0.225330

     C   10        0.270330        0.720413       -0.392193
     C   10        0.720413       -0.109597        0.135117
     C   10       -0.392193        0.135117       -0.160733

     C   11       -0.487609       -0.088224       -0.250903
     C   11       -0.088224        0.278717       -0.463081
     C   11       -0.250903       -0.463081        0.208892

     Cl  12        1.814773        3.481375       -1.337410
     Cl  12        3.481375       -0.199630       -0.822035
     Cl  12       -1.337410       -0.822035       -1.615143

     H   13       -0.133928        0.040955        0.123235
     H   13        0.040955        0.484603        0.240591
     H   13        0.123235        0.240591       -0.350675

     C   14       -0.292656        0.175253       -0.162064
     C   14        0.175253        0.049611       -0.302737
     C   14       -0.162064       -0.302737        0.243045

     H   15        0.591067        0.150113        0.163803
     H   15        0.150113       -0.472314        0.251823
     H   15        0.163803        0.251823       -0.118753

     C   16        0.143481        0.379262       -0.115656
     C   16        0.379262       -0.008067       -0.392397
     C   16       -0.115656       -0.392397       -0.135414

     C   17        0.062025        0.159455       -0.479491
     C   17        0.159455        0.335205       -0.151963
     C   17       -0.479491       -0.151963       -0.397230

     Cl  18        1.143339        1.091229       -0.193636
     Cl  18        1.091229        1.162044       -0.156993
     Cl  18       -0.193636       -0.156993       -2.305383

     H   19       -0.042943       -0.095249        0.077785
     H   19       -0.095249        0.078437       -0.133548
     H   19        0.077785       -0.133548       -0.035494

     C   20        0.106528        0.522775       -0.269047
     C   20        0.522775        0.075942        0.014603
     C   20       -0.269047        0.014603       -0.182469

     H   21        0.503767       -0.220746        0.323090
     H   21       -0.220746       -0.360968        0.229379
     H   21        0.323090        0.229379       -0.142798

     C   22       -0.488083       -0.047488       -0.343273
     C   22       -0.047488        0.336719       -0.453470
     C   22       -0.343273       -0.453470        0.151364

     C   23        0.383604        0.787645       -0.485148
     C   23        0.787645       -0.259403        0.069674
     C   23       -0.485148        0.069674       -0.124201

     Cl  24       -0.248658        2.002230        0.549705
     Cl  24        2.002230        1.419451        1.063356
     Cl  24        0.549705        1.063356       -1.170794


     NQR/NMR SPECTROSCOPIC PARAMETERS:
     Cl   1    Vxx=    1.0079    axis=(  0.471495  0.866927  0.161647)
     Cl   1    Vyy=    1.6519    axis=(  0.877890 -0.478807  0.007239)
     Cl   1    Vzz=   -2.6599    axis=( -0.083673 -0.138496  0.986822)
     Cl   1  Q=        -8.1650 1e-30 m^2  Cq=        51.0279 MHz  eta= 0.24210

     C    2    Vxx=   -0.0150    axis=( -0.933169  0.145336  0.328744)
     C    2    Vyy=   -0.5495    axis=( -0.336818 -0.672906 -0.658598)
     C    2    Vzz=    0.5645    axis=(  0.125495 -0.725310  0.676887)
     C    2  Q=         1.0000 1e-30 m^2  Cq=         1.3263 MHz  eta= 0.94684

     C    3    Vxx=   -0.0928    axis=(  0.675283 -0.680273 -0.284996)
     C    3    Vyy=   -0.2659    axis=(  0.638134  0.345118  0.688244)
     C    3    Vzz=    0.3587    axis=(  0.369836  0.646624 -0.667157)
     C    3  Q=         1.0000 1e-30 m^2  Cq=         0.8427 MHz  eta= 0.48269

     H    4    Vxx=    0.0122    axis=(  0.360006 -0.861141 -0.358931)
     H    4    Vyy=    0.7487    axis=( -0.767542 -0.054677 -0.638662)
     H    4    Vzz=   -0.7608    axis=(  0.530353  0.505417 -0.680646)
     H    4  Q=         1.0000 1e-30 m^2  Cq=        -1.7877 MHz  eta= 0.96806

     C    5    Vxx=   -0.1121    axis=(  0.423605 -0.194400  0.884741)
     C    5    Vyy=   -0.3150    axis=( -0.332823  0.874986  0.351609)
     C    5    Vzz=    0.4271    axis=( -0.842489 -0.443406  0.305948)
     C    5  Q=         1.0000 1e-30 m^2  Cq=         1.0035 MHz  eta= 0.47490

     H    6    Vxx=   -0.0205    axis=(  0.796389 -0.379739  0.470704)
     H    6    Vyy=   -0.7572    axis=(  0.604542  0.477815 -0.637355)
     H    6    Vzz=    0.7777    axis=(  0.017119  0.792143  0.610095)
     H    6  Q=         1.0000 1e-30 m^2  Cq=         1.8273 MHz  eta= 0.94734

     H    7    Vxx=   -0.0021    axis=( -0.186130  0.496294  0.847967)
     H    7    Vyy=   -0.2601    axis=( -0.982387 -0.108476 -0.152147)
     H    7    Vzz=    0.2622    axis=(  0.016474 -0.861351  0.507744)
     H    7  Q=         1.0000 1e-30 m^2  Cq=         0.6161 MHz  eta= 0.98412

     C    8    Vxx=   -0.1014    axis=( -0.309252  0.542194  0.781274)
     C    8    Vyy=   -0.4923    axis=(  0.945911  0.090660  0.311503)
     C    8    Vzz=    0.5936    axis=(  0.098065  0.835348 -0.540904)
     C    8  Q=         1.0000 1e-30 m^2  Cq=         1.3947 MHz  eta= 0.65851

     H    9    Vxx=   -0.0545    axis=( -0.432524  0.535763  0.725177)
     H    9    Vyy=   -0.4965    axis=( -0.717422 -0.691664  0.083105)
     H    9    Vzz=    0.5510    axis=(  0.546103 -0.484313  0.683529)
     H    9  Q=         1.0000 1e-30 m^2  Cq=         1.2946 MHz  eta= 0.80215

     C   10    Vxx=   -0.0319    axis=( -0.105266  0.509181  0.854198)
     C   10    Vyy=   -0.8476    axis=( -0.588947  0.660206 -0.466122)
     C   10    Vzz=    0.8795    axis=( -0.801287 -0.552144  0.230384)
     C   10  Q=         1.0000 1e-30 m^2  Cq=         2.0665 MHz  eta= 0.92755

     C   11    Vxx=   -0.0796    axis=( -0.499161  0.636673  0.587780)
     C   11    Vyy=   -0.6384    axis=( -0.861577 -0.292406 -0.414950)
     C   11    Vzz=    0.7180    axis=( -0.092317 -0.713545  0.694500)
     C   11  Q=         1.0000 1e-30 m^2  Cq=         1.6871 MHz  eta= 0.77819

     Cl  12    Vxx=   -1.9713    axis=(  0.087153  0.273242  0.957989)
     Cl  12    Vyy=   -2.8407    axis=( -0.620421  0.767270 -0.162402)
     Cl  12    Vzz=    4.8120    axis=( -0.779412 -0.580202  0.236395)
     Cl  12  Q=        -8.1650 1e-30 m^2  Cq=       -92.3154 MHz  eta= 0.18068

     H   13    Vxx=   -0.1039    axis=(  0.939255 -0.183846  0.289829)
     H   13    Vyy=   -0.4525    axis=(  0.326866  0.221577 -0.918729)
     H   13    Vzz=    0.5565    axis=(  0.104685  0.957655  0.268211)
     H   13  Q=         1.0000 1e-30 m^2  Cq=         1.3075 MHz  eta= 0.62651

     C   14    Vxx=   -0.1618    axis=(  0.205183  0.742663  0.637457)
     C   14    Vyy=   -0.3692    axis=( -0.939463  0.332071 -0.084483)
     C   14    Vzz=    0.5310    axis=( -0.274424 -0.581533  0.765840)
     C   14  Q=         1.0000 1e-30 m^2  Cq=         1.2476 MHz  eta= 0.39050

     H   15    Vxx=   -0.0581    axis=( -0.311027  0.408892  0.857945)
     H   15    Vyy=   -0.6062    axis=( -0.051266  0.894187 -0.444749)
     H   15    Vzz=    0.6643    axis=( -0.949018 -0.182312 -0.257153)
     H   15  Q=         1.0000 1e-30 m^2  Cq=         1.5608 MHz  eta= 0.82502

     C   16    Vxx=   -0.1000    axis=( -0.723135  0.270467 -0.635549)
     C   16    Vyy=   -0.5185    axis=(  0.295511 -0.710528 -0.638611)
     C   16    Vzz=    0.6185    axis=( -0.624299 -0.649613  0.433882)
     C   16  Q=         1.0000 1e-30 m^2  Cq=         1.4532 MHz  eta= 0.67658

     C   17    Vxx=    0.1344    axis=( -0.599534  0.727954  0.332629)
     C   17    Vyy=    0.5667    axis=( -0.604191 -0.684220  0.408406)
     C   17    Vzz=   -0.7012    axis=(  0.524892  0.043881  0.850037)
     C   17  Q=         1.0000 1e-30 m^2  Cq=        -1.6474 MHz  eta= 0.61651

     Cl  18    Vxx=    0.0617    axis=(  0.709184 -0.704933 -0.011260)
     Cl  18    Vyy=    2.2574    axis=(  0.703507  0.708616 -0.054237)
     Cl  18    Vzz=   -2.3191    axis=(  0.046213  0.030542  0.998465)
     Cl  18  Q=        -8.1650 1e-30 m^2  Cq=        44.4917 MHz  eta= 0.94677

     H   19    Vxx=   -0.0949    axis=( -0.844115 -0.529396 -0.084908)
     H   19    Vyy=   -0.1282    axis=( -0.335240  0.397542  0.854151)
     H   19    Vzz=    0.2230    axis=(  0.418429 -0.749467  0.513046)
     H   19  Q=         1.0000 1e-30 m^2  Cq=         0.5240 MHz  eta= 0.14941

     C   20    Vxx=   -0.1078    axis=(  0.203542 -0.512722 -0.834078)
     C   20    Vyy=   -0.5481    axis=(  0.655761 -0.561201  0.505007)
     C   20    Vzz=    0.6559    axis=( -0.727013 -0.649746  0.221995)
     C   20  Q=         1.0000 1e-30 m^2  Cq=         1.5411 MHz  eta= 0.67118

     H   21    Vxx=   -0.0280    axis=(  0.188212 -0.638671 -0.746107)
     H   21    Vyy=   -0.6243    axis=( -0.312144 -0.759193  0.571132)
     H   21    Vzz=    0.6522    axis=( -0.931205  0.125400 -0.342246)
     H   21  Q=         1.0000 1e-30 m^2  Cq=         1.5325 MHz  eta= 0.91429

     C   22    Vxx=   -0.0405    axis=( -0.512185  0.633187  0.580293)
     C   22    Vyy=   -0.6951    axis=(  0.844384  0.247638  0.475070)
     C   22    Vzz=    0.7356    axis=( -0.157106 -0.733314  0.661489)
     C   22  Q=         1.0000 1e-30 m^2  Cq=         1.7284 MHz  eta= 0.89000

     C   23    Vxx=   -0.0987    axis=(  0.028388  0.511573  0.858770)
     C   23    Vyy=   -0.9346    axis=(  0.574194 -0.711582  0.404911)
     C   23    Vzz=    1.0334    axis=( -0.818227 -0.481606  0.313943)
     C   23  Q=         1.0000 1e-30 m^2  Cq=         2.4280 MHz  eta= 0.80891

     Cl  24    Vxx=   -1.4097    axis=( -0.614679  0.143496  0.775615)
     Cl  24    Vyy=   -1.6774    axis=( -0.586111  0.574962 -0.570870)
     Cl  24    Vzz=    3.0871    axis=( -0.527867 -0.805498 -0.269312)
     Cl  24  Q=        -8.1650 1e-30 m^2  Cq=       -59.2244 MHz  eta= 0.08671

     Initialization:
     gipaw_setup  :      9.06s CPU     10.99s WALL (       1 calls)

     Linear response

     Apply operators

     Induced current

     Other routines
     efg          :      9.26s CPU     11.57s WALL (       1 calls)

     General routines
     calbec       :      3.21s CPU      4.34s WALL (      16 calls)
     fft          :      1.44s CPU      1.87s WALL (      15 calls)
     ffts         :      0.04s CPU      0.04s WALL (       2 calls)
     fftw         :      3.18s CPU      3.80s WALL (     672 calls)
     davcio       :      0.03s CPU      0.32s WALL (      32 calls)

     Parallel routines
     fft_scatter  :      1.94s CPU      2.89s WALL (     689 calls)

     Plugins

     GIPAW        :     61.02s CPU     73.52s WALL (       1 calls)
