
     Program QE v.6.0 (svn rev. 13079) starts on 23Dec2016 at 17:11:36 

     This program is part of the open-source Quantum ESPRESSO suite
     for quantum simulation of materials; please cite
         "P. Giannozzi et al., J. Phys.:Condens. Matter 21 395502 (2009);
          URL http://www.quantum-espresso.org", 
     in publications or presentations arising from this work. More details at
     http://www.quantum-espresso.org/quote

     Parallel version (MPI), running on     8 processors
     R & G space division:  proc/nbgrp/npool/nimage =       8

     ***** This is GIPAW svn revision unknown      *****

     Parallelizing q-star over 1 images

     Reading data from directory:
     /users/majewski/paradichlorobenzene/pbe/9_constraint/scratch/pbe.ecut100.np8.dt60.pcl2phi-129368.save
     Message from routine read_xml_file:
     file /users/majewski/paradichlorobenzene/pbe/9_constraint/scratch/pbe.ecut100.np8.dt60.pcl2phi-129368.save not guaranteed to be safe for post-processing

   Info: using nr1, nr2, nr3 values from input

   Info: using nr1, nr2, nr3 values from input

     IMPORTANT: XC functional enforced from input :
     Exchange-correlation      =  SLA  PW   PBX  PBC ( 1  4  3  4 0 0)
     Any further DFT definition will be discarded
     Please, verify this is what you really want

               file C.pbe-n-kjpaw_psl.1.0.0.UPF: wavefunction(s)  2S 2P renormalized
               file Cl.pbe-n-kjpaw_psl.1.0.0.UPF: wavefunction(s)  3S 3P renormalized
               file H.pbe-kjpaw_psl.1.0.0.UPF: wavefunction(s)  1S renormalized

     Parallelization info
     --------------------
     sticks:   dense  smooth     PW     G-vecs:    dense   smooth      PW
     Min        3057    1223    332               144436    36536    5170
     Max        3059    1225    333               144437    36537    5171
     Sum       24467    9791   2657              1155489   292295   41363


     Subspace diagonalization in iterative solution of the eigenvalue problem:
     a serial algorithm will be used

     GIPAW projectors -----------------------------------------------
     atom=  C    l=0  rc=    1.2000  rs=    0.8000
     atom=  C    l=0  rc=    1.2000  rs=    0.8000
     atom=  C    l=1  rc=    1.4000  rs=    0.9333
     atom=  C    l=1  rc=    1.4000  rs=    0.9333
     projs nearly linearly dependent: l=1  n1,n2= 1, 2  s=  0.99951561

     atom=  Cl   l=0  rc=    1.6000  rs=    1.0667
     atom=  Cl   l=0  rc=    1.6000  rs=    1.0667
     atom=  Cl   l=1  rc=    1.6000  rs=    1.0667
     atom=  Cl   l=1  rc=    1.6000  rs=    1.0667
     atom=  Cl   l=2  rc=    1.6000  rs=    1.0667
     atom=  Cl   l=2  rc=    1.6000  rs=    1.0667
     projs nearly linearly dependent: l=2  n1,n2= 1, 2  s=  0.99993509

     atom=  H    l=0  rc=    1.0000  rs=    0.6667
     atom=  H    l=0  rc=    1.0000  rs=    0.6667
     projs nearly linearly dependent: l=0  n1,n2= 1, 2  s=  0.99968852
     -----------------------------------------------------------------

     GIPAW integrals: -------------------------------------------
     Atom  i/j   nmr_para   nmr_dia   epr_rmc  epr_para   epr_dia
       C   1 1   0.83E+03  0.17E-01  0.93E+01  0.24E+08  0.24E+03
       C   2 1   0.86E+03 -0.61E-01  0.94E+01  0.25E+08  0.25E+03
       C   2 2   0.90E+03 -0.15E+00  0.97E+01  0.26E+08  0.26E+03
       C   3 3   0.33E+01  0.34E+00  0.18E+01  0.55E+03  0.21E+02
       C   4 3   0.35E+01  0.37E+00  0.20E+01  0.59E+03  0.22E+02
       C   4 4   0.38E+01  0.39E+00  0.22E+01  0.63E+03  0.24E+02
       Cl  1 1   0.14E+04 -0.47E+00  0.84E+01  0.32E+09  0.42E+03
       Cl  2 1   0.21E+04 -0.37E+00  0.12E+02  0.49E+09  0.65E+03
       Cl  2 2   0.33E+04 -0.16E+00  0.21E+02  0.76E+09  0.10E+04
       Cl  3 3   0.21E+02  0.79E-01  0.89E+01  0.23E+05  0.13E+03
       Cl  4 3   0.24E+02  0.67E-01  0.99E+01  0.27E+05  0.15E+03
       Cl  4 4   0.28E+02  0.44E-01  0.11E+02  0.32E+05  0.18E+03
       Cl  5 5   0.77E+00  0.19E+00  0.18E+01  0.12E+03  0.22E+02
       Cl  6 5   0.80E+00  0.19E+00  0.19E+01  0.12E+03  0.23E+02
       Cl  6 6   0.83E+00  0.20E+00  0.19E+01  0.12E+03  0.23E+02
       H   1 1   0.39E+02  0.19E+00  0.29E+00  0.78E+05  0.13E+02
       H   2 1   0.41E+02  0.21E+00  0.32E+00  0.82E+05  0.14E+02
       H   2 2   0.43E+02  0.22E+00  0.36E+00  0.86E+05  0.15E+02
     ------------------------------------------------------------

     alpha_pv=     34.1916 eV

     Number of occupied bands for each k-point:
     k-point:     1    nbnd_occ=  42
     k-point:     2    nbnd_occ=  42
     k-point:     3    nbnd_occ=  42
     k-point:     4    nbnd_occ=  42
     k-point:     5    nbnd_occ=  42
     k-point:     6    nbnd_occ=  42
     k-point:     7    nbnd_occ=  42
     k-point:     8    nbnd_occ=  42
     k-point:     9    nbnd_occ=  42
     k-point:    10    nbnd_occ=  42
     k-point:    11    nbnd_occ=  42
     k-point:    12    nbnd_occ=  42
     k-point:    13    nbnd_occ=  42
     k-point:    14    nbnd_occ=  42
     k-point:    15    nbnd_occ=  42
     k-point:    16    nbnd_occ=  42


     q-space interpolation up to   110.00 Rydberg

     GIPAW job: efg                                                                             


     ELECTRIC FIELD GRADIENTS TENSORS IN Hartree/bohrradius^2:

     ----- bare term -----
     Cl   1        0.314634        0.026090        0.243696
     Cl   1        0.026090        0.295560        0.424352
     Cl   1        0.243696        0.424352       -0.610194

     C    2       -0.596841       -0.006783       -0.224450
     C    2       -0.006783        0.014564       -0.260525
     C    2       -0.224450       -0.260525        0.582277

     C    3        0.003055        0.428843       -0.004322
     C    3        0.428843       -0.485551       -0.460927
     C    3       -0.004322       -0.460927        0.482496

     H    4       -0.540745       -0.097237       -0.185403
     H    4       -0.097237        0.362859       -0.332338
     H    4       -0.185403       -0.332338        0.177885

     C    5       -0.631212        0.399997       -0.449430
     C    5        0.399997        0.371803       -0.241192
     C    5       -0.449430       -0.241192        0.259409

     H    6        0.502439       -0.053598        0.072637
     H    6       -0.053598       -0.213159       -0.350320
     H    6        0.072637       -0.350320       -0.289280

     H    7        0.451144        0.211321        0.043118
     H    7        0.211321       -0.642330        0.079932
     H    7        0.043118        0.079932        0.191187

     C    8       -0.516020        0.023999       -0.277585
     C    8        0.023999       -0.039827        0.312531
     C    8       -0.277585        0.312531        0.555847

     H    9       -0.370020        0.203140       -0.496782
     H    9        0.203140        0.219902        0.295691
     H    9       -0.496782        0.295691        0.150118

     C   10       -0.139224       -0.402366       -0.004163
     C   10       -0.402366       -0.443630        0.527685
     C   10       -0.004163        0.527685        0.582854

     C   11       -0.232778        0.080119       -0.364219
     C   11        0.080119       -0.068971        0.500829
     C   11       -0.364219        0.500829        0.301749

     Cl  12       -0.008906       -0.170681       -0.086527
     Cl  12       -0.170681        0.040659        0.075563
     Cl  12       -0.086527        0.075563       -0.031754

     H   13        0.487058       -0.057867       -0.132272
     H   13       -0.057867        0.011762       -0.473647
     H   13       -0.132272       -0.473647       -0.498820

     C   14       -0.161230        0.347411       -0.033392
     C   14        0.347411       -0.415326       -0.349811
     C   14       -0.033392       -0.349811        0.576556

     H   15       -0.415122       -0.536734       -0.215074
     H   15       -0.536734        0.058901       -0.069240
     H   15       -0.215074       -0.069240        0.356221

     C   16       -0.362034        0.356027       -0.356165
     C   16        0.356027        0.061003       -0.360480
     C   16       -0.356165       -0.360480        0.301031

     C   17       -0.035299        0.366363       -0.171546
     C   17        0.366363       -0.101106       -0.595765
     C   17       -0.171546       -0.595765        0.136406

     Cl  18       -0.041864        0.182602       -0.091764
     Cl  18        0.182602        0.091531       -0.109431
     Cl  18       -0.091764       -0.109431       -0.049666

     H   19        0.392596        0.074208       -0.311301
     H   19        0.074208        0.012131        0.427829
     H   19       -0.311301        0.427829       -0.404727

     C   20       -0.211978       -0.357659        0.027055
     C   20       -0.357659       -0.339394        0.411441
     C   20        0.027055        0.411441        0.551372

     H   21        0.067543        0.061574       -0.507587
     H   21        0.061574        0.447061       -0.042610
     H   21       -0.507587       -0.042610       -0.514604

     C   22       -0.310575       -0.099121       -0.201414
     C   22       -0.099121       -0.069331        0.328512
     C   22       -0.201414        0.328512        0.379907

     C   23       -0.143524       -0.289237       -0.147441
     C   23       -0.289237       -0.304988        0.334293
     C   23       -0.147441        0.334293        0.448513

     Cl  24       -0.095899        0.013122       -0.060028
     Cl  24        0.013122       -0.064022        0.100659
     Cl  24       -0.060028        0.100659        0.159921

     ----- ionic term -----
     Cl   1        0.178223       -0.161736       -0.059870
     Cl   1       -0.161736       -0.084643        0.024217
     Cl   1       -0.059870        0.024217       -0.093580

     C    2        0.313895       -0.078048        0.132109
     C    2       -0.078048       -0.127772        0.470668
     C    2        0.132109        0.470668       -0.186123

     C    3        0.249871       -0.232915        0.057765
     C    3       -0.232915       -0.016472        0.431221
     C    3        0.057765        0.431221       -0.233399

     H    4        0.791395        0.306099        0.520742
     H    4        0.306099       -0.486469        0.203140
     H    4        0.520742        0.203140       -0.304926

     C    5        0.369889       -0.168125        0.163300
     C    5       -0.168125       -0.076095        0.347436
     C    5        0.163300        0.347436       -0.293794

     H    6       -0.514384        0.095405        0.089310
     H    6        0.095405        0.479617        0.788939
     H    6        0.089310        0.788939        0.034767

     H    7       -0.476731       -0.171746        0.114835
     H    7       -0.171746        0.593019       -0.697528
     H    7        0.114835       -0.697528       -0.116288

     C    8        0.250780        0.166626        0.360759
     C    8        0.166626        0.066400       -0.246999
     C    8        0.360759       -0.246999       -0.317180

     H    9        0.387991       -0.317143        0.737172
     H    9       -0.317143       -0.371924       -0.306630
     H    9        0.737172       -0.306630       -0.016067

     C   10        0.027409        0.217009        0.267922
     C   10        0.217009        0.284144       -0.353660
     C   10        0.267922       -0.353660       -0.311554

     C   11        0.044787        0.202967        0.303950
     C   11        0.202967        0.237774       -0.340500
     C   11        0.303950       -0.340500       -0.282561

     Cl  12        0.111721        0.203191        0.045386
     Cl  12        0.203191        0.040879        0.026153
     Cl  12        0.045386        0.026153       -0.152600

     H   13       -0.513574        0.065210        0.035609
     H   13        0.065210        0.466384        0.798221
     H   13        0.035609        0.798221        0.047190

     C   14        0.370596       -0.123294        0.144117
     C   14       -0.123294       -0.103474        0.383861
     C   14        0.144117        0.383861       -0.267121

     H   15        0.641712        0.413839        0.571405
     H   15        0.413839       -0.400386        0.280647
     H   15        0.571405        0.280647       -0.241326

     C   16        0.208591       -0.204617        0.046639
     C   16       -0.204617        0.042288        0.478478
     C   16        0.046639        0.478478       -0.250879

     C   17        0.261049       -0.213653        0.195202
     C   17       -0.213653        0.025037        0.399977
     C   17        0.195202        0.399977       -0.286087

     Cl  18        0.123732       -0.225366        0.004015
     Cl  18       -0.225366        0.025614       -0.002346
     Cl  18        0.004015       -0.002346       -0.149346

     H   19       -0.517305       -0.128142        0.104670
     H   19       -0.128142        0.586877       -0.716549
     H   19        0.104670       -0.716549       -0.069572

     C   20        0.170817        0.239350        0.303363
     C   20        0.239350        0.101229       -0.260774
     C   20        0.303363       -0.260774       -0.272046

     H   21        0.499020       -0.259277        0.725884
     H   21       -0.259277       -0.427578       -0.250053
     H   21        0.725884       -0.250053       -0.071442

     C   22        0.103395        0.283327        0.226699
     C   22        0.283327        0.218799       -0.329299
     C   22        0.226699       -0.329299       -0.322194

     C   23        0.215672        0.215562        0.273781
     C   23        0.215562        0.104685       -0.353308
     C   23        0.273781       -0.353308       -0.320357

     Cl  24        0.142434        0.232379       -0.000877
     Cl  24        0.232379        0.003976       -0.004866
     Cl  24       -0.000877       -0.004866       -0.146410

     ----- GIPAW term -----
     Cl   1        0.406616       -0.325819       -0.135782
     Cl   1       -0.325819       -0.013594        0.264001
     Cl   1       -0.135782        0.264001       -0.393022

     C    2       -0.153361       -0.077212        0.049172
     C    2       -0.077212       -0.116060        0.028878
     C    2        0.049172        0.028878        0.269421

     C    3       -0.041006        0.118467        0.087104
     C    3        0.118467       -0.078571        0.062072
     C    3        0.087104        0.062072        0.119577

     H    4       -0.000000        0.000000        0.000000
     H    4        0.000000        0.000000        0.000000
     H    4        0.000000        0.000000        0.000000

     C    5       -0.118978        0.194578       -0.077418
     C    5        0.194578        0.197624       -0.047248
     C    5       -0.077418       -0.047248       -0.078646

     H    6       -0.000000        0.000000        0.000000
     H    6        0.000000        0.000000        0.000000
     H    6        0.000000        0.000000        0.000000

     H    7       -0.000000        0.000000        0.000000
     H    7        0.000000        0.000000        0.000000
     H    7        0.000000        0.000000        0.000000

     C    8       -0.164773        0.029386        0.018390
     C    8        0.029386       -0.080515        0.146615
     C    8        0.018390        0.146615        0.245288

     H    9       -0.000000        0.000000        0.000000
     H    9        0.000000        0.000000        0.000000
     H    9        0.000000        0.000000        0.000000

     C   10       -0.059749       -0.047550        0.084691
     C   10       -0.047550       -0.133846        0.102811
     C   10        0.084691        0.102811        0.193595

     C   11        0.042186        0.154220       -0.014614
     C   11        0.154220       -0.035004        0.075744
     C   11       -0.014614        0.075744       -0.007182

     Cl  12        1.343491        0.769378       -0.713896
     Cl  12        0.769378        0.551719        0.703356
     Cl  12       -0.713896        0.703356       -1.895211

     H   13       -0.000000        0.000000        0.000000
     H   13        0.000000        0.000000        0.000000
     H   13        0.000000        0.000000        0.000000

     C   14       -0.072431        0.074418        0.096141
     C   14        0.074418       -0.198753        0.002032
     C   14        0.096141        0.002032        0.271184

     H   15       -0.000000        0.000000        0.000000
     H   15        0.000000        0.000000        0.000000
     H   15        0.000000        0.000000        0.000000

     C   16       -0.062559        0.167940       -0.100124
     C   16        0.167940        0.105054       -0.059149
     C   16       -0.100124       -0.059149       -0.042495

     C   17        0.071178        0.134903       -0.113027
     C   17        0.134903        0.034318       -0.168680
     C   17       -0.113027       -0.168680       -0.105496

     Cl  18        1.054902       -0.173953       -1.030889
     Cl  18       -0.173953        0.878689       -1.146169
     Cl  18       -1.030889       -1.146169       -1.933592

     H   19       -0.000000        0.000000        0.000000
     H   19        0.000000        0.000000        0.000000
     H   19        0.000000        0.000000        0.000000

     C   20       -0.089135       -0.033521        0.117457
     C   20       -0.033521       -0.189467        0.118046
     C   20        0.117457        0.118046        0.278602

     H   21       -0.000000        0.000000        0.000000
     H   21        0.000000        0.000000        0.000000
     H   21        0.000000        0.000000        0.000000

     C   22       -0.169207        0.019160       -0.010804
     C   22        0.019160       -0.074706        0.119548
     C   22       -0.010804        0.119548        0.243914

     C   23       -0.081957        0.027510        0.007485
     C   23        0.027510       -0.078273        0.136855
     C   23        0.007485        0.136855        0.160230

     Cl  24       -0.340540        1.889726       -0.166494
     Cl  24        1.889726       -0.569083        1.702936
     Cl  24       -0.166494        1.702936        0.909624

     ----- total EFG -----
     Cl   1        0.899473       -0.461465        0.048044
     Cl   1       -0.461465        0.197323        0.712571
     Cl   1        0.048044        0.712571       -1.096796

     C    2       -0.436307       -0.162043       -0.043169
     C    2       -0.162043       -0.229268        0.239020
     C    2       -0.043169        0.239020        0.665575

     C    3        0.211920        0.314395        0.140547
     C    3        0.314395       -0.580593        0.032365
     C    3        0.140547        0.032365        0.368674

     H    4        0.250651        0.208862        0.335339
     H    4        0.208862       -0.123610       -0.129198
     H    4        0.335339       -0.129198       -0.127041

     C    5       -0.380301        0.426451       -0.363547
     C    5        0.426451        0.493331        0.058995
     C    5       -0.363547        0.058995       -0.113030

     H    6       -0.011945        0.041808        0.161947
     H    6        0.041808        0.266458        0.438620
     H    6        0.161947        0.438620       -0.254513

     H    7       -0.025587        0.039576        0.157953
     H    7        0.039576       -0.049311       -0.617596
     H    7        0.157953       -0.617596        0.074899

     C    8       -0.430013        0.220011        0.101564
     C    8        0.220011       -0.053942        0.212147
     C    8        0.101564        0.212147        0.483955

     H    9        0.017971       -0.114003        0.240390
     H    9       -0.114003       -0.152022       -0.010939
     H    9        0.240390       -0.010939        0.134051

     C   10       -0.171564       -0.232906        0.348451
     C   10       -0.232906       -0.293332        0.276836
     C   10        0.348451        0.276836        0.464896

     C   11       -0.145805        0.437305       -0.074883
     C   11        0.437305        0.133800        0.236073
     C   11       -0.074883        0.236073        0.012006

     Cl  12        1.446307        0.801888       -0.755037
     Cl  12        0.801888        0.633257        0.805071
     Cl  12       -0.755037        0.805071       -2.079564

     H   13       -0.026516        0.007343       -0.096663
     H   13        0.007343        0.478147        0.324574
     H   13       -0.096663        0.324574       -0.451630

     C   14        0.136935        0.298534        0.206866
     C   14        0.298534       -0.717553        0.036082
     C   14        0.206866        0.036082        0.580619

     H   15        0.226590       -0.122895        0.356330
     H   15       -0.122895       -0.341485        0.211407
     H   15        0.356330        0.211407        0.114895

     C   16       -0.216002        0.319350       -0.409651
     C   16        0.319350        0.208345        0.058848
     C   16       -0.409651        0.058848        0.007657

     C   17        0.296928        0.287613       -0.089372
     C   17        0.287613       -0.041751       -0.364468
     C   17       -0.089372       -0.364468       -0.255177

     Cl  18        1.136771       -0.216717       -1.118639
     Cl  18       -0.216717        0.995834       -1.257946
     Cl  18       -1.118639       -1.257946       -2.132604

     H   19       -0.124709       -0.053934       -0.206631
     H   19       -0.053934        0.599009       -0.288721
     H   19       -0.206631       -0.288721       -0.474299

     C   20       -0.130296       -0.151831        0.447875
     C   20       -0.151831       -0.427632        0.268714
     C   20        0.447875        0.268714        0.557928

     H   21        0.566563       -0.197702        0.218298
     H   21       -0.197702        0.019483       -0.292663
     H   21        0.218298       -0.292663       -0.586045

     C   22       -0.376388        0.203366        0.014481
     C   22        0.203366        0.074762        0.118760
     C   22        0.014481        0.118760        0.301626

     C   23       -0.009810       -0.046165        0.133825
     C   23       -0.046165       -0.278576        0.117840
     C   23        0.133825        0.117840        0.288385

     Cl  24       -0.294005        2.135227       -0.227399
     Cl  24        2.135227       -0.629130        1.798729
     Cl  24       -0.227399        1.798729        0.923135

     ----- total EFG (symmetrized) -----
     Cl   1        0.899473       -0.461465        0.048044
     Cl   1       -0.461465        0.197323        0.712571
     Cl   1        0.048044        0.712571       -1.096796

     C    2       -0.436307       -0.162043       -0.043169
     C    2       -0.162043       -0.229268        0.239020
     C    2       -0.043169        0.239020        0.665575

     C    3        0.211920        0.314395        0.140547
     C    3        0.314395       -0.580593        0.032365
     C    3        0.140547        0.032365        0.368674

     H    4        0.250651        0.208862        0.335339
     H    4        0.208862       -0.123610       -0.129198
     H    4        0.335339       -0.129198       -0.127041

     C    5       -0.380301        0.426451       -0.363547
     C    5        0.426451        0.493331        0.058995
     C    5       -0.363547        0.058995       -0.113030

     H    6       -0.011945        0.041808        0.161947
     H    6        0.041808        0.266458        0.438620
     H    6        0.161947        0.438620       -0.254513

     H    7       -0.025587        0.039576        0.157953
     H    7        0.039576       -0.049311       -0.617596
     H    7        0.157953       -0.617596        0.074899

     C    8       -0.430013        0.220011        0.101564
     C    8        0.220011       -0.053942        0.212147
     C    8        0.101564        0.212147        0.483955

     H    9        0.017971       -0.114003        0.240390
     H    9       -0.114003       -0.152022       -0.010939
     H    9        0.240390       -0.010939        0.134051

     C   10       -0.171564       -0.232906        0.348451
     C   10       -0.232906       -0.293332        0.276836
     C   10        0.348451        0.276836        0.464896

     C   11       -0.145805        0.437305       -0.074883
     C   11        0.437305        0.133800        0.236073
     C   11       -0.074883        0.236073        0.012006

     Cl  12        1.446307        0.801888       -0.755037
     Cl  12        0.801888        0.633257        0.805071
     Cl  12       -0.755037        0.805071       -2.079564

     H   13       -0.026516        0.007343       -0.096663
     H   13        0.007343        0.478147        0.324574
     H   13       -0.096663        0.324574       -0.451630

     C   14        0.136935        0.298534        0.206866
     C   14        0.298534       -0.717553        0.036082
     C   14        0.206866        0.036082        0.580619

     H   15        0.226590       -0.122895        0.356330
     H   15       -0.122895       -0.341485        0.211407
     H   15        0.356330        0.211407        0.114895

     C   16       -0.216002        0.319350       -0.409651
     C   16        0.319350        0.208345        0.058848
     C   16       -0.409651        0.058848        0.007657

     C   17        0.296928        0.287613       -0.089372
     C   17        0.287613       -0.041751       -0.364468
     C   17       -0.089372       -0.364468       -0.255177

     Cl  18        1.136771       -0.216717       -1.118639
     Cl  18       -0.216717        0.995834       -1.257946
     Cl  18       -1.118639       -1.257946       -2.132604

     H   19       -0.124709       -0.053934       -0.206631
     H   19       -0.053934        0.599009       -0.288721
     H   19       -0.206631       -0.288721       -0.474299

     C   20       -0.130296       -0.151831        0.447875
     C   20       -0.151831       -0.427632        0.268714
     C   20        0.447875        0.268714        0.557928

     H   21        0.566563       -0.197702        0.218298
     H   21       -0.197702        0.019483       -0.292663
     H   21        0.218298       -0.292663       -0.586045

     C   22       -0.376388        0.203366        0.014481
     C   22        0.203366        0.074762        0.118760
     C   22        0.014481        0.118760        0.301626

     C   23       -0.009810       -0.046165        0.133825
     C   23       -0.046165       -0.278576        0.117840
     C   23        0.133825        0.117840        0.288385

     Cl  24       -0.294005        2.135227       -0.227399
     Cl  24        2.135227       -0.629130        1.798729
     Cl  24       -0.227399        1.798729        0.923135


     NQR/NMR SPECTROSCOPIC PARAMETERS:
     Cl   1    Vxx=    0.2683    axis=(  0.517754  0.750816  0.410130)
     Cl   1    Vyy=    1.1676    axis=(  0.849440 -0.508243 -0.141916)
     Cl   1    Vzz=   -1.4359    axis=( -0.101893 -0.421859  0.900918)
     Cl   1  Q=        -8.1650 1e-30 m^2  Cq=        27.5469 MHz  eta= 0.62624

     C    2    Vxx=   -0.2005    axis=( -0.516432  0.818522 -0.251635)
     C    2    Vyy=   -0.5307    axis=(  0.853406  0.516202 -0.072345)
     C    2    Vzz=    0.7312    axis=( -0.070678  0.252108  0.965115)
     C    2  Q=         1.0000 1e-30 m^2  Cq=         1.7180 MHz  eta= 0.45154

     C    3    Vxx=    0.1999    axis=(  0.716371  0.261745 -0.646763)
     C    3    Vyy=    0.4905    axis=(  0.614161  0.203314  0.762542)
     C    3    Vzz=   -0.6904    axis=( -0.331088  0.943479  0.015105)
     C    3  Q=         1.0000 1e-30 m^2  Cq=        -1.6222 MHz  eta= 0.42091

     H    4    Vxx=   -0.0050    axis=(  0.100352  0.808406 -0.580008)
     H    4    Vyy=   -0.4664    axis=( -0.479865  0.549993  0.683547)
     H    4    Vzz=    0.4714    axis=(  0.871584  0.209730  0.443119)
     H    4  Q=         1.0000 1e-30 m^2  Cq=         1.1076 MHz  eta= 0.97884

     C    5    Vxx=    0.0790    axis=( -0.407860  0.296830  0.863448)
     C    5    Vyy=    0.6769    axis=( -0.406453 -0.905835  0.119408)
     C    5    Vzz=   -0.7559    axis=(  0.817586 -0.302249  0.490101)
     C    5  Q=         1.0000 1e-30 m^2  Cq=        -1.7760 MHz  eta= 0.79103

     H    6    Vxx=   -0.0087    axis=(  0.950035 -0.297079  0.095803)
     H    6    Vyy=   -0.5326    axis=( -0.230072 -0.459024  0.858117)
     H    6    Vzz=    0.5412    axis=( -0.210953 -0.837282 -0.504438)
     H    6  Q=         1.0000 1e-30 m^2  Cq=         1.2717 MHz  eta= 0.96790

     H    7    Vxx=   -0.0079    axis=(  0.966376  0.253177  0.044938)
     H    7    Vyy=   -0.6381    axis=( -0.217857  0.713322  0.666116)
     H    7    Vzz=    0.6460    axis=(  0.136590 -0.653508  0.744493)
     H    7  Q=         1.0000 1e-30 m^2  Cq=         1.5178 MHz  eta= 0.97562

     C    8    Vxx=   -0.0552    axis=(  0.380961  0.833668 -0.399833)
     C    8    Vyy=   -0.5314    axis=( -0.908845  0.417117  0.003758)
     C    8    Vzz=    0.5866    axis=(  0.169910  0.361954  0.916580)
     C    8  Q=         1.0000 1e-30 m^2  Cq=         1.3782 MHz  eta= 0.81195

     H    9    Vxx=   -0.0865    axis=( -0.459032  0.708836  0.535575)
     H    9    Vyy=   -0.2500    axis=( -0.625396 -0.685986  0.371891)
     H    9    Vzz=    0.3365    axis=(  0.631007 -0.164237  0.758193)
     H    9  Q=         1.0000 1e-30 m^2  Cq=         0.7906 MHz  eta= 0.48610

     C   10    Vxx=   -0.0048    axis=(  0.712403 -0.691245 -0.121089)
     C   10    Vyy=   -0.6442    axis=(  0.614766  0.697935 -0.367354)
     C   10    Vzz=    0.6490    axis=(  0.338444  0.187262  0.922165)
     C   10  Q=         1.0000 1e-30 m^2  Cq=         1.5249 MHz  eta= 0.98520

     C   11    Vxx=    0.0392    axis=( -0.466764 -0.046255  0.883172)
     C   11    Vyy=    0.5010    axis=( -0.507509 -0.803825 -0.310322)
     C   11    Vzz=   -0.5403    axis=(  0.724269 -0.593065  0.351722)
     C   11  Q=         1.0000 1e-30 m^2  Cq=        -1.2694 MHz  eta= 0.85482

     Cl  12    Vxx=    0.5751    axis=( -0.433113  0.820929  0.372140)
     Cl  12    Vyy=    1.9534    axis=(  0.870035  0.488641 -0.065341)
     Cl  12    Vzz=   -2.5285    axis=(  0.235484 -0.295475  0.925874)
     Cl  12  Q=        -8.1650 1e-30 m^2  Cq=        48.5084 MHz  eta= 0.54508

     H   13    Vxx=   -0.0109    axis=(  0.984547  0.086333 -0.152360)
     H   13    Vyy=   -0.5701    axis=( -0.171240  0.292497 -0.940809)
     H   13    Vzz=    0.5810    axis=( -0.036658  0.952361  0.302761)
     H   13  Q=         1.0000 1e-30 m^2  Cq=         1.3652 MHz  eta= 0.96243

     C   14    Vxx=    0.1341    axis=(  0.861061  0.283977 -0.421819)
     C   14    Vyy=    0.6780    axis=(  0.407571  0.110620  0.906448)
     C   14    Vzz=   -0.8121    axis=( -0.304072  0.952429  0.020490)
     C   14  Q=         1.0000 1e-30 m^2  Cq=        -1.9081 MHz  eta= 0.66986

     H   15    Vxx=   -0.0148    axis=( -0.560916  0.588043  0.582733)
     H   15    Vyy=   -0.5191    axis=(  0.357613  0.806938 -0.470068)
     H   15    Vzz=    0.5339    axis=(  0.746650  0.055276  0.662916)
     H   15  Q=         1.0000 1e-30 m^2  Cq=         1.2544 MHz  eta= 0.94470

     C   16    Vxx=    0.1767    axis=( -0.198023  0.671925  0.713656)
     C   16    Vyy=    0.4547    axis=(  0.594393  0.661249 -0.457653)
     C   16    Vzz=   -0.6314    axis=( -0.779412  0.333567 -0.530330)
     C   16  Q=         1.0000 1e-30 m^2  Cq=        -1.4836 MHz  eta= 0.44020

     C   17    Vxx=   -0.0130    axis=( -0.647125  0.525656 -0.552191)
     C   17    Vyy=   -0.5421    axis=( -0.135883  0.633172  0.761990)
     C   17    Vzz=    0.5551    axis=(  0.750177  0.568136 -0.338314)
     C   17  Q=         1.0000 1e-30 m^2  Cq=         1.3042 MHz  eta= 0.95330

     Cl  18    Vxx=    1.2846    axis=(  0.665201 -0.744537  0.056323)
     Cl  18    Vyy=    1.6069    axis=(  0.696202  0.591217 -0.407142)
     Cl  18    Vzz=   -2.8915    axis=(  0.269833  0.310044  0.911627)
     Cl  18  Q=        -8.1650 1e-30 m^2  Cq=        55.4727 MHz  eta= 0.11146

     H   19    Vxx=   -0.0356    axis=(  0.922799 -0.091816 -0.374182)
     H   19    Vyy=   -0.6362    axis=( -0.385275 -0.225956 -0.894711)
     H   19    Vzz=    0.6717    axis=( -0.002400  0.969801 -0.243886)
     H   19  Q=         1.0000 1e-30 m^2  Cq=         1.5783 MHz  eta= 0.89414

     C   20    Vxx=   -0.1449    axis=(  0.744766 -0.624227 -0.235931)
     C   20    Vyy=   -0.6594    axis=(  0.528019  0.767429 -0.363661)
     C   20    Vzz=    0.8044    axis=(  0.408067  0.146266  0.901159)
     C   20  Q=         1.0000 1e-30 m^2  Cq=         1.8899 MHz  eta= 0.63966

     H   21    Vxx=    0.0154    axis=(  0.418109  0.867261 -0.270266)
     H   21    Vyy=    0.7027    axis=( -0.902189  0.361725 -0.234967)
     H   21    Vzz=   -0.7181    axis=( -0.106016  0.342073  0.933674)
     H   21  Q=         1.0000 1e-30 m^2  Cq=        -1.6871 MHz  eta= 0.95718

     C   22    Vxx=    0.0898    axis=(  0.338794  0.810625 -0.477604)
     C   22    Vyy=    0.3659    axis=(  0.142484  0.457565  0.877686)
     C   22    Vzz=   -0.4557    axis=( -0.930009  0.365406 -0.039519)
     C   22  Q=         1.0000 1e-30 m^2  Cq=        -1.0707 MHz  eta= 0.60592

     C   23    Vxx=   -0.0339    axis=(  0.914444 -0.302226 -0.269169)
     C   23    Vyy=   -0.3199    axis=(  0.241774  0.941311 -0.235539)
     C   23    Vzz=    0.3539    axis=(  0.324557  0.150309  0.933847)
     C   23  Q=         1.0000 1e-30 m^2  Cq=         0.8314 MHz  eta= 0.80815

     Cl  24    Vxx=    0.5878    axis=( -0.698062 -0.215558  0.682821)
     Cl  24    Vyy=    2.5792    axis=( -0.426105 -0.641323 -0.638074)
     Cl  24    Vzz=   -3.1669    axis=( -0.575450  0.736369 -0.355833)
     Cl  24  Q=        -8.1650 1e-30 m^2  Cq=        60.7561 MHz  eta= 0.62881

     Initialization:
     gipaw_setup  :      9.36s CPU     11.04s WALL (       1 calls)

     Linear response

     Apply operators

     Induced current

     Other routines
     efg          :     10.06s CPU     12.42s WALL (       1 calls)

     General routines
     calbec       :      3.36s CPU      4.36s WALL (      16 calls)
     fft          :      1.66s CPU      2.28s WALL (      15 calls)
     ffts         :      0.03s CPU      0.08s WALL (       2 calls)
     fftw         :      3.62s CPU      4.42s WALL (     672 calls)
     davcio       :      0.03s CPU      0.34s WALL (      32 calls)

     Parallel routines
     fft_scatter  :      2.55s CPU      3.72s WALL (     689 calls)

     Plugins

     GIPAW        :     64.02s CPU     73.90s WALL (       1 calls)
