
     Program QE v.6.0 (svn rev. 13079) starts on 30Dec2016 at  6: 3: 8 

     This program is part of the open-source Quantum ESPRESSO suite
     for quantum simulation of materials; please cite
         "P. Giannozzi et al., J. Phys.:Condens. Matter 21 395502 (2009);
          URL http://www.quantum-espresso.org", 
     in publications or presentations arising from this work. More details at
     http://www.quantum-espresso.org/quote

     Parallel version (MPI), running on     8 processors
     R & G space division:  proc/nbgrp/npool/nimage =       8

     ***** This is GIPAW svn revision unknown      *****

     Parallelizing q-star over 1 images

     Reading data from directory:
     /users/majewski/paradichlorobenzene/pbe/9_constraint/scratch/pbe.ecut100.np8.dt60.pcl2phi-129368.save
     Message from routine read_xml_file:
     file /users/majewski/paradichlorobenzene/pbe/9_constraint/scratch/pbe.ecut100.np8.dt60.pcl2phi-129368.save not guaranteed to be safe for post-processing

   Info: using nr1, nr2, nr3 values from input

   Info: using nr1, nr2, nr3 values from input

     IMPORTANT: XC functional enforced from input :
     Exchange-correlation      =  SLA  PW   PBX  PBC ( 1  4  3  4 0 0)
     Any further DFT definition will be discarded
     Please, verify this is what you really want

               file C.pbe-n-kjpaw_psl.1.0.0.UPF: wavefunction(s)  2S 2P renormalized
               file Cl.pbe-n-kjpaw_psl.1.0.0.UPF: wavefunction(s)  3S 3P renormalized
               file H.pbe-kjpaw_psl.1.0.0.UPF: wavefunction(s)  1S renormalized

     Parallelization info
     --------------------
     sticks:   dense  smooth     PW     G-vecs:    dense   smooth      PW
     Min        3057    1223    332               144436    36536    5170
     Max        3059    1225    333               144437    36537    5171
     Sum       24467    9791   2657              1155489   292295   41363


     Subspace diagonalization in iterative solution of the eigenvalue problem:
     a serial algorithm will be used

     GIPAW projectors -----------------------------------------------
     atom=  C    l=0  rc=    1.2000  rs=    0.8000
     atom=  C    l=0  rc=    1.2000  rs=    0.8000
     atom=  C    l=1  rc=    1.4000  rs=    0.9333
     atom=  C    l=1  rc=    1.4000  rs=    0.9333
     projs nearly linearly dependent: l=1  n1,n2= 1, 2  s=  0.99951561

     atom=  Cl   l=0  rc=    1.6000  rs=    1.0667
     atom=  Cl   l=0  rc=    1.6000  rs=    1.0667
     atom=  Cl   l=1  rc=    1.6000  rs=    1.0667
     atom=  Cl   l=1  rc=    1.6000  rs=    1.0667
     atom=  Cl   l=2  rc=    1.6000  rs=    1.0667
     atom=  Cl   l=2  rc=    1.6000  rs=    1.0667
     projs nearly linearly dependent: l=2  n1,n2= 1, 2  s=  0.99993509

     atom=  H    l=0  rc=    1.0000  rs=    0.6667
     atom=  H    l=0  rc=    1.0000  rs=    0.6667
     projs nearly linearly dependent: l=0  n1,n2= 1, 2  s=  0.99968852
     -----------------------------------------------------------------

     GIPAW integrals: -------------------------------------------
     Atom  i/j   nmr_para   nmr_dia   epr_rmc  epr_para   epr_dia
       C   1 1   0.83E+03  0.17E-01  0.93E+01  0.24E+08  0.24E+03
       C   2 1   0.86E+03 -0.61E-01  0.94E+01  0.25E+08  0.25E+03
       C   2 2   0.90E+03 -0.15E+00  0.97E+01  0.26E+08  0.26E+03
       C   3 3   0.33E+01  0.34E+00  0.18E+01  0.55E+03  0.21E+02
       C   4 3   0.35E+01  0.37E+00  0.20E+01  0.59E+03  0.22E+02
       C   4 4   0.38E+01  0.39E+00  0.22E+01  0.63E+03  0.24E+02
       Cl  1 1   0.14E+04 -0.47E+00  0.84E+01  0.32E+09  0.42E+03
       Cl  2 1   0.21E+04 -0.37E+00  0.12E+02  0.49E+09  0.65E+03
       Cl  2 2   0.33E+04 -0.16E+00  0.21E+02  0.76E+09  0.10E+04
       Cl  3 3   0.21E+02  0.79E-01  0.89E+01  0.23E+05  0.13E+03
       Cl  4 3   0.24E+02  0.67E-01  0.99E+01  0.27E+05  0.15E+03
       Cl  4 4   0.28E+02  0.44E-01  0.11E+02  0.32E+05  0.18E+03
       Cl  5 5   0.77E+00  0.19E+00  0.18E+01  0.12E+03  0.22E+02
       Cl  6 5   0.80E+00  0.19E+00  0.19E+01  0.12E+03  0.23E+02
       Cl  6 6   0.83E+00  0.20E+00  0.19E+01  0.12E+03  0.23E+02
       H   1 1   0.39E+02  0.19E+00  0.29E+00  0.78E+05  0.13E+02
       H   2 1   0.41E+02  0.21E+00  0.32E+00  0.82E+05  0.14E+02
       H   2 2   0.43E+02  0.22E+00  0.36E+00  0.86E+05  0.15E+02
     ------------------------------------------------------------

     alpha_pv=     33.7362 eV

     Number of occupied bands for each k-point:
     k-point:     1    nbnd_occ=  42
     k-point:     2    nbnd_occ=  42
     k-point:     3    nbnd_occ=  42
     k-point:     4    nbnd_occ=  42
     k-point:     5    nbnd_occ=  42
     k-point:     6    nbnd_occ=  42
     k-point:     7    nbnd_occ=  42
     k-point:     8    nbnd_occ=  42
     k-point:     9    nbnd_occ=  42
     k-point:    10    nbnd_occ=  42
     k-point:    11    nbnd_occ=  42
     k-point:    12    nbnd_occ=  42
     k-point:    13    nbnd_occ=  42
     k-point:    14    nbnd_occ=  42
     k-point:    15    nbnd_occ=  42
     k-point:    16    nbnd_occ=  42


     q-space interpolation up to   110.00 Rydberg

     GIPAW job: efg                                                                             


     ELECTRIC FIELD GRADIENTS TENSORS IN Hartree/bohrradius^2:

     ----- bare term -----
     Cl   1       -0.087137        0.185401        0.024597
     Cl   1        0.185401       -0.090437        0.073298
     Cl   1        0.024597        0.073298        0.177574

     C    2       -0.110586       -0.190405       -0.315055
     C    2       -0.190405        0.039614       -0.737629
     C    2       -0.315055       -0.737629        0.070972

     C    3       -0.587912        0.323217       -0.328889
     C    3        0.323217        0.166167       -0.116722
     C    3       -0.328889       -0.116722        0.421744

     H    4       -0.050472       -0.139138       -0.364270
     H    4       -0.139138        0.273061       -0.468209
     H    4       -0.364270       -0.468209       -0.222589

     C    5       -0.080184       -0.299325       -0.505907
     C    5       -0.299325       -0.102777       -0.424299
     C    5       -0.505907       -0.424299        0.182961

     H    6        0.221188        0.192004        0.288508
     H    6        0.192004       -0.138180       -0.562216
     H    6        0.288508       -0.562216       -0.083008

     H    7        0.340194       -0.112882       -0.228005
     H    7       -0.112882       -0.437984        0.532146
     H    7       -0.228005        0.532146        0.097790

     C    8       -0.866157       -0.358105       -0.343235
     C    8       -0.358105        0.420008        0.079608
     C    8       -0.343235        0.079608        0.446149

     H    9       -0.252589       -0.152913       -0.474389
     H    9       -0.152913       -0.081670        0.156877
     H    9       -0.474389        0.156877        0.334259

     C   10        0.270218       -0.144858       -0.064333
     C   10       -0.144858       -0.271145        0.569936
     C   10       -0.064333        0.569936        0.000926

     C   11       -0.561838       -0.411490       -0.410377
     C   11       -0.411490        0.147237        0.017636
     C   11       -0.410377        0.017636        0.414602

     Cl  12        0.165908        0.037757       -0.021788
     Cl  12        0.037757       -0.275639       -0.143370
     Cl  12       -0.021788       -0.143370        0.109730

     H   13        0.545597       -0.014235       -0.010597
     H   13       -0.014235       -0.093395       -0.270380
     H   13       -0.010597       -0.270380       -0.452203

     C   14       -0.601159        0.332116       -0.121788
     C   14        0.332116        0.239256       -0.381345
     C   14       -0.121788       -0.381345        0.361903

     H   15       -0.128788        0.121781       -0.561059
     H   15        0.121781        0.107913        0.150141
     H   15       -0.561059        0.150141        0.020875

     C   16       -0.049144       -0.000450       -0.234312
     C   16       -0.000450       -0.028617       -0.696015
     C   16       -0.234312       -0.696015        0.077761

     C   17       -0.526004        0.350195       -0.214910
     C   17        0.350195        0.148729       -0.338949
     C   17       -0.214910       -0.338949        0.377275

     Cl  18        0.019747        0.046771       -0.011588
     Cl  18        0.046771        0.055083        0.024475
     Cl  18       -0.011588        0.024475       -0.074831

     H   19        0.456470        0.096541       -0.080605
     H   19        0.096541       -0.216172        0.632921
     H   19       -0.080605        0.632921       -0.240298

     C   20        0.003889       -0.163634       -0.095121
     C   20       -0.163634       -0.205145        0.382416
     C   20       -0.095121        0.382416        0.201256

     H   21        0.015790        0.200633       -0.470000
     H   21        0.200633        0.317739        0.425941
     H   21       -0.470000        0.425941       -0.333529

     C   22       -0.766761       -0.365137       -0.372510
     C   22       -0.365137        0.274401       -0.019769
     C   22       -0.372510       -0.019769        0.492360

     C   23        0.067643        0.008014       -0.218064
     C   23        0.008014       -0.110923        0.541497
     C   23       -0.218064        0.541497        0.043280

     Cl  24       -0.179041       -0.169211       -0.149687
     Cl  24       -0.169211       -0.128573       -0.030349
     Cl  24       -0.149687       -0.030349        0.307614

     ----- ionic term -----
     Cl   1        0.190508       -0.164708       -0.004812
     Cl   1       -0.164708       -0.054141        0.010721
     Cl   1       -0.004812        0.010721       -0.136367

     C    2        0.310157       -0.150279        0.229505
     C    2       -0.150279       -0.116771        0.389142
     C    2        0.229505        0.389142       -0.193385

     C    3        0.162919       -0.257296        0.181430
     C    3       -0.257296       -0.028235        0.360701
     C    3        0.181430        0.360701       -0.134684

     H    4        0.462484        0.212466        0.762063
     H    4        0.212466       -0.510042        0.222358
     H    4        0.762063        0.222358        0.047557

     C    5        0.223578       -0.239566        0.272261
     C    5       -0.239566       -0.060501        0.302952
     C    5        0.272261        0.302952       -0.163077

     H    6       -0.514611       -0.044805        0.010365
     H    6       -0.044805        0.470293        0.773301
     H    6        0.010365        0.773301        0.044317

     H    7       -0.481175       -0.208979        0.130687
     H    7       -0.208979        0.642214       -0.680486
     H    7        0.130687       -0.680486       -0.161039

     C    8        0.232691        0.219503        0.303464
     C    8        0.219503        0.091147       -0.281548
     C    8        0.303464       -0.281548       -0.323838

     H    9        0.649795       -0.379754        0.594464
     H    9       -0.379754       -0.328757       -0.250881
     H    9        0.594464       -0.250881       -0.321038

     C   10        0.122280        0.244730        0.200185
     C   10        0.244730        0.241803       -0.385714
     C   10        0.200185       -0.385714       -0.364083

     C   11        0.150438        0.193428        0.387694
     C   11        0.193428        0.092391       -0.344271
     C   11        0.387694       -0.344271       -0.242829

     Cl  12        0.141321        0.230867        0.055117
     Cl  12        0.230867        0.010553        0.026220
     Cl  12        0.055117        0.026220       -0.151874

     H   13       -0.529196        0.013032        0.004433
     H   13        0.013032        0.519236        0.791841
     H   13        0.004433        0.791841        0.009960

     C   14        0.279691       -0.186687        0.223818
     C   14       -0.186687        0.003959        0.333435
     C   14        0.223818        0.333435       -0.283650

     H   15        0.548273        0.236892        0.734426
     H   15        0.236892       -0.456461        0.233451
     H   15        0.734426        0.233451       -0.091812

     C   16        0.128506       -0.275533        0.164364
     C   16       -0.275533        0.147685        0.398786
     C   16        0.164364        0.398786       -0.276191

     C   17        0.063419       -0.245395        0.257190
     C   17       -0.245395        0.127427        0.414958
     C   17        0.257190        0.414958       -0.190846

     Cl  18        0.100740       -0.217592        0.002242
     Cl  18       -0.217592        0.030060        0.013202
     Cl  18        0.002242        0.013202       -0.130800

     H   19       -0.541727       -0.024295        0.026108
     H   19       -0.024295        0.336888       -0.799231
     H   19        0.026108       -0.799231        0.204839

     C   20        0.182267        0.234726        0.335103
     C   20        0.234726        0.013027       -0.290924
     C   20        0.335103       -0.290924       -0.195294

     H   21        0.522966       -0.182429        0.771881
     H   21       -0.182429       -0.499165       -0.195542
     H   21        0.771881       -0.195542       -0.023801

     C   22        0.050275        0.280795        0.244829
     C   22        0.280795        0.167125       -0.393877
     C   22        0.244829       -0.393877       -0.217400

     C   23        0.065931        0.178563        0.308473
     C   23        0.178563        0.130186       -0.399138
     C   23        0.308473       -0.399138       -0.196117

     Cl  24        0.055110        0.168023        0.028378
     Cl  24        0.168023        0.077465        0.018462
     Cl  24        0.028378        0.018462       -0.132575

     ----- GIPAW term -----
     Cl   1       -0.618403        0.466839       -0.610041
     Cl   1        0.466839        1.555848       -1.458829
     Cl   1       -0.610041       -1.458829       -0.937445

     C    2       -0.070428       -0.131270       -0.033409
     C    2       -0.131270        0.151379       -0.238151
     C    2       -0.033409       -0.238151       -0.080951

     C    3       -0.166703       -0.081972       -0.111433
     C    3       -0.081972        0.178798        0.115126
     C    3       -0.111433        0.115126       -0.012095

     H    4       -0.000000        0.000000        0.000000
     H    4        0.000000        0.000000        0.000000
     H    4        0.000000        0.000000        0.000000

     C    5        0.041983       -0.224563       -0.170235
     C    5       -0.224563       -0.000956        0.023551
     C    5       -0.170235        0.023551       -0.041027

     H    6       -0.000000        0.000000        0.000000
     H    6        0.000000        0.000000        0.000000
     H    6        0.000000        0.000000        0.000000

     H    7       -0.000000        0.000000        0.000000
     H    7        0.000000        0.000000        0.000000
     H    7        0.000000        0.000000        0.000000

     C    8       -0.182046        0.010267       -0.023905
     C    8        0.010267        0.239333       -0.036776
     C    8       -0.023905       -0.036776       -0.057286

     H    9       -0.000000        0.000000        0.000000
     H    9        0.000000        0.000000        0.000000
     H    9        0.000000        0.000000        0.000000

     C   10       -0.045921       -0.024227        0.016792
     C   10       -0.024227        0.159569       -0.023851
     C   10        0.016792       -0.023851       -0.113648

     C   11       -0.046974       -0.075785       -0.016466
     C   11       -0.075785        0.093434       -0.041479
     C   11       -0.016466       -0.041479       -0.046460

     Cl  12        0.063362        0.160368       -0.487974
     Cl  12        0.160368        1.459971        0.986035
     Cl  12       -0.487974        0.986035       -1.523333

     H   13       -0.000000        0.000000        0.000000
     H   13        0.000000        0.000000        0.000000
     H   13        0.000000        0.000000        0.000000

     C   14       -0.184943       -0.019247        0.039620
     C   14       -0.019247        0.169195       -0.197822
     C   14        0.039620       -0.197822        0.015748

     H   15       -0.000000        0.000000        0.000000
     H   15        0.000000        0.000000        0.000000
     H   15        0.000000        0.000000        0.000000

     C   16       -0.123680       -0.080731       -0.022040
     C   16       -0.080731        0.206381       -0.206074
     C   16       -0.022040       -0.206074       -0.082702

     C   17       -0.103821       -0.142141        0.009752
     C   17       -0.142141        0.207346       -0.114310
     C   17        0.009752       -0.114310       -0.103525

     Cl  18       -0.090166       -1.331187       -0.063307
     Cl  18       -1.331187        2.670427        0.392109
     Cl  18       -0.063307        0.392109       -2.580261

     H   19       -0.000000        0.000000        0.000000
     H   19        0.000000        0.000000        0.000000
     H   19        0.000000        0.000000        0.000000

     C   20       -0.095611       -0.069024        0.029720
     C   20       -0.069024        0.153633       -0.092878
     C   20        0.029720       -0.092878       -0.058023

     H   21       -0.000000        0.000000        0.000000
     H   21        0.000000        0.000000        0.000000
     H   21        0.000000        0.000000        0.000000

     C   22       -0.255669       -0.028380       -0.071017
     C   22       -0.028380        0.149404       -0.205854
     C   22       -0.071017       -0.205854        0.106265

     C   23       -0.070228        0.042764       -0.005141
     C   23        0.042764        0.224130       -0.089925
     C   23       -0.005141       -0.089925       -0.153902

     Cl  24        0.083025        1.444711       -1.493426
     Cl  24        1.444711       -1.126550       -0.337956
     Cl  24       -1.493426       -0.337956        1.043525

     ----- total EFG -----
     Cl   1       -0.515032        0.487532       -0.590257
     Cl   1        0.487532        1.411270       -1.374809
     Cl   1       -0.590257       -1.374809       -0.896238

     C    2        0.129143       -0.471955       -0.118959
     C    2       -0.471955        0.074221       -0.586638
     C    2       -0.118959       -0.586638       -0.203364

     C    3       -0.591696       -0.016051       -0.258892
     C    3       -0.016051        0.316730        0.359104
     C    3       -0.258892        0.359104        0.274965

     H    4        0.412012        0.073328        0.397794
     H    4        0.073328       -0.236980       -0.245851
     H    4        0.397794       -0.245851       -0.175032

     C    5        0.185377       -0.763455       -0.403881
     C    5       -0.763455       -0.164234       -0.097796
     C    5       -0.403881       -0.097796       -0.021143

     H    6       -0.293422        0.147199        0.298873
     H    6        0.147199        0.332113        0.211085
     H    6        0.298873        0.211085       -0.038691

     H    7       -0.140980       -0.321861       -0.097318
     H    7       -0.321861        0.204229       -0.148339
     H    7       -0.097318       -0.148339       -0.063249

     C    8       -0.815513       -0.128335       -0.063676
     C    8       -0.128335        0.750488       -0.238716
     C    8       -0.063676       -0.238716        0.065025

     H    9        0.397205       -0.532667        0.120075
     H    9       -0.532667       -0.410427       -0.094005
     H    9        0.120075       -0.094005        0.013221

     C   10        0.346577        0.075645        0.152644
     C   10        0.075645        0.130228        0.160372
     C   10        0.152644        0.160372       -0.476805

     C   11       -0.458374       -0.293847       -0.039149
     C   11       -0.293847        0.333062       -0.368114
     C   11       -0.039149       -0.368114        0.125312

     Cl  12        0.370591        0.428992       -0.454645
     Cl  12        0.428992        1.194886        0.868884
     Cl  12       -0.454645        0.868884       -1.565477

     H   13        0.016402       -0.001203       -0.006164
     H   13       -0.001203        0.425841        0.521462
     H   13       -0.006164        0.521462       -0.442243

     C   14       -0.506411        0.126182        0.141650
     C   14        0.126182        0.412410       -0.245731
     C   14        0.141650       -0.245731        0.094001

     H   15        0.419485        0.358673        0.173367
     H   15        0.358673       -0.348548        0.383592
     H   15        0.173367        0.383592       -0.070937

     C   16       -0.044317       -0.356714       -0.091988
     C   16       -0.356714        0.325449       -0.503303
     C   16       -0.091988       -0.503303       -0.281132

     C   17       -0.566406       -0.037342        0.052032
     C   17       -0.037342        0.483501       -0.038302
     C   17        0.052032       -0.038302        0.082905

     Cl  18        0.030322       -1.502008       -0.072653
     Cl  18       -1.502008        2.755570        0.429786
     Cl  18       -0.072653        0.429786       -2.785891

     H   19       -0.085257        0.072246       -0.054497
     H   19        0.072246        0.120716       -0.166309
     H   19       -0.054497       -0.166309       -0.035459

     C   20        0.090545        0.002067        0.269702
     C   20        0.002067       -0.038485       -0.001385
     C   20        0.269702       -0.001385       -0.052060

     H   21        0.538756        0.018204        0.301881
     H   21        0.018204       -0.181426        0.230399
     H   21        0.301881        0.230399       -0.357330

     C   22       -0.972155       -0.112721       -0.198697
     C   22       -0.112721        0.590931       -0.619501
     C   22       -0.198697       -0.619501        0.381224

     C   23        0.063346        0.229342        0.085267
     C   23        0.229342        0.243393        0.052434
     C   23        0.085267        0.052434       -0.306739

     Cl  24       -0.040906        1.443523       -1.614735
     Cl  24        1.443523       -1.177658       -0.349843
     Cl  24       -1.614735       -0.349843        1.218564

     ----- total EFG (symmetrized) -----
     Cl   1       -0.515032        0.487532       -0.590257
     Cl   1        0.487532        1.411270       -1.374809
     Cl   1       -0.590257       -1.374809       -0.896238

     C    2        0.129143       -0.471955       -0.118959
     C    2       -0.471955        0.074221       -0.586638
     C    2       -0.118959       -0.586638       -0.203364

     C    3       -0.591696       -0.016051       -0.258892
     C    3       -0.016051        0.316730        0.359104
     C    3       -0.258892        0.359104        0.274965

     H    4        0.412012        0.073328        0.397794
     H    4        0.073328       -0.236980       -0.245851
     H    4        0.397794       -0.245851       -0.175032

     C    5        0.185377       -0.763455       -0.403881
     C    5       -0.763455       -0.164234       -0.097796
     C    5       -0.403881       -0.097796       -0.021143

     H    6       -0.293422        0.147199        0.298873
     H    6        0.147199        0.332113        0.211085
     H    6        0.298873        0.211085       -0.038691

     H    7       -0.140980       -0.321861       -0.097318
     H    7       -0.321861        0.204229       -0.148339
     H    7       -0.097318       -0.148339       -0.063249

     C    8       -0.815513       -0.128335       -0.063676
     C    8       -0.128335        0.750488       -0.238716
     C    8       -0.063676       -0.238716        0.065025

     H    9        0.397205       -0.532667        0.120075
     H    9       -0.532667       -0.410427       -0.094005
     H    9        0.120075       -0.094005        0.013221

     C   10        0.346577        0.075645        0.152644
     C   10        0.075645        0.130228        0.160372
     C   10        0.152644        0.160372       -0.476805

     C   11       -0.458374       -0.293847       -0.039149
     C   11       -0.293847        0.333062       -0.368114
     C   11       -0.039149       -0.368114        0.125312

     Cl  12        0.370591        0.428992       -0.454645
     Cl  12        0.428992        1.194886        0.868884
     Cl  12       -0.454645        0.868884       -1.565477

     H   13        0.016402       -0.001203       -0.006164
     H   13       -0.001203        0.425841        0.521462
     H   13       -0.006164        0.521462       -0.442243

     C   14       -0.506411        0.126182        0.141650
     C   14        0.126182        0.412410       -0.245731
     C   14        0.141650       -0.245731        0.094001

     H   15        0.419485        0.358673        0.173367
     H   15        0.358673       -0.348548        0.383592
     H   15        0.173367        0.383592       -0.070937

     C   16       -0.044317       -0.356714       -0.091988
     C   16       -0.356714        0.325449       -0.503303
     C   16       -0.091988       -0.503303       -0.281132

     C   17       -0.566406       -0.037342        0.052032
     C   17       -0.037342        0.483501       -0.038302
     C   17        0.052032       -0.038302        0.082905

     Cl  18        0.030322       -1.502008       -0.072653
     Cl  18       -1.502008        2.755570        0.429786
     Cl  18       -0.072653        0.429786       -2.785891

     H   19       -0.085257        0.072246       -0.054497
     H   19        0.072246        0.120716       -0.166309
     H   19       -0.054497       -0.166309       -0.035459

     C   20        0.090545        0.002067        0.269702
     C   20        0.002067       -0.038485       -0.001385
     C   20        0.269702       -0.001385       -0.052060

     H   21        0.538756        0.018204        0.301881
     H   21        0.018204       -0.181426        0.230399
     H   21        0.301881        0.230399       -0.357330

     C   22       -0.972155       -0.112721       -0.198697
     C   22       -0.112721        0.590931       -0.619501
     C   22       -0.198697       -0.619501        0.381224

     C   23        0.063346        0.229342        0.085267
     C   23        0.229342        0.243393        0.052434
     C   23        0.085267        0.052434       -0.306739

     Cl  24       -0.040906        1.443523       -1.614735
     Cl  24        1.443523       -1.177658       -0.349843
     Cl  24       -1.614735       -0.349843        1.218564


     NQR/NMR SPECTROSCOPIC PARAMETERS:
     Cl   1    Vxx=   -0.5830    axis=(  0.917613 -0.351826 -0.184946)
     Cl   1    Vyy=   -1.6454    axis=(  0.311633  0.347986  0.884189)
     Cl   1    Vzz=    2.2283    axis=( -0.246722 -0.868979  0.428957)
     Cl   1  Q=        -8.1650 1e-30 m^2  Cq=       -42.7496 MHz  eta= 0.47675

     C    2    Vxx=    0.1134    axis=(  0.760066  0.182599 -0.623664)
     C    2    Vyy=    0.7200    axis=( -0.517241  0.750970 -0.410495)
     C    2    Vzz=   -0.8333    axis=(  0.393397  0.634588  0.665235)
     C    2  Q=         1.0000 1e-30 m^2  Cq=        -1.9580 MHz  eta= 0.72791

     C    3    Vxx=   -0.0141    axis=( -0.269634 -0.714237  0.645881)
     C    3    Vyy=   -0.6705    axis=( -0.950966  0.091954 -0.295311)
     C    3    Vzz=    0.6846    axis=(  0.151531 -0.693837 -0.704009)
     C    3  Q=         1.0000 1e-30 m^2  Cq=         1.6085 MHz  eta= 0.95891

     H    4    Vxx=   -0.0465    axis=(  0.322462  0.792428 -0.517760)
     H    4    Vyy=   -0.5690    axis=( -0.337131  0.607255  0.719433)
     H    4    Vzz=    0.6155    axis=(  0.884512 -0.057437  0.462969)
     H    4  Q=         1.0000 1e-30 m^2  Cq=         1.4461 MHz  eta= 0.84887

     C    5    Vxx=    0.0284    axis=(  0.004536 -0.466881  0.884308)
     C    5    Vyy=    0.8723    axis=( -0.782664  0.548772  0.293746)
     C    5    Vzz=   -0.9007    axis=( -0.622429 -0.693448 -0.362922)
     C    5  Q=         1.0000 1e-30 m^2  Cq=        -2.1162 MHz  eta= 0.93690

     H    6    Vxx=   -0.0260    axis=(  0.441061 -0.583365  0.682020)
     H    6    Vyy=   -0.4910    axis=( -0.836184  0.008907  0.548377)
     H    6    Vzz=    0.5170    axis=(  0.325979  0.812162  0.483871)
     H    6  Q=         1.0000 1e-30 m^2  Cq=         1.2146 MHz  eta= 0.89956

     H    7    Vxx=   -0.0015    axis=( -0.454742 -0.071332  0.887762)
     H    7    Vyy=   -0.4090    axis=(  0.754319  0.499107  0.426491)
     H    7    Vzz=    0.4104    axis=( -0.473511  0.863599 -0.173158)
     H    7  Q=         1.0000 1e-30 m^2  Cq=         0.9644 MHz  eta= 0.99279

     C    8    Vxx=    0.0019    axis=( -0.118591  0.283171  0.951709)
     C    8    Vyy=    0.8320    axis=( -0.063066  0.954390 -0.291827)
     C    8    Vzz=   -0.8339    axis=( -0.990938 -0.094628 -0.095324)
     C    8  Q=         1.0000 1e-30 m^2  Cq=        -1.9593 MHz  eta= 0.99537

     H    9    Vxx=   -0.0181    axis=( -0.212271  0.054424  0.975694)
     H    9    Vyy=   -0.6764    axis=( -0.439867 -0.896901 -0.045668)
     H    9    Vzz=    0.6946    axis=(  0.872615 -0.438870  0.214325)
     H    9  Q=         1.0000 1e-30 m^2  Cq=         1.6320 MHz  eta= 0.94775

     C   10    Vxx=    0.1217    axis=(  0.400101 -0.905619 -0.140619)
     C   10    Vyy=    0.4144    axis=(  0.904369  0.365289  0.220639)
     C   10    Vzz=   -0.5361    axis=( -0.148448 -0.215449  0.965166)
     C   10  Q=         1.0000 1e-30 m^2  Cq=        -1.2596 MHz  eta= 0.54593

     C   11    Vxx=   -0.0597    axis=( -0.406063  0.444520  0.798445)
     C   11    Vyy=   -0.5939    axis=(  0.892792  0.379434  0.242802)
     C   11    Vzz=    0.6536    axis=( -0.195027  0.811438 -0.550938)
     C   11  Q=         1.0000 1e-30 m^2  Cq=         1.5358 MHz  eta= 0.81727

     Cl  12    Vxx=    0.4278    axis=(  0.936436 -0.188628 -0.295816)
     Cl  12    Vyy=    1.5229    axis=( -0.260410 -0.938730 -0.225770)
     Cl  12    Vzz=   -1.9507    axis=(  0.235105 -0.288452  0.928182)
     Cl  12  Q=        -8.1650 1e-30 m^2  Cq=        37.4225 MHz  eta= 0.56138

     H   13    Vxx=    0.0164    axis=(  0.999958  0.008192 -0.004125)
     H   13    Vyy=    0.6703    axis=( -0.005667  0.905444  0.424429)
     H   13    Vzz=   -0.6867    axis=(  0.007211 -0.424387  0.905452)
     H   13  Q=         1.0000 1e-30 m^2  Cq=        -1.6135 MHz  eta= 0.95219

     C   14    Vxx=    0.0243    axis=( -0.326644 -0.427483 -0.842948)
     C   14    Vyy=    0.5479    axis=(  0.043322  0.884160 -0.465171)
     C   14    Vzz=   -0.5721    axis=( -0.944154  0.188463  0.270286)
     C   14  Q=         1.0000 1e-30 m^2  Cq=        -1.3443 MHz  eta= 0.91515

     H   15    Vxx=   -0.0350    axis=( -0.547421  0.319863  0.773316)
     H   15    Vyy=   -0.6579    axis=( -0.202310  0.846080 -0.493172)
     H   15    Vzz=    0.6929    axis=(  0.812035  0.426423  0.398450)
     H   15  Q=         1.0000 1e-30 m^2  Cq=         1.6280 MHz  eta= 0.89898

     C   16    Vxx=   -0.0317    axis=(  0.845061  0.105320 -0.524194)
     C   16    Vyy=   -0.6782    axis=(  0.402258  0.520620  0.753089)
     C   16    Vzz=    0.7099    axis=(  0.352221 -0.847268  0.397590)
     C   16  Q=         1.0000 1e-30 m^2  Cq=         1.6680 MHz  eta= 0.91065

     C   17    Vxx=    0.0828    axis=( -0.073658 -0.101704 -0.992084)
     C   17    Vyy=    0.4888    axis=( -0.040064  0.994285 -0.098955)
     C   17    Vzz=   -0.5717    axis=( -0.996479 -0.032459  0.077311)
     C   17  Q=         1.0000 1e-30 m^2  Cq=        -1.3432 MHz  eta= 0.71017

     Cl  18    Vxx=   -0.6298    axis=(  0.915264  0.399879  0.048868)
     Cl  18    Vyy=   -2.8198    axis=(  0.017576  0.081553 -0.996514)
     Cl  18    Vzz=    3.4496    axis=( -0.402470  0.912933  0.067614)
     Cl  18  Q=        -8.1650 1e-30 m^2  Cq=       -66.1782 MHz  eta= 0.63486

     H   19    Vxx=   -0.1080    axis=(  0.944518 -0.326216 -0.038317)
     H   19    Vyy=   -0.1426    axis=(  0.201379  0.482976  0.852162)
     H   19    Vzz=    0.2506    axis=(  0.259483  0.812599 -0.521873)
     H   19  Q=         1.0000 1e-30 m^2  Cq=         0.5888 MHz  eta= 0.13806

     C   20    Vxx=   -0.0385    axis=(  0.004638  0.999940 -0.009884)
     C   20    Vyy=   -0.2598    axis=( -0.610061  0.010661  0.792282)
     C   20    Vzz=    0.2982    axis=(  0.792341  0.002355  0.610075)
     C   20  Q=         1.0000 1e-30 m^2  Cq=         0.7007 MHz  eta= 0.74205

     H   21    Vxx=   -0.0699    axis=(  0.243218 -0.865358 -0.438179)
     H   21    Vyy=   -0.5703    axis=(  0.221556  0.489365 -0.843466)
     H   21    Vzz=    0.6402    axis=(  0.944329  0.108065  0.310748)
     H   21  Q=         1.0000 1e-30 m^2  Cq=         1.5042 MHz  eta= 0.78169

     C   22    Vxx=   -0.0855    axis=( -0.245077  0.632282  0.734954)
     C   22    Vyy=   -1.0298    axis=( -0.969285 -0.143704 -0.199588)
     C   22    Vzz=    1.1153    axis=( -0.020580 -0.761294  0.648080)
     C   22  Q=         1.0000 1e-30 m^2  Cq=         2.6204 MHz  eta= 0.84672

     C   23    Vxx=   -0.0860    axis=(  0.795944 -0.581192  0.169381)
     C   23    Vyy=   -0.3254    axis=( -0.211505 -0.004817  0.977365)
     C   23    Vzz=    0.4114    axis=( -0.567220 -0.813752 -0.126759)
     C   23  Q=         1.0000 1e-30 m^2  Cq=         0.9667 MHz  eta= 0.58207

     Cl  24    Vxx=   -0.3639    axis=(  0.490844  0.598464  0.633177)
     Cl  24    Vyy=   -2.2982    axis=( -0.630833  0.745392 -0.215500)
     Cl  24    Vzz=    2.6620    axis=( -0.600934 -0.293653  0.743402)
     Cl  24  Q=        -8.1650 1e-30 m^2  Cq=       -51.0699 MHz  eta= 0.72663

     Initialization:
     gipaw_setup  :      9.50s CPU     11.09s WALL (       1 calls)

     Linear response

     Apply operators

     Induced current

     Other routines
     efg          :      9.40s CPU     11.75s WALL (       1 calls)

     General routines
     calbec       :      3.37s CPU      4.39s WALL (      16 calls)
     fft          :      1.33s CPU      1.68s WALL (      15 calls)
     ffts         :      0.04s CPU      0.04s WALL (       2 calls)
     fftw         :      3.32s CPU      4.00s WALL (     672 calls)
     davcio       :      0.03s CPU      0.33s WALL (      32 calls)

     Parallel routines
     fft_scatter  :      2.05s CPU      2.93s WALL (     689 calls)

     Plugins

     GIPAW        :     61.14s CPU     72.06s WALL (       1 calls)
