
     Program QE v.6.0 (svn rev. 13079) starts on  9Jan2017 at  0:57:39 

     This program is part of the open-source Quantum ESPRESSO suite
     for quantum simulation of materials; please cite
         "P. Giannozzi et al., J. Phys.:Condens. Matter 21 395502 (2009);
          URL http://www.quantum-espresso.org", 
     in publications or presentations arising from this work. More details at
     http://www.quantum-espresso.org/quote

     Parallel version (MPI), running on     8 processors
     R & G space division:  proc/nbgrp/npool/nimage =       8

     ***** This is GIPAW svn revision unknown      *****

     Parallelizing q-star over 1 images

     Reading data from directory:
     /users/majewski/paradichlorobenzene/pbe/9_constraint/scratch/pbe.ecut100.np8.dt60.pcl2phi-129368.save
     Message from routine read_xml_file:
     file /users/majewski/paradichlorobenzene/pbe/9_constraint/scratch/pbe.ecut100.np8.dt60.pcl2phi-129368.save not guaranteed to be safe for post-processing

   Info: using nr1, nr2, nr3 values from input

   Info: using nr1, nr2, nr3 values from input

     IMPORTANT: XC functional enforced from input :
     Exchange-correlation      =  SLA  PW   PBX  PBC ( 1  4  3  4 0 0)
     Any further DFT definition will be discarded
     Please, verify this is what you really want

               file C.pbe-n-kjpaw_psl.1.0.0.UPF: wavefunction(s)  2S 2P renormalized
               file Cl.pbe-n-kjpaw_psl.1.0.0.UPF: wavefunction(s)  3S 3P renormalized
               file H.pbe-kjpaw_psl.1.0.0.UPF: wavefunction(s)  1S renormalized

     Parallelization info
     --------------------
     sticks:   dense  smooth     PW     G-vecs:    dense   smooth      PW
     Min        3057    1223    332               144436    36536    5170
     Max        3059    1225    333               144437    36537    5171
     Sum       24467    9791   2657              1155489   292295   41363


     Subspace diagonalization in iterative solution of the eigenvalue problem:
     a serial algorithm will be used

     GIPAW projectors -----------------------------------------------
     atom=  C    l=0  rc=    1.2000  rs=    0.8000
     atom=  C    l=0  rc=    1.2000  rs=    0.8000
     atom=  C    l=1  rc=    1.4000  rs=    0.9333
     atom=  C    l=1  rc=    1.4000  rs=    0.9333
     projs nearly linearly dependent: l=1  n1,n2= 1, 2  s=  0.99951561

     atom=  Cl   l=0  rc=    1.6000  rs=    1.0667
     atom=  Cl   l=0  rc=    1.6000  rs=    1.0667
     atom=  Cl   l=1  rc=    1.6000  rs=    1.0667
     atom=  Cl   l=1  rc=    1.6000  rs=    1.0667
     atom=  Cl   l=2  rc=    1.6000  rs=    1.0667
     atom=  Cl   l=2  rc=    1.6000  rs=    1.0667
     projs nearly linearly dependent: l=2  n1,n2= 1, 2  s=  0.99993509

     atom=  H    l=0  rc=    1.0000  rs=    0.6667
     atom=  H    l=0  rc=    1.0000  rs=    0.6667
     projs nearly linearly dependent: l=0  n1,n2= 1, 2  s=  0.99968852
     -----------------------------------------------------------------

     GIPAW integrals: -------------------------------------------
     Atom  i/j   nmr_para   nmr_dia   epr_rmc  epr_para   epr_dia
       C   1 1   0.83E+03  0.17E-01  0.93E+01  0.24E+08  0.24E+03
       C   2 1   0.86E+03 -0.61E-01  0.94E+01  0.25E+08  0.25E+03
       C   2 2   0.90E+03 -0.15E+00  0.97E+01  0.26E+08  0.26E+03
       C   3 3   0.33E+01  0.34E+00  0.18E+01  0.55E+03  0.21E+02
       C   4 3   0.35E+01  0.37E+00  0.20E+01  0.59E+03  0.22E+02
       C   4 4   0.38E+01  0.39E+00  0.22E+01  0.63E+03  0.24E+02
       Cl  1 1   0.14E+04 -0.47E+00  0.84E+01  0.32E+09  0.42E+03
       Cl  2 1   0.21E+04 -0.37E+00  0.12E+02  0.49E+09  0.65E+03
       Cl  2 2   0.33E+04 -0.16E+00  0.21E+02  0.76E+09  0.10E+04
       Cl  3 3   0.21E+02  0.79E-01  0.89E+01  0.23E+05  0.13E+03
       Cl  4 3   0.24E+02  0.67E-01  0.99E+01  0.27E+05  0.15E+03
       Cl  4 4   0.28E+02  0.44E-01  0.11E+02  0.32E+05  0.18E+03
       Cl  5 5   0.77E+00  0.19E+00  0.18E+01  0.12E+03  0.22E+02
       Cl  6 5   0.80E+00  0.19E+00  0.19E+01  0.12E+03  0.23E+02
       Cl  6 6   0.83E+00  0.20E+00  0.19E+01  0.12E+03  0.23E+02
       H   1 1   0.39E+02  0.19E+00  0.29E+00  0.78E+05  0.13E+02
       H   2 1   0.41E+02  0.21E+00  0.32E+00  0.82E+05  0.14E+02
       H   2 2   0.43E+02  0.22E+00  0.36E+00  0.86E+05  0.15E+02
     ------------------------------------------------------------

     alpha_pv=     34.0210 eV

     Number of occupied bands for each k-point:
     k-point:     1    nbnd_occ=  42
     k-point:     2    nbnd_occ=  42
     k-point:     3    nbnd_occ=  42
     k-point:     4    nbnd_occ=  42
     k-point:     5    nbnd_occ=  42
     k-point:     6    nbnd_occ=  42
     k-point:     7    nbnd_occ=  42
     k-point:     8    nbnd_occ=  42
     k-point:     9    nbnd_occ=  42
     k-point:    10    nbnd_occ=  42
     k-point:    11    nbnd_occ=  42
     k-point:    12    nbnd_occ=  42
     k-point:    13    nbnd_occ=  42
     k-point:    14    nbnd_occ=  42
     k-point:    15    nbnd_occ=  42
     k-point:    16    nbnd_occ=  42


     q-space interpolation up to   110.00 Rydberg

     GIPAW job: efg                                                                             


     ELECTRIC FIELD GRADIENTS TENSORS IN Hartree/bohrradius^2:

     ----- bare term -----
     Cl   1       -0.034986        0.039861        0.055621
     Cl   1        0.039861       -0.037011        0.100215
     Cl   1        0.055621        0.100215        0.071997

     C    2       -0.065206        0.180030       -0.236184
     C    2        0.180030       -0.000935       -0.683181
     C    2       -0.236184       -0.683181        0.066141

     C    3       -0.336849        0.185096       -0.125450
     C    3        0.185096        0.052945       -0.149997
     C    3       -0.125450       -0.149997        0.283904

     H    4       -0.234303       -0.462371        0.041782
     H    4       -0.462371       -0.083854        0.142181
     H    4        0.041782        0.142181        0.318157

     C    5       -0.061478        0.249193       -0.119124
     C    5        0.249193       -0.068055       -0.428787
     C    5       -0.119124       -0.428787        0.129533

     H    6        0.247228       -0.452595        0.047916
     H    6       -0.452595       -0.620668       -0.066414
     H    6        0.047916       -0.066414        0.373440

     H    7        0.459170        0.186404        0.060228
     H    7        0.186404       -0.571261        0.221969
     H    7        0.060228        0.221969        0.112092

     C    8       -0.685828       -0.320855       -0.495200
     C    8       -0.320855        0.121041       -0.046910
     C    8       -0.495200       -0.046910        0.564787

     H    9       -0.219763        0.128055       -0.549798
     H    9        0.128055        0.369694        0.079623
     H    9       -0.549798        0.079623       -0.149931

     C   10        0.031396        0.206605       -0.352893
     C   10        0.206605       -0.150547        0.604925
     C   10       -0.352893        0.604925        0.119151

     C   11       -0.397246       -0.351839       -0.238082
     C   11       -0.351839        0.017604        0.370582
     C   11       -0.238082        0.370582        0.379642

     Cl  12        0.254783       -0.016971       -0.037074
     Cl  12       -0.016971       -0.048228       -0.404667
     Cl  12       -0.037074       -0.404667       -0.206555

     H   13        0.398948       -0.291524        0.151103
     H   13       -0.291524       -0.557824       -0.035319
     H   13        0.151103       -0.035319        0.158876

     C   14       -0.742220        0.275900       -0.450647
     C   14        0.275900        0.084684       -0.064750
     C   14       -0.450647       -0.064750        0.657536

     H   15       -0.479100       -0.293563        0.162914
     H   15       -0.293563        0.393405       -0.082885
     H   15        0.162914       -0.082885        0.085694

     C   16        0.088908        0.275493       -0.002852
     C   16        0.275493       -0.632442       -0.362317
     C   16       -0.002852       -0.362317        0.543534

     C   17       -0.599774        0.258179       -0.340760
     C   17        0.258179        0.226022       -0.107520
     C   17       -0.340760       -0.107520        0.373752

     Cl  18       -0.105963        0.051714        0.081011
     Cl  18        0.051714       -0.054562        0.134830
     Cl  18        0.081011        0.134830        0.160525

     H   19        0.448104        0.120456       -0.004811
     H   19        0.120456       -0.751924       -0.129438
     H   19       -0.004811       -0.129438        0.303820

     C   20       -0.141517        0.232064       -0.345229
     C   20        0.232064        0.036443        0.524594
     C   20       -0.345229        0.524594        0.105074

     H   21       -0.016655        0.105513       -0.335439
     H   21        0.105513       -0.129097        0.507170
     H   21       -0.335439        0.507170        0.145752

     C   22       -0.583552       -0.311717       -0.232923
     C   22       -0.311717        0.200471        0.173428
     C   22       -0.232923        0.173428        0.383081

     C   23        0.036057        0.315651       -0.448077
     C   23        0.315651       -0.285560        0.493135
     C   23       -0.448077        0.493135        0.249503

     Cl  24       -0.204183       -0.328125       -0.076870
     Cl  24       -0.328125       -0.065976       -0.022284
     Cl  24       -0.076870       -0.022284        0.270160

     ----- ionic term -----
     Cl   1        0.159678       -0.163502       -0.044166
     Cl   1       -0.163502       -0.017605        0.022286
     Cl   1       -0.044166        0.022286       -0.142073

     C    2        0.336698       -0.059309        0.086725
     C    2       -0.059309        0.126976        0.328818
     C    2        0.086725        0.328818       -0.463674

     C    3        0.225163       -0.140865        0.066103
     C    3       -0.140865        0.216414        0.352639
     C    3        0.066103        0.352639       -0.441578

     H    4        0.692183        0.483846        0.425190
     H    4        0.483846       -0.286708        0.224956
     H    4        0.425190        0.224956       -0.405475

     C    5        0.365488       -0.049093        0.158069
     C    5       -0.049093        0.097475        0.306871
     C    5        0.158069        0.306871       -0.462963

     H    6       -0.487208        0.234518        0.116104
     H    6        0.234518        0.768358        0.599269
     H    6        0.116104        0.599269       -0.281149

     H    7       -0.494450       -0.054524        0.043055
     H    7       -0.054524        0.849905       -0.538790
     H    7        0.043055       -0.538790       -0.355455

     C    8        0.262586        0.129301        0.372989
     C    8        0.129301        0.158528       -0.226382
     C    8        0.372989       -0.226382       -0.421113

     H    9        0.237446       -0.370300        0.721225
     H    9       -0.370300       -0.280659       -0.372917
     H    9        0.721225       -0.372917        0.043213

     C   10        0.007886        0.132776        0.302377
     C   10        0.132776        0.388658       -0.305121
     C   10        0.302377       -0.305121       -0.396544

     C   11        0.090003        0.105135        0.407699
     C   11        0.105135        0.306860       -0.296226
     C   11        0.407699       -0.296226       -0.396863

     Cl  12        0.128085        0.220559        0.064500
     Cl  12        0.220559        0.034586        0.038708
     Cl  12        0.064500        0.038708       -0.162671

     H   13       -0.504394        0.234704        0.058033
     H   13        0.234704        0.924983        0.454342
     H   13        0.058033        0.454342       -0.420589

     C   14        0.316697       -0.104541        0.081656
     C   14       -0.104541        0.206761        0.264519
     C   14        0.081656        0.264519       -0.523459

     H   15        0.782383        0.460314        0.418002
     H   15        0.460314       -0.296590        0.207133
     H   15        0.418002        0.207133       -0.485793

     C   16        0.153389       -0.172914        0.064192
     C   16       -0.172914        0.370676        0.393489
     C   16        0.064192        0.393489       -0.524066

     C   17        0.250798       -0.061400        0.165057
     C   17       -0.061400        0.261778        0.387122
     C   17        0.165057        0.387122       -0.512577

     Cl  18        0.159948       -0.210594       -0.017094
     Cl  18       -0.210594       -0.005729        0.017355
     Cl  18       -0.017094        0.017355       -0.154219

     H   19       -0.495570       -0.231355        0.095518
     H   19       -0.231355        0.907634       -0.453108
     H   19        0.095518       -0.453108       -0.412064

     C   20        0.196691        0.132816        0.380908
     C   20        0.132816        0.168902       -0.221480
     C   20        0.380908       -0.221480       -0.365593

     H   21        0.413527       -0.348291        0.734721
     H   21       -0.348291       -0.340547       -0.313387
     H   21        0.734721       -0.313387       -0.072980

     C   22        0.047669        0.174972        0.284583
     C   22        0.174972        0.344687       -0.336948
     C   22        0.284583       -0.336948       -0.392356

     C   23        0.155263        0.092006        0.355723
     C   23        0.092006        0.277588       -0.363153
     C   23        0.355723       -0.363153       -0.432851

     Cl  24        0.131141        0.193351        0.041401
     Cl  24        0.193351        0.038229        0.019138
     Cl  24        0.041401        0.019138       -0.169369

     ----- GIPAW term -----
     Cl   1        0.100817        0.399573       -1.095986
     Cl   1        0.399573        0.645609       -1.497802
     Cl   1       -1.095986       -1.497802       -0.746426

     C    2       -0.005036        0.058107       -0.083384
     C    2        0.058107        0.146306       -0.196017
     C    2       -0.083384       -0.196017       -0.141270

     C    3       -0.079281        0.071219       -0.057373
     C    3        0.071219        0.088426       -0.081756
     C    3       -0.057373       -0.081756       -0.009146

     H    4       -0.000000        0.000000        0.000000
     H    4        0.000000        0.000000        0.000000
     H    4        0.000000        0.000000        0.000000

     C    5       -0.048148        0.152792       -0.014737
     C    5        0.152792        0.174477       -0.119539
     C    5       -0.014737       -0.119539       -0.126329

     H    6       -0.000000        0.000000        0.000000
     H    6        0.000000        0.000000        0.000000
     H    6        0.000000        0.000000        0.000000

     H    7       -0.000000        0.000000        0.000000
     H    7        0.000000        0.000000        0.000000
     H    7        0.000000        0.000000        0.000000

     C    8       -0.126681        0.046990       -0.182843
     C    8        0.046990       -0.002950       -0.171379
     C    8       -0.182843       -0.171379        0.129631

     H    9       -0.000000        0.000000        0.000000
     H    9        0.000000        0.000000        0.000000
     H    9        0.000000        0.000000        0.000000

     C   10       -0.022962        0.223192       -0.095989
     C   10        0.223192        0.135226        0.030491
     C   10       -0.095989        0.030491       -0.112264

     C   11       -0.127128        0.022476       -0.018888
     C   11        0.022476        0.110557        0.200651
     C   11       -0.018888        0.200651        0.016571

     Cl  12       -0.060930        0.710805       -0.349319
     Cl  12        0.710805       -0.069870        0.858977
     Cl  12       -0.349319        0.858977        0.130800

     H   13       -0.000000        0.000000        0.000000
     H   13        0.000000        0.000000        0.000000
     H   13        0.000000        0.000000        0.000000

     C   14       -0.204675        0.018079       -0.108408
     C   14        0.018079       -0.033133        0.118111
     C   14       -0.108408        0.118111        0.237808

     H   15       -0.000000        0.000000        0.000000
     H   15        0.000000        0.000000        0.000000
     H   15        0.000000        0.000000        0.000000

     C   16       -0.088798        0.032739        0.037030
     C   16        0.032739       -0.135620        0.121999
     C   16        0.037030        0.121999        0.224418

     C   17       -0.105659        0.042896        0.035326
     C   17        0.042896        0.119158        0.163870
     C   17        0.035326        0.163870       -0.013498

     Cl  18        0.003130       -1.399578        0.792858
     Cl  18       -1.399578       -0.488291        1.563991
     Cl  18        0.792858        1.563991        0.485160

     H   19       -0.000000        0.000000        0.000000
     H   19        0.000000        0.000000        0.000000
     H   19        0.000000        0.000000        0.000000

     C   20       -0.070608        0.139237       -0.010267
     C   20        0.139237        0.178504        0.172153
     C   20       -0.010267        0.172153       -0.107897

     H   21       -0.000000        0.000000        0.000000
     H   21        0.000000        0.000000        0.000000
     H   21        0.000000        0.000000        0.000000

     C   22       -0.142353        0.128293       -0.052678
     C   22        0.128293        0.226626       -0.044025
     C   22       -0.052678       -0.044025       -0.084273

     C   23       -0.010499        0.210727       -0.142854
     C   23        0.210727       -0.006280       -0.101537
     C   23       -0.142854       -0.101537        0.016780

     Cl  24       -0.037752        0.822752       -2.071400
     Cl  24        0.822752       -1.342321       -0.649415
     Cl  24       -2.071400       -0.649415        1.380073

     ----- total EFG -----
     Cl   1        0.225509        0.275932       -1.084530
     Cl   1        0.275932        0.590992       -1.375301
     Cl   1       -1.084530       -1.375301       -0.816501

     C    2        0.266456        0.178829       -0.232843
     C    2        0.178829        0.272348       -0.550380
     C    2       -0.232843       -0.550380       -0.538803

     C    3       -0.190966        0.115449       -0.116719
     C    3        0.115449        0.357785        0.120886
     C    3       -0.116719        0.120886       -0.166819

     H    4        0.457880        0.021475        0.466972
     H    4        0.021475       -0.370562        0.367136
     H    4        0.466972        0.367136       -0.087317

     C    5        0.255862        0.352892        0.024208
     C    5        0.352892        0.203897       -0.241456
     C    5        0.024208       -0.241456       -0.459759

     H    6       -0.239980       -0.218077        0.164019
     H    6       -0.218077        0.147690        0.532855
     H    6        0.164019        0.532855        0.092291

     H    7       -0.035281        0.131880        0.103283
     H    7        0.131880        0.278644       -0.316821
     H    7        0.103283       -0.316821       -0.243363

     C    8       -0.549924       -0.144564       -0.305054
     C    8       -0.144564        0.276619       -0.444670
     C    8       -0.305054       -0.444670        0.273304

     H    9        0.017683       -0.242245        0.171428
     H    9       -0.242245        0.089035       -0.293295
     H    9        0.171428       -0.293295       -0.106719

     C   10        0.016320        0.562572       -0.146505
     C   10        0.562572        0.373337        0.330295
     C   10       -0.146505        0.330295       -0.389658

     C   11       -0.434371       -0.224228        0.150729
     C   11       -0.224228        0.435021        0.275008
     C   11        0.150729        0.275008       -0.000651

     Cl  12        0.321938        0.914393       -0.321894
     Cl  12        0.914393       -0.083512        0.493018
     Cl  12       -0.321894        0.493018       -0.238426

     H   13       -0.105446       -0.056820        0.209136
     H   13       -0.056820        0.367159        0.419023
     H   13        0.209136        0.419023       -0.261713

     C   14       -0.630198        0.189439       -0.477399
     C   14        0.189439        0.258313        0.317880
     C   14       -0.477399        0.317880        0.371885

     H   15        0.303283        0.166751        0.580917
     H   15        0.166751        0.096815        0.124248
     H   15        0.580917        0.124248       -0.400098

     C   16        0.153499        0.135317        0.098369
     C   16        0.135317       -0.397386        0.153171
     C   16        0.098369        0.153171        0.243886

     C   17       -0.454635        0.239675       -0.140378
     C   17        0.239675        0.606958        0.443473
     C   17       -0.140378        0.443473       -0.152323

     Cl  18        0.057115       -1.558458        0.856775
     Cl  18       -1.558458       -0.548582        1.716176
     Cl  18        0.856775        1.716176        0.491466

     H   19       -0.047466       -0.110899        0.090708
     H   19       -0.110899        0.155710       -0.582546
     H   19        0.090708       -0.582546       -0.108244

     C   20       -0.015434        0.504117        0.025412
     C   20        0.504117        0.383850        0.475268
     C   20        0.025412        0.475268       -0.368416

     H   21        0.396872       -0.242777        0.399282
     H   21       -0.242777       -0.469644        0.193783
     H   21        0.399282        0.193783        0.072772

     C   22       -0.678236       -0.008452       -0.001017
     C   22       -0.008452        0.771785       -0.207545
     C   22       -0.001017       -0.207545       -0.093548

     C   23        0.180821        0.618384       -0.235209
     C   23        0.618384       -0.014252        0.028444
     C   23       -0.235209        0.028444       -0.166569

     Cl  24       -0.110795        0.687979       -2.106869
     Cl  24        0.687979       -1.370069       -0.652562
     Cl  24       -2.106869       -0.652562        1.480863

     ----- total EFG (symmetrized) -----
     Cl   1        0.225509        0.275932       -1.084530
     Cl   1        0.275932        0.590992       -1.375301
     Cl   1       -1.084530       -1.375301       -0.816501

     C    2        0.266456        0.178829       -0.232843
     C    2        0.178829        0.272348       -0.550380
     C    2       -0.232843       -0.550380       -0.538803

     C    3       -0.190966        0.115449       -0.116719
     C    3        0.115449        0.357785        0.120886
     C    3       -0.116719        0.120886       -0.166819

     H    4        0.457880        0.021475        0.466972
     H    4        0.021475       -0.370562        0.367136
     H    4        0.466972        0.367136       -0.087317

     C    5        0.255862        0.352892        0.024208
     C    5        0.352892        0.203897       -0.241456
     C    5        0.024208       -0.241456       -0.459759

     H    6       -0.239980       -0.218077        0.164019
     H    6       -0.218077        0.147690        0.532855
     H    6        0.164019        0.532855        0.092291

     H    7       -0.035281        0.131880        0.103283
     H    7        0.131880        0.278644       -0.316821
     H    7        0.103283       -0.316821       -0.243363

     C    8       -0.549924       -0.144564       -0.305054
     C    8       -0.144564        0.276619       -0.444670
     C    8       -0.305054       -0.444670        0.273304

     H    9        0.017683       -0.242245        0.171428
     H    9       -0.242245        0.089035       -0.293295
     H    9        0.171428       -0.293295       -0.106719

     C   10        0.016320        0.562572       -0.146505
     C   10        0.562572        0.373337        0.330295
     C   10       -0.146505        0.330295       -0.389658

     C   11       -0.434371       -0.224228        0.150729
     C   11       -0.224228        0.435021        0.275008
     C   11        0.150729        0.275008       -0.000651

     Cl  12        0.321938        0.914393       -0.321894
     Cl  12        0.914393       -0.083512        0.493018
     Cl  12       -0.321894        0.493018       -0.238426

     H   13       -0.105446       -0.056820        0.209136
     H   13       -0.056820        0.367159        0.419023
     H   13        0.209136        0.419023       -0.261713

     C   14       -0.630198        0.189439       -0.477399
     C   14        0.189439        0.258313        0.317880
     C   14       -0.477399        0.317880        0.371885

     H   15        0.303283        0.166751        0.580917
     H   15        0.166751        0.096815        0.124248
     H   15        0.580917        0.124248       -0.400098

     C   16        0.153499        0.135317        0.098369
     C   16        0.135317       -0.397386        0.153171
     C   16        0.098369        0.153171        0.243886

     C   17       -0.454635        0.239675       -0.140378
     C   17        0.239675        0.606958        0.443473
     C   17       -0.140378        0.443473       -0.152323

     Cl  18        0.057115       -1.558458        0.856775
     Cl  18       -1.558458       -0.548582        1.716176
     Cl  18        0.856775        1.716176        0.491466

     H   19       -0.047466       -0.110899        0.090708
     H   19       -0.110899        0.155710       -0.582546
     H   19        0.090708       -0.582546       -0.108244

     C   20       -0.015434        0.504117        0.025412
     C   20        0.504117        0.383850        0.475268
     C   20        0.025412        0.475268       -0.368416

     H   21        0.396872       -0.242777        0.399282
     H   21       -0.242777       -0.469644        0.193783
     H   21        0.399282        0.193783        0.072772

     C   22       -0.678236       -0.008452       -0.001017
     C   22       -0.008452        0.771785       -0.207545
     C   22       -0.001017       -0.207545       -0.093548

     C   23        0.180821        0.618384       -0.235209
     C   23        0.618384       -0.014252        0.028444
     C   23       -0.235209        0.028444       -0.166569

     Cl  24       -0.110795        0.687979       -2.106869
     Cl  24        0.687979       -1.370069       -0.652562
     Cl  24       -2.106869       -0.652562        1.480863


     NQR/NMR SPECTROSCOPIC PARAMETERS:
     Cl   1    Vxx=    0.0941    axis=(  0.801286 -0.595794 -0.054494)
     Cl   1    Vyy=    1.8688    axis=( -0.475869 -0.689894  0.545523)
     Cl   1    Vzz=   -1.9629    axis=( -0.362615 -0.411188 -0.836322)
     Cl   1  Q=        -8.1650 1e-30 m^2  Cq=        37.6576 MHz  eta= 0.90412

     C    2    Vxx=    0.1207    axis=(  0.845870 -0.516663  0.132525)
     C    2    Vyy=    0.7116    axis=(  0.519619  0.742104 -0.423411)
     C    2    Vzz=   -0.8323    axis=(  0.120414  0.427013  0.896192)
     C    2  Q=         1.0000 1e-30 m^2  Cq=        -1.9556 MHz  eta= 0.70986

     C    3    Vxx=   -0.0618    axis=(  0.681682  0.023121 -0.731283)
     C    3    Vyy=   -0.3363    axis=( -0.714899  0.233690 -0.659021)
     C    3    Vzz=    0.3981    axis=( -0.155656 -0.972036 -0.175832)
     C    3  Q=         1.0000 1e-30 m^2  Cq=         0.9355 MHz  eta= 0.68936

     H    4    Vxx=   -0.0788    axis=(  0.508322 -0.659443 -0.553844)
     H    4    Vyy=   -0.6858    axis=(  0.247447  0.727857 -0.639527)
     H    4    Vzz=    0.7646    axis=(  0.824851  0.188038  0.533163)
     H    4  Q=         1.0000 1e-30 m^2  Cq=         1.7965 MHz  eta= 0.79396

     C    5    Vxx=   -0.0414    axis=( -0.690516  0.608458 -0.391110)
     C    5    Vyy=   -0.5636    axis=( -0.187094  0.372068  0.909154)
     C    5    Vzz=    0.6049    axis=(  0.698701  0.700960 -0.143080)
     C    5  Q=         1.0000 1e-30 m^2  Cq=         1.4214 MHz  eta= 0.86319

     H    6    Vxx=   -0.0459    axis=(  0.805841 -0.368320  0.463638)
     H    6    Vyy=   -0.6101    axis=(  0.589617  0.571211 -0.571026)
     H    6    Vzz=    0.6560    axis=( -0.054515  0.733525  0.677473)
     H    6  Q=         1.0000 1e-30 m^2  Cq=         1.5414 MHz  eta= 0.85995

     H    7    Vxx=    0.0073    axis=(  0.923761 -0.001822  0.382964)
     H    7    Vyy=    0.4407    axis=(  0.165065  0.904229 -0.393857)
     H    7    Vzz=   -0.4480    axis=( -0.345570  0.427044  0.835592)
     H    7  Q=         1.0000 1e-30 m^2  Cq=        -1.0526 MHz  eta= 0.96751

     C    8    Vxx=    0.0065    axis=( -0.483146  0.669767  0.563899)
     C    8    Vyy=    0.7305    axis=( -0.096146 -0.680750  0.726178)
     C    8    Vzz=   -0.7371    axis=(  0.870245  0.296634  0.393297)
     C    8  Q=         1.0000 1e-30 m^2  Cq=        -1.7318 MHz  eta= 0.98231

     H    9    Vxx=   -0.1696    axis=(  0.845471  0.424715 -0.323723)
     H    9    Vyy=   -0.3181    axis=(  0.013047  0.589589  0.807598)
     H    9    Vzz=    0.4877    axis=( -0.533862  0.687024 -0.492939)
     H    9  Q=         1.0000 1e-30 m^2  Cq=         1.1459 MHz  eta= 0.30433

     C   10    Vxx=   -0.0972    axis=(  0.661122 -0.311209 -0.682691)
     C   10    Vyy=   -0.7167    axis=( -0.510796  0.479782 -0.713370)
     C   10    Vzz=    0.8139    axis=( -0.549550 -0.820340 -0.158230)
     C   10  Q=         1.0000 1e-30 m^2  Cq=         1.9124 MHz  eta= 0.76112

     C   11    Vxx=   -0.0134    axis=( -0.455383  0.288751 -0.842169)
     C   11    Vyy=   -0.5742    axis=( -0.878847 -0.297010  0.373381)
     C   11    Vzz=    0.5876    axis=( -0.142319  0.910169  0.389021)
     C   11  Q=         1.0000 1e-30 m^2  Cq=         1.3807 MHz  eta= 0.95426

     Cl  12    Vxx=    0.1231    axis=( -0.371324  0.379113  0.847580)
     Cl  12    Vyy=    1.0588    axis=( -0.768666 -0.637568 -0.051575)
     Cl  12    Vzz=   -1.1819    axis=(  0.520837 -0.670657  0.528155)
     Cl  12  Q=        -8.1650 1e-30 m^2  Cq=        22.6741 MHz  eta= 0.79166

     H   13    Vxx=   -0.0105    axis=(  0.906078 -0.245780  0.344406)
     H   13    Vyy=   -0.5689    axis=(  0.417879  0.392204 -0.819483)
     H   13    Vzz=    0.5794    axis=(  0.066335  0.886436  0.458074)
     H   13  Q=         1.0000 1e-30 m^2  Cq=         1.3615 MHz  eta= 0.96362

     C   14    Vxx=    0.2025    axis=(  0.410787  0.824380 -0.389426)
     C   14    Vyy=    0.6957    axis=( -0.227219  0.506217  0.831935)
     C   14    Vzz=   -0.8982    axis=(  0.882964 -0.253263  0.395262)
     C   14  Q=         1.0000 1e-30 m^2  Cq=        -2.1105 MHz  eta= 0.54902

     H   15    Vxx=    0.0272    axis=(  0.297852 -0.945729  0.129929)
     H   15    Vyy=    0.7011    axis=( -0.821457 -0.323257 -0.469802)
     H   15    Vzz=   -0.7284    axis=(  0.486306  0.033200 -0.873158)
     H   15  Q=         1.0000 1e-30 m^2  Cq=        -1.7114 MHz  eta= 0.92523

     C   16    Vxx=    0.0919    axis=( -0.816907 -0.045942  0.574937)
     C   16    Vyy=    0.3610    axis=(  0.546239  0.258391  0.796779)
     C   16    Vzz=   -0.4529    axis=( -0.185164  0.964947 -0.185986)
     C   16  Q=         1.0000 1e-30 m^2  Cq=        -1.0641 MHz  eta= 0.59425

     C   17    Vxx=   -0.1823    axis=(  0.604619  0.242668 -0.758649)
     C   17    Vyy=   -0.6491    axis=( -0.786338  0.333618 -0.519972)
     C   17    Vzz=    0.8314    axis=( -0.126918 -0.910940 -0.392531)
     C   17  Q=         1.0000 1e-30 m^2  Cq=         1.9536 MHz  eta= 0.56149

     Cl  18    Vxx=    1.0550    axis=(  0.819230 -0.237614  0.521921)
     Cl  18    Vyy=    1.8276    axis=( -0.251124  0.669569  0.699009)
     Cl  18    Vzz=   -2.8825    axis=(  0.515556  0.703717 -0.488861)
     Cl  18  Q=        -8.1650 1e-30 m^2  Cq=        55.3000 MHz  eta= 0.26802

     H   19    Vxx=   -0.0769    axis=(  0.979570  0.159150 -0.122941)
     H   19    Vyy=   -0.5736    axis=( -0.003259  0.623810  0.781569)
     H   19    Vzz=    0.6504    axis=(  0.201078 -0.765201  0.611584)
     H   19  Q=         1.0000 1e-30 m^2  Cq=         1.5283 MHz  eta= 0.76365

     C   20    Vxx=   -0.1897    axis=(  0.799020 -0.248606 -0.547506)
     C   20    Vyy=   -0.6767    axis=( -0.366779  0.520020 -0.771396)
     C   20    Vzz=    0.8664    axis=(  0.476488  0.817175  0.324322)
     C   20  Q=         1.0000 1e-30 m^2  Cq=         2.0357 MHz  eta= 0.56211

     H   21    Vxx=   -0.0102    axis=( -0.411276  0.530051  0.741551)
     H   21    Vyy=   -0.6639    axis=(  0.347375  0.843290 -0.410113)
     H   21    Vzz=    0.6741    axis=( -0.842724  0.088926 -0.530951)
     H   21  Q=         1.0000 1e-30 m^2  Cq=         1.5838 MHz  eta= 0.96985

     C   22    Vxx=   -0.1407    axis=( -0.005332  0.221727  0.975094)
     C   22    Vyy=   -0.6783    axis=( -0.999971 -0.006403 -0.004012)
     C   22    Vzz=    0.8190    axis=(  0.005354 -0.975088  0.221755)
     C   22  Q=         1.0000 1e-30 m^2  Cq=         1.9244 MHz  eta= 0.65633

     C   23    Vxx=   -0.1246    axis=(  0.113492 -0.401696 -0.908713)
     C   23    Vyy=   -0.6139    axis=(  0.635724 -0.673521  0.377127)
     C   23    Vzz=    0.7385    axis=( -0.763528 -0.620492  0.178928)
     C   23  Q=         1.0000 1e-30 m^2  Cq=         1.7351 MHz  eta= 0.66250

     Cl  24    Vxx=   -1.3736    axis=(  0.491811  0.696674  0.522272)
     Cl  24    Vyy=   -1.7554    axis=( -0.663569  0.688257 -0.293219)
     Cl  24    Vzz=    3.1290    axis=( -0.563736 -0.202355  0.800784)
     Cl  24  Q=        -8.1650 1e-30 m^2  Cq=       -60.0274 MHz  eta= 0.12201

     Initialization:
     gipaw_setup  :      9.03s CPU     10.93s WALL (       1 calls)

     Linear response

     Apply operators

     Induced current

     Other routines
     efg          :      9.24s CPU     11.80s WALL (       1 calls)

     General routines
     calbec       :      3.23s CPU      4.17s WALL (      16 calls)
     fft          :      1.35s CPU      1.63s WALL (      15 calls)
     ffts         :      0.03s CPU      0.06s WALL (       2 calls)
     fftw         :      3.18s CPU      3.91s WALL (     672 calls)
     davcio       :      0.03s CPU      0.34s WALL (      32 calls)

     Parallel routines
     fft_scatter  :      1.96s CPU      2.78s WALL (     689 calls)

     Plugins

     GIPAW        :     60.99s CPU     73.18s WALL (       1 calls)
