
     Program QE v.6.0 (svn rev. 13079) starts on 18Dec2016 at 10:59:53 

     This program is part of the open-source Quantum ESPRESSO suite
     for quantum simulation of materials; please cite
         "P. Giannozzi et al., J. Phys.:Condens. Matter 21 395502 (2009);
          URL http://www.quantum-espresso.org", 
     in publications or presentations arising from this work. More details at
     http://www.quantum-espresso.org/quote

     Parallel version (MPI), running on     8 processors
     R & G space division:  proc/nbgrp/npool/nimage =       8

     ***** This is GIPAW svn revision unknown      *****

     Parallelizing q-star over 1 images

     Reading data from directory:
     /users/majewski/paradichlorobenzene/pbe/9_constraint/scratch/pbe.ecut100.np8.dt60.pcl2phi-129368.save
     Message from routine read_xml_file:
     file /users/majewski/paradichlorobenzene/pbe/9_constraint/scratch/pbe.ecut100.np8.dt60.pcl2phi-129368.save not guaranteed to be safe for post-processing

   Info: using nr1, nr2, nr3 values from input

   Info: using nr1, nr2, nr3 values from input

     IMPORTANT: XC functional enforced from input :
     Exchange-correlation      =  SLA  PW   PBX  PBC ( 1  4  3  4 0 0)
     Any further DFT definition will be discarded
     Please, verify this is what you really want

               file C.pbe-n-kjpaw_psl.1.0.0.UPF: wavefunction(s)  2S 2P renormalized
               file Cl.pbe-n-kjpaw_psl.1.0.0.UPF: wavefunction(s)  3S 3P renormalized
               file H.pbe-kjpaw_psl.1.0.0.UPF: wavefunction(s)  1S renormalized

     Parallelization info
     --------------------
     sticks:   dense  smooth     PW     G-vecs:    dense   smooth      PW
     Min        3057    1223    332               144436    36536    5170
     Max        3059    1225    333               144437    36537    5171
     Sum       24467    9791   2657              1155489   292295   41363


     Subspace diagonalization in iterative solution of the eigenvalue problem:
     a serial algorithm will be used

     GIPAW projectors -----------------------------------------------
     atom=  C    l=0  rc=    1.2000  rs=    0.8000
     atom=  C    l=0  rc=    1.2000  rs=    0.8000
     atom=  C    l=1  rc=    1.4000  rs=    0.9333
     atom=  C    l=1  rc=    1.4000  rs=    0.9333
     projs nearly linearly dependent: l=1  n1,n2= 1, 2  s=  0.99951561

     atom=  Cl   l=0  rc=    1.6000  rs=    1.0667
     atom=  Cl   l=0  rc=    1.6000  rs=    1.0667
     atom=  Cl   l=1  rc=    1.6000  rs=    1.0667
     atom=  Cl   l=1  rc=    1.6000  rs=    1.0667
     atom=  Cl   l=2  rc=    1.6000  rs=    1.0667
     atom=  Cl   l=2  rc=    1.6000  rs=    1.0667
     projs nearly linearly dependent: l=2  n1,n2= 1, 2  s=  0.99993509

     atom=  H    l=0  rc=    1.0000  rs=    0.6667
     atom=  H    l=0  rc=    1.0000  rs=    0.6667
     projs nearly linearly dependent: l=0  n1,n2= 1, 2  s=  0.99968852
     -----------------------------------------------------------------

     GIPAW integrals: -------------------------------------------
     Atom  i/j   nmr_para   nmr_dia   epr_rmc  epr_para   epr_dia
       C   1 1   0.83E+03  0.17E-01  0.93E+01  0.24E+08  0.24E+03
       C   2 1   0.86E+03 -0.61E-01  0.94E+01  0.25E+08  0.25E+03
       C   2 2   0.90E+03 -0.15E+00  0.97E+01  0.26E+08  0.26E+03
       C   3 3   0.33E+01  0.34E+00  0.18E+01  0.55E+03  0.21E+02
       C   4 3   0.35E+01  0.37E+00  0.20E+01  0.59E+03  0.22E+02
       C   4 4   0.38E+01  0.39E+00  0.22E+01  0.63E+03  0.24E+02
       Cl  1 1   0.14E+04 -0.47E+00  0.84E+01  0.32E+09  0.42E+03
       Cl  2 1   0.21E+04 -0.37E+00  0.12E+02  0.49E+09  0.65E+03
       Cl  2 2   0.33E+04 -0.16E+00  0.21E+02  0.76E+09  0.10E+04
       Cl  3 3   0.21E+02  0.79E-01  0.89E+01  0.23E+05  0.13E+03
       Cl  4 3   0.24E+02  0.67E-01  0.99E+01  0.27E+05  0.15E+03
       Cl  4 4   0.28E+02  0.44E-01  0.11E+02  0.32E+05  0.18E+03
       Cl  5 5   0.77E+00  0.19E+00  0.18E+01  0.12E+03  0.22E+02
       Cl  6 5   0.80E+00  0.19E+00  0.19E+01  0.12E+03  0.23E+02
       Cl  6 6   0.83E+00  0.20E+00  0.19E+01  0.12E+03  0.23E+02
       H   1 1   0.39E+02  0.19E+00  0.29E+00  0.78E+05  0.13E+02
       H   2 1   0.41E+02  0.21E+00  0.32E+00  0.82E+05  0.14E+02
       H   2 2   0.43E+02  0.22E+00  0.36E+00  0.86E+05  0.15E+02
     ------------------------------------------------------------

     alpha_pv=     33.9314 eV

     Number of occupied bands for each k-point:
     k-point:     1    nbnd_occ=  42
     k-point:     2    nbnd_occ=  42
     k-point:     3    nbnd_occ=  42
     k-point:     4    nbnd_occ=  42
     k-point:     5    nbnd_occ=  42
     k-point:     6    nbnd_occ=  42
     k-point:     7    nbnd_occ=  42
     k-point:     8    nbnd_occ=  42
     k-point:     9    nbnd_occ=  42
     k-point:    10    nbnd_occ=  42
     k-point:    11    nbnd_occ=  42
     k-point:    12    nbnd_occ=  42
     k-point:    13    nbnd_occ=  42
     k-point:    14    nbnd_occ=  42
     k-point:    15    nbnd_occ=  42
     k-point:    16    nbnd_occ=  42


     q-space interpolation up to   110.00 Rydberg

     GIPAW job: efg                                                                             


     ELECTRIC FIELD GRADIENTS TENSORS IN Hartree/bohrradius^2:

     ----- bare term -----
     Cl   1        0.002409        0.035765        0.064003
     Cl   1        0.035765       -0.000280        0.090765
     Cl   1        0.064003        0.090765       -0.002129

     C    2       -0.137648        0.267734       -0.123158
     C    2        0.267734       -0.322460       -0.489610
     C    2       -0.123158       -0.489610        0.460108

     C    3       -0.229537        0.345062       -0.255938
     C    3        0.345062       -0.212220       -0.455934
     C    3       -0.255938       -0.455934        0.441756

     H    4       -0.367586       -0.126822       -0.540098
     H    4       -0.126822        0.311993       -0.123098
     H    4       -0.540098       -0.123098        0.055593

     C    5       -0.552474        0.215692       -0.391728
     C    5        0.215692        0.104377       -0.258999
     C    5       -0.391728       -0.258999        0.448097

     H    6        0.154321        0.138056       -0.104968
     H    6        0.138056       -0.418647       -0.450160
     H    6       -0.104968       -0.450160        0.264326

     H    7        0.466094        0.045515       -0.036496
     H    7        0.045515       -0.793086        0.132916
     H    7       -0.036496        0.132916        0.326992

     C    8       -0.250531       -0.150030       -0.293723
     C    8       -0.150030       -0.010828        0.538254
     C    8       -0.293723        0.538254        0.261359

     H    9       -0.234189        0.520072       -0.263929
     H    9        0.520072       -0.150833        0.102631
     H    9       -0.263929        0.102631        0.385022

     C   10       -0.534164       -0.390082       -0.291838
     C   10       -0.390082        0.218566        0.319771
     C   10       -0.291838        0.319771        0.315598

     C   11        0.038628       -0.304135       -0.077943
     C   11       -0.304135       -0.155777        0.494517
     C   11       -0.077943        0.494517        0.117150

     Cl  12       -0.041397       -0.190933        0.049391
     Cl  12       -0.190933        0.095073       -0.089148
     Cl  12        0.049391       -0.089148       -0.053676

     H   13        0.212603        0.326697       -0.036148
     H   13        0.326697       -0.574169       -0.276905
     H   13       -0.036148       -0.276905        0.361567

     C   14       -0.132393       -0.366546       -0.397927
     C   14       -0.366546       -0.025337       -0.554496
     C   14       -0.397927       -0.554496        0.157730

     H   15       -0.017389       -0.275733       -0.309205
     H   15       -0.275733       -0.391763       -0.233054
     H   15       -0.309205       -0.233054        0.409152

     C   16       -0.653038        0.310966       -0.199947
     C   16        0.310966        0.269593       -0.194253
     C   16       -0.199947       -0.194253        0.383444

     C   17        0.011250       -0.012066       -0.238116
     C   17       -0.012066       -0.091563       -0.511632
     C   17       -0.238116       -0.511632        0.080313

     Cl  18       -0.270012        0.283581       -0.000930
     Cl  18        0.283581        0.096013        0.117336
     Cl  18       -0.000930        0.117336        0.173998

     H   19        0.103668        0.032024        0.355254
     H   19        0.032024       -0.009467        0.413506
     H   19        0.355254        0.413506       -0.094202

     C   20       -0.355359       -0.282962       -0.503556
     C   20       -0.282962        0.200052        0.271062
     C   20       -0.503556        0.271062        0.155307

     H   21       -0.416493        0.183740       -0.528746
     H   21        0.183740        0.305547        0.181128
     H   21       -0.528746        0.181128        0.110946

     C   22       -0.033021       -0.423559       -0.136791
     C   22       -0.423559       -0.308552        0.541109
     C   22       -0.136791        0.541109        0.341573

     C   23       -0.241005       -0.067273       -0.410352
     C   23       -0.067273       -0.040880        0.453819
     C   23       -0.410352        0.453819        0.281885

     Cl  24       -0.012970       -0.023134       -0.021579
     Cl  24       -0.023134       -0.002305        0.007187
     Cl  24       -0.021579        0.007187        0.015275

     ----- ionic term -----
     Cl   1        0.175938       -0.193439        0.023396
     Cl   1       -0.193439       -0.044976       -0.010807
     Cl   1        0.023396       -0.010807       -0.130962

     C    2        0.201612       -0.096787        0.277484
     C    2       -0.096787        0.131602        0.413624
     C    2        0.277484        0.413624       -0.333214

     C    3        0.210619       -0.300299        0.218732
     C    3       -0.300299        0.163580        0.320039
     C    3        0.218732        0.320039       -0.374199

     H    4        0.589318        0.232557        0.686773
     H    4        0.232557       -0.438084        0.229607
     H    4        0.686773        0.229607       -0.151234

     C    5        0.288472       -0.163645        0.292137
     C    5       -0.163645        0.083848        0.297121
     C    5        0.292137        0.297121       -0.372320

     H    6       -0.514092       -0.066343       -0.020708
     H    6       -0.066343        0.722743        0.663353
     H    6       -0.020708        0.663353       -0.208651

     H    7       -0.506181       -0.020474        0.016802
     H    7       -0.020474        0.765540       -0.645131
     H    7        0.016802       -0.645131       -0.259360

     C    8        0.342663        0.134230        0.240672
     C    8        0.134230        0.065792       -0.312028
     C    8        0.240672       -0.312028       -0.408455

     H    9        0.554984       -0.397396        0.634933
     H    9       -0.397396       -0.389663       -0.295583
     H    9        0.634933       -0.295583       -0.165321

     C   10        0.157728        0.193604        0.176772
     C   10        0.193604        0.246608       -0.404951
     C   10        0.176772       -0.404951       -0.404336

     C   11        0.111538        0.131882        0.289678
     C   11        0.131882        0.226637       -0.436236
     C   11        0.289678       -0.436236       -0.338174

     Cl  12        0.121643        0.206667        0.010243
     Cl  12        0.206667        0.029564        0.007319
     Cl  12        0.010243        0.007319       -0.151207

     H   13       -0.527757       -0.000804       -0.002948
     H   13       -0.000804        0.632641        0.716383
     H   13       -0.002948        0.716383       -0.104885

     C   14        0.253349       -0.085962        0.296036
     C   14       -0.085962        0.062418        0.327398
     C   14        0.296036        0.327398       -0.315767

     H   15        0.513702        0.476341        0.603177
     H   15        0.476341       -0.261133        0.326905
     H   15        0.603177        0.326905       -0.252569

     C   16        0.140102       -0.182402        0.195323
     C   16       -0.182402        0.228998        0.378056
     C   16        0.195323        0.378056       -0.369101

     C   17        0.194027       -0.160604        0.277840
     C   17       -0.160604        0.186683        0.412693
     C   17        0.277840        0.412693       -0.380710

     Cl  18        0.178074       -0.218243        0.040882
     Cl  18       -0.218243       -0.010859       -0.013675
     Cl  18        0.040882       -0.013675       -0.167216

     H   19       -0.519989        0.062975       -0.039946
     H   19        0.062975        0.424628       -0.781785
     H   19       -0.039946       -0.781785        0.095361

     C   20        0.240628        0.134051        0.259429
     C   20        0.134051       -0.027649       -0.358648
     C   20        0.259429       -0.358648       -0.212978

     H   21        0.552955       -0.362812        0.670473
     H   21       -0.362812       -0.387411       -0.293981
     H   21        0.670473       -0.293981       -0.165544

     C   22        0.125408        0.165609        0.175548
     C   22        0.165609        0.167968       -0.447204
     C   22        0.175548       -0.447204       -0.293377

     C   23        0.215677        0.130866        0.244535
     C   23        0.130866        0.143280       -0.465378
     C   23        0.244535       -0.465378       -0.358958

     Cl  24        0.167746        0.234357        0.012988
     Cl  24        0.234357       -0.010679       -0.002764
     Cl  24        0.012988       -0.002764       -0.157067

     ----- GIPAW term -----
     Cl   1        2.018529       -0.911043        1.787927
     Cl   1       -0.911043       -0.864837        0.843076
     Cl   1        1.787927        0.843076       -1.153692

     C    2        0.051935       -0.100102        0.079420
     C    2       -0.100102       -0.102355       -0.113596
     C    2        0.079420       -0.113596        0.050421

     C    3       -0.051691        0.047542       -0.072123
     C    3        0.047542       -0.028120       -0.067605
     C    3       -0.072123       -0.067605        0.079812

     H    4       -0.000000        0.000000        0.000000
     H    4        0.000000        0.000000        0.000000
     H    4        0.000000        0.000000        0.000000

     C    5       -0.079003        0.071164        0.002050
     C    5        0.071164        0.002082        0.011579
     C    5        0.002050        0.011579        0.076921

     H    6       -0.000000        0.000000        0.000000
     H    6        0.000000        0.000000        0.000000
     H    6        0.000000        0.000000        0.000000

     H    7       -0.000000        0.000000        0.000000
     H    7        0.000000        0.000000        0.000000
     H    7        0.000000        0.000000        0.000000

     C    8       -0.093017       -0.055359       -0.049706
     C    8       -0.055359        0.135573        0.197715
     C    8       -0.049706        0.197715       -0.042556

     H    9       -0.000000        0.000000        0.000000
     H    9        0.000000        0.000000        0.000000
     H    9        0.000000        0.000000        0.000000

     C   10       -0.175771       -0.154186       -0.091602
     C   10       -0.154186        0.236686        0.108803
     C   10       -0.091602        0.108803       -0.060915

     C   11        0.020146       -0.101625        0.055426
     C   11       -0.101625        0.138938       -0.051160
     C   11        0.055426       -0.051160       -0.159084

     Cl  12        1.105111        0.358263        0.533465
     Cl  12        0.358263        0.938234       -0.878735
     Cl  12        0.533465       -0.878735       -2.043346

     H   13       -0.000000        0.000000        0.000000
     H   13        0.000000        0.000000        0.000000
     H   13        0.000000        0.000000        0.000000

     C   14        0.029444       -0.227296        0.021516
     C   14       -0.227296        0.058326       -0.166899
     C   14        0.021516       -0.166899       -0.087770

     H   15       -0.000000        0.000000        0.000000
     H   15        0.000000        0.000000        0.000000
     H   15        0.000000        0.000000        0.000000

     C   16       -0.188827       -0.099262       -0.028611
     C   16       -0.099262        0.281059        0.006252
     C   16       -0.028611        0.006252       -0.092232

     C   17       -0.056621       -0.068393       -0.012244
     C   17       -0.068393        0.204839        0.081755
     C   17       -0.012244        0.081755       -0.148218

     Cl  18       -1.062865       -0.501688        0.104911
     Cl  18       -0.501688        1.767002        2.053005
     Cl  18        0.104911        2.053005       -0.704137

     H   19       -0.000000        0.000000        0.000000
     H   19        0.000000        0.000000        0.000000
     H   19        0.000000        0.000000        0.000000

     C   20        0.100765       -0.193297       -0.071747
     C   20       -0.193297        0.016436        0.026093
     C   20       -0.071747        0.026093       -0.117201

     H   21       -0.000000        0.000000        0.000000
     H   21        0.000000        0.000000        0.000000
     H   21        0.000000        0.000000        0.000000

     C   22       -0.010613       -0.128014       -0.005993
     C   22       -0.128014        0.007571        0.057988
     C   22       -0.005993        0.057988        0.003042

     C   23        0.038741        0.102349       -0.074744
     C   23        0.102349        0.023374        0.064812
     C   23       -0.074744        0.064812       -0.062115

     Cl  24        1.417085        2.238493       -0.166458
     Cl  24        2.238493        0.109930        0.062021
     Cl  24       -0.166458        0.062021       -1.527015

     ----- total EFG -----
     Cl   1        2.196875       -1.068717        1.875325
     Cl   1       -1.068717       -0.910092        0.923034
     Cl   1        1.875325        0.923034       -1.286783

     C    2        0.115899        0.070845        0.233746
     C    2        0.070845       -0.293213       -0.189582
     C    2        0.233746       -0.189582        0.177315

     C    3       -0.070609        0.092306       -0.109329
     C    3        0.092306       -0.076760       -0.203499
     C    3       -0.109329       -0.203499        0.147369

     H    4        0.221732        0.105735        0.146675
     H    4        0.105735       -0.126091        0.106509
     H    4        0.146675        0.106509       -0.095641

     C    5       -0.343005        0.123211       -0.097542
     C    5        0.123211        0.190307        0.049701
     C    5       -0.097542        0.049701        0.152698

     H    6       -0.359771        0.071713       -0.125676
     H    6        0.071713        0.304096        0.213193
     H    6       -0.125676        0.213193        0.055675

     H    7       -0.040087        0.025042       -0.019694
     H    7        0.025042       -0.027546       -0.512215
     H    7       -0.019694       -0.512215        0.067633

     C    8       -0.000886       -0.071159       -0.102757
     C    8       -0.071159        0.190537        0.423941
     C    8       -0.102757        0.423941       -0.189651

     H    9        0.320795        0.122676        0.371004
     H    9        0.122676       -0.540496       -0.192952
     H    9        0.371004       -0.192952        0.219701

     C   10       -0.552207       -0.350664       -0.206668
     C   10       -0.350664        0.701860        0.023623
     C   10       -0.206668        0.023623       -0.149653

     C   11        0.170311       -0.273877        0.267160
     C   11       -0.273877        0.209798        0.007120
     C   11        0.267160        0.007120       -0.380109

     Cl  12        1.185357        0.373997        0.593100
     Cl  12        0.373997        1.062872       -0.960564
     Cl  12        0.593100       -0.960564       -2.248229

     H   13       -0.315154        0.325894       -0.039096
     H   13        0.325894        0.058472        0.439478
     H   13       -0.039096        0.439478        0.256682

     C   14        0.150400       -0.679804       -0.080375
     C   14       -0.679804        0.095408       -0.393997
     C   14       -0.080375       -0.393997       -0.245807

     H   15        0.496313        0.200608        0.293973
     H   15        0.200608       -0.652896        0.093851
     H   15        0.293973        0.093851        0.156583

     C   16       -0.701763        0.029302       -0.033234
     C   16        0.029302        0.779651        0.190055
     C   16       -0.033234        0.190055       -0.077888

     C   17        0.148655       -0.241063        0.027479
     C   17       -0.241063        0.299958       -0.017184
     C   17        0.027479       -0.017184       -0.448614

     Cl  18       -1.154803       -0.436350        0.144863
     Cl  18       -0.436350        1.852157        2.156667
     Cl  18        0.144863        2.156667       -0.697354

     H   19       -0.416321        0.094998        0.315307
     H   19        0.094998        0.415161       -0.368278
     H   19        0.315307       -0.368278        0.001159

     C   20       -0.013967       -0.342208       -0.315874
     C   20       -0.342208        0.188839       -0.061492
     C   20       -0.315874       -0.061492       -0.174872

     H   21        0.136461       -0.179072        0.141727
     H   21       -0.179072       -0.081864       -0.112853
     H   21        0.141727       -0.112853       -0.054598

     C   22        0.081775       -0.385965        0.032764
     C   22       -0.385965       -0.133013        0.151893
     C   22        0.032764        0.151893        0.051238

     C   23        0.013413        0.165943       -0.240561
     C   23        0.165943        0.125775        0.053252
     C   23       -0.240561        0.053252       -0.139188

     Cl  24        1.571861        2.449716       -0.175049
     Cl  24        2.449716        0.096946        0.066443
     Cl  24       -0.175049        0.066443       -1.668807

     ----- total EFG (symmetrized) -----
     Cl   1        2.196875       -1.068717        1.875325
     Cl   1       -1.068717       -0.910092        0.923034
     Cl   1        1.875325        0.923034       -1.286783

     C    2        0.115899        0.070845        0.233746
     C    2        0.070845       -0.293213       -0.189582
     C    2        0.233746       -0.189582        0.177315

     C    3       -0.070609        0.092306       -0.109329
     C    3        0.092306       -0.076760       -0.203499
     C    3       -0.109329       -0.203499        0.147369

     H    4        0.221732        0.105735        0.146675
     H    4        0.105735       -0.126091        0.106509
     H    4        0.146675        0.106509       -0.095641

     C    5       -0.343005        0.123211       -0.097542
     C    5        0.123211        0.190307        0.049701
     C    5       -0.097542        0.049701        0.152698

     H    6       -0.359771        0.071713       -0.125676
     H    6        0.071713        0.304096        0.213193
     H    6       -0.125676        0.213193        0.055675

     H    7       -0.040087        0.025042       -0.019694
     H    7        0.025042       -0.027546       -0.512215
     H    7       -0.019694       -0.512215        0.067633

     C    8       -0.000886       -0.071159       -0.102757
     C    8       -0.071159        0.190537        0.423941
     C    8       -0.102757        0.423941       -0.189651

     H    9        0.320795        0.122676        0.371004
     H    9        0.122676       -0.540496       -0.192952
     H    9        0.371004       -0.192952        0.219701

     C   10       -0.552207       -0.350664       -0.206668
     C   10       -0.350664        0.701860        0.023623
     C   10       -0.206668        0.023623       -0.149653

     C   11        0.170311       -0.273877        0.267160
     C   11       -0.273877        0.209798        0.007120
     C   11        0.267160        0.007120       -0.380109

     Cl  12        1.185357        0.373997        0.593100
     Cl  12        0.373997        1.062872       -0.960564
     Cl  12        0.593100       -0.960564       -2.248229

     H   13       -0.315154        0.325894       -0.039096
     H   13        0.325894        0.058472        0.439478
     H   13       -0.039096        0.439478        0.256682

     C   14        0.150400       -0.679804       -0.080375
     C   14       -0.679804        0.095408       -0.393997
     C   14       -0.080375       -0.393997       -0.245807

     H   15        0.496313        0.200608        0.293973
     H   15        0.200608       -0.652896        0.093851
     H   15        0.293973        0.093851        0.156583

     C   16       -0.701763        0.029302       -0.033234
     C   16        0.029302        0.779651        0.190055
     C   16       -0.033234        0.190055       -0.077888

     C   17        0.148655       -0.241063        0.027479
     C   17       -0.241063        0.299958       -0.017184
     C   17        0.027479       -0.017184       -0.448614

     Cl  18       -1.154803       -0.436350        0.144863
     Cl  18       -0.436350        1.852157        2.156667
     Cl  18        0.144863        2.156667       -0.697354

     H   19       -0.416321        0.094998        0.315307
     H   19        0.094998        0.415161       -0.368278
     H   19        0.315307       -0.368278        0.001159

     C   20       -0.013967       -0.342208       -0.315874
     C   20       -0.342208        0.188839       -0.061492
     C   20       -0.315874       -0.061492       -0.174872

     H   21        0.136461       -0.179072        0.141727
     H   21       -0.179072       -0.081864       -0.112853
     H   21        0.141727       -0.112853       -0.054598

     C   22        0.081775       -0.385965        0.032764
     C   22       -0.385965       -0.133013        0.151893
     C   22        0.032764        0.151893        0.051238

     C   23        0.013413        0.165943       -0.240561
     C   23        0.165943        0.125775        0.053252
     C   23       -0.240561        0.053252       -0.139188

     Cl  24        1.571861        2.449716       -0.175049
     Cl  24        2.449716        0.096946        0.066443
     Cl  24       -0.175049        0.066443       -1.668807


     NQR/NMR SPECTROSCOPIC PARAMETERS:
     Cl   1    Vxx=   -0.1830    axis=(  0.073882 -0.823217 -0.562899)
     Cl   1    Vyy=   -2.9319    axis=(  0.385806  0.544086 -0.745066)
     Cl   1    Vzz=    3.1149    axis=(  0.919617 -0.162123  0.357801)
     Cl   1  Q=        -8.1650 1e-30 m^2  Cq=       -59.7583 MHz  eta= 0.88249

     C    2    Vxx=    0.0083    axis=(  0.735098  0.476140 -0.482619)
     C    2    Vyy=    0.3970    axis=(  0.609123 -0.151302  0.778509)
     C    2    Vzz=   -0.4054    axis=(  0.297658 -0.866255 -0.401250)
     C    2  Q=         1.0000 1e-30 m^2  Cq=        -0.9525 MHz  eta= 0.95893

     C    3    Vxx=   -0.1156    axis=(  0.904872  0.058638  0.421626)
     C    3    Vyy=   -0.2033    axis=( -0.254281  0.868794  0.424897)
     C    3    Vzz=    0.3189    axis=( -0.341391 -0.491689  0.801058)
     C    3  Q=         1.0000 1e-30 m^2  Cq=         0.7492 MHz  eta= 0.27513

     H    4    Vxx=   -0.1026    axis=(  0.481779 -0.623353 -0.615889)
     H    4    Vyy=   -0.2194    axis=(  0.055578  0.723156 -0.688445)
     H    4    Vzz=    0.3219    axis=( -0.874528 -0.297449 -0.383046)
     H    4  Q=         1.0000 1e-30 m^2  Cq=         0.7564 MHz  eta= 0.36275

     C    5    Vxx=    0.1605    axis=( -0.264911 -0.381367  0.885653)
     C    5    Vyy=    0.2303    axis=( -0.121045 -0.898050 -0.422911)
     C    5    Vzz=   -0.3908    axis=(  0.956645 -0.219238  0.191741)
     C    5  Q=         1.0000 1e-30 m^2  Cq=        -0.9182 MHz  eta= 0.17873

     H    6    Vxx=   -0.0074    axis=( -0.379885 -0.461276  0.801818)
     H    6    Vyy=   -0.4192    axis=( -0.925034  0.188869 -0.329608)
     H    6    Vzz=    0.4266    axis=(  0.000601 -0.866922 -0.498444)
     H    6  Q=         1.0000 1e-30 m^2  Cq=         1.0024 MHz  eta= 0.96517

     H    7    Vxx=   -0.0417    axis=(  0.998449 -0.028133  0.048034)
     H    7    Vyy=   -0.4944    axis=( -0.011561  0.739279  0.673300)
     H    7    Vzz=    0.5362    axis=( -0.054452 -0.672811  0.737808)
     H    7  Q=         1.0000 1e-30 m^2  Cq=         1.2598 MHz  eta= 0.84431

     C    8    Vxx=   -0.0231    axis=(  0.967780  0.249077  0.036914)
     C    8    Vyy=   -0.4692    axis=(  0.104222 -0.529702  0.841756)
     C    8    Vzz=    0.4923    axis=(  0.229216 -0.810788 -0.538594)
     C    8  Q=         1.0000 1e-30 m^2  Cq=         1.1566 MHz  eta= 0.90607

     H    9    Vxx=   -0.0085    axis=( -0.620974 -0.389819  0.680024)
     H    9    Vyy=   -0.6373    axis=(  0.238000 -0.920376 -0.310265)
     H    9    Vzz=    0.6457    axis=(  0.746825 -0.030821  0.664306)
     H    9  Q=         1.0000 1e-30 m^2  Cq=         1.5172 MHz  eta= 0.97374

     C   10    Vxx=   -0.0882    axis=( -0.297953 -0.160373  0.941013)
     C   10    Vyy=   -0.7111    axis=( -0.917951 -0.222321 -0.328540)
     C   10    Vzz=    0.7993    axis=(  0.261896 -0.961693 -0.080974)
     C   10  Q=         1.0000 1e-30 m^2  Cq=         1.8781 MHz  eta= 0.77922

     C   11    Vxx=    0.0043    axis=( -0.556625 -0.727939 -0.400341)
     C   11    Vyy=    0.5030    axis=( -0.716806  0.664425 -0.211493)
     C   11    Vzz=   -0.5073    axis=( -0.419950 -0.169245  0.891627)
     C   11  Q=         1.0000 1e-30 m^2  Cq=        -1.1919 MHz  eta= 0.98308

     Cl  12    Vxx=    1.1083    axis=( -0.710905  0.632874 -0.306731)
     Cl  12    Vyy=    1.5165    axis=(  0.681516  0.727605 -0.078280)
     Cl  12    Vzz=   -2.6248    axis=( -0.173637  0.264691  0.948572)
     Cl  12  Q=        -8.1650 1e-30 m^2  Cq=        50.3561 MHz  eta= 0.15552

     H   13    Vxx=   -0.0459    axis=( -0.653004 -0.468053  0.595409)
     H   13    Vyy=   -0.5964    axis=( -0.732145  0.591280 -0.338159)
     H   13    Vzz=    0.6423    axis=(  0.193777  0.656745  0.728791)
     H   13  Q=         1.0000 1e-30 m^2  Cq=         1.5092 MHz  eta= 0.85703

     C   14    Vxx=   -0.0647    axis=(  0.529395  0.262852 -0.806628)
     C   14    Vyy=   -0.7842    axis=(  0.520508  0.650176  0.553483)
     C   14    Vzz=    0.8489    axis=( -0.669934  0.712868 -0.207383)
     C   14  Q=         1.0000 1e-30 m^2  Cq=         1.9946 MHz  eta= 0.84764

     H   15    Vxx=   -0.0126    axis=( -0.492142 -0.026654  0.870107)
     H   15    Vyy=   -0.6894    axis=( -0.152972  0.986625 -0.056300)
     H   15    Vzz=    0.7019    axis=( -0.856969 -0.160810 -0.489637)
     H   15  Q=         1.0000 1e-30 m^2  Cq=         1.6492 MHz  eta= 0.96419

     C   16    Vxx=   -0.1156    axis=( -0.065621 -0.205164  0.976525)
     C   16    Vyy=   -0.7046    axis=(  0.997742 -0.027541  0.061261)
     C   16    Vzz=    0.8202    axis=(  0.014326  0.978340  0.206508)
     C   16  Q=         1.0000 1e-30 m^2  Cq=         1.9271 MHz  eta= 0.71815

     C   17    Vxx=   -0.0280    axis=(  0.804722  0.592974  0.028348)
     C   17    Vyy=   -0.4499    axis=(  0.042094 -0.009363 -0.999070)
     C   17    Vzz=    0.4779    axis=( -0.592157  0.805167 -0.032495)
     C   17  Q=         1.0000 1e-30 m^2  Cq=         1.1230 MHz  eta= 0.88280

     Cl  18    Vxx=   -1.0451    axis=(  0.930201 -0.118499  0.347396)
     Cl  18    Vyy=   -2.0598    axis=( -0.359854 -0.480914  0.799517)
     Cl  18    Vzz=    3.1049    axis=( -0.072325  0.868723  0.489989)
     Cl  18  Q=        -8.1650 1e-30 m^2  Cq=       -59.5663 MHz  eta= 0.32680

     H   19    Vxx=    0.0170    axis=( -0.584085 -0.471657 -0.660594)
     H   19    Vyy=    0.6370    axis=( -0.082457  0.844115 -0.529783)
     H   19    Vzz=   -0.6540    axis=( -0.807493  0.254968  0.531926)
     H   19  Q=         1.0000 1e-30 m^2  Cq=        -1.5367 MHz  eta= 0.94801

     C   20    Vxx=    0.0442    axis=( -0.378151 -0.592360  0.711416)
     C   20    Vyy=    0.4803    axis=( -0.653582  0.715073  0.247996)
     C   20    Vzz=   -0.5245    axis=( -0.655617 -0.371188 -0.657561)
     C   20  Q=         1.0000 1e-30 m^2  Cq=        -1.2324 MHz  eta= 0.83135

     H   21    Vxx=   -0.1272    axis=( -0.556377 -0.176503  0.811967)
     H   21    Vyy=   -0.1951    axis=(  0.300357  0.868385  0.394579)
     H   21    Vzz=    0.3223    axis=( -0.774745  0.463415 -0.430136)
     H   21  Q=         1.0000 1e-30 m^2  Cq=         0.7572 MHz  eta= 0.21070

     C   22    Vxx=    0.0762    axis=(  0.324818  0.084666  0.941979)
     C   22    Vyy=    0.3888    axis=(  0.757306 -0.619911 -0.205420)
     C   22    Vzz=   -0.4650    axis=(  0.566552  0.780091 -0.265476)
     C   22  Q=         1.0000 1e-30 m^2  Cq=        -1.0926 MHz  eta= 0.67232

     C   23    Vxx=    0.0801    axis=( -0.385067  0.706340  0.593975)
     C   23    Vyy=    0.2779    axis=( -0.694197 -0.645778  0.317902)
     C   23    Vzz=   -0.3580    axis=(  0.608123 -0.289922  0.739007)
     C   23  Q=         1.0000 1e-30 m^2  Cq=        -0.8412 MHz  eta= 0.55261

     Cl  24    Vxx=   -1.5374    axis=(  0.372696 -0.527590 -0.763378)
     Cl  24    Vyy=   -1.8573    axis=(  0.465442 -0.605399  0.645644)
     Cl  24    Vzz=    3.3947    axis=( -0.802784 -0.595937  0.019933)
     Cl  24  Q=        -8.1650 1e-30 m^2  Cq=       -65.1261 MHz  eta= 0.09423

     Initialization:
     gipaw_setup  :      8.96s CPU     10.90s WALL (       1 calls)

     Linear response

     Apply operators

     Induced current

     Other routines
     efg          :      9.24s CPU     12.10s WALL (       1 calls)

     General routines
     calbec       :      3.35s CPU      4.88s WALL (      16 calls)
     fft          :      1.89s CPU      3.32s WALL (      15 calls)
     ffts         :      0.03s CPU      0.04s WALL (       2 calls)
     fftw         :      3.14s CPU      3.85s WALL (     672 calls)
     davcio       :      0.04s CPU      0.33s WALL (      32 calls)

     Parallel routines
     fft_scatter  :      2.37s CPU      4.25s WALL (     689 calls)

     Plugins

     GIPAW        :     64.94s CPU     78.84s WALL (       1 calls)
