
     Program QE v.6.0 (svn rev. 13079) starts on 30Dec2016 at 12:35:58 

     This program is part of the open-source Quantum ESPRESSO suite
     for quantum simulation of materials; please cite
         "P. Giannozzi et al., J. Phys.:Condens. Matter 21 395502 (2009);
          URL http://www.quantum-espresso.org", 
     in publications or presentations arising from this work. More details at
     http://www.quantum-espresso.org/quote

     Parallel version (MPI), running on     8 processors
     R & G space division:  proc/nbgrp/npool/nimage =       8

     ***** This is GIPAW svn revision unknown      *****

     Parallelizing q-star over 1 images

     Reading data from directory:
     /users/majewski/paradichlorobenzene/pbe/9_constraint/scratch/pbe.ecut100.np8.dt60.pcl2phi-129368.save
     Message from routine read_xml_file:
     file /users/majewski/paradichlorobenzene/pbe/9_constraint/scratch/pbe.ecut100.np8.dt60.pcl2phi-129368.save not guaranteed to be safe for post-processing

   Info: using nr1, nr2, nr3 values from input

   Info: using nr1, nr2, nr3 values from input

     IMPORTANT: XC functional enforced from input :
     Exchange-correlation      =  SLA  PW   PBX  PBC ( 1  4  3  4 0 0)
     Any further DFT definition will be discarded
     Please, verify this is what you really want

               file C.pbe-n-kjpaw_psl.1.0.0.UPF: wavefunction(s)  2S 2P renormalized
               file Cl.pbe-n-kjpaw_psl.1.0.0.UPF: wavefunction(s)  3S 3P renormalized
               file H.pbe-kjpaw_psl.1.0.0.UPF: wavefunction(s)  1S renormalized

     Parallelization info
     --------------------
     sticks:   dense  smooth     PW     G-vecs:    dense   smooth      PW
     Min        3057    1223    332               144436    36536    5170
     Max        3059    1225    333               144437    36537    5171
     Sum       24467    9791   2657              1155489   292295   41363


     Subspace diagonalization in iterative solution of the eigenvalue problem:
     a serial algorithm will be used

     GIPAW projectors -----------------------------------------------
     atom=  C    l=0  rc=    1.2000  rs=    0.8000
     atom=  C    l=0  rc=    1.2000  rs=    0.8000
     atom=  C    l=1  rc=    1.4000  rs=    0.9333
     atom=  C    l=1  rc=    1.4000  rs=    0.9333
     projs nearly linearly dependent: l=1  n1,n2= 1, 2  s=  0.99951561

     atom=  Cl   l=0  rc=    1.6000  rs=    1.0667
     atom=  Cl   l=0  rc=    1.6000  rs=    1.0667
     atom=  Cl   l=1  rc=    1.6000  rs=    1.0667
     atom=  Cl   l=1  rc=    1.6000  rs=    1.0667
     atom=  Cl   l=2  rc=    1.6000  rs=    1.0667
     atom=  Cl   l=2  rc=    1.6000  rs=    1.0667
     projs nearly linearly dependent: l=2  n1,n2= 1, 2  s=  0.99993509

     atom=  H    l=0  rc=    1.0000  rs=    0.6667
     atom=  H    l=0  rc=    1.0000  rs=    0.6667
     projs nearly linearly dependent: l=0  n1,n2= 1, 2  s=  0.99968852
     -----------------------------------------------------------------

     GIPAW integrals: -------------------------------------------
     Atom  i/j   nmr_para   nmr_dia   epr_rmc  epr_para   epr_dia
       C   1 1   0.83E+03  0.17E-01  0.93E+01  0.24E+08  0.24E+03
       C   2 1   0.86E+03 -0.61E-01  0.94E+01  0.25E+08  0.25E+03
       C   2 2   0.90E+03 -0.15E+00  0.97E+01  0.26E+08  0.26E+03
       C   3 3   0.33E+01  0.34E+00  0.18E+01  0.55E+03  0.21E+02
       C   4 3   0.35E+01  0.37E+00  0.20E+01  0.59E+03  0.22E+02
       C   4 4   0.38E+01  0.39E+00  0.22E+01  0.63E+03  0.24E+02
       Cl  1 1   0.14E+04 -0.47E+00  0.84E+01  0.32E+09  0.42E+03
       Cl  2 1   0.21E+04 -0.37E+00  0.12E+02  0.49E+09  0.65E+03
       Cl  2 2   0.33E+04 -0.16E+00  0.21E+02  0.76E+09  0.10E+04
       Cl  3 3   0.21E+02  0.79E-01  0.89E+01  0.23E+05  0.13E+03
       Cl  4 3   0.24E+02  0.67E-01  0.99E+01  0.27E+05  0.15E+03
       Cl  4 4   0.28E+02  0.44E-01  0.11E+02  0.32E+05  0.18E+03
       Cl  5 5   0.77E+00  0.19E+00  0.18E+01  0.12E+03  0.22E+02
       Cl  6 5   0.80E+00  0.19E+00  0.19E+01  0.12E+03  0.23E+02
       Cl  6 6   0.83E+00  0.20E+00  0.19E+01  0.12E+03  0.23E+02
       H   1 1   0.39E+02  0.19E+00  0.29E+00  0.78E+05  0.13E+02
       H   2 1   0.41E+02  0.21E+00  0.32E+00  0.82E+05  0.14E+02
       H   2 2   0.43E+02  0.22E+00  0.36E+00  0.86E+05  0.15E+02
     ------------------------------------------------------------

     alpha_pv=     34.2389 eV

     Number of occupied bands for each k-point:
     k-point:     1    nbnd_occ=  42
     k-point:     2    nbnd_occ=  42
     k-point:     3    nbnd_occ=  42
     k-point:     4    nbnd_occ=  42
     k-point:     5    nbnd_occ=  42
     k-point:     6    nbnd_occ=  42
     k-point:     7    nbnd_occ=  42
     k-point:     8    nbnd_occ=  42
     k-point:     9    nbnd_occ=  42
     k-point:    10    nbnd_occ=  42
     k-point:    11    nbnd_occ=  42
     k-point:    12    nbnd_occ=  42
     k-point:    13    nbnd_occ=  42
     k-point:    14    nbnd_occ=  42
     k-point:    15    nbnd_occ=  42
     k-point:    16    nbnd_occ=  42


     q-space interpolation up to   110.00 Rydberg

     GIPAW job: efg                                                                             


     ELECTRIC FIELD GRADIENTS TENSORS IN Hartree/bohrradius^2:

     ----- bare term -----
     Cl   1       -0.255295        0.352742        0.034052
     Cl   1        0.352742        0.016887       -0.027118
     Cl   1        0.034052       -0.027118        0.238408

     C    2        0.020875       -0.225684       -0.375506
     C    2       -0.225684        0.013906       -0.679065
     C    2       -0.375506       -0.679065       -0.034781

     C    3       -0.556351        0.320978       -0.333242
     C    3        0.320978        0.151377       -0.078539
     C    3       -0.333242       -0.078539        0.404975

     H    4       -0.061047       -0.122592       -0.348290
     H    4       -0.122592        0.233869       -0.489989
     H    4       -0.348290       -0.489989       -0.172821

     C    5       -0.107719       -0.145066       -0.368169
     C    5       -0.145066       -0.203748       -0.304740
     C    5       -0.368169       -0.304740        0.311467

     H    6        0.415948        0.080027        0.157433
     H    6        0.080027       -0.176189       -0.625396
     H    6        0.157433       -0.625396       -0.239759

     H    7        0.445731        0.066656        0.025987
     H    7        0.066656       -0.439244        0.532687
     H    7        0.025987        0.532687       -0.006488

     C    8       -0.823608       -0.432424       -0.445338
     C    8       -0.432424        0.497782        0.069311
     C    8       -0.445338        0.069311        0.325825

     H    9        0.146383       -0.063933       -0.405328
     H    9       -0.063933        0.012271       -0.263135
     H    9       -0.405328       -0.263135       -0.158654

     C   10        0.263568       -0.181693        0.077208
     C   10       -0.181693       -0.230715        0.392415
     C   10        0.077208        0.392415       -0.032853

     C   11       -0.465905       -0.376828       -0.430810
     C   11       -0.376828        0.210133        0.064833
     C   11       -0.430810        0.064833        0.255773

     Cl  12        0.140383        0.245668        0.078300
     Cl  12        0.245668       -0.387838       -0.240641
     Cl  12        0.078300       -0.240641        0.247456

     H   13        0.455667        0.069274       -0.084953
     H   13        0.069274        0.121718       -0.085193
     H   13       -0.084953       -0.085193       -0.577385

     C   14       -0.554201        0.310224       -0.053834
     C   14        0.310224        0.251238       -0.082785
     C   14       -0.053834       -0.082785        0.302963

     H   15        0.062751        0.128031       -0.454481
     H   15        0.128031        0.025956        0.227857
     H   15       -0.454481        0.227857       -0.088707

     C   16        0.173854        0.000187       -0.223339
     C   16        0.000187       -0.100470       -0.553813
     C   16       -0.223339       -0.553813       -0.073384

     C   17       -0.787559        0.412236       -0.359070
     C   17        0.412236        0.311482       -0.024166
     C   17       -0.359070       -0.024166        0.476078

     Cl  18        0.014576       -0.155660       -0.033605
     Cl  18       -0.155660        0.106473        0.025929
     Cl  18       -0.033605        0.025929       -0.121049

     H   19        0.431766        0.208436       -0.066662
     H   19        0.208436       -0.670620        0.468451
     H   19       -0.066662        0.468451        0.238855

     C   20       -0.062834       -0.254798       -0.097668
     C   20       -0.254798       -0.072475        0.409585
     C   20       -0.097668        0.409585        0.135309

     H   21        0.003785        0.323905       -0.424150
     H   21        0.323905       -0.026260        0.473105
     H   21       -0.424150        0.473105        0.022475

     C   22       -0.728330       -0.365987       -0.303657
     C   22       -0.365987        0.245677        0.014418
     C   22       -0.303657        0.014418        0.482653

     C   23        0.003408       -0.016121       -0.215069
     C   23       -0.016121       -0.417400        0.346910
     C   23       -0.215069        0.346910        0.413992

     Cl  24       -0.223851       -0.165136       -0.094387
     Cl  24       -0.165136       -0.095498       -0.097552
     Cl  24       -0.094387       -0.097552        0.319349

     ----- ionic term -----
     Cl   1        0.143358       -0.194655       -0.023726
     Cl   1       -0.194655       -0.012288        0.025021
     Cl   1       -0.023726        0.025021       -0.131069

     C    2        0.144165       -0.239423        0.222359
     C    2       -0.239423       -0.030365        0.469820
     C    2        0.222359        0.469820       -0.113799

     C    3        0.147547       -0.318769        0.148322
     C    3       -0.318769        0.038703        0.451899
     C    3        0.148322        0.451899       -0.186250

     H    4        0.543865        0.211051        0.763852
     H    4        0.211051       -0.517007        0.218711
     H    4        0.763852        0.218711       -0.026858

     C    5        0.294384       -0.260853        0.251566
     C    5       -0.260853       -0.049953        0.333977
     C    5        0.251566        0.333977       -0.244430

     H    6       -0.539617        0.047129        0.050174
     H    6        0.047129        0.550015        0.786883
     H    6        0.050174        0.786883       -0.010398

     H    7       -0.523305       -0.105086        0.079488
     H    7       -0.105086        0.572339       -0.724337
     H    7        0.079488       -0.724337       -0.049034

     C    8        0.123040        0.207342        0.404783
     C    8        0.207342        0.070138       -0.238945
     C    8        0.404783       -0.238945       -0.193178

     H    9        0.460530       -0.107903        0.775424
     H    9       -0.107903       -0.455663       -0.158989
     H    9        0.775424       -0.158989       -0.004868

     C   10       -0.000581        0.286756        0.272848
     C   10        0.286756        0.197761       -0.329540
     C   10        0.272848       -0.329540       -0.197180

     C   11        0.109432        0.219217        0.357473
     C   11        0.219217        0.107396       -0.383249
     C   11        0.357473       -0.383249       -0.216828

     Cl  12        0.123149        0.220718        0.048202
     Cl  12        0.220718        0.027060        0.017964
     Cl  12        0.048202        0.017964       -0.150209

     H   13       -0.511229        0.073445        0.096212
     H   13        0.073445        0.190884        0.790687
     H   13        0.096212        0.790687        0.320345

     C   14        0.235242       -0.225398        0.263751
     C   14       -0.225398       -0.125172        0.334341
     C   14        0.263751        0.334341       -0.110069

     H   15        0.406384        0.123192        0.781349
     H   15        0.123192       -0.507116        0.198065
     H   15        0.781349        0.198065        0.100733

     C   16        0.127912       -0.311765        0.166924
     C   16       -0.311765       -0.016124        0.404069
     C   16        0.166924        0.404069       -0.111788

     C   17        0.240916       -0.222370        0.315781
     C   17       -0.222370       -0.109148        0.371417
     C   17        0.315781        0.371417       -0.131769

     Cl  18        0.145134       -0.226590        0.021096
     Cl  18       -0.226590       -0.018477       -0.007963
     Cl  18        0.021096       -0.007963       -0.126657

     H   19       -0.518018       -0.040020        0.042958
     H   19       -0.040020        0.593544       -0.717263
     H   19        0.042958       -0.717263       -0.075526

     C   20        0.211652        0.194587        0.385103
     C   20        0.194587        0.047282       -0.246973
     C   20        0.385103       -0.246973       -0.258934

     H   21        0.484119       -0.413204        0.667355
     H   21       -0.413204       -0.347508       -0.301511
     H   21        0.667355       -0.301511       -0.136611

     C   22        0.074348        0.161173        0.268885
     C   22        0.161173        0.217697       -0.317593
     C   22        0.268885       -0.317593       -0.292045

     C   23        0.117293        0.214841        0.374890
     C   23        0.214841        0.119513       -0.331464
     C   23        0.374890       -0.331464       -0.236806

     Cl  24        0.105390        0.213364        0.020089
     Cl  24        0.213364        0.057195        0.012387
     Cl  24        0.020089        0.012387       -0.162585

     ----- GIPAW term -----
     Cl   1       -1.322054       -0.658739        0.247173
     Cl   1       -0.658739        1.608656       -2.024545
     Cl   1        0.247173       -2.024545       -0.286602

     C    2       -0.051803       -0.148130       -0.043750
     C    2       -0.148130        0.226313       -0.080690
     C    2       -0.043750       -0.080690       -0.174510

     C    3       -0.115235       -0.127817       -0.123369
     C    3       -0.127817        0.153027        0.128179
     C    3       -0.123369        0.128179       -0.037793

     H    4       -0.000000        0.000000        0.000000
     H    4        0.000000        0.000000        0.000000
     H    4        0.000000        0.000000        0.000000

     C    5       -0.074193       -0.130845       -0.133670
     C    5       -0.130845       -0.016374        0.127001
     C    5       -0.133670        0.127001        0.090567

     H    6       -0.000000        0.000000        0.000000
     H    6        0.000000        0.000000        0.000000
     H    6        0.000000        0.000000        0.000000

     H    7       -0.000000        0.000000        0.000000
     H    7        0.000000        0.000000        0.000000
     H    7        0.000000        0.000000        0.000000

     C    8       -0.175795       -0.177023       -0.024599
     C    8       -0.177023        0.260264       -0.076465
     C    8       -0.024599       -0.076465       -0.084468

     H    9       -0.000000        0.000000        0.000000
     H    9        0.000000        0.000000        0.000000
     H    9        0.000000        0.000000        0.000000

     C   10       -0.006623       -0.040055        0.023892
     C   10       -0.040055        0.077369        0.015431
     C   10        0.023892        0.015431       -0.070746

     C   11       -0.047249       -0.106818       -0.042410
     C   11       -0.106818        0.150254       -0.005119
     C   11       -0.042410       -0.005119       -0.103005

     Cl  12        0.273145        0.095311       -0.294929
     Cl  12        0.095311        0.723305        0.457413
     Cl  12       -0.294929        0.457413       -0.996450

     H   13       -0.000000        0.000000        0.000000
     H   13        0.000000        0.000000        0.000000
     H   13        0.000000        0.000000        0.000000

     C   14       -0.103231       -0.029343        0.031643
     C   14       -0.029343        0.123889       -0.054192
     C   14        0.031643       -0.054192       -0.020657

     H   15       -0.000000        0.000000        0.000000
     H   15        0.000000        0.000000        0.000000
     H   15        0.000000        0.000000        0.000000

     C   16       -0.062873       -0.045980       -0.020073
     C   16       -0.045980        0.176189       -0.075508
     C   16       -0.020073       -0.075508       -0.113316

     C   17       -0.168285       -0.072090       -0.069793
     C   17       -0.072090        0.207236        0.159095
     C   17       -0.069793        0.159095       -0.038951

     Cl  18        1.111334       -3.393221       -0.276884
     Cl  18       -3.393221        1.315328        0.231072
     Cl  18       -0.276884        0.231072       -2.426663

     H   19       -0.000000        0.000000        0.000000
     H   19        0.000000        0.000000        0.000000
     H   19        0.000000        0.000000        0.000000

     C   20       -0.079201       -0.138381        0.024369
     C   20       -0.138381        0.212704        0.012588
     C   20        0.024369        0.012588       -0.133503

     H   21       -0.000000        0.000000        0.000000
     H   21        0.000000        0.000000        0.000000
     H   21        0.000000        0.000000        0.000000

     C   22       -0.222092       -0.114434        0.026613
     C   22       -0.114434        0.101018       -0.187367
     C   22        0.026613       -0.187367        0.121074

     C   23       -0.070425        0.086347       -0.004755
     C   23        0.086347       -0.055290       -0.165424
     C   23       -0.004755       -0.165424        0.125714

     Cl  24       -0.429682        1.522499       -0.947862
     Cl  24        1.522499       -0.839707       -1.121607
     Cl  24       -0.947862       -1.121607        1.269389

     ----- total EFG -----
     Cl   1       -1.433991       -0.500653        0.257499
     Cl   1       -0.500653        1.613255       -2.026643
     Cl   1        0.257499       -2.026643       -0.179264

     C    2        0.113236       -0.613237       -0.196897
     C    2       -0.613237        0.209854       -0.289934
     C    2       -0.196897       -0.289934       -0.323091

     C    3       -0.524039       -0.125608       -0.308289
     C    3       -0.125608        0.343107        0.501539
     C    3       -0.308289        0.501539        0.180932

     H    4        0.482818        0.088459        0.415562
     H    4        0.088459       -0.283138       -0.271278
     H    4        0.415562       -0.271278       -0.199680

     C    5        0.112472       -0.536764       -0.250272
     C    5       -0.536764       -0.270075        0.156238
     C    5       -0.250272        0.156238        0.157603

     H    6       -0.123669        0.127156        0.207608
     H    6        0.127156        0.373826        0.161487
     H    6        0.207608        0.161487       -0.250157

     H    7       -0.077573       -0.038430        0.105475
     H    7       -0.038430        0.133095       -0.191650
     H    7        0.105475       -0.191650       -0.055522

     C    8       -0.876363       -0.402105       -0.065154
     C    8       -0.402105        0.828184       -0.246099
     C    8       -0.065154       -0.246099        0.048179

     H    9        0.606913       -0.171836        0.370097
     H    9       -0.171836       -0.443392       -0.422123
     H    9        0.370097       -0.422123       -0.163522

     C   10        0.256364        0.065008        0.373949
     C   10        0.065008        0.044416        0.078307
     C   10        0.373949        0.078307       -0.300780

     C   11       -0.403722       -0.264428       -0.115748
     C   11       -0.264428        0.467783       -0.323535
     C   11       -0.115748       -0.323535       -0.064061

     Cl  12        0.536677        0.561697       -0.168427
     Cl  12        0.561697        0.362526        0.234737
     Cl  12       -0.168427        0.234737       -0.899204

     H   13       -0.055562        0.142719        0.011259
     H   13        0.142719        0.312602        0.705494
     H   13        0.011259        0.705494       -0.257040

     C   14       -0.422191        0.055482        0.241560
     C   14        0.055482        0.249954        0.197365
     C   14        0.241560        0.197365        0.172236

     H   15        0.469135        0.251222        0.326868
     H   15        0.251222       -0.481161        0.425922
     H   15        0.326868        0.425922        0.012026

     C   16        0.238893       -0.357558       -0.076488
     C   16       -0.357558        0.059595       -0.225252
     C   16       -0.076488       -0.225252       -0.298488

     C   17       -0.714928        0.117776       -0.113082
     C   17        0.117776        0.409570        0.506346
     C   17       -0.113082        0.506346        0.305358

     Cl  18        1.271044       -3.775471       -0.289392
     Cl  18       -3.775471        1.403324        0.249038
     Cl  18       -0.289392        0.249038       -2.674368

     H   19       -0.086252        0.168417       -0.023704
     H   19        0.168417       -0.077076       -0.248812
     H   19       -0.023704       -0.248812        0.163328

     C   20        0.069617       -0.198592        0.311805
     C   20       -0.198592        0.187511        0.175199
     C   20        0.311805        0.175199       -0.257128

     H   21        0.487905       -0.089300        0.243205
     H   21       -0.089300       -0.373768        0.171594
     H   21        0.243205        0.171594       -0.114136

     C   22       -0.876074       -0.319248       -0.008159
     C   22       -0.319248        0.564392       -0.490541
     C   22       -0.008159       -0.490541        0.311682

     C   23        0.050276        0.285067        0.155066
     C   23        0.285067       -0.353176       -0.149979
     C   23        0.155066       -0.149979        0.302900

     Cl  24       -0.548142        1.570728       -1.022160
     Cl  24        1.570728       -0.878010       -1.206771
     Cl  24       -1.022160       -1.206771        1.426152

     ----- total EFG (symmetrized) -----
     Cl   1       -1.433991       -0.500653        0.257499
     Cl   1       -0.500653        1.613255       -2.026643
     Cl   1        0.257499       -2.026643       -0.179264

     C    2        0.113236       -0.613237       -0.196897
     C    2       -0.613237        0.209854       -0.289934
     C    2       -0.196897       -0.289934       -0.323091

     C    3       -0.524039       -0.125608       -0.308289
     C    3       -0.125608        0.343107        0.501539
     C    3       -0.308289        0.501539        0.180932

     H    4        0.482818        0.088459        0.415562
     H    4        0.088459       -0.283138       -0.271278
     H    4        0.415562       -0.271278       -0.199680

     C    5        0.112472       -0.536764       -0.250272
     C    5       -0.536764       -0.270075        0.156238
     C    5       -0.250272        0.156238        0.157603

     H    6       -0.123669        0.127156        0.207608
     H    6        0.127156        0.373826        0.161487
     H    6        0.207608        0.161487       -0.250157

     H    7       -0.077573       -0.038430        0.105475
     H    7       -0.038430        0.133095       -0.191650
     H    7        0.105475       -0.191650       -0.055522

     C    8       -0.876363       -0.402105       -0.065154
     C    8       -0.402105        0.828184       -0.246099
     C    8       -0.065154       -0.246099        0.048179

     H    9        0.606913       -0.171836        0.370097
     H    9       -0.171836       -0.443392       -0.422123
     H    9        0.370097       -0.422123       -0.163522

     C   10        0.256364        0.065008        0.373949
     C   10        0.065008        0.044416        0.078307
     C   10        0.373949        0.078307       -0.300780

     C   11       -0.403722       -0.264428       -0.115748
     C   11       -0.264428        0.467783       -0.323535
     C   11       -0.115748       -0.323535       -0.064061

     Cl  12        0.536677        0.561697       -0.168427
     Cl  12        0.561697        0.362526        0.234737
     Cl  12       -0.168427        0.234737       -0.899204

     H   13       -0.055562        0.142719        0.011259
     H   13        0.142719        0.312602        0.705494
     H   13        0.011259        0.705494       -0.257040

     C   14       -0.422191        0.055482        0.241560
     C   14        0.055482        0.249954        0.197365
     C   14        0.241560        0.197365        0.172236

     H   15        0.469135        0.251222        0.326868
     H   15        0.251222       -0.481161        0.425922
     H   15        0.326868        0.425922        0.012026

     C   16        0.238893       -0.357558       -0.076488
     C   16       -0.357558        0.059595       -0.225252
     C   16       -0.076488       -0.225252       -0.298488

     C   17       -0.714928        0.117776       -0.113082
     C   17        0.117776        0.409570        0.506346
     C   17       -0.113082        0.506346        0.305358

     Cl  18        1.271044       -3.775471       -0.289392
     Cl  18       -3.775471        1.403324        0.249038
     Cl  18       -0.289392        0.249038       -2.674368

     H   19       -0.086252        0.168417       -0.023704
     H   19        0.168417       -0.077076       -0.248812
     H   19       -0.023704       -0.248812        0.163328

     C   20        0.069617       -0.198592        0.311805
     C   20       -0.198592        0.187511        0.175199
     C   20        0.311805        0.175199       -0.257128

     H   21        0.487905       -0.089300        0.243205
     H   21       -0.089300       -0.373768        0.171594
     H   21        0.243205        0.171594       -0.114136

     C   22       -0.876074       -0.319248       -0.008159
     C   22       -0.319248        0.564392       -0.490541
     C   22       -0.008159       -0.490541        0.311682

     C   23        0.050276        0.285067        0.155066
     C   23        0.285067       -0.353176       -0.149979
     C   23        0.155066       -0.149979        0.302900

     Cl  24       -0.548142        1.570728       -1.022160
     Cl  24        1.570728       -0.878010       -1.206771
     Cl  24       -1.022160       -1.206771        1.426152


     NQR/NMR SPECTROSCOPIC PARAMETERS:
     Cl   1    Vxx=   -1.4448    axis=(  0.683711 -0.322048 -0.654847)
     Cl   1    Vyy=   -1.5589    axis=( -0.718927 -0.451247 -0.528696)
     Cl   1    Vzz=    3.0037    axis=( -0.125232  0.832263 -0.540051)
     Cl   1  Q=        -8.1650 1e-30 m^2  Cq=       -57.6239 MHz  eta= 0.03798

     C    2    Vxx=   -0.0453    axis=( -0.519840 -0.380032  0.765077)
     C    2    Vyy=   -0.7376    axis=(  0.541506  0.546087  0.639187)
     C    2    Vzz=    0.7829    axis=( -0.660710  0.746569 -0.078088)
     C    2  Q=         1.0000 1e-30 m^2  Cq=         1.8395 MHz  eta= 0.88430

     C    3    Vxx=   -0.1906    axis=( -0.338010 -0.685502  0.644854)
     C    3    Vyy=   -0.6447    axis=( -0.916115  0.082687 -0.392297)
     C    3    Vzz=    0.8353    axis=(  0.215599 -0.723360 -0.655948)
     C    3  Q=         1.0000 1e-30 m^2  Cq=         1.9627 MHz  eta= 0.54360

     H    4    Vxx=   -0.0521    axis=(  0.305662  0.771717 -0.557695)
     H    4    Vyy=   -0.6287    axis=( -0.314433  0.634681  0.705912)
     H    4    Vzz=    0.6807    axis=(  0.898723 -0.040413  0.436651)
     H    4  Q=         1.0000 1e-30 m^2  Cq=         1.5995 MHz  eta= 0.84706

     C    5    Vxx=   -0.0138    axis=(  0.398752 -0.308787  0.863509)
     C    5    Vyy=   -0.6490    axis=( -0.580965 -0.813613 -0.022665)
     C    5    Vzz=    0.6628    axis=(  0.709560 -0.492631 -0.503824)
     C    5  Q=         1.0000 1e-30 m^2  Cq=         1.5574 MHz  eta= 0.95825

     H    6    Vxx=   -0.0590    axis=(  0.769618 -0.409032  0.490286)
     H    6    Vyy=   -0.4082    axis=(  0.564754  0.077831 -0.821581)
     H    6    Vzz=    0.4672    axis=(  0.297894  0.909195  0.290902)
     H    6  Q=         1.0000 1e-30 m^2  Cq=         1.0976 MHz  eta= 0.74744

     H    7    Vxx=   -0.0606    axis=( -0.831315 -0.465503 -0.303681)
     H    7    Vyy=   -0.2146    axis=( -0.496461  0.376269  0.782271)
     H    7    Vzz=    0.2752    axis=(  0.249884 -0.801080  0.543902)
     H    7  Q=         1.0000 1e-30 m^2  Cq=         0.6466 MHz  eta= 0.55988

     C    8    Vxx=    0.0064    axis=( -0.165728  0.207613  0.964070)
     C    8    Vyy=    0.9738    axis=( -0.198193  0.950631 -0.238789)
     C    8    Vzz=   -0.9802    axis=( -0.966051 -0.230645 -0.116398)
     C    8  Q=         1.0000 1e-30 m^2  Cq=        -2.3031 MHz  eta= 0.98698

     H    9    Vxx=   -0.0871    axis=( -0.494303 -0.554614  0.669379)
     H    9    Vyy=   -0.7532    axis=( -0.065326  0.791552  0.607600)
     H    9    Vzz=    0.8403    axis=(  0.866832 -0.256610  0.427497)
     H    9  Q=         1.0000 1e-30 m^2  Cq=         1.9744 MHz  eta= 0.79277

     C   10    Vxx=    0.0268    axis=(  0.228870 -0.973035  0.028665)
     C   10    Vyy=    0.4649    axis=( -0.868124 -0.217340 -0.446234)
     C   10    Vzz=   -0.4917    axis=(  0.440431  0.077245 -0.894457)
     C   10  Q=         1.0000 1e-30 m^2  Cq=        -1.1552 MHz  eta= 0.89091

     C   11    Vxx=   -0.0878    axis=(  0.505659 -0.241632 -0.828205)
     C   11    Vyy=   -0.5686    axis=( -0.842652 -0.344246 -0.414044)
     C   11    Vzz=    0.6564    axis=( -0.185060  0.907253 -0.377683)
     C   11  Q=         1.0000 1e-30 m^2  Cq=         1.5423 MHz  eta= 0.73253

     Cl  12    Vxx=   -0.0242    axis=( -0.623789  0.716498  0.312280)
     Cl  12    Vyy=   -0.9942    axis=(  0.194337 -0.244812  0.949895)
     Cl  12    Vzz=    1.0183    axis=( -0.757048 -0.653221 -0.013469)
     Cl  12  Q=        -8.1650 1e-30 m^2  Cq=       -19.5364 MHz  eta= 0.95250

     H   13    Vxx=   -0.0663    axis=(  0.984173 -0.060724 -0.166483)
     H   13    Vyy=   -0.7404    axis=( -0.103908  0.563274 -0.819710)
     H   13    Vzz=    0.8067    axis=(  0.143552  0.824036  0.548049)
     H   13  Q=         1.0000 1e-30 m^2  Cq=         1.8954 MHz  eta= 0.83569

     C   14    Vxx=    0.0496    axis=(  0.250954 -0.713640  0.654018)
     C   14    Vyy=    0.4587    axis=(  0.229489  0.700239  0.676018)
     C   14    Vzz=   -0.5082    axis=(  0.940402  0.019559 -0.339501)
     C   14  Q=         1.0000 1e-30 m^2  Cq=        -1.1942 MHz  eta= 0.80494

     H   15    Vxx=   -0.0571    axis=(  0.609388 -0.352377 -0.710265)
     H   15    Vyy=   -0.7296    axis=( -0.052730  0.875818 -0.479752)
     H   15    Vzz=    0.7867    axis=( -0.791117 -0.329808 -0.515133)
     H   15  Q=         1.0000 1e-30 m^2  Cq=         1.8484 MHz  eta= 0.85481

     C   16    Vxx=   -0.0353    axis=(  0.544345  0.552525 -0.631193)
     C   16    Vyy=   -0.4906    axis=(  0.344642  0.538700  0.768781)
     C   16    Vzz=    0.5260    axis=( -0.764794  0.636018 -0.102816)
     C   16  Q=         1.0000 1e-30 m^2  Cq=         1.2358 MHz  eta= 0.86559

     C   17    Vxx=   -0.1079    axis=( -0.259055 -0.644759  0.719150)
     C   17    Vyy=   -0.7587    axis=(  0.965833 -0.178715  0.187688)
     C   17    Vzz=    0.8666    axis=(  0.007509  0.743200  0.669027)
     C   17  Q=         1.0000 1e-30 m^2  Cq=         2.0361 MHz  eta= 0.75103

     Cl  18    Vxx=   -2.4349    axis=(  0.703583  0.700009 -0.122304)
     Cl  18    Vyy=   -2.6968    axis=( -0.121193 -0.051386 -0.991298)
     Cl  18    Vzz=    5.1318    axis=( -0.700202  0.712283  0.048682)
     Cl  18  Q=        -8.1650 1e-30 m^2  Cq=       -98.4506 MHz  eta= 0.05103

     H   19    Vxx=   -0.0349    axis=(  0.809595  0.316598  0.494289)
     H   19    Vyy=   -0.3142    axis=(  0.526248 -0.764518 -0.372257)
     H   19    Vzz=    0.3490    axis=( -0.260036 -0.561496  0.785559)
     H   19  Q=         1.0000 1e-30 m^2  Cq=         0.8201 MHz  eta= 0.80022

     C   20    Vxx=    0.1923    axis=(  0.510537  0.619963  0.595817)
     C   20    Vyy=    0.3428    axis=( -0.687652  0.710387 -0.149949)
     C   20    Vzz=   -0.5351    axis=( -0.516223 -0.333160  0.788998)
     C   20  Q=         1.0000 1e-30 m^2  Cq=        -1.2573 MHz  eta= 0.28110

     H   21    Vxx=   -0.0770    axis=( -0.259118  0.540659  0.800341)
     H   21    Vyy=   -0.4977    axis=(  0.200304  0.840708 -0.503078)
     H   21    Vzz=    0.5747    axis=(  0.944847 -0.029955  0.326139)
     H   21  Q=         1.0000 1e-30 m^2  Cq=         1.3503 MHz  eta= 0.73217

     C   22    Vxx=   -0.0239    axis=( -0.215199  0.553863  0.804317)
     C   22    Vyy=   -0.9544    axis=( -0.967201 -0.234693 -0.097167)
     C   22    Vzz=    0.9783    axis=(  0.134951 -0.798846  0.586202)
     C   22  Q=         1.0000 1e-30 m^2  Cq=         2.2986 MHz  eta= 0.95108

     C   23    Vxx=    0.1731    axis=(  0.784838  0.520824 -0.335816)
     C   23    Vyy=    0.3770    axis=( -0.408760  0.027789 -0.912219)
     C   23    Vzz=   -0.5501    axis=( -0.465773  0.853212  0.234702)
     C   23  Q=         1.0000 1e-30 m^2  Cq=        -1.2924 MHz  eta= 0.37061

     Cl  24    Vxx=   -0.4357    axis=(  0.618927  0.459058  0.637335)
     Cl  24    Vyy=   -2.3077    axis=( -0.640740  0.764408  0.071648)
     Cl  24    Vzz=    2.7434    axis=( -0.454293 -0.452711  0.767249)
     Cl  24  Q=        -8.1650 1e-30 m^2  Cq=       -52.6313 MHz  eta= 0.68237

     Initialization:
     gipaw_setup  :      9.31s CPU     11.48s WALL (       1 calls)

     Linear response

     Apply operators

     Induced current

     Other routines
     efg          :      9.49s CPU     12.26s WALL (       1 calls)

     General routines
     calbec       :      3.41s CPU      4.78s WALL (      16 calls)
     fft          :      1.34s CPU      1.65s WALL (      15 calls)
     ffts         :      0.02s CPU      0.04s WALL (       2 calls)
     fftw         :      3.29s CPU      4.06s WALL (     672 calls)
     davcio       :      0.04s CPU      0.32s WALL (      32 calls)

     Parallel routines
     fft_scatter  :      1.96s CPU      2.73s WALL (     689 calls)

     Plugins

     GIPAW        :     61.00s CPU     75.15s WALL (       1 calls)
