
     Program QE v.6.0 (svn rev. 13079) starts on 22Jan2017 at 13:50:53 

     This program is part of the open-source Quantum ESPRESSO suite
     for quantum simulation of materials; please cite
         "P. Giannozzi et al., J. Phys.:Condens. Matter 21 395502 (2009);
          URL http://www.quantum-espresso.org", 
     in publications or presentations arising from this work. More details at
     http://www.quantum-espresso.org/quote

     Parallel version (MPI), running on     8 processors
     R & G space division:  proc/nbgrp/npool/nimage =       8

     ***** This is GIPAW svn revision unknown      *****

     Parallelizing q-star over 1 images

     Reading data from directory:
     /users/majewski/paradichlorobenzene/pbe/9_constraint/scratch/pbe.ecut100.np8.dt60.pcl2phi-129368.save
     Message from routine read_xml_file:
     file /users/majewski/paradichlorobenzene/pbe/9_constraint/scratch/pbe.ecut100.np8.dt60.pcl2phi-129368.save not guaranteed to be safe for post-processing

   Info: using nr1, nr2, nr3 values from input

   Info: using nr1, nr2, nr3 values from input

     IMPORTANT: XC functional enforced from input :
     Exchange-correlation      =  SLA  PW   PBX  PBC ( 1  4  3  4 0 0)
     Any further DFT definition will be discarded
     Please, verify this is what you really want

               file C.pbe-n-kjpaw_psl.1.0.0.UPF: wavefunction(s)  2S 2P renormalized
               file Cl.pbe-n-kjpaw_psl.1.0.0.UPF: wavefunction(s)  3S 3P renormalized
               file H.pbe-kjpaw_psl.1.0.0.UPF: wavefunction(s)  1S renormalized

     Parallelization info
     --------------------
     sticks:   dense  smooth     PW     G-vecs:    dense   smooth      PW
     Min        3057    1223    332               144436    36536    5170
     Max        3059    1225    333               144437    36537    5171
     Sum       24467    9791   2657              1155489   292295   41363


     Subspace diagonalization in iterative solution of the eigenvalue problem:
     a serial algorithm will be used

     GIPAW projectors -----------------------------------------------
     atom=  C    l=0  rc=    1.2000  rs=    0.8000
     atom=  C    l=0  rc=    1.2000  rs=    0.8000
     atom=  C    l=1  rc=    1.4000  rs=    0.9333
     atom=  C    l=1  rc=    1.4000  rs=    0.9333
     projs nearly linearly dependent: l=1  n1,n2= 1, 2  s=  0.99951561

     atom=  Cl   l=0  rc=    1.6000  rs=    1.0667
     atom=  Cl   l=0  rc=    1.6000  rs=    1.0667
     atom=  Cl   l=1  rc=    1.6000  rs=    1.0667
     atom=  Cl   l=1  rc=    1.6000  rs=    1.0667
     atom=  Cl   l=2  rc=    1.6000  rs=    1.0667
     atom=  Cl   l=2  rc=    1.6000  rs=    1.0667
     projs nearly linearly dependent: l=2  n1,n2= 1, 2  s=  0.99993509

     atom=  H    l=0  rc=    1.0000  rs=    0.6667
     atom=  H    l=0  rc=    1.0000  rs=    0.6667
     projs nearly linearly dependent: l=0  n1,n2= 1, 2  s=  0.99968852
     -----------------------------------------------------------------

     GIPAW integrals: -------------------------------------------
     Atom  i/j   nmr_para   nmr_dia   epr_rmc  epr_para   epr_dia
       C   1 1   0.83E+03  0.17E-01  0.93E+01  0.24E+08  0.24E+03
       C   2 1   0.86E+03 -0.61E-01  0.94E+01  0.25E+08  0.25E+03
       C   2 2   0.90E+03 -0.15E+00  0.97E+01  0.26E+08  0.26E+03
       C   3 3   0.33E+01  0.34E+00  0.18E+01  0.55E+03  0.21E+02
       C   4 3   0.35E+01  0.37E+00  0.20E+01  0.59E+03  0.22E+02
       C   4 4   0.38E+01  0.39E+00  0.22E+01  0.63E+03  0.24E+02
       Cl  1 1   0.14E+04 -0.47E+00  0.84E+01  0.32E+09  0.42E+03
       Cl  2 1   0.21E+04 -0.37E+00  0.12E+02  0.49E+09  0.65E+03
       Cl  2 2   0.33E+04 -0.16E+00  0.21E+02  0.76E+09  0.10E+04
       Cl  3 3   0.21E+02  0.79E-01  0.89E+01  0.23E+05  0.13E+03
       Cl  4 3   0.24E+02  0.67E-01  0.99E+01  0.27E+05  0.15E+03
       Cl  4 4   0.28E+02  0.44E-01  0.11E+02  0.32E+05  0.18E+03
       Cl  5 5   0.77E+00  0.19E+00  0.18E+01  0.12E+03  0.22E+02
       Cl  6 5   0.80E+00  0.19E+00  0.19E+01  0.12E+03  0.23E+02
       Cl  6 6   0.83E+00  0.20E+00  0.19E+01  0.12E+03  0.23E+02
       H   1 1   0.39E+02  0.19E+00  0.29E+00  0.78E+05  0.13E+02
       H   2 1   0.41E+02  0.21E+00  0.32E+00  0.82E+05  0.14E+02
       H   2 2   0.43E+02  0.22E+00  0.36E+00  0.86E+05  0.15E+02
     ------------------------------------------------------------

     alpha_pv=     33.9098 eV

     Number of occupied bands for each k-point:
     k-point:     1    nbnd_occ=  42
     k-point:     2    nbnd_occ=  42
     k-point:     3    nbnd_occ=  42
     k-point:     4    nbnd_occ=  42
     k-point:     5    nbnd_occ=  42
     k-point:     6    nbnd_occ=  42
     k-point:     7    nbnd_occ=  42
     k-point:     8    nbnd_occ=  42
     k-point:     9    nbnd_occ=  42
     k-point:    10    nbnd_occ=  42
     k-point:    11    nbnd_occ=  42
     k-point:    12    nbnd_occ=  42
     k-point:    13    nbnd_occ=  42
     k-point:    14    nbnd_occ=  42
     k-point:    15    nbnd_occ=  42
     k-point:    16    nbnd_occ=  42


     q-space interpolation up to   110.00 Rydberg

     GIPAW job: efg                                                                             


     ELECTRIC FIELD GRADIENTS TENSORS IN Hartree/bohrradius^2:

     ----- bare term -----
     Cl   1        0.057947       -0.089454       -0.122451
     Cl   1       -0.089454       -0.051472       -0.009088
     Cl   1       -0.122451       -0.009088       -0.006475

     C    2       -0.626543        0.238412       -0.382331
     C    2        0.238412        0.051656       -0.130697
     C    2       -0.382331       -0.130697        0.574887

     C    3       -0.025120        0.225687       -0.171947
     C    3        0.225687       -0.187501       -0.562726
     C    3       -0.171947       -0.562726        0.212621

     H    4       -0.116219        0.000352       -0.542302
     H    4        0.000352        0.080958        0.119843
     H    4       -0.542302        0.119843        0.035261

     C    5       -0.889280        0.386551       -0.424500
     C    5        0.386551        0.478526       -0.050961
     C    5       -0.424500       -0.050961        0.410754

     H    6        0.510060       -0.029010       -0.028196
     H    6       -0.029010       -0.379952       -0.435556
     H    6       -0.028196       -0.435556       -0.130108

     H    7        0.138739        0.276281       -0.158086
     H    7        0.276281       -0.366312        0.465932
     H    7       -0.158086        0.465932        0.227573

     C    8       -0.266518       -0.350729       -0.288671
     C    8       -0.350729       -0.172937        0.399928
     C    8       -0.288671        0.399928        0.439455

     H    9       -0.055389        0.120906       -0.471834
     H    9        0.120906        0.397206       -0.051579
     H    9       -0.471834       -0.051579       -0.341817

     C   10       -0.123908       -0.230428       -0.242111
     C   10       -0.230428       -0.176419        0.613871
     C   10       -0.242111        0.613871        0.300327

     C   11       -0.193106       -0.037421       -0.444009
     C   11       -0.037421       -0.024997        0.446713
     C   11       -0.444009        0.446713        0.218103

     Cl  12       -0.028254       -0.240341       -0.104682
     Cl  12       -0.240341        0.017526        0.088236
     Cl  12       -0.104682        0.088236        0.010729

     H   13        0.360781        0.023641        0.245133
     H   13        0.023641        0.104553       -0.367445
     H   13        0.245133       -0.367445       -0.465334

     C   14       -0.008213       -0.001100       -0.127438
     C   14       -0.001100       -0.123494       -0.207471
     C   14       -0.127438       -0.207471        0.131707

     H   15        0.127305       -0.064985       -0.230503
     H   15       -0.064985        0.407154       -0.249174
     H   15       -0.230503       -0.249174       -0.534459

     C   16       -0.368629        0.319492       -0.276449
     C   16        0.319492        0.103231       -0.032503
     C   16       -0.276449       -0.032503        0.265398

     C   17       -0.003718       -0.034840       -0.263080
     C   17       -0.034840       -0.354045       -0.381678
     C   17       -0.263080       -0.381678        0.357763

     Cl  18       -0.189165        0.204434       -0.010296
     Cl  18        0.204434        0.179668        0.008294
     Cl  18       -0.010296        0.008294        0.009497

     H   19        0.522472        0.008192       -0.109335
     H   19        0.008192        0.037615        0.281459
     H   19       -0.109335        0.281459       -0.560087

     C   20       -0.380553       -0.287118       -0.194401
     C   20       -0.287118       -0.012041        0.404749
     C   20       -0.194401        0.404749        0.392595

     H   21        0.197176        0.021318       -0.169916
     H   21        0.021318        0.187758       -0.233205
     H   21       -0.169916       -0.233205       -0.384934

     C   22        0.189494       -0.122446        0.013298
     C   22       -0.122446       -0.093411        0.129270
     C   22        0.013298        0.129270       -0.096083

     C   23       -0.156728       -0.172384       -0.426024
     C   23       -0.172384        0.026897        0.253623
     C   23       -0.426024        0.253623        0.129831

     Cl  24        0.119360        0.275180        0.285185
     Cl  24        0.275180       -0.171586       -0.485163
     Cl  24        0.285185       -0.485163        0.052226

     ----- ionic term -----
     Cl   1        0.168115       -0.219882        0.026183
     Cl   1       -0.219882       -0.027911       -0.007969
     Cl   1        0.026183       -0.007969       -0.140203

     C    2        0.170779       -0.275870        0.293888
     C    2       -0.275870       -0.053312        0.383342
     C    2        0.293888        0.383342       -0.117467

     C    3        0.159152       -0.343867        0.194869
     C    3       -0.343867        0.019698        0.377579
     C    3        0.194869        0.377579       -0.178850

     H    4        0.440914        0.153684        0.775720
     H    4        0.153684       -0.512487        0.207133
     H    4        0.775720        0.207133        0.071572

     C    5        0.294454       -0.252345        0.300846
     C    5       -0.252345       -0.083932        0.304106
     C    5        0.300846        0.304106       -0.210522

     H    6       -0.511939        0.033654        0.053234
     H    6        0.033654        0.432605        0.793176
     H    6        0.053234        0.793176        0.079333

     H    7       -0.508513       -0.188823        0.125478
     H    7       -0.188823        0.587190       -0.697344
     H    7        0.125478       -0.697344       -0.078677

     C    8        0.108244        0.236160        0.387900
     C    8        0.236160        0.065662       -0.234499
     C    8        0.387900       -0.234499       -0.173906

     H    9        0.359280       -0.228186        0.776394
     H    9       -0.228186       -0.452691       -0.259439
     H    9        0.776394       -0.259439        0.093411

     C   10       -0.029552        0.230137        0.271315
     C   10        0.230137        0.231047       -0.387820
     C   10        0.271315       -0.387820       -0.201495

     C   11        0.001563        0.244698        0.392869
     C   11        0.244698        0.141109       -0.350888
     C   11        0.392869       -0.350888       -0.142673

     Cl  12        0.080753        0.217323        0.030684
     Cl  12        0.217323        0.075081        0.020847
     Cl  12        0.030684        0.020847       -0.155834

     H   13       -0.531414       -0.023405        0.007924
     H   13       -0.023405        0.515844        0.781148
     H   13        0.007924        0.781148        0.015570

     C   14        0.248675       -0.281306        0.272511
     C   14       -0.281306       -0.082922        0.302136
     C   14        0.272511        0.302136       -0.165754

     H   15        0.337157        0.247665        0.812906
     H   15        0.247665       -0.488944        0.286185
     H   15        0.812906        0.286185        0.151787

     C   16        0.136142       -0.303307        0.174816
     C   16       -0.303307       -0.017752        0.406135
     C   16        0.174816        0.406135       -0.118390

     C   17        0.202963       -0.240377        0.222470
     C   17       -0.240377       -0.083581        0.418426
     C   17        0.222470        0.418426       -0.119382

     Cl  18        0.142896       -0.193850       -0.013400
     Cl  18       -0.193850       -0.022851        0.009386
     Cl  18       -0.013400        0.009386       -0.120045

     H   19       -0.522956       -0.157124        0.113227
     H   19       -0.157124        0.500526       -0.736514
     H   19        0.113227       -0.736514        0.022430

     C   20        0.055831        0.233349        0.384930
     C   20        0.233349        0.071390       -0.234852
     C   20        0.384930       -0.234852       -0.127221

     H   21        0.085250        0.050659        0.793590
     H   21        0.050659       -0.483462       -0.019503
     H   21        0.793590       -0.019503        0.398213

     C   22       -0.110978        0.310212        0.275653
     C   22        0.310212        0.196566       -0.319721
     C   22        0.275653       -0.319721       -0.085589

     C   23        0.006595        0.243539        0.398746
     C   23        0.243539        0.094590       -0.344823
     C   23        0.398746       -0.344823       -0.101184

     Cl  24        0.079340        0.202648        0.047671
     Cl  24        0.202648        0.057675        0.024298
     Cl  24        0.047671        0.024298       -0.137015

     ----- GIPAW term -----
     Cl   1        1.769615       -2.581516       -1.141183
     Cl   1       -2.581516       -0.491803       -0.017598
     Cl   1       -1.141183       -0.017598       -1.277812

     C    2       -0.128663       -0.100523       -0.140004
     C    2       -0.100523       -0.021027        0.134874
     C    2       -0.140004        0.134874        0.149690

     C    3       -0.091561        0.036451       -0.019910
     C    3        0.036451        0.157156       -0.014964
     C    3       -0.019910       -0.014964       -0.065596

     H    4       -0.000000        0.000000        0.000000
     H    4        0.000000        0.000000        0.000000
     H    4        0.000000        0.000000        0.000000

     C    5       -0.246693        0.080941       -0.040122
     C    5        0.080941        0.283773        0.124618
     C    5       -0.040122        0.124618       -0.037080

     H    6       -0.000000        0.000000        0.000000
     H    6        0.000000        0.000000        0.000000
     H    6        0.000000        0.000000        0.000000

     H    7       -0.000000        0.000000        0.000000
     H    7        0.000000        0.000000        0.000000
     H    7        0.000000        0.000000        0.000000

     C    8        0.014479       -0.094486       -0.055838
     C    8       -0.094486       -0.063849        0.092276
     C    8       -0.055838        0.092276        0.049370

     H    9       -0.000000        0.000000        0.000000
     H    9        0.000000        0.000000        0.000000
     H    9        0.000000        0.000000        0.000000

     C   10       -0.081334       -0.028060       -0.055800
     C   10       -0.028060        0.066621        0.153765
     C   10       -0.055800        0.153765        0.014713

     C   11        0.085154        0.072844       -0.070282
     C   11        0.072844        0.011803        0.056079
     C   11       -0.070282        0.056079       -0.096957

     Cl  12        1.304776       -0.429292       -1.211718
     Cl  12       -0.429292        0.494013        1.166221
     Cl  12       -1.211718        1.166221       -1.798789

     H   13       -0.000000        0.000000        0.000000
     H   13        0.000000        0.000000        0.000000
     H   13        0.000000        0.000000        0.000000

     C   14       -0.020147       -0.022536       -0.068443
     C   14       -0.022536       -0.097563        0.004601
     C   14       -0.068443        0.004601        0.117710

     H   15       -0.000000        0.000000        0.000000
     H   15        0.000000        0.000000        0.000000
     H   15        0.000000        0.000000        0.000000

     C   16       -0.096261       -0.000622       -0.104344
     C   16       -0.000622       -0.037430        0.060445
     C   16       -0.104344        0.060445        0.133691

     C   17       -0.055476       -0.114903       -0.031316
     C   17       -0.114903       -0.020458        0.148949
     C   17       -0.031316        0.148949        0.075934

     Cl  18        0.135267       -1.051850       -0.116462
     Cl  18       -1.051850        1.731042        0.127930
     Cl  18       -0.116462        0.127930       -1.866309

     H   19       -0.000000        0.000000        0.000000
     H   19        0.000000        0.000000        0.000000
     H   19        0.000000        0.000000        0.000000

     C   20       -0.143277       -0.056191       -0.054397
     C   20       -0.056191       -0.040918        0.205637
     C   20       -0.054397        0.205637        0.184194

     H   21       -0.000000        0.000000        0.000000
     H   21        0.000000        0.000000        0.000000
     H   21        0.000000        0.000000        0.000000

     C   22       -0.000520       -0.013534       -0.006110
     C   22       -0.013534        0.016897        0.024626
     C   22       -0.006110        0.024626       -0.016377

     C   23       -0.002531       -0.064505       -0.120223
     C   23       -0.064505        0.041552        0.116367
     C   23       -0.120223        0.116367       -0.039021

     Cl  24        0.151038        0.453480        0.007184
     Cl  24        0.453480        0.189575        0.130517
     Cl  24        0.007184        0.130517       -0.340613

     ----- total EFG -----
     Cl   1        1.995678       -2.890852       -1.237450
     Cl   1       -2.890852       -0.571187       -0.034656
     Cl   1       -1.237450       -0.034656       -1.424491

     C    2       -0.584427       -0.137981       -0.228447
     C    2       -0.137981       -0.022683        0.387519
     C    2       -0.228447        0.387519        0.607110

     C    3        0.042472       -0.081729        0.003012
     C    3       -0.081729       -0.010647       -0.200112
     C    3        0.003012       -0.200112       -0.031825

     H    4        0.324696        0.154036        0.233418
     H    4        0.154036       -0.431529        0.326976
     H    4        0.233418        0.326976        0.106833

     C    5       -0.841519        0.215148       -0.163776
     C    5        0.215148        0.678367        0.377762
     C    5       -0.163776        0.377762        0.163152

     H    6       -0.001879        0.004644        0.025038
     H    6        0.004644        0.052653        0.357621
     H    6        0.025038        0.357621       -0.050774

     H    7       -0.369774        0.087458       -0.032609
     H    7        0.087458        0.220878       -0.231412
     H    7       -0.032609       -0.231412        0.148896

     C    8       -0.143795       -0.209055        0.043392
     C    8       -0.209055       -0.171124        0.257705
     C    8        0.043392        0.257705        0.314919

     H    9        0.303892       -0.107280        0.304560
     H    9       -0.107280       -0.055486       -0.311018
     H    9        0.304560       -0.311018       -0.248406

     C   10       -0.234794       -0.028351       -0.026596
     C   10       -0.028351        0.121249        0.379816
     C   10       -0.026596        0.379816        0.113545

     C   11       -0.106389        0.280121       -0.121422
     C   11        0.280121        0.127915        0.151905
     C   11       -0.121422        0.151905       -0.021527

     Cl  12        1.357275       -0.452310       -1.285715
     Cl  12       -0.452310        0.586620        1.275305
     Cl  12       -1.285715        1.275305       -1.943895

     H   13       -0.170633        0.000236        0.253057
     H   13        0.000236        0.620397        0.413703
     H   13        0.253057        0.413703       -0.449764

     C   14        0.220315       -0.304942        0.076630
     C   14       -0.304942       -0.303978        0.099267
     C   14        0.076630        0.099267        0.083664

     H   15        0.464462        0.182681        0.582403
     H   15        0.182681       -0.081790        0.037011
     H   15        0.582403        0.037011       -0.382672

     C   16       -0.328748        0.015564       -0.205977
     C   16        0.015564        0.048049        0.434077
     C   16       -0.205977        0.434077        0.280699

     C   17        0.143768       -0.390119       -0.071926
     C   17       -0.390119       -0.458084        0.185696
     C   17       -0.071926        0.185696        0.314316

     Cl  18        0.088998       -1.041266       -0.140158
     Cl  18       -1.041266        1.887859        0.145610
     Cl  18       -0.140158        0.145610       -1.976858

     H   19       -0.000484       -0.148931        0.003892
     H   19       -0.148931        0.538141       -0.455055
     H   19        0.003892       -0.455055       -0.537657

     C   20       -0.467999       -0.109960        0.136132
     C   20       -0.109960        0.018431        0.375534
     C   20        0.136132        0.375534        0.449568

     H   21        0.282425        0.071978        0.623674
     H   21        0.071978       -0.295704       -0.252708
     H   21        0.623674       -0.252708        0.013278

     C   22        0.077996        0.174233        0.282841
     C   22        0.174233        0.120053       -0.165825
     C   22        0.282841       -0.165825       -0.198049

     C   23       -0.152664        0.006650       -0.147501
     C   23        0.006650        0.163038        0.025168
     C   23       -0.147501        0.025168       -0.010374

     Cl  24        0.349738        0.931308        0.340040
     Cl  24        0.931308        0.075664       -0.330348
     Cl  24        0.340040       -0.330348       -0.425402

     ----- total EFG (symmetrized) -----
     Cl   1        1.995678       -2.890852       -1.237450
     Cl   1       -2.890852       -0.571187       -0.034656
     Cl   1       -1.237450       -0.034656       -1.424491

     C    2       -0.584427       -0.137981       -0.228447
     C    2       -0.137981       -0.022683        0.387519
     C    2       -0.228447        0.387519        0.607110

     C    3        0.042472       -0.081729        0.003012
     C    3       -0.081729       -0.010647       -0.200112
     C    3        0.003012       -0.200112       -0.031825

     H    4        0.324696        0.154036        0.233418
     H    4        0.154036       -0.431529        0.326976
     H    4        0.233418        0.326976        0.106833

     C    5       -0.841519        0.215148       -0.163776
     C    5        0.215148        0.678367        0.377762
     C    5       -0.163776        0.377762        0.163152

     H    6       -0.001879        0.004644        0.025038
     H    6        0.004644        0.052653        0.357621
     H    6        0.025038        0.357621       -0.050774

     H    7       -0.369774        0.087458       -0.032609
     H    7        0.087458        0.220878       -0.231412
     H    7       -0.032609       -0.231412        0.148896

     C    8       -0.143795       -0.209055        0.043392
     C    8       -0.209055       -0.171124        0.257705
     C    8        0.043392        0.257705        0.314919

     H    9        0.303892       -0.107280        0.304560
     H    9       -0.107280       -0.055486       -0.311018
     H    9        0.304560       -0.311018       -0.248406

     C   10       -0.234794       -0.028351       -0.026596
     C   10       -0.028351        0.121249        0.379816
     C   10       -0.026596        0.379816        0.113545

     C   11       -0.106389        0.280121       -0.121422
     C   11        0.280121        0.127915        0.151905
     C   11       -0.121422        0.151905       -0.021527

     Cl  12        1.357275       -0.452310       -1.285715
     Cl  12       -0.452310        0.586620        1.275305
     Cl  12       -1.285715        1.275305       -1.943895

     H   13       -0.170633        0.000236        0.253057
     H   13        0.000236        0.620397        0.413703
     H   13        0.253057        0.413703       -0.449764

     C   14        0.220315       -0.304942        0.076630
     C   14       -0.304942       -0.303978        0.099267
     C   14        0.076630        0.099267        0.083664

     H   15        0.464462        0.182681        0.582403
     H   15        0.182681       -0.081790        0.037011
     H   15        0.582403        0.037011       -0.382672

     C   16       -0.328748        0.015564       -0.205977
     C   16        0.015564        0.048049        0.434077
     C   16       -0.205977        0.434077        0.280699

     C   17        0.143768       -0.390119       -0.071926
     C   17       -0.390119       -0.458084        0.185696
     C   17       -0.071926        0.185696        0.314316

     Cl  18        0.088998       -1.041266       -0.140158
     Cl  18       -1.041266        1.887859        0.145610
     Cl  18       -0.140158        0.145610       -1.976858

     H   19       -0.000484       -0.148931        0.003892
     H   19       -0.148931        0.538141       -0.455055
     H   19        0.003892       -0.455055       -0.537657

     C   20       -0.467999       -0.109960        0.136132
     C   20       -0.109960        0.018431        0.375534
     C   20        0.136132        0.375534        0.449568

     H   21        0.282425        0.071978        0.623674
     H   21        0.071978       -0.295704       -0.252708
     H   21        0.623674       -0.252708        0.013278

     C   22        0.077996        0.174233        0.282841
     C   22        0.174233        0.120053       -0.165825
     C   22        0.282841       -0.165825       -0.198049

     C   23       -0.152664        0.006650       -0.147501
     C   23        0.006650        0.163038        0.025168
     C   23       -0.147501        0.025168       -0.010374

     Cl  24        0.349738        0.931308        0.340040
     Cl  24        0.931308        0.075664       -0.330348
     Cl  24        0.340040       -0.330348       -0.425402


     NQR/NMR SPECTROSCOPIC PARAMETERS:
     Cl   1    Vxx=   -1.2243    axis=( -0.124140 -0.504120  0.854665)
     Cl   1    Vyy=   -2.8425    axis=( -0.536615 -0.690400 -0.485172)
     Cl   1    Vzz=    4.0668    axis=( -0.834646  0.518856  0.184812)
     Cl   1  Q=        -8.1650 1e-30 m^2  Cq=       -78.0190 MHz  eta= 0.39790

     C    2    Vxx=   -0.2056    axis=( -0.058646  0.894573 -0.443057)
     C    2    Vyy=   -0.6355    axis=(  0.981318  0.133124  0.138897)
     C    2    Vzz=    0.8410    axis=( -0.183235  0.426634  0.885668)
     C    2  Q=         1.0000 1e-30 m^2  Cq=         1.9761 MHz  eta= 0.51117

     C    3    Vxx=    0.0290    axis=(  0.907725  0.134537 -0.397411)
     C    3    Vyy=    0.2036    axis=( -0.369311  0.705706 -0.604638)
     C    3    Vzz=   -0.2326    axis=(  0.199109  0.695614  0.690273)
     C    3  Q=         1.0000 1e-30 m^2  Cq=        -0.5466 MHz  eta= 0.75032

     H    4    Vxx=    0.0154    axis=( -0.663214  0.279374  0.694332)
     H    4    Vyy=    0.5723    axis=(  0.746878  0.306765  0.589974)
     H    4    Vzz=   -0.5878    axis=( -0.048174  0.909860 -0.412109)
     H    4  Q=         1.0000 1e-30 m^2  Cq=        -1.3811 MHz  eta= 0.94747

     C    5    Vxx=    0.0313    axis=( -0.266098 -0.418478  0.868371)
     C    5    Vyy=    0.8858    axis=( -0.068239 -0.890412 -0.450011)
     C    5    Vzz=   -0.9171    axis=(  0.961527 -0.179004  0.208381)
     C    5  Q=         1.0000 1e-30 m^2  Cq=        -2.1547 MHz  eta= 0.93176

     H    6    Vxx=   -0.0023    axis=(  0.997535 -0.070136 -0.002185)
     H    6    Vyy=   -0.3611    axis=(  0.044255  0.652992 -0.756070)
     H    6    Vzz=    0.3634    axis=(  0.054455  0.754110  0.654487)
     H    6  Q=         1.0000 1e-30 m^2  Cq=         0.8538 MHz  eta= 0.98756

     H    7    Vxx=   -0.0463    axis=(  0.094052  0.634069  0.767536)
     H    7    Vyy=   -0.3825    axis=( -0.989540  0.144245  0.002093)
     H    7    Vzz=    0.4287    axis=( -0.109386 -0.759704  0.641003)
     H    7  Q=         1.0000 1e-30 m^2  Cq=         1.0073 MHz  eta= 0.78414

     C    8    Vxx=    0.0044    axis=(  0.805170 -0.506765  0.308042)
     C    8    Vyy=    0.4297    axis=(  0.083617 -0.417226 -0.904948)
     C    8    Vzz=   -0.4341    axis=(  0.587119  0.754395 -0.293564)
     C    8  Q=         1.0000 1e-30 m^2  Cq=        -1.0200 MHz  eta= 0.97981

     H    9    Vxx=   -0.0112    axis=(  0.555715  0.774565 -0.302044)
     H    9    Vyy=   -0.5231    axis=(  0.241985 -0.498275 -0.832566)
     H    9    Vzz=    0.5342    axis=( -0.795377  0.389579 -0.464332)
     H    9  Q=         1.0000 1e-30 m^2  Cq=         1.2552 MHz  eta= 0.95818

     C   10    Vxx=   -0.2368    axis=(  0.997776  0.008942  0.066048)
     C   10    Vyy=   -0.2625    axis=( -0.040595 -0.704406  0.708635)
     C   10    Vzz=    0.4993    axis=( -0.052862  0.709741  0.702477)
     C   10  Q=         1.0000 1e-30 m^2  Cq=         1.1731 MHz  eta= 0.05142

     C   11    Vxx=    0.0615    axis=( -0.490114  0.082422  0.867753)
     C   11    Vyy=    0.3264    axis=(  0.492907  0.847272  0.197922)
     C   11    Vzz=   -0.3878    axis=( -0.718909  0.524726 -0.455887)
     C   11  Q=         1.0000 1e-30 m^2  Cq=        -0.9113 MHz  eta= 0.68296

     Cl  12    Vxx=    0.4543    axis=(  0.576551  0.808107  0.120634)
     Cl  12    Vyy=    2.2852    axis=( -0.777202  0.496862  0.386115)
     Cl  12    Vzz=   -2.7395    axis=(  0.252084 -0.316372  0.914529)
     Cl  12  Q=        -8.1650 1e-30 m^2  Cq=        52.5554 MHz  eta= 0.66834

     H   13    Vxx=   -0.0690    axis=(  0.905353 -0.218749  0.363984)
     H   13    Vyy=   -0.7002    axis=(  0.414802  0.271942 -0.868324)
     H   13    Vzz=    0.7692    axis=(  0.090963  0.937121  0.336942)
     H   13  Q=         1.0000 1e-30 m^2  Cq=         1.8072 MHz  eta= 0.82071

     C   14    Vxx=    0.1076    axis=( -0.008821  0.240637  0.970575)
     C   14    Vyy=    0.3634    axis=( -0.910218  0.399951 -0.107433)
     C   14    Vzz=   -0.4709    axis=( -0.414035 -0.884383  0.215505)
     C   14  Q=         1.0000 1e-30 m^2  Cq=        -1.1065 MHz  eta= 0.54312

     H   15    Vxx=   -0.1142    axis=(  0.139316 -0.975945  0.167695)
     H   15    Vyy=   -0.6835    axis=(  0.461584 -0.085822 -0.882935)
     H   15    Vzz=    0.7978    axis=(  0.876089  0.200412  0.438524)
     H   15  Q=         1.0000 1e-30 m^2  Cq=         1.8744 MHz  eta= 0.71363

     C   16    Vxx=   -0.1793    axis=(  0.604821  0.696371 -0.386341)
     C   16    Vyy=   -0.4595    axis=( -0.780040  0.420325 -0.463534)
     C   16    Vzz=    0.6388    axis=( -0.160403  0.581717  0.797418)
     C   16  Q=         1.0000 1e-30 m^2  Cq=         1.5009 MHz  eta= 0.43876

     C   17    Vxx=    0.1893    axis=(  0.680824 -0.208900  0.702025)
     C   17    Vyy=    0.4795    axis=( -0.601041  0.388435  0.698476)
     C   17    Vzz=   -0.6688    axis=( -0.418603 -0.897485  0.138899)
     C   17  Q=         1.0000 1e-30 m^2  Cq=        -1.5714 MHz  eta= 0.43388

     Cl  18    Vxx=   -0.3847    axis=(  0.907316  0.418385 -0.041609)
     Cl  18    Vyy=   -1.9880    axis=( -0.056116  0.022424 -0.998172)
     Cl  18    Vzz=    2.3727    axis=( -0.416687  0.907993  0.043824)
     Cl  18  Q=        -8.1650 1e-30 m^2  Cq=       -45.5197 MHz  eta= 0.67571

     H   19    Vxx=   -0.0245    axis=(  0.979464  0.154482 -0.129560)
     H   19    Vyy=   -0.7076    axis=( -0.068474 -0.349524 -0.934422)
     H   19    Vzz=    0.7321    axis=( -0.189635  0.924104 -0.331768)
     H   19  Q=         1.0000 1e-30 m^2  Cq=         1.7201 MHz  eta= 0.93310

     C   20    Vxx=   -0.1228    axis=(  0.422543 -0.800624  0.424804)
     C   20    Vyy=   -0.5478    axis=( -0.904579 -0.343307  0.252739)
     C   20    Vzz=    0.6706    axis=(  0.056511  0.491062  0.869290)
     C   20  Q=         1.0000 1e-30 m^2  Cq=         1.5755 MHz  eta= 0.63377

     H   21    Vxx=   -0.1400    axis=(  0.426242  0.819390 -0.383299)
     H   21    Vyy=   -0.6559    axis=( -0.486393  0.564849  0.666609)
     H   21    Vzz=    0.7960    axis=( -0.762719  0.097703 -0.639308)
     H   21  Q=         1.0000 1e-30 m^2  Cq=         1.8702 MHz  eta= 0.64811

     C   22    Vxx=    0.1743    axis=( -0.308949  0.759212 -0.572842)
     C   22    Vyy=    0.2936    axis=( -0.797735 -0.534809 -0.278565)
     C   22    Vzz=   -0.4678    axis=( -0.517850  0.370914  0.770879)
     C   22  Q=         1.0000 1e-30 m^2  Cq=        -1.0992 MHz  eta= 0.25500

     C   23    Vxx=    0.0786    axis=( -0.530736 -0.203321  0.822788)
     C   23    Vyy=    0.1676    axis=( -0.070154  0.978006  0.196425)
     C   23    Vzz=   -0.2462    axis=( -0.844629  0.046528 -0.533327)
     C   23  Q=         1.0000 1e-30 m^2  Cq=        -0.5784 MHz  eta= 0.36180

     Cl  24    Vxx=   -0.0819    axis=(  0.364843 -0.463860  0.807294)
     Cl  24    Vyy=   -1.0733    axis=( -0.536233  0.604135  0.589470)
     Cl  24    Vzz=    1.1552    axis=( -0.761146 -0.647962 -0.028323)
     Cl  24  Q=        -8.1650 1e-30 m^2  Cq=       -22.1621 MHz  eta= 0.85819

     Initialization:
     gipaw_setup  :      9.02s CPU     10.73s WALL (       1 calls)

     Linear response

     Apply operators

     Induced current

     Other routines
     efg          :      9.38s CPU     12.08s WALL (       1 calls)

     General routines
     calbec       :      3.31s CPU      4.33s WALL (      16 calls)
     fft          :      1.82s CPU      2.99s WALL (      15 calls)
     ffts         :      0.04s CPU      0.05s WALL (       2 calls)
     fftw         :      3.20s CPU      4.25s WALL (     672 calls)
     davcio       :      0.04s CPU      0.32s WALL (      32 calls)

     Parallel routines
     fft_scatter  :      2.40s CPU      4.43s WALL (     689 calls)

     Plugins

     GIPAW        :     60.74s CPU     72.74s WALL (       1 calls)
