
     Program QE v.6.0 (svn rev. 13079) starts on  1Jan2017 at 11:58:34 

     This program is part of the open-source Quantum ESPRESSO suite
     for quantum simulation of materials; please cite
         "P. Giannozzi et al., J. Phys.:Condens. Matter 21 395502 (2009);
          URL http://www.quantum-espresso.org", 
     in publications or presentations arising from this work. More details at
     http://www.quantum-espresso.org/quote

     Parallel version (MPI), running on     8 processors
     R & G space division:  proc/nbgrp/npool/nimage =       8

     ***** This is GIPAW svn revision unknown      *****

     Parallelizing q-star over 1 images

     Reading data from directory:
     /users/majewski/paradichlorobenzene/pbe/9_constraint/scratch/pbe.ecut100.np8.dt60.pcl2phi-129368.save
     Message from routine read_xml_file:
     file /users/majewski/paradichlorobenzene/pbe/9_constraint/scratch/pbe.ecut100.np8.dt60.pcl2phi-129368.save not guaranteed to be safe for post-processing

   Info: using nr1, nr2, nr3 values from input

   Info: using nr1, nr2, nr3 values from input

     IMPORTANT: XC functional enforced from input :
     Exchange-correlation      =  SLA  PW   PBX  PBC ( 1  4  3  4 0 0)
     Any further DFT definition will be discarded
     Please, verify this is what you really want

               file C.pbe-n-kjpaw_psl.1.0.0.UPF: wavefunction(s)  2S 2P renormalized
               file Cl.pbe-n-kjpaw_psl.1.0.0.UPF: wavefunction(s)  3S 3P renormalized
               file H.pbe-kjpaw_psl.1.0.0.UPF: wavefunction(s)  1S renormalized

     Parallelization info
     --------------------
     sticks:   dense  smooth     PW     G-vecs:    dense   smooth      PW
     Min        3057    1223    332               144436    36536    5170
     Max        3059    1225    333               144437    36537    5171
     Sum       24467    9791   2657              1155489   292295   41363


     Subspace diagonalization in iterative solution of the eigenvalue problem:
     a serial algorithm will be used

     GIPAW projectors -----------------------------------------------
     atom=  C    l=0  rc=    1.2000  rs=    0.8000
     atom=  C    l=0  rc=    1.2000  rs=    0.8000
     atom=  C    l=1  rc=    1.4000  rs=    0.9333
     atom=  C    l=1  rc=    1.4000  rs=    0.9333
     projs nearly linearly dependent: l=1  n1,n2= 1, 2  s=  0.99951561

     atom=  Cl   l=0  rc=    1.6000  rs=    1.0667
     atom=  Cl   l=0  rc=    1.6000  rs=    1.0667
     atom=  Cl   l=1  rc=    1.6000  rs=    1.0667
     atom=  Cl   l=1  rc=    1.6000  rs=    1.0667
     atom=  Cl   l=2  rc=    1.6000  rs=    1.0667
     atom=  Cl   l=2  rc=    1.6000  rs=    1.0667
     projs nearly linearly dependent: l=2  n1,n2= 1, 2  s=  0.99993509

     atom=  H    l=0  rc=    1.0000  rs=    0.6667
     atom=  H    l=0  rc=    1.0000  rs=    0.6667
     projs nearly linearly dependent: l=0  n1,n2= 1, 2  s=  0.99968852
     -----------------------------------------------------------------

     GIPAW integrals: -------------------------------------------
     Atom  i/j   nmr_para   nmr_dia   epr_rmc  epr_para   epr_dia
       C   1 1   0.83E+03  0.17E-01  0.93E+01  0.24E+08  0.24E+03
       C   2 1   0.86E+03 -0.61E-01  0.94E+01  0.25E+08  0.25E+03
       C   2 2   0.90E+03 -0.15E+00  0.97E+01  0.26E+08  0.26E+03
       C   3 3   0.33E+01  0.34E+00  0.18E+01  0.55E+03  0.21E+02
       C   4 3   0.35E+01  0.37E+00  0.20E+01  0.59E+03  0.22E+02
       C   4 4   0.38E+01  0.39E+00  0.22E+01  0.63E+03  0.24E+02
       Cl  1 1   0.14E+04 -0.47E+00  0.84E+01  0.32E+09  0.42E+03
       Cl  2 1   0.21E+04 -0.37E+00  0.12E+02  0.49E+09  0.65E+03
       Cl  2 2   0.33E+04 -0.16E+00  0.21E+02  0.76E+09  0.10E+04
       Cl  3 3   0.21E+02  0.79E-01  0.89E+01  0.23E+05  0.13E+03
       Cl  4 3   0.24E+02  0.67E-01  0.99E+01  0.27E+05  0.15E+03
       Cl  4 4   0.28E+02  0.44E-01  0.11E+02  0.32E+05  0.18E+03
       Cl  5 5   0.77E+00  0.19E+00  0.18E+01  0.12E+03  0.22E+02
       Cl  6 5   0.80E+00  0.19E+00  0.19E+01  0.12E+03  0.23E+02
       Cl  6 6   0.83E+00  0.20E+00  0.19E+01  0.12E+03  0.23E+02
       H   1 1   0.39E+02  0.19E+00  0.29E+00  0.78E+05  0.13E+02
       H   2 1   0.41E+02  0.21E+00  0.32E+00  0.82E+05  0.14E+02
       H   2 2   0.43E+02  0.22E+00  0.36E+00  0.86E+05  0.15E+02
     ------------------------------------------------------------

     alpha_pv=     33.5917 eV

     Number of occupied bands for each k-point:
     k-point:     1    nbnd_occ=  42
     k-point:     2    nbnd_occ=  42
     k-point:     3    nbnd_occ=  42
     k-point:     4    nbnd_occ=  42
     k-point:     5    nbnd_occ=  42
     k-point:     6    nbnd_occ=  42
     k-point:     7    nbnd_occ=  42
     k-point:     8    nbnd_occ=  42
     k-point:     9    nbnd_occ=  42
     k-point:    10    nbnd_occ=  42
     k-point:    11    nbnd_occ=  42
     k-point:    12    nbnd_occ=  42
     k-point:    13    nbnd_occ=  42
     k-point:    14    nbnd_occ=  42
     k-point:    15    nbnd_occ=  42
     k-point:    16    nbnd_occ=  42


     q-space interpolation up to   110.00 Rydberg

     GIPAW job: efg                                                                             


     ELECTRIC FIELD GRADIENTS TENSORS IN Hartree/bohrradius^2:

     ----- bare term -----
     Cl   1       -0.034945        0.140631        0.005737
     Cl   1        0.140631        0.089416        0.031709
     Cl   1        0.005737        0.031709       -0.054471

     C    2       -0.047790       -0.024668       -0.380665
     C    2       -0.024668       -0.454216       -0.424694
     C    2       -0.380665       -0.424694        0.502005

     C    3       -0.504116        0.276621       -0.336406
     C    3        0.276621       -0.082912       -0.216173
     C    3       -0.336406       -0.216173        0.587028

     H    4       -0.218733       -0.172347       -0.577652
     H    4       -0.172347        0.396016       -0.181724
     H    4       -0.577652       -0.181724       -0.177284

     C    5       -0.064674        0.252292       -0.042027
     C    5        0.252292       -0.385911       -0.266371
     C    5       -0.042027       -0.266371        0.450585

     H    6        0.382847       -0.150094       -0.282980
     H    6       -0.150094       -0.047954       -0.535640
     H    6       -0.282980       -0.535640       -0.334893

     H    7        0.508700        0.022446        0.070523
     H    7        0.022446        0.025659        0.375060
     H    7        0.070523        0.375060       -0.534359

     C    8       -0.303324       -0.330452       -0.036763
     C    8       -0.330452       -0.228668        0.446230
     C    8       -0.036763        0.446230        0.531992

     H    9       -0.039976        0.075215       -0.584310
     H    9        0.075215        0.448818        0.010787
     H    9       -0.584310        0.010787       -0.408842

     C   10       -0.365021       -0.095896       -0.215502
     C   10       -0.095896       -0.115121        0.406624
     C   10       -0.215502        0.406624        0.480142

     C   11       -0.173653       -0.168618       -0.302286
     C   11       -0.168618       -0.342727        0.476055
     C   11       -0.302286        0.476055        0.516381

     Cl  12        0.011935       -0.037939       -0.046733
     Cl  12       -0.037939        0.004443       -0.057899
     Cl  12       -0.046733       -0.057899       -0.016378

     H   13        0.116362       -0.202276       -0.001244
     H   13       -0.202276       -0.417536       -0.461128
     H   13       -0.001244       -0.461128        0.301174

     C   14       -0.627337        0.238847       -0.434108
     C   14        0.238847       -0.043943       -0.156340
     C   14       -0.434108       -0.156340        0.671280

     H   15       -0.516654       -0.267435       -0.239950
     H   15       -0.267435        0.387961       -0.180651
     H   15       -0.239950       -0.180651        0.128693

     C   16        0.048431        0.132295       -0.082427
     C   16        0.132295       -0.576473       -0.347118
     C   16       -0.082427       -0.347118        0.528042

     C   17       -0.512386       -0.014195       -0.143638
     C   17       -0.014195        0.137579       -0.199363
     C   17       -0.143638       -0.199363        0.374807

     Cl  18        0.002343        0.031117        0.033622
     Cl  18        0.031117        0.030828       -0.022839
     Cl  18        0.033622       -0.022839       -0.033171

     H   19        0.485732        0.033063       -0.078083
     H   19        0.033063       -0.689358       -0.159316
     H   19       -0.078083       -0.159316        0.203626

     C   20       -0.386971       -0.033572       -0.274590
     C   20       -0.033572       -0.062542        0.312492
     C   20       -0.274590        0.312492        0.449513

     H   21       -0.419412        0.450032        0.043838
     H   21        0.450032        0.251839       -0.096039
     H   21        0.043838       -0.096039        0.167573

     C   22       -0.246859       -0.315086       -0.070126
     C   22       -0.315086       -0.333292        0.518868
     C   22       -0.070126        0.518868        0.580151

     C   23       -0.350840       -0.051796       -0.354159
     C   23       -0.051796       -0.093216        0.513522
     C   23       -0.354159        0.513522        0.444056

     Cl  24       -0.071449       -0.054561        0.071626
     Cl  24       -0.054561       -0.014430       -0.126332
     Cl  24        0.071626       -0.126332        0.085879

     ----- ionic term -----
     Cl   1        0.131356       -0.172677       -0.031277
     Cl   1       -0.172677       -0.027837        0.015218
     Cl   1       -0.031277        0.015218       -0.103519

     C    2        0.223005       -0.094071        0.228687
     C    2       -0.094071        0.061190        0.427604
     C    2        0.228687        0.427604       -0.284195

     C    3        0.191279       -0.261051        0.134155
     C    3       -0.261051        0.171342        0.421969
     C    3        0.134155        0.421969       -0.362622

     H    4        0.692109        0.282245        0.670253
     H    4        0.282245       -0.478310        0.230805
     H    4        0.670253        0.230805       -0.213799

     C    5        0.319814       -0.161926        0.215402
     C    5       -0.161926        0.070041        0.341318
     C    5        0.215402        0.341318       -0.389855

     H    6       -0.490118        0.207773        0.129520
     H    6        0.207773        0.699958        0.680008
     H    6        0.129520        0.680008       -0.209840

     H    7       -0.501782        0.053691       -0.014358
     H    7        0.053691        0.521508       -0.740273
     H    7       -0.014358       -0.740273       -0.019726

     C    8        0.256614        0.281299        0.230989
     C    8        0.281299        0.060017       -0.275482
     C    8        0.230989       -0.275482       -0.316632

     H    9        0.552592       -0.297153        0.708708
     H    9       -0.297153       -0.422494       -0.257763
     H    9        0.708708       -0.257763       -0.130098

     C   10        0.159800        0.241152        0.217723
     C   10        0.241152        0.180820       -0.361272
     C   10        0.217723       -0.361272       -0.340620

     C   11        0.195774        0.108064        0.307720
     C   11        0.108064        0.141280       -0.362685
     C   11        0.307720       -0.362685       -0.337054

     Cl  12        0.118131        0.212353        0.050917
     Cl  12        0.212353        0.018333        0.022461
     Cl  12        0.050917        0.022461       -0.136464

     H   13       -0.499974        0.194105        0.146552
     H   13        0.194105        0.474070        0.772629
     H   13        0.146552        0.772629        0.025904

     C   14        0.258147       -0.117108        0.252439
     C   14       -0.117108        0.013656        0.352744
     C   14        0.252439        0.352744       -0.271802

     H   15        0.478026        0.303321        0.706522
     H   15        0.303321       -0.419950        0.295410
     H   15        0.706522        0.295410       -0.058076

     C   16        0.074346       -0.185731        0.180752
     C   16       -0.185731        0.160568        0.478376
     C   16        0.180752        0.478376       -0.234915

     C   17        0.194889       -0.101698        0.256354
     C   17       -0.101698        0.089498        0.453388
     C   17        0.256354        0.453388       -0.284387

     Cl  18        0.128010       -0.193246        0.003775
     Cl  18       -0.193246        0.016955        0.010228
     Cl  18        0.003775        0.010228       -0.144965

     H   19       -0.508037        0.005497       -0.002442
     H   19        0.005497        0.767376       -0.621026
     H   19       -0.002442       -0.621026       -0.259339

     C   20        0.268802        0.168883        0.262603
     C   20        0.168883        0.133783       -0.265691
     C   20        0.262603       -0.265691       -0.402585

     H   21        0.780672       -0.382217        0.529885
     H   21       -0.382217       -0.370071       -0.205401
     H   21        0.529885       -0.205401       -0.410601

     C   22        0.168035        0.216359        0.182016
     C   22        0.216359        0.251806       -0.320472
     C   22        0.182016       -0.320472       -0.419841

     C   23        0.104486        0.213206        0.238148
     C   23        0.213206        0.235180       -0.337236
     C   23        0.238148       -0.337236       -0.339667

     Cl  24        0.110356        0.196338        0.017940
     Cl  24        0.196338        0.047378        0.001837
     Cl  24        0.017940        0.001837       -0.157734

     ----- GIPAW term -----
     Cl   1        1.199917       -1.119695        0.051376
     Cl   1       -1.119695        0.814984        0.275934
     Cl   1        0.051376        0.275934       -2.014902

     C    2       -0.048994       -0.109196       -0.128341
     C    2       -0.109196       -0.180907       -0.019434
     C    2       -0.128341       -0.019434        0.229902

     C    3       -0.210711        0.017036       -0.107391
     C    3        0.017036       -0.083681        0.032987
     C    3       -0.107391        0.032987        0.294393

     H    4       -0.000000        0.000000        0.000000
     H    4        0.000000        0.000000        0.000000
     H    4        0.000000        0.000000        0.000000

     C    5       -0.085021        0.029803        0.035481
     C    5        0.029803       -0.185554        0.019108
     C    5        0.035481        0.019108        0.270575

     H    6       -0.000000        0.000000        0.000000
     H    6        0.000000        0.000000        0.000000
     H    6        0.000000        0.000000        0.000000

     H    7       -0.000000        0.000000        0.000000
     H    7        0.000000        0.000000        0.000000
     H    7        0.000000        0.000000        0.000000

     C    8       -0.119520       -0.022657        0.076161
     C    8       -0.022657       -0.136465        0.175681
     C    8        0.076161        0.175681        0.255985

     H    9       -0.000000        0.000000        0.000000
     H    9        0.000000        0.000000        0.000000
     H    9        0.000000        0.000000        0.000000

     C   10       -0.191172        0.028619        0.007587
     C   10        0.028619       -0.090236        0.136851
     C   10        0.007587        0.136851        0.281409

     C   11       -0.090792        0.050669       -0.067982
     C   11        0.050669       -0.121545        0.174237
     C   11       -0.067982        0.174237        0.212337

     Cl  12       -0.654231        1.159955       -0.411781
     Cl  12        1.159955       -0.857103        1.380920
     Cl  12       -0.411781        1.380920        1.511334

     H   13       -0.000000        0.000000        0.000000
     H   13        0.000000        0.000000        0.000000
     H   13        0.000000        0.000000        0.000000

     C   14       -0.174570        0.027341       -0.136673
     C   14        0.027341       -0.111792        0.006289
     C   14       -0.136673        0.006289        0.286362

     H   15       -0.000000        0.000000        0.000000
     H   15        0.000000        0.000000        0.000000
     H   15        0.000000        0.000000        0.000000

     C   16       -0.089175       -0.012145       -0.046741
     C   16       -0.012145       -0.153488        0.075215
     C   16       -0.046741        0.075215        0.242663

     C   17       -0.104385       -0.049151        0.022152
     C   17       -0.049151       -0.065306       -0.000188
     C   17        0.022152       -0.000188        0.169691

     Cl  18       -0.670401       -1.310868       -0.141085
     Cl  18       -1.310868       -1.300503        0.632816
     Cl  18       -0.141085        0.632816        1.970904

     H   19       -0.000000        0.000000        0.000000
     H   19        0.000000        0.000000        0.000000
     H   19        0.000000        0.000000        0.000000

     C   20       -0.134644       -0.010256       -0.046085
     C   20       -0.010256       -0.037703        0.175705
     C   20       -0.046085        0.175705        0.172347

     H   21       -0.000000        0.000000        0.000000
     H   21        0.000000        0.000000        0.000000
     H   21        0.000000        0.000000        0.000000

     C   22       -0.150128       -0.041212       -0.016571
     C   22       -0.041212       -0.092130        0.187630
     C   22       -0.016571        0.187630        0.242258

     C   23       -0.056019        0.096134       -0.109186
     C   23        0.096134       -0.070220        0.125214
     C   23       -0.109186        0.125214        0.126239

     Cl  24        0.653855        1.603333        0.597942
     Cl  24        1.603333        0.000361       -1.137550
     Cl  24        0.597942       -1.137550       -0.654216

     ----- total EFG -----
     Cl   1        1.296329       -1.151741        0.025836
     Cl   1       -1.151741        0.876563        0.322860
     Cl   1        0.025836        0.322860       -2.172892

     C    2        0.126221       -0.227934       -0.280319
     C    2       -0.227934       -0.573933       -0.016524
     C    2       -0.280319       -0.016524        0.447712

     C    3       -0.523548        0.032607       -0.309641
     C    3        0.032607        0.004749        0.238783
     C    3       -0.309641        0.238783        0.518799

     H    4        0.473376        0.109898        0.092601
     H    4        0.109898       -0.082293        0.049081
     H    4        0.092601        0.049081       -0.391083

     C    5        0.170119        0.120169        0.208856
     C    5        0.120169       -0.501424        0.094055
     C    5        0.208856        0.094055        0.331305

     H    6       -0.107271        0.057679       -0.153459
     H    6        0.057679        0.652004        0.144367
     H    6       -0.153459        0.144367       -0.544733

     H    7        0.006918        0.076137        0.056166
     H    7        0.076137        0.547167       -0.365213
     H    7        0.056166       -0.365213       -0.554085

     C    8       -0.166230       -0.071809        0.270387
     C    8       -0.071809       -0.305116        0.346428
     C    8        0.270387        0.346428        0.471346

     H    9        0.512616       -0.221938        0.124397
     H    9       -0.221938        0.026324       -0.246976
     H    9        0.124397       -0.246976       -0.538940

     C   10       -0.396393        0.173875        0.009808
     C   10        0.173875       -0.024538        0.182203
     C   10        0.009808        0.182203        0.420931

     C   11       -0.068671       -0.009885       -0.062548
     C   11       -0.009885       -0.322993        0.287607
     C   11       -0.062548        0.287607        0.391664

     Cl  12       -0.524165        1.334369       -0.407597
     Cl  12        1.334369       -0.834328        1.345482
     Cl  12       -0.407597        1.345482        1.358492

     H   13       -0.383612       -0.008171        0.145307
     H   13       -0.008171        0.056535        0.311502
     H   13        0.145307        0.311502        0.327078

     C   14       -0.543761        0.149081       -0.318341
     C   14        0.149081       -0.142079        0.202693
     C   14       -0.318341        0.202693        0.685840

     H   15       -0.038628        0.035886        0.466572
     H   15        0.035886       -0.031988        0.114759
     H   15        0.466572        0.114759        0.070616

     C   16        0.033602       -0.065581        0.051585
     C   16       -0.065581       -0.569392        0.206472
     C   16        0.051585        0.206472        0.535791

     C   17       -0.421882       -0.165044        0.134868
     C   17       -0.165044        0.161771        0.253837
     C   17        0.134868        0.253837        0.260111

     Cl  18       -0.540049       -1.472996       -0.103688
     Cl  18       -1.472996       -1.252720        0.620205
     Cl  18       -0.103688        0.620205        1.792768

     H   19       -0.022305        0.038560       -0.080526
     H   19        0.038560        0.078018       -0.780341
     H   19       -0.080526       -0.780341       -0.055713

     C   20       -0.252814        0.125054       -0.058073
     C   20        0.125054        0.033538        0.222505
     C   20       -0.058073        0.222505        0.219276

     H   21        0.361260        0.067815        0.573723
     H   21        0.067815       -0.118232       -0.301440
     H   21        0.573723       -0.301440       -0.243028

     C   22       -0.228952       -0.139939        0.095320
     C   22       -0.139939       -0.173616        0.386026
     C   22        0.095320        0.386026        0.402568

     C   23       -0.302373        0.257544       -0.225197
     C   23        0.257544        0.071745        0.301500
     C   23       -0.225197        0.301500        0.230628

     Cl  24        0.692762        1.745109        0.687508
     Cl  24        1.745109        0.033310       -1.262045
     Cl  24        0.687508       -1.262045       -0.726072

     ----- total EFG (symmetrized) -----
     Cl   1        1.296329       -1.151741        0.025836
     Cl   1       -1.151741        0.876563        0.322860
     Cl   1        0.025836        0.322860       -2.172892

     C    2        0.126221       -0.227934       -0.280319
     C    2       -0.227934       -0.573933       -0.016524
     C    2       -0.280319       -0.016524        0.447712

     C    3       -0.523548        0.032607       -0.309641
     C    3        0.032607        0.004749        0.238783
     C    3       -0.309641        0.238783        0.518799

     H    4        0.473376        0.109898        0.092601
     H    4        0.109898       -0.082293        0.049081
     H    4        0.092601        0.049081       -0.391083

     C    5        0.170119        0.120169        0.208856
     C    5        0.120169       -0.501424        0.094055
     C    5        0.208856        0.094055        0.331305

     H    6       -0.107271        0.057679       -0.153459
     H    6        0.057679        0.652004        0.144367
     H    6       -0.153459        0.144367       -0.544733

     H    7        0.006918        0.076137        0.056166
     H    7        0.076137        0.547167       -0.365213
     H    7        0.056166       -0.365213       -0.554085

     C    8       -0.166230       -0.071809        0.270387
     C    8       -0.071809       -0.305116        0.346428
     C    8        0.270387        0.346428        0.471346

     H    9        0.512616       -0.221938        0.124397
     H    9       -0.221938        0.026324       -0.246976
     H    9        0.124397       -0.246976       -0.538940

     C   10       -0.396393        0.173875        0.009808
     C   10        0.173875       -0.024538        0.182203
     C   10        0.009808        0.182203        0.420931

     C   11       -0.068671       -0.009885       -0.062548
     C   11       -0.009885       -0.322993        0.287607
     C   11       -0.062548        0.287607        0.391664

     Cl  12       -0.524165        1.334369       -0.407597
     Cl  12        1.334369       -0.834328        1.345482
     Cl  12       -0.407597        1.345482        1.358492

     H   13       -0.383612       -0.008171        0.145307
     H   13       -0.008171        0.056535        0.311502
     H   13        0.145307        0.311502        0.327078

     C   14       -0.543761        0.149081       -0.318341
     C   14        0.149081       -0.142079        0.202693
     C   14       -0.318341        0.202693        0.685840

     H   15       -0.038628        0.035886        0.466572
     H   15        0.035886       -0.031988        0.114759
     H   15        0.466572        0.114759        0.070616

     C   16        0.033602       -0.065581        0.051585
     C   16       -0.065581       -0.569392        0.206472
     C   16        0.051585        0.206472        0.535791

     C   17       -0.421882       -0.165044        0.134868
     C   17       -0.165044        0.161771        0.253837
     C   17        0.134868        0.253837        0.260111

     Cl  18       -0.540049       -1.472996       -0.103688
     Cl  18       -1.472996       -1.252720        0.620205
     Cl  18       -0.103688        0.620205        1.792768

     H   19       -0.022305        0.038560       -0.080526
     H   19        0.038560        0.078018       -0.780341
     H   19       -0.080526       -0.780341       -0.055713

     C   20       -0.252814        0.125054       -0.058073
     C   20        0.125054        0.033538        0.222505
     C   20       -0.058073        0.222505        0.219276

     H   21        0.361260        0.067815        0.573723
     H   21        0.067815       -0.118232       -0.301440
     H   21        0.573723       -0.301440       -0.243028

     C   22       -0.228952       -0.139939        0.095320
     C   22       -0.139939       -0.173616        0.386026
     C   22        0.095320        0.386026        0.402568

     C   23       -0.302373        0.257544       -0.225197
     C   23        0.257544        0.071745        0.301500
     C   23       -0.225197        0.301500        0.230628

     Cl  24        0.692762        1.745109        0.687508
     Cl  24        1.745109        0.033310       -1.262045
     Cl  24        0.687508       -1.262045       -0.726072


     NQR/NMR SPECTROSCOPIC PARAMETERS:
     Cl   1    Vxx=   -0.0515    axis=(  0.643350  0.755652  0.122841)
     Cl   1    Vyy=   -2.2136    axis=( -0.047047 -0.121130  0.991521)
     Cl   1    Vzz=    2.2651    axis=(  0.764125 -0.643674 -0.042378)
     Cl   1  Q=        -8.1650 1e-30 m^2  Cq=       -43.4545 MHz  eta= 0.95451

     C    2    Vxx=    0.0316    axis=(  0.793410 -0.312882  0.522116)
     C    2    Vyy=    0.6190    axis=( -0.523068  0.088204  0.847715)
     C    2    Vzz=   -0.6506    axis=(  0.311288  0.945687  0.093677)
     C    2  Q=         1.0000 1e-30 m^2  Cq=        -1.5286 MHz  eta= 0.90274

     C    3    Vxx=   -0.0538    axis=(  0.237441  0.935481 -0.261720)
     C    3    Vyy=   -0.6238    axis=( -0.944069  0.158763 -0.289013)
     C    3    Vzz=    0.6776    axis=( -0.228815  0.315705  0.920855)
     C    3  Q=         1.0000 1e-30 m^2  Cq=         1.5921 MHz  eta= 0.84127

     H    4    Vxx=   -0.1001    axis=(  0.202776 -0.974127 -0.099791)
     H    4    Vyy=   -0.4054    axis=( -0.089204 -0.119861  0.988775)
     H    4    Vzz=    0.5055    axis=( -0.975154 -0.191598 -0.111201)
     H    4  Q=         1.0000 1e-30 m^2  Cq=         1.1878 MHz  eta= 0.60381

     C    5    Vxx=    0.0305    axis=(  0.807149  0.078900 -0.585052)
     C    5    Vyy=    0.4959    axis=(  0.571345  0.145022  0.807796)
     C    5    Vzz=   -0.5264    axis=( -0.148580  0.986278 -0.071975)
     C    5  Q=         1.0000 1e-30 m^2  Cq=        -1.2368 MHz  eta= 0.88420

     H    6    Vxx=   -0.0590    axis=( -0.952125  0.015244  0.305328)
     H    6    Vyy=   -0.6122    axis=(  0.301324 -0.121744  0.945718)
     H    6    Vzz=    0.6712    axis=(  0.051588  0.992444  0.111322)
     H    6  Q=         1.0000 1e-30 m^2  Cq=         1.5770 MHz  eta= 0.82425

     H    7    Vxx=    0.0105    axis=(  0.990008 -0.050978  0.131474)
     H    7    Vyy=    0.6622    axis=(  0.086747  0.955242 -0.282822)
     H    7    Vzz=   -0.6727    axis=( -0.111172  0.291400  0.950119)
     H    7  Q=         1.0000 1e-30 m^2  Cq=        -1.5805 MHz  eta= 0.96891

     C    8    Vxx=   -0.1441    axis=(  0.844216 -0.531157 -0.071912)
     C    8    Vyy=   -0.5231    axis=(  0.463062  0.790308 -0.401232)
     C    8    Vzz=    0.6672    axis=(  0.269950  0.305426  0.913149)
     C    8  Q=         1.0000 1e-30 m^2  Cq=         1.5675 MHz  eta= 0.56807

     H    9    Vxx=   -0.0031    axis=(  0.436578  0.851302 -0.291006)
     H    9    Vyy=   -0.6330    axis=(  0.036213 -0.339825 -0.939791)
     H    9    Vzz=    0.6361    axis=( -0.898937  0.399754 -0.179188)
     H    9  Q=         1.0000 1e-30 m^2  Cq=         1.4946 MHz  eta= 0.99035

     C   10    Vxx=   -0.0224    axis=(  0.385858  0.850256 -0.358019)
     C   10    Vyy=   -0.4690    axis=(  0.919086 -0.387918  0.069289)
     C   10    Vzz=    0.4914    axis=(  0.079968  0.355786  0.931140)
     C   10  Q=         1.0000 1e-30 m^2  Cq=         1.1546 MHz  eta= 0.90903

     C   11    Vxx=   -0.0751    axis=(  0.993517  0.066970  0.091865)
     C   11    Vyy=   -0.4247    axis=( -0.032579  0.941898 -0.334315)
     C   11    Vzz=    0.4999    axis=( -0.108917  0.329155  0.937974)
     C   11  Q=         1.0000 1e-30 m^2  Cq=         1.1745 MHz  eta= 0.69943

     Cl  12    Vxx=    0.4429    axis=(  0.806889  0.479341 -0.345198)
     Cl  12    Vyy=    2.0186    axis=( -0.101746 -0.462870 -0.880568)
     Cl  12    Vzz=   -2.4616    axis=( -0.581874  0.745643 -0.324713)
     Cl  12  Q=        -8.1650 1e-30 m^2  Cq=        47.2237 MHz  eta= 0.64014

     H   13    Vxx=   -0.1214    axis=(  0.291787 -0.827264  0.480099)
     H   13    Vyy=   -0.4249    axis=( -0.948111 -0.183890  0.259365)
     H   13    Vzz=    0.5463    axis=(  0.126278  0.530866  0.837995)
     H   13  Q=         1.0000 1e-30 m^2  Cq=         1.2836 MHz  eta= 0.55570

     C   14    Vxx=   -0.1009    axis=(  0.373357  0.923610 -0.086885)
     C   14    Vyy=   -0.6913    axis=( -0.903683  0.340930 -0.259081)
     C   14    Vzz=    0.7922    axis=( -0.209668  0.175247  0.961940)
     C   14  Q=         1.0000 1e-30 m^2  Cq=         1.8612 MHz  eta= 0.74529

     H   15    Vxx=   -0.0484    axis=(  0.221338 -0.972670  0.070162)
     H   15    Vyy=   -0.4597    axis=(  0.732643  0.118371 -0.670241)
     H   15    Vzz=    0.5081    axis=(  0.643618  0.199753  0.738820)
     H   15  Q=         1.0000 1e-30 m^2  Cq=         1.1938 MHz  eta= 0.80936

     C   16    Vxx=    0.0392    axis=(  0.990931 -0.124194 -0.051294)
     C   16    Vyy=    0.5759    axis=( -0.072517 -0.172922 -0.982262)
     C   16    Vzz=   -0.6151    axis=(  0.113121  0.977074 -0.180360)
     C   16  Q=         1.0000 1e-30 m^2  Cq=        -1.4452 MHz  eta= 0.87270

     C   17    Vxx=    0.0489    axis=(  0.412444 -0.702135  0.580427)
     C   17    Vyy=    0.4695    axis=( -0.001223  0.636717  0.771097)
     C   17    Vzz=   -0.5184    axis=( -0.910982 -0.318744  0.261751)
     C   17  Q=         1.0000 1e-30 m^2  Cq=        -1.2180 MHz  eta= 0.81140

     Cl  18    Vxx=    0.4637    axis=( -0.773341  0.549259 -0.316638)
     Cl  18    Vyy=    1.9911    axis=( -0.195155  0.268952  0.943175)
     Cl  18    Vzz=   -2.4548    axis=(  0.603207  0.791189 -0.100801)
     Cl  18  Q=        -8.1650 1e-30 m^2  Cq=        47.0933 MHz  eta= 0.62222

     H   19    Vxx=   -0.0292    axis=(  0.993991 -0.103759  0.034867)
     H   19    Vyy=   -0.7735    axis=(  0.044469  0.673847  0.737532)
     H   19    Vzz=    0.8027    axis=( -0.100021 -0.731549  0.674412)
     H   19  Q=         1.0000 1e-30 m^2  Cq=         1.8860 MHz  eta= 0.92736

     C   20    Vxx=   -0.0313    axis=( -0.521864 -0.694296  0.495592)
     C   20    Vyy=   -0.3370    axis=( -0.852268  0.448915 -0.268543)
     C   20    Vzz=    0.3683    axis=(  0.036030  0.562520  0.825998)
     C   20  Q=         1.0000 1e-30 m^2  Cq=         0.8653 MHz  eta= 0.83007

     H   21    Vxx=    0.0111    axis=(  0.331999  0.891583 -0.307987)
     H   21    Vyy=    0.7199    axis=(  0.834532 -0.125430  0.536492)
     H   21    Vzz=   -0.7310    axis=(  0.439696 -0.435140 -0.785698)
     H   21  Q=         1.0000 1e-30 m^2  Cq=        -1.7177 MHz  eta= 0.96950

     C   22    Vxx=   -0.1171    axis=(  0.830132 -0.509584  0.226284)
     C   22    Vyy=   -0.4797    axis=(  0.556853  0.737193 -0.382703)
     C   22    Vzz=    0.5968    axis=(  0.028205  0.443701  0.895731)
     C   22  Q=         1.0000 1e-30 m^2  Cq=         1.4022 MHz  eta= 0.60768

     C   23    Vxx=    0.1167    axis=(  0.629994  0.637884 -0.442958)
     C   23    Vyy=    0.4638    axis=( -0.036502  0.594073  0.803583)
     C   23    Vzz=   -0.5805    axis=(  0.775742 -0.490083  0.397546)
     C   23  Q=         1.0000 1e-30 m^2  Cq=        -1.3639 MHz  eta= 0.59780

     Cl  24    Vxx=    0.3559    axis=(  0.487430 -0.399897  0.776205)
     Cl  24    Vyy=    2.1715    axis=( -0.734515 -0.668453  0.116867)
     Cl  24    Vzz=   -2.5274    axis=(  0.472122 -0.627099 -0.619555)
     Cl  24  Q=        -8.1650 1e-30 m^2  Cq=        48.4867 MHz  eta= 0.71840

     Initialization:
     gipaw_setup  :      9.20s CPU     11.14s WALL (       1 calls)

     Linear response

     Apply operators

     Induced current

     Other routines
     efg          :      9.10s CPU     11.52s WALL (       1 calls)

     General routines
     calbec       :      3.16s CPU      4.21s WALL (      16 calls)
     fft          :      1.61s CPU      2.66s WALL (      15 calls)
     ffts         :      0.05s CPU      0.09s WALL (       2 calls)
     fftw         :      3.23s CPU      3.97s WALL (     672 calls)
     davcio       :      0.02s CPU      0.31s WALL (      32 calls)

     Parallel routines
     fft_scatter  :      2.21s CPU      3.91s WALL (     689 calls)

     Plugins

     GIPAW        :     60.59s CPU     72.31s WALL (       1 calls)
