
     Program QE v.6.0 (svn rev. 13079) starts on 19Jan2017 at  0:42:13 

     This program is part of the open-source Quantum ESPRESSO suite
     for quantum simulation of materials; please cite
         "P. Giannozzi et al., J. Phys.:Condens. Matter 21 395502 (2009);
          URL http://www.quantum-espresso.org", 
     in publications or presentations arising from this work. More details at
     http://www.quantum-espresso.org/quote

     Parallel version (MPI), running on     8 processors
     R & G space division:  proc/nbgrp/npool/nimage =       8

     ***** This is GIPAW svn revision unknown      *****

     Parallelizing q-star over 1 images

     Reading data from directory:
     /users/majewski/paradichlorobenzene/pbe/9_constraint/scratch/pbe.ecut100.np8.dt60.pcl2phi-129368.save
     Message from routine read_xml_file:
     file /users/majewski/paradichlorobenzene/pbe/9_constraint/scratch/pbe.ecut100.np8.dt60.pcl2phi-129368.save not guaranteed to be safe for post-processing

   Info: using nr1, nr2, nr3 values from input

   Info: using nr1, nr2, nr3 values from input

     IMPORTANT: XC functional enforced from input :
     Exchange-correlation      =  SLA  PW   PBX  PBC ( 1  4  3  4 0 0)
     Any further DFT definition will be discarded
     Please, verify this is what you really want

               file C.pbe-n-kjpaw_psl.1.0.0.UPF: wavefunction(s)  2S 2P renormalized
               file Cl.pbe-n-kjpaw_psl.1.0.0.UPF: wavefunction(s)  3S 3P renormalized
               file H.pbe-kjpaw_psl.1.0.0.UPF: wavefunction(s)  1S renormalized

     Parallelization info
     --------------------
     sticks:   dense  smooth     PW     G-vecs:    dense   smooth      PW
     Min        3057    1223    332               144436    36536    5170
     Max        3059    1225    333               144437    36537    5171
     Sum       24467    9791   2657              1155489   292295   41363


     Subspace diagonalization in iterative solution of the eigenvalue problem:
     a serial algorithm will be used

     GIPAW projectors -----------------------------------------------
     atom=  C    l=0  rc=    1.2000  rs=    0.8000
     atom=  C    l=0  rc=    1.2000  rs=    0.8000
     atom=  C    l=1  rc=    1.4000  rs=    0.9333
     atom=  C    l=1  rc=    1.4000  rs=    0.9333
     projs nearly linearly dependent: l=1  n1,n2= 1, 2  s=  0.99951561

     atom=  Cl   l=0  rc=    1.6000  rs=    1.0667
     atom=  Cl   l=0  rc=    1.6000  rs=    1.0667
     atom=  Cl   l=1  rc=    1.6000  rs=    1.0667
     atom=  Cl   l=1  rc=    1.6000  rs=    1.0667
     atom=  Cl   l=2  rc=    1.6000  rs=    1.0667
     atom=  Cl   l=2  rc=    1.6000  rs=    1.0667
     projs nearly linearly dependent: l=2  n1,n2= 1, 2  s=  0.99993509

     atom=  H    l=0  rc=    1.0000  rs=    0.6667
     atom=  H    l=0  rc=    1.0000  rs=    0.6667
     projs nearly linearly dependent: l=0  n1,n2= 1, 2  s=  0.99968852
     -----------------------------------------------------------------

     GIPAW integrals: -------------------------------------------
     Atom  i/j   nmr_para   nmr_dia   epr_rmc  epr_para   epr_dia
       C   1 1   0.83E+03  0.17E-01  0.93E+01  0.24E+08  0.24E+03
       C   2 1   0.86E+03 -0.61E-01  0.94E+01  0.25E+08  0.25E+03
       C   2 2   0.90E+03 -0.15E+00  0.97E+01  0.26E+08  0.26E+03
       C   3 3   0.33E+01  0.34E+00  0.18E+01  0.55E+03  0.21E+02
       C   4 3   0.35E+01  0.37E+00  0.20E+01  0.59E+03  0.22E+02
       C   4 4   0.38E+01  0.39E+00  0.22E+01  0.63E+03  0.24E+02
       Cl  1 1   0.14E+04 -0.47E+00  0.84E+01  0.32E+09  0.42E+03
       Cl  2 1   0.21E+04 -0.37E+00  0.12E+02  0.49E+09  0.65E+03
       Cl  2 2   0.33E+04 -0.16E+00  0.21E+02  0.76E+09  0.10E+04
       Cl  3 3   0.21E+02  0.79E-01  0.89E+01  0.23E+05  0.13E+03
       Cl  4 3   0.24E+02  0.67E-01  0.99E+01  0.27E+05  0.15E+03
       Cl  4 4   0.28E+02  0.44E-01  0.11E+02  0.32E+05  0.18E+03
       Cl  5 5   0.77E+00  0.19E+00  0.18E+01  0.12E+03  0.22E+02
       Cl  6 5   0.80E+00  0.19E+00  0.19E+01  0.12E+03  0.23E+02
       Cl  6 6   0.83E+00  0.20E+00  0.19E+01  0.12E+03  0.23E+02
       H   1 1   0.39E+02  0.19E+00  0.29E+00  0.78E+05  0.13E+02
       H   2 1   0.41E+02  0.21E+00  0.32E+00  0.82E+05  0.14E+02
       H   2 2   0.43E+02  0.22E+00  0.36E+00  0.86E+05  0.15E+02
     ------------------------------------------------------------

     alpha_pv=     34.2537 eV

     Number of occupied bands for each k-point:
     k-point:     1    nbnd_occ=  42
     k-point:     2    nbnd_occ=  42
     k-point:     3    nbnd_occ=  42
     k-point:     4    nbnd_occ=  42
     k-point:     5    nbnd_occ=  42
     k-point:     6    nbnd_occ=  42
     k-point:     7    nbnd_occ=  42
     k-point:     8    nbnd_occ=  42
     k-point:     9    nbnd_occ=  42
     k-point:    10    nbnd_occ=  42
     k-point:    11    nbnd_occ=  42
     k-point:    12    nbnd_occ=  42
     k-point:    13    nbnd_occ=  42
     k-point:    14    nbnd_occ=  42
     k-point:    15    nbnd_occ=  42
     k-point:    16    nbnd_occ=  42


     q-space interpolation up to   110.00 Rydberg

     GIPAW job: efg                                                                             


     ELECTRIC FIELD GRADIENTS TENSORS IN Hartree/bohrradius^2:

     ----- bare term -----
     Cl   1       -0.027141        0.039759        0.002152
     Cl   1        0.039759       -0.025880        0.045280
     Cl   1        0.002152        0.045280        0.053021

     C    2       -0.140180        0.117985       -0.334094
     C    2        0.117985       -0.381769       -0.477922
     C    2       -0.334094       -0.477922        0.521950

     C    3       -0.345320        0.244191       -0.301018
     C    3        0.244191       -0.164577       -0.412829
     C    3       -0.301018       -0.412829        0.509897

     H    4       -0.091619       -0.150866       -0.520420
     H    4       -0.150866        0.439392       -0.158845
     H    4       -0.520420       -0.158845       -0.347773

     C    5       -0.347604        0.271519       -0.268163
     C    5        0.271519       -0.154197       -0.441561
     C    5       -0.268163       -0.441561        0.501801

     H    6        0.358479       -0.115427       -0.107793
     H    6       -0.115427       -0.389563       -0.539439
     H    6       -0.107793       -0.539439        0.031084

     H    7        0.311190        0.222808       -0.283565
     H    7        0.222808       -0.201196        0.571321
     H    7       -0.283565        0.571321       -0.109993

     C    8       -0.147854       -0.336743       -0.061846
     C    8       -0.336743       -0.397226        0.328286
     C    8       -0.061846        0.328286        0.545080

     H    9       -0.007239        0.099788       -0.494357
     H    9        0.099788        0.438455       -0.024215
     H    9       -0.494357       -0.024215       -0.431216

     C   10       -0.359162       -0.264574       -0.305317
     C   10       -0.264574       -0.152348        0.411945
     C   10       -0.305317        0.411945        0.511510

     C   11       -0.067057        0.083850       -0.451066
     C   11        0.083850       -0.176720        0.536877
     C   11       -0.451066        0.536877        0.243777

     Cl  12       -0.042016       -0.141272        0.090188
     Cl  12       -0.141272       -0.079663        0.005693
     Cl  12        0.090188        0.005693        0.121679

     H   13        0.382929       -0.339643        0.145511
     H   13       -0.339643       -0.602956        0.132865
     H   13        0.145511        0.132865        0.220027

     C   14       -0.458550        0.117732       -0.318141
     C   14        0.117732       -0.076146       -0.260833
     C   14       -0.318141       -0.260833        0.534697

     H   15       -0.243698       -0.466747       -0.209606
     H   15       -0.466747       -0.091581        0.083793
     H   15       -0.209606        0.083793        0.335279

     C   16       -0.278048        0.332123       -0.125254
     C   16        0.332123       -0.280498       -0.544892
     C   16       -0.125254       -0.544892        0.558546

     C   17       -0.136091       -0.058500       -0.377443
     C   17       -0.058500       -0.115927       -0.562130
     C   17       -0.377443       -0.562130        0.252018

     Cl  18       -0.157849        0.051722       -0.055015
     Cl  18        0.051722       -0.122909       -0.029260
     Cl  18       -0.055015       -0.029260        0.280759

     H   19        0.489422       -0.036555       -0.208285
     H   19       -0.036555       -0.159584        0.313133
     H   19       -0.208285        0.313133       -0.329838

     C   20       -0.556819       -0.312118       -0.208201
     C   20       -0.312118        0.163813        0.291187
     C   20       -0.208201        0.291187        0.393007

     H   21       -0.290419       -0.255555       -0.432758
     H   21       -0.255555       -0.032076        0.088322
     H   21       -0.432758        0.088322        0.322495

     C   22       -0.007000        0.019180       -0.268975
     C   22        0.019180       -0.147755        0.555953
     C   22       -0.268975        0.555953        0.154754

     C   23       -0.700245       -0.231899       -0.342411
     C   23       -0.231899        0.164788        0.082391
     C   23       -0.342411        0.082391        0.535457

     Cl  24       -0.063176        0.036353        0.025299
     Cl  24        0.036353       -0.033076       -0.097485
     Cl  24        0.025299       -0.097485        0.096252

     ----- ionic term -----
     Cl   1        0.088450       -0.207505        0.027669
     Cl   1       -0.207505        0.063577       -0.011220
     Cl   1        0.027669       -0.011220       -0.152027

     C    2        0.126087       -0.155170        0.269261
     C    2       -0.155170        0.245533        0.390122
     C    2        0.269261        0.390122       -0.371619

     C    3        0.119978       -0.227022        0.235842
     C    3       -0.227022        0.239055        0.367973
     C    3        0.235842        0.367973       -0.359032

     H    4        0.576583        0.350697        0.687920
     H    4        0.350697       -0.383193        0.261039
     H    4        0.687920        0.261039       -0.193390

     C    5        0.215540       -0.186572        0.329024
     C    5       -0.186572        0.119082        0.262557
     C    5        0.329024        0.262557       -0.334622

     H    6       -0.520513        0.151419        0.072555
     H    6        0.151419        0.767227        0.607869
     H    6        0.072555        0.607869       -0.246714

     H    7       -0.508999       -0.184479        0.118094
     H    7       -0.184479        0.644841       -0.715451
     H    7        0.118094       -0.715451       -0.135842

     C    8        0.238040        0.195919        0.248731
     C    8        0.195919        0.084300       -0.297101
     C    8        0.248731       -0.297101       -0.322339

     H    9        0.464941       -0.156415        0.814771
     H    9       -0.156415       -0.515639       -0.195921
     H    9        0.814771       -0.195921        0.050698

     C   10        0.070556        0.268838        0.209497
     C   10        0.268838        0.153553       -0.396847
     C   10        0.209497       -0.396847       -0.224109

     C   11        0.170797        0.235244        0.244953
     C   11        0.235244        0.058833       -0.400572
     C   11        0.244953       -0.400572       -0.229629

     Cl  12        0.112160        0.210320       -0.023588
     Cl  12        0.210320        0.020489       -0.025934
     Cl  12       -0.023588       -0.025934       -0.132649

     H   13       -0.453812        0.215038        0.111969
     H   13        0.215038        0.809142        0.554991
     H   13        0.111969        0.554991       -0.355330

     C   14        0.318212       -0.174354        0.326028
     C   14       -0.174354        0.142099        0.230566
     C   14        0.326028        0.230566       -0.460311

     H   15        0.575250        0.460851        0.594700
     H   15        0.460851       -0.254572        0.298466
     H   15        0.594700        0.298466       -0.320678

     C   16        0.126221       -0.208836        0.243589
     C   16       -0.208836        0.340621        0.327783
     C   16        0.243589        0.327783       -0.466843

     C   17        0.105026       -0.136668        0.374879
     C   17       -0.136668        0.234934        0.310718
     C   17        0.374879        0.310718       -0.339960

     Cl  18        0.120259       -0.182766        0.069444
     Cl  18       -0.182766        0.029164       -0.041934
     Cl  18        0.069444       -0.041934       -0.149424

     H   19       -0.521734       -0.038324        0.058923
     H   19       -0.038324        0.380325       -0.808009
     H   19        0.058923       -0.808009        0.141409

     C   20        0.240022        0.267461        0.236265
     C   20        0.267461       -0.021789       -0.317669
     C   20        0.236265       -0.317669       -0.218232

     H   21        0.610112       -0.122441        0.720276
     H   21       -0.122441       -0.518578       -0.160966
     H   21        0.720276       -0.160966       -0.091534

     C   22        0.132204        0.277587        0.178123
     C   22        0.277587        0.097858       -0.404394
     C   22        0.178123       -0.404394       -0.230063

     C   23        0.180840        0.154891        0.243829
     C   23        0.154891        0.036947       -0.412529
     C   23        0.243829       -0.412529       -0.217786

     Cl  24        0.115811        0.190739       -0.015309
     Cl  24        0.190739        0.015605       -0.017042
     Cl  24       -0.015309       -0.017042       -0.131416

     ----- GIPAW term -----
     Cl   1        0.093321        0.134582       -1.260961
     Cl   1        0.134582        0.480340       -1.769668
     Cl   1       -1.260961       -1.769668       -0.573660

     C    2       -0.074743       -0.065008       -0.089223
     C    2       -0.065008       -0.148492       -0.141964
     C    2       -0.089223       -0.141964        0.223235

     C    3       -0.174082        0.028534       -0.107204
     C    3        0.028534       -0.091729       -0.125044
     C    3       -0.107204       -0.125044        0.265811

     H    4       -0.000000        0.000000        0.000000
     H    4        0.000000        0.000000        0.000000
     H    4        0.000000        0.000000        0.000000

     C    5       -0.091675        0.045586       -0.043403
     C    5        0.045586       -0.095313       -0.137777
     C    5       -0.043403       -0.137777        0.186988

     H    6       -0.000000        0.000000        0.000000
     H    6        0.000000        0.000000        0.000000
     H    6        0.000000        0.000000        0.000000

     H    7       -0.000000        0.000000        0.000000
     H    7        0.000000        0.000000        0.000000
     H    7        0.000000        0.000000        0.000000

     C    8       -0.068856       -0.087975        0.082791
     C    8       -0.087975       -0.162590       -0.044871
     C    8        0.082791       -0.044871        0.231445

     H    9       -0.000000        0.000000        0.000000
     H    9        0.000000        0.000000        0.000000
     H    9        0.000000        0.000000        0.000000

     C   10       -0.145477       -0.025615       -0.080241
     C   10       -0.025615       -0.054775        0.073858
     C   10       -0.080241        0.073858        0.200252

     C   11        0.092786        0.165976       -0.114615
     C   11        0.165976       -0.040685        0.077474
     C   11       -0.114615        0.077474       -0.052101

     Cl  12        1.420091        1.631477        0.717011
     Cl  12        1.631477       -0.514636        0.021393
     Cl  12        0.717011        0.021393       -0.905455

     H   13       -0.000000        0.000000        0.000000
     H   13        0.000000        0.000000        0.000000
     H   13        0.000000        0.000000        0.000000

     C   14       -0.145068        0.029376       -0.085123
     C   14        0.029376       -0.081671       -0.134518
     C   14       -0.085123       -0.134518        0.226739

     H   15       -0.000000        0.000000        0.000000
     H   15        0.000000        0.000000        0.000000
     H   15        0.000000        0.000000        0.000000

     C   16       -0.143622        0.048383       -0.029274
     C   16        0.048383       -0.056283       -0.191663
     C   16       -0.029274       -0.191663        0.199904

     C   17        0.060988       -0.163981       -0.064743
     C   17       -0.163981       -0.004160       -0.100000
     C   17       -0.064743       -0.100000       -0.056828

     Cl  18       -0.384902       -1.701159       -0.410467
     Cl  18       -1.701159       -1.252940       -0.422313
     Cl  18       -0.410467       -0.422313        1.637842

     H   19       -0.000000        0.000000        0.000000
     H   19        0.000000        0.000000        0.000000
     H   19        0.000000        0.000000        0.000000

     C   20       -0.097936        0.084362        0.013458
     C   20        0.084362        0.140299        0.069248
     C   20        0.013458        0.069248       -0.042363

     H   21       -0.000000        0.000000        0.000000
     H   21        0.000000        0.000000        0.000000
     H   21        0.000000        0.000000        0.000000

     C   22       -0.096832        0.113267       -0.067299
     C   22        0.113267        0.188133       -0.024415
     C   22       -0.067299       -0.024415       -0.091302

     C   23       -0.172610        0.049092       -0.036237
     C   23        0.049092        0.056858       -0.181480
     C   23       -0.036237       -0.181480        0.115752

     Cl  24       -0.241676        2.086879       -0.302946
     Cl  24        2.086879       -0.179896       -1.859926
     Cl  24       -0.302946       -1.859926        0.421571

     ----- total EFG -----
     Cl   1        0.154629       -0.033163       -1.231140
     Cl   1       -0.033163        0.518036       -1.735607
     Cl   1       -1.231140       -1.735607       -0.672666

     C    2       -0.088837       -0.102193       -0.154057
     C    2       -0.102193       -0.284728       -0.229764
     C    2       -0.154057       -0.229764        0.373565

     C    3       -0.399424        0.045703       -0.172380
     C    3        0.045703       -0.017251       -0.169900
     C    3       -0.172380       -0.169900        0.416675

     H    4        0.484964        0.199832        0.167500
     H    4        0.199832        0.056199        0.102193
     H    4        0.167500        0.102193       -0.541163

     C    5       -0.223738        0.130533        0.017459
     C    5        0.130533       -0.130429       -0.316780
     C    5        0.017459       -0.316780        0.354167

     H    6       -0.162034        0.035991       -0.035237
     H    6        0.035991        0.377664        0.068430
     H    6       -0.035237        0.068430       -0.215630

     H    7       -0.197809        0.038329       -0.165471
     H    7        0.038329        0.443645       -0.144130
     H    7       -0.165471       -0.144130       -0.245835

     C    8        0.021330       -0.228799        0.269676
     C    8       -0.228799       -0.475516       -0.013686
     C    8        0.269676       -0.013686        0.454186

     H    9        0.457702       -0.056628        0.320414
     H    9       -0.056628       -0.077184       -0.220136
     H    9        0.320414       -0.220136       -0.380518

     C   10       -0.434083       -0.021350       -0.176061
     C   10       -0.021350       -0.053569        0.088956
     C   10       -0.176061        0.088956        0.487652

     C   11        0.196525        0.485071       -0.320728
     C   11        0.485071       -0.158572        0.213780
     C   11       -0.320728        0.213780       -0.037953

     Cl  12        1.490235        1.700524        0.783611
     Cl  12        1.700524       -0.573810        0.001151
     Cl  12        0.783611        0.001151       -0.916425

     H   13       -0.070884       -0.124605        0.257480
     H   13       -0.124605        0.206186        0.687857
     H   13        0.257480        0.687857       -0.135303

     C   14       -0.285406       -0.027246       -0.077236
     C   14       -0.027246       -0.015718       -0.164785
     C   14       -0.077236       -0.164785        0.301124

     H   15        0.331552       -0.005897        0.385093
     H   15       -0.005897       -0.346153        0.382259
     H   15        0.385093        0.382259        0.014602

     C   16       -0.295448        0.171670        0.089060
     C   16        0.171670        0.003841       -0.408773
     C   16        0.089060       -0.408773        0.291608

     C   17        0.029923       -0.359150       -0.067306
     C   17       -0.359150        0.114847       -0.351412
     C   17       -0.067306       -0.351412       -0.144770

     Cl  18       -0.422492       -1.832203       -0.396037
     Cl  18       -1.832203       -1.346684       -0.493507
     Cl  18       -0.396037       -0.493507        1.769177

     H   19       -0.032312       -0.074879       -0.149362
     H   19       -0.074879        0.220742       -0.494876
     H   19       -0.149362       -0.494876       -0.188429

     C   20       -0.414734        0.039704        0.041522
     C   20        0.039704        0.282323        0.042766
     C   20        0.041522        0.042766        0.132411

     H   21        0.319692       -0.377996        0.287519
     H   21       -0.377996       -0.550654       -0.072644
     H   21        0.287519       -0.072644        0.230961

     C   22        0.028373        0.410035       -0.158151
     C   22        0.410035        0.138237        0.127144
     C   22       -0.158151        0.127144       -0.166610

     C   23       -0.692015       -0.027916       -0.134819
     C   23       -0.027916        0.258593       -0.511618
     C   23       -0.134819       -0.511618        0.433422

     Cl  24       -0.189041        2.313971       -0.292956
     Cl  24        2.313971       -0.197367       -1.974452
     Cl  24       -0.292956       -1.974452        0.386408

     ----- total EFG (symmetrized) -----
     Cl   1        0.154629       -0.033163       -1.231140
     Cl   1       -0.033163        0.518036       -1.735607
     Cl   1       -1.231140       -1.735607       -0.672666

     C    2       -0.088837       -0.102193       -0.154057
     C    2       -0.102193       -0.284728       -0.229764
     C    2       -0.154057       -0.229764        0.373565

     C    3       -0.399424        0.045703       -0.172380
     C    3        0.045703       -0.017251       -0.169900
     C    3       -0.172380       -0.169900        0.416675

     H    4        0.484964        0.199832        0.167500
     H    4        0.199832        0.056199        0.102193
     H    4        0.167500        0.102193       -0.541163

     C    5       -0.223738        0.130533        0.017459
     C    5        0.130533       -0.130429       -0.316780
     C    5        0.017459       -0.316780        0.354167

     H    6       -0.162034        0.035991       -0.035237
     H    6        0.035991        0.377664        0.068430
     H    6       -0.035237        0.068430       -0.215630

     H    7       -0.197809        0.038329       -0.165471
     H    7        0.038329        0.443645       -0.144130
     H    7       -0.165471       -0.144130       -0.245835

     C    8        0.021330       -0.228799        0.269676
     C    8       -0.228799       -0.475516       -0.013686
     C    8        0.269676       -0.013686        0.454186

     H    9        0.457702       -0.056628        0.320414
     H    9       -0.056628       -0.077184       -0.220136
     H    9        0.320414       -0.220136       -0.380518

     C   10       -0.434083       -0.021350       -0.176061
     C   10       -0.021350       -0.053569        0.088956
     C   10       -0.176061        0.088956        0.487652

     C   11        0.196525        0.485071       -0.320728
     C   11        0.485071       -0.158572        0.213780
     C   11       -0.320728        0.213780       -0.037953

     Cl  12        1.490235        1.700524        0.783611
     Cl  12        1.700524       -0.573810        0.001151
     Cl  12        0.783611        0.001151       -0.916425

     H   13       -0.070884       -0.124605        0.257480
     H   13       -0.124605        0.206186        0.687857
     H   13        0.257480        0.687857       -0.135303

     C   14       -0.285406       -0.027246       -0.077236
     C   14       -0.027246       -0.015718       -0.164785
     C   14       -0.077236       -0.164785        0.301124

     H   15        0.331552       -0.005897        0.385093
     H   15       -0.005897       -0.346153        0.382259
     H   15        0.385093        0.382259        0.014602

     C   16       -0.295448        0.171670        0.089060
     C   16        0.171670        0.003841       -0.408773
     C   16        0.089060       -0.408773        0.291608

     C   17        0.029923       -0.359150       -0.067306
     C   17       -0.359150        0.114847       -0.351412
     C   17       -0.067306       -0.351412       -0.144770

     Cl  18       -0.422492       -1.832203       -0.396037
     Cl  18       -1.832203       -1.346684       -0.493507
     Cl  18       -0.396037       -0.493507        1.769177

     H   19       -0.032312       -0.074879       -0.149362
     H   19       -0.074879        0.220742       -0.494876
     H   19       -0.149362       -0.494876       -0.188429

     C   20       -0.414734        0.039704        0.041522
     C   20        0.039704        0.282323        0.042766
     C   20        0.041522        0.042766        0.132411

     H   21        0.319692       -0.377996        0.287519
     H   21       -0.377996       -0.550654       -0.072644
     H   21        0.287519       -0.072644        0.230961

     C   22        0.028373        0.410035       -0.158151
     C   22        0.410035        0.138237        0.127144
     C   22       -0.158151        0.127144       -0.166610

     C   23       -0.692015       -0.027916       -0.134819
     C   23       -0.027916        0.258593       -0.511618
     C   23       -0.134819       -0.511618        0.433422

     Cl  24       -0.189041        2.313971       -0.292956
     Cl  24        2.313971       -0.197367       -1.974452
     Cl  24       -0.292956       -1.974452        0.386408


     NQR/NMR SPECTROSCOPIC PARAMETERS:
     Cl   1    Vxx=    0.3005    axis=(  0.834413 -0.544669 -0.084205)
     Cl   1    Vyy=    2.0483    axis=(  0.387091  0.687923 -0.613940)
     Cl   1    Vzz=   -2.3488    axis=(  0.392321  0.479685  0.784848)
     Cl   1  Q=        -8.1650 1e-30 m^2  Cq=        45.0614 MHz  eta= 0.74411

     C    2    Vxx=   -0.0491    axis=(  0.886290 -0.457088  0.074567)
     C    2    Vyy=   -0.4220    axis=(  0.411617  0.851231  0.325542)
     C    2    Vzz=    0.4711    axis=( -0.212275 -0.257831  0.942583)
     C    2  Q=         1.0000 1e-30 m^2  Cq=         1.1069 MHz  eta= 0.79158

     C    3    Vxx=   -0.0754    axis=( -0.034077  0.948320  0.315481)
     C    3    Vyy=   -0.4347    axis=(  0.980807 -0.028904  0.192827)
     C    3    Vzz=    0.5101    axis=( -0.191980 -0.315997  0.929134)
     C    3  Q=         1.0000 1e-30 m^2  Cq=         1.1985 MHz  eta= 0.70430

     H    4    Vxx=   -0.0205    axis=(  0.383452 -0.921765 -0.057566)
     H    4    Vyy=   -0.5760    axis=(  0.133348  0.116935 -0.984147)
     H    4    Vzz=    0.5965    axis=(  0.913883  0.369697  0.167754)
     H    4  Q=         1.0000 1e-30 m^2  Cq=         1.4017 MHz  eta= 0.93111

     C    5    Vxx=   -0.1284    axis=(  0.784878  0.530648  0.319967)
     C    5    Vyy=   -0.3848    axis=(  0.616865 -0.718019 -0.322374)
     C    5    Vzz=    0.5132    axis=( -0.058675 -0.450402  0.890896)
     C    5  Q=         1.0000 1e-30 m^2  Cq=         1.2057 MHz  eta= 0.49970

     H    6    Vxx=   -0.1446    axis=(  0.894695 -0.003132 -0.446667)
     H    6    Vyy=   -0.2427    axis=( -0.442896  0.123642 -0.888007)
     H    6    Vzz=    0.3873    axis=(  0.058008  0.992322  0.109234)
     H    6  Q=         1.0000 1e-30 m^2  Cq=         0.9100 MHz  eta= 0.25346

     H    7    Vxx=   -0.0823    axis=(  0.775636 -0.218768 -0.592056)
     H    7    Vyy=   -0.3979    axis=(  0.621898  0.104599  0.776081)
     H    7    Vzz=    0.4802    axis=( -0.107853 -0.970155  0.217182)
     H    7  Q=         1.0000 1e-30 m^2  Cq=         1.1282 MHz  eta= 0.65715

     C    8    Vxx=   -0.0231    axis=( -0.797171  0.389196  0.461568)
     C    8    Vyy=   -0.5726    axis=( -0.393750 -0.914680  0.091219)
     C    8    Vzz=    0.5958    axis=(  0.457689 -0.109025  0.882402)
     C    8  Q=         1.0000 1e-30 m^2  Cq=         1.3998 MHz  eta= 0.92242

     H    9    Vxx=   -0.0251    axis=(  0.300191  0.908125 -0.291881)
     H    9    Vyy=   -0.5653    axis=(  0.258616 -0.372017 -0.891472)
     H    9    Vzz=    0.5905    axis=( -0.918152  0.192127 -0.346532)
     H    9  Q=         1.0000 1e-30 m^2  Cq=         1.3874 MHz  eta= 0.91482

     C   10    Vxx=   -0.0677    axis=(  0.016033  0.988068 -0.153184)
     C   10    Vyy=   -0.4666    axis=( -0.983531 -0.011999 -0.180339)
     C   10    Vzz=    0.5343    axis=( -0.180026  0.153552  0.971603)
     C   10  Q=         1.0000 1e-30 m^2  Cq=         1.2555 MHz  eta= 0.74657

     C   11    Vxx=    0.1222    axis=( -0.044208  0.555703  0.830205)
     C   11    Vyy=    0.5755    axis=(  0.837313  0.473902 -0.272623)
     C   11    Vzz=   -0.6977    axis=( -0.544933  0.683090 -0.486247)
     C   11  Q=         1.0000 1e-30 m^2  Cq=        -1.6393 MHz  eta= 0.64965

     Cl  12    Vxx=   -0.8443    axis=(  0.079820 -0.505477  0.859140)
     Cl  12    Vyy=   -1.7380    axis=( -0.497714  0.726553  0.473710)
     Cl  12    Vzz=    2.5823    axis=(  0.863661  0.465418  0.193589)
     Cl  12  Q=        -8.1650 1e-30 m^2  Cq=       -49.5397 MHz  eta= 0.34608

     H   13    Vxx=    0.0344    axis=(  0.927148 -0.287876  0.239842)
     H   13    Vyy=    0.7490    axis=(  0.078810  0.775602  0.626283)
     H   13    Vzz=   -0.7834    axis=( -0.366313 -0.561755  0.741786)
     H   13  Q=         1.0000 1e-30 m^2  Cq=        -1.8406 MHz  eta= 0.91214

     C   14    Vxx=   -0.0721    axis=( -0.242137  0.905093  0.349537)
     C   14    Vyy=   -0.3048    axis=(  0.965898  0.190813  0.175018)
     C   14    Vzz=    0.3769    axis=( -0.091711 -0.379995  0.920431)
     C   14  Q=         1.0000 1e-30 m^2  Cq=         0.8854 MHz  eta= 0.61753

     H   15    Vxx=    0.0013    axis=(  0.606789 -0.592842 -0.529477)
     H   15    Vyy=    0.6392    axis=( -0.758241 -0.231851 -0.609357)
     H   15    Vzz=   -0.6405    axis=(  0.238493  0.771222 -0.590201)
     H   15  Q=         1.0000 1e-30 m^2  Cq=        -1.5049 MHz  eta= 0.99599

     C   16    Vxx=   -0.0994    axis=(  0.696769  0.569262  0.436409)
     C   16    Vyy=   -0.4825    axis=(  0.716592 -0.579363 -0.388374)
     C   16    Vzz=    0.5819    axis=( -0.031752 -0.583335  0.811611)
     C   16  Q=         1.0000 1e-30 m^2  Cq=         1.3673 MHz  eta= 0.65833

     C   17    Vxx=    0.0110    axis=(  0.713735  0.165094 -0.680681)
     C   17    Vyy=    0.5184    axis=( -0.520642  0.775127 -0.357924)
     C   17    Vzz=   -0.5294    axis=(  0.468523  0.609854  0.639190)
     C   17  Q=         1.0000 1e-30 m^2  Cq=        -1.2439 MHz  eta= 0.95830

     Cl  18    Vxx=    1.0049    axis=(  0.787723 -0.615941  0.010463)
     Cl  18    Vyy=    1.8557    axis=(  0.091575  0.100284 -0.990736)
     Cl  18    Vzz=   -2.8606    axis=(  0.609185  0.781384  0.135401)
     Cl  18  Q=        -8.1650 1e-30 m^2  Cq=        54.8797 MHz  eta= 0.29743

     H   19    Vxx=    0.0180    axis=(  0.954898 -0.194662 -0.224224)
     H   19    Vyy=    0.5524    axis=(  0.037138  0.827498 -0.560239)
     H   19    Vzz=   -0.5705    axis=(  0.294602  0.526644  0.797406)
     H   19  Q=         1.0000 1e-30 m^2  Cq=        -1.3403 MHz  eta= 0.93681

     C   20    Vxx=    0.1227    axis=( -0.054233  0.270970 -0.961059)
     C   20    Vyy=    0.2971    axis=(  0.069196  0.961181  0.267100)
     C   20    Vzz=   -0.4198    axis=(  0.996128 -0.052015 -0.070878)
     C   20  Q=         1.0000 1e-30 m^2  Cq=        -0.9863 MHz  eta= 0.41540

     H   21    Vxx=    0.0306    axis=( -0.515929  0.232489  0.824479)
     H   21    Vyy=    0.6626    axis=( -0.777808  0.276138 -0.564591)
     H   21    Vzz=   -0.6931    axis=( -0.358931 -0.932575  0.038364)
     H   21  Q=         1.0000 1e-30 m^2  Cq=        -1.6286 MHz  eta= 0.91183

     C   22    Vxx=   -0.0299    axis=( -0.412171  0.378303  0.828856)
     C   22    Vyy=   -0.4672    axis=( -0.627093  0.542168 -0.559293)
     C   22    Vzz=    0.4971    axis=( -0.660962 -0.750293  0.013765)
     C   22  Q=         1.0000 1e-30 m^2  Cq=         1.1680 MHz  eta= 0.87957

     C   23    Vxx=   -0.1516    axis=( -0.193968  0.760180  0.620083)
     C   23    Vyy=   -0.7181    axis=( -0.979478 -0.114782 -0.165675)
     C   23    Vzz=    0.8697    axis=( -0.054768 -0.639493  0.766843)
     C   23  Q=         1.0000 1e-30 m^2  Cq=         2.0435 MHz  eta= 0.65134

     Cl  24    Vxx=   -0.1460    axis=(  0.646705  0.107641  0.755107)
     Cl  24    Vyy=   -2.9986    axis=( -0.564476  0.733349  0.378901)
     Cl  24    Vzz=    3.1446    axis=( -0.512971 -0.671277  0.535021)
     Cl  24  Q=        -8.1650 1e-30 m^2  Cq=       -60.3272 MHz  eta= 0.90717

     Initialization:
     gipaw_setup  :      9.20s CPU     11.13s WALL (       1 calls)

     Linear response

     Apply operators

     Induced current

     Other routines
     efg          :      9.35s CPU     11.84s WALL (       1 calls)

     General routines
     calbec       :      3.25s CPU      4.33s WALL (      16 calls)
     fft          :      1.96s CPU      3.34s WALL (      15 calls)
     ffts         :      0.04s CPU      0.05s WALL (       2 calls)
     fftw         :      3.32s CPU      4.04s WALL (     672 calls)
     davcio       :      0.03s CPU      0.32s WALL (      32 calls)

     Parallel routines
     fft_scatter  :      2.58s CPU      4.38s WALL (     689 calls)

     Plugins

     GIPAW        :     61.61s CPU     75.36s WALL (       1 calls)
