
     Program QE v.6.0 (svn rev. 13079) starts on 29Dec2016 at  3:21:51 

     This program is part of the open-source Quantum ESPRESSO suite
     for quantum simulation of materials; please cite
         "P. Giannozzi et al., J. Phys.:Condens. Matter 21 395502 (2009);
          URL http://www.quantum-espresso.org", 
     in publications or presentations arising from this work. More details at
     http://www.quantum-espresso.org/quote

     Parallel version (MPI), running on     8 processors
     R & G space division:  proc/nbgrp/npool/nimage =       8

     ***** This is GIPAW svn revision unknown      *****

     Parallelizing q-star over 1 images

     Reading data from directory:
     /users/majewski/paradichlorobenzene/pbe/9_constraint/scratch/pbe.ecut100.np8.dt60.pcl2phi-129368.save
     Message from routine read_xml_file:
     file /users/majewski/paradichlorobenzene/pbe/9_constraint/scratch/pbe.ecut100.np8.dt60.pcl2phi-129368.save not guaranteed to be safe for post-processing

   Info: using nr1, nr2, nr3 values from input

   Info: using nr1, nr2, nr3 values from input

     IMPORTANT: XC functional enforced from input :
     Exchange-correlation      =  SLA  PW   PBX  PBC ( 1  4  3  4 0 0)
     Any further DFT definition will be discarded
     Please, verify this is what you really want

               file C.pbe-n-kjpaw_psl.1.0.0.UPF: wavefunction(s)  2S 2P renormalized
               file Cl.pbe-n-kjpaw_psl.1.0.0.UPF: wavefunction(s)  3S 3P renormalized
               file H.pbe-kjpaw_psl.1.0.0.UPF: wavefunction(s)  1S renormalized

     Parallelization info
     --------------------
     sticks:   dense  smooth     PW     G-vecs:    dense   smooth      PW
     Min        3057    1223    332               144436    36536    5170
     Max        3059    1225    333               144437    36537    5171
     Sum       24467    9791   2657              1155489   292295   41363


     Subspace diagonalization in iterative solution of the eigenvalue problem:
     a serial algorithm will be used

     GIPAW projectors -----------------------------------------------
     atom=  C    l=0  rc=    1.2000  rs=    0.8000
     atom=  C    l=0  rc=    1.2000  rs=    0.8000
     atom=  C    l=1  rc=    1.4000  rs=    0.9333
     atom=  C    l=1  rc=    1.4000  rs=    0.9333
     projs nearly linearly dependent: l=1  n1,n2= 1, 2  s=  0.99951561

     atom=  Cl   l=0  rc=    1.6000  rs=    1.0667
     atom=  Cl   l=0  rc=    1.6000  rs=    1.0667
     atom=  Cl   l=1  rc=    1.6000  rs=    1.0667
     atom=  Cl   l=1  rc=    1.6000  rs=    1.0667
     atom=  Cl   l=2  rc=    1.6000  rs=    1.0667
     atom=  Cl   l=2  rc=    1.6000  rs=    1.0667
     projs nearly linearly dependent: l=2  n1,n2= 1, 2  s=  0.99993509

     atom=  H    l=0  rc=    1.0000  rs=    0.6667
     atom=  H    l=0  rc=    1.0000  rs=    0.6667
     projs nearly linearly dependent: l=0  n1,n2= 1, 2  s=  0.99968852
     -----------------------------------------------------------------

     GIPAW integrals: -------------------------------------------
     Atom  i/j   nmr_para   nmr_dia   epr_rmc  epr_para   epr_dia
       C   1 1   0.83E+03  0.17E-01  0.93E+01  0.24E+08  0.24E+03
       C   2 1   0.86E+03 -0.61E-01  0.94E+01  0.25E+08  0.25E+03
       C   2 2   0.90E+03 -0.15E+00  0.97E+01  0.26E+08  0.26E+03
       C   3 3   0.33E+01  0.34E+00  0.18E+01  0.55E+03  0.21E+02
       C   4 3   0.35E+01  0.37E+00  0.20E+01  0.59E+03  0.22E+02
       C   4 4   0.38E+01  0.39E+00  0.22E+01  0.63E+03  0.24E+02
       Cl  1 1   0.14E+04 -0.47E+00  0.84E+01  0.32E+09  0.42E+03
       Cl  2 1   0.21E+04 -0.37E+00  0.12E+02  0.49E+09  0.65E+03
       Cl  2 2   0.33E+04 -0.16E+00  0.21E+02  0.76E+09  0.10E+04
       Cl  3 3   0.21E+02  0.79E-01  0.89E+01  0.23E+05  0.13E+03
       Cl  4 3   0.24E+02  0.67E-01  0.99E+01  0.27E+05  0.15E+03
       Cl  4 4   0.28E+02  0.44E-01  0.11E+02  0.32E+05  0.18E+03
       Cl  5 5   0.77E+00  0.19E+00  0.18E+01  0.12E+03  0.22E+02
       Cl  6 5   0.80E+00  0.19E+00  0.19E+01  0.12E+03  0.23E+02
       Cl  6 6   0.83E+00  0.20E+00  0.19E+01  0.12E+03  0.23E+02
       H   1 1   0.39E+02  0.19E+00  0.29E+00  0.78E+05  0.13E+02
       H   2 1   0.41E+02  0.21E+00  0.32E+00  0.82E+05  0.14E+02
       H   2 2   0.43E+02  0.22E+00  0.36E+00  0.86E+05  0.15E+02
     ------------------------------------------------------------

     alpha_pv=     34.3423 eV

     Number of occupied bands for each k-point:
     k-point:     1    nbnd_occ=  42
     k-point:     2    nbnd_occ=  42
     k-point:     3    nbnd_occ=  42
     k-point:     4    nbnd_occ=  42
     k-point:     5    nbnd_occ=  42
     k-point:     6    nbnd_occ=  42
     k-point:     7    nbnd_occ=  42
     k-point:     8    nbnd_occ=  42
     k-point:     9    nbnd_occ=  42
     k-point:    10    nbnd_occ=  42
     k-point:    11    nbnd_occ=  42
     k-point:    12    nbnd_occ=  42
     k-point:    13    nbnd_occ=  42
     k-point:    14    nbnd_occ=  42
     k-point:    15    nbnd_occ=  42
     k-point:    16    nbnd_occ=  42


     q-space interpolation up to   110.00 Rydberg

     GIPAW job: efg                                                                             


     ELECTRIC FIELD GRADIENTS TENSORS IN Hartree/bohrradius^2:

     ----- bare term -----
     Cl   1       -0.051235        0.212886        0.020559
     Cl   1        0.212886        0.124711        0.050362
     Cl   1        0.020559        0.050362       -0.073476

     C    2       -0.224636        0.151453       -0.337557
     C    2        0.151453       -0.105091       -0.603818
     C    2       -0.337557       -0.603818        0.329727

     C    3       -0.122459        0.139437       -0.208936
     C    3        0.139437       -0.250935       -0.379290
     C    3       -0.208936       -0.379290        0.373395

     H    4       -0.389348       -0.493860        0.098631
     H    4       -0.493860        0.139318        0.135775
     H    4        0.098631        0.135775        0.250030

     C    5       -0.100565        0.230337       -0.145448
     C    5        0.230337       -0.205787       -0.197859
     C    5       -0.145448       -0.197859        0.306352

     H    6        0.118196       -0.479250        0.152487
     H    6       -0.479250       -0.477817        0.037162
     H    6        0.152487        0.037162        0.359620

     H    7        0.212038        0.070355       -0.056314
     H    7        0.070355       -0.475931        0.577434
     H    7       -0.056314        0.577434        0.263893

     C    8       -0.689460       -0.305458       -0.357955
     C    8       -0.305458        0.270253        0.069544
     C    8       -0.357955        0.069544        0.419206

     H    9       -0.542125       -0.185986       -0.242514
     H    9       -0.185986        0.187729        0.262268
     H    9       -0.242514        0.262268        0.354396

     C   10        0.031877        0.134419       -0.325089
     C   10        0.134419       -0.264069        0.495357
     C   10       -0.325089        0.495357        0.232192

     C   11       -0.557249       -0.397194       -0.315272
     C   11       -0.397194        0.096211        0.113381
     C   11       -0.315272        0.113381        0.461038

     Cl  12        0.028060        0.123955       -0.079938
     Cl  12        0.123955       -0.008244       -0.048828
     Cl  12       -0.079938       -0.048828       -0.019816

     H   13        0.419239       -0.039595       -0.169130
     H   13       -0.039595       -0.217584       -0.461162
     H   13       -0.169130       -0.461162       -0.201655

     C   14       -0.447348        0.300503       -0.378838
     C   14        0.300503        0.046132       -0.424347
     C   14       -0.378838       -0.424347        0.401215

     H   15       -0.210075       -0.135379       -0.525000
     H   15       -0.135379        0.317203       -0.014826
     H   15       -0.525000       -0.014826       -0.107129

     C   16       -0.034197        0.398867       -0.191173
     C   16        0.398867       -0.169311       -0.631909
     C   16       -0.191173       -0.631909        0.203508

     C   17       -0.200389        0.233313       -0.545800
     C   17        0.233313        0.090303       -0.394282
     C   17       -0.545800       -0.394282        0.110086

     Cl  18       -0.081892        0.086962       -0.008573
     Cl  18        0.086962       -0.017144        0.006784
     Cl  18       -0.008573        0.006784        0.099036

     H   19        0.382333       -0.142646        0.090349
     H   19       -0.142646       -0.500080        0.572620
     H   19        0.090349        0.572620        0.117748

     C   20       -0.121069        0.183210       -0.433874
     C   20        0.183210       -0.137989        0.362340
     C   20       -0.433874        0.362340        0.259058

     H   21       -0.089004        0.149332       -0.407153
     H   21        0.149332        0.434722        0.260250
     H   21       -0.407153        0.260250       -0.345718

     C   22       -0.536989       -0.340314       -0.384401
     C   22       -0.340314        0.112163        0.035392
     C   22       -0.384401        0.035392        0.424826

     C   23        0.032234        0.346012       -0.467088
     C   23        0.346012       -0.208045        0.557889
     C   23       -0.467088        0.557889        0.175811

     Cl  24       -0.277870       -0.273616        0.067626
     Cl  24       -0.273616        0.068318        0.097308
     Cl  24        0.067626        0.097308        0.209552

     ----- ionic term -----
     Cl   1        0.154403       -0.202226        0.035022
     Cl   1       -0.202226        0.022100       -0.018353
     Cl   1        0.035022       -0.018353       -0.176503

     C    2        0.252154       -0.114196        0.329132
     C    2       -0.114196        0.177222        0.337991
     C    2        0.329132        0.337991       -0.429376

     C    3        0.121855       -0.180415        0.163861
     C    3       -0.180415        0.347052        0.388348
     C    3        0.163861        0.388348       -0.468907

     H    4        0.696055        0.435141        0.514460
     H    4        0.435141       -0.310265        0.273140
     H    4        0.514460        0.273140       -0.385790

     C    5        0.326481       -0.124155        0.242631
     C    5       -0.124155        0.130891        0.278772
     C    5        0.242631        0.278772       -0.457373

     H    6       -0.441269        0.274839        0.139939
     H    6        0.274839        0.730010        0.594424
     H    6        0.139939        0.594424       -0.288742

     H    7       -0.505263       -0.104073        0.068586
     H    7       -0.104073        0.730244       -0.666596
     H    7        0.068586       -0.666596       -0.224980

     C    8        0.280447        0.208936        0.264420
     C    8        0.208936        0.050513       -0.328187
     C    8        0.264420       -0.328187       -0.330961

     H    9        0.628406       -0.283343        0.640589
     H    9       -0.283343       -0.428103       -0.237249
     H    9        0.640589       -0.237249       -0.200303

     C   10        0.173628        0.305409        0.145840
     C   10        0.305409        0.186119       -0.406701
     C   10        0.145840       -0.406701       -0.359747

     C   11        0.197997        0.249482        0.207407
     C   11        0.249482        0.127368       -0.387688
     C   11        0.207407       -0.387688       -0.325364

     Cl  12        0.167093        0.235422       -0.009298
     Cl  12        0.235422       -0.002128       -0.004498
     Cl  12       -0.009298       -0.004498       -0.164965

     H   13       -0.514880        0.203678        0.121419
     H   13        0.203678        0.601678        0.714585
     H   13        0.121419        0.714585       -0.086798

     C   14        0.264566       -0.119128        0.282760
     C   14       -0.119128        0.090810        0.301889
     C   14        0.282760        0.301889       -0.355375

     H   15        0.566829        0.336116        0.690447
     H   15        0.336116       -0.382280        0.266222
     H   15        0.690447        0.266222       -0.184549

     C   16        0.095404       -0.179069        0.205905
     C   16       -0.179069        0.249228        0.397378
     C   16        0.205905        0.397378       -0.344632

     C   17        0.202081       -0.137350        0.218861
     C   17       -0.137350        0.204949        0.408549
     C   17        0.218861        0.408549       -0.407029

     Cl  18        0.106137       -0.221909       -0.007306
     Cl  18       -0.221909        0.045792        0.016854
     Cl  18       -0.007306        0.016854       -0.151929

     H   19       -0.529714       -0.061443        0.046363
     H   19       -0.061443        0.715762       -0.693508
     H   19        0.046363       -0.693508       -0.186048

     C   20        0.276061        0.262412        0.236004
     C   20        0.262412        0.083715       -0.282293
     C   20        0.236004       -0.282293       -0.359776

     H   21        0.598196       -0.104799        0.772425
     H   21       -0.104799       -0.525974       -0.145729
     H   21        0.772425       -0.145729       -0.072221

     C   22        0.150560        0.296336        0.223444
     C   22        0.296336        0.160736       -0.390722
     C   22        0.223444       -0.390722       -0.311296

     C   23        0.148730        0.144094        0.257920
     C   23        0.144094        0.105042       -0.492837
     C   23        0.257920       -0.492837       -0.253772

     Cl  24        0.138878        0.196824       -0.025458
     Cl  24        0.196824       -0.008652       -0.031355
     Cl  24       -0.025458       -0.031355       -0.130225

     ----- GIPAW term -----
     Cl   1        1.031439       -0.196803        0.228206
     Cl   1       -0.196803        1.256333        0.513626
     Cl   1        0.228206        0.513626       -2.287773

     C    2       -0.006190       -0.019091       -0.148914
     C    2       -0.019091       -0.033873       -0.191253
     C    2       -0.148914       -0.191253        0.040064

     C    3       -0.054798        0.054629       -0.147792
     C    3        0.054629       -0.077702       -0.121822
     C    3       -0.147792       -0.121822        0.132500

     H    4       -0.000000        0.000000        0.000000
     H    4        0.000000        0.000000        0.000000
     H    4        0.000000        0.000000        0.000000

     C    5        0.010868        0.100882       -0.088814
     C    5        0.100882       -0.030923       -0.103876
     C    5       -0.088814       -0.103876        0.020055

     H    6       -0.000000        0.000000        0.000000
     H    6        0.000000        0.000000        0.000000
     H    6        0.000000        0.000000        0.000000

     H    7       -0.000000        0.000000        0.000000
     H    7        0.000000        0.000000        0.000000
     H    7        0.000000        0.000000        0.000000

     C    8       -0.111883        0.136547       -0.083851
     C    8        0.136547        0.183031       -0.102162
     C    8       -0.083851       -0.102162       -0.071149

     H    9       -0.000000        0.000000        0.000000
     H    9        0.000000        0.000000        0.000000
     H    9        0.000000        0.000000        0.000000

     C   10       -0.066630        0.170458       -0.121181
     C   10        0.170458        0.096231       -0.100344
     C   10       -0.121181       -0.100344       -0.029601

     C   11       -0.012374        0.178075       -0.114107
     C   11        0.178075        0.085452       -0.097370
     C   11       -0.114107       -0.097370       -0.073078

     Cl  12        1.625856        3.227596       -1.204311
     Cl  12        3.227596       -0.108750       -0.790007
     Cl  12       -1.204311       -0.790007       -1.517106

     H   13       -0.000000        0.000000        0.000000
     H   13        0.000000        0.000000        0.000000
     H   13        0.000000        0.000000        0.000000

     C   14       -0.097509        0.091303       -0.103758
     C   14        0.091303        0.010722       -0.159032
     C   14       -0.103758       -0.159032        0.086787

     H   15       -0.000000        0.000000        0.000000
     H   15        0.000000        0.000000        0.000000
     H   15        0.000000        0.000000        0.000000

     C   16       -0.061230        0.150640       -0.075236
     C   16        0.150640        0.099186       -0.187972
     C   16       -0.075236       -0.187972       -0.037956

     C   17        0.043047        0.111198       -0.159419
     C   17        0.111198        0.089646       -0.135756
     C   17       -0.159419       -0.135756       -0.132692

     Cl  18        1.066444        1.191804       -0.124380
     Cl  18        1.191804        1.141160       -0.119365
     Cl  18       -0.124380       -0.119365       -2.207604

     H   19       -0.000000        0.000000        0.000000
     H   19        0.000000        0.000000        0.000000
     H   19        0.000000        0.000000        0.000000

     C   20       -0.038784        0.168710       -0.152289
     C   20        0.168710        0.016714       -0.078008
     C   20       -0.152289       -0.078008        0.022070

     H   21       -0.000000        0.000000        0.000000
     H   21        0.000000        0.000000        0.000000
     H   21        0.000000        0.000000        0.000000

     C   22       -0.108360        0.107708       -0.160337
     C   22        0.107708        0.096123       -0.157344
     C   22       -0.160337       -0.157344        0.012237

     C   23       -0.002639        0.226045       -0.126026
     C   23        0.226045        0.054875       -0.077729
     C   23       -0.126026       -0.077729       -0.052236

     Cl  24        0.165116        2.149411        0.625298
     Cl  24        2.149411        1.057355        0.916327
     Cl  24        0.625298        0.916327       -1.222471

     ----- total EFG -----
     Cl   1        1.134607       -0.186143        0.283787
     Cl   1       -0.186143        1.403144        0.545635
     Cl   1        0.283787        0.545635       -2.537752

     C    2        0.021327        0.018166       -0.157338
     C    2        0.018166        0.038258       -0.457080
     C    2       -0.157338       -0.457080       -0.059586

     C    3       -0.055402        0.013651       -0.192867
     C    3        0.013651        0.018415       -0.112764
     C    3       -0.192867       -0.112764        0.036988

     H    4        0.306707       -0.058719        0.613092
     H    4       -0.058719       -0.170947        0.408916
     H    4        0.613092        0.408916       -0.135760

     C    5        0.236785        0.207064        0.008369
     C    5        0.207064       -0.105819       -0.022962
     C    5        0.008369       -0.022962       -0.130966

     H    6       -0.323072       -0.204411        0.292426
     H    6       -0.204411        0.252194        0.631586
     H    6        0.292426        0.631586        0.070879

     H    7       -0.293226       -0.033718        0.012272
     H    7       -0.033718        0.254313       -0.089162
     H    7        0.012272       -0.089162        0.038913

     C    8       -0.520895        0.040025       -0.177387
     C    8        0.040025        0.503798       -0.360805
     C    8       -0.177387       -0.360805        0.017097

     H    9        0.086281       -0.469329        0.398075
     H    9       -0.469329       -0.240374        0.025019
     H    9        0.398075        0.025019        0.154093

     C   10        0.138875        0.610286       -0.300429
     C   10        0.610286        0.018282       -0.011687
     C   10       -0.300429       -0.011687       -0.157157

     C   11       -0.371626        0.030363       -0.221972
     C   11        0.030363        0.309030       -0.371677
     C   11       -0.221972       -0.371677        0.062596

     Cl  12        1.821009        3.586972       -1.293547
     Cl  12        3.586972       -0.119122       -0.843333
     Cl  12       -1.293547       -0.843333       -1.701887

     H   13       -0.095641        0.164083       -0.047711
     H   13        0.164083        0.384093        0.253423
     H   13       -0.047711        0.253423       -0.288453

     C   14       -0.280291        0.272679       -0.199836
     C   14        0.272679        0.147664       -0.281490
     C   14       -0.199836       -0.281490        0.132627

     H   15        0.356754        0.200737        0.165447
     H   15        0.200737       -0.065077        0.251396
     H   15        0.165447        0.251396       -0.291677

     C   16       -0.000023        0.370439       -0.060505
     C   16        0.370439        0.179103       -0.422503
     C   16       -0.060505       -0.422503       -0.179080

     C   17        0.044739        0.207161       -0.486358
     C   17        0.207161        0.384897       -0.121490
     C   17       -0.486358       -0.121490       -0.429635

     Cl  18        1.090688        1.056857       -0.140259
     Cl  18        1.056857        1.169808       -0.095728
     Cl  18       -0.140259       -0.095728       -2.260496

     H   19       -0.147382       -0.204089        0.136711
     H   19       -0.204089        0.215682       -0.120888
     H   19        0.136711       -0.120888       -0.068300

     C   20        0.116208        0.614331       -0.350159
     C   20        0.614331       -0.037559        0.002038
     C   20       -0.350159        0.002038       -0.078649

     H   21        0.509192        0.044533        0.365272
     H   21        0.044533       -0.091253        0.114521
     H   21        0.365272        0.114521       -0.417939

     C   22       -0.494789        0.063729       -0.321294
     C   22        0.063729        0.369022       -0.512675
     C   22       -0.321294       -0.512675        0.125767

     C   23        0.178324        0.716150       -0.335194
     C   23        0.716150       -0.048128       -0.012677
     C   23       -0.335194       -0.012677       -0.130197

     Cl  24        0.026124        2.072620        0.667467
     Cl  24        2.072620        1.117020        0.982280
     Cl  24        0.667467        0.982280       -1.143144

     ----- total EFG (symmetrized) -----
     Cl   1        1.134607       -0.186143        0.283787
     Cl   1       -0.186143        1.403144        0.545635
     Cl   1        0.283787        0.545635       -2.537752

     C    2        0.021327        0.018166       -0.157338
     C    2        0.018166        0.038258       -0.457080
     C    2       -0.157338       -0.457080       -0.059586

     C    3       -0.055402        0.013651       -0.192867
     C    3        0.013651        0.018415       -0.112764
     C    3       -0.192867       -0.112764        0.036988

     H    4        0.306707       -0.058719        0.613092
     H    4       -0.058719       -0.170947        0.408916
     H    4        0.613092        0.408916       -0.135760

     C    5        0.236785        0.207064        0.008369
     C    5        0.207064       -0.105819       -0.022962
     C    5        0.008369       -0.022962       -0.130966

     H    6       -0.323072       -0.204411        0.292426
     H    6       -0.204411        0.252194        0.631586
     H    6        0.292426        0.631586        0.070879

     H    7       -0.293226       -0.033718        0.012272
     H    7       -0.033718        0.254313       -0.089162
     H    7        0.012272       -0.089162        0.038913

     C    8       -0.520895        0.040025       -0.177387
     C    8        0.040025        0.503798       -0.360805
     C    8       -0.177387       -0.360805        0.017097

     H    9        0.086281       -0.469329        0.398075
     H    9       -0.469329       -0.240374        0.025019
     H    9        0.398075        0.025019        0.154093

     C   10        0.138875        0.610286       -0.300429
     C   10        0.610286        0.018282       -0.011687
     C   10       -0.300429       -0.011687       -0.157157

     C   11       -0.371626        0.030363       -0.221972
     C   11        0.030363        0.309030       -0.371677
     C   11       -0.221972       -0.371677        0.062596

     Cl  12        1.821009        3.586972       -1.293547
     Cl  12        3.586972       -0.119122       -0.843333
     Cl  12       -1.293547       -0.843333       -1.701887

     H   13       -0.095641        0.164083       -0.047711
     H   13        0.164083        0.384093        0.253423
     H   13       -0.047711        0.253423       -0.288453

     C   14       -0.280291        0.272679       -0.199836
     C   14        0.272679        0.147664       -0.281490
     C   14       -0.199836       -0.281490        0.132627

     H   15        0.356754        0.200737        0.165447
     H   15        0.200737       -0.065077        0.251396
     H   15        0.165447        0.251396       -0.291677

     C   16       -0.000023        0.370439       -0.060505
     C   16        0.370439        0.179103       -0.422503
     C   16       -0.060505       -0.422503       -0.179080

     C   17        0.044739        0.207161       -0.486358
     C   17        0.207161        0.384897       -0.121490
     C   17       -0.486358       -0.121490       -0.429635

     Cl  18        1.090688        1.056857       -0.140259
     Cl  18        1.056857        1.169808       -0.095728
     Cl  18       -0.140259       -0.095728       -2.260496

     H   19       -0.147382       -0.204089        0.136711
     H   19       -0.204089        0.215682       -0.120888
     H   19        0.136711       -0.120888       -0.068300

     C   20        0.116208        0.614331       -0.350159
     C   20        0.614331       -0.037559        0.002038
     C   20       -0.350159        0.002038       -0.078649

     H   21        0.509192        0.044533        0.365272
     H   21        0.044533       -0.091253        0.114521
     H   21        0.365272        0.114521       -0.417939

     C   22       -0.494789        0.063729       -0.321294
     C   22        0.063729        0.369022       -0.512675
     C   22       -0.321294       -0.512675        0.125767

     C   23        0.178324        0.716150       -0.335194
     C   23        0.716150       -0.048128       -0.012677
     C   23       -0.335194       -0.012677       -0.130197

     Cl  24        0.026124        2.072620        0.667467
     Cl  24        2.072620        1.117020        0.982280
     Cl  24        0.667467        0.982280       -1.143144


     NQR/NMR SPECTROSCOPIC PARAMETERS:
     Cl   1    Vxx=    1.1028    axis=( -0.928780 -0.349020 -0.124711)
     Cl   1    Vyy=    1.5340    axis=( -0.361661  0.927036  0.099020)
     Cl   1    Vzz=   -2.6368    axis=( -0.081052 -0.137071  0.987240)
     Cl   1  Q=        -8.1650 1e-30 m^2  Cq=        50.5858 MHz  eta= 0.16356

     C    2    Vxx=    0.0119    axis=(  0.944484 -0.328029  0.018630)
     C    2    Vyy=    0.4805    axis=( -0.256189 -0.699763  0.666857)
     C    2    Vzz=   -0.4924    axis=( -0.205712 -0.634609 -0.744953)
     C    2  Q=         1.0000 1e-30 m^2  Cq=        -1.1570 MHz  eta= 0.95161

     C    3    Vxx=   -0.0109    axis=(  0.465874 -0.868548 -0.169071)
     C    3    Vyy=   -0.2235    axis=(  0.718770  0.260021  0.644793)
     C    3    Vzz=    0.2343    axis=( -0.516072 -0.421916  0.745424)
     C    3  Q=         1.0000 1e-30 m^2  Cq=         0.5506 MHz  eta= 0.90733

     H    4    Vxx=    0.0144    axis=(  0.475376 -0.824978 -0.305663)
     H    4    Vyy=    0.7785    axis=( -0.763988 -0.214804 -0.608426)
     H    4    Vzz=   -0.7928    axis=(  0.436280  0.522754 -0.732385)
     H    4  Q=         1.0000 1e-30 m^2  Cq=        -1.8629 MHz  eta= 0.96369

     C    5    Vxx=   -0.1235    axis=(  0.128511 -0.262289  0.956394)
     C    5    Vyy=   -0.2107    axis=( -0.406144  0.865886  0.292041)
     C    5    Vzz=    0.3342    axis=( -0.904727 -0.425964  0.004749)
     C    5  Q=         1.0000 1e-30 m^2  Cq=         0.7853 MHz  eta= 0.26073

     H    6    Vxx=   -0.0377    axis=(  0.777092 -0.437589  0.452377)
     H    6    Vyy=   -0.7632    axis=(  0.628351  0.498152 -0.597511)
     H    6    Vzz=    0.8009    axis=(  0.036111  0.748572  0.662069)
     H    6  Q=         1.0000 1e-30 m^2  Cq=         1.8819 MHz  eta= 0.90578

     H    7    Vxx=    0.0068    axis=(  0.000389  0.338954  0.940803)
     H    7    Vyy=    0.2886    axis=( -0.061550  0.939027 -0.338289)
     H    7    Vzz=   -0.2954    axis=( -0.998104 -0.057774  0.021228)
     H    7  Q=         1.0000 1e-30 m^2  Cq=        -0.6942 MHz  eta= 0.95400

     C    8    Vxx=   -0.1284    axis=( -0.318594  0.484993  0.814420)
     C    8    Vyy=   -0.5789    axis=(  0.942830  0.073472  0.325074)
     C    8    Vzz=    0.7073    axis=(  0.097821  0.871426 -0.480674)
     C    8  Q=         1.0000 1e-30 m^2  Cq=         1.6619 MHz  eta= 0.63701

     H    9    Vxx=    0.0200    axis=( -0.290005  0.594878  0.749678)
     H    9    Vyy=    0.6408    axis=( -0.727989  0.371366 -0.576298)
     H    9    Vzz=   -0.6608    axis=(  0.621232  0.712887 -0.325367)
     H    9  Q=         1.0000 1e-30 m^2  Cq=        -1.5526 MHz  eta= 0.93960

     C   10    Vxx=   -0.1298    axis=( -0.098225  0.473994  0.875032)
     C   10    Vyy=   -0.6224    axis=(  0.663310 -0.624301  0.412635)
     C   10    Vzz=    0.7522    axis=( -0.741870 -0.620949  0.253083)
     C   10  Q=         1.0000 1e-30 m^2  Cq=         1.7673 MHz  eta= 0.65497

     C   11    Vxx=   -0.1153    axis=(  0.484237 -0.595844 -0.640690)
     C   11    Vyy=   -0.4874    axis=(  0.859837  0.188624  0.474449)
     C   11    Vzz=    0.6027    axis=(  0.161848  0.780635 -0.603667)
     C   11  Q=         1.0000 1e-30 m^2  Cq=         1.4162 MHz  eta= 0.61743

     Cl  12    Vxx=   -2.0440    axis=(  0.095132  0.245404  0.964742)
     Cl  12    Vyy=   -2.8807    axis=( -0.624140  0.769693 -0.134244)
     Cl  12    Vzz=    4.9247    axis=( -0.775499 -0.589363  0.226389)
     Cl  12  Q=        -8.1650 1e-30 m^2  Cq=       -94.4770 MHz  eta= 0.16991

     H   13    Vxx=   -0.0963    axis=(  0.918531 -0.114027 -0.378548)
     H   13    Vyy=   -0.4061    axis=( -0.319739  0.348899 -0.880929)
     H   13    Vzz=    0.5025    axis=(  0.232524  0.930197  0.284016)
     H   13  Q=         1.0000 1e-30 m^2  Cq=         1.1806 MHz  eta= 0.61652

     C   14    Vxx=   -0.1351    axis=(  0.134085  0.631249  0.763902)
     C   14    Vyy=   -0.4212    axis=( -0.918232  0.369025 -0.143770)
     C   14    Vzz=    0.5562    axis=( -0.372654 -0.682162  0.629114)
     C   14  Q=         1.0000 1e-30 m^2  Cq=         1.3069 MHz  eta= 0.51438

     H   15    Vxx=   -0.0614    axis=(  0.523154 -0.736712 -0.428445)
     H   15    Vyy=   -0.4554    axis=(  0.043360  0.525087 -0.849943)
     H   15    Vzz=    0.5168    axis=(  0.851134  0.426074  0.306645)
     H   15  Q=         1.0000 1e-30 m^2  Cq=         1.2144 MHz  eta= 0.76232

     C   16    Vxx=   -0.1279    axis=( -0.801428  0.183707 -0.569180)
     C   16    Vyy=   -0.5185    axis=(  0.357754 -0.615395 -0.702354)
     C   16    Vzz=    0.6464    axis=( -0.479297 -0.766512  0.427473)
     C   16  Q=         1.0000 1e-30 m^2  Cq=         1.5187 MHz  eta= 0.60422

     C   17    Vxx=    0.1261    axis=(  0.618998 -0.679930 -0.393111)
     C   17    Vyy=    0.6075    axis=( -0.578580 -0.733249  0.357199)
     C   17    Vzz=   -0.7336    axis=(  0.531119 -0.006341  0.847274)
     C   17  Q=         1.0000 1e-30 m^2  Cq=        -1.7237 MHz  eta= 0.65633

     Cl  18    Vxx=    0.0732    axis=(  0.719327 -0.694515 -0.014744)
     Cl  18    Vyy=    2.1941    axis=(  0.693711  0.719287 -0.037300)
     Cl  18    Vzz=   -2.2672    axis=(  0.036511  0.016603  0.999195)
     Cl  18  Q=        -8.1650 1e-30 m^2  Cq=        43.4953 MHz  eta= 0.93546

     H   19    Vxx=   -0.0969    axis=(  0.261177  0.491783  0.830624)
     H   19    Vyy=   -0.2746    axis=( -0.868117 -0.256597  0.424888)
     H   19    Vzz=    0.3715    axis=(  0.422089 -0.832050  0.359908)
     H   19  Q=         1.0000 1e-30 m^2  Cq=         0.8729 MHz  eta= 0.47841

     C   20    Vxx=   -0.0667    axis=( -0.026627  0.500988  0.865044)
     C   20    Vyy=   -0.6789    axis=(  0.664396 -0.637696  0.389771)
     C   20    Vzz=    0.7455    axis=( -0.746906 -0.585110  0.315875)
     C   20  Q=         1.0000 1e-30 m^2  Cq=         1.7517 MHz  eta= 0.82110

     H   21    Vxx=   -0.0812    axis=(  0.166675 -0.974445 -0.150586)
     H   21    Vyy=   -0.5633    axis=(  0.308769  0.196623 -0.930592)
     H   21    Vzz=    0.6445    axis=(  0.936419  0.108610  0.333651)
     H   21  Q=         1.0000 1e-30 m^2  Cq=         1.5143 MHz  eta= 0.74811

     C   22    Vxx=   -0.1653    axis=(  0.469595 -0.639759 -0.608431)
     C   22    Vyy=   -0.6576    axis=(  0.861870  0.182731  0.473063)
     C   22    Vzz=    0.8230    axis=(  0.191467  0.746537 -0.637199)
     C   22  Q=         1.0000 1e-30 m^2  Cq=         1.9336 MHz  eta= 0.59821

     C   23    Vxx=   -0.1249    axis=( -0.030630  0.434325  0.900236)
     C   23    Vyy=   -0.7371    axis=(  0.653420 -0.672855  0.346855)
     C   23    Vzz=    0.8620    axis=( -0.756376 -0.598856  0.263187)
     C   23  Q=         1.0000 1e-30 m^2  Cq=         2.0253 MHz  eta= 0.71018

     Cl  24    Vxx=   -1.4422    axis=( -0.517907  0.093049  0.850361)
     Cl  24    Vyy=   -1.6078    axis=( -0.624912  0.637688 -0.450376)
     Cl  24    Vzz=    3.0500    axis=( -0.584172 -0.764654 -0.272116)
     Cl  24  Q=        -8.1650 1e-30 m^2  Cq=       -58.5127 MHz  eta= 0.05431

     Initialization:
     gipaw_setup  :      9.10s CPU     11.00s WALL (       1 calls)

     Linear response

     Apply operators

     Induced current

     Other routines
     efg          :      9.14s CPU     11.10s WALL (       1 calls)

     General routines
     calbec       :      3.10s CPU      3.88s WALL (      16 calls)
     fft          :      1.49s CPU      2.05s WALL (      15 calls)
     ffts         :      0.03s CPU      0.04s WALL (       2 calls)
     fftw         :      3.20s CPU      3.85s WALL (     672 calls)
     davcio       :      0.02s CPU      0.32s WALL (      32 calls)

     Parallel routines
     fft_scatter  :      2.00s CPU      3.10s WALL (     689 calls)

     Plugins

     GIPAW        :     63.02s CPU     74.43s WALL (       1 calls)
