
     Program QE v.6.0 (svn rev. 13079) starts on 23Jan2017 at 22:15:46 

     This program is part of the open-source Quantum ESPRESSO suite
     for quantum simulation of materials; please cite
         "P. Giannozzi et al., J. Phys.:Condens. Matter 21 395502 (2009);
          URL http://www.quantum-espresso.org", 
     in publications or presentations arising from this work. More details at
     http://www.quantum-espresso.org/quote

     Parallel version (MPI), running on     8 processors
     R & G space division:  proc/nbgrp/npool/nimage =       8

     ***** This is GIPAW svn revision unknown      *****

     Parallelizing q-star over 1 images

     Reading data from directory:
     /users/majewski/paradichlorobenzene/pbe/9_constraint/scratch/pbe.ecut100.np8.dt60.pcl2phi-129368.save
     Message from routine read_xml_file:
     file /users/majewski/paradichlorobenzene/pbe/9_constraint/scratch/pbe.ecut100.np8.dt60.pcl2phi-129368.save not guaranteed to be safe for post-processing

   Info: using nr1, nr2, nr3 values from input

   Info: using nr1, nr2, nr3 values from input

     IMPORTANT: XC functional enforced from input :
     Exchange-correlation      =  SLA  PW   PBX  PBC ( 1  4  3  4 0 0)
     Any further DFT definition will be discarded
     Please, verify this is what you really want

               file C.pbe-n-kjpaw_psl.1.0.0.UPF: wavefunction(s)  2S 2P renormalized
               file Cl.pbe-n-kjpaw_psl.1.0.0.UPF: wavefunction(s)  3S 3P renormalized
               file H.pbe-kjpaw_psl.1.0.0.UPF: wavefunction(s)  1S renormalized

     Parallelization info
     --------------------
     sticks:   dense  smooth     PW     G-vecs:    dense   smooth      PW
     Min        3057    1223    332               144436    36536    5170
     Max        3059    1225    333               144437    36537    5171
     Sum       24467    9791   2657              1155489   292295   41363


     Subspace diagonalization in iterative solution of the eigenvalue problem:
     a serial algorithm will be used

     GIPAW projectors -----------------------------------------------
     atom=  C    l=0  rc=    1.2000  rs=    0.8000
     atom=  C    l=0  rc=    1.2000  rs=    0.8000
     atom=  C    l=1  rc=    1.4000  rs=    0.9333
     atom=  C    l=1  rc=    1.4000  rs=    0.9333
     projs nearly linearly dependent: l=1  n1,n2= 1, 2  s=  0.99951561

     atom=  Cl   l=0  rc=    1.6000  rs=    1.0667
     atom=  Cl   l=0  rc=    1.6000  rs=    1.0667
     atom=  Cl   l=1  rc=    1.6000  rs=    1.0667
     atom=  Cl   l=1  rc=    1.6000  rs=    1.0667
     atom=  Cl   l=2  rc=    1.6000  rs=    1.0667
     atom=  Cl   l=2  rc=    1.6000  rs=    1.0667
     projs nearly linearly dependent: l=2  n1,n2= 1, 2  s=  0.99993509

     atom=  H    l=0  rc=    1.0000  rs=    0.6667
     atom=  H    l=0  rc=    1.0000  rs=    0.6667
     projs nearly linearly dependent: l=0  n1,n2= 1, 2  s=  0.99968852
     -----------------------------------------------------------------

     GIPAW integrals: -------------------------------------------
     Atom  i/j   nmr_para   nmr_dia   epr_rmc  epr_para   epr_dia
       C   1 1   0.83E+03  0.17E-01  0.93E+01  0.24E+08  0.24E+03
       C   2 1   0.86E+03 -0.61E-01  0.94E+01  0.25E+08  0.25E+03
       C   2 2   0.90E+03 -0.15E+00  0.97E+01  0.26E+08  0.26E+03
       C   3 3   0.33E+01  0.34E+00  0.18E+01  0.55E+03  0.21E+02
       C   4 3   0.35E+01  0.37E+00  0.20E+01  0.59E+03  0.22E+02
       C   4 4   0.38E+01  0.39E+00  0.22E+01  0.63E+03  0.24E+02
       Cl  1 1   0.14E+04 -0.47E+00  0.84E+01  0.32E+09  0.42E+03
       Cl  2 1   0.21E+04 -0.37E+00  0.12E+02  0.49E+09  0.65E+03
       Cl  2 2   0.33E+04 -0.16E+00  0.21E+02  0.76E+09  0.10E+04
       Cl  3 3   0.21E+02  0.79E-01  0.89E+01  0.23E+05  0.13E+03
       Cl  4 3   0.24E+02  0.67E-01  0.99E+01  0.27E+05  0.15E+03
       Cl  4 4   0.28E+02  0.44E-01  0.11E+02  0.32E+05  0.18E+03
       Cl  5 5   0.77E+00  0.19E+00  0.18E+01  0.12E+03  0.22E+02
       Cl  6 5   0.80E+00  0.19E+00  0.19E+01  0.12E+03  0.23E+02
       Cl  6 6   0.83E+00  0.20E+00  0.19E+01  0.12E+03  0.23E+02
       H   1 1   0.39E+02  0.19E+00  0.29E+00  0.78E+05  0.13E+02
       H   2 1   0.41E+02  0.21E+00  0.32E+00  0.82E+05  0.14E+02
       H   2 2   0.43E+02  0.22E+00  0.36E+00  0.86E+05  0.15E+02
     ------------------------------------------------------------

     alpha_pv=     33.7583 eV

     Number of occupied bands for each k-point:
     k-point:     1    nbnd_occ=  42
     k-point:     2    nbnd_occ=  42
     k-point:     3    nbnd_occ=  42
     k-point:     4    nbnd_occ=  42
     k-point:     5    nbnd_occ=  42
     k-point:     6    nbnd_occ=  42
     k-point:     7    nbnd_occ=  42
     k-point:     8    nbnd_occ=  42
     k-point:     9    nbnd_occ=  42
     k-point:    10    nbnd_occ=  42
     k-point:    11    nbnd_occ=  42
     k-point:    12    nbnd_occ=  42
     k-point:    13    nbnd_occ=  42
     k-point:    14    nbnd_occ=  42
     k-point:    15    nbnd_occ=  42
     k-point:    16    nbnd_occ=  42


     q-space interpolation up to   110.00 Rydberg

     GIPAW job: efg                                                                             


     ELECTRIC FIELD GRADIENTS TENSORS IN Hartree/bohrradius^2:

     ----- bare term -----
     Cl   1        0.073415        0.148281       -0.016956
     Cl   1        0.148281        0.062951       -0.000480
     Cl   1       -0.016956       -0.000480       -0.136366

     C    2       -0.034046        0.380895       -0.193966
     C    2        0.380895       -0.119853       -0.598238
     C    2       -0.193966       -0.598238        0.153899

     C    3       -0.101396        0.003376       -0.019711
     C    3        0.003376       -0.065309       -0.105468
     C    3       -0.019711       -0.105468        0.166705

     H    4       -0.225686       -0.419972        0.075963
     H    4       -0.419972       -0.065878        0.151687
     H    4        0.075963        0.151687        0.291564

     C    5       -0.077375        0.084913       -0.034855
     C    5        0.084913       -0.163282       -0.008123
     C    5       -0.034855       -0.008123        0.240658

     H    6        0.190169       -0.410000        0.160896
     H    6       -0.410000       -0.492415        0.157504
     H    6        0.160896        0.157504        0.302246

     H    7        0.434009       -0.060926       -0.295272
     H    7       -0.060926       -0.127799        0.302891
     H    7       -0.295272        0.302891       -0.306210

     C    8       -0.572817       -0.310656       -0.104856
     C    8       -0.310656        0.206916        0.330572
     C    8       -0.104856        0.330572        0.365901

     H    9       -0.436468       -0.240114       -0.458397
     H    9       -0.240114        0.161710        0.035090
     H    9       -0.458397        0.035090        0.274758

     C   10        0.038999        0.256683       -0.321705
     C   10        0.256683       -0.090649        0.680547
     C   10       -0.321705        0.680547        0.051650

     C   11       -0.419848       -0.319803       -0.190233
     C   11       -0.319803        0.034274        0.355714
     C   11       -0.190233        0.355714        0.385575

     Cl  12        0.018847        0.161303        0.014771
     Cl  12        0.161303        0.031055        0.081563
     Cl  12        0.014771        0.081563       -0.049902

     H   13        0.509960       -0.132918       -0.015259
     H   13       -0.132918       -0.601906       -0.073156
     H   13       -0.015259       -0.073156        0.091946

     C   14       -0.769356        0.212400       -0.365563
     C   14        0.212400        0.107592       -0.107017
     C   14       -0.365563       -0.107017        0.661764

     H   15       -0.379131       -0.419737        0.122107
     H   15       -0.419737        0.258163        0.105836
     H   15        0.122107        0.105836        0.120968

     C   16       -0.053649        0.384692        0.030352
     C   16        0.384692       -0.595400       -0.458490
     C   16        0.030352       -0.458490        0.649049

     C   17       -0.277587        0.255785       -0.509394
     C   17        0.255785        0.144672       -0.369362
     C   17       -0.509394       -0.369362        0.132915

     Cl  18       -0.044813        0.174926        0.112504
     Cl  18        0.174926       -0.009106        0.122242
     Cl  18        0.112504        0.122242        0.053919

     H   19        0.127849       -0.181229        0.345082
     H   19       -0.181229       -0.037751        0.506267
     H   19        0.345082        0.506267       -0.090097

     C   20       -0.079596        0.320183       -0.499645
     C   20        0.320183       -0.064593        0.471880
     C   20       -0.499645        0.471880        0.144189

     H   21       -0.078759        0.026051       -0.302413
     H   21        0.026051        0.071699        0.538364
     H   21       -0.302413        0.538364        0.007059

     C   22       -0.217323       -0.387189       -0.290984
     C   22       -0.387189       -0.169734        0.179814
     C   22       -0.290984        0.179814        0.387057

     C   23        0.004524        0.394348       -0.437536
     C   23        0.394348       -0.072215        0.678828
     C   23       -0.437536        0.678828        0.067691

     Cl  24       -0.077724       -0.254357       -0.152937
     Cl  24       -0.254357       -0.123642       -0.033816
     Cl  24       -0.152937       -0.033816        0.201367

     ----- ionic term -----
     Cl   1        0.126302       -0.191220        0.011729
     Cl   1       -0.191220        0.039334       -0.017001
     Cl   1        0.011729       -0.017001       -0.165636

     C    2        0.264735       -0.061339        0.167646
     C    2       -0.061339        0.285009        0.286398
     C    2        0.167646        0.286398       -0.549745

     C    3        0.145259       -0.106249        0.129199
     C    3       -0.106249        0.385768        0.337651
     C    3        0.129199        0.337651       -0.531028

     H    4        0.585863        0.576580        0.413350
     H    4        0.576580       -0.133737        0.281670
     H    4        0.413350        0.281670       -0.452126

     C    5        0.403706       -0.074313        0.172356
     C    5       -0.074313        0.146381        0.225137
     C    5        0.172356        0.225137       -0.550088

     H    6       -0.448786        0.261297        0.105798
     H    6        0.261297        0.849022        0.496038
     H    6        0.105798        0.496038       -0.400236

     H    7       -0.518186       -0.075292        0.080721
     H    7       -0.075292        0.466022       -0.775236
     H    7        0.080721       -0.775236        0.052164

     C    8        0.250367        0.185163        0.295536
     C    8        0.185163       -0.024130       -0.317933
     C    8        0.295536       -0.317933       -0.226237

     H    9        0.618674       -0.305289        0.624945
     H    9       -0.305289       -0.421966       -0.244724
     H    9        0.624945       -0.244724       -0.196709

     C   10        0.113449        0.212324        0.179562
     C   10        0.212324        0.176915       -0.435441
     C   10        0.179562       -0.435441       -0.290364

     C   11        0.143221        0.198911        0.311872
     C   11        0.198911        0.110026       -0.434305
     C   11        0.311872       -0.434305       -0.253247

     Cl  12        0.151834        0.242242        0.007455
     Cl  12        0.242242        0.014924        0.002110
     Cl  12        0.007455        0.002110       -0.166758

     H   13       -0.507017        0.163175        0.061875
     H   13        0.163175        0.902439        0.498751
     H   13        0.061875        0.498751       -0.395423

     C   14        0.389546       -0.125740        0.133776
     C   14       -0.125740        0.177490        0.223245
     C   14        0.133776        0.223245       -0.567036

     H   15        0.784573        0.553294        0.282465
     H   15        0.553294       -0.217770        0.152210
     H   15        0.282465        0.152210       -0.566804

     C   16        0.234853       -0.143127        0.079134
     C   16       -0.143127        0.340775        0.272486
     C   16        0.079134        0.272486       -0.575628

     C   17        0.305854       -0.079364        0.108984
     C   17       -0.079364        0.248552        0.305590
     C   17        0.108984        0.305590       -0.554405

     Cl  18        0.151925       -0.205834       -0.030126
     Cl  18       -0.205834       -0.001777        0.024806
     Cl  18       -0.030126        0.024806       -0.150147

     H   19       -0.515211        0.092322       -0.071836
     H   19        0.092322        0.349369       -0.794334
     H   19       -0.071836       -0.794334        0.165842

     C   20        0.221407        0.242804        0.269291
     C   20        0.242804       -0.011932       -0.312678
     C   20        0.269291       -0.312678       -0.209475

     H   21        0.433664       -0.377678        0.698753
     H   21       -0.377678       -0.342713       -0.338906
     H   21        0.698753       -0.338906       -0.090951

     C   22        0.084024        0.248811        0.196012
     C   22        0.248811        0.152696       -0.412392
     C   22        0.196012       -0.412392       -0.236720

     C   23        0.164044        0.237066        0.315055
     C   23        0.237066        0.064411       -0.369061
     C   23        0.315055       -0.369061       -0.228454

     Cl  24        0.122982        0.212526        0.039776
     Cl  24        0.212526        0.032384        0.015960
     Cl  24        0.039776        0.015960       -0.155365

     ----- GIPAW term -----
     Cl   1        2.170385       -0.369068       -0.145654
     Cl   1       -0.369068        0.425989       -0.017588
     Cl   1       -0.145654       -0.017588       -2.596373

     C    2        0.088629        0.133910       -0.118200
     C    2        0.133910        0.021345       -0.166798
     C    2       -0.118200       -0.166798       -0.109974

     C    3       -0.010114        0.021163       -0.043644
     C    3        0.021163        0.000803       -0.031435
     C    3       -0.043644       -0.031435        0.009310

     H    4       -0.000000        0.000000        0.000000
     H    4        0.000000        0.000000        0.000000
     H    4        0.000000        0.000000        0.000000

     C    5        0.004062        0.031105       -0.030853
     C    5        0.031105       -0.020134       -0.032617
     C    5       -0.030853       -0.032617        0.016072

     H    6       -0.000000        0.000000        0.000000
     H    6        0.000000        0.000000        0.000000
     H    6        0.000000        0.000000        0.000000

     H    7       -0.000000        0.000000        0.000000
     H    7        0.000000        0.000000        0.000000
     H    7        0.000000        0.000000        0.000000

     C    8       -0.120422        0.107995        0.065011
     C    8        0.107995        0.171237        0.128658
     C    8        0.065011        0.128658       -0.050814

     H    9       -0.000000        0.000000        0.000000
     H    9        0.000000        0.000000        0.000000
     H    9        0.000000        0.000000        0.000000

     C   10       -0.024876        0.230573       -0.022346
     C   10        0.230573        0.143806        0.141190
     C   10       -0.022346        0.141190       -0.118931

     C   11       -0.020115        0.185586        0.016198
     C   11        0.185586        0.124526        0.091523
     C   11        0.016198        0.091523       -0.104411

     Cl  12        1.252526        3.260789        0.413875
     Cl  12        3.260789        0.446741        0.908164
     Cl  12        0.413875        0.908164       -1.699267

     H   13       -0.000000        0.000000        0.000000
     H   13        0.000000        0.000000        0.000000
     H   13        0.000000        0.000000        0.000000

     C   14       -0.210535        0.043947        0.020577
     C   14        0.043947       -0.050611        0.096539
     C   14        0.020577        0.096539        0.261146

     H   15       -0.000000        0.000000        0.000000
     H   15        0.000000        0.000000        0.000000
     H   15        0.000000        0.000000        0.000000

     C   16       -0.089960        0.064431        0.090530
     C   16        0.064431       -0.191373        0.009852
     C   16        0.090530        0.009852        0.281333

     C   17        0.027671        0.098847       -0.115658
     C   17        0.098847        0.134409       -0.087651
     C   17       -0.115658       -0.087651       -0.162080

     Cl  18        1.007066       -0.561610        1.131412
     Cl  18       -0.561610        0.072995        1.235304
     Cl  18        1.131412        1.235304       -1.080062

     H   19       -0.000000        0.000000        0.000000
     H   19        0.000000        0.000000        0.000000
     H   19        0.000000        0.000000        0.000000

     C   20        0.060683        0.245075       -0.137899
     C   20        0.245075        0.028323        0.021911
     C   20       -0.137899        0.021911       -0.089006

     H   21       -0.000000        0.000000        0.000000
     H   21        0.000000        0.000000        0.000000
     H   21        0.000000        0.000000        0.000000

     C   22        0.084286        0.099181       -0.141400
     C   22        0.099181       -0.046104       -0.069295
     C   22       -0.141400       -0.069295       -0.038182

     C   23        0.086835        0.302133       -0.050419
     C   23        0.302133        0.067971        0.115185
     C   23       -0.050419        0.115185       -0.154806

     Cl  24        1.650039        1.486710       -1.460291
     Cl  24        1.486710       -0.876910       -0.374564
     Cl  24       -1.460291       -0.374564       -0.773129

     ----- total EFG -----
     Cl   1        2.370102       -0.412007       -0.150881
     Cl   1       -0.412007        0.528274       -0.035070
     Cl   1       -0.150881       -0.035070       -2.898376

     C    2        0.319319        0.453466       -0.144520
     C    2        0.453466        0.186501       -0.478638
     C    2       -0.144520       -0.478638       -0.505819

     C    3        0.033750       -0.081710        0.065844
     C    3       -0.081710        0.321263        0.200748
     C    3        0.065844        0.200748       -0.355013

     H    4        0.360177        0.156609        0.489314
     H    4        0.156609       -0.199615        0.433358
     H    4        0.489314        0.433358       -0.160562

     C    5        0.330393        0.041705        0.106648
     C    5        0.041705       -0.037035        0.184397
     C    5        0.106648        0.184397       -0.293358

     H    6       -0.258617       -0.148703        0.266694
     H    6       -0.148703        0.356607        0.653542
     H    6        0.266694        0.653542       -0.097990

     H    7       -0.084177       -0.136218       -0.214552
     H    7       -0.136218        0.338223       -0.472345
     H    7       -0.214552       -0.472345       -0.254046

     C    8       -0.442873       -0.017497        0.255691
     C    8       -0.017497        0.354023        0.141297
     C    8        0.255691        0.141297        0.088849

     H    9        0.182206       -0.545403        0.166548
     H    9       -0.545403       -0.260256       -0.209635
     H    9        0.166548       -0.209635        0.078050

     C   10        0.127572        0.699580       -0.164489
     C   10        0.699580        0.230073        0.386296
     C   10       -0.164489        0.386296       -0.357645

     C   11       -0.296742        0.064694        0.137837
     C   11        0.064694        0.268826        0.012933
     C   11        0.137837        0.012933        0.027917

     Cl  12        1.423206        3.664334        0.436101
     Cl  12        3.664334        0.492720        0.991837
     Cl  12        0.436101        0.991837       -1.915926

     H   13        0.002943        0.030257        0.046616
     H   13        0.030257        0.300534        0.425595
     H   13        0.046616        0.425595       -0.303477

     C   14       -0.590345        0.130607       -0.211211
     C   14        0.130607        0.234471        0.212767
     C   14       -0.211211        0.212767        0.355873

     H   15        0.405443        0.133556        0.404572
     H   15        0.133556        0.040393        0.258046
     H   15        0.404572        0.258046       -0.445836

     C   16        0.091244        0.305995        0.200016
     C   16        0.305995       -0.445998       -0.176152
     C   16        0.200016       -0.176152        0.354754

     C   17        0.055938        0.275269       -0.516068
     C   17        0.275269        0.527633       -0.151423
     C   17       -0.516068       -0.151423       -0.583570

     Cl  18        1.114178       -0.592518        1.213789
     Cl  18       -0.592518        0.062112        1.382352
     Cl  18        1.213789        1.382352       -1.176290

     H   19       -0.387362       -0.088907        0.273245
     H   19       -0.088907        0.311618       -0.288068
     H   19        0.273245       -0.288068        0.075745

     C   20        0.202495        0.808062       -0.368253
     C   20        0.808062       -0.048202        0.181113
     C   20       -0.368253        0.181113       -0.154293

     H   21        0.354905       -0.351627        0.396340
     H   21       -0.351627       -0.271014        0.199458
     H   21        0.396340        0.199458       -0.083892

     C   22       -0.049013       -0.039198       -0.236373
     C   22       -0.039198       -0.063142       -0.301873
     C   22       -0.236373       -0.301873        0.112155

     C   23        0.255403        0.933547       -0.172900
     C   23        0.933547        0.060166        0.424952
     C   23       -0.172900        0.424952       -0.315569

     Cl  24        1.695297        1.444878       -1.573452
     Cl  24        1.444878       -0.968169       -0.392421
     Cl  24       -1.573452       -0.392421       -0.727128

     ----- total EFG (symmetrized) -----
     Cl   1        2.370102       -0.412007       -0.150881
     Cl   1       -0.412007        0.528274       -0.035070
     Cl   1       -0.150881       -0.035070       -2.898376

     C    2        0.319319        0.453466       -0.144520
     C    2        0.453466        0.186501       -0.478638
     C    2       -0.144520       -0.478638       -0.505819

     C    3        0.033750       -0.081710        0.065844
     C    3       -0.081710        0.321263        0.200748
     C    3        0.065844        0.200748       -0.355013

     H    4        0.360177        0.156609        0.489314
     H    4        0.156609       -0.199615        0.433358
     H    4        0.489314        0.433358       -0.160562

     C    5        0.330393        0.041705        0.106648
     C    5        0.041705       -0.037035        0.184397
     C    5        0.106648        0.184397       -0.293358

     H    6       -0.258617       -0.148703        0.266694
     H    6       -0.148703        0.356607        0.653542
     H    6        0.266694        0.653542       -0.097990

     H    7       -0.084177       -0.136218       -0.214552
     H    7       -0.136218        0.338223       -0.472345
     H    7       -0.214552       -0.472345       -0.254046

     C    8       -0.442873       -0.017497        0.255691
     C    8       -0.017497        0.354023        0.141297
     C    8        0.255691        0.141297        0.088849

     H    9        0.182206       -0.545403        0.166548
     H    9       -0.545403       -0.260256       -0.209635
     H    9        0.166548       -0.209635        0.078050

     C   10        0.127572        0.699580       -0.164489
     C   10        0.699580        0.230073        0.386296
     C   10       -0.164489        0.386296       -0.357645

     C   11       -0.296742        0.064694        0.137837
     C   11        0.064694        0.268826        0.012933
     C   11        0.137837        0.012933        0.027917

     Cl  12        1.423206        3.664334        0.436101
     Cl  12        3.664334        0.492720        0.991837
     Cl  12        0.436101        0.991837       -1.915926

     H   13        0.002943        0.030257        0.046616
     H   13        0.030257        0.300534        0.425595
     H   13        0.046616        0.425595       -0.303477

     C   14       -0.590345        0.130607       -0.211211
     C   14        0.130607        0.234471        0.212767
     C   14       -0.211211        0.212767        0.355873

     H   15        0.405443        0.133556        0.404572
     H   15        0.133556        0.040393        0.258046
     H   15        0.404572        0.258046       -0.445836

     C   16        0.091244        0.305995        0.200016
     C   16        0.305995       -0.445998       -0.176152
     C   16        0.200016       -0.176152        0.354754

     C   17        0.055938        0.275269       -0.516068
     C   17        0.275269        0.527633       -0.151423
     C   17       -0.516068       -0.151423       -0.583570

     Cl  18        1.114178       -0.592518        1.213789
     Cl  18       -0.592518        0.062112        1.382352
     Cl  18        1.213789        1.382352       -1.176290

     H   19       -0.387362       -0.088907        0.273245
     H   19       -0.088907        0.311618       -0.288068
     H   19        0.273245       -0.288068        0.075745

     C   20        0.202495        0.808062       -0.368253
     C   20        0.808062       -0.048202        0.181113
     C   20       -0.368253        0.181113       -0.154293

     H   21        0.354905       -0.351627        0.396340
     H   21       -0.351627       -0.271014        0.199458
     H   21        0.396340        0.199458       -0.083892

     C   22       -0.049013       -0.039198       -0.236373
     C   22       -0.039198       -0.063142       -0.301873
     C   22       -0.236373       -0.301873        0.112155

     C   23        0.255403        0.933547       -0.172900
     C   23        0.933547        0.060166        0.424952
     C   23       -0.172900        0.424952       -0.315569

     Cl  24        1.695297        1.444878       -1.573452
     Cl  24        1.444878       -0.968169       -0.392421
     Cl  24       -1.573452       -0.392421       -0.727128


     NQR/NMR SPECTROSCOPIC PARAMETERS:
     Cl   1    Vxx=    0.4416    axis=( -0.207417 -0.978056  0.019639)
     Cl   1    Vyy=    2.4617    axis=(  0.977803 -0.207888 -0.026164)
     Cl   1    Vzz=   -2.9033    axis=(  0.029673  0.013777  0.999465)
     Cl   1  Q=        -8.1650 1e-30 m^2  Cq=        55.6991 MHz  eta= 0.69580

     C    2    Vxx=   -0.0926    axis=(  0.741644 -0.552430  0.380507)
     C    2    Vyy=   -0.7571    axis=( -0.086741  0.483505  0.871033)
     C    2    Vzz=    0.8497    axis=( -0.665162 -0.679002  0.310670)
     C    2  Q=         1.0000 1e-30 m^2  Cq=         1.9965 MHz  eta= 0.78204

     C    3    Vxx=    0.0387    axis=(  0.967187  0.120976  0.223414)
     C    3    Vyy=    0.3873    axis=( -0.175362  0.954174  0.242489)
     C    3    Vzz=   -0.4260    axis=( -0.183840 -0.273711  0.944079)
     C    3  Q=         1.0000 1e-30 m^2  Cq=        -1.0010 MHz  eta= 0.81814

     H    4    Vxx=   -0.1158    axis=(  0.601178 -0.715577 -0.355719)
     H    4    Vyy=   -0.6765    axis=(  0.266013  0.598955 -0.755308)
     H    4    Vzz=    0.7923    axis=(  0.753540  0.359448  0.550431)
     H    4  Q=         1.0000 1e-30 m^2  Cq=         1.8616 MHz  eta= 0.70779

     C    5    Vxx=    0.0352    axis=(  0.269280 -0.874500 -0.403407)
     C    5    Vyy=    0.3625    axis=( -0.957317 -0.197375 -0.211156)
     C    5    Vzz=   -0.3977    axis=( -0.105034 -0.443049  0.890323)
     C    5  Q=         1.0000 1e-30 m^2  Cq=        -0.9344 MHz  eta= 0.82305

     H    6    Vxx=   -0.0721    axis=(  0.849962 -0.330575  0.410226)
     H    6    Vyy=   -0.7503    axis=(  0.525820  0.483737 -0.699651)
     H    6    Vzz=    0.8223    axis=(  0.032845  0.810382  0.584981)
     H    6  Q=         1.0000 1e-30 m^2  Cq=         1.9322 MHz  eta= 0.82473

     H    7    Vxx=    0.0328    axis=(  0.907270 -0.181820 -0.379213)
     H    7    Vyy=    0.6000    axis=(  0.024435 -0.877397  0.479142)
     H    7    Vzz=   -0.6328    axis=( -0.419838 -0.443977 -0.791594)
     H    7  Q=         1.0000 1e-30 m^2  Cq=        -1.4867 MHz  eta= 0.89633

     C    8    Vxx=    0.1259    axis=( -0.374393  0.467376 -0.800868)
     C    8    Vyy=    0.4253    axis=(  0.117436  0.880629  0.459023)
     C    8    Vzz=   -0.5513    axis=(  0.919804  0.077804 -0.384588)
     C    8  Q=         1.0000 1e-30 m^2  Cq=        -1.2952 MHz  eta= 0.54315

     H    9    Vxx=   -0.0246    axis=( -0.402368  0.124400  0.906986)
     H    9    Vyy=   -0.6375    axis=(  0.532643  0.837586  0.121416)
     H    9    Vzz=    0.6621    axis=( -0.744575  0.531954 -0.403279)
     H    9  Q=         1.0000 1e-30 m^2  Cq=         1.5556 MHz  eta= 0.92572

     C   10    Vxx=   -0.0663    axis=(  0.560043 -0.333508 -0.758370)
     C   10    Vyy=   -0.8392    axis=( -0.520746  0.570239 -0.635336)
     C   10    Vzz=    0.9055    axis=( -0.644341 -0.750733 -0.145686)
     C   10  Q=         1.0000 1e-30 m^2  Cq=         2.1275 MHz  eta= 0.85358

     C   11    Vxx=    0.0727    axis=(  0.318892 -0.166727  0.933011)
     C   11    Vyy=    0.2798    axis=( -0.140634 -0.981833 -0.127385)
     C   11    Vzz=   -0.3525    axis=(  0.937300 -0.090591 -0.336546)
     C   11  Q=         1.0000 1e-30 m^2  Cq=        -0.8282 MHz  eta= 0.58741

     Cl  12    Vxx=   -1.8343    axis=( -0.396201  0.246970  0.884325)
     Cl  12    Vyy=   -2.9619    axis=( -0.548281  0.708929 -0.443630)
     Cl  12    Vzz=    4.7962    axis=(  0.736486  0.660626  0.145470)
     Cl  12  Q=        -8.1650 1e-30 m^2  Cq=       -92.0134 MHz  eta= 0.23510

     H   13    Vxx=   -0.0001    axis=(  0.994362 -0.105956  0.004150)
     H   13    Vyy=   -0.5248    axis=(  0.052317  0.456185 -0.888346)
     H   13    Vzz=    0.5249    axis=(  0.092233  0.883555  0.459156)
     H   13  Q=         1.0000 1e-30 m^2  Cq=         1.2332 MHz  eta= 0.99967

     C   14    Vxx=    0.1447    axis=(  0.291754  0.803935 -0.518235)
     C   14    Vyy=    0.5245    axis=( -0.089824  0.562441  0.821944)
     C   14    Vzz=   -0.6693    axis=(  0.952266 -0.193255  0.236307)
     C   14  Q=         1.0000 1e-30 m^2  Cq=        -1.5725 MHz  eta= 0.56754

     H   15    Vxx=    0.0118    axis=(  0.430426 -0.894117 -0.123650)
     H   15    Vyy=    0.6501    axis=(  0.847566  0.353247  0.396041)
     H   15    Vzz=   -0.6619    axis=( -0.310428 -0.275268  0.909869)
     H   15  Q=         1.0000 1e-30 m^2  Cq=        -1.5553 MHz  eta= 0.96439

     C   16    Vxx=    0.1818    axis=(  0.775630  0.489771 -0.398149)
     C   16    Vyy=    0.4627    axis=( -0.464262  0.015332 -0.885565)
     C   16    Vzz=   -0.6445    axis=( -0.427620  0.871716  0.239275)
     C   16  Q=         1.0000 1e-30 m^2  Cq=        -1.5142 MHz  eta= 0.43583

     C   17    Vxx=    0.1081    axis=(  0.698896 -0.599360 -0.390272)
     C   17    Vyy=    0.7629    axis=( -0.524044 -0.800479  0.290881)
     C   17    Vzz=   -0.8709    axis=(  0.486747 -0.001224  0.873542)
     C   17  Q=         1.0000 1e-30 m^2  Cq=        -2.0463 MHz  eta= 0.75187

     Cl  18    Vxx=    0.9241    axis=( -0.200786  0.867584  0.454953)
     Cl  18    Vyy=    1.6377    axis=( -0.917532 -0.003826 -0.397643)
     Cl  18    Vzz=   -2.5619    axis=( -0.343248 -0.497276  0.796805)
     Cl  18  Q=        -8.1650 1e-30 m^2  Cq=        49.1483 MHz  eta= 0.27855

     H   19    Vxx=   -0.0453    axis=( -0.373066 -0.637221 -0.674367)
     H   19    Vyy=   -0.5163    axis=( -0.895557  0.057354  0.441235)
     H   19    Vzz=    0.5616    axis=( -0.242487  0.768544 -0.592065)
     H   19  Q=         1.0000 1e-30 m^2  Cq=         1.3195 MHz  eta= 0.83869

     C   20    Vxx=    0.0066    axis=( -0.167508  0.442170  0.881151)
     C   20    Vyy=    0.9213    axis=( -0.772727 -0.613933  0.161182)
     C   20    Vzz=   -0.9279    axis=(  0.612237 -0.653889  0.444516)
     C   20  Q=         1.0000 1e-30 m^2  Cq=        -2.1802 MHz  eta= 0.98578

     H   21    Vxx=    0.0206    axis=(  0.148618 -0.674159 -0.723480)
     H   21    Vyy=    0.6404    axis=( -0.876948  0.248271 -0.411490)
     H   21    Vzz=   -0.6610    axis=(  0.457028  0.695609 -0.554305)
     H   21  Q=         1.0000 1e-30 m^2  Cq=        -1.5530 MHz  eta= 0.93781

     C   22    Vxx=   -0.0163    axis=(  0.786049 -0.618133 -0.006201)
     C   22    Vyy=   -0.3891    axis=(  0.493945  0.622032  0.607531)
     C   22    Vzz=    0.4054    axis=( -0.371677 -0.480612  0.794272)
     C   22  Q=         1.0000 1e-30 m^2  Cq=         0.9526 MHz  eta= 0.91947

     C   23    Vxx=   -0.0733    axis=( -0.430267  0.308603  0.848313)
     C   23    Vyy=   -1.0414    axis=( -0.544550  0.660769 -0.516575)
     C   23    Vzz=    1.1147    axis=( -0.719956 -0.684214 -0.116257)
     C   23  Q=         1.0000 1e-30 m^2  Cq=         2.6191 MHz  eta= 0.86851

     Cl  24    Vxx=   -1.2390    axis=( -0.081978 -0.653217 -0.752720)
     Cl  24    Vyy=   -1.7755    axis=( -0.519081  0.672720 -0.527260)
     Cl  24    Vzz=    3.0145    axis=(  0.850785  0.347499 -0.394220)
     Cl  24  Q=        -8.1650 1e-30 m^2  Cq=       -57.8321 MHz  eta= 0.17796

     Initialization:
     gipaw_setup  :      9.09s CPU     10.90s WALL (       1 calls)

     Linear response

     Apply operators

     Induced current

     Other routines
     efg          :      8.94s CPU     11.36s WALL (       1 calls)

     General routines
     calbec       :      3.16s CPU      4.20s WALL (      16 calls)
     fft          :      1.48s CPU      2.24s WALL (      15 calls)
     ffts         :      0.04s CPU      0.04s WALL (       2 calls)
     fftw         :      3.13s CPU      3.82s WALL (     672 calls)
     davcio       :      0.02s CPU      0.32s WALL (      32 calls)

     Parallel routines
     fft_scatter  :      2.10s CPU      3.22s WALL (     689 calls)

     Plugins

     GIPAW        :     59.41s CPU     70.43s WALL (       1 calls)
