
     Program QE v.6.0 (svn rev. 13079) starts on  7Jan2017 at  4:47:58 

     This program is part of the open-source Quantum ESPRESSO suite
     for quantum simulation of materials; please cite
         "P. Giannozzi et al., J. Phys.:Condens. Matter 21 395502 (2009);
          URL http://www.quantum-espresso.org", 
     in publications or presentations arising from this work. More details at
     http://www.quantum-espresso.org/quote

     Parallel version (MPI), running on     8 processors
     R & G space division:  proc/nbgrp/npool/nimage =       8

     ***** This is GIPAW svn revision unknown      *****

     Parallelizing q-star over 1 images

     Reading data from directory:
     /users/majewski/paradichlorobenzene/pbe/9_constraint/scratch/pbe.ecut100.np8.dt60.pcl2phi-129368.save
     Message from routine read_xml_file:
     file /users/majewski/paradichlorobenzene/pbe/9_constraint/scratch/pbe.ecut100.np8.dt60.pcl2phi-129368.save not guaranteed to be safe for post-processing

   Info: using nr1, nr2, nr3 values from input

   Info: using nr1, nr2, nr3 values from input

     IMPORTANT: XC functional enforced from input :
     Exchange-correlation      =  SLA  PW   PBX  PBC ( 1  4  3  4 0 0)
     Any further DFT definition will be discarded
     Please, verify this is what you really want

               file C.pbe-n-kjpaw_psl.1.0.0.UPF: wavefunction(s)  2S 2P renormalized
               file Cl.pbe-n-kjpaw_psl.1.0.0.UPF: wavefunction(s)  3S 3P renormalized
               file H.pbe-kjpaw_psl.1.0.0.UPF: wavefunction(s)  1S renormalized

     Parallelization info
     --------------------
     sticks:   dense  smooth     PW     G-vecs:    dense   smooth      PW
     Min        3057    1223    332               144436    36536    5170
     Max        3059    1225    333               144437    36537    5171
     Sum       24467    9791   2657              1155489   292295   41363


     Subspace diagonalization in iterative solution of the eigenvalue problem:
     a serial algorithm will be used

     GIPAW projectors -----------------------------------------------
     atom=  C    l=0  rc=    1.2000  rs=    0.8000
     atom=  C    l=0  rc=    1.2000  rs=    0.8000
     atom=  C    l=1  rc=    1.4000  rs=    0.9333
     atom=  C    l=1  rc=    1.4000  rs=    0.9333
     projs nearly linearly dependent: l=1  n1,n2= 1, 2  s=  0.99951561

     atom=  Cl   l=0  rc=    1.6000  rs=    1.0667
     atom=  Cl   l=0  rc=    1.6000  rs=    1.0667
     atom=  Cl   l=1  rc=    1.6000  rs=    1.0667
     atom=  Cl   l=1  rc=    1.6000  rs=    1.0667
     atom=  Cl   l=2  rc=    1.6000  rs=    1.0667
     atom=  Cl   l=2  rc=    1.6000  rs=    1.0667
     projs nearly linearly dependent: l=2  n1,n2= 1, 2  s=  0.99993509

     atom=  H    l=0  rc=    1.0000  rs=    0.6667
     atom=  H    l=0  rc=    1.0000  rs=    0.6667
     projs nearly linearly dependent: l=0  n1,n2= 1, 2  s=  0.99968852
     -----------------------------------------------------------------

     GIPAW integrals: -------------------------------------------
     Atom  i/j   nmr_para   nmr_dia   epr_rmc  epr_para   epr_dia
       C   1 1   0.83E+03  0.17E-01  0.93E+01  0.24E+08  0.24E+03
       C   2 1   0.86E+03 -0.61E-01  0.94E+01  0.25E+08  0.25E+03
       C   2 2   0.90E+03 -0.15E+00  0.97E+01  0.26E+08  0.26E+03
       C   3 3   0.33E+01  0.34E+00  0.18E+01  0.55E+03  0.21E+02
       C   4 3   0.35E+01  0.37E+00  0.20E+01  0.59E+03  0.22E+02
       C   4 4   0.38E+01  0.39E+00  0.22E+01  0.63E+03  0.24E+02
       Cl  1 1   0.14E+04 -0.47E+00  0.84E+01  0.32E+09  0.42E+03
       Cl  2 1   0.21E+04 -0.37E+00  0.12E+02  0.49E+09  0.65E+03
       Cl  2 2   0.33E+04 -0.16E+00  0.21E+02  0.76E+09  0.10E+04
       Cl  3 3   0.21E+02  0.79E-01  0.89E+01  0.23E+05  0.13E+03
       Cl  4 3   0.24E+02  0.67E-01  0.99E+01  0.27E+05  0.15E+03
       Cl  4 4   0.28E+02  0.44E-01  0.11E+02  0.32E+05  0.18E+03
       Cl  5 5   0.77E+00  0.19E+00  0.18E+01  0.12E+03  0.22E+02
       Cl  6 5   0.80E+00  0.19E+00  0.19E+01  0.12E+03  0.23E+02
       Cl  6 6   0.83E+00  0.20E+00  0.19E+01  0.12E+03  0.23E+02
       H   1 1   0.39E+02  0.19E+00  0.29E+00  0.78E+05  0.13E+02
       H   2 1   0.41E+02  0.21E+00  0.32E+00  0.82E+05  0.14E+02
       H   2 2   0.43E+02  0.22E+00  0.36E+00  0.86E+05  0.15E+02
     ------------------------------------------------------------

     alpha_pv=     33.8574 eV

     Number of occupied bands for each k-point:
     k-point:     1    nbnd_occ=  42
     k-point:     2    nbnd_occ=  42
     k-point:     3    nbnd_occ=  42
     k-point:     4    nbnd_occ=  42
     k-point:     5    nbnd_occ=  42
     k-point:     6    nbnd_occ=  42
     k-point:     7    nbnd_occ=  42
     k-point:     8    nbnd_occ=  42
     k-point:     9    nbnd_occ=  42
     k-point:    10    nbnd_occ=  42
     k-point:    11    nbnd_occ=  42
     k-point:    12    nbnd_occ=  42
     k-point:    13    nbnd_occ=  42
     k-point:    14    nbnd_occ=  42
     k-point:    15    nbnd_occ=  42
     k-point:    16    nbnd_occ=  42


     q-space interpolation up to   110.00 Rydberg

     GIPAW job: efg                                                                             


     ELECTRIC FIELD GRADIENTS TENSORS IN Hartree/bohrradius^2:

     ----- bare term -----
     Cl   1       -0.227868        0.180609        0.083082
     Cl   1        0.180609       -0.064309       -0.135143
     Cl   1        0.083082       -0.135143        0.292177

     C    2       -0.020954       -0.430944       -0.407532
     C    2       -0.430944       -0.073161       -0.718242
     C    2       -0.407532       -0.718242        0.094115

     C    3       -0.429860        0.328083       -0.082442
     C    3        0.328083        0.024936       -0.397731
     C    3       -0.082442       -0.397731        0.404923

     H    4       -0.147671       -0.253523       -0.395007
     H    4       -0.253523       -0.212467       -0.246760
     H    4       -0.395007       -0.246760        0.360139

     C    5       -0.061923       -0.298634       -0.527250
     C    5       -0.298634       -0.100396       -0.459110
     C    5       -0.527250       -0.459110        0.162319

     H    6        0.376481        0.088236        0.102163
     H    6        0.088236       -0.361854       -0.601876
     H    6        0.102163       -0.601876       -0.014627

     H    7       -0.074692       -0.203421        0.204425
     H    7       -0.203421       -0.127539        0.485012
     H    7        0.204425        0.485012        0.202231

     C    8       -0.039657        0.069907       -0.532970
     C    8        0.069907       -0.009584        0.412492
     C    8       -0.532970        0.412492        0.049241

     H    9       -0.144047        0.053892       -0.286610
     H    9        0.053892        0.322378        0.467812
     H    9       -0.286610        0.467812       -0.178331

     C   10       -0.032514       -0.483294       -0.310216
     C   10       -0.483294       -0.330539        0.196218
     C   10       -0.310216        0.196218        0.363053

     C   11       -0.042632        0.007413       -0.538010
     C   11        0.007413       -0.280581        0.491007
     C   11       -0.538010        0.491007        0.323213

     Cl  12       -0.154121       -0.139285       -0.144967
     Cl  12       -0.139285       -0.128027        0.034643
     Cl  12       -0.144967        0.034643        0.282149

     H   13        0.035367       -0.345494        0.109950
     H   13       -0.345494       -0.395979       -0.305764
     H   13        0.109950       -0.305764        0.360612

     C   14       -0.281469        0.360286       -0.345744
     C   14        0.360286       -0.153780       -0.148403
     C   14       -0.345744       -0.148403        0.435249

     H   15       -0.510355       -0.421488        0.161566
     H   15       -0.421488        0.276603        0.061255
     H   15        0.161566        0.061255        0.233752

     C   16        0.027650       -0.028481       -0.383651
     C   16       -0.028481       -0.334750       -0.437744
     C   16       -0.383651       -0.437744        0.307101

     C   17       -0.302978        0.393242       -0.344055
     C   17        0.393242       -0.161370       -0.242102
     C   17       -0.344055       -0.242102        0.464348

     Cl  18       -0.000869       -0.006202       -0.097569
     Cl  18       -0.006202       -0.010337       -0.071997
     Cl  18       -0.097569       -0.071997        0.011206

     H   19        0.242049       -0.193230       -0.036956
     H   19       -0.193230       -0.514687        0.394196
     H   19       -0.036956        0.394196        0.272639

     C   20       -0.256547       -0.337377       -0.316783
     C   20       -0.337377       -0.145999        0.451635
     C   20       -0.316783        0.451635        0.402546

     H   21       -0.026340        0.323292       -0.444968
     H   21        0.323292        0.004277        0.477463
     H   21       -0.444968        0.477463        0.022063

     C   22       -0.561883       -0.379120       -0.304093
     C   22       -0.379120        0.176027        0.140118
     C   22       -0.304093        0.140118        0.385856

     C   23        0.091007       -0.556376       -0.040657
     C   23       -0.556376       -0.306984        0.497593
     C   23       -0.040657        0.497593        0.215977

     Cl  24       -0.056038       -0.038592       -0.002983
     Cl  24       -0.038592        0.037412       -0.066323
     Cl  24       -0.002983       -0.066323        0.018626

     ----- ionic term -----
     Cl   1        0.117050       -0.168711       -0.011640
     Cl   1       -0.168711        0.001386        0.016833
     Cl   1       -0.011640        0.016833       -0.118436

     C    2        0.252006        0.011251        0.204986
     C    2        0.011251        0.086305        0.446753
     C    2        0.204986        0.446753       -0.338311

     C    3        0.158196       -0.110279        0.148962
     C    3       -0.110279        0.121339        0.443675
     C    3        0.148962        0.443675       -0.279535

     H    4        0.547422        0.392839        0.666493
     H    4        0.392839       -0.386041        0.298990
     H    4        0.666493        0.298990       -0.161382

     C    5        0.327330       -0.077456        0.185073
     C    5       -0.077456        0.010138        0.342621
     C    5        0.185073        0.342621       -0.337469

     H    6       -0.506035        0.152649        0.106073
     H    6        0.152649        0.573610        0.748113
     H    6        0.106073        0.748113       -0.067575

     H    7       -0.525195       -0.000160        0.010574
     H    7       -0.000160        0.653281       -0.713268
     H    7        0.010574       -0.713268       -0.128086

     C    8        0.255581        0.150819        0.327287
     C    8        0.150819        0.052811       -0.287057
     C    8        0.327287       -0.287057       -0.308392

     H    9        0.506313       -0.419551        0.650785
     H    9       -0.419551       -0.306342       -0.314530
     H    9        0.650785       -0.314530       -0.199971

     C   10        0.146484        0.233083        0.222156
     C   10        0.233083        0.185126       -0.330846
     C   10        0.222156       -0.330846       -0.331609

     C   11        0.170425        0.219159        0.281358
     C   11        0.219159        0.104524       -0.369322
     C   11        0.281358       -0.369322       -0.274949

     Cl  12        0.177247        0.212555        0.038051
     Cl  12        0.212555       -0.029584        0.006274
     Cl  12        0.038051        0.006274       -0.147663

     H   13       -0.491785        0.157867        0.068213
     H   13        0.157867        0.807249        0.601401
     H   13        0.068213        0.601401       -0.315464

     C   14        0.420100       -0.082256        0.154184
     C   14       -0.082256        0.044542        0.333119
     C   14        0.154184        0.333119       -0.464643

     H   15        0.692685        0.521299        0.408332
     H   15        0.521299       -0.305337        0.254700
     H   15        0.408332        0.254700       -0.387347

     C   16        0.256127       -0.179855        0.049268
     C   16       -0.179855        0.166276        0.401801
     C   16        0.049268        0.401801       -0.422403

     C   17        0.273497       -0.133449        0.189072
     C   17       -0.133449        0.119057        0.375235
     C   17        0.189072        0.375235       -0.392554

     Cl  18        0.149496       -0.227269       -0.015156
     Cl  18       -0.227269        0.009272        0.003725
     Cl  18       -0.015156        0.003725       -0.158768

     H   19       -0.460712        0.213675       -0.100657
     H   19        0.213675        0.575087       -0.700311
     H   19       -0.100657       -0.700311       -0.114375

     C   20        0.273410        0.271226        0.315216
     C   20        0.271226        0.004239       -0.257749
     C   20        0.315216       -0.257749       -0.277649

     H   21        0.387288       -0.386882        0.669255
     H   21       -0.386882       -0.360605       -0.344800
     H   21        0.669255       -0.344800       -0.026683

     C   22        0.170173        0.256643        0.241859
     C   22        0.256643        0.089765       -0.323194
     C   22        0.241859       -0.323194       -0.259938

     C   23        0.215323        0.153850        0.319217
     C   23        0.153850        0.043693       -0.349418
     C   23        0.319217       -0.349418       -0.259015

     Cl  24        0.147113        0.205165        0.043649
     Cl  24        0.205165        0.002324        0.029230
     Cl  24        0.043649        0.029230       -0.149437

     ----- GIPAW term -----
     Cl   1       -0.454900       -1.504274        0.877866
     Cl   1       -1.504274       -0.671521       -1.555117
     Cl   1        0.877866       -1.555117        1.126421

     C    2        0.064647       -0.272539        0.020698
     C    2       -0.272539        0.041256       -0.161627
     C    2        0.020698       -0.161627       -0.105903

     C    3       -0.113204       -0.088518        0.036255
     C    3       -0.088518        0.149969       -0.113131
     C    3        0.036255       -0.113131       -0.036764

     H    4       -0.000000        0.000000        0.000000
     H    4        0.000000        0.000000        0.000000
     H    4        0.000000        0.000000        0.000000

     C    5        0.103329       -0.224752       -0.163176
     C    5       -0.224752       -0.036150       -0.022196
     C    5       -0.163176       -0.022196       -0.067178

     H    6       -0.000000        0.000000        0.000000
     H    6        0.000000        0.000000        0.000000
     H    6        0.000000        0.000000        0.000000

     H    7       -0.000000        0.000000        0.000000
     H    7        0.000000        0.000000        0.000000
     H    7        0.000000        0.000000        0.000000

     C    8        0.283394        0.007991       -0.090576
     C    8        0.007991       -0.137952        0.056428
     C    8       -0.090576        0.056428       -0.145442

     H    9       -0.000000        0.000000        0.000000
     H    9        0.000000        0.000000        0.000000
     H    9        0.000000        0.000000        0.000000

     C   10        0.131251       -0.035532       -0.209821
     C   10       -0.035532       -0.162098       -0.014933
     C   10       -0.209821       -0.014933        0.030847

     C   11        0.026241        0.048740       -0.224158
     C   11        0.048740       -0.126617        0.132489
     C   11       -0.224158        0.132489        0.100376

     Cl  12        0.129043        1.358600       -1.430795
     Cl  12        1.358600       -1.145377        0.365147
     Cl  12       -1.430795        0.365147        1.016334

     H   13       -0.000000        0.000000        0.000000
     H   13        0.000000        0.000000        0.000000
     H   13        0.000000        0.000000        0.000000

     C   14        0.117135       -0.063908       -0.141640
     C   14       -0.063908       -0.089667        0.048313
     C   14       -0.141640        0.048313       -0.027469

     H   15       -0.000000        0.000000        0.000000
     H   15        0.000000        0.000000        0.000000
     H   15        0.000000        0.000000        0.000000

     C   16        0.062274       -0.019118       -0.238401
     C   16       -0.019118       -0.139925       -0.050780
     C   16       -0.238401       -0.050780        0.077651

     C   17        0.095342       -0.062174       -0.217885
     C   17       -0.062174       -0.127924        0.022550
     C   17       -0.217885        0.022550        0.032582

     Cl  18        1.857924       -1.470869       -2.070553
     Cl  18       -1.470869       -1.071393       -0.550265
     Cl  18       -2.070553       -0.550265       -0.786531

     H   19       -0.000000        0.000000        0.000000
     H   19        0.000000        0.000000        0.000000
     H   19        0.000000        0.000000        0.000000

     C   20       -0.016574       -0.129685       -0.094051
     C   20       -0.129685       -0.021729        0.155898
     C   20       -0.094051        0.155898        0.038303

     H   21       -0.000000        0.000000        0.000000
     H   21        0.000000        0.000000        0.000000
     H   21        0.000000        0.000000        0.000000

     C   22       -0.145783       -0.168551        0.011305
     C   22       -0.168551        0.120591       -0.111871
     C   22        0.011305       -0.111871        0.025192

     C   23        0.219985       -0.164714        0.022017
     C   23       -0.164714       -0.062094        0.046318
     C   23        0.022017        0.046318       -0.157891

     Cl  24        1.229668        0.287116        1.755113
     Cl  24        0.287116       -0.515749       -1.312627
     Cl  24        1.755113       -1.312627       -0.713918

     ----- total EFG -----
     Cl   1       -0.565717       -1.492376        0.949308
     Cl   1       -1.492376       -0.734445       -1.673427
     Cl   1        0.949308       -1.673427        1.300162

     C    2        0.295700       -0.692231       -0.181848
     C    2       -0.692231        0.054400       -0.433116
     C    2       -0.181848       -0.433116       -0.350100

     C    3       -0.384868        0.129286        0.102775
     C    3        0.129286        0.296244       -0.067187
     C    3        0.102775       -0.067187        0.088624

     H    4        0.399751        0.139317        0.271486
     H    4        0.139317       -0.598508        0.052230
     H    4        0.271486        0.052230        0.198757

     C    5        0.368736       -0.600842       -0.505353
     C    5       -0.600842       -0.126408       -0.138685
     C    5       -0.505353       -0.138685       -0.242328

     H    6       -0.129554        0.240885        0.208236
     H    6        0.240885        0.211756        0.146237
     H    6        0.208236        0.146237       -0.082202

     H    7       -0.599887       -0.203582        0.214999
     H    7       -0.203582        0.525742       -0.228256
     H    7        0.214999       -0.228256        0.074145

     C    8        0.499317        0.228717       -0.296259
     C    8        0.228717       -0.094725        0.181863
     C    8       -0.296259        0.181863       -0.404593

     H    9        0.362266       -0.365659        0.364175
     H    9       -0.365659        0.016036        0.153282
     H    9        0.364175        0.153282       -0.378302

     C   10        0.245221       -0.285743       -0.297881
     C   10       -0.285743       -0.307511       -0.149561
     C   10       -0.297881       -0.149561        0.062290

     C   11        0.154034        0.275313       -0.480810
     C   11        0.275313       -0.302674        0.254173
     C   11       -0.480810        0.254173        0.148639

     Cl  12        0.152169        1.431870       -1.537711
     Cl  12        1.431870       -1.302989        0.406063
     Cl  12       -1.537711        0.406063        1.150819

     H   13       -0.456418       -0.187627        0.178163
     H   13       -0.187627        0.411270        0.295637
     H   13        0.178163        0.295637        0.045148

     C   14        0.255767        0.214122       -0.333200
     C   14        0.214122       -0.198905        0.233029
     C   14       -0.333200        0.233029       -0.056862

     H   15        0.182329        0.099810        0.569898
     H   15        0.099810       -0.028734        0.315955
     H   15        0.569898        0.315955       -0.153595

     C   16        0.346051       -0.227455       -0.572784
     C   16       -0.227455       -0.308400       -0.086723
     C   16       -0.572784       -0.086723       -0.037651

     C   17        0.065860        0.197619       -0.372868
     C   17        0.197619       -0.170237        0.155682
     C   17       -0.372868        0.155682        0.104377

     Cl  18        2.006551       -1.704340       -2.183278
     Cl  18       -1.704340       -1.072458       -0.618537
     Cl  18       -2.183278       -0.618537       -0.934093

     H   19       -0.218663        0.020446       -0.137613
     H   19        0.020446        0.060399       -0.306115
     H   19       -0.137613       -0.306115        0.158264

     C   20        0.000289       -0.195836       -0.095618
     C   20       -0.195836       -0.163488        0.349784
     C   20       -0.095618        0.349784        0.163199

     H   21        0.360947       -0.063590        0.224287
     H   21       -0.063590       -0.356327        0.132663
     H   21        0.224287        0.132663       -0.004620

     C   22       -0.537493       -0.291028       -0.050929
     C   22       -0.291028        0.386383       -0.294946
     C   22       -0.050929       -0.294946        0.151110

     C   23        0.526315       -0.567240        0.300577
     C   23       -0.567240       -0.325385        0.194493
     C   23        0.300577        0.194493       -0.200930

     Cl  24        1.320742        0.453689        1.795779
     Cl  24        0.453689       -0.476013       -1.349720
     Cl  24        1.795779       -1.349720       -0.844729

     ----- total EFG (symmetrized) -----
     Cl   1       -0.565717       -1.492376        0.949308
     Cl   1       -1.492376       -0.734445       -1.673427
     Cl   1        0.949308       -1.673427        1.300162

     C    2        0.295700       -0.692231       -0.181848
     C    2       -0.692231        0.054400       -0.433116
     C    2       -0.181848       -0.433116       -0.350100

     C    3       -0.384868        0.129286        0.102775
     C    3        0.129286        0.296244       -0.067187
     C    3        0.102775       -0.067187        0.088624

     H    4        0.399751        0.139317        0.271486
     H    4        0.139317       -0.598508        0.052230
     H    4        0.271486        0.052230        0.198757

     C    5        0.368736       -0.600842       -0.505353
     C    5       -0.600842       -0.126408       -0.138685
     C    5       -0.505353       -0.138685       -0.242328

     H    6       -0.129554        0.240885        0.208236
     H    6        0.240885        0.211756        0.146237
     H    6        0.208236        0.146237       -0.082202

     H    7       -0.599887       -0.203582        0.214999
     H    7       -0.203582        0.525742       -0.228256
     H    7        0.214999       -0.228256        0.074145

     C    8        0.499317        0.228717       -0.296259
     C    8        0.228717       -0.094725        0.181863
     C    8       -0.296259        0.181863       -0.404593

     H    9        0.362266       -0.365659        0.364175
     H    9       -0.365659        0.016036        0.153282
     H    9        0.364175        0.153282       -0.378302

     C   10        0.245221       -0.285743       -0.297881
     C   10       -0.285743       -0.307511       -0.149561
     C   10       -0.297881       -0.149561        0.062290

     C   11        0.154034        0.275313       -0.480810
     C   11        0.275313       -0.302674        0.254173
     C   11       -0.480810        0.254173        0.148639

     Cl  12        0.152169        1.431870       -1.537711
     Cl  12        1.431870       -1.302989        0.406063
     Cl  12       -1.537711        0.406063        1.150819

     H   13       -0.456418       -0.187627        0.178163
     H   13       -0.187627        0.411270        0.295637
     H   13        0.178163        0.295637        0.045148

     C   14        0.255767        0.214122       -0.333200
     C   14        0.214122       -0.198905        0.233029
     C   14       -0.333200        0.233029       -0.056862

     H   15        0.182329        0.099810        0.569898
     H   15        0.099810       -0.028734        0.315955
     H   15        0.569898        0.315955       -0.153595

     C   16        0.346051       -0.227455       -0.572784
     C   16       -0.227455       -0.308400       -0.086723
     C   16       -0.572784       -0.086723       -0.037651

     C   17        0.065860        0.197619       -0.372868
     C   17        0.197619       -0.170237        0.155682
     C   17       -0.372868        0.155682        0.104377

     Cl  18        2.006551       -1.704340       -2.183278
     Cl  18       -1.704340       -1.072458       -0.618537
     Cl  18       -2.183278       -0.618537       -0.934093

     H   19       -0.218663        0.020446       -0.137613
     H   19        0.020446        0.060399       -0.306115
     H   19       -0.137613       -0.306115        0.158264

     C   20        0.000289       -0.195836       -0.095618
     C   20       -0.195836       -0.163488        0.349784
     C   20       -0.095618        0.349784        0.163199

     H   21        0.360947       -0.063590        0.224287
     H   21       -0.063590       -0.356327        0.132663
     H   21        0.224287        0.132663       -0.004620

     C   22       -0.537493       -0.291028       -0.050929
     C   22       -0.291028        0.386383       -0.294946
     C   22       -0.050929       -0.294946        0.151110

     C   23        0.526315       -0.567240        0.300577
     C   23       -0.567240       -0.325385        0.194493
     C   23        0.300577        0.194493       -0.200930

     Cl  24        1.320742        0.453689        1.795779
     Cl  24        0.453689       -0.476013       -1.349720
     Cl  24        1.795779       -1.349720       -0.844729


     NQR/NMR SPECTROSCOPIC PARAMETERS:
     Cl   1    Vxx=   -0.6883    axis=( -0.707219  0.337191  0.621404)
     Cl   1    Vyy=   -2.2728    axis=( -0.570176 -0.791708 -0.219313)
     Cl   1    Vzz=    2.9611    axis=(  0.418020 -0.509412  0.752169)
     Cl   1  Q=        -8.1650 1e-30 m^2  Cq=       -56.8069 MHz  eta= 0.53511

     C    2    Vxx=    0.0052    axis=( -0.504339 -0.411140  0.759346)
     C    2    Vyy=    0.8954    axis=( -0.733360  0.668195 -0.125292)
     C    2    Vzz=   -0.9005    axis=( -0.455879 -0.620064 -0.638510)
     C    2  Q=         1.0000 1e-30 m^2  Cq=        -2.1159 MHz  eta= 0.98848

     C    3    Vxx=    0.1032    axis=(  0.245503  0.167900  0.954745)
     C    3    Vyy=    0.3300    axis=(  0.145128  0.967421 -0.207447)
     C    3    Vzz=   -0.4333    axis=( -0.958471  0.189489  0.213138)
     C    3  Q=         1.0000 1e-30 m^2  Cq=        -1.0180 MHz  eta= 0.52347

     H    4    Vxx=    0.0119    axis=( -0.558722 -0.056727  0.827413)
     H    4    Vyy=    0.6060    axis=(  0.819047  0.119066  0.561236)
     H    4    Vzz=   -0.6179    axis=( -0.130354  0.991265 -0.020063)
     H    4  Q=         1.0000 1e-30 m^2  Cq=        -1.4518 MHz  eta= 0.96164

     C    5    Vxx=   -0.0539    axis=(  0.087133  0.676408 -0.731355)
     C    5    Vyy=   -0.8326    axis=(  0.544988  0.582180  0.603369)
     C    5    Vzz=    0.8865    axis=(  0.833904 -0.451153 -0.317907)
     C    5  Q=         1.0000 1e-30 m^2  Cq=         2.0828 MHz  eta= 0.87849

     H    6    Vxx=   -0.1047    axis=(  0.339138 -0.594935  0.728724)
     H    6    Vyy=   -0.3333    axis=( -0.809255  0.210483  0.548456)
     H    6    Vzz=    0.4380    axis=(  0.479679  0.775725  0.410071)
     H    6  Q=         1.0000 1e-30 m^2  Cq=         1.0292 MHz  eta= 0.52202

     H    7    Vxx=   -0.0010    axis=(  0.164715  0.445063  0.880220)
     H    7    Vyy=   -0.6782    axis=(  0.963698  0.117503 -0.239749)
     H    7    Vzz=    0.6792    axis=( -0.210132  0.887757 -0.409552)
     H    7  Q=         1.0000 1e-30 m^2  Cq=         1.5959 MHz  eta= 0.99695

     C    8    Vxx=   -0.0194    axis=(  0.103097 -0.866493 -0.488426)
     C    8    Vyy=   -0.6099    axis=(  0.315147 -0.437289  0.842295)
     C    8    Vzz=    0.6293    axis=( -0.943426 -0.240764  0.227990)
     C    8  Q=         1.0000 1e-30 m^2  Cq=         1.4786 MHz  eta= 0.93826

     H    9    Vxx=    0.0072    axis=( -0.250998 -0.794476 -0.552999)
     H    9    Vyy=    0.6499    axis=( -0.864813  0.440692 -0.240603)
     H    9    Vzz=   -0.6571    axis=( -0.434856 -0.417850  0.797685)
     H    9  Q=         1.0000 1e-30 m^2  Cq=        -1.5440 MHz  eta= 0.97807

     C   10    Vxx=    0.0499    axis=(  0.318310 -0.571144  0.756619)
     C   10    Vyy=    0.4948    axis=(  0.837808 -0.203967 -0.506434)
     C   10    Vzz=   -0.5447    axis=( -0.443572 -0.795105 -0.413584)
     C   10  Q=         1.0000 1e-30 m^2  Cq=        -1.2799 MHz  eta= 0.81690

     C   11    Vxx=    0.0583    axis=(  0.475428  0.719295  0.506540)
     C   11    Vyy=    0.6325    axis=( -0.714479 -0.020259  0.699363)
     C   11    Vzz=   -0.6908    axis=(  0.513311 -0.694409  0.504289)
     C   11  Q=         1.0000 1e-30 m^2  Cq=        -1.6230 MHz  eta= 0.83123

     Cl  12    Vxx=    0.2180    axis=(  0.515491  0.638007  0.572028)
     Cl  12    Vyy=    2.3541    axis=( -0.634438 -0.164545  0.755257)
     Cl  12    Vzz=   -2.5721    axis=(  0.575984 -0.752244  0.319955)
     Cl  12  Q=        -8.1650 1e-30 m^2  Cq=        49.3438 MHz  eta= 0.83049

     H   13    Vxx=    0.0087    axis=(  0.459889 -0.376311  0.804296)
     H   13    Vyy=    0.5822    axis=( -0.080843  0.884258  0.459948)
     H   13    Vzz=   -0.5909    axis=(  0.884289  0.276546 -0.376239)
     H   13  Q=         1.0000 1e-30 m^2  Cq=        -1.3884 MHz  eta= 0.97056

     C   14    Vxx=    0.0753    axis=(  0.269635  0.737085  0.619679)
     C   14    Vyy=    0.4732    axis=( -0.861847 -0.102340  0.496736)
     C   14    Vzz=   -0.5486    axis=( -0.429555  0.668006 -0.607660)
     C   14  Q=         1.0000 1e-30 m^2  Cq=        -1.2889 MHz  eta= 0.72534

     H   15    Vxx=   -0.0640    axis=(  0.477812 -0.876863 -0.052981)
     H   15    Vyy=   -0.6465    axis=(  0.508837  0.325426 -0.796984)
     H   15    Vzz=    0.7105    axis=(  0.716087  0.353849  0.601673)
     H   15  Q=         1.0000 1e-30 m^2  Cq=         1.6694 MHz  eta= 0.81975

     C   16    Vxx=   -0.1765    axis=(  0.253497 -0.797247  0.547848)
     C   16    Vyy=   -0.5989    axis=( -0.517577 -0.590245 -0.619455)
     C   16    Vzz=    0.7753    axis=( -0.817223  0.126524  0.562262)
     C   16  Q=         1.0000 1e-30 m^2  Cq=         1.8218 MHz  eta= 0.54477

     C   17    Vxx=    0.0274    axis=(  0.421409  0.782558  0.458276)
     C   17    Vyy=    0.4595    axis=( -0.698254 -0.042462  0.714590)
     C   17    Vzz=   -0.4868    axis=(  0.578668 -0.621128  0.528530)
     C   17  Q=         1.0000 1e-30 m^2  Cq=        -1.1438 MHz  eta= 0.88764

     Cl  18    Vxx=   -0.4092    axis=(  0.057055 -0.755377  0.652802)
     Cl  18    Vyy=   -3.1049    axis=( -0.475218 -0.595590 -0.647642)
     Cl  18    Vzz=    3.5141    axis=( -0.878016  0.273272  0.392950)
     Cl  18  Q=        -8.1650 1e-30 m^2  Cq=       -67.4166 MHz  eta= 0.76712

     H   19    Vxx=   -0.1452    axis=( -0.596243  0.684277  0.419833)
     H   19    Vyy=   -0.2955    axis=( -0.782753 -0.379371 -0.493330)
     H   19    Vzz=    0.4407    axis=( -0.178302 -0.622770  0.761817)
     H   19  Q=         1.0000 1e-30 m^2  Cq=         1.0355 MHz  eta= 0.34093

     C   20    Vxx=   -0.0426    axis=(  0.877778 -0.040869  0.477321)
     C   20    Vyy=   -0.4205    axis=( -0.287781 -0.841535  0.457166)
     C   20    Vzz=    0.4631    axis=( -0.382998  0.538655  0.750442)
     C   20  Q=         1.0000 1e-30 m^2  Cq=         1.0880 MHz  eta= 0.81606

     H   21    Vxx=   -0.0423    axis=( -0.388202  0.424187  0.818147)
     H   21    Vyy=   -0.4252    axis=(  0.182490  0.905574 -0.382927)
     H   21    Vzz=    0.4675    axis=( -0.903326  0.000651 -0.428955)
     H   21  Q=         1.0000 1e-30 m^2  Cq=         1.0984 MHz  eta= 0.81921

     C   22    Vxx=    0.0177    axis=( -0.306011  0.435664  0.846495)
     C   22    Vyy=    0.6272    axis=( -0.188849  0.843702 -0.502497)
     C   22    Vzz=   -0.6449    axis=( -0.933109 -0.313629 -0.175908)
     C   22  Q=         1.0000 1e-30 m^2  Cq=        -1.5153 MHz  eta= 0.94504

     C   23    Vxx=   -0.0642    axis=(  0.057255  0.513342  0.856272)
     C   23    Vyy=   -0.7793    axis=(  0.440062  0.756887 -0.483185)
     C   23    Vzz=    0.8436    axis=( -0.896140  0.404477 -0.182566)
     C   23  Q=         1.0000 1e-30 m^2  Cq=         1.9821 MHz  eta= 0.84772

     Cl  24    Vxx=    0.3661    axis=( -0.359888 -0.841083  0.403807)
     Cl  24    Vyy=    2.3653    axis=(  0.846367 -0.112183  0.520651)
     Cl  24    Vzz=   -2.7314    axis=( -0.392611  0.529145  0.752239)
     Cl  24  Q=        -8.1650 1e-30 m^2  Cq=        52.4008 MHz  eta= 0.73192

     Initialization:
     gipaw_setup  :      9.38s CPU     11.99s WALL (       1 calls)

     Linear response

     Apply operators

     Induced current

     Other routines
     efg          :     10.63s CPU     22.48s WALL (       1 calls)

     General routines
     calbec       :      3.10s CPU      3.99s WALL (      16 calls)
     fft          :      1.68s CPU      2.57s WALL (      15 calls)
     ffts         :      0.05s CPU      0.05s WALL (       2 calls)
     fftw         :      4.64s CPU      8.15s WALL (     672 calls)
     davcio       :      0.09s CPU      7.00s WALL (      32 calls)

     Parallel routines
     fft_scatter  :      3.64s CPU      7.88s WALL (     689 calls)

     Plugins

     GIPAW        :     62.69s CPU     86.07s WALL (       1 calls)
