
     Program QE v.6.0 (svn rev. 13079) starts on 16Jan2017 at 22:17:16 

     This program is part of the open-source Quantum ESPRESSO suite
     for quantum simulation of materials; please cite
         "P. Giannozzi et al., J. Phys.:Condens. Matter 21 395502 (2009);
          URL http://www.quantum-espresso.org", 
     in publications or presentations arising from this work. More details at
     http://www.quantum-espresso.org/quote

     Parallel version (MPI), running on     8 processors
     R & G space division:  proc/nbgrp/npool/nimage =       8

     ***** This is GIPAW svn revision unknown      *****

     Parallelizing q-star over 1 images

     Reading data from directory:
     /users/majewski/paradichlorobenzene/pbe/9_constraint/scratch/pbe.ecut100.np8.dt60.pcl2phi-129368.save
     Message from routine read_xml_file:
     file /users/majewski/paradichlorobenzene/pbe/9_constraint/scratch/pbe.ecut100.np8.dt60.pcl2phi-129368.save not guaranteed to be safe for post-processing

   Info: using nr1, nr2, nr3 values from input

   Info: using nr1, nr2, nr3 values from input

     IMPORTANT: XC functional enforced from input :
     Exchange-correlation      =  SLA  PW   PBX  PBC ( 1  4  3  4 0 0)
     Any further DFT definition will be discarded
     Please, verify this is what you really want

               file C.pbe-n-kjpaw_psl.1.0.0.UPF: wavefunction(s)  2S 2P renormalized
               file Cl.pbe-n-kjpaw_psl.1.0.0.UPF: wavefunction(s)  3S 3P renormalized
               file H.pbe-kjpaw_psl.1.0.0.UPF: wavefunction(s)  1S renormalized

     Parallelization info
     --------------------
     sticks:   dense  smooth     PW     G-vecs:    dense   smooth      PW
     Min        3057    1223    332               144436    36536    5170
     Max        3059    1225    333               144437    36537    5171
     Sum       24467    9791   2657              1155489   292295   41363


     Subspace diagonalization in iterative solution of the eigenvalue problem:
     a serial algorithm will be used

     GIPAW projectors -----------------------------------------------
     atom=  C    l=0  rc=    1.2000  rs=    0.8000
     atom=  C    l=0  rc=    1.2000  rs=    0.8000
     atom=  C    l=1  rc=    1.4000  rs=    0.9333
     atom=  C    l=1  rc=    1.4000  rs=    0.9333
     projs nearly linearly dependent: l=1  n1,n2= 1, 2  s=  0.99951561

     atom=  Cl   l=0  rc=    1.6000  rs=    1.0667
     atom=  Cl   l=0  rc=    1.6000  rs=    1.0667
     atom=  Cl   l=1  rc=    1.6000  rs=    1.0667
     atom=  Cl   l=1  rc=    1.6000  rs=    1.0667
     atom=  Cl   l=2  rc=    1.6000  rs=    1.0667
     atom=  Cl   l=2  rc=    1.6000  rs=    1.0667
     projs nearly linearly dependent: l=2  n1,n2= 1, 2  s=  0.99993509

     atom=  H    l=0  rc=    1.0000  rs=    0.6667
     atom=  H    l=0  rc=    1.0000  rs=    0.6667
     projs nearly linearly dependent: l=0  n1,n2= 1, 2  s=  0.99968852
     -----------------------------------------------------------------

     GIPAW integrals: -------------------------------------------
     Atom  i/j   nmr_para   nmr_dia   epr_rmc  epr_para   epr_dia
       C   1 1   0.83E+03  0.17E-01  0.93E+01  0.24E+08  0.24E+03
       C   2 1   0.86E+03 -0.61E-01  0.94E+01  0.25E+08  0.25E+03
       C   2 2   0.90E+03 -0.15E+00  0.97E+01  0.26E+08  0.26E+03
       C   3 3   0.33E+01  0.34E+00  0.18E+01  0.55E+03  0.21E+02
       C   4 3   0.35E+01  0.37E+00  0.20E+01  0.59E+03  0.22E+02
       C   4 4   0.38E+01  0.39E+00  0.22E+01  0.63E+03  0.24E+02
       Cl  1 1   0.14E+04 -0.47E+00  0.84E+01  0.32E+09  0.42E+03
       Cl  2 1   0.21E+04 -0.37E+00  0.12E+02  0.49E+09  0.65E+03
       Cl  2 2   0.33E+04 -0.16E+00  0.21E+02  0.76E+09  0.10E+04
       Cl  3 3   0.21E+02  0.79E-01  0.89E+01  0.23E+05  0.13E+03
       Cl  4 3   0.24E+02  0.67E-01  0.99E+01  0.27E+05  0.15E+03
       Cl  4 4   0.28E+02  0.44E-01  0.11E+02  0.32E+05  0.18E+03
       Cl  5 5   0.77E+00  0.19E+00  0.18E+01  0.12E+03  0.22E+02
       Cl  6 5   0.80E+00  0.19E+00  0.19E+01  0.12E+03  0.23E+02
       Cl  6 6   0.83E+00  0.20E+00  0.19E+01  0.12E+03  0.23E+02
       H   1 1   0.39E+02  0.19E+00  0.29E+00  0.78E+05  0.13E+02
       H   2 1   0.41E+02  0.21E+00  0.32E+00  0.82E+05  0.14E+02
       H   2 2   0.43E+02  0.22E+00  0.36E+00  0.86E+05  0.15E+02
     ------------------------------------------------------------

     alpha_pv=     34.1173 eV

     Number of occupied bands for each k-point:
     k-point:     1    nbnd_occ=  42
     k-point:     2    nbnd_occ=  42
     k-point:     3    nbnd_occ=  42
     k-point:     4    nbnd_occ=  42
     k-point:     5    nbnd_occ=  42
     k-point:     6    nbnd_occ=  42
     k-point:     7    nbnd_occ=  42
     k-point:     8    nbnd_occ=  42
     k-point:     9    nbnd_occ=  42
     k-point:    10    nbnd_occ=  42
     k-point:    11    nbnd_occ=  42
     k-point:    12    nbnd_occ=  42
     k-point:    13    nbnd_occ=  42
     k-point:    14    nbnd_occ=  42
     k-point:    15    nbnd_occ=  42
     k-point:    16    nbnd_occ=  42


     q-space interpolation up to   110.00 Rydberg

     GIPAW job: efg                                                                             


     ELECTRIC FIELD GRADIENTS TENSORS IN Hartree/bohrradius^2:

     ----- bare term -----
     Cl   1       -0.105582        0.233680        0.028642
     Cl   1        0.233680       -0.172851        0.074475
     Cl   1        0.028642        0.074475        0.278433

     C    2        0.200152        0.045763       -0.159097
     C    2        0.045763       -0.195824       -0.596201
     C    2       -0.159097       -0.596201       -0.004328

     C    3       -0.408221        0.112432       -0.017089
     C    3        0.112432       -0.138829        0.093274
     C    3       -0.017089        0.093274        0.547051

     H    4       -0.139755       -0.402245        0.008588
     H    4       -0.402245       -0.194340        0.137191
     H    4        0.008588        0.137191        0.334095

     C    5        0.206823       -0.115900       -0.234187
     C    5       -0.115900       -0.285791       -0.101776
     C    5       -0.234187       -0.101776        0.078968

     H    6        0.348618       -0.063897       -0.008605
     H    6       -0.063897       -0.621911        0.109825
     H    6       -0.008605        0.109825        0.273293

     H    7        0.354634        0.037047        0.273297
     H    7        0.037047        0.200472        0.054816
     H    7        0.273297        0.054816       -0.555106

     C    8       -0.518386       -0.240827       -0.172906
     C    8       -0.240827        0.259788       -0.009313
     C    8       -0.172906       -0.009313        0.258598

     H    9       -0.044752        0.013771       -0.523330
     H    9        0.013771        0.127480       -0.187273
     H    9       -0.523330       -0.187273       -0.082728

     C   10        0.184427       -0.150144       -0.084759
     C   10       -0.150144       -0.113572        0.485180
     C   10       -0.084759        0.485180       -0.070855

     C   11       -0.633422       -0.437219       -0.268232
     C   11       -0.437219        0.253655        0.206482
     C   11       -0.268232        0.206482        0.379767

     Cl  12       -0.010706       -0.022955       -0.063503
     Cl  12       -0.022955        0.091823        0.061765
     Cl  12       -0.063503        0.061765       -0.081116

     H   13        0.447444       -0.105574       -0.084245
     H   13       -0.105574       -0.549110       -0.158826
     H   13       -0.084245       -0.158826        0.101666

     C   14       -0.726074        0.381805       -0.403282
     C   14        0.381805        0.330482       -0.144626
     C   14       -0.403282       -0.144626        0.395592

     H   15       -0.469416       -0.238975        0.263140
     H   15       -0.238975        0.332043       -0.079432
     H   15        0.263140       -0.079432        0.137373

     C   16        0.222564       -0.014030       -0.007162
     C   16       -0.014030       -0.505462       -0.399766
     C   16       -0.007162       -0.399766        0.282897

     C   17       -0.778550        0.434622       -0.345836
     C   17        0.434622        0.317847       -0.046705
     C   17       -0.345836       -0.046705        0.460703

     Cl  18        0.006995       -0.149061       -0.046029
     Cl  18       -0.149061        0.079683        0.073684
     Cl  18       -0.046029        0.073684       -0.086677

     H   19        0.368821       -0.195530        0.043544
     H   19       -0.195530       -0.654337        0.403483
     H   19        0.043544        0.403483        0.285516

     C   20       -0.070143        0.098632       -0.293731
     C   20        0.098632        0.022878        0.456506
     C   20       -0.293731        0.456506        0.047265

     H   21       -0.091011        0.345928       -0.405343
     H   21        0.345928       -0.133853        0.381704
     H   21       -0.405343        0.381704        0.224864

     C   22       -0.755129       -0.333552       -0.311039
     C   22       -0.333552        0.309001        0.069549
     C   22       -0.311039        0.069549        0.446129

     C   23        0.136584       -0.087252       -0.116218
     C   23       -0.087252       -0.062706        0.579937
     C   23       -0.116218        0.579937       -0.073878

     Cl  24       -0.149530       -0.244348        0.001718
     Cl  24       -0.244348        0.033519       -0.006451
     Cl  24        0.001718       -0.006451        0.116011

     ----- ionic term -----
     Cl   1        0.158948       -0.166299       -0.034411
     Cl   1       -0.166299       -0.007291        0.025866
     Cl   1       -0.034411        0.025866       -0.151657

     C    2        0.336931       -0.071460        0.080308
     C    2       -0.071460        0.189884        0.318502
     C    2        0.080308        0.318502       -0.526816

     C    3        0.268564       -0.162966        0.103078
     C    3       -0.162966        0.243401        0.264808
     C    3        0.103078        0.264808       -0.511965

     H    4        0.845462        0.434840        0.327072
     H    4        0.434840       -0.322895        0.158064
     H    4        0.327072        0.158064       -0.522567

     C    5        0.362901       -0.053111        0.162802
     C    5       -0.053111        0.180001        0.228775
     C    5        0.162802        0.228775       -0.542902

     H    6       -0.533114        0.082947        0.028706
     H    6        0.082947        0.915739        0.500005
     H    6        0.028706        0.500005       -0.382625

     H    7       -0.502599        0.125498       -0.142542
     H    7        0.125498        0.148526       -0.773935
     H    7       -0.142542       -0.773935        0.354073

     C    8        0.254219        0.270589        0.201547
     C    8        0.270589       -0.105889       -0.316668
     C    8        0.201547       -0.316668       -0.148330

     H    9        0.534158       -0.388711        0.640506
     H    9       -0.388711       -0.345939       -0.304777
     H    9        0.640506       -0.304777       -0.188220

     C   10        0.153145        0.275255        0.131498
     C   10        0.275255        0.110997       -0.427180
     C   10        0.131498       -0.427180       -0.264142

     C   11        0.183214        0.276787        0.234550
     C   11        0.276787        0.068433       -0.403655
     C   11        0.234550       -0.403655       -0.251647

     Cl  12        0.169528        0.260536        0.018548
     Cl  12        0.260536       -0.004251        0.004610
     Cl  12        0.018548        0.004610       -0.165277

     H   13       -0.503730        0.011779       -0.010153
     H   13        0.011779        0.895244        0.509377
     H   13       -0.010153        0.509377       -0.391514

     C   14        0.437517       -0.144149        0.098111
     C   14       -0.144149        0.134945        0.237908
     C   14        0.098111        0.237908       -0.572462

     H   15        0.766868        0.565471        0.327181
     H   15        0.565471       -0.206424        0.184266
     H   15        0.327181        0.184266       -0.560444

     C   16        0.243031       -0.154849        0.072290
     C   16       -0.154849        0.360255        0.288318
     C   16        0.072290        0.288318       -0.603286

     C   17        0.282050       -0.046174        0.160421
     C   17       -0.046174        0.318476        0.293050
     C   17        0.160421        0.293050       -0.600526

     Cl  18        0.193230       -0.235970        0.013422
     Cl  18       -0.235970       -0.017994       -0.005943
     Cl  18        0.013422       -0.005943       -0.175236

     H   19       -0.506376        0.072616       -0.017653
     H   19        0.072616        0.578549       -0.744502
     H   19       -0.017653       -0.744502       -0.072173

     C   20        0.275980        0.263810        0.278761
     C   20        0.263810        0.019982       -0.274879
     C   20        0.278761       -0.274879       -0.295962

     H   21        0.659230       -0.212868        0.659696
     H   21       -0.212868       -0.498374       -0.203359
     H   21        0.659696       -0.203359       -0.160855

     C   22        0.206144        0.337300        0.193902
     C   22        0.337300        0.052621       -0.331257
     C   22        0.193902       -0.331257       -0.258765

     C   23        0.174777        0.241637        0.266763
     C   23        0.241637        0.000302       -0.364915
     C   23        0.266763       -0.364915       -0.175078

     Cl  24        0.143104        0.184353        0.025818
     Cl  24        0.184353        0.012279        0.008692
     Cl  24        0.025818        0.008692       -0.155382

     ----- GIPAW term -----
     Cl   1       -0.844836        0.456193       -0.309530
     Cl   1        0.456193        1.920501       -0.960918
     Cl   1       -0.309530       -0.960918       -1.075665

     C    2       -0.033050        0.007570        0.004308
     C    2        0.007570        0.177515        0.046925
     C    2        0.004308        0.046925       -0.144465

     C    3       -0.021062       -0.034860        0.008244
     C    3       -0.034860       -0.002543        0.023237
     C    3        0.008244        0.023237        0.023605

     H    4       -0.000000        0.000000        0.000000
     H    4        0.000000        0.000000        0.000000
     H    4        0.000000        0.000000        0.000000

     C    5        0.026682       -0.007984       -0.013889
     C    5       -0.007984        0.019940        0.012949
     C    5       -0.013889        0.012949       -0.046622

     H    6       -0.000000        0.000000        0.000000
     H    6        0.000000        0.000000        0.000000
     H    6        0.000000        0.000000        0.000000

     H    7       -0.000000        0.000000        0.000000
     H    7        0.000000        0.000000        0.000000
     H    7        0.000000        0.000000        0.000000

     C    8       -0.078316       -0.022651       -0.007590
     C    8       -0.022651        0.090817        0.021605
     C    8       -0.007590        0.021605       -0.012501

     H    9       -0.000000        0.000000        0.000000
     H    9        0.000000        0.000000        0.000000
     H    9        0.000000        0.000000        0.000000

     C   10       -0.050587       -0.035875       -0.010181
     C   10       -0.035875        0.144549        0.087234
     C   10       -0.010181        0.087234       -0.093962

     C   11       -0.146643        0.046383       -0.015796
     C   11        0.046383        0.247872        0.069430
     C   11       -0.015796        0.069430       -0.101229

     Cl  12       -0.043071        1.484297       -0.312856
     Cl  12        1.484297        2.359933        1.197663
     Cl  12       -0.312856        1.197663       -2.316862

     H   13       -0.000000        0.000000        0.000000
     H   13        0.000000        0.000000        0.000000
     H   13        0.000000        0.000000        0.000000

     C   14       -0.074168        0.008456       -0.037694
     C   14        0.008456        0.046837        0.051478
     C   14       -0.037694        0.051478        0.027331

     H   15       -0.000000        0.000000        0.000000
     H   15        0.000000        0.000000        0.000000
     H   15        0.000000        0.000000        0.000000

     C   16       -0.031217       -0.039920       -0.006644
     C   16       -0.039920       -0.030167        0.097186
     C   16       -0.006644        0.097186        0.061385

     C   17       -0.159000       -0.077669       -0.061482
     C   17       -0.077669        0.228169        0.124558
     C   17       -0.061482        0.124558       -0.069169

     Cl  18        1.056229       -3.330072       -0.563837
     Cl  18       -3.330072        1.040330        0.799135
     Cl  18       -0.563837        0.799135       -2.096559

     H   19       -0.000000        0.000000        0.000000
     H   19        0.000000        0.000000        0.000000
     H   19        0.000000        0.000000        0.000000

     C   20       -0.094910        0.062540       -0.033194
     C   20        0.062540        0.246899        0.049442
     C   20       -0.033194        0.049442       -0.151988

     H   21       -0.000000        0.000000        0.000000
     H   21        0.000000        0.000000        0.000000
     H   21        0.000000        0.000000        0.000000

     C   22       -0.193748        0.046387       -0.058923
     C   22        0.046387        0.242795       -0.087467
     C   22       -0.058923       -0.087467       -0.049046

     C   23       -0.021656       -0.039793       -0.005595
     C   23       -0.039793        0.192444        0.036050
     C   23       -0.005595        0.036050       -0.170788

     Cl  24       -0.430623       -0.731887        0.220117
     Cl  24       -0.731887        2.366752       -0.769696
     Cl  24        0.220117       -0.769696       -1.936129

     ----- total EFG -----
     Cl   1       -0.791470        0.523575       -0.315298
     Cl   1        0.523575        1.740358       -0.860576
     Cl   1       -0.315298       -0.860576       -0.948889

     C    2        0.504033       -0.018127       -0.074480
     C    2       -0.018127        0.171575       -0.230774
     C    2       -0.074480       -0.230774       -0.675608

     C    3       -0.160720       -0.085394        0.094232
     C    3       -0.085394        0.102029        0.381319
     C    3        0.094232        0.381319        0.058690

     H    4        0.705707        0.032594        0.335659
     H    4        0.032594       -0.517235        0.295255
     H    4        0.335659        0.295255       -0.188472

     C    5        0.596406       -0.176995       -0.085274
     C    5       -0.176995       -0.085851        0.139947
     C    5       -0.085274        0.139947       -0.510555

     H    6       -0.184495        0.019051        0.020101
     H    6        0.019051        0.293827        0.609830
     H    6        0.020101        0.609830       -0.109332

     H    7       -0.147965        0.162546        0.130756
     H    7        0.162546        0.348999       -0.719119
     H    7        0.130756       -0.719119       -0.201034

     C    8       -0.342483        0.007111        0.021051
     C    8        0.007111        0.244716       -0.304377
     C    8        0.021051       -0.304377        0.097768

     H    9        0.489406       -0.374940        0.117176
     H    9       -0.374940       -0.218459       -0.492050
     H    9        0.117176       -0.492050       -0.270948

     C   10        0.286985        0.089236        0.036558
     C   10        0.089236        0.141974        0.145234
     C   10        0.036558        0.145234       -0.428959

     C   11       -0.596851       -0.114049       -0.049479
     C   11       -0.114049        0.569959       -0.127744
     C   11       -0.049479       -0.127744        0.026891

     Cl  12        0.115750        1.721878       -0.357810
     Cl  12        1.721878        2.447505        1.264038
     Cl  12       -0.357810        1.264038       -2.563255

     H   13       -0.056286       -0.093795       -0.094398
     H   13       -0.093795        0.346134        0.350551
     H   13       -0.094398        0.350551       -0.289848

     C   14       -0.362725        0.246111       -0.342864
     C   14        0.246111        0.512263        0.144759
     C   14       -0.342864        0.144759       -0.149539

     H   15        0.297451        0.326496        0.590321
     H   15        0.326496        0.125619        0.104834
     H   15        0.590321        0.104834       -0.423071

     C   16        0.434378       -0.208799        0.058484
     C   16       -0.208799       -0.175374       -0.014262
     C   16        0.058484       -0.014262       -0.259004

     C   17       -0.655499        0.310778       -0.246897
     C   17        0.310778        0.864491        0.370903
     C   17       -0.246897        0.370903       -0.208992

     Cl  18        1.256454       -3.715104       -0.596443
     Cl  18       -3.715104        1.102018        0.866876
     Cl  18       -0.596443        0.866876       -2.358472

     H   19       -0.137555       -0.122914        0.025890
     H   19       -0.122914       -0.075789       -0.341018
     H   19        0.025890       -0.341018        0.213343

     C   20        0.110927        0.424982       -0.048163
     C   20        0.424982        0.289759        0.231069
     C   20       -0.048163        0.231069       -0.400686

     H   21        0.568219        0.133061        0.254353
     H   21        0.133061       -0.632228        0.178345
     H   21        0.254353        0.178345        0.064009

     C   22       -0.742733        0.050135       -0.176060
     C   22        0.050135        0.604416       -0.349175
     C   22       -0.176060       -0.349175        0.138317

     C   23        0.289704        0.114591        0.144950
     C   23        0.114591        0.130039        0.251072
     C   23        0.144950        0.251072       -0.419744

     Cl  24       -0.437049       -0.791882        0.247653
     Cl  24       -0.791882        2.412549       -0.767455
     Cl  24        0.247653       -0.767455       -1.975500

     ----- total EFG (symmetrized) -----
     Cl   1       -0.791470        0.523575       -0.315298
     Cl   1        0.523575        1.740358       -0.860576
     Cl   1       -0.315298       -0.860576       -0.948889

     C    2        0.504033       -0.018127       -0.074480
     C    2       -0.018127        0.171575       -0.230774
     C    2       -0.074480       -0.230774       -0.675608

     C    3       -0.160720       -0.085394        0.094232
     C    3       -0.085394        0.102029        0.381319
     C    3        0.094232        0.381319        0.058690

     H    4        0.705707        0.032594        0.335659
     H    4        0.032594       -0.517235        0.295255
     H    4        0.335659        0.295255       -0.188472

     C    5        0.596406       -0.176995       -0.085274
     C    5       -0.176995       -0.085851        0.139947
     C    5       -0.085274        0.139947       -0.510555

     H    6       -0.184495        0.019051        0.020101
     H    6        0.019051        0.293827        0.609830
     H    6        0.020101        0.609830       -0.109332

     H    7       -0.147965        0.162546        0.130756
     H    7        0.162546        0.348999       -0.719119
     H    7        0.130756       -0.719119       -0.201034

     C    8       -0.342483        0.007111        0.021051
     C    8        0.007111        0.244716       -0.304377
     C    8        0.021051       -0.304377        0.097768

     H    9        0.489406       -0.374940        0.117176
     H    9       -0.374940       -0.218459       -0.492050
     H    9        0.117176       -0.492050       -0.270948

     C   10        0.286985        0.089236        0.036558
     C   10        0.089236        0.141974        0.145234
     C   10        0.036558        0.145234       -0.428959

     C   11       -0.596851       -0.114049       -0.049479
     C   11       -0.114049        0.569959       -0.127744
     C   11       -0.049479       -0.127744        0.026891

     Cl  12        0.115750        1.721878       -0.357810
     Cl  12        1.721878        2.447505        1.264038
     Cl  12       -0.357810        1.264038       -2.563255

     H   13       -0.056286       -0.093795       -0.094398
     H   13       -0.093795        0.346134        0.350551
     H   13       -0.094398        0.350551       -0.289848

     C   14       -0.362725        0.246111       -0.342864
     C   14        0.246111        0.512263        0.144759
     C   14       -0.342864        0.144759       -0.149539

     H   15        0.297451        0.326496        0.590321
     H   15        0.326496        0.125619        0.104834
     H   15        0.590321        0.104834       -0.423071

     C   16        0.434378       -0.208799        0.058484
     C   16       -0.208799       -0.175374       -0.014262
     C   16        0.058484       -0.014262       -0.259004

     C   17       -0.655499        0.310778       -0.246897
     C   17        0.310778        0.864491        0.370903
     C   17       -0.246897        0.370903       -0.208992

     Cl  18        1.256454       -3.715104       -0.596443
     Cl  18       -3.715104        1.102018        0.866876
     Cl  18       -0.596443        0.866876       -2.358472

     H   19       -0.137555       -0.122914        0.025890
     H   19       -0.122914       -0.075789       -0.341018
     H   19        0.025890       -0.341018        0.213343

     C   20        0.110927        0.424982       -0.048163
     C   20        0.424982        0.289759        0.231069
     C   20       -0.048163        0.231069       -0.400686

     H   21        0.568219        0.133061        0.254353
     H   21        0.133061       -0.632228        0.178345
     H   21        0.254353        0.178345        0.064009

     C   22       -0.742733        0.050135       -0.176060
     C   22        0.050135        0.604416       -0.349175
     C   22       -0.176060       -0.349175        0.138317

     C   23        0.289704        0.114591        0.144950
     C   23        0.114591        0.130039        0.251072
     C   23        0.144950        0.251072       -0.419744

     Cl  24       -0.437049       -0.791882        0.247653
     Cl  24       -0.791882        2.412549       -0.767455
     Cl  24        0.247653       -0.767455       -1.975500


     NQR/NMR SPECTROSCOPIC PARAMETERS:
     Cl   1    Vxx=   -0.8463    axis=(  0.899473 -0.290634 -0.326314)
     Cl   1    Vyy=   -1.2665    axis=(  0.388573  0.190364  0.901539)
     Cl   1    Vzz=    2.1128    axis=( -0.199900 -0.937707  0.284159)
     Cl   1  Q=        -8.1650 1e-30 m^2  Cq=       -40.5322 MHz  eta= 0.19891

     C    2    Vxx=    0.2304    axis=( -0.002926  0.969109 -0.246617)
     C    2    Vyy=    0.5088    axis=(  0.998100 -0.012347 -0.060360)
     C    2    Vzz=   -0.7391    axis=(  0.061541  0.246325  0.967231)
     C    2  Q=         1.0000 1e-30 m^2  Cq=        -1.7366 MHz  eta= 0.37667

     C    3    Vxx=   -0.0858    axis=( -0.861539  0.351667 -0.366170)
     C    3    Vyy=   -0.3765    axis=( -0.507672 -0.590510  0.627349)
     C    3    Vzz=    0.4623    axis=(  0.004391  0.726380  0.687279)
     C    3  Q=         1.0000 1e-30 m^2  Cq=         1.0862 MHz  eta= 0.62876

     H    4    Vxx=   -0.1232    axis=( -0.332448  0.547748  0.767757)
     H    4    Vyy=   -0.7066    axis=(  0.110379  0.831062 -0.545117)
     H    4    Vzz=    0.8297    axis=(  0.936640  0.096479  0.336744)
     H    4  Q=         1.0000 1e-30 m^2  Cq=         1.9496 MHz  eta= 0.70311

     C    5    Vxx=   -0.0979    axis=(  0.268338  0.927792  0.259224)
     C    5    Vyy=   -0.5534    axis=( -0.028650  0.276660 -0.960541)
     C    5    Vzz=    0.6513    axis=( -0.962899  0.250323  0.100819)
     C    5  Q=         1.0000 1e-30 m^2  Cq=         1.5304 MHz  eta= 0.69927

     H    6    Vxx=   -0.1852    axis=( -0.999464  0.032207  0.005922)
     H    6    Vyy=   -0.5501    axis=( -0.014062 -0.585427  0.810603)
     H    6    Vzz=    0.7353    axis=( -0.029574 -0.810085 -0.585566)
     H    6  Q=         1.0000 1e-30 m^2  Cq=         1.7277 MHz  eta= 0.49621

     H    7    Vxx=   -0.0863    axis=(  0.948473  0.126072  0.290699)
     H    7    Vyy=   -0.7613    axis=( -0.310829  0.548333  0.776348)
     H    7    Vzz=    0.8476    axis=( -0.061524 -0.826703  0.559265)
     H    7  Q=         1.0000 1e-30 m^2  Cq=         1.9915 MHz  eta= 0.79640

     C    8    Vxx=   -0.1397    axis=(  0.102673  0.616298  0.780792)
     C    8    Vyy=   -0.3447    axis=( -0.994674  0.056509  0.086194)
     C    8    Vzz=    0.4844    axis=(  0.008999 -0.785483  0.618818)
     C    8  Q=         1.0000 1e-30 m^2  Cq=         1.1382 MHz  eta= 0.42317

     H    9    Vxx=    0.0090    axis=(  0.556327  0.507054 -0.658329)
     H    9    Vyy=    0.7549    axis=( -0.817125  0.477798 -0.322514)
     H    9    Vzz=   -0.7639    axis=(  0.151016  0.717360  0.680139)
     H    9  Q=         1.0000 1e-30 m^2  Cq=        -1.7949 MHz  eta= 0.97640

     C   10    Vxx=    0.1219    axis=(  0.499078 -0.845516 -0.189798)
     C   10    Vyy=    0.3422    axis=( -0.866326 -0.481774 -0.131808)
     C   10    Vzz=   -0.4641    axis=( -0.020007 -0.230210  0.972935)
     C   10  Q=         1.0000 1e-30 m^2  Cq=        -1.0904 MHz  eta= 0.47464

     C   11    Vxx=    0.0070    axis=( -0.117001  0.197156  0.973365)
     C   11    Vyy=    0.6070    axis=(  0.083809 -0.974641  0.207488)
     C   11    Vzz=   -0.6139    axis=(  0.989589  0.105853  0.097510)
     C   11  Q=         1.0000 1e-30 m^2  Cq=        -1.4425 MHz  eta= 0.97731

     Cl  12    Vxx=   -0.4470    axis=(  0.862660 -0.356494 -0.358789)
     Cl  12    Vyy=   -3.0671    axis=( -0.261653  0.292526 -0.919764)
     Cl  12    Vzz=    3.5141    axis=(  0.432845  0.887322  0.159072)
     Cl  12  Q=        -8.1650 1e-30 m^2  Cq=       -67.4155 MHz  eta= 0.74559

     H   13    Vxx=   -0.0766    axis=(  0.969822  0.241711 -0.031960)
     H   13    Vyy=   -0.4513    axis=( -0.126480  0.386690 -0.913495)
     H   13    Vzz=    0.5279    axis=( -0.208444  0.889970  0.405592)
     H   13  Q=         1.0000 1e-30 m^2  Cq=         1.2403 MHz  eta= 0.70995

     C   14    Vxx=    0.1013    axis=( -0.573985  0.055970  0.816951)
     C   14    Vyy=    0.5815    axis=( -0.220952 -0.971243 -0.088699)
     C   14    Vzz=   -0.6827    axis=(  0.788493 -0.231419  0.569846)
     C   14  Q=         1.0000 1e-30 m^2  Cq=        -1.6042 MHz  eta= 0.70333

     H   15    Vxx=   -0.0374    axis=(  0.349826 -0.889614  0.293614)
     H   15    Vyy=   -0.7602    axis=(  0.505423 -0.084665 -0.858708)
     H   15    Vzz=    0.7976    axis=(  0.788777  0.448797  0.420014)
     H   15  Q=         1.0000 1e-30 m^2  Cq=         1.8739 MHz  eta= 0.90629

     C   16    Vxx=   -0.2395    axis=(  0.280890  0.948151  0.148696)
     C   16    Vyy=   -0.2643    axis=( -0.118248 -0.119563  0.985760)
     C   16    Vzz=    0.5038    axis=(  0.952427 -0.294473  0.078533)
     C   16  Q=         1.0000 1e-30 m^2  Cq=         1.1836 MHz  eta= 0.04928

     C   17    Vxx=   -0.1343    axis=( -0.499222 -0.160841  0.851415)
     C   17    Vyy=   -0.8773    axis=( -0.855217  0.249345 -0.454347)
     C   17    Vzz=    1.0116    axis=(  0.139219  0.954965  0.262032)
     C   17  Q=         1.0000 1e-30 m^2  Cq=         2.3768 MHz  eta= 0.73449

     Cl  18    Vxx=   -2.3189    axis=(  0.547834  0.410175  0.729132)
     Cl  18    Vyy=   -2.7205    axis=( -0.450454 -0.589802  0.670243)
     Cl  18    Vzz=    5.0394    axis=( -0.704960  0.695623  0.138349)
     Cl  18  Q=        -8.1650 1e-30 m^2  Cq=       -96.6784 MHz  eta= 0.07967

     H   19    Vxx=   -0.1112    axis=( -0.897671  0.266144  0.351219)
     H   19    Vyy=   -0.3417    axis=( -0.413495 -0.784265 -0.462547)
     H   19    Vzz=    0.4530    axis=(  0.152345 -0.560442  0.814061)
     H   19  Q=         1.0000 1e-30 m^2  Cq=         1.0643 MHz  eta= 0.50882

     C   20    Vxx=   -0.1244    axis=( -0.726084  0.459920  0.511151)
     C   20    Vyy=   -0.5321    axis=(  0.335616 -0.411767  0.847236)
     C   20    Vzz=    0.6564    axis=(  0.600136  0.786716  0.144621)
     C   20  Q=         1.0000 1e-30 m^2  Cq=         1.5423 MHz  eta= 0.62110

     H   21    Vxx=   -0.0226    axis=( -0.421566  0.168635  0.890979)
     H   21    Vyy=   -0.6795    axis=( -0.060530  0.975131 -0.213202)
     H   21    Vzz=    0.7021    axis=( -0.904775 -0.143810 -0.400875)
     H   21  Q=         1.0000 1e-30 m^2  Cq=         1.6496 MHz  eta= 0.93567

     C   22    Vxx=   -0.0250    axis=( -0.175580  0.488259  0.854854)
     C   22    Vyy=   -0.7768    axis=( -0.980944 -0.013394 -0.193827)
     C   22    Vzz=    0.8018    axis=( -0.083188 -0.872596  0.481306)
     C   22  Q=         1.0000 1e-30 m^2  Cq=         1.8839 MHz  eta= 0.93775

     C   23    Vxx=    0.1019    axis=(  0.616424 -0.762680 -0.195805)
     C   23    Vyy=    0.4265    axis=(  0.778439  0.552816  0.297367)
     C   23    Vzz=   -0.5283    axis=( -0.118552 -0.335727  0.934469)
     C   23  Q=         1.0000 1e-30 m^2  Cq=        -1.2414 MHz  eta= 0.61433

     Cl  24    Vxx=   -0.6409    axis=(  0.965616  0.258150  0.030735)
     Cl  24    Vyy=   -2.1140    axis=(  0.072628 -0.154355 -0.985342)
     Cl  24    Vzz=    2.7548    axis=( -0.249622  0.953694 -0.167797)
     Cl  24  Q=        -8.1650 1e-30 m^2  Cq=       -52.8503 MHz  eta= 0.53473

     Initialization:
     gipaw_setup  :      9.38s CPU     11.13s WALL (       1 calls)

     Linear response

     Apply operators

     Induced current

     Other routines
     efg          :      9.58s CPU     13.02s WALL (       1 calls)

     General routines
     calbec       :      3.41s CPU      4.96s WALL (      16 calls)
     fft          :      1.54s CPU      2.35s WALL (      15 calls)
     ffts         :      0.04s CPU      0.04s WALL (       2 calls)
     fftw         :      3.48s CPU      4.73s WALL (     672 calls)
     davcio       :      0.03s CPU      0.30s WALL (      32 calls)

     Parallel routines
     fft_scatter  :      2.44s CPU      4.27s WALL (     689 calls)

     Plugins

     GIPAW        :     61.91s CPU     79.65s WALL (       1 calls)
