
     Program QE v.6.0 (svn rev. 13079) starts on 20Dec2016 at 22:27: 7 

     This program is part of the open-source Quantum ESPRESSO suite
     for quantum simulation of materials; please cite
         "P. Giannozzi et al., J. Phys.:Condens. Matter 21 395502 (2009);
          URL http://www.quantum-espresso.org", 
     in publications or presentations arising from this work. More details at
     http://www.quantum-espresso.org/quote

     Parallel version (MPI), running on     8 processors
     R & G space division:  proc/nbgrp/npool/nimage =       8

     ***** This is GIPAW svn revision unknown      *****

     Parallelizing q-star over 1 images

     Reading data from directory:
     /users/majewski/paradichlorobenzene/pbe/9_constraint/scratch/pbe.ecut100.np8.dt60.pcl2phi-129368.save
     Message from routine read_xml_file:
     file /users/majewski/paradichlorobenzene/pbe/9_constraint/scratch/pbe.ecut100.np8.dt60.pcl2phi-129368.save not guaranteed to be safe for post-processing

   Info: using nr1, nr2, nr3 values from input

   Info: using nr1, nr2, nr3 values from input

     IMPORTANT: XC functional enforced from input :
     Exchange-correlation      =  SLA  PW   PBX  PBC ( 1  4  3  4 0 0)
     Any further DFT definition will be discarded
     Please, verify this is what you really want

               file C.pbe-n-kjpaw_psl.1.0.0.UPF: wavefunction(s)  2S 2P renormalized
               file Cl.pbe-n-kjpaw_psl.1.0.0.UPF: wavefunction(s)  3S 3P renormalized
               file H.pbe-kjpaw_psl.1.0.0.UPF: wavefunction(s)  1S renormalized

     Parallelization info
     --------------------
     sticks:   dense  smooth     PW     G-vecs:    dense   smooth      PW
     Min        3057    1223    332               144436    36536    5170
     Max        3059    1225    333               144437    36537    5171
     Sum       24467    9791   2657              1155489   292295   41363


     Subspace diagonalization in iterative solution of the eigenvalue problem:
     a serial algorithm will be used

     GIPAW projectors -----------------------------------------------
     atom=  C    l=0  rc=    1.2000  rs=    0.8000
     atom=  C    l=0  rc=    1.2000  rs=    0.8000
     atom=  C    l=1  rc=    1.4000  rs=    0.9333
     atom=  C    l=1  rc=    1.4000  rs=    0.9333
     projs nearly linearly dependent: l=1  n1,n2= 1, 2  s=  0.99951561

     atom=  Cl   l=0  rc=    1.6000  rs=    1.0667
     atom=  Cl   l=0  rc=    1.6000  rs=    1.0667
     atom=  Cl   l=1  rc=    1.6000  rs=    1.0667
     atom=  Cl   l=1  rc=    1.6000  rs=    1.0667
     atom=  Cl   l=2  rc=    1.6000  rs=    1.0667
     atom=  Cl   l=2  rc=    1.6000  rs=    1.0667
     projs nearly linearly dependent: l=2  n1,n2= 1, 2  s=  0.99993509

     atom=  H    l=0  rc=    1.0000  rs=    0.6667
     atom=  H    l=0  rc=    1.0000  rs=    0.6667
     projs nearly linearly dependent: l=0  n1,n2= 1, 2  s=  0.99968852
     -----------------------------------------------------------------

     GIPAW integrals: -------------------------------------------
     Atom  i/j   nmr_para   nmr_dia   epr_rmc  epr_para   epr_dia
       C   1 1   0.83E+03  0.17E-01  0.93E+01  0.24E+08  0.24E+03
       C   2 1   0.86E+03 -0.61E-01  0.94E+01  0.25E+08  0.25E+03
       C   2 2   0.90E+03 -0.15E+00  0.97E+01  0.26E+08  0.26E+03
       C   3 3   0.33E+01  0.34E+00  0.18E+01  0.55E+03  0.21E+02
       C   4 3   0.35E+01  0.37E+00  0.20E+01  0.59E+03  0.22E+02
       C   4 4   0.38E+01  0.39E+00  0.22E+01  0.63E+03  0.24E+02
       Cl  1 1   0.14E+04 -0.47E+00  0.84E+01  0.32E+09  0.42E+03
       Cl  2 1   0.21E+04 -0.37E+00  0.12E+02  0.49E+09  0.65E+03
       Cl  2 2   0.33E+04 -0.16E+00  0.21E+02  0.76E+09  0.10E+04
       Cl  3 3   0.21E+02  0.79E-01  0.89E+01  0.23E+05  0.13E+03
       Cl  4 3   0.24E+02  0.67E-01  0.99E+01  0.27E+05  0.15E+03
       Cl  4 4   0.28E+02  0.44E-01  0.11E+02  0.32E+05  0.18E+03
       Cl  5 5   0.77E+00  0.19E+00  0.18E+01  0.12E+03  0.22E+02
       Cl  6 5   0.80E+00  0.19E+00  0.19E+01  0.12E+03  0.23E+02
       Cl  6 6   0.83E+00  0.20E+00  0.19E+01  0.12E+03  0.23E+02
       H   1 1   0.39E+02  0.19E+00  0.29E+00  0.78E+05  0.13E+02
       H   2 1   0.41E+02  0.21E+00  0.32E+00  0.82E+05  0.14E+02
       H   2 2   0.43E+02  0.22E+00  0.36E+00  0.86E+05  0.15E+02
     ------------------------------------------------------------

     alpha_pv=     33.9598 eV

     Number of occupied bands for each k-point:
     k-point:     1    nbnd_occ=  42
     k-point:     2    nbnd_occ=  42
     k-point:     3    nbnd_occ=  42
     k-point:     4    nbnd_occ=  42
     k-point:     5    nbnd_occ=  42
     k-point:     6    nbnd_occ=  42
     k-point:     7    nbnd_occ=  42
     k-point:     8    nbnd_occ=  42
     k-point:     9    nbnd_occ=  42
     k-point:    10    nbnd_occ=  42
     k-point:    11    nbnd_occ=  42
     k-point:    12    nbnd_occ=  42
     k-point:    13    nbnd_occ=  42
     k-point:    14    nbnd_occ=  42
     k-point:    15    nbnd_occ=  42
     k-point:    16    nbnd_occ=  42


     q-space interpolation up to   110.00 Rydberg

     GIPAW job: efg                                                                             


     ELECTRIC FIELD GRADIENTS TENSORS IN Hartree/bohrradius^2:

     ----- bare term -----
     Cl   1       -0.209524        0.267693        0.021872
     Cl   1        0.267693       -0.031517        0.014182
     Cl   1        0.021872        0.014182        0.241042

     C    2        0.020099       -0.258805       -0.473192
     C    2       -0.258805       -0.263218       -0.486068
     C    2       -0.473192       -0.486068        0.243119

     C    3       -0.549346        0.292818       -0.353791
     C    3        0.292818       -0.032554       -0.135089
     C    3       -0.353791       -0.135089        0.581900

     H    4        0.076713       -0.125048       -0.404555
     H    4       -0.125048        0.491926       -0.186922
     H    4       -0.404555       -0.186922       -0.568638

     C    5       -0.076105        0.371258       -0.025037
     C    5        0.371258       -0.353403       -0.294759
     C    5       -0.025037       -0.294759        0.429508

     H    6        0.433880       -0.155542       -0.149479
     H    6       -0.155542       -0.274732       -0.636747
     H    6       -0.149479       -0.636747       -0.159148

     H    7        0.206462       -0.040949       -0.266287
     H    7       -0.040949       -0.333655        0.500679
     H    7       -0.266287        0.500679        0.127193

     C    8       -0.669264       -0.355899       -0.256984
     C    8       -0.355899        0.375437        0.285296
     C    8       -0.256984        0.285296        0.293827

     H    9       -0.511908       -0.011104       -0.287318
     H    9       -0.011104        0.250210        0.338425
     H    9       -0.287318        0.338425        0.261699

     C   10        0.067952       -0.173672       -0.132043
     C   10       -0.173672       -0.149424        0.565041
     C   10       -0.132043        0.565041        0.081472

     C   11       -0.578090       -0.417020       -0.416373
     C   11       -0.417020        0.334720        0.185342
     C   11       -0.416373        0.185342        0.243369

     Cl  12       -0.084799       -0.028666        0.066934
     Cl  12       -0.028666       -0.009995       -0.154519
     Cl  12        0.066934       -0.154519        0.094794

     H   13        0.364393        0.162563       -0.326424
     H   13        0.162563       -0.182655       -0.330108
     H   13       -0.326424       -0.330108       -0.181737

     C   14       -0.878838        0.352942       -0.348171
     C   14        0.352942        0.443428       -0.076153
     C   14       -0.348171       -0.076153        0.435410

     H   15        0.043020        0.155992       -0.463742
     H   15        0.155992       -0.088425        0.170554
     H   15       -0.463742        0.170554        0.045405

     C   16        0.361009        0.090941       -0.093308
     C   16        0.090941       -0.311863       -0.510310
     C   16       -0.093308       -0.510310       -0.049147

     C   17       -0.592195        0.425137       -0.413787
     C   17        0.425137        0.197986       -0.029956
     C   17       -0.413787       -0.029956        0.394209

     Cl  18        0.160946        0.034764       -0.040406
     Cl  18        0.034764       -0.251744        0.059404
     Cl  18       -0.040406        0.059404        0.090798

     H   19        0.230034        0.464928        0.052117
     H   19        0.464928       -0.609129        0.076052
     H   19        0.052117        0.076052        0.379095

     C   20       -0.018608       -0.186905       -0.051826
     C   20       -0.186905       -0.180544        0.269472
     C   20       -0.051826        0.269472        0.199152

     H   21       -0.212079        0.464515        0.008317
     H   21        0.464515       -0.125350       -0.127175
     H   21        0.008317       -0.127175        0.337429

     C   22       -0.188087       -0.067162       -0.031798
     C   22       -0.067162       -0.026194        0.075673
     C   22       -0.031798        0.075673        0.214281

     C   23       -0.074105       -0.031975       -0.100025
     C   23       -0.031975       -0.001903        0.400093
     C   23       -0.100025        0.400093        0.076008

     Cl  24       -0.140293       -0.062692       -0.073938
     Cl  24       -0.062692       -0.066471        0.122799
     Cl  24       -0.073938        0.122799        0.206763

     ----- ionic term -----
     Cl   1        0.026208       -0.206040        0.009517
     Cl   1       -0.206040        0.135436       -0.007921
     Cl   1        0.009517       -0.007921       -0.161645

     C    2        0.047456       -0.257771        0.361546
     C    2       -0.257771        0.174782        0.363994
     C    2        0.361546        0.363994       -0.222238

     C    3        0.027077       -0.281078        0.266905
     C    3       -0.281078        0.207871        0.377580
     C    3        0.266905        0.377580       -0.234948

     H    4        0.472312        0.200326        0.792403
     H    4        0.200326       -0.491144        0.213850
     H    4        0.792403        0.213850        0.018833

     C    5        0.167115       -0.309906        0.333056
     C    5       -0.309906        0.090502        0.243409
     C    5        0.333056        0.243409       -0.257617

     H    6       -0.546822        0.069766        0.037275
     H    6        0.069766        0.573011        0.741745
     H    6        0.037275        0.741745       -0.026189

     H    7       -0.430605       -0.336633        0.158287
     H    7       -0.336633        0.751622       -0.575804
     H    7        0.158287       -0.575804       -0.321017

     C    8        0.346952        0.076311        0.178693
     C    8        0.076311        0.068315       -0.295650
     C    8        0.178693       -0.295650       -0.415267

     H    9        0.694961       -0.443156        0.513711
     H    9       -0.443156       -0.315429       -0.258257
     H    9        0.513711       -0.258257       -0.379532

     C   10        0.119721        0.139976        0.082820
     C   10        0.139976        0.263639       -0.460477
     C   10        0.082820       -0.460477       -0.383360

     C   11        0.242250        0.128116        0.117917
     C   11        0.128116        0.150295       -0.442543
     C   11        0.117917       -0.442543       -0.392545

     Cl  12        0.158008        0.207656       -0.044713
     Cl  12        0.207656       -0.034841       -0.037610
     Cl  12       -0.044713       -0.037610       -0.123167

     H   13       -0.490580        0.165625        0.189578
     H   13        0.165625        0.334677        0.768964
     H   13        0.189578        0.768964        0.155903

     C   14        0.192083       -0.248722        0.402816
     C   14       -0.248722        0.010111        0.249085
     C   14        0.402816        0.249085       -0.202194

     H   15        0.460502        0.177415        0.758421
     H   15        0.177415       -0.448639        0.209978
     H   15        0.758421        0.209978       -0.011863

     C   16        0.004396       -0.253026        0.272712
     C   16       -0.253026        0.209130        0.390571
     C   16        0.272712        0.390571       -0.213526

     C   17        0.115800       -0.209464        0.377447
     C   17       -0.209464        0.060417        0.360994
     C   17        0.377447        0.360994       -0.176217

     Cl  18        0.127006       -0.197642        0.024073
     Cl  18       -0.197642        0.014976       -0.008618
     Cl  18        0.024073       -0.008618       -0.141982

     H   19       -0.493301       -0.159069        0.076785
     H   19       -0.159069        0.616119       -0.710604
     H   19        0.076785       -0.710604       -0.122818

     C   20        0.333277        0.127298        0.147195
     C   20        0.127298        0.053422       -0.316173
     C   20        0.147195       -0.316173       -0.386699

     H   21        0.573526       -0.474636        0.540434
     H   21       -0.474636       -0.259158       -0.300043
     H   21        0.540434       -0.300043       -0.314368

     C   22        0.152484        0.131432        0.120864
     C   22        0.131432        0.208757       -0.414832
     C   22        0.120864       -0.414832       -0.361241

     C   23        0.227387        0.108419        0.230639
     C   23        0.108419        0.154228       -0.340683
     C   23        0.230639       -0.340683       -0.381615

     Cl  24        0.083443        0.171793        0.012280
     Cl  24        0.171793        0.068680        0.004819
     Cl  24        0.012280        0.004819       -0.152123

     ----- GIPAW term -----
     Cl   1        1.778287        1.008425       -1.347615
     Cl   1        1.008425       -0.749217       -0.679312
     Cl   1       -1.347615       -0.679312       -1.029070

     C    2        0.032372       -0.234067       -0.154031
     C    2       -0.234067       -0.025516        0.057366
     C    2       -0.154031        0.057366       -0.006856

     C    3       -0.218450        0.010686       -0.119796
     C    3        0.010686       -0.067422        0.085594
     C    3       -0.119796        0.085594        0.285872

     H    4       -0.000000        0.000000        0.000000
     H    4        0.000000        0.000000        0.000000
     H    4        0.000000        0.000000        0.000000

     C    5       -0.061682        0.142069        0.101306
     C    5        0.142069       -0.051033        0.116227
     C    5        0.101306        0.116227        0.112716

     H    6       -0.000000        0.000000        0.000000
     H    6        0.000000        0.000000        0.000000
     H    6        0.000000        0.000000        0.000000

     H    7       -0.000000        0.000000        0.000000
     H    7        0.000000        0.000000        0.000000
     H    7        0.000000        0.000000        0.000000

     C    8       -0.198155       -0.071386       -0.034589
     C    8       -0.071386        0.222991        0.155374
     C    8       -0.034589        0.155374       -0.024836

     H    9       -0.000000        0.000000        0.000000
     H    9        0.000000        0.000000        0.000000
     H    9        0.000000        0.000000        0.000000

     C   10       -0.116497       -0.023850        0.000572
     C   10       -0.023850        0.251683       -0.043186
     C   10        0.000572       -0.043186       -0.135186

     C   11       -0.130005       -0.087215       -0.055847
     C   11       -0.087215        0.281229        0.020985
     C   11       -0.055847        0.020985       -0.151224

     Cl  12       -0.033408        1.432910        0.598613
     Cl  12        1.432910        0.097413       -1.911926
     Cl  12        0.598613       -1.911926       -0.064004

     H   13       -0.000000        0.000000        0.000000
     H   13        0.000000        0.000000        0.000000
     H   13        0.000000        0.000000        0.000000

     C   14       -0.197850       -0.052826       -0.035828
     C   14       -0.052826        0.270878        0.065470
     C   14       -0.035828        0.065470       -0.073028

     H   15       -0.000000        0.000000        0.000000
     H   15        0.000000        0.000000        0.000000
     H   15        0.000000        0.000000        0.000000

     C   16       -0.011694        0.003420        0.006328
     C   16        0.003420        0.103192        0.028351
     C   16        0.006328        0.028351       -0.091498

     C   17       -0.062654        0.086831       -0.015396
     C   17        0.086831        0.124119        0.051371
     C   17       -0.015396        0.051371       -0.061466

     Cl  18       -0.015125       -0.343154       -0.286877
     Cl  18       -0.343154        1.993522       -0.596069
     Cl  18       -0.286877       -0.596069       -1.978397

     H   19       -0.000000        0.000000        0.000000
     H   19        0.000000        0.000000        0.000000
     H   19        0.000000        0.000000        0.000000

     C   20       -0.003906       -0.108436       -0.026387
     C   20       -0.108436        0.059696        0.100917
     C   20       -0.026387        0.100917       -0.055790

     H   21       -0.000000        0.000000        0.000000
     H   21        0.000000        0.000000        0.000000
     H   21        0.000000        0.000000        0.000000

     C   22       -0.030258       -0.033292       -0.039068
     C   22       -0.033292        0.025004        0.040901
     C   22       -0.039068        0.040901        0.005254

     C   23       -0.024183       -0.006792       -0.054127
     C   23       -0.006792        0.023400        0.118736
     C   23       -0.054127        0.118736        0.000782

     Cl  24        0.049320        1.587496       -0.822855
     Cl  24        1.587496       -0.682214        1.209466
     Cl  24       -0.822855        1.209466        0.632893

     ----- total EFG -----
     Cl   1        1.594971        1.070078       -1.316225
     Cl   1        1.070078       -0.645298       -0.673051
     Cl   1       -1.316225       -0.673051       -0.949673

     C    2        0.099927       -0.750643       -0.265678
     C    2       -0.750643       -0.113952       -0.064708
     C    2       -0.265678       -0.064708        0.014025

     C    3       -0.740719        0.022426       -0.206682
     C    3        0.022426        0.107895        0.328085
     C    3       -0.206682        0.328085        0.632824

     H    4        0.549025        0.075277        0.387848
     H    4        0.075277        0.000781        0.026928
     H    4        0.387848        0.026928       -0.549806

     C    5        0.029327        0.203421        0.409325
     C    5        0.203421       -0.313934        0.064877
     C    5        0.409325        0.064877        0.284607

     H    6       -0.112942       -0.085775       -0.112205
     H    6       -0.085775        0.298279        0.104998
     H    6       -0.112205        0.104998       -0.185337

     H    7       -0.224143       -0.377583       -0.108000
     H    7       -0.377583        0.417967       -0.075125
     H    7       -0.108000       -0.075125       -0.193824

     C    8       -0.520467       -0.350973       -0.112879
     C    8       -0.350973        0.666744        0.145020
     C    8       -0.112879        0.145020       -0.146276

     H    9        0.183052       -0.454260        0.226393
     H    9       -0.454260       -0.065219        0.080167
     H    9        0.226393        0.080167       -0.117833

     C   10        0.071176       -0.057547       -0.048651
     C   10       -0.057547        0.365898        0.061378
     C   10       -0.048651        0.061378       -0.437074

     C   11       -0.465845       -0.376119       -0.354302
     C   11       -0.376119        0.766244       -0.236215
     C   11       -0.354302       -0.236215       -0.300399

     Cl  12        0.039800        1.611900        0.620834
     Cl  12        1.611900        0.052577       -2.104055
     Cl  12        0.620834       -2.104055       -0.092377

     H   13       -0.126187        0.328187       -0.136846
     H   13        0.328187        0.152022        0.438857
     H   13       -0.136846        0.438857       -0.025835

     C   14       -0.884605        0.051394        0.018817
     C   14        0.051394        0.724416        0.238402
     C   14        0.018817        0.238402        0.160189

     H   15        0.503522        0.333407        0.294679
     H   15        0.333407       -0.537064        0.380533
     H   15        0.294679        0.380533        0.033542

     C   16        0.353711       -0.158666        0.185732
     C   16       -0.158666        0.000460       -0.091387
     C   16        0.185732       -0.091387       -0.354171

     C   17       -0.539049        0.302504       -0.051736
     C   17        0.302504        0.382522        0.382410
     C   17       -0.051736        0.382410        0.156527

     Cl  18        0.272827       -0.506032       -0.303210
     Cl  18       -0.506032        1.756754       -0.545283
     Cl  18       -0.303210       -0.545283       -2.029582

     H   19       -0.263266        0.305860        0.128902
     H   19        0.305860        0.006990       -0.634552
     H   19        0.128902       -0.634552        0.256277

     C   20        0.310762       -0.168043        0.068982
     C   20       -0.168043       -0.067426        0.054216
     C   20        0.068982        0.054216       -0.243337

     H   21        0.361447       -0.010121        0.548751
     H   21       -0.010121       -0.384508       -0.427218
     H   21        0.548751       -0.427218        0.023061

     C   22       -0.065861        0.030977        0.049998
     C   22        0.030977        0.207567       -0.298258
     C   22        0.049998       -0.298258       -0.141706

     C   23        0.129100        0.069652        0.076486
     C   23        0.069652        0.175726        0.178147
     C   23        0.076486        0.178147       -0.304825

     Cl  24       -0.007529        1.696597       -0.884513
     Cl  24        1.696597       -0.680005        1.337085
     Cl  24       -0.884513        1.337085        0.687534

     ----- total EFG (symmetrized) -----
     Cl   1        1.594971        1.070078       -1.316225
     Cl   1        1.070078       -0.645298       -0.673051
     Cl   1       -1.316225       -0.673051       -0.949673

     C    2        0.099927       -0.750643       -0.265678
     C    2       -0.750643       -0.113952       -0.064708
     C    2       -0.265678       -0.064708        0.014025

     C    3       -0.740719        0.022426       -0.206682
     C    3        0.022426        0.107895        0.328085
     C    3       -0.206682        0.328085        0.632824

     H    4        0.549025        0.075277        0.387848
     H    4        0.075277        0.000781        0.026928
     H    4        0.387848        0.026928       -0.549806

     C    5        0.029327        0.203421        0.409325
     C    5        0.203421       -0.313934        0.064877
     C    5        0.409325        0.064877        0.284607

     H    6       -0.112942       -0.085775       -0.112205
     H    6       -0.085775        0.298279        0.104998
     H    6       -0.112205        0.104998       -0.185337

     H    7       -0.224143       -0.377583       -0.108000
     H    7       -0.377583        0.417967       -0.075125
     H    7       -0.108000       -0.075125       -0.193824

     C    8       -0.520467       -0.350973       -0.112879
     C    8       -0.350973        0.666744        0.145020
     C    8       -0.112879        0.145020       -0.146276

     H    9        0.183052       -0.454260        0.226393
     H    9       -0.454260       -0.065219        0.080167
     H    9        0.226393        0.080167       -0.117833

     C   10        0.071176       -0.057547       -0.048651
     C   10       -0.057547        0.365898        0.061378
     C   10       -0.048651        0.061378       -0.437074

     C   11       -0.465845       -0.376119       -0.354302
     C   11       -0.376119        0.766244       -0.236215
     C   11       -0.354302       -0.236215       -0.300399

     Cl  12        0.039800        1.611900        0.620834
     Cl  12        1.611900        0.052577       -2.104055
     Cl  12        0.620834       -2.104055       -0.092377

     H   13       -0.126187        0.328187       -0.136846
     H   13        0.328187        0.152022        0.438857
     H   13       -0.136846        0.438857       -0.025835

     C   14       -0.884605        0.051394        0.018817
     C   14        0.051394        0.724416        0.238402
     C   14        0.018817        0.238402        0.160189

     H   15        0.503522        0.333407        0.294679
     H   15        0.333407       -0.537064        0.380533
     H   15        0.294679        0.380533        0.033542

     C   16        0.353711       -0.158666        0.185732
     C   16       -0.158666        0.000460       -0.091387
     C   16        0.185732       -0.091387       -0.354171

     C   17       -0.539049        0.302504       -0.051736
     C   17        0.302504        0.382522        0.382410
     C   17       -0.051736        0.382410        0.156527

     Cl  18        0.272827       -0.506032       -0.303210
     Cl  18       -0.506032        1.756754       -0.545283
     Cl  18       -0.303210       -0.545283       -2.029582

     H   19       -0.263266        0.305860        0.128902
     H   19        0.305860        0.006990       -0.634552
     H   19        0.128902       -0.634552        0.256277

     C   20        0.310762       -0.168043        0.068982
     C   20       -0.168043       -0.067426        0.054216
     C   20        0.068982        0.054216       -0.243337

     H   21        0.361447       -0.010121        0.548751
     H   21       -0.010121       -0.384508       -0.427218
     H   21        0.548751       -0.427218        0.023061

     C   22       -0.065861        0.030977        0.049998
     C   22        0.030977        0.207567       -0.298258
     C   22        0.049998       -0.298258       -0.141706

     C   23        0.129100        0.069652        0.076486
     C   23        0.069652        0.175726        0.178147
     C   23        0.076486        0.178147       -0.304825

     Cl  24       -0.007529        1.696597       -0.884513
     Cl  24        1.696597       -0.680005        1.337085
     Cl  24       -0.884513        1.337085        0.687534


     NQR/NMR SPECTROSCOPIC PARAMETERS:
     Cl   1    Vxx=   -1.0445    axis=( -0.456894  0.863305 -0.214366)
     Cl   1    Vyy=   -1.5857    axis=(  0.252184  0.356817  0.899491)
     Cl   1    Vzz=    2.6302    axis=( -0.853025 -0.356912  0.380739)
     Cl   1  Q=        -8.1650 1e-30 m^2  Cq=       -50.4588 MHz  eta= 0.20576

     C    2    Vxx=    0.0405    axis=( -0.012407 -0.334499  0.942314)
     C    2    Vyy=    0.7851    axis=(  0.757975 -0.617785 -0.209319)
     C    2    Vzz=   -0.8256    axis=(  0.652165  0.711654  0.261207)
     C    2  Q=         1.0000 1e-30 m^2  Cq=        -1.9398 MHz  eta= 0.90191

     C    3    Vxx=   -0.0336    axis=(  0.145680  0.904763 -0.400226)
     C    3    Vyy=   -0.7772    axis=(  0.982733 -0.085692  0.163992)
     C    3    Vzz=    0.8108    axis=( -0.114078  0.417205  0.901624)
     C    3  Q=         1.0000 1e-30 m^2  Cq=         1.9050 MHz  eta= 0.91706

     H    4    Vxx=   -0.0086    axis=(  0.112416 -0.993173  0.031144)
     H    4    Vyy=   -0.6729    axis=(  0.302283  0.004324 -0.953208)
     H    4    Vzz=    0.6815    axis=(  0.946566  0.116570  0.300706)
     H    4  Q=         1.0000 1e-30 m^2  Cq=         1.6013 MHz  eta= 0.97481

     C    5    Vxx=   -0.1805    axis=(  0.567737  0.583245 -0.580947)
     C    5    Vyy=   -0.4378    axis=( -0.560262  0.790812  0.246419)
     C    5    Vzz=    0.6184    axis=(  0.603143  0.185581  0.775744)
     C    5  Q=         1.0000 1e-30 m^2  Cq=         1.4529 MHz  eta= 0.41607

     H    6    Vxx=   -0.0764    axis=(  0.797554  0.325005 -0.508212)
     H    6    Vyy=   -0.2694    axis=( -0.555997  0.069189 -0.828299)
     H    6    Vzz=    0.3458    axis=( -0.234039  0.943178  0.235884)
     H    6  Q=         1.0000 1e-30 m^2  Cq=         0.8125 MHz  eta= 0.55817

     H    7    Vxx=   -0.1317    axis=( -0.407975 -0.157339  0.899334)
     H    7    Vyy=   -0.4615    axis=(  0.812737  0.386186  0.436255)
     H    7    Vzz=    0.5932    axis=( -0.415950  0.908903 -0.029679)
     H    7  Q=         1.0000 1e-30 m^2  Cq=         1.3938 MHz  eta= 0.55602

     C    8    Vxx=   -0.1662    axis=( -0.100234 -0.211507  0.972223)
     C    8    Vyy=   -0.6273    axis=( -0.958135 -0.242876 -0.151619)
     C    8    Vzz=    0.7935    axis=(  0.268198 -0.946718 -0.178308)
     C    8  Q=         1.0000 1e-30 m^2  Cq=         1.8644 MHz  eta= 0.58112

     H    9    Vxx=   -0.0395    axis=(  0.124446  0.490761  0.862361)
     H    9    Vyy=   -0.5175    axis=(  0.582626  0.667363 -0.463868)
     H    9    Vzz=    0.5571    axis=( -0.803157  0.560160 -0.202879)
     H    9  Q=         1.0000 1e-30 m^2  Cq=         1.3089 MHz  eta= 0.85804

     C   10    Vxx=    0.0629    axis=(  0.977271  0.199910 -0.070552)
     C   10    Vyy=    0.3826    axis=( -0.193818  0.977375  0.084688)
     C   10    Vzz=   -0.4455    axis=(  0.085885 -0.069089  0.993907)
     C   10  Q=         1.0000 1e-30 m^2  Cq=        -1.0469 MHz  eta= 0.71757

     C   11    Vxx=   -0.0215    axis=( -0.598682 -0.046058  0.799661)
     C   11    Vyy=   -0.8665    axis=(  0.765396  0.261394  0.588084)
     C   11    Vzz=    0.8881    axis=( -0.236112  0.964133 -0.121239)
     C   11  Q=         1.0000 1e-30 m^2  Cq=         2.0866 MHz  eta= 0.95149

     Cl  12    Vxx=    0.5895    axis=(  0.798156  0.040703  0.601074)
     Cl  12    Vyy=    2.3804    axis=(  0.372442  0.750878 -0.545407)
     Cl  12    Vzz=   -2.9699    axis=(  0.473533 -0.659185 -0.584159)
     Cl  12  Q=        -8.1650 1e-30 m^2  Cq=        56.9766 MHz  eta= 0.60300

     H   13    Vxx=    0.0436    axis=(  0.775009  0.144356 -0.615241)
     H   13    Vyy=    0.5591    axis=( -0.275734 -0.798756 -0.534752)
     H   13    Vzz=   -0.6027    axis=(  0.568622 -0.584081  0.579239)
     H   13  Q=         1.0000 1e-30 m^2  Cq=        -1.4161 MHz  eta= 0.85539

     C   14    Vxx=    0.0729    axis=(  0.000009 -0.343658  0.939095)
     C   14    Vyy=    0.8134    axis=(  0.032215  0.938608  0.343479)
     C   14    Vzz=   -0.8864    axis=( -0.999481  0.030250  0.011079)
     C   14  Q=         1.0000 1e-30 m^2  Cq=        -2.0826 MHz  eta= 0.83540

     H   15    Vxx=   -0.0584    axis=( -0.559081  0.241218  0.793248)
     H   15    Vyy=   -0.7530    axis=( -0.151665  0.910846 -0.383872)
     H   15    Vzz=    0.8114    axis=( -0.815123 -0.334924 -0.472652)
     H   15  Q=         1.0000 1e-30 m^2  Cq=         1.9064 MHz  eta= 0.85597

     C   16    Vxx=   -0.0594    axis=(  0.377232  0.924820 -0.049034)
     C   16    Vyy=   -0.4069    axis=(  0.208088 -0.136232 -0.968576)
     C   16    Vzz=    0.4663    axis=( -0.902439  0.355174 -0.243836)
     C   16  Q=         1.0000 1e-30 m^2  Cq=         1.0957 MHz  eta= 0.74519

     C   17    Vxx=   -0.0410    axis=( -0.366468 -0.465619  0.805543)
     C   17    Vyy=   -0.6650    axis=( -0.913769  0.343220 -0.217316)
     C   17    Vzz=    0.7060    axis=( -0.175292 -0.815720 -0.551248)
     C   17  Q=         1.0000 1e-30 m^2  Cq=         1.6587 MHz  eta= 0.88391

     Cl  18    Vxx=    0.2034    axis=(  0.951327  0.243669 -0.188685)
     Cl  18    Vyy=    1.9609    axis=(  0.267120 -0.957305  0.110515)
     Cl  18    Vzz=   -2.1643    axis=(  0.153700  0.155537  0.975799)
     Cl  18  Q=        -8.1650 1e-30 m^2  Cq=        41.5202 MHz  eta= 0.81208

     H   19    Vxx=   -0.0544    axis=( -0.819288 -0.377660 -0.431439)
     H   19    Vyy=   -0.7331    axis=(  0.565134 -0.659032 -0.496287)
     H   19    Vzz=    0.7875    axis=( -0.096904 -0.650423  0.753365)
     H   19  Q=         1.0000 1e-30 m^2  Cq=         1.8504 MHz  eta= 0.86186

     C   20    Vxx=   -0.0944    axis=(  0.279074  0.853524  0.440016)
     C   20    Vyy=   -0.2836    axis=( -0.214492 -0.391238  0.894945)
     C   20    Vzz=    0.3780    axis=(  0.936008 -0.344135  0.073890)
     C   20  Q=         1.0000 1e-30 m^2  Cq=         0.8881 MHz  eta= 0.50041

     H   21    Vxx=   -0.0833    axis=(  0.596787  0.649086 -0.471735)
     H   21    Vyy=   -0.7445    axis=( -0.300379  0.725878  0.618768)
     H   21    Vzz=    0.8278    axis=( -0.744055  0.227573 -0.628166)
     H   21  Q=         1.0000 1e-30 m^2  Cq=         1.9451 MHz  eta= 0.79869

     C   22    Vxx=   -0.0526    axis=(  0.975392  0.105691  0.193493)
     C   22    Vyy=   -0.3260    axis=( -0.220430  0.485665  0.845896)
     C   22    Vzz=    0.3786    axis=( -0.004569 -0.867732  0.497011)
     C   22  Q=         1.0000 1e-30 m^2  Cq=         0.8895 MHz  eta= 0.72218

     C   23    Vxx=    0.0817    axis=(  0.857245 -0.510695 -0.065737)
     C   23    Vyy=    0.2872    axis=(  0.504254  0.806800  0.307898)
     C   23    Vzz=   -0.3690    axis=( -0.104206 -0.297092  0.949146)
     C   23  Q=         1.0000 1e-30 m^2  Cq=        -0.8670 MHz  eta= 0.55695

     Cl  24    Vxx=    1.2508    axis=(  0.756754  0.245376 -0.605899)
     Cl  24    Vyy=    1.5524    axis=( -0.329904 -0.656827 -0.678043)
     Cl  24    Vzz=   -2.8032    axis=(  0.564346 -0.713000  0.416106)
     Cl  24  Q=        -8.1650 1e-30 m^2  Cq=        53.7779 MHz  eta= 0.10761

     Initialization:
     gipaw_setup  :      8.95s CPU     10.66s WALL (       1 calls)

     Linear response

     Apply operators

     Induced current

     Other routines
     efg          :      9.02s CPU     11.41s WALL (       1 calls)

     General routines
     calbec       :      3.28s CPU      4.43s WALL (      16 calls)
     fft          :      1.46s CPU      1.99s WALL (      15 calls)
     ffts         :      0.04s CPU      0.07s WALL (       2 calls)
     fftw         :      3.08s CPU      3.59s WALL (     672 calls)
     davcio       :      0.04s CPU      0.31s WALL (      32 calls)

     Parallel routines
     fft_scatter  :      1.98s CPU      2.84s WALL (     689 calls)

     Plugins

     GIPAW        :     59.93s CPU     71.42s WALL (       1 calls)
