
     Program QE v.6.0 (svn rev. 13079) starts on  2Jan2017 at  1:47:44 

     This program is part of the open-source Quantum ESPRESSO suite
     for quantum simulation of materials; please cite
         "P. Giannozzi et al., J. Phys.:Condens. Matter 21 395502 (2009);
          URL http://www.quantum-espresso.org", 
     in publications or presentations arising from this work. More details at
     http://www.quantum-espresso.org/quote

     Parallel version (MPI), running on     8 processors
     R & G space division:  proc/nbgrp/npool/nimage =       8

     ***** This is GIPAW svn revision unknown      *****

     Parallelizing q-star over 1 images

     Reading data from directory:
     /users/majewski/paradichlorobenzene/pbe/9_constraint/scratch/pbe.ecut100.np8.dt60.pcl2phi-129368.save
     Message from routine read_xml_file:
     file /users/majewski/paradichlorobenzene/pbe/9_constraint/scratch/pbe.ecut100.np8.dt60.pcl2phi-129368.save not guaranteed to be safe for post-processing

   Info: using nr1, nr2, nr3 values from input

   Info: using nr1, nr2, nr3 values from input

     IMPORTANT: XC functional enforced from input :
     Exchange-correlation      =  SLA  PW   PBX  PBC ( 1  4  3  4 0 0)
     Any further DFT definition will be discarded
     Please, verify this is what you really want

               file C.pbe-n-kjpaw_psl.1.0.0.UPF: wavefunction(s)  2S 2P renormalized
               file Cl.pbe-n-kjpaw_psl.1.0.0.UPF: wavefunction(s)  3S 3P renormalized
               file H.pbe-kjpaw_psl.1.0.0.UPF: wavefunction(s)  1S renormalized

     Parallelization info
     --------------------
     sticks:   dense  smooth     PW     G-vecs:    dense   smooth      PW
     Min        3057    1223    332               144436    36536    5170
     Max        3059    1225    333               144437    36537    5171
     Sum       24467    9791   2657              1155489   292295   41363


     Subspace diagonalization in iterative solution of the eigenvalue problem:
     a serial algorithm will be used

     GIPAW projectors -----------------------------------------------
     atom=  C    l=0  rc=    1.2000  rs=    0.8000
     atom=  C    l=0  rc=    1.2000  rs=    0.8000
     atom=  C    l=1  rc=    1.4000  rs=    0.9333
     atom=  C    l=1  rc=    1.4000  rs=    0.9333
     projs nearly linearly dependent: l=1  n1,n2= 1, 2  s=  0.99951561

     atom=  Cl   l=0  rc=    1.6000  rs=    1.0667
     atom=  Cl   l=0  rc=    1.6000  rs=    1.0667
     atom=  Cl   l=1  rc=    1.6000  rs=    1.0667
     atom=  Cl   l=1  rc=    1.6000  rs=    1.0667
     atom=  Cl   l=2  rc=    1.6000  rs=    1.0667
     atom=  Cl   l=2  rc=    1.6000  rs=    1.0667
     projs nearly linearly dependent: l=2  n1,n2= 1, 2  s=  0.99993509

     atom=  H    l=0  rc=    1.0000  rs=    0.6667
     atom=  H    l=0  rc=    1.0000  rs=    0.6667
     projs nearly linearly dependent: l=0  n1,n2= 1, 2  s=  0.99968852
     -----------------------------------------------------------------

     GIPAW integrals: -------------------------------------------
     Atom  i/j   nmr_para   nmr_dia   epr_rmc  epr_para   epr_dia
       C   1 1   0.83E+03  0.17E-01  0.93E+01  0.24E+08  0.24E+03
       C   2 1   0.86E+03 -0.61E-01  0.94E+01  0.25E+08  0.25E+03
       C   2 2   0.90E+03 -0.15E+00  0.97E+01  0.26E+08  0.26E+03
       C   3 3   0.33E+01  0.34E+00  0.18E+01  0.55E+03  0.21E+02
       C   4 3   0.35E+01  0.37E+00  0.20E+01  0.59E+03  0.22E+02
       C   4 4   0.38E+01  0.39E+00  0.22E+01  0.63E+03  0.24E+02
       Cl  1 1   0.14E+04 -0.47E+00  0.84E+01  0.32E+09  0.42E+03
       Cl  2 1   0.21E+04 -0.37E+00  0.12E+02  0.49E+09  0.65E+03
       Cl  2 2   0.33E+04 -0.16E+00  0.21E+02  0.76E+09  0.10E+04
       Cl  3 3   0.21E+02  0.79E-01  0.89E+01  0.23E+05  0.13E+03
       Cl  4 3   0.24E+02  0.67E-01  0.99E+01  0.27E+05  0.15E+03
       Cl  4 4   0.28E+02  0.44E-01  0.11E+02  0.32E+05  0.18E+03
       Cl  5 5   0.77E+00  0.19E+00  0.18E+01  0.12E+03  0.22E+02
       Cl  6 5   0.80E+00  0.19E+00  0.19E+01  0.12E+03  0.23E+02
       Cl  6 6   0.83E+00  0.20E+00  0.19E+01  0.12E+03  0.23E+02
       H   1 1   0.39E+02  0.19E+00  0.29E+00  0.78E+05  0.13E+02
       H   2 1   0.41E+02  0.21E+00  0.32E+00  0.82E+05  0.14E+02
       H   2 2   0.43E+02  0.22E+00  0.36E+00  0.86E+05  0.15E+02
     ------------------------------------------------------------

     alpha_pv=     33.9102 eV

     Number of occupied bands for each k-point:
     k-point:     1    nbnd_occ=  42
     k-point:     2    nbnd_occ=  42
     k-point:     3    nbnd_occ=  42
     k-point:     4    nbnd_occ=  42
     k-point:     5    nbnd_occ=  42
     k-point:     6    nbnd_occ=  42
     k-point:     7    nbnd_occ=  42
     k-point:     8    nbnd_occ=  42
     k-point:     9    nbnd_occ=  42
     k-point:    10    nbnd_occ=  42
     k-point:    11    nbnd_occ=  42
     k-point:    12    nbnd_occ=  42
     k-point:    13    nbnd_occ=  42
     k-point:    14    nbnd_occ=  42
     k-point:    15    nbnd_occ=  42
     k-point:    16    nbnd_occ=  42


     q-space interpolation up to   110.00 Rydberg

     GIPAW job: efg                                                                             


     ELECTRIC FIELD GRADIENTS TENSORS IN Hartree/bohrradius^2:

     ----- bare term -----
     Cl   1        0.093006       -0.046892        0.022542
     Cl   1       -0.046892       -0.021361        0.014449
     Cl   1        0.022542        0.014449       -0.071644

     C    2        0.033773        0.384943       -0.086938
     C    2        0.384943       -0.328102       -0.483348
     C    2       -0.086938       -0.483348        0.294330

     C    3       -0.212951        0.181911       -0.297138
     C    3        0.181911       -0.062347       -0.358134
     C    3       -0.297138       -0.358134        0.275298

     H    4       -0.224226       -0.451269       -0.449348
     H    4       -0.451269        0.033178       -0.341196
     H    4       -0.449348       -0.341196        0.191048

     C    5       -0.168696        0.384762       -0.031777
     C    5        0.384762       -0.368794       -0.400040
     C    5       -0.031777       -0.400040        0.537490

     H    6        0.331925       -0.122998       -0.332822
     H    6       -0.122998       -0.061900       -0.484992
     H    6       -0.332822       -0.484992       -0.270025

     H    7        0.284560        0.318251       -0.233866
     H    7        0.318251       -0.356162        0.558592
     H    7       -0.233866        0.558592        0.071602

     C    8       -0.026099       -0.472548        0.074751
     C    8       -0.472548       -0.466961        0.312154
     C    8        0.074751        0.312154        0.493060

     H    9       -0.523138        0.054234       -0.557102
     H    9        0.054234        0.389996        0.096849
     H    9       -0.557102        0.096849        0.133141

     C   10       -0.356694       -0.209227       -0.263713
     C   10       -0.209227       -0.047279        0.324602
     C   10       -0.263713        0.324602        0.403973

     C   11       -0.058633       -0.278652       -0.060034
     C   11       -0.278652       -0.479409        0.428496
     C   11       -0.060034        0.428496        0.538043

     Cl  12        0.048203        0.085711       -0.000147
     Cl  12        0.085711       -0.007045        0.008945
     Cl  12       -0.000147        0.008945       -0.041158

     H   13        0.355691       -0.052235        0.223188
     H   13       -0.052235       -0.141944       -0.416580
     H   13        0.223188       -0.416580       -0.213747

     C   14       -0.465077        0.326236       -0.475236
     C   14        0.326236        0.198913       -0.324120
     C   14       -0.475236       -0.324120        0.266163

     H   15       -0.425499       -0.222515       -0.539336
     H   15       -0.222515        0.326309       -0.221379
     H   15       -0.539336       -0.221379        0.099190

     C   16       -0.000183        0.496542       -0.009228
     C   16        0.496542       -0.459732       -0.505781
     C   16       -0.009228       -0.505781        0.459916

     C   17       -0.344975       -0.226869       -0.245629
     C   17       -0.226869       -0.081224       -0.535202
     C   17       -0.245629       -0.535202        0.426199

     Cl  18        0.157364        0.095382        0.112113
     Cl  18        0.095382        0.099717        0.338587
     Cl  18        0.112113        0.338587       -0.257081

     H   19        0.302777        0.324275        0.186123
     H   19        0.324275       -0.518784        0.125994
     H   19        0.186123        0.125994        0.216006

     C   20       -0.754879       -0.244549       -0.429661
     C   20       -0.244549        0.066702        0.079675
     C   20       -0.429661        0.079675        0.688176

     H   21       -0.513977       -0.011826       -0.260164
     H   21       -0.011826        0.264380        0.347938
     H   21       -0.260164        0.347938        0.249597

     C   22       -0.050340       -0.280362       -0.067504
     C   22       -0.280362       -0.580307        0.414805
     C   22       -0.067504        0.414805        0.630647

     C   23       -0.648522       -0.125844       -0.241835
     C   23       -0.125844        0.139068        0.117850
     C   23       -0.241835        0.117850        0.509455

     Cl  24       -0.136011       -0.081858        0.088928
     Cl  24       -0.081858       -0.103124       -0.075932
     Cl  24        0.088928       -0.075932        0.239135

     ----- ionic term -----
     Cl   1        0.106865       -0.214881        0.003389
     Cl   1       -0.214881        0.030624       -0.001686
     Cl   1        0.003389       -0.001686       -0.137489

     C    2        0.156181       -0.201988        0.263234
     C    2       -0.201988        0.101550        0.386272
     C    2        0.263234        0.386272       -0.257731

     C    3        0.140512       -0.137897        0.151982
     C    3       -0.137897        0.144243        0.441760
     C    3        0.151982        0.441760       -0.284754

     H    4        0.452118        0.459509        0.624345
     H    4        0.459509       -0.309801        0.353984
     H    4        0.624345        0.353984       -0.142317

     C    5        0.339265       -0.056791        0.226314
     C    5       -0.056791       -0.031109        0.360618
     C    5        0.226314        0.360618       -0.308155

     H    6       -0.492040        0.147178        0.097578
     H    6        0.147178        0.519904        0.768398
     H    6        0.097578        0.768398       -0.027864

     H    7       -0.513014       -0.143249        0.079610
     H    7       -0.143249        0.736806       -0.645289
     H    7        0.079610       -0.645289       -0.223792

     C    8        0.267460        0.157903        0.225570
     C    8        0.157903        0.096347       -0.303879
     C    8        0.225570       -0.303879       -0.363807

     H    9        0.665606       -0.192943        0.651579
     H    9       -0.192943       -0.475063       -0.184035
     H    9        0.651579       -0.184035       -0.190543

     C   10        0.139761        0.237169        0.154189
     C   10        0.237169        0.224933       -0.377662
     C   10        0.154189       -0.377662       -0.364693

     C   11        0.184806        0.166476        0.195376
     C   11        0.166476        0.177466       -0.377337
     C   11        0.195376       -0.377337       -0.362272

     Cl  12        0.106660        0.202547       -0.024225
     Cl  12        0.202547        0.024809       -0.018870
     Cl  12       -0.024225       -0.018870       -0.131469

     H   13       -0.525882        0.003989        0.031268
     H   13        0.003989        0.498595        0.780844
     H   13        0.031268        0.780844        0.027287

     C   14        0.299485       -0.262262        0.196895
     C   14       -0.262262       -0.057942        0.335799
     C   14        0.196895        0.335799       -0.241543

     H   15        0.548680        0.298533        0.690408
     H   15        0.298533       -0.472145        0.261326
     H   15        0.690408        0.261326       -0.076535

     C   16        0.177323       -0.254331        0.124954
     C   16       -0.254331        0.010408        0.471423
     C   16        0.124954        0.471423       -0.187731

     C   17        0.259036       -0.059640        0.162761
     C   17       -0.059640       -0.066101        0.510934
     C   17        0.162761        0.510934       -0.192936

     Cl  18        0.177427       -0.172271       -0.040360
     Cl  18       -0.172271       -0.070382        0.021476
     Cl  18       -0.040360        0.021476       -0.107044

     H   19       -0.461428       -0.266439        0.119165
     H   19       -0.266439        0.794861       -0.559282
     H   19        0.119165       -0.559282       -0.333433

     C   20        0.316327        0.186347        0.232310
     C   20        0.186347        0.108696       -0.250588
     C   20        0.232310       -0.250588       -0.425022

     H   21        0.663303       -0.166018        0.692373
     H   21       -0.166018       -0.468199       -0.160837
     H   21        0.692373       -0.160837       -0.195103

     C   22        0.199778        0.271651        0.195892
     C   22        0.271651        0.166537       -0.327600
     C   22        0.195892       -0.327600       -0.366314

     C   23        0.271552        0.151249        0.259051
     C   23        0.151249        0.082872       -0.357514
     C   23        0.259051       -0.357514       -0.354424

     Cl  24        0.160766        0.222976        0.006067
     Cl  24        0.222976       -0.003883       -0.006173
     Cl  24        0.006067       -0.006173       -0.156883

     ----- GIPAW term -----
     Cl   1        2.082003       -2.361121        0.229275
     Cl   1       -2.361121       -0.165563        0.070465
     Cl   1        0.229275        0.070465       -1.916441

     C    2        0.167961        0.046076        0.062397
     C    2        0.046076       -0.081148       -0.027923
     C    2        0.062397       -0.027923       -0.086814

     C    3        0.067479        0.092052        0.023089
     C    3        0.092052       -0.045712       -0.010291
     C    3        0.023089       -0.010291       -0.021768

     H    4       -0.000000        0.000000        0.000000
     H    4        0.000000        0.000000        0.000000
     H    4        0.000000        0.000000        0.000000

     C    5       -0.014295        0.083594        0.118540
     C    5        0.083594       -0.176752       -0.052507
     C    5        0.118540       -0.052507        0.191047

     H    6       -0.000000        0.000000        0.000000
     H    6        0.000000        0.000000        0.000000
     H    6        0.000000        0.000000        0.000000

     H    7       -0.000000        0.000000        0.000000
     H    7        0.000000        0.000000        0.000000
     H    7        0.000000        0.000000        0.000000

     C    8       -0.011484       -0.156375        0.164309
     C    8       -0.156375       -0.148524       -0.080265
     C    8        0.164309       -0.080265        0.160008

     H    9       -0.000000        0.000000        0.000000
     H    9        0.000000        0.000000        0.000000
     H    9        0.000000        0.000000        0.000000

     C   10       -0.056844       -0.065586        0.042493
     C   10       -0.065586       -0.032354       -0.007996
     C   10        0.042493       -0.007996        0.089198

     C   11        0.014735        0.041663        0.120066
     C   11        0.041663       -0.173915        0.017359
     C   11        0.120066        0.017359        0.159180

     Cl  12        1.706311        2.728337        0.037777
     Cl  12        2.728337        0.014031        0.106154
     Cl  12        0.037777        0.106154       -1.720341

     H   13       -0.000000        0.000000        0.000000
     H   13        0.000000        0.000000        0.000000
     H   13        0.000000        0.000000        0.000000

     C   14       -0.024446        0.169134       -0.107176
     C   14        0.169134        0.070234       -0.079038
     C   14       -0.107176       -0.079038       -0.045788

     H   15       -0.000000        0.000000        0.000000
     H   15        0.000000        0.000000        0.000000
     H   15        0.000000        0.000000        0.000000

     C   16        0.049034        0.119897        0.085717
     C   16        0.119897       -0.117219       -0.038008
     C   16        0.085717       -0.038008        0.068185

     C   17       -0.067874       -0.165332        0.081888
     C   17       -0.165332       -0.104074       -0.143747
     C   17        0.081888       -0.143747        0.171948

     Cl  18       -0.212285       -0.277004       -0.516884
     Cl  18       -0.277004       -0.351849       -0.685029
     Cl  18       -0.516884       -0.685029        0.564134

     H   19       -0.000000        0.000000        0.000000
     H   19        0.000000        0.000000        0.000000
     H   19        0.000000        0.000000        0.000000

     C   20       -0.218051       -0.022895       -0.082906
     C   20       -0.022895       -0.063793       -0.095870
     C   20       -0.082906       -0.095870        0.281843

     H   21       -0.000000        0.000000        0.000000
     H   21        0.000000        0.000000        0.000000
     H   21        0.000000        0.000000        0.000000

     C   22       -0.114025       -0.032004        0.009197
     C   22       -0.032004       -0.173714       -0.060344
     C   22        0.009197       -0.060344        0.287739

     C   23       -0.119206       -0.002419        0.109759
     C   23       -0.002419       -0.029663       -0.155437
     C   23        0.109759       -0.155437        0.148869

     Cl  24       -0.119258        1.375962        0.980568
     Cl  24        1.375962       -1.141794       -0.896699
     Cl  24        0.980568       -0.896699        1.261052

     ----- total EFG -----
     Cl   1        2.281873       -2.622894        0.255206
     Cl   1       -2.622894       -0.156300        0.083228
     Cl   1        0.255206        0.083228       -2.125574

     C    2        0.357914        0.229031        0.238693
     C    2        0.229031       -0.307700       -0.124998
     C    2        0.238693       -0.124998       -0.050214

     C    3       -0.004960        0.136066       -0.122066
     C    3        0.136066        0.036184        0.073335
     C    3       -0.122066        0.073335       -0.031224

     H    4        0.227892        0.008239        0.174996
     H    4        0.008239       -0.276623        0.012788
     H    4        0.174996        0.012788        0.048731

     C    5        0.156275        0.411565        0.313077
     C    5        0.411565       -0.576655       -0.091929
     C    5        0.313077       -0.091929        0.420381

     H    6       -0.160115        0.024181       -0.235244
     H    6        0.024181        0.458004        0.283407
     H    6       -0.235244        0.283407       -0.297889

     H    7       -0.228454        0.175002       -0.154256
     H    7        0.175002        0.380645       -0.086697
     H    7       -0.154256       -0.086697       -0.152190

     C    8        0.229877       -0.471019        0.464629
     C    8       -0.471019       -0.519138       -0.071989
     C    8        0.464629       -0.071989        0.289261

     H    9        0.142469       -0.138709        0.094477
     H    9       -0.138709       -0.085067       -0.087185
     H    9        0.094477       -0.087185       -0.057402

     C   10       -0.273777       -0.037644       -0.067031
     C   10       -0.037644        0.145300       -0.061055
     C   10       -0.067031       -0.061055        0.128478

     C   11        0.140907       -0.070512        0.255409
     C   11       -0.070512       -0.475858        0.068518
     C   11        0.255409        0.068518        0.334951

     Cl  12        1.861174        3.016595        0.013405
     Cl  12        3.016595        0.031795        0.096228
     Cl  12        0.013405        0.096228       -1.892968

     H   13       -0.170191       -0.048247        0.254456
     H   13       -0.048247        0.356651        0.364264
     H   13        0.254456        0.364264       -0.186460

     C   14       -0.190038        0.233108       -0.385517
     C   14        0.233108        0.211205       -0.067359
     C   14       -0.385517       -0.067359       -0.021168

     H   15        0.123181        0.076018        0.151072
     H   15        0.076018       -0.145836        0.039947
     H   15        0.151072        0.039947        0.022655

     C   16        0.226173        0.362108        0.201443
     C   16        0.362108       -0.566544       -0.072366
     C   16        0.201443       -0.072366        0.340370

     C   17       -0.153812       -0.451840       -0.000980
     C   17       -0.451840       -0.251399       -0.168015
     C   17       -0.000980       -0.168015        0.405211

     Cl  18        0.122505       -0.353893       -0.445131
     Cl  18       -0.353893       -0.322514       -0.324967
     Cl  18       -0.445131       -0.324967        0.200009

     H   19       -0.158651        0.057836        0.305288
     H   19        0.057836        0.276077       -0.433288
     H   19        0.305288       -0.433288       -0.117426

     C   20       -0.656603       -0.081097       -0.280256
     C   20       -0.081097        0.111606       -0.266782
     C   20       -0.280256       -0.266782        0.544997

     H   21        0.149325       -0.177845        0.432209
     H   21       -0.177845       -0.203819        0.187101
     H   21        0.432209        0.187101        0.054493

     C   22        0.035413       -0.040716        0.137585
     C   22       -0.040716       -0.587485        0.026861
     C   22        0.137585        0.026861        0.552072

     C   23       -0.496176        0.022985        0.126976
     C   23        0.022985        0.192277       -0.395102
     C   23        0.126976       -0.395102        0.303899

     Cl  24       -0.094504        1.517079        1.075562
     Cl  24        1.517079       -1.248801       -0.978804
     Cl  24        1.075562       -0.978804        1.343304

     ----- total EFG (symmetrized) -----
     Cl   1        2.281873       -2.622894        0.255206
     Cl   1       -2.622894       -0.156300        0.083228
     Cl   1        0.255206        0.083228       -2.125574

     C    2        0.357914        0.229031        0.238693
     C    2        0.229031       -0.307700       -0.124998
     C    2        0.238693       -0.124998       -0.050214

     C    3       -0.004960        0.136066       -0.122066
     C    3        0.136066        0.036184        0.073335
     C    3       -0.122066        0.073335       -0.031224

     H    4        0.227892        0.008239        0.174996
     H    4        0.008239       -0.276623        0.012788
     H    4        0.174996        0.012788        0.048731

     C    5        0.156275        0.411565        0.313077
     C    5        0.411565       -0.576655       -0.091929
     C    5        0.313077       -0.091929        0.420381

     H    6       -0.160115        0.024181       -0.235244
     H    6        0.024181        0.458004        0.283407
     H    6       -0.235244        0.283407       -0.297889

     H    7       -0.228454        0.175002       -0.154256
     H    7        0.175002        0.380645       -0.086697
     H    7       -0.154256       -0.086697       -0.152190

     C    8        0.229877       -0.471019        0.464629
     C    8       -0.471019       -0.519138       -0.071989
     C    8        0.464629       -0.071989        0.289261

     H    9        0.142469       -0.138709        0.094477
     H    9       -0.138709       -0.085067       -0.087185
     H    9        0.094477       -0.087185       -0.057402

     C   10       -0.273777       -0.037644       -0.067031
     C   10       -0.037644        0.145300       -0.061055
     C   10       -0.067031       -0.061055        0.128478

     C   11        0.140907       -0.070512        0.255409
     C   11       -0.070512       -0.475858        0.068518
     C   11        0.255409        0.068518        0.334951

     Cl  12        1.861174        3.016595        0.013405
     Cl  12        3.016595        0.031795        0.096228
     Cl  12        0.013405        0.096228       -1.892968

     H   13       -0.170191       -0.048247        0.254456
     H   13       -0.048247        0.356651        0.364264
     H   13        0.254456        0.364264       -0.186460

     C   14       -0.190038        0.233108       -0.385517
     C   14        0.233108        0.211205       -0.067359
     C   14       -0.385517       -0.067359       -0.021168

     H   15        0.123181        0.076018        0.151072
     H   15        0.076018       -0.145836        0.039947
     H   15        0.151072        0.039947        0.022655

     C   16        0.226173        0.362108        0.201443
     C   16        0.362108       -0.566544       -0.072366
     C   16        0.201443       -0.072366        0.340370

     C   17       -0.153812       -0.451840       -0.000980
     C   17       -0.451840       -0.251399       -0.168015
     C   17       -0.000980       -0.168015        0.405211

     Cl  18        0.122505       -0.353893       -0.445131
     Cl  18       -0.353893       -0.322514       -0.324967
     Cl  18       -0.445131       -0.324967        0.200009

     H   19       -0.158651        0.057836        0.305288
     H   19        0.057836        0.276077       -0.433288
     H   19        0.305288       -0.433288       -0.117426

     C   20       -0.656603       -0.081097       -0.280256
     C   20       -0.081097        0.111606       -0.266782
     C   20       -0.280256       -0.266782        0.544997

     H   21        0.149325       -0.177845        0.432209
     H   21       -0.177845       -0.203819        0.187101
     H   21        0.432209        0.187101        0.054493

     C   22        0.035413       -0.040716        0.137585
     C   22       -0.040716       -0.587485        0.026861
     C   22        0.137585        0.026861        0.552072

     C   23       -0.496176        0.022985        0.126976
     C   23        0.022985        0.192277       -0.395102
     C   23        0.126976       -0.395102        0.303899

     Cl  24       -0.094504        1.517079        1.075562
     Cl  24        1.517079       -1.248801       -0.978804
     Cl  24        1.075562       -0.978804        1.343304


     NQR/NMR SPECTROSCOPIC PARAMETERS:
     Cl   1    Vxx=   -1.7238    axis=(  0.467619  0.758339  0.454152)
     Cl   1    Vyy=   -2.2361    axis=( -0.265025 -0.369866  0.890484)
     Cl   1    Vzz=    3.9599    axis=(  0.843264 -0.536769  0.028023)
     Cl   1  Q=        -8.1650 1e-30 m^2  Cq=       -75.9691 MHz  eta= 0.12936

     C    2    Vxx=   -0.0272    axis=( -0.197190 -0.528805  0.825519)
     C    2    Vyy=   -0.4734    axis=( -0.354109  0.823622  0.443005)
     C    2    Vzz=    0.5006    axis=(  0.914179  0.204968  0.349664)
     C    2  Q=         1.0000 1e-30 m^2  Cq=         1.1761 MHz  eta= 0.89148

     C    3    Vxx=    0.0666    axis=( -0.300355  0.544573  0.783088)
     C    3    Vyy=    0.1581    axis=(  0.710906  0.675174 -0.196858)
     C    3    Vzz=   -0.2247    axis=( -0.635924  0.497575 -0.589932)
     C    3  Q=         1.0000 1e-30 m^2  Cq=        -0.5279 MHz  eta= 0.40717

     H    4    Vxx=   -0.0581    axis=( -0.522355  0.030172  0.852194)
     H    4    Vyy=   -0.2771    axis=( -0.003335  0.999294 -0.037424)
     H    4    Vzz=    0.3352    axis=( -0.852721 -0.022391 -0.521886)
     H    4  Q=         1.0000 1e-30 m^2  Cq=         0.7876 MHz  eta= 0.65347

     C    5    Vxx=    0.1491    axis=( -0.656798 -0.449206  0.605665)
     C    5    Vyy=    0.6508    axis=(  0.613946  0.147789  0.775389)
     C    5    Vzz=   -0.7998    axis=( -0.437821  0.881120  0.178721)
     C    5  Q=         1.0000 1e-30 m^2  Cq=        -1.8792 MHz  eta= 0.62727

     H    6    Vxx=   -0.0212    axis=(  0.846732  0.238528 -0.475552)
     H    6    Vyy=   -0.5353    axis=( -0.526324  0.245118 -0.814187)
     H    6    Vzz=    0.5565    axis=( -0.077640  0.939692  0.333093)
     H    6  Q=         1.0000 1e-30 m^2  Cq=         1.3075 MHz  eta= 0.92387

     H    7    Vxx=   -0.0933    axis=(  0.492757 -0.329310 -0.805447)
     H    7    Vyy=   -0.3602    axis=(  0.821530 -0.129066  0.555365)
     H    7    Vzz=    0.4535    axis=( -0.286843 -0.935359  0.206940)
     H    7  Q=         1.0000 1e-30 m^2  Cq=         1.0655 MHz  eta= 0.58868

     C    8    Vxx=   -0.0681    axis=( -0.513070  0.415998  0.750803)
     C    8    Vyy=   -0.7675    axis=( -0.479009 -0.864600  0.151714)
     C    8    Vzz=    0.8356    axis=(  0.712257 -0.281801  0.642867)
     C    8  Q=         1.0000 1e-30 m^2  Cq=         1.9633 MHz  eta= 0.83692

     H    9    Vxx=   -0.0859    axis=(  0.510633  0.289011 -0.809769)
     H    9    Vyy=   -0.1707    axis=( -0.241061 -0.855915 -0.457492)
     H    9    Vzz=    0.2566    axis=( -0.825314  0.428814 -0.367389)
     H    9  Q=         1.0000 1e-30 m^2  Cq=         0.6029 MHz  eta= 0.33076

     C   10    Vxx=    0.0907    axis=( -0.200940  0.665413  0.718921)
     C   10    Vyy=    0.1991    axis=( -0.036651 -0.738483  0.673275)
     C   10    Vzz=   -0.2898    axis=( -0.978918 -0.108939 -0.172779)
     C   10  Q=         1.0000 1e-30 m^2  Cq=        -0.6809 MHz  eta= 0.37403

     C   11    Vxx=   -0.0149    axis=(  0.809165 -0.205604 -0.550435)
     C   11    Vyy=   -0.4965    axis=(  0.160283  0.978490 -0.129872)
     C   11    Vzz=    0.5114    axis=(  0.565297  0.016862  0.824715)
     C   11  Q=         1.0000 1e-30 m^2  Cq=         1.2016 MHz  eta= 0.94166

     Cl  12    Vxx=   -1.8790    axis=(  0.132567 -0.160020 -0.978171)
     Cl  12    Vyy=   -2.2204    axis=( -0.580984  0.787024 -0.207488)
     Cl  12    Vzz=    4.0995    axis=(  0.803046  0.595808  0.011364)
     Cl  12  Q=        -8.1650 1e-30 m^2  Cq=       -78.6464 MHz  eta= 0.08328

     H   13    Vxx=   -0.0078    axis=(  0.818787 -0.347993  0.456605)
     H   13    Vyy=   -0.5394    axis=(  0.563733  0.336913 -0.754118)
     H   13    Vzz=    0.5472    axis=(  0.108592  0.874866  0.472035)
     H   13  Q=         1.0000 1e-30 m^2  Cq=         1.2857 MHz  eta= 0.97154

     C   14    Vxx=    0.0674    axis=(  0.271451 -0.732558 -0.624238)
     C   14    Vyy=    0.4609    axis=( -0.545534 -0.651449  0.527263)
     C   14    Vzz=   -0.5284    axis=(  0.792910 -0.197417  0.576472)
     C   14  Q=         1.0000 1e-30 m^2  Cq=        -1.2414 MHz  eta= 0.74477

     H   15    Vxx=   -0.0846    axis=( -0.547688 -0.141915  0.824560)
     H   15    Vyy=   -0.1658    axis=( -0.253462  0.967344 -0.001865)
     H   15    Vzz=    0.2504    axis=( -0.797368 -0.210016 -0.565772)
     H   15  Q=         1.0000 1e-30 m^2  Cq=         0.5883 MHz  eta= 0.32455

     C   16    Vxx=    0.2027    axis=( -0.611035 -0.354228  0.707926)
     C   16    Vyy=    0.5232    axis=(  0.696155  0.185260  0.693575)
     C   16    Vzz=   -0.7259    axis=( -0.376834  0.916625  0.133397)
     C   16  Q=         1.0000 1e-30 m^2  Cq=        -1.7057 MHz  eta= 0.44153

     C   17    Vxx=    0.1970    axis=(  0.709583 -0.549978 -0.440474)
     C   17    Vyy=    0.4749    axis=( -0.265101  0.370814 -0.890066)
     C   17    Vzz=   -0.6719    axis=(  0.652851  0.748346  0.117323)
     C   17  Q=         1.0000 1e-30 m^2  Cq=        -1.5787 MHz  eta= 0.41361

     Cl  18    Vxx=    0.1768    axis=(  0.531589 -0.693386  0.486446)
     Cl  18    Vyy=    0.6081    axis=( -0.675511 -0.000597  0.737349)
     Cl  18    Vzz=   -0.7849    axis=( -0.510977 -0.720566 -0.468707)
     Cl  18  Q=        -8.1650 1e-30 m^2  Cq=        15.0570 MHz  eta= 0.54952

     H   19    Vxx=    0.0167    axis=(  0.807783  0.452005  0.378388)
     H   19    Vyy=    0.5762    axis=(  0.176596 -0.797979  0.576232)
     H   19    Vzz=   -0.5929    axis=(  0.562406 -0.398649 -0.724416)
     H   19  Q=         1.0000 1e-30 m^2  Cq=        -1.3930 MHz  eta= 0.94361

     C   20    Vxx=    0.0337    axis=(  0.244634 -0.908151 -0.339728)
     C   20    Vyy=    0.7083    axis=(  0.163766  0.384040 -0.908677)
     C   20    Vzz=   -0.7419    axis=(  0.955686  0.166657  0.242673)
     C   20  Q=         1.0000 1e-30 m^2  Cq=        -1.7432 MHz  eta= 0.90928

     H   21    Vxx=   -0.0024    axis=(  0.402522 -0.788131 -0.465645)
     H   21    Vyy=   -0.5344    axis=( -0.529309 -0.615402  0.584048)
     H   21    Vzz=    0.5368    axis=( -0.746866  0.011378 -0.664878)
     H   21  Q=         1.0000 1e-30 m^2  Cq=         1.2613 MHz  eta= 0.99089

     C   22    Vxx=    0.0046    axis=(  0.967821 -0.077412 -0.239438)
     C   22    Vyy=    0.5867    axis=(  0.241178  0.013836  0.970382)
     C   22    Vzz=   -0.5913    axis=( -0.071806 -0.996903  0.032061)
     C   22  Q=         1.0000 1e-30 m^2  Cq=        -1.3893 MHz  eta= 0.98434

     C   23    Vxx=   -0.1243    axis=(  0.255680  0.747126  0.613540)
     C   23    Vyy=   -0.5285    axis=( -0.964158  0.150515  0.218506)
     C   23    Vzz=    0.6529    axis=(  0.070905 -0.647417  0.758831)
     C   23  Q=         1.0000 1e-30 m^2  Cq=         1.5339 MHz  eta= 0.61917

     Cl  24    Vxx=    0.8548    axis=(  0.712559  0.643728 -0.279058)
     Cl  24    Vyy=    1.9295    axis=( -0.422657  0.076369 -0.903066)
     Cl  24    Vzz=   -2.7843    axis=( -0.560018  0.761434  0.326494)
     Cl  24  Q=        -8.1650 1e-30 m^2  Cq=        53.4149 MHz  eta= 0.38597

     Initialization:
     gipaw_setup  :      9.20s CPU     10.96s WALL (       1 calls)

     Linear response

     Apply operators

     Induced current

     Other routines
     efg          :      9.15s CPU     11.36s WALL (       1 calls)

     General routines
     calbec       :      3.20s CPU      4.07s WALL (      16 calls)
     fft          :      1.33s CPU      1.61s WALL (      15 calls)
     ffts         :      0.04s CPU      0.05s WALL (       2 calls)
     fftw         :      3.25s CPU      3.89s WALL (     672 calls)
     davcio       :      0.04s CPU      0.33s WALL (      32 calls)

     Parallel routines
     fft_scatter  :      1.88s CPU      2.65s WALL (     689 calls)

     Plugins

     GIPAW        :     61.25s CPU     77.89s WALL (       1 calls)
