
     Program QE v.6.0 (svn rev. 13079) starts on 22Jan2017 at  1:20:44 

     This program is part of the open-source Quantum ESPRESSO suite
     for quantum simulation of materials; please cite
         "P. Giannozzi et al., J. Phys.:Condens. Matter 21 395502 (2009);
          URL http://www.quantum-espresso.org", 
     in publications or presentations arising from this work. More details at
     http://www.quantum-espresso.org/quote

     Parallel version (MPI), running on     8 processors
     R & G space division:  proc/nbgrp/npool/nimage =       8

     ***** This is GIPAW svn revision unknown      *****

     Parallelizing q-star over 1 images

     Reading data from directory:
     /users/majewski/paradichlorobenzene/pbe/9_constraint/scratch/pbe.ecut100.np8.dt60.pcl2phi-129368.save
     Message from routine read_xml_file:
     file /users/majewski/paradichlorobenzene/pbe/9_constraint/scratch/pbe.ecut100.np8.dt60.pcl2phi-129368.save not guaranteed to be safe for post-processing

   Info: using nr1, nr2, nr3 values from input

   Info: using nr1, nr2, nr3 values from input

     IMPORTANT: XC functional enforced from input :
     Exchange-correlation      =  SLA  PW   PBX  PBC ( 1  4  3  4 0 0)
     Any further DFT definition will be discarded
     Please, verify this is what you really want

               file C.pbe-n-kjpaw_psl.1.0.0.UPF: wavefunction(s)  2S 2P renormalized
               file Cl.pbe-n-kjpaw_psl.1.0.0.UPF: wavefunction(s)  3S 3P renormalized
               file H.pbe-kjpaw_psl.1.0.0.UPF: wavefunction(s)  1S renormalized

     Parallelization info
     --------------------
     sticks:   dense  smooth     PW     G-vecs:    dense   smooth      PW
     Min        3057    1223    332               144436    36536    5170
     Max        3059    1225    333               144437    36537    5171
     Sum       24467    9791   2657              1155489   292295   41363


     Subspace diagonalization in iterative solution of the eigenvalue problem:
     a serial algorithm will be used

     GIPAW projectors -----------------------------------------------
     atom=  C    l=0  rc=    1.2000  rs=    0.8000
     atom=  C    l=0  rc=    1.2000  rs=    0.8000
     atom=  C    l=1  rc=    1.4000  rs=    0.9333
     atom=  C    l=1  rc=    1.4000  rs=    0.9333
     projs nearly linearly dependent: l=1  n1,n2= 1, 2  s=  0.99951561

     atom=  Cl   l=0  rc=    1.6000  rs=    1.0667
     atom=  Cl   l=0  rc=    1.6000  rs=    1.0667
     atom=  Cl   l=1  rc=    1.6000  rs=    1.0667
     atom=  Cl   l=1  rc=    1.6000  rs=    1.0667
     atom=  Cl   l=2  rc=    1.6000  rs=    1.0667
     atom=  Cl   l=2  rc=    1.6000  rs=    1.0667
     projs nearly linearly dependent: l=2  n1,n2= 1, 2  s=  0.99993509

     atom=  H    l=0  rc=    1.0000  rs=    0.6667
     atom=  H    l=0  rc=    1.0000  rs=    0.6667
     projs nearly linearly dependent: l=0  n1,n2= 1, 2  s=  0.99968852
     -----------------------------------------------------------------

     GIPAW integrals: -------------------------------------------
     Atom  i/j   nmr_para   nmr_dia   epr_rmc  epr_para   epr_dia
       C   1 1   0.83E+03  0.17E-01  0.93E+01  0.24E+08  0.24E+03
       C   2 1   0.86E+03 -0.61E-01  0.94E+01  0.25E+08  0.25E+03
       C   2 2   0.90E+03 -0.15E+00  0.97E+01  0.26E+08  0.26E+03
       C   3 3   0.33E+01  0.34E+00  0.18E+01  0.55E+03  0.21E+02
       C   4 3   0.35E+01  0.37E+00  0.20E+01  0.59E+03  0.22E+02
       C   4 4   0.38E+01  0.39E+00  0.22E+01  0.63E+03  0.24E+02
       Cl  1 1   0.14E+04 -0.47E+00  0.84E+01  0.32E+09  0.42E+03
       Cl  2 1   0.21E+04 -0.37E+00  0.12E+02  0.49E+09  0.65E+03
       Cl  2 2   0.33E+04 -0.16E+00  0.21E+02  0.76E+09  0.10E+04
       Cl  3 3   0.21E+02  0.79E-01  0.89E+01  0.23E+05  0.13E+03
       Cl  4 3   0.24E+02  0.67E-01  0.99E+01  0.27E+05  0.15E+03
       Cl  4 4   0.28E+02  0.44E-01  0.11E+02  0.32E+05  0.18E+03
       Cl  5 5   0.77E+00  0.19E+00  0.18E+01  0.12E+03  0.22E+02
       Cl  6 5   0.80E+00  0.19E+00  0.19E+01  0.12E+03  0.23E+02
       Cl  6 6   0.83E+00  0.20E+00  0.19E+01  0.12E+03  0.23E+02
       H   1 1   0.39E+02  0.19E+00  0.29E+00  0.78E+05  0.13E+02
       H   2 1   0.41E+02  0.21E+00  0.32E+00  0.82E+05  0.14E+02
       H   2 2   0.43E+02  0.22E+00  0.36E+00  0.86E+05  0.15E+02
     ------------------------------------------------------------

     alpha_pv=     33.7894 eV

     Number of occupied bands for each k-point:
     k-point:     1    nbnd_occ=  42
     k-point:     2    nbnd_occ=  42
     k-point:     3    nbnd_occ=  42
     k-point:     4    nbnd_occ=  42
     k-point:     5    nbnd_occ=  42
     k-point:     6    nbnd_occ=  42
     k-point:     7    nbnd_occ=  42
     k-point:     8    nbnd_occ=  42
     k-point:     9    nbnd_occ=  42
     k-point:    10    nbnd_occ=  42
     k-point:    11    nbnd_occ=  42
     k-point:    12    nbnd_occ=  42
     k-point:    13    nbnd_occ=  42
     k-point:    14    nbnd_occ=  42
     k-point:    15    nbnd_occ=  42
     k-point:    16    nbnd_occ=  42


     q-space interpolation up to   110.00 Rydberg

     GIPAW job: efg                                                                             


     ELECTRIC FIELD GRADIENTS TENSORS IN Hartree/bohrradius^2:

     ----- bare term -----
     Cl   1       -0.043501        0.035944        0.060181
     Cl   1        0.035944        0.030290        0.129612
     Cl   1        0.060181        0.129612        0.013211

     C    2       -0.724110        0.300118       -0.366620
     C    2        0.300118        0.150659       -0.043012
     C    2       -0.366620       -0.043012        0.573452

     C    3        0.054093       -0.042707       -0.227952
     C    3       -0.042707       -0.409566       -0.425629
     C    3       -0.227952       -0.425629        0.355473

     H    4       -0.457242        0.134926       -0.338769
     H    4        0.134926        0.122136       -0.276389
     H    4       -0.338769       -0.276389        0.335107

     C    5       -0.852769        0.325785       -0.478116
     C    5        0.325785        0.316223        0.047208
     C    5       -0.478116        0.047208        0.536546

     H    6        0.421074       -0.055328       -0.086977
     H    6       -0.055328       -0.590037       -0.653762
     H    6       -0.086977       -0.653762        0.168963

     H    7        0.420039        0.091051       -0.036325
     H    7        0.091051       -0.668377        0.414781
     H    7       -0.036325        0.414781        0.248338

     C    8       -0.198308        0.081809       -0.402305
     C    8        0.081809       -0.057921        0.473983
     C    8       -0.402305        0.473983        0.256230

     H    9       -0.162746        0.165841       -0.469933
     H    9        0.165841        0.371532        0.001135
     H    9       -0.469933        0.001135       -0.208786

     C   10       -0.138364       -0.433416       -0.189965
     C   10       -0.433416       -0.290787        0.414455
     C   10       -0.189965        0.414455        0.429151

     C   11       -0.038801        0.292224       -0.411946
     C   11        0.292224       -0.110126        0.621895
     C   11       -0.411946        0.621895        0.148927

     Cl  12       -0.049779       -0.146861        0.110748
     Cl  12       -0.146861       -0.088830       -0.014138
     Cl  12        0.110748       -0.014138        0.138608

     H   13        0.455892        0.011023        0.037090
     H   13        0.011023       -0.361575       -0.651892
     H   13        0.037090       -0.651892       -0.094317

     C   14       -0.125435       -0.014826       -0.296414
     C   14       -0.014826       -0.262461       -0.274058
     C   14       -0.296414       -0.274058        0.387896

     H   15       -0.306865       -0.286493       -0.524774
     H   15       -0.286493        0.269657       -0.279352
     H   15       -0.524774       -0.279352        0.037208

     C   16       -0.716369        0.363131       -0.347696
     C   16        0.363131        0.273375       -0.069577
     C   16       -0.347696       -0.069577        0.442994

     C   17       -0.000096       -0.137982       -0.325871
     C   17       -0.137982       -0.172924       -0.474845
     C   17       -0.325871       -0.474845        0.173019

     Cl  18       -0.181028        0.256689        0.033833
     Cl  18        0.256689        0.111003        0.105812
     Cl  18        0.033833        0.105812        0.070026

     H   19        0.443064       -0.059531       -0.290382
     H   19       -0.059531       -0.010419        0.239142
     H   19       -0.290382        0.239142       -0.432645

     C   20       -0.382407       -0.322303        0.036622
     C   20       -0.322303        0.170366        0.171208
     C   20        0.036622        0.171208        0.212041

     H   21        0.180391        0.019986       -0.170692
     H   21        0.019986        0.171681       -0.215428
     H   21       -0.170692       -0.215428       -0.352072

     C   22        0.332922       -0.029748       -0.049793
     C   22       -0.029748       -0.128355        0.059239
     C   22       -0.049793        0.059239       -0.204567

     C   23       -0.388877       -0.360270       -0.289674
     C   23       -0.360270        0.083556        0.212147
     C   23       -0.289674        0.212147        0.305320

     Cl  24        0.202896        0.164740        0.078617
     Cl  24        0.164740       -0.331132       -0.341578
     Cl  24        0.078617       -0.341578        0.128237

     ----- ionic term -----
     Cl   1        0.120329       -0.240790        0.013444
     Cl   1       -0.240790        0.045944        0.004235
     Cl   1        0.013444        0.004235       -0.166273

     C    2        0.143754       -0.207655        0.261998
     C    2       -0.207655        0.189391        0.444047
     C    2        0.261998        0.444047       -0.333144

     C    3        0.097796       -0.222822        0.189463
     C    3       -0.222822        0.199679        0.445929
     C    3        0.189463        0.445929       -0.297475

     H    4        0.518095        0.257061        0.731450
     H    4        0.257061       -0.446176        0.247979
     H    4        0.731450        0.247979       -0.071919

     C    5        0.308401       -0.179338        0.221855
     C    5       -0.179338        0.040869        0.320793
     C    5        0.221855        0.320793       -0.349270

     H    6       -0.521493       -0.015103       -0.013837
     H    6       -0.015103        0.631841        0.732087
     H    6       -0.013837        0.732087       -0.110349

     H    7       -0.516086       -0.165648        0.116727
     H    7       -0.165648        0.681116       -0.675336
     H    7        0.116727       -0.675336       -0.165030

     C    8        0.128404        0.255299        0.334725
     C    8        0.255299        0.046963       -0.248574
     C    8        0.334725       -0.248574       -0.175367

     H    9        0.479037       -0.096245        0.779332
     H    9       -0.096245       -0.517123       -0.147726
     H    9        0.779332       -0.147726        0.038086

     C   10        0.045321        0.289547        0.228413
     C   10        0.289547        0.157849       -0.375897
     C   10        0.228413       -0.375897       -0.203171

     C   11        0.041885        0.248804        0.295438
     C   11        0.248804        0.093497       -0.376076
     C   11        0.295438       -0.376076       -0.135382

     Cl  12        0.107189        0.186709       -0.000730
     Cl  12        0.186709        0.025805       -0.011550
     Cl  12       -0.000730       -0.011550       -0.132994

     H   13       -0.502295        0.081608        0.070202
     H   13        0.081608        0.659580        0.704086
     H   13        0.070202        0.704086       -0.157285

     C   14        0.319654       -0.186676        0.229870
     C   14       -0.186676        0.011201        0.324228
     C   14        0.229870        0.324228       -0.330855

     H   15        0.679320        0.169153        0.702164
     H   15        0.169153       -0.496931        0.181920
     H   15        0.702164        0.181920       -0.182389

     C   16        0.212500       -0.251281        0.159025
     C   16       -0.251281        0.121503        0.394730
     C   16        0.159025        0.394730       -0.334004

     C   17        0.272531       -0.108713        0.274155
     C   17       -0.108713        0.054851        0.398804
     C   17        0.274155        0.398804       -0.327383

     Cl  18        0.153973       -0.176181        0.014597
     Cl  18       -0.176181       -0.018318       -0.002237
     Cl  18        0.014597       -0.002237       -0.135655

     H   19       -0.512834       -0.174640        0.119334
     H   19       -0.174640        0.616719       -0.700613
     H   19        0.119334       -0.700613       -0.103884

     C   20        0.094532        0.276850        0.336232
     C   20        0.276850        0.097870       -0.224913
     C   20        0.336232       -0.224913       -0.192402

     H   21        0.010574       -0.008419        0.773416
     H   21       -0.008419       -0.489651       -0.084187
     H   21        0.773416       -0.084187        0.479077

     C   22       -0.113289        0.343288        0.239821
     C   22        0.343288        0.167567       -0.359092
     C   22        0.239821       -0.359092       -0.054277

     C   23        0.007709        0.301534        0.342091
     C   23        0.301534        0.082226       -0.375152
     C   23        0.342091       -0.375152       -0.089935

     Cl  24        0.081459        0.239216        0.021693
     Cl  24        0.239216        0.058850        0.012067
     Cl  24        0.021693        0.012067       -0.140309

     ----- GIPAW term -----
     Cl   1       -0.112072       -1.125862        0.571552
     Cl   1       -1.125862        0.993754        2.090158
     Cl   1        0.571552        2.090158       -0.881682

     C    2       -0.159991       -0.084988       -0.112731
     C    2       -0.084988        0.038022        0.183987
     C    2       -0.112731        0.183987        0.121969

     C    3       -0.096366       -0.101264       -0.087051
     C    3       -0.101264        0.024615        0.166640
     C    3       -0.087051        0.166640        0.071751

     H    4       -0.000000        0.000000        0.000000
     H    4        0.000000        0.000000        0.000000
     H    4        0.000000        0.000000        0.000000

     C    5       -0.210149       -0.039704       -0.118171
     C    5       -0.039704        0.143466        0.206455
     C    5       -0.118171        0.206455        0.066683

     H    6       -0.000000        0.000000        0.000000
     H    6        0.000000        0.000000        0.000000
     H    6        0.000000        0.000000        0.000000

     H    7       -0.000000        0.000000        0.000000
     H    7        0.000000        0.000000        0.000000
     H    7        0.000000        0.000000        0.000000

     C    8       -0.018679        0.119760       -0.085121
     C    8        0.119760        0.050888        0.069911
     C    8       -0.085121        0.069911       -0.032209

     H    9       -0.000000        0.000000        0.000000
     H    9        0.000000        0.000000        0.000000
     H    9        0.000000        0.000000        0.000000

     C   10        0.048419       -0.036079       -0.050715
     C   10       -0.036079       -0.073673        0.046672
     C   10       -0.050715        0.046672        0.025254

     C   11        0.132882        0.250661       -0.022481
     C   11        0.250661       -0.026715        0.119857
     C   11       -0.022481        0.119857       -0.106167

     Cl  12        1.311572        1.492415        0.916041
     Cl  12        1.492415       -0.619056       -0.142176
     Cl  12        0.916041       -0.142176       -0.692516

     H   13       -0.000000        0.000000        0.000000
     H   13        0.000000        0.000000        0.000000
     H   13        0.000000        0.000000        0.000000

     C   14       -0.100425       -0.071180       -0.095190
     C   14       -0.071180       -0.047696        0.139509
     C   14       -0.095190        0.139509        0.148121

     H   15       -0.000000        0.000000        0.000000
     H   15        0.000000        0.000000        0.000000
     H   15        0.000000        0.000000        0.000000

     C   16       -0.252913        0.018330       -0.082771
     C   16        0.018330        0.230660        0.151399
     C   16       -0.082771        0.151399        0.022252

     C   17       -0.042093       -0.159161       -0.058756
     C   17       -0.159161        0.116812        0.105646
     C   17       -0.058756        0.105646       -0.074718

     Cl  18       -0.335705        0.095108        0.545801
     Cl  18        0.095108        1.794561        1.645763
     Cl  18        0.545801        1.645763       -1.458855

     H   19       -0.000000        0.000000        0.000000
     H   19        0.000000        0.000000        0.000000
     H   19        0.000000        0.000000        0.000000

     C   20       -0.086766        0.022011        0.054775
     C   20        0.022011        0.073886        0.103517
     C   20        0.054775        0.103517        0.012881

     H   21       -0.000000        0.000000        0.000000
     H   21        0.000000        0.000000        0.000000
     H   21        0.000000        0.000000        0.000000

     C   22        0.022521        0.007422        0.000791
     C   22        0.007422        0.012405       -0.018381
     C   22        0.000791       -0.018381       -0.034926

     C   23       -0.095867       -0.026954       -0.045402
     C   23       -0.026954        0.122407        0.125406
     C   23       -0.045402        0.125406       -0.026540

     Cl  24        0.196303        0.246175       -0.413456
     Cl  24        0.246175        0.575527        0.703095
     Cl  24       -0.413456        0.703095       -0.771830

     ----- total EFG -----
     Cl   1       -0.035244       -1.330707        0.645177
     Cl   1       -1.330707        1.069988        2.224005
     Cl   1        0.645177        2.224005       -1.034744

     C    2       -0.740348        0.007475       -0.217353
     C    2        0.007475        0.378072        0.585021
     C    2       -0.217353        0.585021        0.362276

     C    3        0.055523       -0.366793       -0.125541
     C    3       -0.366793       -0.185272        0.186940
     C    3       -0.125541        0.186940        0.129749

     H    4        0.060852        0.391988        0.392681
     H    4        0.391988       -0.324041       -0.028410
     H    4        0.392681       -0.028410        0.263188

     C    5       -0.754517        0.106743       -0.374432
     C    5        0.106743        0.500558        0.574456
     C    5       -0.374432        0.574456        0.253958

     H    6       -0.100419       -0.070431       -0.100814
     H    6       -0.070431        0.041805        0.078325
     H    6       -0.100814        0.078325        0.058614

     H    7       -0.096046       -0.074597        0.080402
     H    7       -0.074597        0.012739       -0.260555
     H    7        0.080402       -0.260555        0.083307

     C    8       -0.088583        0.456868       -0.152701
     C    8        0.456868        0.039929        0.295319
     C    8       -0.152701        0.295319        0.048654

     H    9        0.316291        0.069596        0.309399
     H    9        0.069596       -0.145591       -0.146591
     H    9        0.309399       -0.146591       -0.170700

     C   10       -0.044624       -0.179948       -0.012266
     C   10       -0.179948       -0.206611        0.085229
     C   10       -0.012266        0.085229        0.251234

     C   11        0.135966        0.791689       -0.138988
     C   11        0.791689       -0.043344        0.365676
     C   11       -0.138988        0.365676       -0.092623

     Cl  12        1.368982        1.532264        1.026058
     Cl  12        1.532264       -0.682080       -0.167864
     Cl  12        1.026058       -0.167864       -0.686901

     H   13       -0.046402        0.092631        0.107292
     H   13        0.092631        0.298004        0.052193
     H   13        0.107292        0.052193       -0.251602

     C   14        0.093794       -0.272681       -0.161734
     C   14       -0.272681       -0.298956        0.189678
     C   14       -0.161734        0.189678        0.205162

     H   15        0.372455       -0.117340        0.177391
     H   15       -0.117340       -0.227274       -0.097432
     H   15        0.177391       -0.097432       -0.145181

     C   16       -0.756781        0.130180       -0.271442
     C   16        0.130180        0.625539        0.476552
     C   16       -0.271442        0.476552        0.131243

     C   17        0.230342       -0.405856       -0.110471
     C   17       -0.405856       -0.001261        0.029605
     C   17       -0.110471        0.029605       -0.229082

     Cl  18       -0.362761        0.175616        0.594231
     Cl  18        0.175616        1.887245        1.749338
     Cl  18        0.594231        1.749338       -1.524485

     H   19       -0.069770       -0.234172       -0.171048
     H   19       -0.234172        0.606299       -0.461471
     H   19       -0.171048       -0.461471       -0.536529

     C   20       -0.374641       -0.023443        0.427628
     C   20       -0.023443        0.342122        0.049813
     C   20        0.427628        0.049813        0.032519

     H   21        0.190965        0.011567        0.602724
     H   21        0.011567       -0.317970       -0.299615
     H   21        0.602724       -0.299615        0.127005

     C   22        0.242154        0.320962        0.190819
     C   22        0.320962        0.051616       -0.318234
     C   22        0.190819       -0.318234       -0.293771

     C   23       -0.477035       -0.085690        0.007015
     C   23       -0.085690        0.288189       -0.037599
     C   23        0.007015       -0.037599        0.188846

     Cl  24        0.480657        0.650131       -0.313146
     Cl  24        0.650131        0.303245        0.373584
     Cl  24       -0.313146        0.373584       -0.783903

     ----- total EFG (symmetrized) -----
     Cl   1       -0.035244       -1.330707        0.645177
     Cl   1       -1.330707        1.069988        2.224005
     Cl   1        0.645177        2.224005       -1.034744

     C    2       -0.740348        0.007475       -0.217353
     C    2        0.007475        0.378072        0.585021
     C    2       -0.217353        0.585021        0.362276

     C    3        0.055523       -0.366793       -0.125541
     C    3       -0.366793       -0.185272        0.186940
     C    3       -0.125541        0.186940        0.129749

     H    4        0.060852        0.391988        0.392681
     H    4        0.391988       -0.324041       -0.028410
     H    4        0.392681       -0.028410        0.263188

     C    5       -0.754517        0.106743       -0.374432
     C    5        0.106743        0.500558        0.574456
     C    5       -0.374432        0.574456        0.253958

     H    6       -0.100419       -0.070431       -0.100814
     H    6       -0.070431        0.041805        0.078325
     H    6       -0.100814        0.078325        0.058614

     H    7       -0.096046       -0.074597        0.080402
     H    7       -0.074597        0.012739       -0.260555
     H    7        0.080402       -0.260555        0.083307

     C    8       -0.088583        0.456868       -0.152701
     C    8        0.456868        0.039929        0.295319
     C    8       -0.152701        0.295319        0.048654

     H    9        0.316291        0.069596        0.309399
     H    9        0.069596       -0.145591       -0.146591
     H    9        0.309399       -0.146591       -0.170700

     C   10       -0.044624       -0.179948       -0.012266
     C   10       -0.179948       -0.206611        0.085229
     C   10       -0.012266        0.085229        0.251234

     C   11        0.135966        0.791689       -0.138988
     C   11        0.791689       -0.043344        0.365676
     C   11       -0.138988        0.365676       -0.092623

     Cl  12        1.368982        1.532264        1.026058
     Cl  12        1.532264       -0.682080       -0.167864
     Cl  12        1.026058       -0.167864       -0.686901

     H   13       -0.046402        0.092631        0.107292
     H   13        0.092631        0.298004        0.052193
     H   13        0.107292        0.052193       -0.251602

     C   14        0.093794       -0.272681       -0.161734
     C   14       -0.272681       -0.298956        0.189678
     C   14       -0.161734        0.189678        0.205162

     H   15        0.372455       -0.117340        0.177391
     H   15       -0.117340       -0.227274       -0.097432
     H   15        0.177391       -0.097432       -0.145181

     C   16       -0.756781        0.130180       -0.271442
     C   16        0.130180        0.625539        0.476552
     C   16       -0.271442        0.476552        0.131243

     C   17        0.230342       -0.405856       -0.110471
     C   17       -0.405856       -0.001261        0.029605
     C   17       -0.110471        0.029605       -0.229082

     Cl  18       -0.362761        0.175616        0.594231
     Cl  18        0.175616        1.887245        1.749338
     Cl  18        0.594231        1.749338       -1.524485

     H   19       -0.069770       -0.234172       -0.171048
     H   19       -0.234172        0.606299       -0.461471
     H   19       -0.171048       -0.461471       -0.536529

     C   20       -0.374641       -0.023443        0.427628
     C   20       -0.023443        0.342122        0.049813
     C   20        0.427628        0.049813        0.032519

     H   21        0.190965        0.011567        0.602724
     H   21        0.011567       -0.317970       -0.299615
     H   21        0.602724       -0.299615        0.127005

     C   22        0.242154        0.320962        0.190819
     C   22        0.320962        0.051616       -0.318234
     C   22        0.190819       -0.318234       -0.293771

     C   23       -0.477035       -0.085690        0.007015
     C   23       -0.085690        0.288189       -0.037599
     C   23        0.007015       -0.037599        0.188846

     Cl  24        0.480657        0.650131       -0.313146
     Cl  24        0.650131        0.303245        0.373584
     Cl  24       -0.313146        0.373584       -0.783903


     NQR/NMR SPECTROSCOPIC PARAMETERS:
     Cl   1    Vxx=    0.2716    axis=( -0.864146 -0.043792 -0.501331)
     Cl   1    Vyy=    2.7254    axis=( -0.301714  0.842391  0.446482)
     Cl   1    Vzz=   -2.9970    axis=( -0.402765 -0.537085  0.741161)
     Cl   1  Q=        -8.1650 1e-30 m^2  Cq=        57.4956 MHz  eta= 0.81874

     C    2    Vxx=   -0.1714    axis=( -0.262278 -0.701719  0.662421)
     C    2    Vyy=   -0.7967    axis=( -0.961062  0.128054 -0.244870)
     C    2    Vzz=    0.9681    axis=(  0.087004 -0.700852 -0.707981)
     C    2  Q=         1.0000 1e-30 m^2  Cq=         2.2747 MHz  eta= 0.64592

     C    3    Vxx=    0.0028    axis=(  0.526323 -0.206646  0.824792)
     C    3    Vyy=    0.4594    axis=( -0.649609  0.528159  0.546861)
     C    3    Vzz=   -0.4622    axis=( -0.548628 -0.823618  0.143743)
     C    3  Q=         1.0000 1e-30 m^2  Cq=        -1.0860 MHz  eta= 0.98788

     H    4    Vxx=    0.0112    axis=( -0.463327 -0.597213  0.654725)
     H    4    Vyy=    0.6249    axis=(  0.665209  0.253758  0.702213)
     H    4    Vzz=   -0.6361    axis=(  0.585513 -0.760883 -0.279699)
     H    4  Q=         1.0000 1e-30 m^2  Cq=        -1.4946 MHz  eta= 0.96474

     C    5    Vxx=   -0.0370    axis=( -0.434509 -0.615975  0.657097)
     C    5    Vyy=   -0.9421    axis=( -0.895826  0.220027 -0.386113)
     C    5    Vzz=    0.9791    axis=(  0.093257 -0.756415 -0.647410)
     C    5  Q=         1.0000 1e-30 m^2  Cq=         2.3004 MHz  eta= 0.92452

     H    6    Vxx=   -0.0272    axis=( -0.088336 -0.785313  0.612764)
     H    6    Vyy=   -0.1547    axis=( -0.913165 -0.181892 -0.364753)
     H    6    Vzz=    0.1819    axis=(  0.397902 -0.591776 -0.701053)
     H    6  Q=         1.0000 1e-30 m^2  Cq=         0.4275 MHz  eta= 0.70065

     H    7    Vxx=   -0.1236    axis=( -0.969033 -0.134682  0.206967)
     H    7    Vyy=   -0.2150    axis=( -0.034050 -0.757272 -0.652211)
     H    7    Vzz=    0.3386    axis=(  0.244571 -0.639061  0.729236)
     H    7  Q=         1.0000 1e-30 m^2  Cq=         0.7956 MHz  eta= 0.27003

     C    8    Vxx=    0.1474    axis=( -0.542815  0.000277  0.839852)
     C    8    Vyy=    0.4820    axis=(  0.529790  0.776048  0.342158)
     C    8    Vzz=   -0.6295    axis=( -0.651671  0.630674 -0.421397)
     C    8  Q=         1.0000 1e-30 m^2  Cq=        -1.4790 MHz  eta= 0.53153

     H    9    Vxx=   -0.0488    axis=(  0.225845  0.858871 -0.459712)
     H    9    Vyy=   -0.4177    axis=( -0.374399  0.512187  0.772975)
     H    9    Vzz=    0.4665    axis=(  0.899344 -0.002457  0.437236)
     H    9  Q=         1.0000 1e-30 m^2  Cq=         1.0961 MHz  eta= 0.79068

     C   10    Vxx=    0.0562    axis=(  0.833577 -0.485033  0.264372)
     C   10    Vyy=    0.2741    axis=( -0.168310  0.232825  0.957844)
     C   10    Vzz=   -0.3303    axis=( -0.526138 -0.842932  0.112442)
     C   10  Q=         1.0000 1e-30 m^2  Cq=        -0.7761 MHz  eta= 0.65975

     C   11    Vxx=    0.0495    axis=( -0.391343  0.200406  0.898158)
     C   11    Vyy=    0.8654    axis=( -0.712259 -0.683965 -0.157731)
     C   11    Vzz=   -0.9150    axis=(  0.582698 -0.701448  0.410406)
     C   11  Q=         1.0000 1e-30 m^2  Cq=        -2.1498 MHz  eta= 0.89173

     Cl  12    Vxx=   -0.5281    axis=(  0.030546 -0.581983  0.812627)
     Cl  12    Vyy=   -1.8866    axis=( -0.492420  0.698739  0.518928)
     Cl  12    Vzz=    2.4147    axis=(  0.869821  0.416005  0.265236)
     Cl  12  Q=        -8.1650 1e-30 m^2  Cq=       -46.3246 MHz  eta= 0.56258

     H   13    Vxx=   -0.0341    axis=(  0.881534 -0.302781  0.362245)
     H   13    Vyy=   -0.2977    axis=( -0.386097 -0.020764  0.922224)
     H   13    Vzz=    0.3318    axis=( -0.271710 -0.952834 -0.135208)
     H   13  Q=         1.0000 1e-30 m^2  Cq=         0.7797 MHz  eta= 0.79430

     C   14    Vxx=   -0.0008    axis=( -0.686540  0.179681 -0.704540)
     C   14    Vyy=   -0.4541    axis=( -0.401217 -0.901723  0.160996)
     C   14    Vzz=    0.4550    axis=( -0.606372  0.393204  0.691161)
     C   14  Q=         1.0000 1e-30 m^2  Cq=         1.0690 MHz  eta= 0.99642

     H   15    Vxx=   -0.1647    axis=( -0.368135 -0.515061  0.774073)
     H   15    Vyy=   -0.2920    axis=( -0.000772  0.832709  0.553710)
     H   15    Vzz=    0.4567    axis=( -0.929772  0.203243 -0.306947)
     H   15  Q=         1.0000 1e-30 m^2  Cq=         1.0730 MHz  eta= 0.27862

     C   16    Vxx=   -0.0344    axis=( -0.382603 -0.490111  0.783202)
     C   16    Vyy=   -0.8814    axis=( -0.923723  0.185742 -0.335016)
     C   16    Vzz=    0.9158    axis=(  0.018721 -0.851640 -0.523793)
     C   16  Q=         1.0000 1e-30 m^2  Cq=         2.1517 MHz  eta= 0.92494

     C   17    Vxx=   -0.2223    axis=(  0.169953  0.430786 -0.886307)
     C   17    Vyy=   -0.3288    axis=(  0.582346  0.681647  0.442979)
     C   17    Vzz=    0.5510    axis=( -0.794977  0.591423  0.135019)
     C   17  Q=         1.0000 1e-30 m^2  Cq=         1.2947 MHz  eta= 0.19321

     Cl  18    Vxx=   -0.2985    axis=(  0.963305 -0.210591  0.166421)
     Cl  18    Vyy=   -2.3778    axis=(  0.234777  0.360580 -0.902697)
     Cl  18    Vzz=    2.6763    axis=(  0.130092  0.908644  0.396790)
     Cl  18  Q=        -8.1650 1e-30 m^2  Cq=       -51.3434 MHz  eta= 0.77694

     H   19    Vxx=   -0.0196    axis=(  0.925714  0.072681 -0.371176)
     H   19    Vyy=   -0.7820    axis=( -0.325389 -0.347236 -0.879516)
     H   19    Vzz=    0.8016    axis=( -0.192810  0.934957 -0.297792)
     H   19  Q=         1.0000 1e-30 m^2  Cq=         1.8834 MHz  eta= 0.95117

     C   20    Vxx=    0.2872    axis=( -0.493419  0.459491 -0.738516)
     C   20    Vyy=    0.3596    axis=( -0.210976 -0.886942 -0.410881)
     C   20    Vzz=   -0.6469    axis=( -0.843817 -0.046927  0.534576)
     C   20  Q=         1.0000 1e-30 m^2  Cq=        -1.5199 MHz  eta= 0.11191

     H   21    Vxx=   -0.1729    axis=( -0.550138 -0.759714  0.346674)
     H   21    Vyy=   -0.6260    axis=(  0.469300 -0.624652 -0.624153)
     H   21    Vzz=    0.7989    axis=(  0.690729 -0.180677  0.700178)
     H   21  Q=         1.0000 1e-30 m^2  Cq=         1.8771 MHz  eta= 0.56723

     C   22    Vxx=    0.1304    axis=( -0.507473  0.563999 -0.651442)
     C   22    Vyy=    0.4841    axis=( -0.777910 -0.625018  0.064870)
     C   22    Vzz=   -0.6145    axis=( -0.370576  0.539683  0.755920)
     C   22  Q=         1.0000 1e-30 m^2  Cq=        -1.4439 MHz  eta= 0.57562

     C   23    Vxx=    0.1768    axis=( -0.029033  0.299608  0.953621)
     C   23    Vyy=    0.3097    axis=( -0.105908  0.947731 -0.300981)
     C   23    Vzz=   -0.4865    axis=( -0.993952 -0.109735  0.004215)
     C   23  Q=         1.0000 1e-30 m^2  Cq=        -1.1431 MHz  eta= 0.27313

     Cl  24    Vxx=    0.0282    axis=( -0.567551  0.642776  0.514514)
     Cl  24    Vyy=    1.0482    axis=( -0.751934 -0.659212 -0.005898)
     Cl  24    Vzz=   -1.0764    axis=(  0.335382 -0.390228  0.857462)
     Cl  24  Q=        -8.1650 1e-30 m^2  Cq=        20.6502 MHz  eta= 0.94753

     Initialization:
     gipaw_setup  :      8.98s CPU     10.90s WALL (       1 calls)

     Linear response

     Apply operators

     Induced current

     Other routines
     efg          :      9.34s CPU     12.04s WALL (       1 calls)

     General routines
     calbec       :      3.30s CPU      4.48s WALL (      16 calls)
     fft          :      1.56s CPU      2.73s WALL (      15 calls)
     ffts         :      0.05s CPU      0.06s WALL (       2 calls)
     fftw         :      3.30s CPU      4.04s WALL (     672 calls)
     davcio       :      0.04s CPU      0.34s WALL (      32 calls)

     Parallel routines
     fft_scatter  :      2.25s CPU      3.98s WALL (     689 calls)

     Plugins

     GIPAW        :     61.17s CPU     73.96s WALL (       1 calls)
