
     Program QE v.6.0 (svn rev. 13079) starts on  2Jan2017 at  7: 7:31 

     This program is part of the open-source Quantum ESPRESSO suite
     for quantum simulation of materials; please cite
         "P. Giannozzi et al., J. Phys.:Condens. Matter 21 395502 (2009);
          URL http://www.quantum-espresso.org", 
     in publications or presentations arising from this work. More details at
     http://www.quantum-espresso.org/quote

     Parallel version (MPI), running on     8 processors
     R & G space division:  proc/nbgrp/npool/nimage =       8

     ***** This is GIPAW svn revision unknown      *****

     Parallelizing q-star over 1 images

     Reading data from directory:
     /users/majewski/paradichlorobenzene/pbe/9_constraint/scratch/pbe.ecut100.np8.dt60.pcl2phi-129368.save
     Message from routine read_xml_file:
     file /users/majewski/paradichlorobenzene/pbe/9_constraint/scratch/pbe.ecut100.np8.dt60.pcl2phi-129368.save not guaranteed to be safe for post-processing

   Info: using nr1, nr2, nr3 values from input

   Info: using nr1, nr2, nr3 values from input

     IMPORTANT: XC functional enforced from input :
     Exchange-correlation      =  SLA  PW   PBX  PBC ( 1  4  3  4 0 0)
     Any further DFT definition will be discarded
     Please, verify this is what you really want

               file C.pbe-n-kjpaw_psl.1.0.0.UPF: wavefunction(s)  2S 2P renormalized
               file Cl.pbe-n-kjpaw_psl.1.0.0.UPF: wavefunction(s)  3S 3P renormalized
               file H.pbe-kjpaw_psl.1.0.0.UPF: wavefunction(s)  1S renormalized

     Parallelization info
     --------------------
     sticks:   dense  smooth     PW     G-vecs:    dense   smooth      PW
     Min        3057    1223    332               144436    36536    5170
     Max        3059    1225    333               144437    36537    5171
     Sum       24467    9791   2657              1155489   292295   41363


     Subspace diagonalization in iterative solution of the eigenvalue problem:
     a serial algorithm will be used

     GIPAW projectors -----------------------------------------------
     atom=  C    l=0  rc=    1.2000  rs=    0.8000
     atom=  C    l=0  rc=    1.2000  rs=    0.8000
     atom=  C    l=1  rc=    1.4000  rs=    0.9333
     atom=  C    l=1  rc=    1.4000  rs=    0.9333
     projs nearly linearly dependent: l=1  n1,n2= 1, 2  s=  0.99951561

     atom=  Cl   l=0  rc=    1.6000  rs=    1.0667
     atom=  Cl   l=0  rc=    1.6000  rs=    1.0667
     atom=  Cl   l=1  rc=    1.6000  rs=    1.0667
     atom=  Cl   l=1  rc=    1.6000  rs=    1.0667
     atom=  Cl   l=2  rc=    1.6000  rs=    1.0667
     atom=  Cl   l=2  rc=    1.6000  rs=    1.0667
     projs nearly linearly dependent: l=2  n1,n2= 1, 2  s=  0.99993509

     atom=  H    l=0  rc=    1.0000  rs=    0.6667
     atom=  H    l=0  rc=    1.0000  rs=    0.6667
     projs nearly linearly dependent: l=0  n1,n2= 1, 2  s=  0.99968852
     -----------------------------------------------------------------

     GIPAW integrals: -------------------------------------------
     Atom  i/j   nmr_para   nmr_dia   epr_rmc  epr_para   epr_dia
       C   1 1   0.83E+03  0.17E-01  0.93E+01  0.24E+08  0.24E+03
       C   2 1   0.86E+03 -0.61E-01  0.94E+01  0.25E+08  0.25E+03
       C   2 2   0.90E+03 -0.15E+00  0.97E+01  0.26E+08  0.26E+03
       C   3 3   0.33E+01  0.34E+00  0.18E+01  0.55E+03  0.21E+02
       C   4 3   0.35E+01  0.37E+00  0.20E+01  0.59E+03  0.22E+02
       C   4 4   0.38E+01  0.39E+00  0.22E+01  0.63E+03  0.24E+02
       Cl  1 1   0.14E+04 -0.47E+00  0.84E+01  0.32E+09  0.42E+03
       Cl  2 1   0.21E+04 -0.37E+00  0.12E+02  0.49E+09  0.65E+03
       Cl  2 2   0.33E+04 -0.16E+00  0.21E+02  0.76E+09  0.10E+04
       Cl  3 3   0.21E+02  0.79E-01  0.89E+01  0.23E+05  0.13E+03
       Cl  4 3   0.24E+02  0.67E-01  0.99E+01  0.27E+05  0.15E+03
       Cl  4 4   0.28E+02  0.44E-01  0.11E+02  0.32E+05  0.18E+03
       Cl  5 5   0.77E+00  0.19E+00  0.18E+01  0.12E+03  0.22E+02
       Cl  6 5   0.80E+00  0.19E+00  0.19E+01  0.12E+03  0.23E+02
       Cl  6 6   0.83E+00  0.20E+00  0.19E+01  0.12E+03  0.23E+02
       H   1 1   0.39E+02  0.19E+00  0.29E+00  0.78E+05  0.13E+02
       H   2 1   0.41E+02  0.21E+00  0.32E+00  0.82E+05  0.14E+02
       H   2 2   0.43E+02  0.22E+00  0.36E+00  0.86E+05  0.15E+02
     ------------------------------------------------------------

     alpha_pv=     34.2173 eV

     Number of occupied bands for each k-point:
     k-point:     1    nbnd_occ=  42
     k-point:     2    nbnd_occ=  42
     k-point:     3    nbnd_occ=  42
     k-point:     4    nbnd_occ=  42
     k-point:     5    nbnd_occ=  42
     k-point:     6    nbnd_occ=  42
     k-point:     7    nbnd_occ=  42
     k-point:     8    nbnd_occ=  42
     k-point:     9    nbnd_occ=  42
     k-point:    10    nbnd_occ=  42
     k-point:    11    nbnd_occ=  42
     k-point:    12    nbnd_occ=  42
     k-point:    13    nbnd_occ=  42
     k-point:    14    nbnd_occ=  42
     k-point:    15    nbnd_occ=  42
     k-point:    16    nbnd_occ=  42


     q-space interpolation up to   110.00 Rydberg

     GIPAW job: efg                                                                             


     ELECTRIC FIELD GRADIENTS TENSORS IN Hartree/bohrradius^2:

     ----- bare term -----
     Cl   1        0.113108       -0.027740       -0.044888
     Cl   1       -0.027740       -0.013163       -0.011616
     Cl   1       -0.044888       -0.011616       -0.099945

     C    2       -0.062506        0.355573       -0.245386
     C    2        0.355573       -0.256418       -0.468503
     C    2       -0.245386       -0.468503        0.318924

     C    3       -0.134279        0.155529       -0.370463
     C    3        0.155529       -0.178595       -0.494222
     C    3       -0.370463       -0.494222        0.312873

     H    4       -0.529643       -0.301279       -0.423446
     H    4       -0.301279        0.312375       -0.183810
     H    4       -0.423446       -0.183810        0.217268

     C    5       -0.285499        0.359598       -0.108077
     C    5        0.359598       -0.173105       -0.405981
     C    5       -0.108077       -0.405981        0.458605

     H    6        0.433527       -0.049684       -0.102088
     H    6       -0.049684       -0.220048       -0.486429
     H    6       -0.102088       -0.486429       -0.213479

     H    7        0.350755        0.166696       -0.177442
     H    7        0.166696       -0.318792        0.564705
     H    7       -0.177442        0.564705       -0.031963

     C    8       -0.202379       -0.353253       -0.115370
     C    8       -0.353253       -0.311443        0.401045
     C    8       -0.115370        0.401045        0.513822

     H    9       -0.547905        0.231199       -0.457792
     H    9        0.231199        0.350240        0.172439
     H    9       -0.457792        0.172439        0.197665

     C   10       -0.160991       -0.176610       -0.361325
     C   10       -0.176610       -0.151630        0.474448
     C   10       -0.361325        0.474448        0.312621

     C   11       -0.040135       -0.314175       -0.197272
     C   11       -0.314175       -0.264061        0.497189
     C   11       -0.197272        0.497189        0.304196

     Cl  12       -0.035790       -0.096233       -0.075405
     Cl  12       -0.096233        0.049577        0.086611
     Cl  12       -0.075405        0.086611       -0.013787

     H   13        0.409342       -0.088964       -0.039224
     H   13       -0.088964       -0.636960       -0.310949
     H   13       -0.039224       -0.310949        0.227618

     C   14       -0.282973        0.021860       -0.423534
     C   14        0.021860       -0.032343       -0.429963
     C   14       -0.423534       -0.429963        0.315315

     H   15       -0.381313       -0.388108       -0.304928
     H   15       -0.388108        0.165890       -0.007588
     H   15       -0.304928       -0.007588        0.215423

     C   16       -0.150743        0.420452        0.043714
     C   16        0.420452       -0.373981       -0.529842
     C   16        0.043714       -0.529842        0.524724

     C   17       -0.271969       -0.192449       -0.298286
     C   17       -0.192449       -0.085490       -0.562132
     C   17       -0.298286       -0.562132        0.357460

     Cl  18        0.013424        0.146794        0.049579
     Cl  18        0.146794       -0.007019        0.192521
     Cl  18        0.049579        0.192521       -0.006406

     H   19        0.393295        0.041888       -0.066553
     H   19        0.041888       -0.567973        0.432557
     H   19       -0.066553        0.432557        0.174677

     C   20       -0.565625       -0.251444       -0.401213
     C   20       -0.251444        0.137012        0.245093
     C   20       -0.401213        0.245093        0.428613

     H   21       -0.505826        0.294399       -0.318879
     H   21        0.294399        0.317216        0.144863
     H   21       -0.318879        0.144863        0.188610

     C   22       -0.110312       -0.261403       -0.149574
     C   22       -0.261403       -0.499420        0.471141
     C   22       -0.149574        0.471141        0.609733

     C   23       -0.530152       -0.046002       -0.317000
     C   23       -0.046002       -0.048809        0.347852
     C   23       -0.317000        0.347852        0.578961

     Cl  24       -0.039208       -0.047577        0.030016
     Cl  24       -0.047577       -0.017681       -0.022490
     Cl  24        0.030016       -0.022490        0.056889

     ----- ionic term -----
     Cl   1        0.140921       -0.234486        0.005375
     Cl   1       -0.234486        0.014915       -0.002591
     Cl   1        0.005375       -0.002591       -0.155835

     C    2        0.243853       -0.187634        0.223697
     C    2       -0.187634        0.102835        0.394869
     C    2        0.223697        0.394869       -0.346688

     C    3        0.214017       -0.253582        0.122777
     C    3       -0.253582        0.123023        0.429736
     C    3        0.122777        0.429736       -0.337041

     H    4        0.576049        0.344090        0.652494
     H    4        0.344090       -0.418169        0.279340
     H    4        0.652494        0.279340       -0.157880

     C    5        0.399128       -0.194931        0.193973
     C    5       -0.194931       -0.040886        0.351506
     C    5        0.193973        0.351506       -0.358243

     H    6       -0.510769        0.000160       -0.004142
     H    6        0.000160        0.561623        0.768214
     H    6       -0.004142        0.768214       -0.050854

     H    7       -0.494407       -0.106635        0.076473
     H    7       -0.106635        0.656830       -0.700912
     H    7        0.076473       -0.700912       -0.162423

     C    8        0.320072        0.144652        0.181297
     C    8        0.144652        0.037955       -0.317371
     C    8        0.181297       -0.317371       -0.358028

     H    9        0.577896       -0.297250        0.658750
     H    9       -0.297250       -0.445423       -0.258459
     H    9        0.658750       -0.258459       -0.132473

     C   10        0.135742        0.203415        0.130831
     C   10        0.203415        0.168596       -0.433882
     C   10        0.130831       -0.433882       -0.304338

     C   11        0.277028        0.200607        0.214210
     C   11        0.200607        0.090412       -0.417992
     C   11        0.214210       -0.417992       -0.367439

     Cl  12        0.156771        0.240820       -0.021155
     Cl  12        0.240820        0.006556       -0.018264
     Cl  12       -0.021155       -0.018264       -0.163327

     H   13       -0.493848        0.200038        0.107687
     H   13        0.200038        0.792538        0.621483
     H   13        0.107687        0.621483       -0.298690

     C   14        0.346723       -0.147451        0.211702
     C   14       -0.147451        0.051453        0.308432
     C   14        0.211702        0.308432       -0.398176

     H   15        0.720059        0.382510        0.546939
     H   15        0.382510       -0.390916        0.251342
     H   15        0.546939        0.251342       -0.329143

     C   16        0.222274       -0.230561        0.106006
     C   16       -0.230561        0.121955        0.414120
     C   16        0.106006        0.414120       -0.344228

     C   17        0.344589       -0.108786        0.183572
     C   17       -0.108786       -0.036131        0.431217
     C   17        0.183572        0.431217       -0.308458

     Cl  18        0.202004       -0.177787       -0.037604
     Cl  18       -0.177787       -0.077901        0.028132
     Cl  18       -0.037604        0.028132       -0.124103

     H   19       -0.498840       -0.147932        0.078827
     H   19       -0.147932        0.732307       -0.664846
     H   19        0.078827       -0.664846       -0.233468

     C   20        0.360157        0.120808        0.217712
     C   20        0.120808       -0.003649       -0.309608
     C   20        0.217712       -0.309608       -0.356508

     H   21        0.575782       -0.356464        0.662681
     H   21       -0.356464       -0.405991       -0.269907
     H   21        0.662681       -0.269907       -0.169791

     C   22        0.155070        0.157151        0.139771
     C   22        0.157151        0.132215       -0.428506
     C   22        0.139771       -0.428506       -0.287285

     C   23        0.163084        0.148054        0.183314
     C   23        0.148054        0.160834       -0.425887
     C   23        0.183314       -0.425887       -0.323918

     Cl  24        0.101132        0.212012       -0.007184
     Cl  24        0.212012        0.040964       -0.016205
     Cl  24       -0.007184       -0.016205       -0.142096

     ----- GIPAW term -----
     Cl   1        2.262403       -2.173240       -0.367277
     Cl   1       -2.173240       -0.145117       -0.103357
     Cl   1       -0.367277       -0.103357       -2.117286

     C    2        0.191227       -0.016187       -0.090243
     C    2       -0.016187       -0.105717       -0.072384
     C    2       -0.090243       -0.072384       -0.085510

     C    3        0.040565        0.027285       -0.117413
     C    3        0.027285       -0.043731       -0.085168
     C    3       -0.117413       -0.085168        0.003166

     H    4       -0.000000        0.000000        0.000000
     H    4        0.000000        0.000000        0.000000
     H    4        0.000000        0.000000        0.000000

     C    5        0.016488        0.001195        0.075010
     C    5        0.001195       -0.075063       -0.114988
     C    5        0.075010       -0.114988        0.058575

     H    6       -0.000000        0.000000        0.000000
     H    6        0.000000        0.000000        0.000000
     H    6        0.000000        0.000000        0.000000

     H    7       -0.000000        0.000000        0.000000
     H    7        0.000000        0.000000        0.000000
     H    7        0.000000        0.000000        0.000000

     C    8       -0.024282       -0.081994        0.064939
     C    8       -0.081994       -0.139705        0.049102
     C    8        0.064939        0.049102        0.163987

     H    9       -0.000000        0.000000        0.000000
     H    9        0.000000        0.000000        0.000000
     H    9        0.000000        0.000000        0.000000

     C   10        0.035977       -0.039836       -0.099167
     C   10       -0.039836       -0.034640        0.078357
     C   10       -0.099167        0.078357       -0.001338

     C   11        0.165094        0.017557       -0.020019
     C   11        0.017557       -0.078805        0.070071
     C   11       -0.020019        0.070071       -0.086289

     Cl  12        1.172882        1.438348       -0.668974
     Cl  12        1.438348        0.434964        0.709743
     Cl  12       -0.668974        0.709743       -1.607846

     H   13       -0.000000        0.000000        0.000000
     H   13        0.000000        0.000000        0.000000
     H   13        0.000000        0.000000        0.000000

     C   14        0.061364       -0.038032       -0.038465
     C   14       -0.038032       -0.061401       -0.089989
     C   14       -0.038465       -0.089989        0.000037

     H   15       -0.000000        0.000000        0.000000
     H   15        0.000000        0.000000        0.000000
     H   15        0.000000        0.000000        0.000000

     C   16       -0.015098        0.008789        0.122546
     C   16        0.008789       -0.096809       -0.133403
     C   16        0.122546       -0.133403        0.111907

     C   17       -0.007651       -0.183797        0.049402
     C   17       -0.183797       -0.073838       -0.131986
     C   17        0.049402       -0.131986        0.081489

     Cl  18       -0.606495       -0.174143       -0.673884
     Cl  18       -0.174143       -0.038355       -1.554326
     Cl  18       -0.673884       -1.554326        0.644851

     H   19       -0.000000        0.000000        0.000000
     H   19        0.000000        0.000000        0.000000
     H   19        0.000000        0.000000        0.000000

     C   20       -0.079189       -0.090408       -0.005522
     C   20       -0.090408        0.024095       -0.019231
     C   20       -0.005522       -0.019231        0.055094

     H   21       -0.000000        0.000000        0.000000
     H   21        0.000000        0.000000        0.000000
     H   21        0.000000        0.000000        0.000000

     C   22       -0.105783       -0.025146       -0.044427
     C   22       -0.025146       -0.163134        0.019634
     C   22       -0.044427        0.019634        0.268918

     C   23       -0.136796        0.095723       -0.061312
     C   23        0.095723       -0.107945        0.020412
     C   23       -0.061312        0.020412        0.244741

     Cl  24       -0.466370        0.908699        0.893468
     Cl  24        0.908699       -0.667242       -1.715355
     Cl  24        0.893468       -1.715355        1.133612

     ----- total EFG -----
     Cl   1        2.516432       -2.435467       -0.406789
     Cl   1       -2.435467       -0.143365       -0.117564
     Cl   1       -0.406789       -0.117564       -2.373067

     C    2        0.372574        0.151751       -0.111932
     C    2        0.151751       -0.259300       -0.146018
     C    2       -0.111932       -0.146018       -0.113273

     C    3        0.120303       -0.070768       -0.365100
     C    3       -0.070768       -0.099302       -0.149655
     C    3       -0.365100       -0.149655       -0.021001

     H    4        0.046406        0.042810        0.229048
     H    4        0.042810       -0.105794        0.095530
     H    4        0.229048        0.095530        0.059388

     C    5        0.130117        0.165861        0.160907
     C    5        0.165861       -0.289054       -0.169464
     C    5        0.160907       -0.169464        0.158937

     H    6       -0.077242       -0.049524       -0.106229
     H    6       -0.049524        0.341575        0.281785
     H    6       -0.106229        0.281785       -0.264333

     H    7       -0.143652        0.060061       -0.100969
     H    7        0.060061        0.338038       -0.136207
     H    7       -0.100969       -0.136207       -0.194386

     C    8        0.093411       -0.290595        0.130866
     C    8       -0.290595       -0.413193        0.132776
     C    8        0.130866        0.132776        0.319782

     H    9        0.029991       -0.066050        0.200958
     H    9       -0.066050       -0.095183       -0.086020
     H    9        0.200958       -0.086020        0.065192

     C   10        0.010728       -0.013031       -0.329661
     C   10       -0.013031       -0.017674        0.118923
     C   10       -0.329661        0.118923        0.006946

     C   11        0.401986       -0.096011       -0.003081
     C   11       -0.096011       -0.252454        0.149268
     C   11       -0.003081        0.149268       -0.149532

     Cl  12        1.293863        1.582935       -0.765534
     Cl  12        1.582935        0.491097        0.778090
     Cl  12       -0.765534        0.778090       -1.784961

     H   13       -0.084506        0.111074        0.068464
     H   13        0.111074        0.155578        0.310534
     H   13        0.068464        0.310534       -0.071071

     C   14        0.125114       -0.163623       -0.250296
     C   14       -0.163623       -0.042290       -0.211520
     C   14       -0.250296       -0.211520       -0.082824

     H   15        0.338746       -0.005597        0.242011
     H   15       -0.005597       -0.225026        0.243754
     H   15        0.242011        0.243754       -0.113720

     C   16        0.056433        0.198681        0.272267
     C   16        0.198681       -0.348835       -0.249126
     C   16        0.272267       -0.249126        0.292403

     C   17        0.064969       -0.485033       -0.065311
     C   17       -0.485033       -0.195459       -0.262901
     C   17       -0.065311       -0.262901        0.130490

     Cl  18       -0.391067       -0.205135       -0.661909
     Cl  18       -0.205135       -0.123275       -1.333674
     Cl  18       -0.661909       -1.333674        0.514342

     H   19       -0.105544       -0.106044        0.012275
     H   19       -0.106044        0.164335       -0.232289
     H   19        0.012275       -0.232289       -0.058790

     C   20       -0.284657       -0.221045       -0.189024
     C   20       -0.221045        0.157458       -0.083745
     C   20       -0.189024       -0.083745        0.127199

     H   21        0.069956       -0.062065        0.343802
     H   21       -0.062065       -0.088775       -0.125044
     H   21        0.343802       -0.125044        0.018818

     C   22       -0.061026       -0.129398       -0.054230
     C   22       -0.129398       -0.530340        0.062268
     C   22       -0.054230        0.062268        0.591366

     C   23       -0.503864        0.197775       -0.194998
     C   23        0.197775        0.004080       -0.057624
     C   23       -0.194998       -0.057624        0.499784

     Cl  24       -0.404446        1.073135        0.916300
     Cl  24        1.073135       -0.643959       -1.754050
     Cl  24        0.916300       -1.754050        1.048405

     ----- total EFG (symmetrized) -----
     Cl   1        2.516432       -2.435467       -0.406789
     Cl   1       -2.435467       -0.143365       -0.117564
     Cl   1       -0.406789       -0.117564       -2.373067

     C    2        0.372574        0.151751       -0.111932
     C    2        0.151751       -0.259300       -0.146018
     C    2       -0.111932       -0.146018       -0.113273

     C    3        0.120303       -0.070768       -0.365100
     C    3       -0.070768       -0.099302       -0.149655
     C    3       -0.365100       -0.149655       -0.021001

     H    4        0.046406        0.042810        0.229048
     H    4        0.042810       -0.105794        0.095530
     H    4        0.229048        0.095530        0.059388

     C    5        0.130117        0.165861        0.160907
     C    5        0.165861       -0.289054       -0.169464
     C    5        0.160907       -0.169464        0.158937

     H    6       -0.077242       -0.049524       -0.106229
     H    6       -0.049524        0.341575        0.281785
     H    6       -0.106229        0.281785       -0.264333

     H    7       -0.143652        0.060061       -0.100969
     H    7        0.060061        0.338038       -0.136207
     H    7       -0.100969       -0.136207       -0.194386

     C    8        0.093411       -0.290595        0.130866
     C    8       -0.290595       -0.413193        0.132776
     C    8        0.130866        0.132776        0.319782

     H    9        0.029991       -0.066050        0.200958
     H    9       -0.066050       -0.095183       -0.086020
     H    9        0.200958       -0.086020        0.065192

     C   10        0.010728       -0.013031       -0.329661
     C   10       -0.013031       -0.017674        0.118923
     C   10       -0.329661        0.118923        0.006946

     C   11        0.401986       -0.096011       -0.003081
     C   11       -0.096011       -0.252454        0.149268
     C   11       -0.003081        0.149268       -0.149532

     Cl  12        1.293863        1.582935       -0.765534
     Cl  12        1.582935        0.491097        0.778090
     Cl  12       -0.765534        0.778090       -1.784961

     H   13       -0.084506        0.111074        0.068464
     H   13        0.111074        0.155578        0.310534
     H   13        0.068464        0.310534       -0.071071

     C   14        0.125114       -0.163623       -0.250296
     C   14       -0.163623       -0.042290       -0.211520
     C   14       -0.250296       -0.211520       -0.082824

     H   15        0.338746       -0.005597        0.242011
     H   15       -0.005597       -0.225026        0.243754
     H   15        0.242011        0.243754       -0.113720

     C   16        0.056433        0.198681        0.272267
     C   16        0.198681       -0.348835       -0.249126
     C   16        0.272267       -0.249126        0.292403

     C   17        0.064969       -0.485033       -0.065311
     C   17       -0.485033       -0.195459       -0.262901
     C   17       -0.065311       -0.262901        0.130490

     Cl  18       -0.391067       -0.205135       -0.661909
     Cl  18       -0.205135       -0.123275       -1.333674
     Cl  18       -0.661909       -1.333674        0.514342

     H   19       -0.105544       -0.106044        0.012275
     H   19       -0.106044        0.164335       -0.232289
     H   19        0.012275       -0.232289       -0.058790

     C   20       -0.284657       -0.221045       -0.189024
     C   20       -0.221045        0.157458       -0.083745
     C   20       -0.189024       -0.083745        0.127199

     H   21        0.069956       -0.062065        0.343802
     H   21       -0.062065       -0.088775       -0.125044
     H   21        0.343802       -0.125044        0.018818

     C   22       -0.061026       -0.129398       -0.054230
     C   22       -0.129398       -0.530340        0.062268
     C   22       -0.054230        0.062268        0.591366

     C   23       -0.503864        0.197775       -0.194998
     C   23        0.197775        0.004080       -0.057624
     C   23       -0.194998       -0.057624        0.499784

     Cl  24       -0.404446        1.073135        0.916300
     Cl  24        1.073135       -0.643959       -1.754050
     Cl  24        0.916300       -1.754050        1.048405


     NQR/NMR SPECTROSCOPIC PARAMETERS:
     Cl   1    Vxx=   -1.4831    axis=(  0.468122  0.822651 -0.322656)
     Cl   1    Vyy=   -2.4916    axis=(  0.201390  0.256205  0.945411)
     Cl   1    Vzz=    3.9747    axis=(  0.860409 -0.507547 -0.045738)
     Cl   1  Q=        -8.1650 1e-30 m^2  Cq=       -76.2529 MHz  eta= 0.25371

     C    2    Vxx=   -0.0870    axis=(  0.342080 -0.413788  0.843659)
     C    2    Vyy=   -0.3573    axis=(  0.109220 -0.874230 -0.473068)
     C    2    Vzz=    0.4443    axis=( -0.933302 -0.253971  0.253863)
     C    2  Q=         1.0000 1e-30 m^2  Cq=         1.0440 MHz  eta= 0.60820

     C    3    Vxx=   -0.0183    axis=(  0.359010 -0.881347  0.307146)
     C    3    Vyy=   -0.4066    axis=(  0.545552  0.465172  0.697128)
     C    3    Vzz=    0.4249    axis=( -0.757288 -0.082712  0.647822)
     C    3  Q=         1.0000 1e-30 m^2  Cq=         0.9983 MHz  eta= 0.91376

     H    4    Vxx=   -0.1107    axis=( -0.486042  0.856563  0.173389)
     H    4    Vyy=   -0.1949    axis=( -0.566927 -0.460020  0.683356)
     H    4    Vzz=    0.3057    axis=(  0.665099  0.233841  0.709198)
     H    4  Q=         1.0000 1e-30 m^2  Cq=         0.7183 MHz  eta= 0.27542

     C    5    Vxx=    0.1198    axis=( -0.662358 -0.499985  0.557940)
     C    5    Vyy=    0.3065    axis=( -0.657552  0.031072 -0.752768)
     C    5    Vzz=   -0.4263    axis=(  0.359037 -0.865476 -0.349347)
     C    5  Q=         1.0000 1e-30 m^2  Cq=        -1.0016 MHz  eta= 0.43801

     H    6    Vxx=   -0.0697    axis=(  0.955037  0.237024 -0.178114)
     H    6    Vyy=   -0.3961    axis=( -0.251680  0.330554 -0.909610)
     H    6    Vzz=    0.4658    axis=( -0.156723  0.913539  0.375346)
     H    6  Q=         1.0000 1e-30 m^2  Cq=         1.0946 MHz  eta= 0.70067

     H    7    Vxx=   -0.1016    axis=(  0.822453 -0.267834 -0.501832)
     H    7    Vyy=   -0.2823    axis=(  0.546739  0.128724  0.827349)
     H    7    Vzz=    0.3839    axis=( -0.156994 -0.954827  0.252305)
     H    7  Q=         1.0000 1e-30 m^2  Cq=         0.9020 MHz  eta= 0.47069

     C    8    Vxx=    0.2000    axis=(  0.806447 -0.462053 -0.368985)
     C    8    Vyy=    0.3796    axis=(  0.415979 -0.000174  0.909374)
     C    8    Vzz=   -0.5796    axis=( -0.420244 -0.886852  0.192064)
     C    8  Q=         1.0000 1e-30 m^2  Cq=        -1.3619 MHz  eta= 0.30982

     H    9    Vxx=   -0.1236    axis=( -0.389491 -0.921016 -0.005056)
     H    9    Vyy=   -0.1568    axis=(  0.657696 -0.274284 -0.701573)
     H    9    Vzz=    0.2804    axis=(  0.644773 -0.276582  0.712580)
     H    9  Q=         1.0000 1e-30 m^2  Cq=         0.6589 MHz  eta= 0.11854

     C   10    Vxx=   -0.0227    axis=( -0.339115 -0.940741  0.002776)
     C   10    Vyy=   -0.3391    axis=(  0.661674 -0.236418  0.711544)
     C   10    Vzz=    0.3618    axis=(  0.668722 -0.243132 -0.702636)
     C   10  Q=         1.0000 1e-30 m^2  Cq=         0.8502 MHz  eta= 0.87441

     C   11    Vxx=   -0.0503    axis=(  0.122625  0.551181  0.825326)
     C   11    Vyy=   -0.3666    axis=(  0.100239  0.820471 -0.562832)
     C   11    Vzz=    0.4169    axis=( -0.987378  0.151747  0.045361)
     C   11  Q=         1.0000 1e-30 m^2  Cq=         0.9795 MHz  eta= 0.75867

     Cl  12    Vxx=   -0.0611    axis=( -0.499706  0.684465  0.530850)
     Cl  12    Vyy=   -2.4685    axis=(  0.343226 -0.406223  0.846864)
     Cl  12    Vzz=    2.5295    axis=( -0.795292 -0.605385  0.031934)
     Cl  12  Q=        -8.1650 1e-30 m^2  Cq=       -48.5281 MHz  eta= 0.95170

     H   13    Vxx=   -0.1187    axis=( -0.965732  0.185003  0.182034)
     H   13    Vyy=   -0.2886    axis=(  0.042385 -0.579532  0.813846)
     H   13    Vzz=    0.4073    axis=( -0.256058 -0.793673 -0.551831)
     H   13  Q=         1.0000 1e-30 m^2  Cq=         0.9570 MHz  eta= 0.41722

     C   14    Vxx=    0.1386    axis=(  0.229750 -0.820259  0.523822)
     C   14    Vyy=    0.2939    axis=(  0.852152 -0.090464 -0.515415)
     C   14    Vzz=   -0.4325    axis=( -0.470162 -0.564793 -0.678202)
     C   14  Q=         1.0000 1e-30 m^2  Cq=        -1.0162 MHz  eta= 0.35898

     H   15    Vxx=   -0.0051    axis=(  0.414261 -0.680524 -0.604380)
     H   15    Vyy=   -0.4526    axis=( -0.208405 -0.717320  0.664845)
     H   15    Vzz=    0.4577    axis=( -0.885977 -0.149464 -0.438982)
     H   15  Q=         1.0000 1e-30 m^2  Cq=         1.0754 MHz  eta= 0.97755

     C   16    Vxx=    0.0798    axis=(  0.765023  0.549675 -0.335556)
     C   16    Vyy=    0.4856    axis=(  0.482067 -0.143281  0.864339)
     C   16    Vzz=   -0.5653    axis=(  0.427027 -0.822999 -0.374593)
     C   16  Q=         1.0000 1e-30 m^2  Cq=        -1.3283 MHz  eta= 0.71781

     C   17    Vxx=    0.1702    axis=( -0.465929 -0.017997  0.884639)
     C   17    Vyy=    0.4776    axis=(  0.689609 -0.633813  0.350315)
     C   17    Vzz=   -0.6478    axis=(  0.554391  0.773277  0.307723)
     C   17  Q=         1.0000 1e-30 m^2  Cq=        -1.5221 MHz  eta= 0.47443

     Cl  18    Vxx=   -0.1594    axis=(  0.855150 -0.497681 -0.145024)
     Cl  18    Vyy=   -1.4875    axis=(  0.478291  0.649631  0.590946)
     Cl  18    Vzz=    1.6469    axis=( -0.199891 -0.574711  0.793568)
     Cl  18  Q=        -8.1650 1e-30 m^2  Cq=       -31.5955 MHz  eta= 0.80639

     H   19    Vxx=   -0.1063    axis=(  0.886808 -0.047115 -0.459730)
     H   19    Vyy=   -0.2256    axis=(  0.408108  0.546603  0.731213)
     H   19    Vzz=    0.3319    axis=( -0.216839  0.836065 -0.503960)
     H   19  Q=         1.0000 1e-30 m^2  Cq=         0.7797 MHz  eta= 0.35952

     C   20    Vxx=    0.2007    axis=( -0.347487 -0.038168  0.936908)
     C   20    Vyy=    0.2495    axis=( -0.352515  0.931193 -0.092808)
     C   20    Vzz=   -0.4502    axis=( -0.868899 -0.362524 -0.337032)
     C   20  Q=         1.0000 1e-30 m^2  Cq=        -1.0578 MHz  eta= 0.10832

     H   21    Vxx=   -0.1101    axis=( -0.345622 -0.938302  0.011612)
     H   21    Vyy=   -0.3126    axis=( -0.627029  0.240136  0.741060)
     H   21    Vzz=    0.4227    axis=(  0.698126 -0.248846  0.671338)
     H   21  Q=         1.0000 1e-30 m^2  Cq=         0.9932 MHz  eta= 0.47910

     C   22    Vxx=   -0.0351    axis=( -0.965157  0.238670 -0.107280)
     C   22    Vyy=   -0.5656    axis=(  0.244118  0.968891 -0.040705)
     C   22    Vzz=    0.6006    axis=( -0.094228  0.065476  0.993395)
     C   22  Q=         1.0000 1e-30 m^2  Cq=         1.4112 MHz  eta= 0.88327

     C   23    Vxx=    0.0442    axis=( -0.257324 -0.938822 -0.228904)
     C   23    Vyy=    0.5531    axis=(  0.210464  0.176744 -0.961492)
     C   23    Vzz=   -0.5973    axis=(  0.943127 -0.295591  0.152108)
     C   23  Q=         1.0000 1e-30 m^2  Cq=        -1.4034 MHz  eta= 0.85187

     Cl  24    Vxx=    0.4560    axis=(  0.840093  0.505395  0.197027)
     Cl  24    Vyy=    2.1700    axis=( -0.098362  0.499132 -0.860925)
     Cl  24    Vzz=   -2.6261    axis=( -0.533450  0.703877  0.469029)
     Cl  24  Q=        -8.1650 1e-30 m^2  Cq=        50.3799 MHz  eta= 0.65268

     Initialization:
     gipaw_setup  :      9.09s CPU     10.90s WALL (       1 calls)

     Linear response

     Apply operators

     Induced current

     Other routines
     efg          :      9.45s CPU     11.75s WALL (       1 calls)

     General routines
     calbec       :      3.40s CPU      4.48s WALL (      16 calls)
     fft          :      1.70s CPU      2.83s WALL (      15 calls)
     ffts         :      0.03s CPU      0.10s WALL (       2 calls)
     fftw         :      3.22s CPU      3.91s WALL (     672 calls)
     davcio       :      0.07s CPU      0.36s WALL (      32 calls)

     Parallel routines
     fft_scatter  :      2.30s CPU      3.95s WALL (     689 calls)

     Plugins

     GIPAW        :     60.65s CPU     71.88s WALL (       1 calls)
