
     Program QE v.6.0 (svn rev. 13079) starts on 13Jan2017 at  7:32: 6 

     This program is part of the open-source Quantum ESPRESSO suite
     for quantum simulation of materials; please cite
         "P. Giannozzi et al., J. Phys.:Condens. Matter 21 395502 (2009);
          URL http://www.quantum-espresso.org", 
     in publications or presentations arising from this work. More details at
     http://www.quantum-espresso.org/quote

     Parallel version (MPI), running on     8 processors
     R & G space division:  proc/nbgrp/npool/nimage =       8

     ***** This is GIPAW svn revision unknown      *****

     Parallelizing q-star over 1 images

     Reading data from directory:
     /users/majewski/paradichlorobenzene/pbe/9_constraint/scratch/pbe.ecut100.np8.dt60.pcl2phi-129368.save
     Message from routine read_xml_file:
     file /users/majewski/paradichlorobenzene/pbe/9_constraint/scratch/pbe.ecut100.np8.dt60.pcl2phi-129368.save not guaranteed to be safe for post-processing

   Info: using nr1, nr2, nr3 values from input

   Info: using nr1, nr2, nr3 values from input

     IMPORTANT: XC functional enforced from input :
     Exchange-correlation      =  SLA  PW   PBX  PBC ( 1  4  3  4 0 0)
     Any further DFT definition will be discarded
     Please, verify this is what you really want

               file C.pbe-n-kjpaw_psl.1.0.0.UPF: wavefunction(s)  2S 2P renormalized
               file Cl.pbe-n-kjpaw_psl.1.0.0.UPF: wavefunction(s)  3S 3P renormalized
               file H.pbe-kjpaw_psl.1.0.0.UPF: wavefunction(s)  1S renormalized

     Parallelization info
     --------------------
     sticks:   dense  smooth     PW     G-vecs:    dense   smooth      PW
     Min        3057    1223    332               144436    36536    5170
     Max        3059    1225    333               144437    36537    5171
     Sum       24467    9791   2657              1155489   292295   41363


     Subspace diagonalization in iterative solution of the eigenvalue problem:
     a serial algorithm will be used

     GIPAW projectors -----------------------------------------------
     atom=  C    l=0  rc=    1.2000  rs=    0.8000
     atom=  C    l=0  rc=    1.2000  rs=    0.8000
     atom=  C    l=1  rc=    1.4000  rs=    0.9333
     atom=  C    l=1  rc=    1.4000  rs=    0.9333
     projs nearly linearly dependent: l=1  n1,n2= 1, 2  s=  0.99951561

     atom=  Cl   l=0  rc=    1.6000  rs=    1.0667
     atom=  Cl   l=0  rc=    1.6000  rs=    1.0667
     atom=  Cl   l=1  rc=    1.6000  rs=    1.0667
     atom=  Cl   l=1  rc=    1.6000  rs=    1.0667
     atom=  Cl   l=2  rc=    1.6000  rs=    1.0667
     atom=  Cl   l=2  rc=    1.6000  rs=    1.0667
     projs nearly linearly dependent: l=2  n1,n2= 1, 2  s=  0.99993509

     atom=  H    l=0  rc=    1.0000  rs=    0.6667
     atom=  H    l=0  rc=    1.0000  rs=    0.6667
     projs nearly linearly dependent: l=0  n1,n2= 1, 2  s=  0.99968852
     -----------------------------------------------------------------

     GIPAW integrals: -------------------------------------------
     Atom  i/j   nmr_para   nmr_dia   epr_rmc  epr_para   epr_dia
       C   1 1   0.83E+03  0.17E-01  0.93E+01  0.24E+08  0.24E+03
       C   2 1   0.86E+03 -0.61E-01  0.94E+01  0.25E+08  0.25E+03
       C   2 2   0.90E+03 -0.15E+00  0.97E+01  0.26E+08  0.26E+03
       C   3 3   0.33E+01  0.34E+00  0.18E+01  0.55E+03  0.21E+02
       C   4 3   0.35E+01  0.37E+00  0.20E+01  0.59E+03  0.22E+02
       C   4 4   0.38E+01  0.39E+00  0.22E+01  0.63E+03  0.24E+02
       Cl  1 1   0.14E+04 -0.47E+00  0.84E+01  0.32E+09  0.42E+03
       Cl  2 1   0.21E+04 -0.37E+00  0.12E+02  0.49E+09  0.65E+03
       Cl  2 2   0.33E+04 -0.16E+00  0.21E+02  0.76E+09  0.10E+04
       Cl  3 3   0.21E+02  0.79E-01  0.89E+01  0.23E+05  0.13E+03
       Cl  4 3   0.24E+02  0.67E-01  0.99E+01  0.27E+05  0.15E+03
       Cl  4 4   0.28E+02  0.44E-01  0.11E+02  0.32E+05  0.18E+03
       Cl  5 5   0.77E+00  0.19E+00  0.18E+01  0.12E+03  0.22E+02
       Cl  6 5   0.80E+00  0.19E+00  0.19E+01  0.12E+03  0.23E+02
       Cl  6 6   0.83E+00  0.20E+00  0.19E+01  0.12E+03  0.23E+02
       H   1 1   0.39E+02  0.19E+00  0.29E+00  0.78E+05  0.13E+02
       H   2 1   0.41E+02  0.21E+00  0.32E+00  0.82E+05  0.14E+02
       H   2 2   0.43E+02  0.22E+00  0.36E+00  0.86E+05  0.15E+02
     ------------------------------------------------------------

     alpha_pv=     34.0706 eV

     Number of occupied bands for each k-point:
     k-point:     1    nbnd_occ=  42
     k-point:     2    nbnd_occ=  42
     k-point:     3    nbnd_occ=  42
     k-point:     4    nbnd_occ=  42
     k-point:     5    nbnd_occ=  42
     k-point:     6    nbnd_occ=  42
     k-point:     7    nbnd_occ=  42
     k-point:     8    nbnd_occ=  42
     k-point:     9    nbnd_occ=  42
     k-point:    10    nbnd_occ=  42
     k-point:    11    nbnd_occ=  42
     k-point:    12    nbnd_occ=  42
     k-point:    13    nbnd_occ=  42
     k-point:    14    nbnd_occ=  42
     k-point:    15    nbnd_occ=  42
     k-point:    16    nbnd_occ=  42


     q-space interpolation up to   110.00 Rydberg

     GIPAW job: efg                                                                             


     ELECTRIC FIELD GRADIENTS TENSORS IN Hartree/bohrradius^2:

     ----- bare term -----
     Cl   1        0.276832        0.085616       -0.221139
     Cl   1        0.085616        0.368589       -0.027608
     Cl   1       -0.221139       -0.027608       -0.645420

     C    2       -0.112900        0.252082       -0.127408
     C    2        0.252082       -0.463596       -0.397821
     C    2       -0.127408       -0.397821        0.576496

     C    3       -0.183019        0.419249       -0.342274
     C    3        0.419249       -0.269751       -0.373558
     C    3       -0.342274       -0.373558        0.452770

     H    4       -0.016979       -0.136236       -0.320709
     H    4       -0.136236        0.506358       -0.169730
     H    4       -0.320709       -0.169730       -0.489379

     C    5       -0.523042        0.219937       -0.397002
     C    5        0.219937        0.224176       -0.148823
     C    5       -0.397002       -0.148823        0.298865

     H    6       -0.128134        0.259191       -0.241570
     H    6        0.259191       -0.259047       -0.362444
     H    6       -0.241570       -0.362444        0.387181

     H    7        0.301735        0.245221        0.074224
     H    7        0.245221       -0.529499       -0.266168
     H    7        0.074224       -0.266168        0.227764

     C    8       -0.124213        0.037632       -0.178095
     C    8        0.037632       -0.090773        0.221206
     C    8       -0.178095        0.221206        0.214986

     H    9       -0.216229        0.371953        0.133372
     H    9        0.371953       -0.023804       -0.171422
     H    9        0.133372       -0.171422        0.240033

     C   10       -0.051960       -0.055431        0.178517
     C   10       -0.055431       -0.078462       -0.113050
     C   10        0.178517       -0.113050        0.130422

     C   11       -0.061642        0.022334       -0.253570
     C   11        0.022334        0.048360        0.693082
     C   11       -0.253570        0.693082        0.013282

     Cl  12       -0.189698       -0.265638       -0.028783
     Cl  12       -0.265638        0.191199        0.063454
     Cl  12       -0.028783        0.063454       -0.001502

     H   13       -0.007811        0.322005       -0.047431
     H   13        0.322005       -0.320103       -0.210904
     H   13       -0.047431       -0.210904        0.327914

     C   14       -0.076651       -0.331929       -0.484654
     C   14       -0.331929       -0.079449       -0.519560
     C   14       -0.484654       -0.519560        0.156100

     H   15        0.054725       -0.000925       -0.223650
     H   15       -0.000925        0.043370       -0.471847
     H   15       -0.223650       -0.471847       -0.098095

     C   16       -0.582157        0.425603       -0.290813
     C   16        0.425603        0.145815       -0.110935
     C   16       -0.290813       -0.110935        0.436342

     C   17        0.180166        0.094856       -0.107012
     C   17        0.094856       -0.379659       -0.527319
     C   17       -0.107012       -0.527319        0.199493

     Cl  18        0.229322        0.048326       -0.227995
     Cl  18        0.048326       -0.108058       -0.614354
     Cl  18       -0.227995       -0.614354       -0.121264

     H   19        0.402562        0.276225        0.112998
     H   19        0.276225       -0.566293       -0.222726
     H   19        0.112998       -0.222726        0.163732

     C   20       -0.728133       -0.204221       -0.401049
     C   20       -0.204221        0.029020        0.125965
     C   20       -0.401049        0.125965        0.699112

     H   21       -0.475495        0.344877        0.220733
     H   21        0.344877        0.323081       -0.026662
     H   21        0.220733       -0.026662        0.152414

     C   22        0.007413       -0.008669       -0.243082
     C   22       -0.008669       -0.494399        0.383620
     C   22       -0.243082        0.383620        0.486986

     C   23       -0.478422       -0.263859       -0.325957
     C   23       -0.263859        0.129115        0.322354
     C   23       -0.325957        0.322354        0.349307

     Cl  24       -0.058535        0.040168        0.023360
     Cl  24        0.040168       -0.018775       -0.108242
     Cl  24        0.023360       -0.108242        0.077310

     ----- ionic term -----
     Cl   1        0.178981       -0.215125        0.091266
     Cl   1       -0.215125       -0.046011       -0.041547
     Cl   1        0.091266       -0.041547       -0.132970

     C    2        0.057763       -0.211844        0.355435
     C    2       -0.211844        0.197565        0.375960
     C    2        0.355435        0.375960       -0.255329

     C    3        0.122790       -0.266478        0.291631
     C    3       -0.266478        0.199978        0.304030
     C    3        0.291631        0.304030       -0.322768

     H    4        0.354974        0.287355        0.760818
     H    4        0.287355       -0.376155        0.313335
     H    4        0.760818        0.313335        0.021181

     C    5        0.222458       -0.129077        0.377031
     C    5       -0.129077        0.078477        0.285509
     C    5        0.377031        0.285509       -0.300935

     H    6       -0.509347       -0.151610       -0.054350
     H    6       -0.151610        0.824295        0.578266
     H    6       -0.054350        0.578266       -0.314948

     H    7       -0.477523       -0.239963        0.046374
     H    7       -0.239963        1.067191       -0.173437
     H    7        0.046374       -0.173437       -0.589668

     C    8        0.388671        0.062867        0.076464
     C    8        0.062867        0.175588       -0.190685
     C    8        0.076464       -0.190685       -0.564259

     H    9        0.767110       -0.507172        0.340387
     H    9       -0.507172       -0.277533       -0.180266
     H    9        0.340387       -0.180266       -0.489577

     C   10        0.221193        0.104532        0.047710
     C   10        0.104532        0.333999       -0.311440
     C   10        0.047710       -0.311440       -0.555193

     C   11        0.257503       -0.034650        0.135172
     C   11       -0.034650        0.339350       -0.275627
     C   11        0.135172       -0.275627       -0.596853

     Cl  12        0.134856        0.187240        0.012933
     Cl  12        0.187240        0.028526        0.015284
     Cl  12        0.012933        0.015284       -0.163383

     H   13       -0.492787       -0.235987       -0.113457
     H   13       -0.235987        0.700081        0.628855
     H   13       -0.113457        0.628855       -0.207293

     C   14        0.145241       -0.223960        0.313745
     C   14       -0.223960        0.071186        0.290146
     C   14        0.313745        0.290146       -0.216427

     H   15        0.147095        0.296796        0.730509
     H   15        0.296796       -0.339098        0.405705
     H   15        0.730509        0.405705        0.192002

     C   16        0.074857       -0.309951        0.243407
     C   16       -0.309951        0.166053        0.368132
     C   16        0.243407        0.368132       -0.240909

     C   17        0.175467       -0.168587        0.356362
     C   17       -0.168587        0.098733        0.411784
     C   17        0.356362        0.411784       -0.274200

     Cl  18        0.200775       -0.175746        0.086696
     Cl  18       -0.175746       -0.056872       -0.038293
     Cl  18        0.086696       -0.038293       -0.143903

     H   19       -0.491271       -0.262065        0.054017
     H   19       -0.262065        1.062435       -0.172221
     H   19        0.054017       -0.172221       -0.571164

     C   20        0.339302       -0.069698        0.105876
     C   20       -0.069698        0.233986       -0.163233
     C   20        0.105876       -0.163233       -0.573289

     H   21        0.719787       -0.552378        0.347426
     H   21       -0.552378       -0.241187       -0.194617
     H   21        0.347426       -0.194617       -0.478600

     C   22        0.162402        0.036166        0.086665
     C   22        0.036166        0.352419       -0.289057
     C   22        0.086665       -0.289057       -0.514821

     C   23        0.223021        0.025619        0.082659
     C   23        0.025619        0.310306       -0.317069
     C   23        0.082659       -0.317069       -0.533327

     Cl  24        0.125061        0.211196       -0.045637
     Cl  24        0.211196        0.010132       -0.023586
     Cl  24       -0.045637       -0.023586       -0.135193

     ----- GIPAW term -----
     Cl   1        0.164430       -0.563347        0.169158
     Cl   1       -0.563347       -0.167909       -0.010588
     Cl   1        0.169158       -0.010588        0.003479

     C    2       -0.085339       -0.046906        0.039465
     C    2       -0.046906       -0.165199       -0.108447
     C    2        0.039465       -0.108447        0.250538

     C    3       -0.015827        0.077336       -0.191724
     C    3        0.077336       -0.115647       -0.065228
     C    3       -0.191724       -0.065228        0.131474

     H    4       -0.000000        0.000000        0.000000
     H    4        0.000000        0.000000        0.000000
     H    4        0.000000        0.000000        0.000000

     C    5        0.053237        0.160985        0.108340
     C    5        0.160985       -0.015227        0.093828
     C    5        0.108340        0.093828       -0.038010

     H    6       -0.000000        0.000000        0.000000
     H    6        0.000000        0.000000        0.000000
     H    6        0.000000        0.000000        0.000000

     H    7       -0.000000        0.000000        0.000000
     H    7        0.000000        0.000000        0.000000
     H    7        0.000000        0.000000        0.000000

     C    8       -0.056238       -0.009010       -0.022484
     C    8       -0.009010        0.036218        0.125029
     C    8       -0.022484        0.125029        0.020019

     H    9       -0.000000        0.000000        0.000000
     H    9        0.000000        0.000000        0.000000
     H    9        0.000000        0.000000        0.000000

     C   10        0.001846        0.011083        0.022490
     C   10        0.011083        0.007678       -0.021313
     C   10        0.022490       -0.021313       -0.009524

     C   11       -0.062763        0.022264       -0.059922
     C   11        0.022264        0.172235        0.213090
     C   11       -0.059922        0.213090       -0.109472

     Cl  12       -0.157088        0.077350       -0.358518
     Cl  12        0.077350        2.266903        0.656594
     Cl  12       -0.358518        0.656594       -2.109816

     H   13       -0.000000        0.000000        0.000000
     H   13        0.000000        0.000000        0.000000
     H   13        0.000000        0.000000        0.000000

     C   14        0.052088       -0.174263       -0.030447
     C   14       -0.174263        0.031594       -0.081349
     C   14       -0.030447       -0.081349       -0.083682

     H   15       -0.000000        0.000000        0.000000
     H   15        0.000000        0.000000        0.000000
     H   15        0.000000        0.000000        0.000000

     C   16       -0.056188       -0.099241       -0.071839
     C   16       -0.099241        0.105010        0.064796
     C   16       -0.071839        0.064796       -0.048822

     C   17       -0.053875        0.000740        0.039344
     C   17        0.000740        0.101362        0.145158
     C   17        0.039344        0.145158       -0.047486

     Cl  18        0.417419       -0.100092        0.090418
     Cl  18       -0.100092       -0.231408       -0.447247
     Cl  18        0.090418       -0.447247       -0.186011

     H   19       -0.000000        0.000000        0.000000
     H   19        0.000000        0.000000        0.000000
     H   19        0.000000        0.000000        0.000000

     C   20       -0.216414       -0.021304       -0.062158
     C   20       -0.021304       -0.092877       -0.047238
     C   20       -0.062158       -0.047238        0.309292

     H   21       -0.000000        0.000000        0.000000
     H   21        0.000000        0.000000        0.000000
     H   21        0.000000        0.000000        0.000000

     C   22       -0.059371        0.051507       -0.155846
     C   22        0.051507       -0.155044       -0.045672
     C   22       -0.155846       -0.045672        0.214415

     C   23       -0.075140        0.127059       -0.050677
     C   23        0.127059        0.173047        0.038369
     C   23       -0.050677        0.038369       -0.097907

     Cl  24       -0.168572        2.161293       -0.313024
     Cl  24        2.161293        0.110858       -1.927867
     Cl  24       -0.313024       -1.927867        0.057714

     ----- total EFG -----
     Cl   1        0.620243       -0.692856        0.039285
     Cl   1       -0.692856        0.154668       -0.079743
     Cl   1        0.039285       -0.079743       -0.774911

     C    2       -0.140476       -0.006669        0.267492
     C    2       -0.006669       -0.431230       -0.130309
     C    2        0.267492       -0.130309        0.571706

     C    3       -0.076057        0.230106       -0.242367
     C    3        0.230106       -0.185420       -0.134756
     C    3       -0.242367       -0.134756        0.261476

     H    4        0.337996        0.151119        0.440109
     H    4        0.151119        0.130202        0.143605
     H    4        0.440109        0.143605       -0.468198

     C    5       -0.247347        0.251846        0.088369
     C    5        0.251846        0.287426        0.230514
     C    5        0.088369        0.230514       -0.040080

     H    6       -0.637481        0.107582       -0.295920
     H    6        0.107582        0.565247        0.215822
     H    6       -0.295920        0.215822        0.072233

     H    7       -0.175788        0.005259        0.120597
     H    7        0.005259        0.537692       -0.439604
     H    7        0.120597       -0.439604       -0.361904

     C    8        0.208220        0.091489       -0.124115
     C    8        0.091489        0.121033        0.155551
     C    8       -0.124115        0.155551       -0.329253

     H    9        0.550881       -0.135219        0.473759
     H    9       -0.135219       -0.301338       -0.351688
     H    9        0.473759       -0.351688       -0.249544

     C   10        0.171079        0.060184        0.248718
     C   10        0.060184        0.263216       -0.445803
     C   10        0.248718       -0.445803       -0.434295

     C   11        0.133098        0.009948       -0.178320
     C   11        0.009948        0.559945        0.630545
     C   11       -0.178320        0.630545       -0.693043

     Cl  12       -0.211930       -0.001048       -0.374368
     Cl  12       -0.001048        2.486629        0.735333
     Cl  12       -0.374368        0.735333       -2.274700

     H   13       -0.500598        0.086018       -0.160888
     H   13        0.086018        0.379977        0.417951
     H   13       -0.160888        0.417951        0.120621

     C   14        0.120679       -0.730152       -0.201355
     C   14       -0.730152        0.023330       -0.310763
     C   14       -0.201355       -0.310763       -0.144009

     H   15        0.201820        0.295871        0.506859
     H   15        0.295871       -0.295727       -0.066142
     H   15        0.506859       -0.066142        0.093907

     C   16       -0.563488        0.016412       -0.119245
     C   16        0.016412        0.416878        0.321993
     C   16       -0.119245        0.321993        0.146611

     C   17        0.301758       -0.072991        0.288694
     C   17       -0.072991       -0.179565        0.029623
     C   17        0.288694        0.029623       -0.122193

     Cl  18        0.847516       -0.227511       -0.050881
     Cl  18       -0.227511       -0.396338       -1.099894
     Cl  18       -0.050881       -1.099894       -0.451177

     H   19       -0.088709        0.014160        0.167015
     H   19        0.014160        0.496142       -0.394947
     H   19        0.167015       -0.394947       -0.407432

     C   20       -0.605245       -0.295223       -0.357332
     C   20       -0.295223        0.170129       -0.084506
     C   20       -0.357332       -0.084506        0.435115

     H   21        0.244291       -0.207500        0.568159
     H   21       -0.207500        0.081895       -0.221279
     H   21        0.568159       -0.221279       -0.326186

     C   22        0.110444        0.079004       -0.312263
     C   22        0.079004       -0.297023        0.048891
     C   22       -0.312263        0.048891        0.186580

     C   23       -0.330540       -0.111181       -0.293975
     C   23       -0.111181        0.612468        0.043655
     C   23       -0.293975        0.043655       -0.281927

     Cl  24       -0.102046        2.412657       -0.335301
     Cl  24        2.412657        0.102215       -2.059694
     Cl  24       -0.335301       -2.059694       -0.000169

     ----- total EFG (symmetrized) -----
     Cl   1        0.620243       -0.692856        0.039285
     Cl   1       -0.692856        0.154668       -0.079743
     Cl   1        0.039285       -0.079743       -0.774911

     C    2       -0.140476       -0.006669        0.267492
     C    2       -0.006669       -0.431230       -0.130309
     C    2        0.267492       -0.130309        0.571706

     C    3       -0.076057        0.230106       -0.242367
     C    3        0.230106       -0.185420       -0.134756
     C    3       -0.242367       -0.134756        0.261476

     H    4        0.337996        0.151119        0.440109
     H    4        0.151119        0.130202        0.143605
     H    4        0.440109        0.143605       -0.468198

     C    5       -0.247347        0.251846        0.088369
     C    5        0.251846        0.287426        0.230514
     C    5        0.088369        0.230514       -0.040080

     H    6       -0.637481        0.107582       -0.295920
     H    6        0.107582        0.565247        0.215822
     H    6       -0.295920        0.215822        0.072233

     H    7       -0.175788        0.005259        0.120597
     H    7        0.005259        0.537692       -0.439604
     H    7        0.120597       -0.439604       -0.361904

     C    8        0.208220        0.091489       -0.124115
     C    8        0.091489        0.121033        0.155551
     C    8       -0.124115        0.155551       -0.329253

     H    9        0.550881       -0.135219        0.473759
     H    9       -0.135219       -0.301338       -0.351688
     H    9        0.473759       -0.351688       -0.249544

     C   10        0.171079        0.060184        0.248718
     C   10        0.060184        0.263216       -0.445803
     C   10        0.248718       -0.445803       -0.434295

     C   11        0.133098        0.009948       -0.178320
     C   11        0.009948        0.559945        0.630545
     C   11       -0.178320        0.630545       -0.693043

     Cl  12       -0.211930       -0.001048       -0.374368
     Cl  12       -0.001048        2.486629        0.735333
     Cl  12       -0.374368        0.735333       -2.274700

     H   13       -0.500598        0.086018       -0.160888
     H   13        0.086018        0.379977        0.417951
     H   13       -0.160888        0.417951        0.120621

     C   14        0.120679       -0.730152       -0.201355
     C   14       -0.730152        0.023330       -0.310763
     C   14       -0.201355       -0.310763       -0.144009

     H   15        0.201820        0.295871        0.506859
     H   15        0.295871       -0.295727       -0.066142
     H   15        0.506859       -0.066142        0.093907

     C   16       -0.563488        0.016412       -0.119245
     C   16        0.016412        0.416878        0.321993
     C   16       -0.119245        0.321993        0.146611

     C   17        0.301758       -0.072991        0.288694
     C   17       -0.072991       -0.179565        0.029623
     C   17        0.288694        0.029623       -0.122193

     Cl  18        0.847516       -0.227511       -0.050881
     Cl  18       -0.227511       -0.396338       -1.099894
     Cl  18       -0.050881       -1.099894       -0.451177

     H   19       -0.088709        0.014160        0.167015
     H   19        0.014160        0.496142       -0.394947
     H   19        0.167015       -0.394947       -0.407432

     C   20       -0.605245       -0.295223       -0.357332
     C   20       -0.295223        0.170129       -0.084506
     C   20       -0.357332       -0.084506        0.435115

     H   21        0.244291       -0.207500        0.568159
     H   21       -0.207500        0.081895       -0.221279
     H   21        0.568159       -0.221279       -0.326186

     C   22        0.110444        0.079004       -0.312263
     C   22        0.079004       -0.297023        0.048891
     C   22       -0.312263        0.048891        0.186580

     C   23       -0.330540       -0.111181       -0.293975
     C   23       -0.111181        0.612468        0.043655
     C   23       -0.293975        0.043655       -0.281927

     Cl  24       -0.102046        2.412657       -0.335301
     Cl  24        2.412657        0.102215       -2.059694
     Cl  24       -0.335301       -2.059694       -0.000169


     NQR/NMR SPECTROSCOPIC PARAMETERS:
     Cl   1    Vxx=   -0.3395    axis=(  0.585250  0.805306 -0.094678)
     Cl   1    Vyy=   -0.7821    axis=(  0.022009  0.100944  0.994649)
     Cl   1    Vzz=    1.1216    axis=(  0.810554 -0.584202  0.041354)
     Cl   1  Q=        -8.1650 1e-30 m^2  Cq=       -21.5177 MHz  eta= 0.39465

     C    2    Vxx=   -0.2243    axis=( -0.943991 -0.153524  0.292080)
     C    2    Vyy=   -0.4510    axis=( -0.111893  0.981660  0.154351)
     C    2    Vzz=    0.6753    axis=(  0.310420 -0.113024  0.943857)
     C    2  Q=         1.0000 1e-30 m^2  Cq=         1.5866 MHz  eta= 0.33561

     C    3    Vxx=   -0.0983    axis=(  0.564904  0.571925  0.594798)
     C    3    Vyy=   -0.3714    axis=( -0.658298  0.746985 -0.093046)
     C    3    Vzz=    0.4697    axis=( -0.497521 -0.338992  0.798472)
     C    3  Q=         1.0000 1e-30 m^2  Cq=         1.1036 MHz  eta= 0.58151

     H    4    Vxx=    0.0562    axis=(  0.384060 -0.920634  0.070215)
     H    4    Vyy=    0.6122    axis=(  0.838104  0.379517  0.391854)
     H    4    Vzz=   -0.6684    axis=( -0.387402 -0.091648  0.917344)
     H    4  Q=         1.0000 1e-30 m^2  Cq=        -1.5705 MHz  eta= 0.83182

     C    5    Vxx=   -0.1528    axis=( -0.165796 -0.381327  0.909451)
     C    5    Vyy=   -0.3473    axis=( -0.927825  0.372794 -0.012835)
     C    5    Vzz=    0.5002    axis=( -0.334144 -0.845940 -0.415612)
     C    5  Q=         1.0000 1e-30 m^2  Cq=         1.1752 MHz  eta= 0.38882

     H    6    Vxx=    0.1217    axis=( -0.383083 -0.327359  0.863761)
     H    6    Vyy=    0.6464    axis=( -0.003021  0.935535  0.353221)
     H    6    Vzz=   -0.7681    axis=( -0.923709  0.132704 -0.359377)
     H    6  Q=         1.0000 1e-30 m^2  Cq=        -1.8046 MHz  eta= 0.68315

     H    7    Vxx=   -0.1451    axis=(  0.960198  0.145945  0.238160)
     H    7    Vyy=   -0.5736    axis=( -0.275521  0.354726  0.893453)
     H    7    Vzz=    0.7187    axis=(  0.045913 -0.923509  0.380818)
     H    7  Q=         1.0000 1e-30 m^2  Cq=         1.6887 MHz  eta= 0.59628

     C    8    Vxx=    0.1451    axis=( -0.433631  0.816476  0.381223)
     C    8    Vyy=    0.2672    axis=(  0.871207  0.487932 -0.054042)
     C    8    Vzz=   -0.4122    axis=(  0.230135 -0.308690  0.922902)
     C    8  Q=         1.0000 1e-30 m^2  Cq=        -0.9686 MHz  eta= 0.29616

     H    9    Vxx=   -0.1590    axis=(  0.462125  0.745968 -0.479555)
     H    9    Vyy=   -0.6793    axis=( -0.221438  0.620697  0.752131)
     H    9    Vzz=    0.8383    axis=(  0.858723 -0.241387  0.452025)
     H    9  Q=         1.0000 1e-30 m^2  Cq=         1.9696 MHz  eta= 0.62060

     C   10    Vxx=    0.2299    axis=(  0.941410  0.302244  0.149653)
     C   10    Vyy=    0.4918    axis=( -0.201740  0.860236 -0.468289)
     C   10    Vzz=   -0.7217    axis=( -0.270274  0.410661  0.870810)
     C   10  Q=         1.0000 1e-30 m^2  Cq=        -1.6958 MHz  eta= 0.36280

     C   11    Vxx=    0.1534    axis=(  0.984877  0.138124 -0.104587)
     C   11    Vyy=    0.8275    axis=( -0.087096  0.916560  0.390296)
     C   11    Vzz=   -0.9809    axis=(  0.149770 -0.375285  0.914730)
     C   11  Q=         1.0000 1e-30 m^2  Cq=        -2.3048 MHz  eta= 0.68718

     Cl  12    Vxx=   -0.1518    axis=(  0.986352  0.044567 -0.158505)
     Cl  12    Vyy=   -2.4470    axis=( -0.163377  0.145403 -0.975790)
     Cl  12    Vzz=    2.5988    axis=( -0.020441  0.988368  0.150700)
     Cl  12  Q=        -8.1650 1e-30 m^2  Cq=       -49.8561 MHz  eta= 0.88316

     H   13    Vxx=   -0.1051    axis=( -0.414472 -0.550763  0.724481)
     H   13    Vyy=   -0.5834    axis=( -0.909778  0.230881 -0.344959)
     H   13    Vzz=    0.6885    axis=(  0.022722 -0.802093 -0.596766)
     H   13  Q=         1.0000 1e-30 m^2  Cq=         1.6177 MHz  eta= 0.69479

     C   14    Vxx=    0.0402    axis=( -0.369838 -0.284655  0.884416)
     C   14    Vyy=    0.8087    axis=( -0.715237  0.694796 -0.075468)
     C   14    Vzz=   -0.8489    axis=( -0.593006 -0.660477 -0.460557)
     C   14  Q=         1.0000 1e-30 m^2  Cq=        -1.9946 MHz  eta= 0.90526

     H   15    Vxx=   -0.1018    axis=(  0.331046  0.715061 -0.615708)
     H   15    Vyy=   -0.5891    axis=( -0.560550  0.673915  0.481272)
     H   15    Vzz=    0.6909    axis=( -0.759074 -0.185812 -0.623924)
     H   15  Q=         1.0000 1e-30 m^2  Cq=         1.6232 MHz  eta= 0.70530

     C   16    Vxx=   -0.0450    axis=( -0.203067 -0.555126  0.806597)
     C   16    Vyy=   -0.5883    axis=( -0.978161  0.077722 -0.192769)
     C   16    Vzz=    0.6333    axis=(  0.044321 -0.828127 -0.558785)
     C   16  Q=         1.0000 1e-30 m^2  Cq=         1.4879 MHz  eta= 0.85796

     C   17    Vxx=   -0.1533    axis=( -0.138661  0.885943  0.442581)
     C   17    Vyy=   -0.2989    axis=( -0.429900 -0.456442  0.779003)
     C   17    Vzz=    0.4522    axis=( -0.892165  0.082248 -0.444158)
     C   17  Q=         1.0000 1e-30 m^2  Cq=         1.0625 MHz  eta= 0.32181

     Cl  18    Vxx=    0.6124    axis=(  0.449227  0.610218 -0.652556)
     Cl  18    Vyy=    0.9276    axis=( -0.889668  0.372389 -0.264229)
     Cl  18    Vzz=   -1.5400    axis=(  0.081768  0.699257  0.710178)
     Cl  18  Q=        -8.1650 1e-30 m^2  Cq=        29.5444 MHz  eta= 0.20471

     H   19    Vxx=   -0.0411    axis=(  0.952298  0.164056  0.257322)
     H   19    Vyy=   -0.6062    axis=( -0.298492  0.325309  0.897260)
     H   19    Vzz=    0.6473    axis=(  0.063491 -0.931268  0.358761)
     H   19  Q=         1.0000 1e-30 m^2  Cq=         1.5210 MHz  eta= 0.87289

     C   20    Vxx=    0.2659    axis=(  0.278005 -0.954195  0.110564)
     C   20    Vyy=    0.5462    axis=(  0.301594 -0.022575 -0.953169)
     C   20    Vzz=   -0.8121    axis=(  0.912005  0.298332  0.281504)
     C   20  Q=         1.0000 1e-30 m^2  Cq=        -1.9081 MHz  eta= 0.34508

     H   21    Vxx=   -0.0426    axis=(  0.412303  0.902904  0.121532)
     H   21    Vyy=   -0.6857    axis=( -0.499627  0.112541  0.858899)
     H   21    Vzz=    0.7283    axis=(  0.761827 -0.414847  0.497516)
     H   21  Q=         1.0000 1e-30 m^2  Cq=         1.7113 MHz  eta= 0.88290

     C   22    Vxx=   -0.1191    axis=( -0.657805 -0.456601 -0.599005)
     C   22    Vyy=   -0.3444    axis=(  0.353479 -0.889421  0.289798)
     C   22    Vzz=    0.4634    axis=( -0.665090 -0.021106  0.746465)
     C   22  Q=         1.0000 1e-30 m^2  Cq=         1.0889 MHz  eta= 0.48613

     C   23    Vxx=   -0.0291    axis=(  0.657098  0.163935 -0.735763)
     C   23    Vyy=   -0.6035    axis=( -0.740298 -0.043604 -0.670863)
     C   23    Vzz=    0.6326    axis=(  0.142060 -0.985507 -0.092708)
     C   23  Q=         1.0000 1e-30 m^2  Cq=         1.4864 MHz  eta= 0.90797

     Cl  24    Vxx=   -0.3738    axis=(  0.645095  0.033442  0.763370)
     Cl  24    Vyy=   -2.9882    axis=( -0.548347  0.716013  0.432020)
     Cl  24    Vzz=    3.3620    axis=( -0.532135 -0.697286  0.480234)
     Cl  24  Q=        -8.1650 1e-30 m^2  Cq=       -64.4981 MHz  eta= 0.77766

     Initialization:
     gipaw_setup  :      9.56s CPU     11.46s WALL (       1 calls)

     Linear response

     Apply operators

     Induced current

     Other routines
     efg          :     10.28s CPU     19.47s WALL (       1 calls)

     General routines
     calbec       :      3.13s CPU      3.87s WALL (      16 calls)
     fft          :      1.40s CPU      1.80s WALL (      15 calls)
     ffts         :      0.04s CPU      0.04s WALL (       2 calls)
     fftw         :      4.25s CPU      7.04s WALL (     672 calls)
     davcio       :      0.08s CPU      5.43s WALL (      32 calls)

     Parallel routines
     fft_scatter  :      3.08s CPU      6.05s WALL (     689 calls)

     Plugins

     GIPAW        :     62.16s CPU     80.87s WALL (       1 calls)
