
     Program QE v.6.0 (svn rev. 13079) starts on 23Jan2017 at  7:12:41 

     This program is part of the open-source Quantum ESPRESSO suite
     for quantum simulation of materials; please cite
         "P. Giannozzi et al., J. Phys.:Condens. Matter 21 395502 (2009);
          URL http://www.quantum-espresso.org", 
     in publications or presentations arising from this work. More details at
     http://www.quantum-espresso.org/quote

     Parallel version (MPI), running on     8 processors
     R & G space division:  proc/nbgrp/npool/nimage =       8

     ***** This is GIPAW svn revision unknown      *****

     Parallelizing q-star over 1 images

     Reading data from directory:
     /users/majewski/paradichlorobenzene/pbe/9_constraint/scratch/pbe.ecut100.np8.dt60.pcl2phi-129368.save
     Message from routine read_xml_file:
     file /users/majewski/paradichlorobenzene/pbe/9_constraint/scratch/pbe.ecut100.np8.dt60.pcl2phi-129368.save not guaranteed to be safe for post-processing

   Info: using nr1, nr2, nr3 values from input

   Info: using nr1, nr2, nr3 values from input

     IMPORTANT: XC functional enforced from input :
     Exchange-correlation      =  SLA  PW   PBX  PBC ( 1  4  3  4 0 0)
     Any further DFT definition will be discarded
     Please, verify this is what you really want

               file C.pbe-n-kjpaw_psl.1.0.0.UPF: wavefunction(s)  2S 2P renormalized
               file Cl.pbe-n-kjpaw_psl.1.0.0.UPF: wavefunction(s)  3S 3P renormalized
               file H.pbe-kjpaw_psl.1.0.0.UPF: wavefunction(s)  1S renormalized

     Parallelization info
     --------------------
     sticks:   dense  smooth     PW     G-vecs:    dense   smooth      PW
     Min        3057    1223    332               144436    36536    5170
     Max        3059    1225    333               144437    36537    5171
     Sum       24467    9791   2657              1155489   292295   41363


     Subspace diagonalization in iterative solution of the eigenvalue problem:
     a serial algorithm will be used

     GIPAW projectors -----------------------------------------------
     atom=  C    l=0  rc=    1.2000  rs=    0.8000
     atom=  C    l=0  rc=    1.2000  rs=    0.8000
     atom=  C    l=1  rc=    1.4000  rs=    0.9333
     atom=  C    l=1  rc=    1.4000  rs=    0.9333
     projs nearly linearly dependent: l=1  n1,n2= 1, 2  s=  0.99951561

     atom=  Cl   l=0  rc=    1.6000  rs=    1.0667
     atom=  Cl   l=0  rc=    1.6000  rs=    1.0667
     atom=  Cl   l=1  rc=    1.6000  rs=    1.0667
     atom=  Cl   l=1  rc=    1.6000  rs=    1.0667
     atom=  Cl   l=2  rc=    1.6000  rs=    1.0667
     atom=  Cl   l=2  rc=    1.6000  rs=    1.0667
     projs nearly linearly dependent: l=2  n1,n2= 1, 2  s=  0.99993509

     atom=  H    l=0  rc=    1.0000  rs=    0.6667
     atom=  H    l=0  rc=    1.0000  rs=    0.6667
     projs nearly linearly dependent: l=0  n1,n2= 1, 2  s=  0.99968852
     -----------------------------------------------------------------

     GIPAW integrals: -------------------------------------------
     Atom  i/j   nmr_para   nmr_dia   epr_rmc  epr_para   epr_dia
       C   1 1   0.83E+03  0.17E-01  0.93E+01  0.24E+08  0.24E+03
       C   2 1   0.86E+03 -0.61E-01  0.94E+01  0.25E+08  0.25E+03
       C   2 2   0.90E+03 -0.15E+00  0.97E+01  0.26E+08  0.26E+03
       C   3 3   0.33E+01  0.34E+00  0.18E+01  0.55E+03  0.21E+02
       C   4 3   0.35E+01  0.37E+00  0.20E+01  0.59E+03  0.22E+02
       C   4 4   0.38E+01  0.39E+00  0.22E+01  0.63E+03  0.24E+02
       Cl  1 1   0.14E+04 -0.47E+00  0.84E+01  0.32E+09  0.42E+03
       Cl  2 1   0.21E+04 -0.37E+00  0.12E+02  0.49E+09  0.65E+03
       Cl  2 2   0.33E+04 -0.16E+00  0.21E+02  0.76E+09  0.10E+04
       Cl  3 3   0.21E+02  0.79E-01  0.89E+01  0.23E+05  0.13E+03
       Cl  4 3   0.24E+02  0.67E-01  0.99E+01  0.27E+05  0.15E+03
       Cl  4 4   0.28E+02  0.44E-01  0.11E+02  0.32E+05  0.18E+03
       Cl  5 5   0.77E+00  0.19E+00  0.18E+01  0.12E+03  0.22E+02
       Cl  6 5   0.80E+00  0.19E+00  0.19E+01  0.12E+03  0.23E+02
       Cl  6 6   0.83E+00  0.20E+00  0.19E+01  0.12E+03  0.23E+02
       H   1 1   0.39E+02  0.19E+00  0.29E+00  0.78E+05  0.13E+02
       H   2 1   0.41E+02  0.21E+00  0.32E+00  0.82E+05  0.14E+02
       H   2 2   0.43E+02  0.22E+00  0.36E+00  0.86E+05  0.15E+02
     ------------------------------------------------------------

     alpha_pv=     34.1096 eV

     Number of occupied bands for each k-point:
     k-point:     1    nbnd_occ=  42
     k-point:     2    nbnd_occ=  42
     k-point:     3    nbnd_occ=  42
     k-point:     4    nbnd_occ=  42
     k-point:     5    nbnd_occ=  42
     k-point:     6    nbnd_occ=  42
     k-point:     7    nbnd_occ=  42
     k-point:     8    nbnd_occ=  42
     k-point:     9    nbnd_occ=  42
     k-point:    10    nbnd_occ=  42
     k-point:    11    nbnd_occ=  42
     k-point:    12    nbnd_occ=  42
     k-point:    13    nbnd_occ=  42
     k-point:    14    nbnd_occ=  42
     k-point:    15    nbnd_occ=  42
     k-point:    16    nbnd_occ=  42


     q-space interpolation up to   110.00 Rydberg

     GIPAW job: efg                                                                             


     ELECTRIC FIELD GRADIENTS TENSORS IN Hartree/bohrradius^2:

     ----- bare term -----
     Cl   1        0.008412        0.082203       -0.113743
     Cl   1        0.082203        0.024706       -0.103088
     Cl   1       -0.113743       -0.103088       -0.033118

     C    2        0.108242        0.577854       -0.002383
     C    2        0.577854       -0.380563       -0.467911
     C    2       -0.002383       -0.467911        0.272321

     C    3       -0.105903        0.175861       -0.347592
     C    3        0.175861       -0.057616       -0.359835
     C    3       -0.347592       -0.359835        0.163519

     H    4       -0.504854       -0.500788       -0.333948
     H    4       -0.500788        0.186667       -0.177035
     H    4       -0.333948       -0.177035        0.318187

     C    5        0.040920        0.523228       -0.094289
     C    5        0.523228       -0.417231       -0.365173
     C    5       -0.094289       -0.365173        0.376311

     H    6        0.027498       -0.435661       -0.052401
     H    6       -0.435661       -0.394929       -0.327566
     H    6       -0.052401       -0.327566        0.367432

     H    7        0.507654       -0.014831       -0.180874
     H    7       -0.014831        0.018733        0.244307
     H    7       -0.180874        0.244307       -0.526387

     C    8       -0.358888       -0.346385       -0.025267
     C    8       -0.346385       -0.094437        0.442138
     C    8       -0.025267        0.442138        0.453326

     H    9        0.112901       -0.051372       -0.416891
     H    9       -0.051372        0.167957       -0.241262
     H    9       -0.416891       -0.241262       -0.280858

     C   10       -0.125623        0.108727       -0.218061
     C   10        0.108727       -0.098305        0.649669
     C   10       -0.218061        0.649669        0.223928

     C   11       -0.245002       -0.266918       -0.219991
     C   11       -0.266918       -0.134173        0.418168
     C   11       -0.219991        0.418168        0.379175

     Cl  12       -0.011157       -0.011655       -0.090908
     Cl  12       -0.011655       -0.002904        0.066015
     Cl  12       -0.090908        0.066015        0.014061

     H   13        0.352683        0.143845       -0.228597
     H   13        0.143845       -0.559426       -0.161846
     H   13       -0.228597       -0.161846        0.206743

     C   14       -0.401573       -0.033845       -0.305102
     C   14       -0.033845        0.023618       -0.303089
     C   14       -0.305102       -0.303089        0.377955

     H   15       -0.468352       -0.308942       -0.478206
     H   15       -0.308942        0.286500       -0.133392
     H   15       -0.478206       -0.133392        0.181853

     C   16       -0.011300        0.492859        0.213557
     C   16        0.492859       -0.497099       -0.535213
     C   16        0.213557       -0.535213        0.508399

     C   17       -0.025828       -0.120088       -0.443841
     C   17       -0.120088       -0.080418       -0.484252
     C   17       -0.443841       -0.484252        0.106246

     Cl  18       -0.125318        0.140712       -0.139783
     Cl  18        0.140712       -0.101527        0.022125
     Cl  18       -0.139783        0.022125        0.226845

     H   19        0.320396       -0.040621        0.189796
     H   19       -0.040621       -0.176103        0.525495
     H   19        0.189796        0.525495       -0.144293

     C   20       -0.089481       -0.010878       -0.482443
     C   20       -0.010878        0.036283        0.337356
     C   20       -0.482443        0.337356        0.053197

     H   21        0.179343        0.051555       -0.121984
     H   21        0.051555        0.388724       -0.126157
     H   21       -0.121984       -0.126157       -0.568067

     C   22        0.102891       -0.304640        0.077713
     C   22       -0.304640       -0.207294        0.123608
     C   22        0.077713        0.123608        0.104403

     C   23        0.007597        0.003371       -0.553871
     C   23        0.003371       -0.049082        0.419802
     C   23       -0.553871        0.419802        0.041484

     Cl  24       -0.171608       -0.242025        0.021983
     Cl  24       -0.242025       -0.015420       -0.013435
     Cl  24        0.021983       -0.013435        0.187028

     ----- ionic term -----
     Cl   1        0.140271       -0.203246       -0.045566
     Cl   1       -0.203246        0.001784        0.024770
     Cl   1       -0.045566        0.024770       -0.142055

     C    2        0.273870       -0.122992        0.167335
     C    2       -0.122992        0.103029        0.450328
     C    2        0.167335        0.450328       -0.376899

     C    3        0.170518       -0.209254        0.179527
     C    3       -0.209254        0.173020        0.403218
     C    3        0.179527        0.403218       -0.343538

     H    4        0.557753        0.414877        0.624088
     H    4        0.414877       -0.376879        0.291170
     H    4        0.624088        0.291170       -0.180875

     C    5        0.322419       -0.163900        0.277589
     C    5       -0.163900        0.074038        0.280882
     C    5        0.277589        0.280882       -0.396457

     H    6       -0.522667        0.136894        0.086842
     H    6        0.136894        0.783180        0.628933
     H    6        0.086842        0.628933       -0.260513

     H    7       -0.540561       -0.016468        0.022580
     H    7       -0.016468        0.294834       -0.791354
     H    7        0.022580       -0.791354        0.245727

     C    8        0.096690        0.297259        0.324800
     C    8        0.297259       -0.062317       -0.253898
     C    8        0.324800       -0.253898       -0.034372

     H    9        0.234674        0.019119        0.789319
     H    9        0.019119       -0.501842       -0.064134
     H    9        0.789319       -0.064134        0.267168

     C   10        0.005070        0.329829        0.236128
     C   10        0.329829        0.099838       -0.343370
     C   10        0.236128       -0.343370       -0.104908

     C   11       -0.008995        0.237966        0.392004
     C   11        0.237966        0.052611       -0.366638
     C   11        0.392004       -0.366638       -0.043616

     Cl  12        0.066245        0.212410        0.034598
     Cl  12        0.212410        0.060421        0.025218
     Cl  12        0.034598        0.025218       -0.126666

     H   13       -0.481824        0.140957        0.062315
     H   13        0.140957        0.814061        0.591892
     H   13        0.062315        0.591892       -0.332236

     C   14        0.418406       -0.145888        0.227081
     C   14       -0.145888        0.061801        0.291726
     C   14        0.227081        0.291726       -0.480207

     H   15        0.681532        0.287586        0.662947
     H   15        0.287586       -0.400986        0.223781
     H   15        0.662947        0.223781       -0.280545

     C   16        0.259313       -0.261244        0.176939
     C   16       -0.261244        0.203886        0.330852
     C   16        0.176939        0.330852       -0.463199

     C   17        0.246971       -0.142240        0.311668
     C   17       -0.142240        0.153496        0.312517
     C   17        0.311668        0.312517       -0.400468

     Cl  18        0.166337       -0.197097        0.061951
     Cl  18       -0.197097       -0.014755       -0.023888
     Cl  18        0.061951       -0.023888       -0.151583

     H   19       -0.497238       -0.234791        0.142890
     H   19       -0.234791        0.716678       -0.631124
     H   19        0.142890       -0.631124       -0.219439

     C   20        0.085877        0.198575        0.400545
     C   20        0.198575        0.056409       -0.230957
     C   20        0.400545       -0.230957       -0.142286

     H   21        0.132012       -0.135887        0.799625
     H   21       -0.135887       -0.495257       -0.234233
     H   21        0.799625       -0.234233        0.363245

     C   22       -0.095759        0.299634        0.236124
     C   22        0.299634        0.156941       -0.408685
     C   22        0.236124       -0.408685       -0.061181

     C   23        0.021898        0.346785        0.329052
     C   23        0.346785        0.050956       -0.375877
     C   23        0.329052       -0.375877       -0.072854

     Cl  24        0.131407        0.241184        0.031381
     Cl  24        0.241184        0.021133        0.013356
     Cl  24        0.031381        0.013356       -0.152539

     ----- GIPAW term -----
     Cl   1        1.678840       -0.420819       -1.748291
     Cl   1       -0.420819       -0.247440       -1.226151
     Cl   1       -1.748291       -1.226151       -1.431401

     C    2        0.254196        0.134120        0.062105
     C    2        0.134120       -0.115588       -0.029449
     C    2        0.062105       -0.029449       -0.138608

     C    3        0.162293        0.127869       -0.021574
     C    3        0.127869       -0.054592       -0.020693
     C    3       -0.021574       -0.020693       -0.107701

     H    4       -0.000000        0.000000        0.000000
     H    4        0.000000        0.000000        0.000000
     H    4        0.000000        0.000000        0.000000

     C    5        0.239243        0.147196        0.024455
     C    5        0.147196       -0.183303       -0.060654
     C    5        0.024455       -0.060654       -0.055940

     H    6       -0.000000        0.000000        0.000000
     H    6        0.000000        0.000000        0.000000
     H    6        0.000000        0.000000        0.000000

     H    7       -0.000000        0.000000        0.000000
     H    7        0.000000        0.000000        0.000000
     H    7        0.000000        0.000000        0.000000

     C    8       -0.047740        0.042904        0.120478
     C    8        0.042904       -0.026532        0.175356
     C    8        0.120478        0.175356        0.074272

     H    9       -0.000000        0.000000        0.000000
     H    9        0.000000        0.000000        0.000000
     H    9        0.000000        0.000000        0.000000

     C   10       -0.106903        0.137469        0.038803
     C   10        0.137469        0.047653        0.243230
     C   10        0.038803        0.243230        0.059250

     C   11        0.072457        0.150237       -0.005408
     C   11        0.150237       -0.003102        0.078275
     C   11       -0.005408        0.078275       -0.069355

     Cl  12       -0.265431        1.601848       -0.332534
     Cl  12        1.601848        1.226549        2.077034
     Cl  12       -0.332534        2.077034       -0.961118

     H   13       -0.000000        0.000000        0.000000
     H   13        0.000000        0.000000        0.000000
     H   13        0.000000        0.000000        0.000000

     C   14        0.076391       -0.008321        0.168690
     C   14       -0.008321       -0.126861       -0.013304
     C   14        0.168690       -0.013304        0.050469

     H   15       -0.000000        0.000000        0.000000
     H   15        0.000000        0.000000        0.000000
     H   15        0.000000        0.000000        0.000000

     C   16        0.078662       -0.010352        0.224974
     C   16       -0.010352       -0.159051       -0.121721
     C   16        0.224974       -0.121721        0.080389

     C   17        0.226795       -0.092426       -0.009742
     C   17       -0.092426       -0.077491       -0.048823
     C   17       -0.009742       -0.048823       -0.149304

     Cl  18        0.700946       -1.691631       -1.197721
     Cl  18       -1.691631       -0.692831        0.216000
     Cl  18       -1.197721        0.216000       -0.008116

     H   19       -0.000000        0.000000        0.000000
     H   19        0.000000        0.000000        0.000000
     H   19        0.000000        0.000000        0.000000

     C   20        0.126494       -0.038354       -0.190336
     C   20       -0.038354       -0.102856        0.072173
     C   20       -0.190336        0.072173       -0.023638

     H   21       -0.000000        0.000000        0.000000
     H   21        0.000000        0.000000        0.000000
     H   21        0.000000        0.000000        0.000000

     C   22        0.033119       -0.041258       -0.020940
     C   22       -0.041258       -0.028554        0.013467
     C   22       -0.020940        0.013467       -0.004565

     C   23        0.127501       -0.038110       -0.186375
     C   23       -0.038110       -0.047097        0.108177
     C   23       -0.186375        0.108177       -0.080404

     Cl  24        0.997457       -0.533821       -1.880929
     Cl  24       -0.533821       -0.868070        0.970300
     Cl  24       -1.880929        0.970300       -0.129387

     ----- total EFG -----
     Cl   1        1.827524       -0.541861       -1.907600
     Cl   1       -0.541861       -0.220949       -1.304468
     Cl   1       -1.907600       -1.304468       -1.606574

     C    2        0.636307        0.588981        0.227056
     C    2        0.588981       -0.393121       -0.047032
     C    2        0.227056       -0.047032       -0.243185

     C    3        0.226909        0.094476       -0.189639
     C    3        0.094476        0.060811        0.022691
     C    3       -0.189639        0.022691       -0.287720

     H    4        0.052899       -0.085911        0.290140
     H    4       -0.085911       -0.190211        0.114136
     H    4        0.290140        0.114136        0.137312

     C    5        0.602582        0.506525        0.207755
     C    5        0.506525       -0.526496       -0.144945
     C    5        0.207755       -0.144945       -0.076086

     H    6       -0.495169       -0.298767        0.034440
     H    6       -0.298767        0.388251        0.301367
     H    6        0.034440        0.301367        0.106918

     H    7       -0.032907       -0.031299       -0.158294
     H    7       -0.031299        0.313567       -0.547047
     H    7       -0.158294       -0.547047       -0.280661

     C    8       -0.309938       -0.006222        0.420012
     C    8       -0.006222       -0.183286        0.363596
     C    8        0.420012        0.363596        0.493225

     H    9        0.347575       -0.032252        0.372428
     H    9       -0.032252       -0.333885       -0.305396
     H    9        0.372428       -0.305396       -0.013690

     C   10       -0.227456        0.576025        0.056870
     C   10        0.576025        0.049186        0.549529
     C   10        0.056870        0.549529        0.178270

     C   11       -0.181540        0.121286        0.166605
     C   11        0.121286       -0.084664        0.129805
     C   11        0.166605        0.129805        0.266204

     Cl  12       -0.210343        1.802603       -0.388844
     Cl  12        1.802603        1.284066        2.168267
     Cl  12       -0.388844        2.168267       -1.073723

     H   13       -0.129141        0.284802       -0.166281
     H   13        0.284802        0.254635        0.430046
     H   13       -0.166281        0.430046       -0.125494

     C   14        0.093224       -0.188054        0.090669
     C   14       -0.188054       -0.041442       -0.024667
     C   14        0.090669       -0.024667       -0.051782

     H   15        0.213179       -0.021356        0.184741
     H   15       -0.021356       -0.114487        0.090389
     H   15        0.184741        0.090389       -0.098692

     C   16        0.326675        0.221263        0.615469
     C   16        0.221263       -0.452263       -0.326082
     C   16        0.615469       -0.326082        0.125589

     C   17        0.447938       -0.354754       -0.141915
     C   17       -0.354754       -0.004413       -0.220557
     C   17       -0.141915       -0.220557       -0.443526

     Cl  18        0.741965       -1.748016       -1.275552
     Cl  18       -1.748016       -0.809112        0.214237
     Cl  18       -1.275552        0.214237        0.067147

     H   19       -0.176843       -0.275413        0.332686
     H   19       -0.275413        0.540575       -0.105629
     H   19        0.332686       -0.105629       -0.363732

     C   20        0.122890        0.149343       -0.272235
     C   20        0.149343       -0.010164        0.178572
     C   20       -0.272235        0.178572       -0.112726

     H   21        0.311355       -0.084333        0.677641
     H   21       -0.084333       -0.106534       -0.360390
     H   21        0.677641       -0.360390       -0.204822

     C   22        0.040251       -0.046265        0.292897
     C   22       -0.046265       -0.078907       -0.271610
     C   22        0.292897       -0.271610        0.038656

     C   23        0.156997        0.312046       -0.411194
     C   23        0.312046       -0.045223        0.152102
     C   23       -0.411194        0.152102       -0.111774

     Cl  24        0.957256       -0.534662       -1.827565
     Cl  24       -0.534662       -0.862358        0.970221
     Cl  24       -1.827565        0.970221       -0.094898

     ----- total EFG (symmetrized) -----
     Cl   1        1.827524       -0.541861       -1.907600
     Cl   1       -0.541861       -0.220949       -1.304468
     Cl   1       -1.907600       -1.304468       -1.606574

     C    2        0.636307        0.588981        0.227056
     C    2        0.588981       -0.393121       -0.047032
     C    2        0.227056       -0.047032       -0.243185

     C    3        0.226909        0.094476       -0.189639
     C    3        0.094476        0.060811        0.022691
     C    3       -0.189639        0.022691       -0.287720

     H    4        0.052899       -0.085911        0.290140
     H    4       -0.085911       -0.190211        0.114136
     H    4        0.290140        0.114136        0.137312

     C    5        0.602582        0.506525        0.207755
     C    5        0.506525       -0.526496       -0.144945
     C    5        0.207755       -0.144945       -0.076086

     H    6       -0.495169       -0.298767        0.034440
     H    6       -0.298767        0.388251        0.301367
     H    6        0.034440        0.301367        0.106918

     H    7       -0.032907       -0.031299       -0.158294
     H    7       -0.031299        0.313567       -0.547047
     H    7       -0.158294       -0.547047       -0.280661

     C    8       -0.309938       -0.006222        0.420012
     C    8       -0.006222       -0.183286        0.363596
     C    8        0.420012        0.363596        0.493225

     H    9        0.347575       -0.032252        0.372428
     H    9       -0.032252       -0.333885       -0.305396
     H    9        0.372428       -0.305396       -0.013690

     C   10       -0.227456        0.576025        0.056870
     C   10        0.576025        0.049186        0.549529
     C   10        0.056870        0.549529        0.178270

     C   11       -0.181540        0.121286        0.166605
     C   11        0.121286       -0.084664        0.129805
     C   11        0.166605        0.129805        0.266204

     Cl  12       -0.210343        1.802603       -0.388844
     Cl  12        1.802603        1.284066        2.168267
     Cl  12       -0.388844        2.168267       -1.073723

     H   13       -0.129141        0.284802       -0.166281
     H   13        0.284802        0.254635        0.430046
     H   13       -0.166281        0.430046       -0.125494

     C   14        0.093224       -0.188054        0.090669
     C   14       -0.188054       -0.041442       -0.024667
     C   14        0.090669       -0.024667       -0.051782

     H   15        0.213179       -0.021356        0.184741
     H   15       -0.021356       -0.114487        0.090389
     H   15        0.184741        0.090389       -0.098692

     C   16        0.326675        0.221263        0.615469
     C   16        0.221263       -0.452263       -0.326082
     C   16        0.615469       -0.326082        0.125589

     C   17        0.447938       -0.354754       -0.141915
     C   17       -0.354754       -0.004413       -0.220557
     C   17       -0.141915       -0.220557       -0.443526

     Cl  18        0.741965       -1.748016       -1.275552
     Cl  18       -1.748016       -0.809112        0.214237
     Cl  18       -1.275552        0.214237        0.067147

     H   19       -0.176843       -0.275413        0.332686
     H   19       -0.275413        0.540575       -0.105629
     H   19        0.332686       -0.105629       -0.363732

     C   20        0.122890        0.149343       -0.272235
     C   20        0.149343       -0.010164        0.178572
     C   20       -0.272235        0.178572       -0.112726

     H   21        0.311355       -0.084333        0.677641
     H   21       -0.084333       -0.106534       -0.360390
     H   21        0.677641       -0.360390       -0.204822

     C   22        0.040251       -0.046265        0.292897
     C   22       -0.046265       -0.078907       -0.271610
     C   22        0.292897       -0.271610        0.038656

     C   23        0.156997        0.312046       -0.411194
     C   23        0.312046       -0.045223        0.152102
     C   23       -0.411194        0.152102       -0.111774

     Cl  24        0.957256       -0.534662       -1.827565
     Cl  24       -0.534662       -0.862358        0.970221
     Cl  24       -1.827565        0.970221       -0.094898


     NQR/NMR SPECTROSCOPIC PARAMETERS:
     Cl   1    Vxx=    0.4618    axis=( -0.190433  0.900042 -0.391995)
     Cl   1    Vyy=    2.6775    axis=(  0.911823  0.014211 -0.410338)
     Cl   1    Vzz=   -3.1394    axis=(  0.363750  0.435572  0.823385)
     Cl   1  Q=        -8.1650 1e-30 m^2  Cq=        60.2272 MHz  eta= 0.70578

     C    2    Vxx=   -0.2306    axis=( -0.017741 -0.336805  0.941407)
     C    2    Vyy=   -0.7032    axis=( -0.426081  0.854328  0.297621)
     C    2    Vzz=    0.9339    axis=(  0.904511  0.395836  0.158663)
     C    2  Q=         1.0000 1e-30 m^2  Cq=         2.1943 MHz  eta= 0.50607

     C    3    Vxx=    0.0401    axis=( -0.258370  0.941891  0.214679)
     C    3    Vyy=    0.3164    axis=( -0.909762 -0.311977  0.273868)
     C    3    Vzz=   -0.3565    axis=(  0.324929 -0.124548  0.937502)
     C    3  Q=         1.0000 1e-30 m^2  Cq=        -0.8375 MHz  eta= 0.77519

     H    4    Vxx=   -0.0555    axis=(  0.560225 -0.713614 -0.420598)
     H    4    Vyy=   -0.3345    axis=(  0.521814  0.698380 -0.489873)
     H    4    Vzz=    0.3900    axis=(  0.643318  0.054965  0.763624)
     H    4  Q=         1.0000 1e-30 m^2  Cq=         0.9162 MHz  eta= 0.71537

     C    5    Vxx=   -0.0361    axis=( -0.047128 -0.327612  0.943636)
     C    5    Vyy=   -0.7837    axis=( -0.366459  0.884487  0.288775)
     C    5    Vzz=    0.8198    axis=( -0.929240 -0.332195 -0.161741)
     C    5  Q=         1.0000 1e-30 m^2  Cq=         1.9263 MHz  eta= 0.91183

     H    6    Vxx=   -0.0214    axis=(  0.315906 -0.401920  0.859455)
     H    6    Vyy=   -0.6095    axis=( -0.924854 -0.332636  0.184389)
     H    6    Vzz=    0.6308    axis=(  0.211776 -0.853120 -0.476799)
     H    6  Q=         1.0000 1e-30 m^2  Cq=         1.4822 MHz  eta= 0.93230

     H    7    Vxx=    0.0006    axis=(  0.966750 -0.194182 -0.166395)
     H    7    Vyy=    0.6434    axis=(  0.081850  0.851421 -0.518057)
     H    7    Vzz=   -0.6440    axis=(  0.242269  0.487212  0.839005)
     H    7  Q=         1.0000 1e-30 m^2  Cq=        -1.5132 MHz  eta= 0.99806

     C    8    Vxx=   -0.2233    axis=(  0.547435 -0.830770  0.100681)
     C    8    Vyy=   -0.5649    axis=(  0.766511  0.449502 -0.458703)
     C    8    Vzz=    0.7882    axis=(  0.335820  0.328283  0.882868)
     C    8  Q=         1.0000 1e-30 m^2  Cq=         1.8519 MHz  eta= 0.43351

     H    9    Vxx=   -0.0662    axis=(  0.565091  0.589939 -0.576753)
     H    9    Vyy=   -0.5551    axis=( -0.214601  0.780111  0.587685)
     H    9    Vzz=    0.6213    axis=( -0.796629  0.208324 -0.567435)
     H    9  Q=         1.0000 1e-30 m^2  Cq=         1.4598 MHz  eta= 0.78686

     C   10    Vxx=   -0.0642    axis=( -0.641206 -0.253252  0.724374)
     C   10    Vyy=   -0.7906    axis=( -0.654297  0.673642 -0.343659)
     C   10    Vzz=    0.8548    axis=( -0.400936 -0.694313 -0.597645)
     C   10  Q=         1.0000 1e-30 m^2  Cq=         2.0085 MHz  eta= 0.84981

     C   11    Vxx=   -0.1042    axis=(  0.342007  0.828148 -0.444074)
     C   11    Vyy=   -0.2745    axis=(  0.878178 -0.449853 -0.162590)
     C   11    Vzz=    0.3787    axis=(  0.334417  0.334369  0.881114)
     C   11  Q=         1.0000 1e-30 m^2  Cq=         0.8898 MHz  eta= 0.44979

     Cl  12    Vxx=   -0.1615    axis=(  0.798290 -0.106250 -0.592827)
     Cl  12    Vyy=   -3.0023    axis=( -0.451152  0.546593 -0.705477)
     Cl  12    Vzz=    3.1638    axis=(  0.398992  0.830631  0.388404)
     Cl  12  Q=        -8.1650 1e-30 m^2  Cq=       -60.6965 MHz  eta= 0.89791

     H   13    Vxx=    0.0281    axis=(  0.803940  0.101629 -0.585962)
     H   13    Vyy=    0.5706    axis=( -0.234773 -0.851031 -0.469711)
     H   13    Vzz=   -0.5986    axis=(  0.546408 -0.515188  0.660318)
     H   13  Q=         1.0000 1e-30 m^2  Cq=        -1.4065 MHz  eta= 0.90626

     C   14    Vxx=   -0.0686    axis=( -0.064703  0.387676  0.919522)
     C   14    Vyy=   -0.1830    axis=( -0.601066 -0.750689  0.274200)
     C   14    Vzz=    0.2516    axis=(  0.796576 -0.534952  0.281591)
     C   14  Q=         1.0000 1e-30 m^2  Cq=         0.5911 MHz  eta= 0.45492

     H   15    Vxx=   -0.0527    axis=(  0.278750 -0.822231 -0.496221)
     H   15    Vyy=   -0.2472    axis=(  0.329249  0.567207 -0.754898)
     H   15    Vzz=    0.2999    axis=(  0.902160  0.047048  0.428828)
     H   15  Q=         1.0000 1e-30 m^2  Cq=         0.7046 MHz  eta= 0.64855

     C   16    Vxx=   -0.0331    axis=( -0.498951 -0.680687  0.536388)
     C   16    Vyy=   -0.8182    axis=(  0.427035 -0.731687 -0.531295)
     C   16    Vzz=    0.8513    axis=(  0.754115 -0.036033  0.655754)
     C   16  Q=         1.0000 1e-30 m^2  Cq=         2.0002 MHz  eta= 0.92219

     C   17    Vxx=   -0.0326    axis=(  0.392900  0.746835 -0.536532)
     C   17    Vyy=   -0.6102    axis=(  0.268920  0.464633  0.843682)
     C   17    Vzz=    0.6428    axis=( -0.879382  0.475766  0.018284)
     C   17  Q=         1.0000 1e-30 m^2  Cq=         1.5104 MHz  eta= 0.89859

     Cl  18    Vxx=   -0.3842    axis=(  0.220454 -0.478290  0.850081)
     Cl  18    Vyy=   -2.0932    axis=( -0.590988 -0.758834 -0.273688)
     Cl  18    Vzz=    2.4774    axis=(  0.775973 -0.442052 -0.449952)
     Cl  18  Q=        -8.1650 1e-30 m^2  Cq=       -47.5277 MHz  eta= 0.68985

     H   19    Vxx=   -0.0565    axis=( -0.683941 -0.420906 -0.595871)
     H   19    Vyy=   -0.6223    axis=( -0.627119 -0.078130  0.774995)
     H   19    Vzz=    0.6788    axis=( -0.372755  0.903733 -0.210522)
     H   19  Q=         1.0000 1e-30 m^2  Cq=         1.5949 MHz  eta= 0.83356

     C   20    Vxx=    0.1169    axis=(  0.163810  0.863368  0.477244)
     C   20    Vyy=    0.3049    axis=( -0.854192 -0.117866  0.506422)
     C   20    Vzz=   -0.4218    axis=(  0.493479 -0.490616  0.718175)
     C   20  Q=         1.0000 1e-30 m^2  Cq=        -0.9910 MHz  eta= 0.44577

     H   21    Vxx=   -0.0873    axis=(  0.443621  0.883398 -0.151024)
     H   21    Vyy=   -0.7722    axis=( -0.470889  0.373132  0.799398)
     H   21    Vzz=    0.8595    axis=(  0.762538 -0.283514  0.581511)
     H   21  Q=         1.0000 1e-30 m^2  Cq=         2.0194 MHz  eta= 0.79692

     C   22    Vxx=   -0.0677    axis=( -0.700847 -0.697761  0.148129)
     C   22    Vyy=   -0.3698    axis=(  0.429752 -0.578782 -0.693055)
     C   22    Vzz=    0.4375    axis=(  0.569321 -0.422067  0.705502)
     C   22  Q=         1.0000 1e-30 m^2  Cq=         1.0280 MHz  eta= 0.69045

     C   23    Vxx=    0.0770    axis=(  0.015742  0.795016  0.606384)
     C   23    Vyy=    0.5135    axis=( -0.822743 -0.334331  0.459692)
     C   23    Vzz=   -0.5905    axis=(  0.568195 -0.506135  0.648831)
     C   23  Q=         1.0000 1e-30 m^2  Cq=        -1.3875 MHz  eta= 0.73932

     Cl  24    Vxx=   -0.8511    axis=(  0.542390  0.781630  0.308005)
     Cl  24    Vyy=   -1.7787    axis=(  0.383534 -0.556555  0.736986)
     Cl  24    Vzz=    2.6297    axis=( -0.747472  0.281603  0.601652)
     Cl  24  Q=        -8.1650 1e-30 m^2  Cq=       -50.4499 MHz  eta= 0.35274

     Initialization:
     gipaw_setup  :      9.37s CPU     11.32s WALL (       1 calls)

     Linear response

     Apply operators

     Induced current

     Other routines
     efg          :      9.71s CPU     12.09s WALL (       1 calls)

     General routines
     calbec       :      3.42s CPU      4.43s WALL (      16 calls)
     fft          :      1.52s CPU      2.19s WALL (      15 calls)
     ffts         :      0.04s CPU      0.05s WALL (       2 calls)
     fftw         :      3.38s CPU      4.03s WALL (     672 calls)
     davcio       :      0.03s CPU      0.34s WALL (      32 calls)

     Parallel routines
     fft_scatter  :      2.07s CPU      3.25s WALL (     689 calls)

     Plugins

     GIPAW        :     62.96s CPU     73.82s WALL (       1 calls)
