
     Program QE v.6.0 (svn rev. 13079) starts on 16Jan2017 at  5:37:33 

     This program is part of the open-source Quantum ESPRESSO suite
     for quantum simulation of materials; please cite
         "P. Giannozzi et al., J. Phys.:Condens. Matter 21 395502 (2009);
          URL http://www.quantum-espresso.org", 
     in publications or presentations arising from this work. More details at
     http://www.quantum-espresso.org/quote

     Parallel version (MPI), running on     8 processors
     R & G space division:  proc/nbgrp/npool/nimage =       8

     ***** This is GIPAW svn revision unknown      *****

     Parallelizing q-star over 1 images

     Reading data from directory:
     /users/majewski/paradichlorobenzene/pbe/9_constraint/scratch/pbe.ecut100.np8.dt60.pcl2phi-129368.save
     Message from routine read_xml_file:
     file /users/majewski/paradichlorobenzene/pbe/9_constraint/scratch/pbe.ecut100.np8.dt60.pcl2phi-129368.save not guaranteed to be safe for post-processing

   Info: using nr1, nr2, nr3 values from input

   Info: using nr1, nr2, nr3 values from input

     IMPORTANT: XC functional enforced from input :
     Exchange-correlation      =  SLA  PW   PBX  PBC ( 1  4  3  4 0 0)
     Any further DFT definition will be discarded
     Please, verify this is what you really want

               file C.pbe-n-kjpaw_psl.1.0.0.UPF: wavefunction(s)  2S 2P renormalized
               file Cl.pbe-n-kjpaw_psl.1.0.0.UPF: wavefunction(s)  3S 3P renormalized
               file H.pbe-kjpaw_psl.1.0.0.UPF: wavefunction(s)  1S renormalized

     Parallelization info
     --------------------
     sticks:   dense  smooth     PW     G-vecs:    dense   smooth      PW
     Min        3057    1223    332               144436    36536    5170
     Max        3059    1225    333               144437    36537    5171
     Sum       24467    9791   2657              1155489   292295   41363


     Subspace diagonalization in iterative solution of the eigenvalue problem:
     a serial algorithm will be used

     GIPAW projectors -----------------------------------------------
     atom=  C    l=0  rc=    1.2000  rs=    0.8000
     atom=  C    l=0  rc=    1.2000  rs=    0.8000
     atom=  C    l=1  rc=    1.4000  rs=    0.9333
     atom=  C    l=1  rc=    1.4000  rs=    0.9333
     projs nearly linearly dependent: l=1  n1,n2= 1, 2  s=  0.99951561

     atom=  Cl   l=0  rc=    1.6000  rs=    1.0667
     atom=  Cl   l=0  rc=    1.6000  rs=    1.0667
     atom=  Cl   l=1  rc=    1.6000  rs=    1.0667
     atom=  Cl   l=1  rc=    1.6000  rs=    1.0667
     atom=  Cl   l=2  rc=    1.6000  rs=    1.0667
     atom=  Cl   l=2  rc=    1.6000  rs=    1.0667
     projs nearly linearly dependent: l=2  n1,n2= 1, 2  s=  0.99993509

     atom=  H    l=0  rc=    1.0000  rs=    0.6667
     atom=  H    l=0  rc=    1.0000  rs=    0.6667
     projs nearly linearly dependent: l=0  n1,n2= 1, 2  s=  0.99968852
     -----------------------------------------------------------------

     GIPAW integrals: -------------------------------------------
     Atom  i/j   nmr_para   nmr_dia   epr_rmc  epr_para   epr_dia
       C   1 1   0.83E+03  0.17E-01  0.93E+01  0.24E+08  0.24E+03
       C   2 1   0.86E+03 -0.61E-01  0.94E+01  0.25E+08  0.25E+03
       C   2 2   0.90E+03 -0.15E+00  0.97E+01  0.26E+08  0.26E+03
       C   3 3   0.33E+01  0.34E+00  0.18E+01  0.55E+03  0.21E+02
       C   4 3   0.35E+01  0.37E+00  0.20E+01  0.59E+03  0.22E+02
       C   4 4   0.38E+01  0.39E+00  0.22E+01  0.63E+03  0.24E+02
       Cl  1 1   0.14E+04 -0.47E+00  0.84E+01  0.32E+09  0.42E+03
       Cl  2 1   0.21E+04 -0.37E+00  0.12E+02  0.49E+09  0.65E+03
       Cl  2 2   0.33E+04 -0.16E+00  0.21E+02  0.76E+09  0.10E+04
       Cl  3 3   0.21E+02  0.79E-01  0.89E+01  0.23E+05  0.13E+03
       Cl  4 3   0.24E+02  0.67E-01  0.99E+01  0.27E+05  0.15E+03
       Cl  4 4   0.28E+02  0.44E-01  0.11E+02  0.32E+05  0.18E+03
       Cl  5 5   0.77E+00  0.19E+00  0.18E+01  0.12E+03  0.22E+02
       Cl  6 5   0.80E+00  0.19E+00  0.19E+01  0.12E+03  0.23E+02
       Cl  6 6   0.83E+00  0.20E+00  0.19E+01  0.12E+03  0.23E+02
       H   1 1   0.39E+02  0.19E+00  0.29E+00  0.78E+05  0.13E+02
       H   2 1   0.41E+02  0.21E+00  0.32E+00  0.82E+05  0.14E+02
       H   2 2   0.43E+02  0.22E+00  0.36E+00  0.86E+05  0.15E+02
     ------------------------------------------------------------

     alpha_pv=     33.9938 eV

     Number of occupied bands for each k-point:
     k-point:     1    nbnd_occ=  42
     k-point:     2    nbnd_occ=  42
     k-point:     3    nbnd_occ=  42
     k-point:     4    nbnd_occ=  42
     k-point:     5    nbnd_occ=  42
     k-point:     6    nbnd_occ=  42
     k-point:     7    nbnd_occ=  42
     k-point:     8    nbnd_occ=  42
     k-point:     9    nbnd_occ=  42
     k-point:    10    nbnd_occ=  42
     k-point:    11    nbnd_occ=  42
     k-point:    12    nbnd_occ=  42
     k-point:    13    nbnd_occ=  42
     k-point:    14    nbnd_occ=  42
     k-point:    15    nbnd_occ=  42
     k-point:    16    nbnd_occ=  42


     q-space interpolation up to   110.00 Rydberg

     GIPAW job: efg                                                                             


     ELECTRIC FIELD GRADIENTS TENSORS IN Hartree/bohrradius^2:

     ----- bare term -----
     Cl   1        0.155692        0.202919        0.044634
     Cl   1        0.202919        0.062763        0.392300
     Cl   1        0.044634        0.392300       -0.218455

     C    2       -0.072914       -0.126432       -0.298968
     C    2       -0.126432        0.058838       -0.723828
     C    2       -0.298968       -0.723828        0.014075

     C    3       -0.388918        0.270465       -0.202123
     C    3        0.270465        0.088087       -0.273584
     C    3       -0.202123       -0.273584        0.300831

     H    4       -0.221756       -0.522500       -0.059666
     H    4       -0.522500       -0.151543        0.098190
     H    4       -0.059666        0.098190        0.373299

     C    5        0.026436        0.228245        0.017998
     C    5        0.228245       -0.200143       -0.363099
     C    5        0.017998       -0.363099        0.173707

     H    6        0.218118       -0.442915       -0.061389
     H    6       -0.442915       -0.543187       -0.254321
     H    6       -0.061389       -0.254321        0.325069

     H    7        0.539921        0.003107       -0.044717
     H    7        0.003107       -0.277079        0.343271
     H    7       -0.044717        0.343271       -0.262842

     C    8       -0.772683       -0.347658       -0.241372
     C    8       -0.347658        0.441257        0.200539
     C    8       -0.241372        0.200539        0.331425

     H    9       -0.559633        0.002477       -0.292160
     H    9        0.002477        0.290242        0.258866
     H    9       -0.292160        0.258866        0.269391

     C   10        0.080213        0.024251       -0.239801
     C   10        0.024251       -0.069041        0.623956
     C   10       -0.239801        0.623956       -0.011172

     C   11       -0.720232       -0.451969       -0.300025
     C   11       -0.451969        0.306074        0.128750
     C   11       -0.300025        0.128750        0.414159

     Cl  12        0.031339       -0.060331       -0.027784
     Cl  12       -0.060331        0.008378       -0.006693
     Cl  12       -0.027784       -0.006693       -0.039718

     H   13        0.010779        0.037451       -0.221003
     H   13        0.037451       -0.322754       -0.534123
     H   13       -0.221003       -0.534123        0.311975

     C   14       -0.844950        0.332873       -0.401178
     C   14        0.332873        0.401558       -0.027004
     C   14       -0.401178       -0.027004        0.443392

     H   15       -0.557077        0.045036        0.057158
     H   15        0.045036        0.312790       -0.361714
     H   15        0.057158       -0.361714        0.244287

     C   16        0.150481        0.029482       -0.132099
     C   16        0.029482       -0.468955       -0.491234
     C   16       -0.132099       -0.491234        0.318474

     C   17       -0.774899        0.382632       -0.324086
     C   17        0.382632        0.290666       -0.039981
     C   17       -0.324086       -0.039981        0.484233

     Cl  18        0.292112       -0.043510       -0.088906
     Cl  18       -0.043510       -0.043095       -0.460208
     Cl  18       -0.088906       -0.460208       -0.249016

     H   19        0.444412        0.198154       -0.011983
     H   19        0.198154       -0.804213        0.185863
     H   19       -0.011983        0.185863        0.359801

     C   20       -0.062370        0.000684       -0.218758
     C   20        0.000684        0.012747        0.440735
     C   20       -0.218758        0.440735        0.049623

     H   21       -0.177458        0.477593       -0.279097
     H   21        0.477593       -0.216800        0.100516
     H   21       -0.279097        0.100516        0.394258

     C   22       -0.692598       -0.346866       -0.220038
     C   22       -0.346866        0.326473        0.220373
     C   22       -0.220038        0.220373        0.366125

     C   23        0.031529        0.138939       -0.318469
     C   23        0.138939        0.029086        0.668520
     C   23       -0.318469        0.668520       -0.060615

     Cl  24       -0.308705       -0.232744       -0.010766
     Cl  24       -0.232744        0.195132        0.001801
     Cl  24       -0.010766        0.001801        0.113573

     ----- ionic term -----
     Cl   1        0.111431       -0.165006       -0.073896
     Cl   1       -0.165006        0.001677        0.058545
     Cl   1       -0.073896        0.058545       -0.113108

     C    2        0.305420       -0.039575        0.120860
     C    2       -0.039575        0.084595        0.435023
     C    2        0.120860        0.435023       -0.390015

     C    3        0.117328       -0.111970        0.107180
     C    3       -0.111970        0.243709        0.441687
     C    3        0.107180        0.441687       -0.361037

     H    4        0.652675        0.428130        0.535503
     H    4        0.428130       -0.344831        0.278770
     H    4        0.535503        0.278770       -0.307845

     C    5        0.298628       -0.103192        0.117305
     C    5       -0.103192        0.118169        0.328060
     C    5        0.117305        0.328060       -0.416797

     H    6       -0.509731        0.201693        0.114067
     H    6        0.201693        0.666917        0.713764
     H    6        0.114067        0.713764       -0.157185

     H    7       -0.517915       -0.056387        0.046894
     H    7       -0.056387        0.570769       -0.749204
     H    7        0.046894       -0.749204       -0.052854

     C    8        0.271409        0.145082        0.266901
     C    8        0.145082        0.007164       -0.338483
     C    8        0.266901       -0.338483       -0.278572

     H    9        0.643570       -0.530070        0.470040
     H    9       -0.530070       -0.227621       -0.264214
     H    9        0.470040       -0.264214       -0.415949

     C   10        0.150871        0.163098        0.117886
     C   10        0.163098        0.199333       -0.406141
     C   10        0.117886       -0.406141       -0.350205

     C   11        0.205766        0.191857        0.215530
     C   11        0.191857        0.132673       -0.371774
     C   11        0.215530       -0.371774       -0.338439

     Cl  12        0.148295        0.223003        0.016444
     Cl  12        0.223003        0.003462        0.003300
     Cl  12        0.016444        0.003300       -0.151756

     H   13       -0.465369        0.287178        0.165978
     H   13        0.287178        0.583052        0.727810
     H   13        0.165978        0.727810       -0.117683

     C   14        0.391225       -0.091232        0.153182
     C   14       -0.091232        0.034894        0.340101
     C   14        0.153182        0.340101       -0.426120

     H   15        0.790034        0.377946        0.494595
     H   15        0.377946       -0.388111        0.201662
     H   15        0.494595        0.201662       -0.401923

     C   16        0.183337       -0.157995        0.088596
     C   16       -0.157995        0.211475        0.424625
     C   16        0.088596        0.424625       -0.394812

     C   17        0.217560       -0.064298        0.123580
     C   17       -0.064298        0.173623        0.422856
     C   17        0.123580        0.422856       -0.391184

     Cl  18        0.106135       -0.198425       -0.040260
     Cl  18       -0.198425        0.021415        0.036024
     Cl  18       -0.040260        0.036024       -0.127551

     H   19       -0.503139       -0.124480        0.071314
     H   19       -0.124480        0.675010       -0.685149
     H   19        0.071314       -0.685149       -0.171872

     C   20        0.276275        0.176055        0.234627
     C   20        0.176055        0.101734       -0.275190
     C   20        0.234627       -0.275190       -0.378009

     H   21        0.684966       -0.324538        0.624192
     H   21       -0.324538       -0.403125       -0.239648
     H   21        0.624192       -0.239648       -0.281841

     C   22        0.124290        0.206940        0.201850
     C   22        0.206940        0.209588       -0.407223
     C   22        0.201850       -0.407223       -0.333879

     C   23        0.153751        0.130727        0.324225
     C   23        0.130727        0.131909       -0.433831
     C   23        0.324225       -0.433831       -0.285661

     Cl  24        0.128791        0.193346        0.026388
     Cl  24        0.193346        0.027639        0.000204
     Cl  24        0.026388        0.000204       -0.156429

     ----- GIPAW term -----
     Cl   1       -0.295570       -0.136451       -0.285569
     Cl   1       -0.136451       -0.240812       -0.601109
     Cl   1       -0.285569       -0.601109        0.536382

     C    2       -0.070271       -0.088741       -0.045136
     C    2       -0.088741        0.189991       -0.215455
     C    2       -0.045136       -0.215455       -0.119719

     C    3       -0.113863        0.112947       -0.090063
     C    3        0.112947        0.125834       -0.134072
     C    3       -0.090063       -0.134072       -0.011971

     H    4       -0.000000        0.000000        0.000000
     H    4        0.000000        0.000000        0.000000
     H    4        0.000000        0.000000        0.000000

     C    5       -0.026780        0.127335        0.040003
     C    5        0.127335        0.127954       -0.021008
     C    5        0.040003       -0.021008       -0.101174

     H    6       -0.000000        0.000000        0.000000
     H    6        0.000000        0.000000        0.000000
     H    6        0.000000        0.000000        0.000000

     H    7       -0.000000        0.000000        0.000000
     H    7        0.000000        0.000000        0.000000
     H    7        0.000000        0.000000        0.000000

     C    8       -0.212023       -0.008611       -0.006826
     C    8       -0.008611        0.279596        0.082134
     C    8       -0.006826        0.082134       -0.067572

     H    9       -0.000000        0.000000        0.000000
     H    9        0.000000        0.000000        0.000000
     H    9        0.000000        0.000000        0.000000

     C   10       -0.102519        0.082748       -0.030920
     C   10        0.082748        0.256638        0.046616
     C   10       -0.030920        0.046616       -0.154119

     C   11       -0.150957        0.067655       -0.030501
     C   11        0.067655        0.261597       -0.018416
     C   11       -0.030501       -0.018416       -0.110639

     Cl  12       -0.099208        1.605070       -0.124125
     Cl  12        1.605070        2.571453        0.047360
     Cl  12       -0.124125        0.047360       -2.472245

     H   13       -0.000000        0.000000        0.000000
     H   13        0.000000        0.000000        0.000000
     H   13        0.000000        0.000000        0.000000

     C   14       -0.191306       -0.086219       -0.078131
     C   14       -0.086219        0.246133        0.132709
     C   14       -0.078131        0.132709       -0.054827

     H   15       -0.000000        0.000000        0.000000
     H   15        0.000000        0.000000        0.000000
     H   15        0.000000        0.000000        0.000000

     C   16       -0.088746       -0.050632       -0.023705
     C   16       -0.050632        0.050228        0.160621
     C   16       -0.023705        0.160621        0.038518

     C   17       -0.128917        0.064264        0.039267
     C   17        0.064264        0.093155        0.159648
     C   17        0.039267        0.159648        0.035762

     Cl  18        0.139318       -0.551273        0.266070
     Cl  18       -0.551273       -0.022385        0.538174
     Cl  18        0.266070        0.538174       -0.116933

     H   19       -0.000000        0.000000        0.000000
     H   19        0.000000        0.000000        0.000000
     H   19        0.000000        0.000000        0.000000

     C   20       -0.090029       -0.008264       -0.016503
     C   20       -0.008264        0.236255        0.095859
     C   20       -0.016503        0.095859       -0.146226

     H   21       -0.000000        0.000000        0.000000
     H   21        0.000000        0.000000        0.000000
     H   21        0.000000        0.000000        0.000000

     C   22       -0.236921       -0.024162       -0.036264
     C   22       -0.024162        0.317505        0.045114
     C   22       -0.036264        0.045114       -0.080583

     C   23       -0.060804        0.091885       -0.038711
     C   23        0.091885        0.242909        0.090524
     C   23       -0.038711        0.090524       -0.182104

     Cl  24       -0.525714        1.634124       -0.142921
     Cl  24        1.634124        2.147819       -0.109545
     Cl  24       -0.142921       -0.109545       -1.622105

     ----- total EFG -----
     Cl   1       -0.028447       -0.098538       -0.314831
     Cl   1       -0.098538       -0.176372       -0.150264
     Cl   1       -0.314831       -0.150264        0.204819

     C    2        0.162235       -0.254749       -0.223244
     C    2       -0.254749        0.333424       -0.504259
     C    2       -0.223244       -0.504259       -0.495659

     C    3       -0.385454        0.271441       -0.185006
     C    3        0.271441        0.457630        0.034031
     C    3       -0.185006        0.034031       -0.072176

     H    4        0.430919       -0.094370        0.475837
     H    4       -0.094370       -0.496373        0.376960
     H    4        0.475837        0.376960        0.065454

     C    5        0.298284        0.252388        0.175307
     C    5        0.252388        0.045980       -0.056047
     C    5        0.175307       -0.056047       -0.344264

     H    6       -0.291613       -0.241222        0.052677
     H    6       -0.241222        0.123729        0.459444
     H    6        0.052677        0.459444        0.167884

     H    7        0.022006       -0.053280        0.002177
     H    7       -0.053280        0.293690       -0.405934
     H    7        0.002177       -0.405934       -0.315695

     C    8       -0.713298       -0.211187        0.018702
     C    8       -0.211187        0.728017       -0.055810
     C    8        0.018702       -0.055810       -0.014719

     H    9        0.083937       -0.527593        0.177880
     H    9       -0.527593        0.062621       -0.005348
     H    9        0.177880       -0.005348       -0.146558

     C   10        0.128565        0.270097       -0.152835
     C   10        0.270097        0.386930        0.264430
     C   10       -0.152835        0.264430       -0.515495

     C   11       -0.665424       -0.192457       -0.114996
     C   11       -0.192457        0.700344       -0.261439
     C   11       -0.114996       -0.261439       -0.034920

     Cl  12        0.080425        1.767742       -0.135465
     Cl  12        1.767742        2.583293        0.043967
     Cl  12       -0.135465        0.043967       -2.663719

     H   13       -0.454590        0.324630       -0.055025
     H   13        0.324630        0.260298        0.193687
     H   13       -0.055025        0.193687        0.194292

     C   14       -0.645030        0.155422       -0.326127
     C   14        0.155422        0.682585        0.445806
     C   14       -0.326127        0.445806       -0.037555

     H   15        0.232956        0.422983        0.551753
     H   15        0.422983       -0.075321       -0.160052
     H   15        0.551753       -0.160052       -0.157635

     C   16        0.245072       -0.179144       -0.067207
     C   16       -0.179144       -0.207252        0.094012
     C   16       -0.067207        0.094012       -0.037820

     C   17       -0.686256        0.382598       -0.161239
     C   17        0.382598        0.557444        0.542522
     C   17       -0.161239        0.542522        0.128811

     Cl  18        0.537565       -0.793208        0.136905
     Cl  18       -0.793208       -0.044065        0.113990
     Cl  18        0.136905        0.113990       -0.493500

     H   19       -0.058727        0.073674        0.059331
     H   19        0.073674       -0.129202       -0.499285
     H   19        0.059331       -0.499285        0.187929

     C   20        0.123877        0.168475       -0.000634
     C   20        0.168475        0.350736        0.261404
     C   20       -0.000634        0.261404       -0.474613

     H   21        0.507508        0.153055        0.345095
     H   21        0.153055       -0.619925       -0.139132
     H   21        0.345095       -0.139132        0.112417

     C   22       -0.805229       -0.164089       -0.054451
     C   22       -0.164089        0.853566       -0.141736
     C   22       -0.054451       -0.141736       -0.048337

     C   23        0.124476        0.361551       -0.032955
     C   23        0.361551        0.403904        0.325213
     C   23       -0.032955        0.325213       -0.528380

     Cl  24       -0.705628        1.594726       -0.127299
     Cl  24        1.594726        2.370589       -0.107540
     Cl  24       -0.127299       -0.107540       -1.664961

     ----- total EFG (symmetrized) -----
     Cl   1       -0.028447       -0.098538       -0.314831
     Cl   1       -0.098538       -0.176372       -0.150264
     Cl   1       -0.314831       -0.150264        0.204819

     C    2        0.162235       -0.254749       -0.223244
     C    2       -0.254749        0.333424       -0.504259
     C    2       -0.223244       -0.504259       -0.495659

     C    3       -0.385454        0.271441       -0.185006
     C    3        0.271441        0.457630        0.034031
     C    3       -0.185006        0.034031       -0.072176

     H    4        0.430919       -0.094370        0.475837
     H    4       -0.094370       -0.496373        0.376960
     H    4        0.475837        0.376960        0.065454

     C    5        0.298284        0.252388        0.175307
     C    5        0.252388        0.045980       -0.056047
     C    5        0.175307       -0.056047       -0.344264

     H    6       -0.291613       -0.241222        0.052677
     H    6       -0.241222        0.123729        0.459444
     H    6        0.052677        0.459444        0.167884

     H    7        0.022006       -0.053280        0.002177
     H    7       -0.053280        0.293690       -0.405934
     H    7        0.002177       -0.405934       -0.315695

     C    8       -0.713298       -0.211187        0.018702
     C    8       -0.211187        0.728017       -0.055810
     C    8        0.018702       -0.055810       -0.014719

     H    9        0.083937       -0.527593        0.177880
     H    9       -0.527593        0.062621       -0.005348
     H    9        0.177880       -0.005348       -0.146558

     C   10        0.128565        0.270097       -0.152835
     C   10        0.270097        0.386930        0.264430
     C   10       -0.152835        0.264430       -0.515495

     C   11       -0.665424       -0.192457       -0.114996
     C   11       -0.192457        0.700344       -0.261439
     C   11       -0.114996       -0.261439       -0.034920

     Cl  12        0.080425        1.767742       -0.135465
     Cl  12        1.767742        2.583293        0.043967
     Cl  12       -0.135465        0.043967       -2.663719

     H   13       -0.454590        0.324630       -0.055025
     H   13        0.324630        0.260298        0.193687
     H   13       -0.055025        0.193687        0.194292

     C   14       -0.645030        0.155422       -0.326127
     C   14        0.155422        0.682585        0.445806
     C   14       -0.326127        0.445806       -0.037555

     H   15        0.232956        0.422983        0.551753
     H   15        0.422983       -0.075321       -0.160052
     H   15        0.551753       -0.160052       -0.157635

     C   16        0.245072       -0.179144       -0.067207
     C   16       -0.179144       -0.207252        0.094012
     C   16       -0.067207        0.094012       -0.037820

     C   17       -0.686256        0.382598       -0.161239
     C   17        0.382598        0.557444        0.542522
     C   17       -0.161239        0.542522        0.128811

     Cl  18        0.537565       -0.793208        0.136905
     Cl  18       -0.793208       -0.044065        0.113990
     Cl  18        0.136905        0.113990       -0.493500

     H   19       -0.058727        0.073674        0.059331
     H   19        0.073674       -0.129202       -0.499285
     H   19        0.059331       -0.499285        0.187929

     C   20        0.123877        0.168475       -0.000634
     C   20        0.168475        0.350736        0.261404
     C   20       -0.000634        0.261404       -0.474613

     H   21        0.507508        0.153055        0.345095
     H   21        0.153055       -0.619925       -0.139132
     H   21        0.345095       -0.139132        0.112417

     C   22       -0.805229       -0.164089       -0.054451
     C   22       -0.164089        0.853566       -0.141736
     C   22       -0.054451       -0.141736       -0.048337

     C   23        0.124476        0.361551       -0.032955
     C   23        0.361551        0.403904        0.325213
     C   23       -0.032955        0.325213       -0.528380

     Cl  24       -0.705628        1.594726       -0.127299
     Cl  24        1.594726        2.370589       -0.107540
     Cl  24       -0.127299       -0.107540       -1.664961


     NQR/NMR SPECTROSCOPIC PARAMETERS:
     Cl   1    Vxx=   -0.0472    axis=(  0.583994 -0.764138  0.273942)
     Cl   1    Vyy=   -0.3847    axis=(  0.603031  0.634295  0.483760)
     Cl   1    Vzz=    0.4319    axis=( -0.543419 -0.117318  0.831223)
     Cl   1  Q=        -8.1650 1e-30 m^2  Cq=        -8.2848 MHz  eta= 0.78143

     C    2    Vxx=    0.2133    axis=(  0.894632  0.179308 -0.409247)
     C    2    Vyy=    0.6189    axis=(  0.329611 -0.883227  0.333567)
     C    2    Vzz=   -0.8322    axis=(  0.301647  0.433312  0.849265)
     C    2  Q=         1.0000 1e-30 m^2  Cq=        -1.9554 MHz  eta= 0.48741

     C    3    Vxx=    0.0020    axis=( -0.346815  0.137319  0.927827)
     C    3    Vyy=    0.5381    axis=( -0.288068 -0.957008  0.033961)
     C    3    Vzz=   -0.5401    axis=(  0.892601 -0.255499  0.371462)
     C    3  Q=         1.0000 1e-30 m^2  Cq=        -1.2691 MHz  eta= 0.99254

     H    4    Vxx=   -0.0046    axis=( -0.544449  0.573578  0.612032)
     H    4    Vyy=   -0.7695    axis=(  0.269752  0.810626 -0.519730)
     H    4    Vzz=    0.7740    axis=(  0.794235  0.117870  0.596069)
     H    4  Q=         1.0000 1e-30 m^2  Cq=         1.8187 MHz  eta= 0.98821

     C    5    Vxx=   -0.0495    axis=( -0.400536  0.826580 -0.395394)
     C    5    Vyy=   -0.4231    axis=( -0.317928  0.279340  0.906030)
     C    5    Vzz=    0.4726    axis=(  0.859356  0.488604  0.150907)
     C    5  Q=         1.0000 1e-30 m^2  Cq=         1.1103 MHz  eta= 0.79047

     H    6    Vxx=   -0.1035    axis=( -0.700862  0.420661 -0.576053)
     H    6    Vyy=   -0.5212    axis=( -0.698199 -0.569860  0.433333)
     H    6    Vzz=    0.6247    axis=( -0.145983  0.705906  0.693098)
     H    6  Q=         1.0000 1e-30 m^2  Cq=         1.4678 MHz  eta= 0.66855

     H    7    Vxx=    0.0180    axis=(  0.994060  0.072239 -0.081404)
     H    7    Vyy=    0.5015    axis=( -0.101005  0.890904 -0.442818)
     H    7    Vzz=   -0.5195    axis=(  0.040534  0.448410  0.892908)
     H    7  Q=         1.0000 1e-30 m^2  Cq=        -1.2205 MHz  eta= 0.93087

     C    8    Vxx=   -0.0189    axis=(  0.003863  0.075601  0.997131)
     C    8    Vyy=   -0.7438    axis=( -0.989834 -0.141480  0.014562)
     C    8    Vzz=    0.7626    axis=(  0.142175 -0.987050  0.074286)
     C    8  Q=         1.0000 1e-30 m^2  Cq=         1.7919 MHz  eta= 0.95049

     H    9    Vxx=   -0.1258    axis=(  0.118935  0.359344  0.925595)
     H    9    Vyy=   -0.4978    axis=(  0.686861  0.643389 -0.338042)
     H    9    Vzz=    0.6236    axis=(  0.716991 -0.675960  0.170297)
     H    9  Q=         1.0000 1e-30 m^2  Cq=         1.4652 MHz  eta= 0.59660

     C   10    Vxx=    0.0740    axis=( -0.833941  0.389527  0.390911)
     C   10    Vyy=    0.5779    axis=(  0.473399  0.868999  0.143992)
     C   10    Vzz=   -0.6519    axis=(  0.283613 -0.305138  0.909096)
     C   10  Q=         1.0000 1e-30 m^2  Cq=        -1.5318 MHz  eta= 0.77284

     C   11    Vxx=   -0.0727    axis=( -0.262023  0.249999  0.932118)
     C   11    Vyy=   -0.7265    axis=(  0.959560  0.170478  0.224014)
     C   11    Vzz=    0.7992    axis=( -0.102903  0.953120 -0.284558)
     C   11  Q=         1.0000 1e-30 m^2  Cq=         1.8777 MHz  eta= 0.81803

     Cl  12    Vxx=   -0.8233    axis=( -0.885434  0.458487  0.076125)
     Cl  12    Vyy=   -2.6745    axis=(  0.069336 -0.031649  0.997091)
     Cl  12    Vzz=    3.4978    axis=( -0.459563 -0.888137  0.003766)
     Cl  12  Q=        -8.1650 1e-30 m^2  Cq=       -67.1039 MHz  eta= 0.52926

     H   13    Vxx=    0.1185    axis=( -0.320909 -0.422860  0.847471)
     H   13    Vyy=    0.4806    axis=(  0.255769  0.822859  0.507431)
     H   13    Vzz=   -0.5991    axis=( -0.911921  0.379596 -0.155909)
     H   13  Q=         1.0000 1e-30 m^2  Cq=        -1.4077 MHz  eta= 0.60448

     C   14    Vxx=   -0.0362    axis=( -0.510291 -0.370906  0.775907)
     C   14    Vyy=   -0.8594    axis=( -0.860002  0.219824 -0.460515)
     C   14    Vzz=    0.8956    axis=( -0.000245  0.902278  0.431154)
     C   14  Q=         1.0000 1e-30 m^2  Cq=         2.1042 MHz  eta= 0.91921

     H   15    Vxx=    0.0488    axis=(  0.002322  0.793249 -0.608893)
     H   15    Vyy=    0.7169    axis=( -0.820710 -0.346375 -0.454378)
     H   15    Vzz=   -0.7657    axis=( -0.571341  0.500779  0.650223)
     H   15  Q=         1.0000 1e-30 m^2  Cq=        -1.7991 MHz  eta= 0.87261

     C   16    Vxx=   -0.0435    axis=(  0.325938  0.176655  0.928740)
     C   16    Vyy=   -0.2885    axis=(  0.275328  0.922065 -0.272011)
     C   16    Vzz=    0.3320    axis=( -0.904411  0.344367  0.251898)
     C   16  Q=         1.0000 1e-30 m^2  Cq=         0.7801 MHz  eta= 0.73781

     C   17    Vxx=   -0.0608    axis=( -0.455182 -0.411296  0.789712)
     C   17    Vyy=   -0.8986    axis=( -0.878602  0.351368 -0.323419)
     C   17    Vzz=    0.9594    axis=( -0.144458 -0.841057 -0.521302)
     C   17  Q=         1.0000 1e-30 m^2  Cq=         2.2543 MHz  eta= 0.87324

     Cl  18    Vxx=   -0.3671    axis=( -0.320547 -0.504027 -0.802002)
     Cl  18    Vyy=   -0.7259    axis=(  0.472111  0.649009 -0.596572)
     Cl  18    Vzz=    1.0930    axis=( -0.821195  0.569863 -0.029919)
     Cl  18  Q=        -8.1650 1e-30 m^2  Cq=       -20.9685 MHz  eta= 0.32819

     H   19    Vxx=   -0.0392    axis=(  0.979114  0.168256  0.114130)
     H   19    Vyy=   -0.5141    axis=( -0.203182  0.789731  0.578827)
     H   19    Vzz=    0.5533    axis=(  0.007260 -0.589927  0.807424)
     H   19  Q=         1.0000 1e-30 m^2  Cq=         1.2999 MHz  eta= 0.85847

     C   20    Vxx=    0.0569    axis=(  0.913889 -0.363860 -0.180033)
     C   20    Vyy=    0.4970    axis=(  0.399379  0.885370  0.237943)
     C   20    Vzz=   -0.5539    axis=(  0.072817 -0.289355  0.954448)
     C   20  Q=         1.0000 1e-30 m^2  Cq=        -1.3015 MHz  eta= 0.79446

     H   21    Vxx=   -0.0231    axis=( -0.453475 -0.311023  0.835240)
     H   21    Vyy=   -0.6875    axis=( -0.193319  0.949149  0.248482)
     H   21    Vzz=    0.7107    axis=( -0.870051 -0.048787 -0.490542)
     H   21  Q=         1.0000 1e-30 m^2  Cq=         1.6698 MHz  eta= 0.93489

     C   22    Vxx=   -0.0620    axis=( -0.101875  0.134329  0.985686)
     C   22    Vyy=   -0.8273    axis=(  0.990644  0.104143  0.088195)
     C   22    Vzz=    0.8894    axis=( -0.090806  0.985449 -0.143682)
     C   22  Q=         1.0000 1e-30 m^2  Cq=         2.0896 MHz  eta= 0.86052

     C   23    Vxx=   -0.0455    axis=(  0.837432 -0.425113 -0.343491)
     C   23    Vyy=   -0.6591    axis=( -0.199105  0.347998 -0.916108)
     C   23    Vzz=    0.7046    axis=(  0.508984  0.835569  0.206783)
     C   23  Q=         1.0000 1e-30 m^2  Cq=         1.6556 MHz  eta= 0.87073

     Cl  24    Vxx=   -1.3647    axis=(  0.890558 -0.387093 -0.238883)
     Cl  24    Vyy=   -1.6881    axis=( -0.231908  0.065404 -0.970536)
     Cl  24    Vzz=    3.0528    axis=(  0.391312  0.919718 -0.031524)
     Cl  24  Q=        -8.1650 1e-30 m^2  Cq=       -58.5661 MHz  eta= 0.10596

     Initialization:
     gipaw_setup  :      8.64s CPU     10.67s WALL (       1 calls)

     Linear response

     Apply operators

     Induced current

     Other routines
     efg          :      9.13s CPU     11.66s WALL (       1 calls)

     General routines
     calbec       :      3.31s CPU      4.40s WALL (      16 calls)
     fft          :      1.60s CPU      2.27s WALL (      15 calls)
     ffts         :      0.03s CPU      0.04s WALL (       2 calls)
     fftw         :      3.07s CPU      3.82s WALL (     672 calls)
     davcio       :      0.04s CPU      0.32s WALL (      32 calls)

     Parallel routines
     fft_scatter  :      2.18s CPU      3.18s WALL (     689 calls)

     Plugins

     GIPAW        :     61.08s CPU     72.69s WALL (       1 calls)
