
     Program QE v.6.0 (svn rev. 13079) starts on 15Dec2016 at 12:18:30 

     This program is part of the open-source Quantum ESPRESSO suite
     for quantum simulation of materials; please cite
         "P. Giannozzi et al., J. Phys.:Condens. Matter 21 395502 (2009);
          URL http://www.quantum-espresso.org", 
     in publications or presentations arising from this work. More details at
     http://www.quantum-espresso.org/quote

     Parallel version (MPI), running on     8 processors
     R & G space division:  proc/nbgrp/npool/nimage =       8

     ***** This is GIPAW svn revision unknown      *****

     Parallelizing q-star over 1 images

     Reading data from directory:
     /users/majewski/paradichlorobenzene/pbe/9_constraint/scratch/pbe.ecut100.np8.dt60.pcl2phi-129368.save
     Message from routine read_xml_file:
     file /users/majewski/paradichlorobenzene/pbe/9_constraint/scratch/pbe.ecut100.np8.dt60.pcl2phi-129368.save not guaranteed to be safe for post-processing

   Info: using nr1, nr2, nr3 values from input

   Info: using nr1, nr2, nr3 values from input

     IMPORTANT: XC functional enforced from input :
     Exchange-correlation      =  SLA  PW   PBX  PBC ( 1  4  3  4 0 0)
     Any further DFT definition will be discarded
     Please, verify this is what you really want

               file C.pbe-n-kjpaw_psl.1.0.0.UPF: wavefunction(s)  2S 2P renormalized
               file Cl.pbe-n-kjpaw_psl.1.0.0.UPF: wavefunction(s)  3S 3P renormalized
               file H.pbe-kjpaw_psl.1.0.0.UPF: wavefunction(s)  1S renormalized

     Parallelization info
     --------------------
     sticks:   dense  smooth     PW     G-vecs:    dense   smooth      PW
     Min        3057    1223    332               144436    36536    5170
     Max        3059    1225    333               144437    36537    5171
     Sum       24467    9791   2657              1155489   292295   41363


     Subspace diagonalization in iterative solution of the eigenvalue problem:
     a serial algorithm will be used

     GIPAW projectors -----------------------------------------------
     atom=  C    l=0  rc=    1.2000  rs=    0.8000
     atom=  C    l=0  rc=    1.2000  rs=    0.8000
     atom=  C    l=1  rc=    1.4000  rs=    0.9333
     atom=  C    l=1  rc=    1.4000  rs=    0.9333
     projs nearly linearly dependent: l=1  n1,n2= 1, 2  s=  0.99951561

     atom=  Cl   l=0  rc=    1.6000  rs=    1.0667
     atom=  Cl   l=0  rc=    1.6000  rs=    1.0667
     atom=  Cl   l=1  rc=    1.6000  rs=    1.0667
     atom=  Cl   l=1  rc=    1.6000  rs=    1.0667
     atom=  Cl   l=2  rc=    1.6000  rs=    1.0667
     atom=  Cl   l=2  rc=    1.6000  rs=    1.0667
     projs nearly linearly dependent: l=2  n1,n2= 1, 2  s=  0.99993509

     atom=  H    l=0  rc=    1.0000  rs=    0.6667
     atom=  H    l=0  rc=    1.0000  rs=    0.6667
     projs nearly linearly dependent: l=0  n1,n2= 1, 2  s=  0.99968852
     -----------------------------------------------------------------

     GIPAW integrals: -------------------------------------------
     Atom  i/j   nmr_para   nmr_dia   epr_rmc  epr_para   epr_dia
       C   1 1   0.83E+03  0.17E-01  0.93E+01  0.24E+08  0.24E+03
       C   2 1   0.86E+03 -0.61E-01  0.94E+01  0.25E+08  0.25E+03
       C   2 2   0.90E+03 -0.15E+00  0.97E+01  0.26E+08  0.26E+03
       C   3 3   0.33E+01  0.34E+00  0.18E+01  0.55E+03  0.21E+02
       C   4 3   0.35E+01  0.37E+00  0.20E+01  0.59E+03  0.22E+02
       C   4 4   0.38E+01  0.39E+00  0.22E+01  0.63E+03  0.24E+02
       Cl  1 1   0.14E+04 -0.47E+00  0.84E+01  0.32E+09  0.42E+03
       Cl  2 1   0.21E+04 -0.37E+00  0.12E+02  0.49E+09  0.65E+03
       Cl  2 2   0.33E+04 -0.16E+00  0.21E+02  0.76E+09  0.10E+04
       Cl  3 3   0.21E+02  0.79E-01  0.89E+01  0.23E+05  0.13E+03
       Cl  4 3   0.24E+02  0.67E-01  0.99E+01  0.27E+05  0.15E+03
       Cl  4 4   0.28E+02  0.44E-01  0.11E+02  0.32E+05  0.18E+03
       Cl  5 5   0.77E+00  0.19E+00  0.18E+01  0.12E+03  0.22E+02
       Cl  6 5   0.80E+00  0.19E+00  0.19E+01  0.12E+03  0.23E+02
       Cl  6 6   0.83E+00  0.20E+00  0.19E+01  0.12E+03  0.23E+02
       H   1 1   0.39E+02  0.19E+00  0.29E+00  0.78E+05  0.13E+02
       H   2 1   0.41E+02  0.21E+00  0.32E+00  0.82E+05  0.14E+02
       H   2 2   0.43E+02  0.22E+00  0.36E+00  0.86E+05  0.15E+02
     ------------------------------------------------------------

     alpha_pv=     34.8046 eV

     Number of occupied bands for each k-point:
     k-point:     1    nbnd_occ=  42
     k-point:     2    nbnd_occ=  42
     k-point:     3    nbnd_occ=  42
     k-point:     4    nbnd_occ=  42
     k-point:     5    nbnd_occ=  42
     k-point:     6    nbnd_occ=  42
     k-point:     7    nbnd_occ=  42
     k-point:     8    nbnd_occ=  42
     k-point:     9    nbnd_occ=  42
     k-point:    10    nbnd_occ=  42
     k-point:    11    nbnd_occ=  42
     k-point:    12    nbnd_occ=  42
     k-point:    13    nbnd_occ=  42
     k-point:    14    nbnd_occ=  42
     k-point:    15    nbnd_occ=  42
     k-point:    16    nbnd_occ=  42


     q-space interpolation up to   110.00 Rydberg

     GIPAW job: efg                                                                             


     ELECTRIC FIELD GRADIENTS TENSORS IN Hartree/bohrradius^2:

     ----- bare term -----
     Cl   1        0.044897        0.071201       -0.071455
     Cl   1        0.071201        0.105348       -0.069920
     Cl   1       -0.071455       -0.069920       -0.150245

     C    2       -0.706534        0.172398       -0.193393
     C    2        0.172398        0.257429       -0.132290
     C    2       -0.193393       -0.132290        0.449105

     C    3        0.071794        0.031559       -0.184319
     C    3        0.031559       -0.334720       -0.473466
     C    3       -0.184319       -0.473466        0.262927

     H    4       -0.391712        0.206657       -0.341654
     H    4        0.206657        0.019512       -0.274943
     H    4       -0.341654       -0.274943        0.372199

     C    5       -0.683323        0.315400       -0.288871
     C    5        0.315400        0.297700       -0.234124
     C    5       -0.288871       -0.234124        0.385623

     H    6        0.297523        0.074224       -0.355509
     H    6        0.074224       -0.196510       -0.377600
     H    6       -0.355509       -0.377600       -0.101013

     H    7        0.452168        0.050250       -0.173987
     H    7        0.050250       -0.103640        0.453762
     H    7       -0.173987        0.453762       -0.348528

     C    8       -0.298777       -0.196287       -0.349838
     C    8       -0.196287       -0.135611        0.423483
     C    8       -0.349838        0.423483        0.434388

     H    9       -0.022624        0.140132       -0.332930
     H    9        0.140132        0.505262        0.113265
     H    9       -0.332930        0.113265       -0.482638

     C   10       -0.126639       -0.337978       -0.244768
     C   10       -0.337978       -0.210009        0.589202
     C   10       -0.244768        0.589202        0.336648

     C   11       -0.166707        0.088562       -0.377696
     C   11        0.088562       -0.094525        0.561478
     C   11       -0.377696        0.561478        0.261232

     Cl  12       -0.030708       -0.181891        0.122543
     Cl  12       -0.181891       -0.080276       -0.052308
     Cl  12        0.122543       -0.052308        0.110984

     H   13        0.403837       -0.021462       -0.159442
     H   13       -0.021462        0.120615       -0.243449
     H   13       -0.159442       -0.243449       -0.524453

     C   14       -0.034648        0.360619        0.063936
     C   14        0.360619       -0.267321       -0.297095
     C   14        0.063936       -0.297095        0.301969

     H   15       -0.338438        0.101510       -0.576659
     H   15        0.101510        0.247573        0.024896
     H   15       -0.576659        0.024896        0.090865

     C   16       -0.298617        0.109413       -0.247450
     C   16        0.109413       -0.146682       -0.539164
     C   16       -0.247450       -0.539164        0.445298

     C   17       -0.162569       -0.011784       -0.354109
     C   17       -0.011784       -0.108653       -0.574800
     C   17       -0.354109       -0.574800        0.271223

     Cl  18       -0.102682        0.141043        0.003503
     Cl  18        0.141043       -0.013667        0.008829
     Cl  18        0.003503        0.008829        0.116349

     H   19        0.518330        0.021408        0.089780
     H   19        0.021408        0.069493        0.215704
     H   19        0.089780        0.215704       -0.587823

     C   20       -0.479371       -0.327081       -0.199970
     C   20       -0.327081        0.039141        0.455092
     C   20       -0.199970        0.455092        0.440231

     H   21        0.070812        0.054054       -0.451905
     H   21        0.054054        0.334196       -0.196108
     H   21       -0.451905       -0.196108       -0.405007

     C   22       -0.097774       -0.191483       -0.211801
     C   22       -0.191483       -0.083396        0.620670
     C   22       -0.211801        0.620670        0.181169

     C   23       -0.304904       -0.176147       -0.411674
     C   23       -0.176147        0.007481        0.453756
     C   23       -0.411674        0.453756        0.297423

     Cl  24       -0.059643       -0.091134       -0.110856
     Cl  24       -0.091134        0.027581        0.130608
     Cl  24       -0.110856        0.130608        0.032062

     ----- ionic term -----
     Cl   1        0.128386       -0.243997       -0.020069
     Cl   1       -0.243997        0.022547        0.028513
     Cl   1       -0.020069        0.028513       -0.150934

     C    2        0.264130       -0.277723        0.253889
     C    2       -0.277723       -0.051757        0.384361
     C    2        0.253889        0.384361       -0.212374

     C    3        0.107647       -0.212345        0.147763
     C    3       -0.212345        0.047779        0.442481
     C    3        0.147763        0.442481       -0.155426

     H    4        0.619153        0.218856        0.683599
     H    4        0.218856       -0.489030        0.209931
     H    4        0.683599        0.209931       -0.130124

     C    5        0.282802       -0.168149        0.216079
     C    5       -0.168149       -0.043257        0.335113
     C    5        0.216079        0.335113       -0.239546

     H    6       -0.482430        0.202901        0.168011
     H    6        0.202901        0.439798        0.790272
     H    6        0.168011        0.790272        0.042632

     H    7       -0.526253       -0.133029        0.129613
     H    7       -0.133029        0.420811       -0.790089
     H    7        0.129613       -0.790089        0.105441

     C    8        0.178841        0.189642        0.339264
     C    8        0.189642       -0.004997       -0.303357
     C    8        0.339264       -0.303357       -0.173844

     H    9        0.297567       -0.266195        0.751855
     H    9       -0.266195       -0.425283       -0.318695
     H    9        0.751855       -0.318695        0.127716

     C   10       -0.035075        0.234441        0.215181
     C   10        0.234441        0.149517       -0.477607
     C   10        0.215181       -0.477607       -0.114442

     C   11        0.080078        0.252593        0.284984
     C   11        0.252593        0.067048       -0.472251
     C   11        0.284984       -0.472251       -0.147126

     Cl  12        0.108774        0.227369       -0.001118
     Cl  12        0.227369        0.038144       -0.014476
     Cl  12       -0.001118       -0.014476       -0.146919

     H   13       -0.536933        0.101433        0.110825
     H   13        0.101433        0.335323        0.832915
     H   13        0.110825        0.832915        0.201610

     C   14        0.291992       -0.283529        0.192506
     C   14       -0.283529       -0.085216        0.344788
     C   14        0.192506        0.344788       -0.206775

     H   15        0.742018        0.189322        0.642087
     H   15        0.189322       -0.545441        0.175275
     H   15        0.642087        0.175275       -0.196577

     C   16        0.156946       -0.281461        0.088480
     C   16       -0.281461        0.021627        0.456802
     C   16        0.088480        0.456802       -0.178573

     C   17        0.189533       -0.207544        0.154796
     C   17       -0.207544       -0.037152        0.468077
     C   17        0.154796        0.468077       -0.152382

     Cl  18        0.077010       -0.202826       -0.068461
     Cl  18       -0.202826        0.035208        0.053137
     Cl  18       -0.068461        0.053137       -0.112218

     H   19       -0.522911        0.014054        0.004136
     H   19        0.014054        0.307170       -0.800967
     H   19        0.004136       -0.800967        0.215741

     C   20        0.209115        0.263175        0.295204
     C   20        0.263175       -0.038644       -0.306571
     C   20        0.295204       -0.306571       -0.170471

     H   21        0.439356       -0.225757        0.753790
     H   21       -0.225757       -0.449505       -0.250079
     H   21        0.753790       -0.250079        0.010149

     C   22        0.053720        0.278966        0.215503
     C   22        0.278966        0.127974       -0.425404
     C   22        0.215503       -0.425404       -0.181693

     C   23        0.096113        0.230543        0.346008
     C   23        0.230543        0.060641       -0.397812
     C   23        0.346008       -0.397812       -0.156754

     Cl  24        0.102715        0.221473        0.045747
     Cl  24        0.221473        0.034849        0.020139
     Cl  24        0.045747        0.020139       -0.137564

     ----- GIPAW term -----
     Cl   1       -0.505314       -0.726888        0.628529
     Cl   1       -0.726888       -0.940063        0.895298
     Cl   1        0.628529        0.895298        1.445377

     C    2       -0.113369        0.000036        0.061509
     C    2        0.000036       -0.018114        0.088973
     C    2        0.061509        0.088973        0.131483

     C    3       -0.113466       -0.062588       -0.039186
     C    3       -0.062588        0.121135        0.161002
     C    3       -0.039186        0.161002       -0.007669

     H    4       -0.000000        0.000000        0.000000
     H    4        0.000000        0.000000        0.000000
     H    4        0.000000        0.000000        0.000000

     C    5       -0.170473       -0.050002       -0.022760
     C    5       -0.050002        0.221795       -0.028593
     C    5       -0.022760       -0.028593       -0.051322

     H    6       -0.000000        0.000000        0.000000
     H    6        0.000000        0.000000        0.000000
     H    6        0.000000        0.000000        0.000000

     H    7       -0.000000        0.000000        0.000000
     H    7        0.000000        0.000000        0.000000
     H    7        0.000000        0.000000        0.000000

     C    8       -0.035592       -0.023979       -0.073810
     C    8       -0.023979       -0.067451        0.081560
     C    8       -0.073810        0.081560        0.103043

     H    9       -0.000000        0.000000        0.000000
     H    9        0.000000        0.000000        0.000000
     H    9        0.000000        0.000000        0.000000

     C   10       -0.066400       -0.088980       -0.082111
     C   10       -0.088980        0.023223        0.163608
     C   10       -0.082111        0.163608        0.043176

     C   11        0.052997        0.172372       -0.050608
     C   11        0.172372       -0.010902        0.107464
     C   11       -0.050608        0.107464       -0.042095

     Cl  12        1.436664        1.072844        1.076110
     Cl  12        1.072844       -0.568486       -0.483100
     Cl  12        1.076110       -0.483100       -0.868179

     H   13       -0.000000        0.000000        0.000000
     H   13        0.000000        0.000000        0.000000
     H   13        0.000000        0.000000        0.000000

     C   14       -0.039885        0.024466        0.085820
     C   14        0.024466       -0.128265       -0.059532
     C   14        0.085820       -0.059532        0.168150

     H   15       -0.000000        0.000000        0.000000
     H   15        0.000000        0.000000        0.000000
     H   15        0.000000        0.000000        0.000000

     C   16       -0.151581       -0.034881       -0.007651
     C   16       -0.034881       -0.044884       -0.176967
     C   16       -0.007651       -0.176967        0.196465

     C   17        0.040884       -0.139757       -0.067842
     C   17       -0.139757        0.000701       -0.117344
     C   17       -0.067842       -0.117344       -0.041586

     Cl  18       -0.769678       -1.014100        0.726706
     Cl  18       -1.014100       -1.521424       -0.160382
     Cl  18        0.726706       -0.160382        2.291102

     H   19       -0.000000        0.000000        0.000000
     H   19        0.000000        0.000000        0.000000
     H   19        0.000000        0.000000        0.000000

     C   20       -0.164344       -0.047617       -0.018235
     C   20       -0.047617        0.018851        0.226065
     C   20       -0.018235        0.226065        0.145493

     H   21       -0.000000        0.000000        0.000000
     H   21        0.000000        0.000000        0.000000
     H   21        0.000000        0.000000        0.000000

     C   22       -0.132138       -0.040919       -0.061754
     C   22       -0.040919        0.097502        0.244830
     C   22       -0.061754        0.244830        0.034636

     C   23       -0.019580        0.058976       -0.088131
     C   23        0.058976        0.082787        0.116703
     C   23       -0.088131        0.116703       -0.063208

     Cl  24        0.125501        0.629817       -1.130521
     Cl  24        0.629817        0.798453        2.006700
     Cl  24       -1.130521        2.006700       -0.923955

     ----- total EFG -----
     Cl   1       -0.332030       -0.899685        0.537005
     Cl   1       -0.899685       -0.812167        0.853891
     Cl   1        0.537005        0.853891        1.144198

     C    2       -0.555773       -0.105290        0.122006
     C    2       -0.105290        0.187558        0.341044
     C    2        0.122006        0.341044        0.368215

     C    3        0.065975       -0.243373       -0.075741
     C    3       -0.243373       -0.165806        0.130018
     C    3       -0.075741        0.130018        0.099831

     H    4        0.227442        0.425513        0.341944
     H    4        0.425513       -0.469517       -0.065012
     H    4        0.341944       -0.065012        0.242076

     C    5       -0.570993        0.097249       -0.095552
     C    5        0.097249        0.476238        0.072396
     C    5       -0.095552        0.072396        0.094755

     H    6       -0.184907        0.277125       -0.187498
     H    6        0.277125        0.243288        0.412672
     H    6       -0.187498        0.412672       -0.058381

     H    7       -0.074085       -0.082779       -0.044373
     H    7       -0.082779        0.317172       -0.336326
     H    7       -0.044373       -0.336326       -0.243087

     C    8       -0.155528       -0.030624       -0.084384
     C    8       -0.030624       -0.208059        0.201687
     C    8       -0.084384        0.201687        0.363587

     H    9        0.274943       -0.126063        0.418925
     H    9       -0.126063        0.079979       -0.205430
     H    9        0.418925       -0.205430       -0.354922

     C   10       -0.228113       -0.192517       -0.111698
     C   10       -0.192517       -0.037269        0.275202
     C   10       -0.111698        0.275202        0.265382

     C   11       -0.033632        0.513527       -0.143321
     C   11        0.513527       -0.038379        0.196692
     C   11       -0.143321        0.196692        0.072011

     Cl  12        1.514731        1.118323        1.197535
     Cl  12        1.118323       -0.610617       -0.549883
     Cl  12        1.197535       -0.549883       -0.904113

     H   13       -0.133096        0.079970       -0.048618
     H   13        0.079970        0.455939        0.589466
     H   13       -0.048618        0.589466       -0.322843

     C   14        0.217458        0.101556        0.342262
     C   14        0.101556       -0.480802       -0.011839
     C   14        0.342262       -0.011839        0.263344

     H   15        0.403580        0.290832        0.065428
     H   15        0.290832       -0.297868        0.200171
     H   15        0.065428        0.200171       -0.105712

     C   16       -0.293252       -0.206929       -0.166621
     C   16       -0.206929       -0.169938       -0.259329
     C   16       -0.166621       -0.259329        0.463191

     C   17        0.067848       -0.359085       -0.267155
     C   17       -0.359085       -0.145104       -0.224066
     C   17       -0.267155       -0.224066        0.077256

     Cl  18       -0.795351       -1.075883        0.661748
     Cl  18       -1.075883       -1.499883       -0.098415
     Cl  18        0.661748       -0.098415        2.295234

     H   19       -0.004582        0.035462        0.093916
     H   19        0.035462        0.376664       -0.585263
     H   19        0.093916       -0.585263       -0.372082

     C   20       -0.434600       -0.111523        0.076999
     C   20       -0.111523        0.019348        0.374586
     C   20        0.076999        0.374586        0.415252

     H   21        0.510168       -0.171703        0.301885
     H   21       -0.171703       -0.115309       -0.446187
     H   21        0.301885       -0.446187       -0.394858

     C   22       -0.176192        0.046563       -0.058053
     C   22        0.046563        0.142080        0.440095
     C   22       -0.058053        0.440095        0.034112

     C   23       -0.228371        0.113372       -0.153797
     C   23        0.113372        0.150910        0.172647
     C   23       -0.153797        0.172647        0.077461

     Cl  24        0.168573        0.760156       -1.195630
     Cl  24        0.760156        0.860883        2.157447
     Cl  24       -1.195630        2.157447       -1.029456

     ----- total EFG (symmetrized) -----
     Cl   1       -0.332030       -0.899685        0.537005
     Cl   1       -0.899685       -0.812167        0.853891
     Cl   1        0.537005        0.853891        1.144198

     C    2       -0.555773       -0.105290        0.122006
     C    2       -0.105290        0.187558        0.341044
     C    2        0.122006        0.341044        0.368215

     C    3        0.065975       -0.243373       -0.075741
     C    3       -0.243373       -0.165806        0.130018
     C    3       -0.075741        0.130018        0.099831

     H    4        0.227442        0.425513        0.341944
     H    4        0.425513       -0.469517       -0.065012
     H    4        0.341944       -0.065012        0.242076

     C    5       -0.570993        0.097249       -0.095552
     C    5        0.097249        0.476238        0.072396
     C    5       -0.095552        0.072396        0.094755

     H    6       -0.184907        0.277125       -0.187498
     H    6        0.277125        0.243288        0.412672
     H    6       -0.187498        0.412672       -0.058381

     H    7       -0.074085       -0.082779       -0.044373
     H    7       -0.082779        0.317172       -0.336326
     H    7       -0.044373       -0.336326       -0.243087

     C    8       -0.155528       -0.030624       -0.084384
     C    8       -0.030624       -0.208059        0.201687
     C    8       -0.084384        0.201687        0.363587

     H    9        0.274943       -0.126063        0.418925
     H    9       -0.126063        0.079979       -0.205430
     H    9        0.418925       -0.205430       -0.354922

     C   10       -0.228113       -0.192517       -0.111698
     C   10       -0.192517       -0.037269        0.275202
     C   10       -0.111698        0.275202        0.265382

     C   11       -0.033632        0.513527       -0.143321
     C   11        0.513527       -0.038379        0.196692
     C   11       -0.143321        0.196692        0.072011

     Cl  12        1.514731        1.118323        1.197535
     Cl  12        1.118323       -0.610617       -0.549883
     Cl  12        1.197535       -0.549883       -0.904113

     H   13       -0.133096        0.079970       -0.048618
     H   13        0.079970        0.455939        0.589466
     H   13       -0.048618        0.589466       -0.322843

     C   14        0.217458        0.101556        0.342262
     C   14        0.101556       -0.480802       -0.011839
     C   14        0.342262       -0.011839        0.263344

     H   15        0.403580        0.290832        0.065428
     H   15        0.290832       -0.297868        0.200171
     H   15        0.065428        0.200171       -0.105712

     C   16       -0.293252       -0.206929       -0.166621
     C   16       -0.206929       -0.169938       -0.259329
     C   16       -0.166621       -0.259329        0.463191

     C   17        0.067848       -0.359085       -0.267155
     C   17       -0.359085       -0.145104       -0.224066
     C   17       -0.267155       -0.224066        0.077256

     Cl  18       -0.795351       -1.075883        0.661748
     Cl  18       -1.075883       -1.499883       -0.098415
     Cl  18        0.661748       -0.098415        2.295234

     H   19       -0.004582        0.035462        0.093916
     H   19        0.035462        0.376664       -0.585263
     H   19        0.093916       -0.585263       -0.372082

     C   20       -0.434600       -0.111523        0.076999
     C   20       -0.111523        0.019348        0.374586
     C   20        0.076999        0.374586        0.415252

     H   21        0.510168       -0.171703        0.301885
     H   21       -0.171703       -0.115309       -0.446187
     H   21        0.301885       -0.446187       -0.394858

     C   22       -0.176192        0.046563       -0.058053
     C   22        0.046563        0.142080        0.440095
     C   22       -0.058053        0.440095        0.034112

     C   23       -0.228371        0.113372       -0.153797
     C   23        0.113372        0.150910        0.172647
     C   23       -0.153797        0.172647        0.077461

     Cl  24        0.168573        0.760156       -1.195630
     Cl  24        0.760156        0.860883        2.157447
     Cl  24       -1.195630        2.157447       -1.029456


     NQR/NMR SPECTROSCOPIC PARAMETERS:
     Cl   1    Vxx=    0.3524    axis=(  0.813701 -0.577005  0.070395)
     Cl   1    Vyy=    1.4891    axis=( -0.130676 -0.299582 -0.945079)
     Cl   1    Vzz=   -1.8415    axis=(  0.566405  0.759813 -0.319171)
     Cl   1  Q=        -8.1650 1e-30 m^2  Cq=        35.3288 MHz  eta= 0.61727

     C    2    Vxx=   -0.0279    axis=( -0.285654  0.767962 -0.573268)
     C    2    Vyy=   -0.6037    axis=( -0.957919 -0.211226  0.194359)
     C    2    Vzz=    0.6316    axis=(  0.028171  0.604664  0.795983)
     C    2  Q=         1.0000 1e-30 m^2  Cq=         1.4840 MHz  eta= 0.91178

     C    3    Vxx=    0.0232    axis=(  0.557001 -0.156055  0.815719)
     C    3    Vyy=    0.3083    axis=( -0.670248  0.495527  0.552468)
     C    3    Vzz=   -0.3316    axis=( -0.490426 -0.854459  0.171414)
     C    3  Q=         1.0000 1e-30 m^2  Cq=        -0.7791 MHz  eta= 0.85983

     H    4    Vxx=    0.0750    axis=( -0.459564 -0.450486  0.765417)
     H    4    Vyy=    0.6432    axis=(  0.756014  0.253856  0.603325)
     H    4    Vzz=   -0.7182    axis=(  0.466095 -0.855932 -0.223911)
     H    4  Q=         1.0000 1e-30 m^2  Cq=        -1.6876 MHz  eta= 0.79107

     C    5    Vxx=    0.0996    axis=( -0.160303 -0.146247  0.976174)
     C    5    Vyy=    0.4954    axis=(  0.075432  0.984256  0.159845)
     C    5    Vzz=   -0.5950    axis=( -0.984181  0.099259 -0.146747)
     C    5  Q=         1.0000 1e-30 m^2  Cq=        -1.3981 MHz  eta= 0.66524

     H    6    Vxx=    0.0390    axis=(  0.763721  0.202325 -0.613021)
     H    6    Vyy=    0.5545    axis=( -0.185915 -0.840446 -0.509005)
     H    6    Vzz=   -0.5935    axis=( -0.618196  0.502707 -0.604251)
     H    6  Q=         1.0000 1e-30 m^2  Cq=        -1.3946 MHz  eta= 0.86855

     H    7    Vxx=   -0.0631    axis=(  0.970981 -0.000151 -0.239156)
     H    7    Vyy=   -0.4174    axis=(  0.216375  0.426506  0.878222)
     H    7    Vzz=    0.4805    axis=(  0.101868 -0.904485  0.414162)
     H    7  Q=         1.0000 1e-30 m^2  Cq=         1.1290 MHz  eta= 0.73718

     C    8    Vxx=   -0.1689    axis=(  0.988271  0.011448  0.152280)
     C    8    Vyy=   -0.2722    axis=(  0.034866  0.953932 -0.297991)
     C    8    Vzz=    0.4411    axis=( -0.148676  0.299805  0.942344)
     C    8  Q=         1.0000 1e-30 m^2  Cq=         1.0363 MHz  eta= 0.23420

     H    9    Vxx=    0.0181    axis=(  0.440401  0.897801  0.000160)
     H    9    Vyy=    0.5717    axis=( -0.801858  0.393418 -0.449717)
     H    9    Vzz=   -0.5898    axis=( -0.403820  0.197927  0.893171)
     H    9  Q=         1.0000 1e-30 m^2  Cq=        -1.3859 MHz  eta= 0.93861

     C   10    Vxx=   -0.1290    axis=( -0.536875  0.612880 -0.579778)
     C   10    Vyy=   -0.3535    axis=( -0.799486 -0.589053  0.117640)
     C   10    Vzz=    0.4825    axis=( -0.269421  0.526682  0.806237)
     C   10  Q=         1.0000 1e-30 m^2  Cq=         1.1337 MHz  eta= 0.46542

     C   11    Vxx=    0.1504    axis=( -0.303692  0.153583  0.940310)
     C   11    Vyy=    0.4814    axis=( -0.687417 -0.718687 -0.104630)
     C   11    Vzz=   -0.6319    axis=(  0.659719 -0.678160  0.323835)
     C   11  Q=         1.0000 1e-30 m^2  Cq=        -1.4846 MHz  eta= 0.52387

     Cl  12    Vxx=   -0.1943    axis=( -0.038691  0.757267 -0.651959)
     Cl  12    Vyy=   -2.0710    axis=( -0.415035  0.581329  0.699859)
     Cl  12    Vzz=    2.2654    axis=(  0.908982  0.297664  0.291800)
     Cl  12  Q=        -8.1650 1e-30 m^2  Cq=       -43.4601 MHz  eta= 0.82842

     H   13    Vxx=   -0.1230    axis=(  0.986685  0.027007 -0.160383)
     H   13    Vyy=   -0.6525    axis=( -0.153983  0.472572 -0.867736)
     H   13    Vzz=    0.7755    axis=(  0.052358  0.880878  0.470438)
     H   13  Q=         1.0000 1e-30 m^2  Cq=         1.8221 MHz  eta= 0.68277

     C   14    Vxx=   -0.0857    axis=( -0.702856 -0.201124  0.682307)
     C   14    Vyy=   -0.5012    axis=(  0.184809 -0.977888 -0.097878)
     C   14    Vzz=    0.5869    axis=(  0.686906  0.057302  0.724484)
     C   14  Q=         1.0000 1e-30 m^2  Cq=         1.3790 MHz  eta= 0.70784

     H   15    Vxx=   -0.0559    axis=( -0.334081  0.329084  0.883229)
     H   15    Vyy=   -0.4800    axis=( -0.255343  0.870428 -0.420898)
     H   15    Vzz=    0.5359    axis=( -0.907298 -0.366140 -0.206764)
     H   15  Q=         1.0000 1e-30 m^2  Cq=         1.2590 MHz  eta= 0.79144

     C   16    Vxx=   -0.0325    axis=(  0.672442 -0.724198 -0.152834)
     C   16    Vyy=   -0.5331    axis=(  0.731817  0.619646  0.283693)
     C   16    Vzz=    0.5656    axis=( -0.110747 -0.302614  0.946657)
     C   16  Q=         1.0000 1e-30 m^2  Cq=         1.3289 MHz  eta= 0.88498

     C   17    Vxx=    0.2107    axis=(  0.143109 -0.626782  0.765940)
     C   17    Vyy=    0.3774    axis=( -0.813907  0.365781  0.451397)
     C   17    Vzz=   -0.5881    axis=( -0.563094 -0.688003 -0.457796)
     C   17  Q=         1.0000 1e-30 m^2  Cq=        -1.3818 MHz  eta= 0.28345

     Cl  18    Vxx=   -0.1566    axis=( -0.767558  0.597847  0.231157)
     Cl  18    Vyy=   -2.3012    axis=(  0.599937  0.797039 -0.069308)
     Cl  18    Vzz=    2.4578    axis=(  0.225676 -0.085481  0.970445)
     Cl  18  Q=        -8.1650 1e-30 m^2  Cq=       -47.1515 MHz  eta= 0.87253

     H   19    Vxx=    0.0092    axis=(  0.989912  0.085003  0.113348)
     H   19    Vyy=    0.6973    axis=(  0.020132 -0.876300  0.481345)
     H   19    Vzz=   -0.7065    axis=(  0.140243 -0.474208 -0.869171)
     H   19  Q=         1.0000 1e-30 m^2  Cq=        -1.6601 MHz  eta= 0.97391

     C   20    Vxx=   -0.1435    axis=( -0.421320  0.779098 -0.464215)
     C   20    Vyy=   -0.4975    axis=(  0.906877  0.357435 -0.223191)
     C   20    Vzz=    0.6410    axis=(  0.007960  0.515021  0.857141)
     C   20  Q=         1.0000 1e-30 m^2  Cq=         1.5062 MHz  eta= 0.55218

     H   21    Vxx=    0.0186    axis=(  0.519076  0.742890 -0.422700)
     H   21    Vyy=    0.7216    axis=( -0.845878  0.375503 -0.378797)
     H   21    Vzz=   -0.7402    axis=( -0.122679  0.554177  0.823309)
     H   21  Q=         1.0000 1e-30 m^2  Cq=        -1.7391 MHz  eta= 0.94975

     C   22    Vxx=   -0.1494    axis=(  0.940582  0.228716 -0.250987)
     C   22    Vyy=   -0.3821    axis=( -0.339528  0.622297 -0.705313)
     C   22    Vzz=    0.5315    axis=(  0.005128 -0.748622 -0.662977)
     C   22  Q=         1.0000 1e-30 m^2  Cq=         1.2488 MHz  eta= 0.43791

     C   23    Vxx=    0.0627    axis=( -0.547815 -0.542461  0.636895)
     C   23    Vyy=    0.2909    axis=(  0.020823 -0.769895 -0.637830)
     C   23    Vzz=   -0.3536    axis=( -0.836340  0.336151 -0.433056)
     C   23  Q=         1.0000 1e-30 m^2  Cq=        -0.8308 MHz  eta= 0.64534

     Cl  24    Vxx=    0.7898    axis=(  0.915706  0.229043 -0.330184)
     Cl  24    Vyy=    2.2713    axis=(  0.010671 -0.835234 -0.549792)
     Cl  24    Vzz=   -3.0611    axis=( -0.401707  0.499924 -0.767273)
     Cl  24  Q=        -8.1650 1e-30 m^2  Cq=        58.7263 MHz  eta= 0.48396

     Initialization:
     gipaw_setup  :      9.32s CPU     10.83s WALL (       1 calls)

     Linear response

     Apply operators

     Induced current

     Other routines
     efg          :      9.18s CPU     11.66s WALL (       1 calls)

     General routines
     calbec       :      3.26s CPU      4.42s WALL (      16 calls)
     fft          :      1.42s CPU      1.75s WALL (      15 calls)
     ffts         :      0.04s CPU      0.04s WALL (       2 calls)
     fftw         :      3.17s CPU      3.74s WALL (     672 calls)
     davcio       :      0.04s CPU      0.33s WALL (      32 calls)

     Parallel routines
     fft_scatter  :      2.03s CPU      2.72s WALL (     689 calls)

     Plugins

     GIPAW        :     60.54s CPU     72.39s WALL (       1 calls)
