
     Program QE v.6.0 (svn rev. 13079) starts on 11Jan2017 at 20:56:58 

     This program is part of the open-source Quantum ESPRESSO suite
     for quantum simulation of materials; please cite
         "P. Giannozzi et al., J. Phys.:Condens. Matter 21 395502 (2009);
          URL http://www.quantum-espresso.org", 
     in publications or presentations arising from this work. More details at
     http://www.quantum-espresso.org/quote

     Parallel version (MPI), running on     8 processors
     R & G space division:  proc/nbgrp/npool/nimage =       8

     ***** This is GIPAW svn revision unknown      *****

     Parallelizing q-star over 1 images

     Reading data from directory:
     /users/majewski/paradichlorobenzene/pbe/9_constraint/scratch/pbe.ecut100.np8.dt60.pcl2phi-129368.save
     Message from routine read_xml_file:
     file /users/majewski/paradichlorobenzene/pbe/9_constraint/scratch/pbe.ecut100.np8.dt60.pcl2phi-129368.save not guaranteed to be safe for post-processing

   Info: using nr1, nr2, nr3 values from input

   Info: using nr1, nr2, nr3 values from input

     IMPORTANT: XC functional enforced from input :
     Exchange-correlation      =  SLA  PW   PBX  PBC ( 1  4  3  4 0 0)
     Any further DFT definition will be discarded
     Please, verify this is what you really want

               file C.pbe-n-kjpaw_psl.1.0.0.UPF: wavefunction(s)  2S 2P renormalized
               file Cl.pbe-n-kjpaw_psl.1.0.0.UPF: wavefunction(s)  3S 3P renormalized
               file H.pbe-kjpaw_psl.1.0.0.UPF: wavefunction(s)  1S renormalized

     Parallelization info
     --------------------
     sticks:   dense  smooth     PW     G-vecs:    dense   smooth      PW
     Min        3057    1223    332               144436    36536    5170
     Max        3059    1225    333               144437    36537    5171
     Sum       24467    9791   2657              1155489   292295   41363


     Subspace diagonalization in iterative solution of the eigenvalue problem:
     a serial algorithm will be used

     GIPAW projectors -----------------------------------------------
     atom=  C    l=0  rc=    1.2000  rs=    0.8000
     atom=  C    l=0  rc=    1.2000  rs=    0.8000
     atom=  C    l=1  rc=    1.4000  rs=    0.9333
     atom=  C    l=1  rc=    1.4000  rs=    0.9333
     projs nearly linearly dependent: l=1  n1,n2= 1, 2  s=  0.99951561

     atom=  Cl   l=0  rc=    1.6000  rs=    1.0667
     atom=  Cl   l=0  rc=    1.6000  rs=    1.0667
     atom=  Cl   l=1  rc=    1.6000  rs=    1.0667
     atom=  Cl   l=1  rc=    1.6000  rs=    1.0667
     atom=  Cl   l=2  rc=    1.6000  rs=    1.0667
     atom=  Cl   l=2  rc=    1.6000  rs=    1.0667
     projs nearly linearly dependent: l=2  n1,n2= 1, 2  s=  0.99993509

     atom=  H    l=0  rc=    1.0000  rs=    0.6667
     atom=  H    l=0  rc=    1.0000  rs=    0.6667
     projs nearly linearly dependent: l=0  n1,n2= 1, 2  s=  0.99968852
     -----------------------------------------------------------------

     GIPAW integrals: -------------------------------------------
     Atom  i/j   nmr_para   nmr_dia   epr_rmc  epr_para   epr_dia
       C   1 1   0.83E+03  0.17E-01  0.93E+01  0.24E+08  0.24E+03
       C   2 1   0.86E+03 -0.61E-01  0.94E+01  0.25E+08  0.25E+03
       C   2 2   0.90E+03 -0.15E+00  0.97E+01  0.26E+08  0.26E+03
       C   3 3   0.33E+01  0.34E+00  0.18E+01  0.55E+03  0.21E+02
       C   4 3   0.35E+01  0.37E+00  0.20E+01  0.59E+03  0.22E+02
       C   4 4   0.38E+01  0.39E+00  0.22E+01  0.63E+03  0.24E+02
       Cl  1 1   0.14E+04 -0.47E+00  0.84E+01  0.32E+09  0.42E+03
       Cl  2 1   0.21E+04 -0.37E+00  0.12E+02  0.49E+09  0.65E+03
       Cl  2 2   0.33E+04 -0.16E+00  0.21E+02  0.76E+09  0.10E+04
       Cl  3 3   0.21E+02  0.79E-01  0.89E+01  0.23E+05  0.13E+03
       Cl  4 3   0.24E+02  0.67E-01  0.99E+01  0.27E+05  0.15E+03
       Cl  4 4   0.28E+02  0.44E-01  0.11E+02  0.32E+05  0.18E+03
       Cl  5 5   0.77E+00  0.19E+00  0.18E+01  0.12E+03  0.22E+02
       Cl  6 5   0.80E+00  0.19E+00  0.19E+01  0.12E+03  0.23E+02
       Cl  6 6   0.83E+00  0.20E+00  0.19E+01  0.12E+03  0.23E+02
       H   1 1   0.39E+02  0.19E+00  0.29E+00  0.78E+05  0.13E+02
       H   2 1   0.41E+02  0.21E+00  0.32E+00  0.82E+05  0.14E+02
       H   2 2   0.43E+02  0.22E+00  0.36E+00  0.86E+05  0.15E+02
     ------------------------------------------------------------

     alpha_pv=     34.0174 eV

     Number of occupied bands for each k-point:
     k-point:     1    nbnd_occ=  42
     k-point:     2    nbnd_occ=  42
     k-point:     3    nbnd_occ=  42
     k-point:     4    nbnd_occ=  42
     k-point:     5    nbnd_occ=  42
     k-point:     6    nbnd_occ=  42
     k-point:     7    nbnd_occ=  42
     k-point:     8    nbnd_occ=  42
     k-point:     9    nbnd_occ=  42
     k-point:    10    nbnd_occ=  42
     k-point:    11    nbnd_occ=  42
     k-point:    12    nbnd_occ=  42
     k-point:    13    nbnd_occ=  42
     k-point:    14    nbnd_occ=  42
     k-point:    15    nbnd_occ=  42
     k-point:    16    nbnd_occ=  42


     q-space interpolation up to   110.00 Rydberg

     GIPAW job: efg                                                                             


     ELECTRIC FIELD GRADIENTS TENSORS IN Hartree/bohrradius^2:

     ----- bare term -----
     Cl   1        0.043463        0.053265        0.006104
     Cl   1        0.053265        0.050256        0.098012
     Cl   1        0.006104        0.098012       -0.093719

     C    2       -0.436747        0.322780       -0.391746
     C    2        0.322780        0.151740       -0.406961
     C    2       -0.391746       -0.406961        0.285007

     C    3       -0.028802        0.389055       -0.172230
     C    3        0.389055       -0.192873       -0.616271
     C    3       -0.172230       -0.616271        0.221674

     H    4       -0.122189       -0.159947       -0.458197
     H    4       -0.159947        0.377402        0.026058
     H    4       -0.458197        0.026058       -0.255213

     C    5       -0.859524        0.383880       -0.419780
     C    5        0.383880        0.404288       -0.006256
     C    5       -0.419780       -0.006256        0.455235

     H    6        0.265777       -0.013994       -0.133282
     H    6       -0.013994       -0.483045       -0.614066
     H    6       -0.133282       -0.614066        0.217268

     H    7        0.316652        0.401317        0.115177
     H    7        0.401317       -0.641893       -0.086630
     H    7        0.115177       -0.086630        0.325241

     C    8       -0.214579       -0.170120       -0.264042
     C    8       -0.170120        0.004331        0.532908
     C    8       -0.264042        0.532908        0.210248

     H    9       -0.243266        0.461059        0.076109
     H    9        0.461059       -0.041962       -0.182067
     H    9        0.076109       -0.182067        0.285227

     C   10       -0.211704       -0.175125        0.024155
     C   10       -0.175125       -0.076431        0.172850
     C   10        0.024155        0.172850        0.288135

     C   11       -0.092046        0.138862       -0.210329
     C   11        0.138862       -0.013835        0.438410
     C   11       -0.210329        0.438410        0.105882

     Cl  12        0.269745       -0.178993        0.024082
     Cl  12       -0.178993        0.241502       -0.397121
     Cl  12        0.024082       -0.397121       -0.511247

     H   13        0.293180        0.210619        0.193536
     H   13        0.210619       -0.323713       -0.587577
     H   13        0.193536       -0.587577        0.030533

     C   14       -0.144867       -0.132909       -0.383241
     C   14       -0.132909       -0.083500       -0.379101
     C   14       -0.383241       -0.379101        0.228367

     H   15        0.108166       -0.069210       -0.257124
     H   15       -0.069210        0.317389       -0.425694
     H   15       -0.257124       -0.425694       -0.425555

     C   16       -0.643313        0.345027       -0.400347
     C   16        0.345027        0.158433        0.012201
     C   16       -0.400347        0.012201        0.484881

     C   17        0.073688        0.200943       -0.068442
     C   17        0.200943       -0.355614       -0.389669
     C   17       -0.068442       -0.389669        0.281926

     Cl  18       -0.081415        0.174436       -0.008504
     Cl  18        0.174436       -0.002812       -0.032976
     Cl  18       -0.008504       -0.032976        0.084227

     H   19        0.139972        0.251523        0.123490
     H   19        0.251523       -0.446298        0.382821
     H   19        0.123490        0.382821        0.306325

     C   20       -0.674379       -0.305476       -0.369162
     C   20       -0.305476        0.242962        0.105813
     C   20       -0.369162        0.105813        0.431417

     H   21       -0.453163        0.216395        0.270247
     H   21        0.216395        0.298737        0.078435
     H   21        0.270247        0.078435        0.154426

     C   22        0.098004       -0.022156       -0.095053
     C   22       -0.022156       -0.521961        0.342807
     C   22       -0.095053        0.342807        0.423957

     C   23       -0.643779       -0.246105       -0.380832
     C   23       -0.246105        0.141735        0.117332
     C   23       -0.380832        0.117332        0.502044

     Cl  24        0.141776       -0.043178        0.136312
     Cl  24       -0.043178        0.188501        0.091373
     Cl  24        0.136312        0.091373       -0.330277

     ----- ionic term -----
     Cl   1        0.167158       -0.237442        0.097282
     Cl   1       -0.237442       -0.010241       -0.048691
     Cl   1        0.097282       -0.048691       -0.156917

     C    2        0.115850       -0.247788        0.410410
     C    2       -0.247788        0.127950        0.301409
     C    2        0.410410        0.301409       -0.243800

     C    3        0.121938       -0.259627        0.282173
     C    3       -0.259627        0.200606        0.317538
     C    3        0.282173        0.317538       -0.322544

     H    4        0.402706        0.293090        0.740399
     H    4        0.293090       -0.368656        0.292332
     H    4        0.740399        0.292332       -0.034049

     C    5        0.271310       -0.197438        0.353181
     C    5       -0.197438        0.048733        0.257965
     C    5        0.353181        0.257965       -0.320043

     H    6       -0.506492        0.004829        0.019456
     H    6        0.004829        0.710601        0.672792
     H    6        0.019456        0.672792       -0.204109

     H    7       -0.478761       -0.294240        0.082804
     H    7       -0.294240        0.898167       -0.480899
     H    7        0.082804       -0.480899       -0.419406

     C    8        0.378424        0.035861        0.081862
     C    8        0.035861        0.076844       -0.298338
     C    8        0.081862       -0.298338       -0.455268

     H    9        0.710341       -0.483825        0.460743
     H    9       -0.483825       -0.336170       -0.242498
     H    9        0.460743       -0.242498       -0.374171

     C   10        0.199004        0.086316        0.040086
     C   10        0.086316        0.159237       -0.442787
     C   10        0.040086       -0.442787       -0.358241

     C   11        0.294852        0.022885        0.038027
     C   11        0.022885        0.118668       -0.424854
     C   11        0.038027       -0.424854       -0.413520

     Cl  12        0.104307        0.180971       -0.063691
     Cl  12        0.180971        0.014739       -0.043989
     Cl  12       -0.063691       -0.043989       -0.119047

     H   13       -0.530239       -0.073724       -0.032523
     H   13       -0.073724        0.562392        0.736621
     H   13       -0.032523        0.736621       -0.032152

     C   14        0.163775       -0.253722        0.343020
     C   14       -0.253722        0.025750        0.273270
     C   14        0.343020        0.273270       -0.189525

     H   15        0.257496        0.266972        0.755648
     H   15        0.266972       -0.419632        0.332048
     H   15        0.755648        0.332048        0.162135

     C   16        0.034635       -0.309408        0.233069
     C   16       -0.309408        0.160121        0.405979
     C   16        0.233069        0.405979       -0.194755

     C   17        0.142982       -0.239447        0.298268
     C   17       -0.239447        0.107992        0.403134
     C   17        0.298268        0.403134       -0.250974

     Cl  18        0.139684       -0.215915        0.050691
     Cl  18       -0.215915        0.018009       -0.026540
     Cl  18        0.050691       -0.026540       -0.157692

     H   19       -0.491522       -0.242355        0.066852
     H   19       -0.242355        0.876188       -0.529176
     H   19        0.066852       -0.529176       -0.384666

     C   20        0.408459        0.045097       -0.003001
     C   20        0.045097        0.084041       -0.317233
     C   20       -0.003001       -0.317233       -0.492500

     H   21        0.904073       -0.468561        0.180353
     H   21       -0.468561       -0.344527       -0.137223
     H   21        0.180353       -0.137223       -0.559545

     C   22        0.205135        0.119191       -0.067433
     C   22        0.119191        0.286696       -0.417468
     C   22       -0.067433       -0.417468       -0.491832

     C   23        0.223992        0.040805        0.074913
     C   23        0.040805        0.238232       -0.416748
     C   23        0.074913       -0.416748       -0.462224

     Cl  24        0.120026        0.199812       -0.066441
     Cl  24        0.199812       -0.007033       -0.039614
     Cl  24       -0.066441       -0.039614       -0.112993

     ----- GIPAW term -----
     Cl   1       -0.598221       -0.865074       -0.602926
     Cl   1       -0.865074       -0.788085       -1.214697
     Cl   1       -0.602926       -1.214697        1.386306

     C    2       -0.119284        0.018567       -0.082830
     C    2        0.018567        0.196107       -0.179324
     C    2       -0.082830       -0.179324       -0.076823

     C    3       -0.050559        0.140157       -0.046557
     C    3        0.140157        0.103368       -0.138170
     C    3       -0.046557       -0.138170       -0.052809

     H    4       -0.000000        0.000000        0.000000
     H    4        0.000000        0.000000        0.000000
     H    4        0.000000        0.000000        0.000000

     C    5       -0.188290        0.157514        0.032457
     C    5        0.157514        0.161604        0.181667
     C    5        0.032457        0.181667        0.026686

     H    6       -0.000000        0.000000        0.000000
     H    6        0.000000        0.000000        0.000000
     H    6        0.000000        0.000000        0.000000

     H    7       -0.000000        0.000000        0.000000
     H    7        0.000000        0.000000        0.000000
     H    7        0.000000        0.000000        0.000000

     C    8       -0.096625       -0.082136       -0.046734
     C    8       -0.082136        0.173380        0.196891
     C    8       -0.046734        0.196891       -0.076755

     H    9       -0.000000        0.000000        0.000000
     H    9        0.000000        0.000000        0.000000
     H    9        0.000000        0.000000        0.000000

     C   10       -0.072205       -0.026150       -0.017472
     C   10       -0.026150        0.025807        0.086692
     C   10       -0.017472        0.086692        0.046398

     C   11       -0.047442        0.051501       -0.028583
     C   11        0.051501        0.015095        0.134259
     C   11       -0.028583        0.134259        0.032347

     Cl  12        0.083950        0.169075       -0.260676
     Cl  12        0.169075       -0.197974       -0.040575
     Cl  12       -0.260676       -0.040575        0.114024

     H   13       -0.000000        0.000000        0.000000
     H   13        0.000000        0.000000        0.000000
     H   13        0.000000        0.000000        0.000000

     C   14       -0.073600       -0.139232       -0.108045
     C   14       -0.139232        0.096693        0.064708
     C   14       -0.108045        0.064708       -0.023093

     H   15       -0.000000        0.000000        0.000000
     H   15        0.000000        0.000000        0.000000
     H   15        0.000000        0.000000        0.000000

     C   16       -0.200605       -0.024053       -0.136393
     C   16       -0.024053        0.044931        0.181921
     C   16       -0.136393        0.181921        0.155674

     C   17       -0.051470        0.029945        0.077126
     C   17        0.029945        0.057544        0.181468
     C   17        0.077126        0.181468       -0.006074

     Cl  18       -0.913097       -0.659492        0.462164
     Cl  18       -0.659492       -0.741420        1.539272
     Cl  18        0.462164        1.539272        1.654517

     H   19       -0.000000        0.000000        0.000000
     H   19        0.000000        0.000000        0.000000
     H   19        0.000000        0.000000        0.000000

     C   20       -0.128581        0.092607       -0.084578
     C   20        0.092607        0.165124       -0.085866
     C   20       -0.084578       -0.085866       -0.036543

     H   21       -0.000000        0.000000        0.000000
     H   21        0.000000        0.000000        0.000000
     H   21        0.000000        0.000000        0.000000

     C   22       -0.062448        0.042091       -0.062706
     C   22        0.042091       -0.106666       -0.093117
     C   22       -0.062706       -0.093117        0.169114

     C   23       -0.139177        0.098438       -0.099030
     C   23        0.098438        0.078554       -0.152314
     C   23       -0.099030       -0.152314        0.060623

     Cl  24       -0.322763        1.054687       -0.346382
     Cl  24        1.054687       -0.879813       -0.282151
     Cl  24       -0.346382       -0.282151        1.202575

     ----- total EFG -----
     Cl   1       -0.387601       -1.049250       -0.499539
     Cl   1       -1.049250       -0.748070       -1.165376
     Cl   1       -0.499539       -1.165376        1.135670

     C    2       -0.440180        0.093559       -0.064166
     C    2        0.093559        0.475797       -0.284876
     C    2       -0.064166       -0.284876       -0.035616

     C    3        0.042578        0.269585        0.063387
     C    3        0.269585        0.111101       -0.436903
     C    3        0.063387       -0.436903       -0.153678

     H    4        0.280517        0.133143        0.282201
     H    4        0.133143        0.008746        0.318390
     H    4        0.282201        0.318390       -0.289263

     C    5       -0.776504        0.343956       -0.034142
     C    5        0.343956        0.614625        0.433376
     C    5       -0.034142        0.433376        0.161879

     H    6       -0.240714       -0.009166       -0.113827
     H    6       -0.009166        0.227556        0.058726
     H    6       -0.113827        0.058726        0.013159

     H    7       -0.162109        0.107076        0.197981
     H    7        0.107076        0.256274       -0.567529
     H    7        0.197981       -0.567529       -0.094165

     C    8        0.067220       -0.216394       -0.228914
     C    8       -0.216394        0.254555        0.431461
     C    8       -0.228914        0.431461       -0.321775

     H    9        0.467075       -0.022766        0.536852
     H    9       -0.022766       -0.378132       -0.424564
     H    9        0.536852       -0.424564       -0.088944

     C   10       -0.084904       -0.114959        0.046769
     C   10       -0.114959        0.108612       -0.183244
     C   10        0.046769       -0.183244       -0.023708

     C   11        0.155364        0.213247       -0.200885
     C   11        0.213247        0.119928        0.147816
     C   11       -0.200885        0.147816       -0.275291

     Cl  12        0.458003        0.171053       -0.300286
     Cl  12        0.171053        0.058267       -0.481684
     Cl  12       -0.300286       -0.481684       -0.516270

     H   13       -0.237059        0.136896        0.161013
     H   13        0.136896        0.238679        0.149045
     H   13        0.161013        0.149045       -0.001619

     C   14       -0.054692       -0.525863       -0.148266
     C   14       -0.525863        0.038942       -0.041124
     C   14       -0.148266       -0.041124        0.015750

     H   15        0.365662        0.197762        0.498524
     H   15        0.197762       -0.102242       -0.093645
     H   15        0.498524       -0.093645       -0.263420

     C   16       -0.809284        0.011566       -0.303671
     C   16        0.011566        0.363484        0.600100
     C   16       -0.303671        0.600100        0.445800

     C   17        0.165200       -0.008558        0.306951
     C   17       -0.008558       -0.190079        0.194933
     C   17        0.306951        0.194933        0.024878

     Cl  18       -0.854828       -0.700971        0.504352
     Cl  18       -0.700971       -0.726223        1.479756
     Cl  18        0.504352        1.479756        1.581051

     H   19       -0.351549        0.009168        0.190342
     H   19        0.009168        0.429890       -0.146356
     H   19        0.190342       -0.146356       -0.078341

     C   20       -0.394501       -0.167772       -0.456741
     C   20       -0.167772        0.492127       -0.297286
     C   20       -0.456741       -0.297286       -0.097626

     H   21        0.450910       -0.252166        0.450599
     H   21       -0.252166       -0.045790       -0.058787
     H   21        0.450599       -0.058787       -0.405120

     C   22        0.240692        0.139127       -0.225192
     C   22        0.139127       -0.341931       -0.167778
     C   22       -0.225192       -0.167778        0.101239

     C   23       -0.558965       -0.106862       -0.404949
     C   23       -0.106862        0.458521       -0.451731
     C   23       -0.404949       -0.451731        0.100443

     Cl  24       -0.060960        1.211321       -0.276511
     Cl  24        1.211321       -0.698345       -0.230392
     Cl  24       -0.276511       -0.230392        0.759305

     ----- total EFG (symmetrized) -----
     Cl   1       -0.387601       -1.049250       -0.499539
     Cl   1       -1.049250       -0.748070       -1.165376
     Cl   1       -0.499539       -1.165376        1.135670

     C    2       -0.440180        0.093559       -0.064166
     C    2        0.093559        0.475797       -0.284876
     C    2       -0.064166       -0.284876       -0.035616

     C    3        0.042578        0.269585        0.063387
     C    3        0.269585        0.111101       -0.436903
     C    3        0.063387       -0.436903       -0.153678

     H    4        0.280517        0.133143        0.282201
     H    4        0.133143        0.008746        0.318390
     H    4        0.282201        0.318390       -0.289263

     C    5       -0.776504        0.343956       -0.034142
     C    5        0.343956        0.614625        0.433376
     C    5       -0.034142        0.433376        0.161879

     H    6       -0.240714       -0.009166       -0.113827
     H    6       -0.009166        0.227556        0.058726
     H    6       -0.113827        0.058726        0.013159

     H    7       -0.162109        0.107076        0.197981
     H    7        0.107076        0.256274       -0.567529
     H    7        0.197981       -0.567529       -0.094165

     C    8        0.067220       -0.216394       -0.228914
     C    8       -0.216394        0.254555        0.431461
     C    8       -0.228914        0.431461       -0.321775

     H    9        0.467075       -0.022766        0.536852
     H    9       -0.022766       -0.378132       -0.424564
     H    9        0.536852       -0.424564       -0.088944

     C   10       -0.084904       -0.114959        0.046769
     C   10       -0.114959        0.108612       -0.183244
     C   10        0.046769       -0.183244       -0.023708

     C   11        0.155364        0.213247       -0.200885
     C   11        0.213247        0.119928        0.147816
     C   11       -0.200885        0.147816       -0.275291

     Cl  12        0.458003        0.171053       -0.300286
     Cl  12        0.171053        0.058267       -0.481684
     Cl  12       -0.300286       -0.481684       -0.516270

     H   13       -0.237059        0.136896        0.161013
     H   13        0.136896        0.238679        0.149045
     H   13        0.161013        0.149045       -0.001619

     C   14       -0.054692       -0.525863       -0.148266
     C   14       -0.525863        0.038942       -0.041124
     C   14       -0.148266       -0.041124        0.015750

     H   15        0.365662        0.197762        0.498524
     H   15        0.197762       -0.102242       -0.093645
     H   15        0.498524       -0.093645       -0.263420

     C   16       -0.809284        0.011566       -0.303671
     C   16        0.011566        0.363484        0.600100
     C   16       -0.303671        0.600100        0.445800

     C   17        0.165200       -0.008558        0.306951
     C   17       -0.008558       -0.190079        0.194933
     C   17        0.306951        0.194933        0.024878

     Cl  18       -0.854828       -0.700971        0.504352
     Cl  18       -0.700971       -0.726223        1.479756
     Cl  18        0.504352        1.479756        1.581051

     H   19       -0.351549        0.009168        0.190342
     H   19        0.009168        0.429890       -0.146356
     H   19        0.190342       -0.146356       -0.078341

     C   20       -0.394501       -0.167772       -0.456741
     C   20       -0.167772        0.492127       -0.297286
     C   20       -0.456741       -0.297286       -0.097626

     H   21        0.450910       -0.252166        0.450599
     H   21       -0.252166       -0.045790       -0.058787
     H   21        0.450599       -0.058787       -0.405120

     C   22        0.240692        0.139127       -0.225192
     C   22        0.139127       -0.341931       -0.167778
     C   22       -0.225192       -0.167778        0.101239

     C   23       -0.558965       -0.106862       -0.404949
     C   23       -0.106862        0.458521       -0.451731
     C   23       -0.404949       -0.451731        0.100443

     Cl  24       -0.060960        1.211321       -0.276511
     Cl  24        1.211321       -0.698345       -0.230392
     Cl  24       -0.276511       -0.230392        0.759305


     NQR/NMR SPECTROSCOPIC PARAMETERS:
     Cl   1    Vxx=    0.4032    axis=(  0.826745 -0.507274 -0.243241)
     Cl   1    Vyy=    1.6922    axis=(  0.000853 -0.431238  0.902238)
     Cl   1    Vzz=   -2.0954    axis=( -0.562577 -0.746128 -0.356091)
     Cl   1  Q=        -8.1650 1e-30 m^2  Cq=        40.1988 MHz  eta= 0.61518

     C    2    Vxx=   -0.1613    axis=( -0.069206  0.415674  0.906877)
     C    2    Vyy=   -0.4534    axis=( -0.992035  0.067228 -0.106520)
     C    2    Vzz=    0.6147    axis=( -0.105245 -0.907026  0.407711)
     C    2  Q=         1.0000 1e-30 m^2  Cq=         1.4443 MHz  eta= 0.47521

     C    3    Vxx=    0.0459    axis=( -0.853134  0.109295 -0.510114)
     C    3    Vyy=    0.5108    axis=(  0.387942  0.786671 -0.480259)
     C    3    Vzz=   -0.5567    axis=( -0.348802  0.607621  0.713536)
     C    3  Q=         1.0000 1e-30 m^2  Cq=        -1.3081 MHz  eta= 0.83495

     H    4    Vxx=    0.0028    axis=(  0.606890 -0.757785 -0.239680)
     H    4    Vyy=    0.5277    axis=(  0.762095  0.469237  0.446125)
     H    4    Vzz=   -0.5305    axis=( -0.225600 -0.453408  0.862280)
     H    4  Q=         1.0000 1e-30 m^2  Cq=        -1.2465 MHz  eta= 0.98937

     C    5    Vxx=   -0.0477    axis=( -0.246976 -0.437515  0.864629)
     C    5    Vyy=   -0.8756    axis=( -0.954971  0.261287 -0.140566)
     C    5    Vzz=    0.9233    axis=( -0.164417 -0.860413 -0.482345)
     C    5  Q=         1.0000 1e-30 m^2  Cq=         2.1694 MHz  eta= 0.89675

     H    6    Vxx=    0.0389    axis=( -0.352182 -0.293679  0.888662)
     H    6    Vyy=    0.2457    axis=( -0.084103  0.955584  0.282464)
     H    6    Vzz=   -0.2846    axis=( -0.932145  0.024740 -0.361238)
     H    6  Q=         1.0000 1e-30 m^2  Cq=        -0.6687 MHz  eta= 0.72689

     H    7    Vxx=   -0.0550    axis=(  0.898482  0.290718  0.328957)
     H    7    Vyy=   -0.6213    axis=( -0.437242  0.525401  0.729914)
     H    7    Vzz=    0.6763    axis=(  0.039365 -0.799648  0.599177)
     H    7  Q=         1.0000 1e-30 m^2  Cq=         1.5889 MHz  eta= 0.83741

     C    8    Vxx=   -0.0722    axis=(  0.866943  0.494764  0.060156)
     C    8    Vyy=   -0.5705    axis=( -0.177411  0.419128 -0.890425)
     C    8    Vzz=    0.6426    axis=( -0.465763  0.761276  0.451136)
     C    8  Q=         1.0000 1e-30 m^2  Cq=         1.5099 MHz  eta= 0.77542

     H    9    Vxx=   -0.0787    axis=(  0.528245  0.680255 -0.508143)
     H    9    Vyy=   -0.7662    axis=( -0.273011  0.702751  0.656967)
     H    9    Vzz=    0.8449    axis=(  0.804004 -0.208311  0.556942)
     H    9  Q=         1.0000 1e-30 m^2  Cq=         1.9851 MHz  eta= 0.81378

     C   10    Vxx=   -0.1092    axis=(  0.806690 -0.068100 -0.587038)
     C   10    Vyy=   -0.1686    axis=(  0.498315  0.612387  0.613729)
     C   10    Vzz=    0.2778    axis=( -0.317700  0.787619 -0.527942)
     C   10  Q=         1.0000 1e-30 m^2  Cq=         0.6527 MHz  eta= 0.21362

     C   11    Vxx=    0.0858    axis=( -0.489296  0.677256  0.549467)
     C   11    Vyy=    0.3562    axis=( -0.768153 -0.633001  0.096183)
     C   11    Vzz=   -0.4420    axis=(  0.412954 -0.375013  0.829960)
     C   11  Q=         1.0000 1e-30 m^2  Cq=        -1.0386 MHz  eta= 0.61185

     Cl  12    Vxx=    0.1046    axis=(  0.603273 -0.744545  0.285857)
     Cl  12    Vyy=    0.7113    axis=( -0.784080 -0.488131  0.383337)
     Cl  12    Vzz=   -0.8159    axis=( -0.145876 -0.455391 -0.878259)
     Cl  12  Q=        -8.1650 1e-30 m^2  Cq=        15.6528 MHz  eta= 0.74359

     H   13    Vxx=   -0.0476    axis=( -0.278462  0.544900 -0.790912)
     H   13    Vyy=   -0.3251    axis=( -0.909443  0.115192  0.399555)
     H   13    Vzz=    0.3728    axis=(  0.308825  0.830551  0.463479)
     H   13  Q=         1.0000 1e-30 m^2  Cq=         0.8758 MHz  eta= 0.74452

     C   14    Vxx=    0.0384    axis=( -0.075582 -0.258173  0.963138)
     C   14    Vyy=    0.5299    axis=(  0.681563 -0.718419 -0.139090)
     C   14    Vzz=   -0.5683    axis=(  0.727846  0.645926  0.230261)
     C   14  Q=         1.0000 1e-30 m^2  Cq=        -1.3352 MHz  eta= 0.86483

     H   15    Vxx=   -0.0598    axis=(  0.017680  0.924124 -0.381684)
     H   15    Vyy=   -0.6030    axis=( -0.484290  0.341890  0.805341)
     H   15    Vzz=    0.6627    axis=(  0.874729  0.170607  0.453589)
     H   15  Q=         1.0000 1e-30 m^2  Cq=         1.5572 MHz  eta= 0.81960

     C   16    Vxx=   -0.1320    axis=(  0.287476  0.735828 -0.613118)
     C   16    Vyy=   -0.8995    axis=( -0.950507  0.140397 -0.277173)
     C   16    Vzz=    1.0316    axis=( -0.117872  0.662454  0.739771)
     C   16  Q=         1.0000 1e-30 m^2  Cq=         2.4238 MHz  eta= 0.74404

     C   17    Vxx=   -0.0612    axis=(  0.566298 -0.698721 -0.437144)
     C   17    Vyy=   -0.3713    axis=(  0.368184  0.688984 -0.624293)
     C   17    Vzz=    0.4325    axis=( -0.737392 -0.192587 -0.647428)
     C   17  Q=         1.0000 1e-30 m^2  Cq=         1.0161 MHz  eta= 0.71704

     Cl  18    Vxx=   -0.2558    axis=(  0.813185 -0.541613  0.213038)
     Cl  18    Vyy=   -2.0550    axis=(  0.579947  0.723314 -0.374806)
     Cl  18    Vzz=    2.3109    axis=(  0.048906  0.428337  0.902295)
     Cl  18  Q=        -8.1650 1e-30 m^2  Cq=       -44.3326 MHz  eta= 0.77859

     H   19    Vxx=   -0.0153    axis=(  0.480503  0.264932  0.836019)
     H   19    Vyy=   -0.4558    axis=(  0.875409 -0.087613 -0.475378)
     H   19    Vzz=    0.4712    axis=(  0.052697 -0.960279  0.274022)
     H   19  Q=         1.0000 1e-30 m^2  Cq=         1.1070 MHz  eta= 0.93496

     C   20    Vxx=    0.1854    axis=(  0.641490 -0.323339 -0.695659)
     C   20    Vyy=    0.6166    axis=( -0.028480 -0.916245  0.399604)
     C   20    Vzz=   -0.8019    axis=( -0.766602 -0.236530 -0.596971)
     C   20  Q=         1.0000 1e-30 m^2  Cq=        -1.8842 MHz  eta= 0.53769

     H   21    Vxx=   -0.1258    axis=(  0.251662  0.945421  0.206993)
     H   21    Vyy=   -0.6027    axis=( -0.409713 -0.089693  0.907794)
     H   21    Vzz=    0.7285    axis=(  0.876813 -0.313265  0.364779)
     H   21  Q=         1.0000 1e-30 m^2  Cq=         1.7116 MHz  eta= 0.65466

     C   22    Vxx=   -0.0575    axis=(  0.636686 -0.136293  0.758983)
     C   22    Vyy=   -0.4051    axis=( -0.113153  0.957090  0.266788)
     C   22    Vzz=    0.4627    axis=( -0.762776 -0.255741  0.593943)
     C   22  Q=         1.0000 1e-30 m^2  Cq=         1.0871 MHz  eta= 0.75129

     C   23    Vxx=    0.0421    axis=( -0.529761  0.557460  0.639211)
     C   23    Vyy=    0.7818    axis=( -0.116717 -0.794403  0.596072)
     C   23    Vzz=   -0.8239    axis=( -0.840077 -0.241169 -0.485909)
     C   23  Q=         1.0000 1e-30 m^2  Cq=        -1.9358 MHz  eta= 0.89781

     Cl  24    Vxx=    0.4520    axis=(  0.517551  0.392718  0.760206)
     Cl  24    Vyy=    1.1802    axis=(  0.600150  0.466655 -0.649656)
     Cl  24    Vzz=   -1.6323    axis=( -0.609885  0.792468  0.005828)
     Cl  24  Q=        -8.1650 1e-30 m^2  Cq=        31.3144 MHz  eta= 0.44613

     Initialization:
     gipaw_setup  :      9.18s CPU     11.25s WALL (       1 calls)

     Linear response

     Apply operators

     Induced current

     Other routines
     efg          :      9.64s CPU     12.72s WALL (       1 calls)

     General routines
     calbec       :      3.64s CPU      5.51s WALL (      16 calls)
     fft          :      1.27s CPU      1.49s WALL (      15 calls)
     ffts         :      0.04s CPU      0.05s WALL (       2 calls)
     fftw         :      3.28s CPU      3.93s WALL (     672 calls)
     davcio       :      0.06s CPU      0.31s WALL (      32 calls)

     Parallel routines
     fft_scatter  :      1.81s CPU      2.31s WALL (     689 calls)

     Plugins

     GIPAW        :     61.46s CPU     74.97s WALL (       1 calls)
