
     Program QE v.6.0 (svn rev. 13079) starts on 23Dec2016 at  5:37:40 

     This program is part of the open-source Quantum ESPRESSO suite
     for quantum simulation of materials; please cite
         "P. Giannozzi et al., J. Phys.:Condens. Matter 21 395502 (2009);
          URL http://www.quantum-espresso.org", 
     in publications or presentations arising from this work. More details at
     http://www.quantum-espresso.org/quote

     Parallel version (MPI), running on     8 processors
     R & G space division:  proc/nbgrp/npool/nimage =       8

     ***** This is GIPAW svn revision unknown      *****

     Parallelizing q-star over 1 images

     Reading data from directory:
     /users/majewski/paradichlorobenzene/pbe/9_constraint/scratch/pbe.ecut100.np8.dt60.pcl2phi-129368.save
     Message from routine read_xml_file:
     file /users/majewski/paradichlorobenzene/pbe/9_constraint/scratch/pbe.ecut100.np8.dt60.pcl2phi-129368.save not guaranteed to be safe for post-processing

   Info: using nr1, nr2, nr3 values from input

   Info: using nr1, nr2, nr3 values from input

     IMPORTANT: XC functional enforced from input :
     Exchange-correlation      =  SLA  PW   PBX  PBC ( 1  4  3  4 0 0)
     Any further DFT definition will be discarded
     Please, verify this is what you really want

               file C.pbe-n-kjpaw_psl.1.0.0.UPF: wavefunction(s)  2S 2P renormalized
               file Cl.pbe-n-kjpaw_psl.1.0.0.UPF: wavefunction(s)  3S 3P renormalized
               file H.pbe-kjpaw_psl.1.0.0.UPF: wavefunction(s)  1S renormalized

     Parallelization info
     --------------------
     sticks:   dense  smooth     PW     G-vecs:    dense   smooth      PW
     Min        3057    1223    332               144436    36536    5170
     Max        3059    1225    333               144437    36537    5171
     Sum       24467    9791   2657              1155489   292295   41363


     Subspace diagonalization in iterative solution of the eigenvalue problem:
     a serial algorithm will be used

     GIPAW projectors -----------------------------------------------
     atom=  C    l=0  rc=    1.2000  rs=    0.8000
     atom=  C    l=0  rc=    1.2000  rs=    0.8000
     atom=  C    l=1  rc=    1.4000  rs=    0.9333
     atom=  C    l=1  rc=    1.4000  rs=    0.9333
     projs nearly linearly dependent: l=1  n1,n2= 1, 2  s=  0.99951561

     atom=  Cl   l=0  rc=    1.6000  rs=    1.0667
     atom=  Cl   l=0  rc=    1.6000  rs=    1.0667
     atom=  Cl   l=1  rc=    1.6000  rs=    1.0667
     atom=  Cl   l=1  rc=    1.6000  rs=    1.0667
     atom=  Cl   l=2  rc=    1.6000  rs=    1.0667
     atom=  Cl   l=2  rc=    1.6000  rs=    1.0667
     projs nearly linearly dependent: l=2  n1,n2= 1, 2  s=  0.99993509

     atom=  H    l=0  rc=    1.0000  rs=    0.6667
     atom=  H    l=0  rc=    1.0000  rs=    0.6667
     projs nearly linearly dependent: l=0  n1,n2= 1, 2  s=  0.99968852
     -----------------------------------------------------------------

     GIPAW integrals: -------------------------------------------
     Atom  i/j   nmr_para   nmr_dia   epr_rmc  epr_para   epr_dia
       C   1 1   0.83E+03  0.17E-01  0.93E+01  0.24E+08  0.24E+03
       C   2 1   0.86E+03 -0.61E-01  0.94E+01  0.25E+08  0.25E+03
       C   2 2   0.90E+03 -0.15E+00  0.97E+01  0.26E+08  0.26E+03
       C   3 3   0.33E+01  0.34E+00  0.18E+01  0.55E+03  0.21E+02
       C   4 3   0.35E+01  0.37E+00  0.20E+01  0.59E+03  0.22E+02
       C   4 4   0.38E+01  0.39E+00  0.22E+01  0.63E+03  0.24E+02
       Cl  1 1   0.14E+04 -0.47E+00  0.84E+01  0.32E+09  0.42E+03
       Cl  2 1   0.21E+04 -0.37E+00  0.12E+02  0.49E+09  0.65E+03
       Cl  2 2   0.33E+04 -0.16E+00  0.21E+02  0.76E+09  0.10E+04
       Cl  3 3   0.21E+02  0.79E-01  0.89E+01  0.23E+05  0.13E+03
       Cl  4 3   0.24E+02  0.67E-01  0.99E+01  0.27E+05  0.15E+03
       Cl  4 4   0.28E+02  0.44E-01  0.11E+02  0.32E+05  0.18E+03
       Cl  5 5   0.77E+00  0.19E+00  0.18E+01  0.12E+03  0.22E+02
       Cl  6 5   0.80E+00  0.19E+00  0.19E+01  0.12E+03  0.23E+02
       Cl  6 6   0.83E+00  0.20E+00  0.19E+01  0.12E+03  0.23E+02
       H   1 1   0.39E+02  0.19E+00  0.29E+00  0.78E+05  0.13E+02
       H   2 1   0.41E+02  0.21E+00  0.32E+00  0.82E+05  0.14E+02
       H   2 2   0.43E+02  0.22E+00  0.36E+00  0.86E+05  0.15E+02
     ------------------------------------------------------------

     alpha_pv=     33.9777 eV

     Number of occupied bands for each k-point:
     k-point:     1    nbnd_occ=  42
     k-point:     2    nbnd_occ=  42
     k-point:     3    nbnd_occ=  42
     k-point:     4    nbnd_occ=  42
     k-point:     5    nbnd_occ=  42
     k-point:     6    nbnd_occ=  42
     k-point:     7    nbnd_occ=  42
     k-point:     8    nbnd_occ=  42
     k-point:     9    nbnd_occ=  42
     k-point:    10    nbnd_occ=  42
     k-point:    11    nbnd_occ=  42
     k-point:    12    nbnd_occ=  42
     k-point:    13    nbnd_occ=  42
     k-point:    14    nbnd_occ=  42
     k-point:    15    nbnd_occ=  42
     k-point:    16    nbnd_occ=  42


     q-space interpolation up to   110.00 Rydberg

     GIPAW job: efg                                                                             


     ELECTRIC FIELD GRADIENTS TENSORS IN Hartree/bohrradius^2:

     ----- bare term -----
     Cl   1        0.112860        0.005946        0.175563
     Cl   1        0.005946        0.039840        0.333019
     Cl   1        0.175563        0.333019       -0.152700

     C    2       -0.268932       -0.031437       -0.293553
     C    2       -0.031437       -0.036353       -0.649769
     C    2       -0.293553       -0.649769        0.305285

     C    3       -0.232836        0.238833        0.017774
     C    3        0.238833       -0.131151       -0.299106
     C    3        0.017774       -0.299106        0.363987

     H    4       -0.296650       -0.439506        0.149298
     H    4       -0.439506        0.081007        0.177367
     H    4        0.149298        0.177367        0.215643

     C    5       -0.558631       -0.005879       -0.295758
     C    5       -0.005879       -0.040828       -0.344263
     C    5       -0.295758       -0.344263        0.599459

     H    6        0.469088        0.046185       -0.153735
     H    6        0.046185       -0.647886        0.050487
     H    6       -0.153735        0.050487        0.178798

     H    7        0.084027       -0.190268       -0.200893
     H    7       -0.190268       -0.388201        0.397380
     H    7       -0.200893        0.397380        0.304174

     C    8       -0.672088       -0.179238       -0.346482
     C    8       -0.179238        0.085551        0.187206
     C    8       -0.346482        0.187206        0.586538

     H    9       -0.488057        0.287543       -0.394041
     H    9        0.287543        0.293047        0.170710
     H    9       -0.394041        0.170710        0.195010

     C   10       -0.095309       -0.363322       -0.127894
     C   10       -0.363322       -0.382117        0.509761
     C   10       -0.127894        0.509761        0.477426

     C   11       -0.428190       -0.134348       -0.375550
     C   11       -0.134348        0.058421        0.309088
     C   11       -0.375550        0.309088        0.369768

     Cl  12       -0.012991       -0.164993       -0.063316
     Cl  12       -0.164993        0.093943        0.058081
     Cl  12       -0.063316        0.058081       -0.080951

     H   13        0.229111        0.176602        0.076159
     H   13        0.176602       -0.410735       -0.502887
     H   13        0.076159       -0.502887        0.181625

     C   14       -0.275457        0.164613       -0.344916
     C   14        0.164613       -0.123712       -0.433752
     C   14       -0.344916       -0.433752        0.399169

     H   15       -0.256907       -0.548875       -0.156335
     H   15       -0.548875       -0.134320        0.013203
     H   15       -0.156335        0.013203        0.391227

     C   16       -0.310395        0.344474       -0.373387
     C   16        0.344474        0.025115       -0.407747
     C   16       -0.373387       -0.407747        0.285280

     C   17        0.027348        0.395463       -0.141524
     C   17        0.395463       -0.285137       -0.511801
     C   17       -0.141524       -0.511801        0.257790

     Cl  18        0.013050        0.173836       -0.074329
     Cl  18        0.173836        0.085749       -0.070384
     Cl  18       -0.074329       -0.070384       -0.098799

     H   19        0.432284       -0.024562        0.117862
     H   19       -0.024562       -0.137501        0.572495
     H   19        0.117862        0.572495       -0.294782

     C   20       -0.232692       -0.224575       -0.219561
     C   20       -0.224575       -0.324737        0.369698
     C   20       -0.219561        0.369698        0.557429

     H   21       -0.044059        0.111288       -0.539366
     H   21        0.111288        0.450424        0.072316
     H   21       -0.539366        0.072316       -0.406366

     C   22       -0.509322       -0.293021       -0.350867
     C   22       -0.293021       -0.064802        0.168488
     C   22       -0.350867        0.168488        0.574123

     C   23       -0.069367       -0.161945       -0.163512
     C   23       -0.161945       -0.492957        0.404053
     C   23       -0.163512        0.404053        0.562324

     Cl  24       -0.126074       -0.083891       -0.057067
     Cl  24       -0.083891       -0.078384        0.029804
     Cl  24       -0.057067        0.029804        0.204458

     ----- ionic term -----
     Cl   1        0.189333       -0.170724       -0.033766
     Cl   1       -0.170724       -0.052217        0.029035
     Cl   1       -0.033766        0.029035       -0.137116

     C    2        0.285214       -0.023848        0.124600
     C    2       -0.023848        0.130408        0.410521
     C    2        0.124600        0.410521       -0.415621

     C    3        0.309224       -0.160450        0.060381
     C    3       -0.160450        0.151371        0.341249
     C    3        0.060381        0.341249       -0.460595

     H    4        0.828310        0.463968        0.349809
     H    4        0.463968       -0.330410        0.188114
     H    4        0.349809        0.188114       -0.497900

     C    5        0.420991       -0.125866        0.106856
     C    5       -0.125866        0.058257        0.278711
     C    5        0.106856        0.278711       -0.479248

     H    6       -0.511886        0.016156       -0.000179
     H    6        0.016156        0.807283        0.616397
     H    6       -0.000179        0.616397       -0.295397

     H    7       -0.488189        0.119370       -0.045823
     H    7        0.119370        0.643533       -0.692119
     H    7       -0.045823       -0.692119       -0.155343

     C    8        0.286816        0.226216        0.304131
     C    8        0.226216        0.029111       -0.280175
     C    8        0.304131       -0.280175       -0.315927

     H    9        0.633123       -0.395001        0.615958
     H    9       -0.395001       -0.360747       -0.254302
     H    9        0.615958       -0.254302       -0.272376

     C   10        0.172441        0.206888        0.214233
     C   10        0.206888        0.174427       -0.338367
     C   10        0.214233       -0.338367       -0.346868

     C   11        0.135013        0.234289        0.329674
     C   11        0.234289        0.149382       -0.332984
     C   11        0.329674       -0.332984       -0.284395

     Cl  12        0.129324        0.232442        0.042987
     Cl  12        0.232442        0.039760        0.023200
     Cl  12        0.042987        0.023200       -0.169084

     H   13       -0.497438       -0.065479       -0.051807
     H   13       -0.065479        0.683037        0.680160
     H   13       -0.051807        0.680160       -0.185598

     C   14        0.353015       -0.060740        0.125180
     C   14       -0.060740        0.046411        0.324281
     C   14        0.125180        0.324281       -0.399426

     H   15        0.540369        0.513333        0.547713
     H   15        0.513333       -0.263697        0.311033
     H   15        0.547713        0.311033       -0.276673

     C   16        0.192408       -0.105389        0.098562
     C   16       -0.105389        0.180638        0.387179
     C   16        0.098562        0.387179       -0.373046

     C   17        0.312400       -0.112851        0.116434
     C   17       -0.112851        0.135843        0.361110
     C   17        0.116434        0.361110       -0.448244

     Cl  18        0.169278       -0.210922       -0.016054
     Cl  18       -0.210922       -0.021585        0.008948
     Cl  18       -0.016054        0.008948       -0.147693

     H   19       -0.521509        0.024130        0.007908
     H   19        0.024130        0.612423       -0.724620
     H   19        0.007908       -0.724620       -0.090914

     C   20        0.253078        0.288776        0.304326
     C   20        0.288776        0.044998       -0.276607
     C   20        0.304326       -0.276607       -0.298076

     H   21        0.601307       -0.211268        0.701111
     H   21       -0.211268       -0.461933       -0.210421
     H   21        0.701111       -0.210421       -0.139375

     C   22        0.166872        0.333984        0.206559
     C   22        0.333984        0.161080       -0.352229
     C   22        0.206559       -0.352229       -0.327952

     C   23        0.152855        0.220651        0.320439
     C   23        0.220651        0.129411       -0.375814
     C   23        0.320439       -0.375814       -0.282266

     Cl  24        0.112283        0.233290        0.040169
     Cl  24        0.233290        0.039772        0.021965
     Cl  24        0.040169        0.021965       -0.152055

     ----- GIPAW term -----
     Cl   1       -0.045598       -0.183366       -0.712300
     Cl   1       -0.183366       -0.194129       -0.833917
     Cl   1       -0.712300       -0.833917        0.239726

     C    2       -0.093548       -0.064091       -0.084872
     C    2       -0.064091       -0.001786       -0.246304
     C    2       -0.084872       -0.246304        0.095335

     C    3       -0.105759        0.027130       -0.008349
     C    3        0.027130        0.012126       -0.137439
     C    3       -0.008349       -0.137439        0.093632

     H    4       -0.000000        0.000000        0.000000
     H    4        0.000000        0.000000        0.000000
     H    4        0.000000        0.000000        0.000000

     C    5       -0.172815       -0.031911        0.033137
     C    5       -0.031911       -0.094993       -0.138346
     C    5        0.033137       -0.138346        0.267808

     H    6       -0.000000        0.000000        0.000000
     H    6        0.000000        0.000000        0.000000
     H    6        0.000000        0.000000        0.000000

     H    7       -0.000000        0.000000        0.000000
     H    7        0.000000        0.000000        0.000000
     H    7        0.000000        0.000000        0.000000

     C    8       -0.149072       -0.048126        0.055504
     C    8       -0.048126       -0.050383       -0.051634
     C    8        0.055504       -0.051634        0.199455

     H    9       -0.000000        0.000000        0.000000
     H    9        0.000000        0.000000        0.000000
     H    9        0.000000        0.000000        0.000000

     C   10       -0.035646       -0.066922        0.007760
     C   10       -0.066922       -0.075806        0.044691
     C   10        0.007760        0.044691        0.111452

     C   11       -0.045946        0.080889       -0.046071
     C   11        0.080889        0.052704       -0.035436
     C   11       -0.046071       -0.035436       -0.006758

     Cl  12        1.158771        0.577399       -0.515631
     Cl  12        0.577399        1.098567        0.589772
     Cl  12       -0.515631        0.589772       -2.257338

     H   13       -0.000000        0.000000        0.000000
     H   13        0.000000        0.000000        0.000000
     H   13        0.000000        0.000000        0.000000

     C   14       -0.028645        0.009945       -0.063733
     C   14        0.009945       -0.037834       -0.077963
     C   14       -0.063733       -0.077963        0.066479

     H   15       -0.000000        0.000000        0.000000
     H   15        0.000000        0.000000        0.000000
     H   15        0.000000        0.000000        0.000000

     C   16       -0.045899        0.176513       -0.148158
     C   16        0.176513        0.085051       -0.118758
     C   16       -0.148158       -0.118758       -0.039152

     C   17        0.189297        0.058486        0.000066
     C   17        0.058486       -0.070314       -0.062543
     C   17        0.000066       -0.062543       -0.118983

     Cl  18        1.621671       -0.032845       -0.843741
     Cl  18       -0.032845        0.733447       -0.742797
     Cl  18       -0.843741       -0.742797       -2.355117

     H   19       -0.000000        0.000000        0.000000
     H   19        0.000000        0.000000        0.000000
     H   19        0.000000        0.000000        0.000000

     C   20       -0.097365       -0.027624       -0.036756
     C   20       -0.027624       -0.180092        0.028792
     C   20       -0.036756        0.028792        0.277457

     H   21       -0.000000        0.000000        0.000000
     H   21        0.000000        0.000000        0.000000
     H   21        0.000000        0.000000        0.000000

     C   22       -0.207652       -0.014755       -0.126027
     C   22       -0.014755       -0.091652       -0.044768
     C   22       -0.126027       -0.044768        0.299304

     C   23       -0.045990        0.067138        0.041840
     C   23        0.067138       -0.178408       -0.012208
     C   23        0.041840       -0.012208        0.224397

     Cl  24       -0.712802        1.278543       -0.735294
     Cl  24        1.278543       -1.382585        0.751405
     Cl  24       -0.735294        0.751405        2.095387

     ----- total EFG -----
     Cl   1        0.256596       -0.348143       -0.570503
     Cl   1       -0.348143       -0.206506       -0.471863
     Cl   1       -0.570503       -0.471863       -0.050090

     C    2       -0.077267       -0.119376       -0.253825
     C    2       -0.119376        0.092268       -0.485552
     C    2       -0.253825       -0.485552       -0.015002

     C    3       -0.029371        0.105513        0.069807
     C    3        0.105513        0.032347       -0.095296
     C    3        0.069807       -0.095296       -0.002976

     H    4        0.531660        0.024462        0.499107
     H    4        0.024462       -0.249403        0.365481
     H    4        0.499107        0.365481       -0.282257

     C    5       -0.310455       -0.163656       -0.155765
     C    5       -0.163656       -0.077564       -0.203898
     C    5       -0.155765       -0.203898        0.388018

     H    6       -0.042797        0.062341       -0.153914
     H    6        0.062341        0.159396        0.666884
     H    6       -0.153914        0.666884       -0.116599

     H    7       -0.404162       -0.070898       -0.246716
     H    7       -0.070898        0.255332       -0.294739
     H    7       -0.246716       -0.294739        0.148830

     C    8       -0.534345       -0.001148        0.013153
     C    8       -0.001148        0.064279       -0.144603
     C    8        0.013153       -0.144603        0.470066

     H    9        0.145066       -0.107458        0.221917
     H    9       -0.107458       -0.067699       -0.083592
     H    9        0.221917       -0.083592       -0.077367

     C   10        0.041486       -0.223356        0.094099
     C   10       -0.223356       -0.283496        0.216084
     C   10        0.094099        0.216084        0.242010

     C   11       -0.339122        0.180830       -0.091947
     C   11        0.180830        0.260507       -0.059332
     C   11       -0.091947       -0.059332        0.078615

     Cl  12        1.275104        0.644848       -0.535960
     Cl  12        0.644848        1.232270        0.671053
     Cl  12       -0.535960        0.671053       -2.507374

     H   13       -0.268328        0.111123        0.024352
     H   13        0.111123        0.272301        0.177273
     H   13        0.024352        0.177273       -0.003974

     C   14        0.048913        0.113818       -0.283469
     C   14        0.113818       -0.115136       -0.187434
     C   14       -0.283469       -0.187434        0.066222

     H   15        0.283463       -0.035542        0.391378
     H   15       -0.035542       -0.398017        0.324236
     H   15        0.391378        0.324236        0.114554

     C   16       -0.163886        0.415598       -0.422983
     C   16        0.415598        0.290804       -0.139326
     C   16       -0.422983       -0.139326       -0.126918

     C   17        0.529045        0.341098       -0.025024
     C   17        0.341098       -0.219608       -0.213234
     C   17       -0.025024       -0.213234       -0.309437

     Cl  18        1.803999       -0.069932       -0.934124
     Cl  18       -0.069932        0.797611       -0.804234
     Cl  18       -0.934124       -0.804234       -2.601610

     H   19       -0.089225       -0.000432        0.125771
     H   19       -0.000432        0.474922       -0.152125
     H   19        0.125771       -0.152125       -0.385697

     C   20       -0.076979        0.036577        0.048010
     C   20        0.036577       -0.459831        0.121883
     C   20        0.048010        0.121883        0.536810

     H   21        0.557249       -0.099981        0.161746
     H   21       -0.099981       -0.011508       -0.138105
     H   21        0.161746       -0.138105       -0.545741

     C   22       -0.550102        0.026207       -0.270335
     C   22        0.026207        0.004627       -0.228509
     C   22       -0.270335       -0.228509        0.545475

     C   23        0.037498        0.125844        0.198767
     C   23        0.125844       -0.541953        0.016030
     C   23        0.198767        0.016030        0.504455

     Cl  24       -0.726593        1.427942       -0.752192
     Cl  24        1.427942       -1.421197        0.803173
     Cl  24       -0.752192        0.803173        2.147790

     ----- total EFG (symmetrized) -----
     Cl   1        0.256596       -0.348143       -0.570503
     Cl   1       -0.348143       -0.206506       -0.471863
     Cl   1       -0.570503       -0.471863       -0.050090

     C    2       -0.077267       -0.119376       -0.253825
     C    2       -0.119376        0.092268       -0.485552
     C    2       -0.253825       -0.485552       -0.015002

     C    3       -0.029371        0.105513        0.069807
     C    3        0.105513        0.032347       -0.095296
     C    3        0.069807       -0.095296       -0.002976

     H    4        0.531660        0.024462        0.499107
     H    4        0.024462       -0.249403        0.365481
     H    4        0.499107        0.365481       -0.282257

     C    5       -0.310455       -0.163656       -0.155765
     C    5       -0.163656       -0.077564       -0.203898
     C    5       -0.155765       -0.203898        0.388018

     H    6       -0.042797        0.062341       -0.153914
     H    6        0.062341        0.159396        0.666884
     H    6       -0.153914        0.666884       -0.116599

     H    7       -0.404162       -0.070898       -0.246716
     H    7       -0.070898        0.255332       -0.294739
     H    7       -0.246716       -0.294739        0.148830

     C    8       -0.534345       -0.001148        0.013153
     C    8       -0.001148        0.064279       -0.144603
     C    8        0.013153       -0.144603        0.470066

     H    9        0.145066       -0.107458        0.221917
     H    9       -0.107458       -0.067699       -0.083592
     H    9        0.221917       -0.083592       -0.077367

     C   10        0.041486       -0.223356        0.094099
     C   10       -0.223356       -0.283496        0.216084
     C   10        0.094099        0.216084        0.242010

     C   11       -0.339122        0.180830       -0.091947
     C   11        0.180830        0.260507       -0.059332
     C   11       -0.091947       -0.059332        0.078615

     Cl  12        1.275104        0.644848       -0.535960
     Cl  12        0.644848        1.232270        0.671053
     Cl  12       -0.535960        0.671053       -2.507374

     H   13       -0.268328        0.111123        0.024352
     H   13        0.111123        0.272301        0.177273
     H   13        0.024352        0.177273       -0.003974

     C   14        0.048913        0.113818       -0.283469
     C   14        0.113818       -0.115136       -0.187434
     C   14       -0.283469       -0.187434        0.066222

     H   15        0.283463       -0.035542        0.391378
     H   15       -0.035542       -0.398017        0.324236
     H   15        0.391378        0.324236        0.114554

     C   16       -0.163886        0.415598       -0.422983
     C   16        0.415598        0.290804       -0.139326
     C   16       -0.422983       -0.139326       -0.126918

     C   17        0.529045        0.341098       -0.025024
     C   17        0.341098       -0.219608       -0.213234
     C   17       -0.025024       -0.213234       -0.309437

     Cl  18        1.803999       -0.069932       -0.934124
     Cl  18       -0.069932        0.797611       -0.804234
     Cl  18       -0.934124       -0.804234       -2.601610

     H   19       -0.089225       -0.000432        0.125771
     H   19       -0.000432        0.474922       -0.152125
     H   19        0.125771       -0.152125       -0.385697

     C   20       -0.076979        0.036577        0.048010
     C   20        0.036577       -0.459831        0.121883
     C   20        0.048010        0.121883        0.536810

     H   21        0.557249       -0.099981        0.161746
     H   21       -0.099981       -0.011508       -0.138105
     H   21        0.161746       -0.138105       -0.545741

     C   22       -0.550102        0.026207       -0.270335
     C   22        0.026207        0.004627       -0.228509
     C   22       -0.270335       -0.228509        0.545475

     C   23        0.037498        0.125844        0.198767
     C   23        0.125844       -0.541953        0.016030
     C   23        0.198767        0.016030        0.504455

     Cl  24       -0.726593        1.427942       -0.752192
     Cl  24        1.427942       -1.421197        0.803173
     Cl  24       -0.752192        0.803173        2.147790


     NQR/NMR SPECTROSCOPIC PARAMETERS:
     Cl   1    Vxx=    0.2557    axis=(  0.392153 -0.784973  0.479618)
     Cl   1    Vyy=    0.6942    axis=(  0.788078  0.017745 -0.615320)
     Cl   1    Vzz=   -0.9499    axis=( -0.474498 -0.619276 -0.625578)
     Cl   1  Q=        -8.1650 1e-30 m^2  Cq=        18.2238 MHz  eta= 0.46158

     C    2    Vxx=    0.0528    axis=( -0.872188  0.421231  0.248703)
     C    2    Vyy=    0.5390    axis=( -0.146309 -0.709778  0.689063)
     C    2    Vzz=   -0.5918    axis=( -0.466779 -0.564605 -0.680690)
     C    2  Q=         1.0000 1e-30 m^2  Cq=        -1.3905 MHz  eta= 0.82168

     C    3    Vxx=    0.0546    axis=(  0.675222  0.050273  0.735899)
     C    3    Vyy=    0.1270    axis=(  0.379949  0.831428 -0.405421)
     C    3    Vzz=   -0.1816    axis=( -0.632229  0.553354  0.542298)
     C    3  Q=         1.0000 1e-30 m^2  Cq=        -0.4267 MHz  eta= 0.39906

     H    4    Vxx=   -0.0636    axis=(  0.399168 -0.806272 -0.436567)
     H    4    Vyy=   -0.7379    axis=(  0.292868  0.563322 -0.772591)
     H    4    Vzz=    0.8016    axis=(  0.868846  0.180537  0.460992)
     H    4  Q=         1.0000 1e-30 m^2  Cq=         1.8833 MHz  eta= 0.84126

     C    5    Vxx=   -0.0153    axis=(  0.552606 -0.810043 -0.196106)
     C    5    Vyy=   -0.4603    axis=(  0.824474  0.496884  0.270831)
     C    5    Vzz=    0.4755    axis=( -0.121943 -0.311347  0.942440)
     C    5  Q=         1.0000 1e-30 m^2  Cq=         1.1173 MHz  eta= 0.93573

     H    6    Vxx=   -0.0075    axis=(  0.969470  0.200710 -0.140866)
     H    6    Vyy=   -0.6982    axis=( -0.235949  0.607183 -0.758721)
     H    6    Vzz=    0.7057    axis=( -0.066752  0.768794  0.636003)
     H    6  Q=         1.0000 1e-30 m^2  Cq=         1.6581 MHz  eta= 0.97867

     H    7    Vxx=    0.0247    axis=( -0.459112  0.642661  0.613355)
     H    7    Vyy=    0.5146    axis=(  0.124125  0.730053 -0.672024)
     H    7    Vzz=   -0.5393    axis=( -0.879664 -0.232401 -0.414946)
     H    7  Q=         1.0000 1e-30 m^2  Cq=        -1.2671 MHz  eta= 0.90846

     C    8    Vxx=    0.0180    axis=(  0.005272  0.952484  0.304545)
     C    8    Vyy=    0.5165    axis=(  0.012254 -0.304587  0.952406)
     C    8    Vzz=   -0.5345    axis=( -0.999911  0.001289  0.013277)
     C    8  Q=         1.0000 1e-30 m^2  Cq=        -1.2559 MHz  eta= 0.93251

     H    9    Vxx=   -0.1121    axis=( -0.344477 -0.937202 -0.054666)
     H    9    Vyy=   -0.2163    axis=( -0.490499  0.130026  0.861687)
     H    9    Vzz=    0.3284    axis=(  0.800467 -0.323645  0.504487)
     H    9  Q=         1.0000 1e-30 m^2  Cq=         0.7715 MHz  eta= 0.31741

     C   10    Vxx=    0.1541    axis=(  0.902711 -0.423644  0.075091)
     C   10    Vyy=    0.3204    axis=(  0.068395  0.313609  0.947086)
     C   10    Vzz=   -0.4745    axis=( -0.424777 -0.849809  0.312073)
     C   10  Q=         1.0000 1e-30 m^2  Cq=        -1.1149 MHz  eta= 0.35032

     C   11    Vxx=    0.0633    axis=( -0.062048  0.339216  0.938660)
     C   11    Vyy=    0.3374    axis=( -0.284560 -0.907450  0.309128)
     C   11    Vzz=   -0.4007    axis=(  0.956648 -0.247924  0.152833)
     C   11  Q=         1.0000 1e-30 m^2  Cq=        -0.9414 MHz  eta= 0.68428

     Cl  12    Vxx=    0.8273    axis=( -0.686970  0.683102  0.247878)
     Cl  12    Vyy=    1.9006    axis=(  0.708779  0.705113  0.021164)
     Cl  12    Vzz=   -2.7279    axis=(  0.160325 -0.190230  0.968560)
     Cl  12  Q=        -8.1650 1e-30 m^2  Cq=        52.3332 MHz  eta= 0.39347

     H   13    Vxx=   -0.0871    axis=( -0.127804 -0.406663  0.904595)
     H   13    Vyy=   -0.2907    axis=( -0.977296  0.207046 -0.044997)
     H   13    Vzz=    0.3779    axis=( -0.168994 -0.889808 -0.423891)
     H   13  Q=         1.0000 1e-30 m^2  Cq=         0.8878 MHz  eta= 0.53894

     C   14    Vxx=   -0.1658    axis=(  0.646110 -0.738485  0.192824)
     C   14    Vyy=   -0.2604    axis=( -0.435385 -0.564113 -0.701581)
     C   14    Vzz=    0.4262    axis=( -0.626882 -0.369346  0.686005)
     C   14  Q=         1.0000 1e-30 m^2  Cq=         1.0013 MHz  eta= 0.22203

     H   15    Vxx=   -0.0236    axis=( -0.639242  0.537180  0.550279)
     H   15    Vyy=   -0.6088    axis=(  0.255239  0.823216 -0.507117)
     H   15    Vzz=    0.6324    axis=(  0.725412  0.183718  0.663344)
     H   15  Q=         1.0000 1e-30 m^2  Cq=         1.4858 MHz  eta= 0.92542

     C   16    Vxx=   -0.0653    axis=( -0.313053  0.639951  0.701756)
     C   16    Vyy=   -0.6243    axis=(  0.770236 -0.261214  0.581810)
     C   16    Vzz=    0.6896    axis=( -0.555638 -0.722655  0.411140)
     C   16  Q=         1.0000 1e-30 m^2  Cq=         1.6203 MHz  eta= 0.81068

     C   17    Vxx=   -0.1464    axis=(  0.328880 -0.597623  0.731221)
     C   17    Vyy=   -0.5254    axis=(  0.212864 -0.707456 -0.673940)
     C   17    Vzz=    0.6718    axis=( -0.920069 -0.377296  0.105456)
     C   17  Q=         1.0000 1e-30 m^2  Cq=         1.5784 MHz  eta= 0.56410

     Cl  18    Vxx=    0.9609    axis=(  0.126206 -0.974249  0.186843)
     Cl  18    Vyy=    2.0017    axis=(  0.973438  0.085358 -0.212446)
     Cl  18    Vzz=   -2.9626    axis=(  0.191026  0.208692  0.959144)
     Cl  18  Q=        -8.1650 1e-30 m^2  Cq=        56.8367 MHz  eta= 0.35132

     H   19    Vxx=   -0.0479    axis=(  0.945981  0.091302  0.311101)
     H   19    Vyy=   -0.4539    axis=(  0.322017 -0.152868 -0.934311)
     H   19    Vzz=    0.5018    axis=( -0.037747  0.984020 -0.174011)
     H   19  Q=         1.0000 1e-30 m^2  Cq=         1.1791 MHz  eta= 0.80908

     C   20    Vxx=   -0.0789    axis=(  0.993668  0.066418 -0.090627)
     C   20    Vyy=   -0.4769    axis=( -0.076725  0.990346 -0.115443)
     C   20    Vzz=    0.5558    axis=(  0.082084  0.121666  0.989171)
     C   20  Q=         1.0000 1e-30 m^2  Cq=         1.3059 MHz  eta= 0.71603

     H   21    Vxx=   -0.0086    axis=(  0.220811  0.958568 -0.179971)
     H   21    Vyy=   -0.5952    axis=(  0.118062 -0.209439 -0.970668)
     H   21    Vzz=    0.6038    axis=( -0.968145  0.193086 -0.159417)
     H   21  Q=         1.0000 1e-30 m^2  Cq=         1.4187 MHz  eta= 0.97148

     C   22    Vxx=   -0.0709    axis=(  0.117235 -0.946837 -0.299592)
     C   22    Vyy=   -0.6144    axis=(  0.970846  0.045757  0.235295)
     C   22    Vzz=    0.6853    axis=( -0.209078 -0.318443  0.924598)
     C   22  Q=         1.0000 1e-30 m^2  Cq=         1.6102 MHz  eta= 0.79302

     C   23    Vxx=   -0.0120    axis=(  0.911179  0.205571 -0.357063)
     C   23    Vyy=   -0.5687    axis=( -0.210882  0.977205  0.024462)
     C   23    Vzz=    0.5807    axis=(  0.353953  0.053009  0.933760)
     C   23  Q=         1.0000 1e-30 m^2  Cq=         1.3644 MHz  eta= 0.95867

     Cl  24    Vxx=    0.3915    axis=(  0.775249  0.630132  0.043860)
     Cl  24    Vyy=    2.3956    axis=(  0.170209 -0.141530 -0.975191)
     Cl  24    Vzz=   -2.7871    axis=( -0.608291  0.763481 -0.216976)
     Cl  24  Q=        -8.1650 1e-30 m^2  Cq=        53.4699 MHz  eta= 0.71907

     Initialization:
     gipaw_setup  :      9.05s CPU     10.74s WALL (       1 calls)

     Linear response

     Apply operators

     Induced current

     Other routines
     efg          :      9.46s CPU     12.22s WALL (       1 calls)

     General routines
     calbec       :      3.44s CPU      4.79s WALL (      16 calls)
     fft          :      1.66s CPU      2.57s WALL (      15 calls)
     ffts         :      0.04s CPU      0.04s WALL (       2 calls)
     fftw         :      3.27s CPU      3.86s WALL (     672 calls)
     davcio       :      0.04s CPU      0.32s WALL (      32 calls)

     Parallel routines
     fft_scatter  :      2.32s CPU      3.54s WALL (     689 calls)

     Plugins

     GIPAW        :     60.42s CPU     76.33s WALL (       1 calls)
