
     Program QE v.6.0 (svn rev. 13079) starts on 13Jan2017 at  6:30:53 

     This program is part of the open-source Quantum ESPRESSO suite
     for quantum simulation of materials; please cite
         "P. Giannozzi et al., J. Phys.:Condens. Matter 21 395502 (2009);
          URL http://www.quantum-espresso.org", 
     in publications or presentations arising from this work. More details at
     http://www.quantum-espresso.org/quote

     Parallel version (MPI), running on     8 processors
     R & G space division:  proc/nbgrp/npool/nimage =       8

     ***** This is GIPAW svn revision unknown      *****

     Parallelizing q-star over 1 images

     Reading data from directory:
     /users/majewski/paradichlorobenzene/pbe/9_constraint/scratch/pbe.ecut100.np8.dt60.pcl2phi-129368.save
     Message from routine read_xml_file:
     file /users/majewski/paradichlorobenzene/pbe/9_constraint/scratch/pbe.ecut100.np8.dt60.pcl2phi-129368.save not guaranteed to be safe for post-processing

   Info: using nr1, nr2, nr3 values from input

   Info: using nr1, nr2, nr3 values from input

     IMPORTANT: XC functional enforced from input :
     Exchange-correlation      =  SLA  PW   PBX  PBC ( 1  4  3  4 0 0)
     Any further DFT definition will be discarded
     Please, verify this is what you really want

               file C.pbe-n-kjpaw_psl.1.0.0.UPF: wavefunction(s)  2S 2P renormalized
               file Cl.pbe-n-kjpaw_psl.1.0.0.UPF: wavefunction(s)  3S 3P renormalized
               file H.pbe-kjpaw_psl.1.0.0.UPF: wavefunction(s)  1S renormalized

     Parallelization info
     --------------------
     sticks:   dense  smooth     PW     G-vecs:    dense   smooth      PW
     Min        3057    1223    332               144436    36536    5170
     Max        3059    1225    333               144437    36537    5171
     Sum       24467    9791   2657              1155489   292295   41363


     Subspace diagonalization in iterative solution of the eigenvalue problem:
     a serial algorithm will be used

     GIPAW projectors -----------------------------------------------
     atom=  C    l=0  rc=    1.2000  rs=    0.8000
     atom=  C    l=0  rc=    1.2000  rs=    0.8000
     atom=  C    l=1  rc=    1.4000  rs=    0.9333
     atom=  C    l=1  rc=    1.4000  rs=    0.9333
     projs nearly linearly dependent: l=1  n1,n2= 1, 2  s=  0.99951561

     atom=  Cl   l=0  rc=    1.6000  rs=    1.0667
     atom=  Cl   l=0  rc=    1.6000  rs=    1.0667
     atom=  Cl   l=1  rc=    1.6000  rs=    1.0667
     atom=  Cl   l=1  rc=    1.6000  rs=    1.0667
     atom=  Cl   l=2  rc=    1.6000  rs=    1.0667
     atom=  Cl   l=2  rc=    1.6000  rs=    1.0667
     projs nearly linearly dependent: l=2  n1,n2= 1, 2  s=  0.99993509

     atom=  H    l=0  rc=    1.0000  rs=    0.6667
     atom=  H    l=0  rc=    1.0000  rs=    0.6667
     projs nearly linearly dependent: l=0  n1,n2= 1, 2  s=  0.99968852
     -----------------------------------------------------------------

     GIPAW integrals: -------------------------------------------
     Atom  i/j   nmr_para   nmr_dia   epr_rmc  epr_para   epr_dia
       C   1 1   0.83E+03  0.17E-01  0.93E+01  0.24E+08  0.24E+03
       C   2 1   0.86E+03 -0.61E-01  0.94E+01  0.25E+08  0.25E+03
       C   2 2   0.90E+03 -0.15E+00  0.97E+01  0.26E+08  0.26E+03
       C   3 3   0.33E+01  0.34E+00  0.18E+01  0.55E+03  0.21E+02
       C   4 3   0.35E+01  0.37E+00  0.20E+01  0.59E+03  0.22E+02
       C   4 4   0.38E+01  0.39E+00  0.22E+01  0.63E+03  0.24E+02
       Cl  1 1   0.14E+04 -0.47E+00  0.84E+01  0.32E+09  0.42E+03
       Cl  2 1   0.21E+04 -0.37E+00  0.12E+02  0.49E+09  0.65E+03
       Cl  2 2   0.33E+04 -0.16E+00  0.21E+02  0.76E+09  0.10E+04
       Cl  3 3   0.21E+02  0.79E-01  0.89E+01  0.23E+05  0.13E+03
       Cl  4 3   0.24E+02  0.67E-01  0.99E+01  0.27E+05  0.15E+03
       Cl  4 4   0.28E+02  0.44E-01  0.11E+02  0.32E+05  0.18E+03
       Cl  5 5   0.77E+00  0.19E+00  0.18E+01  0.12E+03  0.22E+02
       Cl  6 5   0.80E+00  0.19E+00  0.19E+01  0.12E+03  0.23E+02
       Cl  6 6   0.83E+00  0.20E+00  0.19E+01  0.12E+03  0.23E+02
       H   1 1   0.39E+02  0.19E+00  0.29E+00  0.78E+05  0.13E+02
       H   2 1   0.41E+02  0.21E+00  0.32E+00  0.82E+05  0.14E+02
       H   2 2   0.43E+02  0.22E+00  0.36E+00  0.86E+05  0.15E+02
     ------------------------------------------------------------

     alpha_pv=     34.6695 eV

     Number of occupied bands for each k-point:
     k-point:     1    nbnd_occ=  42
     k-point:     2    nbnd_occ=  42
     k-point:     3    nbnd_occ=  42
     k-point:     4    nbnd_occ=  42
     k-point:     5    nbnd_occ=  42
     k-point:     6    nbnd_occ=  42
     k-point:     7    nbnd_occ=  42
     k-point:     8    nbnd_occ=  42
     k-point:     9    nbnd_occ=  42
     k-point:    10    nbnd_occ=  42
     k-point:    11    nbnd_occ=  42
     k-point:    12    nbnd_occ=  42
     k-point:    13    nbnd_occ=  42
     k-point:    14    nbnd_occ=  42
     k-point:    15    nbnd_occ=  42
     k-point:    16    nbnd_occ=  42


     q-space interpolation up to   110.00 Rydberg

     GIPAW job: efg                                                                             


     ELECTRIC FIELD GRADIENTS TENSORS IN Hartree/bohrradius^2:

     ----- bare term -----
     Cl   1        0.262359        0.079506       -0.238368
     Cl   1        0.079506        0.359495       -0.049425
     Cl   1       -0.238368       -0.049425       -0.621854

     C    2       -0.193876        0.254619       -0.178069
     C    2        0.254619       -0.348832       -0.451518
     C    2       -0.178069       -0.451518        0.542708

     C    3       -0.112374        0.456631       -0.337248
     C    3        0.456631       -0.306347       -0.356486
     C    3       -0.337248       -0.356486        0.418720

     H    4       -0.022954       -0.062293       -0.224499
     H    4       -0.062293        0.431976       -0.398284
     H    4       -0.224499       -0.398284       -0.409022

     C    5       -0.535939        0.273843       -0.414461
     C    5        0.273843        0.253622       -0.140560
     C    5       -0.414461       -0.140560        0.282317

     H    6       -0.050927        0.182078       -0.190146
     H    6        0.182078       -0.295267       -0.448897
     H    6       -0.190146       -0.448897        0.346194

     H    7        0.347274        0.264032        0.079336
     H    7        0.264032       -0.593355       -0.236875
     H    7        0.079336       -0.236875        0.246080

     C    8       -0.116602        0.036694       -0.160134
     C    8        0.036694       -0.099159        0.169020
     C    8       -0.160134        0.169020        0.215761

     H    9       -0.217495        0.334653        0.153328
     H    9        0.334653        0.003129       -0.156890
     H    9        0.153328       -0.156890        0.214365

     C   10       -0.071329       -0.040536        0.181259
     C   10       -0.040536       -0.077138       -0.150796
     C   10        0.181259       -0.150796        0.148467

     C   11       -0.114934       -0.002082       -0.267517
     C   11       -0.002082        0.033773        0.710045
     C   11       -0.267517        0.710045        0.081161

     Cl  12       -0.181808       -0.263542       -0.035520
     Cl  12       -0.263542        0.177448        0.079138
     Cl  12       -0.035520        0.079138        0.004360

     H   13        0.097817        0.327426       -0.083807
     H   13        0.327426       -0.452494       -0.150951
     H   13       -0.083807       -0.150951        0.354677

     C   14       -0.081967       -0.324010       -0.463803
     C   14       -0.324010       -0.090426       -0.492229
     C   14       -0.463803       -0.492229        0.172393

     H   15        0.045535       -0.001143       -0.228838
     H   15       -0.001143        0.087745       -0.517617
     H   15       -0.228838       -0.517617       -0.133281

     C   16       -0.554284        0.492214       -0.230894
     C   16        0.492214        0.063942       -0.154630
     C   16       -0.230894       -0.154630        0.490341

     C   17        0.210449        0.073731       -0.113333
     C   17        0.073731       -0.426777       -0.551356
     C   17       -0.113333       -0.551356        0.216328

     Cl  18        0.233910        0.044960       -0.233835
     Cl  18        0.044960       -0.088338       -0.612968
     Cl  18       -0.233835       -0.612968       -0.145572

     H   19        0.468930        0.233021        0.087923
     H   19        0.233021       -0.588378       -0.019098
     H   19        0.087923       -0.019098        0.119448

     C   20       -0.751682       -0.257297       -0.445356
     C   20       -0.257297        0.068365        0.060472
     C   20       -0.445356        0.060472        0.683317

     H   21       -0.432056        0.392507        0.192396
     H   21        0.392507        0.283071       -0.077424
     H   21        0.192396       -0.077424        0.148986

     C   22       -0.014959       -0.083688       -0.189398
     C   22       -0.083688       -0.521220        0.381312
     C   22       -0.189398        0.381312        0.536178

     C   23       -0.546992       -0.293321       -0.328007
     C   23       -0.293321        0.161911        0.218617
     C   23       -0.328007        0.218617        0.385081

     Cl  24       -0.053131        0.031719        0.030955
     Cl  24        0.031719       -0.026685       -0.090303
     Cl  24        0.030955       -0.090303        0.079816

     ----- ionic term -----
     Cl   1        0.195807       -0.209367        0.094127
     Cl   1       -0.209367       -0.061413       -0.042871
     Cl   1        0.094127       -0.042871       -0.134394

     C    2        0.142801       -0.174050        0.406865
     C    2       -0.174050        0.108065        0.364316
     C    2        0.406865        0.364316       -0.250866

     C    3        0.131286       -0.273329        0.287974
     C    3       -0.273329        0.184739        0.308251
     C    3        0.287974        0.308251       -0.316026

     H    4        0.260545        0.379549        0.723434
     H    4        0.379549       -0.289112        0.399118
     H    4        0.723434        0.399118        0.028566

     C    5        0.207311       -0.159588        0.378491
     C    5       -0.159588        0.082490        0.281755
     C    5        0.378491        0.281755       -0.289801

     H    6       -0.531186       -0.081534       -0.027772
     H    6       -0.081534        0.808385        0.607296
     H    6       -0.027772        0.607296       -0.277199

     H    7       -0.480548       -0.193764        0.055286
     H    7       -0.193764        0.937862       -0.415245
     H    7        0.055286       -0.415245       -0.457314

     C    8        0.423152        0.106955        0.055469
     C    8        0.106955        0.137713       -0.220749
     C    8        0.055469       -0.220749       -0.560865

     H    9        0.858377       -0.483038        0.199191
     H    9       -0.483038       -0.305168       -0.117540
     H    9        0.199191       -0.117540       -0.553209

     C   10        0.303525        0.144568        0.015261
     C   10        0.144568        0.253340       -0.261693
     C   10        0.015261       -0.261693       -0.556865

     C   11        0.339471        0.013810        0.137608
     C   11        0.013810        0.238299       -0.238729
     C   11        0.137608       -0.238729       -0.577770

     Cl  12        0.143405        0.191451        0.012900
     Cl  12        0.191451        0.023397        0.013181
     Cl  12        0.012900        0.013181       -0.166802

     H   13       -0.533071       -0.132812       -0.055731
     H   13       -0.132812        0.756189        0.642206
     H   13       -0.055731        0.642206       -0.223118

     C   14        0.201897       -0.208971        0.397149
     C   14       -0.208971        0.061319        0.292112
     C   14        0.397149        0.292112       -0.263217

     H   15        0.286728        0.205013        0.783500
     H   15        0.205013       -0.432792        0.290122
     H   15        0.783500        0.290122        0.146064

     C   16        0.157001       -0.382698        0.289056
     C   16       -0.382698        0.143500        0.289069
     C   16        0.289056        0.289069       -0.300501

     C   17        0.157566       -0.195809        0.342423
     C   17       -0.195809        0.115206        0.381589
     C   17        0.342423        0.381589       -0.272772

     Cl  18        0.194280       -0.168795        0.083150
     Cl  18       -0.168795       -0.053596       -0.036346
     Cl  18        0.083150       -0.036346       -0.140684

     H   19       -0.511833       -0.162281        0.055433
     H   19       -0.162281        0.938364       -0.439594
     H   19        0.055433       -0.439594       -0.426531

     C   20        0.397940        0.022703        0.096610
     C   20        0.022703        0.167263       -0.224533
     C   20        0.096610       -0.224533       -0.565203

     H   21        0.690271       -0.564682        0.363463
     H   21       -0.564682       -0.224415       -0.212398
     H   21        0.363463       -0.212398       -0.465857

     C   22        0.204325        0.109442        0.058580
     C   22        0.109442        0.313669       -0.293072
     C   22        0.058580       -0.293072       -0.517993

     C   23        0.251504        0.104621        0.035232
     C   23        0.104621        0.273471       -0.293200
     C   23        0.035232       -0.293200       -0.524974

     Cl  24        0.128893        0.224273       -0.046509
     Cl  24        0.224273        0.013097       -0.024989
     Cl  24       -0.046509       -0.024989       -0.141990

     ----- GIPAW term -----
     Cl   1        0.149211       -0.573377        0.194343
     Cl   1       -0.573377       -0.201742        0.014659
     Cl   1        0.194343        0.014659        0.052532

     C    2       -0.099727       -0.051834        0.012039
     C    2       -0.051834       -0.109344       -0.179738
     C    2        0.012039       -0.179738        0.209071

     C    3        0.033630        0.092048       -0.208722
     C    3        0.092048       -0.136712       -0.064303
     C    3       -0.208722       -0.064303        0.103083

     H    4       -0.000000        0.000000        0.000000
     H    4        0.000000        0.000000        0.000000
     H    4        0.000000        0.000000        0.000000

     C    5        0.035526        0.186537        0.077124
     C    5        0.186537        0.020464        0.092551
     C    5        0.077124        0.092551       -0.055990

     H    6       -0.000000        0.000000        0.000000
     H    6        0.000000        0.000000        0.000000
     H    6        0.000000        0.000000        0.000000

     H    7       -0.000000        0.000000        0.000000
     H    7        0.000000        0.000000        0.000000
     H    7        0.000000        0.000000        0.000000

     C    8       -0.047013       -0.009428       -0.021494
     C    8       -0.009428        0.021718        0.104190
     C    8       -0.021494        0.104190        0.025296

     H    9       -0.000000        0.000000        0.000000
     H    9        0.000000        0.000000        0.000000
     H    9        0.000000        0.000000        0.000000

     C   10        0.003863        0.014425        0.023460
     C   10        0.014425        0.006208       -0.028084
     C   10        0.023460       -0.028084       -0.010070

     C   11       -0.064299        0.021060       -0.075796
     C   11        0.021060        0.139182        0.242475
     C   11       -0.075796        0.242475       -0.074883

     Cl  12       -0.155771       -0.027262       -0.458593
     Cl  12       -0.027262        2.208427        0.886823
     Cl  12       -0.458593        0.886823       -2.052656

     H   13       -0.000000        0.000000        0.000000
     H   13        0.000000        0.000000        0.000000
     H   13        0.000000        0.000000        0.000000

     C   14        0.042114       -0.162888       -0.008334
     C   14       -0.162888        0.029518       -0.097792
     C   14       -0.008334       -0.097792       -0.071632

     H   15       -0.000000        0.000000        0.000000
     H   15        0.000000        0.000000        0.000000
     H   15        0.000000        0.000000        0.000000

     C   16       -0.019474       -0.086371       -0.043105
     C   16       -0.086371        0.064428        0.026578
     C   16       -0.043105        0.026578       -0.044954

     C   17       -0.050606       -0.008712        0.034162
     C   17       -0.008712        0.082596        0.139232
     C   17        0.034162        0.139232       -0.031990

     Cl  18        0.429977       -0.113568        0.085749
     Cl  18       -0.113568       -0.220542       -0.463266
     Cl  18        0.085749       -0.463266       -0.209435

     H   19       -0.000000        0.000000        0.000000
     H   19        0.000000        0.000000        0.000000
     H   19        0.000000        0.000000        0.000000

     C   20       -0.212965       -0.018037       -0.104700
     C   20       -0.018037       -0.060654       -0.107111
     C   20       -0.104700       -0.107111        0.273620

     H   21       -0.000000        0.000000        0.000000
     H   21        0.000000        0.000000        0.000000
     H   21        0.000000        0.000000        0.000000

     C   22       -0.083437        0.023920       -0.121988
     C   22        0.023920       -0.170055       -0.027852
     C   22       -0.121988       -0.027852        0.253492

     C   23       -0.076204        0.161336       -0.072835
     C   23        0.161336        0.175179       -0.038846
     C   23       -0.072835       -0.038846       -0.098976

     Cl  24       -0.239318        2.086065       -0.309252
     Cl  24        2.086065       -0.002998       -1.927278
     Cl  24       -0.309252       -1.927278        0.242316

     ----- total EFG -----
     Cl   1        0.607376       -0.703238        0.050101
     Cl   1       -0.703238        0.096340       -0.077637
     Cl   1        0.050101       -0.077637       -0.703716

     C    2       -0.150803        0.028735        0.240836
     C    2        0.028735       -0.350111       -0.266941
     C    2        0.240836       -0.266941        0.500913

     C    3        0.052542        0.275350       -0.257995
     C    3        0.275350       -0.258320       -0.112537
     C    3       -0.257995       -0.112537        0.205777

     H    4        0.237592        0.317256        0.498935
     H    4        0.317256        0.142864        0.000834
     H    4        0.498935        0.000834       -0.380456

     C    5       -0.293102        0.300792        0.041154
     C    5        0.300792        0.356577        0.233745
     C    5        0.041154        0.233745       -0.063474

     H    6       -0.582113        0.100545       -0.217918
     H    6        0.100545        0.513118        0.158399
     H    6       -0.217918        0.158399        0.068995

     H    7       -0.133274        0.070268        0.134623
     H    7        0.070268        0.344507       -0.652121
     H    7        0.134623       -0.652121       -0.211234

     C    8        0.259537        0.134221       -0.126160
     C    8        0.134221        0.060272        0.052461
     C    8       -0.126160        0.052461       -0.319808

     H    9        0.640882       -0.148386        0.352519
     H    9       -0.148386       -0.302038       -0.274430
     H    9        0.352519       -0.274430       -0.338844

     C   10        0.236059        0.118457        0.219980
     C   10        0.118457        0.182410       -0.440574
     C   10        0.219980       -0.440574       -0.418468

     C   11        0.160238        0.032789       -0.205705
     C   11        0.032789        0.411253        0.713791
     C   11       -0.205705        0.713791       -0.571491

     Cl  12       -0.194173       -0.099353       -0.481212
     Cl  12       -0.099353        2.409272        0.979142
     Cl  12       -0.481212        0.979142       -2.215099

     H   13       -0.435254        0.194614       -0.139538
     H   13        0.194614        0.303695        0.491256
     H   13       -0.139538        0.491256        0.131559

     C   14        0.162045       -0.695869       -0.074989
     C   14       -0.695869        0.000411       -0.297909
     C   14       -0.074989       -0.297909       -0.162455

     H   15        0.332263        0.203870        0.554663
     H   15        0.203870       -0.345047       -0.227495
     H   15        0.554663       -0.227495        0.012784

     C   16       -0.416757        0.023145        0.015056
     C   16        0.023145        0.271870        0.161017
     C   16        0.015056        0.161017        0.144887

     C   17        0.317409       -0.130790        0.263252
     C   17       -0.130790       -0.228976       -0.030535
     C   17        0.263252       -0.030535       -0.088433

     Cl  18        0.858166       -0.237403       -0.064937
     Cl  18       -0.237403       -0.362476       -1.112580
     Cl  18       -0.064937       -1.112580       -0.495690

     H   19       -0.042903        0.070739        0.143356
     H   19        0.070739        0.349986       -0.458692
     H   19        0.143356       -0.458692       -0.307083

     C   20       -0.566707       -0.252632       -0.453447
     C   20       -0.252632        0.174974       -0.271171
     C   20       -0.453447       -0.271171        0.391733

     H   21        0.258215       -0.172175        0.555858
     H   21       -0.172175        0.058656       -0.289822
     H   21        0.555858       -0.289822       -0.316871

     C   22        0.105929        0.049675       -0.252806
     C   22        0.049675       -0.377606        0.060388
     C   22       -0.252806        0.060388        0.271678

     C   23       -0.371692       -0.027363       -0.365610
     C   23       -0.027363        0.610561       -0.113429
     C   23       -0.365610       -0.113429       -0.238869

     Cl  24       -0.163556        2.342056       -0.324806
     Cl  24        2.342056       -0.016586       -2.042570
     Cl  24       -0.324806       -2.042570        0.180142

     ----- total EFG (symmetrized) -----
     Cl   1        0.607376       -0.703238        0.050101
     Cl   1       -0.703238        0.096340       -0.077637
     Cl   1        0.050101       -0.077637       -0.703716

     C    2       -0.150803        0.028735        0.240836
     C    2        0.028735       -0.350111       -0.266941
     C    2        0.240836       -0.266941        0.500913

     C    3        0.052542        0.275350       -0.257995
     C    3        0.275350       -0.258320       -0.112537
     C    3       -0.257995       -0.112537        0.205777

     H    4        0.237592        0.317256        0.498935
     H    4        0.317256        0.142864        0.000834
     H    4        0.498935        0.000834       -0.380456

     C    5       -0.293102        0.300792        0.041154
     C    5        0.300792        0.356577        0.233745
     C    5        0.041154        0.233745       -0.063474

     H    6       -0.582113        0.100545       -0.217918
     H    6        0.100545        0.513118        0.158399
     H    6       -0.217918        0.158399        0.068995

     H    7       -0.133274        0.070268        0.134623
     H    7        0.070268        0.344507       -0.652121
     H    7        0.134623       -0.652121       -0.211234

     C    8        0.259537        0.134221       -0.126160
     C    8        0.134221        0.060272        0.052461
     C    8       -0.126160        0.052461       -0.319808

     H    9        0.640882       -0.148386        0.352519
     H    9       -0.148386       -0.302038       -0.274430
     H    9        0.352519       -0.274430       -0.338844

     C   10        0.236059        0.118457        0.219980
     C   10        0.118457        0.182410       -0.440574
     C   10        0.219980       -0.440574       -0.418468

     C   11        0.160238        0.032789       -0.205705
     C   11        0.032789        0.411253        0.713791
     C   11       -0.205705        0.713791       -0.571491

     Cl  12       -0.194173       -0.099353       -0.481212
     Cl  12       -0.099353        2.409272        0.979142
     Cl  12       -0.481212        0.979142       -2.215099

     H   13       -0.435254        0.194614       -0.139538
     H   13        0.194614        0.303695        0.491256
     H   13       -0.139538        0.491256        0.131559

     C   14        0.162045       -0.695869       -0.074989
     C   14       -0.695869        0.000411       -0.297909
     C   14       -0.074989       -0.297909       -0.162455

     H   15        0.332263        0.203870        0.554663
     H   15        0.203870       -0.345047       -0.227495
     H   15        0.554663       -0.227495        0.012784

     C   16       -0.416757        0.023145        0.015056
     C   16        0.023145        0.271870        0.161017
     C   16        0.015056        0.161017        0.144887

     C   17        0.317409       -0.130790        0.263252
     C   17       -0.130790       -0.228976       -0.030535
     C   17        0.263252       -0.030535       -0.088433

     Cl  18        0.858166       -0.237403       -0.064937
     Cl  18       -0.237403       -0.362476       -1.112580
     Cl  18       -0.064937       -1.112580       -0.495690

     H   19       -0.042903        0.070739        0.143356
     H   19        0.070739        0.349986       -0.458692
     H   19        0.143356       -0.458692       -0.307083

     C   20       -0.566707       -0.252632       -0.453447
     C   20       -0.252632        0.174974       -0.271171
     C   20       -0.453447       -0.271171        0.391733

     H   21        0.258215       -0.172175        0.555858
     H   21       -0.172175        0.058656       -0.289822
     H   21        0.555858       -0.289822       -0.316871

     C   22        0.105929        0.049675       -0.252806
     C   22        0.049675       -0.377606        0.060388
     C   22       -0.252806        0.060388        0.271678

     C   23       -0.371692       -0.027363       -0.365610
     C   23       -0.027363        0.610561       -0.113429
     C   23       -0.365610       -0.113429       -0.238869

     Cl  24       -0.163556        2.342056       -0.324806
     Cl  24        2.342056       -0.016586       -2.042570
     Cl  24       -0.324806       -2.042570        0.180142


     NQR/NMR SPECTROSCOPIC PARAMETERS:
     Cl   1    Vxx=   -0.3925    axis=(  0.575482  0.810445 -0.109540)
     Cl   1    Vyy=   -0.7116    axis=( -0.024543 -0.116767 -0.992856)
     Cl   1    Vzz=    1.1041    axis=( -0.817446  0.574059 -0.047307)
     Cl   1  Q=        -8.1650 1e-30 m^2  Cq=       -21.1822 MHz  eta= 0.28899

     C    2    Vxx=   -0.1806    axis=(  0.900506  0.404413 -0.159811)
     C    2    Vyy=   -0.4608    axis=( -0.337578  0.881817  0.329303)
     C    2    Vzz=    0.6414    axis=(  0.274099 -0.242590  0.930602)
     C    2  Q=         1.0000 1e-30 m^2  Cq=         1.5071 MHz  eta= 0.43677

     C    3    Vxx=   -0.0685    axis=(  0.573370  0.411708  0.708338)
     C    3    Vyy=   -0.4212    axis=( -0.527693  0.846936 -0.065120)
     C    3    Vzz=    0.4897    axis=( -0.626727 -0.336447  0.702863)
     C    3  Q=         1.0000 1e-30 m^2  Cq=         1.1506 MHz  eta= 0.72036

     H    4    Vxx=    0.0216    axis=(  0.325946 -0.855312  0.402741)
     H    4    Vyy=    0.6675    axis=(  0.792113  0.479623  0.377517)
     H    4    Vzz=   -0.6890    axis=( -0.516058  0.195966  0.833835)
     H    4  Q=         1.0000 1e-30 m^2  Cq=        -1.6190 MHz  eta= 0.93739

     C    5    Vxx=   -0.1429    axis=( -0.277615 -0.264957  0.923433)
     C    5    Vyy=   -0.4185    axis=(  0.903691 -0.398195  0.157427)
     C    5    Vzz=    0.5614    axis=(  0.325995  0.878202  0.349984)
     C    5  Q=         1.0000 1e-30 m^2  Cq=         1.3190 MHz  eta= 0.49085

     H    6    Vxx=    0.1011    axis=( -0.328336 -0.268083  0.905719)
     H    6    Vyy=    0.5646    axis=(  0.028102  0.955681  0.293058)
     H    6    Vzz=   -0.6658    axis=( -0.944143  0.121674 -0.306251)
     H    6  Q=         1.0000 1e-30 m^2  Cq=        -1.5643 MHz  eta= 0.69626

     H    7    Vxx=   -0.0921    axis=(  0.964165  0.160432  0.211299)
     H    7    Vyy=   -0.6837    axis=( -0.264727  0.529327  0.806060)
     H    7    Vzz=    0.7758    axis=(  0.017471 -0.833111  0.552830)
     H    7  Q=         1.0000 1e-30 m^2  Cq=         1.8227 MHz  eta= 0.76261

     C    8    Vxx=    0.0219    axis=(  0.360743 -0.892661 -0.270224)
     C    8    Vyy=    0.3397    axis=( -0.902513 -0.407183  0.140256)
     C    8    Vzz=   -0.3616    axis=(  0.235232 -0.193285  0.952527)
     C    8  Q=         1.0000 1e-30 m^2  Cq=        -0.8496 MHz  eta= 0.87881

     H    9    Vxx=   -0.1834    axis=(  0.364057  0.766964 -0.528420)
     H    9    Vyy=   -0.6188    axis=( -0.146886  0.607534  0.780594)
     H    9    Vzz=    0.8022    axis=(  0.919721 -0.206563  0.333833)
     H    9  Q=         1.0000 1e-30 m^2  Cq=         1.8848 MHz  eta= 0.54274

     C   10    Vxx=    0.3015    axis=(  0.967167  0.103811  0.231973)
     C   10    Vyy=    0.4153    axis=(  0.016169  0.885785 -0.463814)
     C   10    Vzz=   -0.7168    axis=( -0.253627  0.452336  0.855024)
     C   10  Q=         1.0000 1e-30 m^2  Cq=        -1.6842 MHz  eta= 0.15866

     C   11    Vxx=    0.1872    axis=(  0.979323  0.175765 -0.100167)
     C   11    Vyy=    0.7937    axis=(  0.108471 -0.874152 -0.473385)
     C   11    Vzz=   -0.9809    axis=( -0.170766  0.452731 -0.875142)
     C   11  Q=         1.0000 1e-30 m^2  Cq=        -2.3047 MHz  eta= 0.61838

     Cl  12    Vxx=   -0.1189    axis=(  0.978806  0.106266 -0.175061)
     Cl  12    Vyy=   -2.5026    axis=( -0.192666  0.188084 -0.963070)
     Cl  12    Vzz=    2.6215    axis=( -0.069415  0.976387  0.204571)
     Cl  12  Q=        -8.1650 1e-30 m^2  Cq=       -50.2918 MHz  eta= 0.90929

     H   13    Vxx=   -0.1151    axis=(  0.581313  0.490961 -0.648870)
     H   13    Vyy=   -0.6044    axis=( -0.811903  0.402661 -0.422703)
     H   13    Vzz=    0.7196    axis=( -0.053744 -0.772542 -0.632685)
     H   13  Q=         1.0000 1e-30 m^2  Cq=         1.6907 MHz  eta= 0.67998

     C   14    Vxx=   -0.0551    axis=( -0.398697 -0.220361  0.890215)
     C   14    Vyy=   -0.7487    axis=(  0.570472  0.700445  0.428881)
     C   14    Vzz=    0.8039    axis=( -0.718055  0.678836 -0.153556)
     C   14  Q=         1.0000 1e-30 m^2  Cq=         1.8888 MHz  eta= 0.86285

     H   15    Vxx=   -0.0695    axis=(  0.385321  0.740118 -0.551138)
     H   15    Vyy=   -0.6809    axis=( -0.455069  0.671987  0.584248)
     H   15    Vzz=    0.7504    axis=( -0.802770 -0.025683 -0.595735)
     H   15  Q=         1.0000 1e-30 m^2  Cq=         1.7631 MHz  eta= 0.81476

     C   16    Vxx=    0.0353    axis=( -0.001267 -0.562575  0.826745)
     C   16    Vyy=    0.3824    axis=(  0.034521  0.826229  0.562276)
     C   16    Vzz=   -0.4177    axis=( -0.999403  0.029253  0.018374)
     C   16  Q=         1.0000 1e-30 m^2  Cq=        -0.9815 MHz  eta= 0.83100

     C   17    Vxx=   -0.2010    axis=( -0.295834  0.484473  0.823267)
     C   17    Vyy=   -0.2704    axis=( -0.358089 -0.855241  0.374612)
     C   17    Vzz=    0.4714    axis=(  0.885581 -0.183980  0.426494)
     C   17  Q=         1.0000 1e-30 m^2  Cq=         1.1075 MHz  eta= 0.14716

     Cl  18    Vxx=    0.6215    axis=(  0.446101  0.621048 -0.644432)
     Cl  18    Vyy=    0.9405    axis=( -0.890771  0.377877 -0.252461)
     Cl  18    Vzz=   -1.5619    axis=(  0.086726  0.686665  0.721783)
     Cl  18  Q=        -8.1650 1e-30 m^2  Cq=        29.9650 MHz  eta= 0.20423

     H   19    Vxx=    0.0038    axis=(  0.959794  0.132077  0.247693)
     H   19    Vyy=    0.5857    axis=( -0.004282  0.889178 -0.457541)
     H   19    Vzz=   -0.5895    axis=( -0.280673  0.438085  0.853993)
     H   19  Q=         1.0000 1e-30 m^2  Cq=        -1.3851 MHz  eta= 0.98702

     C   20    Vxx=    0.2198    axis=(  0.424563 -0.869661 -0.251864)
     C   20    Vyy=    0.6380    axis=(  0.254452  0.381578 -0.888624)
     C   20    Vzz=   -0.8578    axis=(  0.868907  0.313190  0.383291)
     C   20  Q=         1.0000 1e-30 m^2  Cq=        -2.0155 MHz  eta= 0.48758

     H   21    Vxx=   -0.0400    axis=(  0.470388  0.882212  0.020893)
     H   21    Vyy=   -0.6918    axis=( -0.461209  0.225590  0.858135)
     H   21    Vzz=    0.7318    axis=(  0.752344 -0.413292  0.512999)
     H   21  Q=         1.0000 1e-30 m^2  Cq=         1.7195 MHz  eta= 0.89066

     C   22    Vxx=   -0.0593    axis=( -0.793108 -0.230714 -0.563694)
     C   22    Vyy=   -0.3960    axis=(  0.173695 -0.972725  0.153740)
     C   22    Vzz=    0.4553    axis=( -0.583789  0.024022  0.811550)
     C   22  Q=         1.0000 1e-30 m^2  Cq=         1.0698 MHz  eta= 0.73952

     C   23    Vxx=    0.0577    axis=( -0.647896  0.122202  0.751863)
     C   23    Vyy=    0.6259    axis=(  0.024176  0.989849 -0.140050)
     C   23    Vzz=   -0.6837    axis=( -0.761345 -0.072561 -0.644273)
     C   23  Q=         1.0000 1e-30 m^2  Cq=        -1.6064 MHz  eta= 0.83107

     Cl  24    Vxx=   -0.2888    axis=(  0.651031  0.070002  0.755816)
     Cl  24    Vyy=   -2.9749    axis=( -0.554987  0.723198  0.411064)
     Cl  24    Vzz=    3.2637    axis=( -0.517830 -0.687084  0.509675)
     Cl  24  Q=        -8.1650 1e-30 m^2  Cq=       -62.6124 MHz  eta= 0.82302

     Initialization:
     gipaw_setup  :      9.02s CPU     11.07s WALL (       1 calls)

     Linear response

     Apply operators

     Induced current

     Other routines
     efg          :      9.82s CPU     13.42s WALL (       1 calls)

     General routines
     calbec       :      3.52s CPU      4.99s WALL (      16 calls)
     fft          :      1.32s CPU      1.85s WALL (      15 calls)
     ffts         :      0.05s CPU      0.06s WALL (       2 calls)
     fftw         :      3.66s CPU      4.90s WALL (     672 calls)
     davcio       :      0.03s CPU      0.32s WALL (      32 calls)

     Parallel routines
     fft_scatter  :      2.42s CPU      3.82s WALL (     689 calls)

     Plugins

     GIPAW        :     65.13s CPU     82.70s WALL (       1 calls)
