
     Program QE v.6.0 (svn rev. 13079) starts on  6Jan2017 at 17:38:48 

     This program is part of the open-source Quantum ESPRESSO suite
     for quantum simulation of materials; please cite
         "P. Giannozzi et al., J. Phys.:Condens. Matter 21 395502 (2009);
          URL http://www.quantum-espresso.org", 
     in publications or presentations arising from this work. More details at
     http://www.quantum-espresso.org/quote

     Parallel version (MPI), running on     8 processors
     R & G space division:  proc/nbgrp/npool/nimage =       8

     ***** This is GIPAW svn revision unknown      *****

     Parallelizing q-star over 1 images

     Reading data from directory:
     /users/majewski/paradichlorobenzene/pbe/9_constraint/scratch/pbe.ecut100.np8.dt60.pcl2phi-129368.save
     Message from routine read_xml_file:
     file /users/majewski/paradichlorobenzene/pbe/9_constraint/scratch/pbe.ecut100.np8.dt60.pcl2phi-129368.save not guaranteed to be safe for post-processing

   Info: using nr1, nr2, nr3 values from input

   Info: using nr1, nr2, nr3 values from input

     IMPORTANT: XC functional enforced from input :
     Exchange-correlation      =  SLA  PW   PBX  PBC ( 1  4  3  4 0 0)
     Any further DFT definition will be discarded
     Please, verify this is what you really want

               file C.pbe-n-kjpaw_psl.1.0.0.UPF: wavefunction(s)  2S 2P renormalized
               file Cl.pbe-n-kjpaw_psl.1.0.0.UPF: wavefunction(s)  3S 3P renormalized
               file H.pbe-kjpaw_psl.1.0.0.UPF: wavefunction(s)  1S renormalized

     Parallelization info
     --------------------
     sticks:   dense  smooth     PW     G-vecs:    dense   smooth      PW
     Min        3057    1223    332               144436    36536    5170
     Max        3059    1225    333               144437    36537    5171
     Sum       24467    9791   2657              1155489   292295   41363


     Subspace diagonalization in iterative solution of the eigenvalue problem:
     a serial algorithm will be used

     GIPAW projectors -----------------------------------------------
     atom=  C    l=0  rc=    1.2000  rs=    0.8000
     atom=  C    l=0  rc=    1.2000  rs=    0.8000
     atom=  C    l=1  rc=    1.4000  rs=    0.9333
     atom=  C    l=1  rc=    1.4000  rs=    0.9333
     projs nearly linearly dependent: l=1  n1,n2= 1, 2  s=  0.99951561

     atom=  Cl   l=0  rc=    1.6000  rs=    1.0667
     atom=  Cl   l=0  rc=    1.6000  rs=    1.0667
     atom=  Cl   l=1  rc=    1.6000  rs=    1.0667
     atom=  Cl   l=1  rc=    1.6000  rs=    1.0667
     atom=  Cl   l=2  rc=    1.6000  rs=    1.0667
     atom=  Cl   l=2  rc=    1.6000  rs=    1.0667
     projs nearly linearly dependent: l=2  n1,n2= 1, 2  s=  0.99993509

     atom=  H    l=0  rc=    1.0000  rs=    0.6667
     atom=  H    l=0  rc=    1.0000  rs=    0.6667
     projs nearly linearly dependent: l=0  n1,n2= 1, 2  s=  0.99968852
     -----------------------------------------------------------------

     GIPAW integrals: -------------------------------------------
     Atom  i/j   nmr_para   nmr_dia   epr_rmc  epr_para   epr_dia
       C   1 1   0.83E+03  0.17E-01  0.93E+01  0.24E+08  0.24E+03
       C   2 1   0.86E+03 -0.61E-01  0.94E+01  0.25E+08  0.25E+03
       C   2 2   0.90E+03 -0.15E+00  0.97E+01  0.26E+08  0.26E+03
       C   3 3   0.33E+01  0.34E+00  0.18E+01  0.55E+03  0.21E+02
       C   4 3   0.35E+01  0.37E+00  0.20E+01  0.59E+03  0.22E+02
       C   4 4   0.38E+01  0.39E+00  0.22E+01  0.63E+03  0.24E+02
       Cl  1 1   0.14E+04 -0.47E+00  0.84E+01  0.32E+09  0.42E+03
       Cl  2 1   0.21E+04 -0.37E+00  0.12E+02  0.49E+09  0.65E+03
       Cl  2 2   0.33E+04 -0.16E+00  0.21E+02  0.76E+09  0.10E+04
       Cl  3 3   0.21E+02  0.79E-01  0.89E+01  0.23E+05  0.13E+03
       Cl  4 3   0.24E+02  0.67E-01  0.99E+01  0.27E+05  0.15E+03
       Cl  4 4   0.28E+02  0.44E-01  0.11E+02  0.32E+05  0.18E+03
       Cl  5 5   0.77E+00  0.19E+00  0.18E+01  0.12E+03  0.22E+02
       Cl  6 5   0.80E+00  0.19E+00  0.19E+01  0.12E+03  0.23E+02
       Cl  6 6   0.83E+00  0.20E+00  0.19E+01  0.12E+03  0.23E+02
       H   1 1   0.39E+02  0.19E+00  0.29E+00  0.78E+05  0.13E+02
       H   2 1   0.41E+02  0.21E+00  0.32E+00  0.82E+05  0.14E+02
       H   2 2   0.43E+02  0.22E+00  0.36E+00  0.86E+05  0.15E+02
     ------------------------------------------------------------

     alpha_pv=     34.4336 eV

     Number of occupied bands for each k-point:
     k-point:     1    nbnd_occ=  42
     k-point:     2    nbnd_occ=  42
     k-point:     3    nbnd_occ=  42
     k-point:     4    nbnd_occ=  42
     k-point:     5    nbnd_occ=  42
     k-point:     6    nbnd_occ=  42
     k-point:     7    nbnd_occ=  42
     k-point:     8    nbnd_occ=  42
     k-point:     9    nbnd_occ=  42
     k-point:    10    nbnd_occ=  42
     k-point:    11    nbnd_occ=  42
     k-point:    12    nbnd_occ=  42
     k-point:    13    nbnd_occ=  42
     k-point:    14    nbnd_occ=  42
     k-point:    15    nbnd_occ=  42
     k-point:    16    nbnd_occ=  42


     q-space interpolation up to   110.00 Rydberg

     GIPAW job: efg                                                                             


     ELECTRIC FIELD GRADIENTS TENSORS IN Hartree/bohrradius^2:

     ----- bare term -----
     Cl   1       -0.136307        0.119552        0.083687
     Cl   1        0.119552       -0.058745       -0.086151
     Cl   1        0.083687       -0.086151        0.195052

     C    2       -0.006756       -0.023368       -0.561799
     C    2       -0.023368       -0.093764       -0.497468
     C    2       -0.561799       -0.497468        0.100521

     C    3        0.008094        0.517709       -0.187446
     C    3        0.517709       -0.344239       -0.521961
     C    3       -0.187446       -0.521961        0.336145

     H    4       -0.398607       -0.173833       -0.537465
     H    4       -0.173833        0.293067       -0.164433
     H    4       -0.537465       -0.164433        0.105540

     C    5       -0.257585        0.153737       -0.508360
     C    5        0.153737       -0.061294       -0.422481
     C    5       -0.508360       -0.422481        0.318879

     H    6        0.261131        0.083393        0.117531
     H    6        0.083393       -0.311905       -0.541484
     H    6        0.117531       -0.541484        0.050774

     H    7        0.292678        0.340144        0.078087
     H    7        0.340144       -0.580921        0.189233
     H    7        0.078087        0.189233        0.288242

     C    8       -0.457431       -0.055479       -0.341090
     C    8       -0.055479       -0.046969        0.464196
     C    8       -0.341090        0.464196        0.504400

     H    9       -0.486092        0.338269       -0.223099
     H    9        0.338269        0.336938        0.091937
     H    9       -0.223099        0.091937        0.149154

     C   10       -0.156065       -0.409195        0.002749
     C   10       -0.409195       -0.401529        0.531526
     C   10        0.002749        0.531526        0.557594

     C   11       -0.119891       -0.036113       -0.480630
     C   11       -0.036113       -0.186814        0.522093
     C   11       -0.480630        0.522093        0.306705

     Cl  12       -0.169476       -0.108966       -0.109645
     Cl  12       -0.108966       -0.128333        0.024692
     Cl  12       -0.109645        0.024692        0.297809

     H   13        0.318422       -0.403647        0.142409
     H   13       -0.403647       -0.616525        0.061163
     H   13        0.142409        0.061163        0.298103

     C   14       -0.188122        0.339267       -0.298387
     C   14        0.339267       -0.213882       -0.313560
     C   14       -0.298387       -0.313560        0.402005

     H   15       -0.650231       -0.316826        0.086299
     H   15       -0.316826        0.403142       -0.062394
     H   15        0.086299       -0.062394        0.247089

     C   16       -0.084117        0.118279       -0.319857
     C   16        0.118279       -0.279583       -0.426312
     C   16       -0.319857       -0.426312        0.363700

     C   17       -0.134213        0.325189       -0.315114
     C   17        0.325189       -0.216219       -0.465113
     C   17       -0.315114       -0.465113        0.350432

     Cl  18       -0.042435        0.022380        0.032618
     Cl  18        0.022380       -0.010686        0.070264
     Cl  18        0.032618        0.070264        0.053121

     H   19        0.431350        0.213665        0.040937
     H   19        0.213665       -0.638397        0.127310
     H   19        0.040937        0.127310        0.207047

     C   20       -0.348727       -0.353810       -0.426431
     C   20       -0.353810       -0.186427        0.267687
     C   20       -0.426431        0.267687        0.535154

     H   21       -0.584551        0.364676       -0.153990
     H   21        0.364676        0.319034        0.083783
     H   21       -0.153990        0.083783        0.265517

     C   22       -0.185633       -0.241331       -0.347905
     C   22       -0.241331       -0.240266        0.510086
     C   22       -0.347905        0.510086        0.425899

     C   23       -0.190236       -0.253656       -0.260315
     C   23       -0.253656       -0.172651        0.428031
     C   23       -0.260315        0.428031        0.362887

     Cl  24        0.106741        0.081812        0.027811
     Cl  24        0.081812       -0.029283       -0.006609
     Cl  24        0.027811       -0.006609       -0.077457

     ----- ionic term -----
     Cl   1        0.168409       -0.196584       -0.037307
     Cl   1       -0.196584       -0.034190        0.028090
     Cl   1       -0.037307        0.028090       -0.134219

     C    2        0.287562       -0.057566        0.193795
     C    2       -0.057566        0.085363        0.468139
     C    2        0.193795        0.468139       -0.372926

     C    3        0.142935       -0.206007        0.163151
     C    3       -0.206007        0.189396        0.424469
     C    3        0.163151        0.424469       -0.332331

     H    4        0.681286        0.315312        0.636889
     H    4        0.315312       -0.438314        0.241335
     H    4        0.636889        0.241335       -0.242971

     C    5        0.258733       -0.209338        0.245326
     C    5       -0.209338        0.090080        0.293190
     C    5        0.245326        0.293190       -0.348813

     H    6       -0.517963        0.066902        0.067018
     H    6        0.066902        0.738296        0.654330
     H    6        0.067018        0.654330       -0.220333

     H    7       -0.454801       -0.274702        0.145726
     H    7       -0.274702        0.693121       -0.626651
     H    7        0.145726       -0.626651       -0.238320

     C    8        0.340983        0.121985        0.255746
     C    8        0.121985        0.126769       -0.263302
     C    8        0.255746       -0.263302       -0.467752

     H    9        0.744223       -0.332925        0.574433
     H    9       -0.332925       -0.356046       -0.212492
     H    9        0.574433       -0.212492       -0.388177

     C   10        0.166078        0.241965        0.180106
     C   10        0.241965        0.356486       -0.310551
     C   10        0.180106       -0.310551       -0.522565

     C   11        0.239170        0.169576        0.305882
     C   11        0.169576        0.240676       -0.286338
     C   11        0.305882       -0.286338       -0.479846

     Cl  12        0.158818        0.218433        0.052014
     Cl  12        0.218433        0.009179        0.024721
     Cl  12        0.052014        0.024721       -0.167997

     H   13       -0.509890        0.153477        0.036681
     H   13        0.153477        0.800962        0.596996
     H   13        0.036681        0.596996       -0.291072

     C   14        0.321861       -0.073094        0.220435
     C   14       -0.073094        0.123324        0.300271
     C   14        0.220435        0.300271       -0.445184

     H   15        0.680681        0.287381        0.622877
     H   15        0.287381       -0.437655        0.209683
     H   15        0.622877        0.209683       -0.243026

     C   16        0.143446       -0.198236        0.172294
     C   16       -0.198236        0.279894        0.352574
     C   16        0.172294        0.352574       -0.423340

     C   17        0.133283       -0.223466        0.260187
     C   17       -0.223466        0.291097        0.359706
     C   17        0.260187        0.359706       -0.424380

     Cl  18        0.103418       -0.242697       -0.001091
     Cl  18       -0.242697        0.082954        0.003887
     Cl  18       -0.001091        0.003887       -0.186372

     H   19       -0.515231       -0.014238        0.027034
     H   19       -0.014238        0.777002       -0.623103
     H   19        0.027034       -0.623103       -0.261772

     C   20        0.339898        0.239022        0.271132
     C   20        0.239022        0.111666       -0.254998
     C   20        0.271132       -0.254998       -0.451564

     H   21        0.666473       -0.326917        0.620242
     H   21       -0.326917       -0.393483       -0.233336
     H   21        0.620242       -0.233336       -0.272990

     C   22        0.218229        0.275959        0.197009
     C   22        0.275959        0.235823       -0.312426
     C   22        0.197009       -0.312426       -0.454053

     C   23        0.300073        0.151622        0.227685
     C   23        0.151622        0.154650       -0.315111
     C   23        0.227685       -0.315111       -0.454723

     Cl  24        0.164770        0.208773        0.010767
     Cl  24        0.208773       -0.002591        0.005516
     Cl  24        0.010767        0.005516       -0.162179

     ----- GIPAW term -----
     Cl   1        0.658778       -1.899444        0.663216
     Cl   1       -1.899444       -0.368642       -0.701640
     Cl   1        0.663216       -0.701640       -0.290137

     C    2        0.197406       -0.038792       -0.153720
     C    2       -0.038792       -0.054233       -0.091452
     C    2       -0.153720       -0.091452       -0.143173

     C    3        0.069490        0.169602       -0.080053
     C    3        0.169602       -0.065087       -0.105585
     C    3       -0.080053       -0.105585       -0.004403

     H    4       -0.000000        0.000000        0.000000
     H    4        0.000000        0.000000        0.000000
     H    4        0.000000        0.000000        0.000000

     C    5        0.028627        0.059125       -0.195365
     C    5        0.059125       -0.095911       -0.118684
     C    5       -0.195365       -0.118684        0.067284

     H    6       -0.000000        0.000000        0.000000
     H    6        0.000000        0.000000        0.000000
     H    6        0.000000        0.000000        0.000000

     H    7       -0.000000        0.000000        0.000000
     H    7        0.000000        0.000000        0.000000
     H    7        0.000000        0.000000        0.000000

     C    8       -0.129692        0.020731       -0.014469
     C    8        0.020731       -0.036294        0.187566
     C    8       -0.014469        0.187566        0.165986

     H    9       -0.000000        0.000000        0.000000
     H    9        0.000000        0.000000        0.000000
     H    9        0.000000        0.000000        0.000000

     C   10       -0.047147       -0.035180        0.092964
     C   10       -0.035180       -0.111747        0.121292
     C   10        0.092964        0.121292        0.158895

     C   11        0.046985        0.089977       -0.150872
     C   11        0.089977       -0.053743        0.125512
     C   11       -0.150872        0.125512        0.006759

     Cl  12       -0.200262        1.484193       -1.085372
     Cl  12        1.484193       -1.230995        0.286423
     Cl  12       -1.085372        0.286423        1.431257

     H   13       -0.000000        0.000000        0.000000
     H   13        0.000000        0.000000        0.000000
     H   13        0.000000        0.000000        0.000000

     C   14        0.005196        0.141815       -0.160539
     C   14        0.141815       -0.071931       -0.151756
     C   14       -0.160539       -0.151756        0.066735

     H   15       -0.000000        0.000000        0.000000
     H   15        0.000000        0.000000        0.000000
     H   15        0.000000        0.000000        0.000000

     C   16       -0.010818        0.054571       -0.208434
     C   16        0.054571       -0.106524       -0.114805
     C   16       -0.208434       -0.114805        0.117342

     C   17        0.143040       -0.016611       -0.157754
     C   17       -0.016611       -0.106346       -0.082420
     C   17       -0.157754       -0.082420       -0.036694

     Cl  18        1.036103       -2.020974        0.230805
     Cl  18       -2.020974        0.028305        0.567266
     Cl  18        0.230805        0.567266       -1.064409

     H   19       -0.000000        0.000000        0.000000
     H   19        0.000000        0.000000        0.000000
     H   19        0.000000        0.000000        0.000000

     C   20       -0.011767       -0.083859       -0.198664
     C   20       -0.083859       -0.127786        0.068589
     C   20       -0.198664        0.068589        0.139553

     H   21       -0.000000        0.000000        0.000000
     H   21        0.000000        0.000000        0.000000
     H   21        0.000000        0.000000        0.000000

     C   22       -0.041982       -0.061634       -0.162976
     C   22       -0.061634       -0.060607        0.124071
     C   22       -0.162976        0.124071        0.102589

     C   23        0.108600        0.117988       -0.047011
     C   23        0.117988       -0.044758        0.058532
     C   23       -0.047011        0.058532       -0.063842

     Cl  24        2.175584        2.588298        0.297726
     Cl  24        2.588298       -0.242752        0.008444
     Cl  24        0.297726        0.008444       -1.932832

     ----- total EFG -----
     Cl   1        0.690881       -1.976476        0.709597
     Cl   1       -1.976476       -0.461577       -0.759701
     Cl   1        0.709597       -0.759701       -0.229304

     C    2        0.478212       -0.119726       -0.521724
     C    2       -0.119726       -0.062634       -0.120781
     C    2       -0.521724       -0.120781       -0.415578

     C    3        0.220519        0.481304       -0.104348
     C    3        0.481304       -0.219930       -0.203077
     C    3       -0.104348       -0.203077       -0.000589

     H    4        0.282679        0.141479        0.099423
     H    4        0.141479       -0.145248        0.076902
     H    4        0.099423        0.076902       -0.137431

     C    5        0.029774        0.003525       -0.458399
     C    5        0.003525       -0.067125       -0.247975
     C    5       -0.458399       -0.247975        0.037350

     H    6       -0.256832        0.150295        0.184549
     H    6        0.150295        0.426391        0.112846
     H    6        0.184549        0.112846       -0.169559

     H    7       -0.162123        0.065442        0.223813
     H    7        0.065442        0.112201       -0.437418
     H    7        0.223813       -0.437418        0.049923

     C    8       -0.246140        0.087237       -0.099813
     C    8        0.087237        0.043506        0.388460
     C    8       -0.099813        0.388460        0.202634

     H    9        0.258131        0.005344        0.351334
     H    9        0.005344       -0.019109       -0.120554
     H    9        0.351334       -0.120554       -0.239023

     C   10       -0.037134       -0.202410        0.275819
     C   10       -0.202410       -0.156790        0.342266
     C   10        0.275819        0.342266        0.193924

     C   11        0.166264        0.223440       -0.325620
     C   11        0.223440        0.000118        0.361267
     C   11       -0.325620        0.361267       -0.166382

     Cl  12       -0.210920        1.593661       -1.143003
     Cl  12        1.593661       -1.350149        0.335835
     Cl  12       -1.143003        0.335835        1.561069

     H   13       -0.191468       -0.250170        0.179090
     H   13       -0.250170        0.184437        0.658159
     H   13        0.179090        0.658159        0.007031

     C   14        0.138935        0.407988       -0.238491
     C   14        0.407988       -0.162490       -0.165044
     C   14       -0.238491       -0.165044        0.023555

     H   15        0.030450       -0.029445        0.709176
     H   15       -0.029445       -0.034513        0.147289
     H   15        0.709176        0.147289        0.004063

     C   16        0.048511       -0.025386       -0.355997
     C   16       -0.025386       -0.106212       -0.188544
     C   16       -0.355997       -0.188544        0.057701

     C   17        0.142110        0.085112       -0.212680
     C   17        0.085112       -0.031468       -0.187827
     C   17       -0.212680       -0.187827       -0.110642

     Cl  18        1.097086       -2.241291        0.262331
     Cl  18       -2.241291        0.100573        0.641417
     Cl  18        0.262331        0.641417       -1.197660

     H   19       -0.083881        0.199427        0.067971
     H   19        0.199427        0.138605       -0.495793
     H   19        0.067971       -0.495793       -0.054724

     C   20       -0.020595       -0.198648       -0.353963
     C   20       -0.198648       -0.202547        0.081278
     C   20       -0.353963        0.081278        0.223142

     H   21        0.081922        0.037760        0.466251
     H   21        0.037760       -0.074450       -0.149553
     H   21        0.466251       -0.149553       -0.007473

     C   22       -0.009386       -0.027006       -0.313872
     C   22       -0.027006       -0.065050        0.321730
     C   22       -0.313872        0.321730        0.074435

     C   23        0.218436        0.015953       -0.079641
     C   23        0.015953       -0.062759        0.171453
     C   23       -0.079641        0.171453       -0.155677

     Cl  24        2.447094        2.878884        0.336304
     Cl  24        2.878884       -0.274627        0.007351
     Cl  24        0.336304        0.007351       -2.172468

     ----- total EFG (symmetrized) -----
     Cl   1        0.690881       -1.976476        0.709597
     Cl   1       -1.976476       -0.461577       -0.759701
     Cl   1        0.709597       -0.759701       -0.229304

     C    2        0.478212       -0.119726       -0.521724
     C    2       -0.119726       -0.062634       -0.120781
     C    2       -0.521724       -0.120781       -0.415578

     C    3        0.220519        0.481304       -0.104348
     C    3        0.481304       -0.219930       -0.203077
     C    3       -0.104348       -0.203077       -0.000589

     H    4        0.282679        0.141479        0.099423
     H    4        0.141479       -0.145248        0.076902
     H    4        0.099423        0.076902       -0.137431

     C    5        0.029774        0.003525       -0.458399
     C    5        0.003525       -0.067125       -0.247975
     C    5       -0.458399       -0.247975        0.037350

     H    6       -0.256832        0.150295        0.184549
     H    6        0.150295        0.426391        0.112846
     H    6        0.184549        0.112846       -0.169559

     H    7       -0.162123        0.065442        0.223813
     H    7        0.065442        0.112201       -0.437418
     H    7        0.223813       -0.437418        0.049923

     C    8       -0.246140        0.087237       -0.099813
     C    8        0.087237        0.043506        0.388460
     C    8       -0.099813        0.388460        0.202634

     H    9        0.258131        0.005344        0.351334
     H    9        0.005344       -0.019109       -0.120554
     H    9        0.351334       -0.120554       -0.239023

     C   10       -0.037134       -0.202410        0.275819
     C   10       -0.202410       -0.156790        0.342266
     C   10        0.275819        0.342266        0.193924

     C   11        0.166264        0.223440       -0.325620
     C   11        0.223440        0.000118        0.361267
     C   11       -0.325620        0.361267       -0.166382

     Cl  12       -0.210920        1.593661       -1.143003
     Cl  12        1.593661       -1.350149        0.335835
     Cl  12       -1.143003        0.335835        1.561069

     H   13       -0.191468       -0.250170        0.179090
     H   13       -0.250170        0.184437        0.658159
     H   13        0.179090        0.658159        0.007031

     C   14        0.138935        0.407988       -0.238491
     C   14        0.407988       -0.162490       -0.165044
     C   14       -0.238491       -0.165044        0.023555

     H   15        0.030450       -0.029445        0.709176
     H   15       -0.029445       -0.034513        0.147289
     H   15        0.709176        0.147289        0.004063

     C   16        0.048511       -0.025386       -0.355997
     C   16       -0.025386       -0.106212       -0.188544
     C   16       -0.355997       -0.188544        0.057701

     C   17        0.142110        0.085112       -0.212680
     C   17        0.085112       -0.031468       -0.187827
     C   17       -0.212680       -0.187827       -0.110642

     Cl  18        1.097086       -2.241291        0.262331
     Cl  18       -2.241291        0.100573        0.641417
     Cl  18        0.262331        0.641417       -1.197660

     H   19       -0.083881        0.199427        0.067971
     H   19        0.199427        0.138605       -0.495793
     H   19        0.067971       -0.495793       -0.054724

     C   20       -0.020595       -0.198648       -0.353963
     C   20       -0.198648       -0.202547        0.081278
     C   20       -0.353963        0.081278        0.223142

     H   21        0.081922        0.037760        0.466251
     H   21        0.037760       -0.074450       -0.149553
     H   21        0.466251       -0.149553       -0.007473

     C   22       -0.009386       -0.027006       -0.313872
     C   22       -0.027006       -0.065050        0.321730
     C   22       -0.313872        0.321730        0.074435

     C   23        0.218436        0.015953       -0.079641
     C   23        0.015953       -0.062759        0.171453
     C   23       -0.079641        0.171453       -0.155677

     Cl  24        2.447094        2.878884        0.336304
     Cl  24        2.878884       -0.274627        0.007351
     Cl  24        0.336304        0.007351       -2.172468


     NQR/NMR SPECTROSCOPIC PARAMETERS:
     Cl   1    Vxx=   -0.5848    axis=( -0.350855  0.107529  0.930236)
     Cl   1    Vyy=   -1.9664    axis=( -0.571260 -0.811706 -0.121633)
     Cl   1    Vzz=    2.5512    axis=(  0.741999 -0.574082  0.346218)
     Cl   1  Q=        -8.1650 1e-30 m^2  Cq=       -48.9430 MHz  eta= 0.54158

     C    2    Vxx=   -0.0266    axis=(  0.033921 -0.966450  0.254603)
     C    2    Vyy=   -0.6961    axis=( -0.414386 -0.245421 -0.876386)
     C    2    Vzz=    0.7227    axis=(  0.909469 -0.075777 -0.408809)
     C    2  Q=         1.0000 1e-30 m^2  Cq=         1.6981 MHz  eta= 0.92635

     C    3    Vxx=   -0.0419    axis=(  0.385520 -0.010200  0.922643)
     C    3    Vyy=   -0.5543    axis=( -0.494095  0.842209  0.215765)
     C    3    Vzz=    0.5963    axis=( -0.779259 -0.539055  0.319649)
     C    3  Q=         1.0000 1e-30 m^2  Cq=         1.4010 MHz  eta= 0.85931

     H    4    Vxx=   -0.1316    axis=( -0.364775  0.530091  0.765469)
     H    4    Vyy=   -0.2219    axis=( -0.104422  0.793640 -0.599360)
     H    4    Vzz=    0.3535    axis=(  0.925222  0.298563  0.234147)
     H    4  Q=         1.0000 1e-30 m^2  Cq=         0.8306 MHz  eta= 0.25569

     C    5    Vxx=   -0.0477    axis=( -0.485215  0.871149 -0.075269)
     C    5    Vyy=   -0.4990    axis=( -0.600418 -0.394523 -0.695594)
     C    5    Vzz=    0.5466    axis=( -0.635661 -0.292320  0.714482)
     C    5  Q=         1.0000 1e-30 m^2  Cq=         1.2844 MHz  eta= 0.82561

     H    6    Vxx=   -0.0870    axis=( -0.545932  0.329170 -0.770458)
     H    6    Vyy=   -0.4059    axis=( -0.801155  0.063997  0.595025)
     H    6    Vzz=    0.4929    axis=(  0.245171  0.942100  0.228778)
     H    6  Q=         1.0000 1e-30 m^2  Cq=         1.1581 MHz  eta= 0.64698

     H    7    Vxx=   -0.0433    axis=( -0.823489 -0.484342 -0.295429)
     H    7    Vyy=   -0.4931    axis=( -0.544640  0.529112  0.650698)
     H    7    Vzz=    0.5364    axis=( -0.158845  0.696745 -0.699510)
     H    7  Q=         1.0000 1e-30 m^2  Cq=         1.2604 MHz  eta= 0.83842

     C    8    Vxx=   -0.1288    axis=(  0.741743  0.535324 -0.404038)
     C    8    Vyy=   -0.3914    axis=( -0.670024  0.564716 -0.481834)
     C    8    Vzz=    0.5203    axis=( -0.029770  0.628112  0.777554)
     C    8  Q=         1.0000 1e-30 m^2  Cq=         1.2224 MHz  eta= 0.50482

     H    9    Vxx=    0.0033    axis=(  0.213337  0.962185 -0.169375)
     H    9    Vyy=    0.4456    axis=( -0.876011  0.111638 -0.469192)
     H    9    Vzz=   -0.4489    axis=( -0.432540  0.248470  0.866701)
     H    9  Q=         1.0000 1e-30 m^2  Cq=        -1.0548 MHz  eta= 0.98531

     C   10    Vxx=    0.1136    axis=(  0.781703 -0.622935 -0.029876)
     C   10    Vyy=    0.4494    axis=(  0.333234  0.376714  0.864316)
     C   10    Vzz=   -0.5631    axis=( -0.527158 -0.685594  0.502062)
     C   10  Q=         1.0000 1e-30 m^2  Cq=        -1.3230 MHz  eta= 0.59641

     C   11    Vxx=    0.2797    axis=(  0.270689  0.835147  0.478807)
     C   11    Vyy=    0.3656    axis=( -0.857762 -0.016542  0.513781)
     C   11    Vzz=   -0.6453    axis=(  0.437003 -0.549778  0.711880)
     C   11  Q=         1.0000 1e-30 m^2  Cq=        -1.5161 MHz  eta= 0.13320

     Cl  12    Vxx=    0.5047    axis=(  0.622532  0.621069  0.476159)
     Cl  12    Vyy=    2.1808    axis=(  0.504429  0.146741 -0.850893)
     Cl  12    Vzz=   -2.6855    axis=( -0.598335  0.769896 -0.221934)
     Cl  12  Q=        -8.1650 1e-30 m^2  Cq=        51.5198 MHz  eta= 0.62410

     H   13    Vxx=   -0.0309    axis=(  0.870916 -0.260967  0.416414)
     H   13    Vyy=   -0.7345    axis=( -0.485049 -0.592602  0.643079)
     H   13    Vzz=    0.7654    axis=( -0.078945  0.762049  0.642689)
     H   13  Q=         1.0000 1e-30 m^2  Cq=         1.7984 MHz  eta= 0.91932

     C   14    Vxx=   -0.1288    axis=(  0.380212  0.267935  0.885240)
     C   14    Vyy=   -0.4467    axis=( -0.572272  0.820060 -0.002415)
     C   14    Vzz=    0.5755    axis=( -0.726597 -0.505680  0.465129)
     C   14  Q=         1.0000 1e-30 m^2  Cq=         1.3523 MHz  eta= 0.55232

     H   15    Vxx=   -0.0200    axis=( -0.204837  0.977241  0.055155)
     H   15    Vyy=   -0.7154    axis=( -0.681225 -0.182799  0.708885)
     H   15    Vzz=    0.7355    axis=( -0.702833 -0.107633 -0.703165)
     H   15  Q=         1.0000 1e-30 m^2  Cq=         1.7280 MHz  eta= 0.94553

     C   16    Vxx=   -0.0473    axis=(  0.503383 -0.841673  0.195428)
     C   16    Vyy=   -0.3884    axis=(  0.566838  0.492373  0.660503)
     C   16    Vzz=    0.4356    axis=( -0.652151 -0.221710  0.724944)
     C   16  Q=         1.0000 1e-30 m^2  Cq=         1.0235 MHz  eta= 0.78306

     C   17    Vxx=   -0.0439    axis=(  0.604945 -0.764301  0.223352)
     C   17    Vyy=   -0.2990    axis=(  0.303800  0.480819  0.822508)
     C   17    Vzz=    0.3429    axis=( -0.736035 -0.429718  0.523063)
     C   17  Q=         1.0000 1e-30 m^2  Cq=         0.8058 MHz  eta= 0.74371

     Cl  18    Vxx=   -0.7447    axis=(  0.392193  0.418186  0.819332)
     Cl  18    Vyy=   -2.1598    axis=(  0.496042  0.653951 -0.571218)
     Cl  18    Vzz=    2.9045    axis=( -0.774679  0.630451  0.049038)
     Cl  18  Q=        -8.1650 1e-30 m^2  Cq=       -55.7212 MHz  eta= 0.48720

     H   19    Vxx=   -0.0308    axis=(  0.909629  0.105289  0.401857)
     H   19    Vyy=   -0.5361    axis=( -0.376383  0.618281  0.689974)
     H   19    Vzz=    0.5668    axis=( -0.175814 -0.778873  0.602036)
     H   19  Q=         1.0000 1e-30 m^2  Cq=         1.3319 MHz  eta= 0.89144

     C   20    Vxx=   -0.1493    axis=( -0.419658  0.717865 -0.555479)
     C   20    Vyy=   -0.3728    axis=( -0.688693 -0.650462 -0.320314)
     C   20    Vzz=    0.5222    axis=( -0.591261  0.248132  0.767360)
     C   20  Q=         1.0000 1e-30 m^2  Cq=         1.2269 MHz  eta= 0.42810

     H   21    Vxx=   -0.0372    axis=(  0.310679  0.937742 -0.155300)
     H   21    Vyy=   -0.4777    axis=( -0.618472  0.323502  0.716128)
     H   21    Vzz=    0.5149    axis=( -0.721784  0.126437 -0.680472)
     H   21  Q=         1.0000 1e-30 m^2  Cq=         1.2097 MHz  eta= 0.85561

     C   22    Vxx=   -0.0630    axis=(  0.728105  0.682323  0.065559)
     C   22    Vyy=   -0.4210    axis=( -0.474095  0.570354 -0.670768)
     C   22    Vzz=    0.4839    axis=( -0.495073  0.457308  0.738764)
     C   22  Q=         1.0000 1e-30 m^2  Cq=         1.1370 MHz  eta= 0.73982

     C   23    Vxx=    0.0610    axis=(  0.202375  0.802831  0.560810)
     C   23    Vyy=    0.2362    axis=( -0.969107  0.081736  0.232703)
     C   23    Vzz=   -0.2972    axis=(  0.140983 -0.590578  0.794570)
     C   23  Q=         1.0000 1e-30 m^2  Cq=        -0.6984 MHz  eta= 0.58937

     Cl  24    Vxx=   -1.9627    axis=(  0.397972 -0.681369  0.614292)
     Cl  24    Vyy=   -2.3207    axis=(  0.358135 -0.501082 -0.787817)
     Cl  24    Vzz=    4.2834    axis=(  0.844605  0.533529  0.044605)
     Cl  24  Q=        -8.1650 1e-30 m^2  Cq=       -82.1752 MHz  eta= 0.08356

     Initialization:
     gipaw_setup  :      9.10s CPU     11.05s WALL (       1 calls)

     Linear response

     Apply operators

     Induced current

     Other routines
     efg          :      9.41s CPU     12.47s WALL (       1 calls)

     General routines
     calbec       :      3.45s CPU      4.73s WALL (      16 calls)
     fft          :      1.72s CPU      2.99s WALL (      15 calls)
     ffts         :      0.05s CPU      0.06s WALL (       2 calls)
     fftw         :      3.14s CPU      4.20s WALL (     672 calls)
     davcio       :      0.06s CPU      0.39s WALL (      32 calls)

     Parallel routines
     fft_scatter  :      2.45s CPU      4.36s WALL (     689 calls)

     Plugins

     GIPAW        :     62.04s CPU     77.01s WALL (       1 calls)
