
     Program QE v.6.0 (svn rev. 13079) starts on 21Dec2016 at  3:21:34 

     This program is part of the open-source Quantum ESPRESSO suite
     for quantum simulation of materials; please cite
         "P. Giannozzi et al., J. Phys.:Condens. Matter 21 395502 (2009);
          URL http://www.quantum-espresso.org", 
     in publications or presentations arising from this work. More details at
     http://www.quantum-espresso.org/quote

     Parallel version (MPI), running on     8 processors
     R & G space division:  proc/nbgrp/npool/nimage =       8

     ***** This is GIPAW svn revision unknown      *****

     Parallelizing q-star over 1 images

     Reading data from directory:
     /users/majewski/paradichlorobenzene/pbe/9_constraint/scratch/pbe.ecut100.np8.dt60.pcl2phi-129368.save
     Message from routine read_xml_file:
     file /users/majewski/paradichlorobenzene/pbe/9_constraint/scratch/pbe.ecut100.np8.dt60.pcl2phi-129368.save not guaranteed to be safe for post-processing

   Info: using nr1, nr2, nr3 values from input

   Info: using nr1, nr2, nr3 values from input

     IMPORTANT: XC functional enforced from input :
     Exchange-correlation      =  SLA  PW   PBX  PBC ( 1  4  3  4 0 0)
     Any further DFT definition will be discarded
     Please, verify this is what you really want

               file C.pbe-n-kjpaw_psl.1.0.0.UPF: wavefunction(s)  2S 2P renormalized
               file Cl.pbe-n-kjpaw_psl.1.0.0.UPF: wavefunction(s)  3S 3P renormalized
               file H.pbe-kjpaw_psl.1.0.0.UPF: wavefunction(s)  1S renormalized

     Parallelization info
     --------------------
     sticks:   dense  smooth     PW     G-vecs:    dense   smooth      PW
     Min        3057    1223    332               144436    36536    5170
     Max        3059    1225    333               144437    36537    5171
     Sum       24467    9791   2657              1155489   292295   41363


     Subspace diagonalization in iterative solution of the eigenvalue problem:
     a serial algorithm will be used

     GIPAW projectors -----------------------------------------------
     atom=  C    l=0  rc=    1.2000  rs=    0.8000
     atom=  C    l=0  rc=    1.2000  rs=    0.8000
     atom=  C    l=1  rc=    1.4000  rs=    0.9333
     atom=  C    l=1  rc=    1.4000  rs=    0.9333
     projs nearly linearly dependent: l=1  n1,n2= 1, 2  s=  0.99951561

     atom=  Cl   l=0  rc=    1.6000  rs=    1.0667
     atom=  Cl   l=0  rc=    1.6000  rs=    1.0667
     atom=  Cl   l=1  rc=    1.6000  rs=    1.0667
     atom=  Cl   l=1  rc=    1.6000  rs=    1.0667
     atom=  Cl   l=2  rc=    1.6000  rs=    1.0667
     atom=  Cl   l=2  rc=    1.6000  rs=    1.0667
     projs nearly linearly dependent: l=2  n1,n2= 1, 2  s=  0.99993509

     atom=  H    l=0  rc=    1.0000  rs=    0.6667
     atom=  H    l=0  rc=    1.0000  rs=    0.6667
     projs nearly linearly dependent: l=0  n1,n2= 1, 2  s=  0.99968852
     -----------------------------------------------------------------

     GIPAW integrals: -------------------------------------------
     Atom  i/j   nmr_para   nmr_dia   epr_rmc  epr_para   epr_dia
       C   1 1   0.83E+03  0.17E-01  0.93E+01  0.24E+08  0.24E+03
       C   2 1   0.86E+03 -0.61E-01  0.94E+01  0.25E+08  0.25E+03
       C   2 2   0.90E+03 -0.15E+00  0.97E+01  0.26E+08  0.26E+03
       C   3 3   0.33E+01  0.34E+00  0.18E+01  0.55E+03  0.21E+02
       C   4 3   0.35E+01  0.37E+00  0.20E+01  0.59E+03  0.22E+02
       C   4 4   0.38E+01  0.39E+00  0.22E+01  0.63E+03  0.24E+02
       Cl  1 1   0.14E+04 -0.47E+00  0.84E+01  0.32E+09  0.42E+03
       Cl  2 1   0.21E+04 -0.37E+00  0.12E+02  0.49E+09  0.65E+03
       Cl  2 2   0.33E+04 -0.16E+00  0.21E+02  0.76E+09  0.10E+04
       Cl  3 3   0.21E+02  0.79E-01  0.89E+01  0.23E+05  0.13E+03
       Cl  4 3   0.24E+02  0.67E-01  0.99E+01  0.27E+05  0.15E+03
       Cl  4 4   0.28E+02  0.44E-01  0.11E+02  0.32E+05  0.18E+03
       Cl  5 5   0.77E+00  0.19E+00  0.18E+01  0.12E+03  0.22E+02
       Cl  6 5   0.80E+00  0.19E+00  0.19E+01  0.12E+03  0.23E+02
       Cl  6 6   0.83E+00  0.20E+00  0.19E+01  0.12E+03  0.23E+02
       H   1 1   0.39E+02  0.19E+00  0.29E+00  0.78E+05  0.13E+02
       H   2 1   0.41E+02  0.21E+00  0.32E+00  0.82E+05  0.14E+02
       H   2 2   0.43E+02  0.22E+00  0.36E+00  0.86E+05  0.15E+02
     ------------------------------------------------------------

     alpha_pv=     34.3243 eV

     Number of occupied bands for each k-point:
     k-point:     1    nbnd_occ=  42
     k-point:     2    nbnd_occ=  42
     k-point:     3    nbnd_occ=  42
     k-point:     4    nbnd_occ=  42
     k-point:     5    nbnd_occ=  42
     k-point:     6    nbnd_occ=  42
     k-point:     7    nbnd_occ=  42
     k-point:     8    nbnd_occ=  42
     k-point:     9    nbnd_occ=  42
     k-point:    10    nbnd_occ=  42
     k-point:    11    nbnd_occ=  42
     k-point:    12    nbnd_occ=  42
     k-point:    13    nbnd_occ=  42
     k-point:    14    nbnd_occ=  42
     k-point:    15    nbnd_occ=  42
     k-point:    16    nbnd_occ=  42


     q-space interpolation up to   110.00 Rydberg

     GIPAW job: efg                                                                             


     ELECTRIC FIELD GRADIENTS TENSORS IN Hartree/bohrradius^2:

     ----- bare term -----
     Cl   1       -0.055861        0.294817       -0.174992
     Cl   1        0.294817       -0.130431       -0.047728
     Cl   1       -0.174992       -0.047728        0.186292

     C    2        0.080213       -0.365514       -0.554829
     C    2       -0.365514       -0.218331       -0.560981
     C    2       -0.554829       -0.560981        0.138119

     C    3       -0.383828        0.361861       -0.411435
     C    3        0.361861       -0.098895       -0.111093
     C    3       -0.411435       -0.111093        0.482723

     H    4        0.068028       -0.113005       -0.277959
     H    4       -0.113005        0.517586       -0.132488
     H    4       -0.277959       -0.132488       -0.585614

     C    5       -0.134531        0.031843       -0.262970
     C    5        0.031843       -0.237861       -0.282156
     C    5       -0.262970       -0.282156        0.372392

     H    6        0.478641       -0.064100       -0.056083
     H    6       -0.064100       -0.130797       -0.617245
     H    6       -0.056083       -0.617245       -0.347844

     H    7        0.401058        0.024868       -0.111480
     H    7        0.024868       -0.454685        0.549644
     H    7       -0.111480        0.549644        0.053626

     C    8       -0.727557       -0.384976       -0.342732
     C    8       -0.384976        0.410121        0.282850
     C    8       -0.342732        0.282850        0.317436

     H    9       -0.239776       -0.030654       -0.549728
     H    9       -0.030654        0.117330       -0.018187
     H    9       -0.549728       -0.018187        0.122446

     C   10       -0.042873       -0.219064       -0.192095
     C   10       -0.219064       -0.129239        0.617867
     C   10       -0.192095        0.617867        0.172112

     C   11       -0.423604       -0.321502       -0.460156
     C   11       -0.321502        0.233422        0.313672
     C   11       -0.460156        0.313672        0.190182

     Cl  12       -0.051522       -0.056700        0.050670
     Cl  12       -0.056700        0.095806       -0.144593
     Cl  12        0.050670       -0.144593       -0.044284

     H   13        0.266919        0.113329       -0.372780
     H   13        0.113329       -0.195117       -0.377124
     H   13       -0.372780       -0.377124       -0.071803

     C   14       -0.679378        0.322908       -0.144656
     C   14        0.322908        0.313372       -0.208117
     C   14       -0.144656       -0.208117        0.366006

     H   15       -0.028960        0.206260       -0.469665
     H   15        0.206260       -0.102773        0.114512
     H   15       -0.469665        0.114512        0.131733

     C   16        0.247212        0.091984       -0.131167
     C   16        0.091984       -0.171117       -0.531411
     C   16       -0.131167       -0.531411       -0.076095

     C   17       -0.692878        0.454286       -0.390035
     C   17        0.454286        0.356187       -0.078673
     C   17       -0.390035       -0.078673        0.336691

     Cl  18        0.130829       -0.090341       -0.014883
     Cl  18       -0.090341       -0.291457        0.018957
     Cl  18       -0.014883        0.018957        0.160628

     H   19        0.257697        0.375447        0.120267
     H   19        0.375447       -0.558883       -0.150666
     H   19        0.120267       -0.150666        0.301186

     C   20       -0.049609       -0.096596       -0.097787
     C   20       -0.096596       -0.142691        0.231429
     C   20       -0.097787        0.231429        0.192300

     H   21       -0.243229        0.481030        0.015388
     H   21        0.481030       -0.091281       -0.124500
     H   21        0.015388       -0.124500        0.334510

     C   22       -0.309196       -0.152609       -0.095786
     C   22       -0.152609        0.035248        0.108235
     C   22       -0.095786        0.108235        0.273948

     C   23       -0.097276       -0.051324       -0.283487
     C   23       -0.051324        0.013088        0.701804
     C   23       -0.283487        0.701804        0.084188

     Cl  24       -0.256561       -0.192098        0.029636
     Cl  24       -0.192098        0.038645        0.184868
     Cl  24        0.029636        0.184868        0.217916

     ----- ionic term -----
     Cl   1        0.081137       -0.188344        0.023129
     Cl   1       -0.188344        0.056389       -0.008638
     Cl   1        0.023129       -0.008638       -0.137526

     C    2        0.078991       -0.236177        0.337254
     C    2       -0.236177        0.103777        0.348613
     C    2        0.337254        0.348613       -0.182768

     C    3        0.040774       -0.314665        0.241706
     C    3       -0.314665        0.175258        0.371864
     C    3        0.241706        0.371864       -0.216032

     H    4        0.387123        0.112427        0.817532
     H    4        0.112427       -0.511475        0.173923
     H    4        0.817532        0.173923        0.124352

     C    5        0.176763       -0.269764        0.345723
     C    5       -0.269764        0.026628        0.292319
     C    5        0.345723        0.292319       -0.203391

     H    6       -0.528718        0.109300        0.099962
     H    6        0.109300        0.455354        0.779068
     H    6        0.099962        0.779068        0.073364

     H    7       -0.497689       -0.167351        0.107251
     H    7       -0.167351        0.742760       -0.640424
     H    7        0.107251       -0.640424       -0.245071

     C    8        0.346688        0.179205        0.265706
     C    8        0.179205        0.045426       -0.293556
     C    8        0.265706       -0.293556       -0.392114

     H    9        0.579469       -0.246902        0.728315
     H    9       -0.246902       -0.455036       -0.227004
     H    9        0.728315       -0.227004       -0.124433

     C   10        0.175433        0.218940        0.182041
     C   10        0.218940        0.172804       -0.388416
     C   10        0.182041       -0.388416       -0.348237

     C   11        0.240298        0.065560        0.163765
     C   11        0.065560        0.156809       -0.417677
     C   11        0.163765       -0.417677       -0.397107

     Cl  12        0.134391        0.193307       -0.019428
     Cl  12        0.193307       -0.008002       -0.022756
     Cl  12       -0.019428       -0.022756       -0.126388

     H   13       -0.526309        0.170977        0.119474
     H   13        0.170977        0.551960        0.742486
     H   13        0.119474        0.742486       -0.025651

     C   14        0.131701       -0.267390        0.322380
     C   14       -0.267390        0.104316        0.273005
     C   14        0.322380        0.273005       -0.236017

     H   15        0.590778        0.159911        0.725671
     H   15        0.159911       -0.461232        0.177508
     H   15        0.725671        0.177508       -0.129546

     C   16        0.022114       -0.309615        0.223978
     C   16       -0.309615        0.219515        0.409739
     C   16        0.223978        0.409739       -0.241629

     C   17        0.061468       -0.252565        0.356093
     C   17       -0.252565        0.104423        0.411159
     C   17        0.356093        0.411159       -0.165891

     Cl  18        0.095803       -0.227685        0.012939
     Cl  18       -0.227685        0.060442       -0.003440
     Cl  18        0.012939       -0.003440       -0.156245

     H   19       -0.471071       -0.269035        0.077243
     H   19       -0.269035        0.878868       -0.484434
     H   19        0.077243       -0.484434       -0.407797

     C   20        0.363731        0.077705        0.198334
     C   20        0.077705        0.140902       -0.248328
     C   20        0.198334       -0.248328       -0.504633

     H   21        0.683383       -0.443882        0.525227
     H   21       -0.443882       -0.303709       -0.241228
     H   21        0.525227       -0.241228       -0.379674

     C   22        0.218754        0.151064        0.160445
     C   22        0.151064        0.242651       -0.303721
     C   22        0.160445       -0.303721       -0.461405

     C   23        0.266374        0.173462        0.256866
     C   23        0.173462        0.161126       -0.328396
     C   23        0.256866       -0.328396       -0.427500

     Cl  24        0.140672        0.213087       -0.016827
     Cl  24        0.213087        0.034747       -0.019922
     Cl  24       -0.016827       -0.019922       -0.175420

     ----- GIPAW term -----
     Cl   1        1.643498       -0.314322       -2.001008
     Cl   1       -0.314322       -1.157813       -0.572037
     Cl   1       -2.001008       -0.572037       -0.485685

     C    2        0.130263       -0.273311       -0.177538
     C    2       -0.273311       -0.041921       -0.001673
     C    2       -0.177538       -0.001673       -0.088342

     C    3       -0.072122       -0.034725       -0.216564
     C    3       -0.034725       -0.061812        0.105642
     C    3       -0.216564        0.105642        0.133935

     H    4       -0.000000        0.000000        0.000000
     H    4        0.000000        0.000000        0.000000
     H    4        0.000000        0.000000        0.000000

     C    5       -0.111681       -0.041145       -0.060754
     C    5       -0.041145       -0.004417        0.142127
     C    5       -0.060754        0.142127        0.116098

     H    6       -0.000000        0.000000        0.000000
     H    6        0.000000        0.000000        0.000000
     H    6        0.000000        0.000000        0.000000

     H    7       -0.000000        0.000000        0.000000
     H    7        0.000000        0.000000        0.000000
     H    7        0.000000        0.000000        0.000000

     C    8       -0.212759       -0.098366       -0.050894
     C    8       -0.098366        0.264855        0.108517
     C    8       -0.050894        0.108517       -0.052096

     H    9       -0.000000        0.000000        0.000000
     H    9        0.000000        0.000000        0.000000
     H    9        0.000000        0.000000        0.000000

     C   10       -0.098339       -0.035747       -0.031142
     C   10       -0.035747        0.183958        0.092585
     C   10       -0.031142        0.092585       -0.085620

     C   11       -0.060226       -0.082615       -0.086904
     C   11       -0.082615        0.215932        0.065323
     C   11       -0.086904        0.065323       -0.155706

     Cl  12        0.394671        1.211238        0.453720
     Cl  12        1.211238        1.283642       -1.516360
     Cl  12        0.453720       -1.516360       -1.678313

     H   13       -0.000000        0.000000        0.000000
     H   13        0.000000        0.000000        0.000000
     H   13        0.000000        0.000000        0.000000

     C   14       -0.134176       -0.126320        0.033056
     C   14       -0.126320        0.226676       -0.051466
     C   14        0.033056       -0.051466       -0.092500

     H   15       -0.000000        0.000000        0.000000
     H   15        0.000000        0.000000        0.000000
     H   15        0.000000        0.000000        0.000000

     C   16       -0.047102        0.003305       -0.004761
     C   16        0.003305        0.167176       -0.023648
     C   16       -0.004761       -0.023648       -0.120074

     C   17       -0.149545        0.067960       -0.029652
     C   17        0.067960        0.267887        0.063173
     C   17       -0.029652        0.063173       -0.118342

     Cl  18        0.246177        0.192800       -0.076669
     Cl  18        0.192800        1.661399       -0.022088
     Cl  18       -0.076669       -0.022088       -1.907576

     H   19       -0.000000        0.000000        0.000000
     H   19        0.000000        0.000000        0.000000
     H   19        0.000000        0.000000        0.000000

     C   20       -0.025032       -0.068301       -0.033490
     C   20       -0.068301        0.051268        0.110639
     C   20       -0.033490        0.110639       -0.026236

     H   21       -0.000000        0.000000        0.000000
     H   21        0.000000        0.000000        0.000000
     H   21        0.000000        0.000000        0.000000

     C   22       -0.064066       -0.058495       -0.048579
     C   22       -0.058495        0.070214        0.064455
     C   22       -0.048579        0.064455       -0.006148

     C   23       -0.026162        0.024961       -0.072306
     C   23        0.024961        0.160584        0.198102
     C   23       -0.072306        0.198102       -0.134422

     Cl  24       -0.595275        1.393318        0.212825
     Cl  24        1.393318        0.512811        1.966211
     Cl  24        0.212825        1.966211        0.082464

     ----- total EFG -----
     Cl   1        1.668774       -0.207849       -2.152871
     Cl   1       -0.207849       -1.231855       -0.628403
     Cl   1       -2.152871       -0.628403       -0.436919

     C    2        0.289467       -0.875002       -0.395113
     C    2       -0.875002       -0.156476       -0.214041
     C    2       -0.395113       -0.214041       -0.132991

     C    3       -0.415177        0.012470       -0.386293
     C    3        0.012470        0.014551        0.366412
     C    3       -0.386293        0.366412        0.400626

     H    4        0.455151       -0.000577        0.539573
     H    4       -0.000577        0.006111        0.041436
     H    4        0.539573        0.041436       -0.461263

     C    5       -0.069449       -0.279065        0.021999
     C    5       -0.279065       -0.215650        0.152289
     C    5        0.021999        0.152289        0.285099

     H    6       -0.050078        0.045200        0.043880
     H    6        0.045200        0.324557        0.161823
     H    6        0.043880        0.161823       -0.274480

     H    7       -0.096631       -0.142483       -0.004229
     H    7       -0.142483        0.288076       -0.090780
     H    7       -0.004229       -0.090780       -0.191445

     C    8       -0.593628       -0.304137       -0.127920
     C    8       -0.304137        0.720401        0.097811
     C    8       -0.127920        0.097811       -0.126774

     H    9        0.339693       -0.277556        0.178587
     H    9       -0.277556       -0.337706       -0.245191
     H    9        0.178587       -0.245191       -0.001987

     C   10        0.034221       -0.035871       -0.041197
     C   10       -0.035871        0.227524        0.322035
     C   10       -0.041197        0.322035       -0.261745

     C   11       -0.243532       -0.338557       -0.383294
     C   11       -0.338557        0.606163       -0.038682
     C   11       -0.383294       -0.038682       -0.362631

     Cl  12        0.477539        1.347845        0.484962
     Cl  12        1.347845        1.371446       -1.683710
     Cl  12        0.484962       -1.683710       -1.848985

     H   13       -0.259390        0.284306       -0.253306
     H   13        0.284306        0.356844        0.365361
     H   13       -0.253306        0.365361       -0.097453

     C   14       -0.681853       -0.070802        0.210779
     C   14       -0.070802        0.644364        0.013422
     C   14        0.210779        0.013422        0.037490

     H   15        0.561818        0.366171        0.256007
     H   15        0.366171       -0.564006        0.292020
     H   15        0.256007        0.292020        0.002188

     C   16        0.222224       -0.214325        0.088051
     C   16       -0.214325        0.215575       -0.145320
     C   16        0.088051       -0.145320       -0.437799

     C   17       -0.780955        0.269680       -0.063594
     C   17        0.269680        0.728497        0.395659
     C   17       -0.063594        0.395659        0.052458

     Cl  18        0.472809       -0.125226       -0.078613
     Cl  18       -0.125226        1.430384       -0.006571
     Cl  18       -0.078613       -0.006571       -1.903194

     H   19       -0.213374        0.106412        0.197510
     H   19        0.106412        0.319985       -0.635100
     H   19        0.197510       -0.635100       -0.106611

     C   20        0.289089       -0.087192        0.067058
     C   20       -0.087192        0.049479        0.093739
     C   20        0.067058        0.093739       -0.338569

     H   21        0.440154        0.037149        0.540615
     H   21        0.037149       -0.394990       -0.365727
     H   21        0.540615       -0.365727       -0.045164

     C   22       -0.154508       -0.060040        0.016081
     C   22       -0.060040        0.348113       -0.131030
     C   22        0.016081       -0.131030       -0.193605

     C   23        0.142937        0.147099       -0.098927
     C   23        0.147099        0.334797        0.571510
     C   23       -0.098927        0.571510       -0.477735

     Cl  24       -0.711164        1.414306        0.225634
     Cl  24        1.414306        0.586204        2.131157
     Cl  24        0.225634        2.131157        0.124960

     ----- total EFG (symmetrized) -----
     Cl   1        1.668774       -0.207849       -2.152871
     Cl   1       -0.207849       -1.231855       -0.628403
     Cl   1       -2.152871       -0.628403       -0.436919

     C    2        0.289467       -0.875002       -0.395113
     C    2       -0.875002       -0.156476       -0.214041
     C    2       -0.395113       -0.214041       -0.132991

     C    3       -0.415177        0.012470       -0.386293
     C    3        0.012470        0.014551        0.366412
     C    3       -0.386293        0.366412        0.400626

     H    4        0.455151       -0.000577        0.539573
     H    4       -0.000577        0.006111        0.041436
     H    4        0.539573        0.041436       -0.461263

     C    5       -0.069449       -0.279065        0.021999
     C    5       -0.279065       -0.215650        0.152289
     C    5        0.021999        0.152289        0.285099

     H    6       -0.050078        0.045200        0.043880
     H    6        0.045200        0.324557        0.161823
     H    6        0.043880        0.161823       -0.274480

     H    7       -0.096631       -0.142483       -0.004229
     H    7       -0.142483        0.288076       -0.090780
     H    7       -0.004229       -0.090780       -0.191445

     C    8       -0.593628       -0.304137       -0.127920
     C    8       -0.304137        0.720401        0.097811
     C    8       -0.127920        0.097811       -0.126774

     H    9        0.339693       -0.277556        0.178587
     H    9       -0.277556       -0.337706       -0.245191
     H    9        0.178587       -0.245191       -0.001987

     C   10        0.034221       -0.035871       -0.041197
     C   10       -0.035871        0.227524        0.322035
     C   10       -0.041197        0.322035       -0.261745

     C   11       -0.243532       -0.338557       -0.383294
     C   11       -0.338557        0.606163       -0.038682
     C   11       -0.383294       -0.038682       -0.362631

     Cl  12        0.477539        1.347845        0.484962
     Cl  12        1.347845        1.371446       -1.683710
     Cl  12        0.484962       -1.683710       -1.848985

     H   13       -0.259390        0.284306       -0.253306
     H   13        0.284306        0.356844        0.365361
     H   13       -0.253306        0.365361       -0.097453

     C   14       -0.681853       -0.070802        0.210779
     C   14       -0.070802        0.644364        0.013422
     C   14        0.210779        0.013422        0.037490

     H   15        0.561818        0.366171        0.256007
     H   15        0.366171       -0.564006        0.292020
     H   15        0.256007        0.292020        0.002188

     C   16        0.222224       -0.214325        0.088051
     C   16       -0.214325        0.215575       -0.145320
     C   16        0.088051       -0.145320       -0.437799

     C   17       -0.780955        0.269680       -0.063594
     C   17        0.269680        0.728497        0.395659
     C   17       -0.063594        0.395659        0.052458

     Cl  18        0.472809       -0.125226       -0.078613
     Cl  18       -0.125226        1.430384       -0.006571
     Cl  18       -0.078613       -0.006571       -1.903194

     H   19       -0.213374        0.106412        0.197510
     H   19        0.106412        0.319985       -0.635100
     H   19        0.197510       -0.635100       -0.106611

     C   20        0.289089       -0.087192        0.067058
     C   20       -0.087192        0.049479        0.093739
     C   20        0.067058        0.093739       -0.338569

     H   21        0.440154        0.037149        0.540615
     H   21        0.037149       -0.394990       -0.365727
     H   21        0.540615       -0.365727       -0.045164

     C   22       -0.154508       -0.060040        0.016081
     C   22       -0.060040        0.348113       -0.131030
     C   22        0.016081       -0.131030       -0.193605

     C   23        0.142937        0.147099       -0.098927
     C   23        0.147099        0.334797        0.571510
     C   23       -0.098927        0.571510       -0.477735

     Cl  24       -0.711164        1.414306        0.225634
     Cl  24        1.414306        0.586204        2.131157
     Cl  24        0.225634        2.131157        0.124960


     NQR/NMR SPECTROSCOPIC PARAMETERS:
     Cl   1    Vxx=   -0.8115    axis=(  0.321488 -0.832738  0.450769)
     Cl   1    Vyy=   -2.2069    axis=( -0.427229 -0.552394 -0.715777)
     Cl   1    Vzz=    3.0183    axis=( -0.845057 -0.037532  0.533358)
     Cl   1  Q=        -8.1650 1e-30 m^2  Cq=       -57.9051 MHz  eta= 0.46232

     C    2    Vxx=    0.0281    axis=( -0.124993 -0.439083  0.889709)
     C    2    Vyy=    1.0008    axis=( -0.800882  0.573964  0.170745)
     C    2    Vzz=   -1.0289    axis=( -0.585632 -0.691210 -0.423395)
     C    2  Q=         1.0000 1e-30 m^2  Cq=        -2.4176 MHz  eta= 0.94528

     C    3    Vxx=   -0.1085    axis=(  0.415501  0.857925 -0.302197)
     C    3    Vyy=   -0.6101    axis=( -0.863614  0.267797 -0.427148)
     C    3    Vzz=    0.7186    axis=( -0.285533  0.438462  0.852186)
     C    3  Q=         1.0000 1e-30 m^2  Cq=         1.6884 MHz  eta= 0.69808

     H    4    Vxx=    0.0077    axis=(  0.044014 -0.998324 -0.037568)
     H    4    Vyy=    0.7052    axis=( -0.907014 -0.024168 -0.420407)
     H    4    Vzz=   -0.7129    axis=(  0.418794  0.052578 -0.906558)
     H    4  Q=         1.0000 1e-30 m^2  Cq=        -1.6751 MHz  eta= 0.97841

     C    5    Vxx=    0.1174    axis=(  0.790439 -0.501500  0.351715)
     C    5    Vyy=    0.3382    axis=(  0.188292 -0.347459 -0.918596)
     C    5    Vzz=   -0.4556    axis=(  0.582882  0.792319 -0.180217)
     C    5  Q=         1.0000 1e-30 m^2  Cq=        -1.0704 MHz  eta= 0.48465

     H    6    Vxx=   -0.0534    axis=(  0.984662 -0.153365  0.083182)
     H    6    Vyy=   -0.3191    axis=( -0.118012 -0.234305  0.964974)
     H    6    Vzz=    0.3725    axis=( -0.128504 -0.959990 -0.248810)
     H    6  Q=         1.0000 1e-30 m^2  Cq=         0.8753 MHz  eta= 0.71327

     H    7    Vxx=   -0.1300    axis=(  0.894959  0.220855 -0.387648)
     H    7    Vyy=   -0.2185    axis=(  0.330418  0.255729  0.908530)
     H    7    Vzz=    0.3485    axis=(  0.299787 -0.941183  0.155893)
     H    7  Q=         1.0000 1e-30 m^2  Cq=         0.8188 MHz  eta= 0.25416

     C    8    Vxx=   -0.1233    axis=(  0.155507  0.168890 -0.973290)
     C    8    Vyy=   -0.6805    axis=(  0.962489  0.195852  0.187766)
     C    8    Vzz=    0.8038    axis=( -0.222332  0.965981  0.132098)
     C    8  Q=         1.0000 1e-30 m^2  Cq=         1.8886 MHz  eta= 0.69318

     H    9    Vxx=   -0.0535    axis=( -0.521254 -0.205541  0.828279)
     H    9    Vyy=   -0.5039    axis=(  0.220805  0.905031  0.363544)
     H    9    Vzz=    0.5574    axis=( -0.824342  0.372387 -0.426367)
     H    9  Q=         1.0000 1e-30 m^2  Cq=         1.3098 MHz  eta= 0.80794

     C   10    Vxx=    0.0281    axis=(  0.989229  0.144944  0.020437)
     C   10    Vyy=    0.3944    axis=(  0.138908 -0.885521 -0.443347)
     C   10    Vzz=   -0.4225    axis=( -0.046163  0.441410 -0.896117)
     C   10  Q=         1.0000 1e-30 m^2  Cq=        -0.9927 MHz  eta= 0.86691

     C   11    Vxx=    0.0067    axis=( -0.641276 -0.317084  0.698729)
     C   11    Vyy=    0.7329    axis=( -0.358431  0.928952  0.092601)
     C   11    Vzz=   -0.7396    axis=( -0.678449 -0.191063 -0.709368)
     C   11  Q=         1.0000 1e-30 m^2  Cq=        -1.7379 MHz  eta= 0.98188

     Cl  12    Vxx=    0.2276    axis=( -0.833749  0.317222 -0.451922)
     Cl  12    Vyy=    2.6451    axis=(  0.465394  0.844173 -0.266046)
     Cl  12    Vzz=   -2.8727    axis=( -0.297105  0.432137  0.851461)
     Cl  12  Q=        -8.1650 1e-30 m^2  Cq=        55.1118 MHz  eta= 0.84156

     H   13    Vxx=    0.0637    axis=(  0.700470  0.181069 -0.690330)
     H   13    Vyy=    0.5825    axis=( -0.177029 -0.892967 -0.413849)
     H   13    Vzz=   -0.6463    axis=(  0.691377 -0.412098  0.593442)
     H   13  Q=         1.0000 1e-30 m^2  Cq=        -1.5185 MHz  eta= 0.80274

     C   14    Vxx=    0.0946    axis=(  0.261101  0.010061  0.965259)
     C   14    Vyy=    0.6481    axis=( -0.052557  0.998611  0.003808)
     C   14    Vzz=   -0.7428    axis=( -0.963880 -0.051726  0.261267)
     C   14  Q=         1.0000 1e-30 m^2  Cq=        -1.7453 MHz  eta= 0.74516

     H   15    Vxx=   -0.0718    axis=( -0.455556  0.178506  0.872126)
     H   15    Vyy=   -0.7374    axis=( -0.204219  0.932606 -0.297558)
     H   15    Vzz=    0.8091    axis=( -0.866466 -0.313659 -0.388400)
     H   15  Q=         1.0000 1e-30 m^2  Cq=         1.9011 MHz  eta= 0.82260

     C   16    Vxx=    0.0080    axis=(  0.721443  0.687641 -0.081666)
     C   16    Vyy=    0.4635    axis=( -0.689245  0.701691 -0.180476)
     C   16    Vzz=   -0.4714    axis=( -0.066798  0.186491  0.980183)
     C   16  Q=         1.0000 1e-30 m^2  Cq=        -1.1077 MHz  eta= 0.96618

     C   17    Vxx=   -0.0905    axis=( -0.224982 -0.362805  0.904299)
     C   17    Vyy=   -0.8486    axis=(  0.965935 -0.204850  0.158131)
     C   17    Vzz=    0.9390    axis=(  0.127875  0.909071  0.396533)
     C   17  Q=         1.0000 1e-30 m^2  Cq=         2.2063 MHz  eta= 0.80733

     Cl  18    Vxx=    0.4593    axis=(  0.991264  0.127607 -0.033339)
     Cl  18    Vyy=    1.4465    axis=(  0.127643 -0.991820 -0.001050)
     Cl  18    Vzz=   -1.9058    axis=(  0.033200  0.003215  0.999444)
     Cl  18  Q=        -8.1650 1e-30 m^2  Cq=        36.5623 MHz  eta= 0.51797

     H   19    Vxx=   -0.1061    axis=(  0.898804  0.279227  0.337911)
     H   19    Vyy=   -0.6715    axis=( -0.437303  0.517900  0.735218)
     H   19    Vzz=    0.7775    axis=(  0.030289 -0.808586  0.587597)
     H   19  Q=         1.0000 1e-30 m^2  Cq=         1.8269 MHz  eta= 0.72718

     C   20    Vxx=    0.0517    axis=(  0.264557  0.926391  0.267973)
     C   20    Vyy=    0.3194    axis=(  0.955629 -0.289163  0.056196)
     C   20    Vzz=   -0.3711    axis=( -0.129547 -0.241215  0.961786)
     C   20  Q=         1.0000 1e-30 m^2  Cq=        -0.8720 MHz  eta= 0.72141

     H   21    Vxx=   -0.0835    axis=(  0.500176  0.683648 -0.531460)
     H   21    Vyy=   -0.7316    axis=( -0.311560  0.714727  0.626176)
     H   21    Vzz=    0.8151    axis=( -0.807932  0.147616 -0.570487)
     H   21  Q=         1.0000 1e-30 m^2  Cq=         1.9152 MHz  eta= 0.79512

     C   22    Vxx=   -0.1616    axis=(  0.992791  0.119457  0.009757)
     C   22    Vyy=   -0.2237    axis=( -0.036007  0.219616  0.974922)
     C   22    Vzz=    0.3853    axis=(  0.114318 -0.968245  0.222334)
     C   22  Q=         1.0000 1e-30 m^2  Cq=         0.9053 MHz  eta= 0.16129

     C   23    Vxx=    0.1537    axis=(  0.971159 -0.080040 -0.224599)
     C   23    Vyy=    0.6448    axis=( -0.173362 -0.883744 -0.434675)
     C   23    Vzz=   -0.7984    axis=( -0.163696  0.461076 -0.872131)
     C   23  Q=         1.0000 1e-30 m^2  Cq=        -1.8760 MHz  eta= 0.61502

     Cl  24    Vxx=   -0.6442    axis=(  0.788664  0.133123 -0.600239)
     Cl  24    Vyy=   -2.2691    axis=( -0.521931  0.660961 -0.539184)
     Cl  24    Vzz=    2.9133    axis=( -0.324957 -0.738518 -0.590758)
     Cl  24  Q=        -8.1650 1e-30 m^2  Cq=       -55.8897 MHz  eta= 0.55778

     Initialization:
     gipaw_setup  :      8.88s CPU     10.67s WALL (       1 calls)

     Linear response

     Apply operators

     Induced current

     Other routines
     efg          :      9.43s CPU     11.99s WALL (       1 calls)

     General routines
     calbec       :      3.43s CPU      4.76s WALL (      16 calls)
     fft          :      1.34s CPU      1.60s WALL (      15 calls)
     ffts         :      0.04s CPU      0.05s WALL (       2 calls)
     fftw         :      3.18s CPU      3.89s WALL (     672 calls)
     davcio       :      0.02s CPU      0.31s WALL (      32 calls)

     Parallel routines
     fft_scatter  :      1.84s CPU      2.64s WALL (     689 calls)

     Plugins

     GIPAW        :     60.68s CPU     71.57s WALL (       1 calls)
