
     Program QE v.6.0 (svn rev. 13079) starts on 23Dec2016 at 23:59: 3 

     This program is part of the open-source Quantum ESPRESSO suite
     for quantum simulation of materials; please cite
         "P. Giannozzi et al., J. Phys.:Condens. Matter 21 395502 (2009);
          URL http://www.quantum-espresso.org", 
     in publications or presentations arising from this work. More details at
     http://www.quantum-espresso.org/quote

     Parallel version (MPI), running on     8 processors
     R & G space division:  proc/nbgrp/npool/nimage =       8

     ***** This is GIPAW svn revision unknown      *****

     Parallelizing q-star over 1 images

     Reading data from directory:
     /users/majewski/paradichlorobenzene/pbe/9_constraint/scratch/pbe.ecut100.np8.dt60.pcl2phi-129368.save
     Message from routine read_xml_file:
     file /users/majewski/paradichlorobenzene/pbe/9_constraint/scratch/pbe.ecut100.np8.dt60.pcl2phi-129368.save not guaranteed to be safe for post-processing

   Info: using nr1, nr2, nr3 values from input

   Info: using nr1, nr2, nr3 values from input

     IMPORTANT: XC functional enforced from input :
     Exchange-correlation      =  SLA  PW   PBX  PBC ( 1  4  3  4 0 0)
     Any further DFT definition will be discarded
     Please, verify this is what you really want

               file C.pbe-n-kjpaw_psl.1.0.0.UPF: wavefunction(s)  2S 2P renormalized
               file Cl.pbe-n-kjpaw_psl.1.0.0.UPF: wavefunction(s)  3S 3P renormalized
               file H.pbe-kjpaw_psl.1.0.0.UPF: wavefunction(s)  1S renormalized

     Parallelization info
     --------------------
     sticks:   dense  smooth     PW     G-vecs:    dense   smooth      PW
     Min        3057    1223    332               144436    36536    5170
     Max        3059    1225    333               144437    36537    5171
     Sum       24467    9791   2657              1155489   292295   41363


     Subspace diagonalization in iterative solution of the eigenvalue problem:
     a serial algorithm will be used

     GIPAW projectors -----------------------------------------------
     atom=  C    l=0  rc=    1.2000  rs=    0.8000
     atom=  C    l=0  rc=    1.2000  rs=    0.8000
     atom=  C    l=1  rc=    1.4000  rs=    0.9333
     atom=  C    l=1  rc=    1.4000  rs=    0.9333
     projs nearly linearly dependent: l=1  n1,n2= 1, 2  s=  0.99951561

     atom=  Cl   l=0  rc=    1.6000  rs=    1.0667
     atom=  Cl   l=0  rc=    1.6000  rs=    1.0667
     atom=  Cl   l=1  rc=    1.6000  rs=    1.0667
     atom=  Cl   l=1  rc=    1.6000  rs=    1.0667
     atom=  Cl   l=2  rc=    1.6000  rs=    1.0667
     atom=  Cl   l=2  rc=    1.6000  rs=    1.0667
     projs nearly linearly dependent: l=2  n1,n2= 1, 2  s=  0.99993509

     atom=  H    l=0  rc=    1.0000  rs=    0.6667
     atom=  H    l=0  rc=    1.0000  rs=    0.6667
     projs nearly linearly dependent: l=0  n1,n2= 1, 2  s=  0.99968852
     -----------------------------------------------------------------

     GIPAW integrals: -------------------------------------------
     Atom  i/j   nmr_para   nmr_dia   epr_rmc  epr_para   epr_dia
       C   1 1   0.83E+03  0.17E-01  0.93E+01  0.24E+08  0.24E+03
       C   2 1   0.86E+03 -0.61E-01  0.94E+01  0.25E+08  0.25E+03
       C   2 2   0.90E+03 -0.15E+00  0.97E+01  0.26E+08  0.26E+03
       C   3 3   0.33E+01  0.34E+00  0.18E+01  0.55E+03  0.21E+02
       C   4 3   0.35E+01  0.37E+00  0.20E+01  0.59E+03  0.22E+02
       C   4 4   0.38E+01  0.39E+00  0.22E+01  0.63E+03  0.24E+02
       Cl  1 1   0.14E+04 -0.47E+00  0.84E+01  0.32E+09  0.42E+03
       Cl  2 1   0.21E+04 -0.37E+00  0.12E+02  0.49E+09  0.65E+03
       Cl  2 2   0.33E+04 -0.16E+00  0.21E+02  0.76E+09  0.10E+04
       Cl  3 3   0.21E+02  0.79E-01  0.89E+01  0.23E+05  0.13E+03
       Cl  4 3   0.24E+02  0.67E-01  0.99E+01  0.27E+05  0.15E+03
       Cl  4 4   0.28E+02  0.44E-01  0.11E+02  0.32E+05  0.18E+03
       Cl  5 5   0.77E+00  0.19E+00  0.18E+01  0.12E+03  0.22E+02
       Cl  6 5   0.80E+00  0.19E+00  0.19E+01  0.12E+03  0.23E+02
       Cl  6 6   0.83E+00  0.20E+00  0.19E+01  0.12E+03  0.23E+02
       H   1 1   0.39E+02  0.19E+00  0.29E+00  0.78E+05  0.13E+02
       H   2 1   0.41E+02  0.21E+00  0.32E+00  0.82E+05  0.14E+02
       H   2 2   0.43E+02  0.22E+00  0.36E+00  0.86E+05  0.15E+02
     ------------------------------------------------------------

     alpha_pv=     34.1009 eV

     Number of occupied bands for each k-point:
     k-point:     1    nbnd_occ=  42
     k-point:     2    nbnd_occ=  42
     k-point:     3    nbnd_occ=  42
     k-point:     4    nbnd_occ=  42
     k-point:     5    nbnd_occ=  42
     k-point:     6    nbnd_occ=  42
     k-point:     7    nbnd_occ=  42
     k-point:     8    nbnd_occ=  42
     k-point:     9    nbnd_occ=  42
     k-point:    10    nbnd_occ=  42
     k-point:    11    nbnd_occ=  42
     k-point:    12    nbnd_occ=  42
     k-point:    13    nbnd_occ=  42
     k-point:    14    nbnd_occ=  42
     k-point:    15    nbnd_occ=  42
     k-point:    16    nbnd_occ=  42


     q-space interpolation up to   110.00 Rydberg

     GIPAW job: efg                                                                             


     ELECTRIC FIELD GRADIENTS TENSORS IN Hartree/bohrradius^2:

     ----- bare term -----
     Cl   1        0.211948        0.106989        0.007848
     Cl   1        0.106989        0.281201        0.091712
     Cl   1        0.007848        0.091712       -0.493148

     C    2       -0.583460        0.037546       -0.243642
     C    2        0.037546        0.005087       -0.277398
     C    2       -0.243642       -0.277398        0.578374

     C    3       -0.043840        0.119850       -0.239575
     C    3        0.119850       -0.471219       -0.434316
     C    3       -0.239575       -0.434316        0.515059

     H    4       -0.545733       -0.256311       -0.271314
     H    4       -0.256311        0.352709       -0.175140
     H    4       -0.271314       -0.175140        0.193024

     C    5       -0.797341        0.377221       -0.407712
     C    5        0.377221        0.414748       -0.140001
     C    5       -0.407712       -0.140001        0.382594

     H    6        0.519354       -0.045215        0.041701
     H    6       -0.045215       -0.248430       -0.347527
     H    6        0.041701       -0.347527       -0.270924

     H    7        0.127878       -0.125208        0.054617
     H    7       -0.125208       -0.329627        0.509028
     H    7        0.054617        0.509028        0.201750

     C    8       -0.490732       -0.095452       -0.353004
     C    8       -0.095452       -0.048203        0.419553
     C    8       -0.353004        0.419553        0.538935

     H    9       -0.490390        0.210544       -0.495901
     H    9        0.210544        0.314792        0.228938
     H    9       -0.495901        0.228938        0.175597

     C   10       -0.125105       -0.424539        0.039133
     C   10       -0.424539       -0.447752        0.531294
     C   10        0.039133        0.531294        0.572857

     C   11       -0.365084        0.189239       -0.254382
     C   11        0.189239       -0.078441        0.511376
     C   11       -0.254382        0.511376        0.443525

     Cl  12       -0.017336       -0.169156       -0.066611
     Cl  12       -0.169156       -0.075885        0.006785
     Cl  12       -0.066611        0.006785        0.093221

     H   13        0.449160       -0.070379       -0.082494
     H   13       -0.070379       -0.198869       -0.584340
     H   13       -0.082494       -0.584340       -0.250291

     C   14       -0.191480        0.351199       -0.033677
     C   14        0.351199       -0.390319       -0.384265
     C   14       -0.033677       -0.384265        0.581800

     H   15       -0.469698       -0.462313       -0.306914
     H   15       -0.462313        0.163134       -0.138955
     H   15       -0.306914       -0.138955        0.306565

     C   16       -0.531994        0.353290       -0.316222
     C   16        0.353290        0.103603       -0.229556
     C   16       -0.316222       -0.229556        0.428392

     C   17       -0.054631       -0.009407       -0.289022
     C   17       -0.009407       -0.011493       -0.651290
     C   17       -0.289022       -0.651290        0.066125

     Cl  18       -0.087440        0.143249       -0.069676
     Cl  18        0.143249        0.042424       -0.099540
     Cl  18       -0.069676       -0.099540        0.045016

     H   19        0.344633       -0.036649        0.241325
     H   19       -0.036649       -0.080940        0.500105
     H   19        0.241325        0.500105       -0.263693

     C   20       -0.318529       -0.298869       -0.135634
     C   20       -0.298869       -0.224037        0.437539
     C   20       -0.135634        0.437539        0.542566

     H   21        0.049682        0.085839       -0.520587
     H   21        0.085839        0.470303        0.031506
     H   21       -0.520587        0.031506       -0.519986

     C   22       -0.299727       -0.062185       -0.194188
     C   22       -0.062185       -0.081910        0.377667
     C   22       -0.194188        0.377667        0.381636

     C   23       -0.173538       -0.253580       -0.154518
     C   23       -0.253580       -0.396391        0.447778
     C   23       -0.154518        0.447778        0.569929

     Cl  24       -0.067324       -0.013076       -0.092670
     Cl  24       -0.013076        0.006060        0.134452
     Cl  24       -0.092670        0.134452        0.061265

     ----- ionic term -----
     Cl   1        0.143414       -0.218692       -0.051904
     Cl   1       -0.218692       -0.011451        0.038207
     Cl   1       -0.051904        0.038207       -0.131963

     C    2        0.262277       -0.161108        0.131188
     C    2       -0.161108       -0.006014        0.476602
     C    2        0.131188        0.476602       -0.256263

     C    3        0.189596       -0.161599        0.118052
     C    3       -0.161599        0.024857        0.465483
     C    3        0.118052        0.465483       -0.214453

     H    4        0.567247        0.391531        0.645060
     H    4        0.391531       -0.413416        0.297267
     H    4        0.645060        0.297267       -0.153831

     C    5        0.372262       -0.137767        0.206093
     C    5       -0.137767       -0.124194        0.375658
     C    5        0.206093        0.375658       -0.248068

     H    6       -0.525939        0.034426        0.029787
     H    6        0.034426        0.376629        0.818739
     H    6        0.029787        0.818739        0.149310

     H    7       -0.500696        0.128486       -0.091545
     H    7        0.128486        0.408349       -0.772714
     H    7       -0.091545       -0.772714        0.092347

     C    8        0.223133        0.316387        0.217076
     C    8        0.316387        0.045157       -0.299736
     C    8        0.217076       -0.299736       -0.268289

     H    9        0.611386       -0.188009        0.717413
     H    9       -0.188009       -0.460201       -0.197841
     H    9        0.717413       -0.197841       -0.151186

     C   10        0.139171        0.313212        0.209150
     C   10        0.313212        0.175236       -0.380413
     C   10        0.209150       -0.380413       -0.314407

     C   11        0.190899        0.159744        0.401504
     C   11        0.159744        0.076451       -0.384706
     C   11        0.401504       -0.384706       -0.267349

     Cl  12        0.137074        0.223358        0.066664
     Cl  12        0.223358        0.022003        0.029314
     Cl  12        0.066664        0.029314       -0.159076

     H   13       -0.499504        0.032926        0.027766
     H   13        0.032926        0.681311        0.726073
     H   13        0.027766        0.726073       -0.181807

     C   14        0.412892       -0.236245        0.133105
     C   14       -0.236245       -0.016595        0.345194
     C   14        0.133105        0.345194       -0.396297

     H   15        0.747334        0.364823        0.547343
     H   15        0.364823       -0.450670        0.228900
     H   15        0.547343        0.228900       -0.296665

     C   16        0.269766       -0.244921        0.091604
     C   16       -0.244921        0.047054        0.452501
     C   16        0.091604        0.452501       -0.316820

     C   17        0.253252       -0.085468        0.235527
     C   17       -0.085468       -0.024452        0.468738
     C   17        0.235527        0.468738       -0.228800

     Cl  18        0.127026       -0.172196       -0.028150
     Cl  18       -0.172196       -0.015839        0.015305
     Cl  18       -0.028150        0.015305       -0.111186

     H   19       -0.508756        0.092161       -0.025476
     H   19        0.092161        0.663812       -0.701651
     H   19       -0.025476       -0.701651       -0.155055

     C   20        0.275788        0.187347        0.341943
     C   20        0.187347        0.029415       -0.294907
     C   20        0.341943       -0.294907       -0.305203

     H   21        0.481634       -0.332080        0.704509
     H   21       -0.332080       -0.403079       -0.282146
     H   21        0.704509       -0.282146       -0.078555

     C   22        0.101717        0.213676        0.229709
     C   22        0.213676        0.163880       -0.372192
     C   22        0.229709       -0.372192       -0.265597

     C   23        0.096906        0.220804        0.253080
     C   23        0.220804        0.149885       -0.392610
     C   23        0.253080       -0.392610       -0.246791

     Cl  24        0.105161        0.222677        0.011347
     Cl  24        0.222677        0.032027        0.000137
     Cl  24        0.011347        0.000137       -0.137188

     ----- GIPAW term -----
     Cl   1       -0.239538       -0.602981       -0.193073
     Cl   1       -0.602981       -0.624492       -0.027554
     Cl   1       -0.193073       -0.027554        0.864030

     C    2       -0.160799       -0.070539       -0.028202
     C    2       -0.070539       -0.117879       -0.007133
     C    2       -0.028202       -0.007133        0.278678

     C    3       -0.087212       -0.035371       -0.103315
     C    3       -0.035371       -0.110144        0.070238
     C    3       -0.103315        0.070238        0.197356

     H    4       -0.000000        0.000000        0.000000
     H    4        0.000000        0.000000        0.000000
     H    4        0.000000        0.000000        0.000000

     C    5       -0.218542        0.093868       -0.045036
     C    5        0.093868        0.257113        0.056983
     C    5       -0.045036        0.056983       -0.038571

     H    6       -0.000000        0.000000        0.000000
     H    6        0.000000        0.000000        0.000000
     H    6        0.000000        0.000000        0.000000

     H    7       -0.000000        0.000000        0.000000
     H    7        0.000000        0.000000        0.000000
     H    7        0.000000        0.000000        0.000000

     C    8       -0.132504        0.005468       -0.022016
     C    8        0.005468       -0.054962        0.150336
     C    8       -0.022016        0.150336        0.187466

     H    9       -0.000000        0.000000        0.000000
     H    9        0.000000        0.000000        0.000000
     H    9        0.000000        0.000000        0.000000

     C   10       -0.036991       -0.041201        0.117394
     C   10       -0.041201       -0.136182        0.110971
     C   10        0.117394        0.110971        0.173173

     C   11       -0.064273        0.160251        0.076512
     C   11        0.160251       -0.107020        0.120715
     C   11        0.076512        0.120715        0.171294

     Cl  12        1.740158        1.630892       -0.555325
     Cl  12        1.630892       -0.421872        0.023035
     Cl  12       -0.555325        0.023035       -1.318287

     H   13       -0.000000        0.000000        0.000000
     H   13        0.000000        0.000000        0.000000
     H   13        0.000000        0.000000        0.000000

     C   14       -0.070695        0.063857        0.098606
     C   14        0.063857       -0.201018       -0.046331
     C   14        0.098606       -0.046331        0.271712

     H   15       -0.000000        0.000000        0.000000
     H   15        0.000000        0.000000        0.000000
     H   15        0.000000        0.000000        0.000000

     C   16       -0.173082        0.101060       -0.043747
     C   16        0.101060        0.116651        0.061526
     C   16       -0.043747        0.061526        0.056430

     C   17       -0.012748       -0.077703       -0.047353
     C   17       -0.077703        0.181710       -0.111310
     C   17       -0.047353       -0.111310       -0.168962

     Cl  18        0.245297        0.038094       -1.429131
     Cl  18        0.038094        0.555731       -1.902446
     Cl  18       -1.429131       -1.902446       -0.801028

     H   19       -0.000000        0.000000        0.000000
     H   19        0.000000        0.000000        0.000000
     H   19        0.000000        0.000000        0.000000

     C   20       -0.130303       -0.036839        0.008132
     C   20       -0.036839       -0.145286        0.162180
     C   20        0.008132        0.162180        0.275589

     H   21       -0.000000        0.000000        0.000000
     H   21        0.000000        0.000000        0.000000
     H   21        0.000000        0.000000        0.000000

     C   22       -0.168761        0.034529        0.010190
     C   22        0.034529       -0.069773        0.142701
     C   22        0.010190        0.142701        0.238534

     C   23       -0.092532        0.056709        0.032062
     C   23        0.056709       -0.137174        0.157539
     C   23        0.032062        0.157539        0.229706

     Cl  24       -0.199786        1.498724       -0.615481
     Cl  24        1.498724        0.564209        2.147718
     Cl  24       -0.615481        2.147718       -0.364423

     ----- total EFG -----
     Cl   1        0.115824       -0.714684       -0.237129
     Cl   1       -0.714684       -0.354742        0.102365
     Cl   1       -0.237129        0.102365        0.238919

     C    2       -0.481982       -0.194101       -0.140656
     C    2       -0.194101       -0.118806        0.192071
     C    2       -0.140656        0.192071        0.600788

     C    3        0.058544       -0.077119       -0.224838
     C    3       -0.077119       -0.556506        0.101405
     C    3       -0.224838        0.101405        0.497961

     H    4        0.021514        0.135220        0.373745
     H    4        0.135220       -0.060707        0.122126
     H    4        0.373745        0.122126        0.039193

     C    5       -0.643622        0.333321       -0.246655
     C    5        0.333321        0.547667        0.292640
     C    5       -0.246655        0.292640        0.095955

     H    6       -0.006585       -0.010789        0.071488
     H    6       -0.010789        0.128198        0.471212
     H    6        0.071488        0.471212       -0.121613

     H    7       -0.372818        0.003278       -0.036928
     H    7        0.003278        0.078722       -0.263686
     H    7       -0.036928       -0.263686        0.294096

     C    8       -0.400103        0.226403       -0.157944
     C    8        0.226403       -0.058008        0.270153
     C    8       -0.157944        0.270153        0.458112

     H    9        0.120997        0.022535        0.221513
     H    9        0.022535       -0.145409        0.031096
     H    9        0.221513        0.031096        0.024412

     C   10       -0.022926       -0.152528        0.365677
     C   10       -0.152528       -0.408698        0.261851
     C   10        0.365677        0.261851        0.431623

     C   11       -0.238458        0.509233        0.223634
     C   11        0.509233       -0.109011        0.247385
     C   11        0.223634        0.247385        0.347469

     Cl  12        1.859896        1.685094       -0.555272
     Cl  12        1.685094       -0.475753        0.059134
     Cl  12       -0.555272        0.059134       -1.384142

     H   13       -0.050344       -0.037453       -0.054728
     H   13       -0.037453        0.482442        0.141734
     H   13       -0.054728        0.141734       -0.432098

     C   14        0.150717        0.178810        0.198033
     C   14        0.178810       -0.607932       -0.085402
     C   14        0.198033       -0.085402        0.457215

     H   15        0.277636       -0.097490        0.240429
     H   15       -0.097490       -0.287536        0.089946
     H   15        0.240429        0.089946        0.009900

     C   16       -0.435310        0.209429       -0.268365
     C   16        0.209429        0.267307        0.284472
     C   16       -0.268365        0.284472        0.168002

     C   17        0.185873       -0.172578       -0.100848
     C   17       -0.172578        0.145765       -0.293861
     C   17       -0.100848       -0.293861       -0.331637

     Cl  18        0.284883        0.009146       -1.526957
     Cl  18        0.009146        0.582316       -1.986682
     Cl  18       -1.526957       -1.986682       -0.867198

     H   19       -0.164124        0.055512        0.215849
     H   19        0.055512        0.582872       -0.201546
     H   19        0.215849       -0.201546       -0.418748

     C   20       -0.173044       -0.148361        0.214441
     C   20       -0.148361       -0.339908        0.304812
     C   20        0.214441        0.304812        0.512952

     H   21        0.531316       -0.246241        0.183922
     H   21       -0.246241        0.067224       -0.250640
     H   21        0.183922       -0.250640       -0.598540

     C   22       -0.366770        0.186020        0.045711
     C   22        0.186020        0.012198        0.148176
     C   22        0.045711        0.148176        0.354573

     C   23       -0.169163        0.023933        0.130625
     C   23        0.023933       -0.383680        0.212707
     C   23        0.130625        0.212707        0.552844

     Cl  24       -0.161949        1.708325       -0.696803
     Cl  24        1.708325        0.602296        2.282307
     Cl  24       -0.696803        2.282307       -0.440347

     ----- total EFG (symmetrized) -----
     Cl   1        0.115824       -0.714684       -0.237129
     Cl   1       -0.714684       -0.354742        0.102365
     Cl   1       -0.237129        0.102365        0.238919

     C    2       -0.481982       -0.194101       -0.140656
     C    2       -0.194101       -0.118806        0.192071
     C    2       -0.140656        0.192071        0.600788

     C    3        0.058544       -0.077119       -0.224838
     C    3       -0.077119       -0.556506        0.101405
     C    3       -0.224838        0.101405        0.497961

     H    4        0.021514        0.135220        0.373745
     H    4        0.135220       -0.060707        0.122126
     H    4        0.373745        0.122126        0.039193

     C    5       -0.643622        0.333321       -0.246655
     C    5        0.333321        0.547667        0.292640
     C    5       -0.246655        0.292640        0.095955

     H    6       -0.006585       -0.010789        0.071488
     H    6       -0.010789        0.128198        0.471212
     H    6        0.071488        0.471212       -0.121613

     H    7       -0.372818        0.003278       -0.036928
     H    7        0.003278        0.078722       -0.263686
     H    7       -0.036928       -0.263686        0.294096

     C    8       -0.400103        0.226403       -0.157944
     C    8        0.226403       -0.058008        0.270153
     C    8       -0.157944        0.270153        0.458112

     H    9        0.120997        0.022535        0.221513
     H    9        0.022535       -0.145409        0.031096
     H    9        0.221513        0.031096        0.024412

     C   10       -0.022926       -0.152528        0.365677
     C   10       -0.152528       -0.408698        0.261851
     C   10        0.365677        0.261851        0.431623

     C   11       -0.238458        0.509233        0.223634
     C   11        0.509233       -0.109011        0.247385
     C   11        0.223634        0.247385        0.347469

     Cl  12        1.859896        1.685094       -0.555272
     Cl  12        1.685094       -0.475753        0.059134
     Cl  12       -0.555272        0.059134       -1.384142

     H   13       -0.050344       -0.037453       -0.054728
     H   13       -0.037453        0.482442        0.141734
     H   13       -0.054728        0.141734       -0.432098

     C   14        0.150717        0.178810        0.198033
     C   14        0.178810       -0.607932       -0.085402
     C   14        0.198033       -0.085402        0.457215

     H   15        0.277636       -0.097490        0.240429
     H   15       -0.097490       -0.287536        0.089946
     H   15        0.240429        0.089946        0.009900

     C   16       -0.435310        0.209429       -0.268365
     C   16        0.209429        0.267307        0.284472
     C   16       -0.268365        0.284472        0.168002

     C   17        0.185873       -0.172578       -0.100848
     C   17       -0.172578        0.145765       -0.293861
     C   17       -0.100848       -0.293861       -0.331637

     Cl  18        0.284883        0.009146       -1.526957
     Cl  18        0.009146        0.582316       -1.986682
     Cl  18       -1.526957       -1.986682       -0.867198

     H   19       -0.164124        0.055512        0.215849
     H   19        0.055512        0.582872       -0.201546
     H   19        0.215849       -0.201546       -0.418748

     C   20       -0.173044       -0.148361        0.214441
     C   20       -0.148361       -0.339908        0.304812
     C   20        0.214441        0.304812        0.512952

     H   21        0.531316       -0.246241        0.183922
     H   21       -0.246241        0.067224       -0.250640
     H   21        0.183922       -0.250640       -0.598540

     C   22       -0.366770        0.186020        0.045711
     C   22        0.186020        0.012198        0.148176
     C   22        0.045711        0.148176        0.354573

     C   23       -0.169163        0.023933        0.130625
     C   23        0.023933       -0.383680        0.212707
     C   23        0.130625        0.212707        0.552844

     Cl  24       -0.161949        1.708325       -0.696803
     Cl  24        1.708325        0.602296        2.282307
     Cl  24       -0.696803        2.282307       -0.440347


     NQR/NMR SPECTROSCOPIC PARAMETERS:
     Cl   1    Vxx=    0.1185    axis=(  0.326312 -0.298790  0.896797)
     Cl   1    Vyy=    0.7563    axis=( -0.736545  0.514274  0.439345)
     Cl   1    Vzz=   -0.8748    axis=( -0.592471 -0.803895 -0.052258)
     Cl   1  Q=        -8.1650 1e-30 m^2  Cq=        16.7828 MHz  eta= 0.72901

     C    2    Vxx=   -0.1098    axis=( -0.345835  0.886299 -0.308013)
     C    2    Vyy=   -0.5688    axis=(  0.924564  0.377844  0.049140)
     C    2    Vzz=    0.6786    axis=( -0.159934  0.267784  0.950112)
     C    2  Q=         1.0000 1e-30 m^2  Cq=         1.5944 MHz  eta= 0.67634

     C    3    Vxx=   -0.0343    axis=( -0.915621  0.057959 -0.397843)
     C    3    Vyy=   -0.5715    axis=( -0.095056 -0.992707  0.074146)
     C    3    Vzz=    0.6057    axis=( -0.390644  0.105707  0.914452)
     C    3  Q=         1.0000 1e-30 m^2  Cq=         1.4232 MHz  eta= 0.88686

     H    4    Vxx=   -0.1229    axis=(  0.192683 -0.944188  0.267173)
     H    4    Vyy=   -0.3440    axis=( -0.722648  0.047653  0.689571)
     H    4    Vzz=    0.4669    axis=(  0.663817  0.325941  0.673134)
     H    4  Q=         1.0000 1e-30 m^2  Cq=         1.0970 MHz  eta= 0.47373

     C    5    Vxx=    0.1169    axis=( -0.404605 -0.278646  0.871006)
     C    5    Vyy=    0.7219    axis=( -0.157609 -0.916949 -0.366557)
     C    5    Vzz=   -0.8389    axis=(  0.900808 -0.285589  0.327085)
     C    5  Q=         1.0000 1e-30 m^2  Cq=        -1.9710 MHz  eta= 0.72126

     H    6    Vxx=   -0.0008    axis=(  0.989083 -0.134789  0.059548)
     H    6    Vyy=   -0.4924    axis=( -0.129390 -0.601038  0.788677)
     H    6    Vzz=    0.4933    axis=( -0.070514 -0.787772 -0.611917)
     H    6  Q=         1.0000 1e-30 m^2  Cq=         1.1590 MHz  eta= 0.99671

     H    7    Vxx=   -0.0973    axis=( -0.064290  0.830409  0.553432)
     H    7    Vyy=   -0.3752    axis=( -0.997191 -0.032105 -0.067667)
     H    7    Vzz=    0.4725    axis=( -0.038423 -0.556228  0.830141)
     H    7  Q=         1.0000 1e-30 m^2  Cq=         1.1102 MHz  eta= 0.58828

     C    8    Vxx=    0.0045    axis=(  0.549394  0.787959 -0.278004)
     C    8    Vyy=    0.5772    axis=(  0.063703 -0.371245 -0.926347)
     C    8    Vzz=   -0.5818    axis=( -0.833132  0.491220 -0.254155)
     C    8  Q=         1.0000 1e-30 m^2  Cq=        -1.3669 MHz  eta= 0.98441

     H    9    Vxx=   -0.1408    axis=(  0.432050 -0.792727 -0.430020)
     H    9    Vyy=   -0.1617    axis=(  0.461227  0.603969 -0.649993)
     H    9    Vzz=    0.3025    axis=( -0.774986 -0.082493 -0.626572)
     H    9  Q=         1.0000 1e-30 m^2  Cq=         0.7107 MHz  eta= 0.06891

     C   10    Vxx=   -0.0526    axis=(  0.781911 -0.550281 -0.292928)
     C   10    Vyy=   -0.6065    axis=(  0.441697  0.820632 -0.362583)
     C   10    Vzz=    0.6591    axis=(  0.439909  0.154122  0.884718)
     C   10  Q=         1.0000 1e-30 m^2  Cq=         1.5485 MHz  eta= 0.84045

     C   11    Vxx=    0.0101    axis=(  0.466936  0.536566 -0.702900)
     C   11    Vyy=    0.6770    axis=(  0.466317  0.525963  0.711274)
     C   11    Vzz=   -0.6871    axis=( -0.751345  0.659894  0.004619)
     C   11  Q=         1.0000 1e-30 m^2  Cq=        -1.6144 MHz  eta= 0.97070

     Cl  12    Vxx=   -1.0866    axis=(  0.277253 -0.701232 -0.656814)
     Cl  12    Vyy=   -1.7076    axis=(  0.375865 -0.549973  0.745825)
     Cl  12    Vzz=    2.7942    axis=( -0.884226 -0.453656  0.111087)
     Cl  12  Q=        -8.1650 1e-30 m^2  Cq=       -53.6053 MHz  eta= 0.22223

     H   13    Vxx=   -0.0482    axis=(  0.989648  0.097876 -0.104960)
     H   13    Vyy=   -0.4593    axis=( -0.118371  0.143168 -0.982594)
     H   13    Vzz=    0.5076    axis=( -0.081145  0.984847  0.153272)
     H   13  Q=         1.0000 1e-30 m^2  Cq=         1.1926 MHz  eta= 0.80991

     C   14    Vxx=    0.1084    axis=( -0.864732 -0.266608  0.425628)
     C   14    Vyy=    0.5544    axis=(  0.441133  0.001924  0.897439)
     C   14    Vzz=   -0.6627    axis=( -0.240083  0.963803  0.115946)
     C   14  Q=         1.0000 1e-30 m^2  Cq=        -1.5572 MHz  eta= 0.67296

     H   15    Vxx=   -0.0612    axis=( -0.409633  0.483758  0.773420)
     H   15    Vyy=   -0.3599    axis=(  0.283016  0.873375 -0.396382)
     H   15    Vzz=    0.4211    axis=( -0.867239  0.056519 -0.494675)
     H   15  Q=         1.0000 1e-30 m^2  Cq=         0.9895 MHz  eta= 0.70944

     C   16    Vxx=    0.1325    axis=( -0.513572 -0.565003  0.645767)
     C   16    Vyy=    0.5066    axis=(  0.016669 -0.759029 -0.650843)
     C   16    Vzz=   -0.6392    axis=( -0.857885  0.323490 -0.399234)
     C   16  Q=         1.0000 1e-30 m^2  Cq=        -1.5018 MHz  eta= 0.58529

     C   17    Vxx=    0.1422    axis=(  0.769898  0.455867 -0.446590)
     C   17    Vyy=    0.3694    axis=(  0.593136 -0.769373  0.237180)
     C   17    Vzz=   -0.5116    axis=(  0.235472  0.447493  0.862730)
     C   17  Q=         1.0000 1e-30 m^2  Cq=        -1.2020 MHz  eta= 0.44414

     Cl  18    Vxx=    0.3826    axis=(  0.808142 -0.586392 -0.055228)
     Cl  18    Vyy=    2.4077    axis=(  0.439267  0.662522 -0.606720)
     Cl  18    Vzz=   -2.7903    axis=(  0.392366  0.466056  0.792995)
     Cl  18  Q=        -8.1650 1e-30 m^2  Cq=        53.5310 MHz  eta= 0.72577

     H   19    Vxx=   -0.0446    axis=( -0.880341 -0.072677 -0.468740)
     H   19    Vyy=   -0.5775    axis=( -0.473993  0.172641  0.863438)
     H   19    Vzz=    0.6222    axis=(  0.018172  0.982300 -0.186432)
     H   19  Q=         1.0000 1e-30 m^2  Cq=         1.4618 MHz  eta= 0.85659

     C   20    Vxx=   -0.0872    axis=(  0.845165 -0.533608 -0.030971)
     C   20    Vyy=   -0.5560    axis=(  0.495562  0.803982 -0.328680)
     C   20    Vzz=    0.6432    axis=(  0.200286  0.262441  0.943933)
     C   20  Q=         1.0000 1e-30 m^2  Cq=         1.5113 MHz  eta= 0.72875

     H   21    Vxx=   -0.0041    axis=(  0.468303  0.856680 -0.216315)
     H   21    Vyy=   -0.6906    axis=(  0.085608 -0.287661 -0.953899)
     H   21    Vzz=    0.6947    axis=( -0.879411  0.428195 -0.208051)
     H   21  Q=         1.0000 1e-30 m^2  Cq=         1.6323 MHz  eta= 0.98821

     C   22    Vxx=    0.0175    axis=(  0.355572  0.836882 -0.416169)
     C   22    Vyy=    0.4255    axis=(  0.144208  0.390813  0.909103)
     C   22    Vzz=   -0.4431    axis=( -0.923457  0.383267 -0.018277)
     C   22  Q=         1.0000 1e-30 m^2  Cq=        -1.0410 MHz  eta= 0.92079

     C   23    Vxx=   -0.1914    axis=(  0.986035 -0.052209 -0.158145)
     C   23    Vyy=   -0.4298    axis=(  0.017435  0.976734 -0.213745)
     C   23    Vzz=    0.6212    axis=(  0.165625  0.208003  0.964004)
     C   23  Q=         1.0000 1e-30 m^2  Cq=         1.4595 MHz  eta= 0.38382

     Cl  24    Vxx=    0.4067    axis=(  0.799514  0.021307 -0.600269)
     Cl  24    Vyy=    2.7598    axis=( -0.348669 -0.797291 -0.492703)
     Cl  24    Vzz=   -3.1665    axis=( -0.489087  0.603218 -0.630017)
     Cl  24  Q=        -8.1650 1e-30 m^2  Cq=        60.7478 MHz  eta= 0.74310

     Initialization:
     gipaw_setup  :      9.59s CPU     12.22s WALL (       1 calls)

     Linear response

     Apply operators

     Induced current

     Other routines
     efg          :     16.87s CPU     30.08s WALL (       1 calls)

     General routines
     calbec       :      3.23s CPU      4.18s WALL (      16 calls)
     fft          :      1.79s CPU      3.20s WALL (      15 calls)
     ffts         :      0.06s CPU      0.10s WALL (       2 calls)
     fftw         :     10.75s CPU     21.93s WALL (     672 calls)
     davcio       :      0.07s CPU      0.36s WALL (      32 calls)

     Parallel routines
     fft_scatter  :      9.91s CPU     22.38s WALL (     689 calls)

     Plugins

     GIPAW        :     68.64s CPU     92.56s WALL (       1 calls)
