
     Program QE v.6.0 (svn rev. 13079) starts on 17Jan2017 at  7:47:39 

     This program is part of the open-source Quantum ESPRESSO suite
     for quantum simulation of materials; please cite
         "P. Giannozzi et al., J. Phys.:Condens. Matter 21 395502 (2009);
          URL http://www.quantum-espresso.org", 
     in publications or presentations arising from this work. More details at
     http://www.quantum-espresso.org/quote

     Parallel version (MPI), running on     8 processors
     R & G space division:  proc/nbgrp/npool/nimage =       8

     ***** This is GIPAW svn revision unknown      *****

     Parallelizing q-star over 1 images

     Reading data from directory:
     /users/majewski/paradichlorobenzene/pbe/9_constraint/scratch/pbe.ecut100.np8.dt60.pcl2phi-129368.save
     Message from routine read_xml_file:
     file /users/majewski/paradichlorobenzene/pbe/9_constraint/scratch/pbe.ecut100.np8.dt60.pcl2phi-129368.save not guaranteed to be safe for post-processing

   Info: using nr1, nr2, nr3 values from input

   Info: using nr1, nr2, nr3 values from input

     IMPORTANT: XC functional enforced from input :
     Exchange-correlation      =  SLA  PW   PBX  PBC ( 1  4  3  4 0 0)
     Any further DFT definition will be discarded
     Please, verify this is what you really want

               file C.pbe-n-kjpaw_psl.1.0.0.UPF: wavefunction(s)  2S 2P renormalized
               file Cl.pbe-n-kjpaw_psl.1.0.0.UPF: wavefunction(s)  3S 3P renormalized
               file H.pbe-kjpaw_psl.1.0.0.UPF: wavefunction(s)  1S renormalized

     Parallelization info
     --------------------
     sticks:   dense  smooth     PW     G-vecs:    dense   smooth      PW
     Min        3057    1223    332               144436    36536    5170
     Max        3059    1225    333               144437    36537    5171
     Sum       24467    9791   2657              1155489   292295   41363


     Subspace diagonalization in iterative solution of the eigenvalue problem:
     a serial algorithm will be used

     GIPAW projectors -----------------------------------------------
     atom=  C    l=0  rc=    1.2000  rs=    0.8000
     atom=  C    l=0  rc=    1.2000  rs=    0.8000
     atom=  C    l=1  rc=    1.4000  rs=    0.9333
     atom=  C    l=1  rc=    1.4000  rs=    0.9333
     projs nearly linearly dependent: l=1  n1,n2= 1, 2  s=  0.99951561

     atom=  Cl   l=0  rc=    1.6000  rs=    1.0667
     atom=  Cl   l=0  rc=    1.6000  rs=    1.0667
     atom=  Cl   l=1  rc=    1.6000  rs=    1.0667
     atom=  Cl   l=1  rc=    1.6000  rs=    1.0667
     atom=  Cl   l=2  rc=    1.6000  rs=    1.0667
     atom=  Cl   l=2  rc=    1.6000  rs=    1.0667
     projs nearly linearly dependent: l=2  n1,n2= 1, 2  s=  0.99993509

     atom=  H    l=0  rc=    1.0000  rs=    0.6667
     atom=  H    l=0  rc=    1.0000  rs=    0.6667
     projs nearly linearly dependent: l=0  n1,n2= 1, 2  s=  0.99968852
     -----------------------------------------------------------------

     GIPAW integrals: -------------------------------------------
     Atom  i/j   nmr_para   nmr_dia   epr_rmc  epr_para   epr_dia
       C   1 1   0.83E+03  0.17E-01  0.93E+01  0.24E+08  0.24E+03
       C   2 1   0.86E+03 -0.61E-01  0.94E+01  0.25E+08  0.25E+03
       C   2 2   0.90E+03 -0.15E+00  0.97E+01  0.26E+08  0.26E+03
       C   3 3   0.33E+01  0.34E+00  0.18E+01  0.55E+03  0.21E+02
       C   4 3   0.35E+01  0.37E+00  0.20E+01  0.59E+03  0.22E+02
       C   4 4   0.38E+01  0.39E+00  0.22E+01  0.63E+03  0.24E+02
       Cl  1 1   0.14E+04 -0.47E+00  0.84E+01  0.32E+09  0.42E+03
       Cl  2 1   0.21E+04 -0.37E+00  0.12E+02  0.49E+09  0.65E+03
       Cl  2 2   0.33E+04 -0.16E+00  0.21E+02  0.76E+09  0.10E+04
       Cl  3 3   0.21E+02  0.79E-01  0.89E+01  0.23E+05  0.13E+03
       Cl  4 3   0.24E+02  0.67E-01  0.99E+01  0.27E+05  0.15E+03
       Cl  4 4   0.28E+02  0.44E-01  0.11E+02  0.32E+05  0.18E+03
       Cl  5 5   0.77E+00  0.19E+00  0.18E+01  0.12E+03  0.22E+02
       Cl  6 5   0.80E+00  0.19E+00  0.19E+01  0.12E+03  0.23E+02
       Cl  6 6   0.83E+00  0.20E+00  0.19E+01  0.12E+03  0.23E+02
       H   1 1   0.39E+02  0.19E+00  0.29E+00  0.78E+05  0.13E+02
       H   2 1   0.41E+02  0.21E+00  0.32E+00  0.82E+05  0.14E+02
       H   2 2   0.43E+02  0.22E+00  0.36E+00  0.86E+05  0.15E+02
     ------------------------------------------------------------

     alpha_pv=     34.2488 eV

     Number of occupied bands for each k-point:
     k-point:     1    nbnd_occ=  42
     k-point:     2    nbnd_occ=  42
     k-point:     3    nbnd_occ=  42
     k-point:     4    nbnd_occ=  42
     k-point:     5    nbnd_occ=  42
     k-point:     6    nbnd_occ=  42
     k-point:     7    nbnd_occ=  42
     k-point:     8    nbnd_occ=  42
     k-point:     9    nbnd_occ=  42
     k-point:    10    nbnd_occ=  42
     k-point:    11    nbnd_occ=  42
     k-point:    12    nbnd_occ=  42
     k-point:    13    nbnd_occ=  42
     k-point:    14    nbnd_occ=  42
     k-point:    15    nbnd_occ=  42
     k-point:    16    nbnd_occ=  42


     q-space interpolation up to   110.00 Rydberg

     GIPAW job: efg                                                                             


     ELECTRIC FIELD GRADIENTS TENSORS IN Hartree/bohrradius^2:

     ----- bare term -----
     Cl   1       -0.096693        0.279260       -0.033387
     Cl   1        0.279260       -0.205519       -0.174128
     Cl   1       -0.033387       -0.174128        0.302213

     C    2        0.162090       -0.018883       -0.240637
     C    2       -0.018883       -0.123222       -0.607192
     C    2       -0.240637       -0.607192       -0.038868

     C    3       -0.530343        0.278446       -0.019413
     C    3        0.278446        0.024126       -0.058586
     C    3       -0.019413       -0.058586        0.506217

     H    4       -0.057337       -0.386313       -0.169124
     H    4       -0.386313       -0.377995        0.023011
     H    4       -0.169124        0.023011        0.435331

     C    5       -0.047644       -0.250091       -0.406696
     C    5       -0.250091       -0.039619       -0.460171
     C    5       -0.406696       -0.460171        0.087263

     H    6        0.197333        0.208567       -0.104379
     H    6        0.208567       -0.513821       -0.009402
     H    6       -0.104379       -0.009402        0.316488

     H    7        0.252589        0.101317        0.138511
     H    7        0.101317       -0.302134        0.537667
     H    7        0.138511        0.537667        0.049546

     C    8       -0.649861       -0.324325       -0.382864
     C    8       -0.324325        0.380286        0.057146
     C    8       -0.382864        0.057146        0.269575

     H    9        0.181931        0.053945       -0.273114
     H    9        0.053945        0.292620       -0.241992
     H    9       -0.273114       -0.241992       -0.474551

     C   10        0.119768       -0.267769       -0.068103
     C   10       -0.267769       -0.120900        0.505629
     C   10       -0.068103        0.505629        0.001132

     C   11       -0.542612       -0.419973       -0.331749
     C   11       -0.419973        0.223903        0.183472
     C   11       -0.331749        0.183472        0.318709

     Cl  12       -0.029699       -0.067035       -0.088461
     Cl  12       -0.067035        0.011282        0.077674
     Cl  12       -0.088461        0.077674        0.018416

     H   13        0.479117       -0.033526       -0.034501
     H   13       -0.033526       -0.477064       -0.536683
     H   13       -0.034501       -0.536683       -0.002052

     C   14       -0.882473        0.381112       -0.362164
     C   14        0.381112        0.517151       -0.107281
     C   14       -0.362164       -0.107281        0.365322

     H   15       -0.372524        0.116232       -0.496873
     H   15        0.116232        0.137683       -0.072288
     H   15       -0.496873       -0.072288        0.234841

     C   16       -0.015660       -0.027163       -0.267052
     C   16       -0.027163       -0.096948       -0.613623
     C   16       -0.267052       -0.613623        0.112608

     C   17       -0.629181        0.371761       -0.312616
     C   17        0.371761        0.200028       -0.129402
     C   17       -0.312616       -0.129402        0.429153

     Cl  18        0.102451       -0.165122       -0.059238
     Cl  18       -0.165122        0.002372        0.020882
     Cl  18       -0.059238        0.020882       -0.104823

     H   19        0.450575       -0.014814       -0.010368
     H   19       -0.014814       -0.794327        0.257135
     H   19       -0.010368        0.257135        0.343751

     C   20       -0.076735        0.088922       -0.289333
     C   20        0.088922        0.026923        0.456911
     C   20       -0.289333        0.456911        0.049812

     H   21        0.036342        0.181169       -0.393628
     H   21        0.181169        0.162533        0.520797
     H   21       -0.393628        0.520797       -0.198875

     C   22       -0.778865       -0.363069       -0.318737
     C   22       -0.363069        0.368038        0.065500
     C   22       -0.318737        0.065500        0.410827

     C   23        0.092448       -0.028022       -0.190430
     C   23       -0.028022       -0.121364        0.554375
     C   23       -0.190430        0.554375        0.028916

     Cl  24       -0.171132       -0.270778        0.010240
     Cl  24       -0.270778        0.116912       -0.037352
     Cl  24        0.010240       -0.037352        0.054219

     ----- ionic term -----
     Cl   1        0.169109       -0.189922        0.056259
     Cl   1       -0.189922       -0.009259       -0.026079
     Cl   1        0.056259       -0.026079       -0.159850

     C    2        0.217037       -0.151349        0.305677
     C    2       -0.151349        0.164802        0.369183
     C    2        0.305677        0.369183       -0.381839

     C    3        0.236820       -0.224189        0.132201
     C    3       -0.224189        0.212807        0.380875
     C    3        0.132201        0.380875       -0.449627

     H    4        0.673382        0.424891        0.562946
     H    4        0.424891       -0.319392        0.257269
     H    4        0.562946        0.257269       -0.353989

     C    5        0.409355       -0.173260        0.192247
     C    5       -0.173260        0.068368        0.280474
     C    5        0.192247        0.280474       -0.477723

     H    6       -0.458042       -0.156324       -0.044966
     H    6       -0.156324        0.894438        0.488157
     H    6       -0.044966        0.488157       -0.436397

     H    7       -0.521670       -0.011924        0.027899
     H    7       -0.011924        0.763603       -0.647454
     H    7        0.027899       -0.647454       -0.241933

     C    8        0.238555        0.218057        0.369496
     C    8        0.218057        0.015061       -0.282412
     C    8        0.369496       -0.282412       -0.253616

     H    9        0.139145       -0.150050        0.792150
     H    9       -0.150050       -0.460078       -0.245763
     H    9        0.792150       -0.245763        0.320933

     C   10        0.079987        0.320610        0.238140
     C   10        0.320610        0.106450       -0.337145
     C   10        0.238140       -0.337145       -0.186437

     C   11        0.222291        0.301740        0.318870
     C   11        0.301740        0.056400       -0.352907
     C   11        0.318870       -0.352907       -0.278691

     Cl  12        0.185277        0.278810        0.038649
     Cl  12        0.278810       -0.011518        0.016498
     Cl  12        0.038649        0.016498       -0.173759

     H   13       -0.531674        0.033158        0.028369
     H   13        0.033158        0.658124        0.716180
     H   13        0.028369        0.716180       -0.126451

     C   14        0.315335       -0.140934        0.254074
     C   14       -0.140934        0.018979        0.329809
     C   14        0.254074        0.329809       -0.334314

     H   15        0.549441        0.305161        0.668165
     H   15        0.305161       -0.407901        0.263611
     H   15        0.668165        0.263611       -0.141540

     C   16        0.222752       -0.247568        0.158456
     C   16       -0.247568        0.091822        0.378230
     C   16        0.158456        0.378230       -0.314574

     C   17        0.320998       -0.119231        0.219588
     C   17       -0.119231        0.049140        0.401017
     C   17        0.219588        0.401017       -0.370138

     Cl  18        0.187837       -0.233947        0.011929
     Cl  18       -0.233947       -0.037867       -0.002915
     Cl  18        0.011929       -0.002915       -0.149970

     H   19       -0.521930       -0.047925        0.049265
     H   19       -0.047925        0.701828       -0.681203
     H   19        0.049265       -0.681203       -0.179898

     C   20        0.236345        0.191500        0.333753
     C   20        0.191500        0.031052       -0.281293
     C   20        0.333753       -0.281293       -0.267396

     H   21        0.349399       -0.167446        0.792484
     H   21       -0.167446       -0.520552       -0.216045
     H   21        0.792484       -0.216045        0.171153

     C   22        0.073755        0.244804        0.249708
     C   22        0.244804        0.152458       -0.378084
     C   22        0.249708       -0.378084       -0.226214

     C   23        0.114203        0.143875        0.349378
     C   23        0.143875        0.081177       -0.441519
     C   23        0.349378       -0.441519       -0.195379

     Cl  24        0.129580        0.176681        0.007635
     Cl  24        0.176681        0.012824        0.000223
     Cl  24        0.007635        0.000223       -0.142404

     ----- GIPAW term -----
     Cl   1       -0.918003        0.298945        0.183994
     Cl   1        0.298945        1.517499        1.233986
     Cl   1        0.183994        1.233986       -0.599496

     C    2       -0.041584       -0.020621       -0.019387
     C    2       -0.020621        0.197908        0.014344
     C    2       -0.019387        0.014344       -0.156325

     C    3       -0.072880       -0.062386        0.022276
     C    3       -0.062386        0.090594       -0.008682
     C    3        0.022276       -0.008682       -0.017714

     H    4       -0.000000        0.000000        0.000000
     H    4        0.000000        0.000000        0.000000
     H    4        0.000000        0.000000        0.000000

     C    5       -0.033984       -0.127331       -0.035507
     C    5       -0.127331        0.143796       -0.081837
     C    5       -0.035507       -0.081837       -0.109812

     H    6       -0.000000        0.000000        0.000000
     H    6        0.000000        0.000000        0.000000
     H    6        0.000000        0.000000        0.000000

     H    7       -0.000000        0.000000        0.000000
     H    7        0.000000        0.000000        0.000000
     H    7        0.000000        0.000000        0.000000

     C    8       -0.099493       -0.114529       -0.040891
     C    8       -0.114529        0.159662        0.007471
     C    8       -0.040891        0.007471       -0.060169

     H    9       -0.000000        0.000000        0.000000
     H    9        0.000000        0.000000        0.000000
     H    9        0.000000        0.000000        0.000000

     C   10       -0.050514       -0.092590       -0.029753
     C   10       -0.092590        0.125457        0.128720
     C   10       -0.029753        0.128720       -0.074942

     C   11       -0.125843       -0.035229       -0.041747
     C   11       -0.035229        0.213551        0.083175
     C   11       -0.041747        0.083175       -0.087707

     Cl  12       -0.036889        0.454103       -1.061715
     Cl  12        0.454103        1.039664        2.061085
     Cl  12       -1.061715        2.061085       -1.002775

     H   13       -0.000000        0.000000        0.000000
     H   13        0.000000        0.000000        0.000000
     H   13        0.000000        0.000000        0.000000

     C   14       -0.234406        0.043770       -0.031591
     C   14        0.043770        0.319918        0.027935
     C   14       -0.031591        0.027935       -0.085511

     H   15       -0.000000        0.000000        0.000000
     H   15        0.000000        0.000000        0.000000
     H   15        0.000000        0.000000        0.000000

     C   16       -0.095939       -0.116643       -0.055044
     C   16       -0.116643        0.211775       -0.047605
     C   16       -0.055044       -0.047605       -0.115837

     C   17       -0.080878       -0.170546       -0.078924
     C   17       -0.170546        0.180858        0.080486
     C   17       -0.078924        0.080486       -0.099980

     Cl  18        2.302524       -3.438911       -0.595800
     Cl  18       -3.438911       -0.022907        0.236536
     Cl  18       -0.595800        0.236536       -2.279617

     H   19       -0.000000        0.000000        0.000000
     H   19        0.000000        0.000000        0.000000
     H   19        0.000000        0.000000        0.000000

     C   20       -0.098588        0.059029       -0.032890
     C   20        0.059029        0.251579        0.046757
     C   20       -0.032890        0.046757       -0.152991

     H   21       -0.000000        0.000000        0.000000
     H   21        0.000000        0.000000        0.000000
     H   21        0.000000        0.000000        0.000000

     C   22       -0.238116       -0.038700       -0.051244
     C   22       -0.038700        0.294127       -0.091968
     C   22       -0.051244       -0.091968       -0.056011

     C   23       -0.063892        0.017404        0.003628
     C   23        0.017404        0.222817       -0.080639
     C   23        0.003628       -0.080639       -0.158925

     Cl  24       -0.334553       -0.527087        0.237046
     Cl  24       -0.527087        2.396370       -0.843396
     Cl  24        0.237046       -0.843396       -2.061817

     ----- total EFG -----
     Cl   1       -0.845588        0.388282        0.206866
     Cl   1        0.388282        1.302721        1.033779
     Cl   1        0.206866        1.033779       -0.457133

     C    2        0.337544       -0.190853        0.045652
     C    2       -0.190853        0.239489       -0.223665
     C    2        0.045652       -0.223665       -0.577032

     C    3       -0.366403       -0.008129        0.135064
     C    3       -0.008129        0.327527        0.313607
     C    3        0.135064        0.313607        0.038876

     H    4        0.616045        0.038578        0.393823
     H    4        0.038578       -0.697387        0.280279
     H    4        0.393823        0.280279        0.081342

     C    5        0.327728       -0.550683       -0.249956
     C    5       -0.550683        0.172544       -0.261534
     C    5       -0.249956       -0.261534       -0.500272

     H    6       -0.260709        0.052242       -0.149345
     H    6        0.052242        0.380617        0.478755
     H    6       -0.149345        0.478755       -0.119908

     H    7       -0.269081        0.089394        0.166409
     H    7        0.089394        0.461468       -0.109787
     H    7        0.166409       -0.109787       -0.192387

     C    8       -0.510798       -0.220796       -0.054259
     C    8       -0.220796        0.555009       -0.217795
     C    8       -0.054259       -0.217795       -0.044211

     H    9        0.321075       -0.096105        0.519036
     H    9       -0.096105       -0.167458       -0.487755
     H    9        0.519036       -0.487755       -0.153618

     C   10        0.149240       -0.039750        0.140284
     C   10       -0.039750        0.111007        0.297204
     C   10        0.140284        0.297204       -0.260247

     C   11       -0.446165       -0.153462       -0.054625
     C   11       -0.153462        0.493854       -0.086261
     C   11       -0.054625       -0.086261       -0.047690

     Cl  12        0.118689        0.665878       -1.111527
     Cl  12        0.665878        1.039429        2.155258
     Cl  12       -1.111527        2.155258       -1.158118

     H   13       -0.052557       -0.000368       -0.006132
     H   13       -0.000368        0.181060        0.179497
     H   13       -0.006132        0.179497       -0.128503

     C   14       -0.801544        0.283948       -0.139681
     C   14        0.283948        0.856047        0.250463
     C   14       -0.139681        0.250463       -0.054503

     H   15        0.176916        0.421393        0.171292
     H   15        0.421393       -0.270217        0.191323
     H   15        0.171292        0.191323        0.093301

     C   16        0.111154       -0.391373       -0.163640
     C   16       -0.391373        0.206649       -0.282998
     C   16       -0.163640       -0.282998       -0.317803

     C   17       -0.389061        0.081984       -0.171952
     C   17        0.081984        0.430026        0.352101
     C   17       -0.171952        0.352101       -0.040965

     Cl  18        2.592812       -3.837980       -0.643109
     Cl  18       -3.837980       -0.058402        0.254503
     Cl  18       -0.643109        0.254503       -2.534410

     H   19       -0.071355       -0.062738        0.038897
     H   19       -0.062738       -0.092498       -0.424068
     H   19        0.038897       -0.424068        0.163853

     C   20        0.061022        0.339452        0.011531
     C   20        0.339452        0.309554        0.222375
     C   20        0.011531        0.222375       -0.370575

     H   21        0.385741        0.013723        0.398856
     H   21        0.013723       -0.358019        0.304752
     H   21        0.398856        0.304752       -0.027722

     C   22       -0.943226       -0.156964       -0.120274
     C   22       -0.156964        0.814624       -0.404552
     C   22       -0.120274       -0.404552        0.128603

     C   23        0.142759        0.133257        0.162576
     C   23        0.133257        0.182630        0.032217
     C   23        0.162576        0.032217       -0.325389

     Cl  24       -0.376105       -0.621185        0.254921
     Cl  24       -0.621185        2.526107       -0.880525
     Cl  24        0.254921       -0.880525       -2.150002

     ----- total EFG (symmetrized) -----
     Cl   1       -0.845588        0.388282        0.206866
     Cl   1        0.388282        1.302721        1.033779
     Cl   1        0.206866        1.033779       -0.457133

     C    2        0.337544       -0.190853        0.045652
     C    2       -0.190853        0.239489       -0.223665
     C    2        0.045652       -0.223665       -0.577032

     C    3       -0.366403       -0.008129        0.135064
     C    3       -0.008129        0.327527        0.313607
     C    3        0.135064        0.313607        0.038876

     H    4        0.616045        0.038578        0.393823
     H    4        0.038578       -0.697387        0.280279
     H    4        0.393823        0.280279        0.081342

     C    5        0.327728       -0.550683       -0.249956
     C    5       -0.550683        0.172544       -0.261534
     C    5       -0.249956       -0.261534       -0.500272

     H    6       -0.260709        0.052242       -0.149345
     H    6        0.052242        0.380617        0.478755
     H    6       -0.149345        0.478755       -0.119908

     H    7       -0.269081        0.089394        0.166409
     H    7        0.089394        0.461468       -0.109787
     H    7        0.166409       -0.109787       -0.192387

     C    8       -0.510798       -0.220796       -0.054259
     C    8       -0.220796        0.555009       -0.217795
     C    8       -0.054259       -0.217795       -0.044211

     H    9        0.321075       -0.096105        0.519036
     H    9       -0.096105       -0.167458       -0.487755
     H    9        0.519036       -0.487755       -0.153618

     C   10        0.149240       -0.039750        0.140284
     C   10       -0.039750        0.111007        0.297204
     C   10        0.140284        0.297204       -0.260247

     C   11       -0.446165       -0.153462       -0.054625
     C   11       -0.153462        0.493854       -0.086261
     C   11       -0.054625       -0.086261       -0.047690

     Cl  12        0.118689        0.665878       -1.111527
     Cl  12        0.665878        1.039429        2.155258
     Cl  12       -1.111527        2.155258       -1.158118

     H   13       -0.052557       -0.000368       -0.006132
     H   13       -0.000368        0.181060        0.179497
     H   13       -0.006132        0.179497       -0.128503

     C   14       -0.801544        0.283948       -0.139681
     C   14        0.283948        0.856047        0.250463
     C   14       -0.139681        0.250463       -0.054503

     H   15        0.176916        0.421393        0.171292
     H   15        0.421393       -0.270217        0.191323
     H   15        0.171292        0.191323        0.093301

     C   16        0.111154       -0.391373       -0.163640
     C   16       -0.391373        0.206649       -0.282998
     C   16       -0.163640       -0.282998       -0.317803

     C   17       -0.389061        0.081984       -0.171952
     C   17        0.081984        0.430026        0.352101
     C   17       -0.171952        0.352101       -0.040965

     Cl  18        2.592812       -3.837980       -0.643109
     Cl  18       -3.837980       -0.058402        0.254503
     Cl  18       -0.643109        0.254503       -2.534410

     H   19       -0.071355       -0.062738        0.038897
     H   19       -0.062738       -0.092498       -0.424068
     H   19        0.038897       -0.424068        0.163853

     C   20        0.061022        0.339452        0.011531
     C   20        0.339452        0.309554        0.222375
     C   20        0.011531        0.222375       -0.370575

     H   21        0.385741        0.013723        0.398856
     H   21        0.013723       -0.358019        0.304752
     H   21        0.398856        0.304752       -0.027722

     C   22       -0.943226       -0.156964       -0.120274
     C   22       -0.156964        0.814624       -0.404552
     C   22       -0.120274       -0.404552        0.128603

     C   23        0.142759        0.133257        0.162576
     C   23        0.133257        0.182630        0.032217
     C   23        0.162576        0.032217       -0.325389

     Cl  24       -0.376105       -0.621185        0.254921
     Cl  24       -0.621185        2.526107       -0.880525
     Cl  24        0.254921       -0.880525       -2.150002


     NQR/NMR SPECTROSCOPIC PARAMETERS:
     Cl   1    Vxx=   -0.8998    axis=(  0.807066 -0.361431  0.466917)
     Cl   1    Vyy=   -0.9521    axis=( -0.568163 -0.260107  0.780727)
     Cl   1    Vzz=    1.8519    axis=(  0.160731  0.895384  0.415275)
     Cl   1  Q=        -8.1650 1e-30 m^2  Cq=       -35.5275 MHz  eta= 0.02824

     C    2    Vxx=    0.1199    axis=(  0.669531  0.718895 -0.186862)
     C    2    Vyy=    0.5144    axis=( -0.742776  0.649121 -0.164089)
     C    2    Vzz=   -0.6343    axis=(  0.003333  0.248660  0.968585)
     C    2  Q=         1.0000 1e-30 m^2  Cq=        -1.4903 MHz  eta= 0.62201

     C    3    Vxx=   -0.1092    axis=( -0.407963  0.527521 -0.745176)
     C    3    Vyy=   -0.4242    axis=( -0.909927 -0.168039  0.379203)
     C    3    Vzz=    0.5334    axis=(  0.074820  0.832757  0.548560)
     C    3  Q=         1.0000 1e-30 m^2  Cq=         1.2532 MHz  eta= 0.59058

     H    4    Vxx=   -0.0497    axis=( -0.496089  0.319758  0.807248)
     H    4    Vyy=   -0.7934    axis=(  0.066906  0.941032 -0.331635)
     H    4    Vzz=    0.8431    axis=( -0.865690 -0.110511 -0.488230)
     H    4  Q=         1.0000 1e-30 m^2  Cq=         1.9809 MHz  eta= 0.88220

     C    5    Vxx=   -0.0291    axis=(  0.511181  0.607267 -0.608211)
     C    5    Vyy=   -0.7774    axis=(  0.405492  0.453547  0.793645)
     C    5    Vzz=    0.8065    axis=( -0.757806  0.652321  0.014397)
     C    5  Q=         1.0000 1e-30 m^2  Cq=         1.8950 MHz  eta= 0.92793

     H    6    Vxx=   -0.1644    axis=(  0.845404  0.304474 -0.438847)
     H    6    Vyy=   -0.5074    axis=( -0.532921  0.425637 -0.731320)
     H    6    Vzz=    0.6717    axis=(  0.035878 -0.852132 -0.522096)
     H    6  Q=         1.0000 1e-30 m^2  Cq=         1.5783 MHz  eta= 0.51062

     H    7    Vxx=   -0.0615    axis=(  0.638282  0.052125  0.768036)
     H    7    Vyy=   -0.4232    axis=(  0.764942 -0.154884 -0.625199)
     H    7    Vzz=    0.4847    axis=( -0.086368 -0.986557  0.138733)
     H    7  Q=         1.0000 1e-30 m^2  Cq=         1.1389 MHz  eta= 0.74608

     C    8    Vxx=   -0.0850    axis=( -0.242526  0.236519  0.940872)
     C    8    Vyy=   -0.5733    axis=(  0.955913  0.223770  0.190152)
     C    8    Vzz=    0.6583    axis=( -0.165564  0.945508 -0.280362)
     C    8  Q=         1.0000 1e-30 m^2  Cq=         1.5466 MHz  eta= 0.74182

     H    9    Vxx=   -0.0457    axis=(  0.618472  0.725116 -0.302820)
     H    9    Vyy=   -0.7468    axis=( -0.312993  0.580790  0.751478)
     H    9    Vzz=    0.7925    axis=(  0.720783 -0.369987  0.586158)
     H    9  Q=         1.0000 1e-30 m^2  Cq=         1.8621 MHz  eta= 0.88458

     C   10    Vxx=    0.1723    axis=(  0.928575 -0.367986  0.048313)
     C   10    Vyy=    0.2860    axis=(  0.292802  0.806327  0.513910)
     C   10    Vzz=   -0.4583    axis=( -0.228068 -0.463058  0.856482)
     C   10  Q=         1.0000 1e-30 m^2  Cq=        -1.0768 MHz  eta= 0.24811

     C   11    Vxx=   -0.0473    axis=( -0.174986  0.106399  0.978805)
     C   11    Vyy=   -0.4812    axis=(  0.973553  0.167010  0.155893)
     C   11    Vzz=    0.5285    axis=(  0.146883 -0.980197  0.132810)
     C   11  Q=         1.0000 1e-30 m^2  Cq=         1.2419 MHz  eta= 0.82101

     Cl  12    Vxx=    0.6544    axis=(  0.924071  0.205586 -0.322222)
     Cl  12    Vyy=    2.3599    axis=( -0.006794  0.851728  0.523940)
     Cl  12    Vzz=   -3.0143    axis=(  0.382160 -0.481969  0.788454)
     Cl  12  Q=        -8.1650 1e-30 m^2  Cq=        57.8287 MHz  eta= 0.56580

     H   13    Vxx=   -0.0524    axis=(  0.999373  0.022566 -0.027301)
     H   13    Vyy=   -0.2109    axis=( -0.034218  0.416074 -0.908687)
     H   13    Vzz=    0.2633    axis=( -0.009146  0.909051  0.416585)
     H   13  Q=         1.0000 1e-30 m^2  Cq=         0.6187 MHz  eta= 0.60202

     C   14    Vxx=   -0.0655    axis=( -0.250415 -0.181317  0.951008)
     C   14    Vyy=   -0.8886    axis=( -0.958165  0.187050 -0.216637)
     C   14    Vzz=    0.9540    axis=( -0.138607 -0.965472 -0.220572)
     C   14  Q=         1.0000 1e-30 m^2  Cq=         2.2416 MHz  eta= 0.86274

     H   15    Vxx=   -0.0269    axis=( -0.470182 -0.127598  0.873297)
     H   15    Vyy=   -0.5338    axis=(  0.481622 -0.866269  0.132733)
     H   15    Vzz=    0.5607    axis=(  0.739574  0.483007  0.468758)
     H   15  Q=         1.0000 1e-30 m^2  Cq=         1.3174 MHz  eta= 0.90413

     C   16    Vxx=    0.0276    axis=(  0.650149  0.407068 -0.641562)
     C   16    Vyy=    0.5672    axis=( -0.617363  0.775225 -0.133749)
     C   16    Vzz=   -0.5947    axis=(  0.442910  0.483034  0.755320)
     C   16  Q=         1.0000 1e-30 m^2  Cq=        -1.3974 MHz  eta= 0.90723

     C   17    Vxx=   -0.1027    axis=(  0.553273  0.398393 -0.731554)
     C   17    Vyy=   -0.5155    axis=( -0.832951  0.255073 -0.491051)
     C   17    Vzz=    0.6182    axis=(  0.009032 -0.881034 -0.472967)
     C   17  Q=         1.0000 1e-30 m^2  Cq=         1.4525 MHz  eta= 0.66785

     Cl  18    Vxx=   -2.4986    axis=(  0.223241  0.441747 -0.868921)
     Cl  18    Vyy=   -2.8860    axis=(  0.538566  0.687105  0.487681)
     Cl  18    Vzz=    5.3846    axis=( -0.812472  0.576842  0.084520)
     Cl  18  Q=        -8.1650 1e-30 m^2  Cq=      -103.3012 MHz  eta= 0.07196

     H   19    Vxx=   -0.0776    axis=(  0.989170  0.007268 -0.146597)
     H   19    Vyy=   -0.4096    axis=(  0.081393  0.803978  0.589063)
     H   19    Vzz=    0.4871    axis=(  0.122142 -0.594615  0.794679)
     H   19  Q=         1.0000 1e-30 m^2  Cq=         1.1446 MHz  eta= 0.68148

     C   20    Vxx=   -0.1290    axis=(  0.816054 -0.444156 -0.369840)
     C   20    Vyy=   -0.4559    axis=( -0.215806  0.359458 -0.907864)
     C   20    Vzz=    0.5848    axis=(  0.536175  0.820680  0.197486)
     C   20  Q=         1.0000 1e-30 m^2  Cq=         1.3741 MHz  eta= 0.55899

     H   21    Vxx=   -0.0734    axis=(  0.531439 -0.607005 -0.590862)
     H   21    Vyy=   -0.5854    axis=(  0.230754  0.774872 -0.588495)
     H   21    Vzz=    0.6588    axis=( -0.815061 -0.176406 -0.551866)
     H   21  Q=         1.0000 1e-30 m^2  Cq=         1.5478 MHz  eta= 0.77720

     C   22    Vxx=   -0.0257    axis=( -0.185823  0.397839  0.898440)
     C   22    Vyy=   -0.9807    axis=( -0.981421 -0.119608 -0.150023)
     C   22    Vzz=    1.0064    axis=(  0.047776 -0.909625  0.412673)
     C   22  Q=         1.0000 1e-30 m^2  Cq=         2.3646 MHz  eta= 0.94900

     C   23    Vxx=    0.0513    axis=(  0.656616 -0.720904  0.221705)
     C   23    Vyy=    0.3251    axis=(  0.690775  0.692820  0.206954)
     C   23    Vzz=   -0.3765    axis=( -0.302796  0.017259  0.952899)
     C   23  Q=         1.0000 1e-30 m^2  Cq=        -0.8845 MHz  eta= 0.72721

     Cl  24    Vxx=   -0.5007    axis=(  0.976638  0.211499  0.038037)
     Cl  24    Vyy=   -2.3208    axis=(  0.074863 -0.168945 -0.982778)
     Cl  24    Vzz=    2.8215    axis=( -0.201430  0.962666 -0.180831)
     Cl  24  Q=        -8.1650 1e-30 m^2  Cq=       -54.1288 MHz  eta= 0.64508

     Initialization:
     gipaw_setup  :     10.18s CPU     13.09s WALL (       1 calls)

     Linear response

     Apply operators

     Induced current

     Other routines
     efg          :     11.22s CPU     17.31s WALL (       1 calls)

     General routines
     calbec       :      3.78s CPU      5.74s WALL (      16 calls)
     fft          :      1.70s CPU      3.38s WALL (      15 calls)
     ffts         :      0.08s CPU      0.17s WALL (       2 calls)
     fftw         :      4.34s CPU      7.54s WALL (     672 calls)
     davcio       :      0.04s CPU      0.35s WALL (      32 calls)

     Parallel routines
     fft_scatter  :      3.58s CPU      8.36s WALL (     689 calls)

     Plugins

     GIPAW        :     69.35s CPU     90.50s WALL (       1 calls)
