
     Program QE v.6.0 (svn rev. 13079) starts on 10Jan2017 at 11:27:47 

     This program is part of the open-source Quantum ESPRESSO suite
     for quantum simulation of materials; please cite
         "P. Giannozzi et al., J. Phys.:Condens. Matter 21 395502 (2009);
          URL http://www.quantum-espresso.org", 
     in publications or presentations arising from this work. More details at
     http://www.quantum-espresso.org/quote

     Parallel version (MPI), running on     8 processors
     R & G space division:  proc/nbgrp/npool/nimage =       8

     ***** This is GIPAW svn revision unknown      *****

     Parallelizing q-star over 1 images

     Reading data from directory:
     /users/majewski/paradichlorobenzene/pbe/9_constraint/scratch/pbe.ecut100.np8.dt60.pcl2phi-129368.save
     Message from routine read_xml_file:
     file /users/majewski/paradichlorobenzene/pbe/9_constraint/scratch/pbe.ecut100.np8.dt60.pcl2phi-129368.save not guaranteed to be safe for post-processing

   Info: using nr1, nr2, nr3 values from input

   Info: using nr1, nr2, nr3 values from input

     IMPORTANT: XC functional enforced from input :
     Exchange-correlation      =  SLA  PW   PBX  PBC ( 1  4  3  4 0 0)
     Any further DFT definition will be discarded
     Please, verify this is what you really want

               file C.pbe-n-kjpaw_psl.1.0.0.UPF: wavefunction(s)  2S 2P renormalized
               file Cl.pbe-n-kjpaw_psl.1.0.0.UPF: wavefunction(s)  3S 3P renormalized
               file H.pbe-kjpaw_psl.1.0.0.UPF: wavefunction(s)  1S renormalized

     Parallelization info
     --------------------
     sticks:   dense  smooth     PW     G-vecs:    dense   smooth      PW
     Min        3057    1223    332               144436    36536    5170
     Max        3059    1225    333               144437    36537    5171
     Sum       24467    9791   2657              1155489   292295   41363


     Subspace diagonalization in iterative solution of the eigenvalue problem:
     a serial algorithm will be used

     GIPAW projectors -----------------------------------------------
     atom=  C    l=0  rc=    1.2000  rs=    0.8000
     atom=  C    l=0  rc=    1.2000  rs=    0.8000
     atom=  C    l=1  rc=    1.4000  rs=    0.9333
     atom=  C    l=1  rc=    1.4000  rs=    0.9333
     projs nearly linearly dependent: l=1  n1,n2= 1, 2  s=  0.99951561

     atom=  Cl   l=0  rc=    1.6000  rs=    1.0667
     atom=  Cl   l=0  rc=    1.6000  rs=    1.0667
     atom=  Cl   l=1  rc=    1.6000  rs=    1.0667
     atom=  Cl   l=1  rc=    1.6000  rs=    1.0667
     atom=  Cl   l=2  rc=    1.6000  rs=    1.0667
     atom=  Cl   l=2  rc=    1.6000  rs=    1.0667
     projs nearly linearly dependent: l=2  n1,n2= 1, 2  s=  0.99993509

     atom=  H    l=0  rc=    1.0000  rs=    0.6667
     atom=  H    l=0  rc=    1.0000  rs=    0.6667
     projs nearly linearly dependent: l=0  n1,n2= 1, 2  s=  0.99968852
     -----------------------------------------------------------------

     GIPAW integrals: -------------------------------------------
     Atom  i/j   nmr_para   nmr_dia   epr_rmc  epr_para   epr_dia
       C   1 1   0.83E+03  0.17E-01  0.93E+01  0.24E+08  0.24E+03
       C   2 1   0.86E+03 -0.61E-01  0.94E+01  0.25E+08  0.25E+03
       C   2 2   0.90E+03 -0.15E+00  0.97E+01  0.26E+08  0.26E+03
       C   3 3   0.33E+01  0.34E+00  0.18E+01  0.55E+03  0.21E+02
       C   4 3   0.35E+01  0.37E+00  0.20E+01  0.59E+03  0.22E+02
       C   4 4   0.38E+01  0.39E+00  0.22E+01  0.63E+03  0.24E+02
       Cl  1 1   0.14E+04 -0.47E+00  0.84E+01  0.32E+09  0.42E+03
       Cl  2 1   0.21E+04 -0.37E+00  0.12E+02  0.49E+09  0.65E+03
       Cl  2 2   0.33E+04 -0.16E+00  0.21E+02  0.76E+09  0.10E+04
       Cl  3 3   0.21E+02  0.79E-01  0.89E+01  0.23E+05  0.13E+03
       Cl  4 3   0.24E+02  0.67E-01  0.99E+01  0.27E+05  0.15E+03
       Cl  4 4   0.28E+02  0.44E-01  0.11E+02  0.32E+05  0.18E+03
       Cl  5 5   0.77E+00  0.19E+00  0.18E+01  0.12E+03  0.22E+02
       Cl  6 5   0.80E+00  0.19E+00  0.19E+01  0.12E+03  0.23E+02
       Cl  6 6   0.83E+00  0.20E+00  0.19E+01  0.12E+03  0.23E+02
       H   1 1   0.39E+02  0.19E+00  0.29E+00  0.78E+05  0.13E+02
       H   2 1   0.41E+02  0.21E+00  0.32E+00  0.82E+05  0.14E+02
       H   2 2   0.43E+02  0.22E+00  0.36E+00  0.86E+05  0.15E+02
     ------------------------------------------------------------

     alpha_pv=     34.0989 eV

     Number of occupied bands for each k-point:
     k-point:     1    nbnd_occ=  42
     k-point:     2    nbnd_occ=  42
     k-point:     3    nbnd_occ=  42
     k-point:     4    nbnd_occ=  42
     k-point:     5    nbnd_occ=  42
     k-point:     6    nbnd_occ=  42
     k-point:     7    nbnd_occ=  42
     k-point:     8    nbnd_occ=  42
     k-point:     9    nbnd_occ=  42
     k-point:    10    nbnd_occ=  42
     k-point:    11    nbnd_occ=  42
     k-point:    12    nbnd_occ=  42
     k-point:    13    nbnd_occ=  42
     k-point:    14    nbnd_occ=  42
     k-point:    15    nbnd_occ=  42
     k-point:    16    nbnd_occ=  42


     q-space interpolation up to   110.00 Rydberg

     GIPAW job: efg                                                                             


     ELECTRIC FIELD GRADIENTS TENSORS IN Hartree/bohrradius^2:

     ----- bare term -----
     Cl   1       -0.059533        0.194493        0.122940
     Cl   1        0.194493       -0.030803        0.116856
     Cl   1        0.122940        0.116856        0.090336

     C    2       -0.188771        0.156272       -0.459978
     C    2        0.156272        0.110147       -0.303360
     C    2       -0.459978       -0.303360        0.078624

     C    3        0.040348        0.308405       -0.128015
     C    3        0.308405       -0.132350       -0.507914
     C    3       -0.128015       -0.507914        0.092002

     H    4        0.099322        0.044743       -0.448727
     H    4        0.044743        0.079936        0.267918
     H    4       -0.448727        0.267918       -0.179258

     C    5       -0.509652        0.323885       -0.211692
     C    5        0.323885        0.129051       -0.424703
     C    5       -0.211692       -0.424703        0.380601

     H    6        0.515412        0.013207       -0.169347
     H    6        0.013207       -0.002093       -0.243833
     H    6       -0.169347       -0.243833       -0.513319

     H    7        0.357288        0.040111        0.323135
     H    7        0.040111        0.057190        0.312277
     H    7        0.323135        0.312277       -0.414478

     C    8       -0.372035       -0.257539       -0.340537
     C    8       -0.257539       -0.075074        0.415002
     C    8       -0.340537        0.415002        0.447109

     H    9       -0.383256        0.185616       -0.532365
     H    9        0.185616        0.332186        0.178411
     H    9       -0.532365        0.178411        0.051071

     C   10       -0.233638       -0.271214       -0.278470
     C   10       -0.271214       -0.192119        0.503385
     C   10       -0.278470        0.503385        0.425758

     C   11       -0.324136       -0.024538       -0.361179
     C   11       -0.024538       -0.059498        0.451208
     C   11       -0.361179        0.451208        0.383633

     Cl  12       -0.085235       -0.009464        0.039248
     Cl  12       -0.009464       -0.053619       -0.091881
     Cl  12        0.039248       -0.091881        0.138854

     H   13        0.465912       -0.024458       -0.233717
     H   13       -0.024458        0.049381       -0.335708
     H   13       -0.233717       -0.335708       -0.515292

     C   14       -0.221088        0.383425        0.083816
     C   14        0.383425       -0.292667       -0.448783
     C   14        0.083816       -0.448783        0.513756

     H   15        0.063130        0.043947       -0.493873
     H   15        0.043947        0.190351        0.250526
     H   15       -0.493873        0.250526       -0.253481

     C   16       -0.083724       -0.006383       -0.227436
     C   16       -0.006383       -0.046884       -0.687659
     C   16       -0.227436       -0.687659        0.130608

     C   17       -0.356271        0.104849       -0.386038
     C   17        0.104849        0.037482       -0.357516
     C   17       -0.386038       -0.357516        0.318790

     Cl  18       -0.074989        0.077934        0.002817
     Cl  18        0.077934       -0.018090        0.020038
     Cl  18        0.002817        0.020038        0.093079

     H   19        0.484694        0.020262        0.061266
     H   19        0.020262       -0.052687        0.444526
     H   19        0.061266        0.444526       -0.432007

     C   20       -0.342220       -0.263776       -0.278172
     C   20       -0.263776       -0.168658        0.442038
     C   20       -0.278172        0.442038        0.510878

     H   21       -0.140248        0.162769       -0.527505
     H   21        0.162769        0.407174        0.193214
     H   21       -0.527505        0.193214       -0.266926

     C   22       -0.300085       -0.242327       -0.288705
     C   22       -0.242327       -0.159500        0.462766
     C   22       -0.288705        0.462766        0.459585

     C   23       -0.198322       -0.159445       -0.296734
     C   23       -0.159445       -0.199657        0.503723
     C   23       -0.296734        0.503723        0.397979

     Cl  24       -0.017174       -0.009742       -0.012539
     Cl  24       -0.009742        0.007456       -0.009587
     Cl  24       -0.012539       -0.009587        0.009718

     ----- ionic term -----
     Cl   1        0.111919       -0.201726       -0.018647
     Cl   1       -0.201726        0.008607        0.020901
     Cl   1       -0.018647        0.020901       -0.120526

     C    2        0.114515       -0.239044        0.299207
     C    2       -0.239044       -0.055440        0.395343
     C    2        0.299207        0.395343       -0.059075

     C    3        0.096503       -0.344722        0.223997
     C    3       -0.344722        0.068034        0.343891
     C    3        0.223997        0.343891       -0.164537

     H    4        0.577835        0.059377        0.743087
     H    4        0.059377       -0.532260        0.111108
     H    4        0.743087        0.111108       -0.045576

     C    5        0.187035       -0.313862        0.364531
     C    5       -0.313862       -0.002772        0.255805
     C    5        0.364531        0.255805       -0.184264

     H    6       -0.533583        0.142734        0.151610
     H    6        0.142734        0.458782        0.792631
     H    6        0.151610        0.792631        0.074801

     H    7       -0.497809        0.128351       -0.125384
     H    7        0.128351        0.209262       -0.789881
     H    7       -0.125384       -0.789881        0.288547

     C    8        0.238195        0.283068        0.214832
     C    8        0.283068       -0.076263       -0.297334
     C    8        0.214832       -0.297334       -0.161933

     H    9        0.632017       -0.317916        0.656111
     H    9       -0.317916       -0.440741       -0.239633
     H    9        0.656111       -0.239633       -0.191277

     C   10        0.174392        0.238457        0.181049
     C   10        0.238457        0.066118       -0.366287
     C   10        0.181049       -0.366287       -0.240510

     C   11        0.176570        0.196960        0.287844
     C   11        0.196960        0.010984       -0.392284
     C   11        0.287844       -0.392284       -0.187554

     Cl  12        0.119329        0.204815        0.007035
     Cl  12        0.204815        0.016525       -0.008941
     Cl  12        0.007035       -0.008941       -0.135854

     H   13       -0.532683        0.073433        0.051711
     H   13        0.073433        0.442073        0.779672
     H   13        0.051711        0.779672        0.090610

     C   14        0.126846       -0.251515        0.285942
     C   14       -0.251515        0.004980        0.297531
     C   14        0.285942        0.297531       -0.131827

     H   15        0.398507        0.130465        0.798979
     H   15        0.130465       -0.498435        0.193654
     H   15        0.798979        0.193654        0.099929

     C   16       -0.002957       -0.255715        0.228413
     C   16       -0.255715        0.113982        0.425019
     C   16        0.228413        0.425019       -0.111025

     C   17        0.047211       -0.271848        0.418087
     C   17       -0.271848        0.056795        0.318044
     C   17        0.418087        0.318044       -0.104006

     Cl  18        0.034444       -0.222098        0.043726
     Cl  18       -0.222098        0.112099       -0.033344
     Cl  18        0.043726       -0.033344       -0.146544

     H   19       -0.515592       -0.030781        0.051989
     H   19       -0.030781        0.561980       -0.761298
     H   19        0.051989       -0.761298       -0.046389

     C   20        0.259632        0.235085        0.312338
     C   20        0.235085       -0.001442       -0.290670
     C   20        0.312338       -0.290670       -0.258190

     H   21        0.594181       -0.377519        0.654658
     H   21       -0.377519       -0.386070       -0.279479
     H   21        0.654658       -0.279479       -0.208111

     C   22        0.143137        0.265870        0.177232
     C   22        0.265870        0.109019       -0.377133
     C   22        0.177232       -0.377133       -0.252157

     C   23        0.192801        0.272277        0.232079
     C   23        0.272277        0.002840       -0.386810
     C   23        0.232079       -0.386810       -0.195641

     Cl  24        0.161199        0.223448        0.003315
     Cl  24        0.223448       -0.021412       -0.006183
     Cl  24        0.003315       -0.006183       -0.139787

     ----- GIPAW term -----
     Cl   1        0.912381       -0.234784        1.477276
     Cl   1       -0.234784       -0.194692        1.395104
     Cl   1        1.477276        1.395104       -0.717688

     C    2        0.152426        0.100551       -0.009677
     C    2        0.100551        0.035576        0.016847
     C    2       -0.009677        0.016847       -0.188002

     C    3       -0.057777        0.109805       -0.071822
     C    3        0.109805        0.072057       -0.174912
     C    3       -0.071822       -0.174912       -0.014280

     H    4       -0.000000        0.000000        0.000000
     H    4        0.000000        0.000000        0.000000
     H    4        0.000000        0.000000        0.000000

     C    5       -0.175261        0.056841       -0.031840
     C    5        0.056841        0.069312       -0.228673
     C    5       -0.031840       -0.228673        0.105949

     H    6       -0.000000        0.000000        0.000000
     H    6        0.000000        0.000000        0.000000
     H    6        0.000000        0.000000        0.000000

     H    7       -0.000000        0.000000        0.000000
     H    7        0.000000        0.000000        0.000000
     H    7        0.000000        0.000000        0.000000

     C    8       -0.057552       -0.047713       -0.063635
     C    8       -0.047713       -0.042426        0.103517
     C    8       -0.063635        0.103517        0.099978

     H    9       -0.000000        0.000000        0.000000
     H    9        0.000000        0.000000        0.000000
     H    9        0.000000        0.000000        0.000000

     C   10       -0.079544       -0.031129       -0.070123
     C   10       -0.031129       -0.018817        0.103143
     C   10       -0.070123        0.103143        0.098361

     C   11       -0.012860        0.128417       -0.055476
     C   11        0.128417       -0.030615        0.054416
     C   11       -0.055476        0.054416        0.043475

     Cl  12        0.578978        2.009771        0.276433
     Cl  12        2.009771       -0.378428       -0.812838
     Cl  12        0.276433       -0.812838       -0.200550

     H   13       -0.000000        0.000000        0.000000
     H   13        0.000000        0.000000        0.000000
     H   13        0.000000        0.000000        0.000000

     C   14       -0.051931        0.008486        0.165996
     C   14        0.008486       -0.154880       -0.157669
     C   14        0.165996       -0.157669        0.206811

     H   15       -0.000000        0.000000        0.000000
     H   15        0.000000        0.000000        0.000000
     H   15        0.000000        0.000000        0.000000

     C   16       -0.130659       -0.079471       -0.011886
     C   16       -0.079471        0.148919       -0.244345
     C   16       -0.011886       -0.244345       -0.018260

     C   17       -0.007612       -0.075544       -0.041431
     C   17       -0.075544        0.046992        0.004493
     C   17       -0.041431        0.004493       -0.039380

     Cl  18        0.660579        0.763069       -1.167644
     Cl  18        0.763069        0.697146       -1.344724
     Cl  18       -1.167644       -1.344724       -1.357725

     H   19       -0.000000        0.000000        0.000000
     H   19        0.000000        0.000000        0.000000
     H   19        0.000000        0.000000        0.000000

     C   20       -0.110542       -0.048871       -0.073415
     C   20       -0.048871       -0.120415        0.152762
     C   20       -0.073415        0.152762        0.230958

     H   21       -0.000000        0.000000        0.000000
     H   21        0.000000        0.000000        0.000000
     H   21        0.000000        0.000000        0.000000

     C   22       -0.166376       -0.035018       -0.103710
     C   22       -0.035018       -0.069564        0.169810
     C   22       -0.103710        0.169810        0.235940

     C   23        0.009794        0.109435       -0.030007
     C   23        0.109435       -0.036318        0.124846
     C   23       -0.030007        0.124846        0.026524

     Cl  24        1.351437        2.272588       -0.090503
     Cl  24        2.272588        0.160579       -0.065083
     Cl  24       -0.090503       -0.065083       -1.512016

     ----- total EFG -----
     Cl   1        0.964767       -0.242017        1.581569
     Cl   1       -0.242017       -0.216888        1.532860
     Cl   1        1.581569        1.532860       -0.747879

     C    2        0.078169        0.017778       -0.170447
     C    2        0.017778        0.090283        0.108830
     C    2       -0.170447        0.108830       -0.168452

     C    3        0.079074        0.073487        0.024159
     C    3        0.073487        0.007741       -0.338935
     C    3        0.024159       -0.338935       -0.086814

     H    4        0.677157        0.104121        0.294359
     H    4        0.104121       -0.452324        0.379026
     H    4        0.294359        0.379026       -0.224833

     C    5       -0.497878        0.066864        0.120998
     C    5        0.066864        0.195592       -0.397571
     C    5        0.120998       -0.397571        0.302286

     H    6       -0.018171        0.155940       -0.017736
     H    6        0.155940        0.456689        0.548798
     H    6       -0.017736        0.548798       -0.438518

     H    7       -0.140521        0.168461        0.197751
     H    7        0.168461        0.266452       -0.477604
     H    7        0.197751       -0.477604       -0.125931

     C    8       -0.191391       -0.022183       -0.189340
     C    8       -0.022183       -0.193763        0.221186
     C    8       -0.189340        0.221186        0.385154

     H    9        0.248761       -0.132299        0.123746
     H    9       -0.132299       -0.108555       -0.061221
     H    9        0.123746       -0.061221       -0.140206

     C   10       -0.138791       -0.063886       -0.167545
     C   10       -0.063886       -0.144818        0.240241
     C   10       -0.167545        0.240241        0.283609

     C   11       -0.160426        0.300840       -0.128811
     C   11        0.300840       -0.079129        0.113340
     C   11       -0.128811        0.113340        0.239554

     Cl  12        0.613073        2.205122        0.322716
     Cl  12        2.205122       -0.415522       -0.913659
     Cl  12        0.322716       -0.913659       -0.197551

     H   13       -0.066771        0.048976       -0.182005
     H   13        0.048976        0.491453        0.443964
     H   13       -0.182005        0.443964       -0.424682

     C   14       -0.146173        0.140395        0.535754
     C   14        0.140395       -0.442567       -0.308921
     C   14        0.535754       -0.308921        0.588740

     H   15        0.461636        0.174412        0.305106
     H   15        0.174412       -0.308084        0.444180
     H   15        0.305106        0.444180       -0.153552

     C   16       -0.217340       -0.341568       -0.010909
     C   16       -0.341568        0.216018       -0.506984
     C   16       -0.010909       -0.506984        0.001322

     C   17       -0.316673       -0.242543       -0.009382
     C   17       -0.242543        0.141269       -0.034979
     C   17       -0.009382       -0.034979        0.175404

     Cl  18        0.620034        0.618906       -1.121101
     Cl  18        0.618906        0.791156       -1.358030
     Cl  18       -1.121101       -1.358030       -1.411189

     H   19       -0.030897       -0.010519        0.113254
     H   19       -0.010519        0.509293       -0.316771
     H   19        0.113254       -0.316771       -0.478396

     C   20       -0.193131       -0.077562       -0.039248
     C   20       -0.077562       -0.290515        0.304130
     C   20       -0.039248        0.304130        0.483646

     H   21        0.453933       -0.214751        0.127153
     H   21       -0.214751        0.021104       -0.086265
     H   21        0.127153       -0.086265       -0.475037

     C   22       -0.323324       -0.011474       -0.215183
     C   22       -0.011474       -0.120045        0.255443
     C   22       -0.215183        0.255443        0.443369

     C   23        0.004273        0.222268       -0.094663
     C   23        0.222268       -0.233135        0.241758
     C   23       -0.094663        0.241758        0.228862

     Cl  24        1.495462        2.486293       -0.099727
     Cl  24        2.486293        0.146623       -0.080852
     Cl  24       -0.099727       -0.080852       -1.642085

     ----- total EFG (symmetrized) -----
     Cl   1        0.964767       -0.242017        1.581569
     Cl   1       -0.242017       -0.216888        1.532860
     Cl   1        1.581569        1.532860       -0.747879

     C    2        0.078169        0.017778       -0.170447
     C    2        0.017778        0.090283        0.108830
     C    2       -0.170447        0.108830       -0.168452

     C    3        0.079074        0.073487        0.024159
     C    3        0.073487        0.007741       -0.338935
     C    3        0.024159       -0.338935       -0.086814

     H    4        0.677157        0.104121        0.294359
     H    4        0.104121       -0.452324        0.379026
     H    4        0.294359        0.379026       -0.224833

     C    5       -0.497878        0.066864        0.120998
     C    5        0.066864        0.195592       -0.397571
     C    5        0.120998       -0.397571        0.302286

     H    6       -0.018171        0.155940       -0.017736
     H    6        0.155940        0.456689        0.548798
     H    6       -0.017736        0.548798       -0.438518

     H    7       -0.140521        0.168461        0.197751
     H    7        0.168461        0.266452       -0.477604
     H    7        0.197751       -0.477604       -0.125931

     C    8       -0.191391       -0.022183       -0.189340
     C    8       -0.022183       -0.193763        0.221186
     C    8       -0.189340        0.221186        0.385154

     H    9        0.248761       -0.132299        0.123746
     H    9       -0.132299       -0.108555       -0.061221
     H    9        0.123746       -0.061221       -0.140206

     C   10       -0.138791       -0.063886       -0.167545
     C   10       -0.063886       -0.144818        0.240241
     C   10       -0.167545        0.240241        0.283609

     C   11       -0.160426        0.300840       -0.128811
     C   11        0.300840       -0.079129        0.113340
     C   11       -0.128811        0.113340        0.239554

     Cl  12        0.613073        2.205122        0.322716
     Cl  12        2.205122       -0.415522       -0.913659
     Cl  12        0.322716       -0.913659       -0.197551

     H   13       -0.066771        0.048976       -0.182005
     H   13        0.048976        0.491453        0.443964
     H   13       -0.182005        0.443964       -0.424682

     C   14       -0.146173        0.140395        0.535754
     C   14        0.140395       -0.442567       -0.308921
     C   14        0.535754       -0.308921        0.588740

     H   15        0.461636        0.174412        0.305106
     H   15        0.174412       -0.308084        0.444180
     H   15        0.305106        0.444180       -0.153552

     C   16       -0.217340       -0.341568       -0.010909
     C   16       -0.341568        0.216018       -0.506984
     C   16       -0.010909       -0.506984        0.001322

     C   17       -0.316673       -0.242543       -0.009382
     C   17       -0.242543        0.141269       -0.034979
     C   17       -0.009382       -0.034979        0.175404

     Cl  18        0.620034        0.618906       -1.121101
     Cl  18        0.618906        0.791156       -1.358030
     Cl  18       -1.121101       -1.358030       -1.411189

     H   19       -0.030897       -0.010519        0.113254
     H   19       -0.010519        0.509293       -0.316771
     H   19        0.113254       -0.316771       -0.478396

     C   20       -0.193131       -0.077562       -0.039248
     C   20       -0.077562       -0.290515        0.304130
     C   20       -0.039248        0.304130        0.483646

     H   21        0.453933       -0.214751        0.127153
     H   21       -0.214751        0.021104       -0.086265
     H   21        0.127153       -0.086265       -0.475037

     C   22       -0.323324       -0.011474       -0.215183
     C   22       -0.011474       -0.120045        0.255443
     C   22       -0.215183        0.255443        0.443369

     C   23        0.004273        0.222268       -0.094663
     C   23        0.222268       -0.233135        0.241758
     C   23       -0.094663        0.241758        0.228862

     Cl  24        1.495462        2.486293       -0.099727
     Cl  24        2.486293        0.146623       -0.080852
     Cl  24       -0.099727       -0.080852       -1.642085


     NQR/NMR SPECTROSCOPIC PARAMETERS:
     Cl   1    Vxx=    0.4966    axis=(  0.544049 -0.790259 -0.281960)
     Cl   1    Vyy=    2.0954    axis=( -0.750838 -0.308546 -0.583988)
     Cl   1    Vzz=   -2.5921    axis=(  0.374504  0.529424 -0.761220)
     Cl   1  Q=        -8.1650 1e-30 m^2  Cq=        49.7276 MHz  eta= 0.61680

     C    2    Vxx=    0.1029    axis=(  0.523270  0.852067  0.013049)
     C    2    Vyy=    0.1822    axis=( -0.741635  0.447803  0.499450)
     C    2    Vzz=   -0.2851    axis=(  0.419721 -0.271025  0.866244)
     C    2  Q=         1.0000 1e-30 m^2  Cq=        -0.6698 MHz  eta= 0.27835

     C    3    Vxx=    0.0815    axis=( -0.974690  0.039788 -0.219991)
     C    3    Vyy=    0.3097    axis=( -0.173811 -0.753750  0.633759)
     C    3    Vzz=   -0.3912    axis=( -0.140602  0.655956  0.741588)
     C    3  Q=         1.0000 1e-30 m^2  Cq=        -0.9191 MHz  eta= 0.58319

     H    4    Vxx=   -0.0613    axis=(  0.368650 -0.594541 -0.714575)
     H    4    Vyy=   -0.7408    axis=( -0.070346 -0.784356  0.616309)
     H    4    Vzz=    0.8021    axis=( -0.926903 -0.176935 -0.330977)
     H    4  Q=         1.0000 1e-30 m^2  Cq=         1.8847 MHz  eta= 0.84707

     C    5    Vxx=   -0.1091    axis=(  0.314889  0.727068  0.610096)
     C    5    Vyy=   -0.5430    axis=( -0.948215  0.212786  0.235820)
     C    5    Vzz=    0.6520    axis=(  0.041637 -0.652759  0.756420)
     C    5  Q=         1.0000 1e-30 m^2  Cq=         1.5320 MHz  eta= 0.66548

     H    6    Vxx=   -0.0316    axis=(  0.977254 -0.105029 -0.184239)
     H    6    Vyy=   -0.7092    axis=(  0.121265 -0.435968  0.891755)
     H    6    Vzz=    0.7408    axis=( -0.173982 -0.893813 -0.413315)
     H    6  Q=         1.0000 1e-30 m^2  Cq=         1.7406 MHz  eta= 0.91472

     H    7    Vxx=    0.0054    axis=(  0.867338  0.239035  0.436562)
     H    7    Vyy=    0.5879    axis=(  0.044870  0.836001 -0.546890)
     H    7    Vzz=   -0.5934    axis=( -0.495692  0.493928  0.714370)
     H    7  Q=         1.0000 1e-30 m^2  Cq=        -1.3942 MHz  eta= 0.98166

     C    8    Vxx=   -0.2141    axis=(  0.789023  0.613945  0.022692)
     C    8    Vyy=   -0.2956    axis=( -0.557709  0.731264 -0.392700)
     C    8    Vzz=    0.5097    axis=( -0.257690  0.297194  0.919387)
     C    8  Q=         1.0000 1e-30 m^2  Cq=         1.1976 MHz  eta= 0.15994

     H    9    Vxx=   -0.1429    axis=(  0.407889  0.805630 -0.429636)
     H    9    Vyy=   -0.1892    axis=( -0.090496  0.503915  0.858999)
     H    9    Vzz=    0.3320    axis=( -0.908535  0.311496 -0.278448)
     H    9  Q=         1.0000 1e-30 m^2  Cq=         0.7802 MHz  eta= 0.13934

     C   10    Vxx=   -0.1920    axis=(  0.943752  0.263981  0.199113)
     C   10    Vyy=   -0.2541    axis=( -0.153723  0.883431 -0.442627)
     C   10    Vzz=    0.4461    axis=( -0.292748  0.387122  0.874320)
     C   10  Q=         1.0000 1e-30 m^2  Cq=         1.0481 MHz  eta= 0.13913

     C   11    Vxx=    0.1838    axis=(  0.659227  0.751924 -0.005512)
     C   11    Vyy=    0.2813    axis=(  0.174356 -0.159984 -0.971599)
     C   11    Vzz=   -0.4651    axis=( -0.731450  0.639544 -0.236568)
     C   11  Q=         1.0000 1e-30 m^2  Cq=        -1.0929 MHz  eta= 0.20971

     Cl  12    Vxx=    0.1247    axis=(  0.330505 -0.207933  0.920614)
     Cl  12    Vyy=    2.4042    axis=( -0.760367 -0.636511  0.129212)
     Cl  12    Vzz=   -2.5288    axis=(  0.559113 -0.742710 -0.368476)
     Cl  12  Q=        -8.1650 1e-30 m^2  Cq=        48.5143 MHz  eta= 0.90140

     H   13    Vxx=   -0.0088    axis=(  0.953569  0.142242 -0.265468)
     H   13    Vyy=   -0.6632    axis=( -0.299445  0.353446 -0.886233)
     H   13    Vzz=    0.6720    axis=( -0.032231  0.924577  0.379628)
     H   13  Q=         1.0000 1e-30 m^2  Cq=         1.5790 MHz  eta= 0.97382

     C   14    Vxx=   -0.1863    axis=(  0.712042  0.664284 -0.227426)
     C   14    Vyy=   -0.7181    axis=( -0.553785  0.730446  0.399713)
     C   14    Vzz=    0.9044    axis=(  0.431646 -0.158667  0.887979)
     C   14  Q=         1.0000 1e-30 m^2  Cq=         2.1249 MHz  eta= 0.58797

     H   15    Vxx=   -0.0234    axis=(  0.574842 -0.567548 -0.589445)
     H   15    Vyy=   -0.6856    axis=(  0.061832  0.748429 -0.660326)
     H   15    Vzz=    0.7090    axis=(  0.815925  0.343136  0.465322)
     H   15  Q=         1.0000 1e-30 m^2  Cq=         1.6658 MHz  eta= 0.93393

     C   16    Vxx=   -0.1282    axis=(  0.756253 -0.177202 -0.629826)
     C   16    Vyy=   -0.5750    axis=(  0.590066  0.600607  0.539531)
     C   16    Vzz=    0.7032    axis=( -0.282672  0.779661 -0.558772)
     C   16  Q=         1.0000 1e-30 m^2  Cq=         1.6523 MHz  eta= 0.63533

     C   17    Vxx=    0.1661    axis=(  0.165890 -0.293812 -0.941358)
     C   17    Vyy=    0.2560    axis=( -0.362775  0.869463 -0.335302)
     C   17    Vzz=   -0.4221    axis=(  0.916992  0.397125  0.037648)
     C   17  Q=         1.0000 1e-30 m^2  Cq=        -0.9918 MHz  eta= 0.21279

     Cl  18    Vxx=    0.0814    axis=(  0.764722 -0.644253  0.011781)
     Cl  18    Vyy=    2.1909    axis=(  0.582791  0.683736 -0.439158)
     Cl  18    Vzz=   -2.2723    axis=(  0.274873  0.342700  0.898333)
     Cl  18  Q=        -8.1650 1e-30 m^2  Cq=        43.5928 MHz  eta= 0.92839

     H   19    Vxx=   -0.0137    axis=(  0.980300  0.116376  0.159588)
     H   19    Vyy=   -0.5913    axis=(  0.185864 -0.270139 -0.944711)
     H   19    Vzz=    0.6050    axis=( -0.066831  0.955762 -0.286448)
     H   19  Q=         1.0000 1e-30 m^2  Cq=         1.4214 MHz  eta= 0.95468

     C   20    Vxx=   -0.1812    axis=(  0.959579 -0.230172  0.161950)
     C   20    Vyy=   -0.4127    axis=(  0.269984  0.915340 -0.298766)
     C   20    Vzz=    0.5938    axis=( -0.079472  0.330414  0.940484)
     C   20  Q=         1.0000 1e-30 m^2  Cq=         1.3952 MHz  eta= 0.38987

     H   21    Vxx=   -0.0652    axis=(  0.395911  0.915626 -0.069888)
     H   21    Vyy=   -0.4990    axis=(  0.104551 -0.120558 -0.987185)
     H   21    Vzz=    0.5642    axis=( -0.912318  0.383531 -0.143459)
     H   21  Q=         1.0000 1e-30 m^2  Cq=         1.3257 MHz  eta= 0.76899

     C   22    Vxx=   -0.1946    axis=( -0.336818 -0.907808  0.249875)
     C   22    Vyy=   -0.3937    axis=( -0.915382  0.253556 -0.312707)
     C   22    Vzz=    0.5883    axis=( -0.220521  0.334056  0.916393)
     C   22  Q=         1.0000 1e-30 m^2  Cq=         1.3822 MHz  eta= 0.33835

     C   23    Vxx=    0.1295    axis=(  0.887797  0.422566 -0.182359)
     C   23    Vyy=    0.3322    axis=(  0.001454  0.393652  0.919258)
     C   23    Vzz=   -0.4618    axis=(  0.460234 -0.816379  0.348869)
     C   23  Q=         1.0000 1e-30 m^2  Cq=        -1.0849 MHz  eta= 0.43904

     Cl  24    Vxx=   -1.6452    axis=(  0.040265 -0.010787  0.999131)
     Cl  24    Vyy=   -1.7552    axis=( -0.606553  0.794357  0.033020)
     Cl  24    Vzz=    3.4004    axis=( -0.794022 -0.607356  0.025442)
     Cl  24  Q=        -8.1650 1e-30 m^2  Cq=       -65.2359 MHz  eta= 0.03234

     Initialization:
     gipaw_setup  :      9.05s CPU     10.83s WALL (       1 calls)

     Linear response

     Apply operators

     Induced current

     Other routines
     efg          :      9.31s CPU     11.78s WALL (       1 calls)

     General routines
     calbec       :      3.35s CPU      4.55s WALL (      16 calls)
     fft          :      1.43s CPU      1.96s WALL (      15 calls)
     ffts         :      0.04s CPU      0.04s WALL (       2 calls)
     fftw         :      3.12s CPU      3.85s WALL (     672 calls)
     davcio       :      0.02s CPU      0.32s WALL (      32 calls)

     Parallel routines
     fft_scatter  :      2.08s CPU      3.08s WALL (     689 calls)

     Plugins

     GIPAW        :     60.51s CPU     71.57s WALL (       1 calls)
