
     Program QE v.6.0 (svn rev. 13079) starts on 23Dec2016 at 20:35: 6 

     This program is part of the open-source Quantum ESPRESSO suite
     for quantum simulation of materials; please cite
         "P. Giannozzi et al., J. Phys.:Condens. Matter 21 395502 (2009);
          URL http://www.quantum-espresso.org", 
     in publications or presentations arising from this work. More details at
     http://www.quantum-espresso.org/quote

     Parallel version (MPI), running on     8 processors
     R & G space division:  proc/nbgrp/npool/nimage =       8

     ***** This is GIPAW svn revision unknown      *****

     Parallelizing q-star over 1 images

     Reading data from directory:
     /users/majewski/paradichlorobenzene/pbe/9_constraint/scratch/pbe.ecut100.np8.dt60.pcl2phi-129368.save
     Message from routine read_xml_file:
     file /users/majewski/paradichlorobenzene/pbe/9_constraint/scratch/pbe.ecut100.np8.dt60.pcl2phi-129368.save not guaranteed to be safe for post-processing

   Info: using nr1, nr2, nr3 values from input

   Info: using nr1, nr2, nr3 values from input

     IMPORTANT: XC functional enforced from input :
     Exchange-correlation      =  SLA  PW   PBX  PBC ( 1  4  3  4 0 0)
     Any further DFT definition will be discarded
     Please, verify this is what you really want

               file C.pbe-n-kjpaw_psl.1.0.0.UPF: wavefunction(s)  2S 2P renormalized
               file Cl.pbe-n-kjpaw_psl.1.0.0.UPF: wavefunction(s)  3S 3P renormalized
               file H.pbe-kjpaw_psl.1.0.0.UPF: wavefunction(s)  1S renormalized

     Parallelization info
     --------------------
     sticks:   dense  smooth     PW     G-vecs:    dense   smooth      PW
     Min        3057    1223    332               144436    36536    5170
     Max        3059    1225    333               144437    36537    5171
     Sum       24467    9791   2657              1155489   292295   41363


     Subspace diagonalization in iterative solution of the eigenvalue problem:
     a serial algorithm will be used

     GIPAW projectors -----------------------------------------------
     atom=  C    l=0  rc=    1.2000  rs=    0.8000
     atom=  C    l=0  rc=    1.2000  rs=    0.8000
     atom=  C    l=1  rc=    1.4000  rs=    0.9333
     atom=  C    l=1  rc=    1.4000  rs=    0.9333
     projs nearly linearly dependent: l=1  n1,n2= 1, 2  s=  0.99951561

     atom=  Cl   l=0  rc=    1.6000  rs=    1.0667
     atom=  Cl   l=0  rc=    1.6000  rs=    1.0667
     atom=  Cl   l=1  rc=    1.6000  rs=    1.0667
     atom=  Cl   l=1  rc=    1.6000  rs=    1.0667
     atom=  Cl   l=2  rc=    1.6000  rs=    1.0667
     atom=  Cl   l=2  rc=    1.6000  rs=    1.0667
     projs nearly linearly dependent: l=2  n1,n2= 1, 2  s=  0.99993509

     atom=  H    l=0  rc=    1.0000  rs=    0.6667
     atom=  H    l=0  rc=    1.0000  rs=    0.6667
     projs nearly linearly dependent: l=0  n1,n2= 1, 2  s=  0.99968852
     -----------------------------------------------------------------

     GIPAW integrals: -------------------------------------------
     Atom  i/j   nmr_para   nmr_dia   epr_rmc  epr_para   epr_dia
       C   1 1   0.83E+03  0.17E-01  0.93E+01  0.24E+08  0.24E+03
       C   2 1   0.86E+03 -0.61E-01  0.94E+01  0.25E+08  0.25E+03
       C   2 2   0.90E+03 -0.15E+00  0.97E+01  0.26E+08  0.26E+03
       C   3 3   0.33E+01  0.34E+00  0.18E+01  0.55E+03  0.21E+02
       C   4 3   0.35E+01  0.37E+00  0.20E+01  0.59E+03  0.22E+02
       C   4 4   0.38E+01  0.39E+00  0.22E+01  0.63E+03  0.24E+02
       Cl  1 1   0.14E+04 -0.47E+00  0.84E+01  0.32E+09  0.42E+03
       Cl  2 1   0.21E+04 -0.37E+00  0.12E+02  0.49E+09  0.65E+03
       Cl  2 2   0.33E+04 -0.16E+00  0.21E+02  0.76E+09  0.10E+04
       Cl  3 3   0.21E+02  0.79E-01  0.89E+01  0.23E+05  0.13E+03
       Cl  4 3   0.24E+02  0.67E-01  0.99E+01  0.27E+05  0.15E+03
       Cl  4 4   0.28E+02  0.44E-01  0.11E+02  0.32E+05  0.18E+03
       Cl  5 5   0.77E+00  0.19E+00  0.18E+01  0.12E+03  0.22E+02
       Cl  6 5   0.80E+00  0.19E+00  0.19E+01  0.12E+03  0.23E+02
       Cl  6 6   0.83E+00  0.20E+00  0.19E+01  0.12E+03  0.23E+02
       H   1 1   0.39E+02  0.19E+00  0.29E+00  0.78E+05  0.13E+02
       H   2 1   0.41E+02  0.21E+00  0.32E+00  0.82E+05  0.14E+02
       H   2 2   0.43E+02  0.22E+00  0.36E+00  0.86E+05  0.15E+02
     ------------------------------------------------------------

     alpha_pv=     34.2071 eV

     Number of occupied bands for each k-point:
     k-point:     1    nbnd_occ=  42
     k-point:     2    nbnd_occ=  42
     k-point:     3    nbnd_occ=  42
     k-point:     4    nbnd_occ=  42
     k-point:     5    nbnd_occ=  42
     k-point:     6    nbnd_occ=  42
     k-point:     7    nbnd_occ=  42
     k-point:     8    nbnd_occ=  42
     k-point:     9    nbnd_occ=  42
     k-point:    10    nbnd_occ=  42
     k-point:    11    nbnd_occ=  42
     k-point:    12    nbnd_occ=  42
     k-point:    13    nbnd_occ=  42
     k-point:    14    nbnd_occ=  42
     k-point:    15    nbnd_occ=  42
     k-point:    16    nbnd_occ=  42


     q-space interpolation up to   110.00 Rydberg

     GIPAW job: efg                                                                             


     ELECTRIC FIELD GRADIENTS TENSORS IN Hartree/bohrradius^2:

     ----- bare term -----
     Cl   1        0.311571        0.060479        0.180972
     Cl   1        0.060479        0.361691        0.252519
     Cl   1        0.180972        0.252519       -0.673262

     C    2       -0.612180        0.042280       -0.235670
     C    2        0.042280        0.024566       -0.245252
     C    2       -0.235670       -0.245252        0.587613

     C    3       -0.018235        0.382152       -0.043032
     C    3        0.382152       -0.468415       -0.461842
     C    3       -0.043032       -0.461842        0.486650

     H    4       -0.521929       -0.090933       -0.332282
     H    4       -0.090933        0.302759       -0.303391
     H    4       -0.332282       -0.303391        0.219170

     C    5       -0.490084        0.345206       -0.465596
     C    5        0.345206        0.229649       -0.345649
     C    5       -0.465596       -0.345649        0.260435

     H    6        0.419996       -0.050321        0.116362
     H    6       -0.050321       -0.214363       -0.437501
     H    6        0.116362       -0.437501       -0.205633

     H    7        0.351012       -0.142029       -0.236576
     H    7       -0.142029       -0.576139       -0.113797
     H    7       -0.236576       -0.113797        0.225127

     C    8       -0.552369        0.066821       -0.262202
     C    8        0.066821       -0.026901        0.330629
     C    8       -0.262202        0.330629        0.579270

     H    9       -0.385010        0.349406       -0.389659
     H    9        0.349406        0.151977        0.051043
     H    9       -0.389659        0.051043        0.233033

     C   10       -0.138491       -0.420169        0.102246
     C   10       -0.420169       -0.465403        0.542517
     C   10        0.102246        0.542517        0.603894

     C   11       -0.233022        0.071651       -0.366159
     C   11        0.071651       -0.057627        0.473134
     C   11       -0.366159        0.473134        0.290649

     Cl  12       -0.003648       -0.139181       -0.078709
     Cl  12       -0.139181       -0.005968        0.052985
     Cl  12       -0.078709        0.052985        0.009615

     H   13        0.492320       -0.013905        0.061314
     H   13       -0.013905        0.003193       -0.486986
     H   13        0.061314       -0.486986       -0.495513

     C   14       -0.146904        0.375782       -0.004494
     C   14        0.375782       -0.423754       -0.356447
     C   14       -0.004494       -0.356447        0.570657

     H   15       -0.618043       -0.264197       -0.398019
     H   15       -0.264197        0.362558       -0.160642
     H   15       -0.398019       -0.160642        0.255485

     C   16       -0.360753        0.342834       -0.346021
     C   16        0.342834        0.061544       -0.321963
     C   16       -0.346021       -0.321963        0.299209

     C   17       -0.046069        0.287301       -0.237291
     C   17        0.287301       -0.109509       -0.628297
     C   17       -0.237291       -0.628297        0.155577

     Cl  18       -0.091348        0.188246       -0.085136
     Cl  18        0.188246        0.084327       -0.123578
     Cl  18       -0.085136       -0.123578        0.007020

     H   19        0.498498        0.032140       -0.120487
     H   19        0.032140       -0.022579        0.400128
     H   19       -0.120487        0.400128       -0.475919

     C   20       -0.333810       -0.324866       -0.059764
     C   20       -0.324866       -0.177429        0.448106
     C   20       -0.059764        0.448106        0.511238

     H   21        0.122298        0.042427       -0.428244
     H   21        0.042427        0.393460       -0.116441
     H   21       -0.428244       -0.116441       -0.515758

     C   22       -0.226826       -0.076273       -0.180230
     C   22       -0.076273       -0.048509        0.301959
     C   22       -0.180230        0.301959        0.275335

     C   23       -0.117404       -0.289398       -0.076339
     C   23       -0.289398       -0.485355        0.413184
     C   23       -0.076339        0.413184        0.602758

     Cl  24       -0.072925       -0.000869       -0.086057
     Cl  24       -0.000869       -0.011751        0.129321
     Cl  24       -0.086057        0.129321        0.084676

     ----- ionic term -----
     Cl   1        0.160671       -0.180293       -0.055528
     Cl   1       -0.180293       -0.053566        0.030730
     Cl   1       -0.055528        0.030730       -0.107105

     C    2        0.285998       -0.130935        0.094287
     C    2       -0.130935       -0.089237        0.451201
     C    2        0.094287        0.451201       -0.196761

     C    3        0.199336       -0.212600        0.071212
     C    3       -0.212600       -0.015373        0.428461
     C    3        0.071212        0.428461       -0.183963

     H    4        0.696856        0.286117        0.607971
     H    4        0.286117       -0.488997        0.214227
     H    4        0.607971        0.214227       -0.207859

     C    5        0.297710       -0.137469        0.194186
     C    5       -0.137469       -0.052609        0.351799
     C    5        0.194186        0.351799       -0.245100

     H    6       -0.523765        0.101233        0.078309
     H    6        0.101233        0.605175        0.762077
     H    6        0.078309        0.762077       -0.081411

     H    7       -0.466526        0.047447        0.010766
     H    7        0.047447        0.885361       -0.493087
     H    7        0.010766       -0.493087       -0.418835

     C    8        0.288494        0.228867        0.295758
     C    8        0.228867        0.112287       -0.241167
     C    8        0.295758       -0.241167       -0.400781

     H    9        0.611215       -0.379986        0.654776
     H    9       -0.379986       -0.354403       -0.268034
     H    9        0.654776       -0.268034       -0.256812

     C   10        0.148086        0.222205        0.225860
     C   10        0.222205        0.252483       -0.337011
     C   10        0.225860       -0.337011       -0.400569

     C   11        0.107621        0.223325        0.344470
     C   11        0.223325        0.189808       -0.311518
     C   11        0.344470       -0.311518       -0.297429

     Cl  12        0.131946        0.210411        0.049862
     Cl  12        0.210411        0.025215        0.024374
     Cl  12        0.049862        0.024374       -0.157161

     H   13       -0.496256       -0.046535       -0.043605
     H   13       -0.046535        0.469835        0.791365
     H   13       -0.043605        0.791365        0.026420

     C   14        0.366128       -0.186842        0.102018
     C   14       -0.186842       -0.069437        0.356825
     C   14        0.102018        0.356825       -0.296691

     H   15        0.660370        0.219126        0.663088
     H   15        0.219126       -0.514618        0.208042
     H   15        0.663088        0.208042       -0.145752

     C   16        0.223270       -0.241083        0.093159
     C   16       -0.241083        0.034577        0.428060
     C   16        0.093159        0.428060       -0.257847

     C   17        0.256715       -0.176332        0.230934
     C   17       -0.176332       -0.002222        0.423980
     C   17        0.230934        0.423980       -0.254493

     Cl  18        0.146507       -0.213196       -0.014399
     Cl  18       -0.213196       -0.003280        0.012301
     Cl  18       -0.014399        0.012301       -0.143227

     H   19       -0.533889       -0.057452        0.060766
     H   19       -0.057452        0.605248       -0.726848
     H   19        0.060766       -0.726848       -0.071360

     C   20        0.193001        0.253517        0.345912
     C   20        0.253517        0.056213       -0.257913
     C   20        0.345912       -0.257913       -0.249214

     H   21        0.405647       -0.201523        0.777451
     H   21       -0.201523       -0.465009       -0.232699
     H   21        0.777451       -0.232699        0.059362

     C   22        0.051697        0.297877        0.243467
     C   22        0.297877        0.168304       -0.389041
     C   22        0.243467       -0.389041       -0.220001

     C   23        0.111981        0.192822        0.261882
     C   23        0.192822        0.143344       -0.456219
     C   23        0.261882       -0.456219       -0.255325

     Cl  24        0.106400        0.226858        0.008420
     Cl  24        0.226858        0.031862       -0.000159
     Cl  24        0.008420       -0.000159       -0.138261

     ----- GIPAW term -----
     Cl   1        0.256133       -0.430074       -0.205814
     Cl   1       -0.430074       -0.105240        0.086553
     Cl   1       -0.205814        0.086553       -0.150893

     C    2       -0.165165       -0.068399       -0.007096
     C    2       -0.068399       -0.112997        0.020852
     C    2       -0.007096        0.020852        0.278161

     C    3       -0.056532        0.094131        0.059780
     C    3        0.094131       -0.074086        0.058046
     C    3        0.059780        0.058046        0.130619

     H    4       -0.000000        0.000000        0.000000
     H    4        0.000000        0.000000        0.000000
     H    4        0.000000        0.000000        0.000000

     C    5       -0.067725        0.173662       -0.128152
     C    5        0.173662        0.098524       -0.124588
     C    5       -0.128152       -0.124588       -0.030799

     H    6       -0.000000        0.000000        0.000000
     H    6        0.000000        0.000000        0.000000
     H    6        0.000000        0.000000        0.000000

     H    7       -0.000000        0.000000        0.000000
     H    7        0.000000        0.000000        0.000000
     H    7        0.000000        0.000000        0.000000

     C    8       -0.138319        0.056156        0.101677
     C    8        0.056156       -0.106779        0.113615
     C    8        0.101677        0.113615        0.245099

     H    9       -0.000000        0.000000        0.000000
     H    9        0.000000        0.000000        0.000000
     H    9        0.000000        0.000000        0.000000

     C   10       -0.061418       -0.023440        0.148025
     C   10       -0.023440       -0.147529        0.139297
     C   10        0.148025        0.139297        0.208947

     C   11        0.055716        0.139589       -0.001954
     C   11        0.139589       -0.037362        0.056234
     C   11       -0.001954        0.056234       -0.018354

     Cl  12        1.503506        1.295862       -0.623692
     Cl  12        1.295862        0.115887        0.447970
     Cl  12       -0.623692        0.447970       -1.619393

     H   13       -0.000000        0.000000        0.000000
     H   13        0.000000        0.000000        0.000000
     H   13        0.000000        0.000000        0.000000

     C   14       -0.055399        0.085254        0.119687
     C   14        0.085254       -0.199283       -0.001887
     C   14        0.119687       -0.001887        0.254682

     H   15       -0.000000        0.000000        0.000000
     H   15        0.000000        0.000000        0.000000
     H   15        0.000000        0.000000        0.000000

     C   16       -0.045782        0.166809       -0.065552
     C   16        0.166809        0.086079       -0.017085
     C   16       -0.065552       -0.017085       -0.040297

     C   17        0.075309        0.077459       -0.090238
     C   17        0.077459        0.052964       -0.157215
     C   17       -0.090238       -0.157215       -0.128273

     Cl  18        0.463602        0.063917       -1.187207
     Cl  18        0.063917        1.017744       -1.620598
     Cl  18       -1.187207       -1.620598       -1.481346

     H   19       -0.000000        0.000000        0.000000
     H   19        0.000000        0.000000        0.000000
     H   19        0.000000        0.000000        0.000000

     C   20       -0.132389       -0.023039        0.055709
     C   20       -0.023039       -0.111620        0.191946
     C   20        0.055709        0.191946        0.244009

     H   21       -0.000000        0.000000        0.000000
     H   21        0.000000        0.000000        0.000000
     H   21        0.000000        0.000000        0.000000

     C   22       -0.137664        0.020602       -0.009917
     C   22        0.020602       -0.051159        0.117269
     C   22       -0.009917        0.117269        0.188823

     C   23       -0.069580        0.049988        0.085798
     C   23        0.049988       -0.177775        0.099465
     C   23        0.085798        0.099465        0.247355

     Cl  24       -0.251329        1.654491       -0.492001
     Cl  24        1.654491        0.292751        2.116825
     Cl  24       -0.492001        2.116825       -0.041422

     ----- total EFG -----
     Cl   1        0.728375       -0.549888       -0.080370
     Cl   1       -0.549888        0.202885        0.369802
     Cl   1       -0.080370        0.369802       -0.931260

     C    2       -0.491347       -0.157054       -0.148478
     C    2       -0.157054       -0.177667        0.226801
     C    2       -0.148478        0.226801        0.669014

     C    3        0.124569        0.263682        0.087960
     C    3        0.263682       -0.557874        0.024664
     C    3        0.087960        0.024664        0.433306

     H    4        0.174927        0.195184        0.275689
     H    4        0.195184       -0.186238       -0.089164
     H    4        0.275689       -0.089164        0.011311

     C    5       -0.260099        0.381399       -0.399562
     C    5        0.381399        0.275564       -0.118438
     C    5       -0.399562       -0.118438       -0.015464

     H    6       -0.103768        0.050912        0.194671
     H    6        0.050912        0.390812        0.324576
     H    6        0.194671        0.324576       -0.287044

     H    7       -0.115513       -0.094582       -0.225810
     H    7       -0.094582        0.309222       -0.606884
     H    7       -0.225810       -0.606884       -0.193709

     C    8       -0.402194        0.351845        0.135233
     C    8        0.351845       -0.021393        0.203078
     C    8        0.135233        0.203078        0.423588

     H    9        0.226205       -0.030580        0.265117
     H    9       -0.030580       -0.202427       -0.216991
     H    9        0.265117       -0.216991       -0.023778

     C   10       -0.051823       -0.221404        0.476131
     C   10       -0.221404       -0.360449        0.344803
     C   10        0.476131        0.344803        0.412272

     C   11       -0.069686        0.434564       -0.023643
     C   11        0.434564        0.094819        0.217849
     C   11       -0.023643        0.217849       -0.025134

     Cl  12        1.631805        1.367091       -0.652540
     Cl  12        1.367091        0.135135        0.525330
     Cl  12       -0.652540        0.525330       -1.766939

     H   13       -0.003936       -0.060440        0.017709
     H   13       -0.060440        0.473029        0.304378
     H   13        0.017709        0.304378       -0.469093

     C   14        0.163825        0.274195        0.217210
     C   14        0.274195       -0.692473       -0.001509
     C   14        0.217210       -0.001509        0.528648

     H   15        0.042326       -0.045071        0.265070
     H   15       -0.045071       -0.152060        0.047400
     H   15        0.265070        0.047400        0.109733

     C   16       -0.183264        0.268559       -0.318414
     C   16        0.268559        0.182199        0.089012
     C   16       -0.318414        0.089012        0.001065

     C   17        0.285955        0.188427       -0.096595
     C   17        0.188427       -0.058766       -0.361531
     C   17       -0.096595       -0.361531       -0.227188

     Cl  18        0.518761        0.038968       -1.286742
     Cl  18        0.038968        1.098792       -1.731876
     Cl  18       -1.286742       -1.731876       -1.617553

     H   19       -0.035390       -0.025312       -0.059721
     H   19       -0.025312        0.582669       -0.326720
     H   19       -0.059721       -0.326720       -0.547279

     C   20       -0.273197       -0.094388        0.341857
     C   20       -0.094388       -0.232837        0.382139
     C   20        0.341857        0.382139        0.506034

     H   21        0.527946       -0.159096        0.349208
     H   21       -0.159096       -0.071549       -0.349140
     H   21        0.349208       -0.349140       -0.456396

     C   22       -0.312792        0.242206        0.053320
     C   22        0.242206        0.068636        0.030186
     C   22        0.053320        0.030186        0.244157

     C   23       -0.075002       -0.046588        0.271340
     C   23       -0.046588       -0.519786        0.056430
     C   23        0.271340        0.056430        0.594788

     Cl  24       -0.217854        1.880480       -0.569638
     Cl  24        1.880480        0.312862        2.245987
     Cl  24       -0.569638        2.245987       -0.095007

     ----- total EFG (symmetrized) -----
     Cl   1        0.728375       -0.549888       -0.080370
     Cl   1       -0.549888        0.202885        0.369802
     Cl   1       -0.080370        0.369802       -0.931260

     C    2       -0.491347       -0.157054       -0.148478
     C    2       -0.157054       -0.177667        0.226801
     C    2       -0.148478        0.226801        0.669014

     C    3        0.124569        0.263682        0.087960
     C    3        0.263682       -0.557874        0.024664
     C    3        0.087960        0.024664        0.433306

     H    4        0.174927        0.195184        0.275689
     H    4        0.195184       -0.186238       -0.089164
     H    4        0.275689       -0.089164        0.011311

     C    5       -0.260099        0.381399       -0.399562
     C    5        0.381399        0.275564       -0.118438
     C    5       -0.399562       -0.118438       -0.015464

     H    6       -0.103768        0.050912        0.194671
     H    6        0.050912        0.390812        0.324576
     H    6        0.194671        0.324576       -0.287044

     H    7       -0.115513       -0.094582       -0.225810
     H    7       -0.094582        0.309222       -0.606884
     H    7       -0.225810       -0.606884       -0.193709

     C    8       -0.402194        0.351845        0.135233
     C    8        0.351845       -0.021393        0.203078
     C    8        0.135233        0.203078        0.423588

     H    9        0.226205       -0.030580        0.265117
     H    9       -0.030580       -0.202427       -0.216991
     H    9        0.265117       -0.216991       -0.023778

     C   10       -0.051823       -0.221404        0.476131
     C   10       -0.221404       -0.360449        0.344803
     C   10        0.476131        0.344803        0.412272

     C   11       -0.069686        0.434564       -0.023643
     C   11        0.434564        0.094819        0.217849
     C   11       -0.023643        0.217849       -0.025134

     Cl  12        1.631805        1.367091       -0.652540
     Cl  12        1.367091        0.135135        0.525330
     Cl  12       -0.652540        0.525330       -1.766939

     H   13       -0.003936       -0.060440        0.017709
     H   13       -0.060440        0.473029        0.304378
     H   13        0.017709        0.304378       -0.469093

     C   14        0.163825        0.274195        0.217210
     C   14        0.274195       -0.692473       -0.001509
     C   14        0.217210       -0.001509        0.528648

     H   15        0.042326       -0.045071        0.265070
     H   15       -0.045071       -0.152060        0.047400
     H   15        0.265070        0.047400        0.109733

     C   16       -0.183264        0.268559       -0.318414
     C   16        0.268559        0.182199        0.089012
     C   16       -0.318414        0.089012        0.001065

     C   17        0.285955        0.188427       -0.096595
     C   17        0.188427       -0.058766       -0.361531
     C   17       -0.096595       -0.361531       -0.227188

     Cl  18        0.518761        0.038968       -1.286742
     Cl  18        0.038968        1.098792       -1.731876
     Cl  18       -1.286742       -1.731876       -1.617553

     H   19       -0.035390       -0.025312       -0.059721
     H   19       -0.025312        0.582669       -0.326720
     H   19       -0.059721       -0.326720       -0.547279

     C   20       -0.273197       -0.094388        0.341857
     C   20       -0.094388       -0.232837        0.382139
     C   20        0.341857        0.382139        0.506034

     H   21        0.527946       -0.159096        0.349208
     H   21       -0.159096       -0.071549       -0.349140
     H   21        0.349208       -0.349140       -0.456396

     C   22       -0.312792        0.242206        0.053320
     C   22        0.242206        0.068636        0.030186
     C   22        0.053320        0.030186        0.244157

     C   23       -0.075002       -0.046588        0.271340
     C   23       -0.046588       -0.519786        0.056430
     C   23        0.271340        0.056430        0.594788

     Cl  24       -0.217854        1.880480       -0.569638
     Cl  24        1.880480        0.312862        2.245987
     Cl  24       -0.569638        2.245987       -0.095007


     NQR/NMR SPECTROSCOPIC PARAMETERS:
     Cl   1    Vxx=   -0.0652    axis=( -0.565861 -0.775926 -0.278820)
     Cl   1    Vyy=   -1.0453    axis=( -0.051273 -0.304398  0.951164)
     Cl   1    Vzz=    1.1105    axis=( -0.822905  0.552523  0.132463)
     Cl   1  Q=        -8.1650 1e-30 m^2  Cq=       -21.3048 MHz  eta= 0.88249

     C    2    Vxx=   -0.1941    axis=( -0.328420  0.898103 -0.292493)
     C    2    Vyy=   -0.5588    axis=(  0.933105  0.356521  0.046982)
     C    2    Vzz=    0.7529    axis=( -0.146474  0.257497  0.955113)
     C    2  Q=         1.0000 1e-30 m^2  Cq=         1.7691 MHz  eta= 0.48442

     C    3    Vxx=    0.1815    axis=(  0.889126  0.305711 -0.340583)
     C    3    Vyy=    0.4664    axis=(  0.323710  0.105977  0.940203)
     C    3    Vzz=   -0.6479    axis=( -0.323524  0.946208  0.004735)
     C    3  Q=         1.0000 1e-30 m^2  Cq=        -1.5223 MHz  eta= 0.43962

     H    4    Vxx=   -0.0153    axis=(  0.284893  0.678576 -0.677031)
     H    4    Vyy=   -0.3855    axis=( -0.494302  0.709149  0.502766)
     H    4    Vzz=    0.4008    axis=( -0.821281 -0.191423 -0.537453)
     H    4  Q=         1.0000 1e-30 m^2  Cq=         0.9418 MHz  eta= 0.92351

     C    5    Vxx=    0.0023    axis=(  0.219702 -0.629577 -0.745227)
     C    5    Vyy=    0.6242    axis=(  0.518340  0.722478 -0.457546)
     C    5    Vzz=   -0.6265    axis=(  0.826471 -0.285757  0.485065)
     C    5  Q=         1.0000 1e-30 m^2  Cq=        -1.4720 MHz  eta= 0.99274

     H    6    Vxx=   -0.0562    axis=(  0.896780 -0.322261  0.303204)
     H    6    Vyy=   -0.4880    axis=(  0.399912  0.297064 -0.867078)
     H    6    Vzz=    0.5443    axis=(  0.189355  0.898833  0.395277)
     H    6  Q=         1.0000 1e-30 m^2  Cq=         1.2788 MHz  eta= 0.79332

     H    7    Vxx=   -0.0190    axis=(  0.922291 -0.261122 -0.284948)
     H    7    Vyy=   -0.6985    axis=(  0.381937  0.502840  0.775420)
     H    7    Vzz=    0.7175    axis=( -0.059196 -0.823994  0.563497)
     H    7  Q=         1.0000 1e-30 m^2  Cq=         1.6857 MHz  eta= 0.94712

     C    8    Vxx=    0.0354    axis=(  0.424987  0.732801 -0.531403)
     C    8    Vyy=    0.5766    axis=(  0.279543  0.452113  0.847024)
     C    8    Vzz=   -0.6120    axis=( -0.860954  0.508524  0.012707)
     C    8  Q=         1.0000 1e-30 m^2  Cq=        -1.4380 MHz  eta= 0.88434

     H    9    Vxx=   -0.0506    axis=(  0.570893  0.632784 -0.523130)
     H    9    Vyy=   -0.3781    axis=( -0.239527  0.737815  0.631075)
     H    9    Vzz=    0.4287    axis=( -0.785308  0.234973 -0.572783)
     H    9  Q=         1.0000 1e-30 m^2  Cq=         1.0073 MHz  eta= 0.76383

     C   10    Vxx=   -0.0049    axis=(  0.699686 -0.671716 -0.243387)
     C   10    Vyy=   -0.7364    axis=(  0.538066  0.719544 -0.439024)
     C   10    Vzz=    0.7413    axis=(  0.470027  0.176221  0.864882)
     C   10  Q=         1.0000 1e-30 m^2  Cq=         1.7417 MHz  eta= 0.98680

     C   11    Vxx=   -0.0151    axis=( -0.446639 -0.007394  0.894684)
     C   11    Vyy=   -0.4863    axis=( -0.688389  0.641591 -0.338352)
     C   11    Vzz=    0.5015    axis=( -0.571519 -0.767011 -0.291649)
     C   11  Q=         1.0000 1e-30 m^2  Cq=         1.1782 MHz  eta= 0.93965

     Cl  12    Vxx=   -0.2718    axis=( -0.410423  0.789404  0.456503)
     Cl  12    Vyy=   -2.1915    axis=(  0.282239 -0.366061  0.886758)
     Cl  12    Vzz=    2.4633    axis=( -0.867118 -0.492789  0.072561)
     Cl  12  Q=        -8.1650 1e-30 m^2  Cq=       -47.2579 MHz  eta= 0.77929

     H   13    Vxx=   -0.0068    axis=(  0.993829  0.071277  0.084992)
     H   13    Vyy=   -0.5610    axis=(  0.061350  0.285156 -0.956516)
     H   13    Vzz=    0.5677    axis=( -0.092414  0.955827  0.279023)
     H   13  Q=         1.0000 1e-30 m^2  Cq=         1.3339 MHz  eta= 0.97620

     C   14    Vxx=    0.1353    axis=( -0.840996 -0.279430  0.463298)
     C   14    Vyy=    0.6406    axis=(  0.456571  0.092911  0.884822)
     C   14    Vzz=   -0.7758    axis=(  0.290291 -0.955660 -0.049442)
     C   14  Q=         1.0000 1e-30 m^2  Cq=        -1.8229 MHz  eta= 0.65129

     H   15    Vxx=   -0.1036    axis=(  0.454862 -0.802141 -0.386872)
     H   15    Vyy=   -0.2397    axis=(  0.598048  0.597017 -0.534705)
     H   15    Vzz=    0.3433    axis=(  0.659878  0.011849  0.751279)
     H   15  Q=         1.0000 1e-30 m^2  Cq=         0.8066 MHz  eta= 0.39621

     C   16    Vxx=    0.1760    axis=( -0.271848  0.562299  0.780973)
     C   16    Vyy=    0.3497    axis=( -0.576142 -0.745122  0.335938)
     C   16    Vzz=   -0.5257    axis=(  0.770817 -0.358628  0.526524)
     C   16  Q=         1.0000 1e-30 m^2  Cq=        -1.2352 MHz  eta= 0.33047

     C   17    Vxx=    0.0488    axis=( -0.653144  0.561941 -0.507567)
     C   17    Vyy=    0.4677    axis=(  0.755186  0.532642 -0.382081)
     C   17    Vzz=   -0.5165    axis=( -0.055644  0.632862  0.772263)
     C   17  Q=         1.0000 1e-30 m^2  Cq=        -1.2136 MHz  eta= 0.81114

     Cl  18    Vxx=    0.6571    axis=(  0.860492 -0.497967 -0.107625)
     Cl  18    Vyy=    2.1971    axis=( -0.391191 -0.781149  0.486597)
     Cl  18    Vzz=   -2.8543    axis=( -0.326380 -0.376611 -0.866972)
     Cl  18  Q=        -8.1650 1e-30 m^2  Cq=        54.7580 MHz  eta= 0.53954

     H   19    Vxx=   -0.0287    axis=(  0.994352 -0.014983 -0.105072)
     H   19    Vyy=   -0.6418    axis=( -0.105365 -0.258413 -0.960271)
     H   19    Vzz=    0.6705    axis=( -0.012764  0.965918 -0.258532)
     H   19  Q=         1.0000 1e-30 m^2  Cq=         1.5753 MHz  eta= 0.91439

     C   20    Vxx=   -0.1598    axis=(  0.708614 -0.704435  0.040469)
     C   20    Vyy=   -0.5872    axis=(  0.650652  0.630169 -0.423720)
     C   20    Vzz=    0.7471    axis=(  0.272981  0.326586  0.904889)
     C   20  Q=         1.0000 1e-30 m^2  Cq=         1.7553 MHz  eta= 0.57209

     H   21    Vxx=   -0.0232    axis=(  0.443380  0.838021 -0.318018)
     H   21    Vyy=   -0.7059    axis=(  0.192684 -0.435616 -0.879267)
     H   21    Vzz=    0.7291    axis=( -0.875378  0.328573 -0.354617)
     H   21  Q=         1.0000 1e-30 m^2  Cq=         1.7132 MHz  eta= 0.93628

     C   22    Vxx=    0.1575    axis=(  0.353120  0.794455 -0.494113)
     C   22    Vyy=    0.2746    axis=(  0.254657  0.426578  0.867860)
     C   22    Vzz=   -0.4322    axis=(  0.900254 -0.432288 -0.051680)
     C   22  Q=         1.0000 1e-30 m^2  Cq=        -1.0154 MHz  eta= 0.27102

     C   23    Vxx=   -0.1602    axis=(  0.931186 -0.171168 -0.321861)
     C   23    Vyy=   -0.5319    axis=( -0.151365 -0.984749  0.085777)
     C   23    Vzz=    0.6921    axis=(  0.331635  0.031156  0.942893)
     C   23  Q=         1.0000 1e-30 m^2  Cq=         1.6261 MHz  eta= 0.53698

     Cl  24    Vxx=    0.3933    axis=(  0.766538  0.055310 -0.639813)
     Cl  24    Vyy=    2.7810    axis=( -0.380055 -0.764018 -0.521378)
     Cl  24    Vzz=   -3.1743    axis=(  0.517666 -0.642820  0.564628)
     Cl  24  Q=        -8.1650 1e-30 m^2  Cq=        60.8971 MHz  eta= 0.75220

     Initialization:
     gipaw_setup  :      9.24s CPU     10.94s WALL (       1 calls)

     Linear response

     Apply operators

     Induced current

     Other routines
     efg          :      9.19s CPU     11.95s WALL (       1 calls)

     General routines
     calbec       :      3.36s CPU      4.89s WALL (      16 calls)
     fft          :      1.36s CPU      1.58s WALL (      15 calls)
     ffts         :      0.04s CPU      0.04s WALL (       2 calls)
     fftw         :      3.10s CPU      3.80s WALL (     672 calls)
     davcio       :      0.03s CPU      0.33s WALL (      32 calls)

     Parallel routines
     fft_scatter  :      1.88s CPU      2.55s WALL (     689 calls)

     Plugins

     GIPAW        :     61.39s CPU     73.22s WALL (       1 calls)
