
     Program QE v.6.0 (svn rev. 13079) starts on 12Jan2017 at 11:52: 5 

     This program is part of the open-source Quantum ESPRESSO suite
     for quantum simulation of materials; please cite
         "P. Giannozzi et al., J. Phys.:Condens. Matter 21 395502 (2009);
          URL http://www.quantum-espresso.org", 
     in publications or presentations arising from this work. More details at
     http://www.quantum-espresso.org/quote

     Parallel version (MPI), running on     8 processors
     R & G space division:  proc/nbgrp/npool/nimage =       8

     ***** This is GIPAW svn revision unknown      *****

     Parallelizing q-star over 1 images

     Reading data from directory:
     /users/majewski/paradichlorobenzene/pbe/9_constraint/scratch/pbe.ecut100.np8.dt60.pcl2phi-129368.save
     Message from routine read_xml_file:
     file /users/majewski/paradichlorobenzene/pbe/9_constraint/scratch/pbe.ecut100.np8.dt60.pcl2phi-129368.save not guaranteed to be safe for post-processing

   Info: using nr1, nr2, nr3 values from input

   Info: using nr1, nr2, nr3 values from input

     IMPORTANT: XC functional enforced from input :
     Exchange-correlation      =  SLA  PW   PBX  PBC ( 1  4  3  4 0 0)
     Any further DFT definition will be discarded
     Please, verify this is what you really want

               file C.pbe-n-kjpaw_psl.1.0.0.UPF: wavefunction(s)  2S 2P renormalized
               file Cl.pbe-n-kjpaw_psl.1.0.0.UPF: wavefunction(s)  3S 3P renormalized
               file H.pbe-kjpaw_psl.1.0.0.UPF: wavefunction(s)  1S renormalized

     Parallelization info
     --------------------
     sticks:   dense  smooth     PW     G-vecs:    dense   smooth      PW
     Min        3057    1223    332               144436    36536    5170
     Max        3059    1225    333               144437    36537    5171
     Sum       24467    9791   2657              1155489   292295   41363


     Subspace diagonalization in iterative solution of the eigenvalue problem:
     a serial algorithm will be used

     GIPAW projectors -----------------------------------------------
     atom=  C    l=0  rc=    1.2000  rs=    0.8000
     atom=  C    l=0  rc=    1.2000  rs=    0.8000
     atom=  C    l=1  rc=    1.4000  rs=    0.9333
     atom=  C    l=1  rc=    1.4000  rs=    0.9333
     projs nearly linearly dependent: l=1  n1,n2= 1, 2  s=  0.99951561

     atom=  Cl   l=0  rc=    1.6000  rs=    1.0667
     atom=  Cl   l=0  rc=    1.6000  rs=    1.0667
     atom=  Cl   l=1  rc=    1.6000  rs=    1.0667
     atom=  Cl   l=1  rc=    1.6000  rs=    1.0667
     atom=  Cl   l=2  rc=    1.6000  rs=    1.0667
     atom=  Cl   l=2  rc=    1.6000  rs=    1.0667
     projs nearly linearly dependent: l=2  n1,n2= 1, 2  s=  0.99993509

     atom=  H    l=0  rc=    1.0000  rs=    0.6667
     atom=  H    l=0  rc=    1.0000  rs=    0.6667
     projs nearly linearly dependent: l=0  n1,n2= 1, 2  s=  0.99968852
     -----------------------------------------------------------------

     GIPAW integrals: -------------------------------------------
     Atom  i/j   nmr_para   nmr_dia   epr_rmc  epr_para   epr_dia
       C   1 1   0.83E+03  0.17E-01  0.93E+01  0.24E+08  0.24E+03
       C   2 1   0.86E+03 -0.61E-01  0.94E+01  0.25E+08  0.25E+03
       C   2 2   0.90E+03 -0.15E+00  0.97E+01  0.26E+08  0.26E+03
       C   3 3   0.33E+01  0.34E+00  0.18E+01  0.55E+03  0.21E+02
       C   4 3   0.35E+01  0.37E+00  0.20E+01  0.59E+03  0.22E+02
       C   4 4   0.38E+01  0.39E+00  0.22E+01  0.63E+03  0.24E+02
       Cl  1 1   0.14E+04 -0.47E+00  0.84E+01  0.32E+09  0.42E+03
       Cl  2 1   0.21E+04 -0.37E+00  0.12E+02  0.49E+09  0.65E+03
       Cl  2 2   0.33E+04 -0.16E+00  0.21E+02  0.76E+09  0.10E+04
       Cl  3 3   0.21E+02  0.79E-01  0.89E+01  0.23E+05  0.13E+03
       Cl  4 3   0.24E+02  0.67E-01  0.99E+01  0.27E+05  0.15E+03
       Cl  4 4   0.28E+02  0.44E-01  0.11E+02  0.32E+05  0.18E+03
       Cl  5 5   0.77E+00  0.19E+00  0.18E+01  0.12E+03  0.22E+02
       Cl  6 5   0.80E+00  0.19E+00  0.19E+01  0.12E+03  0.23E+02
       Cl  6 6   0.83E+00  0.20E+00  0.19E+01  0.12E+03  0.23E+02
       H   1 1   0.39E+02  0.19E+00  0.29E+00  0.78E+05  0.13E+02
       H   2 1   0.41E+02  0.21E+00  0.32E+00  0.82E+05  0.14E+02
       H   2 2   0.43E+02  0.22E+00  0.36E+00  0.86E+05  0.15E+02
     ------------------------------------------------------------

     alpha_pv=     34.6340 eV

     Number of occupied bands for each k-point:
     k-point:     1    nbnd_occ=  42
     k-point:     2    nbnd_occ=  42
     k-point:     3    nbnd_occ=  42
     k-point:     4    nbnd_occ=  42
     k-point:     5    nbnd_occ=  42
     k-point:     6    nbnd_occ=  42
     k-point:     7    nbnd_occ=  42
     k-point:     8    nbnd_occ=  42
     k-point:     9    nbnd_occ=  42
     k-point:    10    nbnd_occ=  42
     k-point:    11    nbnd_occ=  42
     k-point:    12    nbnd_occ=  42
     k-point:    13    nbnd_occ=  42
     k-point:    14    nbnd_occ=  42
     k-point:    15    nbnd_occ=  42
     k-point:    16    nbnd_occ=  42


     q-space interpolation up to   110.00 Rydberg

     GIPAW job: efg                                                                             


     ELECTRIC FIELD GRADIENTS TENSORS IN Hartree/bohrradius^2:

     ----- bare term -----
     Cl   1       -0.032815        0.029500       -0.063870
     Cl   1        0.029500        0.012645        0.041377
     Cl   1       -0.063870        0.041377        0.020170

     C    2       -0.128685        0.306498       -0.137143
     C    2        0.306498       -0.250435       -0.264448
     C    2       -0.137143       -0.264448        0.379120

     C    3        0.018332        0.401445       -0.156342
     C    3        0.401445       -0.229851       -0.269060
     C    3       -0.156342       -0.269060        0.211519

     H    4        0.070599       -0.123897       -0.276246
     H    4       -0.123897        0.491125        0.030245
     H    4       -0.276246        0.030245       -0.561724

     C    5       -0.368137        0.300503       -0.511375
     C    5        0.300503        0.271907       -0.238733
     C    5       -0.511375       -0.238733        0.096230

     H    6       -0.193847        0.109942        0.178734
     H    6        0.109942       -0.038617       -0.480066
     H    6        0.178734       -0.480066        0.232464

     H    7        0.416718        0.151235       -0.126062
     H    7        0.151235       -0.364938        0.615064
     H    7       -0.126062        0.615064       -0.051780

     C    8       -0.125232       -0.348451       -0.135843
     C    8       -0.348451       -0.174833        0.396065
     C    8       -0.135843        0.396065        0.300066

     H    9       -0.226447        0.478326        0.033818
     H    9        0.478326       -0.088207       -0.173436
     H    9        0.033818       -0.173436        0.314654

     C   10       -0.474392       -0.332684       -0.184195
     C   10       -0.332684        0.109631        0.377825
     C   10       -0.184195        0.377825        0.364761

     C   11       -0.014211        0.008291       -0.139056
     C   11        0.008291       -0.007184        0.466841
     C   11       -0.139056        0.466841        0.021395

     Cl  12        0.266454       -0.065171        0.178934
     Cl  12       -0.065171        0.080045       -0.540154
     Cl  12        0.178934       -0.540154       -0.346499

     H   13        0.298754        0.138386       -0.122390
     H   13        0.138386       -0.597158        0.101054
     H   13       -0.122390        0.101054        0.298404

     C   14       -0.055137       -0.220531       -0.336481
     C   14       -0.220531       -0.133419       -0.246257
     C   14       -0.336481       -0.246257        0.188556

     H   15        0.034752       -0.126831       -0.266352
     H   15       -0.126831       -0.303169       -0.368696
     H   15       -0.266352       -0.368696        0.268418

     C   16       -0.640724        0.317090       -0.141326
     C   16        0.317090        0.130530       -0.114142
     C   16       -0.141326       -0.114142        0.510195

     C   17        0.088793        0.163932       -0.095532
     C   17        0.163932       -0.191464       -0.495051
     C   17       -0.095532       -0.495051        0.102671

     Cl  18        0.299076        0.231050       -0.079620
     Cl  18        0.231050        0.134511       -0.546360
     Cl  18       -0.079620       -0.546360       -0.433587

     H   19        0.508029       -0.022704       -0.120120
     H   19       -0.022704       -0.329878        0.394659
     H   19       -0.120120        0.394659       -0.178151

     C   20       -0.778425       -0.332456       -0.234049
     C   20       -0.332456        0.428914        0.216803
     C   20       -0.234049        0.216803        0.349511

     H   21       -0.499708        0.271452        0.227669
     H   21        0.271452        0.372714        0.063286
     H   21        0.227669        0.063286        0.126994

     C   22        0.032829       -0.011968       -0.212204
     C   22       -0.011968       -0.482317        0.384446
     C   22       -0.212204        0.384446        0.449488

     C   23       -0.788436       -0.275559       -0.271558
     C   23       -0.275559        0.212078        0.045161
     C   23       -0.271558        0.045161        0.576358

     Cl  24        0.185766       -0.052868        0.147578
     Cl  24       -0.052868        0.204096        0.155856
     Cl  24        0.147578        0.155856       -0.389862

     ----- ionic term -----
     Cl   1        0.239616       -0.230511        0.043026
     Cl   1       -0.230511       -0.084489       -0.012204
     Cl   1        0.043026       -0.012204       -0.155127

     C    2        0.241433       -0.223837        0.276054
     C    2       -0.223837        0.082858        0.393015
     C    2        0.276054        0.393015       -0.324291

     C    3        0.148105       -0.357448        0.245129
     C    3       -0.357448        0.180943        0.299238
     C    3        0.245129        0.299238       -0.329048

     H    4        0.438534        0.283354        0.718510
     H    4        0.283354       -0.377791        0.289754
     H    4        0.718510        0.289754       -0.060743

     C    5        0.170825       -0.248563        0.350389
     C    5       -0.248563        0.085390        0.259518
     C    5        0.350389        0.259518       -0.256216

     H    6       -0.530362       -0.163414       -0.073701
     H    6       -0.163414        0.742342        0.630376
     H    6       -0.073701        0.630376       -0.211980

     H    7       -0.514525       -0.062567        0.045025
     H    7       -0.062567        0.536116       -0.794763
     H    7        0.045025       -0.794763       -0.021592

     C    8        0.435046        0.166862        0.085875
     C    8        0.166862       -0.056845       -0.366988
     C    8        0.085875       -0.366988       -0.378200

     H    9        0.741032       -0.555918        0.326779
     H    9       -0.555918       -0.313492       -0.225287
     H    9        0.326779       -0.225287       -0.427539

     C   10        0.219808        0.177534       -0.016854
     C   10        0.177534        0.084608       -0.476569
     C   10       -0.016854       -0.476569       -0.304415

     C   11        0.261942        0.138328        0.045947
     C   11        0.138328        0.017483       -0.463788
     C   11        0.045947       -0.463788       -0.279425

     Cl  12        0.115025        0.189540       -0.066714
     Cl  12        0.189540        0.008795       -0.040281
     Cl  12       -0.066714       -0.040281       -0.123820

     H   13       -0.509342       -0.057575       -0.017009
     H   13       -0.057575        0.833992        0.580817
     H   13       -0.017009        0.580817       -0.324650

     C   14        0.247985       -0.170190        0.377759
     C   14       -0.170190        0.089581        0.251626
     C   14        0.377759        0.251626       -0.337565

     H   15        0.286440        0.393009        0.690663
     H   15        0.393009       -0.236384        0.397195
     H   15        0.690663        0.397195       -0.050056

     C   16        0.123771       -0.279711        0.284797
     C   16       -0.279711        0.225706        0.280852
     C   16        0.284797        0.280852       -0.349478

     C   17        0.107597       -0.222205        0.447297
     C   17       -0.222205        0.131453        0.249288
     C   17        0.447297        0.249288       -0.239049

     Cl  18        0.147541       -0.195320        0.144923
     Cl  18       -0.195320       -0.016326       -0.082263
     Cl  18        0.144923       -0.082263       -0.131215

     H   19       -0.504696       -0.073118        0.033684
     H   19       -0.073118        0.586893       -0.770058
     H   19        0.033684       -0.770058       -0.082197

     C   20        0.379251        0.131349        0.025356
     C   20        0.131349       -0.042937       -0.374607
     C   20        0.025356       -0.374607       -0.336314

     H   21        0.765669       -0.561669        0.265605
     H   21       -0.561669       -0.289749       -0.190556
     H   21        0.265605       -0.190556       -0.475920

     C   22        0.248613        0.100667       -0.037712
     C   22        0.100667        0.088933       -0.435321
     C   22       -0.037712       -0.435321       -0.337547

     C   23        0.337050        0.082048        0.132681
     C   23        0.082048        0.008878       -0.399844
     C   23        0.132681       -0.399844       -0.345927

     Cl  24        0.133382        0.210904       -0.045307
     Cl  24        0.210904       -0.006869       -0.025551
     Cl  24       -0.045307       -0.025551       -0.126513

     ----- GIPAW term -----
     Cl   1       -0.355348       -1.358588        1.049868
     Cl   1       -1.358588       -1.385928        0.192437
     Cl   1        1.049868        0.192437        1.741276

     C    2       -0.065980       -0.017092        0.000930
     C    2       -0.017092       -0.047861       -0.115013
     C    2        0.000930       -0.115013        0.113840

     C    3        0.023149        0.097649       -0.130637
     C    3        0.097649       -0.074130       -0.081376
     C    3       -0.130637       -0.081376        0.050981

     H    4       -0.000000        0.000000        0.000000
     H    4        0.000000        0.000000        0.000000
     H    4        0.000000        0.000000        0.000000

     C    5        0.062309        0.207621       -0.110984
     C    5        0.207621        0.056672       -0.053384
     C    5       -0.110984       -0.053384       -0.118981

     H    6       -0.000000        0.000000        0.000000
     H    6        0.000000        0.000000        0.000000
     H    6        0.000000        0.000000        0.000000

     H    7       -0.000000        0.000000        0.000000
     H    7        0.000000        0.000000        0.000000
     H    7        0.000000        0.000000        0.000000

     C    8       -0.040498       -0.156636        0.033516
     C    8       -0.156636        0.070404       -0.000842
     C    8        0.033516       -0.000842       -0.029906

     H    9       -0.000000        0.000000        0.000000
     H    9        0.000000        0.000000        0.000000
     H    9        0.000000        0.000000        0.000000

     C   10       -0.177754       -0.096167       -0.070935
     C   10       -0.096167        0.169746        0.183773
     C   10       -0.070935        0.183773        0.008007

     C   11       -0.026694       -0.001302       -0.048173
     C   11       -0.001302        0.059400        0.131930
     C   11       -0.048173        0.131930       -0.032706

     Cl  12        0.266908        0.141886       -0.242175
     Cl  12        0.141886       -0.168184       -0.136487
     Cl  12       -0.242175       -0.136487       -0.098724

     H   13       -0.000000        0.000000        0.000000
     H   13        0.000000        0.000000        0.000000
     H   13        0.000000        0.000000        0.000000

     C   14       -0.008114       -0.067636        0.006157
     C   14       -0.067636        0.021074       -0.079971
     C   14        0.006157       -0.079971       -0.012960

     H   15       -0.000000        0.000000        0.000000
     H   15        0.000000        0.000000        0.000000
     H   15        0.000000        0.000000        0.000000

     C   16       -0.108090       -0.086489       -0.005612
     C   16       -0.086489        0.152668        0.006528
     C   16       -0.005612        0.006528       -0.044578

     C   17       -0.048702        0.040992        0.047168
     C   17        0.040992        0.178542        0.118908
     C   17        0.047168        0.118908       -0.129841

     Cl  18        0.412791        0.036308        0.178802
     Cl  18        0.036308        0.014634       -0.584308
     Cl  18        0.178802       -0.584308       -0.427424

     H   19       -0.000000        0.000000        0.000000
     H   19        0.000000        0.000000        0.000000
     H   19        0.000000        0.000000        0.000000

     C   20       -0.212507        0.046120        0.002537
     C   20        0.046120        0.294439        0.065344
     C   20        0.002537        0.065344       -0.081933

     H   21       -0.000000        0.000000        0.000000
     H   21        0.000000        0.000000        0.000000
     H   21        0.000000        0.000000        0.000000

     C   22       -0.096440        0.076787       -0.095232
     C   22        0.076787       -0.057884       -0.157157
     C   22       -0.095232       -0.157157        0.154323

     C   23       -0.178006        0.013786       -0.001586
     C   23        0.013786        0.010762       -0.170178
     C   23       -0.001586       -0.170178        0.167244

     Cl  24       -0.231895        0.983146       -0.187363
     Cl  24        0.983146       -0.692934       -0.379098
     Cl  24       -0.187363       -0.379098        0.924829

     ----- total EFG -----
     Cl   1       -0.148547       -1.559598        1.029024
     Cl   1       -1.559598       -1.457772        0.221610
     Cl   1        1.029024        0.221610        1.606319

     C    2        0.046768        0.065569        0.139841
     C    2        0.065569       -0.215438        0.013554
     C    2        0.139841        0.013554        0.168670

     C    3        0.189586        0.141646       -0.041851
     C    3        0.141646       -0.123038       -0.051198
     C    3       -0.041851       -0.051198       -0.066548

     H    4        0.509133        0.159457        0.442264
     H    4        0.159457        0.113333        0.320000
     H    4        0.442264        0.320000       -0.622467

     C    5       -0.135003        0.259561       -0.271970
     C    5        0.259561        0.413970       -0.032599
     C    5       -0.271970       -0.032599       -0.278967

     H    6       -0.724209       -0.053472        0.105033
     H    6       -0.053472        0.703725        0.150310
     H    6        0.105033        0.150310        0.020484

     H    7       -0.097807        0.088668       -0.081037
     H    7        0.088668        0.171178       -0.179699
     H    7       -0.081037       -0.179699       -0.073371

     C    8        0.269315       -0.338225       -0.016452
     C    8       -0.338225       -0.161274        0.028235
     C    8       -0.016452        0.028235       -0.108041

     H    9        0.514585       -0.077592        0.360597
     H    9       -0.077592       -0.401700       -0.398723
     H    9        0.360597       -0.398723       -0.112885

     C   10       -0.432338       -0.251317       -0.271984
     C   10       -0.251317        0.363985        0.085030
     C   10       -0.271984        0.085030        0.068353

     C   11        0.221037        0.145317       -0.141282
     C   11        0.145317        0.069699        0.134983
     C   11       -0.141282        0.134983       -0.290736

     Cl  12        0.648387        0.266255       -0.129955
     Cl  12        0.266255       -0.079344       -0.716923
     Cl  12       -0.129955       -0.716923       -0.569043

     H   13       -0.210588        0.080811       -0.139399
     H   13        0.080811        0.236834        0.681871
     H   13       -0.139399        0.681871       -0.026246

     C   14        0.184734       -0.458357        0.047436
     C   14       -0.458357       -0.022764       -0.074602
     C   14        0.047436       -0.074602       -0.161970

     H   15        0.321191        0.266178        0.424311
     H   15        0.266178       -0.539554        0.028499
     H   15        0.424311        0.028499        0.218362

     C   16       -0.625043       -0.049110        0.137859
     C   16       -0.049110        0.508904        0.173238
     C   16        0.137859        0.173238        0.116139

     C   17        0.147688       -0.017282        0.398932
     C   17       -0.017282        0.118532       -0.126855
     C   17        0.398932       -0.126855       -0.266219

     Cl  18        0.859407        0.072038        0.244104
     Cl  18        0.072038        0.132819       -1.212931
     Cl  18        0.244104       -1.212931       -0.992226

     H   19        0.003334       -0.095822       -0.086436
     H   19       -0.095822        0.257015       -0.375399
     H   19       -0.086436       -0.375399       -0.260348

     C   20       -0.611680       -0.154988       -0.206155
     C   20       -0.154988        0.680416       -0.092460
     C   20       -0.206155       -0.092460       -0.068736

     H   21        0.265961       -0.290217        0.493274
     H   21       -0.290217        0.082965       -0.127271
     H   21        0.493274       -0.127271       -0.348926

     C   22        0.185002        0.165486       -0.345148
     C   22        0.165486       -0.451267       -0.208031
     C   22       -0.345148       -0.208031        0.266265

     C   23       -0.629392       -0.179725       -0.140462
     C   23       -0.179725        0.231717       -0.524862
     C   23       -0.140462       -0.524862        0.397675

     Cl  24        0.087254        1.141182       -0.085092
     Cl  24        1.141182       -0.495707       -0.248792
     Cl  24       -0.085092       -0.248792        0.408453

     ----- total EFG (symmetrized) -----
     Cl   1       -0.148547       -1.559598        1.029024
     Cl   1       -1.559598       -1.457772        0.221610
     Cl   1        1.029024        0.221610        1.606319

     C    2        0.046768        0.065569        0.139841
     C    2        0.065569       -0.215438        0.013554
     C    2        0.139841        0.013554        0.168670

     C    3        0.189586        0.141646       -0.041851
     C    3        0.141646       -0.123038       -0.051198
     C    3       -0.041851       -0.051198       -0.066548

     H    4        0.509133        0.159457        0.442264
     H    4        0.159457        0.113333        0.320000
     H    4        0.442264        0.320000       -0.622467

     C    5       -0.135003        0.259561       -0.271970
     C    5        0.259561        0.413970       -0.032599
     C    5       -0.271970       -0.032599       -0.278967

     H    6       -0.724209       -0.053472        0.105033
     H    6       -0.053472        0.703725        0.150310
     H    6        0.105033        0.150310        0.020484

     H    7       -0.097807        0.088668       -0.081037
     H    7        0.088668        0.171178       -0.179699
     H    7       -0.081037       -0.179699       -0.073371

     C    8        0.269315       -0.338225       -0.016452
     C    8       -0.338225       -0.161274        0.028235
     C    8       -0.016452        0.028235       -0.108041

     H    9        0.514585       -0.077592        0.360597
     H    9       -0.077592       -0.401700       -0.398723
     H    9        0.360597       -0.398723       -0.112885

     C   10       -0.432338       -0.251317       -0.271984
     C   10       -0.251317        0.363985        0.085030
     C   10       -0.271984        0.085030        0.068353

     C   11        0.221037        0.145317       -0.141282
     C   11        0.145317        0.069699        0.134983
     C   11       -0.141282        0.134983       -0.290736

     Cl  12        0.648387        0.266255       -0.129955
     Cl  12        0.266255       -0.079344       -0.716923
     Cl  12       -0.129955       -0.716923       -0.569043

     H   13       -0.210588        0.080811       -0.139399
     H   13        0.080811        0.236834        0.681871
     H   13       -0.139399        0.681871       -0.026246

     C   14        0.184734       -0.458357        0.047436
     C   14       -0.458357       -0.022764       -0.074602
     C   14        0.047436       -0.074602       -0.161970

     H   15        0.321191        0.266178        0.424311
     H   15        0.266178       -0.539554        0.028499
     H   15        0.424311        0.028499        0.218362

     C   16       -0.625043       -0.049110        0.137859
     C   16       -0.049110        0.508904        0.173238
     C   16        0.137859        0.173238        0.116139

     C   17        0.147688       -0.017282        0.398932
     C   17       -0.017282        0.118532       -0.126855
     C   17        0.398932       -0.126855       -0.266219

     Cl  18        0.859407        0.072038        0.244104
     Cl  18        0.072038        0.132819       -1.212931
     Cl  18        0.244104       -1.212931       -0.992226

     H   19        0.003334       -0.095822       -0.086436
     H   19       -0.095822        0.257015       -0.375399
     H   19       -0.086436       -0.375399       -0.260348

     C   20       -0.611680       -0.154988       -0.206155
     C   20       -0.154988        0.680416       -0.092460
     C   20       -0.206155       -0.092460       -0.068736

     H   21        0.265961       -0.290217        0.493274
     H   21       -0.290217        0.082965       -0.127271
     H   21        0.493274       -0.127271       -0.348926

     C   22        0.185002        0.165486       -0.345148
     C   22        0.165486       -0.451267       -0.208031
     C   22       -0.345148       -0.208031        0.266265

     C   23       -0.629392       -0.179725       -0.140462
     C   23       -0.179725        0.231717       -0.524862
     C   23       -0.140462       -0.524862        0.397675

     Cl  24        0.087254        1.141182       -0.085092
     Cl  24        1.141182       -0.495707       -0.248792
     Cl  24       -0.085092       -0.248792        0.408453


     NQR/NMR SPECTROSCOPIC PARAMETERS:
     Cl   1    Vxx=    0.4793    axis=(  0.654255 -0.582012 -0.482921)
     Cl   1    Vyy=    2.1545    axis=( -0.490643  0.159280 -0.856679)
     Cl   1    Vzz=   -2.6338    axis=(  0.575517  0.797428 -0.181350)
     Cl   1  Q=        -8.1650 1e-30 m^2  Cq=        50.5273 MHz  eta= 0.63604

     C    2    Vxx=   -0.0330    axis=(  0.789663  0.241910 -0.563836)
     C    2    Vyy=   -0.2320    axis=( -0.255359  0.965196  0.056474)
     C    2    Vzz=    0.2650    axis=(  0.557874  0.099385  0.823953)
     C    2  Q=         1.0000 1e-30 m^2  Cq=         0.6226 MHz  eta= 0.75097

     C    3    Vxx=   -0.0674    axis=(  0.263227 -0.198715  0.944046)
     C    3    Vyy=   -0.1871    axis=( -0.310853  0.908896  0.277991)
     C    3    Vzz=    0.2546    axis=( -0.913281 -0.366635  0.177474)
     C    3  Q=         1.0000 1e-30 m^2  Cq=         0.5982 MHz  eta= 0.47019

     H    4    Vxx=    0.0761    axis=(  0.449413 -0.885102 -0.120925)
     H    4    Vyy=    0.7675    axis=(  0.851089  0.383094  0.359008)
     H    4    Vzz=   -0.8436    axis=( -0.271433 -0.264261  0.925468)
     H    4  Q=         1.0000 1e-30 m^2  Cq=        -1.9820 MHz  eta= 0.81960

     C    5    Vxx=   -0.0309    axis=(  0.638552 -0.419801 -0.644995)
     C    5    Vyy=   -0.5093    axis=(  0.649203 -0.156226  0.744398)
     C    5    Vzz=    0.5402    axis=(  0.413264  0.894070 -0.172778)
     C    5  Q=         1.0000 1e-30 m^2  Cq=         1.2694 MHz  eta= 0.88549

     H    6    Vxx=    0.0066    axis=(  0.153586 -0.196989  0.968301)
     H    6    Vyy=    0.7360    axis=( -0.021283  0.979041  0.202549)
     H    6    Vzz=   -0.7425    axis=( -0.987906 -0.051717  0.146175)
     H    6  Q=         1.0000 1e-30 m^2  Cq=        -1.7447 MHz  eta= 0.98232

     H    7    Vxx=   -0.1159    axis=(  0.838666 -0.450585 -0.305962)
     H    7    Vyy=   -0.1845    axis=(  0.466246  0.303584  0.830934)
     H    7    Vzz=    0.3004    axis=(  0.281521  0.839530 -0.464689)
     H    7  Q=         1.0000 1e-30 m^2  Cq=         0.7058 MHz  eta= 0.22843

     C    8    Vxx=   -0.1082    axis=(  0.077247  0.037771  0.996296)
     C    8    Vyy=   -0.3481    axis=(  0.477816  0.875647 -0.070244)
     C    8    Vzz=    0.4563    axis=( -0.875057  0.481472  0.049594)
     C    8  Q=         1.0000 1e-30 m^2  Cq=         1.0722 MHz  eta= 0.52560

     H    9    Vxx=   -0.0326    axis=( -0.502995 -0.583281  0.637793)
     H    9    Vyy=   -0.7004    axis=(  0.131352 -0.780956 -0.610618)
     H    9    Vzz=    0.7330    axis=(  0.854250 -0.223363  0.469432)
     H    9  Q=         1.0000 1e-30 m^2  Cq=         1.7223 MHz  eta= 0.91098

     C   10    Vxx=    0.0914    axis=( -0.219215 -0.469034  0.855542)
     C   10    Vyy=    0.5021    axis=(  0.342196 -0.858130 -0.382773)
     C   10    Vzz=   -0.5936    axis=(  0.913700  0.208853  0.348617)
     C   10  Q=         1.0000 1e-30 m^2  Cq=        -1.3946 MHz  eta= 0.69193

     C   11    Vxx=    0.0758    axis=( -0.379093  0.811386  0.444905)
     C   11    Vyy=    0.3144    axis=(  0.878901  0.466140 -0.101223)
     C   11    Vzz=   -0.3902    axis=(  0.289520 -0.352655  0.889839)
     C   11  Q=         1.0000 1e-30 m^2  Cq=        -0.9168 MHz  eta= 0.61138

     Cl  12    Vxx=    0.2302    axis=( -0.570873  0.655146 -0.494861)
     Cl  12    Vyy=    0.8530    axis=(  0.820514  0.476777 -0.315341)
     Cl  12    Vzz=   -1.0832    axis=( -0.029344  0.586060  0.809736)
     Cl  12  Q=        -8.1650 1e-30 m^2  Cq=        20.7810 MHz  eta= 0.57502

     H   13    Vxx=   -0.1533    axis=( -0.939146 -0.238143  0.247573)
     H   13    Vyy=   -0.6471    axis=(  0.342486 -0.593286  0.728502)
     H   13    Vzz=    0.8004    axis=(  0.026607 -0.768960 -0.638743)
     H   13  Q=         1.0000 1e-30 m^2  Cq=         1.8807 MHz  eta= 0.61684

     C   14    Vxx=   -0.1680    axis=( -0.169323 -0.028341  0.985153)
     C   14    Vyy=   -0.3927    axis=(  0.610249  0.781902  0.127380)
     C   14    Vzz=    0.5606    axis=( -0.773903  0.622757 -0.115099)
     C   14  Q=         1.0000 1e-30 m^2  Cq=         1.3172 MHz  eta= 0.40075

     H   15    Vxx=   -0.1085    axis=( -0.569204 -0.300891  0.765161)
     H   15    Vyy=   -0.6268    axis=( -0.321436  0.938001  0.129742)
     H   15    Vzz=    0.7353    axis=( -0.756760 -0.172101 -0.630631)
     H   15  Q=         1.0000 1e-30 m^2  Cq=         1.7277 MHz  eta= 0.70492

     C   16    Vxx=    0.0810    axis=(  0.202928 -0.347338  0.915520)
     C   16    Vyy=    0.5744    axis=( -0.002427 -0.935149 -0.354247)
     C   16    Vzz=   -0.6554    axis=(  0.979191  0.069665 -0.190611)
     C   16  Q=         1.0000 1e-30 m^2  Cq=        -1.5399 MHz  eta= 0.75290

     C   17    Vxx=    0.1112    axis=(  0.313657  0.949455  0.012414)
     C   17    Vyy=    0.4131    axis=(  0.806333 -0.273234  0.524566)
     C   17    Vzz=   -0.5242    axis=(  0.501444 -0.154524 -0.851279)
     C   17  Q=         1.0000 1e-30 m^2  Cq=        -1.2317 MHz  eta= 0.57590

     Cl  18    Vxx=    0.8232    axis=(  0.763856  0.579356 -0.284378)
     Cl  18    Vyy=    0.9661    axis=( -0.638798  0.615903 -0.461087)
     Cl  18    Vzz=   -1.7893    axis=( -0.091984  0.533864  0.840552)
     Cl  18  Q=        -8.1650 1e-30 m^2  Cq=        34.3271 MHz  eta= 0.07991

     H   19    Vxx=    0.0288    axis=(  0.965390 -0.022122 -0.259870)
     H   19    Vyy=    0.4588    axis=(  0.101035 -0.886872  0.450832)
     H   19    Vzz=   -0.4876    axis=( -0.240445 -0.461485 -0.853943)
     H   19  Q=         1.0000 1e-30 m^2  Cq=        -1.1456 MHz  eta= 0.88187

     C   20    Vxx=   -0.0013    axis=( -0.331484  0.052397  0.942005)
     C   20    Vyy=   -0.7036    axis=(  0.937894  0.126607  0.322995)
     C   20    Vzz=    0.7049    axis=( -0.102340  0.990568 -0.091111)
     C   20  Q=         1.0000 1e-30 m^2  Cq=         1.6563 MHz  eta= 0.99621

     H   21    Vxx=   -0.0769    axis=(  0.374431  0.889198  0.262922)
     H   21    Vyy=   -0.6241    axis=( -0.495986 -0.047513  0.867030)
     H   21    Vzz=    0.7010    axis=(  0.783453 -0.455048  0.423239)
     H   21  Q=         1.0000 1e-30 m^2  Cq=         1.6471 MHz  eta= 0.78068

     C   22    Vxx=   -0.1214    axis=(  0.755383 -0.033752  0.654414)
     C   22    Vyy=   -0.5165    axis=( -0.130377  0.970965  0.200571)
     C   22    Vzz=    0.6379    axis=( -0.642183 -0.236828  0.729050)
     C   22  Q=         1.0000 1e-30 m^2  Cq=         1.4987 MHz  eta= 0.61934

     C   23    Vxx=   -0.1156    axis=( -0.405390  0.692306  0.596968)
     C   23    Vyy=   -0.7305    axis=( -0.914117 -0.311984 -0.258951)
     C   23    Vzz=    0.8461    axis=(  0.006971 -0.650675  0.759324)
     C   23  Q=         1.0000 1e-30 m^2  Cq=         1.9881 MHz  eta= 0.72670

     Cl  24    Vxx=    0.3438    axis=(  0.307715  0.139358  0.941218)
     Cl  24    Vyy=    1.0499    axis=(  0.733978  0.594712 -0.328015)
     Cl  24    Vzz=   -1.3937    axis=( -0.605465  0.791769  0.080716)
     Cl  24  Q=        -8.1650 1e-30 m^2  Cq=        26.7380 MHz  eta= 0.50665

     Initialization:
     gipaw_setup  :      9.00s CPU     10.95s WALL (       1 calls)

     Linear response

     Apply operators

     Induced current

     Other routines
     efg          :      9.12s CPU     12.11s WALL (       1 calls)

     General routines
     calbec       :      3.29s CPU      4.64s WALL (      16 calls)
     fft          :      1.69s CPU      2.52s WALL (      15 calls)
     ffts         :      0.03s CPU      0.04s WALL (       2 calls)
     fftw         :      3.14s CPU      3.93s WALL (     672 calls)
     davcio       :      0.03s CPU      0.33s WALL (      32 calls)

     Parallel routines
     fft_scatter  :      2.25s CPU      3.56s WALL (     689 calls)

     Plugins

     GIPAW        :     61.10s CPU     72.27s WALL (       1 calls)
