
     Program QE v.6.0 (svn rev. 13079) starts on 18Jan2017 at  0:14: 9 

     This program is part of the open-source Quantum ESPRESSO suite
     for quantum simulation of materials; please cite
         "P. Giannozzi et al., J. Phys.:Condens. Matter 21 395502 (2009);
          URL http://www.quantum-espresso.org", 
     in publications or presentations arising from this work. More details at
     http://www.quantum-espresso.org/quote

     Parallel version (MPI), running on     8 processors
     R & G space division:  proc/nbgrp/npool/nimage =       8

     ***** This is GIPAW svn revision unknown      *****

     Parallelizing q-star over 1 images

     Reading data from directory:
     /users/majewski/paradichlorobenzene/pbe/9_constraint/scratch/pbe.ecut100.np8.dt60.pcl2phi-129368.save
     Message from routine read_xml_file:
     file /users/majewski/paradichlorobenzene/pbe/9_constraint/scratch/pbe.ecut100.np8.dt60.pcl2phi-129368.save not guaranteed to be safe for post-processing

   Info: using nr1, nr2, nr3 values from input

   Info: using nr1, nr2, nr3 values from input

     IMPORTANT: XC functional enforced from input :
     Exchange-correlation      =  SLA  PW   PBX  PBC ( 1  4  3  4 0 0)
     Any further DFT definition will be discarded
     Please, verify this is what you really want

               file C.pbe-n-kjpaw_psl.1.0.0.UPF: wavefunction(s)  2S 2P renormalized
               file Cl.pbe-n-kjpaw_psl.1.0.0.UPF: wavefunction(s)  3S 3P renormalized
               file H.pbe-kjpaw_psl.1.0.0.UPF: wavefunction(s)  1S renormalized

     Parallelization info
     --------------------
     sticks:   dense  smooth     PW     G-vecs:    dense   smooth      PW
     Min        3057    1223    332               144436    36536    5170
     Max        3059    1225    333               144437    36537    5171
     Sum       24467    9791   2657              1155489   292295   41363


     Subspace diagonalization in iterative solution of the eigenvalue problem:
     a serial algorithm will be used

     GIPAW projectors -----------------------------------------------
     atom=  C    l=0  rc=    1.2000  rs=    0.8000
     atom=  C    l=0  rc=    1.2000  rs=    0.8000
     atom=  C    l=1  rc=    1.4000  rs=    0.9333
     atom=  C    l=1  rc=    1.4000  rs=    0.9333
     projs nearly linearly dependent: l=1  n1,n2= 1, 2  s=  0.99951561

     atom=  Cl   l=0  rc=    1.6000  rs=    1.0667
     atom=  Cl   l=0  rc=    1.6000  rs=    1.0667
     atom=  Cl   l=1  rc=    1.6000  rs=    1.0667
     atom=  Cl   l=1  rc=    1.6000  rs=    1.0667
     atom=  Cl   l=2  rc=    1.6000  rs=    1.0667
     atom=  Cl   l=2  rc=    1.6000  rs=    1.0667
     projs nearly linearly dependent: l=2  n1,n2= 1, 2  s=  0.99993509

     atom=  H    l=0  rc=    1.0000  rs=    0.6667
     atom=  H    l=0  rc=    1.0000  rs=    0.6667
     projs nearly linearly dependent: l=0  n1,n2= 1, 2  s=  0.99968852
     -----------------------------------------------------------------

     GIPAW integrals: -------------------------------------------
     Atom  i/j   nmr_para   nmr_dia   epr_rmc  epr_para   epr_dia
       C   1 1   0.83E+03  0.17E-01  0.93E+01  0.24E+08  0.24E+03
       C   2 1   0.86E+03 -0.61E-01  0.94E+01  0.25E+08  0.25E+03
       C   2 2   0.90E+03 -0.15E+00  0.97E+01  0.26E+08  0.26E+03
       C   3 3   0.33E+01  0.34E+00  0.18E+01  0.55E+03  0.21E+02
       C   4 3   0.35E+01  0.37E+00  0.20E+01  0.59E+03  0.22E+02
       C   4 4   0.38E+01  0.39E+00  0.22E+01  0.63E+03  0.24E+02
       Cl  1 1   0.14E+04 -0.47E+00  0.84E+01  0.32E+09  0.42E+03
       Cl  2 1   0.21E+04 -0.37E+00  0.12E+02  0.49E+09  0.65E+03
       Cl  2 2   0.33E+04 -0.16E+00  0.21E+02  0.76E+09  0.10E+04
       Cl  3 3   0.21E+02  0.79E-01  0.89E+01  0.23E+05  0.13E+03
       Cl  4 3   0.24E+02  0.67E-01  0.99E+01  0.27E+05  0.15E+03
       Cl  4 4   0.28E+02  0.44E-01  0.11E+02  0.32E+05  0.18E+03
       Cl  5 5   0.77E+00  0.19E+00  0.18E+01  0.12E+03  0.22E+02
       Cl  6 5   0.80E+00  0.19E+00  0.19E+01  0.12E+03  0.23E+02
       Cl  6 6   0.83E+00  0.20E+00  0.19E+01  0.12E+03  0.23E+02
       H   1 1   0.39E+02  0.19E+00  0.29E+00  0.78E+05  0.13E+02
       H   2 1   0.41E+02  0.21E+00  0.32E+00  0.82E+05  0.14E+02
       H   2 2   0.43E+02  0.22E+00  0.36E+00  0.86E+05  0.15E+02
     ------------------------------------------------------------

     alpha_pv=     34.3692 eV

     Number of occupied bands for each k-point:
     k-point:     1    nbnd_occ=  42
     k-point:     2    nbnd_occ=  42
     k-point:     3    nbnd_occ=  42
     k-point:     4    nbnd_occ=  42
     k-point:     5    nbnd_occ=  42
     k-point:     6    nbnd_occ=  42
     k-point:     7    nbnd_occ=  42
     k-point:     8    nbnd_occ=  42
     k-point:     9    nbnd_occ=  42
     k-point:    10    nbnd_occ=  42
     k-point:    11    nbnd_occ=  42
     k-point:    12    nbnd_occ=  42
     k-point:    13    nbnd_occ=  42
     k-point:    14    nbnd_occ=  42
     k-point:    15    nbnd_occ=  42
     k-point:    16    nbnd_occ=  42


     q-space interpolation up to   110.00 Rydberg

     GIPAW job: efg                                                                             


     ELECTRIC FIELD GRADIENTS TENSORS IN Hartree/bohrradius^2:

     ----- bare term -----
     Cl   1       -0.188754        0.280161       -0.019323
     Cl   1        0.280161       -0.024308        0.010794
     Cl   1       -0.019323        0.010794        0.213063

     C    2        0.116077        0.042215       -0.150167
     C    2        0.042215       -0.332574       -0.465041
     C    2       -0.150167       -0.465041        0.216497

     C    3       -0.416821        0.384328       -0.319120
     C    3        0.384328        0.155790       -0.018993
     C    3       -0.319120       -0.018993        0.261031

     H    4        0.118608       -0.043741       -0.179059
     H    4       -0.043741        0.389010       -0.213730
     H    4       -0.179059       -0.213730       -0.507619

     C    5       -0.059852       -0.263104       -0.483926
     C    5       -0.263104       -0.161594       -0.372504
     C    5       -0.483926       -0.372504        0.221446

     H    6        0.132767        0.105785        0.354789
     H    6        0.105785        0.080564       -0.392165
     H    6        0.354789       -0.392165       -0.213331

     H    7        0.302080       -0.014047        0.030832
     H    7       -0.014047       -0.392963        0.540444
     H    7        0.030832        0.540444        0.090883

     C    8       -0.458299       -0.299624       -0.457510
     C    8       -0.299624        0.139923        0.356243
     C    8       -0.457510        0.356243        0.318376

     H    9       -0.396464        0.257977       -0.492866
     H    9        0.257977        0.243090        0.236619
     H    9       -0.492866        0.236619        0.153374

     C   10       -0.078636       -0.434793       -0.246478
     C   10       -0.434793       -0.251116        0.563713
     C   10       -0.246478        0.563713        0.329751

     C   11       -0.232951       -0.228238       -0.434992
     C   11       -0.228238       -0.042024        0.412969
     C   11       -0.434992        0.412969        0.274975

     Cl  12       -0.000411       -0.007178        0.010650
     Cl  12       -0.007178       -0.048446       -0.075920
     Cl  12        0.010650       -0.075920        0.048857

     H   13        0.476970       -0.055159        0.187100
     H   13       -0.055159       -0.054842       -0.234397
     H   13        0.187100       -0.234397       -0.422128

     C   14       -0.695880        0.378632       -0.415992
     C   14        0.378632        0.436685       -0.096748
     C   14       -0.415992       -0.096748        0.259196

     H   15        0.048077       -0.121810       -0.376335
     H   15       -0.121810        0.393643        0.148330
     H   15       -0.376335        0.148330       -0.441720

     C   16        0.041426        0.282729       -0.132462
     C   16        0.282729       -0.086821       -0.599843
     C   16       -0.132462       -0.599843        0.045395

     C   17       -0.533617        0.314136       -0.289222
     C   17        0.314136        0.187146       -0.326403
     C   17       -0.289222       -0.326403        0.346471

     Cl  18        0.002972       -0.019601        0.082787
     Cl  18       -0.019601       -0.058281        0.065671
     Cl  18        0.082787        0.065671        0.055309

     H   19        0.206093        0.472187        0.123866
     H   19        0.472187       -0.568909        0.025283
     H   19        0.123866        0.025283        0.362816

     C   20       -0.146216       -0.283740       -0.221869
     C   20       -0.283740       -0.180992        0.314989
     C   20       -0.221869        0.314989        0.327208

     H   21       -0.552998        0.392821       -0.283704
     H   21        0.392821        0.262509        0.126460
     H   21       -0.283704        0.126460        0.290489

     C   22       -0.315271       -0.322642       -0.349273
     C   22       -0.322642       -0.032298        0.426242
     C   22       -0.349273        0.426242        0.347569

     C   23       -0.053696       -0.122727       -0.259977
     C   23       -0.122727       -0.112299        0.589407
     C   23       -0.259977        0.589407        0.165995

     Cl  24       -0.170872       -0.110279       -0.043511
     Cl  24       -0.110279       -0.026826       -0.105796
     Cl  24       -0.043511       -0.105796        0.197698

     ----- ionic term -----
     Cl   1        0.113505       -0.220861        0.050743
     Cl   1       -0.220861        0.024051       -0.026538
     Cl   1        0.050743       -0.026538       -0.137556

     C    2        0.043341       -0.318349        0.285378
     C    2       -0.318349        0.034606        0.418086
     C    2        0.285378        0.418086       -0.077948

     C    3        0.033457       -0.351998        0.224720
     C    3       -0.351998        0.028654        0.394006
     C    3        0.224720        0.394006       -0.062111

     H    4        0.161272        0.141618        0.820746
     H    4        0.141618       -0.535056        0.238747
     H    4        0.820746        0.238747        0.373785

     C    5        0.196838       -0.280544        0.321296
     C    5       -0.280544       -0.105159        0.281586
     C    5        0.321296        0.281586       -0.091679

     H    6       -0.500096       -0.168106       -0.148256
     H    6       -0.168106        0.298955        0.774361
     H    6       -0.148256        0.774361        0.201141

     H    7       -0.509500       -0.080102        0.049832
     H    7       -0.080102        0.717080       -0.651142
     H    7        0.049832       -0.651142       -0.207580

     C    8        0.274993        0.167047        0.328374
     C    8        0.167047        0.077769       -0.286648
     C    8        0.328374       -0.286648       -0.352763

     H    9        0.619622       -0.507290        0.549111
     H    9       -0.507290       -0.254733       -0.270188
     H    9        0.549111       -0.270188       -0.364889

     C   10        0.159435        0.179786        0.192895
     C   10        0.179786        0.277537       -0.326956
     C   10        0.192895       -0.326956       -0.436972

     C   11        0.146313        0.203158        0.259429
     C   11        0.203158        0.248080       -0.311375
     C   11        0.259429       -0.311375       -0.394393

     Cl  12        0.117848        0.216721        0.034041
     Cl  12        0.216721        0.036739        0.012713
     Cl  12        0.034041        0.012713       -0.154587

     H   13       -0.516946        0.005795        0.043137
     H   13        0.005795        0.372136        0.782886
     H   13        0.043137        0.782886        0.144810

     C   14        0.197301       -0.240871        0.334834
     C   14       -0.240871       -0.097254        0.295433
     C   14        0.334834        0.295433       -0.100047

     H   15        0.328181        0.311286        0.745948
     H   15        0.311286       -0.402041        0.354256
     H   15        0.745948        0.354256        0.073860

     C   16        0.112885       -0.305116        0.201144
     C   16       -0.305116        0.053466        0.410666
     C   16        0.201144        0.410666       -0.166351

     C   17        0.163120       -0.241902        0.333268
     C   17       -0.241902       -0.073386        0.396154
     C   17        0.333268        0.396154       -0.089734

     Cl  18        0.190152       -0.211446        0.042411
     Cl  18       -0.211446       -0.068051       -0.021867
     Cl  18        0.042411       -0.021867       -0.122101

     H   19       -0.495031       -0.169389        0.104410
     H   19       -0.169389        0.703081       -0.634278
     H   19        0.104410       -0.634278       -0.208050

     C   20        0.210852        0.192644        0.318494
     C   20        0.192644        0.168790       -0.214523
     C   20        0.318494       -0.214523       -0.379642

     H   21        0.625022       -0.314901        0.649730
     H   21       -0.314901       -0.432850       -0.242402
     H   21        0.649730       -0.242402       -0.192172

     C   22        0.063367        0.227676        0.264294
     C   22        0.227676        0.292561       -0.356683
     C   22        0.264294       -0.356683       -0.355928

     C   23        0.145328        0.155597        0.358143
     C   23        0.155597        0.198597       -0.405552
     C   23        0.358143       -0.405552       -0.343924

     Cl  24        0.114223        0.229597        0.037085
     Cl  24        0.229597        0.060717        0.024190
     Cl  24        0.037085        0.024190       -0.174940

     ----- GIPAW term -----
     Cl   1       -1.141348       -0.847583       -0.579056
     Cl   1       -0.847583       -0.535678        1.765343
     Cl   1       -0.579056        1.765343        1.677025

     C    2       -0.070906       -0.030048        0.024975
     C    2       -0.030048        0.102871        0.170173
     C    2        0.024975        0.170173       -0.031965

     C    3       -0.067282       -0.025468       -0.116358
     C    3       -0.025468        0.006512        0.092822
     C    3       -0.116358        0.092822        0.060770

     H    4       -0.000000        0.000000        0.000000
     H    4        0.000000        0.000000        0.000000
     H    4        0.000000        0.000000        0.000000

     C    5        0.040286       -0.174772       -0.199297
     C    5       -0.174772       -0.081508        0.051266
     C    5       -0.199297        0.051266        0.041222

     H    6       -0.000000        0.000000        0.000000
     H    6        0.000000        0.000000        0.000000
     H    6        0.000000        0.000000        0.000000

     H    7       -0.000000        0.000000        0.000000
     H    7        0.000000        0.000000        0.000000
     H    7        0.000000        0.000000        0.000000

     C    8       -0.042402       -0.132961       -0.108780
     C    8       -0.132961        0.047722        0.093770
     C    8       -0.108780        0.093770       -0.005320

     H    9       -0.000000        0.000000        0.000000
     H    9        0.000000        0.000000        0.000000
     H    9        0.000000        0.000000        0.000000

     C   10       -0.026336       -0.144339       -0.116325
     C   10       -0.144339       -0.013100        0.166445
     C   10       -0.116325        0.166445        0.039436

     C   11       -0.062669       -0.043565       -0.139891
     C   11       -0.043565        0.039123        0.201015
     C   11       -0.139891        0.201015        0.023546

     Cl  12        0.076116       -0.124520       -1.102557
     Cl  12       -0.124520        0.726698        1.693191
     Cl  12       -1.102557        1.693191       -0.802814

     H   13       -0.000000        0.000000        0.000000
     H   13        0.000000        0.000000        0.000000
     H   13        0.000000        0.000000        0.000000

     C   14       -0.121648        0.154903       -0.047592
     C   14        0.154903        0.206148       -0.006229
     C   14       -0.047592       -0.006229       -0.084501

     H   15       -0.000000        0.000000        0.000000
     H   15        0.000000        0.000000        0.000000
     H   15        0.000000        0.000000        0.000000

     C   16       -0.084347        0.101831       -0.046622
     C   16        0.101831        0.159813       -0.180510
     C   16       -0.046622       -0.180510       -0.075466

     C   17       -0.114112       -0.120783       -0.026499
     C   17       -0.120783        0.228841       -0.079732
     C   17       -0.026499       -0.079732       -0.114729

     Cl  18        1.622268       -1.836092        1.846086
     Cl  18       -1.836092       -1.176225        0.285324
     Cl  18        1.846086        0.285324       -0.446044

     H   19       -0.000000        0.000000        0.000000
     H   19        0.000000        0.000000        0.000000
     H   19        0.000000        0.000000        0.000000

     C   20       -0.010060       -0.136753       -0.115488
     C   20       -0.136753       -0.016369        0.160210
     C   20       -0.115488        0.160210        0.026429

     H   21       -0.000000        0.000000        0.000000
     H   21        0.000000        0.000000        0.000000
     H   21        0.000000        0.000000        0.000000

     C   22       -0.061831       -0.121607       -0.116299
     C   22       -0.121607        0.057836        0.093020
     C   22       -0.116299        0.093020        0.003995

     C   23        0.045997        0.033078       -0.040939
     C   23        0.033078        0.081101        0.087346
     C   23       -0.040939        0.087346       -0.127098

     Cl  24        0.245725        1.822578       -0.342952
     Cl  24        1.822578       -0.067685       -0.939312
     Cl  24       -0.342952       -0.939312       -0.178040

     ----- total EFG -----
     Cl   1       -1.216598       -0.788283       -0.547635
     Cl   1       -0.788283       -0.535935        1.749599
     Cl   1       -0.547635        1.749599        1.752532

     C    2        0.088512       -0.306182        0.160186
     C    2       -0.306182       -0.195096        0.123217
     C    2        0.160186        0.123217        0.106585

     C    3       -0.450646        0.006862       -0.210758
     C    3        0.006862        0.190956        0.467835
     C    3       -0.210758        0.467835        0.259690

     H    4        0.279880        0.097877        0.641688
     H    4        0.097877       -0.146046        0.025017
     H    4        0.641688        0.025017       -0.133834

     C    5        0.177272       -0.718419       -0.361928
     C    5       -0.718419       -0.348261       -0.039651
     C    5       -0.361928       -0.039651        0.170989

     H    6       -0.367329       -0.062321        0.206534
     H    6       -0.062321        0.379519        0.382196
     H    6        0.206534        0.382196       -0.012190

     H    7       -0.207420       -0.094149        0.080664
     H    7       -0.094149        0.324117       -0.110698
     H    7        0.080664       -0.110698       -0.116696

     C    8       -0.225708       -0.265538       -0.237916
     C    8       -0.265538        0.265414        0.163365
     C    8       -0.237916        0.163365       -0.039706

     H    9        0.223158       -0.249313        0.056245
     H    9       -0.249313       -0.011643       -0.033569
     H    9        0.056245       -0.033569       -0.211515

     C   10        0.054463       -0.399345       -0.169908
     C   10       -0.399345        0.013322        0.403202
     C   10       -0.169908        0.403202       -0.067785

     C   11       -0.149307       -0.068645       -0.315454
     C   11       -0.068645        0.245179        0.302609
     C   11       -0.315454        0.302609       -0.095872

     Cl  12        0.193553        0.085022       -1.057866
     Cl  12        0.085022        0.714991        1.629985
     Cl  12       -1.057866        1.629985       -0.908544

     H   13       -0.039977       -0.049363        0.230237
     H   13       -0.049363        0.317295        0.548490
     H   13        0.230237        0.548490       -0.277318

     C   14       -0.620227        0.292664       -0.128750
     C   14        0.292664        0.545579        0.192456
     C   14       -0.128750        0.192456        0.074648

     H   15        0.376258        0.189476        0.369612
     H   15        0.189476       -0.008399        0.502586
     H   15        0.369612        0.502586       -0.367860

     C   16        0.069963        0.079444        0.022060
     C   16        0.079444        0.126458       -0.369688
     C   16        0.022060       -0.369688       -0.196421

     C   17       -0.484608       -0.048550        0.017547
     C   17       -0.048550        0.342601       -0.009981
     C   17        0.017547       -0.009981        0.142007

     Cl  18        1.815392       -2.067138        1.971284
     Cl  18       -2.067138       -1.302557        0.329128
     Cl  18        1.971284        0.329128       -0.512835

     H   19       -0.288938        0.302798        0.228276
     H   19        0.302798        0.134172       -0.608995
     H   19        0.228276       -0.608995        0.154766

     C   20        0.054575       -0.227848       -0.018863
     C   20       -0.227848       -0.028571        0.260676
     C   20       -0.018863        0.260676       -0.026004

     H   21        0.072024        0.077921        0.366026
     H   21        0.077921       -0.170341       -0.115942
     H   21        0.366026       -0.115942        0.098317

     C   22       -0.313735       -0.216573       -0.201277
     C   22       -0.216573        0.318100        0.162579
     C   22       -0.201277        0.162579       -0.004365

     C   23        0.137629        0.065947        0.057227
     C   23        0.065947        0.167399        0.271202
     C   23        0.057227        0.271202       -0.305028

     Cl  24        0.189076        1.941897       -0.349377
     Cl  24        1.941897       -0.033794       -1.020918
     Cl  24       -0.349377       -1.020918       -0.155282

     ----- total EFG (symmetrized) -----
     Cl   1       -1.216598       -0.788283       -0.547635
     Cl   1       -0.788283       -0.535935        1.749599
     Cl   1       -0.547635        1.749599        1.752532

     C    2        0.088512       -0.306182        0.160186
     C    2       -0.306182       -0.195096        0.123217
     C    2        0.160186        0.123217        0.106585

     C    3       -0.450646        0.006862       -0.210758
     C    3        0.006862        0.190956        0.467835
     C    3       -0.210758        0.467835        0.259690

     H    4        0.279880        0.097877        0.641688
     H    4        0.097877       -0.146046        0.025017
     H    4        0.641688        0.025017       -0.133834

     C    5        0.177272       -0.718419       -0.361928
     C    5       -0.718419       -0.348261       -0.039651
     C    5       -0.361928       -0.039651        0.170989

     H    6       -0.367329       -0.062321        0.206534
     H    6       -0.062321        0.379519        0.382196
     H    6        0.206534        0.382196       -0.012190

     H    7       -0.207420       -0.094149        0.080664
     H    7       -0.094149        0.324117       -0.110698
     H    7        0.080664       -0.110698       -0.116696

     C    8       -0.225708       -0.265538       -0.237916
     C    8       -0.265538        0.265414        0.163365
     C    8       -0.237916        0.163365       -0.039706

     H    9        0.223158       -0.249313        0.056245
     H    9       -0.249313       -0.011643       -0.033569
     H    9        0.056245       -0.033569       -0.211515

     C   10        0.054463       -0.399345       -0.169908
     C   10       -0.399345        0.013322        0.403202
     C   10       -0.169908        0.403202       -0.067785

     C   11       -0.149307       -0.068645       -0.315454
     C   11       -0.068645        0.245179        0.302609
     C   11       -0.315454        0.302609       -0.095872

     Cl  12        0.193553        0.085022       -1.057866
     Cl  12        0.085022        0.714991        1.629985
     Cl  12       -1.057866        1.629985       -0.908544

     H   13       -0.039977       -0.049363        0.230237
     H   13       -0.049363        0.317295        0.548490
     H   13        0.230237        0.548490       -0.277318

     C   14       -0.620227        0.292664       -0.128750
     C   14        0.292664        0.545579        0.192456
     C   14       -0.128750        0.192456        0.074648

     H   15        0.376258        0.189476        0.369612
     H   15        0.189476       -0.008399        0.502586
     H   15        0.369612        0.502586       -0.367860

     C   16        0.069963        0.079444        0.022060
     C   16        0.079444        0.126458       -0.369688
     C   16        0.022060       -0.369688       -0.196421

     C   17       -0.484608       -0.048550        0.017547
     C   17       -0.048550        0.342601       -0.009981
     C   17        0.017547       -0.009981        0.142007

     Cl  18        1.815392       -2.067138        1.971284
     Cl  18       -2.067138       -1.302557        0.329128
     Cl  18        1.971284        0.329128       -0.512835

     H   19       -0.288938        0.302798        0.228276
     H   19        0.302798        0.134172       -0.608995
     H   19        0.228276       -0.608995        0.154766

     C   20        0.054575       -0.227848       -0.018863
     C   20       -0.227848       -0.028571        0.260676
     C   20       -0.018863        0.260676       -0.026004

     H   21        0.072024        0.077921        0.366026
     H   21        0.077921       -0.170341       -0.115942
     H   21        0.366026       -0.115942        0.098317

     C   22       -0.313735       -0.216573       -0.201277
     C   22       -0.216573        0.318100        0.162579
     C   22       -0.201277        0.162579       -0.004365

     C   23        0.137629        0.065947        0.057227
     C   23        0.065947        0.167399        0.271202
     C   23        0.057227        0.271202       -0.305028

     Cl  24        0.189076        1.941897       -0.349377
     Cl  24        1.941897       -0.033794       -1.020918
     Cl  24       -0.349377       -1.020918       -0.155282


     NQR/NMR SPECTROSCOPIC PARAMETERS:
     Cl   1    Vxx=   -1.0141    axis=( -0.723945  0.509263 -0.465355)
     Cl   1    Vyy=   -1.8658    axis=(  0.658152  0.712018 -0.244675)
     Cl   1    Vzz=    2.8799    axis=( -0.206737  0.483406  0.850634)
     Cl   1  Q=        -8.1650 1e-30 m^2  Cq=       -55.2495 MHz  eta= 0.29574

     C    2    Vxx=    0.1414    axis=( -0.182817  0.480382  0.857794)
     C    2    Vyy=    0.3143    axis=( -0.825160  0.399371 -0.399518)
     C    2    Vzz=   -0.4557    axis=( -0.534499 -0.780856  0.323380)
     C    2  Q=         1.0000 1e-30 m^2  Cq=        -1.0707 MHz  eta= 0.37921

     C    3    Vxx=   -0.1715    axis=(  0.436436  0.708148 -0.555023)
     C    3    Vyy=   -0.5426    axis=( -0.890294  0.250768 -0.380122)
     C    3    Vzz=    0.7141    axis=( -0.130001  0.660032  0.739904)
     C    3  Q=         1.0000 1e-30 m^2  Cq=         1.6777 MHz  eta= 0.51968

     H    4    Vxx=   -0.1527    axis=(  0.034887 -0.991203  0.127670)
     H    4    Vyy=   -0.6043    axis=( -0.591335  0.082512  0.802194)
     H    4    Vzz=    0.7570    axis=(  0.805671  0.103482  0.583254)
     H    4  Q=         1.0000 1e-30 m^2  Cq=         1.7786 MHz  eta= 0.59653

     C    5    Vxx=    0.1016    axis=(  0.215114 -0.421211  0.881083)
     C    5    Vyy=    0.8047    axis=( -0.778479  0.470786  0.415128)
     C    5    Vzz=   -0.9063    axis=( -0.589658 -0.775205 -0.226631)
     C    5  Q=         1.0000 1e-30 m^2  Cq=        -2.1295 MHz  eta= 0.77584

     H    6    Vxx=   -0.0907    axis=(  0.595829 -0.457532  0.660040)
     H    6    Vyy=   -0.5256    axis=( -0.800990 -0.278846  0.529774)
     H    6    Vzz=    0.6163    axis=(  0.058339  0.844340  0.532623)
     H    6  Q=         1.0000 1e-30 m^2  Cq=         1.4481 MHz  eta= 0.70573

     H    7    Vxx=   -0.1156    axis=(  0.431613  0.306042  0.848557)
     H    7    Vyy=   -0.2560    axis=(  0.882051  0.053837 -0.468067)
     H    7    Vzz=    0.3716    axis=(  0.188932 -0.950495  0.246708)
     H    7  Q=         1.0000 1e-30 m^2  Cq=         0.8730 MHz  eta= 0.37781

     C    8    Vxx=   -0.0806    axis=( -0.253210 -0.565108  0.785199)
     C    8    Vyy=   -0.4184    axis=( -0.865693 -0.229926 -0.444646)
     C    8    Vzz=    0.4990    axis=(  0.431811 -0.792330 -0.430991)
     C    8  Q=         1.0000 1e-30 m^2  Cq=         1.1724 MHz  eta= 0.67712

     H    9    Vxx=   -0.1697    axis=(  0.531746  0.846138  0.036020)
     H    9    Vyy=   -0.2187    axis=( -0.110966  0.027444  0.993445)
     H    9    Vzz=    0.3885    axis=(  0.839603 -0.532257  0.108486)
     H    9  Q=         1.0000 1e-30 m^2  Cq=         0.9128 MHz  eta= 0.12607

     C   10    Vxx=   -0.1731    axis=(  0.734607  0.135859  0.664751)
     C   10    Vyy=   -0.4899    axis=( -0.369406 -0.741719  0.559814)
     C   10    Vzz=    0.6630    axis=( -0.569115  0.656807  0.494686)
     C   10  Q=         1.0000 1e-30 m^2  Cq=         1.5579 MHz  eta= 0.47772

     C   11    Vxx=   -0.0263    axis=(  0.679088  0.616245 -0.398851)
     C   11    Vyy=   -0.4778    axis=( -0.645233  0.242028 -0.724635)
     C   11    Vzz=    0.5042    axis=( -0.350020  0.749443  0.561980)
     C   11  Q=         1.0000 1e-30 m^2  Cq=         1.1846 MHz  eta= 0.89557

     Cl  12    Vxx=    0.4007    axis=(  0.877086  0.461071 -0.134662)
     Cl  12    Vyy=    1.8853    axis=(  0.314563 -0.763226 -0.564390)
     Cl  12    Vzz=   -2.2860    axis=( -0.363001  0.452659 -0.814451)
     Cl  12  Q=        -8.1650 1e-30 m^2  Cq=        43.8549 MHz  eta= 0.64945

     H   13    Vxx=    0.0294    axis=(  0.936939 -0.267599  0.224801)
     H   13    Vyy=    0.6526    axis=(  0.114651  0.842968  0.525605)
     H   13    Vzz=   -0.6819    axis=( -0.330151 -0.466687  0.820490)
     H   13  Q=         1.0000 1e-30 m^2  Cq=        -1.6023 MHz  eta= 0.91388

     C   14    Vxx=    0.0673    axis=(  0.267232  0.214518 -0.939452)
     C   14    Vyy=    0.6590    axis=( -0.188928 -0.944323 -0.269372)
     C   14    Vzz=   -0.7264    axis=(  0.944930 -0.249474  0.211825)
     C   14  Q=         1.0000 1e-30 m^2  Cq=        -1.7066 MHz  eta= 0.81462

     H   15    Vxx=    0.0162    axis=(  0.657286 -0.698888 -0.282012)
     H   15    Vyy=    0.7425    axis=(  0.730089  0.497666  0.468293)
     H   15    Vzz=   -0.7587    axis=( -0.186937 -0.513696  0.837359)
     H   15  Q=         1.0000 1e-30 m^2  Cq=        -1.7826 MHz  eta= 0.95728

     C   16    Vxx=    0.0677    axis=(  0.976967 -0.082355  0.196859)
     C   16    Vyy=    0.3782    axis=( -0.176389 -0.830854  0.527796)
     C   16    Vzz=   -0.4459    axis=(  0.120095 -0.550363 -0.826243)
     C   16  Q=         1.0000 1e-30 m^2  Cq=        -1.0476 MHz  eta= 0.69628

     C   17    Vxx=    0.1419    axis=( -0.023668 -0.055357 -0.998186)
     C   17    Vyy=    0.3460    axis=( -0.059399  0.996780 -0.053870)
     C   17    Vzz=   -0.4879    axis=( -0.997954 -0.058016  0.026880)
     C   17  Q=         1.0000 1e-30 m^2  Cq=        -1.1464 MHz  eta= 0.41845

     Cl  18    Vxx=   -0.5261    axis=(  0.108583 -0.618877 -0.777947)
     Cl  18    Vyy=   -3.0061    axis=(  0.505236  0.708321 -0.492969)
     Cl  18    Vzz=    3.5322    axis=( -0.856123  0.339519 -0.389590)
     Cl  18  Q=        -8.1650 1e-30 m^2  Cq=       -67.7640 MHz  eta= 0.70209

     H   19    Vxx=    0.0073    axis=(  0.781084  0.407378  0.473235)
     H   19    Vyy=    0.7562    axis=( -0.053201 -0.711700  0.700466)
     H   19    Vzz=   -0.7635    axis=(  0.622156 -0.572299 -0.534224)
     H   19  Q=         1.0000 1e-30 m^2  Cq=        -1.7939 MHz  eta= 0.98089

     C   20    Vxx=    0.0005    axis=( -0.740669 -0.120914 -0.660901)
     C   20    Vyy=    0.3497    axis=( -0.550845  0.672489  0.494296)
     C   20    Vzz=   -0.3502    axis=( -0.384681 -0.730163  0.564696)
     C   20  Q=         1.0000 1e-30 m^2  Cq=        -0.8229 MHz  eta= 0.99687

     H   21    Vxx=   -0.0795    axis=( -0.434917 -0.827084  0.356060)
     H   21    Vyy=   -0.3734    axis=(  0.582284 -0.559936 -0.589421)
     H   21    Vzz=    0.4529    axis=(  0.686872 -0.049022  0.725124)
     H   21  Q=         1.0000 1e-30 m^2  Cq=         1.0641 MHz  eta= 0.64911

     C   22    Vxx=   -0.0484    axis=( -0.223353 -0.502536  0.835207)
     C   22    Vyy=   -0.4362    axis=( -0.915508 -0.185980 -0.356730)
     C   22    Vzz=    0.4845    axis=(  0.334602 -0.844316 -0.418537)
     C   22  Q=         1.0000 1e-30 m^2  Cq=         1.1384 MHz  eta= 0.80037

     C   23    Vxx=    0.1017    axis=(  0.913558 -0.385806 -0.128708)
     C   23    Vyy=    0.3278    axis=(  0.404280  0.826895  0.390900)
     C   23    Vzz=   -0.4296    axis=( -0.044384 -0.409144  0.911390)
     C   23  Q=         1.0000 1e-30 m^2  Cq=        -1.0093 MHz  eta= 0.52642

     Cl  24    Vxx=   -0.3683    axis=(  0.461514  0.027070  0.886720)
     Cl  24    Vyy=   -2.0213    axis=( -0.604738  0.740912  0.292132)
     Cl  24    Vzz=    2.3896    axis=( -0.649073 -0.671056  0.358312)
     Cl  24  Q=        -8.1650 1e-30 m^2  Cq=       -45.8435 MHz  eta= 0.69176

     Initialization:
     gipaw_setup  :      8.75s CPU     10.82s WALL (       1 calls)

     Linear response

     Apply operators

     Induced current

     Other routines
     efg          :      9.40s CPU     12.22s WALL (       1 calls)

     General routines
     calbec       :      3.24s CPU      4.29s WALL (      16 calls)
     fft          :      1.73s CPU      2.79s WALL (      15 calls)
     ffts         :      0.04s CPU      0.04s WALL (       2 calls)
     fftw         :      3.43s CPU      4.55s WALL (     672 calls)
     davcio       :      0.02s CPU      0.33s WALL (      32 calls)

     Parallel routines
     fft_scatter  :      2.46s CPU      4.45s WALL (     689 calls)

     Plugins

     GIPAW        :     61.38s CPU     75.34s WALL (       1 calls)
