
     Program QE v.6.0 (svn rev. 13079) starts on 12Jan2017 at 14:19:50 

     This program is part of the open-source Quantum ESPRESSO suite
     for quantum simulation of materials; please cite
         "P. Giannozzi et al., J. Phys.:Condens. Matter 21 395502 (2009);
          URL http://www.quantum-espresso.org", 
     in publications or presentations arising from this work. More details at
     http://www.quantum-espresso.org/quote

     Parallel version (MPI), running on     8 processors
     R & G space division:  proc/nbgrp/npool/nimage =       8

     ***** This is GIPAW svn revision unknown      *****

     Parallelizing q-star over 1 images

     Reading data from directory:
     /users/majewski/paradichlorobenzene/pbe/9_constraint/scratch/pbe.ecut100.np8.dt60.pcl2phi-129368.save
     Message from routine read_xml_file:
     file /users/majewski/paradichlorobenzene/pbe/9_constraint/scratch/pbe.ecut100.np8.dt60.pcl2phi-129368.save not guaranteed to be safe for post-processing

   Info: using nr1, nr2, nr3 values from input

   Info: using nr1, nr2, nr3 values from input

     IMPORTANT: XC functional enforced from input :
     Exchange-correlation      =  SLA  PW   PBX  PBC ( 1  4  3  4 0 0)
     Any further DFT definition will be discarded
     Please, verify this is what you really want

               file C.pbe-n-kjpaw_psl.1.0.0.UPF: wavefunction(s)  2S 2P renormalized
               file Cl.pbe-n-kjpaw_psl.1.0.0.UPF: wavefunction(s)  3S 3P renormalized
               file H.pbe-kjpaw_psl.1.0.0.UPF: wavefunction(s)  1S renormalized

     Parallelization info
     --------------------
     sticks:   dense  smooth     PW     G-vecs:    dense   smooth      PW
     Min        3057    1223    332               144436    36536    5170
     Max        3059    1225    333               144437    36537    5171
     Sum       24467    9791   2657              1155489   292295   41363


     Subspace diagonalization in iterative solution of the eigenvalue problem:
     a serial algorithm will be used

     GIPAW projectors -----------------------------------------------
     atom=  C    l=0  rc=    1.2000  rs=    0.8000
     atom=  C    l=0  rc=    1.2000  rs=    0.8000
     atom=  C    l=1  rc=    1.4000  rs=    0.9333
     atom=  C    l=1  rc=    1.4000  rs=    0.9333
     projs nearly linearly dependent: l=1  n1,n2= 1, 2  s=  0.99951561

     atom=  Cl   l=0  rc=    1.6000  rs=    1.0667
     atom=  Cl   l=0  rc=    1.6000  rs=    1.0667
     atom=  Cl   l=1  rc=    1.6000  rs=    1.0667
     atom=  Cl   l=1  rc=    1.6000  rs=    1.0667
     atom=  Cl   l=2  rc=    1.6000  rs=    1.0667
     atom=  Cl   l=2  rc=    1.6000  rs=    1.0667
     projs nearly linearly dependent: l=2  n1,n2= 1, 2  s=  0.99993509

     atom=  H    l=0  rc=    1.0000  rs=    0.6667
     atom=  H    l=0  rc=    1.0000  rs=    0.6667
     projs nearly linearly dependent: l=0  n1,n2= 1, 2  s=  0.99968852
     -----------------------------------------------------------------

     GIPAW integrals: -------------------------------------------
     Atom  i/j   nmr_para   nmr_dia   epr_rmc  epr_para   epr_dia
       C   1 1   0.83E+03  0.17E-01  0.93E+01  0.24E+08  0.24E+03
       C   2 1   0.86E+03 -0.61E-01  0.94E+01  0.25E+08  0.25E+03
       C   2 2   0.90E+03 -0.15E+00  0.97E+01  0.26E+08  0.26E+03
       C   3 3   0.33E+01  0.34E+00  0.18E+01  0.55E+03  0.21E+02
       C   4 3   0.35E+01  0.37E+00  0.20E+01  0.59E+03  0.22E+02
       C   4 4   0.38E+01  0.39E+00  0.22E+01  0.63E+03  0.24E+02
       Cl  1 1   0.14E+04 -0.47E+00  0.84E+01  0.32E+09  0.42E+03
       Cl  2 1   0.21E+04 -0.37E+00  0.12E+02  0.49E+09  0.65E+03
       Cl  2 2   0.33E+04 -0.16E+00  0.21E+02  0.76E+09  0.10E+04
       Cl  3 3   0.21E+02  0.79E-01  0.89E+01  0.23E+05  0.13E+03
       Cl  4 3   0.24E+02  0.67E-01  0.99E+01  0.27E+05  0.15E+03
       Cl  4 4   0.28E+02  0.44E-01  0.11E+02  0.32E+05  0.18E+03
       Cl  5 5   0.77E+00  0.19E+00  0.18E+01  0.12E+03  0.22E+02
       Cl  6 5   0.80E+00  0.19E+00  0.19E+01  0.12E+03  0.23E+02
       Cl  6 6   0.83E+00  0.20E+00  0.19E+01  0.12E+03  0.23E+02
       H   1 1   0.39E+02  0.19E+00  0.29E+00  0.78E+05  0.13E+02
       H   2 1   0.41E+02  0.21E+00  0.32E+00  0.82E+05  0.14E+02
       H   2 2   0.43E+02  0.22E+00  0.36E+00  0.86E+05  0.15E+02
     ------------------------------------------------------------

     alpha_pv=     34.6190 eV

     Number of occupied bands for each k-point:
     k-point:     1    nbnd_occ=  42
     k-point:     2    nbnd_occ=  42
     k-point:     3    nbnd_occ=  42
     k-point:     4    nbnd_occ=  42
     k-point:     5    nbnd_occ=  42
     k-point:     6    nbnd_occ=  42
     k-point:     7    nbnd_occ=  42
     k-point:     8    nbnd_occ=  42
     k-point:     9    nbnd_occ=  42
     k-point:    10    nbnd_occ=  42
     k-point:    11    nbnd_occ=  42
     k-point:    12    nbnd_occ=  42
     k-point:    13    nbnd_occ=  42
     k-point:    14    nbnd_occ=  42
     k-point:    15    nbnd_occ=  42
     k-point:    16    nbnd_occ=  42


     q-space interpolation up to   110.00 Rydberg

     GIPAW job: efg                                                                             


     ELECTRIC FIELD GRADIENTS TENSORS IN Hartree/bohrradius^2:

     ----- bare term -----
     Cl   1        0.002813        0.035240       -0.122275
     Cl   1        0.035240        0.078936        0.033376
     Cl   1       -0.122275        0.033376       -0.081750

     C    2       -0.152573        0.225496       -0.205114
     C    2        0.225496       -0.361509       -0.410953
     C    2       -0.205114       -0.410953        0.514082

     C    3       -0.054787        0.346034       -0.198084
     C    3        0.346034       -0.179599       -0.292869
     C    3       -0.198084       -0.292869        0.234385

     H    4        0.060576       -0.023141       -0.167444
     H    4       -0.023141        0.420133       -0.343705
     H    4       -0.167444       -0.343705       -0.480708

     C    5       -0.371544        0.226327       -0.479062
     C    5        0.226327        0.310782       -0.136795
     C    5       -0.479062       -0.136795        0.060763

     H    6       -0.197790        0.090122        0.154292
     H    6        0.090122       -0.045671       -0.492191
     H    6        0.154292       -0.492191        0.243461

     H    7        0.353252        0.360897       -0.047012
     H    7        0.360897       -0.697199        0.292941
     H    7       -0.047012        0.292941        0.343947

     C    8       -0.119510       -0.171782       -0.178078
     C    8       -0.171782       -0.031779        0.413655
     C    8       -0.178078        0.413655        0.151290

     H    9       -0.384634        0.554393       -0.105638
     H    9        0.554393        0.028182       -0.031283
     H    9       -0.105638       -0.031283        0.356451

     C   10       -0.394344       -0.213687       -0.118545
     C   10       -0.213687        0.082194        0.152796
     C   10       -0.118545        0.152796        0.312149

     C   11       -0.009597       -0.006952       -0.221730
     C   11       -0.006952        0.040163        0.656557
     C   11       -0.221730        0.656557       -0.030567

     Cl  12        0.240027       -0.074673        0.161266
     Cl  12       -0.074673        0.092206       -0.487297
     Cl  12        0.161266       -0.487297       -0.332233

     H   13        0.340502        0.071355       -0.100491
     H   13        0.071355       -0.619066        0.150228
     H   13       -0.100491        0.150228        0.278564

     C   14       -0.056055       -0.200366       -0.298261
     C   14       -0.200366       -0.122810       -0.224681
     C   14       -0.298261       -0.224681        0.178865

     H   15        0.011199       -0.249812       -0.308805
     H   15       -0.249812       -0.368949       -0.309254
     H   15       -0.308805       -0.309254        0.357750

     C   16       -0.636199        0.295169       -0.127792
     C   16        0.295169        0.127274       -0.103947
     C   16       -0.127792       -0.103947        0.508925

     C   17        0.170939        0.085530       -0.120673
     C   17        0.085530       -0.286999       -0.557194
     C   17       -0.120673       -0.557194        0.116061

     Cl  18        0.290096        0.260154       -0.062571
     Cl  18        0.260154        0.105395       -0.564874
     Cl  18       -0.062571       -0.564874       -0.395490

     H   19        0.372882       -0.095298       -0.261287
     H   19       -0.095298       -0.349864        0.448108
     H   19       -0.261287        0.448108       -0.023018

     C   20       -0.856688       -0.377040       -0.345576
     C   20       -0.377040        0.511988        0.147259
     C   20       -0.345576        0.147259        0.344700

     H   21       -0.545846        0.011057       -0.164349
     H   21        0.011057        0.324849        0.344294
     H   21       -0.164349        0.344294        0.220997

     C   22        0.095695       -0.039353       -0.144201
     C   22       -0.039353       -0.489258        0.412520
     C   22       -0.144201        0.412520        0.393563

     C   23       -0.749244       -0.285300       -0.306709
     C   23       -0.285300        0.152409        0.056170
     C   23       -0.306709        0.056170        0.596835

     Cl  24        0.122992       -0.040573        0.099452
     Cl  24       -0.040573        0.153880        0.089432
     Cl  24        0.099452        0.089432       -0.276872

     ----- ionic term -----
     Cl   1        0.208450       -0.212487        0.055781
     Cl   1       -0.212487       -0.074915       -0.021257
     Cl   1        0.055781       -0.021257       -0.133534

     C    2        0.194198       -0.155496        0.269570
     C    2       -0.155496        0.109143        0.437546
     C    2        0.269570        0.437546       -0.303341

     C    3        0.060277       -0.234450        0.227583
     C    3       -0.234450        0.180406        0.418334
     C    3        0.227583        0.418334       -0.240683

     H    4        0.129870        0.442779        0.639985
     H    4        0.442779       -0.162482        0.493072
     H    4        0.639985        0.493072        0.032612

     C    5        0.156115       -0.173680        0.384330
     C    5       -0.173680        0.034736        0.298935
     C    5        0.384330        0.298935       -0.190851

     H    6       -0.536880       -0.114557       -0.032956
     H    6       -0.114557        0.785998        0.603705
     H    6       -0.032956        0.603705       -0.249119

     H    7       -0.496403       -0.208898        0.099225
     H    7       -0.208898        0.750223       -0.660704
     H    7        0.099225       -0.660704       -0.253820

     C    8        0.359237        0.049201        0.083875
     C    8        0.049201        0.035740       -0.327808
     C    8        0.083875       -0.327808       -0.394977

     H    9        0.616168       -0.239232        0.687129
     H    9       -0.239232       -0.533565       -0.209184
     H    9        0.687129       -0.209184       -0.082604

     C   10        0.181002        0.138133        0.095156
     C   10        0.138133        0.110013       -0.415726
     C   10        0.095156       -0.415726       -0.291015

     C   11        0.253340        0.046886        0.141339
     C   11        0.046886        0.070023       -0.444615
     C   11        0.141339       -0.444615       -0.323363

     Cl  12        0.097029        0.167221       -0.069801
     Cl  12        0.167221        0.007876       -0.043590
     Cl  12       -0.069801       -0.043590       -0.104905

     H   13       -0.518856       -0.029177       -0.007945
     H   13       -0.029177        0.890172        0.543887
     H   13       -0.007945        0.543887       -0.371316

     C   14        0.251425       -0.154489        0.347939
     C   14       -0.154489        0.143681        0.247801
     C   14        0.347939        0.247801       -0.395106

     H   15        0.497457        0.327446        0.710043
     H   15        0.327446       -0.336694        0.294467
     H   15        0.710043        0.294467       -0.160763

     C   16        0.149071       -0.293880        0.298643
     C   16       -0.293880        0.265167        0.284111
     C   16        0.298643        0.284111       -0.414239

     C   17        0.028537       -0.199287        0.465340
     C   17       -0.199287        0.207166        0.320060
     C   17        0.465340        0.320060       -0.235703

     Cl  18        0.137564       -0.201077        0.141971
     Cl  18       -0.201077       -0.001738       -0.081352
     Cl  18        0.141971       -0.081352       -0.135826

     H   19       -0.467589       -0.228098        0.147980
     H   19       -0.228098        0.561401       -0.744690
     H   19        0.147980       -0.744690       -0.093812

     C   20        0.373483        0.057527        0.148695
     C   20        0.057527       -0.055802       -0.368255
     C   20        0.148695       -0.368255       -0.317681

     H   21        0.543458       -0.370818        0.662762
     H   21       -0.370818       -0.397409       -0.315552
     H   21        0.662762       -0.315552       -0.146050

     C   22        0.112648        0.151874        0.057156
     C   22        0.151874        0.138419       -0.519741
     C   22        0.057156       -0.519741       -0.251067

     C   23        0.233960        0.128825        0.067851
     C   23        0.128825        0.116357       -0.479256
     C   23        0.067851       -0.479256       -0.350317

     Cl  24        0.151140        0.237828       -0.053542
     Cl  24        0.237828       -0.010450       -0.031854
     Cl  24       -0.053542       -0.031854       -0.140690

     ----- GIPAW term -----
     Cl   1       -0.258655       -1.153847        1.055833
     Cl   1       -1.153847       -1.227663        0.342833
     Cl   1        1.055833        0.342833        1.486319

     C    2       -0.096775       -0.039359       -0.017477
     C    2       -0.039359       -0.117646       -0.156349
     C    2       -0.017477       -0.156349        0.214421

     C    3       -0.031394        0.083114       -0.135317
     C    3        0.083114       -0.067013       -0.104361
     C    3       -0.135317       -0.104361        0.098407

     H    4       -0.000000        0.000000        0.000000
     H    4        0.000000        0.000000        0.000000
     H    4        0.000000        0.000000        0.000000

     C    5        0.064085        0.165649       -0.067960
     C    5        0.165649        0.049810       -0.009374
     C    5       -0.067960       -0.009374       -0.113895

     H    6       -0.000000        0.000000        0.000000
     H    6        0.000000        0.000000        0.000000
     H    6        0.000000        0.000000        0.000000

     H    7       -0.000000        0.000000        0.000000
     H    7        0.000000        0.000000        0.000000
     H    7        0.000000        0.000000        0.000000

     C    8       -0.107317       -0.078935        0.002244
     C    8       -0.078935        0.225476       -0.004656
     C    8        0.002244       -0.004656       -0.118159

     H    9       -0.000000        0.000000        0.000000
     H    9        0.000000        0.000000        0.000000
     H    9        0.000000        0.000000        0.000000

     C   10       -0.100328       -0.067240       -0.048195
     C   10       -0.067240        0.113015        0.086093
     C   10       -0.048195        0.086093       -0.012688

     C   11       -0.050753       -0.000956       -0.052631
     C   11       -0.000956        0.180421        0.176959
     C   11       -0.052631        0.176959       -0.129667

     Cl  12        0.135917        0.168987       -0.323138
     Cl  12        0.168987       -0.198471        0.101162
     Cl  12       -0.323138        0.101162        0.062555

     H   13       -0.000000        0.000000        0.000000
     H   13        0.000000        0.000000        0.000000
     H   13        0.000000        0.000000        0.000000

     C   14       -0.017901       -0.057260        0.005073
     C   14       -0.057260        0.027562       -0.084456
     C   14        0.005073       -0.084456       -0.009660

     H   15       -0.000000        0.000000        0.000000
     H   15        0.000000        0.000000        0.000000
     H   15        0.000000        0.000000        0.000000

     C   16       -0.114290       -0.071518       -0.002055
     C   16       -0.071518        0.152412       -0.000953
     C   16       -0.002055       -0.000953       -0.038121

     C   17       -0.051312        0.007409        0.030370
     C   17        0.007409        0.151998        0.117136
     C   17        0.030370        0.117136       -0.100686

     Cl  18        0.413280        0.087401        0.173695
     Cl  18        0.087401        0.006501       -0.632096
     Cl  18        0.173695       -0.632096       -0.419780

     H   19       -0.000000        0.000000        0.000000
     H   19        0.000000        0.000000        0.000000
     H   19        0.000000        0.000000        0.000000

     C   20       -0.238528       -0.043678       -0.031310
     C   20       -0.043678        0.326605        0.006301
     C   20       -0.031310        0.006301       -0.088077

     H   21       -0.000000        0.000000        0.000000
     H   21        0.000000        0.000000        0.000000
     H   21        0.000000        0.000000        0.000000

     C   22       -0.097265        0.054462       -0.043315
     C   22        0.054462       -0.006287       -0.174373
     C   22       -0.043315       -0.174373        0.103552

     C   23       -0.167709        0.050051       -0.076424
     C   23        0.050051       -0.015288       -0.153834
     C   23       -0.076424       -0.153834        0.182997

     Cl  24       -0.415103        1.102643       -0.279809
     Cl  24        1.102643       -0.958729       -0.420665
     Cl  24       -0.279809       -0.420665        1.373832

     ----- total EFG -----
     Cl   1       -0.047392       -1.331095        0.989338
     Cl   1       -1.331095       -1.223642        0.354952
     Cl   1        0.989338        0.354952        1.271035

     C    2       -0.055150        0.030641        0.046978
     C    2        0.030641       -0.370012       -0.129755
     C    2        0.046978       -0.129755        0.425162

     C    3       -0.025903        0.194699       -0.105817
     C    3        0.194699       -0.066206        0.021105
     C    3       -0.105817        0.021105        0.092109

     H    4        0.190446        0.419639        0.472541
     H    4        0.419639        0.257650        0.149367
     H    4        0.472541        0.149367       -0.448096

     C    5       -0.151345        0.218296       -0.162691
     C    5        0.218296        0.395327        0.152766
     C    5       -0.162691        0.152766       -0.243983

     H    6       -0.734670       -0.024435        0.121336
     H    6       -0.024435        0.740328        0.111513
     H    6        0.121336        0.111513       -0.005657

     H    7       -0.143151        0.151998        0.052213
     H    7        0.151998        0.053024       -0.367763
     H    7        0.052213       -0.367763        0.090127

     C    8        0.132410       -0.201516       -0.091960
     C    8       -0.201516        0.229437        0.081191
     C    8       -0.091960        0.081191       -0.361847

     H    9        0.231534        0.315162        0.581491
     H    9        0.315162       -0.505382       -0.240468
     H    9        0.581491       -0.240468        0.273848

     C   10       -0.313670       -0.142794       -0.071583
     C   10       -0.142794        0.305223       -0.176837
     C   10       -0.071583       -0.176837        0.008447

     C   11        0.192990        0.038978       -0.133022
     C   11        0.038978        0.290607        0.388901
     C   11       -0.133022        0.388901       -0.483597

     Cl  12        0.472972        0.261535       -0.231674
     Cl  12        0.261535       -0.098389       -0.429726
     Cl  12       -0.231674       -0.429726       -0.374583

     H   13       -0.178354        0.042178       -0.108435
     H   13        0.042178        0.271106        0.694115
     H   13       -0.108435        0.694115       -0.092752

     C   14        0.177469       -0.412114        0.054751
     C   14       -0.412114        0.048432       -0.061337
     C   14        0.054751       -0.061337       -0.225901

     H   15        0.508656        0.077634        0.401238
     H   15        0.077634       -0.705643       -0.014787
     H   15        0.401238       -0.014787        0.196987

     C   16       -0.601418       -0.070229        0.168796
     C   16       -0.070229        0.544853        0.179211
     C   16        0.168796        0.179211        0.056566

     C   17        0.148163       -0.106348        0.375037
     C   17       -0.106348        0.072165       -0.119998
     C   17        0.375037       -0.119998       -0.220328

     Cl  18        0.840939        0.146478        0.253095
     Cl  18        0.146478        0.110158       -1.278322
     Cl  18        0.253095       -1.278322       -0.951096

     H   19       -0.094708       -0.323395       -0.113307
     H   19       -0.323395        0.211538       -0.296582
     H   19       -0.113307       -0.296582       -0.116830

     C   20       -0.721733       -0.363191       -0.228190
     C   20       -0.363191        0.782791       -0.214695
     C   20       -0.228190       -0.214695       -0.061058

     H   21       -0.002388       -0.359761        0.498414
     H   21       -0.359761       -0.072559        0.028742
     H   21        0.498414        0.028742        0.074947

     C   22        0.111077        0.166982       -0.130360
     C   22        0.166982       -0.357126       -0.281594
     C   22       -0.130360       -0.281594        0.246048

     C   23       -0.682993       -0.106424       -0.315283
     C   23       -0.106424        0.253478       -0.576920
     C   23       -0.315283       -0.576920        0.429515

     Cl  24       -0.140972        1.299898       -0.233899
     Cl  24        1.299898       -0.815299       -0.363087
     Cl  24       -0.233899       -0.363087        0.956270

     ----- total EFG (symmetrized) -----
     Cl   1       -0.047392       -1.331095        0.989338
     Cl   1       -1.331095       -1.223642        0.354952
     Cl   1        0.989338        0.354952        1.271035

     C    2       -0.055150        0.030641        0.046978
     C    2        0.030641       -0.370012       -0.129755
     C    2        0.046978       -0.129755        0.425162

     C    3       -0.025903        0.194699       -0.105817
     C    3        0.194699       -0.066206        0.021105
     C    3       -0.105817        0.021105        0.092109

     H    4        0.190446        0.419639        0.472541
     H    4        0.419639        0.257650        0.149367
     H    4        0.472541        0.149367       -0.448096

     C    5       -0.151345        0.218296       -0.162691
     C    5        0.218296        0.395327        0.152766
     C    5       -0.162691        0.152766       -0.243983

     H    6       -0.734670       -0.024435        0.121336
     H    6       -0.024435        0.740328        0.111513
     H    6        0.121336        0.111513       -0.005657

     H    7       -0.143151        0.151998        0.052213
     H    7        0.151998        0.053024       -0.367763
     H    7        0.052213       -0.367763        0.090127

     C    8        0.132410       -0.201516       -0.091960
     C    8       -0.201516        0.229437        0.081191
     C    8       -0.091960        0.081191       -0.361847

     H    9        0.231534        0.315162        0.581491
     H    9        0.315162       -0.505382       -0.240468
     H    9        0.581491       -0.240468        0.273848

     C   10       -0.313670       -0.142794       -0.071583
     C   10       -0.142794        0.305223       -0.176837
     C   10       -0.071583       -0.176837        0.008447

     C   11        0.192990        0.038978       -0.133022
     C   11        0.038978        0.290607        0.388901
     C   11       -0.133022        0.388901       -0.483597

     Cl  12        0.472972        0.261535       -0.231674
     Cl  12        0.261535       -0.098389       -0.429726
     Cl  12       -0.231674       -0.429726       -0.374583

     H   13       -0.178354        0.042178       -0.108435
     H   13        0.042178        0.271106        0.694115
     H   13       -0.108435        0.694115       -0.092752

     C   14        0.177469       -0.412114        0.054751
     C   14       -0.412114        0.048432       -0.061337
     C   14        0.054751       -0.061337       -0.225901

     H   15        0.508656        0.077634        0.401238
     H   15        0.077634       -0.705643       -0.014787
     H   15        0.401238       -0.014787        0.196987

     C   16       -0.601418       -0.070229        0.168796
     C   16       -0.070229        0.544853        0.179211
     C   16        0.168796        0.179211        0.056566

     C   17        0.148163       -0.106348        0.375037
     C   17       -0.106348        0.072165       -0.119998
     C   17        0.375037       -0.119998       -0.220328

     Cl  18        0.840939        0.146478        0.253095
     Cl  18        0.146478        0.110158       -1.278322
     Cl  18        0.253095       -1.278322       -0.951096

     H   19       -0.094708       -0.323395       -0.113307
     H   19       -0.323395        0.211538       -0.296582
     H   19       -0.113307       -0.296582       -0.116830

     C   20       -0.721733       -0.363191       -0.228190
     C   20       -0.363191        0.782791       -0.214695
     C   20       -0.228190       -0.214695       -0.061058

     H   21       -0.002388       -0.359761        0.498414
     H   21       -0.359761       -0.072559        0.028742
     H   21        0.498414        0.028742        0.074947

     C   22        0.111077        0.166982       -0.130360
     C   22        0.166982       -0.357126       -0.281594
     C   22       -0.130360       -0.281594        0.246048

     C   23       -0.682993       -0.106424       -0.315283
     C   23       -0.106424        0.253478       -0.576920
     C   23       -0.315283       -0.576920        0.429515

     Cl  24       -0.140972        1.299898       -0.233899
     Cl  24        1.299898       -0.815299       -0.363087
     Cl  24       -0.233899       -0.363087        0.956270


     NQR/NMR SPECTROSCOPIC PARAMETERS:
     Cl   1    Vxx=    0.4514    axis=(  0.626173 -0.602475 -0.494905)
     Cl   1    Vyy=    1.8434    axis=(  0.531871 -0.134062  0.836146)
     Cl   1    Vzz=   -2.2948    axis=( -0.570105 -0.786798  0.236493)
     Cl   1  Q=        -8.1650 1e-30 m^2  Cq=        44.0251 MHz  eta= 0.60660

     C    2    Vxx=   -0.0544    axis=(  0.990419  0.122421 -0.063898)
     C    2    Vyy=   -0.3948    axis=( -0.110791  0.980631  0.161519)
     C    2    Vzz=    0.4492    axis=(  0.082434 -0.152892  0.984799)
     C    2  Q=         1.0000 1e-30 m^2  Cq=         1.0555 MHz  eta= 0.75784

     C    3    Vxx=    0.0665    axis=(  0.298850  0.561270  0.771793)
     C    3    Vyy=    0.1970    axis=( -0.672263 -0.450189  0.587701)
     C    3    Vzz=   -0.2635    axis=( -0.677311  0.694482 -0.242783)
     C    3  Q=         1.0000 1e-30 m^2  Cq=        -0.6190 MHz  eta= 0.49533

     H    4    Vxx=   -0.0964    axis=(  0.518786 -0.770857  0.369648)
     H    4    Vyy=   -0.7044    axis=(  0.495052 -0.081632 -0.865020)
     H    4    Vzz=    0.8008    axis=(  0.696982  0.631756  0.339265)
     H    4  Q=         1.0000 1e-30 m^2  Cq=         1.8816 MHz  eta= 0.75927

     C    5    Vxx=   -0.0392    axis=(  0.727525 -0.128555 -0.673929)
     C    5    Vyy=   -0.4448    axis=( -0.621202  0.293536 -0.726598)
     C    5    Vzz=    0.4840    axis=( -0.291231 -0.947265 -0.133696)
     C    5  Q=         1.0000 1e-30 m^2  Cq=         1.1372 MHz  eta= 0.83797

     H    6    Vxx=   -0.0011    axis=(  0.166139 -0.141298  0.975926)
     H    6    Vyy=   -0.7555    axis=( -0.986092 -0.028317  0.163770)
     H    6    Vzz=    0.7567    axis=(  0.004494 -0.989562 -0.144038)
     H    6  Q=         1.0000 1e-30 m^2  Cq=         1.7779 MHz  eta= 0.99697

     H    7    Vxx=   -0.0613    axis=( -0.844115 -0.302233 -0.442859)
     H    7    Vyy=   -0.3864    axis=( -0.522988  0.646106  0.555905)
     H    7    Vzz=    0.4478    axis=(  0.118121  0.700858 -0.703453)
     H    7  Q=         1.0000 1e-30 m^2  Cq=         1.0521 MHz  eta= 0.72604

     C    8    Vxx=   -0.0251    axis=(  0.773364  0.631211 -0.058996)
     C    8    Vyy=   -0.3821    axis=( -0.143489  0.083636 -0.986112)
     C    8    Vzz=    0.4072    axis=( -0.617510  0.771089  0.155253)
     C    8  Q=         1.0000 1e-30 m^2  Cq=         0.9567 MHz  eta= 0.87695

     H    9    Vxx=   -0.0147    axis=( -0.538907 -0.623660  0.566239)
     H    9    Vyy=   -0.8216    axis=( -0.464438  0.780783  0.417941)
     H    9    Vzz=    0.8363    axis=(  0.702763  0.037752  0.710421)
     H    9  Q=         1.0000 1e-30 m^2  Cq=         1.9650 MHz  eta= 0.96479

     C   10    Vxx=   -0.0240    axis=( -0.369413  0.310268  0.875938)
     C   10    Vyy=   -0.3781    axis=(  0.918100  0.267541  0.292428)
     C   10    Vzz=    0.4021    axis=( -0.143618  0.912226 -0.383690)
     C   10  Q=         1.0000 1e-30 m^2  Cq=         0.9447 MHz  eta= 0.88061

     C   11    Vxx=    0.2141    axis=(  0.985468  0.118181 -0.122008)
     C   11    Vyy=    0.4532    axis=( -0.061863  0.918660  0.390174)
     C   11    Vzz=   -0.6673    axis=(  0.158195 -0.376957  0.912622)
     C   11  Q=         1.0000 1e-30 m^2  Cq=        -1.5679 MHz  eta= 0.35820

     Cl  12    Vxx=   -0.0265    axis=(  0.569938 -0.680404  0.460675)
     Cl  12    Vyy=   -0.6889    axis=(  0.032218  0.578718  0.814891)
     Cl  12    Vzz=    0.7154    axis=( -0.821056 -0.449596  0.351755)
     Cl  12  Q=        -8.1650 1e-30 m^2  Cq=       -13.7253 MHz  eta= 0.92588

     H   13    Vxx=   -0.1533    axis=( -0.972959 -0.165997  0.160609)
     H   13    Vyy=   -0.6546    axis=(  0.228521 -0.590685  0.773867)
     H   13    Vzz=    0.8078    axis=(  0.033590 -0.789643 -0.612646)
     H   13  Q=         1.0000 1e-30 m^2  Cq=         1.8981 MHz  eta= 0.62057

     C   14    Vxx=   -0.2329    axis=( -0.178440 -0.047114  0.982822)
     C   14    Vyy=   -0.3059    axis=(  0.631401  0.760593  0.151097)
     C   14    Vzz=    0.5388    axis=( -0.754647  0.647517 -0.105972)
     C   14  Q=         1.0000 1e-30 m^2  Cq=         1.2659 MHz  eta= 0.13543

     H   15    Vxx=   -0.0727    axis=( -0.557887 -0.087705  0.825269)
     H   15    Vyy=   -0.7127    axis=(  0.080216 -0.995443 -0.051564)
     H   15    Vzz=    0.7853    axis=(  0.826031  0.037433  0.562380)
     H   15  Q=         1.0000 1e-30 m^2  Cq=         1.8452 MHz  eta= 0.81491

     C   16    Vxx=    0.0489    axis=( -0.269731  0.293238 -0.917201)
     C   16    Vyy=    0.6037    axis=( -0.012330  0.951374  0.307790)
     C   16    Vzz=   -0.6527    axis=( -0.962857 -0.094330  0.252999)
     C   16  Q=         1.0000 1e-30 m^2  Cq=        -1.5335 MHz  eta= 0.85012

     C   17    Vxx=    0.0126    axis=(  0.372503  0.919425  0.126093)
     C   17    Vyy=    0.4455    axis=(  0.773743 -0.382714  0.504828)
     C   17    Vzz=   -0.4581    axis=(  0.512409 -0.090486 -0.853961)
     C   17  Q=         1.0000 1e-30 m^2  Cq=        -1.0763 MHz  eta= 0.94489

     Cl  18    Vxx=    0.8691    axis=(  0.975391  0.219690 -0.018662)
     Cl  18    Vyy=    0.9673    axis=( -0.192014  0.804805 -0.561622)
     Cl  18    Vzz=   -1.8364    axis=( -0.108364  0.551385  0.827183)
     Cl  18  Q=        -8.1650 1e-30 m^2  Cq=        35.2296 MHz  eta= 0.05347

     H   19    Vxx=    0.0065    axis=(  0.688457  0.038237 -0.724269)
     H   19    Vyy=    0.4856    axis=( -0.405893  0.847897 -0.341060)
     H   19    Vzz=   -0.4922    axis=(  0.601064  0.528780  0.599260)
     H   19  Q=         1.0000 1e-30 m^2  Cq=        -1.1564 MHz  eta= 0.97346

     C   20    Vxx=    0.0007    axis=( -0.343718  0.096794  0.934071)
     C   20    Vyy=    0.8934    axis=( -0.193071  0.966140 -0.171163)
     C   20    Vzz=   -0.8941    axis=( -0.919011 -0.239173 -0.313392)
     C   20  Q=         1.0000 1e-30 m^2  Cq=        -2.1007 MHz  eta= 0.99852

     H   21    Vxx=    0.0051    axis=(  0.127574 -0.805123 -0.579226)
     H   21    Vyy=    0.6172    axis=( -0.701357  0.339702 -0.626658)
     H   21    Vzz=   -0.6223    axis=(  0.701301  0.486189 -0.521342)
     H   21  Q=         1.0000 1e-30 m^2  Cq=        -1.4622 MHz  eta= 0.98354

     C   22    Vxx=    0.0318    axis=(  0.857143 -0.004907  0.515055)
     C   22    Vyy=    0.4570    axis=( -0.479441 -0.373083  0.794321)
     C   22    Vzz=   -0.4888    axis=(  0.188260 -0.927785 -0.322138)
     C   22  Q=         1.0000 1e-30 m^2  Cq=        -1.1484 MHz  eta= 0.86993

     C   23    Vxx=   -0.1066    axis=( -0.426904  0.729675  0.534161)
     C   23    Vyy=   -0.8370    axis=(  0.897783  0.271212  0.347030)
     C   23    Vzz=    0.9436    axis=( -0.108348 -0.627709  0.770871)
     C   23  Q=         1.0000 1e-30 m^2  Cq=         2.2171 MHz  eta= 0.77407

     Cl  24    Vxx=    0.5047    axis=( -0.617074 -0.425612 -0.661872)
     Cl  24    Vyy=    1.3239    axis=(  0.503488  0.432855 -0.747754)
     Cl  24    Vzz=   -1.8287    axis=( -0.604748  0.794664  0.052814)
     Cl  24  Q=        -8.1650 1e-30 m^2  Cq=        35.0820 MHz  eta= 0.44799

     Initialization:
     gipaw_setup  :      9.23s CPU     10.99s WALL (       1 calls)

     Linear response

     Apply operators

     Induced current

     Other routines
     efg          :      9.38s CPU     11.97s WALL (       1 calls)

     General routines
     calbec       :      3.37s CPU      4.40s WALL (      16 calls)
     fft          :      1.65s CPU      2.59s WALL (      15 calls)
     ffts         :      0.02s CPU      0.04s WALL (       2 calls)
     fftw         :      3.22s CPU      4.14s WALL (     672 calls)
     davcio       :      0.05s CPU      0.32s WALL (      32 calls)

     Parallel routines
     fft_scatter  :      2.30s CPU      4.00s WALL (     689 calls)

     Plugins

     GIPAW        :     61.79s CPU     71.90s WALL (       1 calls)
