
     Program QE v.6.0 (svn rev. 13079) starts on 23Jan2017 at 14:33: 5 

     This program is part of the open-source Quantum ESPRESSO suite
     for quantum simulation of materials; please cite
         "P. Giannozzi et al., J. Phys.:Condens. Matter 21 395502 (2009);
          URL http://www.quantum-espresso.org", 
     in publications or presentations arising from this work. More details at
     http://www.quantum-espresso.org/quote

     Parallel version (MPI), running on     8 processors
     R & G space division:  proc/nbgrp/npool/nimage =       8

     ***** This is GIPAW svn revision unknown      *****

     Parallelizing q-star over 1 images

     Reading data from directory:
     /users/majewski/paradichlorobenzene/pbe/9_constraint/scratch/pbe.ecut100.np8.dt60.pcl2phi-129368.save
     Message from routine read_xml_file:
     file /users/majewski/paradichlorobenzene/pbe/9_constraint/scratch/pbe.ecut100.np8.dt60.pcl2phi-129368.save not guaranteed to be safe for post-processing

   Info: using nr1, nr2, nr3 values from input

   Info: using nr1, nr2, nr3 values from input

     IMPORTANT: XC functional enforced from input :
     Exchange-correlation      =  SLA  PW   PBX  PBC ( 1  4  3  4 0 0)
     Any further DFT definition will be discarded
     Please, verify this is what you really want

               file C.pbe-n-kjpaw_psl.1.0.0.UPF: wavefunction(s)  2S 2P renormalized
               file Cl.pbe-n-kjpaw_psl.1.0.0.UPF: wavefunction(s)  3S 3P renormalized
               file H.pbe-kjpaw_psl.1.0.0.UPF: wavefunction(s)  1S renormalized

     Parallelization info
     --------------------
     sticks:   dense  smooth     PW     G-vecs:    dense   smooth      PW
     Min        3057    1223    332               144436    36536    5170
     Max        3059    1225    333               144437    36537    5171
     Sum       24467    9791   2657              1155489   292295   41363


     Subspace diagonalization in iterative solution of the eigenvalue problem:
     a serial algorithm will be used

     GIPAW projectors -----------------------------------------------
     atom=  C    l=0  rc=    1.2000  rs=    0.8000
     atom=  C    l=0  rc=    1.2000  rs=    0.8000
     atom=  C    l=1  rc=    1.4000  rs=    0.9333
     atom=  C    l=1  rc=    1.4000  rs=    0.9333
     projs nearly linearly dependent: l=1  n1,n2= 1, 2  s=  0.99951561

     atom=  Cl   l=0  rc=    1.6000  rs=    1.0667
     atom=  Cl   l=0  rc=    1.6000  rs=    1.0667
     atom=  Cl   l=1  rc=    1.6000  rs=    1.0667
     atom=  Cl   l=1  rc=    1.6000  rs=    1.0667
     atom=  Cl   l=2  rc=    1.6000  rs=    1.0667
     atom=  Cl   l=2  rc=    1.6000  rs=    1.0667
     projs nearly linearly dependent: l=2  n1,n2= 1, 2  s=  0.99993509

     atom=  H    l=0  rc=    1.0000  rs=    0.6667
     atom=  H    l=0  rc=    1.0000  rs=    0.6667
     projs nearly linearly dependent: l=0  n1,n2= 1, 2  s=  0.99968852
     -----------------------------------------------------------------

     GIPAW integrals: -------------------------------------------
     Atom  i/j   nmr_para   nmr_dia   epr_rmc  epr_para   epr_dia
       C   1 1   0.83E+03  0.17E-01  0.93E+01  0.24E+08  0.24E+03
       C   2 1   0.86E+03 -0.61E-01  0.94E+01  0.25E+08  0.25E+03
       C   2 2   0.90E+03 -0.15E+00  0.97E+01  0.26E+08  0.26E+03
       C   3 3   0.33E+01  0.34E+00  0.18E+01  0.55E+03  0.21E+02
       C   4 3   0.35E+01  0.37E+00  0.20E+01  0.59E+03  0.22E+02
       C   4 4   0.38E+01  0.39E+00  0.22E+01  0.63E+03  0.24E+02
       Cl  1 1   0.14E+04 -0.47E+00  0.84E+01  0.32E+09  0.42E+03
       Cl  2 1   0.21E+04 -0.37E+00  0.12E+02  0.49E+09  0.65E+03
       Cl  2 2   0.33E+04 -0.16E+00  0.21E+02  0.76E+09  0.10E+04
       Cl  3 3   0.21E+02  0.79E-01  0.89E+01  0.23E+05  0.13E+03
       Cl  4 3   0.24E+02  0.67E-01  0.99E+01  0.27E+05  0.15E+03
       Cl  4 4   0.28E+02  0.44E-01  0.11E+02  0.32E+05  0.18E+03
       Cl  5 5   0.77E+00  0.19E+00  0.18E+01  0.12E+03  0.22E+02
       Cl  6 5   0.80E+00  0.19E+00  0.19E+01  0.12E+03  0.23E+02
       Cl  6 6   0.83E+00  0.20E+00  0.19E+01  0.12E+03  0.23E+02
       H   1 1   0.39E+02  0.19E+00  0.29E+00  0.78E+05  0.13E+02
       H   2 1   0.41E+02  0.21E+00  0.32E+00  0.82E+05  0.14E+02
       H   2 2   0.43E+02  0.22E+00  0.36E+00  0.86E+05  0.15E+02
     ------------------------------------------------------------

     alpha_pv=     34.0468 eV

     Number of occupied bands for each k-point:
     k-point:     1    nbnd_occ=  42
     k-point:     2    nbnd_occ=  42
     k-point:     3    nbnd_occ=  42
     k-point:     4    nbnd_occ=  42
     k-point:     5    nbnd_occ=  42
     k-point:     6    nbnd_occ=  42
     k-point:     7    nbnd_occ=  42
     k-point:     8    nbnd_occ=  42
     k-point:     9    nbnd_occ=  42
     k-point:    10    nbnd_occ=  42
     k-point:    11    nbnd_occ=  42
     k-point:    12    nbnd_occ=  42
     k-point:    13    nbnd_occ=  42
     k-point:    14    nbnd_occ=  42
     k-point:    15    nbnd_occ=  42
     k-point:    16    nbnd_occ=  42


     q-space interpolation up to   110.00 Rydberg

     GIPAW job: efg                                                                             


     ELECTRIC FIELD GRADIENTS TENSORS IN Hartree/bohrradius^2:

     ----- bare term -----
     Cl   1        0.041867        0.106724       -0.041265
     Cl   1        0.106724        0.069623       -0.028786
     Cl   1       -0.041265       -0.028786       -0.111491

     C    2        0.064178        0.508832       -0.121647
     C    2        0.508832       -0.293191       -0.509356
     C    2       -0.121647       -0.509356        0.229013

     C    3       -0.112289        0.031397       -0.133682
     C    3        0.031397       -0.061724       -0.191419
     C    3       -0.133682       -0.191419        0.174013

     H    4       -0.325443       -0.405446        0.137445
     H    4       -0.405446        0.070178        0.126831
     H    4        0.137445        0.126831        0.255265

     C    5       -0.145279        0.319259       -0.249883
     C    5        0.319259       -0.223903       -0.272374
     C    5       -0.249883       -0.272374        0.369182

     H    6        0.418784       -0.231997        0.058537
     H    6       -0.231997       -0.632934        0.238723
     H    6        0.058537        0.238723        0.214150

     H    7        0.494143       -0.018197       -0.187758
     H    7       -0.018197       -0.153102        0.325548
     H    7       -0.187758        0.325548       -0.341040

     C    8       -0.447928       -0.315160       -0.096102
     C    8       -0.315160        0.062150        0.343477
     C    8       -0.096102        0.343477        0.385779

     H    9        0.119727        0.037847       -0.432016
     H    9        0.037847        0.368530       -0.164032
     H    9       -0.432016       -0.164032       -0.488257

     C   10        0.004695        0.096861       -0.225551
     C   10        0.096861       -0.076318        0.552413
     C   10       -0.225551        0.552413        0.071622

     C   11       -0.317426       -0.379148       -0.054044
     C   11       -0.379148       -0.122864        0.417185
     C   11       -0.054044        0.417185        0.440290

     Cl  12       -0.030429        0.107711       -0.022369
     Cl  12        0.107711        0.056977        0.113891
     Cl  12       -0.022369        0.113891       -0.026548

     H   13        0.475798        0.033311       -0.180689
     H   13        0.033311       -0.602524        0.030361
     H   13       -0.180689        0.030361        0.126726

     C   14       -0.692786        0.053802       -0.279291
     C   14        0.053802        0.050410       -0.183197
     C   14       -0.279291       -0.183197        0.642376

     H   15       -0.386093       -0.434095        0.042078
     H   15       -0.434095        0.259083        0.102333
     H   15        0.042078        0.102333        0.127010

     C   16       -0.130825        0.369256        0.095911
     C   16        0.369256       -0.472487       -0.492996
     C   16        0.095911       -0.492996        0.603312

     C   17       -0.254378       -0.005852       -0.368394
     C   17       -0.005852       -0.009708       -0.394460
     C   17       -0.368394       -0.394460        0.264085

     Cl  18        0.043272        0.295471       -0.071436
     Cl  18        0.295471       -0.081015       -0.034651
     Cl  18       -0.071436       -0.034651        0.037744

     H   19        0.084752       -0.104658        0.391271
     H   19       -0.104658        0.078958        0.414943
     H   19        0.391271        0.414943       -0.163710

     C   20       -0.001110        0.182978       -0.535294
     C   20        0.182978       -0.052828        0.429914
     C   20       -0.535294        0.429914        0.053937

     H   21       -0.006008        0.077396       -0.194754
     H   21        0.077396        0.528470        0.202192
     H   21       -0.194754        0.202192       -0.522462

     C   22        0.043421       -0.490597       -0.176975
     C   22       -0.490597       -0.329184        0.179780
     C   22       -0.176975        0.179780        0.285762

     C   23        0.128970        0.307043       -0.587958
     C   23        0.307043       -0.183182        0.590190
     C   23       -0.587958        0.590190        0.054212

     Cl  24       -0.069415       -0.323535       -0.155246
     Cl  24       -0.323535       -0.128274        0.036759
     Cl  24       -0.155246        0.036759        0.197689

     ----- ionic term -----
     Cl   1        0.145230       -0.187619       -0.005853
     Cl   1       -0.187619        0.010912       -0.002830
     Cl   1       -0.005853       -0.002830       -0.156141

     C    2        0.327001       -0.053488        0.143322
     C    2       -0.053488        0.223892        0.284745
     C    2        0.143322        0.284745       -0.550893

     C    3        0.228498       -0.101828        0.077678
     C    3       -0.101828        0.305674        0.300931
     C    3        0.077678        0.300931       -0.534172

     H    4        0.739599        0.551427        0.320600
     H    4        0.551427       -0.226283        0.205870
     H    4        0.320600        0.205870       -0.513315

     C    5        0.406354       -0.121536        0.127808
     C    5       -0.121536        0.154181        0.210370
     C    5        0.127808        0.210370       -0.560535

     H    6       -0.490702        0.000065        0.014532
     H    6        0.000065        1.003921        0.354161
     H    6        0.014532        0.354161       -0.513219

     H    7       -0.539251        0.019073        0.013816
     H    7        0.019073        0.458803       -0.781093
     H    7        0.013816       -0.781093        0.080447

     C    8        0.131636        0.235037        0.399257
     C    8        0.235037       -0.009884       -0.279657
     C    8        0.399257       -0.279657       -0.121752

     H    9        0.202803       -0.269509        0.761360
     H    9       -0.269509       -0.423729       -0.334960
     H    9        0.761360       -0.334960        0.220926

     C   10       -0.047668        0.282126        0.236217
     C   10        0.282126        0.163664       -0.405157
     C   10        0.236217       -0.405157       -0.115996

     C   11        0.037279        0.319900        0.296411
     C   11        0.319900        0.073919       -0.409904
     C   11        0.296411       -0.409904       -0.111198

     Cl  12        0.126971        0.253276        0.000604
     Cl  12        0.253276        0.034876        0.006384
     Cl  12        0.000604        0.006384       -0.161846

     H   13       -0.508946        0.080642        0.017670
     H   13        0.080642        0.877488        0.526797
     H   13        0.017670        0.526797       -0.368542

     C   14        0.431238       -0.138397        0.134115
     C   14       -0.138397        0.130945        0.234173
     C   14        0.134115        0.234173       -0.562183

     H   15        0.766733        0.416043        0.502146
     H   15        0.416043       -0.324132        0.200855
     H   15        0.502146        0.200855       -0.442601

     C   16        0.271244       -0.185705        0.130070
     C   16       -0.185705        0.265926        0.290777
     C   16        0.130070        0.290777       -0.537170

     C   17        0.291285       -0.116009        0.191010
     C   17       -0.116009        0.276666        0.268106
     C   17        0.191010        0.268106       -0.567952

     Cl  18        0.154012       -0.227571        0.042411
     Cl  18       -0.227571        0.031549       -0.018467
     Cl  18        0.042411       -0.018467       -0.185561

     H   19       -0.532933        0.043343       -0.015537
     H   19        0.043343        0.405252       -0.782960
     H   19       -0.015537       -0.782960        0.127682

     C   20        0.113549        0.270204        0.321823
     C   20        0.270204       -0.021710       -0.275017
     C   20        0.321823       -0.275017       -0.091839

     H   21        0.424716       -0.288949        0.766583
     H   21       -0.288949       -0.429661       -0.293566
     H   21        0.766583       -0.293566        0.004945

     C   22        0.008574        0.229354        0.245585
     C   22        0.229354        0.135147       -0.436463
     C   22        0.245585       -0.436463       -0.143722

     C   23        0.045873        0.193673        0.390612
     C   23        0.193673        0.027921       -0.450834
     C   23        0.390612       -0.450834       -0.073794

     Cl  24        0.119149        0.192945        0.031524
     Cl  24        0.192945        0.012760        0.007623
     Cl  24        0.031524        0.007623       -0.131909

     ----- GIPAW term -----
     Cl   1        2.523884        0.171437       -0.648314
     Cl   1        0.171437        0.126598       -0.393807
     Cl   1       -0.648314       -0.393807       -2.650482

     C    2        0.230031        0.126389       -0.037566
     C    2        0.126389       -0.083587       -0.076930
     C    2       -0.037566       -0.076930       -0.146444

     C    3        0.004904        0.048370       -0.089144
     C    3        0.048370       -0.006027       -0.055687
     C    3       -0.089144       -0.055687        0.001123

     H    4       -0.000000        0.000000        0.000000
     H    4        0.000000        0.000000        0.000000
     H    4        0.000000        0.000000        0.000000

     C    5        0.020765        0.134637       -0.142800
     C    5        0.134637       -0.065671       -0.132586
     C    5       -0.142800       -0.132586        0.044906

     H    6       -0.000000        0.000000        0.000000
     H    6        0.000000        0.000000        0.000000
     H    6        0.000000        0.000000        0.000000

     H    7       -0.000000        0.000000        0.000000
     H    7        0.000000        0.000000        0.000000
     H    7        0.000000        0.000000        0.000000

     C    8       -0.038726        0.114279        0.073145
     C    8        0.114279        0.081823        0.111757
     C    8        0.073145        0.111757       -0.043097

     H    9       -0.000000        0.000000        0.000000
     H    9        0.000000        0.000000        0.000000
     H    9        0.000000        0.000000        0.000000

     C   10       -0.085408        0.099753        0.012838
     C   10        0.099753        0.083101        0.185595
     C   10        0.012838        0.185595        0.002307

     C   11        0.017569        0.169775        0.099267
     C   11        0.169775        0.031882        0.147862
     C   11        0.099267        0.147862       -0.049451

     Cl  12        0.540192        2.898424        0.254010
     Cl  12        2.898424        0.963795        1.451353
     Cl  12        0.254010        1.451353       -1.503987

     H   13       -0.000000        0.000000        0.000000
     H   13        0.000000        0.000000        0.000000
     H   13        0.000000        0.000000        0.000000

     C   14       -0.171847       -0.001485        0.099306
     C   14       -0.001485       -0.109345        0.007462
     C   14        0.099306        0.007462        0.281192

     H   15       -0.000000        0.000000        0.000000
     H   15        0.000000        0.000000        0.000000
     H   15        0.000000        0.000000        0.000000

     C   16       -0.109901        0.023322        0.096940
     C   16        0.023322       -0.149868       -0.133811
     C   16        0.096940       -0.133811        0.259769

     C   17        0.071191       -0.076235        0.020362
     C   17       -0.076235       -0.022897       -0.004736
     C   17        0.020362       -0.004736       -0.048294

     Cl  18        2.308108       -0.240271       -0.657039
     Cl  18       -0.240271       -0.503152       -0.312197
     Cl  18       -0.657039       -0.312197       -1.804956

     H   19       -0.000000        0.000000        0.000000
     H   19        0.000000        0.000000        0.000000
     H   19        0.000000        0.000000        0.000000

     C   20        0.202739        0.083024       -0.180932
     C   20        0.083024       -0.132318        0.042860
     C   20       -0.180932        0.042860       -0.070421

     H   21       -0.000000        0.000000        0.000000
     H   21        0.000000        0.000000        0.000000
     H   21        0.000000        0.000000        0.000000

     C   22        0.124231       -0.067809       -0.146032
     C   22       -0.067809       -0.133408        0.010466
     C   22       -0.146032        0.010466        0.009178

     C   23        0.228327        0.152176       -0.167383
     C   23        0.152176       -0.110489        0.049181
     C   23       -0.167383        0.049181       -0.117838

     Cl  24        1.795011        0.071940       -2.080215
     Cl  24        0.071940       -1.285009        0.546592
     Cl  24       -2.080215        0.546592       -0.510002

     ----- total EFG -----
     Cl   1        2.710981        0.090542       -0.695433
     Cl   1        0.090542        0.207134       -0.425423
     Cl   1       -0.695433       -0.425423       -2.918114

     C    2        0.621209        0.581732       -0.015891
     C    2        0.581732       -0.152885       -0.301540
     C    2       -0.015891       -0.301540       -0.468324

     C    3        0.121113       -0.022061       -0.145148
     C    3       -0.022061        0.237923        0.053825
     C    3       -0.145148        0.053825       -0.359036

     H    4        0.414156        0.145981        0.458045
     H    4        0.145981       -0.156105        0.332702
     H    4        0.458045        0.332702       -0.258050

     C    5        0.281840        0.332360       -0.264875
     C    5        0.332360       -0.135393       -0.194590
     C    5       -0.264875       -0.194590       -0.146447

     H    6       -0.071918       -0.231932        0.073069
     H    6       -0.231932        0.370987        0.592885
     H    6        0.073069        0.592885       -0.299069

     H    7       -0.045108        0.000876       -0.173942
     H    7        0.000876        0.305701       -0.455545
     H    7       -0.173942       -0.455545       -0.260593

     C    8       -0.355019        0.034155        0.376300
     C    8        0.034155        0.134088        0.175577
     C    8        0.376300        0.175577        0.220930

     H    9        0.322530       -0.231662        0.329344
     H    9       -0.231662       -0.055199       -0.498992
     H    9        0.329344       -0.498992       -0.267331

     C   10       -0.128380        0.478740        0.023504
     C   10        0.478740        0.170447        0.332852
     C   10        0.023504        0.332852       -0.042067

     C   11       -0.262578        0.110526        0.341635
     C   11        0.110526       -0.017063        0.155144
     C   11        0.341635        0.155144        0.279642

     Cl  12        0.636733        3.259411        0.232245
     Cl  12        3.259411        1.055648        1.571628
     Cl  12        0.232245        1.571628       -1.692381

     H   13       -0.033148        0.113954       -0.163018
     H   13        0.113954        0.274964        0.557158
     H   13       -0.163018        0.557158       -0.241816

     C   14       -0.433395       -0.086080       -0.045870
     C   14       -0.086080        0.072010        0.058437
     C   14       -0.045870        0.058437        0.361385

     H   15        0.380641       -0.018052        0.544224
     H   15       -0.018052       -0.065049        0.303188
     H   15        0.544224        0.303188       -0.315591

     C   16        0.030518        0.206874        0.322921
     C   16        0.206874       -0.356430       -0.336030
     C   16        0.322921       -0.336030        0.325912

     C   17        0.108098       -0.198095       -0.157022
     C   17       -0.198095        0.244062       -0.131090
     C   17       -0.157022       -0.131090       -0.352160

     Cl  18        2.505392       -0.172371       -0.686065
     Cl  18       -0.172371       -0.552619       -0.365316
     Cl  18       -0.686065       -0.365316       -1.952773

     H   19       -0.448181       -0.061314        0.375734
     H   19       -0.061314        0.484210       -0.368017
     H   19        0.375734       -0.368017       -0.036028

     C   20        0.315178        0.536207       -0.394403
     C   20        0.536207       -0.206855        0.197757
     C   20       -0.394403        0.197757       -0.108323

     H   21        0.418708       -0.211553        0.571830
     H   21       -0.211553        0.098809       -0.091374
     H   21        0.571830       -0.091374       -0.517517

     C   22        0.176226       -0.329052       -0.077422
     C   22       -0.329052       -0.327444       -0.246218
     C   22       -0.077422       -0.246218        0.151218

     C   23        0.403170        0.652892       -0.364729
     C   23        0.652892       -0.265750        0.188536
     C   23       -0.364729        0.188536       -0.137420

     Cl  24        1.844746       -0.058650       -2.203938
     Cl  24       -0.058650       -1.400523        0.590974
     Cl  24       -2.203938        0.590974       -0.444223

     ----- total EFG (symmetrized) -----
     Cl   1        2.710981        0.090542       -0.695433
     Cl   1        0.090542        0.207134       -0.425423
     Cl   1       -0.695433       -0.425423       -2.918114

     C    2        0.621209        0.581732       -0.015891
     C    2        0.581732       -0.152885       -0.301540
     C    2       -0.015891       -0.301540       -0.468324

     C    3        0.121113       -0.022061       -0.145148
     C    3       -0.022061        0.237923        0.053825
     C    3       -0.145148        0.053825       -0.359036

     H    4        0.414156        0.145981        0.458045
     H    4        0.145981       -0.156105        0.332702
     H    4        0.458045        0.332702       -0.258050

     C    5        0.281840        0.332360       -0.264875
     C    5        0.332360       -0.135393       -0.194590
     C    5       -0.264875       -0.194590       -0.146447

     H    6       -0.071918       -0.231932        0.073069
     H    6       -0.231932        0.370987        0.592885
     H    6        0.073069        0.592885       -0.299069

     H    7       -0.045108        0.000876       -0.173942
     H    7        0.000876        0.305701       -0.455545
     H    7       -0.173942       -0.455545       -0.260593

     C    8       -0.355019        0.034155        0.376300
     C    8        0.034155        0.134088        0.175577
     C    8        0.376300        0.175577        0.220930

     H    9        0.322530       -0.231662        0.329344
     H    9       -0.231662       -0.055199       -0.498992
     H    9        0.329344       -0.498992       -0.267331

     C   10       -0.128380        0.478740        0.023504
     C   10        0.478740        0.170447        0.332852
     C   10        0.023504        0.332852       -0.042067

     C   11       -0.262578        0.110526        0.341635
     C   11        0.110526       -0.017063        0.155144
     C   11        0.341635        0.155144        0.279642

     Cl  12        0.636733        3.259411        0.232245
     Cl  12        3.259411        1.055648        1.571628
     Cl  12        0.232245        1.571628       -1.692381

     H   13       -0.033148        0.113954       -0.163018
     H   13        0.113954        0.274964        0.557158
     H   13       -0.163018        0.557158       -0.241816

     C   14       -0.433395       -0.086080       -0.045870
     C   14       -0.086080        0.072010        0.058437
     C   14       -0.045870        0.058437        0.361385

     H   15        0.380641       -0.018052        0.544224
     H   15       -0.018052       -0.065049        0.303188
     H   15        0.544224        0.303188       -0.315591

     C   16        0.030518        0.206874        0.322921
     C   16        0.206874       -0.356430       -0.336030
     C   16        0.322921       -0.336030        0.325912

     C   17        0.108098       -0.198095       -0.157022
     C   17       -0.198095        0.244062       -0.131090
     C   17       -0.157022       -0.131090       -0.352160

     Cl  18        2.505392       -0.172371       -0.686065
     Cl  18       -0.172371       -0.552619       -0.365316
     Cl  18       -0.686065       -0.365316       -1.952773

     H   19       -0.448181       -0.061314        0.375734
     H   19       -0.061314        0.484210       -0.368017
     H   19        0.375734       -0.368017       -0.036028

     C   20        0.315178        0.536207       -0.394403
     C   20        0.536207       -0.206855        0.197757
     C   20       -0.394403        0.197757       -0.108323

     H   21        0.418708       -0.211553        0.571830
     H   21       -0.211553        0.098809       -0.091374
     H   21        0.571830       -0.091374       -0.517517

     C   22        0.176226       -0.329052       -0.077422
     C   22       -0.329052       -0.327444       -0.246218
     C   22       -0.077422       -0.246218        0.151218

     C   23        0.403170        0.652892       -0.364729
     C   23        0.652892       -0.265750        0.188536
     C   23       -0.364729        0.188536       -0.137420

     Cl  24        1.844746       -0.058650       -2.203938
     Cl  24       -0.058650       -1.400523        0.590974
     Cl  24       -2.203938        0.590974       -0.444223


     NQR/NMR SPECTROSCOPIC PARAMETERS:
     Cl   1    Vxx=    0.2513    axis=(  0.069732 -0.990602  0.117666)
     Cl   1    Vyy=    2.8034    axis=(  0.990697  0.054950 -0.124502)
     Cl   1    Vzz=   -3.0547    axis=(  0.116866  0.125253  0.985218)
     Cl   1  Q=        -8.1650 1e-30 m^2  Cq=        58.6027 MHz  eta= 0.83547

     C    2    Vxx=   -0.2185    axis=(  0.422669 -0.591330  0.686790)
     C    2    Vyy=   -0.7322    axis=(  0.267732 -0.642516 -0.717979)
     C    2    Vzz=    0.9507    axis=( -0.865835 -0.487343  0.113254)
     C    2  Q=         1.0000 1e-30 m^2  Cq=         2.2338 MHz  eta= 0.54040

     C    3    Vxx=    0.1480    axis=(  0.907842  0.355636 -0.222139)
     C    3    Vyy=    0.2548    axis=(  0.326182 -0.931867 -0.158835)
     C    3    Vzz=   -0.4028    axis=(  0.263491 -0.071740  0.961991)
     C    3  Q=         1.0000 1e-30 m^2  Cq=        -0.9464 MHz  eta= 0.26522

     H    4    Vxx=   -0.1166    axis=(  0.493121 -0.811820 -0.312698)
     H    4    Vyy=   -0.6220    axis=(  0.292625  0.493278 -0.819175)
     H    4    Vzz=    0.7386    axis=(  0.819270  0.312449  0.480805)
     H    4  Q=         1.0000 1e-30 m^2  Cq=         1.7355 MHz  eta= 0.68421

     C    5    Vxx=   -0.2617    axis=(  0.566458 -0.321727  0.758694)
     C    5    Vyy=   -0.3453    axis=( -0.220790  0.827737  0.515852)
     C    5    Vzz=    0.6070    axis=( -0.793962 -0.459721  0.397844)
     C    5  Q=         1.0000 1e-30 m^2  Cq=         1.4262 MHz  eta= 0.13777

     H    6    Vxx=   -0.0520    axis=(  0.937679  0.028732  0.346313)
     H    6    Vyy=   -0.6984    axis=(  0.283914  0.511305 -0.811147)
     H    6    Vzz=    0.7504    axis=( -0.200377  0.858919  0.471282)
     H    6  Q=         1.0000 1e-30 m^2  Cq=         1.7632 MHz  eta= 0.86131

     H    7    Vxx=   -0.0120    axis=(  0.947625 -0.262811 -0.181487)
     H    7    Vyy=   -0.5591    axis=( -0.286168 -0.446336 -0.847875)
     H    7    Vzz=    0.5711    axis=(  0.141827  0.855403 -0.498167)
     H    7  Q=         1.0000 1e-30 m^2  Cq=         1.3420 MHz  eta= 0.95785

     C    8    Vxx=    0.0535    axis=(  0.257596 -0.896269  0.361034)
     C    8    Vyy=    0.4908    axis=( -0.380209 -0.437521 -0.814872)
     C    8    Vzz=   -0.5443    axis=(  0.888305  0.072639 -0.453474)
     C    8  Q=         1.0000 1e-30 m^2  Cq=        -1.2789 MHz  eta= 0.80326

     H    9    Vxx=   -0.0420    axis=(  0.704898  0.620473 -0.343704)
     H    9    Vyy=   -0.6855    axis=( -0.126481  0.586748  0.799831)
     H    9    Vzz=    0.7274    axis=(  0.697940 -0.520328  0.492075)
     H    9  Q=         1.0000 1e-30 m^2  Cq=         1.7092 MHz  eta= 0.88461

     C   10    Vxx=   -0.0904    axis=( -0.537639 -0.083851  0.838996)
     C   10    Vyy=   -0.5532    axis=( -0.683931  0.625324 -0.375776)
     C   10    Vzz=    0.6436    axis=( -0.493135 -0.775847 -0.393547)
     C   10  Q=         1.0000 1e-30 m^2  Cq=         1.5121 MHz  eta= 0.71909

     C   11    Vxx=   -0.0812    axis=(  0.067596 -0.938202  0.339424)
     C   11    Vyy=   -0.4304    axis=(  0.904981 -0.085573 -0.416757)
     C   11    Vzz=    0.5115    axis=(  0.420047  0.335343  0.843270)
     C   11  Q=         1.0000 1e-30 m^2  Cq=         1.2018 MHz  eta= 0.68269

     Cl  12    Vxx=   -1.2852    axis=( -0.574144  0.283823  0.767987)
     Cl  12    Vyy=   -3.1125    axis=( -0.501343  0.619714 -0.603829)
     Cl  12    Vzz=    4.3977    axis=(  0.647313  0.731710  0.213512)
     Cl  12  Q=        -8.1650 1e-30 m^2  Cq=       -84.3679 MHz  eta= 0.41552

     H   13    Vxx=    0.0297    axis=(  0.953222  0.151414 -0.261615)
     H   13    Vyy=    0.6308    axis=(  0.013151  0.843899  0.536340)
     H   13    Vzz=   -0.6605    axis=(  0.301986 -0.514692  0.802432)
     H   13  Q=         1.0000 1e-30 m^2  Cq=        -1.5520 MHz  eta= 0.91009

     C   14    Vxx=    0.0717    axis=( -0.144720  0.965236 -0.217660)
     C   14    Vyy=    0.3775    axis=( -0.077263  0.208280  0.975013)
     C   14    Vzz=   -0.4492    axis=(  0.986451  0.157921  0.044435)
     C   14  Q=         1.0000 1e-30 m^2  Cq=        -1.0555 MHz  eta= 0.68062

     H   15    Vxx=    0.0269    axis=(  0.344045 -0.904050 -0.253627)
     H   15    Vyy=    0.7023    axis=(  0.844268  0.179642  0.504916)
     H   15    Vzz=   -0.7292    axis=( -0.410907 -0.387843  0.825066)
     H   15  Q=         1.0000 1e-30 m^2  Cq=        -1.7132 MHz  eta= 0.92627

     C   16    Vxx=    0.0772    axis=(  0.783965  0.568038 -0.250461)
     C   16    Vyy=    0.5718    axis=( -0.437037  0.218458 -0.872510)
     C   16    Vzz=   -0.6490    axis=( -0.440904  0.793479  0.419518)
     C   16  Q=         1.0000 1e-30 m^2  Cq=        -1.5250 MHz  eta= 0.76197

     C   17    Vxx=    0.0660    axis=(  0.743802  0.505150 -0.437700)
     C   17    Vyy=    0.3859    axis=( -0.571350  0.820351 -0.024152)
     C   17    Vzz=   -0.4519    axis=(  0.346868  0.268044  0.898796)
     C   17  Q=         1.0000 1e-30 m^2  Cq=        -1.0617 MHz  eta= 0.70803

     Cl  18    Vxx=   -0.4630    axis=( -0.001222 -0.971093  0.238697)
     Cl  18    Vyy=   -2.1498    axis=( -0.150229 -0.235810 -0.960117)
     Cl  18    Vzz=    2.6129    axis=(  0.988651 -0.037032 -0.145598)
     Cl  18  Q=        -8.1650 1e-30 m^2  Cq=       -50.1269 MHz  eta= 0.64557

     H   19    Vxx=   -0.0347    axis=(  0.524387  0.532948  0.664067)
     H   19    Vyy=   -0.6882    axis=(  0.826001 -0.129038 -0.548700)
     H   19    Vzz=    0.7229    axis=(  0.206738 -0.836251  0.507881)
     H   19  Q=         1.0000 1e-30 m^2  Cq=         1.6985 MHz  eta= 0.90405

     C   20    Vxx=    0.0459    axis=( -0.014294  0.597108  0.802033)
     C   20    Vyy=    0.7237    axis=(  0.852245  0.426782 -0.302547)
     C   20    Vzz=   -0.7696    axis=( -0.522947  0.679205 -0.514983)
     C   20  Q=         1.0000 1e-30 m^2  Cq=        -1.8084 MHz  eta= 0.88063

     H   21    Vxx=    0.0197    axis=(  0.289803  0.945631  0.147632)
     H   21    Vyy=    0.7688    axis=( -0.855347  0.325105 -0.403347)
     H   21    Vzz=   -0.7885    axis=( -0.429413 -0.009386  0.903059)
     H   21  Q=         1.0000 1e-30 m^2  Cq=        -1.8526 MHz  eta= 0.95001

     C   22    Vxx=    0.2277    axis=( -0.426302 -0.143437  0.893136)
     C   22    Vyy=    0.3515    axis=( -0.808769  0.502677 -0.305303)
     C   22    Vzz=   -0.5792    axis=( -0.405167 -0.852492 -0.330300)
     C   22  Q=         1.0000 1e-30 m^2  Cq=        -1.3610 MHz  eta= 0.21374

     C   23    Vxx=   -0.0063    axis=( -0.045938  0.508984  0.859549)
     C   23    Vyy=   -0.8459    axis=( -0.513178  0.726212 -0.457455)
     C   23    Vzz=    0.8522    axis=( -0.857052 -0.462116  0.227839)
     C   23  Q=         1.0000 1e-30 m^2  Cq=         2.0022 MHz  eta= 0.98525

     Cl  24    Vxx=   -1.1003    axis=(  0.353995  0.819189  0.451238)
     Cl  24    Vyy=   -2.1112    axis=(  0.394043 -0.568205  0.722408)
     Cl  24    Vzz=    3.2115    axis=( -0.848185  0.077922  0.523938)
     Cl  24  Q=        -8.1650 1e-30 m^2  Cq=       -61.6119 MHz  eta= 0.31476

     Initialization:
     gipaw_setup  :      9.28s CPU     10.78s WALL (       1 calls)

     Linear response

     Apply operators

     Induced current

     Other routines
     efg          :      9.82s CPU     13.04s WALL (       1 calls)

     General routines
     calbec       :      3.20s CPU      4.01s WALL (      16 calls)
     fft          :      1.60s CPU      2.48s WALL (      15 calls)
     ffts         :      0.08s CPU      0.22s WALL (       2 calls)
     fftw         :      3.79s CPU      5.17s WALL (     672 calls)
     davcio       :      0.04s CPU      0.32s WALL (      32 calls)

     Parallel routines
     fft_scatter  :      2.66s CPU      4.84s WALL (     689 calls)

     Plugins

     GIPAW        :     60.99s CPU     72.96s WALL (       1 calls)
