
     Program QE v.6.0 (svn rev. 13079) starts on  1Jan2017 at 18:37:44 

     This program is part of the open-source Quantum ESPRESSO suite
     for quantum simulation of materials; please cite
         "P. Giannozzi et al., J. Phys.:Condens. Matter 21 395502 (2009);
          URL http://www.quantum-espresso.org", 
     in publications or presentations arising from this work. More details at
     http://www.quantum-espresso.org/quote

     Parallel version (MPI), running on     8 processors
     R & G space division:  proc/nbgrp/npool/nimage =       8

     ***** This is GIPAW svn revision unknown      *****

     Parallelizing q-star over 1 images

     Reading data from directory:
     /users/majewski/paradichlorobenzene/pbe/9_constraint/scratch/pbe.ecut100.np8.dt60.pcl2phi-129368.save
     Message from routine read_xml_file:
     file /users/majewski/paradichlorobenzene/pbe/9_constraint/scratch/pbe.ecut100.np8.dt60.pcl2phi-129368.save not guaranteed to be safe for post-processing

   Info: using nr1, nr2, nr3 values from input

   Info: using nr1, nr2, nr3 values from input

     IMPORTANT: XC functional enforced from input :
     Exchange-correlation      =  SLA  PW   PBX  PBC ( 1  4  3  4 0 0)
     Any further DFT definition will be discarded
     Please, verify this is what you really want

               file C.pbe-n-kjpaw_psl.1.0.0.UPF: wavefunction(s)  2S 2P renormalized
               file Cl.pbe-n-kjpaw_psl.1.0.0.UPF: wavefunction(s)  3S 3P renormalized
               file H.pbe-kjpaw_psl.1.0.0.UPF: wavefunction(s)  1S renormalized

     Parallelization info
     --------------------
     sticks:   dense  smooth     PW     G-vecs:    dense   smooth      PW
     Min        3057    1223    332               144436    36536    5170
     Max        3059    1225    333               144437    36537    5171
     Sum       24467    9791   2657              1155489   292295   41363


     Subspace diagonalization in iterative solution of the eigenvalue problem:
     a serial algorithm will be used

     GIPAW projectors -----------------------------------------------
     atom=  C    l=0  rc=    1.2000  rs=    0.8000
     atom=  C    l=0  rc=    1.2000  rs=    0.8000
     atom=  C    l=1  rc=    1.4000  rs=    0.9333
     atom=  C    l=1  rc=    1.4000  rs=    0.9333
     projs nearly linearly dependent: l=1  n1,n2= 1, 2  s=  0.99951561

     atom=  Cl   l=0  rc=    1.6000  rs=    1.0667
     atom=  Cl   l=0  rc=    1.6000  rs=    1.0667
     atom=  Cl   l=1  rc=    1.6000  rs=    1.0667
     atom=  Cl   l=1  rc=    1.6000  rs=    1.0667
     atom=  Cl   l=2  rc=    1.6000  rs=    1.0667
     atom=  Cl   l=2  rc=    1.6000  rs=    1.0667
     projs nearly linearly dependent: l=2  n1,n2= 1, 2  s=  0.99993509

     atom=  H    l=0  rc=    1.0000  rs=    0.6667
     atom=  H    l=0  rc=    1.0000  rs=    0.6667
     projs nearly linearly dependent: l=0  n1,n2= 1, 2  s=  0.99968852
     -----------------------------------------------------------------

     GIPAW integrals: -------------------------------------------
     Atom  i/j   nmr_para   nmr_dia   epr_rmc  epr_para   epr_dia
       C   1 1   0.83E+03  0.17E-01  0.93E+01  0.24E+08  0.24E+03
       C   2 1   0.86E+03 -0.61E-01  0.94E+01  0.25E+08  0.25E+03
       C   2 2   0.90E+03 -0.15E+00  0.97E+01  0.26E+08  0.26E+03
       C   3 3   0.33E+01  0.34E+00  0.18E+01  0.55E+03  0.21E+02
       C   4 3   0.35E+01  0.37E+00  0.20E+01  0.59E+03  0.22E+02
       C   4 4   0.38E+01  0.39E+00  0.22E+01  0.63E+03  0.24E+02
       Cl  1 1   0.14E+04 -0.47E+00  0.84E+01  0.32E+09  0.42E+03
       Cl  2 1   0.21E+04 -0.37E+00  0.12E+02  0.49E+09  0.65E+03
       Cl  2 2   0.33E+04 -0.16E+00  0.21E+02  0.76E+09  0.10E+04
       Cl  3 3   0.21E+02  0.79E-01  0.89E+01  0.23E+05  0.13E+03
       Cl  4 3   0.24E+02  0.67E-01  0.99E+01  0.27E+05  0.15E+03
       Cl  4 4   0.28E+02  0.44E-01  0.11E+02  0.32E+05  0.18E+03
       Cl  5 5   0.77E+00  0.19E+00  0.18E+01  0.12E+03  0.22E+02
       Cl  6 5   0.80E+00  0.19E+00  0.19E+01  0.12E+03  0.23E+02
       Cl  6 6   0.83E+00  0.20E+00  0.19E+01  0.12E+03  0.23E+02
       H   1 1   0.39E+02  0.19E+00  0.29E+00  0.78E+05  0.13E+02
       H   2 1   0.41E+02  0.21E+00  0.32E+00  0.82E+05  0.14E+02
       H   2 2   0.43E+02  0.22E+00  0.36E+00  0.86E+05  0.15E+02
     ------------------------------------------------------------

     alpha_pv=     33.9648 eV

     Number of occupied bands for each k-point:
     k-point:     1    nbnd_occ=  42
     k-point:     2    nbnd_occ=  42
     k-point:     3    nbnd_occ=  42
     k-point:     4    nbnd_occ=  42
     k-point:     5    nbnd_occ=  42
     k-point:     6    nbnd_occ=  42
     k-point:     7    nbnd_occ=  42
     k-point:     8    nbnd_occ=  42
     k-point:     9    nbnd_occ=  42
     k-point:    10    nbnd_occ=  42
     k-point:    11    nbnd_occ=  42
     k-point:    12    nbnd_occ=  42
     k-point:    13    nbnd_occ=  42
     k-point:    14    nbnd_occ=  42
     k-point:    15    nbnd_occ=  42
     k-point:    16    nbnd_occ=  42


     q-space interpolation up to   110.00 Rydberg

     GIPAW job: efg                                                                             


     ELECTRIC FIELD GRADIENTS TENSORS IN Hartree/bohrradius^2:

     ----- bare term -----
     Cl   1       -0.033751        0.069198        0.038590
     Cl   1        0.069198        0.016517        0.072905
     Cl   1        0.038590        0.072905        0.017233

     C    2        0.021153        0.300003       -0.119614
     C    2        0.300003       -0.216794       -0.501173
     C    2       -0.119614       -0.501173        0.195641

     C    3       -0.418063        0.151849       -0.201310
     C    3        0.151849       -0.047872       -0.278878
     C    3       -0.201310       -0.278878        0.465935

     H    4       -0.220524        0.004760       -0.653548
     H    4        0.004760        0.399523        0.025969
     H    4       -0.653548        0.025969       -0.178999

     C    5       -0.167952        0.268788       -0.056963
     C    5        0.268788       -0.327757       -0.336791
     C    5       -0.056963       -0.336791        0.495709

     H    6        0.484283       -0.019182        0.082107
     H    6       -0.019182        0.109437       -0.338312
     H    6        0.082107       -0.338312       -0.593720

     H    7        0.361641        0.206988       -0.171275
     H    7        0.206988       -0.372771        0.582130
     H    7       -0.171275        0.582130        0.011129

     C    8       -0.015566       -0.507664        0.131486
     C    8       -0.507664       -0.496708        0.375584
     C    8        0.131486        0.375584        0.512274

     H    9       -0.285487        0.304151       -0.606179
     H    9        0.304151        0.343384        0.293664
     H    9       -0.606179        0.293664       -0.057897

     C   10       -0.470116       -0.141652       -0.179930
     C   10       -0.141652       -0.019893        0.231777
     C   10       -0.179930        0.231777        0.490009

     C   11       -0.012489       -0.167101       -0.141592
     C   11       -0.167101       -0.557842        0.325663
     C   11       -0.141592        0.325663        0.570330

     Cl  12       -0.118350       -0.043764       -0.099874
     Cl  12       -0.043764       -0.067703        0.126809
     Cl  12       -0.099874        0.126809        0.186053

     H   13       -0.039158        0.183767        0.008340
     H   13        0.183767       -0.258055       -0.476801
     H   13        0.008340       -0.476801        0.297212

     C   14       -0.423209        0.223062       -0.439652
     C   14        0.223062        0.102353       -0.318177
     C   14       -0.439652       -0.318177        0.320856

     H   15       -0.516474       -0.233607       -0.358419
     H   15       -0.233607        0.369661       -0.238413
     H   15       -0.358419       -0.238413        0.146813

     C   16       -0.021759        0.446728        0.072110
     C   16        0.446728       -0.590973       -0.468725
     C   16        0.072110       -0.468725        0.612733

     C   17       -0.553178       -0.042582       -0.231822
     C   17       -0.042582       -0.018904       -0.323576
     C   17       -0.231822       -0.323576        0.572081

     Cl  18        0.136705        0.093485        0.056709
     Cl  18        0.093485        0.189860        0.140926
     Cl  18        0.056709        0.140926       -0.326565

     H   19        0.505774        0.064523       -0.075378
     H   19        0.064523       -0.623051        0.054733
     H   19       -0.075378        0.054733        0.117277

     C   20       -0.676125       -0.119851       -0.343438
     C   20       -0.119851       -0.002838        0.192915
     C   20       -0.343438        0.192915        0.678963

     H   21       -0.523455        0.171962       -0.159501
     H   21        0.171962        0.411849        0.295665
     H   21       -0.159501        0.295665        0.111606

     C   22       -0.004797       -0.403160        0.103143
     C   22       -0.403160       -0.617629        0.434688
     C   22        0.103143        0.434688        0.622427

     C   23       -0.544388        0.083719       -0.196604
     C   23        0.083719        0.026422        0.266321
     C   23       -0.196604        0.266321        0.517966

     Cl  24       -0.104052       -0.090609        0.098609
     Cl  24       -0.090609       -0.096914       -0.039107
     Cl  24        0.098609       -0.039107        0.200967

     ----- ionic term -----
     Cl   1        0.112148       -0.216113        0.013195
     Cl   1       -0.216113        0.018879       -0.000480
     Cl   1        0.013195       -0.000480       -0.131027

     C    2        0.156143       -0.152993        0.262245
     C    2       -0.152993        0.051597        0.450057
     C    2        0.262245        0.450057       -0.207740

     C    3        0.172907       -0.224025        0.157767
     C    3       -0.224025        0.014636        0.427818
     C    3        0.157767        0.427818       -0.187543

     H    4        0.558929        0.134124        0.760101
     H    4        0.134124       -0.535052        0.181629
     H    4        0.760101        0.181629       -0.023877

     C    5        0.316709       -0.165812        0.205825
     C    5       -0.165812       -0.102779        0.354235
     C    5        0.205825        0.354235       -0.213929

     H    6       -0.509854       -0.019617       -0.010293
     H    6       -0.019617        0.428736        0.798363
     H    6       -0.010293        0.798363        0.081118

     H    7       -0.511960       -0.017062        0.010414
     H    7       -0.017062        0.766976       -0.630860
     H    7        0.010414       -0.630860       -0.255016

     C    8        0.323368        0.206592        0.241213
     C    8        0.206592        0.121306       -0.272144
     C    8        0.241213       -0.272144       -0.444674

     H    9        0.603797       -0.389902        0.642257
     H    9       -0.389902       -0.389215       -0.264363
     H    9        0.642257       -0.264363       -0.214581

     C   10        0.159689        0.187323        0.215097
     C   10        0.187323        0.257167       -0.365334
     C   10        0.215097       -0.365334       -0.416856

     C   11        0.110571        0.127408        0.263408
     C   11        0.127408        0.246902       -0.394781
     C   11        0.263408       -0.394781       -0.357474

     Cl  12        0.088446        0.210514        0.002448
     Cl  12        0.210514        0.047422       -0.001241
     Cl  12        0.002448       -0.001241       -0.135867

     H   13       -0.507287       -0.104739       -0.035146
     H   13       -0.104739        0.701434        0.697038
     H   13       -0.035146        0.697038       -0.194147

     C   14        0.261219       -0.201277        0.161822
     C   14       -0.201277        0.026651        0.343083
     C   14        0.161822        0.343083       -0.287870

     H   15        0.664413        0.305954        0.631530
     H   15        0.305954       -0.458608        0.238820
     H   15        0.631530        0.238820       -0.205805

     C   16        0.172360       -0.227698        0.100142
     C   16       -0.227698        0.065965        0.447042
     C   16        0.100142        0.447042       -0.238325

     C   17        0.228205       -0.165220        0.194605
     C   17       -0.165220       -0.026493        0.468588
     C   17        0.194605        0.468588       -0.201712

     Cl  18        0.168885       -0.197496       -0.030190
     Cl  18       -0.197496       -0.041730        0.027649
     Cl  18       -0.030190        0.027649       -0.127155

     H   19       -0.513950       -0.050225        0.036908
     H   19       -0.050225        0.734800       -0.649334
     H   19        0.036908       -0.649334       -0.220850

     C   20        0.246788        0.248224        0.228821
     C   20        0.248224        0.139564       -0.299392
     C   20        0.228821       -0.299392       -0.386352

     H   21        0.729518       -0.202289        0.660099
     H   21       -0.202289       -0.452713       -0.182527
     H   21        0.660099       -0.182527       -0.276805

     C   22        0.181509        0.297540        0.184988
     C   22        0.297540        0.220172       -0.374818
     C   22        0.184988       -0.374818       -0.401681

     C   23        0.237013        0.127760        0.275555
     C   23        0.127760        0.139722       -0.374169
     C   23        0.275555       -0.374169       -0.376735

     Cl  24        0.150444        0.207650        0.034472
     Cl  24        0.207650        0.007288        0.009143
     Cl  24        0.034472        0.009143       -0.157732

     ----- GIPAW term -----
     Cl   1        1.180332       -1.705981        0.346327
     Cl   1       -1.705981        0.212976        0.585443
     Cl   1        0.346327        0.585443       -1.393308

     C    2        0.077651        0.063546        0.042238
     C    2        0.063546        0.044543        0.006169
     C    2        0.042238        0.006169       -0.122194

     C    3       -0.098427        0.039418        0.111091
     C    3        0.039418       -0.078149        0.026556
     C    3        0.111091        0.026556        0.176576

     H    4       -0.000000        0.000000        0.000000
     H    4        0.000000        0.000000        0.000000
     H    4        0.000000        0.000000        0.000000

     C    5       -0.107095        0.027783        0.030144
     C    5        0.027783       -0.189586       -0.071123
     C    5        0.030144       -0.071123        0.296681

     H    6       -0.000000        0.000000        0.000000
     H    6        0.000000        0.000000        0.000000
     H    6        0.000000        0.000000        0.000000

     H    7       -0.000000        0.000000        0.000000
     H    7        0.000000        0.000000        0.000000
     H    7        0.000000        0.000000        0.000000

     C    8        0.058063       -0.128101        0.211381
     C    8       -0.128101       -0.212933        0.007700
     C    8        0.211381        0.007700        0.154870

     H    9       -0.000000        0.000000        0.000000
     H    9        0.000000        0.000000        0.000000
     H    9        0.000000        0.000000        0.000000

     C   10       -0.126373       -0.033050        0.133091
     C   10       -0.033050       -0.089980       -0.041919
     C   10        0.133091       -0.041919        0.216352

     C   11       -0.077604        0.047338        0.026500
     C   11        0.047338       -0.191625       -0.025397
     C   11        0.026500       -0.025397        0.269229

     Cl  12       -0.123644        1.528422       -0.844863
     Cl  12        1.528422       -0.551430        1.565016
     Cl  12       -0.844863        1.565016        0.675073

     H   13       -0.000000        0.000000        0.000000
     H   13        0.000000        0.000000        0.000000
     H   13        0.000000        0.000000        0.000000

     C   14        0.015880        0.100985       -0.043232
     C   14        0.100985       -0.001611       -0.033940
     C   14       -0.043232       -0.033940       -0.014269

     H   15       -0.000000        0.000000        0.000000
     H   15        0.000000        0.000000        0.000000
     H   15        0.000000        0.000000        0.000000

     C   16       -0.050494        0.091944        0.133163
     C   16        0.091944       -0.180126        0.016835
     C   16        0.133163        0.016835        0.230620

     C   17       -0.150125       -0.091402        0.031395
     C   17       -0.091402       -0.124917       -0.019434
     C   17        0.031395       -0.019434        0.275042

     Cl  18       -0.414057       -0.665251       -0.417784
     Cl  18       -0.665251       -0.825080       -0.450895
     Cl  18       -0.417784       -0.450895        1.239137

     H   19       -0.000000        0.000000        0.000000
     H   19        0.000000        0.000000        0.000000
     H   19        0.000000        0.000000        0.000000

     C   20       -0.206645       -0.006877       -0.019080
     C   20       -0.006877       -0.112161        0.028349
     C   20       -0.019080        0.028349        0.318807

     H   21       -0.000000        0.000000        0.000000
     H   21        0.000000        0.000000        0.000000
     H   21        0.000000        0.000000        0.000000

     C   22       -0.080332       -0.051759        0.114501
     C   22       -0.051759       -0.194791        0.009234
     C   22        0.114501        0.009234        0.275123

     C   23       -0.103285        0.076573        0.123342
     C   23        0.076573       -0.118101       -0.030389
     C   23        0.123342       -0.030389        0.221386

     Cl  24        0.631182        1.657737        0.846964
     Cl  24        1.657737       -0.761747       -0.352312
     Cl  24        0.846964       -0.352312        0.130564

     ----- total EFG -----
     Cl   1        1.258730       -1.852896        0.398112
     Cl   1       -1.852896        0.248372        0.657868
     Cl   1        0.398112        0.657868       -1.507102

     C    2        0.254947        0.210556        0.184869
     C    2        0.210556       -0.120654       -0.044947
     C    2        0.184869       -0.044947       -0.134293

     C    3       -0.343583       -0.032758        0.067549
     C    3       -0.032758       -0.111385        0.175496
     C    3        0.067549        0.175496        0.454968

     H    4        0.338405        0.138884        0.106553
     H    4        0.138884       -0.135529        0.207599
     H    4        0.106553        0.207599       -0.202876

     C    5        0.041662        0.130760        0.179006
     C    5        0.130760       -0.620122       -0.053679
     C    5        0.179006       -0.053679        0.578460

     H    6       -0.025571       -0.038799        0.071814
     H    6       -0.038799        0.538172        0.460051
     H    6        0.071814        0.460051       -0.512601

     H    7       -0.150318        0.189925       -0.160861
     H    7        0.189925        0.394205       -0.048730
     H    7       -0.160861       -0.048730       -0.243887

     C    8        0.365865       -0.429173        0.584080
     C    8       -0.429173       -0.588335        0.111139
     C    8        0.584080        0.111139        0.222470

     H    9        0.318310       -0.085750        0.036077
     H    9       -0.085750       -0.045832        0.029301
     H    9        0.036077        0.029301       -0.272479

     C   10       -0.436800        0.012621        0.168258
     C   10        0.012621        0.147294       -0.175476
     C   10        0.168258       -0.175476        0.289506

     C   11        0.020478        0.007645        0.148317
     C   11        0.007645       -0.502564       -0.094515
     C   11        0.148317       -0.094515        0.482086

     Cl  12       -0.153548        1.695172       -0.942289
     Cl  12        1.695172       -0.571711        1.690584
     Cl  12       -0.942289        1.690584        0.725259

     H   13       -0.546445        0.079027       -0.026805
     H   13        0.079027        0.443379        0.220237
     H   13       -0.026805        0.220237        0.103066

     C   14       -0.146110        0.122769       -0.321061
     C   14        0.122769        0.127393       -0.009034
     C   14       -0.321061       -0.009034        0.018717

     H   15        0.147939        0.072347        0.273111
     H   15        0.072347       -0.088947        0.000407
     H   15        0.273111        0.000407       -0.058991

     C   16        0.100107        0.310974        0.305415
     C   16        0.310974       -0.705134       -0.004849
     C   16        0.305415       -0.004849        0.605027

     C   17       -0.475098       -0.299204       -0.005822
     C   17       -0.299204       -0.170314        0.125577
     C   17       -0.005822        0.125577        0.645411

     Cl  18       -0.108467       -0.769262       -0.391265
     Cl  18       -0.769262       -0.676950       -0.282320
     Cl  18       -0.391265       -0.282320        0.785417

     H   19       -0.008176        0.014298       -0.038470
     H   19        0.014298        0.111749       -0.594602
     H   19       -0.038470       -0.594602       -0.103573

     C   20       -0.635982        0.121497       -0.133697
     C   20        0.121497        0.024565       -0.078128
     C   20       -0.133697       -0.078128        0.611418

     H   21        0.206063       -0.030327        0.500598
     H   21       -0.030327       -0.040864        0.113138
     H   21        0.500598        0.113138       -0.165199

     C   22        0.096380       -0.157380        0.402633
     C   22       -0.157380       -0.592248        0.069104
     C   22        0.402633        0.069104        0.495868

     C   23       -0.410660        0.288052        0.202293
     C   23        0.288052        0.048043       -0.138238
     C   23        0.202293       -0.138238        0.362617

     Cl  24        0.677574        1.774778        0.980046
     Cl  24        1.774778       -0.851373       -0.382277
     Cl  24        0.980046       -0.382277        0.173799

     ----- total EFG (symmetrized) -----
     Cl   1        1.258730       -1.852896        0.398112
     Cl   1       -1.852896        0.248372        0.657868
     Cl   1        0.398112        0.657868       -1.507102

     C    2        0.254947        0.210556        0.184869
     C    2        0.210556       -0.120654       -0.044947
     C    2        0.184869       -0.044947       -0.134293

     C    3       -0.343583       -0.032758        0.067549
     C    3       -0.032758       -0.111385        0.175496
     C    3        0.067549        0.175496        0.454968

     H    4        0.338405        0.138884        0.106553
     H    4        0.138884       -0.135529        0.207599
     H    4        0.106553        0.207599       -0.202876

     C    5        0.041662        0.130760        0.179006
     C    5        0.130760       -0.620122       -0.053679
     C    5        0.179006       -0.053679        0.578460

     H    6       -0.025571       -0.038799        0.071814
     H    6       -0.038799        0.538172        0.460051
     H    6        0.071814        0.460051       -0.512601

     H    7       -0.150318        0.189925       -0.160861
     H    7        0.189925        0.394205       -0.048730
     H    7       -0.160861       -0.048730       -0.243887

     C    8        0.365865       -0.429173        0.584080
     C    8       -0.429173       -0.588335        0.111139
     C    8        0.584080        0.111139        0.222470

     H    9        0.318310       -0.085750        0.036077
     H    9       -0.085750       -0.045832        0.029301
     H    9        0.036077        0.029301       -0.272479

     C   10       -0.436800        0.012621        0.168258
     C   10        0.012621        0.147294       -0.175476
     C   10        0.168258       -0.175476        0.289506

     C   11        0.020478        0.007645        0.148317
     C   11        0.007645       -0.502564       -0.094515
     C   11        0.148317       -0.094515        0.482086

     Cl  12       -0.153548        1.695172       -0.942289
     Cl  12        1.695172       -0.571711        1.690584
     Cl  12       -0.942289        1.690584        0.725259

     H   13       -0.546445        0.079027       -0.026805
     H   13        0.079027        0.443379        0.220237
     H   13       -0.026805        0.220237        0.103066

     C   14       -0.146110        0.122769       -0.321061
     C   14        0.122769        0.127393       -0.009034
     C   14       -0.321061       -0.009034        0.018717

     H   15        0.147939        0.072347        0.273111
     H   15        0.072347       -0.088947        0.000407
     H   15        0.273111        0.000407       -0.058991

     C   16        0.100107        0.310974        0.305415
     C   16        0.310974       -0.705134       -0.004849
     C   16        0.305415       -0.004849        0.605027

     C   17       -0.475098       -0.299204       -0.005822
     C   17       -0.299204       -0.170314        0.125577
     C   17       -0.005822        0.125577        0.645411

     Cl  18       -0.108467       -0.769262       -0.391265
     Cl  18       -0.769262       -0.676950       -0.282320
     Cl  18       -0.391265       -0.282320        0.785417

     H   19       -0.008176        0.014298       -0.038470
     H   19        0.014298        0.111749       -0.594602
     H   19       -0.038470       -0.594602       -0.103573

     C   20       -0.635982        0.121497       -0.133697
     C   20        0.121497        0.024565       -0.078128
     C   20       -0.133697       -0.078128        0.611418

     H   21        0.206063       -0.030327        0.500598
     H   21       -0.030327       -0.040864        0.113138
     H   21        0.500598        0.113138       -0.165199

     C   22        0.096380       -0.157380        0.402633
     C   22       -0.157380       -0.592248        0.069104
     C   22        0.402633        0.069104        0.495868

     C   23       -0.410660        0.288052        0.202293
     C   23        0.288052        0.048043       -0.138238
     C   23        0.202293       -0.138238        0.362617

     Cl  24        0.677574        1.774778        0.980046
     Cl  24        1.774778       -0.851373       -0.382277
     Cl  24        0.980046       -0.382277        0.173799


     NQR/NMR SPECTROSCOPIC PARAMETERS:
     Cl   1    Vxx=   -0.5547    axis=(  0.486503  0.610443  0.625040)
     Cl   1    Vyy=   -2.1211    axis=( -0.368802 -0.505058  0.780321)
     Cl   1    Vzz=    2.6758    axis=( -0.792023  0.610145  0.020579)
     Cl   1  Q=        -8.1650 1e-30 m^2  Cq=       -51.3336 MHz  eta= 0.58537

     C    2    Vxx=   -0.0833    axis=(  0.032518 -0.688421  0.724582)
     C    2    Vyy=   -0.3107    axis=( -0.443358  0.639799  0.627767)
     C    2    Vzz=    0.3940    axis=(  0.895755  0.341663  0.284412)
     C    2  Q=         1.0000 1e-30 m^2  Cq=         0.9256 MHz  eta= 0.57715

     C    3    Vxx=   -0.1488    axis=( -0.243015  0.938423 -0.245571)
     C    3    Vyy=   -0.3598    axis=(  0.967785  0.217371 -0.127054)
     C    3    Vzz=    0.5086    axis=(  0.065850  0.268536  0.961016)
     C    3  Q=         1.0000 1e-30 m^2  Cq=         1.1951 MHz  eta= 0.41480

     H    4    Vxx=   -0.0397    axis=(  0.419465 -0.684244 -0.596540)
     H    4    Vyy=   -0.3796    axis=(  0.013709 -0.652298  0.757839)
     H    4    Vzz=    0.4193    axis=( -0.907668 -0.326065 -0.264236)
     H    4  Q=         1.0000 1e-30 m^2  Cq=         0.9852 MHz  eta= 0.81074

     C    5    Vxx=    0.0184    axis=( -0.936020 -0.215090  0.278572)
     C    5    Vyy=    0.6328    axis=(  0.287556 -0.011020  0.957700)
     C    5    Vzz=   -0.6513    axis=( -0.202922  0.976532  0.072165)
     C    5  Q=         1.0000 1e-30 m^2  Cq=        -1.5302 MHz  eta= 0.94339

     H    6    Vxx=   -0.0160    axis=(  0.992672 -0.028074  0.117535)
     H    6    Vyy=   -0.6953    axis=(  0.119896  0.350240 -0.928955)
     H    6    Vzz=    0.7113    axis=( -0.015086  0.936239  0.351039)
     H    6  Q=         1.0000 1e-30 m^2  Cq=         1.6713 MHz  eta= 0.95509

     H    7    Vxx=   -0.0940    axis=(  0.694675 -0.333820 -0.637174)
     H    7    Vyy=   -0.3730    axis=(  0.642332 -0.110842  0.758369)
     H    7    Vzz=    0.4671    axis=( -0.323785 -0.936097  0.137425)
     H    7  Q=         1.0000 1e-30 m^2  Cq=         1.0974 MHz  eta= 0.59731

     C    8    Vxx=   -0.0647    axis=( -0.453864  0.524788  0.720142)
     C    8    Vyy=   -0.8617    axis=(  0.446426  0.833351 -0.325930)
     C    8    Vzz=    0.9264    axis=( -0.771175  0.173562 -0.612507)
     C    8  Q=         1.0000 1e-30 m^2  Cq=         2.1766 MHz  eta= 0.86042

     H    9    Vxx=   -0.0588    axis=(  0.203412  0.964801  0.166681)
     H    9    Vyy=   -0.2800    axis=( -0.081314 -0.153005  0.984874)
     H    9    Vzz=    0.3389    axis=(  0.975711 -0.213889  0.047329)
     H    9  Q=         1.0000 1e-30 m^2  Cq=         0.7962 MHz  eta= 0.65267

     C   10    Vxx=    0.0495    axis=(  0.191110  0.851414  0.488438)
     C   10    Vyy=    0.4287    axis=(  0.156002 -0.517630  0.841262)
     C   10    Vzz=   -0.4781    axis=(  0.969093 -0.084577 -0.231747)
     C   10  Q=         1.0000 1e-30 m^2  Cq=        -1.1234 MHz  eta= 0.79311

     C   11    Vxx=   -0.0207    axis=( -0.960317 -0.068285  0.270424)
     C   11    Vyy=   -0.5125    axis=( -0.042303  0.994010  0.100772)
     C   11    Vzz=    0.5332    axis=(  0.275685 -0.085333  0.957453)
     C   11  Q=         1.0000 1e-30 m^2  Cq=         1.2528 MHz  eta= 0.92219

     Cl  12    Vxx=    1.1125    axis=(  0.812079  0.344802 -0.470786)
     Cl  12    Vyy=    1.9196    axis=( -0.171298 -0.630369 -0.757160)
     Cl  12    Vzz=   -3.0320    axis=(  0.557839 -0.695519  0.452846)
     Cl  12  Q=        -8.1650 1e-30 m^2  Cq=        58.1682 MHz  eta= 0.26618

     H   13    Vxx=    0.0012    axis=( -0.105714 -0.428109  0.897523)
     H   13    Vyy=    0.5547    axis=(  0.053912  0.898785  0.435062)
     H   13    Vzz=   -0.5559    axis=( -0.992934  0.094380 -0.071934)
     H   13  Q=         1.0000 1e-30 m^2  Cq=        -1.3061 MHz  eta= 0.99578

     C   14    Vxx=    0.1030    axis=( -0.142436  0.882609  0.448011)
     C   14    Vyy=    0.3080    axis=( -0.594902 -0.438087  0.673922)
     C   14    Vzz=   -0.4110    axis=( -0.791077  0.170532 -0.587465)
     C   14  Q=         1.0000 1e-30 m^2  Cq=        -0.9657 MHz  eta= 0.49881

     H   15    Vxx=   -0.0870    axis=( -0.027070 -0.960295  0.277671)
     H   15    Vyy=   -0.2578    axis=( -0.571125  0.242831  0.784124)
     H   15    Vzz=    0.3448    axis=(  0.820417  0.137359  0.555022)
     H   15  Q=         1.0000 1e-30 m^2  Cq=         0.8102 MHz  eta= 0.49523

     C   16    Vxx=    0.0584    axis=( -0.822873 -0.338064  0.456720)
     C   16    Vyy=    0.7608    axis=(  0.453602  0.093291  0.886308)
     C   16    Vzz=   -0.8192    axis=(  0.342237 -0.936488 -0.076580)
     C   16  Q=         1.0000 1e-30 m^2  Cq=        -1.9247 MHz  eta= 0.85754

     C   17    Vxx=   -0.0054    axis=( -0.528404  0.832724 -0.165406)
     C   17    Vyy=   -0.6613    axis=(  0.847620  0.528518 -0.047014)
     C   17    Vzz=    0.6667    axis=( -0.048271  0.165044  0.985104)
     C   17  Q=         1.0000 1e-30 m^2  Cq=         1.5666 MHz  eta= 0.98381

     Cl  18    Vxx=    0.3798    axis=(  0.737240 -0.612730  0.284674)
     Cl  18    Vyy=    0.9325    axis=(  0.355779 -0.006117 -0.934550)
     Cl  18    Vzz=   -1.3123    axis=(  0.574368  0.790269  0.213487)
     Cl  18  Q=        -8.1650 1e-30 m^2  Cq=        25.1761 MHz  eta= 0.42118

     H   19    Vxx=   -0.0095    axis=(  0.997751 -0.066211  0.010487)
     H   19    Vyy=   -0.6009    axis=(  0.034393  0.639870  0.767713)
     H   19    Vzz=    0.6104    axis=( -0.057542 -0.765625  0.640708)
     H   19  Q=         1.0000 1e-30 m^2  Cq=         1.4342 MHz  eta= 0.96878

     C   20    Vxx=    0.0295    axis=( -0.145119 -0.975672 -0.164328)
     C   20    Vyy=    0.6391    axis=(  0.117068  0.147987 -0.982036)
     C   20    Vzz=   -0.6686    axis=(  0.982464 -0.161750  0.092745)
     C   20  Q=         1.0000 1e-30 m^2  Cq=        -1.5710 MHz  eta= 0.91182

     H   21    Vxx=   -0.0191    axis=(  0.179325 -0.973829 -0.139640)
     H   21    Vyy=   -0.5380    axis=(  0.550997  0.217008 -0.805797)
     H   21    Vzz=    0.5570    axis=(  0.815012  0.067559  0.575492)
     H   21  Q=         1.0000 1e-30 m^2  Cq=         1.3088 MHz  eta= 0.93158

     C   22    Vxx=   -0.0952    axis=(  0.799192 -0.323457 -0.506624)
     C   22    Vyy=   -0.6509    axis=(  0.283629  0.946061 -0.156596)
     C   22    Vzz=    0.7460    axis=(  0.529949 -0.018543  0.847827)
     C   22  Q=         1.0000 1e-30 m^2  Cq=         1.7529 MHz  eta= 0.74489

     C   23    Vxx=    0.1817    axis=(  0.471022  0.871106  0.138967)
     C   23    Vyy=    0.4282    axis=( -0.150936  0.234802 -0.960253)
     C   23    Vzz=   -0.6100    axis=( -0.869112  0.431326  0.242079)
     C   23  Q=         1.0000 1e-30 m^2  Cq=        -1.4332 MHz  eta= 0.40408

     Cl  24    Vxx=    0.2625    axis=( -0.100757 -0.462782  0.880727)
     Cl  24    Vyy=    2.0623    axis=( -0.823638 -0.457771 -0.334764)
     Cl  24    Vzz=   -2.3249    axis=(  0.558094 -0.759130 -0.335041)
     Cl  24  Q=        -8.1650 1e-30 m^2  Cq=        44.6014 MHz  eta= 0.77414

     Initialization:
     gipaw_setup  :      8.97s CPU     10.82s WALL (       1 calls)

     Linear response

     Apply operators

     Induced current

     Other routines
     efg          :      9.32s CPU     11.96s WALL (       1 calls)

     General routines
     calbec       :      3.27s CPU      4.65s WALL (      16 calls)
     fft          :      1.62s CPU      2.35s WALL (      15 calls)
     ffts         :      0.02s CPU      0.05s WALL (       2 calls)
     fftw         :      3.30s CPU      3.91s WALL (     672 calls)
     davcio       :      0.04s CPU      0.33s WALL (      32 calls)

     Parallel routines
     fft_scatter  :      2.16s CPU      3.27s WALL (     689 calls)

     Plugins

     GIPAW        :     61.30s CPU     75.65s WALL (       1 calls)
