
     Program QE v.6.0 (svn rev. 13079) starts on 18Dec2016 at  5:29:58 

     This program is part of the open-source Quantum ESPRESSO suite
     for quantum simulation of materials; please cite
         "P. Giannozzi et al., J. Phys.:Condens. Matter 21 395502 (2009);
          URL http://www.quantum-espresso.org", 
     in publications or presentations arising from this work. More details at
     http://www.quantum-espresso.org/quote

     Parallel version (MPI), running on     8 processors
     R & G space division:  proc/nbgrp/npool/nimage =       8

     ***** This is GIPAW svn revision unknown      *****

     Parallelizing q-star over 1 images

     Reading data from directory:
     /users/majewski/paradichlorobenzene/pbe/9_constraint/scratch/pbe.ecut100.np8.dt60.pcl2phi-129368.save
     Message from routine read_xml_file:
     file /users/majewski/paradichlorobenzene/pbe/9_constraint/scratch/pbe.ecut100.np8.dt60.pcl2phi-129368.save not guaranteed to be safe for post-processing

   Info: using nr1, nr2, nr3 values from input

   Info: using nr1, nr2, nr3 values from input

     IMPORTANT: XC functional enforced from input :
     Exchange-correlation      =  SLA  PW   PBX  PBC ( 1  4  3  4 0 0)
     Any further DFT definition will be discarded
     Please, verify this is what you really want

               file C.pbe-n-kjpaw_psl.1.0.0.UPF: wavefunction(s)  2S 2P renormalized
               file Cl.pbe-n-kjpaw_psl.1.0.0.UPF: wavefunction(s)  3S 3P renormalized
               file H.pbe-kjpaw_psl.1.0.0.UPF: wavefunction(s)  1S renormalized

     Parallelization info
     --------------------
     sticks:   dense  smooth     PW     G-vecs:    dense   smooth      PW
     Min        3057    1223    332               144436    36536    5170
     Max        3059    1225    333               144437    36537    5171
     Sum       24467    9791   2657              1155489   292295   41363


     Subspace diagonalization in iterative solution of the eigenvalue problem:
     a serial algorithm will be used

     GIPAW projectors -----------------------------------------------
     atom=  C    l=0  rc=    1.2000  rs=    0.8000
     atom=  C    l=0  rc=    1.2000  rs=    0.8000
     atom=  C    l=1  rc=    1.4000  rs=    0.9333
     atom=  C    l=1  rc=    1.4000  rs=    0.9333
     projs nearly linearly dependent: l=1  n1,n2= 1, 2  s=  0.99951561

     atom=  Cl   l=0  rc=    1.6000  rs=    1.0667
     atom=  Cl   l=0  rc=    1.6000  rs=    1.0667
     atom=  Cl   l=1  rc=    1.6000  rs=    1.0667
     atom=  Cl   l=1  rc=    1.6000  rs=    1.0667
     atom=  Cl   l=2  rc=    1.6000  rs=    1.0667
     atom=  Cl   l=2  rc=    1.6000  rs=    1.0667
     projs nearly linearly dependent: l=2  n1,n2= 1, 2  s=  0.99993509

     atom=  H    l=0  rc=    1.0000  rs=    0.6667
     atom=  H    l=0  rc=    1.0000  rs=    0.6667
     projs nearly linearly dependent: l=0  n1,n2= 1, 2  s=  0.99968852
     -----------------------------------------------------------------

     GIPAW integrals: -------------------------------------------
     Atom  i/j   nmr_para   nmr_dia   epr_rmc  epr_para   epr_dia
       C   1 1   0.83E+03  0.17E-01  0.93E+01  0.24E+08  0.24E+03
       C   2 1   0.86E+03 -0.61E-01  0.94E+01  0.25E+08  0.25E+03
       C   2 2   0.90E+03 -0.15E+00  0.97E+01  0.26E+08  0.26E+03
       C   3 3   0.33E+01  0.34E+00  0.18E+01  0.55E+03  0.21E+02
       C   4 3   0.35E+01  0.37E+00  0.20E+01  0.59E+03  0.22E+02
       C   4 4   0.38E+01  0.39E+00  0.22E+01  0.63E+03  0.24E+02
       Cl  1 1   0.14E+04 -0.47E+00  0.84E+01  0.32E+09  0.42E+03
       Cl  2 1   0.21E+04 -0.37E+00  0.12E+02  0.49E+09  0.65E+03
       Cl  2 2   0.33E+04 -0.16E+00  0.21E+02  0.76E+09  0.10E+04
       Cl  3 3   0.21E+02  0.79E-01  0.89E+01  0.23E+05  0.13E+03
       Cl  4 3   0.24E+02  0.67E-01  0.99E+01  0.27E+05  0.15E+03
       Cl  4 4   0.28E+02  0.44E-01  0.11E+02  0.32E+05  0.18E+03
       Cl  5 5   0.77E+00  0.19E+00  0.18E+01  0.12E+03  0.22E+02
       Cl  6 5   0.80E+00  0.19E+00  0.19E+01  0.12E+03  0.23E+02
       Cl  6 6   0.83E+00  0.20E+00  0.19E+01  0.12E+03  0.23E+02
       H   1 1   0.39E+02  0.19E+00  0.29E+00  0.78E+05  0.13E+02
       H   2 1   0.41E+02  0.21E+00  0.32E+00  0.82E+05  0.14E+02
       H   2 2   0.43E+02  0.22E+00  0.36E+00  0.86E+05  0.15E+02
     ------------------------------------------------------------

     alpha_pv=     34.1053 eV

     Number of occupied bands for each k-point:
     k-point:     1    nbnd_occ=  42
     k-point:     2    nbnd_occ=  42
     k-point:     3    nbnd_occ=  42
     k-point:     4    nbnd_occ=  42
     k-point:     5    nbnd_occ=  42
     k-point:     6    nbnd_occ=  42
     k-point:     7    nbnd_occ=  42
     k-point:     8    nbnd_occ=  42
     k-point:     9    nbnd_occ=  42
     k-point:    10    nbnd_occ=  42
     k-point:    11    nbnd_occ=  42
     k-point:    12    nbnd_occ=  42
     k-point:    13    nbnd_occ=  42
     k-point:    14    nbnd_occ=  42
     k-point:    15    nbnd_occ=  42
     k-point:    16    nbnd_occ=  42


     q-space interpolation up to   110.00 Rydberg

     GIPAW job: efg                                                                             


     ELECTRIC FIELD GRADIENTS TENSORS IN Hartree/bohrradius^2:

     ----- bare term -----
     Cl   1        0.011733        0.109828        0.016185
     Cl   1        0.109828        0.071969        0.038813
     Cl   1        0.016185        0.038813       -0.083702

     C    2       -0.290336        0.270983       -0.188899
     C    2        0.270983       -0.112089       -0.452090
     C    2       -0.188899       -0.452090        0.402425

     C    3       -0.137754        0.141679       -0.238626
     C    3        0.141679       -0.106364       -0.670771
     C    3       -0.238626       -0.670771        0.244118

     H    4       -0.158989       -0.045921       -0.568133
     H    4       -0.045921        0.304351        0.060146
     H    4       -0.568133        0.060146       -0.145362

     C    5       -0.733725        0.381895       -0.345838
     C    5        0.381895        0.456292       -0.206350
     C    5       -0.345838       -0.206350        0.277433

     H    6        0.182728       -0.088704        0.333053
     H    6       -0.088704       -0.029633       -0.380726
     H    6        0.333053       -0.380726       -0.153095

     H    7        0.438818       -0.000009       -0.043400
     H    7       -0.000009       -0.744949        0.233993
     H    7       -0.043400        0.233993        0.306131

     C    8       -0.224919       -0.281192       -0.282929
     C    8       -0.281192       -0.080542        0.507764
     C    8       -0.282929        0.507764        0.305461

     H    9       -0.298316        0.452279       -0.423449
     H    9        0.452279        0.056585        0.275900
     H    9       -0.423449        0.275900        0.241732

     C   10       -0.633338       -0.416199       -0.320246
     C   10       -0.416199        0.310415        0.189843
     C   10       -0.320246        0.189843        0.322924

     C   11       -0.033985       -0.266334       -0.205278
     C   11       -0.266334       -0.041003        0.651740
     C   11       -0.205278        0.651740        0.074988

     Cl  12       -0.142176       -0.214574        0.060074
     Cl  12       -0.214574        0.076900       -0.139569
     Cl  12        0.060074       -0.139569        0.065277

     H   13        0.034733        0.369156        0.062979
     H   13        0.369156       -0.350950       -0.347612
     H   13        0.062979       -0.347612        0.316217

     C   14       -0.078141       -0.383207       -0.470545
     C   14       -0.383207       -0.020090       -0.536713
     C   14       -0.470545       -0.536713        0.098232

     H   15        0.035552       -0.148591       -0.303869
     H   15       -0.148591       -0.284465       -0.427421
     H   15       -0.303869       -0.427421        0.248913

     C   16       -0.656534        0.353259       -0.266109
     C   16        0.353259        0.206539       -0.101270
     C   16       -0.266109       -0.101270        0.449995

     C   17        0.092877        0.018818       -0.203698
     C   17        0.018818       -0.061224       -0.592006
     C   17       -0.203698       -0.592006       -0.031653

     Cl  18       -0.255291        0.270603        0.005849
     Cl  18        0.270603        0.082526        0.125899
     Cl  18        0.005849        0.125899        0.172765

     H   19       -0.160540       -0.138917        0.156929
     H   19       -0.138917       -0.088532        0.484753
     H   19        0.156929        0.484753        0.249073

     C   20       -0.368228       -0.308380       -0.516308
     C   20       -0.308380        0.198965        0.325865
     C   20       -0.516308        0.325865        0.169264

     H   21       -0.213713        0.113045       -0.538190
     H   21        0.113045        0.224971       -0.020936
     H   21       -0.538190       -0.020936       -0.011258

     C   22        0.013010       -0.468030       -0.215963
     C   22       -0.468030       -0.276187        0.385673
     C   22       -0.215963        0.385673        0.263177

     C   23       -0.178851       -0.166464       -0.517720
     C   23       -0.166464       -0.082819        0.482408
     C   23       -0.517720        0.482408        0.261670

     Cl  24       -0.008208       -0.002819       -0.027907
     Cl  24       -0.002819        0.003081        0.011524
     Cl  24       -0.027907        0.011524        0.005127

     ----- ionic term -----
     Cl   1        0.223312       -0.207072       -0.001368
     Cl   1       -0.207072       -0.086620       -0.000409
     Cl   1       -0.001368       -0.000409       -0.136692

     C    2        0.258214       -0.115783        0.266996
     C    2       -0.115783       -0.015314        0.484021
     C    2        0.266996        0.484021       -0.242900

     C    3        0.209836       -0.277854        0.173483
     C    3       -0.277854        0.064268        0.418402
     C    3        0.173483        0.418402       -0.274103

     H    4        0.500874        0.316097        0.691413
     H    4        0.316097       -0.426463        0.303566
     H    4        0.691413        0.303566       -0.074411

     C    5        0.303111       -0.266616        0.237744
     C    5       -0.266616       -0.045408        0.315688
     C    5        0.237744        0.315688       -0.257704

     H    6       -0.482408       -0.204525       -0.107771
     H    6       -0.204525        0.527069        0.736112
     H    6       -0.107771        0.736112       -0.044661

     H    7       -0.502018        0.075193       -0.032407
     H    7        0.075193        0.651568       -0.704726
     H    7       -0.032407       -0.704726       -0.149550

     C    8        0.310407        0.248518        0.301446
     C    8        0.248518        0.022378       -0.284606
     C    8        0.301446       -0.284606       -0.332785

     H    9        0.565232       -0.276437        0.683612
     H    9       -0.276437       -0.468808       -0.242851
     H    9        0.683612       -0.242851       -0.096423

     C   10        0.229680        0.290857        0.236347
     C   10        0.290857        0.086815       -0.317089
     C   10        0.236347       -0.317089       -0.316495

     C   11        0.235916        0.167305        0.359637
     C   11        0.167305        0.052682       -0.348608
     C   11        0.359637       -0.348608       -0.288598

     Cl  12        0.129599        0.228178        0.052472
     Cl  12        0.228178        0.029968        0.033813
     Cl  12        0.052472        0.033813       -0.159567

     H   13       -0.500157       -0.137538       -0.081834
     H   13       -0.137538        0.628800        0.726900
     H   13       -0.081834        0.726900       -0.128643

     C   14        0.308110       -0.173499        0.292315
     C   14       -0.173499       -0.009555        0.333441
     C   14        0.292315        0.333441       -0.298554

     H   15        0.492574        0.413194        0.674868
     H   15        0.413194       -0.347215        0.322784
     H   15        0.674868        0.322784       -0.145359

     C   16        0.209330       -0.254757        0.198974
     C   16       -0.254757        0.086587        0.373834
     C   16        0.198974        0.373834       -0.295917

     C   17        0.143370       -0.226144        0.276277
     C   17       -0.226144        0.083672        0.382726
     C   17        0.276277        0.382726       -0.227042

     Cl  18        0.130851       -0.199794        0.049642
     Cl  18       -0.199794        0.011811       -0.025056
     Cl  18        0.049642       -0.025056       -0.142661

     H   19       -0.502878        0.149182       -0.040058
     H   19        0.149182        0.766530       -0.632561
     H   19       -0.040058       -0.632561       -0.263651

     C   20        0.287381        0.248370        0.320782
     C   20        0.248370        0.077285       -0.266387
     C   20        0.320782       -0.266387       -0.364666

     H   21        0.752878       -0.282664        0.577906
     H   21       -0.282664       -0.435190       -0.212136
     H   21        0.577906       -0.212136       -0.317688

     C   22        0.210212        0.304519        0.199709
     C   22        0.304519        0.130384       -0.329788
     C   22        0.199709       -0.329788       -0.340596

     C   23        0.211822        0.174724        0.234797
     C   23        0.174724        0.040464       -0.434809
     C   23        0.234797       -0.434809       -0.252286

     Cl  24        0.175633        0.208115       -0.010774
     Cl  24        0.208115       -0.046063       -0.013952
     Cl  24       -0.010774       -0.013952       -0.129570

     ----- GIPAW term -----
     Cl   1        2.255871        0.406703        0.536255
     Cl   1        0.406703        0.314585        0.513448
     Cl   1        0.536255        0.513448       -2.570456

     C    2        0.010607       -0.149465        0.030664
     C    2       -0.149465        0.030558       -0.132426
     C    2        0.030664       -0.132426       -0.041165

     C    3       -0.126329       -0.005213       -0.046570
     C    3       -0.005213        0.102478       -0.230796
     C    3       -0.046570       -0.230796        0.023852

     H    4       -0.000000        0.000000        0.000000
     H    4        0.000000        0.000000        0.000000
     H    4        0.000000        0.000000        0.000000

     C    5       -0.195263        0.112155       -0.049767
     C    5        0.112155        0.267330       -0.083863
     C    5       -0.049767       -0.083863       -0.072068

     H    6       -0.000000        0.000000        0.000000
     H    6        0.000000        0.000000        0.000000
     H    6        0.000000        0.000000        0.000000

     H    7       -0.000000        0.000000        0.000000
     H    7        0.000000        0.000000        0.000000
     H    7        0.000000        0.000000        0.000000

     C    8       -0.060830       -0.139445       -0.083985
     C    8       -0.139445        0.075174        0.212560
     C    8       -0.083985        0.212560       -0.014344

     H    9       -0.000000        0.000000        0.000000
     H    9        0.000000        0.000000        0.000000
     H    9        0.000000        0.000000        0.000000

     C   10       -0.200304       -0.162401       -0.062592
     C   10       -0.162401        0.280107       -0.011776
     C   10       -0.062592       -0.011776       -0.079803

     C   11        0.033209       -0.097067       -0.073374
     C   11       -0.097067        0.127978        0.162594
     C   11       -0.073374        0.162594       -0.161187

     Cl  12        0.059103        0.189255        0.817065
     Cl  12        0.189255        1.060987       -1.775831
     Cl  12        0.817065       -1.775831       -1.120090

     H   13       -0.000000        0.000000        0.000000
     H   13        0.000000        0.000000        0.000000
     H   13        0.000000        0.000000        0.000000

     C   14        0.042249       -0.246462       -0.059456
     C   14       -0.246462        0.085998       -0.083811
     C   14       -0.059456       -0.083811       -0.128246

     H   15       -0.000000        0.000000        0.000000
     H   15        0.000000        0.000000        0.000000
     H   15        0.000000        0.000000        0.000000

     C   16       -0.115427       -0.112933       -0.057902
     C   16       -0.112933        0.178478        0.067386
     C   16       -0.057902        0.067386       -0.063052

     C   17       -0.058419       -0.014089       -0.007073
     C   17       -0.014089        0.246184        0.028257
     C   17       -0.007073        0.028257       -0.187765

     Cl  18       -0.984057       -0.484996        0.199970
     Cl  18       -0.484996        1.530196        2.130232
     Cl  18        0.199970        2.130232       -0.546139

     H   19       -0.000000        0.000000        0.000000
     H   19        0.000000        0.000000        0.000000
     H   19        0.000000        0.000000        0.000000

     C   20        0.030770       -0.189608       -0.154674
     C   20       -0.189608        0.037803        0.106971
     C   20       -0.154674        0.106971       -0.068572

     H   21       -0.000000        0.000000        0.000000
     H   21        0.000000        0.000000        0.000000
     H   21        0.000000        0.000000        0.000000

     C   22        0.030622       -0.143810       -0.159435
     C   22       -0.143810       -0.077784        0.124314
     C   22       -0.159435        0.124314        0.047162

     C   23       -0.011601       -0.032263       -0.186335
     C   23       -0.032263        0.001938        0.197095
     C   23       -0.186335        0.197095        0.009663

     Cl  24        1.407501        2.321037       -0.204890
     Cl  24        2.321037        0.148134        0.100903
     Cl  24       -0.204890        0.100903       -1.555635

     ----- total EFG -----
     Cl   1        2.490916        0.309459        0.551072
     Cl   1        0.309459        0.299934        0.551853
     Cl   1        0.551072        0.551853       -2.790850

     C    2       -0.021515        0.005735        0.108761
     C    2        0.005735       -0.096845       -0.100495
     C    2        0.108761       -0.100495        0.118360

     C    3       -0.054248       -0.141388       -0.111713
     C    3       -0.141388        0.060382       -0.483165
     C    3       -0.111713       -0.483165       -0.006134

     H    4        0.341885        0.270177        0.123281
     H    4        0.270177       -0.122113        0.363712
     H    4        0.123281        0.363712       -0.219773

     C    5       -0.625877        0.227433       -0.157860
     C    5        0.227433        0.678215        0.025475
     C    5       -0.157860        0.025475       -0.052338

     H    6       -0.299680       -0.293229        0.225282
     H    6       -0.293229        0.497436        0.355386
     H    6        0.225282        0.355386       -0.197755

     H    7       -0.063200        0.075184       -0.075807
     H    7        0.075184       -0.093381       -0.470733
     H    7       -0.075807       -0.470733        0.156581

     C    8        0.024659       -0.172119       -0.065468
     C    8       -0.172119        0.017010        0.435718
     C    8       -0.065468        0.435718       -0.041669

     H    9        0.266915        0.175842        0.260163
     H    9        0.175842       -0.412224        0.033049
     H    9        0.260163        0.033049        0.145308

     C   10       -0.603962       -0.287743       -0.146491
     C   10       -0.287743        0.677337       -0.139023
     C   10       -0.146491       -0.139023       -0.073375

     C   11        0.235139       -0.196096        0.080984
     C   11       -0.196096        0.139657        0.465727
     C   11        0.080984        0.465727       -0.374796

     Cl  12        0.046526        0.202859        0.929612
     Cl  12        0.202859        1.167855       -1.881586
     Cl  12        0.929612       -1.881586       -1.214380

     H   13       -0.465424        0.231618       -0.018854
     H   13        0.231618        0.277849        0.379288
     H   13       -0.018854        0.379288        0.187575

     C   14        0.272217       -0.803168       -0.237685
     C   14       -0.803168        0.056352       -0.287082
     C   14       -0.237685       -0.287082       -0.328569

     H   15        0.528126        0.264603        0.370999
     H   15        0.264603       -0.631679       -0.104637
     H   15        0.370999       -0.104637        0.103553

     C   16       -0.562631       -0.014430       -0.125036
     C   16       -0.014430        0.471604        0.339950
     C   16       -0.125036        0.339950        0.091027

     C   17        0.177828       -0.221415        0.065506
     C   17       -0.221415        0.268632       -0.181023
     C   17        0.065506       -0.181023       -0.446460

     Cl  18       -1.108498       -0.414187        0.255461
     Cl  18       -0.414187        1.624533        2.231075
     Cl  18        0.255461        2.231075       -0.516035

     H   19       -0.663419        0.010265        0.116871
     H   19        0.010265        0.677998       -0.147808
     H   19        0.116871       -0.147808       -0.014579

     C   20       -0.050078       -0.249618       -0.350200
     C   20       -0.249618        0.314052        0.166450
     C   20       -0.350200        0.166450       -0.263975

     H   21        0.539165       -0.169619        0.039717
     H   21       -0.169619       -0.210219       -0.233072
     H   21        0.039717       -0.233072       -0.328946

     C   22        0.253843       -0.307322       -0.175688
     C   22       -0.307322       -0.223587        0.180199
     C   22       -0.175688        0.180199       -0.030257

     C   23        0.021370       -0.024003       -0.469259
     C   23       -0.024003       -0.040417        0.244694
     C   23       -0.469259        0.244694        0.019047

     Cl  24        1.574927        2.526333       -0.243570
     Cl  24        2.526333        0.105151        0.098476
     Cl  24       -0.243570        0.098476       -1.680078

     ----- total EFG (symmetrized) -----
     Cl   1        2.490916        0.309459        0.551072
     Cl   1        0.309459        0.299934        0.551853
     Cl   1        0.551072        0.551853       -2.790850

     C    2       -0.021515        0.005735        0.108761
     C    2        0.005735       -0.096845       -0.100495
     C    2        0.108761       -0.100495        0.118360

     C    3       -0.054248       -0.141388       -0.111713
     C    3       -0.141388        0.060382       -0.483165
     C    3       -0.111713       -0.483165       -0.006134

     H    4        0.341885        0.270177        0.123281
     H    4        0.270177       -0.122113        0.363712
     H    4        0.123281        0.363712       -0.219773

     C    5       -0.625877        0.227433       -0.157860
     C    5        0.227433        0.678215        0.025475
     C    5       -0.157860        0.025475       -0.052338

     H    6       -0.299680       -0.293229        0.225282
     H    6       -0.293229        0.497436        0.355386
     H    6        0.225282        0.355386       -0.197755

     H    7       -0.063200        0.075184       -0.075807
     H    7        0.075184       -0.093381       -0.470733
     H    7       -0.075807       -0.470733        0.156581

     C    8        0.024659       -0.172119       -0.065468
     C    8       -0.172119        0.017010        0.435718
     C    8       -0.065468        0.435718       -0.041669

     H    9        0.266915        0.175842        0.260163
     H    9        0.175842       -0.412224        0.033049
     H    9        0.260163        0.033049        0.145308

     C   10       -0.603962       -0.287743       -0.146491
     C   10       -0.287743        0.677337       -0.139023
     C   10       -0.146491       -0.139023       -0.073375

     C   11        0.235139       -0.196096        0.080984
     C   11       -0.196096        0.139657        0.465727
     C   11        0.080984        0.465727       -0.374796

     Cl  12        0.046526        0.202859        0.929612
     Cl  12        0.202859        1.167855       -1.881586
     Cl  12        0.929612       -1.881586       -1.214380

     H   13       -0.465424        0.231618       -0.018854
     H   13        0.231618        0.277849        0.379288
     H   13       -0.018854        0.379288        0.187575

     C   14        0.272217       -0.803168       -0.237685
     C   14       -0.803168        0.056352       -0.287082
     C   14       -0.237685       -0.287082       -0.328569

     H   15        0.528126        0.264603        0.370999
     H   15        0.264603       -0.631679       -0.104637
     H   15        0.370999       -0.104637        0.103553

     C   16       -0.562631       -0.014430       -0.125036
     C   16       -0.014430        0.471604        0.339950
     C   16       -0.125036        0.339950        0.091027

     C   17        0.177828       -0.221415        0.065506
     C   17       -0.221415        0.268632       -0.181023
     C   17        0.065506       -0.181023       -0.446460

     Cl  18       -1.108498       -0.414187        0.255461
     Cl  18       -0.414187        1.624533        2.231075
     Cl  18        0.255461        2.231075       -0.516035

     H   19       -0.663419        0.010265        0.116871
     H   19        0.010265        0.677998       -0.147808
     H   19        0.116871       -0.147808       -0.014579

     C   20       -0.050078       -0.249618       -0.350200
     C   20       -0.249618        0.314052        0.166450
     C   20       -0.350200        0.166450       -0.263975

     H   21        0.539165       -0.169619        0.039717
     H   21       -0.169619       -0.210219       -0.233072
     H   21        0.039717       -0.233072       -0.328946

     C   22        0.253843       -0.307322       -0.175688
     C   22       -0.307322       -0.223587        0.180199
     C   22       -0.175688        0.180199       -0.030257

     C   23        0.021370       -0.024003       -0.469259
     C   23       -0.024003       -0.040417        0.244694
     C   23       -0.469259        0.244694        0.019047

     Cl  24        1.574927        2.526333       -0.243570
     Cl  24        2.526333        0.105151        0.098476
     Cl  24       -0.243570        0.098476       -1.680078


     NQR/NMR SPECTROSCOPIC PARAMETERS:
     Cl   1    Vxx=    0.3245    axis=(  0.175190 -0.974299 -0.141598)
     Cl   1    Vyy=    2.6066    axis=(  0.980336  0.159361  0.116384)
     Cl   1    Vzz=   -2.9311    axis=( -0.090827 -0.159203  0.983059)
     Cl   1  Q=        -8.1650 1e-30 m^2  Cq=        56.2324 MHz  eta= 0.77859

     C    2    Vxx=   -0.0467    axis=(  0.819754  0.529752 -0.217638)
     C    2    Vyy=   -0.1562    axis=( -0.397336  0.799740  0.450043)
     C    2    Vzz=    0.2029    axis=(  0.412465 -0.282449  0.866080)
     C    2  Q=         1.0000 1e-30 m^2  Cq=         0.4768 MHz  eta= 0.53990

     C    3    Vxx=    0.0119    axis=( -0.933661  0.204892  0.293763)
     C    3    Vyy=    0.5128    axis=(  0.050685 -0.736363  0.674685)
     C    3    Vzz=   -0.5247    axis=( -0.354554 -0.644817 -0.677129)
     C    3  Q=         1.0000 1e-30 m^2  Cq=        -1.2329 MHz  eta= 0.95454

     H    4    Vxx=   -0.0196    axis=(  0.601041 -0.531994 -0.596432)
     H    4    Vyy=   -0.5472    axis=(  0.108329 -0.685154  0.720298)
     H    4    Vzz=    0.5668    axis=( -0.791842 -0.497540 -0.354175)
     H    4  Q=         1.0000 1e-30 m^2  Cq=         1.3317 MHz  eta= 0.93088

     C    5    Vxx=   -0.0131    axis=( -0.234793  0.041457  0.971161)
     C    5    Vyy=   -0.7037    axis=( -0.957557  0.161993 -0.238419)
     C    5    Vzz=    0.7167    axis=( -0.167206 -0.985921  0.001663)
     C    5  Q=         1.0000 1e-30 m^2  Cq=         1.6841 MHz  eta= 0.96349

     H    6    Vxx=   -0.0269    axis=( -0.693358  0.096269 -0.714133)
     H    6    Vyy=   -0.6579    axis=( -0.691660 -0.366915  0.622077)
     H    6    Vzz=    0.6848    axis=( -0.202140  0.925260  0.320989)
     H    6  Q=         1.0000 1e-30 m^2  Cq=         1.6090 MHz  eta= 0.92133

     H    7    Vxx=   -0.0814    axis=(  0.984164 -0.078015  0.159170)
     H    7    Vyy=   -0.4559    axis=( -0.035073  0.794488  0.606266)
     H    7    Vzz=    0.5373    axis=( -0.173756 -0.602247  0.779171)
     H    7  Q=         1.0000 1e-30 m^2  Cq=         1.2625 MHz  eta= 0.69695

     C    8    Vxx=   -0.0280    axis=(  0.924749  0.149913  0.349808)
     C    8    Vyy=   -0.4598    axis=(  0.152519  0.696129 -0.701529)
     C    8    Vzz=    0.4878    axis=( -0.348680  0.702091  0.620880)
     C    8  Q=         1.0000 1e-30 m^2  Cq=         1.1462 MHz  eta= 0.88517

     H    9    Vxx=   -0.0444    axis=( -0.561283 -0.196060  0.804066)
     H    9    Vyy=   -0.4567    axis=( -0.255124  0.965211  0.057262)
     H    9    Vzz=    0.5011    axis=( -0.787320 -0.172996 -0.591776)
     H    9  Q=         1.0000 1e-30 m^2  Cq=         1.1774 MHz  eta= 0.82296

     C   10    Vxx=   -0.0401    axis=( -0.284642  0.071089  0.955995)
     C   10    Vyy=   -0.7127    axis=(  0.939146  0.220739  0.263211)
     C   10    Vzz=    0.7527    axis=( -0.192314  0.972739 -0.129594)
     C   10  Q=         1.0000 1e-30 m^2  Cq=         1.7687 MHz  eta= 0.89347

     C   11    Vxx=    0.1948    axis=( -0.851731 -0.339773 -0.398884)
     C   11    Vyy=    0.4866    axis=( -0.490384  0.785087  0.378367)
     C   11    Vzz=   -0.6814    axis=( -0.184600 -0.517873  0.835303)
     C   11  Q=         1.0000 1e-30 m^2  Cq=        -1.6011 MHz  eta= 0.42815

     Cl  12    Vxx=    0.3300    axis=(  0.934191  0.277466  0.224277)
     Cl  12    Vyy=    2.2401    axis=( -0.133483  0.854793 -0.501509)
     Cl  12    Vzz=   -2.5701    axis=( -0.330862  0.438567  0.835577)
     Cl  12  Q=        -8.1650 1e-30 m^2  Cq=        49.3053 MHz  eta= 0.74323

     H   13    Vxx=   -0.0822    axis=( -0.369624 -0.550668  0.748427)
     H   13    Vyy=   -0.5567    axis=(  0.917218 -0.345067  0.199096)
     H   13    Vzz=    0.6388    axis=(  0.148621  0.760062  0.632628)
     H   13  Q=         1.0000 1e-30 m^2  Cq=         1.5010 MHz  eta= 0.74272

     C   14    Vxx=   -0.0824    axis=( -0.368982 -0.409795  0.834218)
     C   14    Vyy=   -0.8923    axis=(  0.546978  0.629924  0.551372)
     C   14    Vzz=    0.9748    axis=( -0.751443  0.659746 -0.008282)
     C   14  Q=         1.0000 1e-30 m^2  Cq=         2.2903 MHz  eta= 0.83090

     H   15    Vxx=   -0.0335    axis=( -0.407529 -0.329266  0.851765)
     H   15    Vyy=   -0.7330    axis=( -0.265243  0.935202  0.234614)
     H   15    Vzz=    0.7665    axis=( -0.873823 -0.130313 -0.468457)
     H   15  Q=         1.0000 1e-30 m^2  Cq=         1.8009 MHz  eta= 0.91258

     C   16    Vxx=   -0.0873    axis=( -0.203857 -0.512574  0.834092)
     C   16    Vyy=   -0.5883    axis=( -0.977058  0.052871 -0.206308)
     C   16    Vzz=    0.6756    axis=(  0.061649 -0.857014 -0.511593)
     C   16  Q=         1.0000 1e-30 m^2  Cq=         1.5873 MHz  eta= 0.74149

     C   17    Vxx=    0.0049    axis=(  0.799368  0.588718 -0.120094)
     C   17    Vyy=    0.4850    axis=( -0.600494  0.775980 -0.193035)
     C   17    Vzz=   -0.4899    axis=( -0.020453  0.226422  0.973815)
     C   17  Q=         1.0000 1e-30 m^2  Cq=        -1.1511 MHz  eta= 0.97992

     Cl  18    Vxx=   -0.9278    axis=(  0.914135 -0.172397  0.366928)
     Cl  18    Vyy=   -2.1121    axis=( -0.402047 -0.501836  0.765845)
     Cl  18    Vzz=    3.0400    axis=( -0.052109  0.847608  0.528058)
     Cl  18  Q=        -8.1650 1e-30 m^2  Cq=       -58.3199 MHz  eta= 0.38957

     H   19    Vxx=   -0.0236    axis=(  0.179150  0.200308  0.963214)
     H   19    Vyy=   -0.6848    axis=( -0.983772  0.026654  0.177431)
     H   19    Vzz=    0.7084    axis=(  0.009867 -0.979370  0.201832)
     H   19  Q=         1.0000 1e-30 m^2  Cq=         1.6644 MHz  eta= 0.93342

     C   20    Vxx=   -0.0424    axis=(  0.603756  0.642858 -0.471394)
     C   20    Vyy=   -0.5235    axis=( -0.601568 -0.020587 -0.798556)
     C   20    Vzz=    0.5659    axis=( -0.523063  0.765709  0.374293)
     C   20  Q=         1.0000 1e-30 m^2  Cq=         1.3297 MHz  eta= 0.85003

     H   21    Vxx=   -0.0694    axis=(  0.246947  0.739419 -0.626320)
     H   21    Vyy=   -0.5154    axis=(  0.072303  0.630476  0.772834)
     H   21    Vzz=    0.5848    axis=( -0.966328  0.236134 -0.102232)
     H   21  Q=         1.0000 1e-30 m^2  Cq=         1.3741 MHz  eta= 0.76250

     C   22    Vxx=   -0.1118    axis=(  0.483426  0.076670  0.872021)
     C   22    Vyy=   -0.3981    axis=(  0.349237  0.896556 -0.272436)
     C   22    Vzz=    0.5099    axis=( -0.802704  0.436245  0.406642)
     C   22  Q=         1.0000 1e-30 m^2  Cq=         1.1980 MHz  eta= 0.56141

     C   23    Vxx=   -0.0469    axis=( -0.464708 -0.885183 -0.022287)
     C   23    Vyy=   -0.5059    axis=(  0.616142 -0.341338  0.709829)
     C   23    Vzz=    0.5528    axis=(  0.635936 -0.316131 -0.704021)
     C   23  Q=         1.0000 1e-30 m^2  Cq=         1.2989 MHz  eta= 0.83047

     Cl  24    Vxx=   -1.5061    axis=(  0.354831 -0.508390 -0.784624)
     Cl  24    Vyy=   -1.9685    axis=(  0.483531 -0.618488  0.619411)
     Cl  24    Vzz=    3.4747    axis=( -0.800183 -0.599176  0.026363)
     Cl  24  Q=        -8.1650 1e-30 m^2  Cq=       -66.6597 MHz  eta= 0.13308

     Initialization:
     gipaw_setup  :      9.09s CPU     11.14s WALL (       1 calls)

     Linear response

     Apply operators

     Induced current

     Other routines
     efg          :      9.47s CPU     11.76s WALL (       1 calls)

     General routines
     calbec       :      3.28s CPU      4.19s WALL (      16 calls)
     fft          :      2.00s CPU      3.51s WALL (      15 calls)
     ffts         :      0.04s CPU      0.05s WALL (       2 calls)
     fftw         :      3.47s CPU      4.06s WALL (     672 calls)
     davcio       :      0.04s CPU      0.34s WALL (      32 calls)

     Parallel routines
     fft_scatter  :      2.68s CPU      4.63s WALL (     689 calls)

     Plugins

     GIPAW        :     61.15s CPU     76.34s WALL (       1 calls)
