
     Program QE v.6.0 (svn rev. 13079) starts on  8Jan2017 at  9: 3:18 

     This program is part of the open-source Quantum ESPRESSO suite
     for quantum simulation of materials; please cite
         "P. Giannozzi et al., J. Phys.:Condens. Matter 21 395502 (2009);
          URL http://www.quantum-espresso.org", 
     in publications or presentations arising from this work. More details at
     http://www.quantum-espresso.org/quote

     Parallel version (MPI), running on     8 processors
     R & G space division:  proc/nbgrp/npool/nimage =       8

     ***** This is GIPAW svn revision unknown      *****

     Parallelizing q-star over 1 images

     Reading data from directory:
     /users/majewski/paradichlorobenzene/pbe/9_constraint/scratch/pbe.ecut100.np8.dt60.pcl2phi-129368.save
     Message from routine read_xml_file:
     file /users/majewski/paradichlorobenzene/pbe/9_constraint/scratch/pbe.ecut100.np8.dt60.pcl2phi-129368.save not guaranteed to be safe for post-processing

   Info: using nr1, nr2, nr3 values from input

   Info: using nr1, nr2, nr3 values from input

     IMPORTANT: XC functional enforced from input :
     Exchange-correlation      =  SLA  PW   PBX  PBC ( 1  4  3  4 0 0)
     Any further DFT definition will be discarded
     Please, verify this is what you really want

               file C.pbe-n-kjpaw_psl.1.0.0.UPF: wavefunction(s)  2S 2P renormalized
               file Cl.pbe-n-kjpaw_psl.1.0.0.UPF: wavefunction(s)  3S 3P renormalized
               file H.pbe-kjpaw_psl.1.0.0.UPF: wavefunction(s)  1S renormalized

     Parallelization info
     --------------------
     sticks:   dense  smooth     PW     G-vecs:    dense   smooth      PW
     Min        3057    1223    332               144436    36536    5170
     Max        3059    1225    333               144437    36537    5171
     Sum       24467    9791   2657              1155489   292295   41363


     Subspace diagonalization in iterative solution of the eigenvalue problem:
     a serial algorithm will be used

     GIPAW projectors -----------------------------------------------
     atom=  C    l=0  rc=    1.2000  rs=    0.8000
     atom=  C    l=0  rc=    1.2000  rs=    0.8000
     atom=  C    l=1  rc=    1.4000  rs=    0.9333
     atom=  C    l=1  rc=    1.4000  rs=    0.9333
     projs nearly linearly dependent: l=1  n1,n2= 1, 2  s=  0.99951561

     atom=  Cl   l=0  rc=    1.6000  rs=    1.0667
     atom=  Cl   l=0  rc=    1.6000  rs=    1.0667
     atom=  Cl   l=1  rc=    1.6000  rs=    1.0667
     atom=  Cl   l=1  rc=    1.6000  rs=    1.0667
     atom=  Cl   l=2  rc=    1.6000  rs=    1.0667
     atom=  Cl   l=2  rc=    1.6000  rs=    1.0667
     projs nearly linearly dependent: l=2  n1,n2= 1, 2  s=  0.99993509

     atom=  H    l=0  rc=    1.0000  rs=    0.6667
     atom=  H    l=0  rc=    1.0000  rs=    0.6667
     projs nearly linearly dependent: l=0  n1,n2= 1, 2  s=  0.99968852
     -----------------------------------------------------------------

     GIPAW integrals: -------------------------------------------
     Atom  i/j   nmr_para   nmr_dia   epr_rmc  epr_para   epr_dia
       C   1 1   0.83E+03  0.17E-01  0.93E+01  0.24E+08  0.24E+03
       C   2 1   0.86E+03 -0.61E-01  0.94E+01  0.25E+08  0.25E+03
       C   2 2   0.90E+03 -0.15E+00  0.97E+01  0.26E+08  0.26E+03
       C   3 3   0.33E+01  0.34E+00  0.18E+01  0.55E+03  0.21E+02
       C   4 3   0.35E+01  0.37E+00  0.20E+01  0.59E+03  0.22E+02
       C   4 4   0.38E+01  0.39E+00  0.22E+01  0.63E+03  0.24E+02
       Cl  1 1   0.14E+04 -0.47E+00  0.84E+01  0.32E+09  0.42E+03
       Cl  2 1   0.21E+04 -0.37E+00  0.12E+02  0.49E+09  0.65E+03
       Cl  2 2   0.33E+04 -0.16E+00  0.21E+02  0.76E+09  0.10E+04
       Cl  3 3   0.21E+02  0.79E-01  0.89E+01  0.23E+05  0.13E+03
       Cl  4 3   0.24E+02  0.67E-01  0.99E+01  0.27E+05  0.15E+03
       Cl  4 4   0.28E+02  0.44E-01  0.11E+02  0.32E+05  0.18E+03
       Cl  5 5   0.77E+00  0.19E+00  0.18E+01  0.12E+03  0.22E+02
       Cl  6 5   0.80E+00  0.19E+00  0.19E+01  0.12E+03  0.23E+02
       Cl  6 6   0.83E+00  0.20E+00  0.19E+01  0.12E+03  0.23E+02
       H   1 1   0.39E+02  0.19E+00  0.29E+00  0.78E+05  0.13E+02
       H   2 1   0.41E+02  0.21E+00  0.32E+00  0.82E+05  0.14E+02
       H   2 2   0.43E+02  0.22E+00  0.36E+00  0.86E+05  0.15E+02
     ------------------------------------------------------------

     alpha_pv=     34.5282 eV

     Number of occupied bands for each k-point:
     k-point:     1    nbnd_occ=  42
     k-point:     2    nbnd_occ=  42
     k-point:     3    nbnd_occ=  42
     k-point:     4    nbnd_occ=  42
     k-point:     5    nbnd_occ=  42
     k-point:     6    nbnd_occ=  42
     k-point:     7    nbnd_occ=  42
     k-point:     8    nbnd_occ=  42
     k-point:     9    nbnd_occ=  42
     k-point:    10    nbnd_occ=  42
     k-point:    11    nbnd_occ=  42
     k-point:    12    nbnd_occ=  42
     k-point:    13    nbnd_occ=  42
     k-point:    14    nbnd_occ=  42
     k-point:    15    nbnd_occ=  42
     k-point:    16    nbnd_occ=  42


     q-space interpolation up to   110.00 Rydberg

     GIPAW job: efg                                                                             


     ELECTRIC FIELD GRADIENTS TENSORS IN Hartree/bohrradius^2:

     ----- bare term -----
     Cl   1        0.098396        0.056145        0.133540
     Cl   1        0.056145       -0.227837        0.388557
     Cl   1        0.133540        0.388557        0.129440

     C    2        0.032927        0.150175       -0.156380
     C    2        0.150175       -0.012713       -0.586131
     C    2       -0.156380       -0.586131       -0.020214

     C    3       -0.381792        0.146080       -0.040765
     C    3        0.146080        0.027204       -0.015209
     C    3       -0.040765       -0.015209        0.354588

     H    4       -0.153741       -0.394285        0.034046
     H    4       -0.394285       -0.162724        0.147808
     H    4        0.034046        0.147808        0.316464

     C    5       -0.120420       -0.051517       -0.259283
     C    5       -0.051517        0.037152       -0.478580
     C    5       -0.259283       -0.478580        0.083268

     H    6        0.391463       -0.289426        0.055306
     H    6       -0.289426       -0.715322        0.097274
     H    6        0.055306        0.097274        0.323859

     H    7        0.039556        0.026258        0.190872
     H    7        0.026258       -0.169054        0.519474
     H    7        0.190872        0.519474        0.129497

     C    8       -0.677481       -0.417992       -0.441469
     C    8       -0.417992        0.416551        0.215755
     C    8       -0.441469        0.215755        0.260930

     H    9        0.143199        0.085684       -0.297022
     H    9        0.085684        0.397249       -0.163113
     H    9       -0.297022       -0.163113       -0.540448

     C   10       -0.043424       -0.386597       -0.218576
     C   10       -0.386597       -0.207846        0.439781
     C   10       -0.218576        0.439781        0.251270

     C   11       -0.359850       -0.299606       -0.259130
     C   11       -0.299606       -0.060718        0.470982
     C   11       -0.259130        0.470982        0.420568

     Cl  12        0.084244       -0.019089       -0.003122
     Cl  12       -0.019089        0.007838       -0.162356
     Cl  12       -0.003122       -0.162356       -0.092082

     H   13        0.498129       -0.122398       -0.024235
     H   13       -0.122398       -0.583879       -0.245450
     H   13       -0.024235       -0.245450        0.085750

     C   14       -0.864277        0.287517       -0.433329
     C   14        0.287517        0.220852        0.033071
     C   14       -0.433329        0.033071        0.643425

     H   15       -0.423986       -0.332324        0.239901
     H   15       -0.332324        0.310574        0.018873
     H   15        0.239901        0.018873        0.113412

     C   16        0.106970        0.173530       -0.017613
     C   16        0.173530       -0.575419       -0.328864
     C   16       -0.017613       -0.328864        0.468449

     C   17       -0.725834        0.217195       -0.314461
     C   17        0.217195        0.109771       -0.089305
     C   17       -0.314461       -0.089305        0.616063

     Cl  18       -0.002612       -0.024584       -0.128260
     Cl  18       -0.024584       -0.049645       -0.066465
     Cl  18       -0.128260       -0.066465        0.052257

     H   19        0.393618       -0.141883       -0.047199
     H   19       -0.141883       -0.727355        0.245248
     H   19       -0.047199        0.245248        0.333737

     C   20       -0.179054        0.289360       -0.388527
     C   20        0.289360        0.012832        0.573200
     C   20       -0.388527        0.573200        0.166223

     H   21        0.012933        0.153389       -0.346389
     H   21        0.153389       -0.112281        0.516874
     H   21       -0.346389        0.516874        0.099347

     C   22       -0.636077       -0.345560       -0.362230
     C   22       -0.345560        0.221738        0.031014
     C   22       -0.362230        0.031014        0.414339

     C   23        0.050214        0.089811       -0.248752
     C   23        0.089811       -0.357533        0.399524
     C   23       -0.248752        0.399524        0.307318

     Cl  24       -0.098840       -0.256408       -0.007484
     Cl  24       -0.256408       -0.013450        0.085634
     Cl  24       -0.007484        0.085634        0.112290

     ----- ionic term -----
     Cl   1        0.169403       -0.167664       -0.079631
     Cl   1       -0.167664       -0.042812        0.041550
     Cl   1       -0.079631        0.041550       -0.126591

     C    2        0.339122       -0.053359        0.038089
     C    2       -0.053359        0.142955        0.351420
     C    2        0.038089        0.351420       -0.482077

     C    3        0.242293       -0.092056        0.041613
     C    3       -0.092056        0.247353        0.310930
     C    3        0.041613        0.310930       -0.489646

     H    4        0.701185        0.565378        0.314826
     H    4        0.565378       -0.210410        0.193253
     H    4        0.314826        0.193253       -0.490776

     C    5        0.421597        0.043941        0.111194
     C    5        0.043941        0.120553        0.259691
     C    5        0.111194        0.259691       -0.542150

     H    6       -0.498093        0.244103        0.084977
     H    6        0.244103        0.892552        0.503445
     H    6        0.084977        0.503445       -0.394460

     H    7       -0.515349        0.136969       -0.063303
     H    7        0.136969        0.663751       -0.685362
     H    7       -0.063303       -0.685362       -0.148402

     C    8        0.174826        0.309387        0.360449
     C    8        0.309387        0.054300       -0.252919
     C    8        0.360449       -0.252919       -0.229126

     H    9        0.295184       -0.157691        0.791627
     H    9       -0.157691       -0.451391       -0.218858
     H    9        0.791627       -0.218858        0.156207

     C   10        0.112006        0.376978        0.284783
     C   10        0.376978        0.132868       -0.289277
     C   10        0.284783       -0.289277       -0.244874

     C   11        0.144129        0.279424        0.372193
     C   11        0.279424        0.091350       -0.336550
     C   11        0.372193       -0.336550       -0.235480

     Cl  12        0.148258        0.254213        0.068167
     Cl  12        0.254213        0.010901        0.039344
     Cl  12        0.068167        0.039344       -0.159160

     H   13       -0.514042        0.086695        0.026594
     H   13        0.086695        0.816741        0.593021
     H   13        0.026594        0.593021       -0.302699

     C   14        0.399330       -0.129454        0.085665
     C   14       -0.129454        0.108115        0.294590
     C   14        0.085665        0.294590       -0.507446

     H   15        0.785280        0.514665        0.330773
     H   15        0.514665       -0.267794        0.198764
     H   15        0.330773        0.198764       -0.517486

     C   16        0.251283       -0.189310        0.036207
     C   16       -0.189310        0.257783        0.380874
     C   16        0.036207        0.380874       -0.509066

     C   17        0.332417        0.016683        0.129015
     C   17        0.016683        0.181996        0.354089
     C   17        0.129015        0.354089       -0.514413

     Cl  18        0.181473       -0.196617        0.005737
     Cl  18       -0.196617       -0.037397       -0.002935
     Cl  18        0.005737       -0.002935       -0.144076

     H   19       -0.517615       -0.061390        0.066976
     H   19       -0.061390        0.717747       -0.674039
     H   19        0.066976       -0.674039       -0.200131

     C   20        0.271824        0.234038        0.432569
     C   20        0.234038        0.012679       -0.250349
     C   20        0.432569       -0.250349       -0.284503

     H   21        0.554506       -0.360039        0.669620
     H   21       -0.360039       -0.381972       -0.284357
     H   21        0.669620       -0.284357       -0.172534

     C   22        0.172033        0.293292        0.276516
     C   22        0.293292        0.191840       -0.314922
     C   22        0.276516       -0.314922       -0.363874

     C   23        0.077045        0.232610        0.345659
     C   23        0.232610        0.148071       -0.371204
     C   23        0.345659       -0.371204       -0.225116

     Cl  24        0.154242        0.204817        0.048931
     Cl  24        0.204817        0.004867        0.022589
     Cl  24        0.048931        0.022589       -0.159109

     ----- GIPAW term -----
     Cl   1       -0.118046        0.174879       -0.418584
     Cl   1        0.174879        0.255029       -0.646770
     Cl   1       -0.418584       -0.646770       -0.136984

     C    2       -0.033973        0.048887        0.001202
     C    2        0.048887        0.245439       -0.015222
     C    2        0.001202       -0.015222       -0.211466

     C    3       -0.070357        0.014411       -0.009972
     C    3        0.014411        0.075854       -0.027680
     C    3       -0.009972       -0.027680       -0.005497

     H    4       -0.000000        0.000000        0.000000
     H    4        0.000000        0.000000        0.000000
     H    4        0.000000        0.000000        0.000000

     C    5       -0.098067       -0.017558       -0.022112
     C    5       -0.017558        0.215822       -0.163185
     C    5       -0.022112       -0.163185       -0.117755

     H    6       -0.000000        0.000000        0.000000
     H    6        0.000000        0.000000        0.000000
     H    6        0.000000        0.000000        0.000000

     H    7       -0.000000        0.000000        0.000000
     H    7        0.000000        0.000000        0.000000
     H    7        0.000000        0.000000        0.000000

     C    8       -0.140630       -0.194976       -0.071494
     C    8       -0.194976        0.227799        0.039464
     C    8       -0.071494        0.039464       -0.087168

     H    9       -0.000000        0.000000        0.000000
     H    9        0.000000        0.000000        0.000000
     H    9        0.000000        0.000000        0.000000

     C   10       -0.040664       -0.122905       -0.141078
     C   10       -0.122905       -0.036460        0.166078
     C   10       -0.141078        0.166078        0.077124

     C   11       -0.123721        0.044800       -0.022674
     C   11        0.044800        0.067898        0.235016
     C   11       -0.022674        0.235016        0.055823

     Cl  12       -0.442548        0.778647       -0.656681
     Cl  12        0.778647       -0.313658        1.517260
     Cl  12       -0.656681        1.517260        0.756206

     H   13       -0.000000        0.000000        0.000000
     H   13        0.000000        0.000000        0.000000
     H   13        0.000000        0.000000        0.000000

     C   14       -0.228082        0.020704       -0.062453
     C   14        0.020704        0.003567        0.178070
     C   14       -0.062453        0.178070        0.224515

     H   15       -0.000000        0.000000        0.000000
     H   15        0.000000        0.000000        0.000000
     H   15        0.000000        0.000000        0.000000

     C   16       -0.069302        0.001984       -0.009009
     C   16        0.001984       -0.133714        0.070338
     C   16       -0.009009        0.070338        0.203016

     C   17       -0.182775       -0.057794       -0.060928
     C   17       -0.057794       -0.031892        0.154682
     C   17       -0.060928        0.154682        0.214667

     Cl  18        1.430686       -1.743989       -2.040868
     Cl  18       -1.743989       -1.116806       -0.484686
     Cl  18       -2.040868       -0.484686       -0.313879

     H   19       -0.000000        0.000000        0.000000
     H   19        0.000000        0.000000        0.000000
     H   19        0.000000        0.000000        0.000000

     C   20       -0.000259        0.220144       -0.008554
     C   20        0.220144        0.093550        0.175261
     C   20       -0.008554        0.175261       -0.093292

     H   21       -0.000000        0.000000        0.000000
     H   21        0.000000        0.000000        0.000000
     H   21        0.000000        0.000000        0.000000

     C   22       -0.137432        0.108540       -0.119597
     C   22        0.108540        0.163530       -0.144337
     C   22       -0.119597       -0.144337       -0.026098

     C   23       -0.079839        0.110050       -0.031589
     C   23        0.110050        0.029293       -0.181896
     C   23       -0.031589       -0.181896        0.050545

     Cl  24       -1.059792        0.449764        0.156572
     Cl  24        0.449764       -0.187374       -1.804013
     Cl  24        0.156572       -1.804013        1.247167

     ----- total EFG -----
     Cl   1        0.149754        0.063360       -0.364675
     Cl   1        0.063360       -0.015620       -0.216663
     Cl   1       -0.364675       -0.216663       -0.134134

     C    2        0.338077        0.145703       -0.117089
     C    2        0.145703        0.375681       -0.249933
     C    2       -0.117089       -0.249933       -0.713757

     C    3       -0.209856        0.068435       -0.009123
     C    3        0.068435        0.350411        0.268041
     C    3       -0.009123        0.268041       -0.140555

     H    4        0.547445        0.171092        0.348872
     H    4        0.171092       -0.373133        0.341061
     H    4        0.348872        0.341061       -0.174311

     C    5        0.203110       -0.025134       -0.170201
     C    5       -0.025134        0.373527       -0.382073
     C    5       -0.170201       -0.382073       -0.576637

     H    6       -0.106630       -0.045322        0.140284
     H    6       -0.045322        0.177230        0.600719
     H    6        0.140284        0.600719       -0.070600

     H    7       -0.475793        0.163227        0.127569
     H    7        0.163227        0.494698       -0.165888
     H    7        0.127569       -0.165888       -0.018905

     C    8       -0.643285       -0.303581       -0.152514
     C    8       -0.303581        0.698649        0.002300
     C    8       -0.152514        0.002300       -0.055364

     H    9        0.438382       -0.072006        0.494605
     H    9       -0.072006       -0.054142       -0.381971
     H    9        0.494605       -0.381971       -0.384240

     C   10        0.027918       -0.132523       -0.074871
     C   10       -0.132523       -0.111438        0.316582
     C   10       -0.074871        0.316582        0.083520

     C   11       -0.339441        0.024617        0.090389
     C   11        0.024617        0.098531        0.369448
     C   11        0.090389        0.369448        0.240911

     Cl  12       -0.210045        1.013771       -0.591636
     Cl  12        1.013771       -0.294919        1.394248
     Cl  12       -0.591636        1.394248        0.504964

     H   13       -0.015913       -0.035703        0.002359
     H   13       -0.035703        0.232862        0.347571
     H   13        0.002359        0.347571       -0.216950

     C   14       -0.693028        0.178767       -0.410118
     C   14        0.178767        0.332534        0.505731
     C   14       -0.410118        0.505731        0.360494

     H   15        0.361294        0.182341        0.570674
     H   15        0.182341        0.042781        0.217637
     H   15        0.570674        0.217637       -0.404074

     C   16        0.288951       -0.013796        0.009585
     C   16       -0.013796       -0.451349        0.122348
     C   16        0.009585        0.122348        0.162398

     C   17       -0.576192        0.176084       -0.246375
     C   17        0.176084        0.259876        0.419466
     C   17       -0.246375        0.419466        0.316317

     Cl  18        1.609546       -1.965190       -2.163391
     Cl  18       -1.965190       -1.203849       -0.554086
     Cl  18       -2.163391       -0.554086       -0.405698

     H   19       -0.123998       -0.203273        0.019776
     H   19       -0.203273       -0.009608       -0.428791
     H   19        0.019776       -0.428791        0.133606

     C   20        0.092511        0.743541        0.035489
     C   20        0.743541        0.119061        0.498112
     C   20        0.035489        0.498112       -0.211572

     H   21        0.567439       -0.206650        0.323231
     H   21       -0.206650       -0.494252        0.232517
     H   21        0.323231        0.232517       -0.073187

     C   22       -0.601475        0.056272       -0.205311
     C   22        0.056272        0.577108       -0.428245
     C   22       -0.205311       -0.428245        0.024367

     C   23        0.047420        0.432471        0.065318
     C   23        0.432471       -0.180168       -0.153576
     C   23        0.065318       -0.153576        0.132748

     Cl  24       -1.004390        0.398173        0.198019
     Cl  24        0.398173       -0.195958       -1.695790
     Cl  24        0.198019       -1.695790        1.200348

     ----- total EFG (symmetrized) -----
     Cl   1        0.149754        0.063360       -0.364675
     Cl   1        0.063360       -0.015620       -0.216663
     Cl   1       -0.364675       -0.216663       -0.134134

     C    2        0.338077        0.145703       -0.117089
     C    2        0.145703        0.375681       -0.249933
     C    2       -0.117089       -0.249933       -0.713757

     C    3       -0.209856        0.068435       -0.009123
     C    3        0.068435        0.350411        0.268041
     C    3       -0.009123        0.268041       -0.140555

     H    4        0.547445        0.171092        0.348872
     H    4        0.171092       -0.373133        0.341061
     H    4        0.348872        0.341061       -0.174311

     C    5        0.203110       -0.025134       -0.170201
     C    5       -0.025134        0.373527       -0.382073
     C    5       -0.170201       -0.382073       -0.576637

     H    6       -0.106630       -0.045322        0.140284
     H    6       -0.045322        0.177230        0.600719
     H    6        0.140284        0.600719       -0.070600

     H    7       -0.475793        0.163227        0.127569
     H    7        0.163227        0.494698       -0.165888
     H    7        0.127569       -0.165888       -0.018905

     C    8       -0.643285       -0.303581       -0.152514
     C    8       -0.303581        0.698649        0.002300
     C    8       -0.152514        0.002300       -0.055364

     H    9        0.438382       -0.072006        0.494605
     H    9       -0.072006       -0.054142       -0.381971
     H    9        0.494605       -0.381971       -0.384240

     C   10        0.027918       -0.132523       -0.074871
     C   10       -0.132523       -0.111438        0.316582
     C   10       -0.074871        0.316582        0.083520

     C   11       -0.339441        0.024617        0.090389
     C   11        0.024617        0.098531        0.369448
     C   11        0.090389        0.369448        0.240911

     Cl  12       -0.210045        1.013771       -0.591636
     Cl  12        1.013771       -0.294919        1.394248
     Cl  12       -0.591636        1.394248        0.504964

     H   13       -0.015913       -0.035703        0.002359
     H   13       -0.035703        0.232862        0.347571
     H   13        0.002359        0.347571       -0.216950

     C   14       -0.693028        0.178767       -0.410118
     C   14        0.178767        0.332534        0.505731
     C   14       -0.410118        0.505731        0.360494

     H   15        0.361294        0.182341        0.570674
     H   15        0.182341        0.042781        0.217637
     H   15        0.570674        0.217637       -0.404074

     C   16        0.288951       -0.013796        0.009585
     C   16       -0.013796       -0.451349        0.122348
     C   16        0.009585        0.122348        0.162398

     C   17       -0.576192        0.176084       -0.246375
     C   17        0.176084        0.259876        0.419466
     C   17       -0.246375        0.419466        0.316317

     Cl  18        1.609546       -1.965190       -2.163391
     Cl  18       -1.965190       -1.203849       -0.554086
     Cl  18       -2.163391       -0.554086       -0.405698

     H   19       -0.123998       -0.203273        0.019776
     H   19       -0.203273       -0.009608       -0.428791
     H   19        0.019776       -0.428791        0.133606

     C   20        0.092511        0.743541        0.035489
     C   20        0.743541        0.119061        0.498112
     C   20        0.035489        0.498112       -0.211572

     H   21        0.567439       -0.206650        0.323231
     H   21       -0.206650       -0.494252        0.232517
     H   21        0.323231        0.232517       -0.073187

     C   22       -0.601475        0.056272       -0.205311
     C   22        0.056272        0.577108       -0.428245
     C   22       -0.205311       -0.428245        0.024367

     C   23        0.047420        0.432471        0.065318
     C   23        0.432471       -0.180168       -0.153576
     C   23        0.065318       -0.153576        0.132748

     Cl  24       -1.004390        0.398173        0.198019
     Cl  24        0.398173       -0.195958       -1.695790
     Cl  24        0.198019       -1.695790        1.200348


     NQR/NMR SPECTROSCOPIC PARAMETERS:
     Cl   1    Vxx=   -0.0291    axis=(  0.489579 -0.867368  0.089361)
     Cl   1    Vyy=   -0.4367    axis=(  0.467711  0.347716  0.812613)
     Cl   1    Vzz=    0.4658    axis=( -0.735907 -0.356043  0.575912)
     Cl   1  Q=        -8.1650 1e-30 m^2  Cq=        -8.9361 MHz  eta= 0.87522

     C    2    Vxx=    0.2150    axis=(  0.787726 -0.612531  0.065523)
     C    2    Vyy=    0.5597    axis=(  0.611292  0.764079 -0.206169)
     C    2    Vzz=   -0.7747    axis=(  0.076220  0.202458  0.976320)
     C    2  Q=         1.0000 1e-30 m^2  Cq=        -1.8203 MHz  eta= 0.44486

     C    3    Vxx=   -0.1948    axis=(  0.868444  0.126640 -0.479341)
     C    3    Vyy=   -0.2787    axis=( -0.488240  0.386513 -0.782451)
     C    3    Vzz=    0.4735    axis=( -0.086182 -0.913548 -0.397496)
     C    3  Q=         1.0000 1e-30 m^2  Cq=         1.1125 MHz  eta= 0.17701

     H    4    Vxx=   -0.1302    axis=( -0.483871  0.579700  0.655604)
     H    4    Vyy=   -0.6343    axis=(  0.073837  0.773514 -0.629463)
     H    4    Vzz=    0.7646    axis=(  0.872019  0.256171  0.417085)
     H    4  Q=         1.0000 1e-30 m^2  Cq=         1.7964 MHz  eta= 0.65935

     C    5    Vxx=    0.2296    axis=(  0.977706 -0.167023 -0.127254)
     C    5    Vyy=    0.5119    axis=(  0.114268  0.931664 -0.344884)
     C    5    Vzz=   -0.7414    axis=(  0.176161  0.322654  0.929979)
     C    5  Q=         1.0000 1e-30 m^2  Cq=        -1.7421 MHz  eta= 0.38078

     H    6    Vxx=   -0.0718    axis=(  0.960283 -0.224594  0.165572)
     H    6    Vyy=   -0.5986    axis=( -0.270097 -0.599285  0.753594)
     H    6    Vzz=    0.6704    axis=(  0.070027  0.768384  0.636146)
     H    6  Q=         1.0000 1e-30 m^2  Cq=         1.5753 MHz  eta= 0.78569

     H    7    Vxx=   -0.0101    axis=(  0.323300  0.199453  0.925038)
     H    7    Vyy=   -0.5482    axis=( -0.938543  0.192467  0.286520)
     H    7    Vzz=    0.5583    axis=( -0.120892 -0.960820  0.249420)
     H    7  Q=         1.0000 1e-30 m^2  Cq=         1.3118 MHz  eta= 0.96386

     C    8    Vxx=   -0.0246    axis=( -0.198306 -0.086345  0.976329)
     C    8    Vyy=   -0.7410    axis=( -0.956300 -0.201316 -0.212042)
     C    8    Vzz=    0.7656    axis=(  0.214859 -0.975713 -0.042649)
     C    8  Q=         1.0000 1e-30 m^2  Cq=         1.7989 MHz  eta= 0.93576

     H    9    Vxx=    0.0219    axis=(  0.450947  0.855281 -0.255226)
     H    9    Vyy=    0.7419    axis=( -0.832056  0.299348 -0.466984)
     H    9    Vzz=   -0.7638    axis=( -0.323002  0.422948  0.846632)
     H    9  Q=         1.0000 1e-30 m^2  Cq=        -1.7945 MHz  eta= 0.94271

     C   10    Vxx=   -0.0179    axis=(  0.909884  0.085121  0.406036)
     C   10    Vyy=   -0.3561    axis=(  0.172144  0.813026 -0.556197)
     C   10    Vzz=    0.3740    axis=( -0.377462  0.575971  0.725106)
     C   10  Q=         1.0000 1e-30 m^2  Cq=         0.8787 MHz  eta= 0.90432

     C   11    Vxx=   -0.1968    axis=( -0.245112  0.765207 -0.595297)
     C   11    Vyy=   -0.3574    axis=( -0.964798 -0.132159  0.227372)
     C   11    Vzz=    0.5541    axis=(  0.095313  0.630073  0.770664)
     C   11  Q=         1.0000 1e-30 m^2  Cq=         1.3020 MHz  eta= 0.28982

     Cl  12    Vxx=    0.5059    axis=(  0.841072  0.356627 -0.406714)
     Cl  12    Vyy=    1.5699    axis=(  0.104029  0.631208  0.768605)
     Cl  12    Vzz=   -2.0758    axis=( -0.530826  0.688762 -0.493792)
     Cl  12  Q=        -8.1650 1e-30 m^2  Cq=        39.8232 MHz  eta= 0.51257

     H   13    Vxx=   -0.0171    axis=(  0.996438  0.036861  0.075852)
     H   13    Vyy=   -0.4070    axis=( -0.049008 -0.478874  0.876514)
     H   13    Vzz=    0.4240    axis=(  0.068632 -0.877109 -0.475362)
     H   13  Q=         1.0000 1e-30 m^2  Cq=         0.9963 MHz  eta= 0.91956

     C   14    Vxx=    0.0583    axis=(  0.463153  0.700199 -0.543333)
     C   14    Vyy=    0.8729    axis=(  0.119948 -0.656932 -0.744348)
     C   14    Vzz=   -0.9313    axis=( -0.878124  0.279575 -0.388248)
     C   14  Q=         1.0000 1e-30 m^2  Cq=        -2.1881 MHz  eta= 0.87469

     H   15    Vxx=   -0.0388    axis=(  0.374703 -0.926545  0.033352)
     H   15    Vyy=   -0.7242    axis=( -0.440930 -0.146441  0.885515)
     H   15    Vzz=    0.7630    axis=( -0.815585 -0.346511 -0.463413)
     H   15  Q=         1.0000 1e-30 m^2  Cq=         1.7928 MHz  eta= 0.89831

     C   16    Vxx=    0.1854    axis=( -0.065443  0.189644  0.979670)
     C   16    Vyy=    0.2897    axis=(  0.997654 -0.007335  0.068064)
     C   16    Vzz=   -0.4751    axis=(  0.020094  0.981826 -0.188719)
     C   16  Q=         1.0000 1e-30 m^2  Cq=        -1.1164 MHz  eta= 0.21944

     C   17    Vxx=    0.0154    axis=( -0.445112 -0.679690  0.583007)
     C   17    Vyy=    0.7115    axis=( -0.050387  0.669038  0.741518)
     C   17    Vzz=   -0.7269    axis=( -0.894056  0.300683 -0.332045)
     C   17  Q=         1.0000 1e-30 m^2  Cq=        -1.7080 MHz  eta= 0.95766

     Cl  18    Vxx=   -0.2555    axis=(  0.123708 -0.679107  0.723540)
     Cl  18    Vyy=   -3.1741    axis=( -0.516794 -0.666545 -0.537253)
     Cl  18    Vzz=    3.4297    axis=( -0.847125  0.307459  0.433416)
     Cl  18  Q=        -8.1650 1e-30 m^2  Cq=       -65.7963 MHz  eta= 0.85099

     H   19    Vxx=   -0.0892    axis=( -0.872223  0.193207  0.449331)
     H   19    Vyy=   -0.4415    axis=( -0.434006 -0.729342 -0.528866)
     H   19    Vzz=    0.5307    axis=(  0.225535 -0.656301  0.720002)
     H   19  Q=         1.0000 1e-30 m^2  Cq=         1.2468 MHz  eta= 0.66397

     C   20    Vxx=   -0.1446    axis=( -0.586263  0.148911  0.796318)
     C   20    Vyy=   -0.8334    axis=( -0.525200  0.678551 -0.513550)
     C   20    Vzz=    0.9780    axis=(  0.616815  0.719302  0.319601)
     C   20  Q=         1.0000 1e-30 m^2  Cq=         2.2979 MHz  eta= 0.70439

     H   21    Vxx=   -0.0279    axis=(  0.260625 -0.520769 -0.812942)
     H   21    Vyy=   -0.6835    axis=( -0.259251 -0.848866  0.460668)
     H   21    Vzz=    0.7114    axis=( -0.929980  0.090695 -0.356246)
     H   21  Q=         1.0000 1e-30 m^2  Cq=         1.6715 MHz  eta= 0.92167

     C   22    Vxx=   -0.1584    axis=( -0.312538  0.495698  0.810311)
     C   22    Vyy=   -0.6675    axis=(  0.944138  0.068246  0.322406)
     C   22    Vzz=    0.8259    axis=(  0.104516  0.865810 -0.489336)
     C   22  Q=         1.0000 1e-30 m^2  Cq=         1.9406 MHz  eta= 0.61639

     C   23    Vxx=    0.1632    axis=(  0.285518 -0.067963  0.955961)
     C   23    Vyy=    0.3886    axis=(  0.758425  0.625826 -0.182028)
     C   23    Vzz=   -0.5518    axis=( -0.585893  0.776996  0.230229)
     C   23  Q=         1.0000 1e-30 m^2  Cq=        -1.2965 MHz  eta= 0.40855

     Cl  24    Vxx=   -0.6984    axis=( -0.820538 -0.466164 -0.330770)
     Cl  24    Vyy=   -1.6387    axis=(  0.571329 -0.686443 -0.449866)
     Cl  24    Vzz=    2.3371    axis=( -0.017343 -0.558111  0.829585)
     Cl  24  Q=        -8.1650 1e-30 m^2  Cq=       -44.8354 MHz  eta= 0.40236

     Initialization:
     gipaw_setup  :      9.40s CPU     10.92s WALL (       1 calls)

     Linear response

     Apply operators

     Induced current

     Other routines
     efg          :      9.24s CPU     11.25s WALL (       1 calls)

     General routines
     calbec       :      3.11s CPU      3.86s WALL (      16 calls)
     fft          :      1.30s CPU      1.47s WALL (      15 calls)
     ffts         :      0.02s CPU      0.04s WALL (       2 calls)
     fftw         :      3.36s CPU      3.90s WALL (     672 calls)
     davcio       :      0.03s CPU      0.34s WALL (      32 calls)

     Parallel routines
     fft_scatter  :      1.97s CPU      2.47s WALL (     689 calls)

     Plugins

     GIPAW        :     61.13s CPU     71.55s WALL (       1 calls)
