
     Program QE v.6.0 (svn rev. 13079) starts on 25Dec2016 at 12:11:18 

     This program is part of the open-source Quantum ESPRESSO suite
     for quantum simulation of materials; please cite
         "P. Giannozzi et al., J. Phys.:Condens. Matter 21 395502 (2009);
          URL http://www.quantum-espresso.org", 
     in publications or presentations arising from this work. More details at
     http://www.quantum-espresso.org/quote

     Parallel version (MPI), running on     8 processors
     R & G space division:  proc/nbgrp/npool/nimage =       8

     ***** This is GIPAW svn revision unknown      *****

     Parallelizing q-star over 1 images

     Reading data from directory:
     /users/majewski/paradichlorobenzene/pbe/9_constraint/scratch/pbe.ecut100.np8.dt60.pcl2phi-129368.save
     Message from routine read_xml_file:
     file /users/majewski/paradichlorobenzene/pbe/9_constraint/scratch/pbe.ecut100.np8.dt60.pcl2phi-129368.save not guaranteed to be safe for post-processing

   Info: using nr1, nr2, nr3 values from input

   Info: using nr1, nr2, nr3 values from input

     IMPORTANT: XC functional enforced from input :
     Exchange-correlation      =  SLA  PW   PBX  PBC ( 1  4  3  4 0 0)
     Any further DFT definition will be discarded
     Please, verify this is what you really want

               file C.pbe-n-kjpaw_psl.1.0.0.UPF: wavefunction(s)  2S 2P renormalized
               file Cl.pbe-n-kjpaw_psl.1.0.0.UPF: wavefunction(s)  3S 3P renormalized
               file H.pbe-kjpaw_psl.1.0.0.UPF: wavefunction(s)  1S renormalized

     Parallelization info
     --------------------
     sticks:   dense  smooth     PW     G-vecs:    dense   smooth      PW
     Min        3057    1223    332               144436    36536    5170
     Max        3059    1225    333               144437    36537    5171
     Sum       24467    9791   2657              1155489   292295   41363


     Subspace diagonalization in iterative solution of the eigenvalue problem:
     a serial algorithm will be used

     GIPAW projectors -----------------------------------------------
     atom=  C    l=0  rc=    1.2000  rs=    0.8000
     atom=  C    l=0  rc=    1.2000  rs=    0.8000
     atom=  C    l=1  rc=    1.4000  rs=    0.9333
     atom=  C    l=1  rc=    1.4000  rs=    0.9333
     projs nearly linearly dependent: l=1  n1,n2= 1, 2  s=  0.99951561

     atom=  Cl   l=0  rc=    1.6000  rs=    1.0667
     atom=  Cl   l=0  rc=    1.6000  rs=    1.0667
     atom=  Cl   l=1  rc=    1.6000  rs=    1.0667
     atom=  Cl   l=1  rc=    1.6000  rs=    1.0667
     atom=  Cl   l=2  rc=    1.6000  rs=    1.0667
     atom=  Cl   l=2  rc=    1.6000  rs=    1.0667
     projs nearly linearly dependent: l=2  n1,n2= 1, 2  s=  0.99993509

     atom=  H    l=0  rc=    1.0000  rs=    0.6667
     atom=  H    l=0  rc=    1.0000  rs=    0.6667
     projs nearly linearly dependent: l=0  n1,n2= 1, 2  s=  0.99968852
     -----------------------------------------------------------------

     GIPAW integrals: -------------------------------------------
     Atom  i/j   nmr_para   nmr_dia   epr_rmc  epr_para   epr_dia
       C   1 1   0.83E+03  0.17E-01  0.93E+01  0.24E+08  0.24E+03
       C   2 1   0.86E+03 -0.61E-01  0.94E+01  0.25E+08  0.25E+03
       C   2 2   0.90E+03 -0.15E+00  0.97E+01  0.26E+08  0.26E+03
       C   3 3   0.33E+01  0.34E+00  0.18E+01  0.55E+03  0.21E+02
       C   4 3   0.35E+01  0.37E+00  0.20E+01  0.59E+03  0.22E+02
       C   4 4   0.38E+01  0.39E+00  0.22E+01  0.63E+03  0.24E+02
       Cl  1 1   0.14E+04 -0.47E+00  0.84E+01  0.32E+09  0.42E+03
       Cl  2 1   0.21E+04 -0.37E+00  0.12E+02  0.49E+09  0.65E+03
       Cl  2 2   0.33E+04 -0.16E+00  0.21E+02  0.76E+09  0.10E+04
       Cl  3 3   0.21E+02  0.79E-01  0.89E+01  0.23E+05  0.13E+03
       Cl  4 3   0.24E+02  0.67E-01  0.99E+01  0.27E+05  0.15E+03
       Cl  4 4   0.28E+02  0.44E-01  0.11E+02  0.32E+05  0.18E+03
       Cl  5 5   0.77E+00  0.19E+00  0.18E+01  0.12E+03  0.22E+02
       Cl  6 5   0.80E+00  0.19E+00  0.19E+01  0.12E+03  0.23E+02
       Cl  6 6   0.83E+00  0.20E+00  0.19E+01  0.12E+03  0.23E+02
       H   1 1   0.39E+02  0.19E+00  0.29E+00  0.78E+05  0.13E+02
       H   2 1   0.41E+02  0.21E+00  0.32E+00  0.82E+05  0.14E+02
       H   2 2   0.43E+02  0.22E+00  0.36E+00  0.86E+05  0.15E+02
     ------------------------------------------------------------

     alpha_pv=     33.9792 eV

     Number of occupied bands for each k-point:
     k-point:     1    nbnd_occ=  42
     k-point:     2    nbnd_occ=  42
     k-point:     3    nbnd_occ=  42
     k-point:     4    nbnd_occ=  42
     k-point:     5    nbnd_occ=  42
     k-point:     6    nbnd_occ=  42
     k-point:     7    nbnd_occ=  42
     k-point:     8    nbnd_occ=  42
     k-point:     9    nbnd_occ=  42
     k-point:    10    nbnd_occ=  42
     k-point:    11    nbnd_occ=  42
     k-point:    12    nbnd_occ=  42
     k-point:    13    nbnd_occ=  42
     k-point:    14    nbnd_occ=  42
     k-point:    15    nbnd_occ=  42
     k-point:    16    nbnd_occ=  42


     q-space interpolation up to   110.00 Rydberg

     GIPAW job: efg                                                                             


     ELECTRIC FIELD GRADIENTS TENSORS IN Hartree/bohrradius^2:

     ----- bare term -----
     Cl   1       -0.027447       -0.020995       -0.010088
     Cl   1       -0.020995        0.152794        0.056160
     Cl   1       -0.010088        0.056160       -0.125346

     C    2       -0.457356        0.374110       -0.246667
     C    2        0.374110        0.091905       -0.346347
     C    2       -0.246667       -0.346347        0.365450

     C    3        0.122981       -0.056050       -0.219349
     C    3       -0.056050       -0.097372       -0.395932
     C    3       -0.219349       -0.395932       -0.025609

     H    4        0.051744        0.062550       -0.499538
     H    4        0.062550        0.222125        0.222225
     H    4       -0.499538        0.222225       -0.273869

     C    5       -0.463574        0.330914        0.014685
     C    5        0.330914        0.190299       -0.238179
     C    5        0.014685       -0.238179        0.273275

     H    6        0.545996        0.000888       -0.030124
     H    6        0.000888       -0.003473       -0.196480
     H    6       -0.030124       -0.196480       -0.542524

     H    7        0.235111        0.347755       -0.240390
     H    7        0.347755       -0.304699        0.504051
     H    7       -0.240390        0.504051        0.069588

     C    8        0.038650       -0.215212        0.031056
     C    8       -0.215212       -0.245487        0.378241
     C    8        0.031056        0.378241        0.206837

     H    9       -0.370865        0.557454       -0.275234
     H    9        0.557454        0.013949        0.150831
     H    9       -0.275234        0.150831        0.356916

     C   10       -0.537255       -0.357812       -0.324917
     C   10       -0.357812        0.247089        0.111444
     C   10       -0.324917        0.111444        0.290166

     C   11        0.109171       -0.111571       -0.125085
     C   11       -0.111571       -0.046534        0.594779
     C   11       -0.125085        0.594779       -0.062637

     Cl  12       -0.202037       -0.183369       -0.011044
     Cl  12       -0.183369        0.160605       -0.039171
     Cl  12       -0.011044       -0.039171        0.041432

     H   13        0.468263       -0.055712       -0.037968
     H   13       -0.055712       -0.762836        0.121317
     H   13       -0.037968        0.121317        0.294573

     C   14       -0.201297       -0.086278       -0.257790
     C   14       -0.086278       -0.021627       -0.425608
     C   14       -0.257790       -0.425608        0.222924

     H   15       -0.343196       -0.515621       -0.057522
     H   15       -0.515621        0.061104        0.117687
     H   15       -0.057522        0.117687        0.282092

     C   16       -0.494724        0.292383       -0.037847
     C   16        0.292383        0.112752       -0.297241
     C   16       -0.037847       -0.297241        0.381972

     C   17       -0.018999       -0.253853       -0.357186
     C   17       -0.253853       -0.007754       -0.683455
     C   17       -0.357186       -0.683455        0.026753

     Cl  18       -0.246363        0.243638       -0.049195
     Cl  18        0.243638        0.060223        0.031253
     Cl  18       -0.049195        0.031253        0.186139

     H   19        0.410891        0.000600       -0.095571
     H   19        0.000600       -0.583951        0.659602
     H   19       -0.095571        0.659602        0.173060

     C   20       -0.938535       -0.391803       -0.424094
     C   20       -0.391803        0.519977        0.033218
     C   20       -0.424094        0.033218        0.418557

     H   21       -0.515923        0.092303       -0.250971
     H   21        0.092303        0.341974        0.364471
     H   21       -0.250971        0.364471        0.173949

     C   22        0.156478       -0.206295       -0.069929
     C   22       -0.206295       -0.361866        0.548767
     C   22       -0.069929        0.548767        0.205388

     C   23       -0.653649       -0.418939       -0.411910
     C   23       -0.418939        0.243784        0.040275
     C   23       -0.411910        0.040275        0.409865

     Cl  24       -0.043644       -0.074579        0.061594
     Cl  24       -0.074579        0.067973       -0.135003
     Cl  24        0.061594       -0.135003       -0.024329

     ----- ionic term -----
     Cl   1        0.132364       -0.211369       -0.038374
     Cl   1       -0.211369       -0.009042        0.027909
     Cl   1       -0.038374        0.027909       -0.123322

     C    2        0.217220       -0.132391        0.229150
     C    2       -0.132391        0.047809        0.458002
     C    2        0.229150        0.458002       -0.265028

     C    3        0.090715       -0.214769        0.230007
     C    3       -0.214769        0.130041        0.400105
     C    3        0.230007        0.400105       -0.220756

     H    4        0.452454        0.274986        0.746554
     H    4        0.274986       -0.434630        0.267595
     H    4        0.746554        0.267595       -0.017824

     C    5        0.210777       -0.214764        0.279643
     C    5       -0.214764        0.047649        0.308073
     C    5        0.279643        0.308073       -0.258426

     H    6       -0.539752       -0.022430        0.008267
     H    6       -0.022430        0.537597        0.771047
     H    6        0.008267        0.771047        0.002154

     H    7       -0.508031       -0.143744        0.119201
     H    7       -0.143744        0.375850       -0.787707
     H    7        0.119201       -0.787707        0.132181

     C    8        0.295414        0.137520        0.238578
     C    8        0.137520        0.016278       -0.325436
     C    8        0.238578       -0.325436       -0.311692

     H    9        0.661928       -0.269740        0.653805
     H    9       -0.269740       -0.461298       -0.220745
     H    9        0.653805       -0.220745       -0.200630

     C   10        0.123453        0.189955        0.186777
     C   10        0.189955        0.202858       -0.429554
     C   10        0.186777       -0.429554       -0.326311

     C   11        0.152654        0.093770        0.255640
     C   11        0.093770        0.190243       -0.420670
     C   11        0.255640       -0.420670       -0.342898

     Cl  12        0.075798        0.184610        0.011837
     Cl  12        0.184610        0.070294        0.004047
     Cl  12        0.011837        0.004047       -0.146093

     H   13       -0.487338        0.071004        0.030518
     H   13        0.071004        0.760509        0.636285
     H   13        0.030518        0.636285       -0.273171

     C   14        0.348603       -0.194177        0.268102
     C   14       -0.194177        0.057971        0.283529
     C   14        0.268102        0.283529       -0.406574

     H   15        0.780842        0.247181        0.606527
     H   15        0.247181       -0.449877        0.182282
     H   15        0.606527        0.182282       -0.330965

     C   16        0.217391       -0.221016        0.216751
     C   16       -0.221016        0.183262        0.355489
     C   16        0.216751        0.355489       -0.400653

     C   17        0.120493       -0.149770        0.357009
     C   17       -0.149770        0.187105        0.368798
     C   17        0.357009        0.368798       -0.307597

     Cl  18        0.110658       -0.199316        0.049995
     Cl  18       -0.199316        0.055714       -0.021733
     Cl  18        0.049995       -0.021733       -0.166371

     H   19       -0.500976       -0.147143        0.088271
     H   19       -0.147143        0.702828       -0.671697
     H   19        0.088271       -0.671697       -0.201852

     C   20        0.297663        0.152693        0.203440
     C   20        0.152693        0.101962       -0.312977
     C   20        0.203440       -0.312977       -0.399625

     H   21        0.638689       -0.487255        0.514132
     H   21       -0.487255       -0.259190       -0.277852
     H   21        0.514132       -0.277852       -0.379499

     C   22        0.154333        0.172088        0.129094
     C   22        0.172088        0.244724       -0.405261
     C   22        0.129094       -0.405261       -0.399058

     C   23        0.302044        0.143805        0.241639
     C   23        0.143805        0.085039       -0.372415
     C   23        0.241639       -0.372415       -0.387083

     Cl  24        0.185607        0.225318       -0.000971
     Cl  24        0.225318       -0.025690       -0.009769
     Cl  24       -0.000971       -0.009769       -0.159918

     ----- GIPAW term -----
     Cl   1        0.185348       -2.039660       -0.100675
     Cl   1       -2.039660        2.371769        0.629631
     Cl   1       -0.100675        0.629631       -2.557117

     C    2       -0.135268       -0.024644       -0.017733
     C    2       -0.024644        0.159441       -0.183588
     C    2       -0.017733       -0.183588       -0.024172

     C    3       -0.044777       -0.056361       -0.003078
     C    3       -0.056361        0.060009       -0.103949
     C    3       -0.003078       -0.103949       -0.015233

     H    4       -0.000000        0.000000        0.000000
     H    4        0.000000        0.000000        0.000000
     H    4        0.000000        0.000000        0.000000

     C    5       -0.110982       -0.042519        0.068029
     C    5       -0.042519        0.107572       -0.131773
     C    5        0.068029       -0.131773        0.003410

     H    6       -0.000000        0.000000        0.000000
     H    6        0.000000        0.000000        0.000000
     H    6        0.000000        0.000000        0.000000

     H    7       -0.000000        0.000000        0.000000
     H    7        0.000000        0.000000        0.000000
     H    7        0.000000        0.000000        0.000000

     C    8       -0.039674       -0.108978        0.052840
     C    8       -0.108978        0.120504       -0.012730
     C    8        0.052840       -0.012730       -0.080830

     H    9       -0.000000        0.000000        0.000000
     H    9        0.000000        0.000000        0.000000
     H    9        0.000000        0.000000        0.000000

     C   10       -0.104349       -0.182826       -0.054920
     C   10       -0.182826        0.194701       -0.016649
     C   10       -0.054920       -0.016649       -0.090352

     C   11       -0.030997       -0.046297       -0.001353
     C   11       -0.046297        0.221128        0.026281
     C   11       -0.001353        0.026281       -0.190131

     Cl  12        0.120051        1.369741       -0.116798
     Cl  12        1.369741        1.537436       -0.399739
     Cl  12       -0.116798       -0.399739       -1.657487

     H   13       -0.000000        0.000000        0.000000
     H   13        0.000000        0.000000        0.000000
     H   13        0.000000        0.000000        0.000000

     C   14       -0.099189       -0.031619       -0.011371
     C   14       -0.031619        0.095105       -0.208471
     C   14       -0.011371       -0.208471        0.004084

     H   15       -0.000000        0.000000        0.000000
     H   15        0.000000        0.000000        0.000000
     H   15        0.000000        0.000000        0.000000

     C   16       -0.170393        0.009389        0.006097
     C   16        0.009389        0.171688       -0.152039
     C   16        0.006097       -0.152039       -0.001294

     C   17       -0.045066       -0.138982       -0.019769
     C   17       -0.138982        0.137206       -0.170232
     C   17       -0.019769       -0.170232       -0.092140

     Cl  18        0.416067       -2.197287       -0.519768
     Cl  18       -2.197287        0.924327        0.493147
     Cl  18       -0.519768        0.493147       -1.340394

     H   19       -0.000000        0.000000        0.000000
     H   19        0.000000        0.000000        0.000000
     H   19        0.000000        0.000000        0.000000

     C   20       -0.241782       -0.050216       -0.038582
     C   20       -0.050216        0.300703       -0.114792
     C   20       -0.038582       -0.114792       -0.058920

     H   21       -0.000000        0.000000        0.000000
     H   21        0.000000        0.000000        0.000000
     H   21        0.000000        0.000000        0.000000

     C   22       -0.094965       -0.036797        0.028885
     C   22       -0.036797        0.151663       -0.128855
     C   22        0.028885       -0.128855       -0.056698

     C   23       -0.068369       -0.101273        0.011817
     C   23       -0.101273        0.115575       -0.095765
     C   23        0.011817       -0.095765       -0.047207

     Cl  24        0.169374        0.768802        0.674320
     Cl  24        0.768802        1.325226       -1.810118
     Cl  24        0.674320       -1.810118       -1.494599

     ----- total EFG -----
     Cl   1        0.290264       -2.272025       -0.149137
     Cl   1       -2.272025        2.515521        0.713700
     Cl   1       -0.149137        0.713700       -2.805785

     C    2       -0.375405        0.217075       -0.035250
     C    2        0.217075        0.299155       -0.071933
     C    2       -0.035250       -0.071933        0.076250

     C    3        0.168919       -0.327181        0.007581
     C    3       -0.327181        0.092678       -0.099776
     C    3        0.007581       -0.099776       -0.261597

     H    4        0.504198        0.337536        0.247016
     H    4        0.337536       -0.212505        0.489820
     H    4        0.247016        0.489820       -0.291693

     C    5       -0.363779        0.073631        0.362357
     C    5        0.073631        0.345520       -0.061879
     C    5        0.362357       -0.061879        0.018259

     H    6        0.006245       -0.021541       -0.021857
     H    6       -0.021541        0.534124        0.574567
     H    6       -0.021857        0.574567       -0.540369

     H    7       -0.272919        0.204011       -0.121189
     H    7        0.204011        0.071151       -0.283656
     H    7       -0.121189       -0.283656        0.201768

     C    8        0.294391       -0.186670        0.322475
     C    8       -0.186670       -0.108706        0.040076
     C    8        0.322475        0.040076       -0.185685

     H    9        0.291063        0.287714        0.378570
     H    9        0.287714       -0.447349       -0.069915
     H    9        0.378570       -0.069915        0.156286

     C   10       -0.518151       -0.350683       -0.193059
     C   10       -0.350683        0.644647       -0.334759
     C   10       -0.193059       -0.334759       -0.126497

     C   11        0.230828       -0.064098        0.129203
     C   11       -0.064098        0.364837        0.200390
     C   11        0.129203        0.200390       -0.595665

     Cl  12       -0.006187        1.370983       -0.116006
     Cl  12        1.370983        1.768336       -0.434862
     Cl  12       -0.116006       -0.434862       -1.762148

     H   13       -0.019075        0.015292       -0.007450
     H   13        0.015292       -0.002327        0.757602
     H   13       -0.007450        0.757602        0.021402

     C   14        0.048117       -0.312073       -0.001060
     C   14       -0.312073        0.131450       -0.350550
     C   14       -0.001060       -0.350550       -0.179566

     H   15        0.437646       -0.268440        0.549005
     H   15       -0.268440       -0.388773        0.299969
     H   15        0.549005        0.299969       -0.048873

     C   16       -0.447727        0.080756        0.185001
     C   16        0.080756        0.467702       -0.093791
     C   16        0.185001       -0.093791       -0.019975

     C   17        0.056428       -0.542605       -0.019947
     C   17       -0.542605        0.316556       -0.484889
     C   17       -0.019947       -0.484889       -0.372984

     Cl  18        0.280362       -2.152964       -0.518969
     Cl  18       -2.152964        1.040264        0.502668
     Cl  18       -0.518969        0.502668       -1.320626

     H   19       -0.090085       -0.146543       -0.007300
     H   19       -0.146543        0.118877       -0.012095
     H   19       -0.007300       -0.012095       -0.028792

     C   20       -0.882654       -0.289326       -0.259235
     C   20       -0.289326        0.922642       -0.394550
     C   20       -0.259235       -0.394550       -0.039988

     H   21        0.122766       -0.394952        0.263161
     H   21       -0.394952        0.082784        0.086619
     H   21        0.263161        0.086619       -0.205549

     C   22        0.215846       -0.071005        0.088050
     C   22       -0.071005        0.034521        0.014651
     C   22        0.088050        0.014651       -0.250368

     C   23       -0.419973       -0.376407       -0.158454
     C   23       -0.376407        0.444398       -0.427905
     C   23       -0.158454       -0.427905       -0.024425

     Cl  24        0.311337        0.919541        0.734943
     Cl  24        0.919541        1.367508       -1.954890
     Cl  24        0.734943       -1.954890       -1.678845

     ----- total EFG (symmetrized) -----
     Cl   1        0.290264       -2.272025       -0.149137
     Cl   1       -2.272025        2.515521        0.713700
     Cl   1       -0.149137        0.713700       -2.805785

     C    2       -0.375405        0.217075       -0.035250
     C    2        0.217075        0.299155       -0.071933
     C    2       -0.035250       -0.071933        0.076250

     C    3        0.168919       -0.327181        0.007581
     C    3       -0.327181        0.092678       -0.099776
     C    3        0.007581       -0.099776       -0.261597

     H    4        0.504198        0.337536        0.247016
     H    4        0.337536       -0.212505        0.489820
     H    4        0.247016        0.489820       -0.291693

     C    5       -0.363779        0.073631        0.362357
     C    5        0.073631        0.345520       -0.061879
     C    5        0.362357       -0.061879        0.018259

     H    6        0.006245       -0.021541       -0.021857
     H    6       -0.021541        0.534124        0.574567
     H    6       -0.021857        0.574567       -0.540369

     H    7       -0.272919        0.204011       -0.121189
     H    7        0.204011        0.071151       -0.283656
     H    7       -0.121189       -0.283656        0.201768

     C    8        0.294391       -0.186670        0.322475
     C    8       -0.186670       -0.108706        0.040076
     C    8        0.322475        0.040076       -0.185685

     H    9        0.291063        0.287714        0.378570
     H    9        0.287714       -0.447349       -0.069915
     H    9        0.378570       -0.069915        0.156286

     C   10       -0.518151       -0.350683       -0.193059
     C   10       -0.350683        0.644647       -0.334759
     C   10       -0.193059       -0.334759       -0.126497

     C   11        0.230828       -0.064098        0.129203
     C   11       -0.064098        0.364837        0.200390
     C   11        0.129203        0.200390       -0.595665

     Cl  12       -0.006187        1.370983       -0.116006
     Cl  12        1.370983        1.768336       -0.434862
     Cl  12       -0.116006       -0.434862       -1.762148

     H   13       -0.019075        0.015292       -0.007450
     H   13        0.015292       -0.002327        0.757602
     H   13       -0.007450        0.757602        0.021402

     C   14        0.048117       -0.312073       -0.001060
     C   14       -0.312073        0.131450       -0.350550
     C   14       -0.001060       -0.350550       -0.179566

     H   15        0.437646       -0.268440        0.549005
     H   15       -0.268440       -0.388773        0.299969
     H   15        0.549005        0.299969       -0.048873

     C   16       -0.447727        0.080756        0.185001
     C   16        0.080756        0.467702       -0.093791
     C   16        0.185001       -0.093791       -0.019975

     C   17        0.056428       -0.542605       -0.019947
     C   17       -0.542605        0.316556       -0.484889
     C   17       -0.019947       -0.484889       -0.372984

     Cl  18        0.280362       -2.152964       -0.518969
     Cl  18       -2.152964        1.040264        0.502668
     Cl  18       -0.518969        0.502668       -1.320626

     H   19       -0.090085       -0.146543       -0.007300
     H   19       -0.146543        0.118877       -0.012095
     H   19       -0.007300       -0.012095       -0.028792

     C   20       -0.882654       -0.289326       -0.259235
     C   20       -0.289326        0.922642       -0.394550
     C   20       -0.259235       -0.394550       -0.039988

     H   21        0.122766       -0.394952        0.263161
     H   21       -0.394952        0.082784        0.086619
     H   21        0.263161        0.086619       -0.205549

     C   22        0.215846       -0.071005        0.088050
     C   22       -0.071005        0.034521        0.014651
     C   22        0.088050        0.014651       -0.250368

     C   23       -0.419973       -0.376407       -0.158454
     C   23       -0.376407        0.444398       -0.427905
     C   23       -0.158454       -0.427905       -0.024425

     Cl  24        0.311337        0.919541        0.734943
     Cl  24        0.919541        1.367508       -1.954890
     Cl  24        0.734943       -1.954890       -1.678845


     NQR/NMR SPECTROSCOPIC PARAMETERS:
     Cl   1    Vxx=   -1.0920    axis=(  0.850167  0.508200  0.137656)
     Cl   1    Vyy=   -2.9096    axis=( -0.065632 -0.157119  0.985396)
     Cl   1    Vzz=    4.0017    axis=(  0.522407 -0.846786 -0.100223)
     Cl   1  Q=        -8.1650 1e-30 m^2  Cq=       -76.7700 MHz  eta= 0.45422

     C    2    Vxx=    0.0563    axis=(  0.044937  0.246570  0.968083)
     C    2    Vyy=    0.3833    axis=(  0.277084  0.927964 -0.249213)
     C    2    Vzz=   -0.4396    axis=( -0.959794  0.279439 -0.026621)
     C    2  Q=         1.0000 1e-30 m^2  Cq=        -1.0328 MHz  eta= 0.74388

     C    3    Vxx=   -0.1562    axis=( -0.611878 -0.595940  0.520058)
     C    3    Vyy=   -0.3112    axis=( -0.288940 -0.443654 -0.848342)
     C    3    Vzz=    0.4674    axis=(  0.736287 -0.669348  0.099272)
     C    3  Q=         1.0000 1e-30 m^2  Cq=         1.0981 MHz  eta= 0.33167

     H    4    Vxx=   -0.0633    axis=(  0.588128 -0.565995 -0.577715)
     H    4    Vyy=   -0.7456    axis=( -0.043963  0.690885 -0.721626)
     H    4    Vzz=    0.8089    axis=(  0.807572  0.449807  0.381446)
     H    4  Q=         1.0000 1e-30 m^2  Cq=         1.9005 MHz  eta= 0.84354

     C    5    Vxx=    0.2350    axis=(  0.524794  0.122067  0.842431)
     C    5    Vyy=    0.3570    axis=(  0.022039  0.987385 -0.156799)
     C    5    Vzz=   -0.5920    axis=( -0.850944  0.100853  0.515484)
     C    5  Q=         1.0000 1e-30 m^2  Cq=        -1.3910 MHz  eta= 0.20602

     H    6    Vxx=    0.0054    axis=(  0.999228  0.039269  0.001324)
     H    6    Vyy=    0.7845    axis=( -0.036550  0.916610  0.398107)
     H    6    Vzz=   -0.7899    axis=(  0.014420 -0.397848  0.917338)
     H    6  Q=         1.0000 1e-30 m^2  Cq=        -1.8560 MHz  eta= 0.98640

     H    7    Vxx=   -0.1248    axis=(  0.331289  0.647981  0.685834)
     H    7    Vyy=   -0.3680    axis=( -0.900451  0.434258  0.024669)
     H    7    Vzz=    0.4928    axis=( -0.281844 -0.625732  0.727340)
     H    7  Q=         1.0000 1e-30 m^2  Cq=         1.1578 MHz  eta= 0.49358

     C    8    Vxx=   -0.0929    axis=( -0.027638 -0.879160 -0.475725)
     C    8    Vyy=   -0.4013    axis=(  0.471804  0.408090 -0.781577)
     C    8    Vzz=    0.4942    axis=(  0.881270 -0.246051  0.403512)
     C    8  Q=         1.0000 1e-30 m^2  Cq=         1.1611 MHz  eta= 0.62406

     H    9    Vxx=   -0.0369    axis=( -0.469712 -0.457813  0.754837)
     H    9    Vyy=   -0.6017    axis=( -0.400055  0.872581  0.280283)
     H    9    Vzz=    0.6386    axis=( -0.786973 -0.170324 -0.593012)
     H    9  Q=         1.0000 1e-30 m^2  Cq=         1.5005 MHz  eta= 0.88449

     C   10    Vxx=   -0.0754    axis=(  0.495873 -0.155675 -0.854327)
     C   10    Vyy=   -0.7485    axis=(  0.844326  0.316447  0.432405)
     C   10    Vzz=    0.8239    axis=(  0.203034 -0.935749  0.288358)
     C   10  Q=         1.0000 1e-30 m^2  Cq=         1.9358 MHz  eta= 0.81687

     C   11    Vxx=    0.2441    axis=( -0.962537 -0.190023 -0.193428)
     C   11    Vyy=    0.4135    axis=( -0.222422  0.961328  0.162411)
     C   11    Vzz=   -0.6577    axis=( -0.155085 -0.199349  0.967579)
     C   11  Q=         1.0000 1e-30 m^2  Cq=        -1.5452 MHz  eta= 0.25756

     Cl  12    Vxx=   -0.7416    axis=(  0.880437 -0.464003  0.097633)
     Cl  12    Vyy=   -1.8169    axis=(  0.038703 -0.134894 -0.990104)
     Cl  12    Vzz=    2.5584    axis=(  0.472581  0.875503 -0.100807)
     Cl  12  Q=        -8.1650 1e-30 m^2  Cq=       -49.0824 MHz  eta= 0.42029

     H   13    Vxx=   -0.0188    axis=(  0.999732  0.010913 -0.020416)
     H   13    Vyy=   -0.7485    axis=( -0.022100  0.712503 -0.701321)
     H   13    Vzz=    0.7673    axis=(  0.006893  0.701584  0.712553)
     H   13  Q=         1.0000 1e-30 m^2  Cq=         1.8028 MHz  eta= 0.95111

     C   14    Vxx=   -0.0418    axis=( -0.780404 -0.226724  0.582723)
     C   14    Vyy=   -0.4740    axis=( -0.359751 -0.599438 -0.715020)
     C   14    Vzz=    0.5157    axis=(  0.511418 -0.767640  0.386239)
     C   14  Q=         1.0000 1e-30 m^2  Cq=         1.2118 MHz  eta= 0.83807

     H   15    Vxx=   -0.0019    axis=( -0.336043  0.711607  0.617001)
     H   15    Vyy=   -0.7965    axis=(  0.411756  0.700175 -0.583276)
     H   15    Vzz=    0.7984    axis=( -0.847072  0.058048 -0.528298)
     H   15  Q=         1.0000 1e-30 m^2  Cq=         1.8760 MHz  eta= 0.99519

     C   16    Vxx=    0.0410    axis=(  0.369954  0.132110  0.919609)
     C   16    Vyy=    0.4875    axis=(  0.052867  0.985241 -0.162807)
     C   16    Vzz=   -0.5285    axis=( -0.927545  0.108848  0.357509)
     C   16  Q=         1.0000 1e-30 m^2  Cq=        -1.2418 MHz  eta= 0.84494

     C   17    Vxx=   -0.1247    axis=( -0.755078 -0.273946  0.595660)
     C   17    Vyy=   -0.7374    axis=( -0.389813 -0.542920 -0.743830)
     C   17    Vzz=    0.8621    axis=(  0.527165 -0.793846  0.303159)
     C   17  Q=         1.0000 1e-30 m^2  Cq=         2.0255 MHz  eta= 0.71070

     Cl  18    Vxx=   -1.3987    axis=( -0.290070 -0.432054  0.853926)
     Cl  18    Vyy=   -1.5684    axis=( -0.715113 -0.495119 -0.493428)
     Cl  18    Vzz=    2.9670    axis=(  0.635982 -0.753781 -0.165348)
     Cl  18  Q=        -8.1650 1e-30 m^2  Cq=       -56.9210 MHz  eta= 0.05719

     H   19    Vxx=   -0.0280    axis=( -0.092570 -0.010370  0.995652)
     H   19    Vyy=   -0.1666    axis=(  0.884776  0.457819  0.087030)
     H   19    Vzz=    0.1946    axis=( -0.456731  0.888985 -0.033205)
     H   19  Q=         1.0000 1e-30 m^2  Cq=         0.4573 MHz  eta= 0.71239

     C   20    Vxx=   -0.0465    axis=( -0.365794  0.255169  0.895033)
     C   20    Vyy=   -1.0355    axis=(  0.925481  0.201390  0.320823)
     C   20    Vzz=    1.0820    axis=( -0.098387  0.945691 -0.309822)
     C   20  Q=         1.0000 1e-30 m^2  Cq=         2.5423 MHz  eta= 0.91400

     H   21    Vxx=   -0.0201    axis=( -0.317547 -0.602664 -0.732092)
     H   21    Vyy=   -0.5043    axis=(  0.580559  0.486872 -0.652616)
     H   21    Vzz=    0.5244    axis=( -0.749744  0.632259 -0.195277)
     H   21  Q=         1.0000 1e-30 m^2  Cq=         1.2321 MHz  eta= 0.92335

     C   22    Vxx=    0.0162    axis=( -0.275004 -0.950734 -0.143099)
     C   22    Vyy=    0.2528    axis=(  0.942289 -0.296085  0.156284)
     C   22    Vzz=   -0.2689    axis=( -0.190954 -0.091861  0.977291)
     C   22  Q=         1.0000 1e-30 m^2  Cq=        -0.6319 MHz  eta= 0.87962

     C   23    Vxx=   -0.0424    axis=(  0.572598 -0.244963 -0.782384)
     C   23    Vyy=   -0.7107    axis=( -0.789420 -0.422275 -0.445533)
     C   23    Vzz=    0.7532    axis=( -0.221242  0.872741 -0.435172)
     C   23  Q=         1.0000 1e-30 m^2  Cq=         1.7697 MHz  eta= 0.88732

     Cl  24    Vxx=    0.5280    axis=( -0.915935  0.095657 -0.389761)
     Cl  24    Vyy=    2.4546    axis=(  0.253255  0.891155 -0.376437)
     Cl  24    Vzz=   -2.9827    axis=( -0.311328  0.443500  0.840465)
     Cl  24  Q=        -8.1650 1e-30 m^2  Cq=        57.2206 MHz  eta= 0.64592

     Initialization:
     gipaw_setup  :      8.93s CPU     10.84s WALL (       1 calls)

     Linear response

     Apply operators

     Induced current

     Other routines
     efg          :      9.17s CPU     11.58s WALL (       1 calls)

     General routines
     calbec       :      3.26s CPU      4.21s WALL (      16 calls)
     fft          :      1.44s CPU      1.79s WALL (      15 calls)
     ffts         :      0.04s CPU      0.04s WALL (       2 calls)
     fftw         :      3.24s CPU      3.80s WALL (     672 calls)
     davcio       :      0.03s CPU      0.32s WALL (      32 calls)

     Parallel routines
     fft_scatter  :      2.01s CPU      2.80s WALL (     689 calls)

     Plugins

     GIPAW        :     61.41s CPU     72.51s WALL (       1 calls)
