
     Program QE v.6.0 (svn rev. 13079) starts on 27Dec2016 at  5:41: 6 

     This program is part of the open-source Quantum ESPRESSO suite
     for quantum simulation of materials; please cite
         "P. Giannozzi et al., J. Phys.:Condens. Matter 21 395502 (2009);
          URL http://www.quantum-espresso.org", 
     in publications or presentations arising from this work. More details at
     http://www.quantum-espresso.org/quote

     Parallel version (MPI), running on     8 processors
     R & G space division:  proc/nbgrp/npool/nimage =       8

     ***** This is GIPAW svn revision unknown      *****

     Parallelizing q-star over 1 images

     Reading data from directory:
     /users/majewski/paradichlorobenzene/pbe/9_constraint/scratch/pbe.ecut100.np8.dt60.pcl2phi-129368.save
     Message from routine read_xml_file:
     file /users/majewski/paradichlorobenzene/pbe/9_constraint/scratch/pbe.ecut100.np8.dt60.pcl2phi-129368.save not guaranteed to be safe for post-processing

   Info: using nr1, nr2, nr3 values from input

   Info: using nr1, nr2, nr3 values from input

     IMPORTANT: XC functional enforced from input :
     Exchange-correlation      =  SLA  PW   PBX  PBC ( 1  4  3  4 0 0)
     Any further DFT definition will be discarded
     Please, verify this is what you really want

               file C.pbe-n-kjpaw_psl.1.0.0.UPF: wavefunction(s)  2S 2P renormalized
               file Cl.pbe-n-kjpaw_psl.1.0.0.UPF: wavefunction(s)  3S 3P renormalized
               file H.pbe-kjpaw_psl.1.0.0.UPF: wavefunction(s)  1S renormalized

     Parallelization info
     --------------------
     sticks:   dense  smooth     PW     G-vecs:    dense   smooth      PW
     Min        3057    1223    332               144436    36536    5170
     Max        3059    1225    333               144437    36537    5171
     Sum       24467    9791   2657              1155489   292295   41363


     Subspace diagonalization in iterative solution of the eigenvalue problem:
     a serial algorithm will be used

     GIPAW projectors -----------------------------------------------
     atom=  C    l=0  rc=    1.2000  rs=    0.8000
     atom=  C    l=0  rc=    1.2000  rs=    0.8000
     atom=  C    l=1  rc=    1.4000  rs=    0.9333
     atom=  C    l=1  rc=    1.4000  rs=    0.9333
     projs nearly linearly dependent: l=1  n1,n2= 1, 2  s=  0.99951561

     atom=  Cl   l=0  rc=    1.6000  rs=    1.0667
     atom=  Cl   l=0  rc=    1.6000  rs=    1.0667
     atom=  Cl   l=1  rc=    1.6000  rs=    1.0667
     atom=  Cl   l=1  rc=    1.6000  rs=    1.0667
     atom=  Cl   l=2  rc=    1.6000  rs=    1.0667
     atom=  Cl   l=2  rc=    1.6000  rs=    1.0667
     projs nearly linearly dependent: l=2  n1,n2= 1, 2  s=  0.99993509

     atom=  H    l=0  rc=    1.0000  rs=    0.6667
     atom=  H    l=0  rc=    1.0000  rs=    0.6667
     projs nearly linearly dependent: l=0  n1,n2= 1, 2  s=  0.99968852
     -----------------------------------------------------------------

     GIPAW integrals: -------------------------------------------
     Atom  i/j   nmr_para   nmr_dia   epr_rmc  epr_para   epr_dia
       C   1 1   0.83E+03  0.17E-01  0.93E+01  0.24E+08  0.24E+03
       C   2 1   0.86E+03 -0.61E-01  0.94E+01  0.25E+08  0.25E+03
       C   2 2   0.90E+03 -0.15E+00  0.97E+01  0.26E+08  0.26E+03
       C   3 3   0.33E+01  0.34E+00  0.18E+01  0.55E+03  0.21E+02
       C   4 3   0.35E+01  0.37E+00  0.20E+01  0.59E+03  0.22E+02
       C   4 4   0.38E+01  0.39E+00  0.22E+01  0.63E+03  0.24E+02
       Cl  1 1   0.14E+04 -0.47E+00  0.84E+01  0.32E+09  0.42E+03
       Cl  2 1   0.21E+04 -0.37E+00  0.12E+02  0.49E+09  0.65E+03
       Cl  2 2   0.33E+04 -0.16E+00  0.21E+02  0.76E+09  0.10E+04
       Cl  3 3   0.21E+02  0.79E-01  0.89E+01  0.23E+05  0.13E+03
       Cl  4 3   0.24E+02  0.67E-01  0.99E+01  0.27E+05  0.15E+03
       Cl  4 4   0.28E+02  0.44E-01  0.11E+02  0.32E+05  0.18E+03
       Cl  5 5   0.77E+00  0.19E+00  0.18E+01  0.12E+03  0.22E+02
       Cl  6 5   0.80E+00  0.19E+00  0.19E+01  0.12E+03  0.23E+02
       Cl  6 6   0.83E+00  0.20E+00  0.19E+01  0.12E+03  0.23E+02
       H   1 1   0.39E+02  0.19E+00  0.29E+00  0.78E+05  0.13E+02
       H   2 1   0.41E+02  0.21E+00  0.32E+00  0.82E+05  0.14E+02
       H   2 2   0.43E+02  0.22E+00  0.36E+00  0.86E+05  0.15E+02
     ------------------------------------------------------------

     alpha_pv=     34.2229 eV

     Number of occupied bands for each k-point:
     k-point:     1    nbnd_occ=  42
     k-point:     2    nbnd_occ=  42
     k-point:     3    nbnd_occ=  42
     k-point:     4    nbnd_occ=  42
     k-point:     5    nbnd_occ=  42
     k-point:     6    nbnd_occ=  42
     k-point:     7    nbnd_occ=  42
     k-point:     8    nbnd_occ=  42
     k-point:     9    nbnd_occ=  42
     k-point:    10    nbnd_occ=  42
     k-point:    11    nbnd_occ=  42
     k-point:    12    nbnd_occ=  42
     k-point:    13    nbnd_occ=  42
     k-point:    14    nbnd_occ=  42
     k-point:    15    nbnd_occ=  42
     k-point:    16    nbnd_occ=  42


     q-space interpolation up to   110.00 Rydberg

     GIPAW job: efg                                                                             


     ELECTRIC FIELD GRADIENTS TENSORS IN Hartree/bohrradius^2:

     ----- bare term -----
     Cl   1       -0.034371        0.063260       -0.034719
     Cl   1        0.063260       -0.018073        0.000711
     Cl   1       -0.034719        0.000711        0.052444

     C    2       -0.167471        0.160386       -0.394022
     C    2        0.160386        0.069336       -0.140455
     C    2       -0.394022       -0.140455        0.098135

     C    3        0.155928        0.637490       -0.036368
     C    3        0.637490       -0.374499       -0.542905
     C    3       -0.036368       -0.542905        0.218571

     H    4       -0.437327       -0.238058       -0.560999
     H    4       -0.238058        0.342370       -0.199662
     H    4       -0.560999       -0.199662        0.094957

     C    5       -0.558689        0.255571       -0.392345
     C    5        0.255571        0.189787       -0.187837
     C    5       -0.392345       -0.187837        0.368902

     H    6        0.145881        0.154403       -0.199838
     H    6        0.154403       -0.422482       -0.408414
     H    6       -0.199838       -0.408414        0.276601

     H    7        0.121161       -0.274603        0.173746
     H    7       -0.274603       -0.302642        0.509983
     H    7        0.173746        0.509983        0.181481

     C    8       -0.108963        0.304895       -0.461789
     C    8        0.304895       -0.044856        0.525182
     C    8       -0.461789        0.525182        0.153819

     H    9       -0.238736        0.465081       -0.171241
     H    9        0.465081       -0.075980       -0.137096
     H    9       -0.171241       -0.137096        0.314716

     C   10       -0.457795       -0.325342        0.015624
     C   10       -0.325342        0.052234        0.398071
     C   10        0.015624        0.398071        0.405560

     C   11       -0.029455        0.386829       -0.402810
     C   11        0.386829       -0.014187        0.732539
     C   11       -0.402810        0.732539        0.043642

     Cl  12       -0.302335       -0.236661        0.058100
     Cl  12       -0.236661        0.118507        0.152389
     Cl  12        0.058100        0.152389        0.183829

     H   13        0.277445       -0.398543        0.106300
     H   13       -0.398543       -0.605193        0.096242
     H   13        0.106300        0.096242        0.327747

     C   14       -0.017614        0.126684       -0.040074
     C   14        0.126684       -0.193829       -0.184373
     C   14       -0.040074       -0.184373        0.211443

     H   15       -0.625532       -0.457570       -0.029976
     H   15       -0.457570        0.288743       -0.026054
     H   15       -0.029976       -0.026054        0.336789

     C   16       -0.242743        0.279287       -0.354068
     C   16        0.279287        0.030372       -0.334268
     C   16       -0.354068       -0.334268        0.212371

     C   17        0.079041        0.492389       -0.056996
     C   17        0.492389       -0.297714       -0.504052
     C   17       -0.056996       -0.504052        0.218674

     Cl  18       -0.140251        0.022403        0.014257
     Cl  18        0.022403       -0.121278        0.022913
     Cl  18        0.014257        0.022913        0.261530

     H   19        0.434590        0.032156       -0.050500
     H   19        0.032156       -0.385605        0.508884
     H   19       -0.050500        0.508884       -0.048985

     C   20       -0.394931       -0.317160       -0.131812
     C   20       -0.317160        0.023830        0.269224
     C   20       -0.131812        0.269224        0.371101

     H   21       -0.717384        0.223429       -0.048800
     H   21        0.223429        0.416594        0.125027
     H   21       -0.048800        0.125027        0.300790

     C   22        0.097138        0.181648       -0.461821
     C   22        0.181648       -0.317999        0.522091
     C   22       -0.461821        0.522091        0.220862

     C   23       -0.320875       -0.399251       -0.340711
     C   23       -0.399251       -0.147947        0.221127
     C   23       -0.340711        0.221127        0.468823

     Cl  24       -0.054368        0.051808       -0.025789
     Cl  24        0.051808       -0.049521       -0.009049
     Cl  24       -0.025789       -0.009049        0.103888

     ----- ionic term -----
     Cl   1        0.176473       -0.207530        0.037418
     Cl   1       -0.207530       -0.017243       -0.010632
     Cl   1        0.037418       -0.010632       -0.159230

     C    2        0.235188       -0.133242        0.313824
     C    2       -0.133242        0.188198        0.303001
     C    2        0.313824        0.303001       -0.423386

     C    3        0.121868       -0.209280        0.233373
     C    3       -0.209280        0.330744        0.276730
     C    3        0.233373        0.276730       -0.452612

     H    4        0.601292        0.400448        0.625712
     H    4        0.400448       -0.302900        0.263162
     H    4        0.625712        0.263162       -0.298392

     C    5        0.273376       -0.196067        0.304133
     C    5       -0.196067        0.163569        0.217991
     C    5        0.304133        0.217991       -0.436945

     H    6       -0.507391        0.013455        0.027003
     H    6        0.013455        0.796186        0.582516
     H    6        0.027003        0.582516       -0.288795

     H    7       -0.497356        0.022071       -0.014882
     H    7        0.022071        0.541652       -0.768874
     H    7       -0.014882       -0.768874       -0.044296

     C    8        0.402113        0.162419        0.121370
     C    8        0.162419       -0.008804       -0.342975
     C    8        0.121370       -0.342975       -0.393308

     H    9        0.781536       -0.382359        0.508810
     H    9       -0.382359       -0.393483       -0.211982
     H    9        0.508810       -0.211982       -0.388053

     C   10        0.251598        0.189717        0.092069
     C   10        0.189717        0.151412       -0.410615
     C   10        0.092069       -0.410615       -0.403010

     C   11        0.218327        0.129767        0.221362
     C   11        0.129767        0.134469       -0.419220
     C   11        0.221362       -0.419220       -0.352796

     Cl  12        0.149249        0.193222        0.003469
     Cl  12        0.193222       -0.001027       -0.012634
     Cl  12        0.003469       -0.012634       -0.148222

     H   13       -0.494024        0.186394        0.073028
     H   13        0.186394        0.783677        0.569759
     H   13        0.073028        0.569759       -0.289653

     C   14        0.235275       -0.101455        0.321900
     C   14       -0.101455        0.149980        0.246716
     C   14        0.321900        0.246716       -0.385255

     H   15        0.713613        0.273197        0.607975
     H   15        0.273197       -0.415380        0.195830
     H   15        0.607975        0.195830       -0.298233

     C   16        0.114309       -0.195994        0.226054
     C   16       -0.195994        0.315985        0.293710
     C   16        0.226054        0.293710       -0.430294

     C   17        0.174611       -0.153937        0.329379
     C   17       -0.153937        0.275227        0.282667
     C   17        0.329379        0.282667       -0.449838

     Cl  18        0.104796       -0.210484        0.052534
     Cl  18       -0.210484        0.068948       -0.039793
     Cl  18        0.052534       -0.039793       -0.173745

     H   19       -0.495669        0.122257       -0.065300
     H   19        0.122257        0.603360       -0.737558
     H   19       -0.065300       -0.737558       -0.107691

     C   20        0.341600        0.221277        0.130522
     C   20        0.221277        0.004681       -0.351161
     C   20        0.130522       -0.351161       -0.346281

     H   21        0.622261       -0.416907        0.576784
     H   21       -0.416907       -0.390802       -0.277630
     H   21        0.576784       -0.277630       -0.231459

     C   22        0.209467        0.209541        0.083288
     C   22        0.209541        0.103273       -0.449711
     C   22        0.083288       -0.449711       -0.312741

     C   23        0.240296        0.145401        0.141426
     C   23        0.145401        0.106839       -0.432382
     C   23        0.141426       -0.432382       -0.347135

     Cl  24        0.132992        0.226869       -0.027784
     Cl  24        0.226869        0.024778       -0.017673
     Cl  24       -0.027784       -0.017673       -0.157770

     ----- GIPAW term -----
     Cl   1       -0.052588       -0.132061       -1.331718
     Cl   1       -0.132061        0.269672       -1.942824
     Cl   1       -1.331718       -1.942824       -0.217084

     C    2        0.011174        0.062408       -0.083915
     C    2        0.062408        0.051503       -0.064207
     C    2       -0.083915       -0.064207       -0.062677

     C    3        0.108121        0.262981       -0.008272
     C    3        0.262981       -0.007622       -0.077490
     C    3       -0.008272       -0.077490       -0.100500

     H    4       -0.000000        0.000000        0.000000
     H    4        0.000000        0.000000        0.000000
     H    4        0.000000        0.000000        0.000000

     C    5       -0.027909        0.139269        0.050970
     C    5        0.139269        0.018352        0.064989
     C    5        0.050970        0.064989        0.009557

     H    6       -0.000000        0.000000        0.000000
     H    6        0.000000        0.000000        0.000000
     H    6        0.000000        0.000000        0.000000

     H    7       -0.000000        0.000000        0.000000
     H    7        0.000000        0.000000        0.000000
     H    7        0.000000        0.000000        0.000000

     C    8        0.086936        0.237806       -0.072130
     C    8        0.237806        0.016794        0.101134
     C    8       -0.072130        0.101134       -0.103731

     H    9       -0.000000        0.000000        0.000000
     H    9        0.000000        0.000000        0.000000
     H    9        0.000000        0.000000        0.000000

     C   10       -0.126623        0.102660        0.079355
     C   10        0.102660        0.163797        0.152945
     C   10        0.079355        0.152945       -0.037174

     C   11        0.013050        0.266304       -0.018156
     C   11        0.266304        0.131126        0.161556
     C   11       -0.018156        0.161556       -0.144176

     Cl  12       -0.558870        1.680960        0.469308
     Cl  12        1.680960        1.441845        1.547068
     Cl  12        0.469308        1.547068       -0.882976

     H   13       -0.000000        0.000000        0.000000
     H   13        0.000000        0.000000        0.000000
     H   13        0.000000        0.000000        0.000000

     C   14       -0.000649        0.074210       -0.026611
     C   14        0.074210        0.028785       -0.081717
     C   14       -0.026611       -0.081717       -0.028136

     H   15       -0.000000        0.000000        0.000000
     H   15        0.000000        0.000000        0.000000
     H   15        0.000000        0.000000        0.000000

     C   16       -0.001253        0.177941       -0.160604
     C   16        0.177941        0.060607       -0.116485
     C   16       -0.160604       -0.116485       -0.059355

     C   17        0.193739        0.137899        0.040816
     C   17        0.137899       -0.046732       -0.035561
     C   17        0.040816       -0.035561       -0.147007

     Cl  18       -0.163073       -1.871511        0.390595
     Cl  18       -1.871511       -1.203473        0.129162
     Cl  18        0.390595        0.129162        1.366546

     H   19       -0.000000        0.000000        0.000000
     H   19        0.000000        0.000000        0.000000
     H   19        0.000000        0.000000        0.000000

     C   20        0.033353        0.149663        0.038346
     C   20        0.149663        0.055138        0.047808
     C   20        0.038346        0.047808       -0.088492

     H   21       -0.000000        0.000000        0.000000
     H   21        0.000000        0.000000        0.000000
     H   21        0.000000        0.000000        0.000000

     C   22        0.119563        0.168621       -0.219014
     C   22        0.168621       -0.091737        0.008206
     C   22       -0.219014        0.008206       -0.027827

     C   23        0.089970        0.066395       -0.214090
     C   23        0.066395       -0.122006       -0.030835
     C   23       -0.214090       -0.030835        0.032036

     Cl  24        0.339714        2.331056       -1.437678
     Cl  24        2.331056       -0.988569       -0.871897
     Cl  24       -1.437678       -0.871897        0.648855

     ----- total EFG -----
     Cl   1        0.089514       -0.276332       -1.329020
     Cl   1       -0.276332        0.234356       -1.952745
     Cl   1       -1.329020       -1.952745       -0.323869

     C    2        0.078890        0.089553       -0.164113
     C    2        0.089553        0.309037        0.098339
     C    2       -0.164113        0.098339       -0.387928

     C    3        0.385917        0.691191        0.188734
     C    3        0.691191       -0.051377       -0.343665
     C    3        0.188734       -0.343665       -0.334541

     H    4        0.163965        0.162390        0.064712
     H    4        0.162390        0.039470        0.063500
     H    4        0.064712        0.063500       -0.203435

     C    5       -0.313221        0.198773       -0.037242
     C    5        0.198773        0.371708        0.095143
     C    5       -0.037242        0.095143       -0.058487

     H    6       -0.361510        0.167858       -0.172835
     H    6        0.167858        0.373705        0.174102
     H    6       -0.172835        0.174102       -0.012194

     H    7       -0.376195       -0.252532        0.158865
     H    7       -0.252532        0.239010       -0.258891
     H    7        0.158865       -0.258891        0.137185

     C    8        0.380086        0.705120       -0.412549
     C    8        0.705120       -0.036866        0.283341
     C    8       -0.412549        0.283341       -0.343220

     H    9        0.542800        0.082722        0.337568
     H    9        0.082722       -0.469463       -0.349078
     H    9        0.337568       -0.349078       -0.073337

     C   10       -0.332820       -0.032965        0.187048
     C   10       -0.032965        0.367444        0.140401
     C   10        0.187048        0.140401       -0.034624

     C   11        0.201923        0.782900       -0.199605
     C   11        0.782900        0.251407        0.474875
     C   11       -0.199605        0.474875       -0.453330

     Cl  12       -0.711955        1.637521        0.530877
     Cl  12        1.637521        1.559325        1.686823
     Cl  12        0.530877        1.686823       -0.847369

     H   13       -0.216579       -0.212149        0.179327
     H   13       -0.212149        0.178484        0.666002
     H   13        0.179327        0.666002        0.038095

     C   14        0.217012        0.099439        0.255215
     C   14        0.099439       -0.015064       -0.019373
     C   14        0.255215       -0.019373       -0.201948

     H   15        0.088081       -0.184373        0.577999
     H   15       -0.184373       -0.126637        0.169776
     H   15        0.577999        0.169776        0.038556

     C   16       -0.129687        0.261234       -0.288618
     C   16        0.261234        0.406964       -0.157044
     C   16       -0.288618       -0.157044       -0.277277

     C   17        0.447391        0.476351        0.313199
     C   17        0.476351       -0.069220       -0.256945
     C   17        0.313199       -0.256945       -0.378171

     Cl  18       -0.198528       -2.059592        0.457386
     Cl  18       -2.059592       -1.255803        0.112281
     Cl  18        0.457386        0.112281        1.454331

     H   19       -0.061078        0.154414       -0.115800
     H   19        0.154414        0.217755       -0.228674
     H   19       -0.115800       -0.228674       -0.156677

     C   20       -0.019978        0.053781        0.037056
     C   20        0.053781        0.083649       -0.034129
     C   20        0.037056       -0.034129       -0.063671

     H   21       -0.095123       -0.193478        0.527984
     H   21       -0.193478        0.025792       -0.152603
     H   21        0.527984       -0.152603        0.069331

     C   22        0.426168        0.559811       -0.597547
     C   22        0.559811       -0.306463        0.080587
     C   22       -0.597547        0.080587       -0.119706

     C   23        0.009391       -0.187455       -0.413375
     C   23       -0.187455       -0.163114       -0.242091
     C   23       -0.413375       -0.242091        0.153723

     Cl  24        0.418339        2.609733       -1.491251
     Cl  24        2.609733       -1.013312       -0.898619
     Cl  24       -1.491251       -0.898619        0.594973

     ----- total EFG (symmetrized) -----
     Cl   1        0.089514       -0.276332       -1.329020
     Cl   1       -0.276332        0.234356       -1.952745
     Cl   1       -1.329020       -1.952745       -0.323869

     C    2        0.078890        0.089553       -0.164113
     C    2        0.089553        0.309037        0.098339
     C    2       -0.164113        0.098339       -0.387928

     C    3        0.385917        0.691191        0.188734
     C    3        0.691191       -0.051377       -0.343665
     C    3        0.188734       -0.343665       -0.334541

     H    4        0.163965        0.162390        0.064712
     H    4        0.162390        0.039470        0.063500
     H    4        0.064712        0.063500       -0.203435

     C    5       -0.313221        0.198773       -0.037242
     C    5        0.198773        0.371708        0.095143
     C    5       -0.037242        0.095143       -0.058487

     H    6       -0.361510        0.167858       -0.172835
     H    6        0.167858        0.373705        0.174102
     H    6       -0.172835        0.174102       -0.012194

     H    7       -0.376195       -0.252532        0.158865
     H    7       -0.252532        0.239010       -0.258891
     H    7        0.158865       -0.258891        0.137185

     C    8        0.380086        0.705120       -0.412549
     C    8        0.705120       -0.036866        0.283341
     C    8       -0.412549        0.283341       -0.343220

     H    9        0.542800        0.082722        0.337568
     H    9        0.082722       -0.469463       -0.349078
     H    9        0.337568       -0.349078       -0.073337

     C   10       -0.332820       -0.032965        0.187048
     C   10       -0.032965        0.367444        0.140401
     C   10        0.187048        0.140401       -0.034624

     C   11        0.201923        0.782900       -0.199605
     C   11        0.782900        0.251407        0.474875
     C   11       -0.199605        0.474875       -0.453330

     Cl  12       -0.711955        1.637521        0.530877
     Cl  12        1.637521        1.559325        1.686823
     Cl  12        0.530877        1.686823       -0.847369

     H   13       -0.216579       -0.212149        0.179327
     H   13       -0.212149        0.178484        0.666002
     H   13        0.179327        0.666002        0.038095

     C   14        0.217012        0.099439        0.255215
     C   14        0.099439       -0.015064       -0.019373
     C   14        0.255215       -0.019373       -0.201948

     H   15        0.088081       -0.184373        0.577999
     H   15       -0.184373       -0.126637        0.169776
     H   15        0.577999        0.169776        0.038556

     C   16       -0.129687        0.261234       -0.288618
     C   16        0.261234        0.406964       -0.157044
     C   16       -0.288618       -0.157044       -0.277277

     C   17        0.447391        0.476351        0.313199
     C   17        0.476351       -0.069220       -0.256945
     C   17        0.313199       -0.256945       -0.378171

     Cl  18       -0.198528       -2.059592        0.457386
     Cl  18       -2.059592       -1.255803        0.112281
     Cl  18        0.457386        0.112281        1.454331

     H   19       -0.061078        0.154414       -0.115800
     H   19        0.154414        0.217755       -0.228674
     H   19       -0.115800       -0.228674       -0.156677

     C   20       -0.019978        0.053781        0.037056
     C   20        0.053781        0.083649       -0.034129
     C   20        0.037056       -0.034129       -0.063671

     H   21       -0.095123       -0.193478        0.527984
     H   21       -0.193478        0.025792       -0.152603
     H   21        0.527984       -0.152603        0.069331

     C   22        0.426168        0.559811       -0.597547
     C   22        0.559811       -0.306463        0.080587
     C   22       -0.597547        0.080587       -0.119706

     C   23        0.009391       -0.187455       -0.413375
     C   23       -0.187455       -0.163114       -0.242091
     C   23       -0.413375       -0.242091        0.153723

     Cl  24        0.418339        2.609733       -1.491251
     Cl  24        2.609733       -1.013312       -0.898619
     Cl  24       -1.491251       -0.898619        0.594973


     NQR/NMR SPECTROSCOPIC PARAMETERS:
     Cl   1    Vxx=    0.3886    axis=( -0.836951  0.542027  0.075631)
     Cl   1    Vyy=    2.1777    axis=( -0.351450 -0.638248  0.684925)
     Cl   1    Vzz=   -2.5663    axis=(  0.419519  0.546668  0.724678)
     Cl   1  Q=        -8.1650 1e-30 m^2  Cq=        49.2335 MHz  eta= 0.69718

     C    2    Vxx=    0.1166    axis=( -0.906426  0.246600  0.342901)
     C    2    Vyy=    0.3424    axis=(  0.284717  0.956418  0.064806)
     C    2    Vzz=   -0.4590    axis=(  0.311975 -0.156372  0.937134)
     C    2  Q=         1.0000 1e-30 m^2  Cq=        -1.0784 MHz  eta= 0.49186

     C    3    Vxx=   -0.0434    axis=(  0.390946 -0.460446  0.796963)
     C    3    Vyy=   -0.8511    axis=( -0.457423  0.654180  0.602339)
     C    3    Vzz=    0.8945    axis=( -0.798702 -0.600032  0.045130)
     C    3  Q=         1.0000 1e-30 m^2  Cq=         2.1018 MHz  eta= 0.90295

     H    4    Vxx=   -0.0706    axis=(  0.584812 -0.804990 -0.099931)
     H    4    Vyy=   -0.2211    axis=( -0.086702 -0.184520  0.978997)
     H    4    Vzz=    0.2918    axis=( -0.806522 -0.563865 -0.177704)
     H    4  Q=         1.0000 1e-30 m^2  Cq=         0.6855 MHz  eta= 0.51589

     C    5    Vxx=   -0.0604    axis=( -0.227696 -0.108332  0.967687)
     C    5    Vyy=   -0.3785    axis=( -0.942561  0.273959 -0.191115)
     C    5    Vzz=    0.4389    axis=( -0.244402 -0.955621 -0.164489)
     C    5  Q=         1.0000 1e-30 m^2  Cq=         1.0313 MHz  eta= 0.72489

     H    6    Vxx=    0.0374    axis=( -0.462825 -0.214304  0.860155)
     H    6    Vyy=    0.4530    axis=(  0.129742  0.943511  0.304883)
     H    6    Vzz=   -0.4905    axis=( -0.876904  0.252705 -0.408876)
     H    6  Q=         1.0000 1e-30 m^2  Cq=        -1.1524 MHz  eta= 0.84739

     H    7    Vxx=   -0.0727    axis=( -0.079852  0.597770  0.797681)
     H    7    Vyy=   -0.4743    axis=( -0.948712 -0.291144  0.123208)
     H    7    Vzz=    0.5471    axis=(  0.305889 -0.746931  0.590360)
     H    7  Q=         1.0000 1e-30 m^2  Cq=         1.2854 MHz  eta= 0.73411

     C    8    Vxx=    0.0155    axis=( -0.264539  0.585239  0.766495)
     C    8    Vyy=    0.9300    axis=( -0.819110 -0.555856  0.141713)
     C    8    Vzz=   -0.9455    axis=(  0.508997 -0.590355  0.626421)
     C    8  Q=         1.0000 1e-30 m^2  Cq=        -2.2215 MHz  eta= 0.96721

     H    9    Vxx=    0.0258    axis=(  0.381147  0.574317 -0.724491)
     H    9    Vyy=    0.6959    axis=( -0.903002  0.063198 -0.424962)
     H    9    Vzz=   -0.7217    axis=( -0.198277  0.816190  0.542697)
     H    9  Q=         1.0000 1e-30 m^2  Cq=        -1.6956 MHz  eta= 0.92852

     C   10    Vxx=    0.0210    axis=(  0.468030 -0.293297  0.833621)
     C   10    Vyy=    0.4125    axis=( -0.036653 -0.948948 -0.313295)
     C   10    Vzz=   -0.4335    axis=(  0.882952  0.116077 -0.454887)
     C   10  Q=         1.0000 1e-30 m^2  Cq=        -1.0186 MHz  eta= 0.90314

     C   11    Vxx=   -0.0494    axis=(  0.581643 -0.371228 -0.723796)
     C   11    Vyy=   -0.9908    axis=( -0.480876  0.560746 -0.674034)
     C   11    Vzz=    1.0402    axis=( -0.656086 -0.740104 -0.147639)
     C   11  Q=         1.0000 1e-30 m^2  Cq=         2.4440 MHz  eta= 0.90508

     Cl  12    Vxx=   -1.3004    axis=(  0.777512 -0.077069 -0.624128)
     Cl  12    Vyy=   -1.8734    axis=( -0.483723  0.560903 -0.671863)
     Cl  12    Vzz=    3.1738    axis=( -0.401855 -0.824287 -0.398828)
     Cl  12  Q=        -8.1650 1e-30 m^2  Cq=       -60.8880 MHz  eta= 0.18053

     H   13    Vxx=   -0.0655    axis=(  0.873696 -0.295385  0.386528)
     H   13    Vyy=   -0.7140    axis=( -0.484818 -0.594186  0.641790)
     H   13    Vzz=    0.7795    axis=( -0.040095  0.748125  0.662346)
     H   13  Q=         1.0000 1e-30 m^2  Cq=         1.8315 MHz  eta= 0.83189

     C   14    Vxx=   -0.0216    axis=( -0.114925  0.957236 -0.265504)
     C   14    Vyy=   -0.3343    axis=( -0.440490  0.190454  0.877323)
     C   14    Vzz=    0.3559    axis=(  0.890371  0.217778  0.399765)
     C   14  Q=         1.0000 1e-30 m^2  Cq=         0.8363 MHz  eta= 0.87846

     H   15    Vxx=   -0.0045    axis=(  0.288502 -0.897851 -0.332612)
     H   15    Vyy=   -0.6377    axis=(  0.625206  0.439753 -0.644775)
     H   15    Vzz=    0.6422    axis=(  0.725178 -0.021932  0.688212)
     H   15  Q=         1.0000 1e-30 m^2  Cq=         1.5089 MHz  eta= 0.98599

     C   16    Vxx=   -0.0891    axis=(  0.646849 -0.517895 -0.559796)
     C   16    Vyy=   -0.5031    axis=(  0.631522 -0.047733  0.773888)
     C   16    Vzz=    0.5922    axis=( -0.427513 -0.854111  0.296186)
     C   16  Q=         1.0000 1e-30 m^2  Cq=         1.3914 MHz  eta= 0.69919

     C   17    Vxx=    0.0034    axis=( -0.260480  0.688101 -0.677250)
     C   17    Vyy=    0.7500    axis=( -0.874393 -0.465560 -0.136715)
     C   17    Vzz=   -0.7533    axis=( -0.409374  0.556571  0.722939)
     C   17  Q=         1.0000 1e-30 m^2  Cq=        -1.7700 MHz  eta= 0.99110

     Cl  18    Vxx=    1.1478    axis=( -0.561467  0.511489  0.650488)
     Cl  18    Vyy=    1.7372    axis=(  0.553322 -0.352444  0.754730)
     Cl  18    Vzz=   -2.8851    axis=(  0.615297  0.783685 -0.085132)
     Cl  18  Q=        -8.1650 1e-30 m^2  Cq=        55.3483 MHz  eta= 0.20429

     H   19    Vxx=   -0.1288    axis=(  0.893364 -0.443924 -0.069511)
     H   19    Vyy=   -0.2746    axis=(  0.242086  0.345195  0.906772)
     H   19    Vzz=    0.4034    axis=( -0.378543 -0.826905  0.415852)
     H   19  Q=         1.0000 1e-30 m^2  Cq=         0.9479 MHz  eta= 0.36151

     C   20    Vxx=   -0.0057    axis=( -0.757492  0.221463 -0.614134)
     C   20    Vyy=   -0.1027    axis=( -0.545992  0.300819  0.781921)
     C   20    Vzz=    0.1083    axis=( -0.357910 -0.927611  0.106951)
     C   20  Q=         1.0000 1e-30 m^2  Cq=         0.2545 MHz  eta= 0.89554

     H   21    Vxx=   -0.0685    axis=( -0.175847 -0.921417 -0.346510)
     H   21    Vyy=   -0.5516    axis=( -0.769577 -0.090825  0.632062)
     H   21    Vzz=    0.6201    axis=( -0.613864  0.377812 -0.693130)
     H   21  Q=         1.0000 1e-30 m^2  Cq=         1.4570 MHz  eta= 0.77901

     C   22    Vxx=   -0.1316    axis=(  0.105546  0.674642  0.730560)
     C   22    Vyy=   -0.8336    axis=(  0.541174 -0.655312  0.526969)
     C   22    Vzz=    0.9652    axis=( -0.834261 -0.339741  0.434264)
     C   22  Q=         1.0000 1e-30 m^2  Cq=         2.2678 MHz  eta= 0.72727

     C   23    Vxx=    0.0552    axis=(  0.534294 -0.790552  0.299261)
     C   23    Vyy=    0.5086    axis=( -0.608045 -0.113505  0.785746)
     C   23    Vzz=   -0.5638    axis=( -0.587206 -0.601784 -0.541337)
     C   23  Q=         1.0000 1e-30 m^2  Cq=        -1.3247 MHz  eta= 0.80412

     Cl  24    Vxx=   -0.4418    axis=(  0.373530  0.364348  0.853068)
     Cl  24    Vyy=   -3.0154    axis=( -0.620845  0.781484 -0.061927)
     Cl  24    Vzz=    3.4572    axis=( -0.689222 -0.506492  0.518111)
     Cl  24  Q=        -8.1650 1e-30 m^2  Cq=       -66.3244 MHz  eta= 0.74442

     Initialization:
     gipaw_setup  :      9.22s CPU     10.91s WALL (       1 calls)

     Linear response

     Apply operators

     Induced current

     Other routines
     efg          :      9.27s CPU     11.87s WALL (       1 calls)

     General routines
     calbec       :      3.33s CPU      4.44s WALL (      16 calls)
     fft          :      1.56s CPU      2.08s WALL (      15 calls)
     ffts         :      0.03s CPU      0.04s WALL (       2 calls)
     fftw         :      3.16s CPU      3.83s WALL (     672 calls)
     davcio       :      0.03s CPU      0.32s WALL (      32 calls)

     Parallel routines
     fft_scatter  :      2.08s CPU      3.02s WALL (     689 calls)

     Plugins

     GIPAW        :     60.36s CPU     73.32s WALL (       1 calls)
