
     Program QE v.6.0 (svn rev. 13079) starts on 29Dec2016 at 22:11:56 

     This program is part of the open-source Quantum ESPRESSO suite
     for quantum simulation of materials; please cite
         "P. Giannozzi et al., J. Phys.:Condens. Matter 21 395502 (2009);
          URL http://www.quantum-espresso.org", 
     in publications or presentations arising from this work. More details at
     http://www.quantum-espresso.org/quote

     Parallel version (MPI), running on     8 processors
     R & G space division:  proc/nbgrp/npool/nimage =       8

     ***** This is GIPAW svn revision unknown      *****

     Parallelizing q-star over 1 images

     Reading data from directory:
     /users/majewski/paradichlorobenzene/pbe/9_constraint/scratch/pbe.ecut100.np8.dt60.pcl2phi-129368.save
     Message from routine read_xml_file:
     file /users/majewski/paradichlorobenzene/pbe/9_constraint/scratch/pbe.ecut100.np8.dt60.pcl2phi-129368.save not guaranteed to be safe for post-processing

   Info: using nr1, nr2, nr3 values from input

   Info: using nr1, nr2, nr3 values from input

     IMPORTANT: XC functional enforced from input :
     Exchange-correlation      =  SLA  PW   PBX  PBC ( 1  4  3  4 0 0)
     Any further DFT definition will be discarded
     Please, verify this is what you really want

               file C.pbe-n-kjpaw_psl.1.0.0.UPF: wavefunction(s)  2S 2P renormalized
               file Cl.pbe-n-kjpaw_psl.1.0.0.UPF: wavefunction(s)  3S 3P renormalized
               file H.pbe-kjpaw_psl.1.0.0.UPF: wavefunction(s)  1S renormalized

     Parallelization info
     --------------------
     sticks:   dense  smooth     PW     G-vecs:    dense   smooth      PW
     Min        3057    1223    332               144436    36536    5170
     Max        3059    1225    333               144437    36537    5171
     Sum       24467    9791   2657              1155489   292295   41363


     Subspace diagonalization in iterative solution of the eigenvalue problem:
     a serial algorithm will be used

     GIPAW projectors -----------------------------------------------
     atom=  C    l=0  rc=    1.2000  rs=    0.8000
     atom=  C    l=0  rc=    1.2000  rs=    0.8000
     atom=  C    l=1  rc=    1.4000  rs=    0.9333
     atom=  C    l=1  rc=    1.4000  rs=    0.9333
     projs nearly linearly dependent: l=1  n1,n2= 1, 2  s=  0.99951561

     atom=  Cl   l=0  rc=    1.6000  rs=    1.0667
     atom=  Cl   l=0  rc=    1.6000  rs=    1.0667
     atom=  Cl   l=1  rc=    1.6000  rs=    1.0667
     atom=  Cl   l=1  rc=    1.6000  rs=    1.0667
     atom=  Cl   l=2  rc=    1.6000  rs=    1.0667
     atom=  Cl   l=2  rc=    1.6000  rs=    1.0667
     projs nearly linearly dependent: l=2  n1,n2= 1, 2  s=  0.99993509

     atom=  H    l=0  rc=    1.0000  rs=    0.6667
     atom=  H    l=0  rc=    1.0000  rs=    0.6667
     projs nearly linearly dependent: l=0  n1,n2= 1, 2  s=  0.99968852
     -----------------------------------------------------------------

     GIPAW integrals: -------------------------------------------
     Atom  i/j   nmr_para   nmr_dia   epr_rmc  epr_para   epr_dia
       C   1 1   0.83E+03  0.17E-01  0.93E+01  0.24E+08  0.24E+03
       C   2 1   0.86E+03 -0.61E-01  0.94E+01  0.25E+08  0.25E+03
       C   2 2   0.90E+03 -0.15E+00  0.97E+01  0.26E+08  0.26E+03
       C   3 3   0.33E+01  0.34E+00  0.18E+01  0.55E+03  0.21E+02
       C   4 3   0.35E+01  0.37E+00  0.20E+01  0.59E+03  0.22E+02
       C   4 4   0.38E+01  0.39E+00  0.22E+01  0.63E+03  0.24E+02
       Cl  1 1   0.14E+04 -0.47E+00  0.84E+01  0.32E+09  0.42E+03
       Cl  2 1   0.21E+04 -0.37E+00  0.12E+02  0.49E+09  0.65E+03
       Cl  2 2   0.33E+04 -0.16E+00  0.21E+02  0.76E+09  0.10E+04
       Cl  3 3   0.21E+02  0.79E-01  0.89E+01  0.23E+05  0.13E+03
       Cl  4 3   0.24E+02  0.67E-01  0.99E+01  0.27E+05  0.15E+03
       Cl  4 4   0.28E+02  0.44E-01  0.11E+02  0.32E+05  0.18E+03
       Cl  5 5   0.77E+00  0.19E+00  0.18E+01  0.12E+03  0.22E+02
       Cl  6 5   0.80E+00  0.19E+00  0.19E+01  0.12E+03  0.23E+02
       Cl  6 6   0.83E+00  0.20E+00  0.19E+01  0.12E+03  0.23E+02
       H   1 1   0.39E+02  0.19E+00  0.29E+00  0.78E+05  0.13E+02
       H   2 1   0.41E+02  0.21E+00  0.32E+00  0.82E+05  0.14E+02
       H   2 2   0.43E+02  0.22E+00  0.36E+00  0.86E+05  0.15E+02
     ------------------------------------------------------------

     alpha_pv=     34.1068 eV

     Number of occupied bands for each k-point:
     k-point:     1    nbnd_occ=  42
     k-point:     2    nbnd_occ=  42
     k-point:     3    nbnd_occ=  42
     k-point:     4    nbnd_occ=  42
     k-point:     5    nbnd_occ=  42
     k-point:     6    nbnd_occ=  42
     k-point:     7    nbnd_occ=  42
     k-point:     8    nbnd_occ=  42
     k-point:     9    nbnd_occ=  42
     k-point:    10    nbnd_occ=  42
     k-point:    11    nbnd_occ=  42
     k-point:    12    nbnd_occ=  42
     k-point:    13    nbnd_occ=  42
     k-point:    14    nbnd_occ=  42
     k-point:    15    nbnd_occ=  42
     k-point:    16    nbnd_occ=  42


     q-space interpolation up to   110.00 Rydberg

     GIPAW job: efg                                                                             


     ELECTRIC FIELD GRADIENTS TENSORS IN Hartree/bohrradius^2:

     ----- bare term -----
     Cl   1       -0.152730        0.228780       -0.031238
     Cl   1        0.228780        0.068559       -0.071248
     Cl   1       -0.031238       -0.071248        0.084171

     C    2       -0.040348       -0.083042       -0.281060
     C    2       -0.083042        0.063501       -0.705272
     C    2       -0.281060       -0.705272       -0.023153

     C    3       -0.604510        0.365384       -0.251505
     C    3        0.365384        0.275382       -0.265109
     C    3       -0.251505       -0.265109        0.329128

     H    4       -0.159505       -0.502402       -0.235664
     H    4       -0.502402       -0.249291       -0.074715
     H    4       -0.235664       -0.074715        0.408796

     C    5       -0.085704        0.231313       -0.143420
     C    5        0.231313       -0.029164       -0.450122
     C    5       -0.143420       -0.450122        0.114868

     H    6        0.232294       -0.431670       -0.122152
     H    6       -0.431670       -0.532566       -0.387785
     H    6       -0.122152       -0.387785        0.300272

     H    7        0.473331        0.013670       -0.078197
     H    7        0.013670       -0.471193        0.529208
     H    7       -0.078197        0.529208       -0.002138

     C    8       -0.828922       -0.327399       -0.345235
     C    8       -0.327399        0.432691        0.104866
     C    8       -0.345235        0.104866        0.396231

     H    9       -0.014339       -0.121422       -0.525772
     H    9       -0.121422        0.087891       -0.221610
     H    9       -0.525772       -0.221610       -0.073553

     C   10        0.122886        0.027512       -0.230647
     C   10        0.027512       -0.072176        0.566989
     C   10       -0.230647        0.566989       -0.050710

     C   11       -0.717943       -0.449621       -0.348667
     C   11       -0.449621        0.349494        0.114725
     C   11       -0.348667        0.114725        0.368449

     Cl  12        0.097594       -0.056566       -0.015689
     Cl  12       -0.056566       -0.107087       -0.008264
     Cl  12       -0.015689       -0.008264        0.009493

     H   13        0.445066       -0.052482        0.003953
     H   13       -0.052482       -0.430211       -0.525089
     H   13        0.003953       -0.525089       -0.014855

     C   14       -0.814581        0.358161       -0.308898
     C   14        0.358161        0.466752       -0.197991
     C   14       -0.308898       -0.197991        0.347829

     H   15       -0.360941        0.153984       -0.445026
     H   15        0.153984        0.049014       -0.156426
     H   15       -0.445026       -0.156426        0.311926

     C   16       -0.014233        0.200906       -0.174608
     C   16        0.200906       -0.100786       -0.611601
     C   16       -0.174608       -0.611601        0.115019

     C   17       -0.495418        0.379108       -0.445337
     C   17        0.379108        0.297309       -0.250063
     C   17       -0.445337       -0.250063        0.198109

     Cl  18       -0.010091        0.100319       -0.046851
     Cl  18        0.100319        0.112214       -0.032376
     Cl  18       -0.046851       -0.032376       -0.102123

     H   19        0.418600       -0.112396        0.043709
     H   19       -0.112396       -0.638384        0.494814
     H   19        0.043709        0.494814        0.219784

     C   20       -0.115114        0.174306       -0.366650
     C   20        0.174306       -0.028571        0.410981
     C   20       -0.366650        0.410981        0.143685

     H   21        0.010508        0.143238       -0.363571
     H   21        0.143238        0.180624        0.519610
     H   21       -0.363571        0.519610       -0.191132

     C   22       -0.637268       -0.340179       -0.399149
     C   22       -0.340179        0.176377        0.012478
     C   22       -0.399149        0.012478        0.460891

     C   23        0.034525        0.319840       -0.465729
     C   23        0.319840       -0.267398        0.487230
     C   23       -0.465729        0.487230        0.232873

     Cl  24       -0.272085       -0.296199       -0.124801
     Cl  24       -0.296199       -0.002329       -0.106551
     Cl  24       -0.124801       -0.106551        0.274415

     ----- ionic term -----
     Cl   1        0.145119       -0.167641       -0.002867
     Cl   1       -0.167641       -0.004009        0.011792
     Cl   1       -0.002867        0.011792       -0.141110

     C    2        0.280803       -0.085079        0.261277
     C    2       -0.085079        0.046227        0.414099
     C    2        0.261277        0.414099       -0.327030

     C    3        0.165382       -0.215144        0.177643
     C    3       -0.215144        0.165410        0.411225
     C    3        0.177643        0.411225       -0.330792

     H    4        0.608945        0.374098        0.621905
     H    4        0.374098       -0.377258        0.278418
     H    4        0.621905        0.278418       -0.231687

     C    5        0.286792       -0.167215        0.269770
     C    5       -0.167215        0.045946        0.324603
     C    5        0.269770        0.324603       -0.332738

     H    6       -0.495976        0.176147        0.141211
     H    6        0.176147        0.541995        0.746099
     H    6        0.141211        0.746099       -0.046019

     H    7       -0.528232       -0.006068        0.021213
     H    7       -0.006068        0.573485       -0.742555
     H    7        0.021213       -0.742555       -0.045253

     C    8        0.170904        0.197362        0.368067
     C    8        0.197362        0.043061       -0.261160
     C    8        0.368067       -0.261160       -0.213965

     H    9        0.468279       -0.264135        0.724055
     H    9       -0.264135       -0.421227       -0.238205
     H    9        0.724055       -0.238205       -0.047052

     C   10        0.062982        0.213418        0.267624
     C   10        0.213418        0.125827       -0.317960
     C   10        0.267624       -0.317960       -0.188810

     C   11        0.159192        0.199027        0.338288
     C   11        0.199027        0.045889       -0.381518
     C   11        0.338288       -0.381518       -0.205080

     Cl  12        0.125473        0.229089        0.011438
     Cl  12        0.229089        0.025586        0.000258
     Cl  12        0.011438        0.000258       -0.151060

     H   13       -0.513916        0.006482        0.001579
     H   13        0.006482        0.672937        0.711742
     H   13        0.001579        0.711742       -0.159021

     C   14        0.359856       -0.207412        0.223470
     C   14       -0.207412        0.058505        0.322825
     C   14        0.223470        0.322825       -0.418361

     H   15        0.702324        0.264134        0.647899
     H   15        0.264134       -0.428337        0.206224
     H   15        0.647899        0.206224       -0.273987

     C   16        0.219543       -0.256591        0.178896
     C   16       -0.256591        0.190428        0.374217
     C   16        0.178896        0.374217       -0.409971

     C   17        0.182880       -0.142204        0.279162
     C   17       -0.142204        0.163782        0.390878
     C   17        0.279162        0.390878       -0.346662

     Cl  18        0.129387       -0.217083        0.018689
     Cl  18       -0.217083        0.015429        0.000506
     Cl  18        0.018689        0.000506       -0.144816

     H   19       -0.516264       -0.058834        0.053997
     H   19       -0.058834        0.670353       -0.693385
     H   19        0.053997       -0.693385       -0.154089

     C   20        0.230486        0.211685        0.349817
     C   20        0.211685        0.049313       -0.273032
     C   20        0.349817       -0.273032       -0.279799

     H   21        0.505076       -0.278737        0.750652
     H   21       -0.278737       -0.435541       -0.257898
     H   21        0.750652       -0.257898       -0.069535

     C   22        0.083328        0.222753        0.246324
     C   22        0.222753        0.205885       -0.365368
     C   22        0.246324       -0.365368       -0.289214

     C   23        0.153047        0.206741        0.341178
     C   23        0.206741        0.108530       -0.391694
     C   23        0.341178       -0.391694       -0.261577

     Cl  24        0.146780        0.217079        0.014298
     Cl  24        0.217079        0.014700       -0.003863
     Cl  24        0.014298       -0.003863       -0.161480

     ----- GIPAW term -----
     Cl   1       -0.448883        0.341592       -0.789756
     Cl   1        0.341592        1.806033       -1.704132
     Cl   1       -0.789756       -1.704132       -1.357150

     C    2       -0.066405       -0.059419       -0.047155
     C    2       -0.059419        0.210277       -0.190634
     C    2       -0.047155       -0.190634       -0.143872

     C    3       -0.205095        0.112398       -0.064800
     C    3        0.112398        0.276107       -0.089976
     C    3       -0.064800       -0.089976       -0.071012

     H    4       -0.000000        0.000000        0.000000
     H    4        0.000000        0.000000        0.000000
     H    4        0.000000        0.000000        0.000000

     C    5       -0.071450        0.139049       -0.007354
     C    5        0.139049        0.213057       -0.100978
     C    5       -0.007354       -0.100978       -0.141607

     H    6       -0.000000        0.000000        0.000000
     H    6        0.000000        0.000000        0.000000
     H    6        0.000000        0.000000        0.000000

     H    7       -0.000000        0.000000        0.000000
     H    7        0.000000        0.000000        0.000000
     H    7        0.000000        0.000000        0.000000

     C    8       -0.212305        0.067197       -0.045664
     C    8        0.067197        0.292958       -0.062570
     C    8       -0.045664       -0.062570       -0.080653

     H    9       -0.000000        0.000000        0.000000
     H    9        0.000000        0.000000        0.000000
     H    9        0.000000        0.000000        0.000000

     C   10       -0.073657        0.062303       -0.017213
     C   10        0.062303        0.171100        0.117326
     C   10       -0.017213        0.117326       -0.097443

     C   11       -0.167697        0.003004       -0.035588
     C   11        0.003004        0.286794       -0.029221
     C   11       -0.035588       -0.029221       -0.119097

     Cl  12       -0.063107        0.504170       -0.042311
     Cl  12        0.504170        2.463110       -0.198480
     Cl  12       -0.042311       -0.198480       -2.400002

     H   13       -0.000000        0.000000        0.000000
     H   13        0.000000        0.000000        0.000000
     H   13        0.000000        0.000000        0.000000

     C   14       -0.235247        0.010462       -0.024428
     C   14        0.010462        0.316550       -0.034761
     C   14       -0.024428       -0.034761       -0.081303

     H   15       -0.000000        0.000000        0.000000
     H   15        0.000000        0.000000        0.000000
     H   15        0.000000        0.000000        0.000000

     C   16       -0.111605        0.031422       -0.021460
     C   16        0.031422        0.231540       -0.060525
     C   16       -0.021460       -0.060525       -0.119935

     C   17       -0.096833        0.103014       -0.073933
     C   17        0.103014        0.258074       -0.049965
     C   17       -0.073933       -0.049965       -0.161241

     Cl  18        0.314998       -0.275143       -0.381465
     Cl  18       -0.275143        2.342982       -0.633408
     Cl  18       -0.381465       -0.633408       -2.657980

     H   19       -0.000000        0.000000        0.000000
     H   19        0.000000        0.000000        0.000000
     H   19        0.000000        0.000000        0.000000

     C   20       -0.091237        0.143482       -0.085402
     C   20        0.143482        0.178026       -0.054385
     C   20       -0.085402       -0.054385       -0.086788

     H   21       -0.000000        0.000000        0.000000
     H   21        0.000000        0.000000        0.000000
     H   21        0.000000        0.000000        0.000000

     C   22       -0.184341        0.066616       -0.147940
     C   22        0.066616        0.126161       -0.181568
     C   22       -0.147940       -0.181568        0.058181

     C   23       -0.001724        0.230307       -0.150022
     C   23        0.230307        0.002950       -0.100932
     C   23       -0.150022       -0.100932       -0.001227

     Cl  24       -0.024958        1.829503       -1.411218
     Cl  24        1.829503        0.320708       -1.506421
     Cl  24       -1.411218       -1.506421       -0.295750

     ----- total EFG -----
     Cl   1       -0.456493        0.402731       -0.823861
     Cl   1        0.402731        1.870583       -1.763587
     Cl   1       -0.823861       -1.763587       -1.414089

     C    2        0.174050       -0.227540       -0.066939
     C    2       -0.227540        0.320005       -0.481806
     C    2       -0.066939       -0.481806       -0.494055

     C    3       -0.644223        0.262638       -0.138662
     C    3        0.262638        0.716899        0.056141
     C    3       -0.138662        0.056141       -0.072676

     H    4        0.449440       -0.128305        0.386242
     H    4       -0.128305       -0.626549        0.203703
     H    4        0.386242        0.203703        0.177109

     C    5        0.129639        0.203147        0.118996
     C    5        0.203147        0.229839       -0.226497
     C    5        0.118996       -0.226497       -0.359477

     H    6       -0.263682       -0.255523        0.019060
     H    6       -0.255523        0.009429        0.358314
     H    6        0.019060        0.358314        0.254253

     H    7       -0.054902        0.007602       -0.056984
     H    7        0.007602        0.102292       -0.213347
     H    7       -0.056984       -0.213347       -0.047391

     C    8       -0.870323       -0.062841       -0.022832
     C    8       -0.062841        0.768710       -0.218864
     C    8       -0.022832       -0.218864        0.101613

     H    9        0.453941       -0.385558        0.198282
     H    9       -0.385558       -0.333336       -0.459815
     H    9        0.198282       -0.459815       -0.120605

     C   10        0.112212        0.303232        0.019764
     C   10        0.303232        0.224751        0.366355
     C   10        0.019764        0.366355       -0.336963

     C   11       -0.726449       -0.247590       -0.045967
     C   11       -0.247590        0.682177       -0.296014
     C   11       -0.045967       -0.296014        0.044272

     Cl  12        0.159960        0.676693       -0.046563
     Cl  12        0.676693        2.381609       -0.206486
     Cl  12       -0.046563       -0.206486       -2.541569

     H   13       -0.068851       -0.045999        0.005532
     H   13       -0.045999        0.242726        0.186653
     H   13        0.005532        0.186653       -0.173875

     C   14       -0.689971        0.161211       -0.109856
     C   14        0.161211        0.841806        0.090072
     C   14       -0.109856        0.090072       -0.151836

     H   15        0.341383        0.418118        0.202873
     H   15        0.418118       -0.379323        0.049798
     H   15        0.202873        0.049798        0.037939

     C   16        0.093705       -0.024263       -0.017172
     C   16       -0.024263        0.321182       -0.297909
     C   16       -0.017172       -0.297909       -0.414887

     C   17       -0.409371        0.339919       -0.240109
     C   17        0.339919        0.719166        0.090850
     C   17       -0.240109        0.090850       -0.309794

     Cl  18        0.434295       -0.391908       -0.409627
     Cl  18       -0.391908        2.470625       -0.665277
     Cl  18       -0.409627       -0.665277       -2.904920

     H   19       -0.097664       -0.171230        0.097706
     H   19       -0.171230        0.031969       -0.198571
     H   19        0.097706       -0.198571        0.065695

     C   20        0.024134        0.529474       -0.102234
     C   20        0.529474        0.198768        0.083565
     C   20       -0.102234        0.083565       -0.222902

     H   21        0.515584       -0.135499        0.387082
     H   21       -0.135499       -0.254917        0.261712
     H   21        0.387082        0.261712       -0.260667

     C   22       -0.738281       -0.050811       -0.300765
     C   22       -0.050811        0.508423       -0.534459
     C   22       -0.300765       -0.534459        0.229858

     C   23        0.185848        0.756888       -0.274573
     C   23        0.756888       -0.155918       -0.005396
     C   23       -0.274573       -0.005396       -0.029931

     Cl  24       -0.150263        1.750384       -1.521721
     Cl  24        1.750384        0.333078       -1.616835
     Cl  24       -1.521721       -1.616835       -0.182815

     ----- total EFG (symmetrized) -----
     Cl   1       -0.456493        0.402731       -0.823861
     Cl   1        0.402731        1.870583       -1.763587
     Cl   1       -0.823861       -1.763587       -1.414089

     C    2        0.174050       -0.227540       -0.066939
     C    2       -0.227540        0.320005       -0.481806
     C    2       -0.066939       -0.481806       -0.494055

     C    3       -0.644223        0.262638       -0.138662
     C    3        0.262638        0.716899        0.056141
     C    3       -0.138662        0.056141       -0.072676

     H    4        0.449440       -0.128305        0.386242
     H    4       -0.128305       -0.626549        0.203703
     H    4        0.386242        0.203703        0.177109

     C    5        0.129639        0.203147        0.118996
     C    5        0.203147        0.229839       -0.226497
     C    5        0.118996       -0.226497       -0.359477

     H    6       -0.263682       -0.255523        0.019060
     H    6       -0.255523        0.009429        0.358314
     H    6        0.019060        0.358314        0.254253

     H    7       -0.054902        0.007602       -0.056984
     H    7        0.007602        0.102292       -0.213347
     H    7       -0.056984       -0.213347       -0.047391

     C    8       -0.870323       -0.062841       -0.022832
     C    8       -0.062841        0.768710       -0.218864
     C    8       -0.022832       -0.218864        0.101613

     H    9        0.453941       -0.385558        0.198282
     H    9       -0.385558       -0.333336       -0.459815
     H    9        0.198282       -0.459815       -0.120605

     C   10        0.112212        0.303232        0.019764
     C   10        0.303232        0.224751        0.366355
     C   10        0.019764        0.366355       -0.336963

     C   11       -0.726449       -0.247590       -0.045967
     C   11       -0.247590        0.682177       -0.296014
     C   11       -0.045967       -0.296014        0.044272

     Cl  12        0.159960        0.676693       -0.046563
     Cl  12        0.676693        2.381609       -0.206486
     Cl  12       -0.046563       -0.206486       -2.541569

     H   13       -0.068851       -0.045999        0.005532
     H   13       -0.045999        0.242726        0.186653
     H   13        0.005532        0.186653       -0.173875

     C   14       -0.689971        0.161211       -0.109856
     C   14        0.161211        0.841806        0.090072
     C   14       -0.109856        0.090072       -0.151836

     H   15        0.341383        0.418118        0.202873
     H   15        0.418118       -0.379323        0.049798
     H   15        0.202873        0.049798        0.037939

     C   16        0.093705       -0.024263       -0.017172
     C   16       -0.024263        0.321182       -0.297909
     C   16       -0.017172       -0.297909       -0.414887

     C   17       -0.409371        0.339919       -0.240109
     C   17        0.339919        0.719166        0.090850
     C   17       -0.240109        0.090850       -0.309794

     Cl  18        0.434295       -0.391908       -0.409627
     Cl  18       -0.391908        2.470625       -0.665277
     Cl  18       -0.409627       -0.665277       -2.904920

     H   19       -0.097664       -0.171230        0.097706
     H   19       -0.171230        0.031969       -0.198571
     H   19        0.097706       -0.198571        0.065695

     C   20        0.024134        0.529474       -0.102234
     C   20        0.529474        0.198768        0.083565
     C   20       -0.102234        0.083565       -0.222902

     H   21        0.515584       -0.135499        0.387082
     H   21       -0.135499       -0.254917        0.261712
     H   21        0.387082        0.261712       -0.260667

     C   22       -0.738281       -0.050811       -0.300765
     C   22       -0.050811        0.508423       -0.534459
     C   22       -0.300765       -0.534459        0.229858

     C   23        0.185848        0.756888       -0.274573
     C   23        0.756888       -0.155918       -0.005396
     C   23       -0.274573       -0.005396       -0.029931

     Cl  24       -0.150263        1.750384       -1.521721
     Cl  24        1.750384        0.333078       -1.616835
     Cl  24       -1.521721       -1.616835       -0.182815


     NQR/NMR SPECTROSCOPIC PARAMETERS:
     Cl   1    Vxx=   -0.4158    axis=(  0.926217 -0.318601 -0.201531)
     Cl   1    Vyy=   -2.3757    axis=(  0.309993  0.339438  0.888080)
     Cl   1    Vzz=    2.7915    axis=( -0.214536 -0.885028  0.413158)
     Cl   1  Q=        -8.1650 1e-30 m^2  Cq=       -53.5536 MHz  eta= 0.70212

     C    2    Vxx=    0.1269    axis=(  0.906431  0.280734 -0.315548)
     C    2    Vyy=    0.6183    axis=( -0.385602  0.854889 -0.347096)
     C    2    Vzz=   -0.7451    axis=(  0.172317  0.436295  0.883150)
     C    2  Q=         1.0000 1e-30 m^2  Cq=        -1.7508 MHz  eta= 0.65945

     C    3    Vxx=   -0.0408    axis=( -0.222015  0.004712  0.975032)
     C    3    Vyy=   -0.7261    axis=( -0.958392  0.182964 -0.219110)
     C    3    Vzz=    0.7669    axis=( -0.179429 -0.983108 -0.036105)
     C    3  Q=         1.0000 1e-30 m^2  Cq=         1.8019 MHz  eta= 0.89351

     H    4    Vxx=   -0.0035    axis=( -0.544240  0.359867  0.757825)
     H    4    Vyy=   -0.7194    axis=(  0.201087  0.932949 -0.298615)
     H    4    Vzz=    0.7229    axis=( -0.814474 -0.010129 -0.580112)
     H    4  Q=         1.0000 1e-30 m^2  Cq=         1.6986 MHz  eta= 0.99020

     C    5    Vxx=    0.0840    axis=( -0.791797  0.431154 -0.432625)
     C    5    Vyy=    0.4062    axis=(  0.538394  0.827166 -0.161022)
     C    5    Vzz=   -0.4902    axis=( -0.288428  0.360420  0.887078)
     C    5  Q=         1.0000 1e-30 m^2  Cq=        -1.1518 MHz  eta= 0.65713

     H    6    Vxx=   -0.0508    axis=(  0.658889 -0.507620  0.555146)
     H    6    Vyy=   -0.4838    axis=( -0.730982 -0.606266  0.313220)
     H    6    Vzz=    0.5345    axis=( -0.177570  0.612179  0.770523)
     H    6  Q=         1.0000 1e-30 m^2  Cq=         1.2560 MHz  eta= 0.81007

     H    7    Vxx=   -0.0482    axis=(  0.955583 -0.255794 -0.146391)
     H    7    Vyy=   -0.2103    axis=(  0.266663  0.538891  0.799054)
     H    7    Vzz=    0.2585    axis=(  0.125504  0.802600 -0.583166)
     H    7  Q=         1.0000 1e-30 m^2  Cq=         0.6074 MHz  eta= 0.62702

     C    8    Vxx=    0.0380    axis=( -0.043677  0.283192  0.958068)
     C    8    Vyy=    0.8358    axis=( -0.031481  0.958117 -0.284641)
     C    8    Vzz=   -0.8738    axis=( -0.998550 -0.042593 -0.032932)
     C    8  Q=         1.0000 1e-30 m^2  Cq=        -2.0530 MHz  eta= 0.91311

     H    9    Vxx=   -0.0419    axis=( -0.580171 -0.374025  0.723538)
     H    9    Vyy=   -0.7300    axis=(  0.171245  0.812457  0.557305)
     H    9    Vzz=    0.7719    axis=(  0.796289 -0.447234  0.407314)
     H    9  Q=         1.0000 1e-30 m^2  Cq=         1.8137 MHz  eta= 0.89144

     C   10    Vxx=   -0.0374    axis=(  0.827512 -0.381472 -0.411950)
     C   10    Vyy=   -0.5415    axis=( -0.199641  0.485850 -0.850937)
     C   10    Vzz=    0.5789    axis=(  0.524755  0.786403  0.325889)
     C   10  Q=         1.0000 1e-30 m^2  Cq=         1.3602 MHz  eta= 0.87075

     C   11    Vxx=   -0.0477    axis=( -0.178747  0.317111  0.931391)
     C   11    Vyy=   -0.7804    axis=(  0.974189  0.189679  0.122381)
     C   11    Vzz=    0.8281    axis=( -0.137857  0.929227 -0.342831)
     C   11  Q=         1.0000 1e-30 m^2  Cq=         1.9458 MHz  eta= 0.88482

     Cl  12    Vxx=   -0.0299    axis=(  0.962898 -0.269830  0.004332)
     Cl  12    Vyy=   -2.5503    axis=( -0.006959 -0.040876 -0.999140)
     Cl  12    Vzz=    2.5802    axis=(  0.269775  0.962040 -0.041237)
     Cl  12  Q=        -8.1650 1e-30 m^2  Cq=       -49.5002 MHz  eta= 0.97684

     H   13    Vxx=   -0.0705    axis=(  0.986942  0.054634  0.151529)
     H   13    Vyy=   -0.2479    axis=(  0.121755  0.362870 -0.923851)
     H   13    Vzz=    0.3185    axis=( -0.105459  0.930237  0.351480)
     H   13  Q=         1.0000 1e-30 m^2  Cq=         0.7483 MHz  eta= 0.55695

     C   14    Vxx=   -0.1335    axis=( -0.208859 -0.055649  0.976361)
     C   14    Vyy=   -0.7312    axis=( -0.973081  0.111284 -0.201815)
     C   14    Vzz=    0.8647    axis=( -0.097422 -0.992229 -0.077393)
     C   14  Q=         1.0000 1e-30 m^2  Cq=         2.0316 MHz  eta= 0.69128

     H   15    Vxx=   -0.0335    axis=( -0.280297 -0.203820  0.938025)
     H   15    Vyy=   -0.5736    axis=( -0.427129  0.901609  0.068275)
     H   15    Vzz=    0.6071    axis=( -0.859648 -0.381521 -0.339776)
     H   15  Q=         1.0000 1e-30 m^2  Cq=         1.4265 MHz  eta= 0.88964

     C   16    Vxx=    0.0938    axis=(  0.997899  0.035276 -0.054347)
     C   16    Vyy=    0.4275    axis=( -0.051378  0.941868 -0.332032)
     C   16    Vzz=   -0.5213    axis=(  0.039475  0.334127  0.941701)
     C   16  Q=         1.0000 1e-30 m^2  Cq=        -1.2249 MHz  eta= 0.64020

     C   17    Vxx=   -0.1337    axis=( -0.552909  0.132734  0.822602)
     C   17    Vyy=   -0.6804    axis=( -0.790421  0.228858 -0.568207)
     C   17    Vzz=    0.8141    axis=( -0.263679 -0.964368 -0.021622)
     C   17  Q=         1.0000 1e-30 m^2  Cq=         1.9129 MHz  eta= 0.67144

     Cl  18    Vxx=    0.4399    axis=(  0.978981  0.140501 -0.147837)
     Cl  18    Vyy=    2.6057    axis=( -0.157041  0.981794 -0.106855)
     Cl  18    Vzz=   -3.0456    axis=(  0.130132  0.127825  0.983222)
     Cl  18  Q=        -8.1650 1e-30 m^2  Cq=        58.4288 MHz  eta= 0.71112

     H   19    Vxx=   -0.1092    axis=( -0.543241  0.388255  0.744411)
     H   19    Vyy=   -0.2225    axis=( -0.734814 -0.648766 -0.197866)
     H   19    Vzz=    0.3317    axis=(  0.406126 -0.654492  0.637731)
     H   19  Q=         1.0000 1e-30 m^2  Cq=         0.7794 MHz  eta= 0.34175

     C   20    Vxx=   -0.1577    axis=( -0.335754  0.288470  0.896691)
     C   20    Vyy=   -0.4903    axis=( -0.684313  0.579463 -0.442649)
     C   20    Vzz=    0.6481    axis=( -0.647290 -0.762238  0.002846)
     C   20  Q=         1.0000 1e-30 m^2  Cq=         1.5227 MHz  eta= 0.51321

     H   21    Vxx=   -0.0333    axis=(  0.204478 -0.796648 -0.568807)
     H   21    Vyy=   -0.6431    axis=(  0.315220  0.603720 -0.732228)
     H   21    Vzz=    0.6764    axis=(  0.926728 -0.029575  0.374567)
     H   21  Q=         1.0000 1e-30 m^2  Cq=         1.5892 MHz  eta= 0.90160

     C   22    Vxx=   -0.0770    axis=( -0.366494  0.609757  0.702765)
     C   22    Vyy=   -0.8573    axis=( -0.926153 -0.166827 -0.338244)
     C   22    Vzz=    0.9343    axis=( -0.089006 -0.774832  0.625870)
     C   22  Q=         1.0000 1e-30 m^2  Cq=         2.1952 MHz  eta= 0.83513

     C   23    Vxx=   -0.0474    axis=(  0.053480  0.325931  0.943880)
     C   23    Vyy=   -0.7988    axis=(  0.632345 -0.742613  0.220603)
     C   23    Vzz=    0.8462    axis=(  0.772839  0.585060 -0.245815)
     C   23  Q=         1.0000 1e-30 m^2  Cq=         1.9882 MHz  eta= 0.88808

     Cl  24    Vxx=   -1.5601    axis=(  0.092002 -0.694485 -0.713601)
     Cl  24    Vyy=   -1.7202    axis=( -0.823317  0.350029 -0.446799)
     Cl  24    Vzz=    3.2804    axis=(  0.560076  0.628626 -0.539577)
     Cl  24  Q=        -8.1650 1e-30 m^2  Cq=       -62.9325 MHz  eta= 0.04880

     Initialization:
     gipaw_setup  :      9.20s CPU     10.83s WALL (       1 calls)

     Linear response

     Apply operators

     Induced current

     Other routines
     efg          :      9.42s CPU     12.17s WALL (       1 calls)

     General routines
     calbec       :      3.26s CPU      4.32s WALL (      16 calls)
     fft          :      1.49s CPU      2.11s WALL (      15 calls)
     ffts         :      0.04s CPU      0.05s WALL (       2 calls)
     fftw         :      3.39s CPU      4.11s WALL (     672 calls)
     davcio       :      0.03s CPU      0.31s WALL (      32 calls)

     Parallel routines
     fft_scatter  :      2.26s CPU      3.44s WALL (     689 calls)

     Plugins

     GIPAW        :     61.51s CPU     74.09s WALL (       1 calls)
