
     Program QE v.6.0 (svn rev. 13079) starts on 23Dec2016 at  0:13:27 

     This program is part of the open-source Quantum ESPRESSO suite
     for quantum simulation of materials; please cite
         "P. Giannozzi et al., J. Phys.:Condens. Matter 21 395502 (2009);
          URL http://www.quantum-espresso.org", 
     in publications or presentations arising from this work. More details at
     http://www.quantum-espresso.org/quote

     Parallel version (MPI), running on     8 processors
     R & G space division:  proc/nbgrp/npool/nimage =       8

     ***** This is GIPAW svn revision unknown      *****

     Parallelizing q-star over 1 images

     Reading data from directory:
     /users/majewski/paradichlorobenzene/pbe/9_constraint/scratch/pbe.ecut100.np8.dt60.pcl2phi-129368.save
     Message from routine read_xml_file:
     file /users/majewski/paradichlorobenzene/pbe/9_constraint/scratch/pbe.ecut100.np8.dt60.pcl2phi-129368.save not guaranteed to be safe for post-processing

   Info: using nr1, nr2, nr3 values from input

   Info: using nr1, nr2, nr3 values from input

     IMPORTANT: XC functional enforced from input :
     Exchange-correlation      =  SLA  PW   PBX  PBC ( 1  4  3  4 0 0)
     Any further DFT definition will be discarded
     Please, verify this is what you really want

               file C.pbe-n-kjpaw_psl.1.0.0.UPF: wavefunction(s)  2S 2P renormalized
               file Cl.pbe-n-kjpaw_psl.1.0.0.UPF: wavefunction(s)  3S 3P renormalized
               file H.pbe-kjpaw_psl.1.0.0.UPF: wavefunction(s)  1S renormalized

     Parallelization info
     --------------------
     sticks:   dense  smooth     PW     G-vecs:    dense   smooth      PW
     Min        3057    1223    332               144436    36536    5170
     Max        3059    1225    333               144437    36537    5171
     Sum       24467    9791   2657              1155489   292295   41363


     Subspace diagonalization in iterative solution of the eigenvalue problem:
     a serial algorithm will be used

     GIPAW projectors -----------------------------------------------
     atom=  C    l=0  rc=    1.2000  rs=    0.8000
     atom=  C    l=0  rc=    1.2000  rs=    0.8000
     atom=  C    l=1  rc=    1.4000  rs=    0.9333
     atom=  C    l=1  rc=    1.4000  rs=    0.9333
     projs nearly linearly dependent: l=1  n1,n2= 1, 2  s=  0.99951561

     atom=  Cl   l=0  rc=    1.6000  rs=    1.0667
     atom=  Cl   l=0  rc=    1.6000  rs=    1.0667
     atom=  Cl   l=1  rc=    1.6000  rs=    1.0667
     atom=  Cl   l=1  rc=    1.6000  rs=    1.0667
     atom=  Cl   l=2  rc=    1.6000  rs=    1.0667
     atom=  Cl   l=2  rc=    1.6000  rs=    1.0667
     projs nearly linearly dependent: l=2  n1,n2= 1, 2  s=  0.99993509

     atom=  H    l=0  rc=    1.0000  rs=    0.6667
     atom=  H    l=0  rc=    1.0000  rs=    0.6667
     projs nearly linearly dependent: l=0  n1,n2= 1, 2  s=  0.99968852
     -----------------------------------------------------------------

     GIPAW integrals: -------------------------------------------
     Atom  i/j   nmr_para   nmr_dia   epr_rmc  epr_para   epr_dia
       C   1 1   0.83E+03  0.17E-01  0.93E+01  0.24E+08  0.24E+03
       C   2 1   0.86E+03 -0.61E-01  0.94E+01  0.25E+08  0.25E+03
       C   2 2   0.90E+03 -0.15E+00  0.97E+01  0.26E+08  0.26E+03
       C   3 3   0.33E+01  0.34E+00  0.18E+01  0.55E+03  0.21E+02
       C   4 3   0.35E+01  0.37E+00  0.20E+01  0.59E+03  0.22E+02
       C   4 4   0.38E+01  0.39E+00  0.22E+01  0.63E+03  0.24E+02
       Cl  1 1   0.14E+04 -0.47E+00  0.84E+01  0.32E+09  0.42E+03
       Cl  2 1   0.21E+04 -0.37E+00  0.12E+02  0.49E+09  0.65E+03
       Cl  2 2   0.33E+04 -0.16E+00  0.21E+02  0.76E+09  0.10E+04
       Cl  3 3   0.21E+02  0.79E-01  0.89E+01  0.23E+05  0.13E+03
       Cl  4 3   0.24E+02  0.67E-01  0.99E+01  0.27E+05  0.15E+03
       Cl  4 4   0.28E+02  0.44E-01  0.11E+02  0.32E+05  0.18E+03
       Cl  5 5   0.77E+00  0.19E+00  0.18E+01  0.12E+03  0.22E+02
       Cl  6 5   0.80E+00  0.19E+00  0.19E+01  0.12E+03  0.23E+02
       Cl  6 6   0.83E+00  0.20E+00  0.19E+01  0.12E+03  0.23E+02
       H   1 1   0.39E+02  0.19E+00  0.29E+00  0.78E+05  0.13E+02
       H   2 1   0.41E+02  0.21E+00  0.32E+00  0.82E+05  0.14E+02
       H   2 2   0.43E+02  0.22E+00  0.36E+00  0.86E+05  0.15E+02
     ------------------------------------------------------------

     alpha_pv=     33.6705 eV

     Number of occupied bands for each k-point:
     k-point:     1    nbnd_occ=  42
     k-point:     2    nbnd_occ=  42
     k-point:     3    nbnd_occ=  42
     k-point:     4    nbnd_occ=  42
     k-point:     5    nbnd_occ=  42
     k-point:     6    nbnd_occ=  42
     k-point:     7    nbnd_occ=  42
     k-point:     8    nbnd_occ=  42
     k-point:     9    nbnd_occ=  42
     k-point:    10    nbnd_occ=  42
     k-point:    11    nbnd_occ=  42
     k-point:    12    nbnd_occ=  42
     k-point:    13    nbnd_occ=  42
     k-point:    14    nbnd_occ=  42
     k-point:    15    nbnd_occ=  42
     k-point:    16    nbnd_occ=  42


     q-space interpolation up to   110.00 Rydberg

     GIPAW job: efg                                                                             


     ELECTRIC FIELD GRADIENTS TENSORS IN Hartree/bohrradius^2:

     ----- bare term -----
     Cl   1       -0.065359        0.093736       -0.014607
     Cl   1        0.093736        0.018361       -0.019293
     Cl   1       -0.014607       -0.019293        0.046998

     C    2       -0.108187        0.008088       -0.145471
     C    2        0.008088        0.000719       -0.443645
     C    2       -0.145471       -0.443645        0.107469

     C    3       -0.011122        0.049384        0.199020
     C    3        0.049384       -0.082626        0.148968
     C    3        0.199020        0.148968        0.093748

     H    4       -0.176458       -0.358144        0.117872
     H    4       -0.358144       -0.072068        0.178582
     H    4        0.117872        0.178582        0.248526

     C    5       -0.098046       -0.119700       -0.169089
     C    5       -0.119700       -0.093362       -0.073110
     C    5       -0.169089       -0.073110        0.191408

     H    6        0.376711       -0.251783        0.069309
     H    6       -0.251783       -0.619741        0.233498
     H    6        0.069309        0.233498        0.243031

     H    7        0.079132        0.022384        0.082877
     H    7        0.022384       -0.270397        0.564318
     H    7        0.082877        0.564318        0.191265

     C    8       -0.785948       -0.324531       -0.394724
     C    8       -0.324531        0.278499        0.063496
     C    8       -0.394724        0.063496        0.507449

     H    9       -0.087495        0.033861       -0.530372
     H    9        0.033861        0.090511       -0.141305
     H    9       -0.530372       -0.141305       -0.003016

     C   10        0.041706       -0.392380       -0.104634
     C   10       -0.392380       -0.131237        0.618737
     C   10       -0.104634        0.618737        0.089531

     C   11       -0.507905       -0.242085       -0.381020
     C   11       -0.242085        0.170049        0.264121
     C   11       -0.381020        0.264121        0.337855

     Cl  12       -0.016951        0.073213       -0.035134
     Cl  12        0.073213        0.117103        0.056793
     Cl  12       -0.035134        0.056793       -0.100151

     H   13        0.361968        0.111956       -0.137459
     H   13        0.111956       -0.601233       -0.240350
     H   13       -0.137459       -0.240350        0.239265

     C   14       -0.431373        0.165248       -0.388829
     C   14        0.165248        0.002078       -0.372400
     C   14       -0.388829       -0.372400        0.429295

     H   15       -0.380411       -0.468916        0.059466
     H   15       -0.468916        0.198723        0.132657
     H   15        0.059466        0.132657        0.181688

     C   16       -0.247554        0.328929       -0.104711
     C   16        0.328929       -0.337497       -0.543114
     C   16       -0.104711       -0.543114        0.585051

     C   17       -0.196591        0.259678       -0.170239
     C   17        0.259678       -0.219122       -0.478948
     C   17       -0.170239       -0.478948        0.415712

     Cl  18        0.016144        0.159624       -0.062406
     Cl  18        0.159624        0.082599       -0.056597
     Cl  18       -0.062406       -0.056597       -0.098744

     H   19        0.424729        0.156434       -0.163841
     H   19        0.156434       -0.256525        0.627799
     H   19       -0.163841        0.627799       -0.168203

     C   20       -0.156035       -0.129802       -0.226915
     C   20       -0.129802       -0.249070        0.298995
     C   20       -0.226915        0.298995        0.405105

     H   21       -0.103153        0.209469       -0.540825
     H   21        0.209469        0.367495        0.313417
     H   21       -0.540825        0.313417       -0.264342

     C   22       -0.596936       -0.299367       -0.344916
     C   22       -0.299367        0.007654        0.111708
     C   22       -0.344916        0.111708        0.589282

     C   23       -0.032007       -0.008430       -0.284259
     C   23       -0.008430       -0.501070        0.370098
     C   23       -0.284259        0.370098        0.533077

     Cl  24       -0.135874       -0.058169       -0.063828
     Cl  24       -0.058169       -0.097895        0.047788
     Cl  24       -0.063828        0.047788        0.233770

     ----- ionic term -----
     Cl   1        0.156326       -0.174605        0.010099
     Cl   1       -0.174605        0.004243        0.000018
     Cl   1        0.010099        0.000018       -0.160569

     C    2        0.288544       -0.009996        0.120134
     C    2       -0.009996        0.228405        0.306240
     C    2        0.120134        0.306240       -0.516949

     C    3        0.235491       -0.111035        0.052437
     C    3       -0.111035        0.253923        0.320850
     C    3        0.052437        0.320850       -0.489414

     H    4        0.740665        0.539755        0.341434
     H    4        0.539755       -0.216272        0.202154
     H    4        0.341434        0.202154       -0.524392

     C    5        0.342526       -0.019225        0.089895
     C    5       -0.019225        0.144344        0.255685
     C    5        0.089895        0.255685       -0.486870

     H    6       -0.504540        0.212116        0.069265
     H    6        0.212116        0.839946        0.526465
     H    6        0.069265        0.526465       -0.335407

     H    7       -0.507421        0.120930       -0.053802
     H    7        0.120930        0.473255       -0.758689
     H    7       -0.053802       -0.758689        0.034166

     C    8        0.180799        0.234520        0.372345
     C    8        0.234520        0.011897       -0.268527
     C    8        0.372345       -0.268527       -0.192696

     H    9        0.507961       -0.235634        0.720357
     H    9       -0.235634       -0.446636       -0.234414
     H    9        0.720357       -0.234414       -0.061325

     C   10        0.037341        0.281423        0.238662
     C   10        0.281423        0.158126       -0.383159
     C   10        0.238662       -0.383159       -0.195467

     C   11        0.109734        0.235129        0.264401
     C   11        0.235129        0.092910       -0.432609
     C   11        0.264401       -0.432609       -0.202644

     Cl  12        0.157853        0.222605        0.026478
     Cl  12        0.222605        0.000562        0.009739
     Cl  12        0.026478        0.009739       -0.158415

     H   13       -0.524545        0.017188       -0.000583
     H   13        0.017188        0.873128        0.534639
     H   13       -0.000583        0.534639       -0.348584

     C   14        0.387116       -0.071698        0.057517
     C   14       -0.071698        0.142886        0.268644
     C   14        0.057517        0.268644       -0.530002

     H   15        0.743364        0.468167        0.400777
     H   15        0.468167       -0.285592        0.216689
     H   15        0.400777        0.216689       -0.457771

     C   16        0.269756       -0.201863        0.022693
     C   16       -0.201863        0.247553        0.301246
     C   16        0.022693        0.301246       -0.517309

     C   17        0.344843       -0.082893        0.053975
     C   17       -0.082893        0.174186        0.291094
     C   17        0.053975        0.291094       -0.519029

     Cl  18        0.208549       -0.185551       -0.031090
     Cl  18       -0.185551       -0.067801        0.013563
     Cl  18       -0.031090        0.013563       -0.140748

     H   19       -0.504467       -0.148242        0.102380
     H   19       -0.148242        0.564321       -0.724114
     H   19        0.102380       -0.724114       -0.059854

     C   20        0.186255        0.170896        0.304160
     C   20        0.170896        0.067891       -0.285455
     C   20        0.304160       -0.285455       -0.254147

     H   21        0.611175       -0.312985        0.660015
     H   21       -0.312985       -0.427063       -0.240944
     H   21        0.660015       -0.240944       -0.184112

     C   22        0.103139        0.213830        0.225314
     C   22        0.213830        0.218421       -0.359281
     C   22        0.225314       -0.359281       -0.321560

     C   23        0.099503        0.164828        0.376446
     C   23        0.164828        0.128056       -0.379215
     C   23        0.376446       -0.379215       -0.227558

     Cl  24        0.101235        0.204748        0.021714
     Cl  24        0.204748        0.040082        0.013559
     Cl  24        0.021714        0.013559       -0.141317

     ----- GIPAW term -----
     Cl   1        0.033636        0.021812       -1.435106
     Cl   1        0.021812        0.226011       -1.894319
     Cl   1       -1.435106       -1.894319       -0.259647

     C    2       -0.040840       -0.003372       -0.061245
     C    2       -0.003372        0.020350       -0.143682
     C    2       -0.061245       -0.143682        0.020490

     C    3        0.010719       -0.012573        0.024692
     C    3       -0.012573        0.005527        0.030624
     C    3        0.024692        0.030624       -0.016246

     H    4       -0.000000        0.000000        0.000000
     H    4        0.000000        0.000000        0.000000
     H    4        0.000000        0.000000        0.000000

     C    5       -0.028057       -0.016871       -0.001341
     C    5       -0.016871        0.002755       -0.058673
     C    5       -0.001341       -0.058673        0.025302

     H    6       -0.000000        0.000000        0.000000
     H    6        0.000000        0.000000        0.000000
     H    6        0.000000        0.000000        0.000000

     H    7       -0.000000        0.000000        0.000000
     H    7        0.000000        0.000000        0.000000
     H    7        0.000000        0.000000        0.000000

     C    8       -0.180517       -0.122013        0.028694
     C    8       -0.122013        0.088185       -0.150447
     C    8        0.028694       -0.150447        0.092333

     H    9       -0.000000        0.000000        0.000000
     H    9        0.000000        0.000000        0.000000
     H    9        0.000000        0.000000        0.000000

     C   10       -0.069433       -0.158408       -0.018165
     C   10       -0.158408        0.197244        0.113061
     C   10       -0.018165        0.113061       -0.127811

     C   11       -0.090848        0.069067       -0.063215
     C   11        0.069067        0.169722       -0.031821
     C   11       -0.063215       -0.031821       -0.078874

     Cl  12        0.952348        2.512844       -0.191075
     Cl  12        2.512844        1.180777        0.541381
     Cl  12       -0.191075        0.541381       -2.133125

     H   13       -0.000000        0.000000        0.000000
     H   13        0.000000        0.000000        0.000000
     H   13        0.000000        0.000000        0.000000

     C   14       -0.045721        0.023060       -0.034336
     C   14        0.023060       -0.026607       -0.068458
     C   14       -0.034336       -0.068458        0.072328

     H   15       -0.000000        0.000000        0.000000
     H   15        0.000000        0.000000        0.000000
     H   15        0.000000        0.000000        0.000000

     C   16       -0.139002        0.044139       -0.018168
     C   16        0.044139       -0.089803       -0.177722
     C   16       -0.018168       -0.177722        0.228805

     C   17        0.053326       -0.127441        0.044142
     C   17       -0.127441       -0.042652       -0.121089
     C   17        0.044142       -0.121089       -0.010674

     Cl  18        1.796135        0.298464       -0.850012
     Cl  18        0.298464        0.675744       -0.705720
     Cl  18       -0.850012       -0.705720       -2.471879

     H   19       -0.000000        0.000000        0.000000
     H   19        0.000000        0.000000        0.000000
     H   19        0.000000        0.000000        0.000000

     C   20       -0.105412       -0.003602       -0.031510
     C   20       -0.003602       -0.019354       -0.115881
     C   20       -0.031510       -0.115881        0.124765

     H   21       -0.000000        0.000000        0.000000
     H   21        0.000000        0.000000        0.000000
     H   21        0.000000        0.000000        0.000000

     C   22       -0.236362       -0.018067       -0.091681
     C   22       -0.018067       -0.046919       -0.107275
     C   22       -0.091681       -0.107275        0.283280

     C   23       -0.071504        0.100752       -0.061607
     C   23        0.100752       -0.176071       -0.052525
     C   23       -0.061607       -0.052525        0.247574

     Cl  24       -0.595828        1.480492       -0.588319
     Cl  24        1.480492       -1.287965        0.880423
     Cl  24       -0.588319        0.880423        1.883793

     ----- total EFG -----
     Cl   1        0.124603       -0.059057       -1.439614
     Cl   1       -0.059057        0.248615       -1.913594
     Cl   1       -1.439614       -1.913594       -0.373218

     C    2        0.139517       -0.005279       -0.086582
     C    2       -0.005279        0.249473       -0.281087
     C    2       -0.086582       -0.281087       -0.388990

     C    3        0.235087       -0.074223        0.276149
     C    3       -0.074223        0.176824        0.500443
     C    3        0.276149        0.500443       -0.411911

     H    4        0.564207        0.181611        0.459306
     H    4        0.181611       -0.288341        0.380736
     H    4        0.459306        0.380736       -0.275866

     C    5        0.216422       -0.155796       -0.080535
     C    5       -0.155796        0.053737        0.123902
     C    5       -0.080535        0.123902       -0.270159

     H    6       -0.127829       -0.039666        0.138574
     H    6       -0.039666        0.220205        0.759962
     H    6        0.138574        0.759962       -0.092376

     H    7       -0.428289        0.143314        0.029075
     H    7        0.143314        0.202858       -0.194371
     H    7        0.029075       -0.194371        0.225431

     C    8       -0.785666       -0.212025        0.006315
     C    8       -0.212025        0.378580       -0.355479
     C    8        0.006315       -0.355479        0.407086

     H    9        0.420467       -0.201773        0.189985
     H    9       -0.201773       -0.356125       -0.375719
     H    9        0.189985       -0.375719       -0.064342

     C   10        0.009614       -0.269365        0.115863
     C   10       -0.269365        0.224133        0.348639
     C   10        0.115863        0.348639       -0.233747

     C   11       -0.489018        0.062111       -0.179834
     C   11        0.062111        0.432681       -0.200309
     C   11       -0.179834       -0.200309        0.056337

     Cl  12        1.093250        2.808661       -0.199730
     Cl  12        2.808661        1.298442        0.607913
     Cl  12       -0.199730        0.607913       -2.391692

     H   13       -0.162576        0.129144       -0.138042
     H   13        0.129144        0.271895        0.294289
     H   13       -0.138042        0.294289       -0.109319

     C   14       -0.089978        0.116609       -0.365649
     C   14        0.116609        0.118357       -0.172214
     C   14       -0.365649       -0.172214       -0.028379

     H   15        0.362953       -0.000748        0.460243
     H   15       -0.000748       -0.086869        0.349347
     H   15        0.460243        0.349347       -0.276084

     C   16       -0.116800        0.171204       -0.100187
     C   16        0.171204       -0.179747       -0.419590
     C   16       -0.100187       -0.419590        0.296547

     C   17        0.201579        0.049343       -0.072123
     C   17        0.049343       -0.087588       -0.308943
     C   17       -0.072123       -0.308943       -0.113991

     Cl  18        2.020829        0.272537       -0.943508
     Cl  18        0.272537        0.690541       -0.748754
     Cl  18       -0.943508       -0.748754       -2.711370

     H   19       -0.079739        0.008192       -0.061460
     H   19        0.008192        0.307796       -0.096315
     H   19       -0.061460       -0.096315       -0.228057

     C   20       -0.075192        0.037492        0.045735
     C   20        0.037492       -0.200532       -0.102341
     C   20        0.045735       -0.102341        0.275723

     H   21        0.508021       -0.103516        0.119189
     H   21       -0.103516       -0.059567        0.072472
     H   21        0.119189        0.072472       -0.448454

     C   22       -0.730159       -0.103605       -0.211282
     C   22       -0.103605        0.179157       -0.354848
     C   22       -0.211282       -0.354848        0.551002

     C   23       -0.004008        0.257149        0.030580
     C   23        0.257149       -0.549085       -0.061641
     C   23        0.030580       -0.061641        0.553093

     Cl  24       -0.630467        1.627071       -0.630434
     Cl  24        1.627071       -1.345778        0.941770
     Cl  24       -0.630434        0.941770        1.976245

     ----- total EFG (symmetrized) -----
     Cl   1        0.124603       -0.059057       -1.439614
     Cl   1       -0.059057        0.248615       -1.913594
     Cl   1       -1.439614       -1.913594       -0.373218

     C    2        0.139517       -0.005279       -0.086582
     C    2       -0.005279        0.249473       -0.281087
     C    2       -0.086582       -0.281087       -0.388990

     C    3        0.235087       -0.074223        0.276149
     C    3       -0.074223        0.176824        0.500443
     C    3        0.276149        0.500443       -0.411911

     H    4        0.564207        0.181611        0.459306
     H    4        0.181611       -0.288341        0.380736
     H    4        0.459306        0.380736       -0.275866

     C    5        0.216422       -0.155796       -0.080535
     C    5       -0.155796        0.053737        0.123902
     C    5       -0.080535        0.123902       -0.270159

     H    6       -0.127829       -0.039666        0.138574
     H    6       -0.039666        0.220205        0.759962
     H    6        0.138574        0.759962       -0.092376

     H    7       -0.428289        0.143314        0.029075
     H    7        0.143314        0.202858       -0.194371
     H    7        0.029075       -0.194371        0.225431

     C    8       -0.785666       -0.212025        0.006315
     C    8       -0.212025        0.378580       -0.355479
     C    8        0.006315       -0.355479        0.407086

     H    9        0.420467       -0.201773        0.189985
     H    9       -0.201773       -0.356125       -0.375719
     H    9        0.189985       -0.375719       -0.064342

     C   10        0.009614       -0.269365        0.115863
     C   10       -0.269365        0.224133        0.348639
     C   10        0.115863        0.348639       -0.233747

     C   11       -0.489018        0.062111       -0.179834
     C   11        0.062111        0.432681       -0.200309
     C   11       -0.179834       -0.200309        0.056337

     Cl  12        1.093250        2.808661       -0.199730
     Cl  12        2.808661        1.298442        0.607913
     Cl  12       -0.199730        0.607913       -2.391692

     H   13       -0.162576        0.129144       -0.138042
     H   13        0.129144        0.271895        0.294289
     H   13       -0.138042        0.294289       -0.109319

     C   14       -0.089978        0.116609       -0.365649
     C   14        0.116609        0.118357       -0.172214
     C   14       -0.365649       -0.172214       -0.028379

     H   15        0.362953       -0.000748        0.460243
     H   15       -0.000748       -0.086869        0.349347
     H   15        0.460243        0.349347       -0.276084

     C   16       -0.116800        0.171204       -0.100187
     C   16        0.171204       -0.179747       -0.419590
     C   16       -0.100187       -0.419590        0.296547

     C   17        0.201579        0.049343       -0.072123
     C   17        0.049343       -0.087588       -0.308943
     C   17       -0.072123       -0.308943       -0.113991

     Cl  18        2.020829        0.272537       -0.943508
     Cl  18        0.272537        0.690541       -0.748754
     Cl  18       -0.943508       -0.748754       -2.711370

     H   19       -0.079739        0.008192       -0.061460
     H   19        0.008192        0.307796       -0.096315
     H   19       -0.061460       -0.096315       -0.228057

     C   20       -0.075192        0.037492        0.045735
     C   20        0.037492       -0.200532       -0.102341
     C   20        0.045735       -0.102341        0.275723

     H   21        0.508021       -0.103516        0.119189
     H   21       -0.103516       -0.059567        0.072472
     H   21        0.119189        0.072472       -0.448454

     C   22       -0.730159       -0.103605       -0.211282
     C   22       -0.103605        0.179157       -0.354848
     C   22       -0.211282       -0.354848        0.551002

     C   23       -0.004008        0.257149        0.030580
     C   23        0.257149       -0.549085       -0.061641
     C   23        0.030580       -0.061641        0.553093

     Cl  24       -0.630467        1.627071       -0.630434
     Cl  24        1.627071       -1.345778        0.941770
     Cl  24       -0.630434        0.941770        1.976245


     NQR/NMR SPECTROSCOPIC PARAMETERS:
     Cl   1    Vxx=    0.2256    axis=(  0.803484 -0.594468 -0.031959)
     Cl   1    Vyy=    2.2972    axis=( -0.425605 -0.611127  0.667371)
     Cl   1    Vzz=   -2.5228    axis=( -0.416262 -0.522620 -0.744039)
     Cl   1  Q=        -8.1650 1e-30 m^2  Cq=        48.3977 MHz  eta= 0.82118

     C    2    Vxx=    0.1471    axis=(  0.984483 -0.158118 -0.076101)
     C    2    Vyy=    0.3587    axis=(  0.120543  0.924536 -0.361529)
     C    2    Vzz=   -0.5058    axis=(  0.127522  0.346746  0.929250)
     C    2  Q=         1.0000 1e-30 m^2  Cq=        -1.1883 MHz  eta= 0.41847

     C    3    Vxx=    0.2836    axis=(  0.896830 -0.440652  0.039020)
     C    3    Vyy=    0.4907    axis=(  0.354014  0.767789  0.534017)
     C    3    Vzz=   -0.7742    axis=( -0.265275 -0.465109  0.844573)
     C    3  Q=         1.0000 1e-30 m^2  Cq=        -1.8192 MHz  eta= 0.26749

     H    4    Vxx=   -0.1604    axis=(  0.486270 -0.731577 -0.477846)
     H    4    Vyy=   -0.6998    axis=(  0.187184  0.621372 -0.760828)
     H    4    Vzz=    0.8602    axis=(  0.853524  0.280523  0.439094)
     H    4  Q=         1.0000 1e-30 m^2  Cq=         2.0211 MHz  eta= 0.62713

     C    5    Vxx=   -0.0267    axis=(  0.575973  0.789667  0.211378)
     C    5    Vyy=   -0.3136    axis=(  0.057498 -0.297070  0.953123)
     C    5    Vzz=    0.3404    axis=(  0.815444 -0.536819 -0.216509)
     C    5  Q=         1.0000 1e-30 m^2  Cq=         0.7997 MHz  eta= 0.84292

     H    6    Vxx=   -0.1025    axis=(  0.975494 -0.179563  0.127156)
     H    6    Vyy=   -0.7407    axis=( -0.211940 -0.611607  0.762245)
     H    6    Vzz=    0.8431    axis=(  0.059102  0.770515  0.634676)
     H    6  Q=         1.0000 1e-30 m^2  Cq=         1.9811 MHz  eta= 0.75695

     H    7    Vxx=    0.0506    axis=( -0.242780 -0.668617 -0.702857)
     H    7    Vyy=    0.4162    axis=(  0.095355  0.704578 -0.703191)
     H    7    Vzz=   -0.4668    axis=( -0.965383  0.237742  0.107301)
     H    7  Q=         1.0000 1e-30 m^2  Cq=        -1.0968 MHz  eta= 0.78333

     C    8    Vxx=    0.0621    axis=( -0.166094  0.685240  0.709126)
     C    8    Vyy=    0.7637    axis=(  0.099187 -0.703858  0.703382)
     C    8    Vzz=   -0.8258    axis=( -0.981109 -0.187164 -0.048939)
     C    8  Q=         1.0000 1e-30 m^2  Cq=        -1.9403 MHz  eta= 0.84960

     H    9    Vxx=    0.0146    axis=(  0.548995  0.428468 -0.717649)
     H    9    Vyy=    0.6023    axis=( -0.833494  0.344729 -0.431798)
     H    9    Vzz=   -0.6170    axis=(  0.062383  0.835211  0.546380)
     H    9  Q=         1.0000 1e-30 m^2  Cq=        -1.4497 MHz  eta= 0.95254

     C   10    Vxx=    0.0367    axis=( -0.820288 -0.154510 -0.550685)
     C   10    Vyy=    0.4906    axis=( -0.393276  0.851460  0.346915)
     C   10    Vzz=   -0.5273    axis=( -0.415284 -0.501142  0.759207)
     C   10  Q=         1.0000 1e-30 m^2  Cq=        -1.2388 MHz  eta= 0.86094

     C   11    Vxx=    0.0070    axis=( -0.256340  0.441913  0.859653)
     C   11    Vyy=    0.5360    axis=(  0.128538  0.897056 -0.422811)
     C   11    Vzz=   -0.5430    axis=( -0.958002  0.002115 -0.286754)
     C   11  Q=         1.0000 1e-30 m^2  Cq=        -1.2758 MHz  eta= 0.97425

     Cl  12    Vxx=   -1.3205    axis=( -0.656462  0.596960  0.461190)
     Cl  12    Vyy=   -2.6999    axis=(  0.305095 -0.349030  0.886056)
     Cl  12    Vzz=    4.0204    axis=( -0.689910 -0.722368 -0.046995)
     Cl  12  Q=        -8.1650 1e-30 m^2  Cq=       -77.1303 MHz  eta= 0.34310

     H   13    Vxx=   -0.0285    axis=(  0.793614  0.216037 -0.568775)
     H   13    Vyy=   -0.4075    axis=( -0.602331  0.410920 -0.684356)
     H   13    Vzz=    0.4360    axis=(  0.085875  0.885705  0.456238)
     H   13  Q=         1.0000 1e-30 m^2  Cq=         1.0244 MHz  eta= 0.86933

     C   14    Vxx=   -0.0118    axis=(  0.411399 -0.839219 -0.355616)
     C   14    Vyy=   -0.4281    axis=(  0.722767  0.062671  0.688244)
     C   14    Vzz=    0.4398    axis=( -0.555301 -0.540170  0.632343)
     C   14  Q=         1.0000 1e-30 m^2  Cq=         1.0334 MHz  eta= 0.94642

     H   15    Vxx=    0.0396    axis=(  0.433523 -0.847616 -0.305949)
     H   15    Vyy=    0.6439    axis=(  0.828243  0.241011  0.505893)
     H   15    Vzz=   -0.6835    axis=( -0.355066 -0.472716  0.806516)
     H   15  Q=         1.0000 1e-30 m^2  Cq=        -1.6059 MHz  eta= 0.88409

     C   16    Vxx=   -0.1291    axis=( -0.922214 -0.143879 -0.358914)
     C   16    Vyy=   -0.4549    axis=(  0.301338 -0.849071 -0.433906)
     C   16    Vzz=    0.5840    axis=( -0.242314 -0.508309  0.826382)
     C   16  Q=         1.0000 1e-30 m^2  Cq=         1.3722 MHz  eta= 0.55795

     C   17    Vxx=    0.1197    axis=( -0.719687  0.517865 -0.462457)
     C   17    Vyy=    0.2908    axis=( -0.693656 -0.507652  0.511011)
     C   17    Vzz=   -0.4106    axis=(  0.029867  0.688554  0.724570)
     C   17  Q=         1.0000 1e-30 m^2  Cq=        -0.9646 MHz  eta= 0.41674

     Cl  18    Vxx=    0.7085    axis=(  0.289036 -0.948726  0.127974)
     Cl  18    Vyy=    2.3112    axis=(  0.941862  0.257893 -0.215378)
     Cl  18    Vzz=   -3.0197    axis=(  0.171331  0.182785  0.968109)
     Cl  18  Q=        -8.1650 1e-30 m^2  Cq=        57.9317 MHz  eta= 0.53074

     H   19    Vxx=   -0.0616    axis=(  0.950684 -0.097837 -0.294327)
     H   19    Vyy=   -0.2639    axis=( -0.306639 -0.153854 -0.939309)
     H   19    Vzz=    0.3255    axis=(  0.046615  0.983238 -0.176267)
     H   19  Q=         1.0000 1e-30 m^2  Cq=         0.7647 MHz  eta= 0.62173

     C   20    Vxx=   -0.0655    axis=(  0.954684  0.294990 -0.039484)
     C   20    Vyy=   -0.2350    axis=( -0.280427  0.936019  0.212669)
     C   20    Vzz=    0.3005    axis=(  0.099693 -0.191960  0.976326)
     C   20  Q=         1.0000 1e-30 m^2  Cq=         0.7061 MHz  eta= 0.56409

     H   21    Vxx=   -0.0572    axis=( -0.130915 -0.966910 -0.218967)
     H   21    Vyy=   -0.4804    axis=(  0.137989  0.200946 -0.969835)
     H   21    Vzz=    0.5376    axis=(  0.981744 -0.157181  0.107116)
     H   21  Q=         1.0000 1e-30 m^2  Cq=         1.2631 MHz  eta= 0.78731

     C   22    Vxx=    0.0156    axis=( -0.249657  0.849621  0.464560)
     C   22    Vyy=    0.7768    axis=( -0.086816 -0.497459  0.863133)
     C   22    Vzz=   -0.7923    axis=(  0.964435  0.175156  0.197955)
     C   22  Q=         1.0000 1e-30 m^2  Cq=        -1.8617 MHz  eta= 0.96069

     C   23    Vxx=    0.0981    axis=(  0.928854  0.370242 -0.012269)
     C   23    Vyy=    0.5571    axis=( -0.032363  0.048109 -0.998318)
     C   23    Vzz=   -0.6551    axis=( -0.369029  0.927689  0.056668)
     C   23  Q=         1.0000 1e-30 m^2  Cq=        -1.5393 MHz  eta= 0.70056

     Cl  24    Vxx=    0.6720    axis=(  0.790270  0.609965 -0.058451)
     Cl  24    Vyy=    2.2428    axis=(  0.092650 -0.213238 -0.972597)
     Cl  24    Vzz=   -2.9148    axis=( -0.605714  0.763199 -0.225028)
     Cl  24  Q=        -8.1650 1e-30 m^2  Cq=        55.9187 MHz  eta= 0.53890

     Initialization:
     gipaw_setup  :      9.02s CPU     11.28s WALL (       1 calls)

     Linear response

     Apply operators

     Induced current

     Other routines
     efg          :      9.24s CPU     11.68s WALL (       1 calls)

     General routines
     calbec       :      3.30s CPU      4.51s WALL (      16 calls)
     fft          :      1.49s CPU      2.04s WALL (      15 calls)
     ffts         :      0.03s CPU      0.05s WALL (       2 calls)
     fftw         :      3.27s CPU      3.93s WALL (     672 calls)
     davcio       :      0.03s CPU      0.30s WALL (      32 calls)

     Parallel routines
     fft_scatter  :      2.07s CPU      3.18s WALL (     689 calls)

     Plugins

     GIPAW        :     60.91s CPU     73.00s WALL (       1 calls)
