
     Program QE v.6.0 (svn rev. 13079) starts on  6Jan2017 at 16:10:44 

     This program is part of the open-source Quantum ESPRESSO suite
     for quantum simulation of materials; please cite
         "P. Giannozzi et al., J. Phys.:Condens. Matter 21 395502 (2009);
          URL http://www.quantum-espresso.org", 
     in publications or presentations arising from this work. More details at
     http://www.quantum-espresso.org/quote

     Parallel version (MPI), running on     8 processors
     R & G space division:  proc/nbgrp/npool/nimage =       8

     ***** This is GIPAW svn revision unknown      *****

     Parallelizing q-star over 1 images

     Reading data from directory:
     /users/majewski/paradichlorobenzene/pbe/9_constraint/scratch/pbe.ecut100.np8.dt60.pcl2phi-129368.save
     Message from routine read_xml_file:
     file /users/majewski/paradichlorobenzene/pbe/9_constraint/scratch/pbe.ecut100.np8.dt60.pcl2phi-129368.save not guaranteed to be safe for post-processing

   Info: using nr1, nr2, nr3 values from input

   Info: using nr1, nr2, nr3 values from input

     IMPORTANT: XC functional enforced from input :
     Exchange-correlation      =  SLA  PW   PBX  PBC ( 1  4  3  4 0 0)
     Any further DFT definition will be discarded
     Please, verify this is what you really want

               file C.pbe-n-kjpaw_psl.1.0.0.UPF: wavefunction(s)  2S 2P renormalized
               file Cl.pbe-n-kjpaw_psl.1.0.0.UPF: wavefunction(s)  3S 3P renormalized
               file H.pbe-kjpaw_psl.1.0.0.UPF: wavefunction(s)  1S renormalized

     Parallelization info
     --------------------
     sticks:   dense  smooth     PW     G-vecs:    dense   smooth      PW
     Min        3057    1223    332               144436    36536    5170
     Max        3059    1225    333               144437    36537    5171
     Sum       24467    9791   2657              1155489   292295   41363


     Subspace diagonalization in iterative solution of the eigenvalue problem:
     a serial algorithm will be used

     GIPAW projectors -----------------------------------------------
     atom=  C    l=0  rc=    1.2000  rs=    0.8000
     atom=  C    l=0  rc=    1.2000  rs=    0.8000
     atom=  C    l=1  rc=    1.4000  rs=    0.9333
     atom=  C    l=1  rc=    1.4000  rs=    0.9333
     projs nearly linearly dependent: l=1  n1,n2= 1, 2  s=  0.99951561

     atom=  Cl   l=0  rc=    1.6000  rs=    1.0667
     atom=  Cl   l=0  rc=    1.6000  rs=    1.0667
     atom=  Cl   l=1  rc=    1.6000  rs=    1.0667
     atom=  Cl   l=1  rc=    1.6000  rs=    1.0667
     atom=  Cl   l=2  rc=    1.6000  rs=    1.0667
     atom=  Cl   l=2  rc=    1.6000  rs=    1.0667
     projs nearly linearly dependent: l=2  n1,n2= 1, 2  s=  0.99993509

     atom=  H    l=0  rc=    1.0000  rs=    0.6667
     atom=  H    l=0  rc=    1.0000  rs=    0.6667
     projs nearly linearly dependent: l=0  n1,n2= 1, 2  s=  0.99968852
     -----------------------------------------------------------------

     GIPAW integrals: -------------------------------------------
     Atom  i/j   nmr_para   nmr_dia   epr_rmc  epr_para   epr_dia
       C   1 1   0.83E+03  0.17E-01  0.93E+01  0.24E+08  0.24E+03
       C   2 1   0.86E+03 -0.61E-01  0.94E+01  0.25E+08  0.25E+03
       C   2 2   0.90E+03 -0.15E+00  0.97E+01  0.26E+08  0.26E+03
       C   3 3   0.33E+01  0.34E+00  0.18E+01  0.55E+03  0.21E+02
       C   4 3   0.35E+01  0.37E+00  0.20E+01  0.59E+03  0.22E+02
       C   4 4   0.38E+01  0.39E+00  0.22E+01  0.63E+03  0.24E+02
       Cl  1 1   0.14E+04 -0.47E+00  0.84E+01  0.32E+09  0.42E+03
       Cl  2 1   0.21E+04 -0.37E+00  0.12E+02  0.49E+09  0.65E+03
       Cl  2 2   0.33E+04 -0.16E+00  0.21E+02  0.76E+09  0.10E+04
       Cl  3 3   0.21E+02  0.79E-01  0.89E+01  0.23E+05  0.13E+03
       Cl  4 3   0.24E+02  0.67E-01  0.99E+01  0.27E+05  0.15E+03
       Cl  4 4   0.28E+02  0.44E-01  0.11E+02  0.32E+05  0.18E+03
       Cl  5 5   0.77E+00  0.19E+00  0.18E+01  0.12E+03  0.22E+02
       Cl  6 5   0.80E+00  0.19E+00  0.19E+01  0.12E+03  0.23E+02
       Cl  6 6   0.83E+00  0.20E+00  0.19E+01  0.12E+03  0.23E+02
       H   1 1   0.39E+02  0.19E+00  0.29E+00  0.78E+05  0.13E+02
       H   2 1   0.41E+02  0.21E+00  0.32E+00  0.82E+05  0.14E+02
       H   2 2   0.43E+02  0.22E+00  0.36E+00  0.86E+05  0.15E+02
     ------------------------------------------------------------

     alpha_pv=     34.1219 eV

     Number of occupied bands for each k-point:
     k-point:     1    nbnd_occ=  42
     k-point:     2    nbnd_occ=  42
     k-point:     3    nbnd_occ=  42
     k-point:     4    nbnd_occ=  42
     k-point:     5    nbnd_occ=  42
     k-point:     6    nbnd_occ=  42
     k-point:     7    nbnd_occ=  42
     k-point:     8    nbnd_occ=  42
     k-point:     9    nbnd_occ=  42
     k-point:    10    nbnd_occ=  42
     k-point:    11    nbnd_occ=  42
     k-point:    12    nbnd_occ=  42
     k-point:    13    nbnd_occ=  42
     k-point:    14    nbnd_occ=  42
     k-point:    15    nbnd_occ=  42
     k-point:    16    nbnd_occ=  42


     q-space interpolation up to   110.00 Rydberg

     GIPAW job: efg                                                                             


     ELECTRIC FIELD GRADIENTS TENSORS IN Hartree/bohrradius^2:

     ----- bare term -----
     Cl   1       -0.079150        0.116569        0.082567
     Cl   1        0.116569       -0.069996       -0.036292
     Cl   1        0.082567       -0.036292        0.149147

     C    2       -0.159152        0.063436       -0.486241
     C    2        0.063436       -0.051889       -0.477392
     C    2       -0.486241       -0.477392        0.211041

     C    3       -0.133905        0.423792       -0.283499
     C    3        0.423792       -0.277134       -0.476594
     C    3       -0.283499       -0.476594        0.411039

     H    4       -0.273228       -0.194846       -0.496950
     H    4       -0.194846        0.361053       -0.216991
     H    4       -0.496950       -0.216991       -0.087825

     C    5       -0.393879        0.267855       -0.448399
     C    5        0.267855        0.046392       -0.417702
     C    5       -0.448399       -0.417702        0.347487

     H    6        0.377688       -0.017212        0.157977
     H    6       -0.017212       -0.166067       -0.475916
     H    6        0.157977       -0.475916       -0.211621

     H    7        0.426329       -0.074753       -0.132519
     H    7       -0.074753       -0.654192        0.121407
     H    7       -0.132519        0.121407        0.227863

     C    8       -0.510930       -0.064767       -0.336152
     C    8       -0.064767       -0.057343        0.415727
     C    8       -0.336152        0.415727        0.568273

     H    9       -0.390378        0.464648       -0.089417
     H    9        0.464648        0.178207       -0.081440
     H    9       -0.089417       -0.081440        0.212171

     C   10       -0.222161       -0.337568       -0.140245
     C   10       -0.337568       -0.333227        0.533411
     C   10       -0.140245        0.533411        0.555388

     C   11       -0.033577        0.038667       -0.561749
     C   11        0.038667       -0.218927        0.526279
     C   11       -0.561749        0.526279        0.252504

     Cl  12       -0.162628       -0.070220       -0.079151
     Cl  12       -0.070220       -0.125509        0.027916
     Cl  12       -0.079151        0.027916        0.288137

     H   13        0.324659       -0.396969        0.135257
     H   13       -0.396969       -0.621782        0.030097
     H   13        0.135257        0.030097        0.297123

     C   14       -0.160132        0.384179       -0.308740
     C   14        0.384179       -0.248838       -0.308290
     C   14       -0.308740       -0.308290        0.408970

     H   15       -0.534215       -0.363625        0.193448
     H   15       -0.363625        0.335543        0.020562
     H   15        0.193448        0.020562        0.198672

     C   16       -0.146206        0.189985       -0.324721
     C   16        0.189985       -0.263562       -0.465571
     C   16       -0.324721       -0.465571        0.409768

     C   17       -0.219683        0.154847       -0.348440
     C   17        0.154847       -0.132711       -0.544746
     C   17       -0.348440       -0.544746        0.352394

     Cl  18       -0.029736        0.024481        0.025928
     Cl  18        0.024481        0.013020        0.068541
     Cl  18        0.025928        0.068541        0.016715

     H   19        0.231443        0.335437        0.007874
     H   19        0.335437       -0.537110        0.309206
     H   19        0.007874        0.309206        0.305667

     C   20       -0.310819       -0.326023       -0.372084
     C   20       -0.326023       -0.162031        0.399639
     C   20       -0.372084        0.399639        0.472850

     H   21       -0.492917        0.448450       -0.099968
     H   21        0.448450        0.237374       -0.000415
     H   21       -0.099968       -0.000415        0.255542

     C   22       -0.083529       -0.124983       -0.359273
     C   22       -0.124983       -0.327258        0.509760
     C   22       -0.359273        0.509760        0.410786

     C   23       -0.238488       -0.189172       -0.325166
     C   23       -0.189172       -0.123641        0.433676
     C   23       -0.325166        0.433676        0.362129

     Cl  24        0.099339        0.136135       -0.006859
     Cl  24        0.136135       -0.006258        0.007434
     Cl  24       -0.006859        0.007434       -0.093081

     ----- ionic term -----
     Cl   1        0.165928       -0.219547       -0.034752
     Cl   1       -0.219547       -0.015640        0.026436
     Cl   1       -0.034752        0.026436       -0.150288

     C    2        0.299548       -0.175228        0.140380
     C    2       -0.175228        0.067974        0.405463
     C    2        0.140380        0.405463       -0.367522

     C    3        0.200635       -0.251587        0.173377
     C    3       -0.251587        0.125351        0.383476
     C    3        0.173377        0.383476       -0.325987

     H    4        0.592628        0.353552        0.679205
     H    4        0.353552       -0.420423        0.275315
     H    4        0.679205        0.275315       -0.172205

     C    5        0.338055       -0.227921        0.294886
     C    5       -0.227921        0.008781        0.308674
     C    5        0.294886        0.308674       -0.346836

     H    6       -0.520634        0.037401        0.061373
     H    6        0.037401        0.607412        0.740948
     H    6        0.061373        0.740948       -0.086778

     H    7       -0.492891       -0.016756        0.006540
     H    7       -0.016756        0.714999       -0.657215
     H    7        0.006540       -0.657215       -0.222108

     C    8        0.374819        0.129111        0.228408
     C    8        0.129111        0.113221       -0.260001
     C    8        0.228408       -0.260001       -0.488040

     H    9        0.713575       -0.460667        0.509746
     H    9       -0.460667       -0.284808       -0.229344
     H    9        0.509746       -0.229344       -0.428766

     C   10        0.175305        0.127390        0.195631
     C   10        0.127390        0.346870       -0.288632
     C   10        0.195631       -0.288632       -0.522175

     C   11        0.212474        0.050452        0.336888
     C   11        0.050452        0.243510       -0.306455
     C   11        0.336888       -0.306455       -0.455984

     Cl  12        0.151222        0.193767        0.048742
     Cl  12        0.193767        0.000934        0.019672
     Cl  12        0.048742        0.019672       -0.152156

     H   13       -0.505717        0.112733        0.024467
     H   13        0.112733        0.796612        0.603976
     H   13        0.024467        0.603976       -0.290894

     C   14        0.317480       -0.173460        0.174993
     C   14       -0.173460        0.142015        0.282321
     C   14        0.174993        0.282321       -0.459495

     H   15        0.870834        0.372240        0.419462
     H   15        0.372240       -0.403131        0.171379
     H   15        0.419462        0.171379       -0.467703

     C   16        0.199601       -0.200146        0.134504
     C   16       -0.200146        0.272093        0.358513
     C   16        0.134504        0.358513       -0.471693

     C   17        0.161722       -0.149895        0.316732
     C   17       -0.149895        0.223932        0.369980
     C   17        0.316732        0.369980       -0.385653

     Cl  18        0.096922       -0.213188        0.006914
     Cl  18       -0.213188        0.072037       -0.003584
     Cl  18        0.006914       -0.003584       -0.168958

     H   19       -0.522538       -0.128711        0.087156
     H   19       -0.128711        0.610705       -0.705697
     H   19        0.087156       -0.705697       -0.088168

     C   20        0.237102        0.100019        0.304588
     C   20        0.100019        0.112016       -0.298951
     C   20        0.304588       -0.298951       -0.349119

     H   21        0.630161       -0.459247        0.539595
     H   21       -0.459247       -0.284965       -0.272571
     H   21        0.539595       -0.272571       -0.345196

     C   22        0.096526        0.153037        0.187831
     C   22        0.153037        0.305252       -0.383534
     C   22        0.187831       -0.383534       -0.401778

     C   23        0.282892        0.074412        0.231817
     C   23        0.074412        0.173823       -0.375953
     C   23        0.231817       -0.375953       -0.456715

     Cl  24        0.153217        0.194271        0.009093
     Cl  24        0.194271        0.001521        0.003542
     Cl  24        0.009093        0.003542       -0.154738

     ----- GIPAW term -----
     Cl   1        1.107429       -1.853020        0.642529
     Cl   1       -1.853020       -0.431817       -0.272474
     Cl   1        0.642529       -0.272474       -0.675613

     C    2        0.084227       -0.053536       -0.119649
     C    2       -0.053536        0.009983       -0.095182
     C    2       -0.119649       -0.095182       -0.094209

     C    3       -0.009166        0.104795       -0.136487
     C    3        0.104795       -0.075161       -0.108459
     C    3       -0.136487       -0.108459        0.084327

     H    4       -0.000000        0.000000        0.000000
     H    4        0.000000        0.000000        0.000000
     H    4        0.000000        0.000000        0.000000

     C    5       -0.052990        0.108165       -0.147747
     C    5        0.108165       -0.010396       -0.151024
     C    5       -0.147747       -0.151024        0.063386

     H    6       -0.000000        0.000000        0.000000
     H    6        0.000000        0.000000        0.000000
     H    6        0.000000        0.000000        0.000000

     H    7       -0.000000        0.000000        0.000000
     H    7        0.000000        0.000000        0.000000
     H    7        0.000000        0.000000        0.000000

     C    8       -0.162567        0.009316       -0.020718
     C    8        0.009316       -0.065933        0.177705
     C    8       -0.020718        0.177705        0.228500

     H    9       -0.000000        0.000000        0.000000
     H    9        0.000000        0.000000        0.000000
     H    9        0.000000        0.000000        0.000000

     C   10       -0.104244       -0.044756       -0.018572
     C   10       -0.044756       -0.081923        0.136684
     C   10       -0.018572        0.136684        0.186167

     C   11        0.097122        0.088193       -0.209207
     C   11        0.088193       -0.093187        0.114934
     C   11       -0.209207        0.114934       -0.003934

     Cl  12       -0.207537        1.677354       -0.688052
     Cl  12        1.677354       -1.162805        0.335820
     Cl  12       -0.688052        0.335820        1.370341

     H   13       -0.000000        0.000000        0.000000
     H   13        0.000000        0.000000        0.000000
     H   13        0.000000        0.000000        0.000000

     C   14        0.041971        0.152561       -0.172426
     C   14        0.152561       -0.095134       -0.136139
     C   14       -0.172426       -0.136139        0.053163

     H   15       -0.000000        0.000000        0.000000
     H   15        0.000000        0.000000        0.000000
     H   15        0.000000        0.000000        0.000000

     C   16       -0.044552        0.076562       -0.202172
     C   16        0.076562       -0.090245       -0.147966
     C   16       -0.202172       -0.147966        0.134797

     C   17        0.031299       -0.056896       -0.134513
     C   17       -0.056896       -0.050069       -0.131199
     C   17       -0.134513       -0.131199        0.018770

     Cl  18        1.124588       -1.990016        0.183687
     Cl  18       -1.990016        0.229716        0.545430
     Cl  18        0.183687        0.545430       -1.354304

     H   19       -0.000000        0.000000        0.000000
     H   19        0.000000        0.000000        0.000000
     H   19        0.000000        0.000000        0.000000

     C   20       -0.042013       -0.121850       -0.154097
     C   20       -0.121850       -0.068639        0.166165
     C   20       -0.154097        0.166165        0.110653

     H   21       -0.000000        0.000000        0.000000
     H   21        0.000000        0.000000        0.000000
     H   21        0.000000        0.000000        0.000000

     C   22       -0.008933        0.020707       -0.165219
     C   22        0.020707       -0.092135        0.055807
     C   22       -0.165219        0.055807        0.101068

     C   23        0.063675        0.114457       -0.084371
     C   23        0.114457       -0.026929        0.052756
     C   23       -0.084371        0.052756       -0.036746

     Cl  24        2.062149        3.005716       -0.001018
     Cl  24        3.005716       -0.017096        0.106780
     Cl  24       -0.001018        0.106780       -2.045053

     ----- total EFG -----
     Cl   1        1.194207       -1.955997        0.690345
     Cl   1       -1.955997       -0.517453       -0.282329
     Cl   1        0.690345       -0.282329       -0.676754

     C    2        0.224623       -0.165328       -0.465510
     C    2       -0.165328        0.026068       -0.167111
     C    2       -0.465510       -0.167111       -0.250691

     C    3        0.057564        0.276999       -0.246610
     C    3        0.276999       -0.226943       -0.201576
     C    3       -0.246610       -0.201576        0.169379

     H    4        0.319401        0.158706        0.182255
     H    4        0.158706       -0.059370        0.058323
     H    4        0.182255        0.058323       -0.260031

     C    5       -0.108814        0.148099       -0.301259
     C    5        0.148099        0.044777       -0.260052
     C    5       -0.301259       -0.260052        0.064037

     H    6       -0.142945        0.020189        0.219350
     H    6        0.020189        0.441345        0.265032
     H    6        0.219350        0.265032       -0.298399

     H    7       -0.066561       -0.091509       -0.125979
     H    7       -0.091509        0.060807       -0.535808
     H    7       -0.125979       -0.535808        0.005755

     C    8       -0.298679        0.073660       -0.128461
     C    8        0.073660       -0.010055        0.333431
     C    8       -0.128461        0.333431        0.308733

     H    9        0.323197        0.003981        0.420330
     H    9        0.003981       -0.106602       -0.310784
     H    9        0.420330       -0.310784       -0.216595

     C   10       -0.151101       -0.254934        0.036815
     C   10       -0.254934       -0.068280        0.381463
     C   10        0.036815        0.381463        0.219381

     C   11        0.276019        0.177312       -0.434067
     C   11        0.177312       -0.068605        0.334758
     C   11       -0.434067        0.334758       -0.207414

     Cl  12       -0.218942        1.800901       -0.718461
     Cl  12        1.800901       -1.287380        0.383408
     Cl  12       -0.718461        0.383408        1.506322

     H   13       -0.181058       -0.284237        0.159724
     H   13       -0.284237        0.174829        0.634073
     H   13        0.159724        0.634073        0.006229

     C   14        0.199320        0.363281       -0.306173
     C   14        0.363281       -0.201958       -0.162108
     C   14       -0.306173       -0.162108        0.002638

     H   15        0.336619        0.008615        0.612910
     H   15        0.008615       -0.067588        0.191941
     H   15        0.612910        0.191941       -0.269031

     C   16        0.008843        0.066400       -0.392389
     C   16        0.066400       -0.081715       -0.255024
     C   16       -0.392389       -0.255024        0.072871

     C   17       -0.026662       -0.051944       -0.166222
     C   17       -0.051944        0.041151       -0.305966
     C   17       -0.166222       -0.305966       -0.014489

     Cl  18        1.191774       -2.178723        0.216529
     Cl  18       -2.178723        0.314773        0.610386
     Cl  18        0.216529        0.610386       -1.506547

     H   19       -0.291095        0.206726        0.095030
     H   19        0.206726        0.073596       -0.396490
     H   19        0.095030       -0.396490        0.217499

     C   20       -0.115729       -0.347854       -0.221593
     C   20       -0.347854       -0.118655        0.266854
     C   20       -0.221593        0.266854        0.234384

     H   21        0.137244       -0.010797        0.439627
     H   21       -0.010797       -0.047591       -0.272986
     H   21        0.439627       -0.272986       -0.089654

     C   22        0.004064        0.048761       -0.336661
     C   22        0.048761       -0.114140        0.182034
     C   22       -0.336661        0.182034        0.110076

     C   23        0.108079       -0.000303       -0.177720
     C   23       -0.000303        0.023253        0.110479
     C   23       -0.177720        0.110479       -0.131332

     Cl  24        2.314705        3.336122        0.001216
     Cl  24        3.336122       -0.021833        0.117756
     Cl  24        0.001216        0.117756       -2.292873

     ----- total EFG (symmetrized) -----
     Cl   1        1.194207       -1.955997        0.690345
     Cl   1       -1.955997       -0.517453       -0.282329
     Cl   1        0.690345       -0.282329       -0.676754

     C    2        0.224623       -0.165328       -0.465510
     C    2       -0.165328        0.026068       -0.167111
     C    2       -0.465510       -0.167111       -0.250691

     C    3        0.057564        0.276999       -0.246610
     C    3        0.276999       -0.226943       -0.201576
     C    3       -0.246610       -0.201576        0.169379

     H    4        0.319401        0.158706        0.182255
     H    4        0.158706       -0.059370        0.058323
     H    4        0.182255        0.058323       -0.260031

     C    5       -0.108814        0.148099       -0.301259
     C    5        0.148099        0.044777       -0.260052
     C    5       -0.301259       -0.260052        0.064037

     H    6       -0.142945        0.020189        0.219350
     H    6        0.020189        0.441345        0.265032
     H    6        0.219350        0.265032       -0.298399

     H    7       -0.066561       -0.091509       -0.125979
     H    7       -0.091509        0.060807       -0.535808
     H    7       -0.125979       -0.535808        0.005755

     C    8       -0.298679        0.073660       -0.128461
     C    8        0.073660       -0.010055        0.333431
     C    8       -0.128461        0.333431        0.308733

     H    9        0.323197        0.003981        0.420330
     H    9        0.003981       -0.106602       -0.310784
     H    9        0.420330       -0.310784       -0.216595

     C   10       -0.151101       -0.254934        0.036815
     C   10       -0.254934       -0.068280        0.381463
     C   10        0.036815        0.381463        0.219381

     C   11        0.276019        0.177312       -0.434067
     C   11        0.177312       -0.068605        0.334758
     C   11       -0.434067        0.334758       -0.207414

     Cl  12       -0.218942        1.800901       -0.718461
     Cl  12        1.800901       -1.287380        0.383408
     Cl  12       -0.718461        0.383408        1.506322

     H   13       -0.181058       -0.284237        0.159724
     H   13       -0.284237        0.174829        0.634073
     H   13        0.159724        0.634073        0.006229

     C   14        0.199320        0.363281       -0.306173
     C   14        0.363281       -0.201958       -0.162108
     C   14       -0.306173       -0.162108        0.002638

     H   15        0.336619        0.008615        0.612910
     H   15        0.008615       -0.067588        0.191941
     H   15        0.612910        0.191941       -0.269031

     C   16        0.008843        0.066400       -0.392389
     C   16        0.066400       -0.081715       -0.255024
     C   16       -0.392389       -0.255024        0.072871

     C   17       -0.026662       -0.051944       -0.166222
     C   17       -0.051944        0.041151       -0.305966
     C   17       -0.166222       -0.305966       -0.014489

     Cl  18        1.191774       -2.178723        0.216529
     Cl  18       -2.178723        0.314773        0.610386
     Cl  18        0.216529        0.610386       -1.506547

     H   19       -0.291095        0.206726        0.095030
     H   19        0.206726        0.073596       -0.396490
     H   19        0.095030       -0.396490        0.217499

     C   20       -0.115729       -0.347854       -0.221593
     C   20       -0.347854       -0.118655        0.266854
     C   20       -0.221593        0.266854        0.234384

     H   21        0.137244       -0.010797        0.439627
     H   21       -0.010797       -0.047591       -0.272986
     H   21        0.439627       -0.272986       -0.089654

     C   22        0.004064        0.048761       -0.336661
     C   22        0.048761       -0.114140        0.182034
     C   22       -0.336661        0.182034        0.110076

     C   23        0.108079       -0.000303       -0.177720
     C   23       -0.000303        0.023253        0.110479
     C   23       -0.177720        0.110479       -0.131332

     Cl  24        2.314705        3.336122        0.001216
     Cl  24        3.336122       -0.021833        0.117756
     Cl  24        0.001216        0.117756       -2.292873


     NQR/NMR SPECTROSCOPIC PARAMETERS:
     Cl   1    Vxx=   -0.8191    axis=( -0.103297  0.234803  0.966539)
     Cl   1    Vyy=   -1.8164    axis=( -0.561668 -0.815748  0.138144)
     Cl   1    Vzz=    2.6355    axis=(  0.820889 -0.528605  0.216146)
     Cl   1  Q=        -8.1650 1e-30 m^2  Cq=       -50.5613 MHz  eta= 0.37840

     C    2    Vxx=    0.1012    axis=( -0.070411  0.933963 -0.350366)
     C    2    Vyy=    0.5162    axis=( -0.860030  0.121105  0.495662)
     C    2    Vzz=   -0.6174    axis=(  0.505361  0.336225  0.794709)
     C    2  Q=         1.0000 1e-30 m^2  Cq=        -1.4507 MHz  eta= 0.67211

     C    3    Vxx=   -0.1151    axis=(  0.634112  0.254677  0.730097)
     C    3    Vyy=   -0.4007    axis=(  0.472425 -0.875087 -0.105062)
     C    3    Vzz=    0.5158    axis=(  0.612141  0.411538 -0.675218)
     C    3  Q=         1.0000 1e-30 m^2  Cq=         1.2119 MHz  eta= 0.55362

     H    4    Vxx=   -0.1168    axis=(  0.328989 -0.943709  0.034352)
     H    4    Vyy=   -0.3133    axis=(  0.263209  0.056701 -0.963071)
     H    4    Vzz=    0.4301    axis=(  0.906911  0.325881  0.267046)
     H    4  Q=         1.0000 1e-30 m^2  Cq=         1.0106 MHz  eta= 0.45677

     C    5    Vxx=   -0.1481    axis=(  0.465112 -0.816946 -0.340983)
     C    5    Vyy=   -0.3417    axis=(  0.744284  0.152332  0.650259)
     C    5    Vzz=    0.4898    axis=(  0.479284  0.556231 -0.678891)
     C    5  Q=         1.0000 1e-30 m^2  Cq=         1.1508 MHz  eta= 0.39532

     H    6    Vxx=   -0.0375    axis=(  0.855497 -0.277905  0.436913)
     H    6    Vyy=   -0.5007    axis=(  0.500086  0.224573 -0.836350)
     H    6    Vzz=    0.5382    axis=(  0.134307  0.933989  0.331098)
     H    6  Q=         1.0000 1e-30 m^2  Cq=         1.2646 MHz  eta= 0.86072

     H    7    Vxx=   -0.0181    axis=(  0.952395 -0.232713 -0.196950)
     H    7    Vyy=   -0.5523    axis=(  0.303056  0.652331  0.694710)
     H    7    Vzz=    0.5705    axis=(  0.033192  0.721325 -0.691801)
     H    7  Q=         1.0000 1e-30 m^2  Cq=         1.3404 MHz  eta= 0.93637

     C    8    Vxx=   -0.1255    axis=( -0.585346 -0.717426  0.377716)
     C    8    Vyy=   -0.3994    axis=( -0.806174  0.465392 -0.365369)
     C    8    Vzz=    0.5249    axis=( -0.086340  0.518372  0.850785)
     C    8  Q=         1.0000 1e-30 m^2  Cq=         1.2334 MHz  eta= 0.52182

     H    9    Vxx=    0.0168    axis=(  0.437702  0.837555 -0.326983)
     H    9    Vyy=    0.5869    axis=(  0.823801 -0.227870  0.519064)
     H    9    Vzz=   -0.6037    axis=(  0.360235 -0.496565 -0.789718)
     H    9  Q=         1.0000 1e-30 m^2  Cq=        -1.4186 MHz  eta= 0.94432

     C   10    Vxx=   -0.0117    axis=(  0.797637 -0.366965  0.478657)
     C   10    Vyy=   -0.4937    axis=( -0.572528 -0.710284  0.409521)
     C   10    Vzz=    0.5054    axis=(  0.189702 -0.600694 -0.776647)
     C   10  Q=         1.0000 1e-30 m^2  Cq=         1.1876 MHz  eta= 0.95362

     C   11    Vxx=    0.1605    axis=(  0.296144  0.854046  0.427673)
     C   11    Vyy=    0.5317    axis=( -0.854383  0.036693  0.518347)
     C   11    Vzz=   -0.6923    axis=(  0.427000 -0.518902  0.740548)
     C   11  Q=         1.0000 1e-30 m^2  Cq=        -1.6265 MHz  eta= 0.53627

     Cl  12    Vxx=    0.9546    axis=(  0.661815  0.606868  0.440128)
     Cl  12    Vyy=    1.8052    axis=( -0.447448 -0.151285  0.881421)
     Cl  12    Vzz=   -2.7599    axis=(  0.601491 -0.780272  0.171420)
     Cl  12  Q=        -8.1650 1e-30 m^2  Cq=        52.9469 MHz  eta= 0.30820

     H   13    Vxx=   -0.0186    axis=(  0.858480 -0.234148  0.456276)
     H   13    Vyy=   -0.7254    axis=( -0.497035 -0.599089  0.627733)
     H   13    Vzz=    0.7440    axis=( -0.126367  0.765681  0.630685)
     H   13  Q=         1.0000 1e-30 m^2  Cq=         1.7482 MHz  eta= 0.94989

     C   14    Vxx=   -0.1935    axis=(  0.394048  0.304734  0.867100)
     C   14    Vyy=   -0.4172    axis=(  0.527954 -0.847301  0.057851)
     C   14    Vzz=    0.6107    axis=(  0.752324  0.434993 -0.494763)
     C   14  Q=         1.0000 1e-30 m^2  Cq=         1.4350 MHz  eta= 0.36642

     H   15    Vxx=   -0.0418    axis=(  0.248329 -0.958527 -0.139855)
     H   15    Vyy=   -0.6907    axis=(  0.494591  0.249604 -0.832513)
     H   15    Vzz=    0.7325    axis=(  0.832894  0.137566  0.536062)
     H   15  Q=         1.0000 1e-30 m^2  Cq=         1.7211 MHz  eta= 0.88583

     C   16    Vxx=   -0.1153    axis=( -0.556549  0.830051 -0.035611)
     C   16    Vyy=   -0.4108    axis=( -0.583131 -0.420802 -0.694899)
     C   16    Vzz=    0.5261    axis=( -0.591787 -0.365979  0.718226)
     C   16  Q=         1.0000 1e-30 m^2  Cq=         1.2362 MHz  eta= 0.56173

     C   17    Vxx=    0.0311    axis=( -0.876886  0.451980  0.163664)
     C   17    Vyy=    0.3373    axis=( -0.221206 -0.681693  0.697397)
     C   17    Vzz=   -0.3684    axis=( -0.426778 -0.575334 -0.697747)
     C   17  Q=         1.0000 1e-30 m^2  Cq=        -0.8657 MHz  eta= 0.83099

     Cl  18    Vxx=   -0.8841    axis=(  0.487073  0.532853  0.691973)
     Cl  18    Vyy=   -2.1025    axis=( -0.415014 -0.555927  0.720215)
     Cl  18    Vzz=    2.9866    axis=( -0.768455  0.637976  0.049636)
     Cl  18  Q=        -8.1650 1e-30 m^2  Cq=       -57.2960 MHz  eta= 0.40795

     H   19    Vxx=   -0.0567    axis=(  0.673186  0.522931  0.522842)
     H   19    Vyy=   -0.4963    axis=(  0.735594 -0.545885 -0.401136)
     H   19    Vzz=    0.5530    axis=( -0.075645 -0.654639  0.752147)
     H   19  Q=         1.0000 1e-30 m^2  Cq=         1.2994 MHz  eta= 0.79494

     C   20    Vxx=   -0.1113    axis=( -0.548269  0.454285 -0.702158)
     C   20    Vyy=   -0.4671    axis=( -0.682369 -0.728412  0.061546)
     C   20    Vzz=    0.5784    axis=( -0.483501  0.512875  0.709356)
     C   20  Q=         1.0000 1e-30 m^2  Cq=         1.3589 MHz  eta= 0.61514

     H   21    Vxx=   -0.0076    axis=(  0.502364  0.852475 -0.144624)
     H   21    Vyy=   -0.5276    axis=( -0.495545  0.420922  0.759776)
     H   21    Vzz=    0.5353    axis=(  0.708566 -0.310016  0.633896)
     H   21  Q=         1.0000 1e-30 m^2  Cq=         1.2577 MHz  eta= 0.97145

     C   22    Vxx=   -0.0408    axis=(  0.531551  0.825368  0.190321)
     C   22    Vyy=   -0.3799    axis=( -0.597937  0.524787 -0.605863)
     C   22    Vzz=    0.4206    axis=( -0.599938  0.208247  0.772469)
     C   22  Q=         1.0000 1e-30 m^2  Cq=         0.9883 MHz  eta= 0.80618

     C   23    Vxx=    0.0418    axis=(  0.410961  0.898926  0.151799)
     C   23    Vyy=    0.2183    axis=(  0.814255 -0.287046 -0.504572)
     C   23    Vzz=   -0.2601    axis=( -0.410000  0.330962 -0.849920)
     C   23  Q=         1.0000 1e-30 m^2  Cq=        -0.6111 MHz  eta= 0.67879

     Cl  24    Vxx=   -2.2345    axis=(  0.311687 -0.424711 -0.849983)
     Cl  24    Vyy=   -2.4474    axis=( -0.487636  0.696262 -0.526716)
     Cl  24    Vzz=    4.6819    axis=(  0.815514  0.578653  0.009912)
     Cl  24  Q=        -8.1650 1e-30 m^2  Cq=       -89.8196 MHz  eta= 0.04548

     Initialization:
     gipaw_setup  :      8.96s CPU     10.84s WALL (       1 calls)

     Linear response

     Apply operators

     Induced current

     Other routines
     efg          :      9.30s CPU     11.95s WALL (       1 calls)

     General routines
     calbec       :      3.25s CPU      4.15s WALL (      16 calls)
     fft          :      1.44s CPU      1.67s WALL (      15 calls)
     ffts         :      0.04s CPU      0.05s WALL (       2 calls)
     fftw         :      3.32s CPU      3.99s WALL (     672 calls)
     davcio       :      0.02s CPU      0.31s WALL (      32 calls)

     Parallel routines
     fft_scatter  :      2.11s CPU      2.89s WALL (     689 calls)

     Plugins

     GIPAW        :     62.12s CPU     73.94s WALL (       1 calls)
