
     Program QE v.6.0 (svn rev. 13079) starts on 15Jan2017 at  1:16: 4 

     This program is part of the open-source Quantum ESPRESSO suite
     for quantum simulation of materials; please cite
         "P. Giannozzi et al., J. Phys.:Condens. Matter 21 395502 (2009);
          URL http://www.quantum-espresso.org", 
     in publications or presentations arising from this work. More details at
     http://www.quantum-espresso.org/quote

     Parallel version (MPI), running on     8 processors
     R & G space division:  proc/nbgrp/npool/nimage =       8

     ***** This is GIPAW svn revision unknown      *****

     Parallelizing q-star over 1 images

     Reading data from directory:
     /users/majewski/paradichlorobenzene/pbe/9_constraint/scratch/pbe.ecut100.np8.dt60.pcl2phi-129368.save
     Message from routine read_xml_file:
     file /users/majewski/paradichlorobenzene/pbe/9_constraint/scratch/pbe.ecut100.np8.dt60.pcl2phi-129368.save not guaranteed to be safe for post-processing

   Info: using nr1, nr2, nr3 values from input

   Info: using nr1, nr2, nr3 values from input

     IMPORTANT: XC functional enforced from input :
     Exchange-correlation      =  SLA  PW   PBX  PBC ( 1  4  3  4 0 0)
     Any further DFT definition will be discarded
     Please, verify this is what you really want

               file C.pbe-n-kjpaw_psl.1.0.0.UPF: wavefunction(s)  2S 2P renormalized
               file Cl.pbe-n-kjpaw_psl.1.0.0.UPF: wavefunction(s)  3S 3P renormalized
               file H.pbe-kjpaw_psl.1.0.0.UPF: wavefunction(s)  1S renormalized

     Parallelization info
     --------------------
     sticks:   dense  smooth     PW     G-vecs:    dense   smooth      PW
     Min        3057    1223    332               144436    36536    5170
     Max        3059    1225    333               144437    36537    5171
     Sum       24467    9791   2657              1155489   292295   41363


     Subspace diagonalization in iterative solution of the eigenvalue problem:
     a serial algorithm will be used

     GIPAW projectors -----------------------------------------------
     atom=  C    l=0  rc=    1.2000  rs=    0.8000
     atom=  C    l=0  rc=    1.2000  rs=    0.8000
     atom=  C    l=1  rc=    1.4000  rs=    0.9333
     atom=  C    l=1  rc=    1.4000  rs=    0.9333
     projs nearly linearly dependent: l=1  n1,n2= 1, 2  s=  0.99951561

     atom=  Cl   l=0  rc=    1.6000  rs=    1.0667
     atom=  Cl   l=0  rc=    1.6000  rs=    1.0667
     atom=  Cl   l=1  rc=    1.6000  rs=    1.0667
     atom=  Cl   l=1  rc=    1.6000  rs=    1.0667
     atom=  Cl   l=2  rc=    1.6000  rs=    1.0667
     atom=  Cl   l=2  rc=    1.6000  rs=    1.0667
     projs nearly linearly dependent: l=2  n1,n2= 1, 2  s=  0.99993509

     atom=  H    l=0  rc=    1.0000  rs=    0.6667
     atom=  H    l=0  rc=    1.0000  rs=    0.6667
     projs nearly linearly dependent: l=0  n1,n2= 1, 2  s=  0.99968852
     -----------------------------------------------------------------

     GIPAW integrals: -------------------------------------------
     Atom  i/j   nmr_para   nmr_dia   epr_rmc  epr_para   epr_dia
       C   1 1   0.83E+03  0.17E-01  0.93E+01  0.24E+08  0.24E+03
       C   2 1   0.86E+03 -0.61E-01  0.94E+01  0.25E+08  0.25E+03
       C   2 2   0.90E+03 -0.15E+00  0.97E+01  0.26E+08  0.26E+03
       C   3 3   0.33E+01  0.34E+00  0.18E+01  0.55E+03  0.21E+02
       C   4 3   0.35E+01  0.37E+00  0.20E+01  0.59E+03  0.22E+02
       C   4 4   0.38E+01  0.39E+00  0.22E+01  0.63E+03  0.24E+02
       Cl  1 1   0.14E+04 -0.47E+00  0.84E+01  0.32E+09  0.42E+03
       Cl  2 1   0.21E+04 -0.37E+00  0.12E+02  0.49E+09  0.65E+03
       Cl  2 2   0.33E+04 -0.16E+00  0.21E+02  0.76E+09  0.10E+04
       Cl  3 3   0.21E+02  0.79E-01  0.89E+01  0.23E+05  0.13E+03
       Cl  4 3   0.24E+02  0.67E-01  0.99E+01  0.27E+05  0.15E+03
       Cl  4 4   0.28E+02  0.44E-01  0.11E+02  0.32E+05  0.18E+03
       Cl  5 5   0.77E+00  0.19E+00  0.18E+01  0.12E+03  0.22E+02
       Cl  6 5   0.80E+00  0.19E+00  0.19E+01  0.12E+03  0.23E+02
       Cl  6 6   0.83E+00  0.20E+00  0.19E+01  0.12E+03  0.23E+02
       H   1 1   0.39E+02  0.19E+00  0.29E+00  0.78E+05  0.13E+02
       H   2 1   0.41E+02  0.21E+00  0.32E+00  0.82E+05  0.14E+02
       H   2 2   0.43E+02  0.22E+00  0.36E+00  0.86E+05  0.15E+02
     ------------------------------------------------------------

     alpha_pv=     34.3207 eV

     Number of occupied bands for each k-point:
     k-point:     1    nbnd_occ=  42
     k-point:     2    nbnd_occ=  42
     k-point:     3    nbnd_occ=  42
     k-point:     4    nbnd_occ=  42
     k-point:     5    nbnd_occ=  42
     k-point:     6    nbnd_occ=  42
     k-point:     7    nbnd_occ=  42
     k-point:     8    nbnd_occ=  42
     k-point:     9    nbnd_occ=  42
     k-point:    10    nbnd_occ=  42
     k-point:    11    nbnd_occ=  42
     k-point:    12    nbnd_occ=  42
     k-point:    13    nbnd_occ=  42
     k-point:    14    nbnd_occ=  42
     k-point:    15    nbnd_occ=  42
     k-point:    16    nbnd_occ=  42


     q-space interpolation up to   110.00 Rydberg

     GIPAW job: efg                                                                             


     ELECTRIC FIELD GRADIENTS TENSORS IN Hartree/bohrradius^2:

     ----- bare term -----
     Cl   1       -0.146239        0.133589        0.115452
     Cl   1        0.133589       -0.117661        0.037741
     Cl   1        0.115452        0.037741        0.263899

     C    2       -0.329976       -0.031192       -0.338147
     C    2       -0.031192       -0.081531       -0.535446
     C    2       -0.338147       -0.535446        0.411507

     C    3       -0.102770        0.117273       -0.314120
     C    3        0.117273       -0.244861       -0.544710
     C    3       -0.314120       -0.544710        0.347631

     H    4       -0.279729        0.068776       -0.559032
     H    4        0.068776        0.176321        0.025657
     H    4       -0.559032        0.025657        0.103408

     C    5       -0.185676        0.375482       -0.082065
     C    5        0.375482       -0.322536       -0.407456
     C    5       -0.082065       -0.407456        0.508211

     H    6        0.205281       -0.059289       -0.442315
     H    6       -0.059289        0.030669       -0.367650
     H    6       -0.442315       -0.367650       -0.235950

     H    7       -0.053840        0.165989       -0.161198
     H    7        0.165989       -0.268843        0.470080
     H    7       -0.161198        0.470080        0.322683

     C    8       -0.481271       -0.321354       -0.055776
     C    8       -0.321354        0.088010        0.395004
     C    8       -0.055776        0.395004        0.393261

     H    9       -0.183474       -0.132452       -0.539838
     H    9       -0.132452        0.035656       -0.075865
     H    9       -0.539838       -0.075865        0.147818

     C   10       -0.021338       -0.064335       -0.221556
     C   10       -0.064335       -0.048421        0.651005
     C   10       -0.221556        0.651005        0.069759

     C   11       -0.481285       -0.312548       -0.429309
     C   11       -0.312548        0.251227        0.277710
     C   11       -0.429309        0.277710        0.230058

     Cl  12       -0.025497       -0.132945        0.025818
     Cl  12       -0.132945        0.128335       -0.075478
     Cl  12        0.025818       -0.075478       -0.102839

     H   13        0.151214       -0.046740       -0.304901
     H   13       -0.046740       -0.233299       -0.471891
     H   13       -0.304901       -0.471891        0.082085

     C   14       -0.440662        0.324292       -0.194351
     C   14        0.324292        0.029662       -0.307506
     C   14       -0.194351       -0.307506        0.411000

     H   15       -0.532515       -0.110117       -0.402967
     H   15       -0.110117        0.313930       -0.194515
     H   15       -0.402967       -0.194515        0.218585

     C   16       -0.012435       -0.006247       -0.287387
     C   16       -0.006247       -0.239082       -0.518124
     C   16       -0.287387       -0.518124        0.251517

     C   17       -0.565549        0.281791       -0.373001
     C   17        0.281791        0.248767       -0.141754
     C   17       -0.373001       -0.141754        0.316782

     Cl  18        0.009058        0.055390        0.001021
     Cl  18        0.055390       -0.020524        0.015220
     Cl  18        0.001021        0.015220        0.011466

     H   19        0.385881        0.136118       -0.078677
     H   19        0.136118       -0.499822        0.534723
     H   19       -0.078677        0.534723        0.113940

     C   20       -0.231296       -0.200415       -0.281423
     C   20       -0.200415       -0.208447        0.401422
     C   20       -0.281423        0.401422        0.439743

     H   21        0.072511        0.100936       -0.383294
     H   21        0.100936        0.403186       -0.145694
     H   21       -0.383294       -0.145694       -0.475696

     C   22       -0.223008       -0.387177       -0.324478
     C   22       -0.387177       -0.235178        0.434432
     C   22       -0.324478        0.434432        0.458186

     C   23       -0.045760        0.144460       -0.470932
     C   23        0.144460       -0.144185        0.549041
     C   23       -0.470932        0.549041        0.189944

     Cl  24       -0.044042       -0.114673       -0.043255
     Cl  24       -0.114673       -0.037082        0.002711
     Cl  24       -0.043255        0.002711        0.081124

     ----- ionic term -----
     Cl   1        0.095612       -0.220376       -0.028444
     Cl   1       -0.220376        0.050216        0.033371
     Cl   1       -0.028444        0.033371       -0.145828

     C    2        0.213428       -0.195209        0.195408
     C    2       -0.195209        0.078691        0.439290
     C    2        0.195408        0.439290       -0.292119

     C    3        0.080209       -0.238597        0.175903
     C    3       -0.238597        0.113626        0.442259
     C    3        0.175903        0.442259       -0.193836

     H    4        0.527153        0.109439        0.759327
     H    4        0.109439       -0.527281        0.158821
     H    4        0.759327        0.158821        0.000127

     C    5        0.270706       -0.176494        0.300130
     C    5       -0.176494       -0.052861        0.321999
     C    5        0.300130        0.321999       -0.217845

     H    6       -0.471191        0.229173        0.236708
     H    6        0.229173        0.320123        0.784316
     H    6        0.236708        0.784316        0.151068

     H    7       -0.480375       -0.287421        0.117214
     H    7       -0.287421        0.820211       -0.543649
     H    7        0.117214       -0.543649       -0.339836

     C    8        0.201224        0.237924        0.256504
     C    8        0.237924        0.118418       -0.264929
     C    8        0.256504       -0.264929       -0.319643

     H    9        0.584951       -0.212392        0.719764
     H    9       -0.212392       -0.458823       -0.213201
     H    9        0.719764       -0.213201       -0.126129

     C   10        0.078144        0.265000        0.197331
     C   10        0.265000        0.220292       -0.441025
     C   10        0.197331       -0.441025       -0.298436

     C   11        0.144725        0.201241        0.344305
     C   11        0.201241        0.097153       -0.428247
     C   11        0.344305       -0.428247       -0.241878

     Cl  12        0.124576        0.225882       -0.002774
     Cl  12        0.225882        0.023394       -0.011429
     Cl  12       -0.002774       -0.011429       -0.147971

     H   13       -0.486337        0.179430        0.106997
     H   13        0.179430        0.569732        0.737070
     H   13        0.106997        0.737070       -0.083395

     C   14        0.331863       -0.190149        0.195503
     C   14       -0.190149        0.041443        0.318948
     C   14        0.195503        0.318948       -0.373306

     H   15        0.566913        0.372167        0.660555
     H   15        0.372167       -0.374290        0.283656
     H   15        0.660555        0.283656       -0.192622

     C   16        0.121460       -0.172042        0.168926
     C   16       -0.172042        0.212050        0.424850
     C   16        0.168926        0.424850       -0.333510

     C   17        0.154993       -0.178546        0.320537
     C   17       -0.178546        0.141867        0.356138
     C   17        0.320537        0.356138       -0.296860

     Cl  18        0.072996       -0.206783        0.007356
     Cl  18       -0.206783        0.071096        0.000968
     Cl  18        0.007356        0.000968       -0.144092

     H   19       -0.514888       -0.134653        0.096247
     H   19       -0.134653        0.709811       -0.675121
     H   19        0.096247       -0.675121       -0.194923

     C   20        0.212450        0.239095        0.358891
     C   20        0.239095        0.072670       -0.267218
     C   20        0.358891       -0.267218       -0.285120

     H   21        0.370891       -0.065010        0.815342
     H   21       -0.065010       -0.525000       -0.138970
     H   21        0.815342       -0.138970        0.154109

     C   22        0.041902        0.328328        0.249226
     C   22        0.328328        0.145789       -0.360869
     C   22        0.249226       -0.360869       -0.187691

     C   23        0.162895        0.256107        0.285738
     C   23        0.256107        0.043818       -0.378527
     C   23        0.285738       -0.378527       -0.206713

     Cl  24        0.138936        0.205569        0.006868
     Cl  24        0.205569        0.004479       -0.005821
     Cl  24        0.006868       -0.005821       -0.143415

     ----- GIPAW term -----
     Cl   1        0.006709       -1.209528        1.371259
     Cl   1       -1.209528       -1.340825        0.462626
     Cl   1        1.371259        0.462626        1.334116

     C    2       -0.049705       -0.131623       -0.054628
     C    2       -0.131623       -0.057252       -0.127838
     C    2       -0.054628       -0.127838        0.106957

     C    3       -0.014151       -0.037846       -0.094621
     C    3       -0.037846       -0.022637       -0.076918
     C    3       -0.094621       -0.076918        0.036788

     H    4       -0.000000        0.000000        0.000000
     H    4        0.000000        0.000000        0.000000
     H    4        0.000000        0.000000        0.000000

     C    5       -0.001324        0.084050        0.089393
     C    5        0.084050       -0.148743       -0.061820
     C    5        0.089393       -0.061820        0.150067

     H    6       -0.000000        0.000000        0.000000
     H    6        0.000000        0.000000        0.000000
     H    6        0.000000        0.000000        0.000000

     H    7       -0.000000        0.000000        0.000000
     H    7        0.000000        0.000000        0.000000
     H    7        0.000000        0.000000        0.000000

     C    8       -0.092815        0.087832        0.095261
     C    8        0.087832        0.093448        0.167737
     C    8        0.095261        0.167737       -0.000632

     H    9       -0.000000        0.000000        0.000000
     H    9        0.000000        0.000000        0.000000
     H    9        0.000000        0.000000        0.000000

     C   10       -0.119843        0.048686       -0.032526
     C   10        0.048686        0.250802        0.108711
     C   10       -0.032526        0.108711       -0.130959

     C   11       -0.083673       -0.048102       -0.065244
     C   11       -0.048102        0.229031        0.018350
     C   11       -0.065244        0.018350       -0.145358

     Cl  12        0.800759        0.565617        0.289841
     Cl  12        0.565617        1.586659       -0.738780
     Cl  12        0.289841       -0.738780       -2.387418

     H   13       -0.000000        0.000000        0.000000
     H   13        0.000000        0.000000        0.000000
     H   13        0.000000        0.000000        0.000000

     C   14       -0.027608       -0.072794        0.014674
     C   14       -0.072794        0.052735       -0.064740
     C   14        0.014674       -0.064740       -0.025127

     H   15       -0.000000        0.000000        0.000000
     H   15        0.000000        0.000000        0.000000
     H   15        0.000000        0.000000        0.000000

     C   16       -0.072772       -0.112488       -0.092865
     C   16       -0.112488        0.096974        0.046938
     C   16       -0.092865        0.046938       -0.024202

     C   17       -0.095473        0.048671        0.004717
     C   17        0.048671        0.165932        0.128610
     C   17        0.004717        0.128610       -0.070459

     Cl  18        0.423952        0.495737        0.450839
     Cl  18        0.495737        1.824535        0.895320
     Cl  18        0.450839        0.895320       -2.248487

     H   19       -0.000000        0.000000        0.000000
     H   19        0.000000        0.000000        0.000000
     H   19        0.000000        0.000000        0.000000

     C   20       -0.048659       -0.026520       -0.043201
     C   20       -0.026520       -0.070399        0.029293
     C   20       -0.043201        0.029293        0.119058

     H   21       -0.000000        0.000000        0.000000
     H   21        0.000000        0.000000        0.000000
     H   21        0.000000        0.000000        0.000000

     C   22       -0.063732       -0.079780       -0.155022
     C   22       -0.079780       -0.080885        0.100416
     C   22       -0.155022        0.100416        0.144618

     C   23        0.131408        0.181260       -0.105561
     C   23        0.181260       -0.040630        0.081768
     C   23       -0.105561        0.081768       -0.090778

     Cl  24        1.427460        1.945435       -0.349365
     Cl  24        1.945435       -0.116666       -0.000376
     Cl  24       -0.349365       -0.000376       -1.310794

     ----- total EFG -----
     Cl   1       -0.043919       -1.296315        1.458267
     Cl   1       -1.296315       -1.408269        0.533738
     Cl   1        1.458267        0.533738        1.452188

     C    2       -0.166253       -0.358024       -0.197367
     C    2       -0.358024       -0.060091       -0.223994
     C    2       -0.197367       -0.223994        0.226344

     C    3       -0.036712       -0.159170       -0.232837
     C    3       -0.159170       -0.153871       -0.179369
     C    3       -0.232837       -0.179369        0.190583

     H    4        0.247425        0.178214        0.200295
     H    4        0.178214       -0.350960        0.184478
     H    4        0.200295        0.184478        0.103535

     C    5        0.083706        0.283037        0.307459
     C    5        0.283037       -0.524139       -0.147278
     C    5        0.307459       -0.147278        0.440433

     H    6       -0.265910        0.169884       -0.205607
     H    6        0.169884        0.350792        0.416665
     H    6       -0.205607        0.416665       -0.084882

     H    7       -0.534216       -0.121431       -0.043984
     H    7       -0.121431        0.551368       -0.073568
     H    7       -0.043984       -0.073568       -0.017152

     C    8       -0.372862        0.004403        0.295988
     C    8        0.004403        0.299875        0.297812
     C    8        0.295988        0.297812        0.072986

     H    9        0.401477       -0.344844        0.179926
     H    9       -0.344844       -0.423167       -0.289066
     H    9        0.179926       -0.289066        0.021690

     C   10       -0.063038        0.249351       -0.056751
     C   10        0.249351        0.422673        0.318691
     C   10       -0.056751        0.318691       -0.359635

     C   11       -0.420233       -0.159409       -0.150247
     C   11       -0.159409        0.577411       -0.132187
     C   11       -0.150247       -0.132187       -0.157178

     Cl  12        0.899839        0.658554        0.312884
     Cl  12        0.658554        1.738388       -0.825688
     Cl  12        0.312884       -0.825688       -2.638227

     H   13       -0.335123        0.132690       -0.197903
     H   13        0.132690        0.336433        0.265179
     H   13       -0.197903        0.265179       -0.001310

     C   14       -0.136407        0.061349        0.015826
     C   14        0.061349        0.123840       -0.053298
     C   14        0.015826       -0.053298        0.012567

     H   15        0.034398        0.262050        0.257588
     H   15        0.262050       -0.060360        0.089141
     H   15        0.257588        0.089141        0.025962

     C   16        0.036253       -0.290776       -0.211327
     C   16       -0.290776        0.069941       -0.046335
     C   16       -0.211327       -0.046335       -0.106195

     C   17       -0.506030        0.151917       -0.047747
     C   17        0.151917        0.556566        0.342994
     C   17       -0.047747        0.342994       -0.050537

     Cl  18        0.506006        0.344344        0.459216
     Cl  18        0.344344        1.875108        0.911509
     Cl  18        0.459216        0.911509       -2.381114

     H   19       -0.129007        0.001465        0.017570
     H   19        0.001465        0.209989       -0.140398
     H   19        0.017570       -0.140398       -0.080982

     C   20       -0.067505        0.012160        0.034267
     C   20        0.012160       -0.206176        0.163498
     C   20        0.034267        0.163498        0.273681

     H   21        0.443401        0.035926        0.432048
     H   21        0.035926       -0.121814       -0.284664
     H   21        0.432048       -0.284664       -0.321587

     C   22       -0.244838       -0.138630       -0.230274
     C   22       -0.138630       -0.170275        0.173980
     C   22       -0.230274        0.173980        0.415113

     C   23        0.248543        0.581827       -0.290756
     C   23        0.581827       -0.140997        0.252283
     C   23       -0.290756        0.252283       -0.107546

     Cl  24        1.522354        2.036331       -0.385752
     Cl  24        2.036331       -0.149269       -0.003485
     Cl  24       -0.385752       -0.003485       -1.373085

     ----- total EFG (symmetrized) -----
     Cl   1       -0.043919       -1.296315        1.458267
     Cl   1       -1.296315       -1.408269        0.533738
     Cl   1        1.458267        0.533738        1.452188

     C    2       -0.166253       -0.358024       -0.197367
     C    2       -0.358024       -0.060091       -0.223994
     C    2       -0.197367       -0.223994        0.226344

     C    3       -0.036712       -0.159170       -0.232837
     C    3       -0.159170       -0.153871       -0.179369
     C    3       -0.232837       -0.179369        0.190583

     H    4        0.247425        0.178214        0.200295
     H    4        0.178214       -0.350960        0.184478
     H    4        0.200295        0.184478        0.103535

     C    5        0.083706        0.283037        0.307459
     C    5        0.283037       -0.524139       -0.147278
     C    5        0.307459       -0.147278        0.440433

     H    6       -0.265910        0.169884       -0.205607
     H    6        0.169884        0.350792        0.416665
     H    6       -0.205607        0.416665       -0.084882

     H    7       -0.534216       -0.121431       -0.043984
     H    7       -0.121431        0.551368       -0.073568
     H    7       -0.043984       -0.073568       -0.017152

     C    8       -0.372862        0.004403        0.295988
     C    8        0.004403        0.299875        0.297812
     C    8        0.295988        0.297812        0.072986

     H    9        0.401477       -0.344844        0.179926
     H    9       -0.344844       -0.423167       -0.289066
     H    9        0.179926       -0.289066        0.021690

     C   10       -0.063038        0.249351       -0.056751
     C   10        0.249351        0.422673        0.318691
     C   10       -0.056751        0.318691       -0.359635

     C   11       -0.420233       -0.159409       -0.150247
     C   11       -0.159409        0.577411       -0.132187
     C   11       -0.150247       -0.132187       -0.157178

     Cl  12        0.899839        0.658554        0.312884
     Cl  12        0.658554        1.738388       -0.825688
     Cl  12        0.312884       -0.825688       -2.638227

     H   13       -0.335123        0.132690       -0.197903
     H   13        0.132690        0.336433        0.265179
     H   13       -0.197903        0.265179       -0.001310

     C   14       -0.136407        0.061349        0.015826
     C   14        0.061349        0.123840       -0.053298
     C   14        0.015826       -0.053298        0.012567

     H   15        0.034398        0.262050        0.257588
     H   15        0.262050       -0.060360        0.089141
     H   15        0.257588        0.089141        0.025962

     C   16        0.036253       -0.290776       -0.211327
     C   16       -0.290776        0.069941       -0.046335
     C   16       -0.211327       -0.046335       -0.106195

     C   17       -0.506030        0.151917       -0.047747
     C   17        0.151917        0.556566        0.342994
     C   17       -0.047747        0.342994       -0.050537

     Cl  18        0.506006        0.344344        0.459216
     Cl  18        0.344344        1.875108        0.911509
     Cl  18        0.459216        0.911509       -2.381114

     H   19       -0.129007        0.001465        0.017570
     H   19        0.001465        0.209989       -0.140398
     H   19        0.017570       -0.140398       -0.080982

     C   20       -0.067505        0.012160        0.034267
     C   20        0.012160       -0.206176        0.163498
     C   20        0.034267        0.163498        0.273681

     H   21        0.443401        0.035926        0.432048
     H   21        0.035926       -0.121814       -0.284664
     H   21        0.432048       -0.284664       -0.321587

     C   22       -0.244838       -0.138630       -0.230274
     C   22       -0.138630       -0.170275        0.173980
     C   22       -0.230274        0.173980        0.415113

     C   23        0.248543        0.581827       -0.290756
     C   23        0.581827       -0.140997        0.252283
     C   23       -0.290756        0.252283       -0.107546

     Cl  24        1.522354        2.036331       -0.385752
     Cl  24        2.036331       -0.149269       -0.003485
     Cl  24       -0.385752       -0.003485       -1.373085


     NQR/NMR SPECTROSCOPIC PARAMETERS:
     Cl   1    Vxx=    0.2235    axis=(  0.618334 -0.640274 -0.455755)
     Cl   1    Vyy=    2.3583    axis=( -0.544624  0.068998 -0.835837)
     Cl   1    Vzz=   -2.5819    axis=(  0.566611  0.765042 -0.306045)
     Cl   1  Q=        -8.1650 1e-30 m^2  Cq=        49.5319 MHz  eta= 0.82683

     C    2    Vxx=    0.2344    axis=( -0.714175  0.617417  0.329773)
     C    2    Vyy=    0.3490    axis=( -0.005809 -0.476338  0.879243)
     C    2    Vzz=   -0.5834    axis=( -0.699943 -0.626017 -0.343775)
     C    2  Q=         1.0000 1e-30 m^2  Cq=        -1.3708 MHz  eta= 0.19643

     C    3    Vxx=    0.0539    axis=(  0.673156 -0.705875  0.220456)
     C    3    Vyy=    0.3475    axis=( -0.459853 -0.166098  0.872323)
     C    3    Vzz=   -0.4014    axis=( -0.579134 -0.688587 -0.436408)
     C    3  Q=         1.0000 1e-30 m^2  Cq=        -0.9432 MHz  eta= 0.73125

     H    4    Vxx=   -0.0324    axis=( -0.621302  0.102291  0.776865)
     H    4    Vyy=   -0.4340    axis=( -0.171340  0.949714 -0.262081)
     H    4    Vzz=    0.4664    axis=( -0.764608 -0.295940 -0.572533)
     H    4  Q=         1.0000 1e-30 m^2  Cq=         1.0958 MHz  eta= 0.86122

     C    5    Vxx=    0.0759    axis=(  0.759401  0.468927 -0.451019)
     C    5    Vyy=    0.6177    axis=( -0.504349 -0.013654 -0.863392)
     C    5    Vzz=   -0.6936    axis=( -0.411026  0.883131  0.226134)
     C    5  Q=         1.0000 1e-30 m^2  Cq=        -1.6296 MHz  eta= 0.78120

     H    6    Vxx=   -0.0366    axis=(  0.750738  0.302439 -0.587302)
     H    6    Vyy=   -0.5684    axis=( -0.658808  0.408214 -0.631928)
     H    6    Vzz=    0.6050    axis=(  0.048625  0.861332  0.505710)
     H    6  Q=         1.0000 1e-30 m^2  Cq=         1.4216 MHz  eta= 0.87893

     H    7    Vxx=   -0.0200    axis=( -0.109146  0.104081  0.988562)
     H    7    Vyy=   -0.5527    axis=(  0.988593  0.115197  0.097020)
     H    7    Vzz=    0.5727    axis=( -0.103782  0.987875 -0.115467)
     H    7  Q=         1.0000 1e-30 m^2  Cq=         1.3457 MHz  eta= 0.93001

     C    8    Vxx=    0.0020    axis=(  0.479779 -0.623882  0.616915)
     C    8    Vyy=    0.5407    axis=(  0.202592  0.762898  0.613957)
     C    8    Vzz=   -0.5427    axis=( -0.853679 -0.169582  0.492416)
     C    8  Q=         1.0000 1e-30 m^2  Cq=        -1.2752 MHz  eta= 0.99262

     H    9    Vxx=   -0.0241    axis=( -0.502404 -0.178654  0.845975)
     H    9    Vyy=   -0.6242    axis=(  0.246127  0.908391  0.338004)
     H    9    Vzz=    0.6483    axis=( -0.828862  0.378032 -0.412407)
     H    9  Q=         1.0000 1e-30 m^2  Cq=         1.5232 MHz  eta= 0.92559

     C   10    Vxx=   -0.0888    axis=(  0.895644 -0.184492 -0.404703)
     C   10    Vyy=   -0.5187    axis=( -0.315371  0.378192 -0.870352)
     C   10    Vzz=    0.6074    axis=(  0.313628  0.907157  0.280542)
     C   10  Q=         1.0000 1e-30 m^2  Cq=         1.4272 MHz  eta= 0.70776

     C   11    Vxx=   -0.0929    axis=(  0.444243 -0.070483 -0.893130)
     C   11    Vyy=   -0.5248    axis=( -0.886406 -0.179373 -0.426743)
     C   11    Vzz=    0.6177    axis=( -0.130125  0.981253 -0.142162)
     C   11  Q=         1.0000 1e-30 m^2  Cq=         1.4514 MHz  eta= 0.69928

     Cl  12    Vxx=    0.6660    axis=( -0.894670  0.406078 -0.186190)
     Cl  12    Vyy=    2.1723    axis=(  0.431548  0.893350 -0.125268)
     Cl  12    Vzz=   -2.8383    axis=( -0.115464  0.192423  0.974495)
     Cl  12  Q=        -8.1650 1e-30 m^2  Cq=        54.4521 MHz  eta= 0.53068

     H   13    Vxx=    0.0141    axis=(  0.560909  0.375879 -0.737628)
     H   13    Vyy=    0.4826    axis=( -0.028993 -0.881523 -0.471251)
     H   13    Vzz=   -0.4966    axis=(  0.827369 -0.285715  0.483556)
     H   13  Q=         1.0000 1e-30 m^2  Cq=        -1.1668 MHz  eta= 0.94341

     C   14    Vxx=    0.0003    axis=(  0.235167  0.284166  0.929487)
     C   14    Vyy=    0.1545    axis=(  0.177761  0.927602 -0.328565)
     C   14    Vzz=   -0.1548    axis=( -0.955561  0.242494  0.167628)
     C   14  Q=         1.0000 1e-30 m^2  Cq=        -0.3636 MHz  eta= 0.99642

     H   15    Vxx=   -0.1031    axis=(  0.146046  0.653457 -0.742741)
     H   15    Vyy=   -0.3196    axis=( -0.712746  0.590165  0.379075)
     H   15    Vzz=    0.4227    axis=(  0.686049  0.474023  0.551941)
     H   15  Q=         1.0000 1e-30 m^2  Cq=         0.9932 MHz  eta= 0.51212

     C   16    Vxx=    0.0013    axis=( -0.260742 -0.587865  0.765786)
     C   16    Vyy=    0.3736    axis=( -0.717734  0.648541  0.253480)
     C   16    Vzz=   -0.3750    axis=( -0.645656 -0.483538 -0.591032)
     C   16  Q=         1.0000 1e-30 m^2  Cq=        -0.8810 MHz  eta= 0.99291

     C   17    Vxx=   -0.1729    axis=( -0.290082 -0.357082  0.887888)
     C   17    Vyy=   -0.5498    axis=( -0.952046  0.201976 -0.229814)
     C   17    Vzz=    0.7227    axis=( -0.097270 -0.911975 -0.398548)
     C   17  Q=         1.0000 1e-30 m^2  Cq=         1.6980 MHz  eta= 0.52155

     Cl  18    Vxx=    0.4404    axis=(  0.959508 -0.273389  0.067846)
     Cl  18    Vyy=    2.1748    axis=(  0.253611  0.943272  0.214287)
     Cl  18    Vzz=   -2.6151    axis=( -0.122581 -0.188403  0.974412)
     Cl  18  Q=        -8.1650 1e-30 m^2  Cq=        50.1698 MHz  eta= 0.66322

     H   19    Vxx=   -0.1160    axis=(  0.789709  0.239671  0.564727)
     H   19    Vyy=   -0.1508    axis=(  0.613339 -0.288621 -0.735196)
     H   19    Vzz=    0.2668    axis=(  0.013214 -0.926960  0.374926)
     H   19  Q=         1.0000 1e-30 m^2  Cq=         0.6268 MHz  eta= 0.13030

     C   20    Vxx=   -0.0708    axis=(  0.995763 -0.019185 -0.089938)
     C   20    Vyy=   -0.2566    axis=( -0.008154  0.955726 -0.294145)
     C   20    Vzz=    0.3274    axis=(  0.091599  0.293632  0.951520)
     C   20  Q=         1.0000 1e-30 m^2  Cq=         0.7693 MHz  eta= 0.56734

     H   21    Vxx=    0.0100    axis=(  0.296045  0.880508 -0.370220)
     H   21    Vyy=    0.6480    axis=( -0.893602  0.118403 -0.432962)
     H   21    Vzz=   -0.6579    axis=( -0.337392  0.459005  0.821876)
     H   21  Q=         1.0000 1e-30 m^2  Cq=        -1.5459 MHz  eta= 0.96974

     C   22    Vxx=   -0.1856    axis=( -0.402883  0.826228 -0.393741)
     C   22    Vyy=   -0.3625    axis=(  0.860227  0.488745  0.145385)
     C   22    Vzz=    0.5481    axis=( -0.312561  0.280134  0.907651)
     C   22  Q=         1.0000 1e-30 m^2  Cq=         1.2878 MHz  eta= 0.32281

     C   23    Vxx=    0.0936    axis=( -0.180247  0.477696  0.859836)
     C   23    Vyy=    0.6790    axis=( -0.827085 -0.546748  0.130374)
     C   23    Vzz=   -0.7726    axis=(  0.532393 -0.687657  0.493645)
     C   23  Q=         1.0000 1e-30 m^2  Cq=        -1.8152 MHz  eta= 0.75778

     Cl  24    Vxx=   -1.2367    axis=( -0.285496  0.537172  0.793687)
     Cl  24    Vyy=   -1.6753    axis=(  0.478771 -0.637472  0.603662)
     Cl  24    Vzz=    2.9120    axis=( -0.830223 -0.552337  0.075187)
     Cl  24  Q=        -8.1650 1e-30 m^2  Cq=       -55.8659 MHz  eta= 0.15064

     Initialization:
     gipaw_setup  :      9.31s CPU     11.12s WALL (       1 calls)

     Linear response

     Apply operators

     Induced current

     Other routines
     efg          :      9.32s CPU     11.95s WALL (       1 calls)

     General routines
     calbec       :      3.26s CPU      4.35s WALL (      16 calls)
     fft          :      1.53s CPU      2.64s WALL (      15 calls)
     ffts         :      0.07s CPU      0.09s WALL (       2 calls)
     fftw         :      3.26s CPU      4.22s WALL (     672 calls)
     davcio       :      0.01s CPU      0.33s WALL (      32 calls)

     Parallel routines
     fft_scatter  :      2.20s CPU      3.90s WALL (     689 calls)

     Plugins

     GIPAW        :     60.94s CPU     77.35s WALL (       1 calls)
