
     Program QE v.6.0 (svn rev. 13079) starts on 22Dec2016 at 10:26:46 

     This program is part of the open-source Quantum ESPRESSO suite
     for quantum simulation of materials; please cite
         "P. Giannozzi et al., J. Phys.:Condens. Matter 21 395502 (2009);
          URL http://www.quantum-espresso.org", 
     in publications or presentations arising from this work. More details at
     http://www.quantum-espresso.org/quote

     Parallel version (MPI), running on     8 processors
     R & G space division:  proc/nbgrp/npool/nimage =       8

     ***** This is GIPAW svn revision unknown      *****

     Parallelizing q-star over 1 images

     Reading data from directory:
     /users/majewski/paradichlorobenzene/pbe/9_constraint/scratch/pbe.ecut100.np8.dt60.pcl2phi-129368.save
     Message from routine read_xml_file:
     file /users/majewski/paradichlorobenzene/pbe/9_constraint/scratch/pbe.ecut100.np8.dt60.pcl2phi-129368.save not guaranteed to be safe for post-processing

   Info: using nr1, nr2, nr3 values from input

   Info: using nr1, nr2, nr3 values from input

     IMPORTANT: XC functional enforced from input :
     Exchange-correlation      =  SLA  PW   PBX  PBC ( 1  4  3  4 0 0)
     Any further DFT definition will be discarded
     Please, verify this is what you really want

               file C.pbe-n-kjpaw_psl.1.0.0.UPF: wavefunction(s)  2S 2P renormalized
               file Cl.pbe-n-kjpaw_psl.1.0.0.UPF: wavefunction(s)  3S 3P renormalized
               file H.pbe-kjpaw_psl.1.0.0.UPF: wavefunction(s)  1S renormalized

     Parallelization info
     --------------------
     sticks:   dense  smooth     PW     G-vecs:    dense   smooth      PW
     Min        3057    1223    332               144436    36536    5170
     Max        3059    1225    333               144437    36537    5171
     Sum       24467    9791   2657              1155489   292295   41363


     Subspace diagonalization in iterative solution of the eigenvalue problem:
     a serial algorithm will be used

     GIPAW projectors -----------------------------------------------
     atom=  C    l=0  rc=    1.2000  rs=    0.8000
     atom=  C    l=0  rc=    1.2000  rs=    0.8000
     atom=  C    l=1  rc=    1.4000  rs=    0.9333
     atom=  C    l=1  rc=    1.4000  rs=    0.9333
     projs nearly linearly dependent: l=1  n1,n2= 1, 2  s=  0.99951561

     atom=  Cl   l=0  rc=    1.6000  rs=    1.0667
     atom=  Cl   l=0  rc=    1.6000  rs=    1.0667
     atom=  Cl   l=1  rc=    1.6000  rs=    1.0667
     atom=  Cl   l=1  rc=    1.6000  rs=    1.0667
     atom=  Cl   l=2  rc=    1.6000  rs=    1.0667
     atom=  Cl   l=2  rc=    1.6000  rs=    1.0667
     projs nearly linearly dependent: l=2  n1,n2= 1, 2  s=  0.99993509

     atom=  H    l=0  rc=    1.0000  rs=    0.6667
     atom=  H    l=0  rc=    1.0000  rs=    0.6667
     projs nearly linearly dependent: l=0  n1,n2= 1, 2  s=  0.99968852
     -----------------------------------------------------------------

     GIPAW integrals: -------------------------------------------
     Atom  i/j   nmr_para   nmr_dia   epr_rmc  epr_para   epr_dia
       C   1 1   0.83E+03  0.17E-01  0.93E+01  0.24E+08  0.24E+03
       C   2 1   0.86E+03 -0.61E-01  0.94E+01  0.25E+08  0.25E+03
       C   2 2   0.90E+03 -0.15E+00  0.97E+01  0.26E+08  0.26E+03
       C   3 3   0.33E+01  0.34E+00  0.18E+01  0.55E+03  0.21E+02
       C   4 3   0.35E+01  0.37E+00  0.20E+01  0.59E+03  0.22E+02
       C   4 4   0.38E+01  0.39E+00  0.22E+01  0.63E+03  0.24E+02
       Cl  1 1   0.14E+04 -0.47E+00  0.84E+01  0.32E+09  0.42E+03
       Cl  2 1   0.21E+04 -0.37E+00  0.12E+02  0.49E+09  0.65E+03
       Cl  2 2   0.33E+04 -0.16E+00  0.21E+02  0.76E+09  0.10E+04
       Cl  3 3   0.21E+02  0.79E-01  0.89E+01  0.23E+05  0.13E+03
       Cl  4 3   0.24E+02  0.67E-01  0.99E+01  0.27E+05  0.15E+03
       Cl  4 4   0.28E+02  0.44E-01  0.11E+02  0.32E+05  0.18E+03
       Cl  5 5   0.77E+00  0.19E+00  0.18E+01  0.12E+03  0.22E+02
       Cl  6 5   0.80E+00  0.19E+00  0.19E+01  0.12E+03  0.23E+02
       Cl  6 6   0.83E+00  0.20E+00  0.19E+01  0.12E+03  0.23E+02
       H   1 1   0.39E+02  0.19E+00  0.29E+00  0.78E+05  0.13E+02
       H   2 1   0.41E+02  0.21E+00  0.32E+00  0.82E+05  0.14E+02
       H   2 2   0.43E+02  0.22E+00  0.36E+00  0.86E+05  0.15E+02
     ------------------------------------------------------------

     alpha_pv=     33.7751 eV

     Number of occupied bands for each k-point:
     k-point:     1    nbnd_occ=  42
     k-point:     2    nbnd_occ=  42
     k-point:     3    nbnd_occ=  42
     k-point:     4    nbnd_occ=  42
     k-point:     5    nbnd_occ=  42
     k-point:     6    nbnd_occ=  42
     k-point:     7    nbnd_occ=  42
     k-point:     8    nbnd_occ=  42
     k-point:     9    nbnd_occ=  42
     k-point:    10    nbnd_occ=  42
     k-point:    11    nbnd_occ=  42
     k-point:    12    nbnd_occ=  42
     k-point:    13    nbnd_occ=  42
     k-point:    14    nbnd_occ=  42
     k-point:    15    nbnd_occ=  42
     k-point:    16    nbnd_occ=  42


     q-space interpolation up to   110.00 Rydberg

     GIPAW job: efg                                                                             


     ELECTRIC FIELD GRADIENTS TENSORS IN Hartree/bohrradius^2:

     ----- bare term -----
     Cl   1       -0.072542        0.106798       -0.006882
     Cl   1        0.106798       -0.009266       -0.003720
     Cl   1       -0.006882       -0.003720        0.081808

     C    2       -0.049909        0.124168       -0.167623
     C    2        0.124168        0.003964       -0.597971
     C    2       -0.167623       -0.597971        0.045945

     C    3       -0.189911        0.175609        0.097890
     C    3        0.175609       -0.067911       -0.075930
     C    3        0.097890       -0.075930        0.257823

     H    4       -0.283247       -0.458386        0.116866
     H    4       -0.458386        0.039119        0.183042
     H    4        0.116866        0.183042        0.244129

     C    5       -0.258829       -0.072544       -0.220223
     C    5       -0.072544       -0.057937       -0.229208
     C    5       -0.220223       -0.229208        0.316765

     H    6        0.462208       -0.055665       -0.059090
     H    6       -0.055665       -0.688155        0.199830
     H    6       -0.059090        0.199830        0.225947

     H    7        0.492614        0.035966        0.014430
     H    7        0.035966       -0.236616        0.395426
     H    7        0.014430        0.395426       -0.255998

     C    8       -0.610811       -0.369543       -0.342766
     C    8       -0.369543        0.313398        0.346036
     C    8       -0.342766        0.346036        0.297413

     H    9        0.052126        0.024103       -0.489869
     H    9        0.024103        0.284473       -0.217312
     H    9       -0.489869       -0.217312       -0.336599

     C   10       -0.091277       -0.118999       -0.211872
     C   10       -0.118999       -0.064173        0.655893
     C   10       -0.211872        0.655893        0.155450

     C   11       -0.434254       -0.284485       -0.258039
     C   11       -0.284485        0.067708        0.404395
     C   11       -0.258039        0.404395        0.366546

     Cl  12       -0.021466        0.093214       -0.032696
     Cl  12        0.093214        0.143688        0.047490
     Cl  12       -0.032696        0.047490       -0.122222

     H   13        0.332359       -0.020054        0.041273
     H   13       -0.020054       -0.376059       -0.542888
     H   13        0.041273       -0.542888        0.043699

     C   14       -0.598618        0.351709       -0.399301
     C   14        0.351709        0.237646       -0.310085
     C   14       -0.399301       -0.310085        0.360971

     H   15       -0.477524       -0.406985       -0.239368
     H   15       -0.406985        0.223372       -0.072713
     H   15       -0.239368       -0.072713        0.254152

     C   16       -0.156510        0.221331       -0.274073
     C   16        0.221331       -0.230428       -0.531751
     C   16       -0.274073       -0.531751        0.386938

     C   17       -0.292427        0.219988       -0.308310
     C   17        0.219988       -0.123045       -0.516189
     C   17       -0.308310       -0.516189        0.415471

     Cl  18       -0.056072       -0.039089       -0.060449
     Cl  18       -0.039089       -0.065909       -0.000297
     Cl  18       -0.060449       -0.000297        0.121980

     H   19        0.043904       -0.222610        0.311972
     H   19       -0.222610       -0.083209        0.503185
     H   19        0.311972        0.503185        0.039305

     C   20       -0.042349        0.251773       -0.549373
     C   20        0.251773       -0.121566        0.454120
     C   20       -0.549373        0.454120        0.163915

     H   21       -0.043622        0.136581       -0.374076
     H   21        0.136581        0.403114        0.355365
     H   21       -0.374076        0.355365       -0.359492

     C   22       -0.511222       -0.344213       -0.366901
     C   22       -0.344213        0.045339        0.121180
     C   22       -0.366901        0.121180        0.465883

     C   23       -0.013815       -0.047139       -0.232075
     C   23       -0.047139       -0.074418        0.537568
     C   23       -0.232075        0.537568        0.088233

     Cl  24       -0.254065       -0.210153       -0.085109
     Cl  24       -0.210153       -0.053647       -0.128915
     Cl  24       -0.085109       -0.128915        0.307712

     ----- ionic term -----
     Cl   1        0.163747       -0.173740        0.051599
     Cl   1       -0.173740       -0.004298       -0.025609
     Cl   1        0.051599       -0.025609       -0.159449

     C    2        0.266350       -0.103605        0.240757
     C    2       -0.103605        0.192664        0.329944
     C    2        0.240757        0.329944       -0.459014

     C    3        0.285452       -0.250364        0.117258
     C    3       -0.250364        0.223381        0.343396
     C    3        0.117258        0.343396       -0.508833

     H    4        0.812098        0.370193        0.468356
     H    4        0.370193       -0.358716        0.212381
     H    4        0.468356        0.212381       -0.453382

     C    5        0.442962       -0.133131        0.183304
     C    5       -0.133131        0.063379        0.292811
     C    5        0.183304        0.292811       -0.506341

     H    6       -0.490608        0.023995        0.004896
     H    6        0.023995        0.794916        0.614663
     H    6        0.004896        0.614663       -0.304308

     H    7       -0.519966       -0.090903        0.079167
     H    7       -0.090903        0.633848       -0.718511
     H    7        0.079167       -0.718511       -0.113882

     C    8        0.192219        0.184414        0.294834
     C    8        0.184414        0.016654       -0.289480
     C    8        0.294834       -0.289480       -0.208873

     H    9        0.405188       -0.250544        0.746940
     H    9       -0.250544       -0.446334       -0.264006
     H    9        0.746940       -0.264006        0.041146

     C   10        0.086032        0.245755        0.202079
     C   10        0.245755        0.093232       -0.396102
     C   10        0.202079       -0.396102       -0.179264

     C   11        0.108003        0.211965        0.319458
     C   11        0.211965        0.025097       -0.425966
     C   11        0.319458       -0.425966       -0.133100

     Cl  12        0.133927        0.229104        0.006503
     Cl  12        0.229104        0.011937        0.004113
     Cl  12        0.006503        0.004113       -0.145863

     H   13       -0.533932        0.023520        0.013594
     H   13        0.023520        0.710319        0.687787
     H   13        0.013594        0.687787       -0.176387

     C   14        0.358496       -0.117437        0.173343
     C   14       -0.117437        0.073173        0.304557
     C   14        0.173343        0.304557       -0.431669

     H   15        0.652970        0.501018        0.510951
     H   15        0.501018       -0.295587        0.267738
     H   15        0.510951        0.267738       -0.357383

     C   16        0.227339       -0.139616        0.119654
     C   16       -0.139616        0.219428        0.360362
     C   16        0.119654        0.360362       -0.446767

     C   17        0.312245       -0.064030        0.133455
     C   17       -0.064030        0.146412        0.407304
     C   17        0.133455        0.407304       -0.458657

     Cl  18        0.164644       -0.209600       -0.049679
     Cl  18       -0.209600       -0.035280        0.030161
     Cl  18       -0.049679        0.030161       -0.129364

     H   19       -0.502142        0.098881       -0.041635
     H   19        0.098881        0.491749       -0.760849
     H   19       -0.041635       -0.760849        0.010392

     C   20        0.250007        0.227418        0.319838
     C   20        0.227418       -0.083089       -0.309612
     C   20        0.319838       -0.309612       -0.166918

     H   21        0.447216       -0.214072        0.762390
     H   21       -0.214072       -0.477903       -0.246702
     H   21        0.762390       -0.246702        0.030688

     C   22        0.116283        0.278610        0.194715
     C   22        0.278610        0.090128       -0.408727
     C   22        0.194715       -0.408727       -0.206410

     C   23        0.087157        0.289010        0.299104
     C   23        0.289010        0.114807       -0.388203
     C   23        0.299104       -0.388203       -0.201964

     Cl  24        0.121619        0.237444        0.056577
     Cl  24        0.237444        0.036319        0.029664
     Cl  24        0.056577        0.029664       -0.157937

     ----- GIPAW term -----
     Cl   1        0.588539        1.039325        0.166280
     Cl   1        1.039325        1.593707        0.377095
     Cl   1        0.166280        0.377095       -2.182246

     C    2       -0.025819        0.051697       -0.078985
     C    2        0.051697        0.100096       -0.186237
     C    2       -0.078985       -0.186237       -0.074277

     C    3       -0.049299        0.002544        0.015611
     C    3        0.002544        0.029631       -0.046500
     C    3        0.015611       -0.046500        0.019669

     H    4       -0.000000        0.000000        0.000000
     H    4        0.000000        0.000000        0.000000
     H    4        0.000000        0.000000        0.000000

     C    5       -0.087028       -0.015110       -0.010598
     C    5       -0.015110       -0.006539       -0.134147
     C    5       -0.010598       -0.134147        0.093567

     H    6       -0.000000        0.000000        0.000000
     H    6        0.000000        0.000000        0.000000
     H    6        0.000000        0.000000        0.000000

     H    7       -0.000000        0.000000        0.000000
     H    7        0.000000        0.000000        0.000000
     H    7        0.000000        0.000000        0.000000

     C    8       -0.173627       -0.124318       -0.081173
     C    8       -0.124318        0.178021        0.174913
     C    8       -0.081173        0.174913       -0.004394

     H    9       -0.000000        0.000000        0.000000
     H    9        0.000000        0.000000        0.000000
     H    9        0.000000        0.000000        0.000000

     C   10       -0.138273        0.000692       -0.039974
     C   10        0.000692        0.128598        0.249577
     C   10       -0.039974        0.249577        0.009675

     C   11       -0.074698        0.131876       -0.007958
     C   11        0.131876        0.153043        0.128712
     C   11       -0.007958        0.128712       -0.078345

     Cl  12        0.529973        2.788257       -0.076581
     Cl  12        2.788257        1.922921        0.612573
     Cl  12       -0.076581        0.612573       -2.452893

     H   13       -0.000000        0.000000        0.000000
     H   13        0.000000        0.000000        0.000000
     H   13        0.000000        0.000000        0.000000

     C   14       -0.133599        0.116296       -0.069661
     C   14        0.116296        0.139890       -0.072350
     C   14       -0.069661       -0.072350       -0.006290

     H   15       -0.000000        0.000000        0.000000
     H   15        0.000000        0.000000        0.000000
     H   15        0.000000        0.000000        0.000000

     C   16       -0.043191        0.009175       -0.068753
     C   16        0.009175       -0.014684       -0.085759
     C   16       -0.068753       -0.085759        0.057875

     C   17       -0.067940       -0.076229       -0.041145
     C   17       -0.076229        0.022512       -0.199777
     C   17       -0.041145       -0.199777        0.045428

     Cl  18        0.858204       -2.367478       -0.585039
     Cl  18       -2.367478       -0.514944        0.022950
     Cl  18       -0.585039        0.022950       -0.343261

     H   19       -0.000000        0.000000        0.000000
     H   19        0.000000        0.000000        0.000000
     H   19        0.000000        0.000000        0.000000

     C   20        0.147337        0.192117       -0.182138
     C   20        0.192117       -0.088561        0.031967
     C   20       -0.182138        0.031967       -0.058776

     H   21       -0.000000        0.000000        0.000000
     H   21        0.000000        0.000000        0.000000
     H   21        0.000000        0.000000        0.000000

     C   22       -0.136061        0.054335       -0.148246
     C   22        0.054335        0.074490       -0.121829
     C   22       -0.148246       -0.121829        0.061571

     C   23       -0.025377        0.044938       -0.011497
     C   23        0.044938        0.184158       -0.023704
     C   23       -0.011497       -0.023704       -0.158781

     Cl  24       -0.677636        1.421854       -0.916778
     Cl  24        1.421854       -0.411768       -1.666821
     Cl  24       -0.916778       -1.666821        1.089404

     ----- total EFG -----
     Cl   1        0.679744        0.972382        0.210998
     Cl   1        0.972382        1.580143        0.347766
     Cl   1        0.210998        0.347766       -2.259887

     C    2        0.190621        0.072259       -0.005852
     C    2        0.072259        0.296725       -0.454265
     C    2       -0.005852       -0.454265       -0.487346

     C    3        0.046242       -0.072211        0.230759
     C    3       -0.072211        0.185100        0.220966
     C    3        0.230759        0.220966       -0.231342

     H    4        0.528850       -0.088192        0.585221
     H    4       -0.088192       -0.319597        0.395422
     H    4        0.585221        0.395422       -0.209253

     C    5        0.097105       -0.220784       -0.047517
     C    5       -0.220784       -0.001097       -0.070544
     C    5       -0.047517       -0.070544       -0.096008

     H    6       -0.028400       -0.031670       -0.054195
     H    6       -0.031670        0.106761        0.814493
     H    6       -0.054195        0.814493       -0.078361

     H    7       -0.027351       -0.054937        0.093597
     H    7       -0.054937        0.397232       -0.323085
     H    7        0.093597       -0.323085       -0.369880

     C    8       -0.592218       -0.309447       -0.129105
     C    8       -0.309447        0.508072        0.231469
     C    8       -0.129105        0.231469        0.084146

     H    9        0.457314       -0.226442        0.257070
     H    9       -0.226442       -0.161861       -0.481319
     H    9        0.257070       -0.481319       -0.295453

     C   10       -0.143517        0.127449       -0.049767
     C   10        0.127449        0.157657        0.509369
     C   10       -0.049767        0.509369       -0.014140

     C   11       -0.400950        0.059356        0.053461
     C   11        0.059356        0.245849        0.107140
     C   11        0.053461        0.107140        0.155101

     Cl  12        0.642433        3.110576       -0.102774
     Cl  12        3.110576        2.078546        0.664177
     Cl  12       -0.102774        0.664177       -2.720979

     H   13       -0.201572        0.003466        0.054866
     H   13        0.003466        0.334260        0.144899
     H   13        0.054866        0.144899       -0.132688

     C   14       -0.373721        0.350569       -0.295618
     C   14        0.350569        0.450709       -0.077878
     C   14       -0.295618       -0.077878       -0.076989

     H   15        0.175446        0.094034        0.271582
     H   15        0.094034       -0.072216        0.195025
     H   15        0.271582        0.195025       -0.103231

     C   16        0.027638        0.090890       -0.223172
     C   16        0.090890       -0.025684       -0.257147
     C   16       -0.223172       -0.257147       -0.001954

     C   17       -0.048121        0.079728       -0.216000
     C   17        0.079728        0.045879       -0.308662
     C   17       -0.216000       -0.308662        0.002242

     Cl  18        0.966776       -2.616167       -0.695167
     Cl  18       -2.616167       -0.616132        0.052813
     Cl  18       -0.695167        0.052813       -0.350644

     H   19       -0.458237       -0.123729        0.270337
     H   19       -0.123729        0.408540       -0.257664
     H   19        0.270337       -0.257664        0.049698

     C   20        0.354995        0.671308       -0.411673
     C   20        0.671308       -0.293215        0.176475
     C   20       -0.411673        0.176475       -0.061780

     H   21        0.403594       -0.077492        0.388314
     H   21       -0.077492       -0.074789        0.108663
     H   21        0.388314        0.108663       -0.328805

     C   22       -0.531000       -0.011268       -0.320432
     C   22       -0.011268        0.209957       -0.409376
     C   22       -0.320432       -0.409376        0.321043

     C   23        0.047965        0.286809        0.055532
     C   23        0.286809        0.224547        0.125662
     C   23        0.055532        0.125662       -0.272512

     Cl  24       -0.810082        1.449145       -0.945309
     Cl  24        1.449145       -0.429096       -1.766072
     Cl  24       -0.945309       -1.766072        1.239178

     ----- total EFG (symmetrized) -----
     Cl   1        0.679744        0.972382        0.210998
     Cl   1        0.972382        1.580143        0.347766
     Cl   1        0.210998        0.347766       -2.259887

     C    2        0.190621        0.072259       -0.005852
     C    2        0.072259        0.296725       -0.454265
     C    2       -0.005852       -0.454265       -0.487346

     C    3        0.046242       -0.072211        0.230759
     C    3       -0.072211        0.185100        0.220966
     C    3        0.230759        0.220966       -0.231342

     H    4        0.528850       -0.088192        0.585221
     H    4       -0.088192       -0.319597        0.395422
     H    4        0.585221        0.395422       -0.209253

     C    5        0.097105       -0.220784       -0.047517
     C    5       -0.220784       -0.001097       -0.070544
     C    5       -0.047517       -0.070544       -0.096008

     H    6       -0.028400       -0.031670       -0.054195
     H    6       -0.031670        0.106761        0.814493
     H    6       -0.054195        0.814493       -0.078361

     H    7       -0.027351       -0.054937        0.093597
     H    7       -0.054937        0.397232       -0.323085
     H    7        0.093597       -0.323085       -0.369880

     C    8       -0.592218       -0.309447       -0.129105
     C    8       -0.309447        0.508072        0.231469
     C    8       -0.129105        0.231469        0.084146

     H    9        0.457314       -0.226442        0.257070
     H    9       -0.226442       -0.161861       -0.481319
     H    9        0.257070       -0.481319       -0.295453

     C   10       -0.143517        0.127449       -0.049767
     C   10        0.127449        0.157657        0.509369
     C   10       -0.049767        0.509369       -0.014140

     C   11       -0.400950        0.059356        0.053461
     C   11        0.059356        0.245849        0.107140
     C   11        0.053461        0.107140        0.155101

     Cl  12        0.642433        3.110576       -0.102774
     Cl  12        3.110576        2.078546        0.664177
     Cl  12       -0.102774        0.664177       -2.720979

     H   13       -0.201572        0.003466        0.054866
     H   13        0.003466        0.334260        0.144899
     H   13        0.054866        0.144899       -0.132688

     C   14       -0.373721        0.350569       -0.295618
     C   14        0.350569        0.450709       -0.077878
     C   14       -0.295618       -0.077878       -0.076989

     H   15        0.175446        0.094034        0.271582
     H   15        0.094034       -0.072216        0.195025
     H   15        0.271582        0.195025       -0.103231

     C   16        0.027638        0.090890       -0.223172
     C   16        0.090890       -0.025684       -0.257147
     C   16       -0.223172       -0.257147       -0.001954

     C   17       -0.048121        0.079728       -0.216000
     C   17        0.079728        0.045879       -0.308662
     C   17       -0.216000       -0.308662        0.002242

     Cl  18        0.966776       -2.616167       -0.695167
     Cl  18       -2.616167       -0.616132        0.052813
     Cl  18       -0.695167        0.052813       -0.350644

     H   19       -0.458237       -0.123729        0.270337
     H   19       -0.123729        0.408540       -0.257664
     H   19        0.270337       -0.257664        0.049698

     C   20        0.354995        0.671308       -0.411673
     C   20        0.671308       -0.293215        0.176475
     C   20       -0.411673        0.176475       -0.061780

     H   21        0.403594       -0.077492        0.388314
     H   21       -0.077492       -0.074789        0.108663
     H   21        0.388314        0.108663       -0.328805

     C   22       -0.531000       -0.011268       -0.320432
     C   22       -0.011268        0.209957       -0.409376
     C   22       -0.320432       -0.409376        0.321043

     C   23        0.047965        0.286809        0.055532
     C   23        0.286809        0.224547        0.125662
     C   23        0.055532        0.125662       -0.272512

     Cl  24       -0.810082        1.449145       -0.945309
     Cl  24        1.449145       -0.429096       -1.766072
     Cl  24       -0.945309       -1.766072        1.239178


     NQR/NMR SPECTROSCOPIC PARAMETERS:
     Cl   1    Vxx=    0.0584    axis=(  0.843053 -0.537816 -0.003947)
     Cl   1    Vyy=    2.2383    axis=(  0.535935  0.839444  0.090040)
     Cl   1    Vzz=   -2.2967    axis=( -0.045111 -0.078024  0.995930)
     Cl   1  Q=        -8.1650 1e-30 m^2  Cq=        44.0608 MHz  eta= 0.94911

     C    2    Vxx=    0.1772    axis=(  0.978668 -0.173517  0.110002)
     C    2    Vyy=    0.5189    axis=(  0.203525  0.891906 -0.403833)
     C    2    Vzz=   -0.6960    axis=( -0.028039  0.417607  0.908195)
     C    2  Q=         1.0000 1e-30 m^2  Cq=        -1.6354 MHz  eta= 0.49098

     C    3    Vxx=    0.1598    axis=(  0.881214 -0.341374  0.326996)
     C    3    Vyy=    0.2849    axis=(  0.171651  0.875596  0.451518)
     C    3    Vzz=   -0.4447    axis=( -0.440452 -0.341754  0.830184)
     C    3  Q=         1.0000 1e-30 m^2  Cq=        -1.0449 MHz  eta= 0.28117

     H    4    Vxx=   -0.0319    axis=(  0.383491 -0.785424 -0.485843)
     H    4    Vyy=   -0.8318    axis=(  0.346139  0.609952 -0.712843)
     H    4    Vzz=    0.8637    axis=(  0.856226  0.105200  0.505777)
     H    4  Q=         1.0000 1e-30 m^2  Cq=         2.0294 MHz  eta= 0.92604

     C    5    Vxx=   -0.0430    axis=( -0.347071 -0.402563  0.847045)
     C    5    Vyy=   -0.2313    axis=(  0.524297  0.665579  0.531147)
     C    5    Vzz=    0.2743    axis=( -0.777596  0.628448 -0.019941)
     C    5  Q=         1.0000 1e-30 m^2  Cq=         0.6446 MHz  eta= 0.68641

     H    6    Vxx=   -0.0320    axis=(  0.997321  0.067907  0.027206)
     H    6    Vyy=   -0.8060    axis=( -0.024927  0.665105 -0.746333)
     H    6    Vzz=    0.8381    axis=( -0.068776  0.743656  0.665016)
     H    6  Q=         1.0000 1e-30 m^2  Cq=         1.9691 MHz  eta= 0.92355

     H    7    Vxx=   -0.0298    axis=(  0.977606  0.191609  0.087019)
     H    7    Vyy=   -0.4981    axis=( -0.147300  0.327717  0.933223)
     H    7    Vzz=    0.5279    axis=(  0.150297 -0.925142  0.348602)
     H    7  Q=         1.0000 1e-30 m^2  Cq=         1.2404 MHz  eta= 0.88715

     C    8    Vxx=   -0.0177    axis=(  0.008641 -0.398653  0.917061)
     C    8    Vyy=   -0.6794    axis=( -0.967780 -0.234127 -0.092658)
     C    8    Vzz=    0.6971    axis=(  0.251647 -0.886713 -0.387831)
     C    8  Q=         1.0000 1e-30 m^2  Cq=         1.6380 MHz  eta= 0.94924

     H    9    Vxx=    0.0043    axis=(  0.596986  0.628979 -0.497990)
     H    9    Vyy=    0.7122    axis=(  0.801112 -0.434307  0.411821)
     H    9    Vzz=   -0.7165    axis=(  0.042746 -0.644797 -0.763158)
     H    9  Q=         1.0000 1e-30 m^2  Cq=        -1.6835 MHz  eta= 0.98801

     C   10    Vxx=   -0.1068    axis=(  0.938454  0.148437 -0.311882)
     C   10    Vyy=   -0.4874    axis=( -0.333552  0.623966 -0.706689)
     C   10    Vzz=    0.5942    axis=( -0.089705 -0.767224 -0.635075)
     C   10  Q=         1.0000 1e-30 m^2  Cq=         1.3961 MHz  eta= 0.64046

     C   11    Vxx=    0.0844    axis=(  0.023006 -0.558637  0.829093)
     C   11    Vyy=    0.3254    axis=(  0.108215  0.825831  0.553437)
     C   11    Vzz=   -0.4098    axis=( -0.993861  0.076988  0.079452)
     C   11  Q=         1.0000 1e-30 m^2  Cq=        -0.9629 MHz  eta= 0.58814

     Cl  12    Vxx=   -1.6174    axis=( -0.735829  0.547735  0.398173)
     Cl  12    Vyy=   -2.9641    axis=(  0.277891 -0.291959  0.915170)
     Cl  12    Vzz=    4.5815    axis=(  0.617521  0.784058  0.062621)
     Cl  12  Q=        -8.1650 1e-30 m^2  Cq=       -87.8932 MHz  eta= 0.29394

     H   13    Vxx=   -0.1344    axis=(  0.606936 -0.238842  0.758013)
     H   13    Vyy=   -0.2417    axis=( -0.794104 -0.143775  0.590532)
     H   13    Vzz=    0.3762    axis=(  0.032061  0.960356  0.276928)
     H   13  Q=         1.0000 1e-30 m^2  Cq=         0.8838 MHz  eta= 0.28534

     C   14    Vxx=   -0.0037    axis=( -0.317421  0.392796  0.863108)
     C   14    Vyy=   -0.6232    axis=(  0.865796 -0.251247  0.432751)
     C   14    Vzz=    0.6269    axis=(  0.386836  0.884639 -0.260330)
     C   14  Q=         1.0000 1e-30 m^2  Cq=         1.4730 MHz  eta= 0.98816

     H   15    Vxx=   -0.0786    axis=(  0.551863 -0.798724 -0.239763)
     H   15    Vyy=   -0.3339    axis=(  0.342421  0.479186 -0.808164)
     H   15    Vzz=    0.4126    axis=(  0.760391  0.363896  0.537945)
     H   15  Q=         1.0000 1e-30 m^2  Cq=         0.9694 MHz  eta= 0.61877

     C   16    Vxx=   -0.0840    axis=( -0.768980  0.625956 -0.129803)
     C   16    Vyy=   -0.3038    axis=(  0.342594  0.574948  0.743010)
     C   16    Vzz=    0.3879    axis=( -0.539721 -0.526891  0.656572)
     C   16  Q=         1.0000 1e-30 m^2  Cq=         0.9113 MHz  eta= 0.56676

     C   17    Vxx=   -0.0919    axis=( -0.810911  0.582962  0.050781)
     C   17    Vyy=   -0.3337    axis=(  0.419182  0.518149  0.745525)
     C   17    Vzz=    0.4256    axis=( -0.408301 -0.625841  0.664540)
     C   17  Q=         1.0000 1e-30 m^2  Cq=         1.0001 MHz  eta= 0.56813

     Cl  18    Vxx=   -0.3921    axis=(  0.039904 -0.237192  0.970643)
     Cl  18    Vyy=   -2.6206    axis=( -0.601852 -0.781135 -0.166140)
     Cl  18    Vzz=    3.0127    axis=(  0.797610 -0.577553 -0.173925)
     Cl  18  Q=        -8.1650 1e-30 m^2  Cq=       -57.7979 MHz  eta= 0.73969

     H   19    Vxx=   -0.0225    axis=(  0.320704  0.552118  0.769620)
     H   19    Vyy=   -0.5753    axis=( -0.919676 -0.012874  0.392468)
     H   19    Vzz=    0.5978    axis=(  0.226597 -0.833666  0.503641)
     H   19  Q=         1.0000 1e-30 m^2  Cq=         1.4047 MHz  eta= 0.92474

     C   20    Vxx=    0.0325    axis=(  0.024092  0.514183  0.857342)
     C   20    Vyy=    0.8546    axis=(  0.844299  0.448763 -0.292866)
     C   20    Vzz=   -0.8871    axis=( -0.535330  0.730909 -0.423313)
     C   20  Q=         1.0000 1e-30 m^2  Cq=        -2.0843 MHz  eta= 0.92675

     H   21    Vxx=   -0.0389    axis=(  0.067914 -0.960713 -0.269105)
     H   21    Vyy=   -0.5335    axis=(  0.387409  0.273956 -0.880263)
     H   21    Vzz=    0.5724    axis=(  0.919403 -0.044472  0.390795)
     H   21  Q=         1.0000 1e-30 m^2  Cq=         1.3449 MHz  eta= 0.86417

     C   22    Vxx=   -0.0595    axis=( -0.370326  0.771195  0.517800)
     C   22    Vyy=   -0.6647    axis=(  0.909032  0.186198  0.372814)
     C   22    Vzz=    0.7242    axis=( -0.191099 -0.608760  0.769995)
     C   22  Q=         1.0000 1e-30 m^2  Cq=         1.7016 MHz  eta= 0.83569

     C   23    Vxx=   -0.1576    axis=(  0.814075 -0.544471 -0.202071)
     C   23    Vyy=   -0.3033    axis=( -0.062830  0.263333 -0.962657)
     C   23    Vzz=    0.4609    axis=(  0.577351  0.796371  0.180164)
     C   23  Q=         1.0000 1e-30 m^2  Cq=         1.0829 MHz  eta= 0.31594

     Cl  24    Vxx=   -0.8472    axis=(  0.660660  0.398184  0.636378)
     Cl  24    Vyy=   -2.1768    axis=( -0.642122  0.738877  0.204306)
     Cl  24    Vzz=    3.0240    axis=( -0.388854 -0.543609  0.743829)
     Cl  24  Q=        -8.1650 1e-30 m^2  Cq=       -58.0149 MHz  eta= 0.43967

     Initialization:
     gipaw_setup  :      9.02s CPU     10.95s WALL (       1 calls)

     Linear response

     Apply operators

     Induced current

     Other routines
     efg          :      9.40s CPU     11.58s WALL (       1 calls)

     General routines
     calbec       :      3.26s CPU      4.24s WALL (      16 calls)
     fft          :      1.48s CPU      2.03s WALL (      15 calls)
     ffts         :      0.04s CPU      0.05s WALL (       2 calls)
     fftw         :      3.36s CPU      4.04s WALL (     672 calls)
     davcio       :      0.04s CPU      0.30s WALL (      32 calls)

     Parallel routines
     fft_scatter  :      2.25s CPU      3.28s WALL (     689 calls)

     Plugins

     GIPAW        :     60.98s CPU     73.12s WALL (       1 calls)
