
     Program QE v.6.0 (svn rev. 13079) starts on  6Jan2017 at  6:29: 9 

     This program is part of the open-source Quantum ESPRESSO suite
     for quantum simulation of materials; please cite
         "P. Giannozzi et al., J. Phys.:Condens. Matter 21 395502 (2009);
          URL http://www.quantum-espresso.org", 
     in publications or presentations arising from this work. More details at
     http://www.quantum-espresso.org/quote

     Parallel version (MPI), running on     8 processors
     R & G space division:  proc/nbgrp/npool/nimage =       8

     ***** This is GIPAW svn revision unknown      *****

     Parallelizing q-star over 1 images

     Reading data from directory:
     /users/majewski/paradichlorobenzene/pbe/9_constraint/scratch/pbe.ecut100.np8.dt60.pcl2phi-129368.save
     Message from routine read_xml_file:
     file /users/majewski/paradichlorobenzene/pbe/9_constraint/scratch/pbe.ecut100.np8.dt60.pcl2phi-129368.save not guaranteed to be safe for post-processing

   Info: using nr1, nr2, nr3 values from input

   Info: using nr1, nr2, nr3 values from input

     IMPORTANT: XC functional enforced from input :
     Exchange-correlation      =  SLA  PW   PBX  PBC ( 1  4  3  4 0 0)
     Any further DFT definition will be discarded
     Please, verify this is what you really want

               file C.pbe-n-kjpaw_psl.1.0.0.UPF: wavefunction(s)  2S 2P renormalized
               file Cl.pbe-n-kjpaw_psl.1.0.0.UPF: wavefunction(s)  3S 3P renormalized
               file H.pbe-kjpaw_psl.1.0.0.UPF: wavefunction(s)  1S renormalized

     Parallelization info
     --------------------
     sticks:   dense  smooth     PW     G-vecs:    dense   smooth      PW
     Min        3057    1223    332               144436    36536    5170
     Max        3059    1225    333               144437    36537    5171
     Sum       24467    9791   2657              1155489   292295   41363


     Subspace diagonalization in iterative solution of the eigenvalue problem:
     a serial algorithm will be used

     GIPAW projectors -----------------------------------------------
     atom=  C    l=0  rc=    1.2000  rs=    0.8000
     atom=  C    l=0  rc=    1.2000  rs=    0.8000
     atom=  C    l=1  rc=    1.4000  rs=    0.9333
     atom=  C    l=1  rc=    1.4000  rs=    0.9333
     projs nearly linearly dependent: l=1  n1,n2= 1, 2  s=  0.99951561

     atom=  Cl   l=0  rc=    1.6000  rs=    1.0667
     atom=  Cl   l=0  rc=    1.6000  rs=    1.0667
     atom=  Cl   l=1  rc=    1.6000  rs=    1.0667
     atom=  Cl   l=1  rc=    1.6000  rs=    1.0667
     atom=  Cl   l=2  rc=    1.6000  rs=    1.0667
     atom=  Cl   l=2  rc=    1.6000  rs=    1.0667
     projs nearly linearly dependent: l=2  n1,n2= 1, 2  s=  0.99993509

     atom=  H    l=0  rc=    1.0000  rs=    0.6667
     atom=  H    l=0  rc=    1.0000  rs=    0.6667
     projs nearly linearly dependent: l=0  n1,n2= 1, 2  s=  0.99968852
     -----------------------------------------------------------------

     GIPAW integrals: -------------------------------------------
     Atom  i/j   nmr_para   nmr_dia   epr_rmc  epr_para   epr_dia
       C   1 1   0.83E+03  0.17E-01  0.93E+01  0.24E+08  0.24E+03
       C   2 1   0.86E+03 -0.61E-01  0.94E+01  0.25E+08  0.25E+03
       C   2 2   0.90E+03 -0.15E+00  0.97E+01  0.26E+08  0.26E+03
       C   3 3   0.33E+01  0.34E+00  0.18E+01  0.55E+03  0.21E+02
       C   4 3   0.35E+01  0.37E+00  0.20E+01  0.59E+03  0.22E+02
       C   4 4   0.38E+01  0.39E+00  0.22E+01  0.63E+03  0.24E+02
       Cl  1 1   0.14E+04 -0.47E+00  0.84E+01  0.32E+09  0.42E+03
       Cl  2 1   0.21E+04 -0.37E+00  0.12E+02  0.49E+09  0.65E+03
       Cl  2 2   0.33E+04 -0.16E+00  0.21E+02  0.76E+09  0.10E+04
       Cl  3 3   0.21E+02  0.79E-01  0.89E+01  0.23E+05  0.13E+03
       Cl  4 3   0.24E+02  0.67E-01  0.99E+01  0.27E+05  0.15E+03
       Cl  4 4   0.28E+02  0.44E-01  0.11E+02  0.32E+05  0.18E+03
       Cl  5 5   0.77E+00  0.19E+00  0.18E+01  0.12E+03  0.22E+02
       Cl  6 5   0.80E+00  0.19E+00  0.19E+01  0.12E+03  0.23E+02
       Cl  6 6   0.83E+00  0.20E+00  0.19E+01  0.12E+03  0.23E+02
       H   1 1   0.39E+02  0.19E+00  0.29E+00  0.78E+05  0.13E+02
       H   2 1   0.41E+02  0.21E+00  0.32E+00  0.82E+05  0.14E+02
       H   2 2   0.43E+02  0.22E+00  0.36E+00  0.86E+05  0.15E+02
     ------------------------------------------------------------

     alpha_pv=     33.8727 eV

     Number of occupied bands for each k-point:
     k-point:     1    nbnd_occ=  42
     k-point:     2    nbnd_occ=  42
     k-point:     3    nbnd_occ=  42
     k-point:     4    nbnd_occ=  42
     k-point:     5    nbnd_occ=  42
     k-point:     6    nbnd_occ=  42
     k-point:     7    nbnd_occ=  42
     k-point:     8    nbnd_occ=  42
     k-point:     9    nbnd_occ=  42
     k-point:    10    nbnd_occ=  42
     k-point:    11    nbnd_occ=  42
     k-point:    12    nbnd_occ=  42
     k-point:    13    nbnd_occ=  42
     k-point:    14    nbnd_occ=  42
     k-point:    15    nbnd_occ=  42
     k-point:    16    nbnd_occ=  42


     q-space interpolation up to   110.00 Rydberg

     GIPAW job: efg                                                                             


     ELECTRIC FIELD GRADIENTS TENSORS IN Hartree/bohrradius^2:

     ----- bare term -----
     Cl   1       -0.035067        0.042085       -0.071879
     Cl   1        0.042085        0.126874       -0.095854
     Cl   1       -0.071879       -0.095854       -0.091806

     C    2       -0.277596        0.214210       -0.282872
     C    2        0.214210       -0.132322       -0.503616
     C    2       -0.282872       -0.503616        0.409918

     C    3       -0.123687       -0.070631       -0.252146
     C    3       -0.070631       -0.127582       -0.663065
     C    3       -0.252146       -0.663065        0.251268

     H    4       -0.200328        0.064585       -0.605121
     H    4        0.064585        0.268244        0.097657
     H    4       -0.605121        0.097657       -0.067916

     C    5       -0.181642        0.399666        0.037271
     C    5        0.399666       -0.327763       -0.439090
     C    5        0.037271       -0.439090        0.509406

     H    6        0.364424       -0.093547       -0.280714
     H    6       -0.093547       -0.110855       -0.479796
     H    6       -0.280714       -0.479796       -0.253569

     H    7        0.366803        0.370301        0.078759
     H    7        0.370301       -0.704797       -0.013517
     H    7        0.078759       -0.013517        0.337993

     C    8       -0.060492       -0.482392       -0.136444
     C    8       -0.482392       -0.228304        0.434006
     C    8       -0.136444        0.434006        0.288796

     H    9       -0.630443        0.380972       -0.137555
     H    9        0.380972        0.328252        0.085502
     H    9       -0.137555        0.085502        0.302191

     C   10       -0.390325       -0.363595       -0.342381
     C   10       -0.363595        0.057198        0.390411
     C   10       -0.342381        0.390411        0.333127

     C   11       -0.058852        0.035624       -0.339604
     C   11        0.035624       -0.164152        0.552698
     C   11       -0.339604        0.552698        0.223004

     Cl  12       -0.080859       -0.066603       -0.068507
     Cl  12       -0.066603       -0.046856       -0.011844
     Cl  12       -0.068507       -0.011844        0.127715

     H   13        0.342294       -0.196588       -0.049415
     H   13       -0.196588       -0.572258       -0.406425
     H   13       -0.049415       -0.406425        0.229964

     C   14       -0.335496        0.169135       -0.354575
     C   14        0.169135       -0.073051       -0.443100
     C   14       -0.354575       -0.443100        0.408547

     H   15       -0.330479       -0.105634       -0.547881
     H   15       -0.105634        0.246938       -0.088173
     H   15       -0.547881       -0.088173        0.083540

     C   16       -0.074045        0.384771       -0.138807
     C   16        0.384771       -0.348438       -0.520492
     C   16       -0.138807       -0.520492        0.422483

     C   17       -0.298840        0.018569       -0.350142
     C   17        0.018569        0.012662       -0.353775
     C   17       -0.350142       -0.353775        0.286178

     Cl  18       -0.016076        0.071925       -0.004371
     Cl  18        0.071925       -0.020468       -0.004990
     Cl  18       -0.004371       -0.004990        0.036545

     H   19        0.436136       -0.081144       -0.205868
     H   19       -0.081144       -0.589289        0.074343
     H   19       -0.205868        0.074343        0.153153

     C   20       -0.629446       -0.262235       -0.411637
     C   20       -0.262235        0.056091        0.205203
     C   20       -0.411637        0.205203        0.573355

     H   21       -0.520396        0.307960       -0.280338
     H   21        0.307960        0.313187        0.130306
     H   21       -0.280338        0.130306        0.207209

     C   22       -0.143745       -0.276701       -0.195796
     C   22       -0.276701       -0.400130        0.506338
     C   22       -0.195796        0.506338        0.543875

     C   23       -0.243701       -0.055392       -0.422926
     C   23       -0.055392        0.004544        0.414379
     C   23       -0.422926        0.414379        0.239157

     Cl  24       -0.033881       -0.130291        0.073412
     Cl  24       -0.130291        0.041253       -0.112974
     Cl  24        0.073412       -0.112974       -0.007373

     ----- ionic term -----
     Cl   1        0.086498       -0.197203        0.003570
     Cl   1       -0.197203        0.048189        0.002700
     Cl   1        0.003570        0.002700       -0.134687

     C    2        0.081134       -0.163232        0.288210
     C    2       -0.163232        0.186366        0.403716
     C    2        0.288210        0.403716       -0.267499

     C    3        0.065518       -0.215940        0.212202
     C    3       -0.215940        0.222300        0.410187
     C    3        0.212202        0.410187       -0.287817

     H    4        0.528957        0.229719        0.744638
     H    4        0.229719       -0.457664        0.227249
     H    4        0.744638        0.227249       -0.071293

     C    5        0.226019       -0.200172        0.275092
     C    5       -0.200172        0.050847        0.300511
     C    5        0.275092        0.300511       -0.276865

     H    6       -0.523367        0.087969        0.061138
     H    6        0.087969        0.569427        0.743854
     H    6        0.061138        0.743854       -0.046060

     H    7       -0.507800       -0.130886        0.036720
     H    7       -0.130886        0.929278       -0.451643
     H    7        0.036720       -0.451643       -0.421478

     C    8        0.263737        0.192029        0.200370
     C    8        0.192029        0.196563       -0.254218
     C    8        0.200370       -0.254218       -0.460300

     H    9        0.757354       -0.259966        0.589571
     H    9       -0.259966       -0.439423       -0.183676
     H    9        0.589571       -0.183676       -0.317932

     C   10        0.198095        0.232936        0.176950
     C   10        0.232936        0.243150       -0.349470
     C   10        0.176950       -0.349470       -0.441245

     C   11        0.235363        0.086408        0.306092
     C   11        0.086408        0.182802       -0.370715
     C   11        0.306092       -0.370715       -0.418165

     Cl  12        0.122227        0.198657        0.020564
     Cl  12        0.198657        0.034555        0.008378
     Cl  12        0.020564        0.008378       -0.156782

     H   13       -0.498251        0.165838        0.107138
     H   13        0.165838        0.678727        0.667745
     H   13        0.107138        0.667745       -0.180476

     C   14        0.201810       -0.188325        0.279693
     C   14       -0.188325        0.097419        0.279779
     C   14        0.279693        0.279779       -0.299229

     H   15        0.542143        0.175757        0.739050
     H   15        0.175757       -0.471931        0.200893
     H   15        0.739050        0.200893       -0.070212

     C   16        0.098661       -0.248877        0.217329
     C   16       -0.248877        0.175465        0.367435
     C   16        0.217329        0.367435       -0.274126

     C   17        0.226567       -0.182657        0.321922
     C   17       -0.182657        0.048220        0.353567
     C   17        0.321922        0.353567       -0.274788

     Cl  18        0.152870       -0.203223        0.021216
     Cl  18       -0.203223       -0.003165       -0.001175
     Cl  18        0.021216       -0.001175       -0.149704

     H   19       -0.494569        0.045192        0.006403
     H   19        0.045192        0.905696       -0.483364
     H   19        0.006403       -0.483364       -0.411127

     C   20        0.368075        0.200320        0.247459
     C   20        0.200320        0.105718       -0.261760
     C   20        0.247459       -0.261760       -0.473793

     H   21        0.632694       -0.351845        0.651209
     H   21       -0.351845       -0.400206       -0.245306
     H   21        0.651209       -0.245306       -0.232488

     C   22        0.211676        0.187845        0.192481
     C   22        0.187845        0.214043       -0.348134
     C   22        0.192481       -0.348134       -0.425718

     C   23        0.167605        0.105804        0.222434
     C   23        0.105804        0.231273       -0.375513
     C   23        0.222434       -0.375513       -0.398878

     Cl  24        0.123642        0.197353       -0.001284
     Cl  24        0.197353        0.025388       -0.009392
     Cl  24       -0.001284       -0.009392       -0.149029

     ----- GIPAW term -----
     Cl   1        0.156393       -1.203850       -0.487914
     Cl   1       -1.203850        2.078722       -1.320309
     Cl   1       -0.487914       -1.320309       -2.235115

     C    2       -0.039655       -0.099123       -0.021812
     C    2       -0.099123        0.015719       -0.171327
     C    2       -0.021812       -0.171327        0.023936

     C    3       -0.069160       -0.137417        0.008429
     C    3       -0.137417        0.046024       -0.208802
     C    3        0.008429       -0.208802        0.023136

     H    4       -0.000000        0.000000        0.000000
     H    4        0.000000        0.000000        0.000000
     H    4        0.000000        0.000000        0.000000

     C    5        0.022405        0.029827        0.164667
     C    5        0.029827       -0.165147       -0.122120
     C    5        0.164667       -0.122120        0.142742

     H    6       -0.000000        0.000000        0.000000
     H    6        0.000000        0.000000        0.000000
     H    6        0.000000        0.000000        0.000000

     H    7       -0.000000        0.000000        0.000000
     H    7        0.000000        0.000000        0.000000
     H    7        0.000000        0.000000        0.000000

     C    8        0.059539       -0.238305       -0.002024
     C    8       -0.238305        0.014439        0.090688
     C    8       -0.002024        0.090688       -0.073978

     H    9       -0.000000        0.000000        0.000000
     H    9        0.000000        0.000000        0.000000
     H    9        0.000000        0.000000        0.000000

     C   10       -0.098687       -0.151131       -0.110287
     C   10       -0.151131        0.121228        0.091345
     C   10       -0.110287        0.091345       -0.022541

     C   11        0.047829        0.145853       -0.059895
     C   11        0.145853        0.026904        0.051641
     C   11       -0.059895        0.051641       -0.074733

     Cl  12        0.973135        2.053900       -0.532761
     Cl  12        2.053900       -0.224344       -0.102765
     Cl  12       -0.532761       -0.102765       -0.748791

     H   13       -0.000000        0.000000        0.000000
     H   13        0.000000        0.000000        0.000000
     H   13        0.000000        0.000000        0.000000

     C   14       -0.043008        0.016330       -0.052680
     C   14        0.016330       -0.016106       -0.111246
     C   14       -0.052680       -0.111246        0.059114

     H   15       -0.000000        0.000000        0.000000
     H   15        0.000000        0.000000        0.000000
     H   15        0.000000        0.000000        0.000000

     C   16       -0.016925        0.085665        0.000340
     C   16        0.085665       -0.046914       -0.050179
     C   16        0.000340       -0.050179        0.063838

     C   17        0.051622       -0.056849        0.040883
     C   17       -0.056849       -0.020051        0.021404
     C   17        0.040883        0.021404       -0.031570

     Cl  18        1.477526       -1.999348       -0.050134
     Cl  18       -1.999348       -0.016908       -0.033160
     Cl  18       -0.050134       -0.033160       -1.460618

     H   19       -0.000000        0.000000        0.000000
     H   19        0.000000        0.000000        0.000000
     H   19        0.000000        0.000000        0.000000

     C   20       -0.153016       -0.037807       -0.067992
     C   20       -0.037807       -0.016030       -0.033101
     C   20       -0.067992       -0.033101        0.169045

     H   21       -0.000000        0.000000        0.000000
     H   21        0.000000        0.000000        0.000000
     H   21        0.000000        0.000000        0.000000

     C   22       -0.082337       -0.032191       -0.058885
     C   22       -0.032191       -0.114977        0.063353
     C   22       -0.058885        0.063353        0.197313

     C   23        0.062486        0.066044       -0.050094
     C   23        0.066044        0.023935        0.034341
     C   23       -0.050094        0.034341       -0.086421

     Cl  24        1.009735        0.954565        0.667306
     Cl  24        0.954565        0.549154       -1.024297
     Cl  24        0.667306       -1.024297       -1.558889

     ----- total EFG -----
     Cl   1        0.207823       -1.358968       -0.556223
     Cl   1       -1.358968        2.253785       -1.413463
     Cl   1       -0.556223       -1.413463       -2.461608

     C    2       -0.236118       -0.048145       -0.016474
     C    2       -0.048145        0.069763       -0.271227
     C    2       -0.016474       -0.271227        0.166355

     C    3       -0.127329       -0.423988       -0.031515
     C    3       -0.423988        0.140742       -0.461681
     C    3       -0.031515       -0.461681       -0.013413

     H    4        0.328629        0.294304        0.139516
     H    4        0.294304       -0.189420        0.324907
     H    4        0.139516        0.324907       -0.139209

     C    5        0.066782        0.229320        0.477031
     C    5        0.229320       -0.442064       -0.260699
     C    5        0.477031       -0.260699        0.375282

     H    6       -0.158943       -0.005578       -0.219576
     H    6       -0.005578        0.458572        0.264058
     H    6       -0.219576        0.264058       -0.299629

     H    7       -0.140996        0.239415        0.115479
     H    7        0.239415        0.224481       -0.465160
     H    7        0.115479       -0.465160       -0.083485

     C    8        0.262784       -0.528667        0.061902
     C    8       -0.528667       -0.017302        0.270476
     C    8        0.061902        0.270476       -0.245481

     H    9        0.126911        0.121007        0.452015
     H    9        0.121007       -0.111171       -0.098174
     H    9        0.452015       -0.098174       -0.015741

     C   10       -0.290917       -0.281790       -0.275718
     C   10       -0.281790        0.421577        0.132286
     C   10       -0.275718        0.132286       -0.130660

     C   11        0.224340        0.267885       -0.093407
     C   11        0.267885        0.045554        0.233624
     C   11       -0.093407        0.233624       -0.269894

     Cl  12        1.014503        2.185955       -0.580704
     Cl  12        2.185955       -0.236645       -0.106232
     Cl  12       -0.580704       -0.106232       -0.777858

     H   13       -0.155957       -0.030750        0.057724
     H   13       -0.030750        0.106469        0.261320
     H   13        0.057724        0.261320        0.049488

     C   14       -0.176694       -0.002861       -0.127561
     C   14       -0.002861        0.008263       -0.274567
     C   14       -0.127561       -0.274567        0.168432

     H   15        0.211664        0.070124        0.191169
     H   15        0.070124       -0.224993        0.112720
     H   15        0.191169        0.112720        0.013329

     C   16        0.007691        0.221559        0.078863
     C   16        0.221559       -0.219887       -0.203235
     C   16        0.078863       -0.203235        0.212195

     C   17       -0.020651       -0.220938        0.012663
     C   17       -0.220938        0.040831        0.021195
     C   17        0.012663        0.021195       -0.020180

     Cl  18        1.614319       -2.130646       -0.033289
     Cl  18       -2.130646       -0.040542       -0.039325
     Cl  18       -0.033289       -0.039325       -1.573777

     H   19       -0.058432       -0.035952       -0.199464
     H   19       -0.035952        0.316407       -0.409021
     H   19       -0.199464       -0.409021       -0.257975

     C   20       -0.414387       -0.099722       -0.232170
     C   20       -0.099722        0.145779       -0.089658
     C   20       -0.232170       -0.089658        0.268608

     H   21        0.112298       -0.043886        0.370871
     H   21       -0.043886       -0.087019       -0.115000
     H   21        0.370871       -0.115000       -0.025279

     C   22       -0.014406       -0.121046       -0.062200
     C   22       -0.121046       -0.301064        0.221558
     C   22       -0.062200        0.221558        0.315470

     C   23       -0.013609        0.116456       -0.250586
     C   23        0.116456        0.259751        0.073207
     C   23       -0.250586        0.073207       -0.246142

     Cl  24        1.099495        1.021627        0.739435
     Cl  24        1.021627        0.615795       -1.146663
     Cl  24        0.739435       -1.146663       -1.715291

     ----- total EFG (symmetrized) -----
     Cl   1        0.207823       -1.358968       -0.556223
     Cl   1       -1.358968        2.253785       -1.413463
     Cl   1       -0.556223       -1.413463       -2.461608

     C    2       -0.236118       -0.048145       -0.016474
     C    2       -0.048145        0.069763       -0.271227
     C    2       -0.016474       -0.271227        0.166355

     C    3       -0.127329       -0.423988       -0.031515
     C    3       -0.423988        0.140742       -0.461681
     C    3       -0.031515       -0.461681       -0.013413

     H    4        0.328629        0.294304        0.139516
     H    4        0.294304       -0.189420        0.324907
     H    4        0.139516        0.324907       -0.139209

     C    5        0.066782        0.229320        0.477031
     C    5        0.229320       -0.442064       -0.260699
     C    5        0.477031       -0.260699        0.375282

     H    6       -0.158943       -0.005578       -0.219576
     H    6       -0.005578        0.458572        0.264058
     H    6       -0.219576        0.264058       -0.299629

     H    7       -0.140996        0.239415        0.115479
     H    7        0.239415        0.224481       -0.465160
     H    7        0.115479       -0.465160       -0.083485

     C    8        0.262784       -0.528667        0.061902
     C    8       -0.528667       -0.017302        0.270476
     C    8        0.061902        0.270476       -0.245481

     H    9        0.126911        0.121007        0.452015
     H    9        0.121007       -0.111171       -0.098174
     H    9        0.452015       -0.098174       -0.015741

     C   10       -0.290917       -0.281790       -0.275718
     C   10       -0.281790        0.421577        0.132286
     C   10       -0.275718        0.132286       -0.130660

     C   11        0.224340        0.267885       -0.093407
     C   11        0.267885        0.045554        0.233624
     C   11       -0.093407        0.233624       -0.269894

     Cl  12        1.014503        2.185955       -0.580704
     Cl  12        2.185955       -0.236645       -0.106232
     Cl  12       -0.580704       -0.106232       -0.777858

     H   13       -0.155957       -0.030750        0.057724
     H   13       -0.030750        0.106469        0.261320
     H   13        0.057724        0.261320        0.049488

     C   14       -0.176694       -0.002861       -0.127561
     C   14       -0.002861        0.008263       -0.274567
     C   14       -0.127561       -0.274567        0.168432

     H   15        0.211664        0.070124        0.191169
     H   15        0.070124       -0.224993        0.112720
     H   15        0.191169        0.112720        0.013329

     C   16        0.007691        0.221559        0.078863
     C   16        0.221559       -0.219887       -0.203235
     C   16        0.078863       -0.203235        0.212195

     C   17       -0.020651       -0.220938        0.012663
     C   17       -0.220938        0.040831        0.021195
     C   17        0.012663        0.021195       -0.020180

     Cl  18        1.614319       -2.130646       -0.033289
     Cl  18       -2.130646       -0.040542       -0.039325
     Cl  18       -0.033289       -0.039325       -1.573777

     H   19       -0.058432       -0.035952       -0.199464
     H   19       -0.035952        0.316407       -0.409021
     H   19       -0.199464       -0.409021       -0.257975

     C   20       -0.414387       -0.099722       -0.232170
     C   20       -0.099722        0.145779       -0.089658
     C   20       -0.232170       -0.089658        0.268608

     H   21        0.112298       -0.043886        0.370871
     H   21       -0.043886       -0.087019       -0.115000
     H   21        0.370871       -0.115000       -0.025279

     C   22       -0.014406       -0.121046       -0.062200
     C   22       -0.121046       -0.301064        0.221558
     C   22       -0.062200        0.221558        0.315470

     C   23       -0.013609        0.116456       -0.250586
     C   23        0.116456        0.259751        0.073207
     C   23       -0.250586        0.073207       -0.246142

     Cl  24        1.099495        1.021627        0.739435
     Cl  24        1.021627        0.615795       -1.146663
     Cl  24        0.739435       -1.146663       -1.715291


     NQR/NMR SPECTROSCOPIC PARAMETERS:
     Cl   1    Vxx=   -0.0148    axis=(  0.880146  0.296038 -0.371087)
     Cl   1    Vyy=   -3.1143    axis=(  0.278964  0.309944  0.908908)
     Cl   1    Vzz=    3.1291    axis=(  0.384087 -0.903491  0.190212)
     Cl   1  Q=        -8.1650 1e-30 m^2  Cq=       -60.0298 MHz  eta= 0.99057

     C    2    Vxx=   -0.1352    axis=( -0.423627  0.684903  0.592831)
     C    2    Vyy=   -0.2589    axis=( -0.905366 -0.341230 -0.252733)
     C    2    Vzz=    0.3941    axis=(  0.029195 -0.643793  0.764642)
     C    2  Q=         1.0000 1e-30 m^2  Cq=         0.9259 MHz  eta= 0.31374

     C    3    Vxx=   -0.0422    axis=(  0.714973 -0.092029 -0.693069)
     C    3    Vyy=   -0.6197    axis=(  0.578764  0.634035  0.512866)
     C    3    Vzz=    0.6619    axis=( -0.392232  0.767808 -0.506581)
     C    3  Q=         1.0000 1e-30 m^2  Cq=         1.5553 MHz  eta= 0.87248

     H    4    Vxx=   -0.0565    axis=( -0.577405  0.425277  0.696952)
     H    4    Vyy=   -0.5111    axis=( -0.169208  0.772764 -0.611722)
     H    4    Vzz=    0.5676    axis=(  0.798732  0.471142  0.374237)
     H    4  Q=         1.0000 1e-30 m^2  Cq=         1.3336 MHz  eta= 0.80078

     C    5    Vxx=   -0.0158    axis=(  0.673259  0.614109 -0.411816)
     C    5    Vyy=   -0.7120    axis=( -0.474343  0.785962  0.396563)
     C    5    Vzz=    0.7278    axis=(  0.567205 -0.071648  0.820454)
     C    5  Q=         1.0000 1e-30 m^2  Cq=         1.7101 MHz  eta= 0.95649

     H    6    Vxx=   -0.0411    axis=(  0.849589  0.253816 -0.462359)
     H    6    Vyy=   -0.5080    axis=( -0.516520  0.222882 -0.826759)
     H    6    Vzz=    0.5491    axis=( -0.106793  0.941223  0.320460)
     H    6  Q=         1.0000 1e-30 m^2  Cq=         1.2902 MHz  eta= 0.85026

     H    7    Vxx=   -0.0284    axis=(  0.844103  0.148529  0.515198)
     H    7    Vyy=   -0.5559    axis=( -0.503228  0.551111  0.665611)
     H    7    Vzz=    0.5843    axis=( -0.185069 -0.821106  0.539939)
     H    7  Q=         1.0000 1e-30 m^2  Cq=         1.3729 MHz  eta= 0.90284

     C    8    Vxx=   -0.0792    axis=(  0.455345  0.388350  0.801153)
     C    8    Vyy=   -0.6058    axis=( -0.452054 -0.674382  0.583829)
     C    8    Vzz=    0.6850    axis=( -0.767013  0.628008  0.131521)
     C    8  Q=         1.0000 1e-30 m^2  Cq=         1.6095 MHz  eta= 0.76880

     H    9    Vxx=   -0.0465    axis=(  0.221759  0.917325 -0.330663)
     H    9    Vyy=   -0.4680    axis=( -0.605332  0.395360  0.690843)
     H    9    Vzz=    0.5145    axis=( -0.764458 -0.046960 -0.642960)
     H    9  Q=         1.0000 1e-30 m^2  Cq=         1.2089 MHz  eta= 0.81913

     C   10    Vxx=   -0.0648    axis=(  0.406250  0.451416 -0.794471)
     C   10    Vyy=   -0.5239    axis=(  0.832861  0.174747  0.525172)
     C   10    Vzz=    0.5887    axis=(  0.375902 -0.875035 -0.304976)
     C   10  Q=         1.0000 1e-30 m^2  Cq=         1.3833 MHz  eta= 0.77974

     C   11    Vxx=    0.0394    axis=( -0.540958  0.584406  0.604842)
     C   11    Vyy=    0.4236    axis=( -0.780653 -0.616496 -0.102534)
     C   11    Vzz=   -0.4630    axis=(  0.312961 -0.527639  0.789717)
     C   11  Q=         1.0000 1e-30 m^2  Cq=        -1.0879 MHz  eta= 0.82990

     Cl  12    Vxx=   -0.7941    axis=( -0.023332  0.274664  0.961257)
     Cl  12    Vyy=   -1.9480    axis=(  0.606580 -0.760419  0.232001)
     Cl  12    Vzz=    2.7421    axis=(  0.794680  0.588492 -0.148864)
     Cl  12  Q=        -8.1650 1e-30 m^2  Cq=       -52.6052 MHz  eta= 0.42079

     H   13    Vxx=   -0.1056    axis=(  0.780126 -0.437679  0.447036)
     H   13    Vyy=   -0.2357    axis=( -0.624807 -0.508569  0.592430)
     H   13    Vzz=    0.3413    axis=(  0.031945  0.741481  0.670213)
     H   13  Q=         1.0000 1e-30 m^2  Cq=         0.8020 MHz  eta= 0.38111

     C   14    Vxx=   -0.1186    axis=(  0.701077 -0.644552 -0.305031)
     C   14    Vyy=   -0.2738    axis=(  0.690832  0.507891  0.514585)
     C   14    Vzz=    0.3924    axis=( -0.176754 -0.571489  0.801347)
     C   14  Q=         1.0000 1e-30 m^2  Cq=         0.9219 MHz  eta= 0.39567

     H   15    Vxx=   -0.0825    axis=( -0.568655  0.319785  0.757871)
     H   15    Vyy=   -0.2699    axis=(  0.015605  0.925367 -0.378751)
     H   15    Vzz=    0.3525    axis=( -0.822428 -0.203553 -0.531205)
     H   15  Q=         1.0000 1e-30 m^2  Cq=         0.8282 MHz  eta= 0.53163

     C   16    Vxx=    0.1343    axis=(  0.878747  0.424560  0.218065)
     C   16    Vyy=    0.2931    axis=(  0.043306  0.384075 -0.922286)
     C   16    Vzz=   -0.4274    axis=( -0.475319  0.819899  0.319119)
     C   16  Q=         1.0000 1e-30 m^2  Cq=        -1.0043 MHz  eta= 0.37157

     C   17    Vxx=   -0.0176    axis=(  0.109844  0.055359  0.992406)
     C   17    Vyy=   -0.2158    axis=(  0.747542  0.653433 -0.119192)
     C   17    Vzz=    0.2334    axis=( -0.655069  0.754958  0.030393)
     C   17  Q=         1.0000 1e-30 m^2  Cq=         0.5484 MHz  eta= 0.84922

     Cl  18    Vxx=   -1.4728    axis=(  0.503234  0.736206 -0.452499)
     Cl  18    Vyy=   -1.5998    axis=(  0.256399  0.372849  0.891764)
     Cl  18    Vzz=    3.0726    axis=( -0.825236  0.564787  0.001132)
     Cl  18  Q=        -8.1650 1e-30 m^2  Cq=       -58.9456 MHz  eta= 0.04134

     H   19    Vxx=    0.0122    axis=(  0.922810 -0.265842 -0.278836)
     H   19    Vyy=    0.5355    axis=(  0.107294  0.872478 -0.476730)
     H   19    Vzz=   -0.5477    axis=(  0.370013  0.410014  0.833654)
     H   19  Q=         1.0000 1e-30 m^2  Cq=        -1.2868 MHz  eta= 0.95547

     C   20    Vxx=    0.1521    axis=(  0.254885 -0.942268 -0.217174)
     C   20    Vyy=    0.3565    axis=(  0.243475  0.279895 -0.928644)
     C   20    Vzz=   -0.5086    axis=(  0.935817  0.183821  0.300759)
     C   20  Q=         1.0000 1e-30 m^2  Cq=        -1.1950 MHz  eta= 0.40192

     H   21    Vxx=   -0.0942    axis=( -0.305413 -0.950480  0.057546)
     H   21    Vyy=   -0.3485    axis=( -0.595204  0.237728  0.767606)
     H   21    Vzz=    0.4426    axis=(  0.743274 -0.200185  0.638334)
     H   21  Q=         1.0000 1e-30 m^2  Cq=         1.0400 MHz  eta= 0.57455

     C   22    Vxx=   -0.0120    axis=(  0.940936 -0.169273  0.293235)
     C   22    Vyy=   -0.3973    axis=(  0.250692  0.930425 -0.267324)
     C   22    Vzz=    0.4093    axis=( -0.227583  0.325047  0.917906)
     C   22  Q=         1.0000 1e-30 m^2  Cq=         0.9618 MHz  eta= 0.94130

     C   23    Vxx=    0.1253    axis=( -0.748339  0.336999  0.571332)
     C   23    Vyy=    0.3035    axis=( -0.378483 -0.924287  0.049445)
     C   23    Vzz=   -0.4288    axis=(  0.544737 -0.179238  0.819228)
     C   23  Q=         1.0000 1e-30 m^2  Cq=        -1.0075 MHz  eta= 0.41574

     Cl  24    Vxx=    0.5999    axis=( -0.574810  0.645290 -0.503184)
     Cl  24    Vyy=    1.9138    axis=( -0.764021 -0.643431  0.047631)
     Cl  24    Vzz=   -2.5137    axis=( -0.293029  0.411821  0.862866)
     Cl  24  Q=        -8.1650 1e-30 m^2  Cq=        48.2235 MHz  eta= 0.52269

     Initialization:
     gipaw_setup  :      9.12s CPU     11.34s WALL (       1 calls)

     Linear response

     Apply operators

     Induced current

     Other routines
     efg          :      9.26s CPU     11.47s WALL (       1 calls)

     General routines
     calbec       :      3.26s CPU      4.06s WALL (      16 calls)
     fft          :      1.50s CPU      2.02s WALL (      15 calls)
     ffts         :      0.04s CPU      0.04s WALL (       2 calls)
     fftw         :      3.23s CPU      4.04s WALL (     672 calls)
     davcio       :      0.04s CPU      0.33s WALL (      32 calls)

     Parallel routines
     fft_scatter  :      1.98s CPU      3.05s WALL (     689 calls)

     Plugins

     GIPAW        :     62.30s CPU     72.58s WALL (       1 calls)
