
     Program QE v.6.0 (svn rev. 13079) starts on 18Jan2017 at 17:30:29 

     This program is part of the open-source Quantum ESPRESSO suite
     for quantum simulation of materials; please cite
         "P. Giannozzi et al., J. Phys.:Condens. Matter 21 395502 (2009);
          URL http://www.quantum-espresso.org", 
     in publications or presentations arising from this work. More details at
     http://www.quantum-espresso.org/quote

     Parallel version (MPI), running on     8 processors
     R & G space division:  proc/nbgrp/npool/nimage =       8

     ***** This is GIPAW svn revision unknown      *****

     Parallelizing q-star over 1 images

     Reading data from directory:
     /users/majewski/paradichlorobenzene/pbe/9_constraint/scratch/pbe.ecut100.np8.dt60.pcl2phi-129368.save
     Message from routine read_xml_file:
     file /users/majewski/paradichlorobenzene/pbe/9_constraint/scratch/pbe.ecut100.np8.dt60.pcl2phi-129368.save not guaranteed to be safe for post-processing

   Info: using nr1, nr2, nr3 values from input

   Info: using nr1, nr2, nr3 values from input

     IMPORTANT: XC functional enforced from input :
     Exchange-correlation      =  SLA  PW   PBX  PBC ( 1  4  3  4 0 0)
     Any further DFT definition will be discarded
     Please, verify this is what you really want

               file C.pbe-n-kjpaw_psl.1.0.0.UPF: wavefunction(s)  2S 2P renormalized
               file Cl.pbe-n-kjpaw_psl.1.0.0.UPF: wavefunction(s)  3S 3P renormalized
               file H.pbe-kjpaw_psl.1.0.0.UPF: wavefunction(s)  1S renormalized

     Parallelization info
     --------------------
     sticks:   dense  smooth     PW     G-vecs:    dense   smooth      PW
     Min        3057    1223    332               144436    36536    5170
     Max        3059    1225    333               144437    36537    5171
     Sum       24467    9791   2657              1155489   292295   41363


     Subspace diagonalization in iterative solution of the eigenvalue problem:
     a serial algorithm will be used

     GIPAW projectors -----------------------------------------------
     atom=  C    l=0  rc=    1.2000  rs=    0.8000
     atom=  C    l=0  rc=    1.2000  rs=    0.8000
     atom=  C    l=1  rc=    1.4000  rs=    0.9333
     atom=  C    l=1  rc=    1.4000  rs=    0.9333
     projs nearly linearly dependent: l=1  n1,n2= 1, 2  s=  0.99951561

     atom=  Cl   l=0  rc=    1.6000  rs=    1.0667
     atom=  Cl   l=0  rc=    1.6000  rs=    1.0667
     atom=  Cl   l=1  rc=    1.6000  rs=    1.0667
     atom=  Cl   l=1  rc=    1.6000  rs=    1.0667
     atom=  Cl   l=2  rc=    1.6000  rs=    1.0667
     atom=  Cl   l=2  rc=    1.6000  rs=    1.0667
     projs nearly linearly dependent: l=2  n1,n2= 1, 2  s=  0.99993509

     atom=  H    l=0  rc=    1.0000  rs=    0.6667
     atom=  H    l=0  rc=    1.0000  rs=    0.6667
     projs nearly linearly dependent: l=0  n1,n2= 1, 2  s=  0.99968852
     -----------------------------------------------------------------

     GIPAW integrals: -------------------------------------------
     Atom  i/j   nmr_para   nmr_dia   epr_rmc  epr_para   epr_dia
       C   1 1   0.83E+03  0.17E-01  0.93E+01  0.24E+08  0.24E+03
       C   2 1   0.86E+03 -0.61E-01  0.94E+01  0.25E+08  0.25E+03
       C   2 2   0.90E+03 -0.15E+00  0.97E+01  0.26E+08  0.26E+03
       C   3 3   0.33E+01  0.34E+00  0.18E+01  0.55E+03  0.21E+02
       C   4 3   0.35E+01  0.37E+00  0.20E+01  0.59E+03  0.22E+02
       C   4 4   0.38E+01  0.39E+00  0.22E+01  0.63E+03  0.24E+02
       Cl  1 1   0.14E+04 -0.47E+00  0.84E+01  0.32E+09  0.42E+03
       Cl  2 1   0.21E+04 -0.37E+00  0.12E+02  0.49E+09  0.65E+03
       Cl  2 2   0.33E+04 -0.16E+00  0.21E+02  0.76E+09  0.10E+04
       Cl  3 3   0.21E+02  0.79E-01  0.89E+01  0.23E+05  0.13E+03
       Cl  4 3   0.24E+02  0.67E-01  0.99E+01  0.27E+05  0.15E+03
       Cl  4 4   0.28E+02  0.44E-01  0.11E+02  0.32E+05  0.18E+03
       Cl  5 5   0.77E+00  0.19E+00  0.18E+01  0.12E+03  0.22E+02
       Cl  6 5   0.80E+00  0.19E+00  0.19E+01  0.12E+03  0.23E+02
       Cl  6 6   0.83E+00  0.20E+00  0.19E+01  0.12E+03  0.23E+02
       H   1 1   0.39E+02  0.19E+00  0.29E+00  0.78E+05  0.13E+02
       H   2 1   0.41E+02  0.21E+00  0.32E+00  0.82E+05  0.14E+02
       H   2 2   0.43E+02  0.22E+00  0.36E+00  0.86E+05  0.15E+02
     ------------------------------------------------------------

     alpha_pv=     33.9531 eV

     Number of occupied bands for each k-point:
     k-point:     1    nbnd_occ=  42
     k-point:     2    nbnd_occ=  42
     k-point:     3    nbnd_occ=  42
     k-point:     4    nbnd_occ=  42
     k-point:     5    nbnd_occ=  42
     k-point:     6    nbnd_occ=  42
     k-point:     7    nbnd_occ=  42
     k-point:     8    nbnd_occ=  42
     k-point:     9    nbnd_occ=  42
     k-point:    10    nbnd_occ=  42
     k-point:    11    nbnd_occ=  42
     k-point:    12    nbnd_occ=  42
     k-point:    13    nbnd_occ=  42
     k-point:    14    nbnd_occ=  42
     k-point:    15    nbnd_occ=  42
     k-point:    16    nbnd_occ=  42


     q-space interpolation up to   110.00 Rydberg

     GIPAW job: efg                                                                             


     ELECTRIC FIELD GRADIENTS TENSORS IN Hartree/bohrradius^2:

     ----- bare term -----
     Cl   1       -0.101646        0.093221       -0.037400
     Cl   1        0.093221       -0.047757       -0.011950
     Cl   1       -0.037400       -0.011950        0.149402

     C    2       -0.016536        0.005172       -0.384506
     C    2        0.005172       -0.222244       -0.352689
     C    2       -0.384506       -0.352689        0.238780

     C    3       -0.084746        0.399345       -0.265127
     C    3        0.399345       -0.231602       -0.345616
     C    3       -0.265127       -0.345616        0.316347

     H    4       -0.125851       -0.159452       -0.453229
     H    4       -0.159452        0.423830       -0.056969
     H    4       -0.453229       -0.056969       -0.297978

     C    5       -0.225416        0.106609       -0.520345
     C    5        0.106609       -0.018820       -0.407954
     C    5       -0.520345       -0.407954        0.244236

     H    6        0.341624        0.083134       -0.088201
     H    6        0.083134       -0.579675       -0.346917
     H    6       -0.088201       -0.346917        0.238051

     H    7        0.516085        0.022136        0.065770
     H    7        0.022136        0.075103        0.299814
     H    7        0.065770        0.299814       -0.591189

     C    8       -0.314003       -0.269508       -0.230844
     C    8       -0.269508       -0.226912        0.433266
     C    8       -0.230844        0.433266        0.540915

     H    9       -0.452824       -0.053138       -0.462410
     H    9       -0.053138        0.207784        0.137450
     H    9       -0.462410        0.137450        0.245040

     C   10       -0.223178       -0.318731       -0.294274
     C   10       -0.318731       -0.206594        0.521905
     C   10       -0.294274        0.521905        0.429772

     C   11        0.038865        0.131189       -0.579706
     C   11        0.131189       -0.189687        0.537801
     C   11       -0.579706        0.537801        0.150822

     Cl  12        0.029736       -0.252010       -0.081317
     Cl  12       -0.252010       -0.055587        0.042504
     Cl  12       -0.081317        0.042504        0.025851

     H   13        0.468258       -0.187008        0.019231
     H   13       -0.187008       -0.696342       -0.027194
     H   13        0.019231       -0.027194        0.228084

     C   14       -0.209067        0.359126       -0.336383
     C   14        0.359126       -0.231787       -0.286045
     C   14       -0.336383       -0.286045        0.440854

     H   15       -0.689564       -0.082385       -0.327055
     H   15       -0.082385        0.390236       -0.147177
     H   15       -0.327055       -0.147177        0.299328

     C   16       -0.122002        0.208031       -0.411147
     C   16        0.208031       -0.131774       -0.459547
     C   16       -0.411147       -0.459547        0.253777

     C   17       -0.076241        0.273505       -0.223354
     C   17        0.273505       -0.245010       -0.492146
     C   17       -0.223354       -0.492146        0.321251

     Cl  18       -0.118850        0.087921       -0.106530
     Cl  18        0.087921       -0.072411       -0.098185
     Cl  18       -0.106530       -0.098185        0.191260

     H   19        0.350438        0.086936       -0.080756
     H   19        0.086936       -0.446222        0.527956
     H   19       -0.080756        0.527956        0.095784

     C   20       -0.226856       -0.407387       -0.360836
     C   20       -0.407387       -0.237849        0.267883
     C   20       -0.360836        0.267883        0.464705

     H   21       -0.594072        0.124380       -0.341069
     H   21        0.124380        0.345125        0.174976
     H   21       -0.341069        0.174976        0.248947

     C   22       -0.092756       -0.119114       -0.315181
     C   22       -0.119114       -0.258831        0.536251
     C   22       -0.315181        0.536251        0.351587

     C   23       -0.348111       -0.168166       -0.377628
     C   23       -0.168166       -0.096704        0.394227
     C   23       -0.377628        0.394227        0.444815

     Cl  24       -0.050339       -0.051777        0.047362
     Cl  24       -0.051777        0.086947       -0.135951
     Cl  24        0.047362       -0.135951       -0.036608

     ----- ionic term -----
     Cl   1        0.163716       -0.193137        0.038002
     Cl   1       -0.193137       -0.029263       -0.010427
     Cl   1        0.038002       -0.010427       -0.134453

     C    2        0.144729       -0.149958        0.307750
     C    2       -0.149958        0.158989        0.385147
     C    2        0.307750        0.385147       -0.303718

     C    3        0.096014       -0.214558        0.261303
     C    3       -0.214558        0.262378        0.334193
     C    3        0.261303        0.334193       -0.358392

     H    4        0.651619        0.347042        0.642398
     H    4        0.347042       -0.372049        0.247788
     H    4        0.642398        0.247788       -0.279570

     C    5        0.220215       -0.165017        0.392114
     C    5       -0.165017        0.130605        0.201200
     C    5        0.392114        0.201200       -0.350820

     H    6       -0.497593        0.161026        0.099883
     H    6        0.161026        0.877140        0.502364
     H    6        0.099883        0.502364       -0.379547

     H    7       -0.529672        0.001763        0.016880
     H    7        0.001763        0.315621       -0.803065
     H    7        0.016880       -0.803065        0.214052

     C    8        0.230022        0.262575        0.216614
     C    8        0.262575        0.016592       -0.317810
     C    8        0.216614       -0.317810       -0.246614

     H    9        0.818220       -0.233593        0.568624
     H    9       -0.233593       -0.481311       -0.184243
     H    9        0.568624       -0.184243       -0.336910

     C   10        0.174264        0.234773        0.176575
     C   10        0.234773        0.163940       -0.412947
     C   10        0.176575       -0.412947       -0.338204

     C   11        0.178171        0.116717        0.308456
     C   11        0.116717        0.107426       -0.446202
     C   11        0.308456       -0.446202       -0.285597

     Cl  12        0.104912        0.208847        0.004203
     Cl  12        0.208847        0.035542       -0.010457
     Cl  12        0.004203       -0.010457       -0.140455

     H   13       -0.504311       -0.048968       -0.038065
     H   13       -0.048968        0.708005        0.641198
     H   13       -0.038065        0.641198       -0.203694

     C   14        0.196126       -0.229118        0.301547
     C   14       -0.229118        0.129387        0.238563
     C   14        0.301547        0.238563       -0.325513

     H   15        0.634999        0.179530        0.699118
     H   15        0.179530       -0.452845        0.166581
     H   15        0.699118        0.166581       -0.182154

     C   16        0.129566       -0.249577        0.275095
     C   16       -0.249577        0.234588        0.285452
     C   16        0.275095        0.285452       -0.364154

     C   17        0.113218       -0.184674        0.401630
     C   17       -0.184674        0.224151        0.299479
     C   17        0.401630        0.299479       -0.337369

     Cl  18        0.088890       -0.217363        0.071419
     Cl  18       -0.217363        0.078679       -0.048593
     Cl  18        0.071419       -0.048593       -0.167569

     H   19       -0.515742        0.053537       -0.026137
     H   19        0.053537        0.505502       -0.778072
     H   19       -0.026137       -0.778072        0.010240

     C   20        0.271231        0.250896        0.274340
     C   20        0.250896        0.067865       -0.302171
     C   20        0.274340       -0.302171       -0.339096

     H   21        0.641895       -0.299028        0.670918
     H   21       -0.299028       -0.444665       -0.230267
     H   21        0.670918       -0.230267       -0.197230

     C   22        0.128580        0.287950        0.209347
     C   22        0.287950        0.189212       -0.377092
     C   22        0.209347       -0.377092       -0.317792

     C   23        0.099580        0.229594        0.238552
     C   23        0.229594        0.164040       -0.394844
     C   23        0.238552       -0.394844       -0.263620

     Cl  24        0.085327        0.209693        0.000374
     Cl  24        0.209693        0.062418       -0.002441
     Cl  24        0.000374       -0.002441       -0.147745

     ----- GIPAW term -----
     Cl   1       -0.803428       -1.175417       -0.644520
     Cl   1       -1.175417       -1.412864       -0.613974
     Cl   1       -0.644520       -0.613974        2.216293

     C    2       -0.006877       -0.015543       -0.144689
     C    2       -0.015543       -0.084719       -0.103714
     C    2       -0.144689       -0.103714        0.091596

     C    3       -0.023802        0.102987       -0.176744
     C    3        0.102987       -0.094959       -0.115929
     C    3       -0.176744       -0.115929        0.118761

     H    4       -0.000000        0.000000        0.000000
     H    4        0.000000        0.000000        0.000000
     H    4        0.000000        0.000000        0.000000

     C    5        0.108218        0.045678       -0.147655
     C    5        0.045678       -0.082307       -0.087028
     C    5       -0.147655       -0.087028       -0.025912

     H    6       -0.000000        0.000000        0.000000
     H    6        0.000000        0.000000        0.000000
     H    6        0.000000        0.000000        0.000000

     H    7       -0.000000        0.000000        0.000000
     H    7        0.000000        0.000000        0.000000
     H    7        0.000000        0.000000        0.000000

     C    8       -0.102855       -0.041767       -0.034565
     C    8       -0.041767       -0.141355        0.124990
     C    8       -0.034565        0.124990        0.244210

     H    9       -0.000000        0.000000        0.000000
     H    9        0.000000        0.000000        0.000000
     H    9        0.000000        0.000000        0.000000

     C   10       -0.101784       -0.066825       -0.115166
     C   10       -0.066825       -0.040332        0.157265
     C   10       -0.115166        0.157265        0.142115

     C   11        0.183207        0.124140       -0.192318
     C   11        0.124140       -0.093294        0.087839
     C   11       -0.192318        0.087839       -0.089913

     Cl  12        2.027944        0.534796       -0.709717
     Cl  12        0.534796       -0.285150        0.375457
     Cl  12       -0.709717        0.375457       -1.742794

     H   13       -0.000000        0.000000        0.000000
     H   13        0.000000        0.000000        0.000000
     H   13        0.000000        0.000000        0.000000

     C   14        0.017961        0.132299       -0.183875
     C   14        0.132299       -0.104943       -0.128350
     C   14       -0.183875       -0.128350        0.086982

     H   15       -0.000000        0.000000        0.000000
     H   15        0.000000        0.000000        0.000000
     H   15        0.000000        0.000000        0.000000

     C   16        0.080120        0.098525       -0.154621
     C   16        0.098525       -0.037979       -0.091132
     C   16       -0.154621       -0.091132       -0.042141

     C   17        0.145240       -0.051577       -0.029181
     C   17       -0.051577       -0.073285       -0.072148
     C   17       -0.029181       -0.072148       -0.071955

     Cl  18       -0.293422       -1.093413       -1.228700
     Cl  18       -1.093413       -0.807177       -1.558116
     Cl  18       -1.228700       -1.558116        1.100599

     H   19       -0.000000        0.000000        0.000000
     H   19        0.000000        0.000000        0.000000
     H   19        0.000000        0.000000        0.000000

     C   20        0.098775       -0.070797       -0.157498
     C   20       -0.070797       -0.137689        0.038404
     C   20       -0.157498        0.038404        0.038914

     H   21       -0.000000        0.000000        0.000000
     H   21        0.000000        0.000000        0.000000
     H   21        0.000000        0.000000        0.000000

     C   22       -0.018643        0.042030       -0.102284
     C   22        0.042030       -0.022842        0.060954
     C   22       -0.102284        0.060954        0.041486

     C   23       -0.002013        0.100238       -0.143716
     C   23        0.100238       -0.061973        0.033106
     C   23       -0.143716        0.033106        0.063986

     Cl  24        0.601547        1.409732        0.403553
     Cl  24        1.409732        1.037314       -1.278740
     Cl  24        0.403553       -1.278740       -1.638861

     ----- total EFG -----
     Cl   1       -0.741359       -1.275333       -0.643918
     Cl   1       -1.275333       -1.489884       -0.636350
     Cl   1       -0.643918       -0.636350        2.231242

     C    2        0.121316       -0.160329       -0.221445
     C    2       -0.160329       -0.147974       -0.071256
     C    2       -0.221445       -0.071256        0.026658

     C    3       -0.012534        0.287774       -0.180568
     C    3        0.287774       -0.064183       -0.127352
     C    3       -0.180568       -0.127352        0.076716

     H    4        0.525768        0.187590        0.189169
     H    4        0.187590        0.051780        0.190819
     H    4        0.189169        0.190819       -0.577548

     C    5        0.103017       -0.012729       -0.275886
     C    5       -0.012729        0.029478       -0.293783
     C    5       -0.275886       -0.293783       -0.132496

     H    6       -0.155969        0.244160        0.011682
     H    6        0.244160        0.297464        0.155446
     H    6        0.011682        0.155446       -0.141495

     H    7       -0.013587        0.023899        0.082651
     H    7        0.023899        0.390724       -0.503250
     H    7        0.082651       -0.503250       -0.377137

     C    8       -0.186836       -0.048700       -0.048795
     C    8       -0.048700       -0.351675        0.240446
     C    8       -0.048795        0.240446        0.538511

     H    9        0.365396       -0.286731        0.106213
     H    9       -0.286731       -0.273527       -0.046793
     H    9        0.106213       -0.046793       -0.091869

     C   10       -0.150698       -0.150782       -0.232865
     C   10       -0.150782       -0.082985        0.266223
     C   10       -0.232865        0.266223        0.233683

     C   11        0.400243        0.372046       -0.463568
     C   11        0.372046       -0.175554        0.179439
     C   11       -0.463568        0.179439       -0.224689

     Cl  12        2.162592        0.491633       -0.786831
     Cl  12        0.491633       -0.305195        0.407504
     Cl  12       -0.786831        0.407504       -1.857398

     H   13       -0.036053       -0.235976       -0.018834
     H   13       -0.235976        0.011663        0.614004
     H   13       -0.018834        0.614004        0.024390

     C   14        0.005020        0.262307       -0.218711
     C   14        0.262307       -0.207343       -0.175832
     C   14       -0.218711       -0.175832        0.202323

     H   15       -0.054565        0.097145        0.372063
     H   15        0.097145       -0.062609        0.019404
     H   15        0.372063        0.019404        0.117174

     C   16        0.087683        0.056980       -0.290673
     C   16        0.056980        0.064835       -0.265226
     C   16       -0.290673       -0.265226       -0.152518

     C   17        0.182217        0.037254        0.149095
     C   17        0.037254       -0.094145       -0.264815
     C   17        0.149095       -0.264815       -0.088072

     Cl  18       -0.323382       -1.222855       -1.263810
     Cl  18       -1.222855       -0.800908       -1.704895
     Cl  18       -1.263810       -1.704895        1.124290

     H   19       -0.165303        0.140472       -0.106894
     H   19        0.140472        0.059280       -0.250116
     H   19       -0.106894       -0.250116        0.106024

     C   20        0.143150       -0.227288       -0.243993
     C   20       -0.227288       -0.307673        0.004115
     C   20       -0.243993        0.004115        0.164523

     H   21        0.047823       -0.174648        0.329848
     H   21       -0.174648       -0.099540       -0.055291
     H   21        0.329848       -0.055291        0.051717

     C   22        0.017181        0.210866       -0.208118
     C   22        0.210866       -0.092461        0.220113
     C   22       -0.208118        0.220113        0.075281

     C   23       -0.250544        0.161666       -0.282792
     C   23        0.161666        0.005363        0.032489
     C   23       -0.282792        0.032489        0.245181

     Cl  24        0.636535        1.567648        0.451289
     Cl  24        1.567648        1.186679       -1.417132
     Cl  24        0.451289       -1.417132       -1.823214

     ----- total EFG (symmetrized) -----
     Cl   1       -0.741359       -1.275333       -0.643918
     Cl   1       -1.275333       -1.489884       -0.636350
     Cl   1       -0.643918       -0.636350        2.231242

     C    2        0.121316       -0.160329       -0.221445
     C    2       -0.160329       -0.147974       -0.071256
     C    2       -0.221445       -0.071256        0.026658

     C    3       -0.012534        0.287774       -0.180568
     C    3        0.287774       -0.064183       -0.127352
     C    3       -0.180568       -0.127352        0.076716

     H    4        0.525768        0.187590        0.189169
     H    4        0.187590        0.051780        0.190819
     H    4        0.189169        0.190819       -0.577548

     C    5        0.103017       -0.012729       -0.275886
     C    5       -0.012729        0.029478       -0.293783
     C    5       -0.275886       -0.293783       -0.132496

     H    6       -0.155969        0.244160        0.011682
     H    6        0.244160        0.297464        0.155446
     H    6        0.011682        0.155446       -0.141495

     H    7       -0.013587        0.023899        0.082651
     H    7        0.023899        0.390724       -0.503250
     H    7        0.082651       -0.503250       -0.377137

     C    8       -0.186836       -0.048700       -0.048795
     C    8       -0.048700       -0.351675        0.240446
     C    8       -0.048795        0.240446        0.538511

     H    9        0.365396       -0.286731        0.106213
     H    9       -0.286731       -0.273527       -0.046793
     H    9        0.106213       -0.046793       -0.091869

     C   10       -0.150698       -0.150782       -0.232865
     C   10       -0.150782       -0.082985        0.266223
     C   10       -0.232865        0.266223        0.233683

     C   11        0.400243        0.372046       -0.463568
     C   11        0.372046       -0.175554        0.179439
     C   11       -0.463568        0.179439       -0.224689

     Cl  12        2.162592        0.491633       -0.786831
     Cl  12        0.491633       -0.305195        0.407504
     Cl  12       -0.786831        0.407504       -1.857398

     H   13       -0.036053       -0.235976       -0.018834
     H   13       -0.235976        0.011663        0.614004
     H   13       -0.018834        0.614004        0.024390

     C   14        0.005020        0.262307       -0.218711
     C   14        0.262307       -0.207343       -0.175832
     C   14       -0.218711       -0.175832        0.202323

     H   15       -0.054565        0.097145        0.372063
     H   15        0.097145       -0.062609        0.019404
     H   15        0.372063        0.019404        0.117174

     C   16        0.087683        0.056980       -0.290673
     C   16        0.056980        0.064835       -0.265226
     C   16       -0.290673       -0.265226       -0.152518

     C   17        0.182217        0.037254        0.149095
     C   17        0.037254       -0.094145       -0.264815
     C   17        0.149095       -0.264815       -0.088072

     Cl  18       -0.323382       -1.222855       -1.263810
     Cl  18       -1.222855       -0.800908       -1.704895
     Cl  18       -1.263810       -1.704895        1.124290

     H   19       -0.165303        0.140472       -0.106894
     H   19        0.140472        0.059280       -0.250116
     H   19       -0.106894       -0.250116        0.106024

     C   20        0.143150       -0.227288       -0.243993
     C   20       -0.227288       -0.307673        0.004115
     C   20       -0.243993        0.004115        0.164523

     H   21        0.047823       -0.174648        0.329848
     H   21       -0.174648       -0.099540       -0.055291
     H   21        0.329848       -0.055291        0.051717

     C   22        0.017181        0.210866       -0.208118
     C   22        0.210866       -0.092461        0.220113
     C   22       -0.208118        0.220113        0.075281

     C   23       -0.250544        0.161666       -0.282792
     C   23        0.161666        0.005363        0.032489
     C   23       -0.282792        0.032489        0.245181

     Cl  24        0.636535        1.567648        0.451289
     Cl  24        1.567648        1.186679       -1.417132
     Cl  24        0.451289       -1.417132       -1.823214


     NQR/NMR SPECTROSCOPIC PARAMETERS:
     Cl   1    Vxx=    0.2058    axis=(  0.787383 -0.613778  0.057484)
     Cl   1    Vyy=    2.4047    axis=(  0.156691  0.109077 -0.981606)
     Cl   1    Vzz=   -2.6105    axis=(  0.596218  0.781907  0.182058)
     Cl   1  Q=        -8.1650 1e-30 m^2  Cq=        50.0814 MHz  eta= 0.84235

     C    2    Vxx=   -0.0042    axis=( -0.310959  0.677351 -0.666709)
     C    2    Vyy=   -0.3117    axis=(  0.510631  0.710709  0.483890)
     C    2    Vzz=    0.3159    axis=(  0.801599 -0.189972 -0.566878)
     C    2  Q=         1.0000 1e-30 m^2  Cq=         0.7423 MHz  eta= 0.97320

     C    3    Vxx=   -0.0701    axis=(  0.354742  0.444987  0.822280)
     C    3    Vyy=   -0.3297    axis=( -0.695824  0.713081 -0.085706)
     C    3    Vzz=    0.3998    axis=( -0.624490 -0.541759  0.562592)
     C    3  Q=         1.0000 1e-30 m^2  Cq=         0.9393 MHz  eta= 0.64931

     H    4    Vxx=    0.0069    axis=(  0.389185 -0.905404 -0.169642)
     H    4    Vyy=    0.6397    axis=(  0.913483  0.355615  0.197703)
     H    4    Vzz=   -0.6466    axis=( -0.118674 -0.231908  0.965472)
     H    4  Q=         1.0000 1e-30 m^2  Cq=        -1.5193 MHz  eta= 0.97866

     C    5    Vxx=    0.0795    axis=(  0.691889 -0.716121  0.091986)
     C    5    Vyy=    0.3754    axis=( -0.603185 -0.503294  0.618760)
     C    5    Vzz=   -0.4549    axis=( -0.396811 -0.483598 -0.780176)
     C    5  Q=         1.0000 1e-30 m^2  Cq=        -1.0689 MHz  eta= 0.65043

     H    6    Vxx=   -0.1555    axis=( -0.478691 -0.042917  0.876934)
     H    6    Vyy=   -0.2859    axis=( -0.795817  0.443093 -0.412727)
     H    6    Vzz=    0.4413    axis=( -0.370850 -0.895448 -0.246259)
     H    6  Q=         1.0000 1e-30 m^2  Cq=         1.0370 MHz  eta= 0.29541

     H    7    Vxx=   -0.0025    axis=(  0.990637  0.080718  0.110107)
     H    7    Vyy=   -0.6377    axis=( -0.134485  0.438072  0.888823)
     H    7    Vzz=    0.6401    axis=(  0.023509 -0.895308  0.444826)
     H    7  Q=         1.0000 1e-30 m^2  Cq=         1.5041 MHz  eta= 0.99234

     C    8    Vxx=   -0.1858    axis=(  0.985383 -0.130365  0.109656)
     C    8    Vyy=   -0.4179    axis=(  0.153030  0.960218 -0.233588)
     C    8    Vzz=    0.6038    axis=( -0.074842  0.246955  0.966132)
     C    8  Q=         1.0000 1e-30 m^2  Cq=         1.4186 MHz  eta= 0.38444

     H    9    Vxx=   -0.1145    axis=( -0.187539  0.049490  0.981010)
     H    9    Vyy=   -0.3835    axis=( -0.354942 -0.934659 -0.020702)
     H    9    Vzz=    0.4980    axis=(  0.915885 -0.352084  0.192851)
     H    9  Q=         1.0000 1e-30 m^2  Cq=         1.1701 MHz  eta= 0.54001

     C   10    Vxx=   -0.2290    axis=( -0.319900  0.742627 -0.588362)
     C   10    Vyy=   -0.2736    axis=( -0.863240 -0.484396 -0.142046)
     C   10    Vzz=    0.5026    axis=( -0.390488  0.462457  0.796023)
     C   10  Q=         1.0000 1e-30 m^2  Cq=         1.1809 MHz  eta= 0.08888

     C   11    Vxx=   -0.0194    axis=( -0.017485 -0.771984 -0.635402)
     C   11    Vyy=   -0.7016    axis=(  0.474693 -0.565720  0.674261)
     C   11    Vzz=    0.7210    axis=( -0.879977 -0.289831  0.376347)
     C   11  Q=         1.0000 1e-30 m^2  Cq=         1.6942 MHz  eta= 0.94609

     Cl  12    Vxx=   -0.2340    axis=( -0.100827  0.952329  0.287929)
     Cl  12    Vyy=   -2.1404    axis=( -0.202581  0.263689 -0.943095)
     Cl  12    Vzz=    2.3744    axis=( -0.974061 -0.153418  0.166337)
     Cl  12  Q=        -8.1650 1e-30 m^2  Cq=       -45.5515 MHz  eta= 0.80286

     H   13    Vxx=   -0.0409    axis=(  0.933119 -0.009589  0.359440)
     H   13    Vyy=   -0.6374    axis=( -0.258843 -0.711773  0.652977)
     H   13    Vzz=    0.6783    axis=( -0.249579  0.702344  0.666651)
     H   13  Q=         1.0000 1e-30 m^2  Cq=         1.5938 MHz  eta= 0.87946

     C   14    Vxx=   -0.0869    axis=(  0.627697  0.356962  0.691791)
     C   14    Vyy=   -0.3854    axis=( -0.536590  0.842222  0.052291)
     C   14    Vzz=    0.4722    axis=( -0.563975 -0.404031  0.720202)
     C   14  Q=         1.0000 1e-30 m^2  Cq=         1.1096 MHz  eta= 0.63216

     H   15    Vxx=   -0.0606    axis=( -0.070591 -0.964869  0.253070)
     H   15    Vyy=   -0.3644    axis=(  0.777450 -0.212172 -0.592076)
     H   15    Vzz=    0.4250    axis=(  0.624970  0.154954  0.765115)
     H   15  Q=         1.0000 1e-30 m^2  Cq=         0.9986 MHz  eta= 0.71487

     C   16    Vxx=    0.0184    axis=(  0.669493 -0.742689  0.013905)
     C   16    Vyy=    0.4096    axis=( -0.613822 -0.542590  0.573427)
     C   16    Vzz=   -0.4280    axis=( -0.418333 -0.392440 -0.819139)
     C   16  Q=         1.0000 1e-30 m^2  Cq=        -1.0057 MHz  eta= 0.91385

     C   17    Vxx=    0.1134    axis=(  0.594682  0.671311 -0.442373)
     C   17    Vyy=    0.2735    axis=( -0.770638  0.319207 -0.551565)
     C   17    Vzz=   -0.3869    axis=( -0.229063  0.668916  0.707164)
     C   17  Q=         1.0000 1e-30 m^2  Cq=        -0.9090 MHz  eta= 0.41394

     Cl  18    Vxx=    0.6786    axis=(  0.796375 -0.602894 -0.048022)
     Cl  18    Vyy=    2.2412    axis=(  0.246765  0.396394 -0.884295)
     Cl  18    Vzz=   -2.9198    axis=(  0.552172  0.692381  0.464452)
     Cl  18  Q=        -8.1650 1e-30 m^2  Cq=        56.0146 MHz  eta= 0.53518

     H   19    Vxx=   -0.1545    axis=(  0.398410  0.574558  0.714949)
     H   19    Vyy=   -0.2339    axis=(  0.866753 -0.490811 -0.088570)
     H   19    Vzz=    0.3885    axis=(  0.300016  0.654972 -0.693544)
     H   19  Q=         1.0000 1e-30 m^2  Cq=         0.9128 MHz  eta= 0.20434

     C   20    Vxx=   -0.0166    axis=(  0.539059 -0.410560  0.735429)
     C   20    Vyy=   -0.4184    axis=( -0.433860 -0.883752 -0.175349)
     C   20    Vzz=    0.4351    axis=(  0.721928 -0.224550 -0.654520)
     C   20  Q=         1.0000 1e-30 m^2  Cq=         1.0222 MHz  eta= 0.92361

     H   21    Vxx=   -0.1107    axis=( -0.104632  0.857233  0.504186)
     H   21    Vyy=   -0.3196    axis=(  0.708637  0.419965 -0.566977)
     H   21    Vzz=    0.4303    axis=(  0.697772 -0.297961  0.651409)
     H   21  Q=         1.0000 1e-30 m^2  Cq=         1.0111 MHz  eta= 0.48532

     C   22    Vxx=    0.1724    axis=(  0.646865  0.721115  0.248110)
     C   22    Vyy=    0.2619    axis=( -0.532772  0.194545  0.823593)
     C   22    Vzz=   -0.4343    axis=( -0.545637  0.664940 -0.510035)
     C   22  Q=         1.0000 1e-30 m^2  Cq=        -1.0205 MHz  eta= 0.20601

     C   23    Vxx=    0.0598    axis=(  0.265741  0.933215  0.241849)
     C   23    Vyy=    0.3774    axis=( -0.431391 -0.109239  0.895527)
     C   23    Vzz=   -0.4373    axis=(  0.862139 -0.342309  0.373552)
     C   23  Q=         1.0000 1e-30 m^2  Cq=        -1.0274 MHz  eta= 0.72640

     Cl  24    Vxx=    0.0583    axis=( -0.756025  0.422726 -0.499729)
     Cl  24    Vyy=    2.6608    axis=(  0.573289  0.796080 -0.193897)
     Cl  24    Vzz=   -2.7191    axis=( -0.315859  0.433080  0.844201)
     Cl  24  Q=        -8.1650 1e-30 m^2  Cq=        52.1638 MHz  eta= 0.95712

     Initialization:
     gipaw_setup  :      9.22s CPU     10.85s WALL (       1 calls)

     Linear response

     Apply operators

     Induced current

     Other routines
     efg          :      9.55s CPU     12.10s WALL (       1 calls)

     General routines
     calbec       :      3.31s CPU      4.67s WALL (      16 calls)
     fft          :      1.61s CPU      2.55s WALL (      15 calls)
     ffts         :      0.04s CPU      0.05s WALL (       2 calls)
     fftw         :      3.46s CPU      4.06s WALL (     672 calls)
     davcio       :      0.01s CPU      0.31s WALL (      32 calls)

     Parallel routines
     fft_scatter  :      2.26s CPU      3.59s WALL (     689 calls)

     Plugins

     GIPAW        :     61.56s CPU     72.99s WALL (       1 calls)
