
     Program QE v.6.0 (svn rev. 13079) starts on 18Jan2017 at  6: 2:45 

     This program is part of the open-source Quantum ESPRESSO suite
     for quantum simulation of materials; please cite
         "P. Giannozzi et al., J. Phys.:Condens. Matter 21 395502 (2009);
          URL http://www.quantum-espresso.org", 
     in publications or presentations arising from this work. More details at
     http://www.quantum-espresso.org/quote

     Parallel version (MPI), running on     8 processors
     R & G space division:  proc/nbgrp/npool/nimage =       8

     ***** This is GIPAW svn revision unknown      *****

     Parallelizing q-star over 1 images

     Reading data from directory:
     /users/majewski/paradichlorobenzene/pbe/9_constraint/scratch/pbe.ecut100.np8.dt60.pcl2phi-129368.save
     Message from routine read_xml_file:
     file /users/majewski/paradichlorobenzene/pbe/9_constraint/scratch/pbe.ecut100.np8.dt60.pcl2phi-129368.save not guaranteed to be safe for post-processing

   Info: using nr1, nr2, nr3 values from input

   Info: using nr1, nr2, nr3 values from input

     IMPORTANT: XC functional enforced from input :
     Exchange-correlation      =  SLA  PW   PBX  PBC ( 1  4  3  4 0 0)
     Any further DFT definition will be discarded
     Please, verify this is what you really want

               file C.pbe-n-kjpaw_psl.1.0.0.UPF: wavefunction(s)  2S 2P renormalized
               file Cl.pbe-n-kjpaw_psl.1.0.0.UPF: wavefunction(s)  3S 3P renormalized
               file H.pbe-kjpaw_psl.1.0.0.UPF: wavefunction(s)  1S renormalized

     Parallelization info
     --------------------
     sticks:   dense  smooth     PW     G-vecs:    dense   smooth      PW
     Min        3057    1223    332               144436    36536    5170
     Max        3059    1225    333               144437    36537    5171
     Sum       24467    9791   2657              1155489   292295   41363


     Subspace diagonalization in iterative solution of the eigenvalue problem:
     a serial algorithm will be used

     GIPAW projectors -----------------------------------------------
     atom=  C    l=0  rc=    1.2000  rs=    0.8000
     atom=  C    l=0  rc=    1.2000  rs=    0.8000
     atom=  C    l=1  rc=    1.4000  rs=    0.9333
     atom=  C    l=1  rc=    1.4000  rs=    0.9333
     projs nearly linearly dependent: l=1  n1,n2= 1, 2  s=  0.99951561

     atom=  Cl   l=0  rc=    1.6000  rs=    1.0667
     atom=  Cl   l=0  rc=    1.6000  rs=    1.0667
     atom=  Cl   l=1  rc=    1.6000  rs=    1.0667
     atom=  Cl   l=1  rc=    1.6000  rs=    1.0667
     atom=  Cl   l=2  rc=    1.6000  rs=    1.0667
     atom=  Cl   l=2  rc=    1.6000  rs=    1.0667
     projs nearly linearly dependent: l=2  n1,n2= 1, 2  s=  0.99993509

     atom=  H    l=0  rc=    1.0000  rs=    0.6667
     atom=  H    l=0  rc=    1.0000  rs=    0.6667
     projs nearly linearly dependent: l=0  n1,n2= 1, 2  s=  0.99968852
     -----------------------------------------------------------------

     GIPAW integrals: -------------------------------------------
     Atom  i/j   nmr_para   nmr_dia   epr_rmc  epr_para   epr_dia
       C   1 1   0.83E+03  0.17E-01  0.93E+01  0.24E+08  0.24E+03
       C   2 1   0.86E+03 -0.61E-01  0.94E+01  0.25E+08  0.25E+03
       C   2 2   0.90E+03 -0.15E+00  0.97E+01  0.26E+08  0.26E+03
       C   3 3   0.33E+01  0.34E+00  0.18E+01  0.55E+03  0.21E+02
       C   4 3   0.35E+01  0.37E+00  0.20E+01  0.59E+03  0.22E+02
       C   4 4   0.38E+01  0.39E+00  0.22E+01  0.63E+03  0.24E+02
       Cl  1 1   0.14E+04 -0.47E+00  0.84E+01  0.32E+09  0.42E+03
       Cl  2 1   0.21E+04 -0.37E+00  0.12E+02  0.49E+09  0.65E+03
       Cl  2 2   0.33E+04 -0.16E+00  0.21E+02  0.76E+09  0.10E+04
       Cl  3 3   0.21E+02  0.79E-01  0.89E+01  0.23E+05  0.13E+03
       Cl  4 3   0.24E+02  0.67E-01  0.99E+01  0.27E+05  0.15E+03
       Cl  4 4   0.28E+02  0.44E-01  0.11E+02  0.32E+05  0.18E+03
       Cl  5 5   0.77E+00  0.19E+00  0.18E+01  0.12E+03  0.22E+02
       Cl  6 5   0.80E+00  0.19E+00  0.19E+01  0.12E+03  0.23E+02
       Cl  6 6   0.83E+00  0.20E+00  0.19E+01  0.12E+03  0.23E+02
       H   1 1   0.39E+02  0.19E+00  0.29E+00  0.78E+05  0.13E+02
       H   2 1   0.41E+02  0.21E+00  0.32E+00  0.82E+05  0.14E+02
       H   2 2   0.43E+02  0.22E+00  0.36E+00  0.86E+05  0.15E+02
     ------------------------------------------------------------

     alpha_pv=     34.1821 eV

     Number of occupied bands for each k-point:
     k-point:     1    nbnd_occ=  42
     k-point:     2    nbnd_occ=  42
     k-point:     3    nbnd_occ=  42
     k-point:     4    nbnd_occ=  42
     k-point:     5    nbnd_occ=  42
     k-point:     6    nbnd_occ=  42
     k-point:     7    nbnd_occ=  42
     k-point:     8    nbnd_occ=  42
     k-point:     9    nbnd_occ=  42
     k-point:    10    nbnd_occ=  42
     k-point:    11    nbnd_occ=  42
     k-point:    12    nbnd_occ=  42
     k-point:    13    nbnd_occ=  42
     k-point:    14    nbnd_occ=  42
     k-point:    15    nbnd_occ=  42
     k-point:    16    nbnd_occ=  42


     q-space interpolation up to   110.00 Rydberg

     GIPAW job: efg                                                                             


     ELECTRIC FIELD GRADIENTS TENSORS IN Hartree/bohrradius^2:

     ----- bare term -----
     Cl   1       -0.145826        0.186522       -0.012858
     Cl   1        0.186522       -0.037948        0.014807
     Cl   1       -0.012858        0.014807        0.183774

     C    2        0.015148       -0.116845       -0.337109
     C    2       -0.116845       -0.465376       -0.365925
     C    2       -0.337109       -0.365925        0.450227

     C    3       -0.291905        0.408587       -0.294672
     C    3        0.408587        0.035604       -0.006612
     C    3       -0.294672       -0.006612        0.256301

     H    4        0.084412       -0.012500       -0.184913
     H    4       -0.012500        0.303778       -0.394113
     H    4       -0.184913       -0.394113       -0.388189

     C    5       -0.023126       -0.226996       -0.494255
     C    5       -0.226996       -0.090364       -0.406777
     C    5       -0.494255       -0.406777        0.113490

     H    6        0.089149        0.162225        0.359291
     H    6        0.162225        0.019149       -0.460254
     H    6        0.359291       -0.460254       -0.108298

     H    7        0.365109        0.070613       -0.054866
     H    7        0.070613       -0.510282        0.508356
     H    7       -0.054866        0.508356        0.145173

     C    8       -0.523964       -0.314779       -0.342390
     C    8       -0.314779        0.081389        0.325633
     C    8       -0.342390        0.325633        0.442575

     H    9       -0.206226        0.102773       -0.544141
     H    9        0.102773        0.312566        0.002981
     H    9       -0.544141        0.002981       -0.106341

     C   10       -0.094591       -0.335762       -0.233416
     C   10       -0.335762       -0.161772        0.591098
     C   10       -0.233416        0.591098        0.256363

     C   11       -0.238346       -0.232006       -0.466817
     C   11       -0.232006       -0.013494        0.426337
     C   11       -0.466817        0.426337        0.251840

     Cl  12       -0.055053       -0.120469       -0.058661
     Cl  12       -0.120469       -0.000305        0.044268
     Cl  12       -0.058661        0.044268        0.055358

     H   13        0.236315       -0.086507        0.253311
     H   13       -0.086507       -0.162903       -0.443643
     H   13        0.253311       -0.443643       -0.073412

     C   14       -0.762556        0.382907       -0.411341
     C   14        0.382907        0.379497       -0.155796
     C   14       -0.411341       -0.155796        0.383059

     H   15        0.065243       -0.116083       -0.366030
     H   15       -0.116083        0.432999        0.111119
     H   15       -0.366030        0.111119       -0.498242

     C   16       -0.114541        0.323496       -0.240168
     C   16        0.323496       -0.165187       -0.628068
     C   16       -0.240168       -0.628068        0.279728

     C   17       -0.195514        0.312191       -0.217995
     C   17        0.312191       -0.178278       -0.382043
     C   17       -0.217995       -0.382043        0.373792

     Cl  18       -0.084731       -0.046234        0.028316
     Cl  18       -0.046234       -0.102285       -0.026763
     Cl  18        0.028316       -0.026763        0.187016

     H   19        0.352310        0.324247        0.054818
     H   19        0.324247       -0.654751        0.141874
     H   19        0.054818        0.141874        0.302441

     C   20       -0.240697       -0.282061       -0.303222
     C   20       -0.282061       -0.165276        0.341770
     C   20       -0.303222        0.341770        0.405973

     H   21       -0.434510        0.483921       -0.143429
     H   21        0.483921        0.144891       -0.011552
     H   21       -0.143429       -0.011552        0.289619

     C   22       -0.289897       -0.312852       -0.283241
     C   22       -0.312852       -0.164741        0.512351
     C   22       -0.283241        0.512351        0.454638

     C   23       -0.132750       -0.119362       -0.308105
     C   23       -0.119362       -0.168090        0.522031
     C   23       -0.308105        0.522031        0.300840

     Cl  24       -0.034161        0.039115       -0.038323
     Cl  24        0.039115       -0.000035        0.074699
     Cl  24       -0.038323        0.074699        0.034196

     ----- ionic term -----
     Cl   1        0.148266       -0.204437        0.052101
     Cl   1       -0.204437       -0.017619       -0.023004
     Cl   1        0.052101       -0.023004       -0.130647

     C    2        0.123162       -0.274378        0.322152
     C    2       -0.274378        0.027044        0.351666
     C    2        0.322152        0.351666       -0.150206

     C    3        0.094905       -0.270752        0.228753
     C    3       -0.270752        0.107616        0.374313
     C    3        0.228753        0.374313       -0.202522

     H    4        0.263940        0.338014        0.761182
     H    4        0.338014       -0.357096        0.379925
     H    4        0.761182        0.379925        0.093156

     C    5        0.211266       -0.224190        0.348155
     C    5       -0.224190       -0.044983        0.295606
     C    5        0.348155        0.295606       -0.166282

     H    6       -0.524978       -0.062357       -0.021715
     H    6       -0.062357        0.530518        0.761724
     H    6       -0.021715        0.761724       -0.005540

     H    7       -0.514119       -0.086128        0.055117
     H    7       -0.086128        0.761452       -0.618797
     H    7        0.055117       -0.618797       -0.247333

     C    8        0.222737        0.222620        0.326508
     C    8        0.222620        0.169933       -0.212124
     C    8        0.326508       -0.212124       -0.392670

     H    9        0.626297       -0.363220        0.675268
     H    9       -0.363220       -0.383613       -0.261196
     H    9        0.675268       -0.261196       -0.242684

     C   10        0.088341        0.231393        0.259534
     C   10        0.231393        0.280065       -0.327005
     C   10        0.259534       -0.327005       -0.368406

     C   11        0.195579        0.202108        0.290078
     C   11        0.202108        0.180693       -0.368274
     C   11        0.290078       -0.368274       -0.376272

     Cl  12        0.125077        0.230824        0.020314
     Cl  12        0.230824        0.037819        0.003224
     Cl  12        0.020314        0.003224       -0.162896

     H   13       -0.507966       -0.155350       -0.097110
     H   13       -0.155350        0.427356        0.768975
     H   13       -0.097110        0.768975        0.080611

     C   14        0.200410       -0.319609        0.332395
     C   14       -0.319609       -0.046208        0.265833
     C   14        0.332395        0.265833       -0.154202

     H   15        0.277399        0.203043        0.796497
     H   15        0.203043       -0.475890        0.279794
     H   15        0.796497        0.279794        0.198491

     C   16        0.092881       -0.379211        0.225616
     C   16       -0.379211        0.072902        0.359261
     C   16        0.225616        0.359261       -0.165783

     C   17        0.121814       -0.296530        0.338118
     C   17       -0.296530        0.016318        0.371231
     C   17        0.338118        0.371231       -0.138132

     Cl  18        0.144897       -0.235745        0.066823
     Cl  18       -0.235745       -0.001864       -0.039046
     Cl  18        0.066823       -0.039046       -0.143033

     H   19       -0.503642       -0.050952        0.044665
     H   19       -0.050952        0.587219       -0.717534
     H   19        0.044665       -0.717534       -0.083578

     C   20        0.289204        0.230359        0.310360
     C   20        0.230359        0.094760       -0.261653
     C   20        0.310360       -0.261653       -0.383965

     H   21        0.629003       -0.378740        0.622054
     H   21       -0.378740       -0.374692       -0.249452
     H   21        0.622054       -0.249452       -0.254311

     C   22        0.131581        0.233205        0.227378
     C   22        0.233205        0.306811       -0.317408
     C   22        0.227378       -0.317408       -0.438392

     C   23        0.153162        0.169133        0.298723
     C   23        0.169133        0.233974       -0.309245
     C   23        0.298723       -0.309245       -0.387136

     Cl  24        0.100922        0.197444        0.027574
     Cl  24        0.197444        0.052085        0.019452
     Cl  24        0.027574        0.019452       -0.153007

     ----- GIPAW term -----
     Cl   1       -1.035939       -0.990457       -0.320149
     Cl   1       -0.990457       -1.180884        1.101116
     Cl   1       -0.320149        1.101116        2.216822

     C    2       -0.059097       -0.133587       -0.106244
     C    2       -0.133587       -0.135752        0.098107
     C    2       -0.106244        0.098107        0.194849

     C    3       -0.011392       -0.027913       -0.141393
     C    3       -0.027913       -0.033703        0.084399
     C    3       -0.141393        0.084399        0.045095

     H    4       -0.000000        0.000000        0.000000
     H    4        0.000000        0.000000        0.000000
     H    4        0.000000        0.000000        0.000000

     C    5        0.127494       -0.115380       -0.193341
     C    5       -0.115380       -0.119395       -0.012560
     C    5       -0.193341       -0.012560       -0.008099

     H    6       -0.000000        0.000000        0.000000
     H    6        0.000000        0.000000        0.000000
     H    6        0.000000        0.000000        0.000000

     H    7       -0.000000        0.000000        0.000000
     H    7        0.000000        0.000000        0.000000
     H    7        0.000000        0.000000        0.000000

     C    8       -0.105447       -0.044587       -0.048336
     C    8       -0.044587        0.058481        0.060094
     C    8       -0.048336        0.060094        0.046965

     H    9       -0.000000        0.000000        0.000000
     H    9        0.000000        0.000000        0.000000
     H    9        0.000000        0.000000        0.000000

     C   10       -0.094300       -0.111901       -0.109977
     C   10       -0.111901        0.038031        0.226237
     C   10       -0.109977        0.226237        0.056269

     C   11       -0.050807       -0.054537       -0.152352
     C   11       -0.054537        0.054145        0.200892
     C   11       -0.152352        0.200892       -0.003338

     Cl  12        0.462540       -0.368905       -1.399705
     Cl  12       -0.368905        0.610559        1.734639
     Cl  12       -1.399705        1.734639       -1.073098

     H   13       -0.000000        0.000000        0.000000
     H   13        0.000000        0.000000        0.000000
     H   13        0.000000        0.000000        0.000000

     C   14       -0.196268        0.117187       -0.042172
     C   14        0.117187        0.224708        0.050744
     C   14       -0.042172        0.050744       -0.028441

     H   15       -0.000000        0.000000        0.000000
     H   15        0.000000        0.000000        0.000000
     H   15        0.000000        0.000000        0.000000

     C   16       -0.093577        0.097531       -0.090385
     C   16        0.097531        0.058045       -0.212676
     C   16       -0.090385       -0.212676        0.035533

     C   17        0.140876       -0.147496       -0.034801
     C   17       -0.147496       -0.047972       -0.043556
     C   17       -0.034801       -0.043556       -0.092905

     Cl  18        0.126455       -2.241063        0.893576
     Cl  18       -2.241063       -1.127171       -0.672397
     Cl  18        0.893576       -0.672397        1.000716

     H   19       -0.000000        0.000000        0.000000
     H   19        0.000000        0.000000        0.000000
     H   19        0.000000        0.000000        0.000000

     C   20       -0.042143       -0.124631       -0.145619
     C   20       -0.124631       -0.046358        0.177145
     C   20       -0.145619        0.177145        0.088501

     H   21       -0.000000        0.000000        0.000000
     H   21        0.000000        0.000000        0.000000
     H   21        0.000000        0.000000        0.000000

     C   22       -0.109753       -0.090625       -0.127951
     C   22       -0.090625       -0.004919        0.174754
     C   22       -0.127951        0.174754        0.114672

     C   23        0.074483        0.100367       -0.056443
     C   23        0.100367       -0.022857        0.083635
     C   23       -0.056443        0.083635       -0.051626

     Cl  24        1.020969        2.409558       -0.218996
     Cl  24        2.409558        0.141350        0.656021
     Cl  24       -0.218996        0.656021       -1.162319

     ----- total EFG -----
     Cl   1       -1.033498       -1.008372       -0.280907
     Cl   1       -1.008372       -1.236451        1.092919
     Cl   1       -0.280907        1.092919        2.269949

     C    2        0.079213       -0.524810       -0.121201
     C    2       -0.524810       -0.574084        0.083848
     C    2       -0.121201        0.083848        0.494871

     C    3       -0.208392        0.109922       -0.207311
     C    3        0.109922        0.109518        0.452100
     C    3       -0.207311        0.452100        0.098874

     H    4        0.348352        0.325515        0.576269
     H    4        0.325515       -0.053318       -0.014188
     H    4        0.576269       -0.014188       -0.295034

     C    5        0.315634       -0.566566       -0.339440
     C    5       -0.566566       -0.254742       -0.123732
     C    5       -0.339440       -0.123732       -0.060892

     H    6       -0.435828        0.099868        0.337576
     H    6        0.099868        0.549667        0.301470
     H    6        0.337576        0.301470       -0.113839

     H    7       -0.149010       -0.015515        0.000251
     H    7       -0.015515        0.251170       -0.110441
     H    7        0.000251       -0.110441       -0.102160

     C    8       -0.406674       -0.136746       -0.064218
     C    8       -0.136746        0.309803        0.173603
     C    8       -0.064218        0.173603        0.096871

     H    9        0.420071       -0.260448        0.131127
     H    9       -0.260448       -0.071047       -0.258215
     H    9        0.131127       -0.258215       -0.349025

     C   10       -0.100550       -0.216271       -0.083859
     C   10       -0.216271        0.156324        0.490329
     C   10       -0.083859        0.490329       -0.055774

     C   11       -0.093573       -0.084435       -0.329091
     C   11       -0.084435        0.221344        0.258955
     C   11       -0.329091        0.258955       -0.127771

     Cl  12        0.532564       -0.258549       -1.438052
     Cl  12       -0.258549        0.648073        1.782132
     Cl  12       -1.438052        1.782132       -1.180636

     H   13       -0.271651       -0.241857        0.156201
     H   13       -0.241857        0.264452        0.325332
     H   13        0.156201        0.325332        0.007199

     C   14       -0.758414        0.180486       -0.121118
     C   14        0.180486        0.557998        0.160781
     C   14       -0.121118        0.160781        0.200416

     H   15        0.342642        0.086960        0.430468
     H   15        0.086960       -0.042891        0.390913
     H   15        0.430468        0.390913       -0.299751

     C   16       -0.115237        0.041816       -0.104937
     C   16        0.041816       -0.034240       -0.481483
     C   16       -0.104937       -0.481483        0.149477

     C   17        0.067176       -0.131835        0.085322
     C   17       -0.131835       -0.209932       -0.054368
     C   17        0.085322       -0.054368        0.142756

     Cl  18        0.186621       -2.523042        0.988714
     Cl  18       -2.523042       -1.231320       -0.738206
     Cl  18        0.988714       -0.738206        1.044699

     H   19       -0.151332        0.273295        0.099482
     H   19        0.273295       -0.067532       -0.575661
     H   19        0.099482       -0.575661        0.218864

     C   20        0.006364       -0.176333       -0.138481
     C   20       -0.176333       -0.116874        0.257262
     C   20       -0.138481        0.257262        0.110509

     H   21        0.194494        0.105181        0.478625
     H   21        0.105181       -0.229801       -0.261003
     H   21        0.478625       -0.261003        0.035308

     C   22       -0.268069       -0.170272       -0.183814
     C   22       -0.170272        0.137150        0.369698
     C   22       -0.183814        0.369698        0.130919

     C   23        0.094895        0.150138       -0.065824
     C   23        0.150138        0.043027        0.296421
     C   23       -0.065824        0.296421       -0.137922

     Cl  24        1.087730        2.646116       -0.229746
     Cl  24        2.646116        0.193401        0.750172
     Cl  24       -0.229746        0.750172       -1.281131

     ----- total EFG (symmetrized) -----
     Cl   1       -1.033498       -1.008372       -0.280907
     Cl   1       -1.008372       -1.236451        1.092919
     Cl   1       -0.280907        1.092919        2.269949

     C    2        0.079213       -0.524810       -0.121201
     C    2       -0.524810       -0.574084        0.083848
     C    2       -0.121201        0.083848        0.494871

     C    3       -0.208392        0.109922       -0.207311
     C    3        0.109922        0.109518        0.452100
     C    3       -0.207311        0.452100        0.098874

     H    4        0.348352        0.325515        0.576269
     H    4        0.325515       -0.053318       -0.014188
     H    4        0.576269       -0.014188       -0.295034

     C    5        0.315634       -0.566566       -0.339440
     C    5       -0.566566       -0.254742       -0.123732
     C    5       -0.339440       -0.123732       -0.060892

     H    6       -0.435828        0.099868        0.337576
     H    6        0.099868        0.549667        0.301470
     H    6        0.337576        0.301470       -0.113839

     H    7       -0.149010       -0.015515        0.000251
     H    7       -0.015515        0.251170       -0.110441
     H    7        0.000251       -0.110441       -0.102160

     C    8       -0.406674       -0.136746       -0.064218
     C    8       -0.136746        0.309803        0.173603
     C    8       -0.064218        0.173603        0.096871

     H    9        0.420071       -0.260448        0.131127
     H    9       -0.260448       -0.071047       -0.258215
     H    9        0.131127       -0.258215       -0.349025

     C   10       -0.100550       -0.216271       -0.083859
     C   10       -0.216271        0.156324        0.490329
     C   10       -0.083859        0.490329       -0.055774

     C   11       -0.093573       -0.084435       -0.329091
     C   11       -0.084435        0.221344        0.258955
     C   11       -0.329091        0.258955       -0.127771

     Cl  12        0.532564       -0.258549       -1.438052
     Cl  12       -0.258549        0.648073        1.782132
     Cl  12       -1.438052        1.782132       -1.180636

     H   13       -0.271651       -0.241857        0.156201
     H   13       -0.241857        0.264452        0.325332
     H   13        0.156201        0.325332        0.007199

     C   14       -0.758414        0.180486       -0.121118
     C   14        0.180486        0.557998        0.160781
     C   14       -0.121118        0.160781        0.200416

     H   15        0.342642        0.086960        0.430468
     H   15        0.086960       -0.042891        0.390913
     H   15        0.430468        0.390913       -0.299751

     C   16       -0.115237        0.041816       -0.104937
     C   16        0.041816       -0.034240       -0.481483
     C   16       -0.104937       -0.481483        0.149477

     C   17        0.067176       -0.131835        0.085322
     C   17       -0.131835       -0.209932       -0.054368
     C   17        0.085322       -0.054368        0.142756

     Cl  18        0.186621       -2.523042        0.988714
     Cl  18       -2.523042       -1.231320       -0.738206
     Cl  18        0.988714       -0.738206        1.044699

     H   19       -0.151332        0.273295        0.099482
     H   19        0.273295       -0.067532       -0.575661
     H   19        0.099482       -0.575661        0.218864

     C   20        0.006364       -0.176333       -0.138481
     C   20       -0.176333       -0.116874        0.257262
     C   20       -0.138481        0.257262        0.110509

     H   21        0.194494        0.105181        0.478625
     H   21        0.105181       -0.229801       -0.261003
     H   21        0.478625       -0.261003        0.035308

     C   22       -0.268069       -0.170272       -0.183814
     C   22       -0.170272        0.137150        0.369698
     C   22       -0.183814        0.369698        0.130919

     C   23        0.094895        0.150138       -0.065824
     C   23        0.150138        0.043027        0.296421
     C   23       -0.065824        0.296421       -0.137922

     Cl  24        1.087730        2.646116       -0.229746
     Cl  24        2.646116        0.193401        0.750172
     Cl  24       -0.229746        0.750172       -1.281131


     NQR/NMR SPECTROSCOPIC PARAMETERS:
     Cl   1    Vxx=   -0.4251    axis=( -0.775445  0.552852 -0.305025)
     Cl   1    Vyy=   -2.2430    axis=(  0.612369  0.776237 -0.149869)
     Cl   1    Vzz=    2.6680    axis=( -0.153916  0.303003  0.940478)
     Cl   1  Q=        -8.1650 1e-30 m^2  Cq=       -51.1850 MHz  eta= 0.68136

     C    2    Vxx=    0.2736    axis=( -0.732227  0.398717 -0.552149)
     C    2    Vyy=    0.5922    axis=( -0.478709  0.275357  0.833676)
     C    2    Vzz=   -0.8658    axis=( -0.484439 -0.874759  0.010754)
     C    2  Q=         1.0000 1e-30 m^2  Cq=        -2.0342 MHz  eta= 0.36797

     C    3    Vxx=   -0.0477    axis=(  0.797368  0.482975 -0.361856)
     C    3    Vyy=   -0.5150    axis=( -0.596138  0.537021 -0.596849)
     C    3    Vzz=    0.5627    axis=( -0.093939  0.691624  0.716123)
     C    3  Q=         1.0000 1e-30 m^2  Cq=         1.3221 MHz  eta= 0.83035

     H    4    Vxx=   -0.0916    axis=( -0.124120  0.901549 -0.414493)
     H    4    Vyy=   -0.6874    axis=( -0.533415  0.291608  0.793998)
     H    4    Vzz=    0.7790    axis=(  0.836697  0.319648  0.444705)
     H    4  Q=         1.0000 1e-30 m^2  Cq=         1.8303 MHz  eta= 0.76480

     C    5    Vxx=   -0.0026    axis=(  0.033434 -0.499768  0.865514)
     C    5    Vyy=   -0.7306    axis=( -0.533551 -0.741195 -0.407373)
     C    5    Vzz=    0.7331    axis=(  0.845107 -0.448176 -0.291433)
     C    5  Q=         1.0000 1e-30 m^2  Cq=         1.7226 MHz  eta= 0.99302

     H    6    Vxx=   -0.0554    axis=(  0.524974 -0.447417  0.724031)
     H    6    Vyy=   -0.6543    axis=( -0.827810 -0.070692  0.556537)
     H    6    Vzz=    0.7096    axis=(  0.197821  0.891527  0.407487)
     H    6  Q=         1.0000 1e-30 m^2  Cq=         1.6673 MHz  eta= 0.84395

     H    7    Vxx=   -0.1329    axis=( -0.235128  0.259846  0.936587)
     H    7    Vyy=   -0.1505    axis=( -0.971347 -0.097155 -0.216900)
     H    7    Vzz=    0.2834    axis=(  0.034634 -0.960750  0.275244)
     H    7  Q=         1.0000 1e-30 m^2  Cq=         0.6658 MHz  eta= 0.06226

     C    8    Vxx=   -0.0001    axis=(  0.023265 -0.480806  0.876519)
     C    8    Vyy=   -0.4339    axis=( -0.984028 -0.165792 -0.064826)
     C    8    Vzz=    0.4340    axis=(  0.176489 -0.861010 -0.476983)
     C    8  Q=         1.0000 1e-30 m^2  Cq=         1.0197 MHz  eta= 0.99971

     H    9    Vxx=   -0.0842    axis=(  0.498682  0.730991 -0.465799)
     H    9    Vyy=   -0.5038    axis=(  0.026918  0.524068  0.851251)
     H    9    Vzz=    0.5880    axis=(  0.866367 -0.437042  0.241666)
     H    9  Q=         1.0000 1e-30 m^2  Cq=         1.3816 MHz  eta= 0.71367

     C   10    Vxx=   -0.1531    axis=(  0.930824  0.088811  0.354511)
     C   10    Vyy=   -0.4670    axis=( -0.215970 -0.648861  0.729613)
     C   10    Vzz=    0.6201    axis=( -0.294827  0.755706  0.584796)
     C   10  Q=         1.0000 1e-30 m^2  Cq=         1.4571 MHz  eta= 0.50616

     C   11    Vxx=   -0.0011    axis=(  0.658643  0.663352 -0.355181)
     C   11    Vyy=   -0.4680    axis=( -0.618682  0.208753 -0.757400)
     C   11    Vzz=    0.4691    axis=( -0.428278  0.718600  0.547897)
     C   11  Q=         1.0000 1e-30 m^2  Cq=         1.1022 MHz  eta= 0.99512

     Cl  12    Vxx=    0.3254    axis=(  0.778517  0.627623 -0.000691)
     Cl  12    Vyy=    2.3433    axis=(  0.525975 -0.653030 -0.544888)
     Cl  12    Vzz=   -2.6687    axis=( -0.342435  0.423841 -0.838509)
     Cl  12  Q=        -8.1650 1e-30 m^2  Cq=        51.1982 MHz  eta= 0.75614

     H   13    Vxx=    0.0124    axis=(  0.641733 -0.296894  0.707130)
     H   13    Vyy=    0.5042    axis=( -0.162938  0.848200  0.503992)
     H   13    Vzz=   -0.5166    axis=(  0.749420  0.438646 -0.495943)
     H   13  Q=         1.0000 1e-30 m^2  Cq=        -1.2138 MHz  eta= 0.95214

     C   14    Vxx=    0.1715    axis=( -0.180910 -0.304533  0.935164)
     C   14    Vyy=    0.6315    axis=(  0.093924  0.941158  0.324655)
     C   14    Vzz=   -0.8030    axis=( -0.979004  0.146568 -0.141662)
     C   14  Q=         1.0000 1e-30 m^2  Cq=        -1.8866 MHz  eta= 0.57286

     H   15    Vxx=    0.0188    axis=(  0.544460 -0.801391 -0.247661)
     H   15    Vyy=    0.6614    axis=(  0.779718  0.374714  0.501626)
     H   15    Vzz=   -0.6802    axis=( -0.309196 -0.466221  0.828876)
     H   15  Q=         1.0000 1e-30 m^2  Cq=        -1.5982 MHz  eta= 0.94462

     C   16    Vxx=   -0.1284    axis=(  0.981396 -0.185652  0.048934)
     C   16    Vyy=   -0.4364    axis=(  0.111327  0.757922  0.642776)
     C   16    Vzz=    0.5648    axis=( -0.156421 -0.625370  0.764490)
     C   16  Q=         1.0000 1e-30 m^2  Cq=         1.3271 MHz  eta= 0.54541

     C   17    Vxx=    0.0318    axis=( -0.710046  0.238227  0.662633)
     C   17    Vyy=    0.2318    axis=(  0.605880 -0.272817  0.747315)
     C   17    Vzz=   -0.2636    axis=( -0.358808 -0.932104 -0.049376)
     C   17  Q=         1.0000 1e-30 m^2  Cq=        -0.6193 MHz  eta= 0.75881

     Cl  18    Vxx=    0.2299    axis=( -0.437897  0.334523  0.834470)
     Cl  18    Vyy=    2.9132    axis=( -0.665582  0.503334 -0.551049)
     Cl  18    Vzz=   -3.1431    axis=( -0.604356 -0.796711  0.002244)
     Cl  18  Q=        -8.1650 1e-30 m^2  Cq=        60.2993 MHz  eta= 0.85370

     H   19    Vxx=   -0.0119    axis=(  0.871484  0.304672  0.384304)
     H   19    Vyy=   -0.6675    axis=( -0.476398  0.711981  0.515875)
     H   19    Vzz=    0.6794    axis=( -0.116445 -0.632659  0.765626)
     H   19  Q=         1.0000 1e-30 m^2  Cq=         1.5964 MHz  eta= 0.96492

     C   20    Vxx=   -0.0895    axis=( -0.824630 -0.004106 -0.565657)
     C   20    Vyy=   -0.3065    axis=( -0.291006 -0.854423  0.430439)
     C   20    Vzz=    0.3960    axis=( -0.485077  0.519562  0.703388)
     C   20  Q=         1.0000 1e-30 m^2  Cq=         0.9305 MHz  eta= 0.54800

     H   21    Vxx=   -0.0316    axis=( -0.481353 -0.780518  0.398862)
     H   21    Vyy=   -0.5787    axis=(  0.473947 -0.614555 -0.630632)
     H   21    Vzz=    0.6103    axis=(  0.737342 -0.114517  0.665742)
     H   21  Q=         1.0000 1e-30 m^2  Cq=         1.4340 MHz  eta= 0.89659

     C   22    Vxx=   -0.2347    axis=( -0.089527 -0.722518  0.685531)
     C   22    Vyy=   -0.3431    axis=(  0.954692  0.133880  0.265781)
     C   22    Vzz=    0.5778    axis=( -0.283811  0.678265  0.677796)
     C   22  Q=         1.0000 1e-30 m^2  Cq=         1.3577 MHz  eta= 0.18759

     C   23    Vxx=    0.0987    axis=( -0.862287  0.184871  0.471471)
     C   23    Vyy=    0.3005    axis=( -0.420791 -0.779559 -0.463921)
     C   23    Vzz=   -0.3992    axis=(  0.281774 -0.598423  0.749996)
     C   23  Q=         1.0000 1e-30 m^2  Cq=        -0.9379 MHz  eta= 0.50549

     Cl  24    Vxx=   -0.8631    axis=(  0.383943 -0.356988 -0.851556)
     Cl  24    Vyy=   -2.4822    axis=( -0.530038  0.669949 -0.519834)
     Cl  24    Vzz=    3.3452    axis=( -0.756074 -0.650944 -0.068005)
     Cl  24  Q=        -8.1650 1e-30 m^2  Cq=       -64.1769 MHz  eta= 0.48401

     Initialization:
     gipaw_setup  :      9.56s CPU     11.34s WALL (       1 calls)

     Linear response

     Apply operators

     Induced current

     Other routines
     efg          :      9.52s CPU     12.50s WALL (       1 calls)

     General routines
     calbec       :      3.38s CPU      4.73s WALL (      16 calls)
     fft          :      1.56s CPU      2.21s WALL (      15 calls)
     ffts         :      0.02s CPU      0.04s WALL (       2 calls)
     fftw         :      3.40s CPU      4.31s WALL (     672 calls)
     davcio       :      0.02s CPU      0.37s WALL (      32 calls)

     Parallel routines
     fft_scatter  :      2.16s CPU      3.67s WALL (     689 calls)

     Plugins

     GIPAW        :     61.60s CPU     72.38s WALL (       1 calls)
