
     Program QE v.6.0 (svn rev. 13079) starts on 24Dec2016 at 11:53:34 

     This program is part of the open-source Quantum ESPRESSO suite
     for quantum simulation of materials; please cite
         "P. Giannozzi et al., J. Phys.:Condens. Matter 21 395502 (2009);
          URL http://www.quantum-espresso.org", 
     in publications or presentations arising from this work. More details at
     http://www.quantum-espresso.org/quote

     Parallel version (MPI), running on     8 processors
     R & G space division:  proc/nbgrp/npool/nimage =       8

     ***** This is GIPAW svn revision unknown      *****

     Parallelizing q-star over 1 images

     Reading data from directory:
     /users/majewski/paradichlorobenzene/pbe/9_constraint/scratch/pbe.ecut100.np8.dt60.pcl2phi-129368.save
     Message from routine read_xml_file:
     file /users/majewski/paradichlorobenzene/pbe/9_constraint/scratch/pbe.ecut100.np8.dt60.pcl2phi-129368.save not guaranteed to be safe for post-processing

   Info: using nr1, nr2, nr3 values from input

   Info: using nr1, nr2, nr3 values from input

     IMPORTANT: XC functional enforced from input :
     Exchange-correlation      =  SLA  PW   PBX  PBC ( 1  4  3  4 0 0)
     Any further DFT definition will be discarded
     Please, verify this is what you really want

               file C.pbe-n-kjpaw_psl.1.0.0.UPF: wavefunction(s)  2S 2P renormalized
               file Cl.pbe-n-kjpaw_psl.1.0.0.UPF: wavefunction(s)  3S 3P renormalized
               file H.pbe-kjpaw_psl.1.0.0.UPF: wavefunction(s)  1S renormalized

     Parallelization info
     --------------------
     sticks:   dense  smooth     PW     G-vecs:    dense   smooth      PW
     Min        3057    1223    332               144436    36536    5170
     Max        3059    1225    333               144437    36537    5171
     Sum       24467    9791   2657              1155489   292295   41363


     Subspace diagonalization in iterative solution of the eigenvalue problem:
     a serial algorithm will be used

     GIPAW projectors -----------------------------------------------
     atom=  C    l=0  rc=    1.2000  rs=    0.8000
     atom=  C    l=0  rc=    1.2000  rs=    0.8000
     atom=  C    l=1  rc=    1.4000  rs=    0.9333
     atom=  C    l=1  rc=    1.4000  rs=    0.9333
     projs nearly linearly dependent: l=1  n1,n2= 1, 2  s=  0.99951561

     atom=  Cl   l=0  rc=    1.6000  rs=    1.0667
     atom=  Cl   l=0  rc=    1.6000  rs=    1.0667
     atom=  Cl   l=1  rc=    1.6000  rs=    1.0667
     atom=  Cl   l=1  rc=    1.6000  rs=    1.0667
     atom=  Cl   l=2  rc=    1.6000  rs=    1.0667
     atom=  Cl   l=2  rc=    1.6000  rs=    1.0667
     projs nearly linearly dependent: l=2  n1,n2= 1, 2  s=  0.99993509

     atom=  H    l=0  rc=    1.0000  rs=    0.6667
     atom=  H    l=0  rc=    1.0000  rs=    0.6667
     projs nearly linearly dependent: l=0  n1,n2= 1, 2  s=  0.99968852
     -----------------------------------------------------------------

     GIPAW integrals: -------------------------------------------
     Atom  i/j   nmr_para   nmr_dia   epr_rmc  epr_para   epr_dia
       C   1 1   0.83E+03  0.17E-01  0.93E+01  0.24E+08  0.24E+03
       C   2 1   0.86E+03 -0.61E-01  0.94E+01  0.25E+08  0.25E+03
       C   2 2   0.90E+03 -0.15E+00  0.97E+01  0.26E+08  0.26E+03
       C   3 3   0.33E+01  0.34E+00  0.18E+01  0.55E+03  0.21E+02
       C   4 3   0.35E+01  0.37E+00  0.20E+01  0.59E+03  0.22E+02
       C   4 4   0.38E+01  0.39E+00  0.22E+01  0.63E+03  0.24E+02
       Cl  1 1   0.14E+04 -0.47E+00  0.84E+01  0.32E+09  0.42E+03
       Cl  2 1   0.21E+04 -0.37E+00  0.12E+02  0.49E+09  0.65E+03
       Cl  2 2   0.33E+04 -0.16E+00  0.21E+02  0.76E+09  0.10E+04
       Cl  3 3   0.21E+02  0.79E-01  0.89E+01  0.23E+05  0.13E+03
       Cl  4 3   0.24E+02  0.67E-01  0.99E+01  0.27E+05  0.15E+03
       Cl  4 4   0.28E+02  0.44E-01  0.11E+02  0.32E+05  0.18E+03
       Cl  5 5   0.77E+00  0.19E+00  0.18E+01  0.12E+03  0.22E+02
       Cl  6 5   0.80E+00  0.19E+00  0.19E+01  0.12E+03  0.23E+02
       Cl  6 6   0.83E+00  0.20E+00  0.19E+01  0.12E+03  0.23E+02
       H   1 1   0.39E+02  0.19E+00  0.29E+00  0.78E+05  0.13E+02
       H   2 1   0.41E+02  0.21E+00  0.32E+00  0.82E+05  0.14E+02
       H   2 2   0.43E+02  0.22E+00  0.36E+00  0.86E+05  0.15E+02
     ------------------------------------------------------------

     alpha_pv=     34.0828 eV

     Number of occupied bands for each k-point:
     k-point:     1    nbnd_occ=  42
     k-point:     2    nbnd_occ=  42
     k-point:     3    nbnd_occ=  42
     k-point:     4    nbnd_occ=  42
     k-point:     5    nbnd_occ=  42
     k-point:     6    nbnd_occ=  42
     k-point:     7    nbnd_occ=  42
     k-point:     8    nbnd_occ=  42
     k-point:     9    nbnd_occ=  42
     k-point:    10    nbnd_occ=  42
     k-point:    11    nbnd_occ=  42
     k-point:    12    nbnd_occ=  42
     k-point:    13    nbnd_occ=  42
     k-point:    14    nbnd_occ=  42
     k-point:    15    nbnd_occ=  42
     k-point:    16    nbnd_occ=  42


     q-space interpolation up to   110.00 Rydberg

     GIPAW job: efg                                                                             


     ELECTRIC FIELD GRADIENTS TENSORS IN Hartree/bohrradius^2:

     ----- bare term -----
     Cl   1       -0.050928        0.062489        0.070464
     Cl   1        0.062489        0.016711        0.127363
     Cl   1        0.070464        0.127363        0.034217

     C    2       -0.738441        0.277783       -0.214877
     C    2        0.277783        0.236246       -0.097289
     C    2       -0.214877       -0.097289        0.502195

     C    3        0.226212       -0.056577        0.092328
     C    3       -0.056577       -0.392222       -0.301142
     C    3        0.092328       -0.301142        0.166009

     H    4       -0.469707       -0.208378        0.265615
     H    4       -0.208378        0.307149       -0.089941
     H    4        0.265615       -0.089941        0.162557

     C    5       -0.571097        0.282493       -0.413265
     C    5        0.282493        0.038233        0.008984
     C    5       -0.413265        0.008984        0.532864

     H    6        0.098908       -0.369158        0.217264
     H    6       -0.369158       -0.428449       -0.179329
     H    6        0.217264       -0.179329        0.329541

     H    7        0.416599       -0.041529        0.135242
     H    7       -0.041529       -0.162329        0.586146
     H    7        0.135242        0.586146       -0.254270

     C    8       -0.199330       -0.032174       -0.354983
     C    8       -0.032174       -0.128875        0.412254
     C    8       -0.354983        0.412254        0.328204

     H    9       -0.111587        0.194829       -0.427735
     H    9        0.194829        0.195479        0.442033
     H    9       -0.427735        0.442033       -0.083892

     C   10       -0.440865       -0.350919       -0.350558
     C   10       -0.350919       -0.060865        0.224254
     C   10       -0.350558        0.224254        0.501730

     C   11       -0.067581       -0.079180       -0.279400
     C   11       -0.079180       -0.067866        0.628104
     C   11       -0.279400        0.628104        0.135448

     Cl  12       -0.153681       -0.090735        0.004940
     Cl  12       -0.090735       -0.019095        0.119824
     Cl  12        0.004940        0.119824        0.172776

     H   13        0.390434       -0.279041       -0.094097
     H   13       -0.279041       -0.633202       -0.464207
     H   13       -0.094097       -0.464207        0.242768

     C   14       -0.077915        0.366752       -0.050861
     C   14        0.366752       -0.247131       -0.328199
     C   14       -0.050861       -0.328199        0.325046

     H   15       -0.515280       -0.497034       -0.040806
     H   15       -0.497034        0.211643        0.019626
     H   15       -0.040806        0.019626        0.303637

     C   16       -0.510985        0.394255       -0.319974
     C   16        0.394255        0.170759       -0.313555
     C   16       -0.319974       -0.313555        0.340226

     C   17       -0.007847       -0.194616       -0.405642
     C   17       -0.194616       -0.175011       -0.535621
     C   17       -0.405642       -0.535621        0.182858

     Cl  18       -0.139481        0.150074       -0.011786
     Cl  18        0.150074       -0.022653       -0.051687
     Cl  18       -0.011786       -0.051687        0.162134

     H   19        0.497405       -0.019252       -0.130854
     H   19       -0.019252       -0.310805        0.394032
     H   19       -0.130854        0.394032       -0.186600

     C   20       -0.726945       -0.414076       -0.415532
     C   20       -0.414076        0.435734        0.219493
     C   20       -0.415532        0.219493        0.291211

     H   21        0.000389        0.119077       -0.421556
     H   21        0.119077        0.408303       -0.092448
     H   21       -0.421556       -0.092448       -0.408692

     C   22       -0.014830       -0.245459       -0.172185
     C   22       -0.245459       -0.075088        0.615106
     C   22       -0.172185        0.615106        0.089919

     C   23       -0.362388       -0.281403       -0.402738
     C   23       -0.281403        0.047620        0.459584
     C   23       -0.402738        0.459584        0.314769

     Cl  24       -0.044247        0.029491       -0.066238
     Cl  24        0.029491        0.079540        0.122789
     Cl  24       -0.066238        0.122789       -0.035293

     ----- ionic term -----
     Cl   1        0.121909       -0.232117        0.032280
     Cl   1       -0.232117        0.058523       -0.017781
     Cl   1        0.032280       -0.017781       -0.180432

     C    2        0.259576       -0.120631        0.229062
     C    2       -0.120631        0.239085        0.302581
     C    2        0.229062        0.302581       -0.498661

     C    3        0.175765       -0.097593        0.087563
     C    3       -0.097593        0.281941        0.371213
     C    3        0.087563        0.371213       -0.457706

     H    4        0.849375        0.438637        0.403376
     H    4        0.438637       -0.331356        0.179354
     H    4        0.403376        0.179354       -0.518019

     C    5        0.343281       -0.022973        0.135661
     C    5       -0.022973        0.088802        0.312293
     C    5        0.135661        0.312293       -0.432084

     H    6       -0.460144        0.276938        0.108274
     H    6        0.276938        0.660879        0.641525
     H    6        0.108274        0.641525       -0.200735

     H    7       -0.544305        0.007318        0.011646
     H    7        0.007318        0.447717       -0.793838
     H    7        0.011646       -0.793838        0.096588

     C    8        0.160482        0.262243        0.293391
     C    8        0.262243        0.001101       -0.304615
     C    8        0.293391       -0.304615       -0.161583

     H    9        0.523365       -0.340443        0.683844
     H    9       -0.340443       -0.408921       -0.288349
     H    9        0.683844       -0.288349       -0.114444

     C   10        0.098027        0.275525        0.185035
     C   10        0.275525        0.116186       -0.406627
     C   10        0.185035       -0.406627       -0.214213

     C   11        0.214868        0.238468        0.258918
     C   11        0.238468        0.012279       -0.434658
     C   11        0.258918       -0.434658       -0.227147

     Cl  12        0.139286        0.214024       -0.012155
     Cl  12        0.214024        0.014824       -0.020331
     Cl  12       -0.012155       -0.020331       -0.154110

     H   13       -0.526150        0.115778        0.073448
     H   13        0.115778        0.770211        0.653043
     H   13        0.073448        0.653043       -0.244061

     C   14        0.339063       -0.154987        0.132134
     C   14       -0.154987        0.119732        0.294172
     C   14        0.132134        0.294172       -0.458795

     H   15        0.835074        0.342758        0.456872
     H   15        0.342758       -0.444620        0.182092
     H   15        0.456872        0.182092       -0.390453

     C   16        0.201570       -0.155778        0.091355
     C   16       -0.155778        0.215979        0.380498
     C   16        0.091355        0.380498       -0.417549

     C   17        0.266731        0.011174        0.103085
     C   17        0.011174        0.128784        0.415845
     C   17        0.103085        0.415845       -0.395514

     Cl  18        0.098829       -0.150948       -0.067737
     Cl  18       -0.150948       -0.005184        0.045411
     Cl  18       -0.067737        0.045411       -0.093645

     H   19       -0.472093       -0.166436        0.150824
     H   19       -0.166436        0.515112       -0.751106
     H   19        0.150824       -0.751106       -0.043019

     C   20        0.313440        0.170180        0.388536
     C   20        0.170180       -0.029811       -0.281591
     C   20        0.388536       -0.281591       -0.283628

     H   21        0.407615       -0.349514        0.714451
     H   21       -0.349514       -0.360410       -0.325924
     H   21        0.714451       -0.325924       -0.047205

     C   22        0.048007        0.228567        0.245583
     C   22        0.228567        0.197617       -0.417965
     C   22        0.245583       -0.417965       -0.245624

     C   23        0.045336        0.203132        0.305649
     C   23        0.203132        0.115779       -0.429876
     C   23        0.305649       -0.429876       -0.161116

     Cl  24        0.130905        0.199706        0.021348
     Cl  24        0.199706       -0.006227        0.006252
     Cl  24        0.021348        0.006252       -0.124677

     ----- GIPAW term -----
     Cl   1       -0.029716       -0.808168        0.855625
     Cl   1       -0.808168        0.687767        2.079970
     Cl   1        0.855625        2.079970       -0.658052

     C    2       -0.134827       -0.008735        0.002900
     C    2       -0.008735       -0.009583        0.103637
     C    2        0.002900        0.103637        0.144410

     C    3       -0.004104       -0.031175        0.011029
     C    3       -0.031175       -0.019942        0.054929
     C    3        0.011029        0.054929        0.024046

     H    4       -0.000000        0.000000        0.000000
     H    4        0.000000        0.000000        0.000000
     H    4        0.000000        0.000000        0.000000

     C    5       -0.102073       -0.000033       -0.157236
     C    5       -0.000033       -0.074904        0.081698
     C    5       -0.157236        0.081698        0.176977

     H    6       -0.000000        0.000000        0.000000
     H    6        0.000000        0.000000        0.000000
     H    6        0.000000        0.000000        0.000000

     H    7       -0.000000        0.000000        0.000000
     H    7        0.000000        0.000000        0.000000
     H    7        0.000000        0.000000        0.000000

     C    8       -0.049848        0.055431       -0.083929
     C    8        0.055431        0.016678        0.008188
     C    8       -0.083929        0.008188        0.033169

     H    9       -0.000000        0.000000        0.000000
     H    9        0.000000        0.000000        0.000000
     H    9        0.000000        0.000000        0.000000

     C   10       -0.130394        0.000130       -0.136803
     C   10        0.000130        0.008487       -0.062006
     C   10       -0.136803       -0.062006        0.121907

     C   11        0.023724        0.045540       -0.053754
     C   11        0.045540        0.113240        0.118975
     C   11       -0.053754        0.118975       -0.136963

     Cl  12        0.360087        1.861437       -0.011581
     Cl  12        1.861437       -0.081226        1.004801
     Cl  12       -0.011581        1.004801       -0.278861

     H   13       -0.000000        0.000000        0.000000
     H   13        0.000000        0.000000        0.000000
     H   13        0.000000        0.000000        0.000000

     C   14       -0.063947        0.162058        0.077770
     C   14        0.162058        0.056626        0.093889
     C   14        0.077770        0.093889        0.007321

     H   15       -0.000000        0.000000        0.000000
     H   15        0.000000        0.000000        0.000000
     H   15        0.000000        0.000000        0.000000

     C   16       -0.162108        0.146384       -0.081045
     C   16        0.146384        0.201808       -0.044531
     C   16       -0.081045       -0.044531       -0.039700

     C   17        0.031818       -0.214859       -0.097524
     C   17       -0.214859        0.046297        0.010175
     C   17       -0.097524        0.010175       -0.078115

     Cl  18       -0.905075       -0.914254       -0.396213
     Cl  18       -0.914254       -0.766630       -1.772830
     Cl  18       -0.396213       -1.772830        1.671705

     H   19       -0.000000        0.000000        0.000000
     H   19        0.000000        0.000000        0.000000
     H   19        0.000000        0.000000        0.000000

     C   20       -0.181237       -0.161386       -0.063353
     C   20       -0.161386        0.258369        0.042626
     C   20       -0.063353        0.042626       -0.077131

     H   21       -0.000000        0.000000        0.000000
     H   21        0.000000        0.000000        0.000000
     H   21        0.000000        0.000000        0.000000

     C   22       -0.105165       -0.078399       -0.056399
     C   22       -0.078399        0.145625        0.211838
     C   22       -0.056399        0.211838       -0.040460

     C   23       -0.102670       -0.012309       -0.100230
     C   23       -0.012309        0.122059        0.214783
     C   23       -0.100230        0.214783       -0.019389

     Cl  24        0.047370        2.069131       -0.207915
     Cl  24        2.069131        1.533027        1.754397
     Cl  24       -0.207915        1.754397       -1.580397

     ----- total EFG -----
     Cl   1        0.041265       -0.977796        0.958368
     Cl   1       -0.977796        0.763002        2.189552
     Cl   1        0.958368        2.189552       -0.804267

     C    2       -0.613692        0.148417        0.017085
     C    2        0.148417        0.465749        0.308930
     C    2        0.017085        0.308930        0.147943

     C    3        0.397874       -0.185345        0.190920
     C    3       -0.185345       -0.130222        0.125000
     C    3        0.190920        0.125000       -0.267652

     H    4        0.379668        0.230259        0.668991
     H    4        0.230259       -0.024206        0.089413
     H    4        0.668991        0.089413       -0.355462

     C    5       -0.329888        0.259487       -0.434840
     C    5        0.259487        0.052131        0.402975
     C    5       -0.434840        0.402975        0.277757

     H    6       -0.361236       -0.092220        0.325538
     H    6       -0.092220        0.232430        0.462197
     H    6        0.325538        0.462197        0.128806

     H    7       -0.127706       -0.034211        0.146888
     H    7       -0.034211        0.285388       -0.207692
     H    7        0.146888       -0.207692       -0.157682

     C    8       -0.088695        0.285500       -0.145521
     C    8        0.285500       -0.111095        0.115828
     C    8       -0.145521        0.115828        0.199790

     H    9        0.411779       -0.145614        0.256108
     H    9       -0.145614       -0.213442        0.153684
     H    9        0.256108        0.153684       -0.198336

     C   10       -0.473233       -0.075264       -0.302326
     C   10       -0.075264        0.063808       -0.244379
     C   10       -0.302326       -0.244379        0.409425

     C   11        0.171010        0.204827       -0.074236
     C   11        0.204827        0.057653        0.312421
     C   11       -0.074236        0.312421       -0.228663

     Cl  12        0.345691        1.984726       -0.018796
     Cl  12        1.984726       -0.085497        1.104294
     Cl  12       -0.018796        1.104294       -0.260195

     H   13       -0.135715       -0.163263       -0.020649
     H   13       -0.163263        0.137009        0.188837
     H   13       -0.020649        0.188837       -0.001293

     C   14        0.197201        0.373823        0.159043
     C   14        0.373823       -0.070773        0.059862
     C   14        0.159043        0.059862       -0.126428

     H   15        0.319794       -0.154276        0.416066
     H   15       -0.154276       -0.232978        0.201718
     H   15        0.416066        0.201718       -0.086816

     C   16       -0.471523        0.384861       -0.309664
     C   16        0.384861        0.588546        0.022412
     C   16       -0.309664        0.022412       -0.117023

     C   17        0.290701       -0.398301       -0.400081
     C   17       -0.398301        0.000070       -0.109600
     C   17       -0.400081       -0.109600       -0.290771

     Cl  18       -0.945727       -0.915127       -0.475736
     Cl  18       -0.915127       -0.794467       -1.779106
     Cl  18       -0.475736       -1.779106        1.740194

     H   19        0.025312       -0.185688        0.019971
     H   19       -0.185688        0.204308       -0.357074
     H   19        0.019971       -0.357074       -0.229620

     C   20       -0.594742       -0.405282       -0.090349
     C   20       -0.405282        0.664291       -0.019472
     C   20       -0.090349       -0.019472       -0.069549

     H   21        0.408004       -0.230438        0.292895
     H   21       -0.230438        0.047893       -0.418372
     H   21        0.292895       -0.418372       -0.455898

     C   22       -0.071988       -0.095292        0.016999
     C   22       -0.095292        0.268154        0.408978
     C   22        0.016999        0.408978       -0.196166

     C   23       -0.419722       -0.090579       -0.197320
     C   23       -0.090579        0.285458        0.244491
     C   23       -0.197320        0.244491        0.134264

     Cl  24        0.134027        2.298328       -0.252806
     Cl  24        2.298328        1.606340        1.883437
     Cl  24       -0.252806        1.883437       -1.740367

     ----- total EFG (symmetrized) -----
     Cl   1        0.041265       -0.977796        0.958368
     Cl   1       -0.977796        0.763002        2.189552
     Cl   1        0.958368        2.189552       -0.804267

     C    2       -0.613692        0.148417        0.017085
     C    2        0.148417        0.465749        0.308930
     C    2        0.017085        0.308930        0.147943

     C    3        0.397874       -0.185345        0.190920
     C    3       -0.185345       -0.130222        0.125000
     C    3        0.190920        0.125000       -0.267652

     H    4        0.379668        0.230259        0.668991
     H    4        0.230259       -0.024206        0.089413
     H    4        0.668991        0.089413       -0.355462

     C    5       -0.329888        0.259487       -0.434840
     C    5        0.259487        0.052131        0.402975
     C    5       -0.434840        0.402975        0.277757

     H    6       -0.361236       -0.092220        0.325538
     H    6       -0.092220        0.232430        0.462197
     H    6        0.325538        0.462197        0.128806

     H    7       -0.127706       -0.034211        0.146888
     H    7       -0.034211        0.285388       -0.207692
     H    7        0.146888       -0.207692       -0.157682

     C    8       -0.088695        0.285500       -0.145521
     C    8        0.285500       -0.111095        0.115828
     C    8       -0.145521        0.115828        0.199790

     H    9        0.411779       -0.145614        0.256108
     H    9       -0.145614       -0.213442        0.153684
     H    9        0.256108        0.153684       -0.198336

     C   10       -0.473233       -0.075264       -0.302326
     C   10       -0.075264        0.063808       -0.244379
     C   10       -0.302326       -0.244379        0.409425

     C   11        0.171010        0.204827       -0.074236
     C   11        0.204827        0.057653        0.312421
     C   11       -0.074236        0.312421       -0.228663

     Cl  12        0.345691        1.984726       -0.018796
     Cl  12        1.984726       -0.085497        1.104294
     Cl  12       -0.018796        1.104294       -0.260195

     H   13       -0.135715       -0.163263       -0.020649
     H   13       -0.163263        0.137009        0.188837
     H   13       -0.020649        0.188837       -0.001293

     C   14        0.197201        0.373823        0.159043
     C   14        0.373823       -0.070773        0.059862
     C   14        0.159043        0.059862       -0.126428

     H   15        0.319794       -0.154276        0.416066
     H   15       -0.154276       -0.232978        0.201718
     H   15        0.416066        0.201718       -0.086816

     C   16       -0.471523        0.384861       -0.309664
     C   16        0.384861        0.588546        0.022412
     C   16       -0.309664        0.022412       -0.117023

     C   17        0.290701       -0.398301       -0.400081
     C   17       -0.398301        0.000070       -0.109600
     C   17       -0.400081       -0.109600       -0.290771

     Cl  18       -0.945727       -0.915127       -0.475736
     Cl  18       -0.915127       -0.794467       -1.779106
     Cl  18       -0.475736       -1.779106        1.740194

     H   19        0.025312       -0.185688        0.019971
     H   19       -0.185688        0.204308       -0.357074
     H   19        0.019971       -0.357074       -0.229620

     C   20       -0.594742       -0.405282       -0.090349
     C   20       -0.405282        0.664291       -0.019472
     C   20       -0.090349       -0.019472       -0.069549

     H   21        0.408004       -0.230438        0.292895
     H   21       -0.230438        0.047893       -0.418372
     H   21        0.292895       -0.418372       -0.455898

     C   22       -0.071988       -0.095292        0.016999
     C   22       -0.095292        0.268154        0.408978
     C   22        0.016999        0.408978       -0.196166

     C   23       -0.419722       -0.090579       -0.197320
     C   23       -0.090579        0.285458        0.244491
     C   23       -0.197320        0.244491        0.134264

     Cl  24        0.134027        2.298328       -0.252806
     Cl  24        2.298328        1.606340        1.883437
     Cl  24       -0.252806        1.883437       -1.740367


     NQR/NMR SPECTROSCOPIC PARAMETERS:
     Cl   1    Vxx=    0.6169    axis=(  0.902387 -0.127878  0.411516)
     Cl   1    Vyy=    2.3371    axis=( -0.128586  0.831545  0.540370)
     Cl   1    Vzz=   -2.9539    axis=( -0.411295 -0.540538  0.733931)
     Cl   1  Q=        -8.1650 1e-30 m^2  Cq=        56.6697 MHz  eta= 0.58234

     C    2    Vxx=   -0.0341    axis=( -0.102872 -0.500693  0.859491)
     C    2    Vyy=   -0.6346    axis=( -0.989073  0.143222 -0.034948)
     C    2    Vzz=    0.6686    axis=( -0.105600 -0.853694 -0.509956)
     C    2  Q=         1.0000 1e-30 m^2  Cq=         1.5711 MHz  eta= 0.89810

     C    3    Vxx=   -0.0619    axis=( -0.088545 -0.812768 -0.575819)
     C    3    Vyy=   -0.4241    axis=( -0.303359 -0.528623  0.792799)
     C    3    Vzz=    0.4859    axis=( -0.948754  0.244878 -0.199753)
     C    3  Q=         1.0000 1e-30 m^2  Cq=         1.1417 MHz  eta= 0.74540

     H    4    Vxx=   -0.0904    axis=(  0.202986 -0.960939  0.188131)
     H    4    Vyy=   -0.7536    axis=(  0.516251 -0.058232 -0.854455)
     H    4    Vzz=    0.8439    axis=(  0.832035  0.270565  0.484265)
     H    4  Q=         1.0000 1e-30 m^2  Cq=         1.9829 MHz  eta= 0.78588

     C    5    Vxx=    0.1436    axis=(  0.622079  0.748150 -0.230847)
     C    5    Vyy=    0.6337    axis=( -0.254002  0.471734  0.844364)
     C    5    Vzz=   -0.7773    axis=(  0.740609 -0.466625  0.483487)
     C    5  Q=         1.0000 1e-30 m^2  Cq=        -1.8262 MHz  eta= 0.63062

     H    6    Vxx=   -0.0301    axis=(  0.635292 -0.610197  0.473353)
     H    6    Vyy=   -0.6391    axis=(  0.756219  0.367205 -0.541566)
     H    6    Vzz=    0.6693    axis=(  0.156645  0.702011  0.694725)
     H    6  Q=         1.0000 1e-30 m^2  Cq=         1.5725 MHz  eta= 0.91004

     H    7    Vxx=   -0.0596    axis=(  0.812719  0.357549  0.460051)
     H    7    Vyy=   -0.3231    axis=( -0.556094  0.240308  0.795621)
     H    7    Vzz=    0.3827    axis=(  0.173919 -0.902447  0.394133)
     H    7  Q=         1.0000 1e-30 m^2  Cq=         0.8992 MHz  eta= 0.68847

     C    8    Vxx=    0.1784    axis=(  0.621990  0.728381  0.287383)
     C    8    Vyy=    0.2605    axis=(  0.399081  0.020886 -0.916678)
     C    8    Vzz=   -0.4389    axis=( -0.673693  0.684853 -0.277693)
     C    8  Q=         1.0000 1e-30 m^2  Cq=        -1.0313 MHz  eta= 0.18706

     H    9    Vxx=   -0.0618    axis=( -0.113475  0.758861  0.641291)
     H    9    Vyy=   -0.4536    axis=( -0.315111 -0.639625  0.701131)
     H    9    Vzz=    0.5154    axis=(  0.942246 -0.122517  0.311707)
     H    9  Q=         1.0000 1e-30 m^2  Cq=         1.2111 MHz  eta= 0.76023

     C   10    Vxx=    0.0095    axis=(  0.327518 -0.895979 -0.299922)
     C   10    Vyy=    0.5907    axis=(  0.227359  0.382838 -0.895401)
     C   10    Vzz=   -0.6002    axis=(  0.917082  0.225070  0.329095)
     C   10  Q=         1.0000 1e-30 m^2  Cq=        -1.4102 MHz  eta= 0.96829

     C   11    Vxx=    0.1092    axis=( -0.726999  0.417096  0.545439)
     C   11    Vyy=    0.3680    axis=( -0.632658 -0.715625 -0.296014)
     C   11    Vzz=   -0.4772    axis=(  0.266863 -0.560278  0.784138)
     C   11  Q=         1.0000 1e-30 m^2  Cq=        -1.1211 MHz  eta= 0.54232

     Cl  12    Vxx=   -0.1008    axis=( -0.483553  0.116993  0.867461)
     Cl  12    Vyy=   -2.2406    axis=( -0.557607  0.722746 -0.408305)
     Cl  12    Vzz=    2.3414    axis=( -0.674723 -0.681139 -0.284250)
     Cl  12  Q=        -8.1650 1e-30 m^2  Cq=       -44.9180 MHz  eta= 0.91391

     H   13    Vxx=   -0.0819    axis=(  0.542445 -0.278986  0.792414)
     H   13    Vyy=   -0.2353    axis=(  0.779246  0.519530 -0.350519)
     H   13    Vzz=    0.3172    axis=( -0.313893  0.807624  0.499215)
     H   13  Q=         1.0000 1e-30 m^2  Cq=         0.7453 MHz  eta= 0.48351

     C   14    Vxx=   -0.1597    axis=( -0.071752 -0.331701  0.940652)
     C   14    Vyy=   -0.3438    axis=(  0.597861 -0.769189 -0.225634)
     C   14    Vzz=    0.5034    axis=(  0.798382  0.546189  0.253502)
     C   14  Q=         1.0000 1e-30 m^2  Cq=         1.1829 MHz  eta= 0.36569

     H   15    Vxx=   -0.0312    axis=(  0.305089 -0.779856 -0.546576)
     H   15    Vyy=   -0.5491    axis=(  0.424603  0.625127 -0.654927)
     H   15    Vzz=    0.5803    axis=(  0.852428 -0.032266  0.521849)
     H   15  Q=         1.0000 1e-30 m^2  Cq=         1.3636 MHz  eta= 0.89232

     C   16    Vxx=    0.0219    axis=( -0.385093  0.226173  0.894734)
     C   16    Vyy=    0.7207    axis=( -0.328316 -0.939654  0.096221)
     C   16    Vzz=   -0.7426    axis=(  0.862503 -0.256701  0.436110)
     C   16  Q=         1.0000 1e-30 m^2  Cq=        -1.7449 MHz  eta= 0.94096

     C   17    Vxx=   -0.0185    axis=(  0.203043  0.767897 -0.607542)
     C   17    Vyy=   -0.6349    axis=(  0.509960  0.446746  0.735091)
     C   17    Vzz=    0.6535    axis=(  0.835891 -0.459077 -0.300888)
     C   17  Q=         1.0000 1e-30 m^2  Cq=         1.5354 MHz  eta= 0.94328

     Cl  18    Vxx=   -0.2284    axis=(  0.820979 -0.507978 -0.260676)
     Cl  18    Vyy=   -2.4288    axis=(  0.570958  0.729561  0.376495)
     Cl  18    Vzz=    2.6572    axis=( -0.001071 -0.457929  0.888988)
     Cl  18  Q=        -8.1650 1e-30 m^2  Cq=       -50.9772 MHz  eta= 0.82806

     H   19    Vxx=   -0.0290    axis=(  0.916740  0.233402 -0.324210)
     H   19    Vyy=   -0.4430    axis=(  0.167335  0.512584  0.842174)
     H   19    Vzz=    0.4720    axis=(  0.362750 -0.826306  0.430850)
     H   19  Q=         1.0000 1e-30 m^2  Cq=         1.1090 MHz  eta= 0.87701

     C   20    Vxx=   -0.0567    axis=( -0.130973 -0.046879  0.990277)
     C   20    Vyy=   -0.7268    axis=(  0.950259  0.278784  0.138877)
     C   20    Vzz=    0.7835    axis=( -0.282584  0.959209  0.008034)
     C   20  Q=         1.0000 1e-30 m^2  Cq=         1.8410 MHz  eta= 0.85533

     H   21    Vxx=    0.0075    axis=(  0.621247  0.735214 -0.271133)
     H   21    Vyy=    0.7049    axis=( -0.771029  0.511747 -0.378985)
     H   21    Vzz=   -0.7124    axis=( -0.139883  0.444494  0.884792)
     H   21  Q=         1.0000 1e-30 m^2  Cq=        -1.6738 MHz  eta= 0.97905

     C   22    Vxx=   -0.0706    axis=(  0.977749  0.023347  0.208475)
     C   22    Vyy=   -0.4450    axis=(  0.168113  0.507224 -0.845258)
     C   22    Vzz=    0.5156    axis=( -0.125477  0.861498  0.492013)
     C   22  Q=         1.0000 1e-30 m^2  Cq=         1.2115 MHz  eta= 0.72600

     C   23    Vxx=   -0.0226    axis=( -0.216880 -0.645160  0.732620)
     C   23    Vyy=   -0.4830    axis=( -0.954378 -0.017658 -0.298078)
     C   23    Vzz=    0.5057    axis=(  0.205244 -0.763843 -0.611897)
     C   23  Q=         1.0000 1e-30 m^2  Cq=         1.1881 MHz  eta= 0.91051

     Cl  24    Vxx=   -0.5296    axis=(  0.751319 -0.282543 -0.596397)
     Cl  24    Vyy=   -3.1259    axis=( -0.413422  0.502898 -0.759062)
     Cl  24    Vzz=    3.6555    axis=(  0.514395  0.816861  0.261027)
     Cl  24  Q=        -8.1650 1e-30 m^2  Cq=       -70.1288 MHz  eta= 0.71024

     Initialization:
     gipaw_setup  :      9.48s CPU     11.23s WALL (       1 calls)

     Linear response

     Apply operators

     Induced current

     Other routines
     efg          :      9.16s CPU     11.68s WALL (       1 calls)

     General routines
     calbec       :      3.22s CPU      4.29s WALL (      16 calls)
     fft          :      1.32s CPU      1.52s WALL (      15 calls)
     ffts         :      0.04s CPU      0.07s WALL (       2 calls)
     fftw         :      3.14s CPU      4.00s WALL (     672 calls)
     davcio       :      0.03s CPU      0.32s WALL (      32 calls)

     Parallel routines
     fft_scatter  :      1.92s CPU      2.54s WALL (     689 calls)

     Plugins

     GIPAW        :     61.45s CPU     73.27s WALL (       1 calls)
