
     Program QE v.6.0 (svn rev. 13079) starts on  3Jan2017 at 11:35:58 

     This program is part of the open-source Quantum ESPRESSO suite
     for quantum simulation of materials; please cite
         "P. Giannozzi et al., J. Phys.:Condens. Matter 21 395502 (2009);
          URL http://www.quantum-espresso.org", 
     in publications or presentations arising from this work. More details at
     http://www.quantum-espresso.org/quote

     Parallel version (MPI), running on     8 processors
     R & G space division:  proc/nbgrp/npool/nimage =       8

     ***** This is GIPAW svn revision unknown      *****

     Parallelizing q-star over 1 images

     Reading data from directory:
     /users/majewski/paradichlorobenzene/pbe/9_constraint/scratch/pbe.ecut100.np8.dt60.pcl2phi-129368.save
     Message from routine read_xml_file:
     file /users/majewski/paradichlorobenzene/pbe/9_constraint/scratch/pbe.ecut100.np8.dt60.pcl2phi-129368.save not guaranteed to be safe for post-processing

   Info: using nr1, nr2, nr3 values from input

   Info: using nr1, nr2, nr3 values from input

     IMPORTANT: XC functional enforced from input :
     Exchange-correlation      =  SLA  PW   PBX  PBC ( 1  4  3  4 0 0)
     Any further DFT definition will be discarded
     Please, verify this is what you really want

               file C.pbe-n-kjpaw_psl.1.0.0.UPF: wavefunction(s)  2S 2P renormalized
               file Cl.pbe-n-kjpaw_psl.1.0.0.UPF: wavefunction(s)  3S 3P renormalized
               file H.pbe-kjpaw_psl.1.0.0.UPF: wavefunction(s)  1S renormalized

     Parallelization info
     --------------------
     sticks:   dense  smooth     PW     G-vecs:    dense   smooth      PW
     Min        3057    1223    332               144436    36536    5170
     Max        3059    1225    333               144437    36537    5171
     Sum       24467    9791   2657              1155489   292295   41363


     Subspace diagonalization in iterative solution of the eigenvalue problem:
     a serial algorithm will be used

     GIPAW projectors -----------------------------------------------
     atom=  C    l=0  rc=    1.2000  rs=    0.8000
     atom=  C    l=0  rc=    1.2000  rs=    0.8000
     atom=  C    l=1  rc=    1.4000  rs=    0.9333
     atom=  C    l=1  rc=    1.4000  rs=    0.9333
     projs nearly linearly dependent: l=1  n1,n2= 1, 2  s=  0.99951561

     atom=  Cl   l=0  rc=    1.6000  rs=    1.0667
     atom=  Cl   l=0  rc=    1.6000  rs=    1.0667
     atom=  Cl   l=1  rc=    1.6000  rs=    1.0667
     atom=  Cl   l=1  rc=    1.6000  rs=    1.0667
     atom=  Cl   l=2  rc=    1.6000  rs=    1.0667
     atom=  Cl   l=2  rc=    1.6000  rs=    1.0667
     projs nearly linearly dependent: l=2  n1,n2= 1, 2  s=  0.99993509

     atom=  H    l=0  rc=    1.0000  rs=    0.6667
     atom=  H    l=0  rc=    1.0000  rs=    0.6667
     projs nearly linearly dependent: l=0  n1,n2= 1, 2  s=  0.99968852
     -----------------------------------------------------------------

     GIPAW integrals: -------------------------------------------
     Atom  i/j   nmr_para   nmr_dia   epr_rmc  epr_para   epr_dia
       C   1 1   0.83E+03  0.17E-01  0.93E+01  0.24E+08  0.24E+03
       C   2 1   0.86E+03 -0.61E-01  0.94E+01  0.25E+08  0.25E+03
       C   2 2   0.90E+03 -0.15E+00  0.97E+01  0.26E+08  0.26E+03
       C   3 3   0.33E+01  0.34E+00  0.18E+01  0.55E+03  0.21E+02
       C   4 3   0.35E+01  0.37E+00  0.20E+01  0.59E+03  0.22E+02
       C   4 4   0.38E+01  0.39E+00  0.22E+01  0.63E+03  0.24E+02
       Cl  1 1   0.14E+04 -0.47E+00  0.84E+01  0.32E+09  0.42E+03
       Cl  2 1   0.21E+04 -0.37E+00  0.12E+02  0.49E+09  0.65E+03
       Cl  2 2   0.33E+04 -0.16E+00  0.21E+02  0.76E+09  0.10E+04
       Cl  3 3   0.21E+02  0.79E-01  0.89E+01  0.23E+05  0.13E+03
       Cl  4 3   0.24E+02  0.67E-01  0.99E+01  0.27E+05  0.15E+03
       Cl  4 4   0.28E+02  0.44E-01  0.11E+02  0.32E+05  0.18E+03
       Cl  5 5   0.77E+00  0.19E+00  0.18E+01  0.12E+03  0.22E+02
       Cl  6 5   0.80E+00  0.19E+00  0.19E+01  0.12E+03  0.23E+02
       Cl  6 6   0.83E+00  0.20E+00  0.19E+01  0.12E+03  0.23E+02
       H   1 1   0.39E+02  0.19E+00  0.29E+00  0.78E+05  0.13E+02
       H   2 1   0.41E+02  0.21E+00  0.32E+00  0.82E+05  0.14E+02
       H   2 2   0.43E+02  0.22E+00  0.36E+00  0.86E+05  0.15E+02
     ------------------------------------------------------------

     alpha_pv=     33.7651 eV

     Number of occupied bands for each k-point:
     k-point:     1    nbnd_occ=  42
     k-point:     2    nbnd_occ=  42
     k-point:     3    nbnd_occ=  42
     k-point:     4    nbnd_occ=  42
     k-point:     5    nbnd_occ=  42
     k-point:     6    nbnd_occ=  42
     k-point:     7    nbnd_occ=  42
     k-point:     8    nbnd_occ=  42
     k-point:     9    nbnd_occ=  42
     k-point:    10    nbnd_occ=  42
     k-point:    11    nbnd_occ=  42
     k-point:    12    nbnd_occ=  42
     k-point:    13    nbnd_occ=  42
     k-point:    14    nbnd_occ=  42
     k-point:    15    nbnd_occ=  42
     k-point:    16    nbnd_occ=  42


     q-space interpolation up to   110.00 Rydberg

     GIPAW job: efg                                                                             


     ELECTRIC FIELD GRADIENTS TENSORS IN Hartree/bohrradius^2:

     ----- bare term -----
     Cl   1       -0.057890       -0.040888        0.015690
     Cl   1       -0.040888        0.075221        0.152298
     Cl   1        0.015690        0.152298       -0.017331

     C    2       -0.732731        0.390710       -0.374909
     C    2        0.390710        0.357928       -0.064057
     C    2       -0.374909       -0.064057        0.374803

     C    3        0.062258        0.254327       -0.044992
     C    3        0.254327       -0.554513       -0.379740
     C    3       -0.044992       -0.379740        0.492255

     H    4       -0.535550       -0.154558       -0.097022
     H    4       -0.154558        0.412757       -0.301309
     H    4       -0.097022       -0.301309        0.122793

     C    5       -0.932593        0.340646       -0.436718
     C    5        0.340646        0.366722        0.007240
     C    5       -0.436718        0.007240        0.565871

     H    6        0.425949       -0.168549        0.049004
     H    6       -0.168549       -0.566184       -0.321365
     H    6        0.049004       -0.321365        0.140235

     H    7        0.475513        0.033889       -0.053050
     H    7        0.033889       -0.760555        0.047510
     H    7       -0.053050        0.047510        0.285042

     C    8       -0.207593        0.087138       -0.217307
     C    8        0.087138       -0.067125        0.245477
     C    8       -0.217307        0.245477        0.274718

     H    9       -0.404902        0.413258        0.077455
     H    9        0.413258        0.296633       -0.076508
     H    9        0.077455       -0.076508        0.108269

     C   10       -0.046414       -0.304510        0.142016
     C   10       -0.304510       -0.220156        0.225118
     C   10        0.142016        0.225118        0.266569

     C   11       -0.086751        0.197097       -0.221636
     C   11        0.197097       -0.017156        0.280676
     C   11       -0.221636        0.280676        0.103907

     Cl  12        0.100108       -0.168369        0.065796
     Cl  12       -0.168369        0.003825       -0.334460
     Cl  12        0.065796       -0.334460       -0.103933

     H   13        0.458696       -0.100194       -0.026930
     H   13       -0.100194       -0.710580       -0.446060
     H   13       -0.026930       -0.446060        0.251884

     C   14       -0.072989        0.131347       -0.158639
     C   14        0.131347       -0.125831       -0.356696
     C   14       -0.158639       -0.356696        0.198819

     H   15        0.031027       -0.307496       -0.357480
     H   15       -0.307496       -0.167372       -0.433244
     H   15       -0.357480       -0.433244        0.136345

     C   16       -0.770005        0.386277       -0.352288
     C   16        0.386277        0.327001       -0.020188
     C   16       -0.352288       -0.020188        0.443004

     C   17        0.079870        0.267376       -0.033154
     C   17        0.267376       -0.312100       -0.420409
     C   17       -0.033154       -0.420409        0.232230

     Cl  18       -0.077876        0.141892       -0.011368
     Cl  18        0.141892       -0.011384       -0.016258
     Cl  18       -0.011368       -0.016258        0.089260

     H   19        0.287934        0.021761       -0.318098
     H   19        0.021761       -0.181358        0.436026
     H   19       -0.318098        0.436026       -0.106577

     C   20       -0.390337       -0.345296        0.054758
     C   20       -0.345296        0.007253        0.415827
     C   20        0.054758        0.415827        0.383084

     H   21       -0.730734        0.214494       -0.078732
     H   21        0.214494        0.415675        0.127519
     H   21       -0.078732        0.127519        0.315058

     C   22       -0.019237        0.231248       -0.279138
     C   22        0.231248       -0.142207        0.666249
     C   22       -0.279138        0.666249        0.161444

     C   23       -0.359718       -0.320938       -0.153866
     C   23       -0.320938       -0.098521        0.476039
     C   23       -0.153866        0.476039        0.458239

     Cl  24       -0.035708        0.104553       -0.022657
     Cl  24        0.104553        0.079597       -0.127348
     Cl  24       -0.022657       -0.127348       -0.043890

     ----- ionic term -----
     Cl   1        0.183889       -0.229483        0.010222
     Cl   1       -0.229483       -0.016000        0.002304
     Cl   1        0.010222        0.002304       -0.167890

     C    2        0.194973       -0.186470        0.236071
     C    2       -0.186470        0.208021        0.363226
     C    2        0.236071        0.363226       -0.402994

     C    3        0.204673       -0.234157        0.165556
     C    3       -0.234157        0.272940        0.344333
     C    3        0.165556        0.344333       -0.477613

     H    4        0.691139        0.414933        0.572870
     H    4        0.414933       -0.327812        0.248850
     H    4        0.572870        0.248850       -0.363327

     C    5        0.375278       -0.161118        0.251284
     C    5       -0.161118        0.086883        0.253840
     C    5        0.251284        0.253840       -0.462161

     H    6       -0.481801        0.210485        0.096414
     H    6        0.210485        0.831440        0.557692
     H    6        0.096414        0.557692       -0.349639

     H    7       -0.515800       -0.031562        0.023946
     H    7       -0.031562        0.488092       -0.778869
     H    7        0.023946       -0.778869        0.027708

     C    8        0.292704        0.190678        0.142464
     C    8        0.190678        0.084499       -0.336942
     C    8        0.142464       -0.336942       -0.377203

     H    9        0.784835       -0.206317        0.605435
     H    9       -0.206317       -0.480741       -0.196187
     H    9        0.605435       -0.196187       -0.304094

     C   10        0.150883        0.266985        0.132781
     C   10        0.266985        0.230966       -0.452689
     C   10        0.132781       -0.452689       -0.381849

     C   11        0.266900        0.070656        0.180610
     C   11        0.070656        0.127992       -0.463232
     C   11        0.180610       -0.463232       -0.394893

     Cl  12        0.165594        0.181680       -0.007496
     Cl  12        0.181680       -0.017247       -0.023928
     Cl  12       -0.007496       -0.023928       -0.148347

     H   13       -0.502609        0.052395        0.043343
     H   13        0.052395        0.735626        0.640262
     H   13        0.043343        0.640262       -0.233018

     C   14        0.291667       -0.186939        0.266252
     C   14       -0.186939        0.073050        0.276960
     C   14        0.266252        0.276960       -0.364718

     H   15        0.470813        0.401527        0.665969
     H   15        0.401527       -0.330600        0.323538
     H   15        0.665969        0.323538       -0.140213

     C   16        0.157495       -0.215594        0.195726
     C   16       -0.215594        0.186930        0.371680
     C   16        0.195726        0.371680       -0.344426

     C   17        0.268492       -0.166812        0.260954
     C   17       -0.166812        0.111367        0.323599
     C   17        0.260954        0.323599       -0.379859

     Cl  18        0.132643       -0.196425        0.034091
     Cl  18       -0.196425        0.014663       -0.023945
     Cl  18        0.034091       -0.023945       -0.147306

     H   19       -0.518078       -0.113697        0.057012
     H   19       -0.113697        0.743664       -0.673491
     H   19        0.057012       -0.673491       -0.225586

     C   20        0.373033        0.108396        0.165992
     C   20        0.108396        0.075910       -0.318321
     C   20        0.165992       -0.318321       -0.448944

     H   21        0.723449       -0.533831        0.369786
     H   21       -0.533831       -0.292465       -0.218301
     H   21        0.369786       -0.218301       -0.430984

     C   22        0.208159        0.127940        0.091074
     C   22        0.127940        0.222239       -0.391284
     C   22        0.091074       -0.391284       -0.430397

     C   23        0.212571        0.096478        0.135256
     C   23        0.096478        0.174997       -0.425672
     C   23        0.135256       -0.425672       -0.387568

     Cl  24        0.111435        0.214063       -0.055022
     Cl  24        0.214063        0.009869       -0.035426
     Cl  24       -0.055022       -0.035426       -0.121304

     ----- GIPAW term -----
     Cl   1        0.320175       -2.141825        0.005747
     Cl   1       -2.141825        1.010424        1.562010
     Cl   1        0.005747        1.562010       -1.330599

     C    2       -0.179767        0.008034       -0.035645
     C    2        0.008034        0.266118        0.137949
     C    2       -0.035645        0.137949       -0.086351

     C    3       -0.107788        0.036321        0.033141
     C    3        0.036321       -0.055144        0.180045
     C    3        0.033141        0.180045        0.162931

     H    4       -0.000000        0.000000        0.000000
     H    4        0.000000        0.000000        0.000000
     H    4        0.000000        0.000000        0.000000

     C    5       -0.204531        0.054744       -0.008459
     C    5        0.054744        0.087609        0.181981
     C    5       -0.008459        0.181981        0.116922

     H    6       -0.000000        0.000000        0.000000
     H    6        0.000000        0.000000        0.000000
     H    6        0.000000        0.000000        0.000000

     H    7       -0.000000        0.000000        0.000000
     H    7        0.000000        0.000000        0.000000
     H    7        0.000000        0.000000        0.000000

     C    8       -0.076974        0.018513       -0.008336
     C    8        0.018513        0.015038        0.139758
     C    8       -0.008336        0.139758        0.061936

     H    9       -0.000000        0.000000        0.000000
     H    9        0.000000        0.000000        0.000000
     H    9        0.000000        0.000000        0.000000

     C   10       -0.036869       -0.004298        0.048332
     C   10       -0.004298       -0.021878        0.063294
     C   10        0.048332        0.063294        0.058748

     C   11       -0.020441        0.057215       -0.003836
     C   11        0.057215       -0.020903        0.060922
     C   11       -0.003836        0.060922        0.041345

     Cl  12       -0.432723        0.134209       -0.430824
     Cl  12        0.134209       -0.136916        1.002784
     Cl  12       -0.430824        1.002784        0.569640

     H   13       -0.000000        0.000000        0.000000
     H   13        0.000000        0.000000        0.000000
     H   13        0.000000        0.000000        0.000000

     C   14       -0.116633        0.046092        0.008393
     C   14        0.046092        0.177496        0.099452
     C   14        0.008393        0.099452       -0.060863

     H   15       -0.000000        0.000000        0.000000
     H   15        0.000000        0.000000        0.000000
     H   15        0.000000        0.000000        0.000000

     C   16       -0.213677        0.097435       -0.024475
     C   16        0.097435        0.203254        0.150488
     C   16       -0.024475        0.150488        0.010424

     C   17       -0.032908        0.069754        0.089791
     C   17        0.069754        0.087698        0.157781
     C   17        0.089791        0.157781       -0.054790

     Cl  18       -0.473578       -0.218113        1.056503
     Cl  18       -0.218113       -0.091920        1.913146
     Cl  18        1.056503        1.913146        0.565498

     H   19       -0.000000        0.000000        0.000000
     H   19        0.000000        0.000000        0.000000
     H   19        0.000000        0.000000        0.000000

     C   20       -0.067154        0.085048        0.142327
     C   20        0.085048        0.033521        0.189343
     C   20        0.142327        0.189343        0.033633

     H   21       -0.000000        0.000000        0.000000
     H   21        0.000000        0.000000        0.000000
     H   21        0.000000        0.000000        0.000000

     C   22        0.023107        0.224062        0.029312
     C   22        0.224062        0.023104        0.185078
     C   22        0.029312        0.185078       -0.046210

     C   23       -0.094633        0.101974        0.049506
     C   23        0.101974        0.051507        0.219681
     C   23        0.049506        0.219681        0.043125

     Cl  24        0.600298        2.740058       -0.351898
     Cl  24        2.740058        0.987105       -1.262735
     Cl  24       -0.351898       -1.262735       -1.587403

     ----- total EFG -----
     Cl   1        0.446174       -2.412195        0.031659
     Cl   1       -2.412195        1.069645        1.716612
     Cl   1        0.031659        1.716612       -1.515820

     C    2       -0.717526        0.212274       -0.174484
     C    2        0.212274        0.832067        0.437118
     C    2       -0.174484        0.437118       -0.114541

     C    3        0.159143        0.056491        0.153705
     C    3        0.056491       -0.336717        0.144638
     C    3        0.153705        0.144638        0.177573

     H    4        0.155589        0.260375        0.475847
     H    4        0.260375        0.084945       -0.052459
     H    4        0.475847       -0.052459       -0.240534

     C    5       -0.761846        0.234272       -0.193893
     C    5        0.234272        0.541213        0.443060
     C    5       -0.193893        0.443060        0.220632

     H    6       -0.055852        0.041936        0.145418
     H    6        0.041936        0.265256        0.236327
     H    6        0.145418        0.236327       -0.209404

     H    7       -0.040287        0.002327       -0.029103
     H    7        0.002327       -0.272462       -0.731359
     H    7       -0.029103       -0.731359        0.312750

     C    8        0.008137        0.296328       -0.083179
     C    8        0.296328        0.032412        0.048294
     C    8       -0.083179        0.048294       -0.040549

     H    9        0.379933        0.206941        0.682890
     H    9        0.206941       -0.184108       -0.272695
     H    9        0.682890       -0.272695       -0.195824

     C   10        0.067599       -0.041823        0.323128
     C   10       -0.041823       -0.011068       -0.164277
     C   10        0.323128       -0.164277       -0.056532

     C   11        0.159708        0.324968       -0.044862
     C   11        0.324968        0.089933       -0.121634
     C   11       -0.044862       -0.121634       -0.249641

     Cl  12       -0.167021        0.147519       -0.372524
     Cl  12        0.147519       -0.150338        0.644395
     Cl  12       -0.372524        0.644395        0.317359

     H   13       -0.043913       -0.047799        0.016413
     H   13       -0.047799        0.025046        0.194202
     H   13        0.016413        0.194202        0.018867

     C   14        0.102046       -0.009500        0.116006
     C   14       -0.009500        0.124716        0.019716
     C   14        0.116006        0.019716       -0.226762

     H   15        0.501840        0.094030        0.308489
     H   15        0.094030       -0.497972       -0.109706
     H   15        0.308489       -0.109706       -0.003868

     C   16       -0.826187        0.268118       -0.181038
     C   16        0.268118        0.717185        0.501979
     C   16       -0.181038        0.501979        0.109002

     C   17        0.315454        0.170317        0.317591
     C   17        0.170317       -0.113035        0.060972
     C   17        0.317591        0.060972       -0.202419

     Cl  18       -0.418811       -0.272646        1.079225
     Cl  18       -0.272646       -0.088642        1.872942
     Cl  18        1.079225        1.872942        0.507453

     H   19       -0.230143       -0.091937       -0.261086
     H   19       -0.091937        0.562306       -0.237466
     H   19       -0.261086       -0.237466       -0.332163

     C   20       -0.084457       -0.151853        0.363076
     C   20       -0.151853        0.116684        0.286849
     C   20        0.363076        0.286849       -0.032227

     H   21       -0.007285       -0.319337        0.291055
     H   21       -0.319337        0.123211       -0.090783
     H   21        0.291055       -0.090783       -0.115926

     C   22        0.212028        0.583250       -0.158751
     C   22        0.583250        0.103135        0.460042
     C   22       -0.158751        0.460042       -0.315164

     C   23       -0.241780       -0.122485        0.030896
     C   23       -0.122485        0.127983        0.270047
     C   23        0.030896        0.270047        0.113797

     Cl  24        0.676025        3.058674       -0.429576
     Cl  24        3.058674        1.076571       -1.425509
     Cl  24       -0.429576       -1.425509       -1.752596

     ----- total EFG (symmetrized) -----
     Cl   1        0.446174       -2.412195        0.031659
     Cl   1       -2.412195        1.069645        1.716612
     Cl   1        0.031659        1.716612       -1.515820

     C    2       -0.717526        0.212274       -0.174484
     C    2        0.212274        0.832067        0.437118
     C    2       -0.174484        0.437118       -0.114541

     C    3        0.159143        0.056491        0.153705
     C    3        0.056491       -0.336717        0.144638
     C    3        0.153705        0.144638        0.177573

     H    4        0.155589        0.260375        0.475847
     H    4        0.260375        0.084945       -0.052459
     H    4        0.475847       -0.052459       -0.240534

     C    5       -0.761846        0.234272       -0.193893
     C    5        0.234272        0.541213        0.443060
     C    5       -0.193893        0.443060        0.220632

     H    6       -0.055852        0.041936        0.145418
     H    6        0.041936        0.265256        0.236327
     H    6        0.145418        0.236327       -0.209404

     H    7       -0.040287        0.002327       -0.029103
     H    7        0.002327       -0.272462       -0.731359
     H    7       -0.029103       -0.731359        0.312750

     C    8        0.008137        0.296328       -0.083179
     C    8        0.296328        0.032412        0.048294
     C    8       -0.083179        0.048294       -0.040549

     H    9        0.379933        0.206941        0.682890
     H    9        0.206941       -0.184108       -0.272695
     H    9        0.682890       -0.272695       -0.195824

     C   10        0.067599       -0.041823        0.323128
     C   10       -0.041823       -0.011068       -0.164277
     C   10        0.323128       -0.164277       -0.056532

     C   11        0.159708        0.324968       -0.044862
     C   11        0.324968        0.089933       -0.121634
     C   11       -0.044862       -0.121634       -0.249641

     Cl  12       -0.167021        0.147519       -0.372524
     Cl  12        0.147519       -0.150338        0.644395
     Cl  12       -0.372524        0.644395        0.317359

     H   13       -0.043913       -0.047799        0.016413
     H   13       -0.047799        0.025046        0.194202
     H   13        0.016413        0.194202        0.018867

     C   14        0.102046       -0.009500        0.116006
     C   14       -0.009500        0.124716        0.019716
     C   14        0.116006        0.019716       -0.226762

     H   15        0.501840        0.094030        0.308489
     H   15        0.094030       -0.497972       -0.109706
     H   15        0.308489       -0.109706       -0.003868

     C   16       -0.826187        0.268118       -0.181038
     C   16        0.268118        0.717185        0.501979
     C   16       -0.181038        0.501979        0.109002

     C   17        0.315454        0.170317        0.317591
     C   17        0.170317       -0.113035        0.060972
     C   17        0.317591        0.060972       -0.202419

     Cl  18       -0.418811       -0.272646        1.079225
     Cl  18       -0.272646       -0.088642        1.872942
     Cl  18        1.079225        1.872942        0.507453

     H   19       -0.230143       -0.091937       -0.261086
     H   19       -0.091937        0.562306       -0.237466
     H   19       -0.261086       -0.237466       -0.332163

     C   20       -0.084457       -0.151853        0.363076
     C   20       -0.151853        0.116684        0.286849
     C   20        0.363076        0.286849       -0.032227

     H   21       -0.007285       -0.319337        0.291055
     H   21       -0.319337        0.123211       -0.090783
     H   21        0.291055       -0.090783       -0.115926

     C   22        0.212028        0.583250       -0.158751
     C   22        0.583250        0.103135        0.460042
     C   22       -0.158751        0.460042       -0.315164

     C   23       -0.241780       -0.122485        0.030896
     C   23       -0.122485        0.127983        0.270047
     C   23        0.030896        0.270047        0.113797

     Cl  24        0.676025        3.058674       -0.429576
     Cl  24        3.058674        1.076571       -1.425509
     Cl  24       -0.429576       -1.425509       -1.752596


     NQR/NMR SPECTROSCOPIC PARAMETERS:
     Cl   1    Vxx=   -0.6406    axis=( -0.689167 -0.319017 -0.650597)
     Cl   1    Vyy=   -2.8858    axis=( -0.414394 -0.563026  0.715038)
     Cl   1    Vzz=    3.5264    axis=( -0.594413  0.762384  0.255820)
     Cl   1  Q=        -8.1650 1e-30 m^2  Cq=       -67.6520 MHz  eta= 0.63671

     C    2    Vxx=   -0.1812    axis=( -0.398375 -0.291680  0.869609)
     C    2    Vyy=   -0.8325    axis=( -0.913792  0.208131 -0.348805)
     C    2    Vzz=    1.0137    axis=( -0.079253 -0.933597 -0.349449)
     C    2  Q=         1.0000 1e-30 m^2  Cq=         2.3818 MHz  eta= 0.64245

     C    3    Vxx=    0.0222    axis=( -0.763981  0.134083  0.631153)
     C    3    Vyy=    0.3529    axis=(  0.644441  0.207180  0.736052)
     C    3    Vzz=   -0.3751    axis=( -0.032070  0.969071 -0.244690)
     C    3  Q=         1.0000 1e-30 m^2  Cq=        -0.8814 MHz  eta= 0.88138

     H    4    Vxx=    0.0577    axis=( -0.181014  0.877964 -0.443185)
     H    4    Vyy=    0.5535    axis=(  0.799725  0.393687  0.453267)
     H    4    Vzz=   -0.6112    axis=( -0.572428  0.272378  0.773392)
     H    4  Q=         1.0000 1e-30 m^2  Cq=        -1.4361 MHz  eta= 0.81105

     C    5    Vxx=    0.0188    axis=( -0.348433 -0.510505  0.786117)
     C    5    Vyy=    0.8563    axis=( -0.052567 -0.826711 -0.560166)
     C    5    Vzz=   -0.8752    axis=( -0.935859  0.236504 -0.261217)
     C    5  Q=         1.0000 1e-30 m^2  Cq=        -2.0563 MHz  eta= 0.95693

     H    6    Vxx=   -0.0283    axis=(  0.898557 -0.345864  0.270135)
     H    6    Vyy=   -0.3558    axis=(  0.380283  0.306405 -0.872640)
     H    6    Vzz=    0.3840    axis=(  0.219044  0.886845  0.406849)
     H    6  Q=         1.0000 1e-30 m^2  Cq=         0.9023 MHz  eta= 0.85274

     H    7    Vxx=   -0.0408    axis=(  0.999357 -0.033154  0.013683)
     H    7    Vyy=   -0.7679    axis=(  0.019783  0.827747  0.560753)
     H    7    Vzz=    0.8086    axis=( -0.029917 -0.560121  0.827870)
     H    7  Q=         1.0000 1e-30 m^2  Cq=         1.8999 MHz  eta= 0.89918

     C    8    Vxx=   -0.0094    axis=( -0.192407  0.275752  0.941775)
     C    8    Vyy=   -0.3089    axis=( -0.689340  0.645061 -0.329708)
     C    8    Vzz=    0.3184    axis=( -0.698420 -0.712641  0.065973)
     C    8  Q=         1.0000 1e-30 m^2  Cq=         0.7480 MHz  eta= 0.94085

     H    9    Vxx=   -0.0038    axis=(  0.239653  0.883537 -0.402404)
     H    9    Vyy=   -0.8299    axis=( -0.493792  0.467795  0.733033)
     H    9    Vzz=    0.8336    axis=(  0.835904  0.023030  0.548392)
     H    9  Q=         1.0000 1e-30 m^2  Cq=         1.9587 MHz  eta= 0.99093

     C   10    Vxx=   -0.0287    axis=(  0.451792  0.891916 -0.019219)
     C   10    Vyy=   -0.3551    axis=( -0.560340  0.300467  0.771841)
     C   10    Vzz=    0.3838    axis=(  0.694192 -0.337942  0.635525)
     C   10  Q=         1.0000 1e-30 m^2  Cq=         0.9017 MHz  eta= 0.85037

     C   11    Vxx=   -0.1668    axis=(  0.644274 -0.578315  0.500463)
     C   11    Vyy=   -0.3032    axis=( -0.243855  0.464882  0.851128)
     C   11    Vzz=    0.4701    axis=( -0.724877 -0.670400  0.158486)
     C   11  Q=         1.0000 1e-30 m^2  Cq=         1.1045 MHz  eta= 0.29014

     Cl  12    Vxx=   -0.0315    axis=(  0.839255  0.535674 -0.093298)
     Cl  12    Vyy=   -0.7909    axis=( -0.490415  0.671619 -0.555356)
     Cl  12    Vzz=    0.8224    axis=( -0.234829  0.511840  0.826362)
     Cl  12  Q=        -8.1650 1e-30 m^2  Cq=       -15.7764 MHz  eta= 0.92351

     H   13    Vxx=   -0.0314    axis=( -0.948546  0.152109 -0.277710)
     H   13    Vyy=   -0.1867    axis=( -0.304317 -0.680225  0.666847)
     H   13    Vzz=    0.2182    axis=( -0.087471  0.717047  0.691514)
     H   13  Q=         1.0000 1e-30 m^2  Cq=         0.5126 MHz  eta= 0.71176

     C   14    Vxx=    0.1252    axis=( -0.194150 -0.973784 -0.118534)
     C   14    Vyy=    0.1396    axis=(  0.933208 -0.220589  0.283660)
     C   14    Vzz=   -0.2648    axis=( -0.302371 -0.055545  0.951571)
     C   14  Q=         1.0000 1e-30 m^2  Cq=        -0.6221 MHz  eta= 0.05413

     H   15    Vxx=   -0.1012    axis=( -0.388659 -0.329941  0.860281)
     H   15    Vyy=   -0.5480    axis=( -0.168453  0.943394  0.285713)
     H   15    Vzz=    0.6491    axis=( -0.905852 -0.033872 -0.422238)
     H   15  Q=         1.0000 1e-30 m^2  Cq=         1.5252 MHz  eta= 0.68832

     C   16    Vxx=   -0.0664    axis=( -0.347622 -0.418551  0.839031)
     C   16    Vyy=   -0.9454    axis=( -0.934077  0.232462 -0.271037)
     C   16    Vzz=    1.0118    axis=( -0.081600 -0.877939 -0.471768)
     C   16  Q=         1.0000 1e-30 m^2  Cq=         2.3774 MHz  eta= 0.86875

     C   17    Vxx=   -0.1628    axis=(  0.208650 -0.957479  0.199248)
     C   17    Vyy=   -0.3549    axis=(  0.444774 -0.088544 -0.891255)
     C   17    Vzz=    0.5177    axis=(  0.871000  0.274581  0.407387)
     C   17  Q=         1.0000 1e-30 m^2  Cq=         1.2164 MHz  eta= 0.37091

     Cl  18    Vxx=   -0.0910    axis=(  0.842292 -0.524735  0.123275)
     Cl  18    Vyy=   -2.1819    axis=(  0.477243  0.619679 -0.623087)
     Cl  18    Vzz=    2.2729    axis=(  0.250564  0.583653  0.772377)
     Cl  18  Q=        -8.1650 1e-30 m^2  Cq=       -43.6038 MHz  eta= 0.91992

     H   19    Vxx=   -0.0243    axis=(  0.799256 -0.113637 -0.590150)
     H   19    Vyy=   -0.5980    axis=(  0.600052  0.205751  0.773048)
     H   19    Vzz=    0.6223    axis=(  0.033577 -0.971984  0.232636)
     H   19  Q=         1.0000 1e-30 m^2  Cq=         1.4622 MHz  eta= 0.92193

     C   20    Vxx=    0.1812    axis=( -0.676854  0.708749 -0.198856)
     C   20    Vyy=    0.3821    axis=(  0.381722  0.568922  0.728434)
     C   20    Vzz=   -0.5633    axis=( -0.629410 -0.417135  0.655623)
     C   20  Q=         1.0000 1e-30 m^2  Cq=        -1.3235 MHz  eta= 0.35656

     H   21    Vxx=   -0.0917    axis=(  0.270274  0.686613  0.674918)
     H   21    Vyy=   -0.4046    axis=(  0.715058  0.326259 -0.618261)
     H   21    Vzz=    0.4964    axis=(  0.644704 -0.649706  0.402789)
     H   21  Q=         1.0000 1e-30 m^2  Cq=         1.1663 MHz  eta= 0.63041

     C   22    Vxx=    0.0496    axis=(  0.597689 -0.361253 -0.715727)
     C   22    Vyy=    0.7831    axis=( -0.671946 -0.712686 -0.201411)
     C   22    Vzz=   -0.8327    axis=( -0.437328  0.601311 -0.668707)
     C   22  Q=         1.0000 1e-30 m^2  Cq=        -1.9564 MHz  eta= 0.88085

     C   23    Vxx=   -0.0811    axis=( -0.533456  0.534312 -0.655695)
     C   23    Vyy=   -0.3170    axis=( -0.839117 -0.431768  0.330846)
     C   23    Vzz=    0.3981    axis=( -0.106333  0.726697  0.678679)
     C   23  Q=         1.0000 1e-30 m^2  Cq=         0.9354 MHz  eta= 0.59246

     Cl  24    Vxx=   -1.4720    axis=(  0.608655 -0.325833  0.723445)
     Cl  24    Vyy=   -2.7698    axis=(  0.454603 -0.604078 -0.654542)
     Cl  24    Vzz=    4.2418    axis=( -0.650289 -0.727270  0.219551)
     Cl  24  Q=        -8.1650 1e-30 m^2  Cq=       -81.3772 MHz  eta= 0.30597

     Initialization:
     gipaw_setup  :      9.25s CPU     11.07s WALL (       1 calls)

     Linear response

     Apply operators

     Induced current

     Other routines
     efg          :      9.15s CPU     11.58s WALL (       1 calls)

     General routines
     calbec       :      3.21s CPU      4.17s WALL (      16 calls)
     fft          :      1.52s CPU      2.20s WALL (      15 calls)
     ffts         :      0.04s CPU      0.05s WALL (       2 calls)
     fftw         :      3.17s CPU      3.91s WALL (     672 calls)
     davcio       :      0.04s CPU      0.31s WALL (      32 calls)

     Parallel routines
     fft_scatter  :      2.23s CPU      3.38s WALL (     689 calls)

     Plugins

     GIPAW        :     61.48s CPU     71.89s WALL (       1 calls)
