
     Program QE v.6.0 (svn rev. 13079) starts on  6Jan2017 at 13:35:56 

     This program is part of the open-source Quantum ESPRESSO suite
     for quantum simulation of materials; please cite
         "P. Giannozzi et al., J. Phys.:Condens. Matter 21 395502 (2009);
          URL http://www.quantum-espresso.org", 
     in publications or presentations arising from this work. More details at
     http://www.quantum-espresso.org/quote

     Parallel version (MPI), running on     8 processors
     R & G space division:  proc/nbgrp/npool/nimage =       8

     ***** This is GIPAW svn revision unknown      *****

     Parallelizing q-star over 1 images

     Reading data from directory:
     /users/majewski/paradichlorobenzene/pbe/9_constraint/scratch/pbe.ecut100.np8.dt60.pcl2phi-129368.save
     Message from routine read_xml_file:
     file /users/majewski/paradichlorobenzene/pbe/9_constraint/scratch/pbe.ecut100.np8.dt60.pcl2phi-129368.save not guaranteed to be safe for post-processing

   Info: using nr1, nr2, nr3 values from input

   Info: using nr1, nr2, nr3 values from input

     IMPORTANT: XC functional enforced from input :
     Exchange-correlation      =  SLA  PW   PBX  PBC ( 1  4  3  4 0 0)
     Any further DFT definition will be discarded
     Please, verify this is what you really want

               file C.pbe-n-kjpaw_psl.1.0.0.UPF: wavefunction(s)  2S 2P renormalized
               file Cl.pbe-n-kjpaw_psl.1.0.0.UPF: wavefunction(s)  3S 3P renormalized
               file H.pbe-kjpaw_psl.1.0.0.UPF: wavefunction(s)  1S renormalized

     Parallelization info
     --------------------
     sticks:   dense  smooth     PW     G-vecs:    dense   smooth      PW
     Min        3057    1223    332               144436    36536    5170
     Max        3059    1225    333               144437    36537    5171
     Sum       24467    9791   2657              1155489   292295   41363


     Subspace diagonalization in iterative solution of the eigenvalue problem:
     a serial algorithm will be used

     GIPAW projectors -----------------------------------------------
     atom=  C    l=0  rc=    1.2000  rs=    0.8000
     atom=  C    l=0  rc=    1.2000  rs=    0.8000
     atom=  C    l=1  rc=    1.4000  rs=    0.9333
     atom=  C    l=1  rc=    1.4000  rs=    0.9333
     projs nearly linearly dependent: l=1  n1,n2= 1, 2  s=  0.99951561

     atom=  Cl   l=0  rc=    1.6000  rs=    1.0667
     atom=  Cl   l=0  rc=    1.6000  rs=    1.0667
     atom=  Cl   l=1  rc=    1.6000  rs=    1.0667
     atom=  Cl   l=1  rc=    1.6000  rs=    1.0667
     atom=  Cl   l=2  rc=    1.6000  rs=    1.0667
     atom=  Cl   l=2  rc=    1.6000  rs=    1.0667
     projs nearly linearly dependent: l=2  n1,n2= 1, 2  s=  0.99993509

     atom=  H    l=0  rc=    1.0000  rs=    0.6667
     atom=  H    l=0  rc=    1.0000  rs=    0.6667
     projs nearly linearly dependent: l=0  n1,n2= 1, 2  s=  0.99968852
     -----------------------------------------------------------------

     GIPAW integrals: -------------------------------------------
     Atom  i/j   nmr_para   nmr_dia   epr_rmc  epr_para   epr_dia
       C   1 1   0.83E+03  0.17E-01  0.93E+01  0.24E+08  0.24E+03
       C   2 1   0.86E+03 -0.61E-01  0.94E+01  0.25E+08  0.25E+03
       C   2 2   0.90E+03 -0.15E+00  0.97E+01  0.26E+08  0.26E+03
       C   3 3   0.33E+01  0.34E+00  0.18E+01  0.55E+03  0.21E+02
       C   4 3   0.35E+01  0.37E+00  0.20E+01  0.59E+03  0.22E+02
       C   4 4   0.38E+01  0.39E+00  0.22E+01  0.63E+03  0.24E+02
       Cl  1 1   0.14E+04 -0.47E+00  0.84E+01  0.32E+09  0.42E+03
       Cl  2 1   0.21E+04 -0.37E+00  0.12E+02  0.49E+09  0.65E+03
       Cl  2 2   0.33E+04 -0.16E+00  0.21E+02  0.76E+09  0.10E+04
       Cl  3 3   0.21E+02  0.79E-01  0.89E+01  0.23E+05  0.13E+03
       Cl  4 3   0.24E+02  0.67E-01  0.99E+01  0.27E+05  0.15E+03
       Cl  4 4   0.28E+02  0.44E-01  0.11E+02  0.32E+05  0.18E+03
       Cl  5 5   0.77E+00  0.19E+00  0.18E+01  0.12E+03  0.22E+02
       Cl  6 5   0.80E+00  0.19E+00  0.19E+01  0.12E+03  0.23E+02
       Cl  6 6   0.83E+00  0.20E+00  0.19E+01  0.12E+03  0.23E+02
       H   1 1   0.39E+02  0.19E+00  0.29E+00  0.78E+05  0.13E+02
       H   2 1   0.41E+02  0.21E+00  0.32E+00  0.82E+05  0.14E+02
       H   2 2   0.43E+02  0.22E+00  0.36E+00  0.86E+05  0.15E+02
     ------------------------------------------------------------

     alpha_pv=     33.5767 eV

     Number of occupied bands for each k-point:
     k-point:     1    nbnd_occ=  42
     k-point:     2    nbnd_occ=  42
     k-point:     3    nbnd_occ=  42
     k-point:     4    nbnd_occ=  42
     k-point:     5    nbnd_occ=  42
     k-point:     6    nbnd_occ=  42
     k-point:     7    nbnd_occ=  42
     k-point:     8    nbnd_occ=  42
     k-point:     9    nbnd_occ=  42
     k-point:    10    nbnd_occ=  42
     k-point:    11    nbnd_occ=  42
     k-point:    12    nbnd_occ=  42
     k-point:    13    nbnd_occ=  42
     k-point:    14    nbnd_occ=  42
     k-point:    15    nbnd_occ=  42
     k-point:    16    nbnd_occ=  42


     q-space interpolation up to   110.00 Rydberg

     GIPAW job: efg                                                                             


     ELECTRIC FIELD GRADIENTS TENSORS IN Hartree/bohrradius^2:

     ----- bare term -----
     Cl   1       -0.011778        0.090264        0.034638
     Cl   1        0.090264       -0.011915        0.033737
     Cl   1        0.034638        0.033737        0.023694

     C    2       -0.102715        0.001164       -0.490518
     C    2        0.001164       -0.144665       -0.517023
     C    2       -0.490518       -0.517023        0.247380

     C    3       -0.195633        0.168960       -0.261718
     C    3        0.168960       -0.159604       -0.606160
     C    3       -0.261718       -0.606160        0.355237

     H    4       -0.309772        0.033442       -0.568440
     H    4        0.033442        0.239418        0.003565
     H    4       -0.568440        0.003565        0.070354

     C    5       -0.365301        0.307665       -0.173413
     C    5        0.307665       -0.154950       -0.457462
     C    5       -0.173413       -0.457462        0.520251

     H    6        0.452547       -0.034367       -0.004932
     H    6       -0.034367       -0.167331       -0.498482
     H    6       -0.004932       -0.498482       -0.285216

     H    7        0.339381        0.358983        0.144877
     H    7        0.358983       -0.593273       -0.178780
     H    7        0.144877       -0.178780        0.253892

     C    8       -0.356813       -0.104420       -0.330756
     C    8       -0.104420       -0.039252        0.528601
     C    8       -0.330756        0.528601        0.396065

     H    9       -0.408493        0.472036       -0.120069
     H    9        0.472036        0.159888       -0.048939
     H    9       -0.120069       -0.048939        0.248605

     C   10       -0.338634       -0.349259       -0.173157
     C   10       -0.349259       -0.155138        0.521589
     C   10       -0.173157        0.521589        0.493772

     C   11       -0.131460       -0.048990       -0.410713
     C   11       -0.048990       -0.218859        0.517741
     C   11       -0.410713        0.517741        0.350320

     Cl  12       -0.146546       -0.036306       -0.053112
     Cl  12       -0.036306       -0.118446        0.032042
     Cl  12       -0.053112        0.032042        0.264992

     H   13        0.385736       -0.263434        0.055433
     H   13       -0.263434       -0.630193       -0.155654
     H   13        0.055433       -0.155654        0.244457

     C   14       -0.365727        0.323641       -0.407445
     C   14        0.323641       -0.166230       -0.330135
     C   14       -0.407445       -0.330135        0.531957

     H   15       -0.498002       -0.497083       -0.042696
     H   15       -0.497083        0.203458        0.027972
     H   15       -0.042696        0.027972        0.294544

     C   16       -0.173359        0.225689       -0.354225
     C   16        0.225689       -0.205318       -0.475953
     C   16       -0.354225       -0.475953        0.378676

     C   17       -0.242275        0.106201       -0.346375
     C   17        0.106201       -0.106555       -0.592427
     C   17       -0.346375       -0.592427        0.348830

     Cl  18       -0.012607        0.001503        0.000319
     Cl  18        0.001503        0.044334        0.044602
     Cl  18        0.000319        0.044602       -0.031727

     H   19        0.356256        0.363916        0.143259
     H   19        0.363916       -0.611816       -0.040674
     H   19        0.143259       -0.040674        0.255560

     C   20       -0.273080       -0.379872       -0.384920
     C   20       -0.379872       -0.209769        0.337218
     C   20       -0.384920        0.337218        0.482849

     H   21       -0.622881        0.248149       -0.308345
     H   21        0.248149        0.352322        0.149321
     H   21       -0.308345        0.149321        0.270559

     C   22       -0.146985       -0.211671       -0.398080
     C   22       -0.211671       -0.199468        0.494658
     C   22       -0.398080        0.494658        0.346453

     C   23       -0.181945       -0.188082       -0.280351
     C   23       -0.188082       -0.169904        0.471115
     C   23       -0.280351        0.471115        0.351849

     Cl  24        0.028522        0.126248       -0.034388
     Cl  24        0.126248        0.052779       -0.025014
     Cl  24       -0.034388       -0.025014       -0.081301

     ----- ionic term -----
     Cl   1        0.124908       -0.204926       -0.023589
     Cl   1       -0.204926        0.013443        0.023298
     Cl   1       -0.023589        0.023298       -0.138352

     C    2        0.226558       -0.087058        0.249118
     C    2       -0.087058        0.096021        0.467132
     C    2        0.249118        0.467132       -0.322579

     C    3        0.138103       -0.204086        0.191716
     C    3       -0.204086        0.161398        0.430481
     C    3        0.191716        0.430481       -0.299501

     H    4        0.654649        0.246072        0.688667
     H    4        0.246072       -0.484023        0.216631
     H    4        0.688667        0.216631       -0.170626

     C    5        0.231439       -0.223615        0.199128
     C    5       -0.223615        0.093909        0.304316
     C    5        0.199128        0.304316       -0.325349

     H    6       -0.527596        0.026873        0.037206
     H    6        0.026873        0.644451        0.715355
     H    6        0.037206        0.715355       -0.116855

     H    7       -0.420624       -0.352497        0.089923
     H    7       -0.352497        0.963136       -0.293388
     H    7        0.089923       -0.293388       -0.542512

     C    8        0.314940        0.083950        0.224970
     C    8        0.083950        0.187853       -0.192197
     C    8        0.224970       -0.192197       -0.502792

     H    9        0.715109       -0.386071        0.551126
     H    9       -0.386071       -0.330643       -0.218665
     H    9        0.551126       -0.218665       -0.384466

     C   10        0.186429        0.193450        0.175994
     C   10        0.193450        0.307697       -0.278662
     C   10        0.175994       -0.278662       -0.494126

     C   11        0.216565        0.139319        0.268266
     C   11        0.139319        0.230517       -0.258613
     C   11        0.268266       -0.258613       -0.447082

     Cl  12        0.147111        0.195310        0.043355
     Cl  12        0.195310        0.008855        0.022969
     Cl  12        0.043355        0.022969       -0.155966

     H   13       -0.490666        0.078324        0.038356
     H   13        0.078324        0.707935        0.671026
     H   13        0.038356        0.671026       -0.217268

     C   14        0.383695       -0.154309        0.239989
     C   14       -0.154309        0.028898        0.306893
     C   14        0.239989        0.306893       -0.412593

     H   15        0.637224        0.374636        0.613888
     H   15        0.374636       -0.391709        0.252069
     H   15        0.613888        0.252069       -0.245514

     C   16        0.206143       -0.175296        0.181798
     C   16       -0.175296        0.183547        0.373855
     C   16        0.181798        0.373855       -0.389690

     C   17        0.114045       -0.157008        0.258402
     C   17       -0.157008        0.226262        0.352627
     C   17        0.258402        0.352627       -0.340307

     Cl  18        0.089217       -0.194852        0.018289
     Cl  18       -0.194852        0.063638       -0.010348
     Cl  18        0.018289       -0.010348       -0.152855

     H   19       -0.511898       -0.135337        0.066815
     H   19       -0.135337        0.892463       -0.481648
     H   19        0.066815       -0.481648       -0.380566

     C   20        0.280866        0.183129        0.246561
     C   20        0.183129        0.166825       -0.215697
     C   20        0.246561       -0.215697       -0.447690

     H   21        0.602088       -0.256914        0.687552
     H   21       -0.256914       -0.438308       -0.210288
     H   21        0.687552       -0.210288       -0.163780

     C   22        0.169050        0.226151        0.217292
     C   22        0.226151        0.237452       -0.308443
     C   22        0.217292       -0.308443       -0.406502

     C   23        0.204626        0.093309        0.204683
     C   23        0.093309        0.220282       -0.348226
     C   23        0.204683       -0.348226       -0.424908

     Cl  24        0.133962        0.189388       -0.006319
     Cl  24        0.189388        0.016635       -0.006543
     Cl  24       -0.006319       -0.006543       -0.150597

     ----- GIPAW term -----
     Cl   1        1.418455       -1.691534        0.264204
     Cl   1       -1.691534        0.045780        0.264944
     Cl   1        0.264204        0.264944       -1.464235

     C    2        0.087364       -0.100767       -0.141548
     C    2       -0.100767       -0.037875       -0.105224
     C    2       -0.141548       -0.105224       -0.049488

     C    3       -0.109575       -0.004559       -0.051898
     C    3       -0.004559        0.022145       -0.186770
     C    3       -0.051898       -0.186770        0.087430

     H    4       -0.000000        0.000000        0.000000
     H    4        0.000000        0.000000        0.000000
     H    4        0.000000        0.000000        0.000000

     C    5       -0.113564        0.036562        0.013121
     C    5        0.036562       -0.091555       -0.172223
     C    5        0.013121       -0.172223        0.205120

     H    6       -0.000000        0.000000        0.000000
     H    6        0.000000        0.000000        0.000000
     H    6        0.000000        0.000000        0.000000

     H    7       -0.000000        0.000000        0.000000
     H    7        0.000000        0.000000        0.000000
     H    7        0.000000        0.000000        0.000000

     C    8       -0.121425       -0.023295       -0.056546
     C    8       -0.023295        0.041924        0.241034
     C    8       -0.056546        0.241034        0.079501

     H    9       -0.000000        0.000000        0.000000
     H    9        0.000000        0.000000        0.000000
     H    9        0.000000        0.000000        0.000000

     C   10       -0.141045       -0.052408       -0.039092
     C   10       -0.052408        0.024622        0.180587
     C   10       -0.039092        0.180587        0.116423

     C   11        0.030838        0.113570       -0.106192
     C   11        0.113570       -0.059291        0.108390
     C   11       -0.106192        0.108390        0.028453

     Cl  12       -0.038593        1.882421       -0.368394
     Cl  12        1.882421       -1.020468        0.375670
     Cl  12       -0.368394        0.375670        1.059061

     H   13       -0.000000        0.000000        0.000000
     H   13        0.000000        0.000000        0.000000
     H   13        0.000000        0.000000        0.000000

     C   14       -0.048872        0.094328       -0.174239
     C   14        0.094328       -0.104871       -0.115632
     C   14       -0.174239       -0.115632        0.153743

     H   15       -0.000000        0.000000        0.000000
     H   15        0.000000        0.000000        0.000000
     H   15        0.000000        0.000000        0.000000

     C   16       -0.036298        0.101165       -0.206433
     C   16        0.101165       -0.058421       -0.160405
     C   16       -0.206433       -0.160405        0.094719

     C   17       -0.010155       -0.054971       -0.131220
     C   17       -0.054971       -0.036785       -0.173554
     C   17       -0.131220       -0.173554        0.046939

     Cl  18        1.232883       -2.138651       -0.007664
     Cl  18       -2.138651        0.483064        0.338812
     Cl  18       -0.007664        0.338812       -1.715947

     H   19       -0.000000        0.000000        0.000000
     H   19        0.000000        0.000000        0.000000
     H   19        0.000000        0.000000        0.000000

     C   20        0.016820       -0.120980       -0.176627
     C   20       -0.120980       -0.111670        0.112844
     C   20       -0.176627        0.112844        0.094849

     H   21       -0.000000        0.000000        0.000000
     H   21        0.000000        0.000000        0.000000
     H   21        0.000000        0.000000        0.000000

     C   22        0.015784       -0.068978       -0.181879
     C   22       -0.068978       -0.054146        0.112176
     C   22       -0.181879        0.112176        0.038363

     C   23        0.073792        0.113198       -0.036888
     C   23        0.113198       -0.031253        0.077210
     C   23       -0.036888        0.077210       -0.042538

     Cl  24        1.442713        2.956529       -0.266695
     Cl  24        2.956529        0.526178       -0.177081
     Cl  24       -0.266695       -0.177081       -1.968891

     ----- total EFG -----
     Cl   1        1.531585       -1.806195        0.275252
     Cl   1       -1.806195        0.047307        0.321979
     Cl   1        0.275252        0.321979       -1.578893

     C    2        0.211207       -0.186661       -0.382948
     C    2       -0.186661       -0.086519       -0.155115
     C    2       -0.382948       -0.155115       -0.124688

     C    3       -0.167105       -0.039684       -0.121900
     C    3       -0.039684        0.023940       -0.362449
     C    3       -0.121900       -0.362449        0.143166

     H    4        0.344877        0.279514        0.120227
     H    4        0.279514       -0.244605        0.220196
     H    4        0.120227        0.220196       -0.100272

     C    5       -0.247426        0.120613        0.038836
     C    5        0.120613       -0.152596       -0.325370
     C    5        0.038836       -0.325370        0.400022

     H    6       -0.075049       -0.007495        0.032275
     H    6       -0.007495        0.477120        0.216873
     H    6        0.032275        0.216873       -0.402071

     H    7       -0.081243        0.006486        0.234799
     H    7        0.006486        0.369863       -0.472168
     H    7        0.234799       -0.472168       -0.288620

     C    8       -0.163299       -0.043765       -0.162332
     C    8       -0.043765        0.190525        0.577438
     C    8       -0.162332        0.577438       -0.027226

     H    9        0.306616        0.085964        0.431057
     H    9        0.085964       -0.170755       -0.267604
     H    9        0.431057       -0.267604       -0.135861

     C   10       -0.293250       -0.208217       -0.036254
     C   10       -0.208217        0.177181        0.423515
     C   10       -0.036254        0.423515        0.116069

     C   11        0.115943        0.203899       -0.248639
     C   11        0.203899       -0.047633        0.367518
     C   11       -0.248639        0.367518       -0.068309

     Cl  12       -0.038028        2.041426       -0.378151
     Cl  12        2.041426       -1.130059        0.430681
     Cl  12       -0.378151        0.430681        1.168087

     H   13       -0.104930       -0.185110        0.093788
     H   13       -0.185110        0.077742        0.515372
     H   13        0.093788        0.515372        0.027188

     C   14       -0.030903        0.263659       -0.341694
     C   14        0.263659       -0.242203       -0.138874
     C   14       -0.341694       -0.138874        0.273107

     H   15        0.139222       -0.122446        0.571192
     H   15       -0.122446       -0.188251        0.280041
     H   15        0.571192        0.280041        0.049030

     C   16       -0.003514        0.151558       -0.378860
     C   16        0.151558       -0.080191       -0.262502
     C   16       -0.378860       -0.262502        0.083705

     C   17       -0.138385       -0.105778       -0.219194
     C   17       -0.105778        0.082922       -0.413354
     C   17       -0.219194       -0.413354        0.055463

     Cl  18        1.309492       -2.332000        0.010944
     Cl  18       -2.332000        0.591037        0.373066
     Cl  18        0.010944        0.373066       -1.900529

     H   19       -0.155642        0.228579        0.210074
     H   19        0.228579        0.280648       -0.522322
     H   19        0.210074       -0.522322       -0.125005

     C   20        0.024606       -0.317722       -0.314986
     C   20       -0.317722       -0.154614        0.234365
     C   20       -0.314986        0.234365        0.130008

     H   21       -0.020793       -0.008765        0.379207
     H   21       -0.008765       -0.085986       -0.060967
     H   21        0.379207       -0.060967        0.106779

     C   22        0.037848       -0.054498       -0.362667
     C   22       -0.054498       -0.016162        0.298391
     C   22       -0.362667        0.298391       -0.021686

     C   23        0.096473        0.018426       -0.112557
     C   23        0.018426        0.019124        0.200098
     C   23       -0.112557        0.200098       -0.115597

     Cl  24        1.605197        3.272164       -0.307402
     Cl  24        3.272164        0.595592       -0.208638
     Cl  24       -0.307402       -0.208638       -2.200789

     ----- total EFG (symmetrized) -----
     Cl   1        1.531585       -1.806195        0.275252
     Cl   1       -1.806195        0.047307        0.321979
     Cl   1        0.275252        0.321979       -1.578893

     C    2        0.211207       -0.186661       -0.382948
     C    2       -0.186661       -0.086519       -0.155115
     C    2       -0.382948       -0.155115       -0.124688

     C    3       -0.167105       -0.039684       -0.121900
     C    3       -0.039684        0.023940       -0.362449
     C    3       -0.121900       -0.362449        0.143166

     H    4        0.344877        0.279514        0.120227
     H    4        0.279514       -0.244605        0.220196
     H    4        0.120227        0.220196       -0.100272

     C    5       -0.247426        0.120613        0.038836
     C    5        0.120613       -0.152596       -0.325370
     C    5        0.038836       -0.325370        0.400022

     H    6       -0.075049       -0.007495        0.032275
     H    6       -0.007495        0.477120        0.216873
     H    6        0.032275        0.216873       -0.402071

     H    7       -0.081243        0.006486        0.234799
     H    7        0.006486        0.369863       -0.472168
     H    7        0.234799       -0.472168       -0.288620

     C    8       -0.163299       -0.043765       -0.162332
     C    8       -0.043765        0.190525        0.577438
     C    8       -0.162332        0.577438       -0.027226

     H    9        0.306616        0.085964        0.431057
     H    9        0.085964       -0.170755       -0.267604
     H    9        0.431057       -0.267604       -0.135861

     C   10       -0.293250       -0.208217       -0.036254
     C   10       -0.208217        0.177181        0.423515
     C   10       -0.036254        0.423515        0.116069

     C   11        0.115943        0.203899       -0.248639
     C   11        0.203899       -0.047633        0.367518
     C   11       -0.248639        0.367518       -0.068309

     Cl  12       -0.038028        2.041426       -0.378151
     Cl  12        2.041426       -1.130059        0.430681
     Cl  12       -0.378151        0.430681        1.168087

     H   13       -0.104930       -0.185110        0.093788
     H   13       -0.185110        0.077742        0.515372
     H   13        0.093788        0.515372        0.027188

     C   14       -0.030903        0.263659       -0.341694
     C   14        0.263659       -0.242203       -0.138874
     C   14       -0.341694       -0.138874        0.273107

     H   15        0.139222       -0.122446        0.571192
     H   15       -0.122446       -0.188251        0.280041
     H   15        0.571192        0.280041        0.049030

     C   16       -0.003514        0.151558       -0.378860
     C   16        0.151558       -0.080191       -0.262502
     C   16       -0.378860       -0.262502        0.083705

     C   17       -0.138385       -0.105778       -0.219194
     C   17       -0.105778        0.082922       -0.413354
     C   17       -0.219194       -0.413354        0.055463

     Cl  18        1.309492       -2.332000        0.010944
     Cl  18       -2.332000        0.591037        0.373066
     Cl  18        0.010944        0.373066       -1.900529

     H   19       -0.155642        0.228579        0.210074
     H   19        0.228579        0.280648       -0.522322
     H   19        0.210074       -0.522322       -0.125005

     C   20        0.024606       -0.317722       -0.314986
     C   20       -0.317722       -0.154614        0.234365
     C   20       -0.314986        0.234365        0.130008

     H   21       -0.020793       -0.008765        0.379207
     H   21       -0.008765       -0.085986       -0.060967
     H   21        0.379207       -0.060967        0.106779

     C   22        0.037848       -0.054498       -0.362667
     C   22       -0.054498       -0.016162        0.298391
     C   22       -0.362667        0.298391       -0.021686

     C   23        0.096473        0.018426       -0.112557
     C   23        0.018426        0.019124        0.200098
     C   23       -0.112557        0.200098       -0.115597

     Cl  24        1.605197        3.272164       -0.307402
     Cl  24        3.272164        0.595592       -0.208638
     Cl  24       -0.307402       -0.208638       -2.200789


     NQR/NMR SPECTROSCOPIC PARAMETERS:
     Cl   1    Vxx=   -0.9020    axis=(  0.467034  0.709658  0.527507)
     Cl   1    Vyy=   -1.8407    axis=( -0.301321 -0.433132  0.849472)
     Cl   1    Vzz=    2.7427    axis=( -0.831315  0.555681 -0.011547)
     Cl   1  Q=        -8.1650 1e-30 m^2  Cq=       -52.6180 MHz  eta= 0.34224

     C    2    Vxx=    0.0334    axis=( -0.147225  0.860457 -0.487789)
     C    2    Vyy=    0.4717    axis=( -0.849321  0.142778  0.508201)
     C    2    Vzz=   -0.5051    axis=(  0.506931  0.489110  0.709784)
     C    2  Q=         1.0000 1e-30 m^2  Cq=        -1.1867 MHz  eta= 0.86793

     C    3    Vxx=   -0.1076    axis=(  0.845670 -0.465288 -0.261435)
     C    3    Vyy=   -0.3507    axis=(  0.522315  0.620862  0.584567)
     C    3    Vzz=    0.4583    axis=( -0.109677 -0.630902  0.768071)
     C    3  Q=         1.0000 1e-30 m^2  Cq=         1.0768 MHz  eta= 0.53049

     H    4    Vxx=   -0.0781    axis=( -0.454092  0.331359  0.827044)
     H    4    Vyy=   -0.4415    axis=( -0.231389  0.852554 -0.468626)
     H    4    Vzz=    0.5196    axis=(  0.860383  0.404168  0.310465)
     H    4  Q=         1.0000 1e-30 m^2  Cq=         1.2208 MHz  eta= 0.69952

     C    5    Vxx=   -0.1467    axis=(  0.779316  0.561256  0.278674)
     C    5    Vyy=   -0.4042    axis=(  0.626320 -0.711681 -0.318172)
     C    5    Vzz=    0.5509    axis=( -0.019751 -0.422496  0.906150)
     C    5  Q=         1.0000 1e-30 m^2  Cq=         1.2944 MHz  eta= 0.46749

     H    6    Vxx=   -0.0722    axis=(  0.996230 -0.019759  0.084472)
     H    6    Vyy=   -0.4555    axis=(  0.086752  0.226296 -0.970188)
     H    6    Vzz=    0.5277    axis=(  0.000054  0.973858  0.227157)
     H    6  Q=         1.0000 1e-30 m^2  Cq=         1.2399 MHz  eta= 0.72650

     H    7    Vxx=   -0.0127    axis=(  0.916619  0.304355  0.259186)
     H    7    Vyy=   -0.6192    axis=(  0.370302 -0.402157 -0.837345)
     H    7    Vzz=    0.6319    axis=( -0.150617  0.863503 -0.481328)
     H    7  Q=         1.0000 1e-30 m^2  Cq=         1.4848 MHz  eta= 0.95981

     C    8    Vxx=   -0.1589    axis=( -0.951016 -0.291093  0.104084)
     C    8    Vyy=   -0.5326    axis=(  0.264512 -0.591948  0.761335)
     C    8    Vzz=    0.6915    axis=(  0.160007 -0.751573 -0.639950)
     C    8  Q=         1.0000 1e-30 m^2  Cq=         1.6248 MHz  eta= 0.54035

     H    9    Vxx=    0.0058    axis=(  0.372686  0.825101 -0.424633)
     H    9    Vyy=    0.5764    axis=( -0.834656  0.098080 -0.541969)
     H    9    Vzz=   -0.5822    axis=( -0.405531  0.556407  0.725228)
     H    9  Q=         1.0000 1e-30 m^2  Cq=        -1.3680 MHz  eta= 0.98009

     C   10    Vxx=   -0.1876    axis=( -0.610780  0.426170 -0.667329)
     C   10    Vyy=   -0.4191    axis=( -0.767105 -0.527333  0.365335)
     C   10    Vzz=    0.6067    axis=( -0.196210  0.735050  0.649001)
     C   10  Q=         1.0000 1e-30 m^2  Cq=         1.4255 MHz  eta= 0.38164

     C   11    Vxx=    0.2538    axis=( -0.828058 -0.560642 -0.000494)
     C   11    Vyy=    0.3207    axis=( -0.369873  0.545633  0.751983)
     C   11    Vzz=   -0.5745    axis=(  0.421324 -0.622868  0.659182)
     C   11  Q=         1.0000 1e-30 m^2  Cq=        -1.3498 MHz  eta= 0.11629

     Cl  12    Vxx=    1.2460    axis=(  0.016970  0.192424  0.981165)
     Cl  12    Vyy=    1.5341    axis=( -0.797074 -0.589841  0.129464)
     Cl  12    Vzz=   -2.7801    axis=(  0.603643 -0.784258  0.143366)
     Cl  12  Q=        -8.1650 1e-30 m^2  Cq=        53.3343 MHz  eta= 0.10361

     H   13    Vxx=   -0.0257    axis=( -0.907911  0.202852 -0.366809)
     H   13    Vyy=   -0.5503    axis=( -0.405252 -0.648373  0.644502)
     H   13    Vzz=    0.5759    axis=( -0.107091  0.733800  0.670871)
     H   13  Q=         1.0000 1e-30 m^2  Cq=         1.3532 MHz  eta= 0.91082

     C   14    Vxx=   -0.1472    axis=(  0.533994  0.571668  0.622933)
     C   14    Vyy=   -0.4327    axis=( -0.631228  0.759726 -0.156099)
     C   14    Vzz=    0.5800    axis=( -0.562496 -0.309857  0.766542)
     C   14  Q=         1.0000 1e-30 m^2  Cq=         1.3627 MHz  eta= 0.49223

     H   15    Vxx=   -0.0208    axis=(  0.449001 -0.839589 -0.305759)
     H   15    Vyy=   -0.6589    axis=(  0.546134  0.528700 -0.649780)
     H   15    Vzz=    0.6797    axis=(  0.707203  0.124766  0.695914)
     H   15  Q=         1.0000 1e-30 m^2  Cq=         1.5970 MHz  eta= 0.93884

     C   16    Vxx=   -0.1965    axis=(  0.536214 -0.841690 -0.063499)
     C   16    Vyy=   -0.3634    axis=(  0.612101  0.335943  0.715873)
     C   16    Vzz=    0.5600    axis=(  0.581211  0.422728 -0.695337)
     C   16  Q=         1.0000 1e-30 m^2  Cq=         1.3157 MHz  eta= 0.29801

     C   17    Vxx=    0.0031    axis=(  0.825475 -0.476118 -0.303154)
     C   17    Vyy=    0.4930    axis=(  0.133244  0.686285 -0.715024)
     C   17    Vzz=   -0.4962    axis=(  0.548486  0.549841  0.629951)
     C   17  Q=         1.0000 1e-30 m^2  Cq=        -1.1658 MHz  eta= 0.98740

     Cl  18    Vxx=   -1.2767    axis=(  0.608237  0.676485  0.415230)
     Cl  18    Vyy=   -2.0436    axis=( -0.240466 -0.341497  0.908601)
     Cl  18    Vzz=    3.3203    axis=(  0.756455 -0.652493 -0.045039)
     Cl  18  Q=        -8.1650 1e-30 m^2  Cq=       -63.6992 MHz  eta= 0.23098

     H   19    Vxx=    0.0189    axis=( -0.852290 -0.210903 -0.478667)
     H   19    Vyy=    0.6449    axis=(  0.096775  0.835733 -0.540542)
     H   19    Vzz=   -0.6639    axis=(  0.514040 -0.507021 -0.691876)
     H   19  Q=         1.0000 1e-30 m^2  Cq=        -1.5598 MHz  eta= 0.94305

     C   20    Vxx=   -0.2008    axis=(  0.506043 -0.399076  0.764630)
     C   20    Vyy=   -0.3952    axis=( -0.608776 -0.793264 -0.011125)
     C   20    Vzz=    0.5959    axis=(  0.610993 -0.459859 -0.644374)
     C   20  Q=         1.0000 1e-30 m^2  Cq=         1.4002 MHz  eta= 0.32618

     H   21    Vxx=   -0.0871    axis=(  0.161429  0.986870 -0.005411)
     H   21    Vyy=   -0.3457    axis=( -0.751823  0.126529  0.647111)
     H   21    Vzz=    0.4328    axis=(  0.639299 -0.100394  0.762376)
     H   21  Q=         1.0000 1e-30 m^2  Cq=         1.0169 MHz  eta= 0.59757

     C   22    Vxx=   -0.0478    axis=( -0.636460 -0.770537 -0.034529)
     C   22    Vyy=   -0.4482    axis=(  0.501925 -0.447747  0.739996)
     C   22    Vzz=    0.4960    axis=(  0.585654 -0.453647 -0.671725)
     C   22  Q=         1.0000 1e-30 m^2  Cq=         1.1655 MHz  eta= 0.80724

     C   23    Vxx=    0.0907    axis=(  0.795990  0.589487  0.137495)
     C   23    Vyy=    0.1963    axis=(  0.546173 -0.601527 -0.582975)
     C   23    Vzz=   -0.2870    axis=( -0.260949  0.539138 -0.800772)
     C   23  Q=         1.0000 1e-30 m^2  Cq=        -0.6743 MHz  eta= 0.36811

     Cl  24    Vxx=   -2.1739    axis=(  0.461100 -0.594425 -0.658821)
     Cl  24    Vyy=   -2.2579    axis=(  0.461073 -0.473863  0.750244)
     Cl  24    Vzz=    4.4318    axis=( -0.758155 -0.649702  0.055576)
     Cl  24  Q=        -8.1650 1e-30 m^2  Cq=       -85.0222 MHz  eta= 0.01896

     Initialization:
     gipaw_setup  :      9.48s CPU     11.87s WALL (       1 calls)

     Linear response

     Apply operators

     Induced current

     Other routines
     efg          :     10.70s CPU     15.53s WALL (       1 calls)

     General routines
     calbec       :      3.50s CPU      4.86s WALL (      16 calls)
     fft          :      2.41s CPU      4.48s WALL (      15 calls)
     ffts         :      0.06s CPU      0.10s WALL (       2 calls)
     fftw         :      4.11s CPU      6.57s WALL (     672 calls)
     davcio       :      0.02s CPU      0.35s WALL (      32 calls)

     Parallel routines
     fft_scatter  :      3.87s CPU      8.15s WALL (     689 calls)

     Plugins

     GIPAW        :     65.27s CPU     84.05s WALL (       1 calls)
