
     Program QE v.6.0 (svn rev. 13079) starts on  6Jan2017 at  1:29:19 

     This program is part of the open-source Quantum ESPRESSO suite
     for quantum simulation of materials; please cite
         "P. Giannozzi et al., J. Phys.:Condens. Matter 21 395502 (2009);
          URL http://www.quantum-espresso.org", 
     in publications or presentations arising from this work. More details at
     http://www.quantum-espresso.org/quote

     Parallel version (MPI), running on     8 processors
     R & G space division:  proc/nbgrp/npool/nimage =       8

     ***** This is GIPAW svn revision unknown      *****

     Parallelizing q-star over 1 images

     Reading data from directory:
     /users/majewski/paradichlorobenzene/pbe/9_constraint/scratch/pbe.ecut100.np8.dt60.pcl2phi-129368.save
     Message from routine read_xml_file:
     file /users/majewski/paradichlorobenzene/pbe/9_constraint/scratch/pbe.ecut100.np8.dt60.pcl2phi-129368.save not guaranteed to be safe for post-processing

   Info: using nr1, nr2, nr3 values from input

   Info: using nr1, nr2, nr3 values from input

     IMPORTANT: XC functional enforced from input :
     Exchange-correlation      =  SLA  PW   PBX  PBC ( 1  4  3  4 0 0)
     Any further DFT definition will be discarded
     Please, verify this is what you really want

               file C.pbe-n-kjpaw_psl.1.0.0.UPF: wavefunction(s)  2S 2P renormalized
               file Cl.pbe-n-kjpaw_psl.1.0.0.UPF: wavefunction(s)  3S 3P renormalized
               file H.pbe-kjpaw_psl.1.0.0.UPF: wavefunction(s)  1S renormalized

     Parallelization info
     --------------------
     sticks:   dense  smooth     PW     G-vecs:    dense   smooth      PW
     Min        3057    1223    332               144436    36536    5170
     Max        3059    1225    333               144437    36537    5171
     Sum       24467    9791   2657              1155489   292295   41363


     Subspace diagonalization in iterative solution of the eigenvalue problem:
     a serial algorithm will be used

     GIPAW projectors -----------------------------------------------
     atom=  C    l=0  rc=    1.2000  rs=    0.8000
     atom=  C    l=0  rc=    1.2000  rs=    0.8000
     atom=  C    l=1  rc=    1.4000  rs=    0.9333
     atom=  C    l=1  rc=    1.4000  rs=    0.9333
     projs nearly linearly dependent: l=1  n1,n2= 1, 2  s=  0.99951561

     atom=  Cl   l=0  rc=    1.6000  rs=    1.0667
     atom=  Cl   l=0  rc=    1.6000  rs=    1.0667
     atom=  Cl   l=1  rc=    1.6000  rs=    1.0667
     atom=  Cl   l=1  rc=    1.6000  rs=    1.0667
     atom=  Cl   l=2  rc=    1.6000  rs=    1.0667
     atom=  Cl   l=2  rc=    1.6000  rs=    1.0667
     projs nearly linearly dependent: l=2  n1,n2= 1, 2  s=  0.99993509

     atom=  H    l=0  rc=    1.0000  rs=    0.6667
     atom=  H    l=0  rc=    1.0000  rs=    0.6667
     projs nearly linearly dependent: l=0  n1,n2= 1, 2  s=  0.99968852
     -----------------------------------------------------------------

     GIPAW integrals: -------------------------------------------
     Atom  i/j   nmr_para   nmr_dia   epr_rmc  epr_para   epr_dia
       C   1 1   0.83E+03  0.17E-01  0.93E+01  0.24E+08  0.24E+03
       C   2 1   0.86E+03 -0.61E-01  0.94E+01  0.25E+08  0.25E+03
       C   2 2   0.90E+03 -0.15E+00  0.97E+01  0.26E+08  0.26E+03
       C   3 3   0.33E+01  0.34E+00  0.18E+01  0.55E+03  0.21E+02
       C   4 3   0.35E+01  0.37E+00  0.20E+01  0.59E+03  0.22E+02
       C   4 4   0.38E+01  0.39E+00  0.22E+01  0.63E+03  0.24E+02
       Cl  1 1   0.14E+04 -0.47E+00  0.84E+01  0.32E+09  0.42E+03
       Cl  2 1   0.21E+04 -0.37E+00  0.12E+02  0.49E+09  0.65E+03
       Cl  2 2   0.33E+04 -0.16E+00  0.21E+02  0.76E+09  0.10E+04
       Cl  3 3   0.21E+02  0.79E-01  0.89E+01  0.23E+05  0.13E+03
       Cl  4 3   0.24E+02  0.67E-01  0.99E+01  0.27E+05  0.15E+03
       Cl  4 4   0.28E+02  0.44E-01  0.11E+02  0.32E+05  0.18E+03
       Cl  5 5   0.77E+00  0.19E+00  0.18E+01  0.12E+03  0.22E+02
       Cl  6 5   0.80E+00  0.19E+00  0.19E+01  0.12E+03  0.23E+02
       Cl  6 6   0.83E+00  0.20E+00  0.19E+01  0.12E+03  0.23E+02
       H   1 1   0.39E+02  0.19E+00  0.29E+00  0.78E+05  0.13E+02
       H   2 1   0.41E+02  0.21E+00  0.32E+00  0.82E+05  0.14E+02
       H   2 2   0.43E+02  0.22E+00  0.36E+00  0.86E+05  0.15E+02
     ------------------------------------------------------------

     alpha_pv=     34.3322 eV

     Number of occupied bands for each k-point:
     k-point:     1    nbnd_occ=  42
     k-point:     2    nbnd_occ=  42
     k-point:     3    nbnd_occ=  42
     k-point:     4    nbnd_occ=  42
     k-point:     5    nbnd_occ=  42
     k-point:     6    nbnd_occ=  42
     k-point:     7    nbnd_occ=  42
     k-point:     8    nbnd_occ=  42
     k-point:     9    nbnd_occ=  42
     k-point:    10    nbnd_occ=  42
     k-point:    11    nbnd_occ=  42
     k-point:    12    nbnd_occ=  42
     k-point:    13    nbnd_occ=  42
     k-point:    14    nbnd_occ=  42
     k-point:    15    nbnd_occ=  42
     k-point:    16    nbnd_occ=  42


     q-space interpolation up to   110.00 Rydberg

     GIPAW job: efg                                                                             


     ELECTRIC FIELD GRADIENTS TENSORS IN Hartree/bohrradius^2:

     ----- bare term -----
     Cl   1       -0.019197        0.051075       -0.085542
     Cl   1        0.051075       -0.002059       -0.062273
     Cl   1       -0.085542       -0.062273        0.021256

     C    2       -0.397759        0.302938       -0.193083
     C    2        0.302938       -0.005602       -0.445483
     C    2       -0.193083       -0.445483        0.403361

     C    3       -0.084842       -0.110643       -0.243126
     C    3       -0.110643       -0.077101       -0.695539
     C    3       -0.243126       -0.695539        0.161943

     H    4       -0.047404        0.090058       -0.562647
     H    4        0.090058        0.192266        0.203736
     H    4       -0.562647        0.203736       -0.144862

     C    5       -0.253910        0.345564       -0.109638
     C    5        0.345564       -0.136901       -0.320875
     C    5       -0.109638       -0.320875        0.390812

     H    6        0.261069       -0.037689       -0.307578
     H    6       -0.037689       -0.209758       -0.452532
     H    6       -0.307578       -0.452532       -0.051310

     H    7       -0.025293        0.440418       -0.214858
     H    7        0.440418       -0.256662        0.374722
     H    7       -0.214858        0.374722        0.281956

     C    8        0.018798       -0.551500        0.052341
     C    8       -0.551500       -0.378809        0.361422
     C    8        0.052341        0.361422        0.360011

     H    9       -0.636716        0.199218       -0.408263
     H    9        0.199218        0.383059        0.152926
     H    9       -0.408263        0.152926        0.253656

     C   10       -0.111638       -0.203678       -0.412758
     C   10       -0.203678       -0.120763        0.447280
     C   10       -0.412758        0.447280        0.232401

     C   11       -0.057992       -0.126126       -0.249571
     C   11       -0.126126       -0.242001        0.510187
     C   11       -0.249571        0.510187        0.299993

     Cl  12        0.000333        0.011950       -0.029829
     Cl  12        0.011950        0.004843        0.012760
     Cl  12       -0.029829        0.012760       -0.005176

     H   13        0.275656        0.167748       -0.001777
     H   13        0.167748       -0.520739       -0.432260
     H   13       -0.001777       -0.432260        0.245083

     C   14       -0.169034       -0.061441       -0.484813
     C   14       -0.061441       -0.082786       -0.453482
     C   14       -0.484813       -0.453482        0.251820

     H   15       -0.150458       -0.157836       -0.361345
     H   15       -0.157836        0.474879       -0.189735
     H   15       -0.361345       -0.189735       -0.324422

     C   16       -0.045592        0.485163       -0.327160
     C   16        0.485163       -0.342138       -0.257747
     C   16       -0.327160       -0.257747        0.387730

     C   17        0.041622       -0.105773       -0.568783
     C   17       -0.105773       -0.145456       -0.529407
     C   17       -0.568783       -0.529407        0.103834

     Cl  18       -0.000412        0.220562        0.071347
     Cl  18        0.220562       -0.111186       -0.022355
     Cl  18        0.071347       -0.022355        0.111598

     H   19        0.418584        0.059033       -0.066751
     H   19        0.059033       -0.581179        0.589094
     H   19       -0.066751        0.589094        0.162595

     C   20       -0.864981       -0.386196       -0.429219
     C   20       -0.386196        0.414315        0.032618
     C   20       -0.429219        0.032618        0.450666

     H   21       -0.364849        0.008369       -0.508329
     H   21        0.008369        0.087713        0.231221
     H   21       -0.508329        0.231221        0.277136

     C   22        0.054436       -0.334778       -0.032232
     C   22       -0.334778       -0.394173        0.440758
     C   22       -0.032232        0.440758        0.339737

     C   23       -0.603867       -0.213340       -0.292654
     C   23       -0.213340        0.200778        0.089791
     C   23       -0.292654        0.089791        0.403089

     Cl  24       -0.036250       -0.164574        0.090403
     Cl  24       -0.164574        0.031762       -0.121589
     Cl  24        0.090403       -0.121589        0.004488

     ----- ionic term -----
     Cl   1        0.091380       -0.244577        0.035104
     Cl   1       -0.244577        0.071495       -0.021123
     Cl   1        0.035104       -0.021123       -0.162875

     C    2        0.082833       -0.279532        0.359982
     C    2       -0.279532        0.176785        0.353847
     C    2        0.359982        0.353847       -0.259618

     C    3        0.037532       -0.298319        0.253314
     C    3       -0.298319        0.238365        0.362059
     C    3        0.253314        0.362059       -0.275897

     H    4        0.450314        0.179914        0.775904
     H    4        0.179914       -0.460613        0.213520
     H    4        0.775904        0.213520        0.010299

     C    5        0.206105       -0.265544        0.318936
     C    5       -0.265544        0.075103        0.257514
     C    5        0.318936        0.257514       -0.281208

     H    6       -0.517831        0.065797        0.045414
     H    6        0.065797        0.548706        0.743664
     H    6        0.045414        0.743664       -0.030874

     H    7       -0.455172       -0.312565        0.166452
     H    7       -0.312565        0.648415       -0.650648
     H    7        0.166452       -0.650648       -0.193243

     C    8        0.282596        0.077914        0.238243
     C    8        0.077914        0.075252       -0.320004
     C    8        0.238243       -0.320004       -0.357848

     H    9        0.579237       -0.218757        0.724522
     H    9       -0.218757       -0.473416       -0.214869
     H    9        0.724522       -0.214869       -0.105821

     C   10        0.095249        0.159222        0.185953
     C   10        0.159222        0.248940       -0.415541
     C   10        0.185953       -0.415541       -0.344189

     C   11        0.248357        0.128981        0.321779
     C   11        0.128981        0.130484       -0.387568
     C   11        0.321779       -0.387568       -0.378840

     Cl  12        0.107334        0.200484       -0.016131
     Cl  12        0.200484        0.033427       -0.012903
     Cl  12       -0.016131       -0.012903       -0.140761

     H   13       -0.526924        0.069023        0.075227
     H   13        0.069023        0.742998        0.655933
     H   13        0.075227        0.655933       -0.216074

     C   14        0.211631       -0.289242        0.374471
     C   14       -0.289242        0.082164        0.222726
     C   14        0.374471        0.222726       -0.293795

     H   15        0.581112        0.249296        0.722121
     H   15        0.249296       -0.461146        0.222166
     H   15        0.722121        0.222166       -0.119967

     C   16        0.130042       -0.312352        0.246460
     C   16       -0.312352        0.144720        0.307859
     C   16        0.246460        0.307859       -0.274762

     C   17        0.212065       -0.264033        0.252024
     C   17       -0.264033        0.032703        0.365592
     C   17        0.252024        0.365592       -0.244768

     Cl  18        0.154207       -0.213637       -0.010602
     Cl  18       -0.213637       -0.006108        0.017316
     Cl  18       -0.010602        0.017316       -0.148098

     H   19       -0.494946       -0.143911        0.091529
     H   19       -0.143911        0.740919       -0.651073
     H   19        0.091529       -0.651073       -0.245973

     C   20        0.351806        0.199143        0.300060
     C   20        0.199143        0.029158       -0.293240
     C   20        0.300060       -0.293240       -0.380964

     H   21        0.554839       -0.247026        0.726948
     H   21       -0.247026       -0.443485       -0.242639
     H   21        0.726948       -0.242639       -0.111354

     C   22        0.119384        0.229717        0.199880
     C   22        0.229717        0.185296       -0.437288
     C   22        0.199880       -0.437288       -0.304680

     C   23        0.229045        0.147537        0.271997
     C   23        0.147537        0.115369       -0.416829
     C   23        0.271997       -0.416829       -0.344414

     Cl  24        0.143988        0.221949        0.020600
     Cl  24        0.221949        0.010677        0.000387
     Cl  24        0.020600        0.000387       -0.154665

     ----- GIPAW term -----
     Cl   1       -0.152558       -0.594724       -0.982816
     Cl   1       -0.594724        1.007611       -2.114528
     Cl   1       -0.982816       -2.114528       -0.855054

     C    2       -0.071557       -0.134829        0.029851
     C    2       -0.134829        0.112253       -0.174453
     C    2        0.029851       -0.174453       -0.040696

     C    3       -0.096095       -0.149011        0.009841
     C    3       -0.149011        0.112491       -0.233539
     C    3        0.009841       -0.233539       -0.016396

     H    4       -0.000000        0.000000        0.000000
     H    4        0.000000        0.000000        0.000000
     H    4        0.000000        0.000000        0.000000

     C    5        0.102159       -0.092746        0.052763
     C    5       -0.092746       -0.046867       -0.066467
     C    5        0.052763       -0.066467       -0.055292

     H    6       -0.000000        0.000000        0.000000
     H    6        0.000000        0.000000        0.000000
     H    6        0.000000        0.000000        0.000000

     H    7       -0.000000        0.000000        0.000000
     H    7        0.000000        0.000000        0.000000
     H    7        0.000000        0.000000        0.000000

     C    8        0.067085       -0.245613        0.132723
     C    8       -0.245613       -0.051790       -0.033336
     C    8        0.132723       -0.033336       -0.015295

     H    9       -0.000000        0.000000        0.000000
     H    9        0.000000        0.000000        0.000000
     H    9        0.000000        0.000000        0.000000

     C   10        0.099324       -0.104849       -0.146686
     C   10       -0.104849       -0.039657        0.084712
     C   10       -0.146686        0.084712       -0.059667

     C   11        0.066518        0.079956       -0.012352
     C   11        0.079956       -0.028680        0.039018
     C   11       -0.012352        0.039018       -0.037838

     Cl  12        1.462795        2.377203       -0.244885
     Cl  12        2.377203        0.118173        0.099378
     Cl  12       -0.244885        0.099378       -1.580967

     H   13       -0.000000        0.000000        0.000000
     H   13        0.000000        0.000000        0.000000
     H   13        0.000000        0.000000        0.000000

     C   14        0.109501       -0.088295       -0.113987
     C   14       -0.088295       -0.080726       -0.081740
     C   14       -0.113987       -0.081740       -0.028775

     H   15       -0.000000        0.000000        0.000000
     H   15        0.000000        0.000000        0.000000
     H   15        0.000000        0.000000        0.000000

     C   16        0.121009        0.052344       -0.214513
     C   16        0.052344       -0.164295       -0.003745
     C   16       -0.214513       -0.003745        0.043286

     C   17        0.215853       -0.092160       -0.162973
     C   17       -0.092160       -0.082381       -0.088237
     C   17       -0.162973       -0.088237       -0.133472

     Cl  18        2.044545       -1.378458        0.590489
     Cl  18       -1.378458       -0.737292       -0.126506
     Cl  18        0.590489       -0.126506       -1.307253

     H   19       -0.000000        0.000000        0.000000
     H   19        0.000000        0.000000        0.000000
     H   19        0.000000        0.000000        0.000000

     C   20       -0.226949       -0.116649       -0.018897
     C   20       -0.116649        0.212536       -0.157130
     C   20       -0.018897       -0.157130        0.014413

     H   21       -0.000000        0.000000        0.000000
     H   21        0.000000        0.000000        0.000000
     H   21        0.000000        0.000000        0.000000

     C   22       -0.101216       -0.091330        0.057488
     C   22       -0.091330        0.078840       -0.159796
     C   22        0.057488       -0.159796        0.022376

     C   23       -0.078117       -0.061330        0.102973
     C   23       -0.061330        0.044066       -0.175625
     C   23        0.102973       -0.175625        0.034051

     Cl  24        0.990833        0.552767        0.900856
     Cl  24        0.552767        0.500042       -1.200554
     Cl  24        0.900856       -1.200554       -1.490874

     ----- total EFG -----
     Cl   1       -0.080374       -0.788226       -1.033255
     Cl   1       -0.788226        1.077047       -2.197924
     Cl   1       -1.033255       -2.197924       -0.996673

     C    2       -0.386483       -0.111423        0.196750
     C    2       -0.111423        0.283436       -0.266089
     C    2        0.196750       -0.266089        0.103047

     C    3       -0.143405       -0.557973        0.020028
     C    3       -0.557973        0.273755       -0.567019
     C    3        0.020028       -0.567019       -0.130350

     H    4        0.402910        0.269972        0.213257
     H    4        0.269972       -0.268347        0.417256
     H    4        0.213257        0.417256       -0.134563

     C    5        0.054354       -0.012727        0.262061
     C    5       -0.012727       -0.108666       -0.129828
     C    5        0.262061       -0.129828        0.054312

     H    6       -0.256763        0.028108       -0.262164
     H    6        0.028108        0.338947        0.291132
     H    6       -0.262164        0.291132       -0.082185

     H    7       -0.480466        0.127853       -0.048406
     H    7        0.127853        0.391753       -0.275926
     H    7       -0.048406       -0.275926        0.088713

     C    8        0.368480       -0.719199        0.423307
     C    8       -0.719199       -0.355347        0.008081
     C    8        0.423307        0.008081       -0.013132

     H    9       -0.057479       -0.019539        0.316259
     H    9       -0.019539       -0.090357       -0.061943
     H    9        0.316259       -0.061943        0.147836

     C   10        0.082935       -0.149305       -0.373492
     C   10       -0.149305        0.088520        0.116450
     C   10       -0.373492        0.116450       -0.171455

     C   11        0.256883        0.082811        0.059855
     C   11        0.082811       -0.140198        0.161636
     C   11        0.059855        0.161636       -0.116685

     Cl  12        1.570461        2.589637       -0.290844
     Cl  12        2.589637        0.156443        0.099234
     Cl  12       -0.290844        0.099234       -1.726904

     H   13       -0.251268        0.236771        0.073450
     H   13        0.236771        0.222259        0.223673
     H   13        0.073450        0.223673        0.029009

     C   14        0.152099       -0.438978       -0.224330
     C   14       -0.438978       -0.081349       -0.312496
     C   14       -0.224330       -0.312496       -0.070750

     H   15        0.430655        0.091460        0.360777
     H   15        0.091460        0.013734        0.032432
     H   15        0.360777        0.032432       -0.444388

     C   16        0.205459        0.225154       -0.295212
     C   16        0.225154       -0.361713        0.046366
     C   16       -0.295212        0.046366        0.156254

     C   17        0.469540       -0.461966       -0.479732
     C   17       -0.461966       -0.195134       -0.252052
     C   17       -0.479732       -0.252052       -0.274406

     Cl  18        2.198340       -1.371533        0.651234
     Cl  18       -1.371533       -0.854587       -0.131545
     Cl  18        0.651234       -0.131545       -1.343753

     H   19       -0.076362       -0.084878        0.024778
     H   19       -0.084878        0.159740       -0.061979
     H   19        0.024778       -0.061979       -0.083378

     C   20       -0.740125       -0.303703       -0.148056
     C   20       -0.303703        0.656009       -0.417752
     C   20       -0.148056       -0.417752        0.084116

     H   21        0.189991       -0.238657        0.218618
     H   21       -0.238657       -0.355772       -0.011417
     H   21        0.218618       -0.011417        0.165782

     C   22        0.072603       -0.196391        0.225136
     C   22       -0.196391       -0.130037       -0.156326
     C   22        0.225136       -0.156326        0.057434

     C   23       -0.452939       -0.127132        0.082315
     C   23       -0.127132        0.360214       -0.502664
     C   23        0.082315       -0.502664        0.092726

     Cl  24        1.098571        0.610141        1.011859
     Cl  24        0.610141        0.542481       -1.321756
     Cl  24        1.011859       -1.321756       -1.641052

     ----- total EFG (symmetrized) -----
     Cl   1       -0.080374       -0.788226       -1.033255
     Cl   1       -0.788226        1.077047       -2.197924
     Cl   1       -1.033255       -2.197924       -0.996673

     C    2       -0.386483       -0.111423        0.196750
     C    2       -0.111423        0.283436       -0.266089
     C    2        0.196750       -0.266089        0.103047

     C    3       -0.143405       -0.557973        0.020028
     C    3       -0.557973        0.273755       -0.567019
     C    3        0.020028       -0.567019       -0.130350

     H    4        0.402910        0.269972        0.213257
     H    4        0.269972       -0.268347        0.417256
     H    4        0.213257        0.417256       -0.134563

     C    5        0.054354       -0.012727        0.262061
     C    5       -0.012727       -0.108666       -0.129828
     C    5        0.262061       -0.129828        0.054312

     H    6       -0.256763        0.028108       -0.262164
     H    6        0.028108        0.338947        0.291132
     H    6       -0.262164        0.291132       -0.082185

     H    7       -0.480466        0.127853       -0.048406
     H    7        0.127853        0.391753       -0.275926
     H    7       -0.048406       -0.275926        0.088713

     C    8        0.368480       -0.719199        0.423307
     C    8       -0.719199       -0.355347        0.008081
     C    8        0.423307        0.008081       -0.013132

     H    9       -0.057479       -0.019539        0.316259
     H    9       -0.019539       -0.090357       -0.061943
     H    9        0.316259       -0.061943        0.147836

     C   10        0.082935       -0.149305       -0.373492
     C   10       -0.149305        0.088520        0.116450
     C   10       -0.373492        0.116450       -0.171455

     C   11        0.256883        0.082811        0.059855
     C   11        0.082811       -0.140198        0.161636
     C   11        0.059855        0.161636       -0.116685

     Cl  12        1.570461        2.589637       -0.290844
     Cl  12        2.589637        0.156443        0.099234
     Cl  12       -0.290844        0.099234       -1.726904

     H   13       -0.251268        0.236771        0.073450
     H   13        0.236771        0.222259        0.223673
     H   13        0.073450        0.223673        0.029009

     C   14        0.152099       -0.438978       -0.224330
     C   14       -0.438978       -0.081349       -0.312496
     C   14       -0.224330       -0.312496       -0.070750

     H   15        0.430655        0.091460        0.360777
     H   15        0.091460        0.013734        0.032432
     H   15        0.360777        0.032432       -0.444388

     C   16        0.205459        0.225154       -0.295212
     C   16        0.225154       -0.361713        0.046366
     C   16       -0.295212        0.046366        0.156254

     C   17        0.469540       -0.461966       -0.479732
     C   17       -0.461966       -0.195134       -0.252052
     C   17       -0.479732       -0.252052       -0.274406

     Cl  18        2.198340       -1.371533        0.651234
     Cl  18       -1.371533       -0.854587       -0.131545
     Cl  18        0.651234       -0.131545       -1.343753

     H   19       -0.076362       -0.084878        0.024778
     H   19       -0.084878        0.159740       -0.061979
     H   19        0.024778       -0.061979       -0.083378

     C   20       -0.740125       -0.303703       -0.148056
     C   20       -0.303703        0.656009       -0.417752
     C   20       -0.148056       -0.417752        0.084116

     H   21        0.189991       -0.238657        0.218618
     H   21       -0.238657       -0.355772       -0.011417
     H   21        0.218618       -0.011417        0.165782

     C   22        0.072603       -0.196391        0.225136
     C   22       -0.196391       -0.130037       -0.156326
     C   22        0.225136       -0.156326        0.057434

     C   23       -0.452939       -0.127132        0.082315
     C   23       -0.127132        0.360214       -0.502664
     C   23        0.082315       -0.502664        0.092726

     Cl  24        1.098571        0.610141        1.011859
     Cl  24        0.610141        0.542481       -1.321756
     Cl  24        1.011859       -1.321756       -1.641052


     NQR/NMR SPECTROSCOPIC PARAMETERS:
     Cl   1    Vxx=    0.4944    axis=( -0.911081  0.175151  0.373168)
     Cl   1    Vyy=    2.4761    axis=(  0.050789 -0.850655  0.523266)
     Cl   1    Vzz=   -2.9705    axis=(  0.409088  0.495690  0.766119)
     Cl   1  Q=        -8.1650 1e-30 m^2  Cq=        56.9874 MHz  eta= 0.66715

     C    2    Vxx=   -0.0651    axis=(  0.230456  0.635924  0.736539)
     C    2    Vyy=   -0.4562    axis=( -0.946997 -0.027516  0.320063)
     C    2    Vzz=    0.5213    axis=(  0.223802 -0.771261  0.595877)
     C    2  Q=         1.0000 1e-30 m^2  Cq=         1.2250 MHz  eta= 0.75014

     C    3    Vxx=   -0.1570    axis=(  0.709695 -0.008019 -0.704464)
     C    3    Vyy=   -0.7407    axis=(  0.557869  0.617067  0.554987)
     C    3    Vzz=    0.8976    axis=( -0.430251  0.786870 -0.442403)
     C    3  Q=         1.0000 1e-30 m^2  Cq=         2.1091 MHz  eta= 0.65024

     H    4    Vxx=   -0.0346    axis=(  0.602630 -0.463570 -0.649569)
     H    4    Vyy=   -0.6291    axis=( -0.074485  0.777747 -0.624148)
     H    4    Vzz=    0.6637    axis=(  0.794537  0.424514  0.434165)
     H    4  Q=         1.0000 1e-30 m^2  Cq=         1.5594 MHz  eta= 0.89564

     C    5    Vxx=   -0.0804    axis=( -0.524344 -0.819903  0.229830)
     C    5    Vyy=   -0.2593    axis=(  0.532493 -0.526353 -0.662876)
     C    5    Vzz=    0.3397    axis=(  0.664466 -0.225192  0.712583)
     C    5  Q=         1.0000 1e-30 m^2  Cq=         0.7982 MHz  eta= 0.52658

     H    6    Vxx=   -0.0056    axis=(  0.669481  0.446797 -0.593437)
     H    6    Vyy=   -0.4952    axis=( -0.729864  0.247047 -0.637390)
     H    6    Vzz=    0.5008    axis=( -0.138177  0.859849  0.491494)
     H    6  Q=         1.0000 1e-30 m^2  Cq=         1.1768 MHz  eta= 0.97757

     H    7    Vxx=   -0.0733    axis=(  0.053697  0.498573  0.865183)
     H    7    Vyy=   -0.4990    axis=( -0.990448  0.136790 -0.017355)
     H    7    Vzz=    0.5723    axis=( -0.127002 -0.855987  0.501156)
     H    7  Q=         1.0000 1e-30 m^2  Cq=         1.3446 MHz  eta= 0.74384

     C    8    Vxx=   -0.0819    axis=( -0.152878  0.428424  0.890551)
     C    8    Vyy=   -0.8660    axis=(  0.553327  0.783755 -0.282059)
     C    8    Vzz=    0.9479    axis=( -0.818815  0.449645 -0.356877)
     C    8  Q=         1.0000 1e-30 m^2  Cq=         2.2272 MHz  eta= 0.82717

     H    9    Vxx=   -0.0961    axis=(  0.161346  0.986038  0.041195)
     H    9    Vyy=   -0.2895    axis=( -0.798593  0.105922  0.592477)
     H    9    Vzz=    0.3857    axis=(  0.579842 -0.128492  0.804533)
     H    9  Q=         1.0000 1e-30 m^2  Cq=         0.9062 MHz  eta= 0.50142

     C   10    Vxx=   -0.0105    axis=(  0.386903  0.885533 -0.257173)
     C   10    Vyy=   -0.4389    axis=( -0.578850  0.016140 -0.815274)
     C   10    Vzz=    0.4495    axis=( -0.717801  0.464296  0.518836)
     C   10  Q=         1.0000 1e-30 m^2  Cq=         1.0561 MHz  eta= 0.95314

     C   11    Vxx=   -0.0046    axis=(  0.356160 -0.617961 -0.700910)
     C   11    Vyy=   -0.2913    axis=( -0.038409  0.739782 -0.671750)
     C   11    Vzz=    0.2959    axis=( -0.933635 -0.266171 -0.239746)
     C   11  Q=         1.0000 1e-30 m^2  Cq=         0.6952 MHz  eta= 0.96896

     Cl  12    Vxx=   -1.5176    axis=(  0.370241 -0.527393 -0.764708)
     Cl  12    Vyy=   -2.0358    axis=(  0.480013 -0.596169  0.643561)
     Cl  12    Vzz=    3.5534    axis=( -0.795304 -0.605343  0.032430)
     Cl  12  Q=        -8.1650 1e-30 m^2  Cq=       -68.1704 MHz  eta= 0.14581

     H   13    Vxx=   -0.1006    axis=( -0.243465 -0.425301  0.871690)
     H   13    Vyy=   -0.3504    axis=(  0.914058 -0.401187  0.059558)
     H   13    Vzz=    0.4510    axis=(  0.324381  0.811275  0.486425)
     H   13  Q=         1.0000 1e-30 m^2  Cq=         1.0598 MHz  eta= 0.55376

     C   14    Vxx=    0.1769    axis=( -0.357213 -0.408967  0.839729)
     C   14    Vyy=    0.4900    axis=( -0.784125  0.619793 -0.031707)
     C   14    Vzz=   -0.6669    axis=( -0.507491 -0.669779 -0.542079)
     C   14  Q=         1.0000 1e-30 m^2  Cq=        -1.5669 MHz  eta= 0.46956

     H   15    Vxx=   -0.0030    axis=(  0.159577 -0.985479  0.058021)
     H   15    Vyy=   -0.5740    axis=(  0.338042 -0.000672 -0.941131)
     H   15    Vzz=    0.5769    axis=(  0.927503  0.169797  0.333026)
     H   15  Q=         1.0000 1e-30 m^2  Cq=         1.3556 MHz  eta= 0.98965

     C   16    Vxx=   -0.0226    axis=( -0.514558 -0.442098 -0.734697)
     C   16    Vyy=   -0.4769    axis=(  0.399466 -0.881768  0.250824)
     C   16    Vzz=    0.4995    axis=( -0.758721 -0.164422  0.630324)
     C   16  Q=         1.0000 1e-30 m^2  Cq=         1.1736 MHz  eta= 0.90950

     C   17    Vxx=    0.0192    axis=( -0.029811 -0.733834  0.678674)
     C   17    Vyy=    0.8112    axis=( -0.889613  0.329054  0.316721)
     C   17    Vzz=   -0.8304    axis=( -0.455741 -0.594315 -0.662638)
     C   17  Q=         1.0000 1e-30 m^2  Cq=        -1.9511 MHz  eta= 0.95375

     Cl  18    Vxx=   -1.2997    axis=( -0.198259 -0.784587 -0.587466)
     Cl  18    Vyy=   -1.5273    axis=(  0.327295  0.511966 -0.794209)
     Cl  18    Vzz=    2.8270    axis=(  0.923889 -0.349734  0.155290)
     Cl  18  Q=        -8.1650 1e-30 m^2  Cq=       -54.2344 MHz  eta= 0.08054

     H   19    Vxx=   -0.0962    axis=(  0.426893  0.344053  0.836296)
     H   19    Vyy=   -0.1064    axis=( -0.852423 -0.155634  0.499153)
     H   19    Vzz=    0.2026    axis=(  0.301891 -0.925962  0.226839)
     H   19  Q=         1.0000 1e-30 m^2  Cq=         0.4760 MHz  eta= 0.05005

     C   20    Vxx=   -0.0367    axis=( -0.341859  0.370862  0.863478)
     C   20    Vyy=   -0.8650    axis=(  0.931263  0.256908  0.258354)
     C   20    Vzz=    0.9017    axis=( -0.126021  0.892446 -0.433197)
     C   20  Q=         1.0000 1e-30 m^2  Cq=         2.1186 MHz  eta= 0.91862

     H   21    Vxx=    0.0124    axis=( -0.532652  0.320991  0.783101)
     H   21    Vyy=    0.4408    axis=( -0.756090  0.235271 -0.610717)
     H   21    Vzz=   -0.4532    axis=( -0.380275 -0.917394  0.117380)
     H   21  Q=         1.0000 1e-30 m^2  Cq=        -1.0649 MHz  eta= 0.94528

     C   22    Vxx=   -0.1552    axis=( -0.593565  0.203996  0.778503)
     C   22    Vyy=   -0.2516    axis=( -0.454813 -0.883083 -0.115370)
     C   22    Vzz=    0.4068    axis=(  0.663947 -0.422553  0.616947)
     C   22  Q=         1.0000 1e-30 m^2  Cq=         0.9558 MHz  eta= 0.23704

     C   23    Vxx=   -0.2929    axis=( -0.066993  0.600345  0.796930)
     C   23    Vyy=   -0.4725    axis=( -0.990144 -0.138456  0.021067)
     C   23    Vzz=    0.7653    axis=(  0.122987 -0.787664  0.603704)
     C   23  Q=         1.0000 1e-30 m^2  Cq=         1.7982 MHz  eta= 0.23468

     Cl  24    Vxx=    1.1266    axis=( -0.301674  0.812745 -0.498436)
     Cl  24    Vyy=    1.5075    axis=(  0.904777  0.408888  0.119120)
     Cl  24    Vzz=   -2.6341    axis=( -0.300618  0.415038  0.858704)
     Cl  24  Q=        -8.1650 1e-30 m^2  Cq=        50.5345 MHz  eta= 0.14461

     Initialization:
     gipaw_setup  :      9.25s CPU     11.26s WALL (       1 calls)

     Linear response

     Apply operators

     Induced current

     Other routines
     efg          :      9.53s CPU     12.31s WALL (       1 calls)

     General routines
     calbec       :      3.29s CPU      4.10s WALL (      16 calls)
     fft          :      1.30s CPU      1.70s WALL (      15 calls)
     ffts         :      0.02s CPU      0.04s WALL (       2 calls)
     fftw         :      3.44s CPU      4.35s WALL (     672 calls)
     davcio       :      0.02s CPU      0.35s WALL (      32 calls)

     Parallel routines
     fft_scatter  :      2.10s CPU      3.34s WALL (     689 calls)

     Plugins

     GIPAW        :     62.31s CPU     75.18s WALL (       1 calls)
