
     Program QE v.6.0 (svn rev. 13079) starts on 19Dec2016 at  0:30:35 

     This program is part of the open-source Quantum ESPRESSO suite
     for quantum simulation of materials; please cite
         "P. Giannozzi et al., J. Phys.:Condens. Matter 21 395502 (2009);
          URL http://www.quantum-espresso.org", 
     in publications or presentations arising from this work. More details at
     http://www.quantum-espresso.org/quote

     Parallel version (MPI), running on     8 processors
     R & G space division:  proc/nbgrp/npool/nimage =       8

     ***** This is GIPAW svn revision unknown      *****

     Parallelizing q-star over 1 images

     Reading data from directory:
     /users/majewski/paradichlorobenzene/pbe/9_constraint/scratch/pbe.ecut100.np8.dt60.pcl2phi-129368.save
     Message from routine read_xml_file:
     file /users/majewski/paradichlorobenzene/pbe/9_constraint/scratch/pbe.ecut100.np8.dt60.pcl2phi-129368.save not guaranteed to be safe for post-processing

   Info: using nr1, nr2, nr3 values from input

   Info: using nr1, nr2, nr3 values from input

     IMPORTANT: XC functional enforced from input :
     Exchange-correlation      =  SLA  PW   PBX  PBC ( 1  4  3  4 0 0)
     Any further DFT definition will be discarded
     Please, verify this is what you really want

               file C.pbe-n-kjpaw_psl.1.0.0.UPF: wavefunction(s)  2S 2P renormalized
               file Cl.pbe-n-kjpaw_psl.1.0.0.UPF: wavefunction(s)  3S 3P renormalized
               file H.pbe-kjpaw_psl.1.0.0.UPF: wavefunction(s)  1S renormalized

     Parallelization info
     --------------------
     sticks:   dense  smooth     PW     G-vecs:    dense   smooth      PW
     Min        3057    1223    332               144436    36536    5170
     Max        3059    1225    333               144437    36537    5171
     Sum       24467    9791   2657              1155489   292295   41363


     Subspace diagonalization in iterative solution of the eigenvalue problem:
     a serial algorithm will be used

     GIPAW projectors -----------------------------------------------
     atom=  C    l=0  rc=    1.2000  rs=    0.8000
     atom=  C    l=0  rc=    1.2000  rs=    0.8000
     atom=  C    l=1  rc=    1.4000  rs=    0.9333
     atom=  C    l=1  rc=    1.4000  rs=    0.9333
     projs nearly linearly dependent: l=1  n1,n2= 1, 2  s=  0.99951561

     atom=  Cl   l=0  rc=    1.6000  rs=    1.0667
     atom=  Cl   l=0  rc=    1.6000  rs=    1.0667
     atom=  Cl   l=1  rc=    1.6000  rs=    1.0667
     atom=  Cl   l=1  rc=    1.6000  rs=    1.0667
     atom=  Cl   l=2  rc=    1.6000  rs=    1.0667
     atom=  Cl   l=2  rc=    1.6000  rs=    1.0667
     projs nearly linearly dependent: l=2  n1,n2= 1, 2  s=  0.99993509

     atom=  H    l=0  rc=    1.0000  rs=    0.6667
     atom=  H    l=0  rc=    1.0000  rs=    0.6667
     projs nearly linearly dependent: l=0  n1,n2= 1, 2  s=  0.99968852
     -----------------------------------------------------------------

     GIPAW integrals: -------------------------------------------
     Atom  i/j   nmr_para   nmr_dia   epr_rmc  epr_para   epr_dia
       C   1 1   0.83E+03  0.17E-01  0.93E+01  0.24E+08  0.24E+03
       C   2 1   0.86E+03 -0.61E-01  0.94E+01  0.25E+08  0.25E+03
       C   2 2   0.90E+03 -0.15E+00  0.97E+01  0.26E+08  0.26E+03
       C   3 3   0.33E+01  0.34E+00  0.18E+01  0.55E+03  0.21E+02
       C   4 3   0.35E+01  0.37E+00  0.20E+01  0.59E+03  0.22E+02
       C   4 4   0.38E+01  0.39E+00  0.22E+01  0.63E+03  0.24E+02
       Cl  1 1   0.14E+04 -0.47E+00  0.84E+01  0.32E+09  0.42E+03
       Cl  2 1   0.21E+04 -0.37E+00  0.12E+02  0.49E+09  0.65E+03
       Cl  2 2   0.33E+04 -0.16E+00  0.21E+02  0.76E+09  0.10E+04
       Cl  3 3   0.21E+02  0.79E-01  0.89E+01  0.23E+05  0.13E+03
       Cl  4 3   0.24E+02  0.67E-01  0.99E+01  0.27E+05  0.15E+03
       Cl  4 4   0.28E+02  0.44E-01  0.11E+02  0.32E+05  0.18E+03
       Cl  5 5   0.77E+00  0.19E+00  0.18E+01  0.12E+03  0.22E+02
       Cl  6 5   0.80E+00  0.19E+00  0.19E+01  0.12E+03  0.23E+02
       Cl  6 6   0.83E+00  0.20E+00  0.19E+01  0.12E+03  0.23E+02
       H   1 1   0.39E+02  0.19E+00  0.29E+00  0.78E+05  0.13E+02
       H   2 1   0.41E+02  0.21E+00  0.32E+00  0.82E+05  0.14E+02
       H   2 2   0.43E+02  0.22E+00  0.36E+00  0.86E+05  0.15E+02
     ------------------------------------------------------------

     alpha_pv=     34.4255 eV

     Number of occupied bands for each k-point:
     k-point:     1    nbnd_occ=  42
     k-point:     2    nbnd_occ=  42
     k-point:     3    nbnd_occ=  42
     k-point:     4    nbnd_occ=  42
     k-point:     5    nbnd_occ=  42
     k-point:     6    nbnd_occ=  42
     k-point:     7    nbnd_occ=  42
     k-point:     8    nbnd_occ=  42
     k-point:     9    nbnd_occ=  42
     k-point:    10    nbnd_occ=  42
     k-point:    11    nbnd_occ=  42
     k-point:    12    nbnd_occ=  42
     k-point:    13    nbnd_occ=  42
     k-point:    14    nbnd_occ=  42
     k-point:    15    nbnd_occ=  42
     k-point:    16    nbnd_occ=  42


     q-space interpolation up to   110.00 Rydberg

     GIPAW job: efg                                                                             


     ELECTRIC FIELD GRADIENTS TENSORS IN Hartree/bohrradius^2:

     ----- bare term -----
     Cl   1       -0.076097        0.080899       -0.026629
     Cl   1        0.080899       -0.027021        0.003974
     Cl   1       -0.026629        0.003974        0.103118

     C    2       -0.059545        0.169207       -0.204801
     C    2        0.169207       -0.311503       -0.483983
     C    2       -0.204801       -0.483983        0.371048

     C    3       -0.293046        0.310805       -0.339713
     C    3        0.310805       -0.084888       -0.478237
     C    3       -0.339713       -0.478237        0.377934

     H    4       -0.261193       -0.461308       -0.330307
     H    4       -0.461308       -0.078079       -0.153697
     H    4       -0.330307       -0.153697        0.339272

     C    5       -0.515421        0.091695       -0.344354
     C    5        0.091695       -0.069573       -0.373880
     C    5       -0.344354       -0.373880        0.584994

     H    6        0.495646       -0.120281       -0.024675
     H    6       -0.120281       -0.681199        0.008181
     H    6       -0.024675        0.008181        0.185552

     H    7        0.377789       -0.045313       -0.033332
     H    7       -0.045313       -0.618108        0.393109
     H    7       -0.033332        0.393109        0.240319

     C    8       -0.334265       -0.094902       -0.347036
     C    8       -0.094902       -0.045120        0.505457
     C    8       -0.347036        0.505457        0.379385

     H    9       -0.445800        0.515661       -0.084891
     H    9        0.515661        0.137298       -0.034020
     H    9       -0.084891       -0.034020        0.308502

     C   10       -0.271401       -0.295493       -0.346278
     C   10       -0.295493       -0.099193        0.464605
     C   10       -0.346278        0.464605        0.370594

     C   11       -0.046467       -0.117712       -0.247245
     C   11       -0.117712       -0.224032        0.515911
     C   11       -0.247245        0.515911        0.270499

     Cl  12       -0.205900       -0.176246       -0.035797
     Cl  12       -0.176246        0.089295        0.173276
     Cl  12       -0.035797        0.173276        0.116606

     H   13        0.499465       -0.032061       -0.085321
     H   13       -0.032061       -0.678651        0.068308
     H   13       -0.085321        0.068308        0.179186

     C   14       -0.454231       -0.023505       -0.317953
     C   14       -0.023505       -0.031938       -0.434749
     C   14       -0.317953       -0.434749        0.486169

     H   15       -0.397392       -0.426105       -0.271168
     H   15       -0.426105        0.129701       -0.046035
     H   15       -0.271168       -0.046035        0.267691

     C   16       -0.401364        0.359528       -0.145368
     C   16        0.359528       -0.049100       -0.469747
     C   16       -0.145368       -0.469747        0.450465

     C   17       -0.046095       -0.022646       -0.345440
     C   17       -0.022646       -0.332191       -0.471042
     C   17       -0.345440       -0.471042        0.378285

     Cl  18       -0.141605        0.149058        0.046779
     Cl  18        0.149058        0.040869        0.144748
     Cl  18        0.046779        0.144748        0.100736

     H   19        0.497003        0.165480        0.013230
     H   19        0.165480       -0.678864       -0.093971
     H   19        0.013230       -0.093971        0.181862

     C   20       -0.452109       -0.121048       -0.324515
     C   20       -0.121048       -0.081493        0.293474
     C   20       -0.324515        0.293474        0.533602

     H   21       -0.430715        0.394758        0.199114
     H   21        0.394758        0.265465       -0.084932
     H   21        0.199114       -0.084932        0.165250

     C   22       -0.078127       -0.166853       -0.040421
     C   22       -0.166853       -0.322362        0.324385
     C   22       -0.040421        0.324385        0.400488

     C   23       -0.298396       -0.031369       -0.353962
     C   23       -0.031369       -0.091424        0.540936
     C   23       -0.353962        0.540936        0.389820

     Cl  24       -0.075587       -0.032655        0.020246
     Cl  24       -0.032655       -0.052648        0.011720
     Cl  24        0.020246        0.011720        0.128235

     ----- ionic term -----
     Cl   1        0.126743       -0.218292        0.078302
     Cl   1       -0.218292        0.029111       -0.049309
     Cl   1        0.078302       -0.049309       -0.155854

     C    2        0.183762       -0.098251        0.365161
     C    2       -0.098251        0.260062        0.309406
     C    2        0.365161        0.309406       -0.443824

     C    3        0.114591       -0.132358        0.251401
     C    3       -0.132358        0.307560        0.329951
     C    3        0.251401        0.329951       -0.422151

     H    4        0.469557        0.439100        0.654282
     H    4        0.439100       -0.277575        0.324742
     H    4        0.654282        0.324742       -0.191982

     C    5        0.304207       -0.066572        0.296693
     C    5       -0.066572        0.124781        0.266955
     C    5        0.296693        0.266955       -0.428988

     H    6       -0.501457        0.090087        0.043209
     H    6        0.090087        0.770192        0.610032
     H    6        0.043209        0.610032       -0.268735

     H    7       -0.517545       -0.026500        0.026923
     H    7       -0.026500        0.656049       -0.698615
     H    7        0.026923       -0.698615       -0.138504

     C    8        0.337894        0.065514        0.213295
     C    8        0.065514        0.092929       -0.293489
     C    8        0.213295       -0.293489       -0.430822

     H    9        0.668041       -0.466526        0.519328
     H    9       -0.466526       -0.334617       -0.257237
     H    9        0.519328       -0.257237       -0.333423

     C   10        0.141489        0.115064        0.152395
     C   10        0.115064        0.263913       -0.394703
     C   10        0.152395       -0.394703       -0.405402

     C   11        0.244425        0.099874        0.091914
     C   11        0.099874        0.223893       -0.440847
     C   11        0.091914       -0.440847       -0.468318

     Cl  12        0.168035        0.219036       -0.052574
     Cl  12        0.219036       -0.013143       -0.035718
     Cl  12       -0.052574       -0.035718       -0.154893

     H   13       -0.515248        0.124077        0.071356
     H   13        0.124077        0.913537        0.492826
     H   13        0.071356        0.492826       -0.398289

     C   14        0.345318       -0.125379        0.312379
     C   14       -0.125379        0.112138        0.251403
     C   14        0.312379        0.251403       -0.457456

     H   15        0.692984        0.346664        0.599612
     H   15        0.346664       -0.375057        0.234092
     H   15        0.599612        0.234092       -0.317927

     C   16        0.217193       -0.218734        0.202718
     C   16       -0.218734        0.272430        0.312861
     C   16        0.202718        0.312861       -0.489622

     C   17        0.242323       -0.080514        0.254104
     C   17       -0.080514        0.237665        0.368725
     C   17        0.254104        0.368725       -0.479988

     Cl  18        0.189571       -0.200749        0.012717
     Cl  18       -0.200749       -0.024695        0.000361
     Cl  18        0.012717        0.000361       -0.164876

     H   19       -0.512099       -0.071650        0.005844
     H   19       -0.071650        0.760248       -0.623034
     H   19        0.005844       -0.623034       -0.248149

     C   20        0.316352        0.100803        0.110519
     C   20        0.100803        0.147752       -0.288048
     C   20        0.110519       -0.288048       -0.464104

     H   21        0.805960       -0.414550        0.454528
     H   21       -0.414550       -0.355056       -0.195015
     H   21        0.454528       -0.195015       -0.450904

     C   22        0.197115        0.134353        0.109501
     C   22        0.134353        0.317445       -0.333802
     C   22        0.109501       -0.333802       -0.514560

     C   23        0.235954        0.051556        0.222875
     C   23        0.051556        0.303145       -0.351157
     C   23        0.222875       -0.351157       -0.539099

     Cl  24        0.142136        0.222863        0.006692
     Cl  24        0.222863        0.034067       -0.000322
     Cl  24        0.006692       -0.000322       -0.176203

     ----- GIPAW term -----
     Cl   1       -0.847468       -1.239069       -0.184201
     Cl   1       -1.239069       -1.447844       -0.310945
     Cl   1       -0.184201       -0.310945        2.295312

     C    2        0.060291       -0.074520        0.020952
     C    2       -0.074520       -0.077495       -0.031843
     C    2        0.020952       -0.031843        0.017203

     C    3       -0.075837        0.113744       -0.139040
     C    3        0.113744        0.037415       -0.140740
     C    3       -0.139040       -0.140740        0.038421

     H    4       -0.000000        0.000000        0.000000
     H    4        0.000000        0.000000        0.000000
     H    4        0.000000        0.000000        0.000000

     C    5       -0.171602        0.010738       -0.053920
     C    5        0.010738       -0.079244       -0.168049
     C    5       -0.053920       -0.168049        0.250846

     H    6       -0.000000        0.000000        0.000000
     H    6        0.000000        0.000000        0.000000
     H    6        0.000000        0.000000        0.000000

     H    7       -0.000000        0.000000        0.000000
     H    7        0.000000        0.000000        0.000000
     H    7        0.000000        0.000000        0.000000

     C    8       -0.075229        0.006754       -0.043440
     C    8        0.006754        0.028154        0.174471
     C    8       -0.043440        0.174471        0.047075

     H    9       -0.000000        0.000000        0.000000
     H    9        0.000000        0.000000        0.000000
     H    9        0.000000        0.000000        0.000000

     C   10       -0.051627       -0.098281       -0.125757
     C   10       -0.098281        0.023066        0.108526
     C   10       -0.125757        0.108526        0.028561

     C   11        0.060521        0.071781       -0.013190
     C   11        0.071781       -0.004302        0.030472
     C   11       -0.013190        0.030472       -0.056220

     Cl  12       -0.171344        1.149698       -0.413116
     Cl  12        1.149698        0.935137        1.647702
     Cl  12       -0.413116        1.647702       -0.763794

     H   13       -0.000000        0.000000        0.000000
     H   13        0.000000        0.000000        0.000000
     H   13        0.000000        0.000000        0.000000

     C   14       -0.082533       -0.061629        0.059721
     C   14       -0.061629       -0.068138       -0.144931
     C   14        0.059721       -0.144931        0.150672

     H   15       -0.000000        0.000000        0.000000
     H   15        0.000000        0.000000        0.000000
     H   15        0.000000        0.000000        0.000000

     C   16       -0.144790        0.012488       -0.005009
     C   16        0.012488        0.100155       -0.149029
     C   16       -0.005009       -0.149029        0.044635

     C   17        0.010106       -0.141102       -0.074612
     C   17       -0.141102       -0.085649        0.007600
     C   17       -0.074612        0.007600        0.075542

     Cl  18        0.305829       -1.175980        0.472423
     Cl  18       -1.175980        0.489959        1.355251
     Cl  18        0.472423        1.355251       -0.795788

     H   19       -0.000000        0.000000        0.000000
     H   19        0.000000        0.000000        0.000000
     H   19        0.000000        0.000000        0.000000

     C   20       -0.146466       -0.033326       -0.088566
     C   20       -0.033326       -0.076409        0.153113
     C   20       -0.088566        0.153113        0.222874

     H   21       -0.000000        0.000000        0.000000
     H   21        0.000000        0.000000        0.000000
     H   21        0.000000        0.000000        0.000000

     C   22       -0.077531       -0.024480       -0.057003
     C   22       -0.024480       -0.089849        0.086471
     C   22       -0.057003        0.086471        0.167380

     C   23       -0.027309        0.109782       -0.093560
     C   23        0.109782       -0.045325        0.130984
     C   23       -0.093560        0.130984        0.072634

     Cl  24        0.909172        2.131789        0.128268
     Cl  24        2.131789       -0.326990        0.093273
     Cl  24        0.128268        0.093273       -0.582183

     ----- total EFG -----
     Cl   1       -0.796822       -1.376461       -0.132529
     Cl   1       -1.376461       -1.445754       -0.356280
     Cl   1       -0.132529       -0.356280        2.242576

     C    2        0.184509       -0.003564        0.181311
     C    2       -0.003564       -0.128936       -0.206420
     C    2        0.181311       -0.206420       -0.055572

     C    3       -0.254291        0.292191       -0.227352
     C    3        0.292191        0.260087       -0.289026
     C    3       -0.227352       -0.289026       -0.005796

     H    4        0.208364       -0.022207        0.323975
     H    4       -0.022207       -0.355654        0.171045
     H    4        0.323975        0.171045        0.147291

     C    5       -0.382816        0.035860       -0.101581
     C    5        0.035860       -0.024036       -0.274975
     C    5       -0.101581       -0.274975        0.406851

     H    6       -0.005811       -0.030194        0.018534
     H    6       -0.030194        0.088994        0.618213
     H    6        0.018534        0.618213       -0.083183

     H    7       -0.139756       -0.071813       -0.006409
     H    7       -0.071813        0.037941       -0.305505
     H    7       -0.006409       -0.305505        0.101815

     C    8       -0.071600       -0.022634       -0.177181
     C    8       -0.022634        0.075963        0.386439
     C    8       -0.177181        0.386439       -0.004363

     H    9        0.222240        0.049135        0.434438
     H    9        0.049135       -0.197319       -0.291257
     H    9        0.434438       -0.291257       -0.024921

     C   10       -0.181539       -0.278710       -0.319640
     C   10       -0.278710        0.187787        0.178428
     C   10       -0.319640        0.178428       -0.006247

     C   11        0.258479        0.053943       -0.168521
     C   11        0.053943       -0.004441        0.105536
     C   11       -0.168521        0.105536       -0.254038

     Cl  12       -0.209209        1.192488       -0.501487
     Cl  12        1.192488        1.011290        1.785260
     Cl  12       -0.501487        1.785260       -0.802081

     H   13       -0.015783        0.092016       -0.013965
     H   13        0.092016        0.234886        0.561135
     H   13       -0.013965        0.561135       -0.219103

     C   14       -0.191447       -0.210512        0.054148
     C   14       -0.210512        0.012062       -0.328277
     C   14        0.054148       -0.328277        0.179385

     H   15        0.295592       -0.079441        0.328444
     H   15       -0.079441       -0.245356        0.188057
     H   15        0.328444        0.188057       -0.050236

     C   16       -0.328962        0.153282        0.052340
     C   16        0.153282        0.323484       -0.305916
     C   16        0.052340       -0.305916        0.005478

     C   17        0.206334       -0.244262       -0.165948
     C   17       -0.244262       -0.180174       -0.094716
     C   17       -0.165948       -0.094716       -0.026160

     Cl  18        0.353794       -1.227671        0.531918
     Cl  18       -1.227671        0.506133        1.500360
     Cl  18        0.531918        1.500360       -0.859928

     H   19       -0.015097        0.093830        0.019074
     H   19        0.093830        0.081384       -0.717004
     H   19        0.019074       -0.717004       -0.066287

     C   20       -0.282222       -0.053572       -0.302562
     C   20       -0.053572       -0.010150        0.158538
     C   20       -0.302562        0.158538        0.292373

     H   21        0.375244       -0.019792        0.653642
     H   21       -0.019792       -0.089591       -0.279947
     H   21        0.653642       -0.279947       -0.285654

     C   22        0.041458       -0.056980        0.012077
     C   22       -0.056980       -0.094766        0.077053
     C   22        0.012077        0.077053        0.053308

     C   23       -0.089751        0.129969       -0.224646
     C   23        0.129969        0.166397        0.320764
     C   23       -0.224646        0.320764       -0.076645

     Cl  24        0.975722        2.321997        0.155207
     Cl  24        2.321997       -0.345570        0.104671
     Cl  24        0.155207        0.104671       -0.630151

     ----- total EFG (symmetrized) -----
     Cl   1       -0.796822       -1.376461       -0.132529
     Cl   1       -1.376461       -1.445754       -0.356280
     Cl   1       -0.132529       -0.356280        2.242576

     C    2        0.184509       -0.003564        0.181311
     C    2       -0.003564       -0.128936       -0.206420
     C    2        0.181311       -0.206420       -0.055572

     C    3       -0.254291        0.292191       -0.227352
     C    3        0.292191        0.260087       -0.289026
     C    3       -0.227352       -0.289026       -0.005796

     H    4        0.208364       -0.022207        0.323975
     H    4       -0.022207       -0.355654        0.171045
     H    4        0.323975        0.171045        0.147291

     C    5       -0.382816        0.035860       -0.101581
     C    5        0.035860       -0.024036       -0.274975
     C    5       -0.101581       -0.274975        0.406851

     H    6       -0.005811       -0.030194        0.018534
     H    6       -0.030194        0.088994        0.618213
     H    6        0.018534        0.618213       -0.083183

     H    7       -0.139756       -0.071813       -0.006409
     H    7       -0.071813        0.037941       -0.305505
     H    7       -0.006409       -0.305505        0.101815

     C    8       -0.071600       -0.022634       -0.177181
     C    8       -0.022634        0.075963        0.386439
     C    8       -0.177181        0.386439       -0.004363

     H    9        0.222240        0.049135        0.434438
     H    9        0.049135       -0.197319       -0.291257
     H    9        0.434438       -0.291257       -0.024921

     C   10       -0.181539       -0.278710       -0.319640
     C   10       -0.278710        0.187787        0.178428
     C   10       -0.319640        0.178428       -0.006247

     C   11        0.258479        0.053943       -0.168521
     C   11        0.053943       -0.004441        0.105536
     C   11       -0.168521        0.105536       -0.254038

     Cl  12       -0.209209        1.192488       -0.501487
     Cl  12        1.192488        1.011290        1.785260
     Cl  12       -0.501487        1.785260       -0.802081

     H   13       -0.015783        0.092016       -0.013965
     H   13        0.092016        0.234886        0.561135
     H   13       -0.013965        0.561135       -0.219103

     C   14       -0.191447       -0.210512        0.054148
     C   14       -0.210512        0.012062       -0.328277
     C   14        0.054148       -0.328277        0.179385

     H   15        0.295592       -0.079441        0.328444
     H   15       -0.079441       -0.245356        0.188057
     H   15        0.328444        0.188057       -0.050236

     C   16       -0.328962        0.153282        0.052340
     C   16        0.153282        0.323484       -0.305916
     C   16        0.052340       -0.305916        0.005478

     C   17        0.206334       -0.244262       -0.165948
     C   17       -0.244262       -0.180174       -0.094716
     C   17       -0.165948       -0.094716       -0.026160

     Cl  18        0.353794       -1.227671        0.531918
     Cl  18       -1.227671        0.506133        1.500360
     Cl  18        0.531918        1.500360       -0.859928

     H   19       -0.015097        0.093830        0.019074
     H   19        0.093830        0.081384       -0.717004
     H   19        0.019074       -0.717004       -0.066287

     C   20       -0.282222       -0.053572       -0.302562
     C   20       -0.053572       -0.010150        0.158538
     C   20       -0.302562        0.158538        0.292373

     H   21        0.375244       -0.019792        0.653642
     H   21       -0.019792       -0.089591       -0.279947
     H   21        0.653642       -0.279947       -0.285654

     C   22        0.041458       -0.056980        0.012077
     C   22       -0.056980       -0.094766        0.077053
     C   22        0.012077        0.077053        0.053308

     C   23       -0.089751        0.129969       -0.224646
     C   23        0.129969        0.166397        0.320764
     C   23       -0.224646        0.320764       -0.076645

     Cl  24        0.975722        2.321997        0.155207
     Cl  24        2.321997       -0.345570        0.104671
     Cl  24        0.155207        0.104671       -0.630151


     NQR/NMR SPECTROSCOPIC PARAMETERS:
     Cl   1    Vxx=    0.2860    axis=(  0.787326 -0.613761 -0.058434)
     Cl   1    Vyy=    2.2767    axis=(  0.000305  0.095165 -0.995462)
     Cl   1    Vzz=   -2.5627    axis=(  0.616536  0.783735  0.075113)
     Cl   1  Q=        -8.1650 1e-30 m^2  Cq=        49.1643 MHz  eta= 0.77677

     C    2    Vxx=    0.0199    axis=( -0.556783 -0.669121  0.492209)
     C    2    Vyy=    0.3095    axis=( -0.796769  0.262680 -0.544204)
     C    2    Vzz=   -0.3295    axis=(  0.234845 -0.695180 -0.679391)
     C    2  Q=         1.0000 1e-30 m^2  Cq=        -0.7741 MHz  eta= 0.87894

     C    3    Vxx=   -0.1869    axis=( -0.118545  0.592602  0.796725)
     C    3    Vyy=   -0.4170    axis=(  0.910910 -0.254457  0.324800)
     C    3    Vzz=    0.6039    axis=(  0.395209  0.764248 -0.509642)
     C    3  Q=         1.0000 1e-30 m^2  Cq=         1.4190 MHz  eta= 0.38090

     H    4    Vxx=   -0.0793    axis=( -0.658883  0.433486  0.614786)
     H    4    Vyy=   -0.4355    axis=(  0.225982  0.893581 -0.387874)
     H    4    Vzz=    0.5148    axis=( -0.717499 -0.116633 -0.686725)
     H    4  Q=         1.0000 1e-30 m^2  Cq=         1.2097 MHz  eta= 0.69187

     C    5    Vxx=   -0.1573    axis=( -0.050470  0.901310  0.430224)
     C    5    Vyy=   -0.3957    axis=(  0.992237 -0.003772  0.124302)
     C    5    Vzz=    0.5530    axis=( -0.113657 -0.433158  0.894123)
     C    5  Q=         1.0000 1e-30 m^2  Cq=         1.2993 MHz  eta= 0.43109

     H    6    Vxx=   -0.0041    axis=(  0.998363 -0.023248  0.052262)
     H    6    Vyy=   -0.6231    axis=( -0.054684 -0.655903  0.752862)
     H    6    Vzz=    0.6273    axis=(  0.016776 -0.754487 -0.656100)
     H    6  Q=         1.0000 1e-30 m^2  Cq=         1.4738 MHz  eta= 0.98681

     H    7    Vxx=   -0.1161    axis=( -0.900183  0.265287  0.345390)
     H    7    Vyy=   -0.2646    axis=( -0.427379 -0.690653 -0.583391)
     H    7    Vzz=    0.3807    axis=(  0.083779 -0.672771  0.735092)
     H    7  Q=         1.0000 1e-30 m^2  Cq=         0.8945 MHz  eta= 0.38988

     C    8    Vxx=   -0.0625    axis=( -0.898592 -0.427128  0.100465)
     C    8    Vyy=   -0.3974    axis=(  0.357620 -0.580252  0.731721)
     C    8    Vzz=    0.4600    axis=(  0.254244 -0.693447 -0.674160)
     C    8  Q=         1.0000 1e-30 m^2  Cq=         1.0807 MHz  eta= 0.72802

     H    9    Vxx=   -0.0222    axis=(  0.514258  0.770567 -0.376518)
     H    9    Vyy=   -0.5547    axis=( -0.416400  0.608136  0.675857)
     H    9    Vzz=    0.5769    axis=(  0.749767 -0.190783  0.633602)
     H    9  Q=         1.0000 1e-30 m^2  Cq=         1.3554 MHz  eta= 0.92299

     C   10    Vxx=   -0.0797    axis=(  0.231877  0.695372 -0.680214)
     C   10    Vyy=   -0.4511    axis=( -0.831882 -0.220689 -0.509185)
     C   10    Vzz=    0.5308    axis=(  0.504189 -0.683926 -0.527294)
     C   10  Q=         1.0000 1e-30 m^2  Cq=         1.2472 MHz  eta= 0.69975

     C   11    Vxx=    0.0340    axis=(  0.022754  0.942954  0.332143)
     C   11    Vyy=    0.3105    axis=( -0.959320 -0.072920  0.272741)
     C   11    Vzz=   -0.3445    axis=(  0.281402 -0.324838  0.902936)
     C   11  Q=         1.0000 1e-30 m^2  Cq=        -0.8095 MHz  eta= 0.80243

     Cl  12    Vxx=    0.0722    axis=(  0.838570 -0.030823 -0.543921)
     Cl  12    Vyy=    2.3538    axis=( -0.310235 -0.847723 -0.430255)
     Cl  12    Vzz=   -2.4260    axis=(  0.447832 -0.529542  0.720438)
     Cl  12  Q=        -8.1650 1e-30 m^2  Cq=        46.5421 MHz  eta= 0.94045

     H   13    Vxx=   -0.0164    axis=(  0.988406 -0.029224 -0.148994)
     H   13    Vyy=   -0.6042    axis=( -0.107178  0.560784 -0.820996)
     H   13    Vzz=    0.6206    axis=(  0.107547  0.827446  0.551150)
     H   13  Q=         1.0000 1e-30 m^2  Cq=         1.4582 MHz  eta= 0.94715

     C   14    Vxx=   -0.1113    axis=( -0.687025  0.414927  0.596517)
     C   14    Vyy=   -0.3688    axis=( -0.679866 -0.656818 -0.326149)
     C   14    Vzz=    0.4802    axis=(  0.256475 -0.629624  0.733345)
     C   14  Q=         1.0000 1e-30 m^2  Cq=         1.1282 MHz  eta= 0.53632

     H   15    Vxx=   -0.0457    axis=(  0.397227 -0.707959 -0.583957)
     H   15    Vyy=   -0.4494    axis=(  0.347687  0.704973 -0.618164)
     H   15    Vzz=    0.4951    axis=(  0.849308  0.042517  0.526182)
     H   15  Q=         1.0000 1e-30 m^2  Cq=         1.1633 MHz  eta= 0.81553

     C   16    Vxx=   -0.1138    axis=(  0.470100  0.389334  0.792102)
     C   16    Vyy=   -0.4084    axis=( -0.873826  0.331629  0.355599)
     C   16    Vzz=    0.5223    axis=( -0.124237 -0.859326  0.496109)
     C   16  Q=         1.0000 1e-30 m^2  Cq=         1.2271 MHz  eta= 0.56411

     C   17    Vxx=    0.0152    axis=(  0.081659 -0.515580  0.852941)
     C   17    Vyy=    0.3583    axis=( -0.888159  0.350665  0.296999)
     C   17    Vzz=   -0.3735    axis=( -0.452223 -0.781800 -0.429282)
     C   17  Q=         1.0000 1e-30 m^2  Cq=        -0.8775 MHz  eta= 0.91857

     Cl  18    Vxx=    0.3953    axis=(  0.760490  0.236360  0.604805)
     Cl  18    Vyy=    1.9200    axis=( -0.509964  0.793985  0.330943)
     Cl  18    Vzz=   -2.3153    axis=( -0.401984 -0.560108  0.724353)
     Cl  18  Q=        -8.1650 1e-30 m^2  Cq=        44.4174 MHz  eta= 0.65856

     H   19    Vxx=   -0.0110    axis=(  0.991144  0.016210  0.131795)
     H   19    Vyy=   -0.7217    axis=( -0.108701  0.669102  0.735178)
     H   19    Vzz=    0.7327    axis=( -0.076267 -0.742994  0.664939)
     H   19  Q=         1.0000 1e-30 m^2  Cq=         1.7215 MHz  eta= 0.96990

     C   20    Vxx=   -0.0666    axis=(  0.160881  0.945788 -0.282137)
     C   20    Vyy=   -0.4126    axis=( -0.915383  0.036099 -0.400962)
     C   20    Vzz=    0.4792    axis=( -0.369040  0.322771  0.871566)
     C   20  Q=         1.0000 1e-30 m^2  Cq=         1.1259 MHz  eta= 0.72222

     H   21    Vxx=   -0.0417    axis=(  0.329018  0.926656 -0.181811)
     H   21    Vyy=   -0.7665    axis=( -0.465314  0.326624  0.822678)
     H   21    Vzz=    0.8082    axis=(  0.821724 -0.186077  0.538651)
     H   21  Q=         1.0000 1e-30 m^2  Cq=         1.8989 MHz  eta= 0.89683

     C   22    Vxx=    0.0552    axis=(  0.901781 -0.130970  0.411870)
     C   22    Vyy=    0.0899    axis=( -0.317142  0.446896  0.836484)
     C   22    Vzz=   -0.1451    axis=(  0.293617  0.884947 -0.361466)
     C   22  Q=         1.0000 1e-30 m^2  Cq=        -0.3410 MHz  eta= 0.23870

     C   23    Vxx=    0.0840    axis=(  0.826758  0.364377 -0.428603)
     C   23    Vyy=    0.3890    axis=(  0.054179 -0.809914 -0.584041)
     C   23    Vzz=   -0.4730    axis=( -0.559943  0.459640 -0.689344)
     C   23  Q=         1.0000 1e-30 m^2  Cq=        -1.1114 MHz  eta= 0.64487

     Cl  24    Vxx=   -0.6405    axis=( -0.040075 -0.038845  0.998441)
     Cl  24    Vyy=   -2.0991    axis=( -0.602835  0.797837  0.006844)
     Cl  24    Vzz=    2.7396    axis=( -0.796859 -0.601621 -0.055390)
     Cl  24  Q=        -8.1650 1e-30 m^2  Cq=       -52.5578 MHz  eta= 0.53245

     Initialization:
     gipaw_setup  :      9.17s CPU     11.37s WALL (       1 calls)

     Linear response

     Apply operators

     Induced current

     Other routines
     efg          :      9.66s CPU     12.47s WALL (       1 calls)

     General routines
     calbec       :      3.55s CPU      5.05s WALL (      16 calls)
     fft          :      1.36s CPU      1.79s WALL (      15 calls)
     ffts         :      0.04s CPU      0.06s WALL (       2 calls)
     fftw         :      3.29s CPU      3.83s WALL (     672 calls)
     davcio       :      0.02s CPU      0.31s WALL (      32 calls)

     Parallel routines
     fft_scatter  :      1.96s CPU      2.76s WALL (     689 calls)

     Plugins

     GIPAW        :     61.91s CPU     76.84s WALL (       1 calls)
