
     Program QE v.6.0 (svn rev. 13079) starts on  9Jan2017 at 18: 0: 9 

     This program is part of the open-source Quantum ESPRESSO suite
     for quantum simulation of materials; please cite
         "P. Giannozzi et al., J. Phys.:Condens. Matter 21 395502 (2009);
          URL http://www.quantum-espresso.org", 
     in publications or presentations arising from this work. More details at
     http://www.quantum-espresso.org/quote

     Parallel version (MPI), running on     8 processors
     R & G space division:  proc/nbgrp/npool/nimage =       8

     ***** This is GIPAW svn revision unknown      *****

     Parallelizing q-star over 1 images

     Reading data from directory:
     /users/majewski/paradichlorobenzene/pbe/9_constraint/scratch/pbe.ecut100.np8.dt60.pcl2phi-129368.save
     Message from routine read_xml_file:
     file /users/majewski/paradichlorobenzene/pbe/9_constraint/scratch/pbe.ecut100.np8.dt60.pcl2phi-129368.save not guaranteed to be safe for post-processing

   Info: using nr1, nr2, nr3 values from input

   Info: using nr1, nr2, nr3 values from input

     IMPORTANT: XC functional enforced from input :
     Exchange-correlation      =  SLA  PW   PBX  PBC ( 1  4  3  4 0 0)
     Any further DFT definition will be discarded
     Please, verify this is what you really want

               file C.pbe-n-kjpaw_psl.1.0.0.UPF: wavefunction(s)  2S 2P renormalized
               file Cl.pbe-n-kjpaw_psl.1.0.0.UPF: wavefunction(s)  3S 3P renormalized
               file H.pbe-kjpaw_psl.1.0.0.UPF: wavefunction(s)  1S renormalized

     Parallelization info
     --------------------
     sticks:   dense  smooth     PW     G-vecs:    dense   smooth      PW
     Min        3057    1223    332               144436    36536    5170
     Max        3059    1225    333               144437    36537    5171
     Sum       24467    9791   2657              1155489   292295   41363


     Subspace diagonalization in iterative solution of the eigenvalue problem:
     a serial algorithm will be used

     GIPAW projectors -----------------------------------------------
     atom=  C    l=0  rc=    1.2000  rs=    0.8000
     atom=  C    l=0  rc=    1.2000  rs=    0.8000
     atom=  C    l=1  rc=    1.4000  rs=    0.9333
     atom=  C    l=1  rc=    1.4000  rs=    0.9333
     projs nearly linearly dependent: l=1  n1,n2= 1, 2  s=  0.99951561

     atom=  Cl   l=0  rc=    1.6000  rs=    1.0667
     atom=  Cl   l=0  rc=    1.6000  rs=    1.0667
     atom=  Cl   l=1  rc=    1.6000  rs=    1.0667
     atom=  Cl   l=1  rc=    1.6000  rs=    1.0667
     atom=  Cl   l=2  rc=    1.6000  rs=    1.0667
     atom=  Cl   l=2  rc=    1.6000  rs=    1.0667
     projs nearly linearly dependent: l=2  n1,n2= 1, 2  s=  0.99993509

     atom=  H    l=0  rc=    1.0000  rs=    0.6667
     atom=  H    l=0  rc=    1.0000  rs=    0.6667
     projs nearly linearly dependent: l=0  n1,n2= 1, 2  s=  0.99968852
     -----------------------------------------------------------------

     GIPAW integrals: -------------------------------------------
     Atom  i/j   nmr_para   nmr_dia   epr_rmc  epr_para   epr_dia
       C   1 1   0.83E+03  0.17E-01  0.93E+01  0.24E+08  0.24E+03
       C   2 1   0.86E+03 -0.61E-01  0.94E+01  0.25E+08  0.25E+03
       C   2 2   0.90E+03 -0.15E+00  0.97E+01  0.26E+08  0.26E+03
       C   3 3   0.33E+01  0.34E+00  0.18E+01  0.55E+03  0.21E+02
       C   4 3   0.35E+01  0.37E+00  0.20E+01  0.59E+03  0.22E+02
       C   4 4   0.38E+01  0.39E+00  0.22E+01  0.63E+03  0.24E+02
       Cl  1 1   0.14E+04 -0.47E+00  0.84E+01  0.32E+09  0.42E+03
       Cl  2 1   0.21E+04 -0.37E+00  0.12E+02  0.49E+09  0.65E+03
       Cl  2 2   0.33E+04 -0.16E+00  0.21E+02  0.76E+09  0.10E+04
       Cl  3 3   0.21E+02  0.79E-01  0.89E+01  0.23E+05  0.13E+03
       Cl  4 3   0.24E+02  0.67E-01  0.99E+01  0.27E+05  0.15E+03
       Cl  4 4   0.28E+02  0.44E-01  0.11E+02  0.32E+05  0.18E+03
       Cl  5 5   0.77E+00  0.19E+00  0.18E+01  0.12E+03  0.22E+02
       Cl  6 5   0.80E+00  0.19E+00  0.19E+01  0.12E+03  0.23E+02
       Cl  6 6   0.83E+00  0.20E+00  0.19E+01  0.12E+03  0.23E+02
       H   1 1   0.39E+02  0.19E+00  0.29E+00  0.78E+05  0.13E+02
       H   2 1   0.41E+02  0.21E+00  0.32E+00  0.82E+05  0.14E+02
       H   2 2   0.43E+02  0.22E+00  0.36E+00  0.86E+05  0.15E+02
     ------------------------------------------------------------

     alpha_pv=     34.1759 eV

     Number of occupied bands for each k-point:
     k-point:     1    nbnd_occ=  42
     k-point:     2    nbnd_occ=  42
     k-point:     3    nbnd_occ=  42
     k-point:     4    nbnd_occ=  42
     k-point:     5    nbnd_occ=  42
     k-point:     6    nbnd_occ=  42
     k-point:     7    nbnd_occ=  42
     k-point:     8    nbnd_occ=  42
     k-point:     9    nbnd_occ=  42
     k-point:    10    nbnd_occ=  42
     k-point:    11    nbnd_occ=  42
     k-point:    12    nbnd_occ=  42
     k-point:    13    nbnd_occ=  42
     k-point:    14    nbnd_occ=  42
     k-point:    15    nbnd_occ=  42
     k-point:    16    nbnd_occ=  42


     q-space interpolation up to   110.00 Rydberg

     GIPAW job: efg                                                                             


     ELECTRIC FIELD GRADIENTS TENSORS IN Hartree/bohrradius^2:

     ----- bare term -----
     Cl   1       -0.030153        0.134020        0.084219
     Cl   1        0.134020       -0.066843        0.021897
     Cl   1        0.084219        0.021897        0.096996

     C    2       -0.398519       -0.038309       -0.294031
     C    2       -0.038309       -0.069879       -0.534139
     C    2       -0.294031       -0.534139        0.468398

     C    3        0.004120        0.059839       -0.437541
     C    3        0.059839       -0.260573       -0.463863
     C    3       -0.437541       -0.463863        0.256452

     H    4       -0.740055       -0.147902       -0.160140
     H    4       -0.147902        0.414515       -0.152097
     H    4       -0.160140       -0.152097        0.325540

     C    5        0.054091        0.531555       -0.098809
     C    5        0.531555       -0.362008       -0.370583
     C    5       -0.098809       -0.370583        0.307918

     H    6        0.186770       -0.383200       -0.141715
     H    6       -0.383200       -0.455838       -0.431020
     H    6       -0.141715       -0.431020        0.269068

     H    7        0.386781        0.072495        0.295907
     H    7        0.072495        0.018115        0.260400
     H    7        0.295907        0.260400       -0.404896

     C    8       -0.653383       -0.360957       -0.286009
     C    8       -0.360957        0.371117        0.287041
     C    8       -0.286009        0.287041        0.282266

     H    9        0.103390        0.079758       -0.399425
     H    9        0.079758        0.394925       -0.159340
     H    9       -0.399425       -0.159340       -0.498316

     C   10        0.051109       -0.159721       -0.117310
     C   10       -0.159721       -0.090687        0.374396
     C   10       -0.117310        0.374396        0.039578

     C   11       -0.363701       -0.262432       -0.290927
     C   11       -0.262432       -0.028454        0.487497
     C   11       -0.290927        0.487497        0.392155

     Cl  12       -0.037818        0.090142       -0.033443
     Cl  12        0.090142        0.071187        0.122272
     Cl  12       -0.033443        0.122272       -0.033369

     H   13        0.440779        0.013524       -0.287040
     H   13        0.013524       -0.032918       -0.310902
     H   13       -0.287040       -0.310902       -0.407860

     C   14       -0.460121        0.318828       -0.164097
     C   14        0.318828        0.060279       -0.428480
     C   14       -0.164097       -0.428480        0.399842

     H   15       -0.034559        0.205779       -0.471555
     H   15        0.205779       -0.128491        0.087598
     H   15       -0.471555        0.087598        0.163050

     C   16        0.058134        0.303423       -0.113352
     C   16        0.303423       -0.084021       -0.619765
     C   16       -0.113352       -0.619765        0.025887

     C   17       -0.307783        0.305335       -0.500931
     C   17        0.305335        0.229156       -0.216921
     C   17       -0.500931       -0.216921        0.078627

     Cl  18       -0.070251        0.121522        0.079432
     Cl  18        0.121522       -0.014274        0.102628
     Cl  18        0.079432        0.102628        0.084525

     H   19        0.065414       -0.145242        0.374974
     H   19       -0.145242        0.042822        0.445149
     H   19        0.374974        0.445149       -0.108235

     C   20       -0.059421        0.205981       -0.549241
     C   20        0.205981       -0.157772        0.413387
     C   20       -0.549241        0.413387        0.217193

     H   21        0.111463        0.077930       -0.204536
     H   21        0.077930        0.497397        0.083866
     H   21       -0.204536        0.083866       -0.608860

     C   22       -0.185436       -0.422489       -0.364727
     C   22       -0.422489       -0.209905        0.143949
     C   22       -0.364727        0.143949        0.395341

     C   23        0.033297        0.293227       -0.503586
     C   23        0.293227       -0.225724        0.527668
     C   23       -0.503586        0.527668        0.192427

     Cl  24       -0.183196       -0.189568       -0.147761
     Cl  24       -0.189568       -0.129959       -0.016954
     Cl  24       -0.147761       -0.016954        0.313155

     ----- ionic term -----
     Cl   1        0.074734       -0.216903        0.025569
     Cl   1       -0.216903        0.087929       -0.012758
     Cl   1        0.025569       -0.012758       -0.162663

     C    2        0.211673       -0.150886        0.366339
     C    2       -0.150886        0.099237        0.345332
     C    2        0.366339        0.345332       -0.310910

     C    3        0.117631       -0.171513        0.207366
     C    3       -0.171513        0.152487        0.393939
     C    3        0.207366        0.393939       -0.270118

     H    4        0.585997        0.203828        0.708561
     H    4        0.203828       -0.495469        0.198707
     H    4        0.708561        0.198707       -0.090528

     C    5        0.258326       -0.180188        0.212388
     C    5       -0.180188        0.037116        0.325471
     C    5        0.212388        0.325471       -0.295442

     H    6       -0.513248        0.046465        0.020275
     H    6        0.046465        0.529141        0.759016
     H    6        0.020275        0.759016       -0.015893

     H    7       -0.529748        0.122853       -0.065243
     H    7        0.122853        0.448602       -0.777962
     H    7       -0.065243       -0.777962        0.081146

     C    8        0.157663        0.327884        0.369224
     C    8        0.327884       -0.055504       -0.258039
     C    8        0.369224       -0.258039       -0.102160

     H    9        0.448213       -0.334293        0.723818
     H    9       -0.334293       -0.405119       -0.306839
     H    9        0.723818       -0.306839       -0.043095

     C   10        0.073992        0.310780        0.223506
     C   10        0.310780        0.079175       -0.386167
     C   10        0.223506       -0.386167       -0.153167

     C   11        0.055463        0.273991        0.290010
     C   11        0.273991       -0.006093       -0.443365
     C   11        0.290010       -0.443365       -0.049370

     Cl  12        0.145561        0.221090        0.015650
     Cl  12        0.221090       -0.014929        0.003825
     Cl  12        0.015650        0.003825       -0.130632

     H   13       -0.503117        0.225631        0.173786
     H   13        0.225631        0.564462        0.752460
     H   13        0.173786        0.752460       -0.061345

     C   14        0.252146       -0.163283        0.286290
     C   14       -0.163283        0.048102        0.324295
     C   14        0.286290        0.324295       -0.300248

     H   15        0.684919        0.024651        0.691655
     H   15        0.024651       -0.507039        0.112079
     H   15        0.691655        0.112079       -0.177880

     C   16        0.110717       -0.268984        0.173082
     C   16       -0.268984        0.160783        0.398285
     C   16        0.173082        0.398285       -0.271500

     C   17        0.218392       -0.127598        0.220286
     C   17       -0.127598        0.035505        0.446455
     C   17        0.220286        0.446455       -0.253897

     Cl  18        0.118753       -0.196364       -0.043409
     Cl  18       -0.196364       -0.007631        0.038802
     Cl  18       -0.043409        0.038802       -0.111122

     H   19       -0.505540        0.152919       -0.111209
     H   19        0.152919        0.396750       -0.769723
     H   19       -0.111209       -0.769723        0.108790

     C   20        0.124594        0.283842        0.306696
     C   20        0.283842       -0.023099       -0.285719
     C   20        0.306696       -0.285719       -0.101495

     H   21        0.272670       -0.141986        0.802874
     H   21       -0.141986       -0.507939       -0.211942
     H   21        0.802874       -0.211942        0.235269

     C   22        0.009041        0.312768        0.243930
     C   22        0.312768        0.089091       -0.378722
     C   22        0.243930       -0.378722       -0.098132

     C   23        0.043693        0.274018        0.378285
     C   23        0.274018       -0.000261       -0.386667
     C   23        0.378285       -0.386667       -0.043432

     Cl  24        0.117398        0.208148        0.052674
     Cl  24        0.208148        0.017984        0.024876
     Cl  24        0.052674        0.024876       -0.135382

     ----- GIPAW term -----
     Cl   1        1.413097       -1.539793        0.674183
     Cl   1       -1.539793       -0.403584        0.193457
     Cl   1        0.674183        0.193457       -1.009513

     C    2       -0.120710       -0.093015       -0.064307
     C    2       -0.093015       -0.087446       -0.171888
     C    2       -0.064307       -0.171888        0.208156

     C    3        0.099386        0.040436       -0.248149
     C    3        0.040436       -0.118381       -0.095183
     C    3       -0.248149       -0.095183        0.018995

     H    4       -0.000000        0.000000        0.000000
     H    4        0.000000        0.000000        0.000000
     H    4        0.000000        0.000000        0.000000

     C    5        0.165145        0.239653       -0.036253
     C    5        0.239653       -0.078193       -0.090763
     C    5       -0.036253       -0.090763       -0.086952

     H    6       -0.000000        0.000000        0.000000
     H    6        0.000000        0.000000        0.000000
     H    6        0.000000        0.000000        0.000000

     H    7       -0.000000        0.000000        0.000000
     H    7        0.000000        0.000000        0.000000
     H    7        0.000000        0.000000        0.000000

     C    8       -0.189145       -0.093521       -0.050391
     C    8       -0.093521        0.213340        0.155827
     C    8       -0.050391        0.155827       -0.024194

     H    9       -0.000000        0.000000        0.000000
     H    9        0.000000        0.000000        0.000000
     H    9        0.000000        0.000000        0.000000

     C   10       -0.064236       -0.034396       -0.041828
     C   10       -0.034396        0.044051        0.134624
     C   10       -0.041828        0.134624        0.020185

     C   11       -0.091289        0.077467       -0.027444
     C   11        0.077467        0.089614        0.202580
     C   11       -0.027444        0.202580        0.001675

     Cl  12        0.673072        2.621524       -0.061161
     Cl  12        2.621524        0.873758        1.230257
     Cl  12       -0.061161        1.230257       -1.546830

     H   13       -0.000000        0.000000        0.000000
     H   13        0.000000        0.000000        0.000000
     H   13        0.000000        0.000000        0.000000

     C   14       -0.166058        0.046094       -0.017423
     C   14        0.046094        0.021768       -0.228907
     C   14       -0.017423       -0.228907        0.144289

     H   15       -0.000000        0.000000        0.000000
     H   15        0.000000        0.000000        0.000000
     H   15        0.000000        0.000000        0.000000

     C   16       -0.084924        0.113344       -0.027641
     C   16        0.113344        0.205432       -0.144307
     C   16       -0.027641       -0.144307       -0.120507

     C   17        0.044371        0.165257       -0.065448
     C   17        0.165257        0.145035       -0.011646
     C   17       -0.065448       -0.011646       -0.189406

     Cl  18        0.234271       -0.285671        1.401023
     Cl  18       -0.285671       -0.026535        1.868432
     Cl  18        1.401023        1.868432       -0.207736

     H   19       -0.000000        0.000000        0.000000
     H   19        0.000000        0.000000        0.000000
     H   19        0.000000        0.000000        0.000000

     C   20        0.105430        0.163325       -0.219077
     C   20        0.163325       -0.111224        0.003521
     C   20       -0.219077        0.003521        0.005794

     H   21       -0.000000        0.000000        0.000000
     H   21        0.000000        0.000000        0.000000
     H   21        0.000000        0.000000        0.000000

     C   22        0.014625       -0.024590       -0.227103
     C   22       -0.024590       -0.134336       -0.026825
     C   22       -0.227103       -0.026825        0.119711

     C   23        0.073285        0.254237       -0.160145
     C   23        0.254237       -0.020479       -0.018215
     C   23       -0.160145       -0.018215       -0.052807

     Cl  24       -0.056021        1.256823       -1.671932
     Cl  24        1.256823       -1.309392       -0.221740
     Cl  24       -1.671932       -0.221740        1.365413

     ----- total EFG -----
     Cl   1        1.457677       -1.622676        0.783971
     Cl   1       -1.622676       -0.382498        0.202595
     Cl   1        0.783971        0.202595       -1.075179

     C    2       -0.307556       -0.282209        0.008001
     C    2       -0.282209       -0.058087       -0.360695
     C    2        0.008001       -0.360695        0.365643

     C    3        0.221138       -0.071238       -0.478325
     C    3       -0.071238       -0.226467       -0.165108
     C    3       -0.478325       -0.165108        0.005329

     H    4       -0.154057        0.055926        0.548422
     H    4        0.055926       -0.080954        0.046610
     H    4        0.548422        0.046610        0.235012

     C    5        0.477562        0.591020        0.077326
     C    5        0.591020       -0.403085       -0.135875
     C    5        0.077326       -0.135875       -0.074476

     H    6       -0.326478       -0.336736       -0.121440
     H    6       -0.336736        0.073303        0.327996
     H    6       -0.121440        0.327996        0.253175

     H    7       -0.142967        0.195349        0.230664
     H    7        0.195349        0.466717       -0.517562
     H    7        0.230664       -0.517562       -0.323750

     C    8       -0.684865       -0.126595        0.032824
     C    8       -0.126595        0.528954        0.184829
     C    8        0.032824        0.184829        0.155912

     H    9        0.551604       -0.254535        0.324393
     H    9       -0.254535       -0.010194       -0.466178
     H    9        0.324393       -0.466178       -0.541410

     C   10        0.060865        0.116662        0.064368
     C   10        0.116662        0.032540        0.122853
     C   10        0.064368        0.122853       -0.093404

     C   11       -0.399527        0.089026       -0.028361
     C   11        0.089026        0.055067        0.246712
     C   11       -0.028361        0.246712        0.344460

     Cl  12        0.780815        2.932755       -0.078954
     Cl  12        2.932755        0.930016        1.356354
     Cl  12       -0.078954        1.356354       -1.710831

     H   13       -0.062338        0.239156       -0.113255
     H   13        0.239156        0.531544        0.441558
     H   13       -0.113255        0.441558       -0.469205

     C   14       -0.374033        0.201638        0.104770
     C   14        0.201638        0.130149       -0.333092
     C   14        0.104770       -0.333092        0.243884

     H   15        0.650360        0.230430        0.220100
     H   15        0.230430       -0.635531        0.199677
     H   15        0.220100        0.199677       -0.014829

     C   16        0.083927        0.147782        0.032089
     C   16        0.147782        0.282193       -0.365786
     C   16        0.032089       -0.365786       -0.366120

     C   17       -0.045019        0.342993       -0.346093
     C   17        0.342993        0.409696        0.217888
     C   17       -0.346093        0.217888       -0.364677

     Cl  18        0.282773       -0.360513        1.437046
     Cl  18       -0.360513       -0.048440        2.009861
     Cl  18        1.437046        2.009861       -0.234333

     H   19       -0.440126        0.007677        0.263765
     H   19        0.007677        0.439572       -0.324575
     H   19        0.263765       -0.324575        0.000555

     C   20        0.170603        0.653148       -0.461622
     C   20        0.653148       -0.292094        0.131188
     C   20       -0.461622        0.131188        0.121491

     H   21        0.384133       -0.064056        0.598338
     H   21       -0.064056       -0.010542       -0.128076
     H   21        0.598338       -0.128076       -0.373591

     C   22       -0.161771       -0.134311       -0.347900
     C   22       -0.134311       -0.255149       -0.261597
     C   22       -0.347900       -0.261597        0.416920

     C   23        0.150275        0.821482       -0.285446
     C   23        0.821482       -0.246464        0.122786
     C   23       -0.285446        0.122786        0.096189

     Cl  24       -0.121819        1.275403       -1.767020
     Cl  24        1.275403       -1.421367       -0.213819
     Cl  24       -1.767020       -0.213819        1.543186

     ----- total EFG (symmetrized) -----
     Cl   1        1.457677       -1.622676        0.783971
     Cl   1       -1.622676       -0.382498        0.202595
     Cl   1        0.783971        0.202595       -1.075179

     C    2       -0.307556       -0.282209        0.008001
     C    2       -0.282209       -0.058087       -0.360695
     C    2        0.008001       -0.360695        0.365643

     C    3        0.221138       -0.071238       -0.478325
     C    3       -0.071238       -0.226467       -0.165108
     C    3       -0.478325       -0.165108        0.005329

     H    4       -0.154057        0.055926        0.548422
     H    4        0.055926       -0.080954        0.046610
     H    4        0.548422        0.046610        0.235012

     C    5        0.477562        0.591020        0.077326
     C    5        0.591020       -0.403085       -0.135875
     C    5        0.077326       -0.135875       -0.074476

     H    6       -0.326478       -0.336736       -0.121440
     H    6       -0.336736        0.073303        0.327996
     H    6       -0.121440        0.327996        0.253175

     H    7       -0.142967        0.195349        0.230664
     H    7        0.195349        0.466717       -0.517562
     H    7        0.230664       -0.517562       -0.323750

     C    8       -0.684865       -0.126595        0.032824
     C    8       -0.126595        0.528954        0.184829
     C    8        0.032824        0.184829        0.155912

     H    9        0.551604       -0.254535        0.324393
     H    9       -0.254535       -0.010194       -0.466178
     H    9        0.324393       -0.466178       -0.541410

     C   10        0.060865        0.116662        0.064368
     C   10        0.116662        0.032540        0.122853
     C   10        0.064368        0.122853       -0.093404

     C   11       -0.399527        0.089026       -0.028361
     C   11        0.089026        0.055067        0.246712
     C   11       -0.028361        0.246712        0.344460

     Cl  12        0.780815        2.932755       -0.078954
     Cl  12        2.932755        0.930016        1.356354
     Cl  12       -0.078954        1.356354       -1.710831

     H   13       -0.062338        0.239156       -0.113255
     H   13        0.239156        0.531544        0.441558
     H   13       -0.113255        0.441558       -0.469205

     C   14       -0.374033        0.201638        0.104770
     C   14        0.201638        0.130149       -0.333092
     C   14        0.104770       -0.333092        0.243884

     H   15        0.650360        0.230430        0.220100
     H   15        0.230430       -0.635531        0.199677
     H   15        0.220100        0.199677       -0.014829

     C   16        0.083927        0.147782        0.032089
     C   16        0.147782        0.282193       -0.365786
     C   16        0.032089       -0.365786       -0.366120

     C   17       -0.045019        0.342993       -0.346093
     C   17        0.342993        0.409696        0.217888
     C   17       -0.346093        0.217888       -0.364677

     Cl  18        0.282773       -0.360513        1.437046
     Cl  18       -0.360513       -0.048440        2.009861
     Cl  18        1.437046        2.009861       -0.234333

     H   19       -0.440126        0.007677        0.263765
     H   19        0.007677        0.439572       -0.324575
     H   19        0.263765       -0.324575        0.000555

     C   20        0.170603        0.653148       -0.461622
     C   20        0.653148       -0.292094        0.131188
     C   20       -0.461622        0.131188        0.121491

     H   21        0.384133       -0.064056        0.598338
     H   21       -0.064056       -0.010542       -0.128076
     H   21        0.598338       -0.128076       -0.373591

     C   22       -0.161771       -0.134311       -0.347900
     C   22       -0.134311       -0.255149       -0.261597
     C   22       -0.347900       -0.261597        0.416920

     C   23        0.150275        0.821482       -0.285446
     C   23        0.821482       -0.246464        0.122786
     C   23       -0.285446        0.122786        0.096189

     Cl  24       -0.121819        1.275403       -1.767020
     Cl  24        1.275403       -1.421367       -0.213819
     Cl  24       -1.767020       -0.213819        1.543186


     NQR/NMR SPECTROSCOPIC PARAMETERS:
     Cl   1    Vxx=   -0.6809    axis=(  0.209623  0.635347  0.743231)
     Cl   1    Vyy=   -1.8170    axis=(  0.456840  0.608412 -0.648946)
     Cl   1    Vzz=    2.4979    axis=(  0.864497 -0.475572  0.162715)
     Cl   1  Q=        -8.1650 1e-30 m^2  Cq=       -47.9208 MHz  eta= 0.45484

     C    2    Vxx=   -0.0592    axis=( -0.641399  0.578826  0.503554)
     C    2    Vyy=   -0.5388    axis=(  0.747518  0.619233  0.240350)
     C    2    Vzz=    0.5979    axis=(  0.172697 -0.530576  0.829859)
     C    2  Q=         1.0000 1e-30 m^2  Cq=         1.4049 MHz  eta= 0.80211

     C    3    Vxx=   -0.1149    axis=(  0.386955 -0.832801  0.395865)
     C    3    Vyy=   -0.4915    axis=( -0.502524 -0.550413 -0.666720)
     C    3    Vzz=    0.6064    axis=( -0.773134 -0.059059  0.631487)
     C    3  Q=         1.0000 1e-30 m^2  Cq=         1.4248 MHz  eta= 0.62109

     H    4    Vxx=   -0.0871    axis=(  0.023274 -0.994281  0.104233)
     H    4    Vyy=   -0.5422    axis=(  0.817534 -0.041080 -0.574413)
     H    4    Vzz=    0.6293    axis=(  0.575409  0.098583  0.811902)
     H    4  Q=         1.0000 1e-30 m^2  Cq=         1.4787 MHz  eta= 0.72305

     C    5    Vxx=   -0.0377    axis=(  0.094243 -0.209504  0.973256)
     C    5    Vyy=   -0.7366    axis=( -0.437770  0.869298  0.229517)
     C    5    Vzz=    0.7743    axis=( -0.894134 -0.447692 -0.009790)
     C    5  Q=         1.0000 1e-30 m^2  Cq=         1.8194 MHz  eta= 0.90252

     H    6    Vxx=   -0.0823    axis=( -0.427148  0.564428 -0.706375)
     H    6    Vyy=   -0.5233    axis=( -0.845252 -0.526686  0.090281)
     H    6    Vzz=    0.6057    axis=( -0.321081  0.635629  0.702057)
     H    6  Q=         1.0000 1e-30 m^2  Cq=         1.4231 MHz  eta= 0.72809

     H    7    Vxx=   -0.0015    axis=(  0.888236  0.119686  0.443523)
     H    7    Vyy=   -0.7278    axis=( -0.450498  0.415946  0.789962)
     H    7    Vzz=    0.7293    axis=( -0.089934 -0.901479  0.423376)
     H    7  Q=         1.0000 1e-30 m^2  Cq=         1.7135 MHz  eta= 0.99598

     C    8    Vxx=    0.0876    axis=(  0.098455 -0.360251  0.927645)
     C    8    Vyy=    0.6135    axis=( -0.080994  0.926181  0.368279)
     C    8    Vzz=   -0.7011    axis=( -0.991840 -0.111392  0.062009)
     C    8  Q=         1.0000 1e-30 m^2  Cq=        -1.6474 MHz  eta= 0.75007

     H    9    Vxx=    0.0054    axis=(  0.551701  0.767317 -0.326881)
     H    9    Vyy=    0.8256    axis=( -0.825185  0.445211 -0.347644)
     H    9    Vzz=   -0.8310    axis=( -0.121222  0.461533  0.878802)
     H    9  Q=         1.0000 1e-30 m^2  Cq=        -1.9525 MHz  eta= 0.98703

     C   10    Vxx=   -0.0507    axis=(  0.764913 -0.528618 -0.368064)
     C   10    Vyy=   -0.1687    axis=( -0.035707  0.535733 -0.843632)
     C   10    Vzz=    0.2194    axis=(  0.643144  0.658447  0.390914)
     C   10  Q=         1.0000 1e-30 m^2  Cq=         0.5156 MHz  eta= 0.53760

     C   11    Vxx=   -0.0616    axis=(  0.260439  0.833100 -0.487971)
     C   11    Vyy=   -0.4246    axis=( -0.965227  0.236463 -0.111451)
     C   11    Vzz=    0.4862    axis=(  0.022538  0.500029  0.865715)
     C   11  Q=         1.0000 1e-30 m^2  Cq=         1.1424 MHz  eta= 0.74658

     Cl  12    Vxx=   -0.9747    axis=(  0.575223 -0.364051 -0.732520)
     Cl  12    Vyy=   -2.9674    axis=(  0.471245 -0.584487  0.660533)
     Cl  12    Vzz=    3.9421    axis=( -0.668616 -0.725150 -0.164653)
     Cl  12  Q=        -8.1650 1e-30 m^2  Cq=       -75.6272 MHz  eta= 0.50547

     H   13    Vxx=   -0.0461    axis=(  0.926452 -0.107910 -0.360613)
     H   13    Vyy=   -0.6958    axis=( -0.298241  0.374055 -0.878143)
     H   13    Vzz=    0.7419    axis=(  0.229649  0.921107  0.314361)
     H   13  Q=         1.0000 1e-30 m^2  Cq=         1.7431 MHz  eta= 0.87569

     C   14    Vxx=   -0.0156    axis=(  0.520478  0.620553  0.586529)
     C   14    Vyy=   -0.5124    axis=(  0.851757 -0.425664 -0.305482)
     C   14    Vzz=    0.5279    axis=( -0.060097 -0.658577  0.750109)
     C   14  Q=         1.0000 1e-30 m^2  Cq=         1.2404 MHz  eta= 0.94106

     H   15    Vxx=   -0.0581    axis=( -0.344970  0.180820  0.921032)
     H   15    Vyy=   -0.7142    axis=( -0.124692  0.963742 -0.235908)
     H   15    Vzz=    0.7723    axis=( -0.930294 -0.196226 -0.309915)
     H   15  Q=         1.0000 1e-30 m^2  Cq=         1.8146 MHz  eta= 0.84963

     C   16    Vxx=    0.0594    axis=(  0.944168 -0.211283  0.252795)
     C   16    Vyy=    0.4845    axis=(  0.295786  0.881547 -0.367947)
     C   16    Vzz=   -0.5439    axis=( -0.145110  0.422178  0.894824)
     C   16  Q=         1.0000 1e-30 m^2  Cq=        -1.2780 MHz  eta= 0.78140

     C   17    Vxx=    0.1160    axis=( -0.690226  0.327250  0.645365)
     C   17    Vyy=    0.5949    axis=( -0.456352 -0.889018 -0.037273)
     C   17    Vzz=   -0.7109    axis=(  0.561544 -0.320241  0.762964)
     C   17  Q=         1.0000 1e-30 m^2  Cq=        -1.6702 MHz  eta= 0.67375

     Cl  18    Vxx=    0.5116    axis=( -0.810162  0.585930  0.017961)
     Cl  18    Vyy=    2.2154    axis=(  0.422932  0.563020  0.710026)
     Cl  18    Vzz=   -2.7270    axis=( -0.405914 -0.582832  0.703946)
     Cl  18  Q=        -8.1650 1e-30 m^2  Cq=        52.3168 MHz  eta= 0.62476

     H   19    Vxx=   -0.0391    axis=(  0.487140  0.484729  0.726452)
     H   19    Vyy=   -0.5865    axis=(  0.865511 -0.156946 -0.475667)
     H   19    Vzz=    0.6256    axis=(  0.116556 -0.860468  0.495993)
     H   19  Q=         1.0000 1e-30 m^2  Cq=         1.4700 MHz  eta= 0.87486

     C   20    Vxx=    0.1095    axis=( -0.179265 -0.556573 -0.811228)
     C   20    Vyy=    0.7894    axis=( -0.783766 -0.417594  0.459703)
     C   20    Vzz=   -0.8988    axis=(  0.594622 -0.718221  0.361363)
     C   20  Q=         1.0000 1e-30 m^2  Cq=        -2.1119 MHz  eta= 0.75638

     H   21    Vxx=   -0.0198    axis=(  0.194376  0.980576 -0.026248)
     H   21    Vyy=   -0.7125    axis=( -0.470436  0.116666  0.874688)
     H   21    Vzz=    0.7323    axis=(  0.860760 -0.157670  0.483975)
     H   21  Q=         1.0000 1e-30 m^2  Cq=         1.7206 MHz  eta= 0.94589

     C   22    Vxx=   -0.0816    axis=(  0.695783 -0.709244  0.113398)
     C   22    Vyy=   -0.5381    axis=(  0.617854  0.671527  0.409033)
     C   22    Vzz=    0.6196    axis=( -0.366254 -0.214535  0.905446)
     C   22  Q=         1.0000 1e-30 m^2  Cq=         1.4559 MHz  eta= 0.73674

     C   23    Vxx=    0.1354    axis=(  0.011298  0.328023  0.944602)
     C   23    Vyy=    0.8289    axis=(  0.788340  0.578212 -0.210219)
     C   23    Vzz=   -0.9643    axis=( -0.615136  0.747042 -0.252061)
     C   23  Q=         1.0000 1e-30 m^2  Cq=        -2.2658 MHz  eta= 0.71915

     Cl  24    Vxx=   -0.4663    axis=(  0.556237  0.618586  0.554933)
     Cl  24    Vyy=   -2.3822    axis=( -0.609746  0.757508 -0.233219)
     Cl  24    Vzz=    2.8485    axis=( -0.564632 -0.208643  0.798535)
     Cl  24  Q=        -8.1650 1e-30 m^2  Cq=       -54.6468 MHz  eta= 0.67258

     Initialization:
     gipaw_setup  :      9.02s CPU     10.71s WALL (       1 calls)

     Linear response

     Apply operators

     Induced current

     Other routines
     efg          :      9.89s CPU     13.27s WALL (       1 calls)

     General routines
     calbec       :      3.52s CPU      4.87s WALL (      16 calls)
     fft          :      1.56s CPU      2.16s WALL (      15 calls)
     ffts         :      0.04s CPU      0.06s WALL (       2 calls)
     fftw         :      3.50s CPU      4.72s WALL (     672 calls)
     davcio       :      0.02s CPU      0.32s WALL (      32 calls)

     Parallel routines
     fft_scatter  :      2.46s CPU      4.09s WALL (     689 calls)

     Plugins

     GIPAW        :     64.92s CPU     95.29s WALL (       1 calls)
