
     Program QE v.6.0 (svn rev. 13079) starts on 23Dec2016 at 12: 8:32 

     This program is part of the open-source Quantum ESPRESSO suite
     for quantum simulation of materials; please cite
         "P. Giannozzi et al., J. Phys.:Condens. Matter 21 395502 (2009);
          URL http://www.quantum-espresso.org", 
     in publications or presentations arising from this work. More details at
     http://www.quantum-espresso.org/quote

     Parallel version (MPI), running on     8 processors
     R & G space division:  proc/nbgrp/npool/nimage =       8

     ***** This is GIPAW svn revision unknown      *****

     Parallelizing q-star over 1 images

     Reading data from directory:
     /users/majewski/paradichlorobenzene/pbe/9_constraint/scratch/pbe.ecut100.np8.dt60.pcl2phi-129368.save
     Message from routine read_xml_file:
     file /users/majewski/paradichlorobenzene/pbe/9_constraint/scratch/pbe.ecut100.np8.dt60.pcl2phi-129368.save not guaranteed to be safe for post-processing

   Info: using nr1, nr2, nr3 values from input

   Info: using nr1, nr2, nr3 values from input

     IMPORTANT: XC functional enforced from input :
     Exchange-correlation      =  SLA  PW   PBX  PBC ( 1  4  3  4 0 0)
     Any further DFT definition will be discarded
     Please, verify this is what you really want

               file C.pbe-n-kjpaw_psl.1.0.0.UPF: wavefunction(s)  2S 2P renormalized
               file Cl.pbe-n-kjpaw_psl.1.0.0.UPF: wavefunction(s)  3S 3P renormalized
               file H.pbe-kjpaw_psl.1.0.0.UPF: wavefunction(s)  1S renormalized

     Parallelization info
     --------------------
     sticks:   dense  smooth     PW     G-vecs:    dense   smooth      PW
     Min        3057    1223    332               144436    36536    5170
     Max        3059    1225    333               144437    36537    5171
     Sum       24467    9791   2657              1155489   292295   41363


     Subspace diagonalization in iterative solution of the eigenvalue problem:
     a serial algorithm will be used

     GIPAW projectors -----------------------------------------------
     atom=  C    l=0  rc=    1.2000  rs=    0.8000
     atom=  C    l=0  rc=    1.2000  rs=    0.8000
     atom=  C    l=1  rc=    1.4000  rs=    0.9333
     atom=  C    l=1  rc=    1.4000  rs=    0.9333
     projs nearly linearly dependent: l=1  n1,n2= 1, 2  s=  0.99951561

     atom=  Cl   l=0  rc=    1.6000  rs=    1.0667
     atom=  Cl   l=0  rc=    1.6000  rs=    1.0667
     atom=  Cl   l=1  rc=    1.6000  rs=    1.0667
     atom=  Cl   l=1  rc=    1.6000  rs=    1.0667
     atom=  Cl   l=2  rc=    1.6000  rs=    1.0667
     atom=  Cl   l=2  rc=    1.6000  rs=    1.0667
     projs nearly linearly dependent: l=2  n1,n2= 1, 2  s=  0.99993509

     atom=  H    l=0  rc=    1.0000  rs=    0.6667
     atom=  H    l=0  rc=    1.0000  rs=    0.6667
     projs nearly linearly dependent: l=0  n1,n2= 1, 2  s=  0.99968852
     -----------------------------------------------------------------

     GIPAW integrals: -------------------------------------------
     Atom  i/j   nmr_para   nmr_dia   epr_rmc  epr_para   epr_dia
       C   1 1   0.83E+03  0.17E-01  0.93E+01  0.24E+08  0.24E+03
       C   2 1   0.86E+03 -0.61E-01  0.94E+01  0.25E+08  0.25E+03
       C   2 2   0.90E+03 -0.15E+00  0.97E+01  0.26E+08  0.26E+03
       C   3 3   0.33E+01  0.34E+00  0.18E+01  0.55E+03  0.21E+02
       C   4 3   0.35E+01  0.37E+00  0.20E+01  0.59E+03  0.22E+02
       C   4 4   0.38E+01  0.39E+00  0.22E+01  0.63E+03  0.24E+02
       Cl  1 1   0.14E+04 -0.47E+00  0.84E+01  0.32E+09  0.42E+03
       Cl  2 1   0.21E+04 -0.37E+00  0.12E+02  0.49E+09  0.65E+03
       Cl  2 2   0.33E+04 -0.16E+00  0.21E+02  0.76E+09  0.10E+04
       Cl  3 3   0.21E+02  0.79E-01  0.89E+01  0.23E+05  0.13E+03
       Cl  4 3   0.24E+02  0.67E-01  0.99E+01  0.27E+05  0.15E+03
       Cl  4 4   0.28E+02  0.44E-01  0.11E+02  0.32E+05  0.18E+03
       Cl  5 5   0.77E+00  0.19E+00  0.18E+01  0.12E+03  0.22E+02
       Cl  6 5   0.80E+00  0.19E+00  0.19E+01  0.12E+03  0.23E+02
       Cl  6 6   0.83E+00  0.20E+00  0.19E+01  0.12E+03  0.23E+02
       H   1 1   0.39E+02  0.19E+00  0.29E+00  0.78E+05  0.13E+02
       H   2 1   0.41E+02  0.21E+00  0.32E+00  0.82E+05  0.14E+02
       H   2 2   0.43E+02  0.22E+00  0.36E+00  0.86E+05  0.15E+02
     ------------------------------------------------------------

     alpha_pv=     34.3952 eV

     Number of occupied bands for each k-point:
     k-point:     1    nbnd_occ=  42
     k-point:     2    nbnd_occ=  42
     k-point:     3    nbnd_occ=  42
     k-point:     4    nbnd_occ=  42
     k-point:     5    nbnd_occ=  42
     k-point:     6    nbnd_occ=  42
     k-point:     7    nbnd_occ=  42
     k-point:     8    nbnd_occ=  42
     k-point:     9    nbnd_occ=  42
     k-point:    10    nbnd_occ=  42
     k-point:    11    nbnd_occ=  42
     k-point:    12    nbnd_occ=  42
     k-point:    13    nbnd_occ=  42
     k-point:    14    nbnd_occ=  42
     k-point:    15    nbnd_occ=  42
     k-point:    16    nbnd_occ=  42


     q-space interpolation up to   110.00 Rydberg

     GIPAW job: efg                                                                             


     ELECTRIC FIELD GRADIENTS TENSORS IN Hartree/bohrradius^2:

     ----- bare term -----
     Cl   1        0.267718        0.034551        0.209220
     Cl   1        0.034551        0.121257        0.517495
     Cl   1        0.209220        0.517495       -0.388976

     C    2       -0.463443       -0.106277       -0.216165
     C    2       -0.106277       -0.020268       -0.389641
     C    2       -0.216165       -0.389641        0.483711

     C    3       -0.080498        0.354002       -0.008550
     C    3        0.354002       -0.566601       -0.470856
     C    3       -0.008550       -0.470856        0.647099

     H    4       -0.502022       -0.312227       -0.153090
     H    4       -0.312227        0.389296       -0.122919
     H    4       -0.153090       -0.122919        0.112725

     C    5       -0.524592        0.338081       -0.458438
     C    5        0.338081        0.266576       -0.220050
     C    5       -0.458438       -0.220050        0.258017

     H    6        0.357806       -0.078448        0.195582
     H    6       -0.078448       -0.200614       -0.425774
     H    6        0.195582       -0.425774       -0.157192

     H    7        0.210188        0.219036       -0.038952
     H    7        0.219036       -0.460993        0.444260
     H    7       -0.038952        0.444260        0.250805

     C    8       -0.494449       -0.221082       -0.401606
     C    8       -0.221082       -0.110769        0.299460
     C    8       -0.401606        0.299460        0.605219

     H    9       -0.489567        0.192245       -0.465922
     H    9        0.192245        0.311046        0.209742
     H    9       -0.465922        0.209742        0.178521

     C   10       -0.112629       -0.356062       -0.100504
     C   10       -0.356062       -0.430274        0.506633
     C   10       -0.100504        0.506633        0.542903

     C   11       -0.445490        0.007944       -0.305172
     C   11        0.007944       -0.027607        0.361311
     C   11       -0.305172        0.361311        0.473097

     Cl  12        0.023268       -0.298585       -0.086401
     Cl  12       -0.298585       -0.039543        0.052790
     Cl  12       -0.086401        0.052790        0.016275

     H   13        0.417198        0.011939        0.026171
     H   13        0.011939       -0.410565       -0.601700
     H   13        0.026171       -0.601700       -0.006632

     C   14       -0.162232        0.330952       -0.109299
     C   14        0.330952       -0.330655       -0.355419
     C   14       -0.109299       -0.355419        0.492887

     H   15       -0.303237       -0.559463       -0.145745
     H   15       -0.559463       -0.079967        0.010365
     H   15       -0.145745        0.010365        0.383204

     C   16       -0.525628        0.406986       -0.324115
     C   16        0.406986        0.223114       -0.291143
     C   16       -0.324115       -0.291143        0.302513

     C   17        0.028741        0.363936       -0.122930
     C   17        0.363936       -0.109014       -0.585241
     C   17       -0.122930       -0.585241        0.080273

     Cl  18       -0.021576        0.162304       -0.089846
     Cl  18        0.162304        0.081558       -0.098550
     Cl  18       -0.089846       -0.098550       -0.059982

     H   19        0.348200        0.155226       -0.223949
     H   19        0.155226       -0.229966        0.557233
     H   19       -0.223949        0.557233       -0.118234

     C   20       -0.248378       -0.312533       -0.116705
     C   20       -0.312533       -0.327037        0.405430
     C   20       -0.116705        0.405430        0.575415

     H   21       -0.067860        0.125269       -0.562473
     H   21        0.125269        0.448583        0.119120
     H   21       -0.562473        0.119120       -0.380723

     C   22       -0.364405       -0.175278       -0.250848
     C   22       -0.175278       -0.104554        0.342842
     C   22       -0.250848        0.342842        0.468959

     C   23       -0.171774       -0.189191       -0.318945
     C   23       -0.189191       -0.240731        0.413163
     C   23       -0.318945        0.413163        0.412506

     Cl  24       -0.121301       -0.045356       -0.038947
     Cl  24       -0.045356       -0.088408        0.019855
     Cl  24       -0.038947        0.019855        0.209709

     ----- ionic term -----
     Cl   1        0.209678       -0.178267       -0.052567
     Cl   1       -0.178267       -0.092129        0.027533
     Cl   1       -0.052567        0.027533       -0.117549

     C    2        0.332748       -0.037332        0.102287
     C    2       -0.037332       -0.054401        0.499672
     C    2        0.102287        0.499672       -0.278347

     C    3        0.211642       -0.168539        0.071209
     C    3       -0.168539        0.016010        0.472262
     C    3        0.071209        0.472262       -0.227652

     H    4        0.686615        0.368128        0.572267
     H    4        0.368128       -0.433983        0.257305
     H    4        0.572267        0.257305       -0.252632

     C    5        0.337986       -0.121376        0.180547
     C    5       -0.121376       -0.088466        0.370398
     C    5        0.180547        0.370398       -0.249520

     H    6       -0.522608        0.038771        0.043733
     H    6        0.038771        0.447355        0.787768
     H    6        0.043733        0.787768        0.075253

     H    7       -0.513432       -0.130779        0.095857
     H    7       -0.130779        0.449235       -0.761653
     H    7        0.095857       -0.761653        0.064197

     C    8        0.226795        0.228895        0.337055
     C    8        0.228895        0.067387       -0.260280
     C    8        0.337055       -0.260280       -0.294181

     H    9        0.586173       -0.259639        0.709569
     H    9       -0.259639       -0.420563       -0.221900
     H    9        0.709569       -0.221900       -0.165610

     C   10        0.088059        0.282111        0.248398
     C   10        0.282111        0.245209       -0.341452
     C   10        0.248398       -0.341452       -0.333267

     C   11        0.152495        0.212902        0.366658
     C   11        0.212902        0.164910       -0.332806
     C   11        0.366658       -0.332806       -0.317405

     Cl  12        0.111143        0.242202        0.058893
     Cl  12        0.242202        0.065437        0.038119
     Cl  12        0.058893        0.038119       -0.176580

     H   13       -0.512773       -0.017228       -0.032202
     H   13       -0.017228        0.707787        0.710064
     H   13       -0.032202        0.710064       -0.195014

     C   14        0.404674       -0.114012        0.092279
     C   14       -0.114012        0.003732        0.366461
     C   14        0.092279        0.366461       -0.408407

     H   15        0.674148        0.451285        0.537012
     H   15        0.451285       -0.368635        0.263022
     H   15        0.537012        0.263022       -0.305513

     C   16        0.250084       -0.191551        0.056466
     C   16       -0.191551        0.118865        0.444863
     C   16        0.056466        0.444863       -0.368949

     C   17        0.209279       -0.151348        0.217379
     C   17       -0.151348        0.111391        0.430157
     C   17        0.217379        0.430157       -0.320670

     Cl  18        0.120055       -0.209434       -0.007078
     Cl  18       -0.209434        0.018185        0.005061
     Cl  18       -0.007078        0.005061       -0.138240

     H   19       -0.499537       -0.156114        0.111618
     H   19       -0.156114        0.703722       -0.653402
     H   19        0.111618       -0.653402       -0.204185

     C   20        0.256255        0.185585        0.361294
     C   20        0.185585        0.089249       -0.252664
     C   20        0.361294       -0.252664       -0.345504

     H   21        0.602577       -0.341654        0.639453
     H   21       -0.341654       -0.383870       -0.255802
     H   21        0.639453       -0.255802       -0.218707

     C   22        0.146602        0.244105        0.232178
     C   22        0.244105        0.203081       -0.304272
     C   22        0.232178       -0.304272       -0.349683

     C   23        0.263175        0.207313        0.316162
     C   23        0.207313        0.052652       -0.303445
     C   23        0.316162       -0.303445       -0.315827

     Cl  24        0.161520        0.221704        0.021294
     Cl  24        0.221704       -0.012825        0.007778
     Cl  24        0.021294        0.007778       -0.148695

     ----- GIPAW term -----
     Cl   1        0.291608       -0.206688       -0.242341
     Cl   1       -0.206688       -0.157617        0.128030
     Cl   1       -0.242341        0.128030       -0.133991

     C    2       -0.132620       -0.095231        0.018177
     C    2       -0.095231       -0.110383       -0.092929
     C    2        0.018177       -0.092929        0.243003

     C    3       -0.097909        0.053292        0.063003
     C    3        0.053292       -0.186343       -0.013965
     C    3        0.063003       -0.013965        0.284252

     H    4       -0.000000        0.000000        0.000000
     H    4        0.000000        0.000000        0.000000
     H    4        0.000000        0.000000        0.000000

     C    5       -0.015228        0.196852       -0.033660
     C    5        0.196852        0.090165        0.014067
     C    5       -0.033660        0.014067       -0.074937

     H    6       -0.000000        0.000000        0.000000
     H    6        0.000000        0.000000        0.000000
     H    6        0.000000        0.000000        0.000000

     H    7       -0.000000        0.000000        0.000000
     H    7        0.000000        0.000000        0.000000
     H    7        0.000000        0.000000        0.000000

     C    8       -0.139503       -0.054087       -0.140039
     C    8       -0.054087       -0.106128        0.116932
     C    8       -0.140039        0.116932        0.245630

     H    9       -0.000000        0.000000        0.000000
     H    9        0.000000        0.000000        0.000000
     H    9        0.000000        0.000000        0.000000

     C   10       -0.059918       -0.056850        0.019689
     C   10       -0.056850       -0.113828        0.049656
     C   10        0.019689        0.049656        0.173746

     C   11       -0.070977        0.108378        0.023476
     C   11        0.108378       -0.070741       -0.001885
     C   11        0.023476       -0.001885        0.141718

     Cl  12        2.074344       -0.164949       -0.844535
     Cl  12       -0.164949       -0.153230        0.542652
     Cl  12       -0.844535        0.542652       -1.921114

     H   13       -0.000000        0.000000        0.000000
     H   13        0.000000        0.000000        0.000000
     H   13        0.000000        0.000000        0.000000

     C   14       -0.048602        0.094341        0.059913
     C   14        0.094341       -0.114740        0.024108
     C   14        0.059913        0.024108        0.163342

     H   15       -0.000000        0.000000        0.000000
     H   15        0.000000        0.000000        0.000000
     H   15        0.000000        0.000000        0.000000

     C   16       -0.158753        0.177502       -0.088936
     C   16        0.177502        0.230525       -0.060007
     C   16       -0.088936       -0.060007       -0.071772

     C   17        0.075013        0.138559       -0.011902
     C   17        0.138559        0.115075       -0.076335
     C   17       -0.011902       -0.076335       -0.190088

     Cl  18        1.252774       -0.551685       -0.903308
     Cl  18       -0.551685        0.716044       -0.922508
     Cl  18       -0.903308       -0.922508       -1.968818

     H   19       -0.000000        0.000000        0.000000
     H   19        0.000000        0.000000        0.000000
     H   19        0.000000        0.000000        0.000000

     C   20       -0.088506       -0.049478        0.044038
     C   20       -0.049478       -0.180541        0.077574
     C   20        0.044038        0.077574        0.269046

     H   21       -0.000000        0.000000        0.000000
     H   21        0.000000        0.000000        0.000000
     H   21        0.000000        0.000000        0.000000

     C   22       -0.190304       -0.003255       -0.056307
     C   22       -0.003255       -0.093067        0.113939
     C   22       -0.056307        0.113939        0.283371

     C   23       -0.087491        0.013581       -0.089867
     C   23        0.013581       -0.065609        0.182005
     C   23       -0.089867        0.182005        0.153100

     Cl  24       -0.689022        1.543590       -0.157771
     Cl  24        1.543590       -1.406299        0.608718
     Cl  24       -0.157771        0.608718        2.095322

     ----- total EFG -----
     Cl   1        0.769004       -0.350403       -0.085688
     Cl   1       -0.350403       -0.128488        0.673057
     Cl   1       -0.085688        0.673057       -0.640516

     C    2       -0.263315       -0.238840       -0.095701
     C    2       -0.238840       -0.185052        0.017102
     C    2       -0.095701        0.017102        0.448367

     C    3        0.033235        0.238754        0.125662
     C    3        0.238754       -0.736934       -0.012559
     C    3        0.125662       -0.012559        0.703699

     H    4        0.184593        0.055901        0.419177
     H    4        0.055901       -0.044686        0.134387
     H    4        0.419177        0.134387       -0.139907

     C    5       -0.201835        0.413557       -0.311551
     C    5        0.413557        0.268275        0.164416
     C    5       -0.311551        0.164416       -0.066440

     H    6       -0.164802       -0.039678        0.239315
     H    6       -0.039678        0.246741        0.361993
     H    6        0.239315        0.361993       -0.081939

     H    7       -0.303244        0.088257        0.056905
     H    7        0.088257       -0.011757       -0.317394
     H    7        0.056905       -0.317394        0.315002

     C    8       -0.407157       -0.046274       -0.204590
     C    8       -0.046274       -0.149510        0.156112
     C    8       -0.204590        0.156112        0.556668

     H    9        0.096606       -0.067394        0.243647
     H    9       -0.067394       -0.109517       -0.012158
     H    9        0.243647       -0.012158        0.012911

     C   10       -0.084489       -0.130801        0.167583
     C   10       -0.130801       -0.298894        0.214838
     C   10        0.167583        0.214838        0.383382

     C   11       -0.363972        0.329224        0.084962
     C   11        0.329224        0.066562        0.026620
     C   11        0.084962        0.026620        0.297411

     Cl  12        2.208755       -0.221332       -0.872043
     Cl  12       -0.221332       -0.127336        0.633561
     Cl  12       -0.872043        0.633561       -2.081419

     H   13       -0.095576       -0.005289       -0.006031
     H   13       -0.005289        0.297222        0.108364
     H   13       -0.006031        0.108364       -0.201647

     C   14        0.193841        0.311281        0.042892
     C   14        0.311281       -0.441662        0.035149
     C   14        0.042892        0.035149        0.247822

     H   15        0.370912       -0.108178        0.391267
     H   15       -0.108178       -0.448602        0.273387
     H   15        0.391267        0.273387        0.077691

     C   16       -0.434297        0.392937       -0.356585
     C   16        0.392937        0.572505        0.093712
     C   16       -0.356585        0.093712       -0.138208

     C   17        0.313032        0.351147        0.082547
     C   17        0.351147        0.117453       -0.231419
     C   17        0.082547       -0.231419       -0.430485

     Cl  18        1.351253       -0.598815       -1.000232
     Cl  18       -0.598815        0.815787       -1.015997
     Cl  18       -1.000232       -1.015997       -2.167041

     H   19       -0.151338       -0.000889       -0.112330
     H   19       -0.000889        0.473756       -0.096169
     H   19       -0.112330       -0.096169       -0.322419

     C   20       -0.080628       -0.176426        0.288627
     C   20       -0.176426       -0.418329        0.230340
     C   20        0.288627        0.230340        0.498957

     H   21        0.534717       -0.216385        0.076980
     H   21       -0.216385        0.064713       -0.136682
     H   21        0.076980       -0.136682       -0.599430

     C   22       -0.408107        0.065571       -0.074976
     C   22        0.065571        0.005460        0.152509
     C   22       -0.074976        0.152509        0.402647

     C   23        0.003910        0.031703       -0.092651
     C   23        0.031703       -0.253689        0.291724
     C   23       -0.092651        0.291724        0.249779

     Cl  24       -0.648803        1.719938       -0.175425
     Cl  24        1.719938       -1.507532        0.636350
     Cl  24       -0.175425        0.636350        2.156335

     ----- total EFG (symmetrized) -----
     Cl   1        0.769004       -0.350403       -0.085688
     Cl   1       -0.350403       -0.128488        0.673057
     Cl   1       -0.085688        0.673057       -0.640516

     C    2       -0.263315       -0.238840       -0.095701
     C    2       -0.238840       -0.185052        0.017102
     C    2       -0.095701        0.017102        0.448367

     C    3        0.033235        0.238754        0.125662
     C    3        0.238754       -0.736934       -0.012559
     C    3        0.125662       -0.012559        0.703699

     H    4        0.184593        0.055901        0.419177
     H    4        0.055901       -0.044686        0.134387
     H    4        0.419177        0.134387       -0.139907

     C    5       -0.201835        0.413557       -0.311551
     C    5        0.413557        0.268275        0.164416
     C    5       -0.311551        0.164416       -0.066440

     H    6       -0.164802       -0.039678        0.239315
     H    6       -0.039678        0.246741        0.361993
     H    6        0.239315        0.361993       -0.081939

     H    7       -0.303244        0.088257        0.056905
     H    7        0.088257       -0.011757       -0.317394
     H    7        0.056905       -0.317394        0.315002

     C    8       -0.407157       -0.046274       -0.204590
     C    8       -0.046274       -0.149510        0.156112
     C    8       -0.204590        0.156112        0.556668

     H    9        0.096606       -0.067394        0.243647
     H    9       -0.067394       -0.109517       -0.012158
     H    9        0.243647       -0.012158        0.012911

     C   10       -0.084489       -0.130801        0.167583
     C   10       -0.130801       -0.298894        0.214838
     C   10        0.167583        0.214838        0.383382

     C   11       -0.363972        0.329224        0.084962
     C   11        0.329224        0.066562        0.026620
     C   11        0.084962        0.026620        0.297411

     Cl  12        2.208755       -0.221332       -0.872043
     Cl  12       -0.221332       -0.127336        0.633561
     Cl  12       -0.872043        0.633561       -2.081419

     H   13       -0.095576       -0.005289       -0.006031
     H   13       -0.005289        0.297222        0.108364
     H   13       -0.006031        0.108364       -0.201647

     C   14        0.193841        0.311281        0.042892
     C   14        0.311281       -0.441662        0.035149
     C   14        0.042892        0.035149        0.247822

     H   15        0.370912       -0.108178        0.391267
     H   15       -0.108178       -0.448602        0.273387
     H   15        0.391267        0.273387        0.077691

     C   16       -0.434297        0.392937       -0.356585
     C   16        0.392937        0.572505        0.093712
     C   16       -0.356585        0.093712       -0.138208

     C   17        0.313032        0.351147        0.082547
     C   17        0.351147        0.117453       -0.231419
     C   17        0.082547       -0.231419       -0.430485

     Cl  18        1.351253       -0.598815       -1.000232
     Cl  18       -0.598815        0.815787       -1.015997
     Cl  18       -1.000232       -1.015997       -2.167041

     H   19       -0.151338       -0.000889       -0.112330
     H   19       -0.000889        0.473756       -0.096169
     H   19       -0.112330       -0.096169       -0.322419

     C   20       -0.080628       -0.176426        0.288627
     C   20       -0.176426       -0.418329        0.230340
     C   20        0.288627        0.230340        0.498957

     H   21        0.534717       -0.216385        0.076980
     H   21       -0.216385        0.064713       -0.136682
     H   21        0.076980       -0.136682       -0.599430

     C   22       -0.408107        0.065571       -0.074976
     C   22        0.065571        0.005460        0.152509
     C   22       -0.074976        0.152509        0.402647

     C   23        0.003910        0.031703       -0.092651
     C   23        0.031703       -0.253689        0.291724
     C   23       -0.092651        0.291724        0.249779

     Cl  24       -0.648803        1.719938       -0.175425
     Cl  24        1.719938       -1.507532        0.636350
     Cl  24       -0.175425        0.636350        2.156335


     NQR/NMR SPECTROSCOPIC PARAMETERS:
     Cl   1    Vxx=    0.1545    axis=(  0.472667  0.697053  0.539169)
     Cl   1    Vyy=    0.9592    axis=( -0.878380  0.421924  0.224565)
     Cl   1    Vzz=   -1.1137    axis=( -0.070955 -0.579739  0.811707)
     Cl   1  Q=        -8.1650 1e-30 m^2  Cq=        21.3665 MHz  eta= 0.72253

     C    2    Vxx=    0.0054    axis=( -0.622120  0.765563 -0.163953)
     C    2    Vyy=    0.4651    axis=( -0.156668  0.083446  0.984120)
     C    2    Vzz=   -0.4704    axis=(  0.767087  0.637927  0.068026)
     C    2  Q=         1.0000 1e-30 m^2  Cq=        -1.1053 MHz  eta= 0.97715

     C    3    Vxx=    0.0793    axis=( -0.942609 -0.278569  0.184085)
     C    3    Vyy=    0.7271    axis=(  0.185415  0.021809  0.982418)
     C    3    Vzz=   -0.8064    axis=( -0.277686  0.960169  0.031093)
     C    3  Q=         1.0000 1e-30 m^2  Cq=        -1.8947 MHz  eta= 0.80344

     H    4    Vxx=   -0.0560    axis=(  0.297128 -0.953854 -0.043331)
     H    4    Vyy=   -0.4436    axis=(  0.530993  0.202781 -0.822755)
     H    4    Vzz=    0.4996    axis=(  0.793575  0.221455  0.566742)
     H    4  Q=         1.0000 1e-30 m^2  Cq=         1.1738 MHz  eta= 0.77582

     C    5    Vxx=    0.1442    axis=( -0.427205  0.288200  0.856993)
     C    5    Vyy=    0.5094    axis=( -0.513066 -0.857727  0.032688)
     C    5    Vzz=   -0.6535    axis=(  0.744486 -0.425729  0.514291)
     C    5  Q=         1.0000 1e-30 m^2  Cq=        -1.5356 MHz  eta= 0.55884

     H    6    Vxx=   -0.0171    axis=(  0.791656 -0.449178  0.414150)
     H    6    Vyy=   -0.4783    axis=(  0.590052  0.386251 -0.708978)
     H    6    Vzz=    0.4954    axis=(  0.158491  0.805636  0.570816)
     H    6  Q=         1.0000 1e-30 m^2  Cq=         1.1640 MHz  eta= 0.93099

     H    7    Vxx=   -0.1385    axis=(  0.537305  0.721149  0.437318)
     H    7    Vyy=   -0.3701    axis=(  0.843382 -0.457401 -0.281943)
     H    7    Vzz=    0.5086    axis=(  0.003293 -0.520316  0.853968)
     H    7  Q=         1.0000 1e-30 m^2  Cq=         1.1950 MHz  eta= 0.45548

     C    8    Vxx=   -0.1825    axis=(  0.010639 -0.977759  0.209461)
     C    8    Vyy=   -0.4495    axis=( -0.980174 -0.051644 -0.191288)
     C    8    Vzz=    0.6320    axis=( -0.197851  0.203274  0.958924)
     C    8  Q=         1.0000 1e-30 m^2  Cq=         1.4849 MHz  eta= 0.42260

     H    9    Vxx=   -0.1049    axis=( -0.128917  0.923231  0.361975)
     H    9    Vyy=   -0.2055    axis=(  0.633258  0.357546 -0.686400)
     H    9    Vzz=    0.3104    axis=(  0.763128 -0.140735  0.630737)
     H    9  Q=         1.0000 1e-30 m^2  Cq=         0.7293 MHz  eta= 0.32430

     C   10    Vxx=   -0.0283    axis=(  0.864788 -0.493127 -0.094699)
     C   10    Vyy=   -0.4468    axis=(  0.445714  0.840696 -0.307521)
     C   10    Vzz=    0.4751    axis=(  0.231260  0.223732  0.946817)
     C   10  Q=         1.0000 1e-30 m^2  Cq=         1.1162 MHz  eta= 0.88106

     C   11    Vxx=    0.2035    axis=( -0.359912 -0.760030  0.541126)
     C   11    Vyy=    0.3431    axis=(  0.309994  0.449627  0.837699)
     C   11    Vzz=   -0.5467    axis=( -0.879981  0.469244  0.073779)
     C   11  Q=         1.0000 1e-30 m^2  Cq=        -1.2844 MHz  eta= 0.25542

     Cl  12    Vxx=   -0.0244    axis=(  0.180493  0.958924  0.218832)
     Cl  12    Vyy=   -2.4011    axis=( -0.168432  0.249333 -0.953658)
     Cl  12    Vzz=    2.4255    axis=( -0.969047  0.135270  0.206517)
     Cl  12  Q=        -8.1650 1e-30 m^2  Cq=       -46.5319 MHz  eta= 0.97987

     H   13    Vxx=   -0.0955    axis=(  0.999178  0.022722 -0.033573)
     H   13    Vyy=   -0.2243    axis=( -0.037491  0.202913 -0.978479)
     H   13    Vzz=    0.3198    axis=( -0.015420  0.978933  0.203598)
     H   13  Q=         1.0000 1e-30 m^2  Cq=         0.7515 MHz  eta= 0.40287

     C   14    Vxx=    0.2203    axis=( -0.438190 -0.159089  0.884692)
     C   14    Vyy=    0.3488    axis=(  0.816121  0.342096  0.465744)
     C   14    Vzz=   -0.5691    axis=( -0.376744  0.926100 -0.020067)
     C   14  Q=         1.0000 1e-30 m^2  Cq=        -1.3371 MHz  eta= 0.22589

     H   15    Vxx=   -0.0097    axis=( -0.524097  0.539560  0.658937)
     H   15    Vyy=   -0.6370    axis=(  0.272681  0.839290 -0.470358)
     H   15    Vzz=    0.6466    axis=( -0.806826 -0.066833 -0.586997)
     H   15  Q=         1.0000 1e-30 m^2  Cq=         1.5193 MHz  eta= 0.97015

     C   16    Vxx=    0.0715    axis=( -0.458005  0.197075  0.866829)
     C   16    Vyy=    0.7087    axis=( -0.335165 -0.941435  0.036946)
     C   16    Vzz=   -0.7802    axis=(  0.823344 -0.273609  0.497235)
     C   16  Q=         1.0000 1e-30 m^2  Cq=        -1.8332 MHz  eta= 0.81670

     C   17    Vxx=   -0.0189    axis=( -0.575495  0.658127 -0.485463)
     C   17    Vyy=   -0.5667    axis=( -0.250598  0.423144  0.870718)
     C   17    Vzz=    0.5856    axis=( -0.778464 -0.622750  0.078592)
     C   17  Q=         1.0000 1e-30 m^2  Cq=         1.3759 MHz  eta= 0.93545

     Cl  18    Vxx=    1.0187    axis=(  0.366525  0.846932 -0.385181)
     Cl  18    Vyy=    1.7725    axis=(  0.891936 -0.437661 -0.113588)
     Cl  18    Vzz=   -2.7912    axis=(  0.264780  0.301924  0.915824)
     Cl  18  Q=        -8.1650 1e-30 m^2  Cq=        53.5473 MHz  eta= 0.27005

     H   19    Vxx=   -0.0986    axis=(  0.903258 -0.069735 -0.423393)
     H   19    Vyy=   -0.3868    axis=(  0.428634  0.100773  0.897840)
     H   19    Vzz=    0.4855    axis=( -0.019945 -0.992462  0.120915)
     H   19  Q=         1.0000 1e-30 m^2  Cq=         1.1406 MHz  eta= 0.59372

     C   20    Vxx=   -0.0446    axis=(  0.824636 -0.522625 -0.216424)
     C   20    Vyy=   -0.5952    axis=(  0.454437  0.839912 -0.296705)
     C   20    Vzz=    0.6397    axis=(  0.336843  0.146322  0.930122)
     C   20  Q=         1.0000 1e-30 m^2  Cq=         1.5031 MHz  eta= 0.86067

     H   21    Vxx=   -0.0038    axis=(  0.387543  0.908156 -0.158312)
     H   21    Vyy=   -0.6275    axis=(  0.030742 -0.184369 -0.982376)
     H   21    Vzz=    0.6313    axis=( -0.921339  0.375847 -0.099369)
     H   21  Q=         1.0000 1e-30 m^2  Cq=         1.4833 MHz  eta= 0.98796

     C   22    Vxx=   -0.0271    axis=(  0.217800  0.931148 -0.292448)
     C   22    Vyy=   -0.4303    axis=(  0.974235 -0.189441  0.122384)
     C   22    Vzz=    0.4574    axis=( -0.058556  0.311568  0.948418)
     C   22  Q=         1.0000 1e-30 m^2  Cq=         1.0747 MHz  eta= 0.88149

     C   23    Vxx=    0.0023    axis=(  0.969146  0.227663  0.094473)
     C   23    Vyy=    0.3964    axis=(  0.180656 -0.395320 -0.900603)
     C   23    Vzz=   -0.3987    axis=( -0.167687  0.889883 -0.424252)
     C   23  Q=         1.0000 1e-30 m^2  Cq=        -0.9369 MHz  eta= 0.98833

     Cl  24    Vxx=    0.6546    axis=(  0.794862  0.586484 -0.155667)
     Cl  24    Vyy=    2.2697    axis=( -0.052504 -0.189103 -0.980553)
     Cl  24    Vzz=   -2.9243    axis=( -0.604515  0.787577 -0.119518)
     Cl  24  Q=        -8.1650 1e-30 m^2  Cq=        56.1005 MHz  eta= 0.55230

     Initialization:
     gipaw_setup  :      9.10s CPU     10.76s WALL (       1 calls)

     Linear response

     Apply operators

     Induced current

     Other routines
     efg          :      9.85s CPU     12.50s WALL (       1 calls)

     General routines
     calbec       :      3.30s CPU      4.45s WALL (      16 calls)
     fft          :      1.34s CPU      1.61s WALL (      15 calls)
     ffts         :      0.04s CPU      0.05s WALL (       2 calls)
     fftw         :      3.78s CPU      4.55s WALL (     672 calls)
     davcio       :      0.02s CPU      0.32s WALL (      32 calls)

     Parallel routines
     fft_scatter  :      2.02s CPU      2.60s WALL (     689 calls)

     Plugins

     GIPAW        :     62.88s CPU     74.77s WALL (       1 calls)
