
     Program QE v.6.0 (svn rev. 13079) starts on 12Jan2017 at  1:17:36 

     This program is part of the open-source Quantum ESPRESSO suite
     for quantum simulation of materials; please cite
         "P. Giannozzi et al., J. Phys.:Condens. Matter 21 395502 (2009);
          URL http://www.quantum-espresso.org", 
     in publications or presentations arising from this work. More details at
     http://www.quantum-espresso.org/quote

     Parallel version (MPI), running on     8 processors
     R & G space division:  proc/nbgrp/npool/nimage =       8

     ***** This is GIPAW svn revision unknown      *****

     Parallelizing q-star over 1 images

     Reading data from directory:
     /users/majewski/paradichlorobenzene/pbe/9_constraint/scratch/pbe.ecut100.np8.dt60.pcl2phi-129368.save
     Message from routine read_xml_file:
     file /users/majewski/paradichlorobenzene/pbe/9_constraint/scratch/pbe.ecut100.np8.dt60.pcl2phi-129368.save not guaranteed to be safe for post-processing

   Info: using nr1, nr2, nr3 values from input

   Info: using nr1, nr2, nr3 values from input

     IMPORTANT: XC functional enforced from input :
     Exchange-correlation      =  SLA  PW   PBX  PBC ( 1  4  3  4 0 0)
     Any further DFT definition will be discarded
     Please, verify this is what you really want

               file C.pbe-n-kjpaw_psl.1.0.0.UPF: wavefunction(s)  2S 2P renormalized
               file Cl.pbe-n-kjpaw_psl.1.0.0.UPF: wavefunction(s)  3S 3P renormalized
               file H.pbe-kjpaw_psl.1.0.0.UPF: wavefunction(s)  1S renormalized

     Parallelization info
     --------------------
     sticks:   dense  smooth     PW     G-vecs:    dense   smooth      PW
     Min        3057    1223    332               144436    36536    5170
     Max        3059    1225    333               144437    36537    5171
     Sum       24467    9791   2657              1155489   292295   41363


     Subspace diagonalization in iterative solution of the eigenvalue problem:
     a serial algorithm will be used

     GIPAW projectors -----------------------------------------------
     atom=  C    l=0  rc=    1.2000  rs=    0.8000
     atom=  C    l=0  rc=    1.2000  rs=    0.8000
     atom=  C    l=1  rc=    1.4000  rs=    0.9333
     atom=  C    l=1  rc=    1.4000  rs=    0.9333
     projs nearly linearly dependent: l=1  n1,n2= 1, 2  s=  0.99951561

     atom=  Cl   l=0  rc=    1.6000  rs=    1.0667
     atom=  Cl   l=0  rc=    1.6000  rs=    1.0667
     atom=  Cl   l=1  rc=    1.6000  rs=    1.0667
     atom=  Cl   l=1  rc=    1.6000  rs=    1.0667
     atom=  Cl   l=2  rc=    1.6000  rs=    1.0667
     atom=  Cl   l=2  rc=    1.6000  rs=    1.0667
     projs nearly linearly dependent: l=2  n1,n2= 1, 2  s=  0.99993509

     atom=  H    l=0  rc=    1.0000  rs=    0.6667
     atom=  H    l=0  rc=    1.0000  rs=    0.6667
     projs nearly linearly dependent: l=0  n1,n2= 1, 2  s=  0.99968852
     -----------------------------------------------------------------

     GIPAW integrals: -------------------------------------------
     Atom  i/j   nmr_para   nmr_dia   epr_rmc  epr_para   epr_dia
       C   1 1   0.83E+03  0.17E-01  0.93E+01  0.24E+08  0.24E+03
       C   2 1   0.86E+03 -0.61E-01  0.94E+01  0.25E+08  0.25E+03
       C   2 2   0.90E+03 -0.15E+00  0.97E+01  0.26E+08  0.26E+03
       C   3 3   0.33E+01  0.34E+00  0.18E+01  0.55E+03  0.21E+02
       C   4 3   0.35E+01  0.37E+00  0.20E+01  0.59E+03  0.22E+02
       C   4 4   0.38E+01  0.39E+00  0.22E+01  0.63E+03  0.24E+02
       Cl  1 1   0.14E+04 -0.47E+00  0.84E+01  0.32E+09  0.42E+03
       Cl  2 1   0.21E+04 -0.37E+00  0.12E+02  0.49E+09  0.65E+03
       Cl  2 2   0.33E+04 -0.16E+00  0.21E+02  0.76E+09  0.10E+04
       Cl  3 3   0.21E+02  0.79E-01  0.89E+01  0.23E+05  0.13E+03
       Cl  4 3   0.24E+02  0.67E-01  0.99E+01  0.27E+05  0.15E+03
       Cl  4 4   0.28E+02  0.44E-01  0.11E+02  0.32E+05  0.18E+03
       Cl  5 5   0.77E+00  0.19E+00  0.18E+01  0.12E+03  0.22E+02
       Cl  6 5   0.80E+00  0.19E+00  0.19E+01  0.12E+03  0.23E+02
       Cl  6 6   0.83E+00  0.20E+00  0.19E+01  0.12E+03  0.23E+02
       H   1 1   0.39E+02  0.19E+00  0.29E+00  0.78E+05  0.13E+02
       H   2 1   0.41E+02  0.21E+00  0.32E+00  0.82E+05  0.14E+02
       H   2 2   0.43E+02  0.22E+00  0.36E+00  0.86E+05  0.15E+02
     ------------------------------------------------------------

     alpha_pv=     34.7569 eV

     Number of occupied bands for each k-point:
     k-point:     1    nbnd_occ=  42
     k-point:     2    nbnd_occ=  42
     k-point:     3    nbnd_occ=  42
     k-point:     4    nbnd_occ=  42
     k-point:     5    nbnd_occ=  42
     k-point:     6    nbnd_occ=  42
     k-point:     7    nbnd_occ=  42
     k-point:     8    nbnd_occ=  42
     k-point:     9    nbnd_occ=  42
     k-point:    10    nbnd_occ=  42
     k-point:    11    nbnd_occ=  42
     k-point:    12    nbnd_occ=  42
     k-point:    13    nbnd_occ=  42
     k-point:    14    nbnd_occ=  42
     k-point:    15    nbnd_occ=  42
     k-point:    16    nbnd_occ=  42


     q-space interpolation up to   110.00 Rydberg

     GIPAW job: efg                                                                             


     ELECTRIC FIELD GRADIENTS TENSORS IN Hartree/bohrradius^2:

     ----- bare term -----
     Cl   1        0.021192        0.033834       -0.075082
     Cl   1        0.033834        0.017008        0.070709
     Cl   1       -0.075082        0.070709       -0.038200

     C    2       -0.389043        0.293560       -0.332844
     C    2        0.293560        0.028068       -0.467151
     C    2       -0.332844       -0.467151        0.360975

     C    3        0.040200        0.530922       -0.230185
     C    3        0.530922       -0.333515       -0.463324
     C    3       -0.230185       -0.463324        0.293315

     H    4       -0.010437       -0.152608       -0.306839
     H    4       -0.152608        0.490291        0.005665
     H    4       -0.306839        0.005665       -0.479854

     C    5       -0.447197        0.310348       -0.477618
     C    5        0.310348        0.276916       -0.183792
     C    5       -0.477618       -0.183792        0.170280

     H    6       -0.009725        0.023860        0.114378
     H    6        0.023860       -0.199511       -0.536076
     H    6        0.114378       -0.536076        0.209235

     H    7        0.334294        0.378852        0.009447
     H    7        0.378852       -0.696038        0.185934
     H    7        0.009447        0.185934        0.361744

     C    8       -0.150482       -0.342433       -0.206668
     C    8       -0.342433       -0.096952        0.478762
     C    8       -0.206668        0.478762        0.247434

     H    9       -0.363516        0.510673        0.054828
     H    9        0.510673        0.096627       -0.143710
     H    9        0.054828       -0.143710        0.266888

     C   10       -0.319830       -0.228425       -0.040656
     C   10       -0.228425       -0.016421        0.249281
     C   10       -0.040656        0.249281        0.336251

     C   11       -0.178109        0.225938       -0.274617
     C   11        0.225938       -0.028199        0.599337
     C   11       -0.274617        0.599337        0.206308

     Cl  12        0.292366       -0.174755        0.085807
     Cl  12       -0.174755        0.120797       -0.559707
     Cl  12        0.085807       -0.559707       -0.413163

     H   13        0.304127        0.256294       -0.065914
     H   13        0.256294       -0.670737       -0.128743
     H   13       -0.065914       -0.128743        0.366610

     C   14       -0.143887       -0.165006       -0.337419
     C   14       -0.165006        0.071626       -0.516949
     C   14       -0.337419       -0.516949        0.072261

     H   15        0.078639       -0.086460       -0.275227
     H   15       -0.086460       -0.050805       -0.506471
     H   15       -0.275227       -0.506471       -0.027834

     C   16       -0.711929        0.357245       -0.357079
     C   16        0.357245        0.268965       -0.057641
     C   16       -0.357079       -0.057641        0.442964

     C   17        0.118627        0.118551       -0.102187
     C   17        0.118551       -0.456185       -0.382293
     C   17       -0.102187       -0.382293        0.337557

     Cl  18        0.069811        0.202523       -0.031525
     Cl  18        0.202523        0.078462       -0.224104
     Cl  18       -0.031525       -0.224104       -0.148273

     H   19        0.194050        0.032691       -0.245346
     H   19        0.032691       -0.308672        0.500221
     H   19       -0.245346        0.500221        0.114622

     C   20       -0.467423       -0.307993       -0.199129
     C   20       -0.307993        0.081512        0.250690
     C   20       -0.199129        0.250690        0.385912

     H   21       -0.583192       -0.104810        0.060499
     H   21       -0.104810        0.281959        0.311155
     H   21        0.060499        0.311155        0.301233

     C   22        0.010949        0.039775       -0.326270
     C   22        0.039775       -0.465224        0.412859
     C   22       -0.326270        0.412859        0.454274

     C   23       -0.630361       -0.160797       -0.338666
     C   23       -0.160797        0.011443        0.194287
     C   23       -0.338666        0.194287        0.618917

     Cl  24        0.207486       -0.058202        0.041177
     Cl  24       -0.058202        0.237866        0.104593
     Cl  24        0.041177        0.104593       -0.445352

     ----- ionic term -----
     Cl   1        0.186713       -0.220904        0.084729
     Cl   1       -0.220904       -0.045197       -0.037155
     Cl   1        0.084729       -0.037155       -0.141516

     C    2        0.187376       -0.210395        0.342115
     C    2       -0.210395        0.077763        0.323610
     C    2        0.342115        0.323610       -0.265139

     C    3        0.147186       -0.307747        0.256808
     C    3       -0.307747        0.133476        0.295057
     C    3        0.256808        0.295057       -0.280662

     H    4        0.396155        0.255316        0.742035
     H    4        0.255316       -0.392070        0.273035
     H    4        0.742035        0.273035       -0.004085

     C    5        0.165318       -0.211959        0.360870
     C    5       -0.211959        0.037604        0.282593
     C    5        0.360870        0.282593       -0.202922

     H    6       -0.531101       -0.028275       -0.002393
     H    6       -0.028275        0.654116        0.698307
     H    6       -0.002393        0.698307       -0.123016

     H    7       -0.510239       -0.149032        0.061429
     H    7       -0.149032        0.785418       -0.651814
     H    7        0.061429       -0.651814       -0.275179

     C    8        0.381588        0.136244        0.023749
     C    8        0.136244        0.061393       -0.334576
     C    8        0.023749       -0.334576       -0.442981

     H    9        0.752788       -0.308350        0.568721
     H    9       -0.308350       -0.490856       -0.209226
     H    9        0.568721       -0.209226       -0.261933

     C   10        0.269835        0.180466        0.042980
     C   10        0.180466        0.083240       -0.408785
     C   10        0.042980       -0.408785       -0.353075

     C   11        0.349333        0.027588        0.073436
     C   11        0.027588        0.019949       -0.412185
     C   11        0.073436       -0.412185       -0.369281

     Cl  12        0.134818        0.168212       -0.079491
     Cl  12        0.168212       -0.023394       -0.047469
     Cl  12       -0.079491       -0.047469       -0.111425

     H   13       -0.507074       -0.116041       -0.041852
     H   13       -0.116041        0.783495        0.610720
     H   13       -0.041852        0.610720       -0.276421

     C   14        0.242824       -0.255072        0.353783
     C   14       -0.255072        0.099407        0.233060
     C   14        0.353783        0.233060       -0.342232

     H   15        0.317813        0.352928        0.726913
     H   15        0.352928       -0.323745        0.358677
     H   15        0.726913        0.358677        0.005932

     C   16        0.114322       -0.310372        0.276490
     C   16       -0.310372        0.229023        0.297449
     C   16        0.276490        0.297449       -0.343345

     C   17        0.077191       -0.242292        0.351458
     C   17       -0.242292        0.169742        0.332755
     C   17        0.351458        0.332755       -0.246933

     Cl  18        0.151741       -0.211168        0.074546
     Cl  18       -0.211168        0.001831       -0.038591
     Cl  18        0.074546       -0.038591       -0.153571

     H   19       -0.526043       -0.126579        0.059113
     H   19       -0.126579        0.658464       -0.748006
     H   19        0.059113       -0.748006       -0.132421

     C   20        0.391323        0.114704        0.056187
     C   20        0.114704        0.016412       -0.368869
     C   20        0.056187       -0.368869       -0.407735

     H   21        0.816983       -0.137430        0.548457
     H   21       -0.137430       -0.504608       -0.147319
     H   21        0.548457       -0.147319       -0.312374

     C   22        0.241324        0.225648        0.038561
     C   22        0.225648        0.106718       -0.435469
     C   22        0.038561       -0.435469       -0.348043

     C   23        0.216022        0.075527        0.056985
     C   23        0.075527        0.136925       -0.452139
     C   23        0.056985       -0.452139       -0.352947

     Cl  24        0.098758        0.208689       -0.064846
     Cl  24        0.208689        0.020936       -0.046308
     Cl  24       -0.064846       -0.046308       -0.119694

     ----- GIPAW term -----
     Cl   1       -0.624056       -1.363741        0.074110
     Cl   1       -1.363741       -1.044526       -1.036680
     Cl   1        0.074110       -1.036680        1.668582

     C    2       -0.120319       -0.024472       -0.059577
     C    2       -0.024472        0.122922       -0.222402
     C    2       -0.059577       -0.222402       -0.002604

     C    3        0.073489        0.180061       -0.160256
     C    3        0.180061       -0.089389       -0.131015
     C    3       -0.160256       -0.131015        0.015900

     H    4       -0.000000        0.000000        0.000000
     H    4        0.000000        0.000000        0.000000
     H    4        0.000000        0.000000        0.000000

     C    5        0.071368        0.217552       -0.009502
     C    5        0.217552        0.050611        0.035013
     C    5       -0.009502        0.035013       -0.121979

     H    6       -0.000000        0.000000        0.000000
     H    6        0.000000        0.000000        0.000000
     H    6        0.000000        0.000000        0.000000

     H    7       -0.000000        0.000000        0.000000
     H    7        0.000000        0.000000        0.000000
     H    7        0.000000        0.000000        0.000000

     C    8       -0.032745       -0.173400       -0.029673
     C    8       -0.173400        0.111074        0.128608
     C    8       -0.029673        0.128608       -0.078329

     H    9       -0.000000        0.000000        0.000000
     H    9        0.000000        0.000000        0.000000
     H    9        0.000000        0.000000        0.000000

     C   10       -0.111582       -0.045240       -0.032723
     C   10       -0.045240        0.067688        0.131275
     C   10       -0.032723        0.131275        0.043894

     C   11       -0.075721        0.117489       -0.002096
     C   11        0.117489        0.014756        0.206966
     C   11       -0.002096        0.206966        0.060965

     Cl  12        0.301338        0.008499       -0.202576
     Cl  12        0.008499       -0.113973       -0.347788
     Cl  12       -0.202576       -0.347788       -0.187365

     H   13       -0.000000        0.000000        0.000000
     H   13        0.000000        0.000000        0.000000
     H   13        0.000000        0.000000        0.000000

     C   14       -0.093958       -0.116661       -0.034674
     C   14       -0.116661        0.240667       -0.121493
     C   14       -0.034674       -0.121493       -0.146709

     H   15       -0.000000        0.000000        0.000000
     H   15        0.000000        0.000000        0.000000
     H   15        0.000000        0.000000        0.000000

     C   16       -0.157626       -0.062922       -0.084049
     C   16       -0.062922        0.176694        0.114760
     C   16       -0.084049        0.114760       -0.019068

     C   17       -0.064390       -0.013452        0.050104
     C   17       -0.013452        0.005593        0.186155
     C   17        0.050104        0.186155        0.058797

     Cl  18       -0.620517       -0.363287        0.337968
     Cl  18       -0.363287       -0.520345        0.923056
     Cl  18        0.337968        0.923056        1.140862

     H   19       -0.000000        0.000000        0.000000
     H   19        0.000000        0.000000        0.000000
     H   19        0.000000        0.000000        0.000000

     C   20       -0.016569        0.126731        0.004889
     C   20        0.126731        0.086877        0.031108
     C   20        0.004889        0.031108       -0.070308

     H   21       -0.000000        0.000000        0.000000
     H   21        0.000000        0.000000        0.000000
     H   21        0.000000        0.000000        0.000000

     C   22       -0.039298        0.088414       -0.191440
     C   22        0.088414       -0.135761       -0.064641
     C   22       -0.191440       -0.064641        0.175059

     C   23       -0.156468        0.079365       -0.102957
     C   23        0.079365       -0.084425       -0.080989
     C   23       -0.102957       -0.080989        0.240893

     Cl  24       -0.263527        0.832729       -0.062991
     Cl  24        0.832729       -0.677234       -0.350794
     Cl  24       -0.062991       -0.350794        0.940761

     ----- total EFG -----
     Cl   1       -0.416151       -1.550811        0.083756
     Cl   1       -1.550811       -1.072715       -1.003126
     Cl   1        0.083756       -1.003126        1.488866

     C    2       -0.321985        0.058693       -0.050306
     C    2        0.058693        0.228753       -0.365943
     C    2       -0.050306       -0.365943        0.093232

     C    3        0.260875        0.403237       -0.133633
     C    3        0.403237       -0.289428       -0.299282
     C    3       -0.133633       -0.299282        0.028553

     H    4        0.385718        0.102708        0.435196
     H    4        0.102708        0.098221        0.278700
     H    4        0.435196        0.278700       -0.483939

     C    5       -0.210511        0.315942       -0.126250
     C    5        0.315942        0.365131        0.133814
     C    5       -0.126250        0.133814       -0.154620

     H    6       -0.540825       -0.004415        0.111985
     H    6       -0.004415        0.454606        0.162231
     H    6        0.111985        0.162231        0.086220

     H    7       -0.175945        0.229820        0.070876
     H    7        0.229820        0.089380       -0.465880
     H    7        0.070876       -0.465880        0.086565

     C    8        0.198361       -0.379589       -0.212591
     C    8       -0.379589        0.075515        0.272794
     C    8       -0.212591        0.272794       -0.273876

     H    9        0.389273        0.202323        0.623549
     H    9        0.202323       -0.394229       -0.352937
     H    9        0.623549       -0.352937        0.004956

     C   10       -0.161577       -0.093199       -0.030400
     C   10       -0.093199        0.134507       -0.028229
     C   10       -0.030400       -0.028229        0.027071

     C   11        0.095503        0.371015       -0.203277
     C   11        0.371015        0.006506        0.394117
     C   11       -0.203277        0.394117       -0.102009

     Cl  12        0.728523        0.001956       -0.196261
     Cl  12        0.001956       -0.016569       -0.954963
     Cl  12       -0.196261       -0.954963       -0.711953

     H   13       -0.202947        0.140253       -0.107766
     H   13        0.140253        0.112759        0.481977
     H   13       -0.107766        0.481977        0.090189

     C   14        0.004979       -0.536740       -0.018310
     C   14       -0.536740        0.411701       -0.405382
     C   14       -0.018310       -0.405382       -0.416680

     H   15        0.396452        0.266469        0.451686
     H   15        0.266469       -0.374550       -0.147794
     H   15        0.451686       -0.147794       -0.021902

     C   16       -0.755233       -0.016050       -0.164638
     C   16       -0.016050        0.674682        0.354568
     C   16       -0.164638        0.354568        0.080551

     C   17        0.131428       -0.137193        0.299374
     C   17       -0.137193       -0.280849        0.136617
     C   17        0.299374        0.136617        0.149421

     Cl  18       -0.398966       -0.371931        0.380989
     Cl  18       -0.371931       -0.440052        0.660361
     Cl  18        0.380989        0.660361        0.839018

     H   19       -0.331993       -0.093888       -0.186233
     H   19       -0.093888        0.349792       -0.247785
     H   19       -0.186233       -0.247785       -0.017799

     C   20       -0.092669       -0.066558       -0.138053
     C   20       -0.066558        0.184801       -0.087071
     C   20       -0.138053       -0.087071       -0.092132

     H   21        0.233790       -0.242239        0.608956
     H   21       -0.242239       -0.222650        0.163836
     H   21        0.608956        0.163836       -0.011141

     C   22        0.212976        0.353838       -0.479149
     C   22        0.353838       -0.494267       -0.087250
     C   22       -0.479149       -0.087250        0.281291

     C   23       -0.570807       -0.005905       -0.384638
     C   23       -0.005905        0.063943       -0.338840
     C   23       -0.384638       -0.338840        0.506863

     Cl  24        0.042718        0.983216       -0.086660
     Cl  24        0.983216       -0.418432       -0.292508
     Cl  24       -0.086660       -0.292508        0.375714

     ----- total EFG (symmetrized) -----
     Cl   1       -0.416151       -1.550811        0.083756
     Cl   1       -1.550811       -1.072715       -1.003126
     Cl   1        0.083756       -1.003126        1.488866

     C    2       -0.321985        0.058693       -0.050306
     C    2        0.058693        0.228753       -0.365943
     C    2       -0.050306       -0.365943        0.093232

     C    3        0.260875        0.403237       -0.133633
     C    3        0.403237       -0.289428       -0.299282
     C    3       -0.133633       -0.299282        0.028553

     H    4        0.385718        0.102708        0.435196
     H    4        0.102708        0.098221        0.278700
     H    4        0.435196        0.278700       -0.483939

     C    5       -0.210511        0.315942       -0.126250
     C    5        0.315942        0.365131        0.133814
     C    5       -0.126250        0.133814       -0.154620

     H    6       -0.540825       -0.004415        0.111985
     H    6       -0.004415        0.454606        0.162231
     H    6        0.111985        0.162231        0.086220

     H    7       -0.175945        0.229820        0.070876
     H    7        0.229820        0.089380       -0.465880
     H    7        0.070876       -0.465880        0.086565

     C    8        0.198361       -0.379589       -0.212591
     C    8       -0.379589        0.075515        0.272794
     C    8       -0.212591        0.272794       -0.273876

     H    9        0.389273        0.202323        0.623549
     H    9        0.202323       -0.394229       -0.352937
     H    9        0.623549       -0.352937        0.004956

     C   10       -0.161577       -0.093199       -0.030400
     C   10       -0.093199        0.134507       -0.028229
     C   10       -0.030400       -0.028229        0.027071

     C   11        0.095503        0.371015       -0.203277
     C   11        0.371015        0.006506        0.394117
     C   11       -0.203277        0.394117       -0.102009

     Cl  12        0.728523        0.001956       -0.196261
     Cl  12        0.001956       -0.016569       -0.954963
     Cl  12       -0.196261       -0.954963       -0.711953

     H   13       -0.202947        0.140253       -0.107766
     H   13        0.140253        0.112759        0.481977
     H   13       -0.107766        0.481977        0.090189

     C   14        0.004979       -0.536740       -0.018310
     C   14       -0.536740        0.411701       -0.405382
     C   14       -0.018310       -0.405382       -0.416680

     H   15        0.396452        0.266469        0.451686
     H   15        0.266469       -0.374550       -0.147794
     H   15        0.451686       -0.147794       -0.021902

     C   16       -0.755233       -0.016050       -0.164638
     C   16       -0.016050        0.674682        0.354568
     C   16       -0.164638        0.354568        0.080551

     C   17        0.131428       -0.137193        0.299374
     C   17       -0.137193       -0.280849        0.136617
     C   17        0.299374        0.136617        0.149421

     Cl  18       -0.398966       -0.371931        0.380989
     Cl  18       -0.371931       -0.440052        0.660361
     Cl  18        0.380989        0.660361        0.839018

     H   19       -0.331993       -0.093888       -0.186233
     H   19       -0.093888        0.349792       -0.247785
     H   19       -0.186233       -0.247785       -0.017799

     C   20       -0.092669       -0.066558       -0.138053
     C   20       -0.066558        0.184801       -0.087071
     C   20       -0.138053       -0.087071       -0.092132

     H   21        0.233790       -0.242239        0.608956
     H   21       -0.242239       -0.222650        0.163836
     H   21        0.608956        0.163836       -0.011141

     C   22        0.212976        0.353838       -0.479149
     C   22        0.353838       -0.494267       -0.087250
     C   22       -0.479149       -0.087250        0.281291

     C   23       -0.570807       -0.005905       -0.384638
     C   23       -0.005905        0.063943       -0.338840
     C   23       -0.384638       -0.338840        0.506863

     Cl  24        0.042718        0.983216       -0.086660
     Cl  24        0.983216       -0.418432       -0.292508
     Cl  24       -0.086660       -0.292508        0.375714


     NQR/NMR SPECTROSCOPIC PARAMETERS:
     Cl   1    Vxx=    0.4468    axis=(  0.751164 -0.444366 -0.488151)
     Cl   1    Vyy=    2.0213    axis=(  0.301178 -0.427334  0.852454)
     Cl   1    Vzz=   -2.4682    axis=( -0.587405 -0.787353 -0.187165)
     Cl   1  Q=        -8.1650 1e-30 m^2  Cq=        47.3503 MHz  eta= 0.63792

     C    2    Vxx=   -0.2112    axis=( -0.009592  0.640239  0.768116)
     C    2    Vyy=   -0.3289    axis=(  0.995958 -0.062483  0.064519)
     C    2    Vzz=    0.5401    axis=(  0.089302  0.765630 -0.637052)
     C    2  Q=         1.0000 1e-30 m^2  Cq=         1.2690 MHz  eta= 0.21805

     C    3    Vxx=   -0.0210    axis=(  0.546024 -0.106267  0.831002)
     C    3    Vyy=   -0.5777    axis=( -0.360729  0.865438  0.347694)
     C    3    Vzz=    0.5987    axis=( -0.756130 -0.489616  0.434217)
     C    3  Q=         1.0000 1e-30 m^2  Cq=         1.4068 MHz  eta= 0.92991

     H    4    Vxx=    0.0788    axis=(  0.441086 -0.891814 -0.100553)
     H    4    Vyy=    0.6456    axis=(  0.834407  0.366256  0.411852)
     H    4    Vzz=   -0.7245    axis=( -0.330467 -0.265564  0.905686)
     H    4  Q=         1.0000 1e-30 m^2  Cq=        -1.7022 MHz  eta= 0.78233

     C    5    Vxx=   -0.0633    axis=( -0.506340  0.106096  0.855782)
     C    5    Vyy=   -0.4494    axis=( -0.773436  0.382980 -0.505098)
     C    5    Vzz=    0.5127    axis=( -0.381336 -0.917644 -0.111860)
     C    5  Q=         1.0000 1e-30 m^2  Cq=         1.2047 MHz  eta= 0.75296

     H    6    Vxx=    0.0442    axis=(  0.178015 -0.360086  0.915778)
     H    6    Vyy=    0.5171    axis=(  0.034211  0.932344  0.359950)
     H    6    Vzz=   -0.5613    axis=( -0.983433 -0.032746  0.178291)
     H    6  Q=         1.0000 1e-30 m^2  Cq=        -1.3188 MHz  eta= 0.84251

     H    7    Vxx=   -0.0564    axis=( -0.824584 -0.276832 -0.493382)
     H    7    Vyy=   -0.5156    axis=( -0.543003  0.632030  0.552888)
     H    7    Vzz=    0.5720    axis=(  0.158776  0.723811 -0.671482)
     H    7  Q=         1.0000 1e-30 m^2  Cq=         1.3440 MHz  eta= 0.80286

     C    8    Vxx=   -0.2236    axis=(  0.717623  0.618282  0.320538)
     C    8    Vyy=   -0.4232    axis=( -0.013111  0.472171 -0.881410)
     C    8    Vzz=    0.6468    axis=( -0.696308  0.628317  0.346947)
     C    8  Q=         1.0000 1e-30 m^2  Cq=         1.5198 MHz  eta= 0.30849

     H    9    Vxx=   -0.0209    axis=(  0.435858  0.731669 -0.524107)
     H    9    Vyy=   -0.8307    axis=( -0.419858  0.680380  0.600668)
     H    9    Vzz=    0.8516    axis=( -0.796082  0.041755 -0.603746)
     H    9  Q=         1.0000 1e-30 m^2  Cq=         2.0008 MHz  eta= 0.95094

     C   10    Vxx=    0.0307    axis=( -0.197248  0.088380  0.976362)
     C   10    Vyy=    0.1640    axis=(  0.260481 -0.955405  0.139106)
     C   10    Vzz=   -0.1947    axis=(  0.945115  0.281763  0.165431)
     C   10  Q=         1.0000 1e-30 m^2  Cq=        -0.4574 MHz  eta= 0.68506

     C   11    Vxx=    0.1989    axis=( -0.657475  0.212774  0.722809)
     C   11    Vyy=    0.4613    axis=(  0.585406  0.748201  0.312242)
     C   11    Vzz=   -0.6602    axis=( -0.474369  0.628429 -0.616483)
     C   11  Q=         1.0000 1e-30 m^2  Cq=        -1.5512 MHz  eta= 0.39740

     Cl  12    Vxx=    0.5742    axis=( -0.562847  0.702422 -0.435668)
     Cl  12    Vyy=    0.8184    axis=(  0.823126  0.428322 -0.372833)
     Cl  12    Vzz=   -1.3926    axis=(  0.075279  0.568458  0.819261)
     Cl  12  Q=        -8.1650 1e-30 m^2  Cq=        26.7164 MHz  eta= 0.17540

     H   13    Vxx=   -0.0961    axis=( -0.851233 -0.343640  0.396628)
     H   13    Vyy=   -0.4883    axis=( -0.523743  0.603961 -0.600770)
     H   13    Vzz=    0.5844    axis=( -0.033099 -0.719126 -0.694091)
     H   13  Q=         1.0000 1e-30 m^2  Cq=         1.3731 MHz  eta= 0.67107

     C   14    Vxx=   -0.1871    axis=( -0.762343 -0.292507  0.577298)
     C   14    Vyy=   -0.6798    axis=( -0.401533 -0.485798 -0.776384)
     C   14    Vzz=    0.8669    axis=(  0.507548 -0.823675  0.252893)
     C   14  Q=         1.0000 1e-30 m^2  Cq=         2.0369 MHz  eta= 0.56835

     H   15    Vxx=   -0.0843    axis=(  0.306786  0.640254 -0.704242)
     H   15    Vyy=   -0.6216    axis=( -0.420792  0.754921  0.503020)
     H   15    Vzz=    0.7059    axis=( -0.853708 -0.142020 -0.501013)
     H   15  Q=         1.0000 1e-30 m^2  Cq=         1.6585 MHz  eta= 0.76114

     C   16    Vxx=   -0.0563    axis=( -0.197447 -0.431358  0.880310)
     C   16    Vyy=   -0.7884    axis=( -0.978866  0.037961 -0.200951)
     C   16    Vzz=    0.8447    axis=(  0.053264 -0.901382 -0.429737)
     C   16  Q=         1.0000 1e-30 m^2  Cq=         1.9846 MHz  eta= 0.86678

     C   17    Vxx=   -0.0170    axis=( -0.580844  0.591593  0.559140)
     C   17    Vyy=   -0.4229    axis=(  0.422934  0.806227 -0.413671)
     C   17    Vzz=    0.4399    axis=(  0.695519  0.003800  0.718498)
     C   17  Q=         1.0000 1e-30 m^2  Cq=         1.0337 MHz  eta= 0.92259

     Cl  18    Vxx=   -0.0659    axis=(  0.792018 -0.601336  0.105368)
     Cl  18    Vyy=   -1.0827    axis=(  0.593410  0.717748 -0.364284)
     Cl  18    Vzz=    1.1486    axis=(  0.143429  0.351046  0.925308)
     Cl  18  Q=        -8.1650 1e-30 m^2  Cq=       -22.0354 MHz  eta= 0.88526

     H   19    Vxx=   -0.0082    axis=( -0.541486  0.377830  0.751024)
     H   19    Vyy=   -0.4663    axis=(  0.840709  0.243552  0.483622)
     H   19    Vzz=    0.4745    axis=(  0.000187 -0.893268  0.449525)
     H   19  Q=         1.0000 1e-30 m^2  Cq=         1.1149 MHz  eta= 0.96551

     C   20    Vxx=    0.0445    axis=(  0.726051 -0.079448 -0.683035)
     C   20    Vyy=    0.2127    axis=( -0.108097  0.967766 -0.227472)
     C   20    Vzz=   -0.2572    axis=(  0.679091  0.238990  0.694060)
     C   20  Q=         1.0000 1e-30 m^2  Cq=        -0.6043 MHz  eta= 0.65404

     H   21    Vxx=   -0.0578    axis=(  0.263188 -0.846518 -0.462752)
     H   21    Vyy=   -0.6825    axis=(  0.563137  0.524266 -0.638766)
     H   21    Vzz=    0.7402    axis=( -0.783332  0.092478 -0.614686)
     H   21  Q=         1.0000 1e-30 m^2  Cq=         1.7393 MHz  eta= 0.84390

     C   22    Vxx=   -0.1458    axis=(  0.569096  0.397631  0.719736)
     C   22    Vyy=   -0.6557    axis=(  0.439693 -0.886809  0.142268)
     C   22    Vzz=    0.8015    axis=(  0.694838  0.235499 -0.679515)
     C   22  Q=         1.0000 1e-30 m^2  Cq=         1.8832 MHz  eta= 0.63624

     C   23    Vxx=   -0.0653    axis=(  0.274321 -0.896933 -0.346785)
     C   23    Vyy=   -0.7110    axis=(  0.929058  0.154121  0.336300)
     C   23    Vzz=    0.7763    axis=( -0.248192 -0.414437  0.875581)
     C   23  Q=         1.0000 1e-30 m^2  Cq=         1.8239 MHz  eta= 0.83187

     Cl  24    Vxx=    0.2813    axis=(  0.393060  0.174941  0.902718)
     Cl  24    Vyy=    0.9361    axis=(  0.691105  0.591367 -0.415523)
     Cl  24    Vzz=   -1.2174    axis=( -0.606529  0.787198  0.111540)
     Cl  24  Q=        -8.1650 1e-30 m^2  Cq=        23.3559 MHz  eta= 0.53789

     Initialization:
     gipaw_setup  :      9.20s CPU     11.00s WALL (       1 calls)

     Linear response

     Apply operators

     Induced current

     Other routines
     efg          :      9.37s CPU     12.06s WALL (       1 calls)

     General routines
     calbec       :      3.38s CPU      4.67s WALL (      16 calls)
     fft          :      1.78s CPU      3.00s WALL (      15 calls)
     ffts         :      0.04s CPU      0.05s WALL (       2 calls)
     fftw         :      3.25s CPU      4.00s WALL (     672 calls)
     davcio       :      0.02s CPU      0.31s WALL (      32 calls)

     Parallel routines
     fft_scatter  :      2.44s CPU      4.14s WALL (     689 calls)

     Plugins

     GIPAW        :     60.82s CPU     72.09s WALL (       1 calls)
