
     Program QE v.6.0 (svn rev. 13079) starts on 28Dec2016 at 13:18:53 

     This program is part of the open-source Quantum ESPRESSO suite
     for quantum simulation of materials; please cite
         "P. Giannozzi et al., J. Phys.:Condens. Matter 21 395502 (2009);
          URL http://www.quantum-espresso.org", 
     in publications or presentations arising from this work. More details at
     http://www.quantum-espresso.org/quote

     Parallel version (MPI), running on     8 processors
     R & G space division:  proc/nbgrp/npool/nimage =       8

     ***** This is GIPAW svn revision unknown      *****

     Parallelizing q-star over 1 images

     Reading data from directory:
     /users/majewski/paradichlorobenzene/pbe/9_constraint/scratch/pbe.ecut100.np8.dt60.pcl2phi-129368.save
     Message from routine read_xml_file:
     file /users/majewski/paradichlorobenzene/pbe/9_constraint/scratch/pbe.ecut100.np8.dt60.pcl2phi-129368.save not guaranteed to be safe for post-processing

   Info: using nr1, nr2, nr3 values from input

   Info: using nr1, nr2, nr3 values from input

     IMPORTANT: XC functional enforced from input :
     Exchange-correlation      =  SLA  PW   PBX  PBC ( 1  4  3  4 0 0)
     Any further DFT definition will be discarded
     Please, verify this is what you really want

               file C.pbe-n-kjpaw_psl.1.0.0.UPF: wavefunction(s)  2S 2P renormalized
               file Cl.pbe-n-kjpaw_psl.1.0.0.UPF: wavefunction(s)  3S 3P renormalized
               file H.pbe-kjpaw_psl.1.0.0.UPF: wavefunction(s)  1S renormalized

     Parallelization info
     --------------------
     sticks:   dense  smooth     PW     G-vecs:    dense   smooth      PW
     Min        3057    1223    332               144436    36536    5170
     Max        3059    1225    333               144437    36537    5171
     Sum       24467    9791   2657              1155489   292295   41363


     Subspace diagonalization in iterative solution of the eigenvalue problem:
     a serial algorithm will be used

     GIPAW projectors -----------------------------------------------
     atom=  C    l=0  rc=    1.2000  rs=    0.8000
     atom=  C    l=0  rc=    1.2000  rs=    0.8000
     atom=  C    l=1  rc=    1.4000  rs=    0.9333
     atom=  C    l=1  rc=    1.4000  rs=    0.9333
     projs nearly linearly dependent: l=1  n1,n2= 1, 2  s=  0.99951561

     atom=  Cl   l=0  rc=    1.6000  rs=    1.0667
     atom=  Cl   l=0  rc=    1.6000  rs=    1.0667
     atom=  Cl   l=1  rc=    1.6000  rs=    1.0667
     atom=  Cl   l=1  rc=    1.6000  rs=    1.0667
     atom=  Cl   l=2  rc=    1.6000  rs=    1.0667
     atom=  Cl   l=2  rc=    1.6000  rs=    1.0667
     projs nearly linearly dependent: l=2  n1,n2= 1, 2  s=  0.99993509

     atom=  H    l=0  rc=    1.0000  rs=    0.6667
     atom=  H    l=0  rc=    1.0000  rs=    0.6667
     projs nearly linearly dependent: l=0  n1,n2= 1, 2  s=  0.99968852
     -----------------------------------------------------------------

     GIPAW integrals: -------------------------------------------
     Atom  i/j   nmr_para   nmr_dia   epr_rmc  epr_para   epr_dia
       C   1 1   0.83E+03  0.17E-01  0.93E+01  0.24E+08  0.24E+03
       C   2 1   0.86E+03 -0.61E-01  0.94E+01  0.25E+08  0.25E+03
       C   2 2   0.90E+03 -0.15E+00  0.97E+01  0.26E+08  0.26E+03
       C   3 3   0.33E+01  0.34E+00  0.18E+01  0.55E+03  0.21E+02
       C   4 3   0.35E+01  0.37E+00  0.20E+01  0.59E+03  0.22E+02
       C   4 4   0.38E+01  0.39E+00  0.22E+01  0.63E+03  0.24E+02
       Cl  1 1   0.14E+04 -0.47E+00  0.84E+01  0.32E+09  0.42E+03
       Cl  2 1   0.21E+04 -0.37E+00  0.12E+02  0.49E+09  0.65E+03
       Cl  2 2   0.33E+04 -0.16E+00  0.21E+02  0.76E+09  0.10E+04
       Cl  3 3   0.21E+02  0.79E-01  0.89E+01  0.23E+05  0.13E+03
       Cl  4 3   0.24E+02  0.67E-01  0.99E+01  0.27E+05  0.15E+03
       Cl  4 4   0.28E+02  0.44E-01  0.11E+02  0.32E+05  0.18E+03
       Cl  5 5   0.77E+00  0.19E+00  0.18E+01  0.12E+03  0.22E+02
       Cl  6 5   0.80E+00  0.19E+00  0.19E+01  0.12E+03  0.23E+02
       Cl  6 6   0.83E+00  0.20E+00  0.19E+01  0.12E+03  0.23E+02
       H   1 1   0.39E+02  0.19E+00  0.29E+00  0.78E+05  0.13E+02
       H   2 1   0.41E+02  0.21E+00  0.32E+00  0.82E+05  0.14E+02
       H   2 2   0.43E+02  0.22E+00  0.36E+00  0.86E+05  0.15E+02
     ------------------------------------------------------------

     alpha_pv=     34.2697 eV

     Number of occupied bands for each k-point:
     k-point:     1    nbnd_occ=  42
     k-point:     2    nbnd_occ=  42
     k-point:     3    nbnd_occ=  42
     k-point:     4    nbnd_occ=  42
     k-point:     5    nbnd_occ=  42
     k-point:     6    nbnd_occ=  42
     k-point:     7    nbnd_occ=  42
     k-point:     8    nbnd_occ=  42
     k-point:     9    nbnd_occ=  42
     k-point:    10    nbnd_occ=  42
     k-point:    11    nbnd_occ=  42
     k-point:    12    nbnd_occ=  42
     k-point:    13    nbnd_occ=  42
     k-point:    14    nbnd_occ=  42
     k-point:    15    nbnd_occ=  42
     k-point:    16    nbnd_occ=  42


     q-space interpolation up to   110.00 Rydberg

     GIPAW job: efg                                                                             


     ELECTRIC FIELD GRADIENTS TENSORS IN Hartree/bohrradius^2:

     ----- bare term -----
     Cl   1       -0.024715       -0.005312       -0.008741
     Cl   1       -0.005312       -0.014446        0.006162
     Cl   1       -0.008741        0.006162        0.039161

     C    2       -0.006605        0.287789       -0.149231
     C    2        0.287789       -0.283941       -0.497590
     C    2       -0.149231       -0.497590        0.290546

     C    3       -0.441980        0.146647       -0.226630
     C    3        0.146647       -0.095173       -0.337316
     C    3       -0.226630       -0.337316        0.537153

     H    4        0.049686       -0.114488       -0.501550
     H    4       -0.114488        0.484919       -0.105469
     H    4       -0.501550       -0.105469       -0.534605

     C    5       -0.197527        0.285271       -0.147553
     C    5        0.285271       -0.331847       -0.367833
     C    5       -0.147553       -0.367833        0.529374

     H    6        0.395666       -0.129868       -0.240003
     H    6       -0.129868       -0.122638       -0.545624
     H    6       -0.240003       -0.545624       -0.273027

     H    7        0.395167        0.099375       -0.038816
     H    7        0.099375       -0.569313        0.433803
     H    7       -0.038816        0.433803        0.174146

     C    8       -0.474320       -0.327395       -0.406277
     C    8       -0.327395       -0.025317        0.156780
     C    8       -0.406277        0.156780        0.499637

     H    9       -0.627239        0.339082        0.006862
     H    9        0.339082        0.384057        0.066738
     H    9        0.006862        0.066738        0.243181

     C   10       -0.048794       -0.085837       -0.404915
     C   10       -0.085837       -0.369279        0.492209
     C   10       -0.404915        0.492209        0.418072

     C   11       -0.300116       -0.202729       -0.368727
     C   11       -0.202729       -0.137064        0.481383
     C   11       -0.368727        0.481383        0.437180

     Cl  12       -0.077184        0.068987       -0.061623
     Cl  12        0.068987       -0.084385       -0.057232
     Cl  12       -0.061623       -0.057232        0.161569

     H   13        0.495518       -0.017941        0.130188
     H   13       -0.017941        0.086586       -0.138224
     H   13        0.130188       -0.138224       -0.582104

     C   14       -0.472813        0.300702       -0.369234
     C   14        0.300702        0.320174       -0.182601
     C   14       -0.369234       -0.182601        0.152639

     H   15        0.187214       -0.060990       -0.234402
     H   15       -0.060990        0.319057        0.227645
     H   15       -0.234402        0.227645       -0.506270

     C   16        0.176901        0.266165        0.027087
     C   16        0.266165       -0.178489       -0.376593
     C   16        0.027087       -0.376593        0.001588

     C   17       -0.400666        0.320710       -0.470822
     C   17        0.320710        0.235181       -0.300381
     C   17       -0.470822       -0.300381        0.165485

     Cl  18       -0.120507        0.076512       -0.119796
     Cl  18        0.076512       -0.087981       -0.100531
     Cl  18       -0.119796       -0.100531        0.208487

     H   19        0.300091       -0.260326       -0.099620
     H   19       -0.260326       -0.652156        0.176882
     H   19       -0.099620        0.176882        0.352066

     C   20       -0.236014        0.080332       -0.370785
     C   20        0.080332       -0.006374        0.528459
     C   20       -0.370785        0.528459        0.242388

     H   21       -0.285025        0.468700       -0.195513
     H   21        0.468700       -0.019554       -0.086006
     H   21       -0.195513       -0.086006        0.304579

     C   22       -0.423538       -0.348287       -0.094101
     C   22       -0.348287       -0.004849        0.432663
     C   22       -0.094101        0.432663        0.428387

     C   23       -0.025489        0.182531       -0.417892
     C   23        0.182531       -0.160724        0.559520
     C   23       -0.417892        0.559520        0.186213

     Cl  24       -0.218066       -0.165501        0.004045
     Cl  24       -0.165501        0.132535        0.086465
     Cl  24        0.004045        0.086465        0.085532

     ----- ionic term -----
     Cl   1        0.098168       -0.227117       -0.015627
     Cl   1       -0.227117        0.047687        0.016464
     Cl   1       -0.015627        0.016464       -0.145855

     C    2        0.077339       -0.308827        0.267180
     C    2       -0.308827        0.042044        0.387776
     C    2        0.267180        0.387776       -0.119382

     C    3        0.059828       -0.247019        0.214468
     C    3       -0.247019        0.072467        0.386535
     C    3        0.214468        0.386535       -0.132296

     H    4        0.378311        0.226270        0.762275
     H    4        0.226270       -0.488677        0.247760
     H    4        0.762275        0.247760        0.110366

     C    5        0.187897       -0.197121        0.340036
     C    5       -0.197121       -0.037730        0.277870
     C    5        0.340036        0.277870       -0.150167

     H    6       -0.525079        0.142630        0.114550
     H    6        0.142630        0.543476        0.762002
     H    6        0.114550        0.762002       -0.018397

     H    7       -0.513923        0.025166       -0.008966
     H    7        0.025166        0.737278       -0.664211
     H    7       -0.008966       -0.664211       -0.223355

     C    8        0.358501        0.223454        0.177782
     C    8        0.223454        0.049981       -0.313971
     C    8        0.177782       -0.313971       -0.408482

     H    9        0.688599       -0.385867        0.582463
     H    9       -0.385867       -0.396098       -0.249646
     H    9        0.582463       -0.249646       -0.292500

     C   10        0.214382        0.206105        0.134489
     C   10        0.206105        0.168189       -0.437005
     C   10        0.134489       -0.437005       -0.382571

     C   11        0.178478        0.075625        0.174418
     C   11        0.075625        0.210106       -0.452451
     C   11        0.174418       -0.452451       -0.388584

     Cl  12        0.121259        0.208854       -0.000853
     Cl  12        0.208854        0.023846       -0.008449
     Cl  12       -0.000853       -0.008449       -0.145105

     H   13       -0.503168        0.075999        0.124672
     H   13        0.075999        0.261723        0.778557
     H   13        0.124672        0.778557        0.241445

     C   14        0.179783       -0.287934        0.339457
     C   14       -0.287934       -0.080473        0.259115
     C   14        0.339457        0.259115       -0.099309

     H   15        0.175403        0.145020        0.775526
     H   15        0.145020       -0.485717        0.259150
     H   15        0.775526        0.259150        0.310314

     C   16       -0.011935       -0.341152        0.194455
     C   16       -0.341152        0.073769        0.434639
     C   16        0.194455        0.434639       -0.061834

     C   17        0.167654       -0.290630        0.337549
     C   17       -0.290630       -0.069717        0.387690
     C   17        0.337549        0.387690       -0.097937

     Cl  18        0.178173       -0.242372        0.045635
     Cl  18       -0.242372       -0.032200       -0.019351
     Cl  18        0.045635       -0.019351       -0.145973

     H   19       -0.494270        0.050881       -0.022611
     H   19        0.050881        0.814056       -0.594141
     H   19       -0.022611       -0.594141       -0.319787

     C   20        0.337702        0.169136        0.146576
     C   20        0.169136        0.145131       -0.293268
     C   20        0.146576       -0.293268       -0.482832

     H   21        0.751112       -0.423435        0.506932
     H   21       -0.423435       -0.358409       -0.229692
     H   21        0.506932       -0.229692       -0.392703

     C   22        0.219372        0.215316        0.121588
     C   22        0.215316        0.239976       -0.370104
     C   22        0.121588       -0.370104       -0.459348

     C   23        0.252698        0.167896        0.203303
     C   23        0.167896        0.159988       -0.384395
     C   23        0.203303       -0.384395       -0.412687

     Cl  24        0.160235        0.212162       -0.007589
     Cl  24        0.212162       -0.003410       -0.012901
     Cl  24       -0.007589       -0.012901       -0.156824

     ----- GIPAW term -----
     Cl   1        1.260214       -2.340827       -0.094137
     Cl   1       -2.340827       -0.007126        0.044306
     Cl   1       -0.094137        0.044306       -1.253088

     C    2        0.123595        0.002616        0.033420
     C    2        0.002616       -0.051972       -0.034127
     C    2        0.033420       -0.034127       -0.071623

     C    3       -0.171992       -0.000584        0.045740
     C    3       -0.000584       -0.088031       -0.031912
     C    3        0.045740       -0.031912        0.260024

     H    4       -0.000000        0.000000        0.000000
     H    4        0.000000        0.000000        0.000000
     H    4        0.000000        0.000000        0.000000

     C    5       -0.065847        0.062521        0.033632
     C    5        0.062521       -0.147325       -0.003710
     C    5        0.033632       -0.003710        0.213173

     H    6       -0.000000        0.000000        0.000000
     H    6        0.000000        0.000000        0.000000
     H    6        0.000000        0.000000        0.000000

     H    7       -0.000000        0.000000        0.000000
     H    7        0.000000        0.000000        0.000000
     H    7        0.000000        0.000000        0.000000

     C    8       -0.027444        0.029327       -0.143154
     C    8        0.029327       -0.026050       -0.056123
     C    8       -0.143154       -0.056123        0.053494

     H    9       -0.000000        0.000000        0.000000
     H    9        0.000000        0.000000        0.000000
     H    9        0.000000        0.000000        0.000000

     C   10        0.010939        0.008289       -0.230861
     C   10        0.008289       -0.140645        0.068322
     C   10       -0.230861        0.068322        0.129706

     C   11       -0.001333        0.035392       -0.186961
     C   11        0.035392       -0.098990        0.116025
     C   11       -0.186961        0.116025        0.100324

     Cl  12        0.426553        2.419211       -0.783945
     Cl  12        2.419211       -0.799984       -0.648129
     Cl  12       -0.783945       -0.648129        0.373432

     H   13       -0.000000        0.000000        0.000000
     H   13        0.000000        0.000000        0.000000
     H   13        0.000000        0.000000        0.000000

     C   14       -0.066710        0.142168       -0.093566
     C   14        0.142168        0.112610       -0.095250
     C   14       -0.093566       -0.095250       -0.045900

     H   15       -0.000000        0.000000        0.000000
     H   15        0.000000        0.000000        0.000000
     H   15        0.000000        0.000000        0.000000

     C   16       -0.008606        0.078325       -0.012296
     C   16        0.078325        0.062432       -0.071416
     C   16       -0.012296       -0.071416       -0.053826

     C   17       -0.038750        0.104723       -0.084439
     C   17        0.104723        0.206018       -0.051306
     C   17       -0.084439       -0.051306       -0.167268

     Cl  18        0.246938       -1.555625       -1.026215
     Cl  18       -1.555625       -0.669266       -1.022052
     Cl  18       -1.026215       -1.022052        0.422328

     H   19       -0.000000        0.000000        0.000000
     H   19        0.000000        0.000000        0.000000
     H   19        0.000000        0.000000        0.000000

     C   20       -0.043606        0.112357       -0.045586
     C   20        0.112357        0.092398        0.142449
     C   20       -0.045586        0.142449       -0.048791

     H   21       -0.000000        0.000000        0.000000
     H   21        0.000000        0.000000        0.000000
     H   21        0.000000        0.000000        0.000000

     C   22       -0.130708        0.046112        0.029933
     C   22        0.046112        0.129827        0.135219
     C   22        0.029933        0.135219        0.000880

     C   23        0.059651        0.215479       -0.097325
     C   23        0.215479        0.024399        0.036369
     C   23       -0.097325        0.036369       -0.084049

     Cl  24        0.098069        1.711196       -0.016003
     Cl  24        1.711196        1.294644        0.692631
     Cl  24       -0.016003        0.692631       -1.392712

     ----- total EFG -----
     Cl   1        1.333667       -2.573256       -0.118505
     Cl   1       -2.573256        0.026116        0.066932
     Cl   1       -0.118505        0.066932       -1.359783

     C    2        0.194329       -0.018422        0.151370
     C    2       -0.018422       -0.293869       -0.143940
     C    2        0.151370       -0.143940        0.099541

     C    3       -0.554144       -0.100956        0.033578
     C    3       -0.100956       -0.110737        0.017307
     C    3        0.033578        0.017307        0.664881

     H    4        0.427997        0.111782        0.260725
     H    4        0.111782       -0.003758        0.142291
     H    4        0.260725        0.142291       -0.424239

     C    5       -0.075477        0.150671        0.226115
     C    5        0.150671       -0.516903       -0.093673
     C    5        0.226115       -0.093673        0.592379

     H    6       -0.129413        0.012762       -0.125454
     H    6        0.012762        0.420838        0.216379
     H    6       -0.125454        0.216379       -0.291425

     H    7       -0.118756        0.124541       -0.047781
     H    7        0.124541        0.167965       -0.230407
     H    7       -0.047781       -0.230407       -0.049209

     C    8       -0.143263       -0.074614       -0.371649
     C    8       -0.074614       -0.001386       -0.213314
     C    8       -0.371649       -0.213314        0.144649

     H    9        0.061360       -0.046785        0.589325
     H    9       -0.046785       -0.012041       -0.182909
     H    9        0.589325       -0.182909       -0.049319

     C   10        0.176528        0.128558       -0.501287
     C   10        0.128558       -0.341734        0.123525
     C   10       -0.501287        0.123525        0.165207

     C   11       -0.122972       -0.091713       -0.381270
     C   11       -0.091713       -0.025948        0.144957
     C   11       -0.381270        0.144957        0.148920

     Cl  12        0.470628        2.697052       -0.846421
     Cl  12        2.697052       -0.860523       -0.713810
     Cl  12       -0.846421       -0.713810        0.389896

     H   13       -0.007649        0.058058        0.254860
     H   13        0.058058        0.348309        0.640333
     H   13        0.254860        0.640333       -0.340659

     C   14       -0.359741        0.154937       -0.123342
     C   14        0.154937        0.352311       -0.018737
     C   14       -0.123342       -0.018737        0.007430

     H   15        0.362617        0.084030        0.541124
     H   15        0.084030       -0.166660        0.486795
     H   15        0.541124        0.486795       -0.195957

     C   16        0.156360        0.003338        0.209246
     C   16        0.003338       -0.042289       -0.013370
     C   16        0.209246       -0.013370       -0.114071

     C   17       -0.271762        0.134803       -0.217712
     C   17        0.134803        0.371483        0.036003
     C   17       -0.217712        0.036003       -0.099720

     Cl  18        0.304604       -1.721485       -1.100377
     Cl  18       -1.721485       -0.789446       -1.141934
     Cl  18       -1.100377       -1.141934        0.484843

     H   19       -0.194179       -0.209445       -0.122231
     H   19       -0.209445        0.161900       -0.417260
     H   19       -0.122231       -0.417260        0.032279

     C   20        0.058081        0.361824       -0.269796
     C   20        0.361824        0.231154        0.377641
     C   20       -0.269796        0.377641       -0.289236

     H   21        0.466087        0.045265        0.311419
     H   21        0.045265       -0.377962       -0.315698
     H   21        0.311419       -0.315698       -0.088124

     C   22       -0.334874       -0.086859        0.057420
     C   22       -0.086859        0.364954        0.197778
     C   22        0.057420        0.197778       -0.030081

     C   23        0.286860        0.565906       -0.311914
     C   23        0.565906        0.023663        0.211494
     C   23       -0.311914        0.211494       -0.310523

     Cl  24        0.040237        1.757857       -0.019547
     Cl  24        1.757857        1.423768        0.766195
     Cl  24       -0.019547        0.766195       -1.464005

     ----- total EFG (symmetrized) -----
     Cl   1        1.333667       -2.573256       -0.118505
     Cl   1       -2.573256        0.026116        0.066932
     Cl   1       -0.118505        0.066932       -1.359783

     C    2        0.194329       -0.018422        0.151370
     C    2       -0.018422       -0.293869       -0.143940
     C    2        0.151370       -0.143940        0.099541

     C    3       -0.554144       -0.100956        0.033578
     C    3       -0.100956       -0.110737        0.017307
     C    3        0.033578        0.017307        0.664881

     H    4        0.427997        0.111782        0.260725
     H    4        0.111782       -0.003758        0.142291
     H    4        0.260725        0.142291       -0.424239

     C    5       -0.075477        0.150671        0.226115
     C    5        0.150671       -0.516903       -0.093673
     C    5        0.226115       -0.093673        0.592379

     H    6       -0.129413        0.012762       -0.125454
     H    6        0.012762        0.420838        0.216379
     H    6       -0.125454        0.216379       -0.291425

     H    7       -0.118756        0.124541       -0.047781
     H    7        0.124541        0.167965       -0.230407
     H    7       -0.047781       -0.230407       -0.049209

     C    8       -0.143263       -0.074614       -0.371649
     C    8       -0.074614       -0.001386       -0.213314
     C    8       -0.371649       -0.213314        0.144649

     H    9        0.061360       -0.046785        0.589325
     H    9       -0.046785       -0.012041       -0.182909
     H    9        0.589325       -0.182909       -0.049319

     C   10        0.176528        0.128558       -0.501287
     C   10        0.128558       -0.341734        0.123525
     C   10       -0.501287        0.123525        0.165207

     C   11       -0.122972       -0.091713       -0.381270
     C   11       -0.091713       -0.025948        0.144957
     C   11       -0.381270        0.144957        0.148920

     Cl  12        0.470628        2.697052       -0.846421
     Cl  12        2.697052       -0.860523       -0.713810
     Cl  12       -0.846421       -0.713810        0.389896

     H   13       -0.007649        0.058058        0.254860
     H   13        0.058058        0.348309        0.640333
     H   13        0.254860        0.640333       -0.340659

     C   14       -0.359741        0.154937       -0.123342
     C   14        0.154937        0.352311       -0.018737
     C   14       -0.123342       -0.018737        0.007430

     H   15        0.362617        0.084030        0.541124
     H   15        0.084030       -0.166660        0.486795
     H   15        0.541124        0.486795       -0.195957

     C   16        0.156360        0.003338        0.209246
     C   16        0.003338       -0.042289       -0.013370
     C   16        0.209246       -0.013370       -0.114071

     C   17       -0.271762        0.134803       -0.217712
     C   17        0.134803        0.371483        0.036003
     C   17       -0.217712        0.036003       -0.099720

     Cl  18        0.304604       -1.721485       -1.100377
     Cl  18       -1.721485       -0.789446       -1.141934
     Cl  18       -1.100377       -1.141934        0.484843

     H   19       -0.194179       -0.209445       -0.122231
     H   19       -0.209445        0.161900       -0.417260
     H   19       -0.122231       -0.417260        0.032279

     C   20        0.058081        0.361824       -0.269796
     C   20        0.361824        0.231154        0.377641
     C   20       -0.269796        0.377641       -0.289236

     H   21        0.466087        0.045265        0.311419
     H   21        0.045265       -0.377962       -0.315698
     H   21        0.311419       -0.315698       -0.088124

     C   22       -0.334874       -0.086859        0.057420
     C   22       -0.086859        0.364954        0.197778
     C   22        0.057420        0.197778       -0.030081

     C   23        0.286860        0.565906       -0.311914
     C   23        0.565906        0.023663        0.211494
     C   23       -0.311914        0.211494       -0.310523

     Cl  24        0.040237        1.757857       -0.019547
     Cl  24        1.757857        1.423768        0.766195
     Cl  24       -0.019547        0.766195       -1.464005


     NQR/NMR SPECTROSCOPIC PARAMETERS:
     Cl   1    Vxx=   -1.3630    axis=(  0.002646 -0.043237  0.999061)
     Cl   1    Vyy=   -1.9758    axis=( -0.614230 -0.788457 -0.032496)
     Cl   1    Vzz=    3.3388    axis=(  0.789122 -0.613568 -0.028643)
     Cl   1  Q=        -8.1650 1e-30 m^2  Cq=       -64.0524 MHz  eta= 0.18353

     C    2    Vxx=    0.0200    axis=( -0.645112 -0.286929  0.708168)
     C    2    Vyy=    0.3227    axis=(  0.761733 -0.168786  0.625520)
     C    2    Vzz=   -0.3427    axis=( -0.059951  0.942965  0.327449)
     C    2  Q=         1.0000 1e-30 m^2  Cq=        -0.8052 MHz  eta= 0.88345

     C    3    Vxx=   -0.0890    axis=(  0.212961 -0.976975  0.012945)
     C    3    Vyy=   -0.5771    axis=(  0.976716  0.212515 -0.029367)
     C    3    Vzz=    0.6661    axis=(  0.025940  0.018897  0.999485)
     C    3  Q=         1.0000 1e-30 m^2  Cq=         1.5650 MHz  eta= 0.73289

     H    4    Vxx=   -0.0208    axis=(  0.310706 -0.941403 -0.131237)
     H    4    Vyy=   -0.5206    axis=( -0.236002 -0.210153  0.948756)
     H    4    Vzz=    0.5414    axis=( -0.920742 -0.263812 -0.287469)
     H    4  Q=         1.0000 1e-30 m^2  Cq=         1.2721 MHz  eta= 0.92311

     C    5    Vxx=   -0.0782    axis=( -0.897443 -0.362038  0.252040)
     C    5    Vyy=   -0.5853    axis=( -0.336744  0.931321  0.138728)
     C    5    Vzz=    0.6635    axis=(  0.284955 -0.039628  0.957721)
     C    5  Q=         1.0000 1e-30 m^2  Cq=         1.5590 MHz  eta= 0.76430

     H    6    Vxx=   -0.0746    axis=(  0.912071  0.144153 -0.383858)
     H    6    Vyy=   -0.4076    axis=( -0.408425  0.236557 -0.881607)
     H    6    Vzz=    0.4822    axis=( -0.036282  0.960865  0.274632)
     H    6  Q=         1.0000 1e-30 m^2  Cq=         1.1330 MHz  eta= 0.69060

     H    7    Vxx=   -0.1429    axis=(  0.865602  0.023925  0.500161)
     H    7    Vyy=   -0.2077    axis=(  0.422326 -0.571530 -0.703558)
     H    7    Vzz=    0.3506    axis=( -0.269024 -0.820232  0.504822)
     H    7  Q=         1.0000 1e-30 m^2  Cq=         0.8238 MHz  eta= 0.18474

     C    8    Vxx=    0.0282    axis=(  0.485651 -0.872788 -0.048830)
     C    8    Vyy=    0.4434    axis=( -0.479596 -0.312734  0.819869)
     C    8    Vzz=   -0.4716    axis=( -0.730843 -0.374751 -0.570465)
     C    8  Q=         1.0000 1e-30 m^2  Cq=        -1.1081 MHz  eta= 0.88042

     H    9    Vxx=   -0.0321    axis=(  0.297063  0.954428  0.028662)
     H    9    Vyy=   -0.6047    axis=( -0.644948  0.178423  0.743107)
     H    9    Vzz=    0.6368    axis=(  0.704128 -0.239235  0.668559)
     H    9  Q=         1.0000 1e-30 m^2  Cq=         1.4963 MHz  eta= 0.89920

     C   10    Vxx=   -0.1578    axis=( -0.502265 -0.695801 -0.513411)
     C   10    Vyy=   -0.5144    axis=(  0.491192 -0.718219  0.492840)
     C   10    Vzz=    0.6722    axis=( -0.711660 -0.004647  0.702508)
     C   10  Q=         1.0000 1e-30 m^2  Cq=         1.5794 MHz  eta= 0.53053

     C   11    Vxx=   -0.0842    axis=(  0.207640  0.946064 -0.248695)
     C   11    Vyy=   -0.3920    axis=( -0.813808  0.026001 -0.580551)
     C   11    Vzz=    0.4762    axis=( -0.542772  0.322936  0.775313)
     C   11  Q=         1.0000 1e-30 m^2  Cq=         1.1189 MHz  eta= 0.64645

     Cl  12    Vxx=   -0.0709    axis=(  0.310792  0.227239  0.922914)
     Cl  12    Vyy=   -2.9734    axis=( -0.614557  0.788769  0.012743)
     Cl  12    Vzz=    3.0443    axis=( -0.725071 -0.571144  0.384794)
     Cl  12  Q=        -8.1650 1e-30 m^2  Cq=       -58.4036 MHz  eta= 0.95343

     H   13    Vxx=   -0.0025    axis=(  0.940985 -0.325422  0.092987)
     H   13    Vyy=   -0.7714    axis=( -0.246699 -0.471409  0.846707)
     H   13    Vzz=    0.7740    axis=( -0.231703 -0.819679 -0.523870)
     H   13  Q=         1.0000 1e-30 m^2  Cq=         1.8185 MHz  eta= 0.99343

     C   14    Vxx=    0.0341    axis=( -0.233037  0.169859  0.957519)
     C   14    Vyy=    0.3897    axis=(  0.219659  0.968374 -0.118326)
     C   14    Vzz=   -0.4239    axis=( -0.947335  0.182753 -0.262978)
     C   14  Q=         1.0000 1e-30 m^2  Cq=        -0.9959 MHz  eta= 0.83898

     H   15    Vxx=   -0.0321    axis=(  0.582876 -0.751751 -0.308426)
     H   15    Vyy=   -0.7808    axis=(  0.319986  0.561260 -0.763279)
     H   15    Vzz=    0.8129    axis=(  0.746903  0.346205  0.567695)
     H   15  Q=         1.0000 1e-30 m^2  Cq=         1.9099 MHz  eta= 0.92104

     C   16    Vxx=   -0.0414    axis=(  0.043817  0.997394 -0.057317)
     C   16    Vyy=   -0.2289    axis=( -0.476499  0.071290  0.876280)
     C   16    Vzz=    0.2703    axis=(  0.878082 -0.011085  0.478381)
     C   16  Q=         1.0000 1e-30 m^2  Cq=         0.6351 MHz  eta= 0.69389

     C   17    Vxx=    0.0426    axis=( -0.528292  0.124583  0.839873)
     C   17    Vyy=    0.3987    axis=( -0.202623 -0.979095  0.017782)
     C   17    Vzz=   -0.4413    axis=(  0.824531 -0.160784  0.542492)
     C   17  Q=         1.0000 1e-30 m^2  Cq=        -1.0369 MHz  eta= 0.80709

     Cl  18    Vxx=    1.1475    axis=(  0.101343 -0.570557  0.814981)
     Cl  18    Vyy=    1.6548    axis=(  0.829436 -0.403884 -0.385894)
     Cl  18    Vzz=   -2.8023    axis=(  0.549332  0.715082  0.432309)
     Cl  18  Q=        -8.1650 1e-30 m^2  Cq=        53.7602 MHz  eta= 0.18105

     H   19    Vxx=   -0.0287    axis=( -0.786123  0.308554  0.535543)
     H   19    Vyy=   -0.5002    axis=( -0.606449 -0.552305 -0.571995)
     H   19    Vzz=    0.5289    axis=(  0.119292 -0.774437  0.621302)
     H   19  Q=         1.0000 1e-30 m^2  Cq=         1.2427 MHz  eta= 0.89147

     C   20    Vxx=    0.1668    axis=( -0.718530  0.263841  0.643508)
     C   20    Vyy=    0.5456    axis=( -0.501627 -0.837495 -0.216732)
     C   20    Vzz=   -0.7124    axis=(  0.481752 -0.478529  0.734115)
     C   20  Q=         1.0000 1e-30 m^2  Cq=        -1.6740 MHz  eta= 0.53162

     H   21    Vxx=    0.0078    axis=(  0.404743  0.607088 -0.683833)
     H   21    Vyy=    0.6146    axis=( -0.892451  0.099274 -0.440086)
     H   21    Vzz=   -0.6224    axis=( -0.199284  0.788409  0.581977)
     H   21  Q=         1.0000 1e-30 m^2  Cq=        -1.4625 MHz  eta= 0.97486

     C   22    Vxx=   -0.0832    axis=(  0.316989 -0.330822  0.888861)
     C   22    Vyy=   -0.3681    axis=(  0.945448  0.184464 -0.268515)
     C   22    Vzz=    0.4513    axis=( -0.075132  0.925489  0.371248)
     C   22  Q=         1.0000 1e-30 m^2  Cq=         1.0605 MHz  eta= 0.63126

     C   23    Vxx=   -0.0137    axis=( -0.318162  0.581610  0.748668)
     C   23    Vyy=   -0.7360    axis=( -0.509410  0.561132 -0.652405)
     C   23    Vzz=    0.7496    axis=( -0.799547 -0.588949  0.117747)
     C   23  Q=         1.0000 1e-30 m^2  Cq=         1.7614 MHz  eta= 0.96354

     Cl  24    Vxx=   -0.8721    axis=(  0.747600 -0.393965 -0.534683)
     Cl  24    Vyy=   -1.8428    axis=( -0.383370  0.401414 -0.831802)
     Cl  24    Vzz=    2.7149    axis=(  0.542330  0.826836  0.149063)
     Cl  24  Q=        -8.1650 1e-30 m^2  Cq=       -52.0839 MHz  eta= 0.35752

     Initialization:
     gipaw_setup  :      9.47s CPU     12.43s WALL (       1 calls)

     Linear response

     Apply operators

     Induced current

     Other routines
     efg          :     10.25s CPU     19.32s WALL (       1 calls)

     General routines
     calbec       :      3.27s CPU      4.55s WALL (      16 calls)
     fft          :      1.83s CPU      2.94s WALL (      15 calls)
     ffts         :      0.04s CPU      0.05s WALL (       2 calls)
     fftw         :      4.24s CPU      6.97s WALL (     672 calls)
     davcio       :      0.04s CPU      4.59s WALL (      32 calls)

     Parallel routines
     fft_scatter  :      3.40s CPU      7.11s WALL (     689 calls)

     Plugins

     GIPAW        :     63.05s CPU     86.71s WALL (       1 calls)
