
     Program QE v.6.0 (svn rev. 13079) starts on 15Dec2016 at 14:16:40 

     This program is part of the open-source Quantum ESPRESSO suite
     for quantum simulation of materials; please cite
         "P. Giannozzi et al., J. Phys.:Condens. Matter 21 395502 (2009);
          URL http://www.quantum-espresso.org", 
     in publications or presentations arising from this work. More details at
     http://www.quantum-espresso.org/quote

     Parallel version (MPI), running on     8 processors
     R & G space division:  proc/nbgrp/npool/nimage =       8

     ***** This is GIPAW svn revision unknown      *****

     Parallelizing q-star over 1 images

     Reading data from directory:
     /users/majewski/paradichlorobenzene/pbe/9_constraint/scratch/pbe.ecut100.np8.dt60.pcl2phi-129368.save
     Message from routine read_xml_file:
     file /users/majewski/paradichlorobenzene/pbe/9_constraint/scratch/pbe.ecut100.np8.dt60.pcl2phi-129368.save not guaranteed to be safe for post-processing

   Info: using nr1, nr2, nr3 values from input

   Info: using nr1, nr2, nr3 values from input

     IMPORTANT: XC functional enforced from input :
     Exchange-correlation      =  SLA  PW   PBX  PBC ( 1  4  3  4 0 0)
     Any further DFT definition will be discarded
     Please, verify this is what you really want

               file C.pbe-n-kjpaw_psl.1.0.0.UPF: wavefunction(s)  2S 2P renormalized
               file Cl.pbe-n-kjpaw_psl.1.0.0.UPF: wavefunction(s)  3S 3P renormalized
               file H.pbe-kjpaw_psl.1.0.0.UPF: wavefunction(s)  1S renormalized

     Parallelization info
     --------------------
     sticks:   dense  smooth     PW     G-vecs:    dense   smooth      PW
     Min        3057    1223    332               144436    36536    5170
     Max        3059    1225    333               144437    36537    5171
     Sum       24467    9791   2657              1155489   292295   41363


     Subspace diagonalization in iterative solution of the eigenvalue problem:
     a serial algorithm will be used

     GIPAW projectors -----------------------------------------------
     atom=  C    l=0  rc=    1.2000  rs=    0.8000
     atom=  C    l=0  rc=    1.2000  rs=    0.8000
     atom=  C    l=1  rc=    1.4000  rs=    0.9333
     atom=  C    l=1  rc=    1.4000  rs=    0.9333
     projs nearly linearly dependent: l=1  n1,n2= 1, 2  s=  0.99951561

     atom=  Cl   l=0  rc=    1.6000  rs=    1.0667
     atom=  Cl   l=0  rc=    1.6000  rs=    1.0667
     atom=  Cl   l=1  rc=    1.6000  rs=    1.0667
     atom=  Cl   l=1  rc=    1.6000  rs=    1.0667
     atom=  Cl   l=2  rc=    1.6000  rs=    1.0667
     atom=  Cl   l=2  rc=    1.6000  rs=    1.0667
     projs nearly linearly dependent: l=2  n1,n2= 1, 2  s=  0.99993509

     atom=  H    l=0  rc=    1.0000  rs=    0.6667
     atom=  H    l=0  rc=    1.0000  rs=    0.6667
     projs nearly linearly dependent: l=0  n1,n2= 1, 2  s=  0.99968852
     -----------------------------------------------------------------

     GIPAW integrals: -------------------------------------------
     Atom  i/j   nmr_para   nmr_dia   epr_rmc  epr_para   epr_dia
       C   1 1   0.83E+03  0.17E-01  0.93E+01  0.24E+08  0.24E+03
       C   2 1   0.86E+03 -0.61E-01  0.94E+01  0.25E+08  0.25E+03
       C   2 2   0.90E+03 -0.15E+00  0.97E+01  0.26E+08  0.26E+03
       C   3 3   0.33E+01  0.34E+00  0.18E+01  0.55E+03  0.21E+02
       C   4 3   0.35E+01  0.37E+00  0.20E+01  0.59E+03  0.22E+02
       C   4 4   0.38E+01  0.39E+00  0.22E+01  0.63E+03  0.24E+02
       Cl  1 1   0.14E+04 -0.47E+00  0.84E+01  0.32E+09  0.42E+03
       Cl  2 1   0.21E+04 -0.37E+00  0.12E+02  0.49E+09  0.65E+03
       Cl  2 2   0.33E+04 -0.16E+00  0.21E+02  0.76E+09  0.10E+04
       Cl  3 3   0.21E+02  0.79E-01  0.89E+01  0.23E+05  0.13E+03
       Cl  4 3   0.24E+02  0.67E-01  0.99E+01  0.27E+05  0.15E+03
       Cl  4 4   0.28E+02  0.44E-01  0.11E+02  0.32E+05  0.18E+03
       Cl  5 5   0.77E+00  0.19E+00  0.18E+01  0.12E+03  0.22E+02
       Cl  6 5   0.80E+00  0.19E+00  0.19E+01  0.12E+03  0.23E+02
       Cl  6 6   0.83E+00  0.20E+00  0.19E+01  0.12E+03  0.23E+02
       H   1 1   0.39E+02  0.19E+00  0.29E+00  0.78E+05  0.13E+02
       H   2 1   0.41E+02  0.21E+00  0.32E+00  0.82E+05  0.14E+02
       H   2 2   0.43E+02  0.22E+00  0.36E+00  0.86E+05  0.15E+02
     ------------------------------------------------------------

     alpha_pv=     34.4098 eV

     Number of occupied bands for each k-point:
     k-point:     1    nbnd_occ=  42
     k-point:     2    nbnd_occ=  42
     k-point:     3    nbnd_occ=  42
     k-point:     4    nbnd_occ=  42
     k-point:     5    nbnd_occ=  42
     k-point:     6    nbnd_occ=  42
     k-point:     7    nbnd_occ=  42
     k-point:     8    nbnd_occ=  42
     k-point:     9    nbnd_occ=  42
     k-point:    10    nbnd_occ=  42
     k-point:    11    nbnd_occ=  42
     k-point:    12    nbnd_occ=  42
     k-point:    13    nbnd_occ=  42
     k-point:    14    nbnd_occ=  42
     k-point:    15    nbnd_occ=  42
     k-point:    16    nbnd_occ=  42


     q-space interpolation up to   110.00 Rydberg

     GIPAW job: efg                                                                             


     ELECTRIC FIELD GRADIENTS TENSORS IN Hartree/bohrradius^2:

     ----- bare term -----
     Cl   1        0.151424        0.052443       -0.086801
     Cl   1        0.052443        0.181532       -0.144309
     Cl   1       -0.086801       -0.144309       -0.332957

     C    2       -0.675452        0.076579       -0.195589
     C    2        0.076579        0.174152       -0.142658
     C    2       -0.195589       -0.142658        0.501301

     C    3        0.082549        0.088076       -0.146406
     C    3        0.088076       -0.368378       -0.464500
     C    3       -0.146406       -0.464500        0.285828

     H    4       -0.315369        0.286061       -0.307551
     H    4        0.286061       -0.080275       -0.272461
     H    4       -0.307551       -0.272461        0.395644

     C    5       -0.746747        0.310252       -0.295820
     C    5        0.310252        0.352689       -0.116269
     C    5       -0.295820       -0.116269        0.394058

     H    6        0.421195        0.121153       -0.305499
     H    6        0.121153       -0.147460       -0.283358
     H    6       -0.305499       -0.283358       -0.273735

     H    7        0.409772        0.001753        0.070870
     H    7        0.001753       -0.217077        0.541039
     H    7        0.070870        0.541039       -0.192695

     C    8       -0.312557       -0.241722       -0.310910
     C    8       -0.241722       -0.152265        0.422624
     C    8       -0.310910        0.422624        0.464823

     H    9        0.010320        0.005026       -0.506481
     H    9        0.005026        0.162874       -0.228550
     H    9       -0.506481       -0.228550       -0.173194

     C   10       -0.180317       -0.380616       -0.299956
     C   10       -0.380616       -0.238359        0.502407
     C   10       -0.299956        0.502407        0.418676

     C   11       -0.263409        0.004402       -0.354472
     C   11        0.004402       -0.087917        0.546397
     C   11       -0.354472        0.546397        0.351326

     Cl  12       -0.026079       -0.189360        0.117619
     Cl  12       -0.189360       -0.055011       -0.077890
     Cl  12        0.117619       -0.077890        0.081090

     H   13        0.322550       -0.089924       -0.354075
     H   13       -0.089924        0.062292       -0.394121
     H   13       -0.354075       -0.394121       -0.384843

     C   14       -0.051224        0.355831        0.057176
     C   14        0.355831       -0.318962       -0.309596
     C   14        0.057176       -0.309596        0.370186

     H   15       -0.394706        0.022217       -0.610003
     H   15        0.022217        0.359288       -0.022437
     H   15       -0.610003       -0.022437        0.035418

     C   16       -0.210118       -0.012557       -0.227580
     C   16       -0.012557       -0.155927       -0.535476
     C   16       -0.227580       -0.535476        0.366045

     C   17       -0.107315       -0.173974       -0.371949
     C   17       -0.173974       -0.081059       -0.640430
     C   17       -0.371949       -0.640430        0.188374

     Cl  18       -0.080661        0.110453        0.002763
     Cl  18        0.110453       -0.006647        0.011546
     Cl  18        0.002763        0.011546        0.087308

     H   19        0.360171        0.045108       -0.196862
     H   19        0.045108       -0.279251        0.485903
     H   19       -0.196862        0.485903       -0.080920

     C   20       -0.492429       -0.325385       -0.238158
     C   20       -0.325385        0.110724        0.425295
     C   20       -0.238158        0.425295        0.381705

     H   21        0.051209        0.050422       -0.478258
     H   21        0.050422        0.352938       -0.170154
     H   21       -0.478258       -0.170154       -0.404148

     C   22       -0.123301       -0.191893       -0.213195
     C   22       -0.191893       -0.102920        0.542806
     C   22       -0.213195        0.542806        0.226221

     C   23       -0.339855       -0.278941       -0.427394
     C   23       -0.278941        0.047835        0.448641
     C   23       -0.427394        0.448641        0.292020

     Cl  24       -0.042048       -0.063153       -0.098462
     Cl  24       -0.063153        0.041445        0.114582
     Cl  24       -0.098462        0.114582        0.000603

     ----- ionic term -----
     Cl   1        0.103889       -0.213491       -0.030280
     Cl   1       -0.213491        0.023452        0.032683
     Cl   1       -0.030280        0.032683       -0.127341

     C    2        0.173401       -0.182164        0.260389
     C    2       -0.182164       -0.016091        0.484903
     C    2        0.260389        0.484903       -0.157310

     C    3        0.149209       -0.321342        0.139539
     C    3       -0.321342        0.063854        0.482565
     C    3        0.139539        0.482565       -0.213063

     H    4        0.700508        0.059041        0.687182
     H    4        0.059041       -0.540518        0.119427
     H    4        0.687182        0.119427       -0.159989

     C    5        0.339535       -0.294604        0.179438
     C    5       -0.294604       -0.068251        0.359709
     C    5        0.179438        0.359709       -0.271284

     H    6       -0.515138        0.098200        0.106483
     H    6        0.098200        0.297018        0.826810
     H    6        0.106483        0.826810        0.218120

     H    7       -0.548145       -0.004743        0.024533
     H    7       -0.004743        0.553416       -0.764105
     H    7        0.024533       -0.764105       -0.005271

     C    8        0.135716        0.318586        0.301359
     C    8        0.318586        0.042361       -0.253273
     C    8        0.301359       -0.253273       -0.178078

     H    9        0.552476       -0.028991        0.746939
     H    9       -0.028991       -0.529081       -0.095361
     H    9        0.746939       -0.095361       -0.023395

     C   10        0.089355        0.370260        0.205054
     C   10        0.370260        0.070168       -0.334917
     C   10        0.205054       -0.334917       -0.159524

     C   11        0.133205        0.286218        0.281116
     C   11        0.286218        0.016915       -0.395639
     C   11        0.281116       -0.395639       -0.150120

     Cl  12        0.100775        0.228969        0.007262
     Cl  12        0.228969        0.050926       -0.008505
     Cl  12        0.007262       -0.008505       -0.151700

     H   13       -0.502226        0.228215        0.162493
     H   13        0.228215        0.599447        0.768790
     H   13        0.162493        0.768790       -0.097221

     C   14        0.281123       -0.161827        0.228903
     C   14       -0.161827       -0.046736        0.345131
     C   14        0.228903        0.345131       -0.234387

     H   15        0.658693        0.237691        0.692778
     H   15        0.237691       -0.534732        0.200886
     H   15        0.692778        0.200886       -0.123960

     C   16        0.146589       -0.158999        0.160346
     C   16       -0.158999        0.002151        0.460336
     C   16        0.160346        0.460336       -0.148740

     C   17        0.210095       -0.140948        0.220765
     C   17       -0.140948       -0.047812        0.454120
     C   17        0.220765        0.454120       -0.162283

     Cl  18        0.053644       -0.175138       -0.056385
     Cl  18       -0.175138        0.043095        0.046900
     Cl  18       -0.056385        0.046900       -0.096739

     H   19       -0.468726       -0.223632        0.125049
     H   19       -0.223632        0.757750       -0.607361
     H   19        0.125049       -0.607361       -0.289024

     C   20        0.265149        0.222599        0.340191
     C   20        0.222599        0.032872       -0.243920
     C   20        0.340191       -0.243920       -0.298022

     H   21        0.521282       -0.256531        0.721638
     H   21       -0.256531       -0.430806       -0.238608
     H   21        0.721638       -0.238608       -0.090476

     C   22        0.121922        0.267506        0.222145
     C   22        0.267506        0.136715       -0.356329
     C   22        0.222145       -0.356329       -0.258636

     C   23        0.085641        0.265032        0.321993
     C   23        0.265032        0.070434       -0.332599
     C   23        0.321993       -0.332599       -0.156075

     Cl  24        0.118141        0.211563        0.029790
     Cl  24        0.211563        0.012362        0.009085
     Cl  24        0.029790        0.009085       -0.130502

     ----- GIPAW term -----
     Cl   1       -0.339180       -0.700860        0.301687
     Cl   1       -0.700860       -0.652463        0.699890
     Cl   1        0.301687        0.699890        0.991643

     C    2       -0.128268       -0.020339        0.088412
     C    2       -0.020339       -0.057013        0.098136
     C    2        0.088412        0.098136        0.185281

     C    3       -0.114978       -0.032254       -0.018305
     C    3       -0.032254        0.108678        0.171263
     C    3       -0.018305        0.171263        0.006300

     H    4       -0.000000        0.000000        0.000000
     H    4        0.000000        0.000000        0.000000
     H    4        0.000000        0.000000        0.000000

     C    5       -0.148782       -0.129656       -0.036017
     C    5       -0.129656        0.245079        0.049399
     C    5       -0.036017        0.049399       -0.096297

     H    6       -0.000000        0.000000        0.000000
     H    6        0.000000        0.000000        0.000000
     H    6        0.000000        0.000000        0.000000

     H    7       -0.000000        0.000000        0.000000
     H    7        0.000000        0.000000        0.000000
     H    7        0.000000        0.000000        0.000000

     C    8       -0.049760       -0.038937       -0.054546
     C    8       -0.038937       -0.078499        0.090428
     C    8       -0.054546        0.090428        0.128259

     H    9       -0.000000        0.000000        0.000000
     H    9        0.000000        0.000000        0.000000
     H    9        0.000000        0.000000        0.000000

     C   10       -0.066112       -0.096288       -0.141403
     C   10       -0.096288       -0.058003        0.146778
     C   10       -0.141403        0.146778        0.124115

     C   11       -0.005144        0.132051       -0.070285
     C   11        0.132051       -0.029727        0.121248
     C   11       -0.070285        0.121248        0.034872

     Cl  12        1.401425        0.843735        1.068457
     Cl  12        0.843735       -0.355948       -0.720727
     Cl  12        1.068457       -0.720727       -1.045477

     H   13       -0.000000        0.000000        0.000000
     H   13        0.000000        0.000000        0.000000
     H   13        0.000000        0.000000        0.000000

     C   14       -0.051893        0.031009        0.091872
     C   14        0.031009       -0.154752       -0.052351
     C   14        0.091872       -0.052351        0.206645

     H   15       -0.000000        0.000000        0.000000
     H   15        0.000000        0.000000        0.000000
     H   15        0.000000        0.000000        0.000000

     C   16       -0.040726       -0.089345        0.065424
     C   16       -0.089345       -0.068582       -0.140566
     C   16        0.065424       -0.140566        0.109308

     C   17        0.044487       -0.204812       -0.047983
     C   17       -0.204812        0.036323       -0.141878
     C   17       -0.047983       -0.141878       -0.080810

     Cl  18       -0.743065       -1.040927        0.658903
     Cl  18       -1.040927       -1.501540        0.235327
     Cl  18        0.658903        0.235327        2.244605

     H   19       -0.000000        0.000000        0.000000
     H   19        0.000000        0.000000        0.000000
     H   19        0.000000        0.000000        0.000000

     C   20       -0.167122       -0.071111       -0.053977
     C   20       -0.071111        0.048655        0.226877
     C   20       -0.053977        0.226877        0.118467

     H   21       -0.000000        0.000000        0.000000
     H   21        0.000000        0.000000        0.000000
     H   21        0.000000        0.000000        0.000000

     C   22       -0.132067       -0.039412       -0.070945
     C   22       -0.039412        0.036423        0.227622
     C   22       -0.070945        0.227622        0.095644

     C   23       -0.091876       -0.032577       -0.116960
     C   23       -0.032577        0.114426        0.212293
     C   23       -0.116960        0.212293       -0.022550

     Cl  24       -0.010398        0.774130       -0.907493
     Cl  24        0.774130        1.231503        2.021500
     Cl  24       -0.907493        2.021500       -1.221105

     ----- total EFG -----
     Cl   1       -0.083866       -0.861908        0.184606
     Cl   1       -0.861908       -0.447479        0.588264
     Cl   1        0.184606        0.588264        0.531345

     C    2       -0.630320       -0.125924        0.153212
     C    2       -0.125924        0.101048        0.440381
     C    2        0.153212        0.440381        0.529272

     C    3        0.116780       -0.265520       -0.025172
     C    3       -0.265520       -0.195845        0.189328
     C    3       -0.025172        0.189328        0.079065

     H    4        0.385138        0.345102        0.379631
     H    4        0.345102       -0.620794       -0.153034
     H    4        0.379631       -0.153034        0.235655

     C    5       -0.555994       -0.114009       -0.152399
     C    5       -0.114009        0.529516        0.292839
     C    5       -0.152399        0.292839        0.026477

     H    6       -0.093942        0.219353       -0.199017
     H    6        0.219353        0.149558        0.543452
     H    6       -0.199017        0.543452       -0.055615

     H    7       -0.138373       -0.002989        0.095402
     H    7       -0.002989        0.336339       -0.223066
     H    7        0.095402       -0.223066       -0.197966

     C    8       -0.226600        0.037927       -0.064097
     C    8        0.037927       -0.188404        0.259780
     C    8       -0.064097        0.259780        0.415004

     H    9        0.562796       -0.023966        0.240457
     H    9       -0.023966       -0.366207       -0.323911
     H    9        0.240457       -0.323911       -0.196589

     C   10       -0.157074       -0.106645       -0.236305
     C   10       -0.106645       -0.226193        0.314267
     C   10       -0.236305        0.314267        0.383267

     C   11       -0.135349        0.422671       -0.143641
     C   11        0.422671       -0.100730        0.272006
     C   11       -0.143641        0.272006        0.236079

     Cl  12        1.476121        0.883344        1.193338
     Cl  12        0.883344       -0.360033       -0.807121
     Cl  12        1.193338       -0.807121       -1.116087

     H   13       -0.179676        0.138291       -0.191582
     H   13        0.138291        0.661739        0.374669
     H   13       -0.191582        0.374669       -0.482064

     C   14        0.178006        0.225013        0.377950
     C   14        0.225013       -0.520450       -0.016816
     C   14        0.377950       -0.016816        0.342445

     H   15        0.263987        0.259909        0.082775
     H   15        0.259909       -0.175445        0.178449
     H   15        0.082775        0.178449       -0.088542

     C   16       -0.104255       -0.260901       -0.001810
     C   16       -0.260901       -0.222359       -0.215706
     C   16       -0.001810       -0.215706        0.326614

     C   17        0.147266       -0.519734       -0.199168
     C   17       -0.519734       -0.092548       -0.328188
     C   17       -0.199168       -0.328188       -0.054718

     Cl  18       -0.770082       -1.105612        0.605281
     Cl  18       -1.105612       -1.465092        0.293773
     Cl  18        0.605281        0.293773        2.235174

     H   19       -0.108555       -0.178524       -0.071813
     H   19       -0.178524        0.478499       -0.121458
     H   19       -0.071813       -0.121458       -0.369944

     C   20       -0.394401       -0.173896        0.048056
     C   20       -0.173896        0.192251        0.408251
     C   20        0.048056        0.408251        0.202150

     H   21        0.572491       -0.206109        0.243380
     H   21       -0.206109       -0.077868       -0.408762
     H   21        0.243380       -0.408762       -0.494623

     C   22       -0.133446        0.036201       -0.061995
     C   22        0.036201        0.070218        0.414099
     C   22       -0.061995        0.414099        0.063228

     C   23       -0.346089       -0.046486       -0.222361
     C   23       -0.046486        0.232695        0.328335
     C   23       -0.222361        0.328335        0.113394

     Cl  24        0.065695        0.922539       -0.976165
     Cl  24        0.922539        1.285309        2.145167
     Cl  24       -0.976165        2.145167       -1.351004

     ----- total EFG (symmetrized) -----
     Cl   1       -0.083866       -0.861908        0.184606
     Cl   1       -0.861908       -0.447479        0.588264
     Cl   1        0.184606        0.588264        0.531345

     C    2       -0.630320       -0.125924        0.153212
     C    2       -0.125924        0.101048        0.440381
     C    2        0.153212        0.440381        0.529272

     C    3        0.116780       -0.265520       -0.025172
     C    3       -0.265520       -0.195845        0.189328
     C    3       -0.025172        0.189328        0.079065

     H    4        0.385138        0.345102        0.379631
     H    4        0.345102       -0.620794       -0.153034
     H    4        0.379631       -0.153034        0.235655

     C    5       -0.555994       -0.114009       -0.152399
     C    5       -0.114009        0.529516        0.292839
     C    5       -0.152399        0.292839        0.026477

     H    6       -0.093942        0.219353       -0.199017
     H    6        0.219353        0.149558        0.543452
     H    6       -0.199017        0.543452       -0.055615

     H    7       -0.138373       -0.002989        0.095402
     H    7       -0.002989        0.336339       -0.223066
     H    7        0.095402       -0.223066       -0.197966

     C    8       -0.226600        0.037927       -0.064097
     C    8        0.037927       -0.188404        0.259780
     C    8       -0.064097        0.259780        0.415004

     H    9        0.562796       -0.023966        0.240457
     H    9       -0.023966       -0.366207       -0.323911
     H    9        0.240457       -0.323911       -0.196589

     C   10       -0.157074       -0.106645       -0.236305
     C   10       -0.106645       -0.226193        0.314267
     C   10       -0.236305        0.314267        0.383267

     C   11       -0.135349        0.422671       -0.143641
     C   11        0.422671       -0.100730        0.272006
     C   11       -0.143641        0.272006        0.236079

     Cl  12        1.476121        0.883344        1.193338
     Cl  12        0.883344       -0.360033       -0.807121
     Cl  12        1.193338       -0.807121       -1.116087

     H   13       -0.179676        0.138291       -0.191582
     H   13        0.138291        0.661739        0.374669
     H   13       -0.191582        0.374669       -0.482064

     C   14        0.178006        0.225013        0.377950
     C   14        0.225013       -0.520450       -0.016816
     C   14        0.377950       -0.016816        0.342445

     H   15        0.263987        0.259909        0.082775
     H   15        0.259909       -0.175445        0.178449
     H   15        0.082775        0.178449       -0.088542

     C   16       -0.104255       -0.260901       -0.001810
     C   16       -0.260901       -0.222359       -0.215706
     C   16       -0.001810       -0.215706        0.326614

     C   17        0.147266       -0.519734       -0.199168
     C   17       -0.519734       -0.092548       -0.328188
     C   17       -0.199168       -0.328188       -0.054718

     Cl  18       -0.770082       -1.105612        0.605281
     Cl  18       -1.105612       -1.465092        0.293773
     Cl  18        0.605281        0.293773        2.235174

     H   19       -0.108555       -0.178524       -0.071813
     H   19       -0.178524        0.478499       -0.121458
     H   19       -0.071813       -0.121458       -0.369944

     C   20       -0.394401       -0.173896        0.048056
     C   20       -0.173896        0.192251        0.408251
     C   20        0.048056        0.408251        0.202150

     H   21        0.572491       -0.206109        0.243380
     H   21       -0.206109       -0.077868       -0.408762
     H   21        0.243380       -0.408762       -0.494623

     C   22       -0.133446        0.036201       -0.061995
     C   22        0.036201        0.070218        0.414099
     C   22       -0.061995        0.414099        0.063228

     C   23       -0.346089       -0.046486       -0.222361
     C   23       -0.046486        0.232695        0.328335
     C   23       -0.222361        0.328335        0.113394

     Cl  24        0.065695        0.922539       -0.976165
     Cl  24        0.922539        1.285309        2.145167
     Cl  24       -0.976165        2.145167       -1.351004


     NQR/NMR SPECTROSCOPIC PARAMETERS:
     Cl   1    Vxx=    0.4414    axis=(  0.737433 -0.322227  0.593601)
     Cl   1    Vyy=    0.8846    axis=(  0.356549 -0.560708 -0.747314)
     Cl   1    Vzz=   -1.3260    axis=(  0.573642  0.762742 -0.298595)
     Cl   1  Q=        -8.1650 1e-30 m^2  Cq=        25.4385 MHz  eta= 0.33431

     C    2    Vxx=   -0.1075    axis=( -0.335812  0.810566 -0.479805)
     C    2    Vyy=   -0.7002    axis=(  0.940856  0.264342 -0.211928)
     C    2    Vzz=    0.8077    axis=(  0.044949  0.522596  0.851395)
     C    2  Q=         1.0000 1e-30 m^2  Cq=         1.8977 MHz  eta= 0.73390

     C    3    Vxx=    0.0678    axis=(  0.563354  0.025674  0.825817)
     C    3    Vyy=    0.3303    axis=( -0.709831  0.526542  0.467861)
     C    3    Vzz=   -0.3981    axis=(  0.422815  0.849761 -0.314854)
     C    3  Q=         1.0000 1e-30 m^2  Cq=        -0.9354 MHz  eta= 0.65949

     H    4    Vxx=    0.0766    axis=( -0.488227 -0.410601  0.770091)
     H    4    Vyy=    0.7212    axis=(  0.800962  0.139576  0.582219)
     H    4    Vzz=   -0.7978    axis=(  0.346546 -0.901069 -0.260731)
     H    4  Q=         1.0000 1e-30 m^2  Cq=        -1.8745 MHz  eta= 0.80805

     C    5    Vxx=   -0.0916    axis=( -0.178233 -0.446227  0.876991)
     C    5    Vyy=   -0.5952    axis=( -0.974761 -0.041705 -0.219323)
     C    5    Vzz=    0.6867    axis=(  0.134443 -0.893947 -0.427532)
     C    5  Q=         1.0000 1e-30 m^2  Cq=         1.6135 MHz  eta= 0.73336

     H    6    Vxx=    0.0558    axis=(  0.884506  0.242137 -0.398772)
     H    6    Vyy=    0.6029    axis=( -0.067454 -0.779406 -0.622878)
     H    6    Vzz=   -0.6587    axis=( -0.461627  0.577838 -0.673056)
     H    6  Q=         1.0000 1e-30 m^2  Cq=        -1.5476 MHz  eta= 0.83048

     H    7    Vxx=   -0.0975    axis=(  0.896705  0.207287  0.391091)
     H    7    Vyy=   -0.3221    axis=( -0.437904  0.286702  0.852081)
     H    7    Vzz=    0.4195    axis=(  0.064499 -0.935326  0.347859)
     H    7  Q=         1.0000 1e-30 m^2  Cq=         0.9857 MHz  eta= 0.53538

     C    8    Vxx=   -0.1932    axis=(  0.844233  0.519259 -0.132820)
     C    8    Vyy=   -0.3212    axis=( -0.532201  0.782773 -0.322535)
     C    8    Vzz=    0.5144    axis=( -0.063511  0.342981  0.937193)
     C    8  Q=         1.0000 1e-30 m^2  Cq=         1.2087 MHz  eta= 0.24890

     H    9    Vxx=   -0.0159    axis=(  0.319697  0.631404 -0.706486)
     H    9    Vyy=   -0.6307    axis=( -0.112249  0.765604  0.633444)
     H    9    Vzz=    0.6466    axis=( -0.940848  0.123207 -0.315636)
     H    9  Q=         1.0000 1e-30 m^2  Cq=         1.5193 MHz  eta= 0.95078

     C   10    Vxx=   -0.2450    axis=(  0.945433  0.078962  0.316105)
     C   10    Vyy=   -0.3595    axis=(  0.048462  0.925318 -0.376083)
     C   10    Vzz=    0.6045    axis=( -0.322194  0.370880  0.870999)
     C   10  Q=         1.0000 1e-30 m^2  Cq=         1.4203 MHz  eta= 0.18944

     C   11    Vxx=    0.2270    axis=(  0.691873  0.385720 -0.610354)
     C   11    Vyy=    0.4125    axis=( -0.291484 -0.624178 -0.724871)
     C   11    Vzz=   -0.6395    axis=( -0.660567  0.679427 -0.319421)
     C   11  Q=         1.0000 1e-30 m^2  Cq=        -1.5027 MHz  eta= 0.29010

     Cl  12    Vxx=    0.1489    axis=( -0.040976  0.824332 -0.564622)
     Cl  12    Vyy=    2.0741    axis=(  0.927315  0.241786  0.285704)
     Cl  12    Vzz=   -2.2230    axis=( -0.372032  0.511875  0.774323)
     Cl  12  Q=        -8.1650 1e-30 m^2  Cq=        42.6471 MHz  eta= 0.86604

     H   13    Vxx=   -0.0882    axis=(  0.911784  0.036233 -0.409068)
     H   13    Vyy=   -0.6919    axis=( -0.402015  0.282180 -0.871068)
     H   13    Vzz=    0.7801    axis=(  0.083869  0.958677  0.271853)
     H   13  Q=         1.0000 1e-30 m^2  Cq=         1.8329 MHz  eta= 0.77380

     C   14    Vxx=   -0.0558    axis=( -0.685571 -0.355036  0.635564)
     C   14    Vyy=   -0.6056    axis=(  0.339805 -0.928143 -0.151933)
     C   14    Vzz=    0.6614    axis=(  0.643836  0.111807  0.756951)
     C   14  Q=         1.0000 1e-30 m^2  Cq=         1.5541 MHz  eta= 0.83113

     H   15    Vxx=   -0.0677    axis=( -0.449326  0.306219  0.839247)
     H   15    Vyy=   -0.3623    axis=( -0.287657  0.839797 -0.460429)
     H   15    Vzz=    0.4301    axis=(  0.845789  0.448298  0.289257)
     H   15  Q=         1.0000 1e-30 m^2  Cq=         1.0105 MHz  eta= 0.68494

     C   16    Vxx=    0.0512    axis=(  0.800418 -0.474453 -0.366368)
     C   16    Vyy=    0.4173    axis=( -0.187880  0.381824 -0.904937)
     C   16    Vzz=   -0.4685    axis=(  0.569238  0.793161  0.216479)
     C   16  Q=         1.0000 1e-30 m^2  Cq=        -1.1007 MHz  eta= 0.78132

     C   17    Vxx=    0.1579    axis=( -0.389309 -0.322655  0.862747)
     C   17    Vyy=    0.5656    axis=( -0.756213  0.646737 -0.099367)
     C   17    Vzz=   -0.7235    axis=( -0.525909 -0.691105 -0.495776)
     C   17  Q=         1.0000 1e-30 m^2  Cq=        -1.6999 MHz  eta= 0.56352

     Cl  18    Vxx=    0.0001    axis=(  0.778709 -0.613723 -0.130214)
     Cl  18    Vyy=    2.3543    axis=( -0.182355 -0.022820 -0.982968)
     Cl  18    Vzz=   -2.3544    axis=(  0.600299  0.789191 -0.129685)
     Cl  18  Q=        -8.1650 1e-30 m^2  Cq=        45.1670 MHz  eta= 0.99994

     H   19    Vxx=   -0.1194    axis=(  0.912071  0.199563 -0.358191)
     H   19    Vyy=   -0.4198    axis=(  0.322713  0.189526  0.927327)
     H   19    Vzz=    0.5392    axis=(  0.252947 -0.961381  0.108460)
     H   19  Q=         1.0000 1e-30 m^2  Cq=         1.2668 MHz  eta= 0.55705

     C   20    Vxx=   -0.1231    axis=( -0.486823  0.578643 -0.654352)
     C   20    Vyy=   -0.4903    axis=( -0.868887 -0.397680  0.294765)
     C   20    Vzz=    0.6134    axis=( -0.089659  0.712056  0.696375)
     C   20  Q=         1.0000 1e-30 m^2  Cq=         1.4413 MHz  eta= 0.59859

     H   21    Vxx=    0.0125    axis=(  0.466350  0.784582 -0.408594)
     H   21    Vyy=    0.7407    axis=( -0.880874  0.369526 -0.295824)
     H   21    Vzz=   -0.7532    axis=( -0.081112  0.497878  0.863446)
     H   21  Q=         1.0000 1e-30 m^2  Cq=        -1.7697 MHz  eta= 0.96681

     C   22    Vxx=   -0.1133    axis=( -0.958213 -0.220933  0.181704)
     C   22    Vyy=   -0.3680    axis=( -0.284535  0.670728 -0.684956)
     C   22    Vzz=    0.4814    axis=(  0.029456 -0.708034 -0.705563)
     C   22  Q=         1.0000 1e-30 m^2  Cq=         1.1310 MHz  eta= 0.52908

     C   23    Vxx=   -0.0952    axis=( -0.417816 -0.671705  0.611753)
     C   23    Vyy=   -0.4484    axis=( -0.885706  0.151161 -0.438947)
     C   23    Vzz=    0.5436    axis=(  0.202370 -0.725233 -0.658091)
     C   23  Q=         1.0000 1e-30 m^2  Cq=         1.2773 MHz  eta= 0.64956

     Cl  24    Vxx=    0.5556    axis=(  0.911053  0.050939 -0.409129)
     Cl  24    Vyy=    2.5355    axis=( -0.151966 -0.880979 -0.448087)
     Cl  24    Vzz=   -3.0912    axis=(  0.383259 -0.470405  0.794878)
     Cl  24  Q=        -8.1650 1e-30 m^2  Cq=        59.3026 MHz  eta= 0.64050

     Initialization:
     gipaw_setup  :      9.00s CPU     11.04s WALL (       1 calls)

     Linear response

     Apply operators

     Induced current

     Other routines
     efg          :      9.55s CPU     12.33s WALL (       1 calls)

     General routines
     calbec       :      3.50s CPU      4.74s WALL (      16 calls)
     fft          :      1.48s CPU      2.19s WALL (      15 calls)
     ffts         :      0.03s CPU      0.05s WALL (       2 calls)
     fftw         :      3.35s CPU      4.13s WALL (     672 calls)
     davcio       :      0.02s CPU      0.33s WALL (      32 calls)

     Parallel routines
     fft_scatter  :      2.13s CPU      3.34s WALL (     689 calls)

     Plugins

     GIPAW        :     62.18s CPU     76.12s WALL (       1 calls)
