
     Program QE v.6.0 (svn rev. 13079) starts on 14Jan2017 at  2:14:44 

     This program is part of the open-source Quantum ESPRESSO suite
     for quantum simulation of materials; please cite
         "P. Giannozzi et al., J. Phys.:Condens. Matter 21 395502 (2009);
          URL http://www.quantum-espresso.org", 
     in publications or presentations arising from this work. More details at
     http://www.quantum-espresso.org/quote

     Parallel version (MPI), running on     8 processors
     R & G space division:  proc/nbgrp/npool/nimage =       8

     ***** This is GIPAW svn revision unknown      *****

     Parallelizing q-star over 1 images

     Reading data from directory:
     /users/majewski/paradichlorobenzene/pbe/9_constraint/scratch/pbe.ecut100.np8.dt60.pcl2phi-129368.save
     Message from routine read_xml_file:
     file /users/majewski/paradichlorobenzene/pbe/9_constraint/scratch/pbe.ecut100.np8.dt60.pcl2phi-129368.save not guaranteed to be safe for post-processing

   Info: using nr1, nr2, nr3 values from input

   Info: using nr1, nr2, nr3 values from input

     IMPORTANT: XC functional enforced from input :
     Exchange-correlation      =  SLA  PW   PBX  PBC ( 1  4  3  4 0 0)
     Any further DFT definition will be discarded
     Please, verify this is what you really want

               file C.pbe-n-kjpaw_psl.1.0.0.UPF: wavefunction(s)  2S 2P renormalized
               file Cl.pbe-n-kjpaw_psl.1.0.0.UPF: wavefunction(s)  3S 3P renormalized
               file H.pbe-kjpaw_psl.1.0.0.UPF: wavefunction(s)  1S renormalized

     Parallelization info
     --------------------
     sticks:   dense  smooth     PW     G-vecs:    dense   smooth      PW
     Min        3057    1223    332               144436    36536    5170
     Max        3059    1225    333               144437    36537    5171
     Sum       24467    9791   2657              1155489   292295   41363


     Subspace diagonalization in iterative solution of the eigenvalue problem:
     a serial algorithm will be used

     GIPAW projectors -----------------------------------------------
     atom=  C    l=0  rc=    1.2000  rs=    0.8000
     atom=  C    l=0  rc=    1.2000  rs=    0.8000
     atom=  C    l=1  rc=    1.4000  rs=    0.9333
     atom=  C    l=1  rc=    1.4000  rs=    0.9333
     projs nearly linearly dependent: l=1  n1,n2= 1, 2  s=  0.99951561

     atom=  Cl   l=0  rc=    1.6000  rs=    1.0667
     atom=  Cl   l=0  rc=    1.6000  rs=    1.0667
     atom=  Cl   l=1  rc=    1.6000  rs=    1.0667
     atom=  Cl   l=1  rc=    1.6000  rs=    1.0667
     atom=  Cl   l=2  rc=    1.6000  rs=    1.0667
     atom=  Cl   l=2  rc=    1.6000  rs=    1.0667
     projs nearly linearly dependent: l=2  n1,n2= 1, 2  s=  0.99993509

     atom=  H    l=0  rc=    1.0000  rs=    0.6667
     atom=  H    l=0  rc=    1.0000  rs=    0.6667
     projs nearly linearly dependent: l=0  n1,n2= 1, 2  s=  0.99968852
     -----------------------------------------------------------------

     GIPAW integrals: -------------------------------------------
     Atom  i/j   nmr_para   nmr_dia   epr_rmc  epr_para   epr_dia
       C   1 1   0.83E+03  0.17E-01  0.93E+01  0.24E+08  0.24E+03
       C   2 1   0.86E+03 -0.61E-01  0.94E+01  0.25E+08  0.25E+03
       C   2 2   0.90E+03 -0.15E+00  0.97E+01  0.26E+08  0.26E+03
       C   3 3   0.33E+01  0.34E+00  0.18E+01  0.55E+03  0.21E+02
       C   4 3   0.35E+01  0.37E+00  0.20E+01  0.59E+03  0.22E+02
       C   4 4   0.38E+01  0.39E+00  0.22E+01  0.63E+03  0.24E+02
       Cl  1 1   0.14E+04 -0.47E+00  0.84E+01  0.32E+09  0.42E+03
       Cl  2 1   0.21E+04 -0.37E+00  0.12E+02  0.49E+09  0.65E+03
       Cl  2 2   0.33E+04 -0.16E+00  0.21E+02  0.76E+09  0.10E+04
       Cl  3 3   0.21E+02  0.79E-01  0.89E+01  0.23E+05  0.13E+03
       Cl  4 3   0.24E+02  0.67E-01  0.99E+01  0.27E+05  0.15E+03
       Cl  4 4   0.28E+02  0.44E-01  0.11E+02  0.32E+05  0.18E+03
       Cl  5 5   0.77E+00  0.19E+00  0.18E+01  0.12E+03  0.22E+02
       Cl  6 5   0.80E+00  0.19E+00  0.19E+01  0.12E+03  0.23E+02
       Cl  6 6   0.83E+00  0.20E+00  0.19E+01  0.12E+03  0.23E+02
       H   1 1   0.39E+02  0.19E+00  0.29E+00  0.78E+05  0.13E+02
       H   2 1   0.41E+02  0.21E+00  0.32E+00  0.82E+05  0.14E+02
       H   2 2   0.43E+02  0.22E+00  0.36E+00  0.86E+05  0.15E+02
     ------------------------------------------------------------

     alpha_pv=     34.0285 eV

     Number of occupied bands for each k-point:
     k-point:     1    nbnd_occ=  42
     k-point:     2    nbnd_occ=  42
     k-point:     3    nbnd_occ=  42
     k-point:     4    nbnd_occ=  42
     k-point:     5    nbnd_occ=  42
     k-point:     6    nbnd_occ=  42
     k-point:     7    nbnd_occ=  42
     k-point:     8    nbnd_occ=  42
     k-point:     9    nbnd_occ=  42
     k-point:    10    nbnd_occ=  42
     k-point:    11    nbnd_occ=  42
     k-point:    12    nbnd_occ=  42
     k-point:    13    nbnd_occ=  42
     k-point:    14    nbnd_occ=  42
     k-point:    15    nbnd_occ=  42
     k-point:    16    nbnd_occ=  42


     q-space interpolation up to   110.00 Rydberg

     GIPAW job: efg                                                                             


     ELECTRIC FIELD GRADIENTS TENSORS IN Hartree/bohrradius^2:

     ----- bare term -----
     Cl   1        0.090940        0.124109        0.029969
     Cl   1        0.124109        0.164813        0.017779
     Cl   1        0.029969        0.017779       -0.255753

     C    2       -0.158766        0.177712       -0.240743
     C    2        0.177712       -0.276444       -0.503189
     C    2       -0.240743       -0.503189        0.435210

     C    3       -0.131141        0.442114       -0.290431
     C    3        0.442114       -0.296714       -0.372813
     C    3       -0.290431       -0.372813        0.427855

     H    4       -0.047839       -0.075870       -0.237146
     H    4       -0.075870        0.449292       -0.376526
     H    4       -0.237146       -0.376526       -0.401453

     C    5       -0.546081        0.114345       -0.325329
     C    5        0.114345        0.074830       -0.237578
     C    5       -0.325329       -0.237578        0.471251

     H    6        0.174268        0.182307       -0.212176
     H    6        0.182307       -0.450330       -0.345507
     H    6       -0.212176       -0.345507        0.276062

     H    7        0.445784       -0.000473       -0.055020
     H    7       -0.000473       -0.741037        0.173825
     H    7       -0.055020        0.173825        0.295253

     C    8       -0.237264        0.006742       -0.400725
     C    8        0.006742       -0.074663        0.471162
     C    8       -0.400725        0.471162        0.311926

     H    9       -0.209341        0.198128       -0.478976
     H    9        0.198128        0.333015        0.301243
     H    9       -0.478976        0.301243       -0.123674

     C   10       -0.280051       -0.331778       -0.255648
     C   10       -0.331778       -0.164623        0.450808
     C   10       -0.255648        0.450808        0.444675

     C   11       -0.098649       -0.009703       -0.372144
     C   11       -0.009703       -0.207034        0.521785
     C   11       -0.372144        0.521785        0.305683

     Cl  12       -0.061636       -0.056000       -0.018729
     Cl  12       -0.056000        0.023117        0.010649
     Cl  12       -0.018729        0.010649        0.038519

     H   13       -0.041945        0.375599       -0.067554
     H   13        0.375599       -0.338925       -0.290486
     H   13       -0.067554       -0.290486        0.380870

     C   14       -0.101507       -0.199207       -0.496294
     C   14       -0.199207       -0.086859       -0.481313
     C   14       -0.496294       -0.481313        0.188365

     H   15        0.051882       -0.060712       -0.264334
     H   15       -0.060712        0.241870       -0.518400
     H   15       -0.264334       -0.518400       -0.293752

     C   16       -0.444213        0.371229       -0.409941
     C   16        0.371229        0.023644       -0.011287
     C   16       -0.409941       -0.011287        0.420569

     C   17        0.093755       -0.011258       -0.185665
     C   17       -0.011258       -0.522961       -0.314252
     C   17       -0.185665       -0.314252        0.429207

     Cl  18       -0.014405        0.127700       -0.043051
     Cl  18        0.127700        0.034221       -0.078632
     Cl  18       -0.043051       -0.078632       -0.019815

     H   19        0.404599        0.036554       -0.026584
     H   19        0.036554       -0.354958        0.521838
     H   19       -0.026584        0.521838       -0.049641

     C   20       -0.563250       -0.328454       -0.368386
     C   20       -0.328454        0.157213        0.329896
     C   20       -0.368386        0.329896        0.406038

     H   21       -0.050622        0.111646       -0.480278
     H   21        0.111646        0.407657       -0.033652
     H   21       -0.480278       -0.033652       -0.357036

     C   22       -0.181773       -0.254871       -0.264588
     C   22       -0.254871       -0.186349        0.570850
     C   22       -0.264588        0.570850        0.368122

     C   23       -0.316031       -0.202333       -0.315559
     C   23       -0.202333       -0.041321        0.415235
     C   23       -0.315559        0.415235        0.357352

     Cl  24       -0.012866        0.079110       -0.031280
     Cl  24        0.079110        0.067828        0.072563
     Cl  24       -0.031280        0.072563       -0.054962

     ----- ionic term -----
     Cl   1        0.141633       -0.233675        0.119070
     Cl   1       -0.233675       -0.002144       -0.066847
     Cl   1        0.119070       -0.066847       -0.139489

     C    2        0.129351       -0.252107        0.416030
     C    2       -0.252107        0.115986        0.312040
     C    2        0.416030        0.312040       -0.245337

     C    3        0.079898       -0.305467        0.286839
     C    3       -0.305467        0.181247        0.325784
     C    3        0.286839        0.325784       -0.261145

     H    4        0.238101        0.311393        0.765174
     H    4        0.311393       -0.358387        0.363666
     H    4        0.765174        0.363666        0.120286

     C    5        0.176902       -0.207196        0.395953
     C    5       -0.207196        0.064888        0.272738
     C    5        0.395953        0.272738       -0.241790

     H    6       -0.525501       -0.030232       -0.003897
     H    6       -0.030232        0.749264        0.648183
     H    6       -0.003897        0.648183       -0.223763

     H    7       -0.504633       -0.122408        0.066175
     H    7       -0.122408        0.848720       -0.553303
     H    7        0.066175       -0.553303       -0.344087

     C    8        0.255265        0.141191        0.287085
     C    8        0.141191        0.083255       -0.272191
     C    8        0.287085       -0.272191       -0.338520

     H    9        0.407974       -0.292996        0.800912
     H    9       -0.292996       -0.448926       -0.303447
     H    9        0.800912       -0.303447        0.040952

     C   10        0.068904        0.190032        0.218145
     C   10        0.190032        0.209728       -0.403504
     C   10        0.218145       -0.403504       -0.278632

     C   11        0.191327        0.202590        0.300641
     C   11        0.202590        0.110732       -0.395089
     C   11        0.300641       -0.395089       -0.302059

     Cl  12        0.145342        0.220196       -0.002897
     Cl  12        0.220196        0.003226       -0.007679
     Cl  12       -0.002897       -0.007679       -0.148569

     H   13       -0.501304       -0.186630       -0.046071
     H   13       -0.186630        0.800771        0.578651
     H   13       -0.046071        0.578651       -0.299467

     C   14        0.239051       -0.275217        0.387136
     C   14       -0.275217        0.066407        0.235078
     C   14        0.387136        0.235078       -0.305459

     H   15        0.414346        0.362725        0.747964
     H   15        0.362725       -0.368239        0.330778
     H   15        0.747964        0.330778       -0.046107

     C   16        0.115766       -0.293342        0.283097
     C   16       -0.293342        0.225058        0.340445
     C   16        0.283097        0.340445       -0.340824

     C   17        0.083018       -0.186914        0.331370
     C   17       -0.186914        0.159499        0.423291
     C   17        0.331370        0.423291       -0.242517

     Cl  18        0.163336       -0.192467        0.047237
     Cl  18       -0.192467       -0.029971       -0.021080
     Cl  18        0.047237       -0.021080       -0.133365

     H   19       -0.510156       -0.053066        0.060731
     H   19       -0.053066        0.603779       -0.731801
     H   19        0.060731       -0.731801       -0.093623

     C   20        0.299192        0.234661        0.332406
     C   20        0.234661       -0.010149       -0.286398
     C   20        0.332406       -0.286398       -0.289042

     H   21        0.375938       -0.235277        0.812380
     H   21       -0.235277       -0.473417       -0.275969
     H   21        0.812380       -0.275969        0.097479

     C   22        0.130046        0.290899        0.223280
     C   22        0.290899        0.121456       -0.367520
     C   22        0.223280       -0.367520       -0.251503

     C   23        0.189647        0.203997        0.279147
     C   23        0.203997        0.093323       -0.381543
     C   23        0.279147       -0.381543       -0.282969

     Cl  24        0.125683        0.227208        0.021021
     Cl  24        0.227208        0.018423        0.008231
     Cl  24        0.021021        0.008231       -0.144106

     ----- GIPAW term -----
     Cl   1       -0.615060       -0.754657       -0.128434
     Cl   1       -0.754657       -0.958092       -0.212531
     Cl   1       -0.128434       -0.212531        1.573153

     C    2        0.016241       -0.105043        0.003718
     C    2       -0.105043       -0.077870       -0.114384
     C    2        0.003718       -0.114384        0.061629

     C    3        0.049942        0.059572       -0.147707
     C    3        0.059572       -0.108391       -0.037006
     C    3       -0.147707       -0.037006        0.058449

     H    4       -0.000000        0.000000        0.000000
     H    4        0.000000        0.000000        0.000000
     H    4        0.000000        0.000000        0.000000

     C    5       -0.040744        0.048686        0.112298
     C    5        0.048686       -0.071780        0.028622
     C    5        0.112298        0.028622        0.112524

     H    6       -0.000000        0.000000        0.000000
     H    6        0.000000        0.000000        0.000000
     H    6        0.000000        0.000000        0.000000

     H    7       -0.000000        0.000000        0.000000
     H    7        0.000000        0.000000        0.000000
     H    7        0.000000        0.000000        0.000000

     C    8       -0.004207        0.077112       -0.076628
     C    8        0.077112        0.000221        0.092384
     C    8       -0.076628        0.092384        0.003985

     H    9       -0.000000        0.000000        0.000000
     H    9        0.000000        0.000000        0.000000
     H    9        0.000000        0.000000        0.000000

     C   10       -0.076213       -0.043727       -0.061111
     C   10       -0.043727        0.004780        0.070765
     C   10       -0.061111        0.070765        0.071433

     C   11        0.057329        0.141376       -0.077041
     C   11        0.141376       -0.039785        0.071370
     C   11       -0.077041        0.071370       -0.017544

     Cl  12        1.152647        2.149233       -0.166764
     Cl  12        2.149233        0.296924        0.067155
     Cl  12       -0.166764        0.067155       -1.449571

     H   13       -0.000000        0.000000        0.000000
     H   13        0.000000        0.000000        0.000000
     H   13        0.000000        0.000000        0.000000

     C   14        0.138780       -0.170772       -0.110712
     C   14       -0.170772       -0.066727       -0.079373
     C   14       -0.110712       -0.079373       -0.072054

     H   15       -0.000000        0.000000        0.000000
     H   15        0.000000        0.000000        0.000000
     H   15        0.000000        0.000000        0.000000

     C   16       -0.078920       -0.060621       -0.197288
     C   16       -0.060621       -0.016727        0.145181
     C   16       -0.197288        0.145181        0.095647

     C   17       -0.065240       -0.075690       -0.022765
     C   17       -0.075690       -0.121486        0.111709
     C   17       -0.022765        0.111709        0.186726

     Cl  18       -0.655149       -0.592064        0.749888
     Cl  18       -0.592064       -0.785920        1.283213
     Cl  18        0.749888        1.283213        1.441069

     H   19       -0.000000        0.000000        0.000000
     H   19        0.000000        0.000000        0.000000
     H   19        0.000000        0.000000        0.000000

     C   20       -0.125935       -0.075159       -0.058411
     C   20       -0.075159        0.098661        0.075679
     C   20       -0.058411        0.075679        0.027274

     H   21       -0.000000        0.000000        0.000000
     H   21        0.000000        0.000000        0.000000
     H   21        0.000000        0.000000        0.000000

     C   22       -0.084268       -0.033437       -0.067429
     C   22       -0.033437        0.014544        0.147898
     C   22       -0.067429        0.147898        0.069724

     C   23        0.005420        0.129242       -0.048509
     C   23        0.129242        0.052179        0.070771
     C   23       -0.048509        0.070771       -0.057600

     Cl  24        1.074397        2.606910       -0.150349
     Cl  24        2.606910        0.715487        0.657747
     Cl  24       -0.150349        0.657747       -1.789884

     ----- total EFG -----
     Cl   1       -0.382486       -0.864223        0.020605
     Cl   1       -0.864223       -0.795424       -0.261598
     Cl   1        0.020605       -0.261598        1.177910

     C    2       -0.013174       -0.179437        0.179005
     C    2       -0.179437       -0.238328       -0.305532
     C    2        0.179005       -0.305532        0.251502

     C    3       -0.001301        0.196219       -0.151299
     C    3        0.196219       -0.223858       -0.084034
     C    3       -0.151299       -0.084034        0.225159

     H    4        0.190262        0.235523        0.528028
     H    4        0.235523        0.090905       -0.012860
     H    4        0.528028       -0.012860       -0.281167

     C    5       -0.409923       -0.044166        0.182922
     C    5       -0.044166        0.067938        0.063782
     C    5        0.182922        0.063782        0.341985

     H    6       -0.351233        0.152076       -0.216073
     H    6        0.152076        0.298934        0.302676
     H    6       -0.216073        0.302676        0.052299

     H    7       -0.058849       -0.122881        0.011154
     H    7       -0.122881        0.107683       -0.379478
     H    7        0.011154       -0.379478       -0.048834

     C    8        0.013794        0.225046       -0.190269
     C    8        0.225046        0.008814        0.291355
     C    8       -0.190269        0.291355       -0.022608

     H    9        0.198632       -0.094868        0.321936
     H    9       -0.094868       -0.115911       -0.002204
     H    9        0.321936       -0.002204       -0.082722

     C   10       -0.287361       -0.185473       -0.098614
     C   10       -0.185473        0.049885        0.118069
     C   10       -0.098614        0.118069        0.237476

     C   11        0.150007        0.334262       -0.148544
     C   11        0.334262       -0.136087        0.198065
     C   11       -0.148544        0.198065       -0.013920

     Cl  12        1.236353        2.313429       -0.188390
     Cl  12        2.313429        0.323267        0.070124
     Cl  12       -0.188390        0.070124       -1.559620

     H   13       -0.543248        0.188969       -0.113625
     H   13        0.188969        0.461845        0.288165
     H   13       -0.113625        0.288165        0.081403

     C   14        0.276325       -0.645196       -0.219871
     C   14       -0.645196       -0.087178       -0.325608
     C   14       -0.219871       -0.325608       -0.189147

     H   15        0.466228        0.302012        0.483630
     H   15        0.302012       -0.126369       -0.187622
     H   15        0.483630       -0.187622       -0.339859

     C   16       -0.407367        0.017266       -0.324132
     C   16        0.017266        0.231975        0.474339
     C   16       -0.324132        0.474339        0.175391

     C   17        0.111532       -0.273863        0.122941
     C   17       -0.273863       -0.484948        0.220749
     C   17        0.122941        0.220749        0.373416

     Cl  18       -0.506219       -0.656831        0.754074
     Cl  18       -0.656831       -0.781670        1.183501
     Cl  18        0.754074        1.183501        1.287889

     H   19       -0.105557       -0.016512        0.034147
     H   19       -0.016512        0.248822       -0.209963
     H   19        0.034147       -0.209963       -0.143265

     C   20       -0.389994       -0.168952       -0.094392
     C   20       -0.168952        0.245725        0.119176
     C   20       -0.094392        0.119176        0.144269

     H   21        0.325316       -0.123632        0.332103
     H   21       -0.123632       -0.065760       -0.309621
     H   21        0.332103       -0.309621       -0.259557

     C   22       -0.135994        0.002591       -0.108737
     C   22        0.002591       -0.050349        0.351228
     C   22       -0.108737        0.351228        0.186343

     C   23       -0.120964        0.130906       -0.084921
     C   23        0.130906        0.104181        0.104463
     C   23       -0.084921        0.104463        0.016783

     Cl  24        1.187214        2.913227       -0.160609
     Cl  24        2.913227        0.801738        0.738541
     Cl  24       -0.160609        0.738541       -1.988952

     ----- total EFG (symmetrized) -----
     Cl   1       -0.382486       -0.864223        0.020605
     Cl   1       -0.864223       -0.795424       -0.261598
     Cl   1        0.020605       -0.261598        1.177910

     C    2       -0.013174       -0.179437        0.179005
     C    2       -0.179437       -0.238328       -0.305532
     C    2        0.179005       -0.305532        0.251502

     C    3       -0.001301        0.196219       -0.151299
     C    3        0.196219       -0.223858       -0.084034
     C    3       -0.151299       -0.084034        0.225159

     H    4        0.190262        0.235523        0.528028
     H    4        0.235523        0.090905       -0.012860
     H    4        0.528028       -0.012860       -0.281167

     C    5       -0.409923       -0.044166        0.182922
     C    5       -0.044166        0.067938        0.063782
     C    5        0.182922        0.063782        0.341985

     H    6       -0.351233        0.152076       -0.216073
     H    6        0.152076        0.298934        0.302676
     H    6       -0.216073        0.302676        0.052299

     H    7       -0.058849       -0.122881        0.011154
     H    7       -0.122881        0.107683       -0.379478
     H    7        0.011154       -0.379478       -0.048834

     C    8        0.013794        0.225046       -0.190269
     C    8        0.225046        0.008814        0.291355
     C    8       -0.190269        0.291355       -0.022608

     H    9        0.198632       -0.094868        0.321936
     H    9       -0.094868       -0.115911       -0.002204
     H    9        0.321936       -0.002204       -0.082722

     C   10       -0.287361       -0.185473       -0.098614
     C   10       -0.185473        0.049885        0.118069
     C   10       -0.098614        0.118069        0.237476

     C   11        0.150007        0.334262       -0.148544
     C   11        0.334262       -0.136087        0.198065
     C   11       -0.148544        0.198065       -0.013920

     Cl  12        1.236353        2.313429       -0.188390
     Cl  12        2.313429        0.323267        0.070124
     Cl  12       -0.188390        0.070124       -1.559620

     H   13       -0.543248        0.188969       -0.113625
     H   13        0.188969        0.461845        0.288165
     H   13       -0.113625        0.288165        0.081403

     C   14        0.276325       -0.645196       -0.219871
     C   14       -0.645196       -0.087178       -0.325608
     C   14       -0.219871       -0.325608       -0.189147

     H   15        0.466228        0.302012        0.483630
     H   15        0.302012       -0.126369       -0.187622
     H   15        0.483630       -0.187622       -0.339859

     C   16       -0.407367        0.017266       -0.324132
     C   16        0.017266        0.231975        0.474339
     C   16       -0.324132        0.474339        0.175391

     C   17        0.111532       -0.273863        0.122941
     C   17       -0.273863       -0.484948        0.220749
     C   17        0.122941        0.220749        0.373416

     Cl  18       -0.506219       -0.656831        0.754074
     Cl  18       -0.656831       -0.781670        1.183501
     Cl  18        0.754074        1.183501        1.287889

     H   19       -0.105557       -0.016512        0.034147
     H   19       -0.016512        0.248822       -0.209963
     H   19        0.034147       -0.209963       -0.143265

     C   20       -0.389994       -0.168952       -0.094392
     C   20       -0.168952        0.245725        0.119176
     C   20       -0.094392        0.119176        0.144269

     H   21        0.325316       -0.123632        0.332103
     H   21       -0.123632       -0.065760       -0.309621
     H   21        0.332103       -0.309621       -0.259557

     C   22       -0.135994        0.002591       -0.108737
     C   22        0.002591       -0.050349        0.351228
     C   22       -0.108737        0.351228        0.186343

     C   23       -0.120964        0.130906       -0.084921
     C   23        0.130906        0.104181        0.104463
     C   23       -0.084921        0.104463        0.016783

     Cl  24        1.187214        2.913227       -0.160609
     Cl  24        2.913227        0.801738        0.738541
     Cl  24       -0.160609        0.738541       -1.988952


     NQR/NMR SPECTROSCOPIC PARAMETERS:
     Cl   1    Vxx=    0.2656    axis=(  0.783716 -0.592147 -0.187486)
     Cl   1    Vyy=    1.2259    axis=( -0.104727  0.171552 -0.979593)
     Cl   1    Vzz=   -1.4915    axis=(  0.612227  0.787357  0.072434)
     Cl   1  Q=        -8.1650 1e-30 m^2  Cq=        28.6134 MHz  eta= 0.64390

     C    2    Vxx=   -0.1022    axis=( -0.871359  0.054066  0.487659)
     C    2    Vyy=   -0.4070    axis=(  0.251924  0.902193  0.350117)
     C    2    Vzz=    0.5092    axis=(  0.421033 -0.427930  0.799754)
     C    2  Q=         1.0000 1e-30 m^2  Cq=         1.1965 MHz  eta= 0.59852

     C    3    Vxx=   -0.0128    axis=(  0.695667  0.412634  0.588031)
     C    3    Vyy=   -0.3382    axis=( -0.505682  0.862691 -0.007125)
     C    3    Vzz=    0.3510    axis=( -0.510229 -0.292400  0.808807)
     C    3  Q=         1.0000 1e-30 m^2  Cq=         0.8247 MHz  eta= 0.92705

     H    4    Vxx=    0.0453    axis=( -0.196515  0.914405 -0.353900)
     H    4    Vyy=    0.6056    axis=( -0.805012 -0.356526 -0.474178)
     H    4    Vzz=   -0.6509    axis=( -0.559765  0.191711  0.806170)
     H    4  Q=         1.0000 1e-30 m^2  Cq=        -1.5293 MHz  eta= 0.86091

     C    5    Vxx=    0.0657    axis=(  0.142022 -0.980963  0.132443)
     C    5    Vyy=    0.3926    axis=( -0.210921 -0.160717 -0.964200)
     C    5    Vzz=   -0.4584    axis=(  0.967131  0.109002 -0.229731)
     C    5  Q=         1.0000 1e-30 m^2  Cq=        -1.0769 MHz  eta= 0.71323

     H    6    Vxx=    0.0312    axis=( -0.568245 -0.453487  0.686620)
     H    6    Vyy=    0.5025    axis=( -0.007544 -0.831526 -0.555435)
     H    6    Vzz=   -0.5337    axis=( -0.822824  0.320803 -0.469090)
     H    6  Q=         1.0000 1e-30 m^2  Cq=        -1.2540 MHz  eta= 0.88303

     H    7    Vxx=   -0.0644    axis=(  0.953307  0.015654 -0.301597)
     H    7    Vyy=   -0.3738    axis=(  0.222759  0.637877  0.737219)
     H    7    Vzz=    0.4382    axis=( -0.203922  0.769979 -0.604606)
     H    7  Q=         1.0000 1e-30 m^2  Cq=         1.0296 MHz  eta= 0.70609

     C    8    Vxx=    0.1820    axis=(  0.824489  0.156520 -0.543801)
     C    8    Vyy=    0.2928    axis=( -0.234197 -0.780441 -0.579710)
     C    8    Vzz=   -0.4748    axis=(  0.515141 -0.605322  0.606808)
     C    8  Q=         1.0000 1e-30 m^2  Cq=        -1.1155 MHz  eta= 0.23328

     H    9    Vxx=   -0.1143    axis=(  0.023228 -0.952614 -0.303294)
     H    9    Vyy=   -0.3072    axis=( -0.552648 -0.265044  0.790147)
     H    9    Vzz=    0.4215    axis=(  0.833091 -0.149261  0.532617)
     H    9  Q=         1.0000 1e-30 m^2  Cq=         0.9902 MHz  eta= 0.45759

     C   10    Vxx=    0.0292    axis=( -0.276167  0.774159 -0.569570)
     C   10    Vyy=    0.3434    axis=( -0.276095  0.503737  0.818548)
     C   10    Vzz=   -0.3726    axis=( -0.920599 -0.383311 -0.074626)
     C   10  Q=         1.0000 1e-30 m^2  Cq=        -0.8754 MHz  eta= 0.84335

     C   11    Vxx=    0.1148    axis=( -0.212321  0.415445  0.884492)
     C   11    Vyy=    0.3713    axis=( -0.842799 -0.535954  0.049424)
     C   11    Vzz=   -0.4861    axis=(  0.494580 -0.734955  0.463931)
     C   11  Q=         1.0000 1e-30 m^2  Cq=        -1.1420 MHz  eta= 0.52775

     Cl  12    Vxx=   -1.3961    axis=( -0.425802  0.543427  0.723449)
     Cl  12    Vyy=   -1.7440    axis=(  0.470517 -0.549960  0.690042)
     Cl  12    Vzz=    3.1400    axis=( -0.772856 -0.634217  0.021517)
     Cl  12  Q=        -8.1650 1e-30 m^2  Cq=       -60.2399 MHz  eta= 0.11080

     H   13    Vxx=   -0.0088    axis=( -0.322921 -0.396479  0.859376)
     H   13    Vyy=   -0.6194    axis=( -0.941135  0.230407 -0.247343)
     H   13    Vzz=    0.6282    axis=( -0.099940 -0.888660 -0.447544)
     H   13  Q=         1.0000 1e-30 m^2  Cq=         1.4761 MHz  eta= 0.97183

     C   14    Vxx=    0.0544    axis=( -0.339200 -0.405855  0.848661)
     C   14    Vyy=    0.7654    axis=( -0.792479  0.609373 -0.025325)
     C   14    Vzz=   -0.8199    axis=( -0.506873 -0.681136 -0.528331)
     C   14  Q=         1.0000 1e-30 m^2  Cq=        -1.9264 MHz  eta= 0.86718

     H   15    Vxx=   -0.0175    axis=( -0.014497  0.854561 -0.519148)
     H   15    Vyy=   -0.7223    axis=( -0.432463  0.462770  0.773835)
     H   15    Vzz=    0.7399    axis=(  0.901535  0.235731  0.362857)
     H   15  Q=         1.0000 1e-30 m^2  Cq=         1.7384 MHz  eta= 0.95266

     C   16    Vxx=   -0.1019    axis=( -0.558576 -0.668604  0.490878)
     C   16    Vyy=   -0.6183    axis=( -0.806719  0.300308 -0.508940)
     C   16    Vzz=    0.7201    axis=(  0.192865 -0.680282 -0.707121)
     C   16  Q=         1.0000 1e-30 m^2  Cq=         1.6920 MHz  eta= 0.71713

     C   17    Vxx=    0.2132    axis=(  0.905155 -0.400289 -0.143050)
     C   17    Vyy=    0.4395    axis=(  0.223973  0.163084  0.960854)
     C   17    Vzz=   -0.6528    axis=( -0.361290 -0.901761  0.237270)
     C   17  Q=         1.0000 1e-30 m^2  Cq=        -1.5337 MHz  eta= 0.34673

     Cl  18    Vxx=    0.0177    axis=(  0.812171 -0.580461  0.058684)
     Cl  18    Vyy=    1.9052    axis=( -0.188906 -0.356807 -0.914879)
     Cl  18    Vzz=   -1.9229    axis=(  0.551990  0.731952 -0.399441)
     Cl  18  Q=        -8.1650 1e-30 m^2  Cq=        36.8893 MHz  eta= 0.98158

     H   19    Vxx=   -0.1028    axis=(  0.980815  0.131822  0.143611)
     H   19    Vyy=   -0.2391    axis=( -0.184037  0.383255  0.905122)
     H   19    Vzz=    0.3419    axis=(  0.064275 -0.914187  0.400163)
     H   19  Q=         1.0000 1e-30 m^2  Cq=         0.8033 MHz  eta= 0.39877

     C   20    Vxx=    0.0658    axis=(  0.024069 -0.536294  0.843688)
     C   20    Vyy=    0.3734    axis=( -0.245299  0.814965  0.525034)
     C   20    Vzz=   -0.4392    axis=( -0.969149 -0.219592 -0.111937)
     C   20  Q=         1.0000 1e-30 m^2  Cq=        -1.0319 MHz  eta= 0.70025

     H   21    Vxx=   -0.0356    axis=(  0.539327  0.789785 -0.292176)
     H   21    Vyy=   -0.5383    axis=( -0.253197  0.482995  0.838217)
     H   21    Vzz=    0.5739    axis=(  0.803130 -0.378095  0.460463)
     H   21  Q=         1.0000 1e-30 m^2  Cq=         1.3485 MHz  eta= 0.87579

     C   22    Vxx=   -0.1252    axis=(  0.928445  0.361866 -0.083921)
     C   22    Vyy=   -0.3264    axis=( -0.340916  0.740324 -0.579394)
     C   22    Vzz=    0.4516    axis=( -0.147534  0.566545  0.810716)
     C   22  Q=         1.0000 1e-30 m^2  Cq=         1.0610 MHz  eta= 0.44569

     C   23    Vxx=    0.0493    axis=( -0.557448 -0.202699  0.805087)
     C   23    Vyy=    0.1906    axis=(  0.259787  0.878448  0.401048)
     C   23    Vzz=   -0.2399    axis=( -0.788519  0.432715 -0.437030)
     C   23  Q=         1.0000 1e-30 m^2  Cq=        -0.5636 MHz  eta= 0.58909

     Cl  24    Vxx=   -1.3208    axis=(  0.536239 -0.499173 -0.680642)
     Cl  24    Vyy=   -2.6189    axis=( -0.434784  0.527820 -0.729636)
     Cl  24    Vzz=    3.9397    axis=( -0.723471 -0.687192 -0.066005)
     Cl  24  Q=        -8.1650 1e-30 m^2  Cq=       -75.5812 MHz  eta= 0.32950

     Initialization:
     gipaw_setup  :      9.07s CPU     11.26s WALL (       1 calls)

     Linear response

     Apply operators

     Induced current

     Other routines
     efg          :      9.64s CPU     12.42s WALL (       1 calls)

     General routines
     calbec       :      3.34s CPU      4.45s WALL (      16 calls)
     fft          :      1.48s CPU      2.08s WALL (      15 calls)
     ffts         :      0.03s CPU      0.05s WALL (       2 calls)
     fftw         :      3.43s CPU      4.31s WALL (     672 calls)
     davcio       :      0.03s CPU      0.31s WALL (      32 calls)

     Parallel routines
     fft_scatter  :      2.20s CPU      3.45s WALL (     689 calls)

     Plugins

     GIPAW        :     61.08s CPU     73.23s WALL (       1 calls)
