
     Program QE v.6.0 (svn rev. 13079) starts on 17Jan2017 at 10:48:56 

     This program is part of the open-source Quantum ESPRESSO suite
     for quantum simulation of materials; please cite
         "P. Giannozzi et al., J. Phys.:Condens. Matter 21 395502 (2009);
          URL http://www.quantum-espresso.org", 
     in publications or presentations arising from this work. More details at
     http://www.quantum-espresso.org/quote

     Parallel version (MPI), running on     8 processors
     R & G space division:  proc/nbgrp/npool/nimage =       8

     ***** This is GIPAW svn revision unknown      *****

     Parallelizing q-star over 1 images

     Reading data from directory:
     /users/majewski/paradichlorobenzene/pbe/9_constraint/scratch/pbe.ecut100.np8.dt60.pcl2phi-129368.save
     Message from routine read_xml_file:
     file /users/majewski/paradichlorobenzene/pbe/9_constraint/scratch/pbe.ecut100.np8.dt60.pcl2phi-129368.save not guaranteed to be safe for post-processing

   Info: using nr1, nr2, nr3 values from input

   Info: using nr1, nr2, nr3 values from input

     IMPORTANT: XC functional enforced from input :
     Exchange-correlation      =  SLA  PW   PBX  PBC ( 1  4  3  4 0 0)
     Any further DFT definition will be discarded
     Please, verify this is what you really want

               file C.pbe-n-kjpaw_psl.1.0.0.UPF: wavefunction(s)  2S 2P renormalized
               file Cl.pbe-n-kjpaw_psl.1.0.0.UPF: wavefunction(s)  3S 3P renormalized
               file H.pbe-kjpaw_psl.1.0.0.UPF: wavefunction(s)  1S renormalized

     Parallelization info
     --------------------
     sticks:   dense  smooth     PW     G-vecs:    dense   smooth      PW
     Min        3057    1223    332               144436    36536    5170
     Max        3059    1225    333               144437    36537    5171
     Sum       24467    9791   2657              1155489   292295   41363


     Subspace diagonalization in iterative solution of the eigenvalue problem:
     a serial algorithm will be used

     GIPAW projectors -----------------------------------------------
     atom=  C    l=0  rc=    1.2000  rs=    0.8000
     atom=  C    l=0  rc=    1.2000  rs=    0.8000
     atom=  C    l=1  rc=    1.4000  rs=    0.9333
     atom=  C    l=1  rc=    1.4000  rs=    0.9333
     projs nearly linearly dependent: l=1  n1,n2= 1, 2  s=  0.99951561

     atom=  Cl   l=0  rc=    1.6000  rs=    1.0667
     atom=  Cl   l=0  rc=    1.6000  rs=    1.0667
     atom=  Cl   l=1  rc=    1.6000  rs=    1.0667
     atom=  Cl   l=1  rc=    1.6000  rs=    1.0667
     atom=  Cl   l=2  rc=    1.6000  rs=    1.0667
     atom=  Cl   l=2  rc=    1.6000  rs=    1.0667
     projs nearly linearly dependent: l=2  n1,n2= 1, 2  s=  0.99993509

     atom=  H    l=0  rc=    1.0000  rs=    0.6667
     atom=  H    l=0  rc=    1.0000  rs=    0.6667
     projs nearly linearly dependent: l=0  n1,n2= 1, 2  s=  0.99968852
     -----------------------------------------------------------------

     GIPAW integrals: -------------------------------------------
     Atom  i/j   nmr_para   nmr_dia   epr_rmc  epr_para   epr_dia
       C   1 1   0.83E+03  0.17E-01  0.93E+01  0.24E+08  0.24E+03
       C   2 1   0.86E+03 -0.61E-01  0.94E+01  0.25E+08  0.25E+03
       C   2 2   0.90E+03 -0.15E+00  0.97E+01  0.26E+08  0.26E+03
       C   3 3   0.33E+01  0.34E+00  0.18E+01  0.55E+03  0.21E+02
       C   4 3   0.35E+01  0.37E+00  0.20E+01  0.59E+03  0.22E+02
       C   4 4   0.38E+01  0.39E+00  0.22E+01  0.63E+03  0.24E+02
       Cl  1 1   0.14E+04 -0.47E+00  0.84E+01  0.32E+09  0.42E+03
       Cl  2 1   0.21E+04 -0.37E+00  0.12E+02  0.49E+09  0.65E+03
       Cl  2 2   0.33E+04 -0.16E+00  0.21E+02  0.76E+09  0.10E+04
       Cl  3 3   0.21E+02  0.79E-01  0.89E+01  0.23E+05  0.13E+03
       Cl  4 3   0.24E+02  0.67E-01  0.99E+01  0.27E+05  0.15E+03
       Cl  4 4   0.28E+02  0.44E-01  0.11E+02  0.32E+05  0.18E+03
       Cl  5 5   0.77E+00  0.19E+00  0.18E+01  0.12E+03  0.22E+02
       Cl  6 5   0.80E+00  0.19E+00  0.19E+01  0.12E+03  0.23E+02
       Cl  6 6   0.83E+00  0.20E+00  0.19E+01  0.12E+03  0.23E+02
       H   1 1   0.39E+02  0.19E+00  0.29E+00  0.78E+05  0.13E+02
       H   2 1   0.41E+02  0.21E+00  0.32E+00  0.82E+05  0.14E+02
       H   2 2   0.43E+02  0.22E+00  0.36E+00  0.86E+05  0.15E+02
     ------------------------------------------------------------

     alpha_pv=     33.7244 eV

     Number of occupied bands for each k-point:
     k-point:     1    nbnd_occ=  42
     k-point:     2    nbnd_occ=  42
     k-point:     3    nbnd_occ=  42
     k-point:     4    nbnd_occ=  42
     k-point:     5    nbnd_occ=  42
     k-point:     6    nbnd_occ=  42
     k-point:     7    nbnd_occ=  42
     k-point:     8    nbnd_occ=  42
     k-point:     9    nbnd_occ=  42
     k-point:    10    nbnd_occ=  42
     k-point:    11    nbnd_occ=  42
     k-point:    12    nbnd_occ=  42
     k-point:    13    nbnd_occ=  42
     k-point:    14    nbnd_occ=  42
     k-point:    15    nbnd_occ=  42
     k-point:    16    nbnd_occ=  42


     q-space interpolation up to   110.00 Rydberg

     GIPAW job: efg                                                                             


     ELECTRIC FIELD GRADIENTS TENSORS IN Hartree/bohrradius^2:

     ----- bare term -----
     Cl   1       -0.047567        0.250983       -0.047061
     Cl   1        0.250983       -0.169437       -0.233197
     Cl   1       -0.047061       -0.233197        0.217005

     C    2        0.115165       -0.082022       -0.301452
     C    2       -0.082022       -0.063402       -0.625577
     C    2       -0.301452       -0.625577       -0.051762

     C    3       -0.592287        0.365900       -0.104510
     C    3        0.365900        0.060684       -0.118776
     C    3       -0.104510       -0.118776        0.531603

     H    4        0.013725       -0.122864       -0.304017
     H    4       -0.122864       -0.304805       -0.413296
     H    4       -0.304017       -0.413296        0.291080

     C    5       -0.040859       -0.252470       -0.451558
     C    5       -0.252470       -0.080499       -0.465139
     C    5       -0.451558       -0.465139        0.121358

     H    6        0.369525        0.184771        0.081665
     H    6        0.184771       -0.569843       -0.507986
     H    6        0.081665       -0.507986        0.200317

     H    7        0.321477        0.086644        0.320201
     H    7        0.086644        0.008346        0.283418
     H    7        0.320201        0.283418       -0.329824

     C    8       -0.599203       -0.364312       -0.458002
     C    8       -0.364312        0.403049        0.107298
     C    8       -0.458002        0.107298        0.196153

     H    9       -0.288928        0.063119       -0.551474
     H    9        0.063119        0.125389        0.070554
     H    9       -0.551474        0.070554        0.163540

     C   10        0.109985       -0.326969       -0.063526
     C   10       -0.326969       -0.140841        0.521183
     C   10       -0.063526        0.521183        0.030856

     C   11       -0.303285       -0.302715       -0.473490
     C   11       -0.302715        0.148170        0.289272
     C   11       -0.473490        0.289272        0.155116

     Cl  12        0.030987       -0.026171       -0.077062
     Cl  12       -0.026171       -0.047986       -0.011399
     Cl  12       -0.077062       -0.011399        0.016999

     H   13        0.491303       -0.063831        0.134682
     H   13       -0.063831       -0.183264       -0.320501
     H   13        0.134682       -0.320501       -0.308039

     C   14       -0.720806        0.355519       -0.265987
     C   14        0.355519        0.425612       -0.203575
     C   14       -0.265987       -0.203575        0.295194

     H   15       -0.336778       -0.030119       -0.562694
     H   15       -0.030119        0.281112       -0.046733
     H   15       -0.562694       -0.046733        0.055667

     C   16       -0.034787       -0.031464       -0.245832
     C   16       -0.031464       -0.028495       -0.691879
     C   16       -0.245832       -0.691879        0.063283

     C   17       -0.447324        0.371281       -0.159009
     C   17        0.371281        0.044673       -0.310954
     C   17       -0.159009       -0.310954        0.402651

     Cl  18        0.129687       -0.160239       -0.063338
     Cl  18       -0.160239       -0.015479        0.013963
     Cl  18       -0.063338        0.013963       -0.114207

     H   19        0.463474        0.108308       -0.016169
     H   19        0.108308       -0.821871        0.202991
     H   19       -0.016169        0.202991        0.358397

     C   20       -0.086356       -0.044654       -0.206132
     C   20       -0.044654        0.022129        0.453838
     C   20       -0.206132        0.453838        0.064226

     H   21        0.038656        0.278370       -0.351908
     H   21        0.278370       -0.191233        0.447838
     H   21       -0.351908        0.447838        0.152577

     C   22       -0.795316       -0.377862       -0.364302
     C   22       -0.377862        0.343321        0.003610
     C   22       -0.364302        0.003610        0.451995

     C   23        0.077107       -0.228661       -0.067639
     C   23       -0.228661       -0.155446        0.504831
     C   23       -0.067639        0.504831        0.078338

     Cl  24       -0.199612       -0.275928        0.015835
     Cl  24       -0.275928        0.170240       -0.070405
     Cl  24        0.015835       -0.070405        0.029371

     ----- ionic term -----
     Cl   1        0.151317       -0.167590        0.068126
     Cl   1       -0.167590       -0.018069       -0.034217
     Cl   1        0.068126       -0.034217       -0.133249

     C    2        0.180230       -0.153817        0.344907
     C    2       -0.153817        0.058738        0.366880
     C    2        0.344907        0.366880       -0.238968

     C    3        0.179333       -0.284988        0.190023
     C    3       -0.284988        0.128850        0.380791
     C    3        0.190023        0.380791       -0.308184

     H    4        0.453022        0.286611        0.747375
     H    4        0.286611       -0.406010        0.291756
     H    4        0.747375        0.291756       -0.047012

     C    5        0.307675       -0.138179        0.264831
     C    5       -0.138179       -0.011149        0.337498
     C    5        0.264831        0.337498       -0.296526

     H    6       -0.498326        0.081862        0.077577
     H    6        0.081862        0.445338        0.778790
     H    6        0.077577        0.778790        0.052988

     H    7       -0.514032        0.023444       -0.001804
     H    7        0.023444        0.375483       -0.789135
     H    7       -0.001804       -0.789135        0.138549

     C    8        0.220383        0.196120        0.332824
     C    8        0.196120       -0.034338       -0.310570
     C    8        0.332824       -0.310570       -0.186045

     H    9        0.689288       -0.439363        0.532115
     H    9       -0.439363       -0.318193       -0.252005
     H    9        0.532115       -0.252005       -0.371096

     C   10        0.139070        0.182644        0.205148
     C   10        0.182644        0.187723       -0.388478
     C   10        0.205148       -0.388478       -0.326793

     C   11        0.111640        0.108773        0.359277
     C   11        0.108773        0.123482       -0.446789
     C   11        0.359277       -0.446789       -0.235122

     Cl  12        0.140757        0.209061        0.038848
     Cl  12        0.209061       -0.008971        0.011854
     Cl  12        0.038848        0.011854       -0.131786

     H   13       -0.534557       -0.024032       -0.003915
     H   13       -0.024032        0.592880        0.749341
     H   13       -0.003915        0.749341       -0.058324

     C   14        0.256123       -0.154162        0.261886
     C   14       -0.154162       -0.017451        0.348653
     C   14        0.261886        0.348653       -0.238672

     H   15        0.504759        0.427415        0.625491
     H   15        0.427415       -0.329774        0.330046
     H   15        0.625491        0.330046       -0.174986

     C   16        0.163758       -0.221468        0.131274
     C   16       -0.221468        0.123050        0.431443
     C   16        0.131274        0.431443       -0.286808

     C   17        0.225392       -0.188768        0.189536
     C   17       -0.188768        0.072357        0.455136
     C   17        0.189536        0.455136       -0.297749

     Cl  18        0.187243       -0.241339       -0.009193
     Cl  18       -0.241339       -0.040856        0.008739
     Cl  18       -0.009193        0.008739       -0.146387

     H   19       -0.529875       -0.027301        0.038427
     H   19       -0.027301        0.685530       -0.695848
     H   19        0.038427       -0.695848       -0.155655

     C   20        0.204294        0.161940        0.393382
     C   20        0.161940        0.075584       -0.273170
     C   20        0.393382       -0.273170       -0.279878

     H   21        0.480340       -0.413894        0.658971
     H   21       -0.413894       -0.357509       -0.315771
     H   21        0.658971       -0.315771       -0.122831

     C   22        0.091751        0.238615        0.251638
     C   22        0.238615        0.160513       -0.336383
     C   22        0.251638       -0.336383       -0.252264

     C   23        0.148696        0.227967        0.287332
     C   23        0.227967        0.073826       -0.410971
     C   23        0.287332       -0.410971       -0.222522

     Cl  24        0.129629        0.209006        0.006414
     Cl  24        0.209006        0.026747        0.002020
     Cl  24        0.006414        0.002020       -0.156376

     ----- GIPAW term -----
     Cl   1       -0.779558        0.209261        0.314600
     Cl   1        0.209261        0.928192        1.412069
     Cl   1        0.314600        1.412069       -0.148634

     C    2       -0.048572       -0.052920       -0.033762
     C    2       -0.052920        0.210664       -0.022128
     C    2       -0.033762       -0.022128       -0.162091

     C    3       -0.067270       -0.099044        0.004798
     C    3       -0.099044        0.109089        0.006604
     C    3        0.004798        0.006604       -0.041819

     H    4       -0.000000        0.000000        0.000000
     H    4        0.000000        0.000000        0.000000
     H    4        0.000000        0.000000        0.000000

     C    5       -0.016051       -0.124243       -0.049421
     C    5       -0.124243        0.105967       -0.050842
     C    5       -0.049421       -0.050842       -0.089917

     H    6       -0.000000        0.000000        0.000000
     H    6        0.000000        0.000000        0.000000
     H    6        0.000000        0.000000        0.000000

     H    7       -0.000000        0.000000        0.000000
     H    7        0.000000        0.000000        0.000000
     H    7        0.000000        0.000000        0.000000

     C    8       -0.059534       -0.190783       -0.056942
     C    8       -0.190783        0.159888        0.002558
     C    8       -0.056942        0.002558       -0.100354

     H    9       -0.000000        0.000000        0.000000
     H    9        0.000000        0.000000        0.000000
     H    9        0.000000        0.000000        0.000000

     C   10       -0.041875       -0.121548       -0.035989
     C   10       -0.121548        0.119505        0.133617
     C   10       -0.035989        0.133617       -0.077630

     C   11       -0.035554       -0.109429       -0.120068
     C   11       -0.109429        0.138543        0.128973
     C   11       -0.120068        0.128973       -0.102989

     Cl  12       -0.284781        0.757504       -0.773464
     Cl  12        0.757504        1.013401        2.066571
     Cl  12       -0.773464        2.066571       -0.728619

     H   13       -0.000000        0.000000        0.000000
     H   13        0.000000        0.000000        0.000000
     H   13        0.000000        0.000000        0.000000

     C   14       -0.194456        0.062131       -0.026917
     C   14        0.062131        0.248887       -0.100515
     C   14       -0.026917       -0.100515       -0.054430

     H   15       -0.000000        0.000000        0.000000
     H   15        0.000000        0.000000        0.000000
     H   15        0.000000        0.000000        0.000000

     C   16       -0.115334       -0.103233       -0.024734
     C   16       -0.103233        0.221077       -0.178988
     C   16       -0.024734       -0.178988       -0.105743

     C   17       -0.009173       -0.196651        0.022140
     C   17       -0.196651        0.126775       -0.071024
     C   17        0.022140       -0.071024       -0.117602

     Cl  18        2.519269       -3.274209       -0.601898
     Cl  18       -3.274209       -0.236074        0.153107
     Cl  18       -0.601898        0.153107       -2.283195

     H   19       -0.000000        0.000000        0.000000
     H   19        0.000000        0.000000        0.000000
     H   19        0.000000        0.000000        0.000000

     C   20       -0.094851       -0.032928       -0.016971
     C   20       -0.032928        0.239226        0.115295
     C   20       -0.016971        0.115295       -0.144375

     H   21       -0.000000        0.000000        0.000000
     H   21        0.000000        0.000000        0.000000
     H   21        0.000000        0.000000        0.000000

     C   22       -0.242227       -0.044591       -0.054285
     C   22       -0.044591        0.223104       -0.169939
     C   22       -0.054285       -0.169939        0.019123

     C   23       -0.030049       -0.078108        0.053420
     C   23       -0.078108        0.184660       -0.088169
     C   23        0.053420       -0.088169       -0.154611

     Cl  24       -0.315352       -0.033711        0.222119
     Cl  24       -0.033711        2.278966       -0.973435
     Cl  24        0.222119       -0.973435       -1.963614

     ----- total EFG -----
     Cl   1       -0.675808        0.292655        0.335665
     Cl   1        0.292655        0.740686        1.144654
     Cl   1        0.335665        1.144654       -0.064878

     C    2        0.246822       -0.288760        0.009693
     C    2       -0.288760        0.205999       -0.280825
     C    2        0.009693       -0.280825       -0.452821

     C    3       -0.480224       -0.018132        0.090312
     C    3       -0.018132        0.298623        0.268618
     C    3        0.090312        0.268618        0.181601

     H    4        0.466747        0.163747        0.443358
     H    4        0.163747       -0.710815       -0.121539
     H    4        0.443358       -0.121539        0.244068

     C    5        0.250765       -0.514893       -0.236149
     C    5       -0.514893        0.014319       -0.178482
     C    5       -0.236149       -0.178482       -0.265084

     H    6       -0.128801        0.266633        0.159242
     H    6        0.266633       -0.124505        0.270803
     H    6        0.159242        0.270803        0.253305

     H    7       -0.192554        0.110088        0.318397
     H    7        0.110088        0.383829       -0.505717
     H    7        0.318397       -0.505717       -0.191275

     C    8       -0.438354       -0.358975       -0.182120
     C    8       -0.358975        0.528600       -0.200714
     C    8       -0.182120       -0.200714       -0.090246

     H    9        0.400360       -0.376244       -0.019359
     H    9       -0.376244       -0.192804       -0.181451
     H    9       -0.019359       -0.181451       -0.207556

     C   10        0.207181       -0.265874        0.105633
     C   10       -0.265874        0.166387        0.266321
     C   10        0.105633        0.266321       -0.373568

     C   11       -0.227200       -0.303370       -0.234281
     C   11       -0.303370        0.410194       -0.028543
     C   11       -0.234281       -0.028543       -0.182995

     Cl  12       -0.113037        0.940394       -0.811677
     Cl  12        0.940394        0.956444        2.067027
     Cl  12       -0.811677        2.067027       -0.843406

     H   13       -0.043254       -0.087863        0.130767
     H   13       -0.087863        0.409617        0.428841
     H   13        0.130767        0.428841       -0.366363

     C   14       -0.659140        0.263487       -0.031018
     C   14        0.263487        0.657047        0.044563
     C   14       -0.031018        0.044563        0.002092

     H   15        0.167981        0.397296        0.062797
     H   15        0.397296       -0.048662        0.283312
     H   15        0.062797        0.283312       -0.119319

     C   16        0.013637       -0.356165       -0.139292
     C   16       -0.356165        0.315631       -0.439424
     C   16       -0.139292       -0.439424       -0.329268

     C   17       -0.231105       -0.014138        0.052668
     C   17       -0.014138        0.243805        0.073158
     C   17        0.052668        0.073158       -0.012700

     Cl  18        2.836198       -3.675787       -0.674429
     Cl  18       -3.675787       -0.292410        0.175810
     Cl  18       -0.674429        0.175810       -2.543789

     H   19       -0.066401        0.081007        0.022258
     H   19        0.081007       -0.136341       -0.492858
     H   19        0.022258       -0.492858        0.202742

     C   20        0.023088        0.084358        0.170279
     C   20        0.084358        0.336939        0.295962
     C   20        0.170279        0.295962       -0.360027

     H   21        0.518997       -0.135524        0.307063
     H   21       -0.135524       -0.548742        0.132067
     H   21        0.307063        0.132067        0.029746

     C   22       -0.945791       -0.183839       -0.166949
     C   22       -0.183839        0.726938       -0.502712
     C   22       -0.166949       -0.502712        0.218854

     C   23        0.195754       -0.078803        0.273114
     C   23       -0.078803        0.103040        0.005690
     C   23        0.273114        0.005690       -0.298794

     Cl  24       -0.385334       -0.100634        0.244367
     Cl  24       -0.100634        2.475953       -1.041820
     Cl  24        0.244367       -1.041820       -2.090619

     ----- total EFG (symmetrized) -----
     Cl   1       -0.675808        0.292655        0.335665
     Cl   1        0.292655        0.740686        1.144654
     Cl   1        0.335665        1.144654       -0.064878

     C    2        0.246822       -0.288760        0.009693
     C    2       -0.288760        0.205999       -0.280825
     C    2        0.009693       -0.280825       -0.452821

     C    3       -0.480224       -0.018132        0.090312
     C    3       -0.018132        0.298623        0.268618
     C    3        0.090312        0.268618        0.181601

     H    4        0.466747        0.163747        0.443358
     H    4        0.163747       -0.710815       -0.121539
     H    4        0.443358       -0.121539        0.244068

     C    5        0.250765       -0.514893       -0.236149
     C    5       -0.514893        0.014319       -0.178482
     C    5       -0.236149       -0.178482       -0.265084

     H    6       -0.128801        0.266633        0.159242
     H    6        0.266633       -0.124505        0.270803
     H    6        0.159242        0.270803        0.253305

     H    7       -0.192554        0.110088        0.318397
     H    7        0.110088        0.383829       -0.505717
     H    7        0.318397       -0.505717       -0.191275

     C    8       -0.438354       -0.358975       -0.182120
     C    8       -0.358975        0.528600       -0.200714
     C    8       -0.182120       -0.200714       -0.090246

     H    9        0.400360       -0.376244       -0.019359
     H    9       -0.376244       -0.192804       -0.181451
     H    9       -0.019359       -0.181451       -0.207556

     C   10        0.207181       -0.265874        0.105633
     C   10       -0.265874        0.166387        0.266321
     C   10        0.105633        0.266321       -0.373568

     C   11       -0.227200       -0.303370       -0.234281
     C   11       -0.303370        0.410194       -0.028543
     C   11       -0.234281       -0.028543       -0.182995

     Cl  12       -0.113037        0.940394       -0.811677
     Cl  12        0.940394        0.956444        2.067027
     Cl  12       -0.811677        2.067027       -0.843406

     H   13       -0.043254       -0.087863        0.130767
     H   13       -0.087863        0.409617        0.428841
     H   13        0.130767        0.428841       -0.366363

     C   14       -0.659140        0.263487       -0.031018
     C   14        0.263487        0.657047        0.044563
     C   14       -0.031018        0.044563        0.002092

     H   15        0.167981        0.397296        0.062797
     H   15        0.397296       -0.048662        0.283312
     H   15        0.062797        0.283312       -0.119319

     C   16        0.013637       -0.356165       -0.139292
     C   16       -0.356165        0.315631       -0.439424
     C   16       -0.139292       -0.439424       -0.329268

     C   17       -0.231105       -0.014138        0.052668
     C   17       -0.014138        0.243805        0.073158
     C   17        0.052668        0.073158       -0.012700

     Cl  18        2.836198       -3.675787       -0.674429
     Cl  18       -3.675787       -0.292410        0.175810
     Cl  18       -0.674429        0.175810       -2.543789

     H   19       -0.066401        0.081007        0.022258
     H   19        0.081007       -0.136341       -0.492858
     H   19        0.022258       -0.492858        0.202742

     C   20        0.023088        0.084358        0.170279
     C   20        0.084358        0.336939        0.295962
     C   20        0.170279        0.295962       -0.360027

     H   21        0.518997       -0.135524        0.307063
     H   21       -0.135524       -0.548742        0.132067
     H   21        0.307063        0.132067        0.029746

     C   22       -0.945791       -0.183839       -0.166949
     C   22       -0.183839        0.726938       -0.502712
     C   22       -0.166949       -0.502712        0.218854

     C   23        0.195754       -0.078803        0.273114
     C   23       -0.078803        0.103040        0.005690
     C   23        0.273114        0.005690       -0.298794

     Cl  24       -0.385334       -0.100634        0.244367
     Cl  24       -0.100634        2.475953       -1.041820
     Cl  24        0.244367       -1.041820       -2.090619


     NQR/NMR SPECTROSCOPIC PARAMETERS:
     Cl   1    Vxx=   -0.6975    axis=(  0.850259 -0.422687  0.313679)
     Cl   1    Vyy=   -0.9352    axis=( -0.492926 -0.430393  0.756165)
     Cl   1    Vzz=    1.6327    axis=(  0.184616  0.797557  0.574299)
     Cl   1  Q=        -8.1650 1e-30 m^2  Cq=       -31.3218 MHz  eta= 0.14562

     C    2    Vxx=    0.0100    axis=(  0.732249  0.588947 -0.341984)
     C    2    Vyy=    0.5575    axis=(  0.669751 -0.713781  0.204820)
     C    2    Vzz=   -0.5676    axis=(  0.123474  0.379023  0.917113)
     C    2  Q=         1.0000 1e-30 m^2  Cq=        -1.3336 MHz  eta= 0.96460

     C    3    Vxx=   -0.0204    axis=(  0.173687 -0.628512  0.758159)
     C    3    Vyy=   -0.4965    axis=(  0.983855  0.077014 -0.161547)
     C    3    Vzz=    0.5169    axis=(  0.043146  0.773978  0.631741)
     C    3  Q=         1.0000 1e-30 m^2  Cq=         1.2144 MHz  eta= 0.92109

     H    4    Vxx=   -0.0441    axis=( -0.575963 -0.281367  0.767528)
     H    4    Vyy=   -0.7704    axis=(  0.199292 -0.958901 -0.201970)
     H    4    Vzz=    0.8145    axis=(  0.792811  0.036635  0.608365)
     H    4  Q=         1.0000 1e-30 m^2  Cq=         1.9138 MHz  eta= 0.89177

     C    5    Vxx=   -0.0410    axis=( -0.326806 -0.540704  0.775137)
     C    5    Vyy=   -0.6261    axis=(  0.513303  0.587109  0.625958)
     C    5    Vzz=    0.6672    axis=( -0.793547  0.602447  0.085674)
     C    5  Q=         1.0000 1e-30 m^2  Cq=         1.5676 MHz  eta= 0.87703

     H    6    Vxx=   -0.1046    axis=(  0.659314  0.428694 -0.617679)
     H    6    Vyy=   -0.4056    axis=( -0.637116  0.754770 -0.156221)
     H    6    Vzz=    0.5102    axis=(  0.399235  0.496532  0.770758)
     H    6  Q=         1.0000 1e-30 m^2  Cq=         1.1989 MHz  eta= 0.58993

     H    7    Vxx=    0.0181    axis=(  0.833142  0.345904  0.431538)
     H    7    Vyy=    0.6834    axis=(  0.082696 -0.849416  0.521204)
     H    7    Vzz=   -0.7015    axis=(  0.546842 -0.398550 -0.736289)
     H    7  Q=         1.0000 1e-30 m^2  Cq=        -1.6482 MHz  eta= 0.94848

     C    8    Vxx=   -0.0145    axis=( -0.429385  0.049452  0.901766)
     C    8    Vyy=   -0.6576    axis=(  0.860188  0.326596  0.391677)
     C    8    Vzz=    0.6721    axis=( -0.275145  0.943869 -0.182774)
     C    8  Q=         1.0000 1e-30 m^2  Cq=         1.5792 MHz  eta= 0.95675

     H    9    Vxx=   -0.1043    axis=( -0.301042 -0.447138  0.842284)
     H    9    Vyy=   -0.4835    axis=(  0.341246  0.774256  0.532990)
     H    9    Vzz=    0.5879    axis=( -0.890463  0.447878 -0.080499)
     H    9  Q=         1.0000 1e-30 m^2  Cq=         1.3812 MHz  eta= 0.64511

     C   10    Vxx=    0.0711    axis=(  0.683247  0.543406  0.487734)
     C   10    Vyy=    0.4685    axis=( -0.676740  0.722104  0.143490)
     C   10    Vzz=   -0.5396    axis=( -0.274221 -0.428108  0.861119)
     C   10  Q=         1.0000 1e-30 m^2  Cq=        -1.2679 MHz  eta= 0.73636

     C   11    Vxx=   -0.0274    axis=( -0.503117 -0.295802  0.812019)
     C   11    Vyy=   -0.5096    axis=(  0.770500  0.272022  0.576484)
     C   11    Vzz=    0.5370    axis=( -0.391412  0.915699  0.091057)
     C   11  Q=         1.0000 1e-30 m^2  Cq=         1.2618 MHz  eta= 0.89781

     Cl  12    Vxx=    0.3799    axis=(  0.895873  0.094917 -0.434054)
     Cl  12    Vyy=    2.3649    axis=(  0.155742  0.847849  0.506850)
     Cl  12    Vzz=   -2.7447    axis=(  0.416121 -0.521673  0.744782)
     Cl  12  Q=        -8.1650 1e-30 m^2  Cq=        52.6562 MHz  eta= 0.72321

     H   13    Vxx=   -0.0012    axis=(  0.962218 -0.069128  0.263358)
     H   13    Vyy=   -0.6000    axis=(  0.268754  0.396294 -0.877908)
     H   13    Vzz=    0.6011    axis=( -0.043679  0.915517  0.399900)
     H   13  Q=         1.0000 1e-30 m^2  Cq=         1.4124 MHz  eta= 0.99617

     C   14    Vxx=    0.0022    axis=( -0.063603 -0.042260  0.997080)
     C   14    Vyy=    0.7099    axis=(  0.187557  0.980794  0.053533)
     C   14    Vzz=   -0.7120    axis=( -0.980192  0.190414 -0.054455)
     C   14  Q=         1.0000 1e-30 m^2  Cq=        -1.6730 MHz  eta= 0.99387

     H   15    Vxx=   -0.0800    axis=( -0.576465  0.236230  0.782230)
     H   15    Vyy=   -0.4695    axis=( -0.411263  0.743330 -0.527563)
     H   15    Vzz=    0.5496    axis=(  0.706081  0.625824  0.331351)
     H   15  Q=         1.0000 1e-30 m^2  Cq=         1.2913 MHz  eta= 0.70873

     C   16    Vxx=    0.0271    axis=(  0.818915  0.181884 -0.544332)
     C   16    Vyy=    0.6520    axis=(  0.405742 -0.854265  0.324969)
     C   16    Vzz=   -0.6791    axis=(  0.405897  0.486981  0.773368)
     C   16  Q=         1.0000 1e-30 m^2  Cq=        -1.5956 MHz  eta= 0.92013

     C   17    Vxx=   -0.0181    axis=(  0.248052 -0.248149  0.936425)
     C   17    Vyy=   -0.2451    axis=(  0.968747  0.063883 -0.239685)
     C   17    Vzz=    0.2632    axis=( -0.000344  0.966613  0.256240)
     C   17  Q=         1.0000 1e-30 m^2  Cq=         0.6184 MHz  eta= 0.86220

     Cl  18    Vxx=   -2.4281    axis=( -0.277484 -0.542839  0.792672)
     Cl  18    Vyy=   -2.8939    axis=( -0.479510 -0.636703 -0.603887)
     Cl  18    Vzz=    5.3220    axis=( -0.832510  0.547663  0.083622)
     Cl  18  Q=        -8.1650 1e-30 m^2  Cq=      -102.1007 MHz  eta= 0.08753

     H   19    Vxx=   -0.0535    axis=(  0.982847  0.118044  0.141692)
     H   19    Vyy=   -0.5023    axis=( -0.178357  0.803804  0.567528)
     H   19    Vzz=    0.5558    axis=( -0.046900 -0.583065  0.811071)
     H   19  Q=         1.0000 1e-30 m^2  Cq=         1.3058 MHz  eta= 0.80760

     C   20    Vxx=    0.0144    axis=(  0.922344 -0.362898  0.132614)
     C   20    Vyy=    0.4882    axis=(  0.294415  0.882401  0.366998)
     C   20    Vzz=   -0.5026    axis=( -0.250201 -0.299455  0.920720)
     C   20  Q=         1.0000 1e-30 m^2  Cq=        -1.1808 MHz  eta= 0.94277

     H   21    Vxx=   -0.0549    axis=( -0.381712  0.335138  0.861382)
     H   21    Vyy=   -0.6156    axis=(  0.188754  0.940572 -0.282304)
     H   21    Vzz=    0.6705    axis=( -0.904803  0.054830 -0.422286)
     H   21  Q=         1.0000 1e-30 m^2  Cq=         1.5755 MHz  eta= 0.83612

     C   22    Vxx=   -0.0286    axis=( -0.250509  0.493288  0.833014)
     C   22    Vyy=   -1.0100    axis=( -0.967455 -0.159300 -0.196606)
     C   22    Vzz=    1.0386    axis=(  0.035716 -0.855155  0.517140)
     C   22  Q=         1.0000 1e-30 m^2  Cq=         2.4403 MHz  eta= 0.94486

     C   23    Vxx=    0.0848    axis=( -0.233860 -0.955338 -0.180664)
     C   23    Vyy=    0.3378    axis=(  0.881320 -0.286763  0.375557)
     C   23    Vzz=   -0.4226    axis=( -0.410591 -0.071395  0.909020)
     C   23  Q=         1.0000 1e-30 m^2  Cq=        -0.9929 MHz  eta= 0.59855

     Cl  24    Vxx=   -0.3684    axis=(  0.992660  0.070983  0.097912)
     Cl  24    Vyy=   -2.3413    axis=(  0.110725 -0.207872 -0.971869)
     Cl  24    Vzz=    2.7097    axis=( -0.048633  0.975577 -0.214206)
     Cl  24  Q=        -8.1650 1e-30 m^2  Cq=       -51.9846 MHz  eta= 0.72807

     Initialization:
     gipaw_setup  :      9.24s CPU     11.29s WALL (       1 calls)

     Linear response

     Apply operators

     Induced current

     Other routines
     efg          :      9.42s CPU     12.68s WALL (       1 calls)

     General routines
     calbec       :      3.28s CPU      4.41s WALL (      16 calls)
     fft          :      1.57s CPU      2.25s WALL (      15 calls)
     ffts         :      0.04s CPU      0.05s WALL (       2 calls)
     fftw         :      3.34s CPU      4.90s WALL (     672 calls)
     davcio       :      0.02s CPU      0.32s WALL (      32 calls)

     Parallel routines
     fft_scatter  :      2.27s CPU      4.22s WALL (     689 calls)

     Plugins

     GIPAW        :     61.48s CPU     73.46s WALL (       1 calls)
