
     Program QE v.6.0 (svn rev. 13079) starts on 18Dec2016 at 15:28:36 

     This program is part of the open-source Quantum ESPRESSO suite
     for quantum simulation of materials; please cite
         "P. Giannozzi et al., J. Phys.:Condens. Matter 21 395502 (2009);
          URL http://www.quantum-espresso.org", 
     in publications or presentations arising from this work. More details at
     http://www.quantum-espresso.org/quote

     Parallel version (MPI), running on     8 processors
     R & G space division:  proc/nbgrp/npool/nimage =       8

     ***** This is GIPAW svn revision unknown      *****

     Parallelizing q-star over 1 images

     Reading data from directory:
     /users/majewski/paradichlorobenzene/pbe/9_constraint/scratch/pbe.ecut100.np8.dt60.pcl2phi-129368.save
     Message from routine read_xml_file:
     file /users/majewski/paradichlorobenzene/pbe/9_constraint/scratch/pbe.ecut100.np8.dt60.pcl2phi-129368.save not guaranteed to be safe for post-processing

   Info: using nr1, nr2, nr3 values from input

   Info: using nr1, nr2, nr3 values from input

     IMPORTANT: XC functional enforced from input :
     Exchange-correlation      =  SLA  PW   PBX  PBC ( 1  4  3  4 0 0)
     Any further DFT definition will be discarded
     Please, verify this is what you really want

               file C.pbe-n-kjpaw_psl.1.0.0.UPF: wavefunction(s)  2S 2P renormalized
               file Cl.pbe-n-kjpaw_psl.1.0.0.UPF: wavefunction(s)  3S 3P renormalized
               file H.pbe-kjpaw_psl.1.0.0.UPF: wavefunction(s)  1S renormalized

     Parallelization info
     --------------------
     sticks:   dense  smooth     PW     G-vecs:    dense   smooth      PW
     Min        3057    1223    332               144436    36536    5170
     Max        3059    1225    333               144437    36537    5171
     Sum       24467    9791   2657              1155489   292295   41363


     Subspace diagonalization in iterative solution of the eigenvalue problem:
     a serial algorithm will be used

     GIPAW projectors -----------------------------------------------
     atom=  C    l=0  rc=    1.2000  rs=    0.8000
     atom=  C    l=0  rc=    1.2000  rs=    0.8000
     atom=  C    l=1  rc=    1.4000  rs=    0.9333
     atom=  C    l=1  rc=    1.4000  rs=    0.9333
     projs nearly linearly dependent: l=1  n1,n2= 1, 2  s=  0.99951561

     atom=  Cl   l=0  rc=    1.6000  rs=    1.0667
     atom=  Cl   l=0  rc=    1.6000  rs=    1.0667
     atom=  Cl   l=1  rc=    1.6000  rs=    1.0667
     atom=  Cl   l=1  rc=    1.6000  rs=    1.0667
     atom=  Cl   l=2  rc=    1.6000  rs=    1.0667
     atom=  Cl   l=2  rc=    1.6000  rs=    1.0667
     projs nearly linearly dependent: l=2  n1,n2= 1, 2  s=  0.99993509

     atom=  H    l=0  rc=    1.0000  rs=    0.6667
     atom=  H    l=0  rc=    1.0000  rs=    0.6667
     projs nearly linearly dependent: l=0  n1,n2= 1, 2  s=  0.99968852
     -----------------------------------------------------------------

     GIPAW integrals: -------------------------------------------
     Atom  i/j   nmr_para   nmr_dia   epr_rmc  epr_para   epr_dia
       C   1 1   0.83E+03  0.17E-01  0.93E+01  0.24E+08  0.24E+03
       C   2 1   0.86E+03 -0.61E-01  0.94E+01  0.25E+08  0.25E+03
       C   2 2   0.90E+03 -0.15E+00  0.97E+01  0.26E+08  0.26E+03
       C   3 3   0.33E+01  0.34E+00  0.18E+01  0.55E+03  0.21E+02
       C   4 3   0.35E+01  0.37E+00  0.20E+01  0.59E+03  0.22E+02
       C   4 4   0.38E+01  0.39E+00  0.22E+01  0.63E+03  0.24E+02
       Cl  1 1   0.14E+04 -0.47E+00  0.84E+01  0.32E+09  0.42E+03
       Cl  2 1   0.21E+04 -0.37E+00  0.12E+02  0.49E+09  0.65E+03
       Cl  2 2   0.33E+04 -0.16E+00  0.21E+02  0.76E+09  0.10E+04
       Cl  3 3   0.21E+02  0.79E-01  0.89E+01  0.23E+05  0.13E+03
       Cl  4 3   0.24E+02  0.67E-01  0.99E+01  0.27E+05  0.15E+03
       Cl  4 4   0.28E+02  0.44E-01  0.11E+02  0.32E+05  0.18E+03
       Cl  5 5   0.77E+00  0.19E+00  0.18E+01  0.12E+03  0.22E+02
       Cl  6 5   0.80E+00  0.19E+00  0.19E+01  0.12E+03  0.23E+02
       Cl  6 6   0.83E+00  0.20E+00  0.19E+01  0.12E+03  0.23E+02
       H   1 1   0.39E+02  0.19E+00  0.29E+00  0.78E+05  0.13E+02
       H   2 1   0.41E+02  0.21E+00  0.32E+00  0.82E+05  0.14E+02
       H   2 2   0.43E+02  0.22E+00  0.36E+00  0.86E+05  0.15E+02
     ------------------------------------------------------------

     alpha_pv=     33.5164 eV

     Number of occupied bands for each k-point:
     k-point:     1    nbnd_occ=  42
     k-point:     2    nbnd_occ=  42
     k-point:     3    nbnd_occ=  42
     k-point:     4    nbnd_occ=  42
     k-point:     5    nbnd_occ=  42
     k-point:     6    nbnd_occ=  42
     k-point:     7    nbnd_occ=  42
     k-point:     8    nbnd_occ=  42
     k-point:     9    nbnd_occ=  42
     k-point:    10    nbnd_occ=  42
     k-point:    11    nbnd_occ=  42
     k-point:    12    nbnd_occ=  42
     k-point:    13    nbnd_occ=  42
     k-point:    14    nbnd_occ=  42
     k-point:    15    nbnd_occ=  42
     k-point:    16    nbnd_occ=  42


     q-space interpolation up to   110.00 Rydberg

     GIPAW job: efg                                                                             


     ELECTRIC FIELD GRADIENTS TENSORS IN Hartree/bohrradius^2:

     ----- bare term -----
     Cl   1       -0.064452       -0.014069        0.065394
     Cl   1       -0.014069       -0.090770        0.050761
     Cl   1        0.065394        0.050761        0.155223

     C    2        0.035149        0.463055        0.046328
     C    2        0.463055       -0.460503       -0.444348
     C    2        0.046328       -0.444348        0.425353

     C    3       -0.237320        0.265512       -0.365114
     C    3        0.265512       -0.097165       -0.456386
     C    3       -0.365114       -0.456386        0.334485

     H    4       -0.644760       -0.324577       -0.211047
     H    4       -0.324577        0.348687       -0.123889
     H    4       -0.211047       -0.123889        0.296073

     C    5       -0.586701        0.257941       -0.429043
     C    5        0.257941       -0.020243       -0.217005
     C    5       -0.429043       -0.217005        0.606944

     H    6        0.479037       -0.183095        0.026432
     H    6       -0.183095       -0.620779       -0.065535
     H    6        0.026432       -0.065535        0.141742

     H    7        0.406857        0.156277       -0.049344
     H    7        0.156277       -0.653633        0.420881
     H    7       -0.049344        0.420881        0.246776

     C    8       -0.173321       -0.326480       -0.210204
     C    8       -0.326480       -0.160332        0.440184
     C    8       -0.210204        0.440184        0.333653

     H    9       -0.504672        0.309118       -0.425442
     H    9        0.309118        0.293216        0.188252
     H    9       -0.425442        0.188252        0.211456

     C   10       -0.433399       -0.378096       -0.323282
     C   10       -0.378096        0.093759        0.394335
     C   10       -0.323282        0.394335        0.339640

     C   11        0.013427       -0.427150       -0.154711
     C   11       -0.427150       -0.148607        0.588155
     C   11       -0.154711        0.588155        0.135180

     Cl  12        0.033256       -0.165861       -0.004930
     Cl  12       -0.165861        0.083526       -0.012428
     Cl  12       -0.004930       -0.012428       -0.116782

     H   13        0.256806        0.255651       -0.240535
     H   13        0.255651       -0.555938       -0.007564
     H   13       -0.240535       -0.007564        0.299131

     C   14       -0.311172       -0.262799       -0.292416
     C   14       -0.262799       -0.058385       -0.426388
     C   14       -0.292416       -0.426388        0.369557

     H   15       -0.077194       -0.280226       -0.318145
     H   15       -0.280226       -0.381855       -0.102570
     H   15       -0.318145       -0.102570        0.459049

     C   16       -0.426360        0.325370        0.001774
     C   16        0.325370        0.029355       -0.391417
     C   16        0.001774       -0.391417        0.397005

     C   17       -0.013780       -0.092202       -0.330374
     C   17       -0.092202       -0.260451       -0.452931
     C   17       -0.330374       -0.452931        0.274231

     Cl  18       -0.148014        0.220657        0.042835
     Cl  18        0.220657        0.055447        0.104717
     Cl  18        0.042835        0.104717        0.092568

     H   19        0.462938       -0.051255       -0.191436
     H   19       -0.051255       -0.594568        0.041576
     H   19       -0.191436        0.041576        0.131630

     C   20       -0.580747       -0.150435       -0.331055
     C   20       -0.150435        0.096630        0.212211
     C   20       -0.331055        0.212211        0.484117

     H   21       -0.536042        0.280140       -0.072762
     H   21        0.280140        0.410851        0.129974
     H   21       -0.072762        0.129974        0.125191

     C   22       -0.124019       -0.349238       -0.067838
     C   22       -0.349238       -0.481355        0.500104
     C   22       -0.067838        0.500104        0.605373

     C   23       -0.353860       -0.135828       -0.404828
     C   23       -0.135828        0.081058        0.337002
     C   23       -0.404828        0.337002        0.272802

     Cl  24        0.050920        0.113191       -0.032411
     Cl  24        0.113191        0.016820       -0.003954
     Cl  24       -0.032411       -0.003954       -0.067740

     ----- ionic term -----
     Cl   1        0.146344       -0.234745        0.044676
     Cl   1       -0.234745        0.015561       -0.027370
     Cl   1        0.044676       -0.027370       -0.161905

     C    2        0.224526       -0.140031        0.292915
     C    2       -0.140031        0.237079        0.355156
     C    2        0.292915        0.355156       -0.461605

     C    3        0.219326       -0.237264        0.207849
     C    3       -0.237264        0.234683        0.321547
     C    3        0.207849        0.321547       -0.454009

     H    4        0.671481        0.336197        0.597318
     H    4        0.336197       -0.386662        0.231487
     H    4        0.597318        0.231487       -0.284819

     C    5        0.325279       -0.131718        0.286652
     C    5       -0.131718        0.110275        0.250449
     C    5        0.286652        0.250449       -0.435555

     H    6       -0.514881        0.093737        0.043559
     H    6        0.093737        0.895796        0.514849
     H    6        0.043559        0.514849       -0.380915

     H    7       -0.526865       -0.043886        0.034681
     H    7       -0.043886        0.709135       -0.676059
     H    7        0.034681       -0.676059       -0.182270

     C    8        0.320086        0.173233        0.231008
     C    8        0.173233        0.045910       -0.322192
     C    8        0.231008       -0.322192       -0.365996

     H    9        0.546297       -0.195411        0.725645
     H    9       -0.195411       -0.495144       -0.221551
     H    9        0.725645       -0.221551       -0.051153

     C   10        0.176360        0.292548        0.141928
     C   10        0.292548        0.148120       -0.408345
     C   10        0.141928       -0.408345       -0.324480

     C   11        0.269509        0.133069        0.186767
     C   11        0.133069        0.136117       -0.395057
     C   11        0.186767       -0.395057       -0.405626

     Cl  12        0.138291        0.217131        0.003786
     Cl  12        0.217131        0.019641        0.006736
     Cl  12        0.003786        0.006736       -0.157932

     H   13       -0.505228        0.002311        0.028011
     H   13        0.002311        0.830126        0.577806
     H   13        0.028011        0.577806       -0.324899

     C   14        0.382961       -0.127627        0.306976
     C   14       -0.127627        0.075133        0.262266
     C   14        0.306976        0.262266       -0.458094

     H   15        0.517907        0.489910        0.586924
     H   15        0.489910       -0.233318        0.327604
     H   15        0.586924        0.327604       -0.284589

     C   16        0.197919       -0.206362        0.206228
     C   16       -0.206362        0.273226        0.323562
     C   16        0.206228        0.323562       -0.471146

     C   17        0.240929       -0.136916        0.256075
     C   17       -0.136916        0.197869        0.339852
     C   17        0.256075        0.339852       -0.438798

     Cl  18        0.190951       -0.182430        0.027516
     Cl  18       -0.182430       -0.036384       -0.009659
     Cl  18        0.027516       -0.009659       -0.154567

     H   19       -0.490133       -0.123404        0.044204
     H   19       -0.123404        0.929259       -0.463510
     H   19        0.044204       -0.463510       -0.439126

     C   20        0.383528        0.063494        0.199698
     C   20        0.063494        0.100860       -0.254566
     C   20        0.199698       -0.254566       -0.484388

     H   21        0.743629       -0.357480        0.537126
     H   21       -0.357480       -0.388865       -0.210511
     H   21        0.537126       -0.210511       -0.354764

     C   22        0.241264        0.152350        0.157486
     C   22        0.152350        0.180215       -0.325540
     C   22        0.157486       -0.325540       -0.421479

     C   23        0.251945        0.083013        0.289883
     C   23        0.083013        0.121437       -0.346115
     C   23        0.289883       -0.346115       -0.373382

     Cl  24        0.154360        0.196186        0.016862
     Cl  24        0.196186       -0.010665        0.005415
     Cl  24        0.016862        0.005415       -0.143695

     ----- GIPAW term -----
     Cl   1        0.437606       -1.849903        1.514902
     Cl   1       -1.849903       -1.315674        0.235874
     Cl   1        1.514902        0.235874        0.878067

     C    2        0.186453        0.006775        0.166287
     C    2        0.006775       -0.173019       -0.034398
     C    2        0.166287       -0.034398       -0.013434

     C    3       -0.016878        0.098983       -0.125903
     C    3        0.098983        0.011529       -0.094082
     C    3       -0.125903       -0.094082        0.005350

     H    4       -0.000000        0.000000        0.000000
     H    4        0.000000        0.000000        0.000000
     H    4        0.000000        0.000000        0.000000

     C    5       -0.141812        0.030924       -0.114412
     C    5        0.030924       -0.063926        0.007912
     C    5       -0.114412        0.007912        0.205737

     H    6       -0.000000        0.000000        0.000000
     H    6        0.000000        0.000000        0.000000
     H    6        0.000000        0.000000        0.000000

     H    7       -0.000000        0.000000        0.000000
     H    7        0.000000        0.000000        0.000000
     H    7        0.000000        0.000000        0.000000

     C    8       -0.019326       -0.131412       -0.006852
     C    8       -0.131412        0.031412        0.071220
     C    8       -0.006852        0.071220       -0.012085

     H    9       -0.000000        0.000000        0.000000
     H    9        0.000000        0.000000        0.000000
     H    9        0.000000        0.000000        0.000000

     C   10       -0.132163       -0.150518       -0.110174
     C   10       -0.150518        0.155360        0.116187
     C   10       -0.110174        0.116187       -0.023197

     C   11        0.122190       -0.154171       -0.072941
     C   11       -0.154171        0.033412        0.128864
     C   11       -0.072941        0.128864       -0.155602

     Cl  12        1.760025        0.451649       -0.028509
     Cl  12        0.451649        0.702513       -0.112214
     Cl  12       -0.028509       -0.112214       -2.462538

     H   13       -0.000000        0.000000        0.000000
     H   13        0.000000        0.000000        0.000000
     H   13        0.000000        0.000000        0.000000

     C   14        0.033503       -0.140661        0.149282
     C   14       -0.140661       -0.101315       -0.132113
     C   14        0.149282       -0.132113        0.067812

     H   15       -0.000000        0.000000        0.000000
     H   15        0.000000        0.000000        0.000000
     H   15        0.000000        0.000000        0.000000

     C   16       -0.095223       -0.124161        0.077833
     C   16       -0.124161        0.150250       -0.129453
     C   16        0.077833       -0.129453       -0.055027

     C   17       -0.014893       -0.155536       -0.064635
     C   17       -0.155536        0.016278        0.084733
     C   17       -0.064635        0.084733       -0.001385

     Cl  18       -0.243581        0.099502        0.858795
     Cl  18        0.099502        1.182393        1.956905
     Cl  18        0.858795        1.956905       -0.938812

     H   19       -0.000000        0.000000        0.000000
     H   19        0.000000        0.000000        0.000000
     H   19        0.000000        0.000000        0.000000

     C   20       -0.058494       -0.063005        0.106482
     C   20       -0.063005       -0.059528       -0.045429
     C   20        0.106482       -0.045429        0.118022

     H   21       -0.000000        0.000000        0.000000
     H   21        0.000000        0.000000        0.000000
     H   21        0.000000        0.000000        0.000000

     C   22       -0.089251       -0.050166        0.030088
     C   22       -0.050166       -0.151940        0.053261
     C   22        0.030088        0.053261        0.241191

     C   23        0.003382        0.034106       -0.038081
     C   23        0.034106        0.074839       -0.008056
     C   23       -0.038081       -0.008056       -0.078221

     Cl  24        1.684913        2.897768       -0.240223
     Cl  24        2.897768        0.207466       -0.007555
     Cl  24       -0.240223       -0.007555       -1.892379

     ----- total EFG -----
     Cl   1        0.519498       -2.098718        1.624972
     Cl   1       -2.098718       -1.390883        0.259265
     Cl   1        1.624972        0.259265        0.871385

     C    2        0.446128        0.329799        0.505530
     C    2        0.329799       -0.396442       -0.123589
     C    2        0.505530       -0.123589       -0.049686

     C    3       -0.034872        0.127231       -0.283167
     C    3        0.127231        0.149046       -0.228922
     C    3       -0.283167       -0.228922       -0.114174

     H    4        0.026721        0.011620        0.386271
     H    4        0.011620       -0.037975        0.107598
     H    4        0.386271        0.107598        0.011254

     C    5       -0.403234        0.157147       -0.256803
     C    5        0.157147        0.026107        0.041356
     C    5       -0.256803        0.041356        0.377127

     H    6       -0.035844       -0.089358        0.069991
     H    6       -0.089358        0.275017        0.449314
     H    6        0.069991        0.449314       -0.239173

     H    7       -0.120008        0.112391       -0.014663
     H    7        0.112391        0.055502       -0.255178
     H    7       -0.014663       -0.255178        0.064507

     C    8        0.127438       -0.284659        0.013952
     C    8       -0.284659       -0.083010        0.189213
     C    8        0.013952        0.189213       -0.044428

     H    9        0.041625        0.113707        0.300203
     H    9        0.113707       -0.201928       -0.033299
     H    9        0.300203       -0.033299        0.160303

     C   10       -0.389202       -0.236066       -0.291528
     C   10       -0.236066        0.397239        0.102177
     C   10       -0.291528        0.102177       -0.008038

     C   11        0.405126       -0.448252       -0.040886
     C   11       -0.448252        0.020922        0.321962
     C   11       -0.040886        0.321962       -0.426048

     Cl  12        1.931572        0.502919       -0.029653
     Cl  12        0.502919        0.805680       -0.117905
     Cl  12       -0.029653       -0.117905       -2.737253

     H   13       -0.248421        0.257961       -0.212525
     H   13        0.257961        0.274188        0.570242
     H   13       -0.212525        0.570242       -0.025767

     C   14        0.105292       -0.531087        0.163843
     C   14       -0.531087       -0.084566       -0.296236
     C   14        0.163843       -0.296236       -0.020726

     H   15        0.440713        0.209684        0.268779
     H   15        0.209684       -0.615173        0.225034
     H   15        0.268779        0.225034        0.174460

     C   16       -0.323663       -0.005153        0.285835
     C   16       -0.005153        0.452832       -0.197307
     C   16        0.285835       -0.197307       -0.129168

     C   17        0.212257       -0.384653       -0.138934
     C   17       -0.384653       -0.046304       -0.028347
     C   17       -0.138934       -0.028347       -0.165953

     Cl  18       -0.200644        0.137729        0.929146
     Cl  18        0.137729        1.201456        2.051964
     Cl  18        0.929146        2.051964       -1.000812

     H   19       -0.027195       -0.174659       -0.147232
     H   19       -0.174659        0.334691       -0.421934
     H   19       -0.147232       -0.421934       -0.307496

     C   20       -0.255713       -0.149947       -0.024875
     C   20       -0.149947        0.137962       -0.087784
     C   20       -0.024875       -0.087784        0.117751

     H   21        0.207587       -0.077340        0.464363
     H   21       -0.077340        0.021986       -0.080537
     H   21        0.464363       -0.080537       -0.229573

     C   22        0.027995       -0.247054        0.119737
     C   22       -0.247054       -0.453080        0.227825
     C   22        0.119737        0.227825        0.425086

     C   23       -0.098533       -0.018710       -0.153026
     C   23       -0.018710        0.277333       -0.017169
     C   23       -0.153026       -0.017169       -0.178801

     Cl  24        1.890193        3.207145       -0.255771
     Cl  24        3.207145        0.213620       -0.006094
     Cl  24       -0.255771       -0.006094       -2.103813

     ----- total EFG (symmetrized) -----
     Cl   1        0.519498       -2.098718        1.624972
     Cl   1       -2.098718       -1.390883        0.259265
     Cl   1        1.624972        0.259265        0.871385

     C    2        0.446128        0.329799        0.505530
     C    2        0.329799       -0.396442       -0.123589
     C    2        0.505530       -0.123589       -0.049686

     C    3       -0.034872        0.127231       -0.283167
     C    3        0.127231        0.149046       -0.228922
     C    3       -0.283167       -0.228922       -0.114174

     H    4        0.026721        0.011620        0.386271
     H    4        0.011620       -0.037975        0.107598
     H    4        0.386271        0.107598        0.011254

     C    5       -0.403234        0.157147       -0.256803
     C    5        0.157147        0.026107        0.041356
     C    5       -0.256803        0.041356        0.377127

     H    6       -0.035844       -0.089358        0.069991
     H    6       -0.089358        0.275017        0.449314
     H    6        0.069991        0.449314       -0.239173

     H    7       -0.120008        0.112391       -0.014663
     H    7        0.112391        0.055502       -0.255178
     H    7       -0.014663       -0.255178        0.064507

     C    8        0.127438       -0.284659        0.013952
     C    8       -0.284659       -0.083010        0.189213
     C    8        0.013952        0.189213       -0.044428

     H    9        0.041625        0.113707        0.300203
     H    9        0.113707       -0.201928       -0.033299
     H    9        0.300203       -0.033299        0.160303

     C   10       -0.389202       -0.236066       -0.291528
     C   10       -0.236066        0.397239        0.102177
     C   10       -0.291528        0.102177       -0.008038

     C   11        0.405126       -0.448252       -0.040886
     C   11       -0.448252        0.020922        0.321962
     C   11       -0.040886        0.321962       -0.426048

     Cl  12        1.931572        0.502919       -0.029653
     Cl  12        0.502919        0.805680       -0.117905
     Cl  12       -0.029653       -0.117905       -2.737253

     H   13       -0.248421        0.257961       -0.212525
     H   13        0.257961        0.274188        0.570242
     H   13       -0.212525        0.570242       -0.025767

     C   14        0.105292       -0.531087        0.163843
     C   14       -0.531087       -0.084566       -0.296236
     C   14        0.163843       -0.296236       -0.020726

     H   15        0.440713        0.209684        0.268779
     H   15        0.209684       -0.615173        0.225034
     H   15        0.268779        0.225034        0.174460

     C   16       -0.323663       -0.005153        0.285835
     C   16       -0.005153        0.452832       -0.197307
     C   16        0.285835       -0.197307       -0.129168

     C   17        0.212257       -0.384653       -0.138934
     C   17       -0.384653       -0.046304       -0.028347
     C   17       -0.138934       -0.028347       -0.165953

     Cl  18       -0.200644        0.137729        0.929146
     Cl  18        0.137729        1.201456        2.051964
     Cl  18        0.929146        2.051964       -1.000812

     H   19       -0.027195       -0.174659       -0.147232
     H   19       -0.174659        0.334691       -0.421934
     H   19       -0.147232       -0.421934       -0.307496

     C   20       -0.255713       -0.149947       -0.024875
     C   20       -0.149947        0.137962       -0.087784
     C   20       -0.024875       -0.087784        0.117751

     H   21        0.207587       -0.077340        0.464363
     H   21       -0.077340        0.021986       -0.080537
     H   21        0.464363       -0.080537       -0.229573

     C   22        0.027995       -0.247054        0.119737
     C   22       -0.247054       -0.453080        0.227825
     C   22        0.119737        0.227825        0.425086

     C   23       -0.098533       -0.018710       -0.153026
     C   23       -0.018710        0.277333       -0.017169
     C   23       -0.153026       -0.017169       -0.178801

     Cl  24        1.890193        3.207145       -0.255771
     Cl  24        3.207145        0.213620       -0.006094
     Cl  24       -0.255771       -0.006094       -2.103813


     NQR/NMR SPECTROSCOPIC PARAMETERS:
     Cl   1    Vxx=    0.3057    axis=( -0.351463  0.550502  0.757246)
     Cl   1    Vyy=    2.7668    axis=(  0.737345 -0.335642  0.586231)
     Cl   1    Vzz=   -3.0724    axis=(  0.576885  0.764390 -0.287944)
     Cl   1  Q=        -8.1650 1e-30 m^2  Cq=        58.9434 MHz  eta= 0.80103

     C    2    Vxx=   -0.1242    axis=(  0.263332  0.644696 -0.717652)
     C    2    Vyy=   -0.6778    axis=( -0.443908  0.741449  0.503189)
     C    2    Vzz=    0.8019    axis=( -0.856506 -0.186066 -0.481432)
     C    2  Q=         1.0000 1e-30 m^2  Cq=         1.8842 MHz  eta= 0.69035

     C    3    Vxx=   -0.0537    axis=(  0.639024 -0.716609 -0.279501)
     C    3    Vyy=   -0.3792    axis=(  0.575611  0.204486  0.791743)
     C    3    Vzz=    0.4329    axis=( -0.510216 -0.666826  0.543159)
     C    3  Q=         1.0000 1e-30 m^2  Cq=         1.0171 MHz  eta= 0.75190

     H    4    Vxx=   -0.0393    axis=( -0.270396  0.962594  0.017265)
     H    4    Vyy=   -0.3815    axis=( -0.670269 -0.201093  0.714353)
     H    4    Vzz=    0.4208    axis=( -0.691104 -0.181586 -0.699572)
     H    4  Q=         1.0000 1e-30 m^2  Cq=         0.9887 MHz  eta= 0.81316

     C    5    Vxx=    0.0737    axis=(  0.265574  0.959499  0.093975)
     C    5    Vyy=    0.4541    axis=(  0.289209  0.013698 -0.957168)
     C    5    Vzz=   -0.5278    axis=( -0.919689  0.281378 -0.273858)
     C    5  Q=         1.0000 1e-30 m^2  Cq=        -1.2401 MHz  eta= 0.72089

     H    6    Vxx=   -0.0161    axis=(  0.974361 -0.042051  0.221024)
     H    6    Vyy=   -0.5226    axis=(  0.212260  0.497547 -0.841066)
     H    6    Vzz=    0.5387    axis=( -0.074602  0.866417  0.493717)
     H    6  Q=         1.0000 1e-30 m^2  Cq=         1.2658 MHz  eta= 0.94019

     H    7    Vxx=   -0.0922    axis=(  0.814356  0.268938  0.514292)
     H    7    Vyy=   -0.2410    axis=(  0.545911 -0.655749 -0.521512)
     H    7    Vzz=    0.3332    axis=( -0.196992 -0.705454  0.680829)
     H    7  Q=         1.0000 1e-30 m^2  Cq=         0.7828 MHz  eta= 0.44680

     C    8    Vxx=    0.0153    axis=(  0.481904  0.231261  0.845155)
     C    8    Vyy=    0.3521    axis=(  0.751160 -0.605647 -0.262585)
     C    8    Vzz=   -0.3674    axis=(  0.451140  0.761387 -0.465577)
     C    8  Q=         1.0000 1e-30 m^2  Cq=        -0.8632 MHz  eta= 0.91670

     H    9    Vxx=   -0.0966    axis=( -0.505420 -0.703724  0.499323)
     H    9    Vyy=   -0.3140    axis=(  0.574813 -0.706171 -0.413415)
     H    9    Vzz=    0.4106    axis=(  0.643538  0.078069  0.761423)
     H    9  Q=         1.0000 1e-30 m^2  Cq=         0.9648 MHz  eta= 0.52931

     C   10    Vxx=    0.0459    axis=( -0.313272 -0.453203  0.834546)
     C   10    Vyy=    0.5286    axis=(  0.335870 -0.874859 -0.349016)
     C   10    Vzz=   -0.5745    axis=(  0.888286  0.170962  0.426287)
     C   10  Q=         1.0000 1e-30 m^2  Cq=        -1.3499 MHz  eta= 0.84019

     C   11    Vxx=   -0.1108    axis=( -0.572853 -0.609397 -0.548156)
     C   11    Vyy=   -0.6302    axis=( -0.202745 -0.542631  0.815135)
     C   11    Vzz=    0.7411    axis=( -0.794187  0.578089  0.187296)
     C   11  Q=         1.0000 1e-30 m^2  Cq=         1.7412 MHz  eta= 0.70085

     Cl  12    Vxx=    0.6167    axis=( -0.357673  0.933376 -0.029650)
     Cl  12    Vyy=    2.1245    axis=(  0.933843  0.357395 -0.014363)
     Cl  12    Vzz=   -2.7412    axis=(  0.002810  0.032825  0.999457)
     Cl  12  Q=        -8.1650 1e-30 m^2  Cq=        52.5887 MHz  eta= 0.55005

     H   13    Vxx=   -0.0185    axis=(  0.805354  0.293573 -0.514995)
     H   13    Vyy=   -0.7017    axis=( -0.586747  0.518543 -0.621965)
     H   13    Vzz=    0.7202    axis=(  0.084455  0.803074  0.589864)
     H   13  Q=         1.0000 1e-30 m^2  Cq=         1.6921 MHz  eta= 0.94866

     C   14    Vxx=   -0.1301    axis=( -0.482734  0.055677  0.873995)
     C   14    Vyy=   -0.5621    axis=(  0.561375  0.785653  0.260015)
     C   14    Vzz=    0.6922    axis=( -0.672180  0.616157 -0.410517)
     C   14  Q=         1.0000 1e-30 m^2  Cq=         1.6263 MHz  eta= 0.62411

     H   15    Vxx=    0.0160    axis=( -0.567615  0.102674  0.816866)
     H   15    Vyy=    0.6763    axis=(  0.813104  0.225532  0.536653)
     H   15    Vzz=   -0.6922    axis=( -0.129129  0.968810 -0.211500)
     H   15  Q=         1.0000 1e-30 m^2  Cq=        -1.6265 MHz  eta= 0.95383

     C   16    Vxx=    0.0172    axis=(  0.602375  0.335232  0.724405)
     C   16    Vyy=    0.5240    axis=(  0.118392 -0.935019  0.334249)
     C   16    Vzz=   -0.5412    axis=(  0.789384 -0.115580 -0.602921)
     C   16  Q=         1.0000 1e-30 m^2  Cq=        -1.2717 MHz  eta= 0.93641

     C   17    Vxx=   -0.1260    axis=(  0.158977  0.456060 -0.875634)
     C   17    Vyy=   -0.3769    axis=(  0.558816  0.689601  0.460624)
     C   17    Vzz=    0.5029    axis=(  0.813911 -0.562548 -0.145223)
     C   17  Q=         1.0000 1e-30 m^2  Cq=         1.1816 MHz  eta= 0.49905

     Cl  18    Vxx=   -0.0937    axis=(  0.923895 -0.348516  0.157969)
     Cl  18    Vyy=   -2.4689    axis=(  0.313925  0.454313 -0.833697)
     Cl  18    Vzz=    2.5626    axis=(  0.218789  0.819839  0.529146)
     Cl  18  Q=        -8.1650 1e-30 m^2  Cq=       -49.1623 MHz  eta= 0.92685

     H   19    Vxx=    0.0359    axis=(  0.922167 -0.007057 -0.386727)
     H   19    Vyy=    0.5590    axis=( -0.164674  0.897530 -0.409050)
     H   19    Vzz=   -0.5949    axis=(  0.349986  0.440896  0.826511)
     H   19  Q=         1.0000 1e-30 m^2  Cq=        -1.3978 MHz  eta= 0.87936

     C   20    Vxx=    0.0749    axis=( -0.281742  0.483840  0.828565)
     C   20    Vyy=    0.2377    axis=(  0.218176 -0.808621  0.546381)
     C   20    Vzz=   -0.3127    axis=( -0.934356 -0.334712 -0.122260)
     C   20  Q=         1.0000 1e-30 m^2  Cq=        -0.7347 MHz  eta= 0.52061

     H   21    Vxx=   -0.0001    axis=(  0.204485  0.976280  0.071151)
     H   21    Vyy=   -0.5255    axis=( -0.530703  0.049493  0.846112)
     H   21    Vzz=    0.5256    axis=(  0.822521 -0.210777  0.528235)
     H   21  Q=         1.0000 1e-30 m^2  Cq=         1.2350 MHz  eta= 0.99968

     C   22    Vxx=    0.1311    axis=(  0.911611 -0.407267 -0.055666)
     C   22    Vyy=    0.4892    axis=( -0.146743 -0.195940 -0.969574)
     C   22    Vzz=   -0.6203    axis=(  0.383968  0.892043 -0.238385)
     C   22  Q=         1.0000 1e-30 m^2  Cq=        -1.4575 MHz  eta= 0.57745

     C   23    Vxx=    0.0195    axis=(  0.790821  0.016643 -0.611822)
     C   23    Vyy=    0.2785    axis=( -0.039748  0.998917 -0.024203)
     C   23    Vzz=   -0.2980    axis=(  0.610756  0.043459  0.790625)
     C   23  Q=         1.0000 1e-30 m^2  Cq=        -0.7001 MHz  eta= 0.86936

     Cl  24    Vxx=   -2.0171    axis=( -0.298756  0.431849  0.851029)
     Cl  24    Vyy=   -2.3562    axis=(  0.533136 -0.664101  0.524152)
     Cl  24    Vzz=    4.3734    axis=( -0.791524 -0.610309  0.031830)
     Cl  24  Q=        -8.1650 1e-30 m^2  Cq=       -83.9008 MHz  eta= 0.07754

     Initialization:
     gipaw_setup  :      9.22s CPU     11.09s WALL (       1 calls)

     Linear response

     Apply operators

     Induced current

     Other routines
     efg          :      9.53s CPU     13.20s WALL (       1 calls)

     General routines
     calbec       :      3.56s CPU      5.54s WALL (      16 calls)
     fft          :      1.38s CPU      1.68s WALL (      15 calls)
     ffts         :      0.05s CPU      0.09s WALL (       2 calls)
     fftw         :      3.19s CPU      3.94s WALL (     672 calls)
     davcio       :      0.03s CPU      0.32s WALL (      32 calls)

     Parallel routines
     fft_scatter  :      1.91s CPU      2.87s WALL (     689 calls)

     Plugins

     GIPAW        :     61.84s CPU     73.73s WALL (       1 calls)
