
     Program QE v.6.0 (svn rev. 13079) starts on 23Dec2016 at 15:39: 4 

     This program is part of the open-source Quantum ESPRESSO suite
     for quantum simulation of materials; please cite
         "P. Giannozzi et al., J. Phys.:Condens. Matter 21 395502 (2009);
          URL http://www.quantum-espresso.org", 
     in publications or presentations arising from this work. More details at
     http://www.quantum-espresso.org/quote

     Parallel version (MPI), running on     8 processors
     R & G space division:  proc/nbgrp/npool/nimage =       8

     ***** This is GIPAW svn revision unknown      *****

     Parallelizing q-star over 1 images

     Reading data from directory:
     /users/majewski/paradichlorobenzene/pbe/9_constraint/scratch/pbe.ecut100.np8.dt60.pcl2phi-129368.save
     Message from routine read_xml_file:
     file /users/majewski/paradichlorobenzene/pbe/9_constraint/scratch/pbe.ecut100.np8.dt60.pcl2phi-129368.save not guaranteed to be safe for post-processing

   Info: using nr1, nr2, nr3 values from input

   Info: using nr1, nr2, nr3 values from input

     IMPORTANT: XC functional enforced from input :
     Exchange-correlation      =  SLA  PW   PBX  PBC ( 1  4  3  4 0 0)
     Any further DFT definition will be discarded
     Please, verify this is what you really want

               file C.pbe-n-kjpaw_psl.1.0.0.UPF: wavefunction(s)  2S 2P renormalized
               file Cl.pbe-n-kjpaw_psl.1.0.0.UPF: wavefunction(s)  3S 3P renormalized
               file H.pbe-kjpaw_psl.1.0.0.UPF: wavefunction(s)  1S renormalized

     Parallelization info
     --------------------
     sticks:   dense  smooth     PW     G-vecs:    dense   smooth      PW
     Min        3057    1223    332               144436    36536    5170
     Max        3059    1225    333               144437    36537    5171
     Sum       24467    9791   2657              1155489   292295   41363


     Subspace diagonalization in iterative solution of the eigenvalue problem:
     a serial algorithm will be used

     GIPAW projectors -----------------------------------------------
     atom=  C    l=0  rc=    1.2000  rs=    0.8000
     atom=  C    l=0  rc=    1.2000  rs=    0.8000
     atom=  C    l=1  rc=    1.4000  rs=    0.9333
     atom=  C    l=1  rc=    1.4000  rs=    0.9333
     projs nearly linearly dependent: l=1  n1,n2= 1, 2  s=  0.99951561

     atom=  Cl   l=0  rc=    1.6000  rs=    1.0667
     atom=  Cl   l=0  rc=    1.6000  rs=    1.0667
     atom=  Cl   l=1  rc=    1.6000  rs=    1.0667
     atom=  Cl   l=1  rc=    1.6000  rs=    1.0667
     atom=  Cl   l=2  rc=    1.6000  rs=    1.0667
     atom=  Cl   l=2  rc=    1.6000  rs=    1.0667
     projs nearly linearly dependent: l=2  n1,n2= 1, 2  s=  0.99993509

     atom=  H    l=0  rc=    1.0000  rs=    0.6667
     atom=  H    l=0  rc=    1.0000  rs=    0.6667
     projs nearly linearly dependent: l=0  n1,n2= 1, 2  s=  0.99968852
     -----------------------------------------------------------------

     GIPAW integrals: -------------------------------------------
     Atom  i/j   nmr_para   nmr_dia   epr_rmc  epr_para   epr_dia
       C   1 1   0.83E+03  0.17E-01  0.93E+01  0.24E+08  0.24E+03
       C   2 1   0.86E+03 -0.61E-01  0.94E+01  0.25E+08  0.25E+03
       C   2 2   0.90E+03 -0.15E+00  0.97E+01  0.26E+08  0.26E+03
       C   3 3   0.33E+01  0.34E+00  0.18E+01  0.55E+03  0.21E+02
       C   4 3   0.35E+01  0.37E+00  0.20E+01  0.59E+03  0.22E+02
       C   4 4   0.38E+01  0.39E+00  0.22E+01  0.63E+03  0.24E+02
       Cl  1 1   0.14E+04 -0.47E+00  0.84E+01  0.32E+09  0.42E+03
       Cl  2 1   0.21E+04 -0.37E+00  0.12E+02  0.49E+09  0.65E+03
       Cl  2 2   0.33E+04 -0.16E+00  0.21E+02  0.76E+09  0.10E+04
       Cl  3 3   0.21E+02  0.79E-01  0.89E+01  0.23E+05  0.13E+03
       Cl  4 3   0.24E+02  0.67E-01  0.99E+01  0.27E+05  0.15E+03
       Cl  4 4   0.28E+02  0.44E-01  0.11E+02  0.32E+05  0.18E+03
       Cl  5 5   0.77E+00  0.19E+00  0.18E+01  0.12E+03  0.22E+02
       Cl  6 5   0.80E+00  0.19E+00  0.19E+01  0.12E+03  0.23E+02
       Cl  6 6   0.83E+00  0.20E+00  0.19E+01  0.12E+03  0.23E+02
       H   1 1   0.39E+02  0.19E+00  0.29E+00  0.78E+05  0.13E+02
       H   2 1   0.41E+02  0.21E+00  0.32E+00  0.82E+05  0.14E+02
       H   2 2   0.43E+02  0.22E+00  0.36E+00  0.86E+05  0.15E+02
     ------------------------------------------------------------

     alpha_pv=     34.2629 eV

     Number of occupied bands for each k-point:
     k-point:     1    nbnd_occ=  42
     k-point:     2    nbnd_occ=  42
     k-point:     3    nbnd_occ=  42
     k-point:     4    nbnd_occ=  42
     k-point:     5    nbnd_occ=  42
     k-point:     6    nbnd_occ=  42
     k-point:     7    nbnd_occ=  42
     k-point:     8    nbnd_occ=  42
     k-point:     9    nbnd_occ=  42
     k-point:    10    nbnd_occ=  42
     k-point:    11    nbnd_occ=  42
     k-point:    12    nbnd_occ=  42
     k-point:    13    nbnd_occ=  42
     k-point:    14    nbnd_occ=  42
     k-point:    15    nbnd_occ=  42
     k-point:    16    nbnd_occ=  42


     q-space interpolation up to   110.00 Rydberg

     GIPAW job: efg                                                                             


     ELECTRIC FIELD GRADIENTS TENSORS IN Hartree/bohrradius^2:

     ----- bare term -----
     Cl   1        0.304940        0.031787        0.226537
     Cl   1        0.031787        0.231186        0.479995
     Cl   1        0.226537        0.479995       -0.536125

     C    2       -0.570918       -0.010842       -0.232631
     C    2       -0.010842       -0.003828       -0.300456
     C    2       -0.232631       -0.300456        0.574746

     C    3       -0.034841        0.230125       -0.144784
     C    3        0.230125       -0.439688       -0.439347
     C    3       -0.144784       -0.439347        0.474529

     H    4       -0.553723       -0.222574       -0.165639
     H    4       -0.222574        0.399793       -0.205652
     H    4       -0.165639       -0.205652        0.153930

     C    5       -0.591401        0.389173       -0.453397
     C    5        0.389173        0.340131       -0.273600
     C    5       -0.453397       -0.273600        0.251270

     H    6        0.393423       -0.061729        0.096765
     H    6       -0.061729       -0.297262       -0.477005
     H    6        0.096765       -0.477005       -0.096161

     H    7        0.439462       -0.078652       -0.185986
     H    7       -0.078652       -0.624040       -0.108936
     H    7       -0.185986       -0.108936        0.184578

     C    8       -0.558563       -0.080623       -0.329024
     C    8       -0.080623       -0.056981        0.300743
     C    8       -0.329024        0.300743        0.615545

     H    9       -0.286404        0.189904       -0.506816
     H    9        0.189904        0.355988        0.101686
     H    9       -0.506816        0.101686       -0.069584

     C   10       -0.181218       -0.381640       -0.069420
     C   10       -0.381640       -0.365878        0.526781
     C   10       -0.069420        0.526781        0.547095

     C   11       -0.456171       -0.002865       -0.287354
     C   11       -0.002865       -0.000549        0.312712
     C   11       -0.287354        0.312712        0.456721

     Cl  12        0.002788       -0.221009       -0.093188
     Cl  12       -0.221009        0.013004        0.071508
     Cl  12       -0.093188        0.071508       -0.015792

     H   13        0.465304        0.008309        0.147543
     H   13        0.008309        0.026221       -0.480328
     H   13        0.147543       -0.480328       -0.491525

     C   14       -0.120623        0.379512       -0.004797
     C   14        0.379512       -0.430070       -0.327211
     C   14       -0.004797       -0.327211        0.550693

     H   15       -0.541311       -0.503658       -0.231724
     H   15       -0.503658        0.192444       -0.106632
     H   15       -0.231724       -0.106632        0.348868

     C   16       -0.415873        0.395329       -0.357654
     C   16        0.395329        0.171783       -0.258139
     C   16       -0.357654       -0.258139        0.244090

     C   17       -0.025113        0.328320       -0.179504
     C   17        0.328320       -0.066523       -0.633066
     C   17       -0.179504       -0.633066        0.091636

     Cl  18       -0.003734        0.161597       -0.096309
     Cl  18        0.161597        0.074134       -0.098616
     Cl  18       -0.096309       -0.098616       -0.070400

     H   19        0.330728        0.158264       -0.250884
     H   19        0.158264       -0.205127        0.546545
     H   19       -0.250884        0.546545       -0.125600

     C   20       -0.250786       -0.319662       -0.067881
     C   20       -0.319662       -0.327300        0.410889
     C   20       -0.067881        0.410889        0.578086

     H   21       -0.008965        0.006773       -0.559165
     H   21        0.006773        0.352487       -0.140989
     H   21       -0.559165       -0.140989       -0.343522

     C   22       -0.262483       -0.116093       -0.224188
     C   22       -0.116093       -0.110496        0.473126
     C   22       -0.224188        0.473126        0.372979

     C   23       -0.049557       -0.155951       -0.227579
     C   23       -0.155951       -0.291337        0.282505
     C   23       -0.227579        0.282505        0.340894

     Cl  24       -0.097453        0.015348       -0.044035
     Cl  24        0.015348       -0.079312        0.071419
     Cl  24       -0.044035        0.071419        0.176765

     ----- ionic term -----
     Cl   1        0.193466       -0.173451       -0.065291
     Cl   1       -0.173451       -0.091193        0.029835
     Cl   1       -0.065291        0.029835       -0.102273

     C    2        0.299421       -0.073851        0.097935
     C    2       -0.073851       -0.106239        0.493011
     C    2        0.097935        0.493011       -0.193182

     C    3        0.175495       -0.142136        0.074233
     C    3       -0.142136        0.000964        0.467895
     C    3        0.074233        0.467895       -0.176459

     H    4        0.675395        0.413748        0.545135
     H    4        0.413748       -0.412318        0.264764
     H    4        0.545135        0.264764       -0.263077

     C    5        0.319221       -0.119215        0.173382
     C    5       -0.119215       -0.042908        0.333911
     C    5        0.173382        0.333911       -0.276312

     H    6       -0.515318        0.078118        0.066342
     H    6        0.078118        0.633878        0.734642
     H    6        0.066342        0.734642       -0.118560

     H    7       -0.488969        0.063442       -0.011460
     H    7        0.063442        0.819696       -0.560964
     H    7       -0.011460       -0.560964       -0.330726

     C    8        0.232659        0.258540        0.353214
     C    8        0.258540        0.117893       -0.217542
     C    8        0.353214       -0.217542       -0.350552

     H    9        0.360139       -0.129188        0.789310
     H    9       -0.129188       -0.474398       -0.162143
     H    9        0.789310       -0.162143        0.114259

     C   10        0.101962        0.294254        0.295145
     C   10        0.294254        0.166317       -0.258245
     C   10        0.295145       -0.258245       -0.268279

     C   11        0.181437        0.201640        0.382191
     C   11        0.201640        0.100235       -0.283744
     C   11        0.382191       -0.283744       -0.281672

     Cl  12        0.123086        0.217292        0.060402
     Cl  12        0.217292        0.037039        0.036829
     Cl  12        0.060402        0.036829       -0.160125

     H   13       -0.485828       -0.087062       -0.092100
     H   13       -0.087062        0.408494        0.794701
     H   13       -0.092100        0.794701        0.077333

     C   14        0.371249       -0.155125        0.075592
     C   14       -0.155125       -0.096098        0.369459
     C   14        0.075592        0.369459       -0.275151

     H   15        0.677780        0.310989        0.615064
     H   15        0.310989       -0.479598        0.231051
     H   15        0.615064        0.231051       -0.198182

     C   16        0.250709       -0.194078        0.074080
     C   16       -0.194078        0.015734        0.426236
     C   16        0.074080        0.426236       -0.266442

     C   17        0.235461       -0.151275        0.226431
     C   17       -0.151275        0.034418        0.390431
     C   17        0.226431        0.390431       -0.269879

     Cl  18        0.111453       -0.203862        0.002532
     Cl  18       -0.203862        0.027791       -0.000814
     Cl  18        0.002532       -0.000814       -0.139244

     H   19       -0.507591       -0.180236        0.110044
     H   19       -0.180236        0.743167       -0.621630
     H   19        0.110044       -0.621630       -0.235576

     C   20        0.214208        0.182679        0.345950
     C   20        0.182679        0.102871       -0.259241
     C   20        0.345950       -0.259241       -0.317080

     H   21        0.566967       -0.241363        0.700524
     H   21       -0.241363       -0.427491       -0.227481
     H   21        0.700524       -0.227481       -0.139476

     C   22        0.070791        0.222190        0.233810
     C   22        0.222190        0.286589       -0.366104
     C   22        0.233810       -0.366104       -0.357380

     C   23        0.143830        0.126818        0.329677
     C   23        0.126818        0.157124       -0.399597
     C   23        0.329677       -0.399597       -0.300955

     Cl  24        0.140068        0.204673        0.001910
     Cl  24        0.204673       -0.010803       -0.004757
     Cl  24        0.001910       -0.004757       -0.129265

     ----- GIPAW term -----
     Cl   1        0.386791       -0.271303       -0.168818
     Cl   1       -0.271303       -0.068984        0.269687
     Cl   1       -0.168818        0.269687       -0.317807

     C    2       -0.157700       -0.081337        0.008150
     C    2       -0.081337       -0.121754       -0.014787
     C    2        0.008150       -0.014787        0.279454

     C    3       -0.093344        0.018604       -0.018709
     C    3        0.018604       -0.050464        0.091943
     C    3       -0.018709        0.091943        0.143808

     H    4       -0.000000        0.000000        0.000000
     H    4        0.000000        0.000000        0.000000
     H    4        0.000000        0.000000        0.000000

     C    5       -0.104957        0.192767       -0.092880
     C    5        0.192767        0.175303       -0.075850
     C    5       -0.092880       -0.075850       -0.070346

     H    6       -0.000000        0.000000        0.000000
     H    6        0.000000        0.000000        0.000000
     H    6        0.000000        0.000000        0.000000

     H    7       -0.000000        0.000000        0.000000
     H    7        0.000000        0.000000        0.000000
     H    7        0.000000        0.000000        0.000000

     C    8       -0.183256       -0.004204       -0.039751
     C    8       -0.004204       -0.097240        0.129476
     C    8       -0.039751        0.129476        0.280496

     H    9       -0.000000        0.000000        0.000000
     H    9        0.000000        0.000000        0.000000
     H    9        0.000000        0.000000        0.000000

     C   10       -0.066880       -0.042182        0.042569
     C   10       -0.042182       -0.092576        0.115750
     C   10        0.042569        0.115750        0.159456

     C   11       -0.059177        0.084525        0.063289
     C   11        0.084525       -0.065358       -0.039501
     C   11        0.063289       -0.039501        0.124535

     Cl  12        1.565415        0.398460       -0.814556
     Cl  12        0.398460        0.321264        0.684934
     Cl  12       -0.814556        0.684934       -1.886679

     H   13       -0.000000        0.000000        0.000000
     H   13        0.000000        0.000000        0.000000
     H   13        0.000000        0.000000        0.000000

     C   14       -0.055436        0.101486        0.118177
     C   14        0.101486       -0.179285        0.042712
     C   14        0.118177        0.042712        0.234721

     H   15       -0.000000        0.000000        0.000000
     H   15        0.000000        0.000000        0.000000
     H   15        0.000000        0.000000        0.000000

     C   16       -0.060698        0.223590       -0.081559
     C   16        0.223590        0.156882       -0.019657
     C   16       -0.081559       -0.019657       -0.096184

     C   17        0.052438        0.129335       -0.091896
     C   17        0.129335        0.086467       -0.171437
     C   17       -0.091896       -0.171437       -0.138904

     Cl  18        1.414748       -0.329379       -1.039212
     Cl  18       -0.329379        0.619357       -0.983742
     Cl  18       -1.039212       -0.983742       -2.034105

     H   19       -0.000000        0.000000        0.000000
     H   19        0.000000        0.000000        0.000000
     H   19        0.000000        0.000000        0.000000

     C   20       -0.107793       -0.039890        0.060165
     C   20       -0.039890       -0.190301        0.108109
     C   20        0.060165        0.108109        0.298095

     H   21       -0.000000        0.000000        0.000000
     H   21        0.000000        0.000000        0.000000
     H   21        0.000000        0.000000        0.000000

     C   22       -0.171912        0.012139       -0.034953
     C   22        0.012139       -0.042202        0.196230
     C   22       -0.034953        0.196230        0.214114

     C   23       -0.056887        0.018861       -0.055428
     C   23        0.018861       -0.083833        0.098772
     C   23       -0.055428        0.098772        0.140721

     Cl  24       -0.386666        1.936030        0.077212
     Cl  24        1.936030       -0.885662        1.418531
     Cl  24        0.077212        1.418531        1.272328

     ----- total EFG -----
     Cl   1        0.885197       -0.412966       -0.007572
     Cl   1       -0.412966        0.071008        0.779518
     Cl   1       -0.007572        0.779518       -0.956205

     C    2       -0.429197       -0.166030       -0.126546
     C    2       -0.166030       -0.231821        0.177768
     C    2       -0.126546        0.177768        0.661018

     C    3        0.047310        0.106593       -0.089260
     C    3        0.106593       -0.489188        0.120491
     C    3       -0.089260        0.120491        0.441879

     H    4        0.121672        0.191174        0.379496
     H    4        0.191174       -0.012525        0.059112
     H    4        0.379496        0.059112       -0.109147

     C    5       -0.377138        0.462726       -0.372895
     C    5        0.462726        0.472526       -0.015539
     C    5       -0.372895       -0.015539       -0.095389

     H    6       -0.121895        0.016389        0.163107
     H    6        0.016389        0.336616        0.257637
     H    6        0.163107        0.257637       -0.214721

     H    7       -0.049507       -0.015209       -0.197446
     H    7       -0.015209        0.195656       -0.669900
     H    7       -0.197446       -0.669900       -0.146149

     C    8       -0.509160        0.173713       -0.015560
     C    8        0.173713       -0.036328        0.212677
     C    8       -0.015560        0.212677        0.545488

     H    9        0.073735        0.060717        0.282494
     H    9        0.060717       -0.118410       -0.060457
     H    9        0.282494       -0.060457        0.044675

     C   10       -0.146136       -0.129568        0.268294
     C   10       -0.129568       -0.292137        0.384286
     C   10        0.268294        0.384286        0.438272

     C   11       -0.333911        0.283300        0.158126
     C   11        0.283300        0.034327       -0.010532
     C   11        0.158126       -0.010532        0.299584

     Cl  12        1.691289        0.394743       -0.847341
     Cl  12        0.394743        0.371308        0.793272
     Cl  12       -0.847341        0.793272       -2.062597

     H   13       -0.020524       -0.078753        0.055443
     H   13       -0.078753        0.434716        0.314374
     H   13        0.055443        0.314374       -0.414192

     C   14        0.195190        0.325872        0.188972
     C   14        0.325872       -0.705453        0.084960
     C   14        0.188972        0.084960        0.510263

     H   15        0.136469       -0.192669        0.383340
     H   15       -0.192669       -0.287154        0.124418
     H   15        0.383340        0.124418        0.150685

     C   16       -0.225863        0.424841       -0.365133
     C   16        0.424841        0.344399        0.148441
     C   16       -0.365133        0.148441       -0.118537

     C   17        0.262786        0.306381       -0.044969
     C   17        0.306381        0.054362       -0.414072
     C   17       -0.044969       -0.414072       -0.317147

     Cl  18        1.522466       -0.371644       -1.132989
     Cl  18       -0.371644        0.721282       -1.083173
     Cl  18       -1.132989       -1.083173       -2.243749

     H   19       -0.176863       -0.021972       -0.140840
     H   19       -0.021972        0.538040       -0.075085
     H   19       -0.140840       -0.075085       -0.361177

     C   20       -0.144371       -0.176873        0.338234
     C   20       -0.176873       -0.414729        0.259758
     C   20        0.338234        0.259758        0.559101

     H   21        0.558002       -0.234591        0.141359
     H   21       -0.234591       -0.075004       -0.368470
     H   21        0.141359       -0.368470       -0.482998

     C   22       -0.363604        0.118236       -0.025331
     C   22        0.118236        0.133891        0.303251
     C   22       -0.025331        0.303251        0.229713

     C   23        0.037386       -0.010271        0.046671
     C   23       -0.010271       -0.218046       -0.018320
     C   23        0.046671       -0.018320        0.180660

     Cl  24       -0.344051        2.156052        0.035087
     Cl  24        2.156052       -0.975777        1.485193
     Cl  24        0.035087        1.485193        1.319828

     ----- total EFG (symmetrized) -----
     Cl   1        0.885197       -0.412966       -0.007572
     Cl   1       -0.412966        0.071008        0.779518
     Cl   1       -0.007572        0.779518       -0.956205

     C    2       -0.429197       -0.166030       -0.126546
     C    2       -0.166030       -0.231821        0.177768
     C    2       -0.126546        0.177768        0.661018

     C    3        0.047310        0.106593       -0.089260
     C    3        0.106593       -0.489188        0.120491
     C    3       -0.089260        0.120491        0.441879

     H    4        0.121672        0.191174        0.379496
     H    4        0.191174       -0.012525        0.059112
     H    4        0.379496        0.059112       -0.109147

     C    5       -0.377138        0.462726       -0.372895
     C    5        0.462726        0.472526       -0.015539
     C    5       -0.372895       -0.015539       -0.095389

     H    6       -0.121895        0.016389        0.163107
     H    6        0.016389        0.336616        0.257637
     H    6        0.163107        0.257637       -0.214721

     H    7       -0.049507       -0.015209       -0.197446
     H    7       -0.015209        0.195656       -0.669900
     H    7       -0.197446       -0.669900       -0.146149

     C    8       -0.509160        0.173713       -0.015560
     C    8        0.173713       -0.036328        0.212677
     C    8       -0.015560        0.212677        0.545488

     H    9        0.073735        0.060717        0.282494
     H    9        0.060717       -0.118410       -0.060457
     H    9        0.282494       -0.060457        0.044675

     C   10       -0.146136       -0.129568        0.268294
     C   10       -0.129568       -0.292137        0.384286
     C   10        0.268294        0.384286        0.438272

     C   11       -0.333911        0.283300        0.158126
     C   11        0.283300        0.034327       -0.010532
     C   11        0.158126       -0.010532        0.299584

     Cl  12        1.691289        0.394743       -0.847341
     Cl  12        0.394743        0.371308        0.793272
     Cl  12       -0.847341        0.793272       -2.062597

     H   13       -0.020524       -0.078753        0.055443
     H   13       -0.078753        0.434716        0.314374
     H   13        0.055443        0.314374       -0.414192

     C   14        0.195190        0.325872        0.188972
     C   14        0.325872       -0.705453        0.084960
     C   14        0.188972        0.084960        0.510263

     H   15        0.136469       -0.192669        0.383340
     H   15       -0.192669       -0.287154        0.124418
     H   15        0.383340        0.124418        0.150685

     C   16       -0.225863        0.424841       -0.365133
     C   16        0.424841        0.344399        0.148441
     C   16       -0.365133        0.148441       -0.118537

     C   17        0.262786        0.306381       -0.044969
     C   17        0.306381        0.054362       -0.414072
     C   17       -0.044969       -0.414072       -0.317147

     Cl  18        1.522466       -0.371644       -1.132989
     Cl  18       -0.371644        0.721282       -1.083173
     Cl  18       -1.132989       -1.083173       -2.243749

     H   19       -0.176863       -0.021972       -0.140840
     H   19       -0.021972        0.538040       -0.075085
     H   19       -0.140840       -0.075085       -0.361177

     C   20       -0.144371       -0.176873        0.338234
     C   20       -0.176873       -0.414729        0.259758
     C   20        0.338234        0.259758        0.559101

     H   21        0.558002       -0.234591        0.141359
     H   21       -0.234591       -0.075004       -0.368470
     H   21        0.141359       -0.368470       -0.482998

     C   22       -0.363604        0.118236       -0.025331
     C   22        0.118236        0.133891        0.303251
     C   22       -0.025331        0.303251        0.229713

     C   23        0.037386       -0.010271        0.046671
     C   23       -0.010271       -0.218046       -0.018320
     C   23        0.046671       -0.018320        0.180660

     Cl  24       -0.344051        2.156052        0.035087
     Cl  24        2.156052       -0.975777        1.485193
     Cl  24        0.035087        1.485193        1.319828


     NQR/NMR SPECTROSCOPIC PARAMETERS:
     Cl   1    Vxx=    0.2769    axis=(  0.502729  0.732079  0.459700)
     Cl   1    Vyy=    1.1154    axis=(  0.860212 -0.476223 -0.182338)
     Cl   1    Vzz=   -1.3923    axis=( -0.085434 -0.487106  0.869154)
     Cl   1  Q=        -8.1650 1e-30 m^2  Cq=        26.7112 MHz  eta= 0.60224

     C    2    Vxx=   -0.1925    axis=( -0.464958  0.850449 -0.246070)
     C    2    Vyy=   -0.5241    axis=(  0.874698  0.484223  0.020765)
     C    2    Vzz=    0.7166    axis=( -0.136813  0.205582  0.969030)
     C    2  Q=         1.0000 1e-30 m^2  Cq=         1.6837 MHz  eta= 0.46278

     C    3    Vxx=    0.0576    axis=(  0.962861  0.221682  0.154130)
     C    3    Vyy=    0.4710    axis=(  0.180248 -0.102748 -0.978240)
     C    3    Vzz=   -0.5285    axis=( -0.201022  0.969691 -0.138890)
     C    3  Q=         1.0000 1e-30 m^2  Cq=        -1.2419 MHz  eta= 0.78218

     H    4    Vxx=   -0.0735    axis=(  0.176824 -0.912542  0.368782)
     H    4    Vyy=   -0.4031    axis=(  0.619586 -0.187927 -0.762101)
     H    4    Vzz=    0.4766    axis=(  0.764753  0.363249  0.532168)
     H    4  Q=         1.0000 1e-30 m^2  Cq=         1.1197 MHz  eta= 0.69171

     C    5    Vxx=    0.0424    axis=( -0.333375  0.389621  0.858520)
     C    5    Vyy=    0.7132    axis=(  0.444165  0.868131 -0.221508)
     C    5    Vzz=   -0.7556    axis=( -0.831612  0.307479 -0.462469)
     C    5  Q=         1.0000 1e-30 m^2  Cq=        -1.7754 MHz  eta= 0.88788

     H    6    Vxx=   -0.0528    axis=(  0.867416 -0.299417  0.397415)
     H    6    Vyy=   -0.3958    axis=(  0.478347  0.281848 -0.831713)
     H    6    Vzz=    0.4487    axis=(  0.137018  0.911543  0.387705)
     H    6  Q=         1.0000 1e-30 m^2  Cq=         1.0542 MHz  eta= 0.76453

     H    7    Vxx=   -0.0232    axis=(  0.958817 -0.262843 -0.107630)
     H    7    Vyy=   -0.7086    axis=(  0.246100  0.579648  0.776816)
     H    7    Vzz=    0.7317    axis=( -0.141794 -0.771312  0.620462)
     H    7  Q=         1.0000 1e-30 m^2  Cq=         1.7193 MHz  eta= 0.93666

     C    8    Vxx=   -0.0440    axis=(  0.341607  0.886906 -0.310969)
     C    8    Vyy=   -0.5724    axis=(  0.939152 -0.334812  0.076772)
     C    8    Vzz=    0.6164    axis=(  0.036026  0.318273  0.947314)
     C    8  Q=         1.0000 1e-30 m^2  Cq=         1.4482 MHz  eta= 0.85726

     H    9    Vxx=   -0.0705    axis=( -0.332515 -0.872761  0.357383)
     H    9    Vyy=   -0.2716    axis=(  0.602461 -0.488119 -0.631490)
     H    9    Vzz=    0.3421    axis=(  0.725585  0.005329  0.688111)
     H    9  Q=         1.0000 1e-30 m^2  Cq=         0.8038 MHz  eta= 0.58770

     C   10    Vxx=   -0.0716    axis=(  0.837951 -0.544907 -0.030240)
     C   10    Vyy=   -0.5823    axis=(  0.484883  0.768788 -0.416957)
     C   10    Vzz=    0.6538    axis=(  0.250451  0.334727  0.908423)
     C   10  Q=         1.0000 1e-30 m^2  Cq=         1.5363 MHz  eta= 0.78110

     C   11    Vxx=    0.1622    axis=(  0.372156  0.854288 -0.362893)
     C   11    Vyy=    0.3512    axis=( -0.315198 -0.251422 -0.915116)
     C   11    Vzz=   -0.5134    axis=( -0.873012  0.454949  0.175702)
     C   11  Q=         1.0000 1e-30 m^2  Cq=        -1.2062 MHz  eta= 0.36803

     Cl  12    Vxx=    0.5936    axis=( -0.097826  0.944597  0.313316)
     Cl  12    Vyy=    1.9089    axis=(  0.971569  0.158851 -0.175559)
     Cl  12    Vzz=   -2.5025    axis=(  0.215603 -0.287234  0.933280)
     Cl  12  Q=        -8.1650 1e-30 m^2  Cq=        48.0090 MHz  eta= 0.52563

     H   13    Vxx=   -0.0146    axis=(  0.983241  0.049587  0.175437)
     H   13    Vyy=   -0.5297    axis=( -0.151026 -0.317480  0.936161)
     H   13    Vzz=    0.5444    axis=(  0.102119 -0.946968 -0.304670)
     H   13  Q=         1.0000 1e-30 m^2  Cq=         1.2790 MHz  eta= 0.94635

     C   14    Vxx=    0.1746    axis=(  0.814874  0.251322 -0.522320)
     C   14    Vyy=    0.6368    axis=(  0.492929  0.173635  0.852568)
     C   14    Vzz=   -0.8114    axis=( -0.304962  0.952202 -0.017606)
     C   14  Q=         1.0000 1e-30 m^2  Cq=        -1.9064 MHz  eta= 0.56971

     H   15    Vxx=   -0.0393    axis=( -0.493584  0.664984  0.560510)
     H   15    Vyy=   -0.4905    axis=(  0.499622  0.744335 -0.443107)
     H   15    Vzz=    0.5298    axis=(  0.711866 -0.061333  0.699632)
     H   15  Q=         1.0000 1e-30 m^2  Cq=         1.2449 MHz  eta= 0.85174

     C   16    Vxx=    0.1380    axis=( -0.449826  0.328551  0.830488)
     C   16    Vyy=    0.5740    axis=( -0.494235 -0.866093  0.074940)
     C   16    Vzz=   -0.7119    axis=(  0.743901 -0.376746  0.551972)
     C   16  Q=         1.0000 1e-30 m^2  Cq=        -1.6728 MHz  eta= 0.61245

     C   17    Vxx=    0.0241    axis=( -0.718719  0.487033 -0.496227)
     C   17    Vyy=    0.5823    axis=(  0.676186  0.655790 -0.335726)
     C   17    Vzz=   -0.6064    axis=( -0.161911  0.576835  0.800654)
     C   17  Q=         1.0000 1e-30 m^2  Cq=        -1.4247 MHz  eta= 0.92044

     Cl  18    Vxx=    1.0748    axis=(  0.002095  0.950430 -0.310933)
     Cl  18    Vyy=    1.8427    axis=(  0.965777 -0.082568 -0.245881)
     Cl  18    Vzz=   -2.9175    axis=(  0.259366  0.299777  0.918076)
     Cl  18  Q=        -8.1650 1e-30 m^2  Cq=        55.9711 MHz  eta= 0.26319

     H   19    Vxx=   -0.1011    axis=(  0.882053 -0.024949 -0.470489)
     H   19    Vyy=   -0.4433    axis=(  0.470921  0.077778  0.878740)
     H   19    Vzz=    0.5444    axis=( -0.014670  0.996658 -0.080353)
     H   19  Q=         1.0000 1e-30 m^2  Cq=         1.2792 MHz  eta= 0.62853

     C   20    Vxx=   -0.0920    axis=(  0.793864 -0.580609 -0.180755)
     C   20    Vyy=   -0.6319    axis=(  0.511027  0.798099 -0.319200)
     C   20    Vzz=    0.7239    axis=(  0.329591  0.161031  0.930290)
     C   20  Q=         1.0000 1e-30 m^2  Cq=         1.7009 MHz  eta= 0.74575

     H   21    Vxx=    0.0062    axis=(  0.444595  0.772521 -0.453373)
     H   21    Vyy=    0.6939    axis=(  0.895729 -0.382151  0.227224)
     H   21    Vzz=   -0.7002    axis=( -0.002279  0.507122  0.861871)
     H   21  Q=         1.0000 1e-30 m^2  Cq=        -1.6451 MHz  eta= 0.98220

     C   22    Vxx=   -0.0854    axis=(  0.350481  0.688738 -0.634668)
     C   22    Vyy=   -0.4074    axis=( -0.934061  0.306611 -0.183083)
     C   22    Vzz=    0.4928    axis=(  0.068500  0.656986  0.750785)
     C   22  Q=         1.0000 1e-30 m^2  Cq=         1.1578 MHz  eta= 0.65344

     C   23    Vxx=    0.0236    axis=( -0.957790  0.018965  0.286843)
     C   23    Vyy=    0.1955    axis=(  0.285644 -0.049487  0.957057)
     C   23    Vzz=   -0.2191    axis=( -0.032345 -0.998595 -0.041981)
     C   23  Q=         1.0000 1e-30 m^2  Cq=        -0.5149 MHz  eta= 0.78451

     Cl  24    Vxx=    0.5953    axis=( -0.681575 -0.307757  0.663884)
     Cl  24    Vyy=    2.5301    axis=(  0.431480  0.563722  0.704303)
     Cl  24    Vzz=   -3.1254    axis=( -0.591000  0.766488 -0.251427)
     Cl  24  Q=        -8.1650 1e-30 m^2  Cq=        59.9588 MHz  eta= 0.61905

     Initialization:
     gipaw_setup  :      9.36s CPU     11.57s WALL (       1 calls)

     Linear response

     Apply operators

     Induced current

     Other routines
     efg          :      9.77s CPU     12.26s WALL (       1 calls)

     General routines
     calbec       :      3.36s CPU      4.42s WALL (      16 calls)
     fft          :      1.80s CPU      2.94s WALL (      15 calls)
     ffts         :      0.02s CPU      0.05s WALL (       2 calls)
     fftw         :      3.36s CPU      4.36s WALL (     672 calls)
     davcio       :      0.03s CPU      0.34s WALL (      32 calls)

     Parallel routines
     fft_scatter  :      2.52s CPU      4.43s WALL (     689 calls)

     Plugins

     GIPAW        :     62.55s CPU     78.52s WALL (       1 calls)
