
     Program QE v.6.0 (svn rev. 13079) starts on  6Jan2017 at 11: 2:47 

     This program is part of the open-source Quantum ESPRESSO suite
     for quantum simulation of materials; please cite
         "P. Giannozzi et al., J. Phys.:Condens. Matter 21 395502 (2009);
          URL http://www.quantum-espresso.org", 
     in publications or presentations arising from this work. More details at
     http://www.quantum-espresso.org/quote

     Parallel version (MPI), running on     8 processors
     R & G space division:  proc/nbgrp/npool/nimage =       8

     ***** This is GIPAW svn revision unknown      *****

     Parallelizing q-star over 1 images

     Reading data from directory:
     /users/majewski/paradichlorobenzene/pbe/9_constraint/scratch/pbe.ecut100.np8.dt60.pcl2phi-129368.save
     Message from routine read_xml_file:
     file /users/majewski/paradichlorobenzene/pbe/9_constraint/scratch/pbe.ecut100.np8.dt60.pcl2phi-129368.save not guaranteed to be safe for post-processing

   Info: using nr1, nr2, nr3 values from input

   Info: using nr1, nr2, nr3 values from input

     IMPORTANT: XC functional enforced from input :
     Exchange-correlation      =  SLA  PW   PBX  PBC ( 1  4  3  4 0 0)
     Any further DFT definition will be discarded
     Please, verify this is what you really want

               file C.pbe-n-kjpaw_psl.1.0.0.UPF: wavefunction(s)  2S 2P renormalized
               file Cl.pbe-n-kjpaw_psl.1.0.0.UPF: wavefunction(s)  3S 3P renormalized
               file H.pbe-kjpaw_psl.1.0.0.UPF: wavefunction(s)  1S renormalized

     Parallelization info
     --------------------
     sticks:   dense  smooth     PW     G-vecs:    dense   smooth      PW
     Min        3057    1223    332               144436    36536    5170
     Max        3059    1225    333               144437    36537    5171
     Sum       24467    9791   2657              1155489   292295   41363


     Subspace diagonalization in iterative solution of the eigenvalue problem:
     a serial algorithm will be used

     GIPAW projectors -----------------------------------------------
     atom=  C    l=0  rc=    1.2000  rs=    0.8000
     atom=  C    l=0  rc=    1.2000  rs=    0.8000
     atom=  C    l=1  rc=    1.4000  rs=    0.9333
     atom=  C    l=1  rc=    1.4000  rs=    0.9333
     projs nearly linearly dependent: l=1  n1,n2= 1, 2  s=  0.99951561

     atom=  Cl   l=0  rc=    1.6000  rs=    1.0667
     atom=  Cl   l=0  rc=    1.6000  rs=    1.0667
     atom=  Cl   l=1  rc=    1.6000  rs=    1.0667
     atom=  Cl   l=1  rc=    1.6000  rs=    1.0667
     atom=  Cl   l=2  rc=    1.6000  rs=    1.0667
     atom=  Cl   l=2  rc=    1.6000  rs=    1.0667
     projs nearly linearly dependent: l=2  n1,n2= 1, 2  s=  0.99993509

     atom=  H    l=0  rc=    1.0000  rs=    0.6667
     atom=  H    l=0  rc=    1.0000  rs=    0.6667
     projs nearly linearly dependent: l=0  n1,n2= 1, 2  s=  0.99968852
     -----------------------------------------------------------------

     GIPAW integrals: -------------------------------------------
     Atom  i/j   nmr_para   nmr_dia   epr_rmc  epr_para   epr_dia
       C   1 1   0.83E+03  0.17E-01  0.93E+01  0.24E+08  0.24E+03
       C   2 1   0.86E+03 -0.61E-01  0.94E+01  0.25E+08  0.25E+03
       C   2 2   0.90E+03 -0.15E+00  0.97E+01  0.26E+08  0.26E+03
       C   3 3   0.33E+01  0.34E+00  0.18E+01  0.55E+03  0.21E+02
       C   4 3   0.35E+01  0.37E+00  0.20E+01  0.59E+03  0.22E+02
       C   4 4   0.38E+01  0.39E+00  0.22E+01  0.63E+03  0.24E+02
       Cl  1 1   0.14E+04 -0.47E+00  0.84E+01  0.32E+09  0.42E+03
       Cl  2 1   0.21E+04 -0.37E+00  0.12E+02  0.49E+09  0.65E+03
       Cl  2 2   0.33E+04 -0.16E+00  0.21E+02  0.76E+09  0.10E+04
       Cl  3 3   0.21E+02  0.79E-01  0.89E+01  0.23E+05  0.13E+03
       Cl  4 3   0.24E+02  0.67E-01  0.99E+01  0.27E+05  0.15E+03
       Cl  4 4   0.28E+02  0.44E-01  0.11E+02  0.32E+05  0.18E+03
       Cl  5 5   0.77E+00  0.19E+00  0.18E+01  0.12E+03  0.22E+02
       Cl  6 5   0.80E+00  0.19E+00  0.19E+01  0.12E+03  0.23E+02
       Cl  6 6   0.83E+00  0.20E+00  0.19E+01  0.12E+03  0.23E+02
       H   1 1   0.39E+02  0.19E+00  0.29E+00  0.78E+05  0.13E+02
       H   2 1   0.41E+02  0.21E+00  0.32E+00  0.82E+05  0.14E+02
       H   2 2   0.43E+02  0.22E+00  0.36E+00  0.86E+05  0.15E+02
     ------------------------------------------------------------

     alpha_pv=     33.9035 eV

     Number of occupied bands for each k-point:
     k-point:     1    nbnd_occ=  42
     k-point:     2    nbnd_occ=  42
     k-point:     3    nbnd_occ=  42
     k-point:     4    nbnd_occ=  42
     k-point:     5    nbnd_occ=  42
     k-point:     6    nbnd_occ=  42
     k-point:     7    nbnd_occ=  42
     k-point:     8    nbnd_occ=  42
     k-point:     9    nbnd_occ=  42
     k-point:    10    nbnd_occ=  42
     k-point:    11    nbnd_occ=  42
     k-point:    12    nbnd_occ=  42
     k-point:    13    nbnd_occ=  42
     k-point:    14    nbnd_occ=  42
     k-point:    15    nbnd_occ=  42
     k-point:    16    nbnd_occ=  42


     q-space interpolation up to   110.00 Rydberg

     GIPAW job: efg                                                                             


     ELECTRIC FIELD GRADIENTS TENSORS IN Hartree/bohrradius^2:

     ----- bare term -----
     Cl   1       -0.016915        0.056748       -0.016079
     Cl   1        0.056748        0.115600        0.012137
     Cl   1       -0.016079        0.012137       -0.098685

     C    2       -0.258035        0.174888       -0.365097
     C    2        0.174888       -0.110898       -0.506228
     C    2       -0.365097       -0.506228        0.368933

     C    3       -0.204436        0.114618       -0.261552
     C    3        0.114618       -0.155158       -0.600970
     C    3       -0.261552       -0.600970        0.359594

     H    4       -0.394866       -0.213039       -0.529090
     H    4       -0.213039        0.332187       -0.194837
     H    4       -0.529090       -0.194837        0.062679

     C    5       -0.414796        0.307885       -0.229768
     C    5        0.307885       -0.068883       -0.451672
     C    5       -0.229768       -0.451672        0.483680

     H    6        0.284041       -0.134403       -0.186803
     H    6       -0.134403       -0.328284       -0.518081
     H    6       -0.186803       -0.518081        0.044243

     H    7        0.417320       -0.057715       -0.105145
     H    7       -0.057715       -0.659384        0.184114
     H    7       -0.105145        0.184114        0.242063

     C    8       -0.460642       -0.147965       -0.363463
     C    8       -0.147965       -0.075186        0.432340
     C    8       -0.363463        0.432340        0.535828

     H    9       -0.384982        0.455810       -0.228536
     H    9        0.455810        0.101262        0.012653
     H    9       -0.228536        0.012653        0.283720

     C   10       -0.379536       -0.358699       -0.182615
     C   10       -0.358699       -0.080417        0.483975
     C   10       -0.182615        0.483975        0.459953

     C   11       -0.115596        0.038817       -0.389560
     C   11        0.038817       -0.141600        0.542060
     C   11       -0.389560        0.542060        0.257196

     Cl  12       -0.133947       -0.042960       -0.063851
     Cl  12       -0.042960       -0.106192        0.022794
     Cl  12       -0.063851        0.022794        0.240139

     H   13        0.226854       -0.199915       -0.154409
     H   13       -0.199915       -0.384166       -0.497573
     H   13       -0.154409       -0.497573        0.157312

     C   14       -0.363577        0.264295       -0.359740
     C   14        0.264295       -0.106875       -0.423620
     C   14       -0.359740       -0.423620        0.470452

     H   15       -0.527227       -0.126499       -0.405352
     H   15       -0.126499        0.314818       -0.199523
     H   15       -0.405352       -0.199523        0.212408

     C   16       -0.113379        0.186667       -0.270489
     C   16        0.186667       -0.440032       -0.489936
     C   16       -0.270489       -0.489936        0.553411

     C   17       -0.481113        0.009024       -0.311785
     C   17        0.009024       -0.069208       -0.415777
     C   17       -0.311785       -0.415777        0.550320

     Cl  18       -0.003974        0.012523       -0.012185
     Cl  18        0.012523        0.026767        0.011382
     Cl  18       -0.012185        0.011382       -0.022793

     H   19        0.457750        0.197238        0.043035
     H   19        0.197238       -0.620729        0.100424
     H   19        0.043035        0.100424        0.162979

     C   20       -0.577687       -0.244937       -0.432829
     C   20       -0.244937       -0.068894        0.224404
     C   20       -0.432829        0.224404        0.646582

     H   21       -0.471535        0.452662       -0.034039
     H   21        0.452662        0.249866       -0.041515
     H   21       -0.034039       -0.041515        0.221669

     C   22       -0.141426       -0.211832       -0.302046
     C   22       -0.211832       -0.345959        0.510631
     C   22       -0.302046        0.510631        0.487385

     C   23       -0.266537       -0.188758       -0.304787
     C   23       -0.188758       -0.103345        0.473713
     C   23       -0.304787        0.473713        0.369882

     Cl  24       -0.025134       -0.001409        0.011470
     Cl  24       -0.001409        0.058818       -0.075722
     Cl  24        0.011470       -0.075722       -0.033684

     ----- ionic term -----
     Cl   1        0.113511       -0.211170       -0.016620
     Cl   1       -0.211170        0.028849        0.016114
     Cl   1       -0.016620        0.016114       -0.142359

     C    2        0.172258       -0.176943        0.234126
     C    2       -0.176943        0.138902        0.405711
     C    2        0.234126        0.405711       -0.311160

     C    3        0.147048       -0.175657        0.174364
     C    3       -0.175657        0.187496        0.403365
     C    3        0.174364        0.403365       -0.334544

     H    4        0.595065        0.415916        0.625632
     H    4        0.415916       -0.365509        0.282993
     H    4        0.625632        0.282993       -0.229555

     C    5        0.364715       -0.136150        0.297794
     C    5       -0.136150        0.025842        0.285155
     C    5        0.297794        0.285155       -0.390557

     H    6       -0.486438        0.204248        0.117853
     H    6        0.204248        0.741787        0.637239
     H    6        0.117853        0.637239       -0.255349

     H    7       -0.485707        0.022871        0.000361
     H    7        0.022871        0.684756       -0.672345
     H    7        0.000361       -0.672345       -0.199049

     C    8        0.379339        0.233298        0.263492
     C    8        0.233298        0.088129       -0.257982
     C    8        0.263492       -0.257982       -0.467468

     H    9        0.689705       -0.371290        0.592207
     H    9       -0.371290       -0.362367       -0.230669
     H    9        0.592207       -0.230669       -0.327338

     C   10        0.225461        0.240414        0.212698
     C   10        0.240414        0.237498       -0.305855
     C   10        0.212698       -0.305855       -0.462959

     C   11        0.302039        0.090571        0.294527
     C   11        0.090571        0.161321       -0.310877
     C   11        0.294527       -0.310877       -0.463360

     Cl  12        0.135746        0.194300        0.048092
     Cl  12        0.194300        0.015106        0.024712
     Cl  12        0.048092        0.024712       -0.150852

     H   13       -0.494369        0.150583        0.116868
     H   13        0.150583        0.464243        0.758798
     H   13        0.116868        0.758798        0.030126

     C   14        0.262592       -0.151948        0.245981
     C   14       -0.151948        0.012782        0.323490
     C   14        0.245981        0.323490       -0.275374

     H   15        0.498394        0.191307        0.744257
     H   15        0.191307       -0.470652        0.216818
     H   15        0.744257        0.216818       -0.027742

     C   16        0.097688       -0.207105        0.196238
     C   16       -0.207105        0.170012        0.411694
     C   16        0.196238        0.411694       -0.267700

     C   17        0.243833       -0.134659        0.342743
     C   17       -0.134659        0.089328        0.360509
     C   17        0.342743        0.360509       -0.333161

     Cl  18        0.114915       -0.203542        0.035519
     Cl  18       -0.203542        0.039199       -0.017861
     Cl  18        0.035519       -0.017861       -0.154113

     H   19       -0.515006       -0.098793        0.050643
     H   19       -0.098793        0.796101       -0.612120
     H   19        0.050643       -0.612120       -0.281095

     C   20        0.385902        0.123628        0.273883
     C   20        0.123628        0.108885       -0.256552
     C   20        0.273883       -0.256552       -0.494787

     H   21        0.688882       -0.466894        0.514061
     H   21       -0.466894       -0.301898       -0.241048
     H   21        0.514061       -0.241048       -0.386984

     C   22        0.180347        0.168082        0.183845
     C   22        0.168082        0.305523       -0.313046
     C   22        0.183845       -0.313046       -0.485870

     C   23        0.235653        0.148277        0.219065
     C   23        0.148277        0.236882       -0.355122
     C   23        0.219065       -0.355122       -0.472535

     Cl  24        0.138420        0.214891       -0.016145
     Cl  24        0.214891        0.023271       -0.016833
     Cl  24       -0.016145       -0.016833       -0.161691

     ----- GIPAW term -----
     Cl   1        1.061012       -1.555131       -0.101794
     Cl   1       -1.555131        1.174021        0.069522
     Cl   1       -0.101794        0.069522       -2.235033

     C    2       -0.030259       -0.077385       -0.073726
     C    2       -0.077385        0.019266       -0.163632
     C    2       -0.073726       -0.163632        0.010994

     C    3       -0.104008       -0.035933       -0.032890
     C    3       -0.035933        0.011318       -0.181187
     C    3       -0.032890       -0.181187        0.092690

     H    4       -0.000000        0.000000        0.000000
     H    4        0.000000        0.000000        0.000000
     H    4        0.000000        0.000000        0.000000

     C    5       -0.116614        0.042593       -0.014156
     C    5        0.042593       -0.037779       -0.174844
     C    5       -0.014156       -0.174844        0.154393

     H    6       -0.000000        0.000000        0.000000
     H    6        0.000000        0.000000        0.000000
     H    6        0.000000        0.000000        0.000000

     H    7       -0.000000        0.000000        0.000000
     H    7        0.000000        0.000000        0.000000
     H    7        0.000000        0.000000        0.000000

     C    8       -0.139117       -0.029482       -0.072562
     C    8       -0.029482       -0.049704        0.182731
     C    8       -0.072562        0.182731        0.188822

     H    9       -0.000000        0.000000        0.000000
     H    9        0.000000        0.000000        0.000000
     H    9        0.000000        0.000000        0.000000

     C   10       -0.142027       -0.041223       -0.031280
     C   10       -0.041223        0.075129        0.153030
     C   10       -0.031280        0.153030        0.066898

     C   11        0.070196        0.158915       -0.076350
     C   11        0.158915       -0.012708        0.084673
     C   11       -0.076350        0.084673       -0.057488

     Cl  12        0.245187        1.939559       -0.478733
     Cl  12        1.939559       -0.815354        0.238598
     Cl  12       -0.478733        0.238598        0.570166

     H   13       -0.000000        0.000000        0.000000
     H   13        0.000000        0.000000        0.000000
     H   13        0.000000        0.000000        0.000000

     C   14       -0.062335        0.072551       -0.093282
     C   14        0.072551       -0.039977       -0.139229
     C   14       -0.093282       -0.139229        0.102312

     H   15       -0.000000        0.000000        0.000000
     H   15        0.000000        0.000000        0.000000
     H   15        0.000000        0.000000        0.000000

     C   16       -0.080389        0.010696       -0.140473
     C   16        0.010696       -0.152822       -0.058820
     C   16       -0.140473       -0.058820        0.233212

     C   17       -0.125746       -0.102544       -0.055263
     C   17       -0.102544       -0.110089       -0.067728
     C   17       -0.055263       -0.067728        0.235835

     Cl  18        1.377744       -2.158277       -0.096976
     Cl  18       -2.158277        0.336503        0.074234
     Cl  18       -0.096976        0.074234       -1.714247

     H   19       -0.000000        0.000000        0.000000
     H   19        0.000000        0.000000        0.000000
     H   19        0.000000        0.000000        0.000000

     C   20       -0.154500       -0.037388       -0.137883
     C   20       -0.037388       -0.106884        0.033675
     C   20       -0.137883        0.033675        0.261384

     H   21       -0.000000        0.000000        0.000000
     H   21        0.000000        0.000000        0.000000
     H   21        0.000000        0.000000        0.000000

     C   22       -0.056860       -0.021601       -0.137846
     C   22       -0.021601       -0.103940        0.082686
     C   22       -0.137846        0.082686        0.160800

     C   23        0.000614        0.115272       -0.034135
     C   23        0.115272        0.023201        0.119255
     C   23       -0.034135        0.119255       -0.023815

     Cl  24        1.058449        2.052492        0.079443
     Cl  24        2.052492        0.623210       -0.603324
     Cl  24        0.079443       -0.603324       -1.681659

     ----- total EFG -----
     Cl   1        1.157607       -1.709553       -0.134493
     Cl   1       -1.709553        1.318470        0.097773
     Cl   1       -0.134493        0.097773       -2.476077

     C    2       -0.116037       -0.079439       -0.204697
     C    2       -0.079439        0.047269       -0.264149
     C    2       -0.204697       -0.264149        0.068767

     C    3       -0.161397       -0.096972       -0.120078
     C    3       -0.096972        0.043656       -0.378792
     C    3       -0.120078       -0.378792        0.117740

     H    4        0.200199        0.202876        0.096543
     H    4        0.202876       -0.033322        0.088156
     H    4        0.096543        0.088156       -0.166876

     C    5       -0.166696        0.214327        0.053870
     C    5        0.214327       -0.080820       -0.341361
     C    5        0.053870       -0.341361        0.247516

     H    6       -0.202397        0.069845       -0.068950
     H    6        0.069845        0.413504        0.119159
     H    6       -0.068950        0.119159       -0.211107

     H    7       -0.068387       -0.034844       -0.104784
     H    7       -0.034844        0.025372       -0.488231
     H    7       -0.104784       -0.488231        0.043014

     C    8       -0.220420        0.055851       -0.172533
     C    8        0.055851       -0.036761        0.357090
     C    8       -0.172533        0.357090        0.257182

     H    9        0.304724        0.084520        0.363670
     H    9        0.084520       -0.261106       -0.218015
     H    9        0.363670       -0.218015       -0.043618

     C   10       -0.296102       -0.159508       -0.001197
     C   10       -0.159508        0.232210        0.331149
     C   10       -0.001197        0.331149        0.063892

     C   11        0.256638        0.288303       -0.171383
     C   11        0.288303        0.007014        0.315857
     C   11       -0.171383        0.315857       -0.263652

     Cl  12        0.246986        2.090899       -0.494493
     Cl  12        2.090899       -0.906440        0.286104
     Cl  12       -0.494493        0.286104        0.659454

     H   13       -0.267515       -0.049331       -0.037541
     H   13       -0.049331        0.080077        0.261225
     H   13       -0.037541        0.261225        0.187438

     C   14       -0.163319        0.184898       -0.207040
     C   14        0.184898       -0.134071       -0.239359
     C   14       -0.207040       -0.239359        0.297389

     H   15       -0.028833        0.064808        0.338904
     H   15        0.064808       -0.155833        0.017295
     H   15        0.338904        0.017295        0.184666

     C   16       -0.096080       -0.009742       -0.214724
     C   16       -0.009742       -0.422842       -0.137061
     C   16       -0.214724       -0.137061        0.518922

     C   17       -0.363026       -0.228180       -0.024305
     C   17       -0.228180       -0.089969       -0.122996
     C   17       -0.024305       -0.122996        0.452994

     Cl  18        1.488685       -2.349297       -0.073642
     Cl  18       -2.349297        0.402469        0.067755
     Cl  18       -0.073642        0.067755       -1.891154

     H   19       -0.057256        0.098445        0.093678
     H   19        0.098445        0.175372       -0.511696
     H   19        0.093678       -0.511696       -0.118116

     C   20       -0.346285       -0.158698       -0.296828
     C   20       -0.158698       -0.066894        0.001527
     C   20       -0.296828        0.001527        0.413179

     H   21        0.217347       -0.014232        0.480022
     H   21       -0.014232       -0.052032       -0.282563
     H   21        0.480022       -0.282563       -0.165315

     C   22       -0.017939       -0.065351       -0.256047
     C   22       -0.065351       -0.144376        0.280272
     C   22       -0.256047        0.280272        0.162315

     C   23       -0.030270        0.074790       -0.119857
     C   23        0.074790        0.156738        0.237846
     C   23       -0.119857        0.237846       -0.126468

     Cl  24        1.171734        2.265974        0.074768
     Cl  24        2.265974        0.705300       -0.695879
     Cl  24        0.074768       -0.695879       -1.877034

     ----- total EFG (symmetrized) -----
     Cl   1        1.157607       -1.709553       -0.134493
     Cl   1       -1.709553        1.318470        0.097773
     Cl   1       -0.134493        0.097773       -2.476077

     C    2       -0.116037       -0.079439       -0.204697
     C    2       -0.079439        0.047269       -0.264149
     C    2       -0.204697       -0.264149        0.068767

     C    3       -0.161397       -0.096972       -0.120078
     C    3       -0.096972        0.043656       -0.378792
     C    3       -0.120078       -0.378792        0.117740

     H    4        0.200199        0.202876        0.096543
     H    4        0.202876       -0.033322        0.088156
     H    4        0.096543        0.088156       -0.166876

     C    5       -0.166696        0.214327        0.053870
     C    5        0.214327       -0.080820       -0.341361
     C    5        0.053870       -0.341361        0.247516

     H    6       -0.202397        0.069845       -0.068950
     H    6        0.069845        0.413504        0.119159
     H    6       -0.068950        0.119159       -0.211107

     H    7       -0.068387       -0.034844       -0.104784
     H    7       -0.034844        0.025372       -0.488231
     H    7       -0.104784       -0.488231        0.043014

     C    8       -0.220420        0.055851       -0.172533
     C    8        0.055851       -0.036761        0.357090
     C    8       -0.172533        0.357090        0.257182

     H    9        0.304724        0.084520        0.363670
     H    9        0.084520       -0.261106       -0.218015
     H    9        0.363670       -0.218015       -0.043618

     C   10       -0.296102       -0.159508       -0.001197
     C   10       -0.159508        0.232210        0.331149
     C   10       -0.001197        0.331149        0.063892

     C   11        0.256638        0.288303       -0.171383
     C   11        0.288303        0.007014        0.315857
     C   11       -0.171383        0.315857       -0.263652

     Cl  12        0.246986        2.090899       -0.494493
     Cl  12        2.090899       -0.906440        0.286104
     Cl  12       -0.494493        0.286104        0.659454

     H   13       -0.267515       -0.049331       -0.037541
     H   13       -0.049331        0.080077        0.261225
     H   13       -0.037541        0.261225        0.187438

     C   14       -0.163319        0.184898       -0.207040
     C   14        0.184898       -0.134071       -0.239359
     C   14       -0.207040       -0.239359        0.297389

     H   15       -0.028833        0.064808        0.338904
     H   15        0.064808       -0.155833        0.017295
     H   15        0.338904        0.017295        0.184666

     C   16       -0.096080       -0.009742       -0.214724
     C   16       -0.009742       -0.422842       -0.137061
     C   16       -0.214724       -0.137061        0.518922

     C   17       -0.363026       -0.228180       -0.024305
     C   17       -0.228180       -0.089969       -0.122996
     C   17       -0.024305       -0.122996        0.452994

     Cl  18        1.488685       -2.349297       -0.073642
     Cl  18       -2.349297        0.402469        0.067755
     Cl  18       -0.073642        0.067755       -1.891154

     H   19       -0.057256        0.098445        0.093678
     H   19        0.098445        0.175372       -0.511696
     H   19        0.093678       -0.511696       -0.118116

     C   20       -0.346285       -0.158698       -0.296828
     C   20       -0.158698       -0.066894        0.001527
     C   20       -0.296828        0.001527        0.413179

     H   21        0.217347       -0.014232        0.480022
     H   21       -0.014232       -0.052032       -0.282563
     H   21        0.480022       -0.282563       -0.165315

     C   22       -0.017939       -0.065351       -0.256047
     C   22       -0.065351       -0.144376        0.280272
     C   22       -0.256047        0.280272        0.162315

     C   23       -0.030270        0.074790       -0.119857
     C   23        0.074790        0.156738        0.237846
     C   23       -0.119857        0.237846       -0.126468

     Cl  24        1.171734        2.265974        0.074768
     Cl  24        2.265974        0.705300       -0.695879
     Cl  24        0.074768       -0.695879       -1.877034


     NQR/NMR SPECTROSCOPIC PARAMETERS:
     Cl   1    Vxx=   -0.4730    axis=(  0.722963  0.690728 -0.014826)
     Cl   1    Vyy=   -2.4814    axis=( -0.031518  0.011536 -0.999437)
     Cl   1    Vzz=    2.9544    axis=( -0.690168  0.723023  0.030111)
     Cl   1  Q=        -8.1650 1e-30 m^2  Cq=       -56.6789 MHz  eta= 0.67983

     C    2    Vxx=    0.0258    axis=(  0.738597 -0.616695 -0.272327)
     C    2    Vyy=    0.3445    axis=(  0.231102  0.611098 -0.757067)
     C    2    Vzz=   -0.3702    axis=(  0.633298  0.496233  0.593875)
     C    2  Q=         1.0000 1e-30 m^2  Cq=        -0.8699 MHz  eta= 0.86082

     C    3    Vxx=   -0.0639    axis=(  0.839274 -0.427295 -0.336212)
     C    3    Vyy=   -0.3983    axis=(  0.542229  0.612190  0.575509)
     C    3    Vzz=    0.4623    axis=( -0.040086 -0.665314  0.745487)
     C    3  Q=         1.0000 1e-30 m^2  Cq=         1.0861 MHz  eta= 0.72343

     H    4    Vxx=   -0.1384    axis=(  0.552329 -0.732969 -0.397102)
     H    4    Vyy=   -0.2108    axis=( -0.020999  0.463970 -0.885602)
     H    4    Vzz=    0.3492    axis=(  0.833362  0.497482  0.240872)
     H    4  Q=         1.0000 1e-30 m^2  Cq=         0.8205 MHz  eta= 0.20713

     C    5    Vxx=   -0.0176    axis=(  0.792500  0.447141  0.414739)
     C    5    Vyy=   -0.4526    axis=( -0.598480  0.701012  0.387820)
     C    5    Vzz=    0.4702    axis=( -0.117327 -0.555560  0.823157)
     C    5  Q=         1.0000 1e-30 m^2  Cq=         1.1048 MHz  eta= 0.92524

     H    6    Vxx=   -0.1390    axis=( -0.757695 -0.044632  0.651081)
     H    6    Vyy=   -0.3014    axis=(  0.646596 -0.186458  0.739694)
     H    6    Vzz=    0.4405    axis=(  0.088385  0.981449  0.170137)
     H    6  Q=         1.0000 1e-30 m^2  Cq=         1.0349 MHz  eta= 0.36867

     H    7    Vxx=   -0.0490    axis=( -0.968272  0.227356  0.103727)
     H    7    Vyy=   -0.4779    axis=( -0.234751 -0.685198 -0.689489)
     H    7    Vzz=    0.5268    axis=( -0.085686 -0.691963  0.716830)
     H    7  Q=         1.0000 1e-30 m^2  Cq=         1.2378 MHz  eta= 0.81406

     C    8    Vxx=   -0.1150    axis=(  0.741897  0.621288 -0.252170)
     C    8    Vyy=   -0.3991    axis=( -0.652029  0.580779 -0.487395)
     C    8    Vzz=    0.5141    axis=( -0.156358  0.526019  0.835976)
     C    8  Q=         1.0000 1e-30 m^2  Cq=         1.2080 MHz  eta= 0.55263

     H    9    Vxx=   -0.0391    axis=( -0.419934 -0.712204  0.562513)
     H    9    Vyy=   -0.4974    axis=(  0.354971 -0.699329 -0.620431)
     H    9    Vzz=    0.5365    axis=(  0.835255 -0.060865  0.546484)
     H    9  Q=         1.0000 1e-30 m^2  Cq=         1.2606 MHz  eta= 0.85432

     C   10    Vxx=   -0.1414    axis=(  0.471945 -0.463318  0.750069)
     C   10    Vyy=   -0.3686    axis=(  0.867403  0.396232 -0.301019)
     C   10    Vzz=    0.5100    axis=( -0.157734  0.792677  0.588883)
     C   10  Q=         1.0000 1e-30 m^2  Cq=         1.1982 MHz  eta= 0.44540

     C   11    Vxx=    0.1361    axis=( -0.463281  0.587898  0.663134)
     C   11    Vyy=    0.4478    axis=( -0.815439 -0.575808 -0.059205)
     C   11    Vzz=   -0.5839    axis=(  0.347031 -0.568174  0.746155)
     C   11  Q=         1.0000 1e-30 m^2  Cq=        -1.3719 MHz  eta= 0.53380

     Cl  12    Vxx=    0.7036    axis=(  0.052750  0.240724  0.969159)
     Cl  12    Vyy=    1.8811    axis=( -0.795007 -0.577176  0.186632)
     Cl  12    Vzz=   -2.5847    axis=(  0.604303 -0.780333  0.160931)
     Cl  12  Q=        -8.1650 1e-30 m^2  Cq=        49.5856 MHz  eta= 0.45556

     H   13    Vxx=   -0.1315    axis=( -0.101011  0.763764 -0.637543)
     H   13    Vyy=   -0.2744    axis=( -0.990878 -0.134689 -0.004361)
     H   13    Vzz=    0.4058    axis=( -0.089201  0.631287  0.770403)
     H   13  Q=         1.0000 1e-30 m^2  Cq=         0.9536 MHz  eta= 0.35219

     C   14    Vxx=   -0.1748    axis=(  0.590304  0.585506  0.555629)
     C   14    Vyy=   -0.3345    axis=( -0.717381  0.696092  0.028628)
     C   14    Vzz=    0.5093    axis=( -0.370007 -0.415497  0.830938)
     C   14  Q=         1.0000 1e-30 m^2  Cq=         1.1966 MHz  eta= 0.31352

     H   15    Vxx=   -0.1470    axis=( -0.195929 -0.948305  0.249658)
     H   15    Vyy=   -0.2909    axis=(  0.780779 -0.304894 -0.545366)
     H   15    Vzz=    0.4379    axis=(  0.593292  0.088074  0.800155)
     H   15  Q=         1.0000 1e-30 m^2  Cq=         1.0288 MHz  eta= 0.32857

     C   16    Vxx=   -0.1549    axis=(  0.948261 -0.171221  0.267365)
     C   16    Vyy=   -0.4476    axis=( -0.129301 -0.977385 -0.167329)
     C   16    Vzz=    0.6025    axis=( -0.289969 -0.124100  0.948956)
     C   16  Q=         1.0000 1e-30 m^2  Cq=         1.4155 MHz  eta= 0.48590

     C   17    Vxx=    0.0192    axis=( -0.511092  0.834018  0.207843)
     C   17    Vyy=    0.4803    axis=(  0.032264 -0.223026  0.974278)
     C   17    Vzz=   -0.4996    axis=(  0.858920  0.504652  0.087078)
     C   17  Q=         1.0000 1e-30 m^2  Cq=        -1.1738 MHz  eta= 0.92309

     Cl  18    Vxx=   -1.4656    axis=(  0.622584  0.782372  0.016827)
     Cl  18    Vyy=   -1.8932    axis=(  0.004400 -0.025002  0.999678)
     Cl  18    Vzz=    3.3587    axis=(  0.782541 -0.622309 -0.019008)
     Cl  18  Q=        -8.1650 1e-30 m^2  Cq=       -64.4356 MHz  eta= 0.12731

     H   19    Vxx=   -0.0209    axis=(  0.962893  0.131495  0.235683)
     H   19    Vyy=   -0.5409    axis=( -0.267347  0.584199  0.766314)
     H   19    Vzz=    0.5618    axis=( -0.036919 -0.800888  0.597676)
     H   19  Q=         1.0000 1e-30 m^2  Cq=         1.3199 MHz  eta= 0.92565

     C   20    Vxx=   -0.0200    axis=( -0.279774  0.940047 -0.195033)
     C   20    Vyy=   -0.5004    axis=( -0.898640 -0.327910 -0.291411)
     C   20    Vzz=    0.5204    axis=( -0.337893  0.093735  0.936505)
     C   20  Q=         1.0000 1e-30 m^2  Cq=         1.2228 MHz  eta= 0.92322

     H   21    Vxx=   -0.0011    axis=(  0.452523  0.873381 -0.180081)
     H   21    Vyy=   -0.5903    axis=(  0.462461 -0.402505 -0.790012)
     H   21    Vzz=    0.5914    axis=( -0.762465  0.274219 -0.586048)
     H   21  Q=         1.0000 1e-30 m^2  Cq=         1.3896 MHz  eta= 0.99613

     C   22    Vxx=   -0.1284    axis=(  0.823460  0.522205  0.221844)
     C   22    Vyy=   -0.3355    axis=( -0.316803  0.747561 -0.583771)
     C   22    Vzz=    0.4639    axis=( -0.470690  0.410431  0.781023)
     C   22  Q=         1.0000 1e-30 m^2  Cq=         1.0900 MHz  eta= 0.44661

     C   23    Vxx=    0.0364    axis=(  0.903609  0.193652 -0.382086)
     C   23    Vyy=    0.2921    axis=(  0.020208  0.871712  0.489601)
     C   23    Vzz=   -0.3285    axis=(  0.427881 -0.450129  0.783774)
     C   23  Q=         1.0000 1e-30 m^2  Cq=        -0.7718 MHz  eta= 0.77815

     Cl  24    Vxx=   -0.9922    axis=( -0.608291  0.598110 -0.521773)
     Cl  24    Vyy=   -2.2576    axis=( -0.303848  0.431828  0.849236)
     Cl  24    Vzz=    3.2498    axis=(  0.733252  0.675122 -0.080942)
     Cl  24  Q=        -8.1650 1e-30 m^2  Cq=       -62.3460 MHz  eta= 0.38939

     Initialization:
     gipaw_setup  :      9.22s CPU     10.99s WALL (       1 calls)

     Linear response

     Apply operators

     Induced current

     Other routines
     efg          :      9.40s CPU     11.89s WALL (       1 calls)

     General routines
     calbec       :      3.40s CPU      4.57s WALL (      16 calls)
     fft          :      1.45s CPU      1.88s WALL (      15 calls)
     ffts         :      0.04s CPU      0.04s WALL (       2 calls)
     fftw         :      3.21s CPU      4.01s WALL (     672 calls)
     davcio       :      0.02s CPU      0.31s WALL (      32 calls)

     Parallel routines
     fft_scatter  :      2.07s CPU      3.23s WALL (     689 calls)

     Plugins

     GIPAW        :     63.47s CPU     75.20s WALL (       1 calls)
