
     Program QE v.6.0 (svn rev. 13079) starts on 25Dec2016 at  2:34:40 

     This program is part of the open-source Quantum ESPRESSO suite
     for quantum simulation of materials; please cite
         "P. Giannozzi et al., J. Phys.:Condens. Matter 21 395502 (2009);
          URL http://www.quantum-espresso.org", 
     in publications or presentations arising from this work. More details at
     http://www.quantum-espresso.org/quote

     Parallel version (MPI), running on     8 processors
     R & G space division:  proc/nbgrp/npool/nimage =       8

     ***** This is GIPAW svn revision unknown      *****

     Parallelizing q-star over 1 images

     Reading data from directory:
     /users/majewski/paradichlorobenzene/pbe/9_constraint/scratch/pbe.ecut100.np8.dt60.pcl2phi-129368.save
     Message from routine read_xml_file:
     file /users/majewski/paradichlorobenzene/pbe/9_constraint/scratch/pbe.ecut100.np8.dt60.pcl2phi-129368.save not guaranteed to be safe for post-processing

   Info: using nr1, nr2, nr3 values from input

   Info: using nr1, nr2, nr3 values from input

     IMPORTANT: XC functional enforced from input :
     Exchange-correlation      =  SLA  PW   PBX  PBC ( 1  4  3  4 0 0)
     Any further DFT definition will be discarded
     Please, verify this is what you really want

               file C.pbe-n-kjpaw_psl.1.0.0.UPF: wavefunction(s)  2S 2P renormalized
               file Cl.pbe-n-kjpaw_psl.1.0.0.UPF: wavefunction(s)  3S 3P renormalized
               file H.pbe-kjpaw_psl.1.0.0.UPF: wavefunction(s)  1S renormalized

     Parallelization info
     --------------------
     sticks:   dense  smooth     PW     G-vecs:    dense   smooth      PW
     Min        3057    1223    332               144436    36536    5170
     Max        3059    1225    333               144437    36537    5171
     Sum       24467    9791   2657              1155489   292295   41363


     Subspace diagonalization in iterative solution of the eigenvalue problem:
     a serial algorithm will be used

     GIPAW projectors -----------------------------------------------
     atom=  C    l=0  rc=    1.2000  rs=    0.8000
     atom=  C    l=0  rc=    1.2000  rs=    0.8000
     atom=  C    l=1  rc=    1.4000  rs=    0.9333
     atom=  C    l=1  rc=    1.4000  rs=    0.9333
     projs nearly linearly dependent: l=1  n1,n2= 1, 2  s=  0.99951561

     atom=  Cl   l=0  rc=    1.6000  rs=    1.0667
     atom=  Cl   l=0  rc=    1.6000  rs=    1.0667
     atom=  Cl   l=1  rc=    1.6000  rs=    1.0667
     atom=  Cl   l=1  rc=    1.6000  rs=    1.0667
     atom=  Cl   l=2  rc=    1.6000  rs=    1.0667
     atom=  Cl   l=2  rc=    1.6000  rs=    1.0667
     projs nearly linearly dependent: l=2  n1,n2= 1, 2  s=  0.99993509

     atom=  H    l=0  rc=    1.0000  rs=    0.6667
     atom=  H    l=0  rc=    1.0000  rs=    0.6667
     projs nearly linearly dependent: l=0  n1,n2= 1, 2  s=  0.99968852
     -----------------------------------------------------------------

     GIPAW integrals: -------------------------------------------
     Atom  i/j   nmr_para   nmr_dia   epr_rmc  epr_para   epr_dia
       C   1 1   0.83E+03  0.17E-01  0.93E+01  0.24E+08  0.24E+03
       C   2 1   0.86E+03 -0.61E-01  0.94E+01  0.25E+08  0.25E+03
       C   2 2   0.90E+03 -0.15E+00  0.97E+01  0.26E+08  0.26E+03
       C   3 3   0.33E+01  0.34E+00  0.18E+01  0.55E+03  0.21E+02
       C   4 3   0.35E+01  0.37E+00  0.20E+01  0.59E+03  0.22E+02
       C   4 4   0.38E+01  0.39E+00  0.22E+01  0.63E+03  0.24E+02
       Cl  1 1   0.14E+04 -0.47E+00  0.84E+01  0.32E+09  0.42E+03
       Cl  2 1   0.21E+04 -0.37E+00  0.12E+02  0.49E+09  0.65E+03
       Cl  2 2   0.33E+04 -0.16E+00  0.21E+02  0.76E+09  0.10E+04
       Cl  3 3   0.21E+02  0.79E-01  0.89E+01  0.23E+05  0.13E+03
       Cl  4 3   0.24E+02  0.67E-01  0.99E+01  0.27E+05  0.15E+03
       Cl  4 4   0.28E+02  0.44E-01  0.11E+02  0.32E+05  0.18E+03
       Cl  5 5   0.77E+00  0.19E+00  0.18E+01  0.12E+03  0.22E+02
       Cl  6 5   0.80E+00  0.19E+00  0.19E+01  0.12E+03  0.23E+02
       Cl  6 6   0.83E+00  0.20E+00  0.19E+01  0.12E+03  0.23E+02
       H   1 1   0.39E+02  0.19E+00  0.29E+00  0.78E+05  0.13E+02
       H   2 1   0.41E+02  0.21E+00  0.32E+00  0.82E+05  0.14E+02
       H   2 2   0.43E+02  0.22E+00  0.36E+00  0.86E+05  0.15E+02
     ------------------------------------------------------------

     alpha_pv=     33.8914 eV

     Number of occupied bands for each k-point:
     k-point:     1    nbnd_occ=  42
     k-point:     2    nbnd_occ=  42
     k-point:     3    nbnd_occ=  42
     k-point:     4    nbnd_occ=  42
     k-point:     5    nbnd_occ=  42
     k-point:     6    nbnd_occ=  42
     k-point:     7    nbnd_occ=  42
     k-point:     8    nbnd_occ=  42
     k-point:     9    nbnd_occ=  42
     k-point:    10    nbnd_occ=  42
     k-point:    11    nbnd_occ=  42
     k-point:    12    nbnd_occ=  42
     k-point:    13    nbnd_occ=  42
     k-point:    14    nbnd_occ=  42
     k-point:    15    nbnd_occ=  42
     k-point:    16    nbnd_occ=  42


     q-space interpolation up to   110.00 Rydberg

     GIPAW job: efg                                                                             


     ELECTRIC FIELD GRADIENTS TENSORS IN Hartree/bohrradius^2:

     ----- bare term -----
     Cl   1        0.067506        0.074480        0.023432
     Cl   1        0.074480       -0.071199        0.007645
     Cl   1        0.023432        0.007645        0.003692

     C    2       -0.699310        0.450798       -0.334520
     C    2        0.450798        0.330160       -0.133664
     C    2       -0.334520       -0.133664        0.369151

     C    3        0.061972       -0.214002       -0.341535
     C    3       -0.214002       -0.310674       -0.501963
     C    3       -0.341535       -0.501963        0.248701

     H    4       -0.642838       -0.079356        0.128849
     H    4       -0.079356        0.413370       -0.222968
     H    4        0.128849       -0.222968        0.229467

     C    5       -0.581839        0.324264       -0.393324
     C    5        0.324264        0.143731       -0.025986
     C    5       -0.393324       -0.025986        0.438108

     H    6        0.046980       -0.336657        0.201842
     H    6       -0.336657       -0.409089       -0.243441
     H    6        0.201842       -0.243441        0.362108

     H    7        0.429283        0.040333       -0.018393
     H    7        0.040333       -0.483962        0.588709
     H    7       -0.018393        0.588709        0.054679

     C    8       -0.195485       -0.132802       -0.273124
     C    8       -0.132802       -0.074818        0.437490
     C    8       -0.273124        0.437490        0.270303

     H    9       -0.029643        0.202487       -0.418977
     H    9        0.202487        0.163940        0.493446
     H    9       -0.418977        0.493446       -0.134297

     C   10       -0.647967       -0.390948       -0.309375
     C   10       -0.390948        0.270226        0.202326
     C   10       -0.309375        0.202326        0.377741

     C   11       -0.013023        0.003855       -0.251909
     C   11        0.003855        0.062820        0.680005
     C   11       -0.251909        0.680005       -0.049798

     Cl  12       -0.108990       -0.222357       -0.036693
     Cl  12       -0.222357        0.159979        0.050724
     Cl  12       -0.036693        0.050724       -0.050990

     H   13        0.246017       -0.380140        0.123994
     H   13       -0.380140       -0.546882        0.151438
     H   13        0.123994        0.151438        0.300865

     C   14       -0.020799        0.006637       -0.080063
     C   14        0.006637       -0.150290       -0.128014
     C   14       -0.080063       -0.128014        0.171089

     H   15       -0.384034       -0.459534        0.140836
     H   15       -0.459534        0.168646        0.138093
     H   15        0.140836        0.138093        0.215388

     C   16       -0.151037        0.170180       -0.012495
     C   16        0.170180       -0.167812       -0.254923
     C   16       -0.012495       -0.254923        0.318848

     C   17       -0.130376       -0.299074       -0.334859
     C   17       -0.299074       -0.015336       -0.742874
     C   17       -0.334859       -0.742874        0.145711

     Cl  18       -0.071322        0.182573        0.041282
     Cl  18        0.182573       -0.057237       -0.041960
     Cl  18        0.041282       -0.041960        0.128559

     H   19        0.381352       -0.008764       -0.146209
     H   19       -0.008764       -0.466907        0.556554
     H   19       -0.146209        0.556554        0.085555

     C   20       -0.824868       -0.379057       -0.355655
     C   20       -0.379057        0.480916        0.182533
     C   20       -0.355655        0.182533        0.343952

     H   21       -0.220221        0.126828       -0.532200
     H   21        0.126828        0.263329       -0.006093
     H   21       -0.532200       -0.006093       -0.043108

     C   22        0.022957       -0.277044       -0.132327
     C   22       -0.277044       -0.082905        0.620154
     C   22       -0.132327        0.620154        0.059948

     C   23       -0.588451       -0.431532       -0.408602
     C   23       -0.431532        0.321918        0.151412
     C   23       -0.408602        0.151412        0.266534

     Cl  24       -0.017139       -0.080080        0.040749
     Cl  24       -0.080080        0.076257       -0.094424
     Cl  24        0.040749       -0.094424       -0.059118

     ----- ionic term -----
     Cl   1        0.120391       -0.201252       -0.019158
     Cl   1       -0.201252        0.023603        0.011108
     Cl   1       -0.019158        0.011108       -0.143994

     C    2        0.270567       -0.084291        0.138403
     C    2       -0.084291        0.223388        0.294773
     C    2        0.138403        0.294773       -0.493955

     C    3        0.204899       -0.128547        0.121615
     C    3       -0.128547        0.294350        0.309994
     C    3        0.121615        0.309994       -0.499249

     H    4        0.751288        0.477501        0.437364
     H    4        0.477501       -0.298563        0.202322
     H    4        0.437364        0.202322       -0.452725

     C    5        0.411138       -0.105609        0.193869
     C    5       -0.105609        0.136700        0.225007
     C    5        0.193869        0.225007       -0.547838

     H    6       -0.454437        0.273381        0.091023
     H    6        0.273381        0.908156        0.426162
     H    6        0.091023        0.426162       -0.453720

     H    7       -0.508052       -0.033109        0.061055
     H    7       -0.033109        0.550732       -0.761554
     H    7        0.061055       -0.761554       -0.042680

     C    8        0.330492        0.269723        0.332632
     C    8        0.269723       -0.061770       -0.302108
     C    8        0.332632       -0.302108       -0.268722

     H    9        0.375538       -0.226412        0.770998
     H    9       -0.226412       -0.479620       -0.267112
     H    9        0.770998       -0.267112        0.104081

     C   10        0.116895        0.265482        0.211829
     C   10        0.265482        0.095731       -0.439098
     C   10        0.211829       -0.439098       -0.212626

     C   11        0.187243        0.115353        0.265029
     C   11        0.115353        0.064535       -0.447248
     C   11        0.265029       -0.447248       -0.251778

     Cl  12        0.127738        0.166681        0.005926
     Cl  12        0.166681        0.010436       -0.004457
     Cl  12        0.005926       -0.004457       -0.138175

     H   13       -0.435033        0.326733        0.107994
     H   13        0.326733        0.804688        0.498962
     H   13        0.107994        0.498962       -0.369655

     C   14        0.315981       -0.077678        0.154863
     C   14       -0.077678        0.185777        0.230887
     C   14        0.154863        0.230887       -0.501758

     H   15        0.776772        0.359061        0.538568
     H   15        0.359061       -0.364271        0.205003
     H   15        0.538568        0.205003       -0.412501

     C   16        0.122593       -0.080042        0.169699
     C   16       -0.080042        0.378725        0.348277
     C   16        0.169699        0.348277       -0.501318

     C   17        0.277985       -0.042811        0.253680
     C   17       -0.042811        0.279649        0.309880
     C   17        0.253680        0.309880       -0.557633

     Cl  18        0.113362       -0.194055        0.018643
     Cl  18       -0.194055        0.063665       -0.009599
     Cl  18        0.018643       -0.009599       -0.177027

     H   19       -0.513274       -0.170194        0.096820
     H   19       -0.170194        0.706393       -0.687054
     H   19        0.096820       -0.687054       -0.193118

     C   20        0.294149        0.159953        0.276462
     C   20        0.159953        0.086266       -0.304978
     C   20        0.276462       -0.304978       -0.380415

     H   21        0.471747       -0.355850        0.705661
     H   21       -0.355850       -0.366130       -0.308903
     H   21        0.705661       -0.308903       -0.105617

     C   22        0.125715        0.240703        0.203153
     C   22        0.240703        0.199230       -0.378463
     C   22        0.203153       -0.378463       -0.324945

     C   23        0.228632        0.241045        0.301190
     C   23        0.241045        0.045237       -0.373294
     C   23        0.301190       -0.373294       -0.273869

     Cl  24        0.154336        0.224616       -0.020496
     Cl  24        0.224616       -0.003575       -0.019926
     Cl  24       -0.020496       -0.019926       -0.150761

     ----- GIPAW term -----
     Cl   1       -0.181971       -1.177358        0.061718
     Cl   1       -1.177358        2.218607        1.093226
     Cl   1        0.061718        1.093226       -2.036636

     C    2       -0.162774       -0.007987       -0.033004
     C    2       -0.007987        0.280602        0.004442
     C    2       -0.033004        0.004442       -0.117828

     C    3       -0.038216       -0.185050       -0.138876
     C    3       -0.185050        0.046559        0.103497
     C    3       -0.138876        0.103497       -0.008344

     H    4       -0.000000        0.000000        0.000000
     H    4        0.000000        0.000000        0.000000
     H    4        0.000000        0.000000        0.000000

     C    5       -0.033550       -0.141751       -0.130605
     C    5       -0.141751        0.083476        0.130486
     C    5       -0.130605        0.130486       -0.049925

     H    6       -0.000000        0.000000        0.000000
     H    6        0.000000        0.000000        0.000000
     H    6        0.000000        0.000000        0.000000

     H    7       -0.000000        0.000000        0.000000
     H    7        0.000000        0.000000        0.000000
     H    7        0.000000        0.000000        0.000000

     C    8       -0.077295       -0.021870       -0.033640
     C    8       -0.021870        0.111483        0.035066
     C    8       -0.033640        0.035066       -0.034189

     H    9       -0.000000        0.000000        0.000000
     H    9        0.000000        0.000000        0.000000
     H    9        0.000000        0.000000        0.000000

     C   10       -0.229952       -0.088492       -0.062831
     C   10       -0.088492        0.267856       -0.036780
     C   10       -0.062831       -0.036780       -0.037904

     C   11       -0.057184        0.026265       -0.040590
     C   11        0.026265        0.255945        0.129485
     C   11       -0.040590        0.129485       -0.198762

     Cl  12        0.589265        0.375299       -0.375168
     Cl  12        0.375299        1.591734        0.457095
     Cl  12       -0.375168        0.457095       -2.180999

     H   13       -0.000000        0.000000        0.000000
     H   13        0.000000        0.000000        0.000000
     H   13        0.000000        0.000000        0.000000

     C   14       -0.016852        0.029072       -0.017157
     C   14        0.029072        0.030059       -0.072618
     C   14       -0.017157       -0.072618       -0.013208

     H   15       -0.000000        0.000000        0.000000
     H   15        0.000000        0.000000        0.000000
     H   15        0.000000        0.000000        0.000000

     C   16       -0.073733        0.033729       -0.042545
     C   16        0.033729       -0.018685       -0.102317
     C   16       -0.042545       -0.102317        0.092418

     C   17       -0.028850       -0.219836        0.001416
     C   17       -0.219836        0.083098       -0.233583
     C   17        0.001416       -0.233583       -0.054248

     Cl  18        1.546374       -1.910809        0.309245
     Cl  18       -1.910809       -0.266000       -0.277705
     Cl  18        0.309245       -0.277705       -1.280374

     H   19       -0.000000        0.000000        0.000000
     H   19        0.000000        0.000000        0.000000
     H   19        0.000000        0.000000        0.000000

     C   20       -0.239099       -0.055547       -0.038008
     C   20       -0.055547        0.317180        0.014933
     C   20       -0.038008        0.014933       -0.078081

     H   21       -0.000000        0.000000        0.000000
     H   21        0.000000        0.000000        0.000000
     H   21        0.000000        0.000000        0.000000

     C   22       -0.104856       -0.089465       -0.011985
     C   22       -0.089465        0.247290        0.083704
     C   22       -0.011985        0.083704       -0.142433

     C   23       -0.126770       -0.087217       -0.050539
     C   23       -0.087217        0.263565        0.018212
     C   23       -0.050539        0.018212       -0.136795

     Cl  24        0.163269        0.473479        0.527569
     Cl  24        0.473479        1.892128       -1.497733
     Cl  24        0.527569       -1.497733       -2.055397

     ----- total EFG -----
     Cl   1        0.005926       -1.304131        0.065992
     Cl   1       -1.304131        2.171011        1.111979
     Cl   1        0.065992        1.111979       -2.176937

     C    2       -0.591517        0.358520       -0.229120
     C    2        0.358520        0.834150        0.165551
     C    2       -0.229120        0.165551       -0.242633

     C    3        0.228656       -0.527599       -0.358797
     C    3       -0.527599        0.030235       -0.088472
     C    3       -0.358797       -0.088472       -0.258891

     H    4        0.108451        0.398145        0.566213
     H    4        0.398145        0.114807       -0.020646
     H    4        0.566213       -0.020646       -0.223258

     C    5       -0.204251        0.076905       -0.330059
     C    5        0.076905        0.363906        0.329507
     C    5       -0.330059        0.329507       -0.159656

     H    6       -0.407456       -0.063277        0.292865
     H    6       -0.063277        0.499068        0.182721
     H    6        0.292865        0.182721       -0.091611

     H    7       -0.078769        0.007224        0.042662
     H    7        0.007224        0.066770       -0.172845
     H    7        0.042662       -0.172845        0.011999

     C    8        0.057713        0.115051        0.025868
     C    8        0.115051       -0.025104        0.170448
     C    8        0.025868        0.170448       -0.032608

     H    9        0.345896       -0.023925        0.352020
     H    9       -0.023925       -0.315679        0.226334
     H    9        0.352020        0.226334       -0.030216

     C   10       -0.761024       -0.213959       -0.160376
     C   10       -0.213959        0.633813       -0.273552
     C   10       -0.160376       -0.273552        0.127211

     C   11        0.117036        0.145473       -0.027470
     C   11        0.145473        0.383301        0.362243
     C   11       -0.027470        0.362243       -0.500337

     Cl  12        0.608014        0.319623       -0.405936
     Cl  12        0.319623        1.762150        0.503362
     Cl  12       -0.405936        0.503362       -2.370164

     H   13       -0.189016       -0.053408        0.231987
     H   13       -0.053408        0.257805        0.650400
     H   13        0.231987        0.650400       -0.068789

     C   14        0.278330       -0.041969        0.057643
     C   14       -0.041969        0.065547        0.030255
     C   14        0.057643        0.030255       -0.343877

     H   15        0.392738       -0.100473        0.679404
     H   15       -0.100473       -0.195626        0.343096
     H   15        0.679404        0.343096       -0.197113

     C   16       -0.102177        0.123866        0.114659
     C   16        0.123866        0.192229       -0.008963
     C   16        0.114659       -0.008963       -0.090052

     C   17        0.118759       -0.561722       -0.079763
     C   17       -0.561722        0.347411       -0.666577
     C   17       -0.079763       -0.666577       -0.466170

     Cl  18        1.588415       -1.922290        0.369170
     Cl  18       -1.922290       -0.259572       -0.329264
     Cl  18        0.369170       -0.329264       -1.328842

     H   19       -0.131922       -0.178958       -0.049389
     H   19       -0.178958        0.239486       -0.130500
     H   19       -0.049389       -0.130500       -0.107564

     C   20       -0.769819       -0.274650       -0.117201
     C   20       -0.274650        0.884362       -0.107513
     C   20       -0.117201       -0.107513       -0.114543

     H   21        0.251526       -0.229022        0.173461
     H   21       -0.229022       -0.102801       -0.314995
     H   21        0.173461       -0.314995       -0.148725

     C   22        0.043816       -0.125807        0.058841
     C   22       -0.125807        0.363615        0.325395
     C   22        0.058841        0.325395       -0.407430

     C   23       -0.486590       -0.277704       -0.157951
     C   23       -0.277704        0.630720       -0.203670
     C   23       -0.157951       -0.203670       -0.144130

     Cl  24        0.300466        0.618016        0.547823
     Cl  24        0.618016        1.964810       -1.612083
     Cl  24        0.547823       -1.612083       -2.265276

     ----- total EFG (symmetrized) -----
     Cl   1        0.005926       -1.304131        0.065992
     Cl   1       -1.304131        2.171011        1.111979
     Cl   1        0.065992        1.111979       -2.176937

     C    2       -0.591517        0.358520       -0.229120
     C    2        0.358520        0.834150        0.165551
     C    2       -0.229120        0.165551       -0.242633

     C    3        0.228656       -0.527599       -0.358797
     C    3       -0.527599        0.030235       -0.088472
     C    3       -0.358797       -0.088472       -0.258891

     H    4        0.108451        0.398145        0.566213
     H    4        0.398145        0.114807       -0.020646
     H    4        0.566213       -0.020646       -0.223258

     C    5       -0.204251        0.076905       -0.330059
     C    5        0.076905        0.363906        0.329507
     C    5       -0.330059        0.329507       -0.159656

     H    6       -0.407456       -0.063277        0.292865
     H    6       -0.063277        0.499068        0.182721
     H    6        0.292865        0.182721       -0.091611

     H    7       -0.078769        0.007224        0.042662
     H    7        0.007224        0.066770       -0.172845
     H    7        0.042662       -0.172845        0.011999

     C    8        0.057713        0.115051        0.025868
     C    8        0.115051       -0.025104        0.170448
     C    8        0.025868        0.170448       -0.032608

     H    9        0.345896       -0.023925        0.352020
     H    9       -0.023925       -0.315679        0.226334
     H    9        0.352020        0.226334       -0.030216

     C   10       -0.761024       -0.213959       -0.160376
     C   10       -0.213959        0.633813       -0.273552
     C   10       -0.160376       -0.273552        0.127211

     C   11        0.117036        0.145473       -0.027470
     C   11        0.145473        0.383301        0.362243
     C   11       -0.027470        0.362243       -0.500337

     Cl  12        0.608014        0.319623       -0.405936
     Cl  12        0.319623        1.762150        0.503362
     Cl  12       -0.405936        0.503362       -2.370164

     H   13       -0.189016       -0.053408        0.231987
     H   13       -0.053408        0.257805        0.650400
     H   13        0.231987        0.650400       -0.068789

     C   14        0.278330       -0.041969        0.057643
     C   14       -0.041969        0.065547        0.030255
     C   14        0.057643        0.030255       -0.343877

     H   15        0.392738       -0.100473        0.679404
     H   15       -0.100473       -0.195626        0.343096
     H   15        0.679404        0.343096       -0.197113

     C   16       -0.102177        0.123866        0.114659
     C   16        0.123866        0.192229       -0.008963
     C   16        0.114659       -0.008963       -0.090052

     C   17        0.118759       -0.561722       -0.079763
     C   17       -0.561722        0.347411       -0.666577
     C   17       -0.079763       -0.666577       -0.466170

     Cl  18        1.588415       -1.922290        0.369170
     Cl  18       -1.922290       -0.259572       -0.329264
     Cl  18        0.369170       -0.329264       -1.328842

     H   19       -0.131922       -0.178958       -0.049389
     H   19       -0.178958        0.239486       -0.130500
     H   19       -0.049389       -0.130500       -0.107564

     C   20       -0.769819       -0.274650       -0.117201
     C   20       -0.274650        0.884362       -0.107513
     C   20       -0.117201       -0.107513       -0.114543

     H   21        0.251526       -0.229022        0.173461
     H   21       -0.229022       -0.102801       -0.314995
     H   21        0.173461       -0.314995       -0.148725

     C   22        0.043816       -0.125807        0.058841
     C   22       -0.125807        0.363615        0.325395
     C   22        0.058841        0.325395       -0.407430

     C   23       -0.486590       -0.277704       -0.157951
     C   23       -0.277704        0.630720       -0.203670
     C   23       -0.157951       -0.203670       -0.144130

     Cl  24        0.300466        0.618016        0.547823
     Cl  24        0.618016        1.964810       -1.612083
     Cl  24        0.547823       -1.612083       -2.265276


     NQR/NMR SPECTROSCOPIC PARAMETERS:
     Cl   1    Vxx=   -0.4652    axis=(  0.905047  0.339879  0.255681)
     Cl   1    Vyy=   -2.5070    axis=( -0.165834 -0.271577  0.948021)
     Cl   1    Vzz=    2.9722    axis=(  0.391650 -0.900404 -0.189427)
     Cl   1  Q=        -8.1650 1e-30 m^2  Cq=       -57.0203 MHz  eta= 0.68698

     C    2    Vxx=   -0.1292    axis=( -0.438560  0.008780  0.898659)
     C    2    Vyy=   -0.8004    axis=( -0.872668  0.234778 -0.428170)
     C    2    Vzz=    0.9296    axis=( -0.214744 -0.972009 -0.095302)
     C    2  Q=         1.0000 1e-30 m^2  Cq=         2.1842 MHz  eta= 0.72203

     C    3    Vxx=   -0.0661    axis=( -0.239048 -0.633805  0.735627)
     C    3    Vyy=   -0.6538    axis=( -0.570001 -0.521730 -0.634741)
     C    3    Vzz=    0.7199    axis=( -0.786101  0.571042  0.236550)
     C    3  Q=         1.0000 1e-30 m^2  Cq=         1.6914 MHz  eta= 0.81644

     H    4    Vxx=    0.0262    axis=( -0.209149  0.813949 -0.541981)
     H    4    Vyy=    0.7055    axis=(  0.749346  0.489495  0.445955)
     H    4    Vzz=   -0.7317    axis=( -0.628282  0.312860  0.712307)
     H    4  Q=         1.0000 1e-30 m^2  Cq=        -1.7193 MHz  eta= 0.92826

     C    5    Vxx=    0.0671    axis=(  0.753533  0.391252 -0.528308)
     C    5    Vyy=    0.5320    axis=(  0.121093 -0.872475 -0.473417)
     C    5    Vzz=   -0.5991    axis=(  0.646161 -0.292761  0.704817)
     C    5  Q=         1.0000 1e-30 m^2  Cq=        -1.4077 MHz  eta= 0.77605

     H    6    Vxx=    0.0511    axis=(  0.545468 -0.249334  0.800186)
     H    6    Vyy=    0.5515    axis=(  0.023156  0.958844  0.282987)
     H    6    Vzz=   -0.6026    axis=( -0.837812 -0.135831  0.528792)
     H    6  Q=         1.0000 1e-30 m^2  Cq=        -1.4158 MHz  eta= 0.83041

     H    7    Vxx=   -0.0619    axis=(  0.890894  0.345757  0.294550)
     H    7    Vyy=   -0.1542    axis=(  0.447787 -0.559895 -0.697140)
     H    7    Vzz=    0.2161    axis=(  0.076124 -0.752973  0.653633)
     H    7  Q=         1.0000 1e-30 m^2  Cq=         0.5077 MHz  eta= 0.42743

     C    8    Vxx=    0.0037    axis=( -0.785194  0.240586  0.570604)
     C    8    Vyy=    0.2114    axis=( -0.568706 -0.644776 -0.510722)
     C    8    Vzz=   -0.2150    axis=( -0.245039  0.725522 -0.643097)
     C    8  Q=         1.0000 1e-30 m^2  Cq=        -0.5053 MHz  eta= 0.96594

     H    9    Vxx=   -0.0746    axis=(  0.479675 -0.625390 -0.615467)
     H    9    Vyy=   -0.4934    axis=(  0.264495  0.771859 -0.578166)
     H    9    Vzz=    0.5680    axis=( -0.836633 -0.114544 -0.535654)
     H    9  Q=         1.0000 1e-30 m^2  Cq=         1.3346 MHz  eta= 0.73737

     C   10    Vxx=    0.0708    axis=(  0.261536 -0.339594 -0.903479)
     C   10    Vyy=    0.7653    axis=( -0.090225  0.923359 -0.373185)
     C   10    Vzz=   -0.8361    axis=(  0.960967  0.179118  0.210852)
     C   10  Q=         1.0000 1e-30 m^2  Cq=        -1.9645 MHz  eta= 0.83060

     C   11    Vxx=    0.0866    axis=(  0.953152 -0.235436 -0.189923)
     C   11    Vyy=    0.5508    axis=(  0.285279  0.908421  0.305592)
     C   11    Vzz=   -0.6374    axis=(  0.100583 -0.345457  0.933029)
     C   11  Q=         1.0000 1e-30 m^2  Cq=        -1.4977 MHz  eta= 0.72835

     Cl  12    Vxx=    0.6122    axis=( -0.966558  0.196544  0.164732)
     Cl  12    Vyy=    1.8815    axis=(  0.213843  0.972268  0.094692)
     Cl  12    Vzz=   -2.4937    axis=(  0.141553 -0.126752  0.981782)
     Cl  12  Q=        -8.1650 1e-30 m^2  Cq=        47.8399 MHz  eta= 0.50899

     H   13    Vxx=   -0.1024    axis=(  0.905013 -0.336262  0.260538)
     H   13    Vyy=   -0.6736    axis=( -0.411596 -0.537538  0.735963)
     H   13    Vzz=    0.7760    axis=(  0.107427  0.773292  0.624883)
     H   13  Q=         1.0000 1e-30 m^2  Cq=         1.8232 MHz  eta= 0.73610

     C   14    Vxx=    0.0615    axis=( -0.164319 -0.981663 -0.096631)
     C   14    Vyy=    0.2905    axis=(  0.981709 -0.172300  0.080992)
     C   14    Vzz=   -0.3520    axis=( -0.096156 -0.081555  0.992020)
     C   14  Q=         1.0000 1e-30 m^2  Cq=        -0.8269 MHz  eta= 0.65052

     H   15    Vxx=   -0.0204    axis=(  0.351060 -0.871524 -0.342350)
     H   15    Vyy=   -0.8293    axis=(  0.456392  0.478514 -0.750154)
     H   15    Vzz=    0.8497    axis=(  0.817596  0.107103  0.565743)
     H   15  Q=         1.0000 1e-30 m^2  Cq=         1.9964 MHz  eta= 0.95203

     C   16    Vxx=   -0.0067    axis=(  0.544563 -0.303864  0.781740)
     C   16    Vyy=   -0.2339    axis=( -0.753552  0.231978  0.615097)
     C   16    Vzz=    0.2406    axis=( -0.368253 -0.924041 -0.102651)
     C   16  Q=         1.0000 1e-30 m^2  Cq=         0.5653 MHz  eta= 0.94434

     C   17    Vxx=   -0.0140    axis=(  0.803350  0.265496 -0.533048)
     C   17    Vyy=   -0.9637    axis=(  0.335817  0.537243  0.773691)
     C   17    Vzz=    0.9776    axis=(  0.491788 -0.800551  0.342436)
     C   17  Q=         1.0000 1e-30 m^2  Cq=         2.2970 MHz  eta= 0.97145

     Cl  18    Vxx=   -1.3356    axis=(  0.363246  0.390032 -0.846125)
     Cl  18    Vyy=   -1.5186    axis=( -0.403778 -0.752540 -0.520237)
     Cl  18    Vzz=    2.8542    axis=( -0.839652  0.530620 -0.115871)
     Cl  18  Q=        -8.1650 1e-30 m^2  Cq=       -54.7555 MHz  eta= 0.06414

     H   19    Vxx=   -0.0689    axis=( -0.599975 -0.009647  0.799961)
     H   19    Vyy=   -0.2673    axis=(  0.730752  0.400385  0.552896)
     H   19    Vzz=    0.3363    axis=(  0.325626 -0.916296  0.233172)
     H   19  Q=         1.0000 1e-30 m^2  Cq=         0.7901 MHz  eta= 0.58995

     C   20    Vxx=   -0.0974    axis=( -0.192593  0.053424  0.979823)
     C   20    Vyy=   -0.8387    axis=(  0.969312  0.165824  0.181486)
     C   20    Vzz=    0.9361    axis=( -0.152783  0.984707 -0.083721)
     C   20  Q=         1.0000 1e-30 m^2  Cq=         2.1995 MHz  eta= 0.79197

     H   21    Vxx=   -0.0657    axis=(  0.665943  0.510181 -0.544275)
     H   21    Vyy=   -0.4431    axis=(  0.051035  0.696723  0.715523)
     H   21    Vzz=    0.5088    axis=(  0.744255 -0.504274  0.437940)
     H   21  Q=         1.0000 1e-30 m^2  Cq=         1.1954 MHz  eta= 0.74174

     C   22    Vxx=    0.0393    axis=(  0.962641  0.142254  0.230406)
     C   22    Vyy=    0.5039    axis=( -0.212357  0.924547  0.316413)
     C   22    Vzz=   -0.5432    axis=( -0.168011 -0.353520  0.920215)
     C   22  Q=         1.0000 1e-30 m^2  Cq=        -1.2763 MHz  eta= 0.85527

     C   23    Vxx=   -0.0906    axis=(  0.423551 -0.091415 -0.901248)
     C   23    Vyy=   -0.6367    axis=( -0.884528 -0.256433 -0.389683)
     C   23    Vzz=    0.7272    axis=( -0.195486  0.962229 -0.189472)
     C   23  Q=         1.0000 1e-30 m^2  Cq=         1.7087 MHz  eta= 0.75095

     Cl  24    Vxx=    0.3823    axis=(  0.958866 -0.106370  0.263175)
     Cl  24    Vyy=    2.5860    axis=(  0.184062  0.938795 -0.291178)
     Cl  24    Vzz=   -2.9683    axis=( -0.216094  0.327642  0.919758)
     Cl  24  Q=        -8.1650 1e-30 m^2  Cq=        56.9444 MHz  eta= 0.74243

     Initialization:
     gipaw_setup  :      9.25s CPU     10.97s WALL (       1 calls)

     Linear response

     Apply operators

     Induced current

     Other routines
     efg          :      9.14s CPU     11.98s WALL (       1 calls)

     General routines
     calbec       :      3.22s CPU      4.52s WALL (      16 calls)
     fft          :      1.33s CPU      1.57s WALL (      15 calls)
     ffts         :      0.04s CPU      0.06s WALL (       2 calls)
     fftw         :      3.15s CPU      4.02s WALL (     672 calls)
     davcio       :      0.03s CPU      0.31s WALL (      32 calls)

     Parallel routines
     fft_scatter  :      1.94s CPU      2.77s WALL (     689 calls)

     Plugins

     GIPAW        :     61.88s CPU     75.39s WALL (       1 calls)
