
     Program QE v.6.0 (svn rev. 13079) starts on 24Jan2017 at  5:21: 1 

     This program is part of the open-source Quantum ESPRESSO suite
     for quantum simulation of materials; please cite
         "P. Giannozzi et al., J. Phys.:Condens. Matter 21 395502 (2009);
          URL http://www.quantum-espresso.org", 
     in publications or presentations arising from this work. More details at
     http://www.quantum-espresso.org/quote

     Parallel version (MPI), running on     8 processors
     R & G space division:  proc/nbgrp/npool/nimage =       8

     ***** This is GIPAW svn revision unknown      *****

     Parallelizing q-star over 1 images

     Reading data from directory:
     /users/majewski/paradichlorobenzene/pbe/9_constraint/scratch/pbe.ecut100.np8.dt60.pcl2phi-129368.save
     Message from routine read_xml_file:
     file /users/majewski/paradichlorobenzene/pbe/9_constraint/scratch/pbe.ecut100.np8.dt60.pcl2phi-129368.save not guaranteed to be safe for post-processing

   Info: using nr1, nr2, nr3 values from input

   Info: using nr1, nr2, nr3 values from input

     IMPORTANT: XC functional enforced from input :
     Exchange-correlation      =  SLA  PW   PBX  PBC ( 1  4  3  4 0 0)
     Any further DFT definition will be discarded
     Please, verify this is what you really want

               file C.pbe-n-kjpaw_psl.1.0.0.UPF: wavefunction(s)  2S 2P renormalized
               file Cl.pbe-n-kjpaw_psl.1.0.0.UPF: wavefunction(s)  3S 3P renormalized
               file H.pbe-kjpaw_psl.1.0.0.UPF: wavefunction(s)  1S renormalized

     Parallelization info
     --------------------
     sticks:   dense  smooth     PW     G-vecs:    dense   smooth      PW
     Min        3057    1223    332               144436    36536    5170
     Max        3059    1225    333               144437    36537    5171
     Sum       24467    9791   2657              1155489   292295   41363


     Subspace diagonalization in iterative solution of the eigenvalue problem:
     a serial algorithm will be used

     GIPAW projectors -----------------------------------------------
     atom=  C    l=0  rc=    1.2000  rs=    0.8000
     atom=  C    l=0  rc=    1.2000  rs=    0.8000
     atom=  C    l=1  rc=    1.4000  rs=    0.9333
     atom=  C    l=1  rc=    1.4000  rs=    0.9333
     projs nearly linearly dependent: l=1  n1,n2= 1, 2  s=  0.99951561

     atom=  Cl   l=0  rc=    1.6000  rs=    1.0667
     atom=  Cl   l=0  rc=    1.6000  rs=    1.0667
     atom=  Cl   l=1  rc=    1.6000  rs=    1.0667
     atom=  Cl   l=1  rc=    1.6000  rs=    1.0667
     atom=  Cl   l=2  rc=    1.6000  rs=    1.0667
     atom=  Cl   l=2  rc=    1.6000  rs=    1.0667
     projs nearly linearly dependent: l=2  n1,n2= 1, 2  s=  0.99993509

     atom=  H    l=0  rc=    1.0000  rs=    0.6667
     atom=  H    l=0  rc=    1.0000  rs=    0.6667
     projs nearly linearly dependent: l=0  n1,n2= 1, 2  s=  0.99968852
     -----------------------------------------------------------------

     GIPAW integrals: -------------------------------------------
     Atom  i/j   nmr_para   nmr_dia   epr_rmc  epr_para   epr_dia
       C   1 1   0.83E+03  0.17E-01  0.93E+01  0.24E+08  0.24E+03
       C   2 1   0.86E+03 -0.61E-01  0.94E+01  0.25E+08  0.25E+03
       C   2 2   0.90E+03 -0.15E+00  0.97E+01  0.26E+08  0.26E+03
       C   3 3   0.33E+01  0.34E+00  0.18E+01  0.55E+03  0.21E+02
       C   4 3   0.35E+01  0.37E+00  0.20E+01  0.59E+03  0.22E+02
       C   4 4   0.38E+01  0.39E+00  0.22E+01  0.63E+03  0.24E+02
       Cl  1 1   0.14E+04 -0.47E+00  0.84E+01  0.32E+09  0.42E+03
       Cl  2 1   0.21E+04 -0.37E+00  0.12E+02  0.49E+09  0.65E+03
       Cl  2 2   0.33E+04 -0.16E+00  0.21E+02  0.76E+09  0.10E+04
       Cl  3 3   0.21E+02  0.79E-01  0.89E+01  0.23E+05  0.13E+03
       Cl  4 3   0.24E+02  0.67E-01  0.99E+01  0.27E+05  0.15E+03
       Cl  4 4   0.28E+02  0.44E-01  0.11E+02  0.32E+05  0.18E+03
       Cl  5 5   0.77E+00  0.19E+00  0.18E+01  0.12E+03  0.22E+02
       Cl  6 5   0.80E+00  0.19E+00  0.19E+01  0.12E+03  0.23E+02
       Cl  6 6   0.83E+00  0.20E+00  0.19E+01  0.12E+03  0.23E+02
       H   1 1   0.39E+02  0.19E+00  0.29E+00  0.78E+05  0.13E+02
       H   2 1   0.41E+02  0.21E+00  0.32E+00  0.82E+05  0.14E+02
       H   2 2   0.43E+02  0.22E+00  0.36E+00  0.86E+05  0.15E+02
     ------------------------------------------------------------

     alpha_pv=     34.3041 eV

     Number of occupied bands for each k-point:
     k-point:     1    nbnd_occ=  42
     k-point:     2    nbnd_occ=  42
     k-point:     3    nbnd_occ=  42
     k-point:     4    nbnd_occ=  42
     k-point:     5    nbnd_occ=  42
     k-point:     6    nbnd_occ=  42
     k-point:     7    nbnd_occ=  42
     k-point:     8    nbnd_occ=  42
     k-point:     9    nbnd_occ=  42
     k-point:    10    nbnd_occ=  42
     k-point:    11    nbnd_occ=  42
     k-point:    12    nbnd_occ=  42
     k-point:    13    nbnd_occ=  42
     k-point:    14    nbnd_occ=  42
     k-point:    15    nbnd_occ=  42
     k-point:    16    nbnd_occ=  42


     q-space interpolation up to   110.00 Rydberg

     GIPAW job: efg                                                                             


     ELECTRIC FIELD GRADIENTS TENSORS IN Hartree/bohrradius^2:

     ----- bare term -----
     Cl   1       -0.169725        0.135595       -0.007153
     Cl   1        0.135595        0.096014       -0.091760
     Cl   1       -0.007153       -0.091760        0.073711

     C    2       -0.074015        0.205965       -0.219107
     C    2        0.205965       -0.012526       -0.663577
     C    2       -0.219107       -0.663577        0.086541

     C    3       -0.231243        0.159035       -0.198610
     C    3        0.159035        0.003801       -0.217192
     C    3       -0.198610       -0.217192        0.227442

     H    4       -0.459488       -0.449060        0.139543
     H    4       -0.449060        0.190222        0.087107
     H    4        0.139543        0.087107        0.269266

     C    5       -0.017922        0.289073       -0.062551
     C    5        0.289073       -0.172732       -0.356994
     C    5       -0.062551       -0.356994        0.190654

     H    6        0.364679       -0.355956        0.050694
     H    6       -0.355956       -0.722246        0.000275
     H    6        0.050694        0.000275        0.357567

     H    7        0.347785        0.046619       -0.108338
     H    7        0.046619       -0.476803        0.567927
     H    7       -0.108338        0.567927        0.129018

     C    8       -0.733406       -0.329837       -0.390933
     C    8       -0.329837        0.284135        0.135835
     C    8       -0.390933        0.135835        0.449270

     H    9       -0.284469        0.028835       -0.582777
     H    9        0.028835        0.304092        0.012650
     H    9       -0.582777        0.012650       -0.019624

     C   10       -0.061890        0.042054       -0.291780
     C   10        0.042054       -0.141020        0.639492
     C   10       -0.291780        0.639492        0.202910

     C   11       -0.381840       -0.304379       -0.184899
     C   11       -0.304379       -0.007567        0.394160
     C   11       -0.184899        0.394160        0.389408

     Cl  12        0.002762        0.144386       -0.024730
     Cl  12        0.144386        0.123527        0.025222
     Cl  12       -0.024730        0.025222       -0.126289

     H   13        0.408578       -0.037372       -0.075337
     H   13       -0.037372       -0.484807       -0.571374
     H   13       -0.075337       -0.571374        0.076229

     C   14       -0.655032        0.409488       -0.428903
     C   14        0.409488        0.394528       -0.251934
     C   14       -0.428903       -0.251934        0.260504

     H   15       -0.362774        0.091075       -0.438000
     H   15        0.091075        0.033841       -0.279963
     H   15       -0.438000       -0.279963        0.328933

     C   16        0.073878        0.466191       -0.021255
     C   16        0.466191       -0.248618       -0.546432
     C   16       -0.021255       -0.546432        0.174740

     C   17       -0.540991        0.351193       -0.413040
     C   17        0.351193        0.306526       -0.153755
     C   17       -0.413040       -0.153755        0.234465

     Cl  18       -0.104443        0.014931        0.054591
     Cl  18        0.014931       -0.058769        0.122886
     Cl  18        0.054591        0.122886        0.163212

     H   19        0.473364        0.010916       -0.051849
     H   19        0.010916       -0.790685       -0.040040
     H   19       -0.051849       -0.040040        0.317320

     C   20       -0.247336        0.119692       -0.324190
     C   20        0.119692        0.053321        0.578191
     C   20       -0.324190        0.578191        0.194015

     H   21       -0.346281        0.366652       -0.384287
     H   21        0.366652        0.072623        0.129271
     H   21       -0.384287        0.129271        0.273657

     C   22       -0.525294       -0.326999       -0.077438
     C   22       -0.326999        0.125862        0.386356
     C   22       -0.077438        0.386356        0.399432

     C   23        0.009230        0.291776       -0.445645
     C   23        0.291776       -0.138383        0.556980
     C   23       -0.445645        0.556980        0.129153

     Cl  24       -0.234074       -0.180466       -0.021204
     Cl  24       -0.180466        0.153061       -0.035647
     Cl  24       -0.021204       -0.035647        0.081014

     ----- ionic term -----
     Cl   1        0.105960       -0.224308        0.015201
     Cl   1       -0.224308        0.076108       -0.006730
     Cl   1        0.015201       -0.006730       -0.182069

     C    2        0.234679       -0.143725        0.295083
     C    2       -0.143725        0.202787        0.360652
     C    2        0.295083        0.360652       -0.437466

     C    3        0.187695       -0.149604        0.119795
     C    3       -0.149604        0.233730        0.382361
     C    3        0.119795        0.382361       -0.421425

     H    4        0.834607        0.346628        0.459216
     H    4        0.346628       -0.416868        0.192228
     H    4        0.459216        0.192228       -0.417738

     C    5        0.295300       -0.120758        0.137685
     C    5       -0.120758        0.121575        0.300901
     C    5        0.137685        0.300901       -0.416875

     H    6       -0.510834        0.085954        0.010717
     H    6        0.085954        0.780768        0.612519
     H    6        0.010717        0.612519       -0.269933

     H    7       -0.510772       -0.104439        0.081764
     H    7       -0.104439        0.641184       -0.708532
     H    7        0.081764       -0.708532       -0.130412

     C    8        0.309624        0.141544        0.352002
     C    8        0.141544        0.024466       -0.299865
     C    8        0.352002       -0.299865       -0.334090

     H    9        0.462844       -0.301440        0.722446
     H    9       -0.301440       -0.405369       -0.275779
     H    9        0.722446       -0.275779       -0.057475

     C   10        0.129710        0.236503        0.224841
     C   10        0.236503        0.193082       -0.362375
     C   10        0.224841       -0.362375       -0.322791

     C   11        0.182093        0.181352        0.213575
     C   11        0.181352        0.173601       -0.385071
     C   11        0.213575       -0.385071       -0.355693

     Cl  12        0.148461        0.212686       -0.003829
     Cl  12        0.212686        0.002165       -0.003336
     Cl  12       -0.003829       -0.003336       -0.150626

     H   13       -0.493854        0.210542        0.126364
     H   13        0.210542        0.745810        0.641041
     H   13        0.126364        0.641041       -0.251956

     C   14        0.336272       -0.134034        0.246929
     C   14       -0.134034        0.065413        0.307422
     C   14        0.246929        0.307422       -0.401685

     H   15        0.741073        0.257422        0.593424
     H   15        0.257422       -0.444587        0.203092
     H   15        0.593424        0.203092       -0.296486

     C   16        0.172634       -0.247541        0.120695
     C   16       -0.247541        0.177684        0.416710
     C   16        0.120695        0.416710       -0.350318

     C   17        0.242235       -0.116061        0.123797
     C   17       -0.116061        0.108363        0.443639
     C   17        0.123797        0.443639       -0.350599

     Cl  18        0.157723       -0.202291       -0.035837
     Cl  18       -0.202291       -0.030114        0.026987
     Cl  18       -0.035837        0.026987       -0.127609

     H   19       -0.507468       -0.087908        0.043160
     H   19       -0.087908        0.844891       -0.564317
     H   19        0.043160       -0.564317       -0.337423

     C   20        0.295886        0.208454        0.231228
     C   20        0.208454        0.137776       -0.260432
     C   20        0.231228       -0.260432       -0.433663

     H   21        0.677223       -0.229557        0.676724
     H   21       -0.229557       -0.448184       -0.202670
     H   21        0.676724       -0.202670       -0.229039

     C   22        0.181928        0.257833        0.203135
     C   22        0.257833        0.258383       -0.335280
     C   22        0.203135       -0.335280       -0.440311

     C   23        0.219421        0.117672        0.320590
     C   23        0.117672        0.162781       -0.383447
     C   23        0.320590       -0.383447       -0.382202

     Cl  24        0.157506        0.195955        0.011907
     Cl  24        0.195955       -0.001367       -0.005385
     Cl  24        0.011907       -0.005385       -0.156138

     ----- GIPAW term -----
     Cl   1        0.382437       -1.729372       -0.106908
     Cl   1       -1.729372        0.928781       -0.726327
     Cl   1       -0.106908       -0.726327       -1.311218

     C    2       -0.005338        0.077646       -0.101540
     C    2        0.077646        0.108164       -0.210423
     C    2       -0.101540       -0.210423       -0.102826

     C    3       -0.033023        0.096954       -0.103996
     C    3        0.096954        0.043939       -0.091926
     C    3       -0.103996       -0.091926       -0.010916

     H    4       -0.000000        0.000000        0.000000
     H    4        0.000000        0.000000        0.000000
     H    4        0.000000        0.000000        0.000000

     C    5        0.003941        0.164547       -0.021954
     C    5        0.164547        0.086880       -0.109837
     C    5       -0.021954       -0.109837       -0.090821

     H    6       -0.000000        0.000000        0.000000
     H    6        0.000000        0.000000        0.000000
     H    6        0.000000        0.000000        0.000000

     H    7       -0.000000        0.000000        0.000000
     H    7        0.000000        0.000000        0.000000
     H    7        0.000000        0.000000        0.000000

     C    8       -0.187508        0.001349       -0.068939
     C    8        0.001349        0.183926       -0.072938
     C    8       -0.068939       -0.072938        0.003582

     H    9       -0.000000        0.000000        0.000000
     H    9        0.000000        0.000000        0.000000
     H    9        0.000000        0.000000        0.000000

     C   10       -0.047665        0.134631       -0.050470
     C   10        0.134631        0.098990        0.131122
     C   10       -0.050470        0.131122       -0.051325

     C   11       -0.014778        0.175066        0.025626
     C   11        0.175066        0.100057        0.114275
     C   11        0.025626        0.114275       -0.085279

     Cl  12        0.945111        3.233609       -0.061923
     Cl  12        3.233609        1.497896        0.331837
     Cl  12       -0.061923        0.331837       -2.443007

     H   13       -0.000000        0.000000        0.000000
     H   13        0.000000        0.000000        0.000000
     H   13        0.000000        0.000000        0.000000

     C   14       -0.142602        0.184040       -0.081655
     C   14        0.184040        0.218259       -0.074182
     C   14       -0.081655       -0.074182       -0.075657

     H   15       -0.000000        0.000000        0.000000
     H   15        0.000000        0.000000        0.000000
     H   15        0.000000        0.000000        0.000000

     C   16       -0.050422        0.187296        0.048032
     C   16        0.187296        0.159603        0.019724
     C   16        0.048032        0.019724       -0.109180

     C   17       -0.082724        0.104604       -0.017863
     C   17        0.104604        0.224698        0.081727
     C   17       -0.017863        0.081727       -0.141974

     Cl  18       -0.233503       -1.621981        0.446409
     Cl  18       -1.621981       -0.595797        1.621490
     Cl  18        0.446409        1.621490        0.829300

     H   19       -0.000000        0.000000        0.000000
     H   19        0.000000        0.000000        0.000000
     H   19        0.000000        0.000000        0.000000

     C   20       -0.101824        0.101376       -0.013593
     C   20        0.101376        0.167090        0.226713
     C   20       -0.013593        0.226713       -0.065266

     H   21       -0.000000        0.000000        0.000000
     H   21        0.000000        0.000000        0.000000
     H   21        0.000000        0.000000        0.000000

     C   22       -0.174750        0.064122        0.032197
     C   22        0.064122        0.212488        0.140581
     C   22        0.032197        0.140581       -0.037738

     C   23        0.034012        0.256683       -0.112101
     C   23        0.256683        0.076589       -0.013533
     C   23       -0.112101       -0.013533       -0.110601

     Cl  24       -0.002731        1.664520       -0.202275
     Cl  24        1.664520        1.515098       -0.384838
     Cl  24       -0.202275       -0.384838       -1.512366

     ----- total EFG -----
     Cl   1        0.318673       -1.818085       -0.098860
     Cl   1       -1.818085        1.100903       -0.824817
     Cl   1       -0.098860       -0.824817       -1.419576

     C    2        0.155325        0.139886       -0.025564
     C    2        0.139886        0.298425       -0.513347
     C    2       -0.025564       -0.513347       -0.453750

     C    3       -0.076570        0.106386       -0.182810
     C    3        0.106386        0.281469        0.073243
     C    3       -0.182810        0.073243       -0.204900

     H    4        0.375118       -0.102432        0.598759
     H    4       -0.102432       -0.226646        0.279335
     H    4        0.598759        0.279335       -0.148472

     C    5        0.281319        0.332862        0.053180
     C    5        0.332862        0.035723       -0.165930
     C    5        0.053180       -0.165930       -0.317043

     H    6       -0.146155       -0.270002        0.061412
     H    6       -0.270002        0.058522        0.612794
     H    6        0.061412        0.612794        0.087634

     H    7       -0.162987       -0.057820       -0.026574
     H    7       -0.057820        0.164381       -0.140605
     H    7       -0.026574       -0.140605       -0.001394

     C    8       -0.611290       -0.186945       -0.107869
     C    8       -0.186945        0.492527       -0.236968
     C    8       -0.107869       -0.236968        0.118763

     H    9        0.178375       -0.272604        0.139669
     H    9       -0.272604       -0.101276       -0.263129
     H    9        0.139669       -0.263129       -0.077099

     C   10        0.020155        0.413188       -0.117409
     C   10        0.413188        0.151051        0.408239
     C   10       -0.117409        0.408239       -0.171206

     C   11       -0.214526        0.052039        0.054302
     C   11        0.052039        0.266091        0.123364
     C   11        0.054302        0.123364       -0.051565

     Cl  12        1.096334        3.590681       -0.090482
     Cl  12        3.590681        1.623588        0.353723
     Cl  12       -0.090482        0.353723       -2.719922

     H   13       -0.085276        0.173170        0.051027
     H   13        0.173170        0.261003        0.069667
     H   13        0.051027        0.069667       -0.175727

     C   14       -0.461363        0.459494       -0.263629
     C   14        0.459494        0.678200       -0.018694
     C   14       -0.263629       -0.018694       -0.216838

     H   15        0.378298        0.348497        0.155424
     H   15        0.348497       -0.410746       -0.076871
     H   15        0.155424       -0.076871        0.032447

     C   16        0.196090        0.405946        0.147471
     C   16        0.405946        0.088669       -0.109998
     C   16        0.147471       -0.109998       -0.284758

     C   17       -0.381480        0.339737       -0.307106
     C   17        0.339737        0.639587        0.371610
     C   17       -0.307106        0.371610       -0.258107

     Cl  18       -0.180223       -1.809341        0.465162
     Cl  18       -1.809341       -0.684680        1.771363
     Cl  18        0.465162        1.771363        0.864903

     H   19       -0.034104       -0.076992       -0.008689
     H   19       -0.076992        0.054207       -0.604357
     H   19       -0.008689       -0.604357       -0.020103

     C   20       -0.053274        0.429522       -0.106555
     C   20        0.429522        0.358188        0.544472
     C   20       -0.106555        0.544472       -0.304914

     H   21        0.330943        0.137095        0.292437
     H   21        0.137095       -0.375560       -0.073399
     H   21        0.292437       -0.073399        0.044618

     C   22       -0.518116       -0.005043        0.157894
     C   22       -0.005043        0.596732        0.191657
     C   22        0.157894        0.191657       -0.078616

     C   23        0.262663        0.666131       -0.237156
     C   23        0.666131        0.100987        0.160000
     C   23       -0.237156        0.160000       -0.363650

     Cl  24       -0.079300        1.680010       -0.211572
     Cl  24        1.680010        1.666791       -0.425870
     Cl  24       -0.211572       -0.425870       -1.587491

     ----- total EFG (symmetrized) -----
     Cl   1        0.318673       -1.818085       -0.098860
     Cl   1       -1.818085        1.100903       -0.824817
     Cl   1       -0.098860       -0.824817       -1.419576

     C    2        0.155325        0.139886       -0.025564
     C    2        0.139886        0.298425       -0.513347
     C    2       -0.025564       -0.513347       -0.453750

     C    3       -0.076570        0.106386       -0.182810
     C    3        0.106386        0.281469        0.073243
     C    3       -0.182810        0.073243       -0.204900

     H    4        0.375118       -0.102432        0.598759
     H    4       -0.102432       -0.226646        0.279335
     H    4        0.598759        0.279335       -0.148472

     C    5        0.281319        0.332862        0.053180
     C    5        0.332862        0.035723       -0.165930
     C    5        0.053180       -0.165930       -0.317043

     H    6       -0.146155       -0.270002        0.061412
     H    6       -0.270002        0.058522        0.612794
     H    6        0.061412        0.612794        0.087634

     H    7       -0.162987       -0.057820       -0.026574
     H    7       -0.057820        0.164381       -0.140605
     H    7       -0.026574       -0.140605       -0.001394

     C    8       -0.611290       -0.186945       -0.107869
     C    8       -0.186945        0.492527       -0.236968
     C    8       -0.107869       -0.236968        0.118763

     H    9        0.178375       -0.272604        0.139669
     H    9       -0.272604       -0.101276       -0.263129
     H    9        0.139669       -0.263129       -0.077099

     C   10        0.020155        0.413188       -0.117409
     C   10        0.413188        0.151051        0.408239
     C   10       -0.117409        0.408239       -0.171206

     C   11       -0.214526        0.052039        0.054302
     C   11        0.052039        0.266091        0.123364
     C   11        0.054302        0.123364       -0.051565

     Cl  12        1.096334        3.590681       -0.090482
     Cl  12        3.590681        1.623588        0.353723
     Cl  12       -0.090482        0.353723       -2.719922

     H   13       -0.085276        0.173170        0.051027
     H   13        0.173170        0.261003        0.069667
     H   13        0.051027        0.069667       -0.175727

     C   14       -0.461363        0.459494       -0.263629
     C   14        0.459494        0.678200       -0.018694
     C   14       -0.263629       -0.018694       -0.216838

     H   15        0.378298        0.348497        0.155424
     H   15        0.348497       -0.410746       -0.076871
     H   15        0.155424       -0.076871        0.032447

     C   16        0.196090        0.405946        0.147471
     C   16        0.405946        0.088669       -0.109998
     C   16        0.147471       -0.109998       -0.284758

     C   17       -0.381480        0.339737       -0.307106
     C   17        0.339737        0.639587        0.371610
     C   17       -0.307106        0.371610       -0.258107

     Cl  18       -0.180223       -1.809341        0.465162
     Cl  18       -1.809341       -0.684680        1.771363
     Cl  18        0.465162        1.771363        0.864903

     H   19       -0.034104       -0.076992       -0.008689
     H   19       -0.076992        0.054207       -0.604357
     H   19       -0.008689       -0.604357       -0.020103

     C   20       -0.053274        0.429522       -0.106555
     C   20        0.429522        0.358188        0.544472
     C   20       -0.106555        0.544472       -0.304914

     H   21        0.330943        0.137095        0.292437
     H   21        0.137095       -0.375560       -0.073399
     H   21        0.292437       -0.073399        0.044618

     C   22       -0.518116       -0.005043        0.157894
     C   22       -0.005043        0.596732        0.191657
     C   22        0.157894        0.191657       -0.078616

     C   23        0.262663        0.666131       -0.237156
     C   23        0.666131        0.100987        0.160000
     C   23       -0.237156        0.160000       -0.363650

     Cl  24       -0.079300        1.680010       -0.211572
     Cl  24        1.680010        1.666791       -0.425870
     Cl  24       -0.211572       -0.425870       -1.587491


     NQR/NMR SPECTROSCOPIC PARAMETERS:
     Cl   1    Vxx=   -0.7123    axis=(  0.688734  0.422598 -0.589115)
     Cl   1    Vyy=   -1.9415    axis=(  0.400858  0.455101  0.795108)
     Cl   1    Vzz=    2.6538    axis=(  0.604118 -0.783769  0.144042)
     Cl   1  Q=        -8.1650 1e-30 m^2  Cq=       -50.9126 MHz  eta= 0.46318

     C    2    Vxx=    0.1154    axis=(  0.954792 -0.240804  0.174315)
     C    2    Vyy=    0.6006    axis=(  0.293508  0.856669 -0.424229)
     C    2    Vzz=   -0.7159    axis=( -0.047174  0.456214  0.888619)
     C    2  Q=         1.0000 1e-30 m^2  Cq=        -1.6822 MHz  eta= 0.67769

     C    3    Vxx=    0.0458    axis=( -0.774845  0.159695  0.611647)
     C    3    Vyy=    0.3119    axis=( -0.240900 -0.969148 -0.052142)
     C    3    Vzz=   -0.3577    axis=(  0.584450 -0.187748  0.789410)
     C    3  Q=         1.0000 1e-30 m^2  Cq=        -0.8404 MHz  eta= 0.74383

     H    4    Vxx=   -0.0579    axis=(  0.339625 -0.855025 -0.391901)
     H    4    Vyy=   -0.7137    axis=(  0.450041  0.513601 -0.730532)
     H    4    Vzz=    0.7716    axis=(  0.825905  0.071735  0.559228)
     H    4  Q=         1.0000 1e-30 m^2  Cq=         1.8131 MHz  eta= 0.84986

     C    5    Vxx=   -0.0810    axis=( -0.509755  0.645638 -0.568596)
     C    5    Vyy=   -0.4357    axis=( -0.289877  0.493369  0.820096)
     C    5    Vzz=    0.5166    axis=( -0.810013 -0.582871  0.064342)
     C    5  Q=         1.0000 1e-30 m^2  Cq=         1.2138 MHz  eta= 0.68660

     H    6    Vxx=   -0.0585    axis=( -0.884478  0.190237 -0.426037)
     H    6    Vyy=   -0.6533    axis=( -0.432499 -0.676857  0.595658)
     H    6    Vzz=    0.7118    axis=( -0.175050  0.711108  0.680943)
     H    6  Q=         1.0000 1e-30 m^2  Cq=         1.6724 MHz  eta= 0.83562

     H    7    Vxx=   -0.0574    axis=( -0.424771  0.403151  0.810579)
     H    7    Vyy=   -0.1907    axis=(  0.900667  0.278664  0.333384)
     H    7    Vzz=    0.2481    axis=( -0.091475  0.871674 -0.481474)
     H    7  Q=         1.0000 1e-30 m^2  Cq=         0.5830 MHz  eta= 0.53731

     C    8    Vxx=    0.0502    axis=( -0.250972  0.372591  0.893414)
     C    8    Vyy=    0.6199    axis=( -0.102137  0.907609 -0.407203)
     C    8    Vzz=   -0.6701    axis=( -0.962591 -0.193447 -0.189729)
     C    8  Q=         1.0000 1e-30 m^2  Cq=        -1.5745 MHz  eta= 0.85006

     H    9    Vxx=   -0.0942    axis=(  0.657474  0.304204 -0.689339)
     H    9    Vyy=   -0.3777    axis=(  0.239649  0.782942  0.574082)
     H    9    Vzz=    0.4718    axis=( -0.714350  0.542644 -0.441862)
     H    9  Q=         1.0000 1e-30 m^2  Cq=         1.1087 MHz  eta= 0.60075

     C   10    Vxx=    0.0435    axis=(  0.714434 -0.153581 -0.682640)
     C   10    Vyy=    0.5914    axis=( -0.501798 -0.792375 -0.346900)
     C   10    Vzz=   -0.6350    axis=( -0.487630  0.590385 -0.643166)
     C   10  Q=         1.0000 1e-30 m^2  Cq=        -1.4919 MHz  eta= 0.86293

     C   11    Vxx=   -0.0854    axis=(  0.238259 -0.352870  0.904829)
     C   11    Vyy=   -0.2314    axis=(  0.963063 -0.034514 -0.267054)
     C   11    Vzz=    0.3168    axis=(  0.125465  0.935035  0.331613)
     C   11  Q=         1.0000 1e-30 m^2  Cq=         0.7444 MHz  eta= 0.46105

     Cl  12    Vxx=   -2.0916    axis=( -0.667510  0.603629  0.435961)
     Cl  12    Vyy=   -2.8738    axis=(  0.304042 -0.313501  0.899597)
     Cl  12    Vzz=    4.9654    axis=( -0.679697 -0.733041 -0.025737)
     Cl  12  Q=        -8.1650 1e-30 m^2  Cq=       -95.2585 MHz  eta= 0.15752

     H   13    Vxx=   -0.1473    axis=(  0.803512 -0.413818  0.427929)
     H   13    Vyy=   -0.1990    axis=(  0.455023 -0.036549 -0.889729)
     H   13    Vzz=    0.3462    axis=(  0.383827  0.909625  0.158929)
     H   13  Q=         1.0000 1e-30 m^2  Cq=         0.8135 MHz  eta= 0.14925

     C   14    Vxx=   -0.1133    axis=( -0.369568  0.235763  0.898797)
     C   14    Vyy=   -0.7379    axis=(  0.862033 -0.274092  0.426348)
     C   14    Vzz=    0.8512    axis=(  0.346870  0.932357 -0.101939)
     C   14  Q=         1.0000 1e-30 m^2  Cq=         2.0000 MHz  eta= 0.73369

     H   15    Vxx=    0.0313    axis=(  0.144798  0.279197 -0.949254)
     H   15    Vyy=    0.5386    axis=(  0.918708  0.318323  0.233764)
     H   15    Vzz=   -0.5699    axis=( -0.367436  0.905936  0.210408)
     H   15  Q=         1.0000 1e-30 m^2  Cq=        -1.3391 MHz  eta= 0.88999

     C   16    Vxx=   -0.0969    axis=( -0.447798  0.572629 -0.686712)
     C   16    Vyy=   -0.4568    axis=( -0.474123  0.499084  0.725343)
     C   16    Vzz=    0.5537    axis=( -0.758080 -0.650393 -0.048008)
     C   16  Q=         1.0000 1e-30 m^2  Cq=         1.3010 MHz  eta= 0.65010

     C   17    Vxx=   -0.0115    axis=(  0.673683  0.068456 -0.735843)
     C   17    Vyy=   -0.8056    axis=( -0.711951  0.327139 -0.621374)
     C   17    Vzz=    0.8171    axis=( -0.198186 -0.942493 -0.269125)
     C   17  Q=         1.0000 1e-30 m^2  Cq=         1.9199 MHz  eta= 0.97182

     Cl  18    Vxx=    0.7456    axis=(  0.769667 -0.241920  0.590836)
     Cl  18    Vyy=    2.2417    axis=(  0.337542 -0.631326 -0.698207)
     Cl  18    Vzz=   -2.9873    axis=(  0.541920  0.736819 -0.404253)
     Cl  18  Q=        -8.1650 1e-30 m^2  Cq=        57.3094 MHz  eta= 0.50084

     H   19    Vxx=   -0.0317    axis=( -0.991543  0.016721  0.128694)
     H   19    Vyy=   -0.5947    axis=(  0.105181  0.684418  0.721463)
     H   19    Vzz=    0.6264    axis=(  0.076017 -0.728898  0.680389)
     H   19  Q=         1.0000 1e-30 m^2  Cq=         1.4717 MHz  eta= 0.89885

     C   20    Vxx=   -0.0397    axis=(  0.818771 -0.113818 -0.562725)
     C   20    Vyy=   -0.7568    axis=( -0.431471  0.524613 -0.733904)
     C   20    Vzz=    0.7965    axis=(  0.378744  0.843698  0.380429)
     C   20  Q=         1.0000 1e-30 m^2  Cq=         1.8715 MHz  eta= 0.90019

     H   21    Vxx=   -0.0786    axis=( -0.439391 -0.401486  0.803582)
     H   21    Vyy=   -0.4417    axis=( -0.276832  0.911545  0.304057)
     H   21    Vzz=    0.5203    axis=( -0.854576 -0.088857 -0.511669)
     H   21  Q=         1.0000 1e-30 m^2  Cq=         1.2225 MHz  eta= 0.69781

     C   22    Vxx=   -0.0758    axis=(  0.327550 -0.256662  0.909305)
     C   22    Vyy=   -0.5726    axis=( -0.944320 -0.057181  0.324022)
     C   22    Vzz=    0.6484    axis=(  0.031169  0.964808  0.261101)
     C   22  Q=         1.0000 1e-30 m^2  Cq=         1.5236 MHz  eta= 0.76609

     C   23    Vxx=   -0.1455    axis=( -0.373884  0.505845  0.777388)
     C   23    Vyy=   -0.7117    axis=( -0.538157  0.564329 -0.626035)
     C   23    Vzz=    0.8572    axis=( -0.755379 -0.652421  0.061231)
     C   23  Q=         1.0000 1e-30 m^2  Cq=         2.0141 MHz  eta= 0.66058

     Cl  24    Vxx=   -1.0966    axis=(  0.857157 -0.509869  0.072907)
     Cl  24    Vyy=   -1.6423    axis=(  0.006475 -0.130874 -0.991378)
     Cl  24    Vzz=    2.7390    axis=(  0.515015  0.850238 -0.108878)
     Cl  24  Q=        -8.1650 1e-30 m^2  Cq=       -52.5455 MHz  eta= 0.19924

     Initialization:
     gipaw_setup  :      9.34s CPU     10.91s WALL (       1 calls)

     Linear response

     Apply operators

     Induced current

     Other routines
     efg          :      9.23s CPU     11.68s WALL (       1 calls)

     General routines
     calbec       :      3.23s CPU      4.37s WALL (      16 calls)
     fft          :      1.86s CPU      3.00s WALL (      15 calls)
     ffts         :      0.04s CPU      0.05s WALL (       2 calls)
     fftw         :      3.29s CPU      4.06s WALL (     672 calls)
     davcio       :      0.02s CPU      0.31s WALL (      32 calls)

     Parallel routines
     fft_scatter  :      2.58s CPU      4.26s WALL (     689 calls)

     Plugins

     GIPAW        :     61.55s CPU     74.89s WALL (       1 calls)
