
     Program QE v.6.0 (svn rev. 13079) starts on 14Jan2017 at  4:39:29 

     This program is part of the open-source Quantum ESPRESSO suite
     for quantum simulation of materials; please cite
         "P. Giannozzi et al., J. Phys.:Condens. Matter 21 395502 (2009);
          URL http://www.quantum-espresso.org", 
     in publications or presentations arising from this work. More details at
     http://www.quantum-espresso.org/quote

     Parallel version (MPI), running on     8 processors
     R & G space division:  proc/nbgrp/npool/nimage =       8

     ***** This is GIPAW svn revision unknown      *****

     Parallelizing q-star over 1 images

     Reading data from directory:
     /users/majewski/paradichlorobenzene/pbe/9_constraint/scratch/pbe.ecut100.np8.dt60.pcl2phi-129368.save
     Message from routine read_xml_file:
     file /users/majewski/paradichlorobenzene/pbe/9_constraint/scratch/pbe.ecut100.np8.dt60.pcl2phi-129368.save not guaranteed to be safe for post-processing

   Info: using nr1, nr2, nr3 values from input

   Info: using nr1, nr2, nr3 values from input

     IMPORTANT: XC functional enforced from input :
     Exchange-correlation      =  SLA  PW   PBX  PBC ( 1  4  3  4 0 0)
     Any further DFT definition will be discarded
     Please, verify this is what you really want

               file C.pbe-n-kjpaw_psl.1.0.0.UPF: wavefunction(s)  2S 2P renormalized
               file Cl.pbe-n-kjpaw_psl.1.0.0.UPF: wavefunction(s)  3S 3P renormalized
               file H.pbe-kjpaw_psl.1.0.0.UPF: wavefunction(s)  1S renormalized

     Parallelization info
     --------------------
     sticks:   dense  smooth     PW     G-vecs:    dense   smooth      PW
     Min        3057    1223    332               144436    36536    5170
     Max        3059    1225    333               144437    36537    5171
     Sum       24467    9791   2657              1155489   292295   41363


     Subspace diagonalization in iterative solution of the eigenvalue problem:
     a serial algorithm will be used

     GIPAW projectors -----------------------------------------------
     atom=  C    l=0  rc=    1.2000  rs=    0.8000
     atom=  C    l=0  rc=    1.2000  rs=    0.8000
     atom=  C    l=1  rc=    1.4000  rs=    0.9333
     atom=  C    l=1  rc=    1.4000  rs=    0.9333
     projs nearly linearly dependent: l=1  n1,n2= 1, 2  s=  0.99951561

     atom=  Cl   l=0  rc=    1.6000  rs=    1.0667
     atom=  Cl   l=0  rc=    1.6000  rs=    1.0667
     atom=  Cl   l=1  rc=    1.6000  rs=    1.0667
     atom=  Cl   l=1  rc=    1.6000  rs=    1.0667
     atom=  Cl   l=2  rc=    1.6000  rs=    1.0667
     atom=  Cl   l=2  rc=    1.6000  rs=    1.0667
     projs nearly linearly dependent: l=2  n1,n2= 1, 2  s=  0.99993509

     atom=  H    l=0  rc=    1.0000  rs=    0.6667
     atom=  H    l=0  rc=    1.0000  rs=    0.6667
     projs nearly linearly dependent: l=0  n1,n2= 1, 2  s=  0.99968852
     -----------------------------------------------------------------

     GIPAW integrals: -------------------------------------------
     Atom  i/j   nmr_para   nmr_dia   epr_rmc  epr_para   epr_dia
       C   1 1   0.83E+03  0.17E-01  0.93E+01  0.24E+08  0.24E+03
       C   2 1   0.86E+03 -0.61E-01  0.94E+01  0.25E+08  0.25E+03
       C   2 2   0.90E+03 -0.15E+00  0.97E+01  0.26E+08  0.26E+03
       C   3 3   0.33E+01  0.34E+00  0.18E+01  0.55E+03  0.21E+02
       C   4 3   0.35E+01  0.37E+00  0.20E+01  0.59E+03  0.22E+02
       C   4 4   0.38E+01  0.39E+00  0.22E+01  0.63E+03  0.24E+02
       Cl  1 1   0.14E+04 -0.47E+00  0.84E+01  0.32E+09  0.42E+03
       Cl  2 1   0.21E+04 -0.37E+00  0.12E+02  0.49E+09  0.65E+03
       Cl  2 2   0.33E+04 -0.16E+00  0.21E+02  0.76E+09  0.10E+04
       Cl  3 3   0.21E+02  0.79E-01  0.89E+01  0.23E+05  0.13E+03
       Cl  4 3   0.24E+02  0.67E-01  0.99E+01  0.27E+05  0.15E+03
       Cl  4 4   0.28E+02  0.44E-01  0.11E+02  0.32E+05  0.18E+03
       Cl  5 5   0.77E+00  0.19E+00  0.18E+01  0.12E+03  0.22E+02
       Cl  6 5   0.80E+00  0.19E+00  0.19E+01  0.12E+03  0.23E+02
       Cl  6 6   0.83E+00  0.20E+00  0.19E+01  0.12E+03  0.23E+02
       H   1 1   0.39E+02  0.19E+00  0.29E+00  0.78E+05  0.13E+02
       H   2 1   0.41E+02  0.21E+00  0.32E+00  0.82E+05  0.14E+02
       H   2 2   0.43E+02  0.22E+00  0.36E+00  0.86E+05  0.15E+02
     ------------------------------------------------------------

     alpha_pv=     33.7974 eV

     Number of occupied bands for each k-point:
     k-point:     1    nbnd_occ=  42
     k-point:     2    nbnd_occ=  42
     k-point:     3    nbnd_occ=  42
     k-point:     4    nbnd_occ=  42
     k-point:     5    nbnd_occ=  42
     k-point:     6    nbnd_occ=  42
     k-point:     7    nbnd_occ=  42
     k-point:     8    nbnd_occ=  42
     k-point:     9    nbnd_occ=  42
     k-point:    10    nbnd_occ=  42
     k-point:    11    nbnd_occ=  42
     k-point:    12    nbnd_occ=  42
     k-point:    13    nbnd_occ=  42
     k-point:    14    nbnd_occ=  42
     k-point:    15    nbnd_occ=  42
     k-point:    16    nbnd_occ=  42


     q-space interpolation up to   110.00 Rydberg

     GIPAW job: efg                                                                             


     ELECTRIC FIELD GRADIENTS TENSORS IN Hartree/bohrradius^2:

     ----- bare term -----
     Cl   1       -0.022040        0.096815       -0.008519
     Cl   1        0.096815        0.035290        0.015653
     Cl   1       -0.008519        0.015653       -0.013250

     C    2       -0.073769        0.123159       -0.223560
     C    2        0.123159       -0.397201       -0.453733
     C    2       -0.223560       -0.453733        0.470970

     C    3       -0.274954        0.356904       -0.306700
     C    3        0.356904       -0.197780       -0.394209
     C    3       -0.306700       -0.394209        0.472734

     H    4       -0.048769       -0.131719       -0.340441
     H    4       -0.131719        0.437986       -0.332310
     H    4       -0.340441       -0.332310       -0.389218

     C    5       -0.533970        0.110682       -0.332907
     C    5        0.110682        0.062363       -0.258183
     C    5       -0.332907       -0.258183        0.471608

     H    6       -0.103305        0.192877       -0.047446
     H    6        0.192877       -0.233122       -0.464857
     H    6       -0.047446       -0.464857        0.336427

     H    7        0.310685        0.128730       -0.178174
     H    7        0.128730       -0.325329        0.525995
     H    7       -0.178174        0.525995        0.014644

     C    8       -0.350104       -0.176937       -0.373951
     C    8       -0.176937       -0.063913        0.418462
     C    8       -0.373951        0.418462        0.414017

     H    9       -0.458600        0.279898       -0.439943
     H    9        0.279898        0.270938        0.191288
     H    9       -0.439943        0.191288        0.187663

     C   10       -0.173599       -0.396965       -0.300791
     C   10       -0.396965       -0.251140        0.485070
     C   10       -0.300791        0.485070        0.424739

     C   11       -0.067850        0.091800       -0.459911
     C   11        0.091800       -0.158755        0.537751
     C   11       -0.459911        0.537751        0.226605

     Cl  12       -0.080003       -0.072501       -0.017207
     Cl  12       -0.072501        0.031203        0.012100
     Cl  12       -0.017207        0.012100        0.048800

     H   13        0.245286        0.212088        0.041008
     H   13        0.212088       -0.486966       -0.457194
     H   13        0.041008       -0.457194        0.241680

     C   14       -0.139393       -0.176506       -0.468426
     C   14       -0.176506       -0.073378       -0.488310
     C   14       -0.468426       -0.488310        0.212770

     H   15        0.089971       -0.092042       -0.293174
     H   15       -0.092042        0.219541       -0.511587
     H   15       -0.293174       -0.511587       -0.309512

     C   16       -0.617450        0.338189       -0.401773
     C   16        0.338189        0.104002       -0.005493
     C   16       -0.401773       -0.005493        0.513447

     C   17        0.002168        0.167336       -0.114202
     C   17        0.167336       -0.553561       -0.321347
     C   17       -0.114202       -0.321347        0.551393

     Cl  18       -0.044842        0.115488       -0.021141
     Cl  18        0.115488        0.018698       -0.015715
     Cl  18       -0.021141       -0.015715        0.026144

     H   19        0.497080        0.023448        0.109714
     H   19        0.023448        0.001450        0.365231
     H   19        0.109714        0.365231       -0.498530

     C   20       -0.340230       -0.260602       -0.306411
     C   20       -0.260602       -0.142667        0.432284
     C   20       -0.306411        0.432284        0.482897

     H   21       -0.345569        0.149583       -0.549420
     H   21        0.149583        0.336363        0.142760
     H   21       -0.549420        0.142760        0.009207

     C   22       -0.167513       -0.176762       -0.255051
     C   22       -0.176762       -0.136396        0.635009
     C   22       -0.255051        0.635009        0.303910

     C   23       -0.200737       -0.118514       -0.357457
     C   23       -0.118514       -0.149951        0.499942
     C   23       -0.357457        0.499942        0.350689

     Cl  24       -0.020865        0.046288       -0.040908
     Cl  24        0.046288        0.049594        0.075694
     Cl  24       -0.040908        0.075694       -0.028730

     ----- ionic term -----
     Cl   1        0.125785       -0.224031        0.085572
     Cl   1       -0.224031        0.017634       -0.046310
     Cl   1        0.085572       -0.046310       -0.143419

     C    2        0.033390       -0.204263        0.351076
     C    2       -0.204263        0.227644        0.402467
     C    2        0.351076        0.402467       -0.261034

     C    3        0.051368       -0.238670        0.279739
     C    3       -0.238670        0.222551        0.380604
     C    3        0.279739        0.380604       -0.273920

     H    4        0.317132        0.321969        0.765986
     H    4        0.321969       -0.377907        0.339327
     H    4        0.765986        0.339327        0.060776

     C    5        0.229570       -0.221411        0.341481
     C    5       -0.221411        0.019416        0.265668
     C    5        0.341481        0.265668       -0.248986

     H    6       -0.482095       -0.163700       -0.085314
     H    6       -0.163700        0.564698        0.712432
     H    6       -0.085314        0.712432       -0.082603

     H    7       -0.494419       -0.172638        0.148679
     H    7       -0.172638        0.553221       -0.737706
     H    7        0.148679       -0.737706       -0.058802

     C    8        0.231330        0.183998        0.364900
     C    8        0.183998        0.048557       -0.277012
     C    8        0.364900       -0.277012       -0.279887

     H    9        0.723404       -0.437621        0.520362
     H    9       -0.437621       -0.363159       -0.245727
     H    9        0.520362       -0.245727       -0.360245

     C   10        0.112181        0.234357        0.196612
     C   10        0.234357        0.184796       -0.385628
     C   10        0.196612       -0.385628       -0.296977

     C   11        0.137819        0.191699        0.300354
     C   11        0.191699        0.045853       -0.456970
     C   11        0.300354       -0.456970       -0.183672

     Cl  12        0.147350        0.212642        0.000836
     Cl  12        0.212642       -0.008799       -0.005804
     Cl  12        0.000836       -0.005804       -0.138550

     H   13       -0.521149        0.017417        0.034038
     H   13        0.017417        0.695220        0.673997
     H   13        0.034038        0.673997       -0.174071

     C   14        0.195338       -0.160687        0.374603
     C   14       -0.160687        0.050505        0.271063
     C   14        0.374603        0.271063       -0.245843

     H   15        0.336030        0.369338        0.748164
     H   15        0.369338       -0.349144        0.351922
     H   15        0.748164        0.351922        0.013114

     C   16        0.107328       -0.234240        0.272564
     C   16       -0.234240        0.163076        0.328938
     C   16        0.272564        0.328938       -0.270404

     C   17        0.150601       -0.224721        0.322773
     C   17       -0.224721        0.121183        0.354638
     C   17        0.322773        0.354638       -0.271784

     Cl  18        0.148930       -0.215236        0.058720
     Cl  18       -0.215236       -0.005310       -0.029921
     Cl  18        0.058720       -0.029921       -0.143620

     H   19       -0.526702       -0.000220        0.009256
     H   19       -0.000220        0.365640       -0.796515
     H   19        0.009256       -0.796515        0.161062

     C   20        0.174360        0.181616        0.295473
     C   20        0.181616       -0.022680       -0.338185
     C   20        0.295473       -0.338185       -0.151680

     H   21        0.561980       -0.399940        0.671231
     H   21       -0.399940       -0.383705       -0.307779
     H   21        0.671231       -0.307779       -0.178274

     C   22        0.063876        0.179679        0.199111
     C   22        0.179679        0.193396       -0.454903
     C   22        0.199111       -0.454903       -0.257272

     C   23        0.127812        0.174572        0.310660
     C   23        0.174572        0.112912       -0.443843
     C   23        0.310660       -0.443843       -0.240724

     Cl  24        0.110796        0.214715        0.013314
     Cl  24        0.214715        0.023022        0.000498
     Cl  24        0.013314        0.000498       -0.133818

     ----- GIPAW term -----
     Cl   1       -0.816645       -1.030842       -0.325988
     Cl   1       -1.030842       -1.306160       -0.432263
     Cl   1       -0.325988       -0.432263        2.122804

     C    2       -0.002520       -0.090551        0.008377
     C    2       -0.090551       -0.130123       -0.014825
     C    2        0.008377       -0.014825        0.132643

     C    3       -0.069053        0.044673       -0.119999
     C    3        0.044673       -0.052227       -0.046194
     C    3       -0.119999       -0.046194        0.121280

     H    4       -0.000000        0.000000        0.000000
     H    4        0.000000        0.000000        0.000000
     H    4        0.000000        0.000000        0.000000

     C    5       -0.044325        0.039773        0.096113
     C    5        0.039773       -0.069453        0.012938
     C    5        0.096113        0.012938        0.113777

     H    6       -0.000000        0.000000        0.000000
     H    6        0.000000        0.000000        0.000000
     H    6        0.000000        0.000000        0.000000

     H    7       -0.000000        0.000000        0.000000
     H    7        0.000000        0.000000        0.000000
     H    7        0.000000        0.000000        0.000000

     C    8       -0.033096       -0.018779       -0.060901
     C    8       -0.018779       -0.030680        0.089846
     C    8       -0.060901        0.089846        0.063776

     H    9       -0.000000        0.000000        0.000000
     H    9        0.000000        0.000000        0.000000
     H    9        0.000000        0.000000        0.000000

     C   10       -0.049099       -0.097395       -0.143351
     C   10       -0.097395       -0.066705        0.128550
     C   10       -0.143351        0.128550        0.115803

     C   11        0.105174        0.164436       -0.112814
     C   11        0.164436       -0.038561        0.081427
     C   11       -0.112814        0.081427       -0.066613

     Cl  12        1.057198        2.102151       -0.159200
     Cl  12        2.102151        0.368571        0.072515
     Cl  12       -0.159200        0.072515       -1.425769

     H   13       -0.000000        0.000000        0.000000
     H   13        0.000000        0.000000        0.000000
     H   13        0.000000        0.000000        0.000000

     C   14        0.104702       -0.164105       -0.088944
     C   14       -0.164105       -0.044021       -0.092034
     C   14       -0.088944       -0.092034       -0.060680

     H   15       -0.000000        0.000000        0.000000
     H   15        0.000000        0.000000        0.000000
     H   15        0.000000        0.000000        0.000000

     C   16       -0.203277       -0.020035       -0.147985
     C   16       -0.020035        0.015410        0.173294
     C   16       -0.147985        0.173294        0.187868

     C   17       -0.067578       -0.039144        0.057763
     C   17       -0.039144       -0.163851        0.108257
     C   17        0.057763        0.108257        0.231429

     Cl  18       -0.806438       -0.933732        0.487013
     Cl  18       -0.933732       -1.212262        0.844426
     Cl  18        0.487013        0.844426        2.018700

     H   19       -0.000000        0.000000        0.000000
     H   19        0.000000        0.000000        0.000000
     H   19        0.000000        0.000000        0.000000

     C   20       -0.073475       -0.045727       -0.062701
     C   20       -0.045727       -0.087910        0.118189
     C   20       -0.062701        0.118189        0.161385

     H   21       -0.000000        0.000000        0.000000
     H   21        0.000000        0.000000        0.000000
     H   21        0.000000        0.000000        0.000000

     C   22       -0.113648       -0.001951       -0.053123
     C   22       -0.001951        0.064404        0.202659
     C   22       -0.053123        0.202659        0.049244

     C   23        0.020188        0.109648       -0.065762
     C   23        0.109648       -0.013450        0.113019
     C   23       -0.065762        0.113019       -0.006737

     Cl  24        1.069794        2.408108       -0.241071
     Cl  24        2.408108        0.556727        0.667815
     Cl  24       -0.241071        0.667815       -1.626521

     ----- total EFG -----
     Cl   1       -0.712899       -1.158059       -0.248934
     Cl   1       -1.158059       -1.253236       -0.462920
     Cl   1       -0.248934       -0.462920        1.966135

     C    2       -0.042899       -0.171654        0.135892
     C    2       -0.171654       -0.299680       -0.066090
     C    2        0.135892       -0.066090        0.342579

     C    3       -0.292638        0.162907       -0.146960
     C    3        0.162907       -0.027456       -0.059800
     C    3       -0.146960       -0.059800        0.320094

     H    4        0.268363        0.190250        0.425545
     H    4        0.190250        0.060079        0.007017
     H    4        0.425545        0.007017       -0.328442

     C    5       -0.348726       -0.070957        0.104687
     C    5       -0.070957        0.012326        0.020424
     C    5        0.104687        0.020424        0.336399

     H    6       -0.585400        0.029177       -0.132761
     H    6        0.029177        0.331576        0.247575
     H    6       -0.132761        0.247575        0.253824

     H    7       -0.183735       -0.043908       -0.029495
     H    7       -0.043908        0.227892       -0.211711
     H    7       -0.029495       -0.211711       -0.044157

     C    8       -0.151870       -0.011717       -0.069953
     C    8       -0.011717       -0.046035        0.231296
     C    8       -0.069953        0.231296        0.197906

     H    9        0.264803       -0.157723        0.080419
     H    9       -0.157723       -0.092221       -0.054439
     H    9        0.080419       -0.054439       -0.172582

     C   10       -0.110517       -0.260004       -0.247530
     C   10       -0.260004       -0.133049        0.227992
     C   10       -0.247530        0.227992        0.243566

     C   11        0.175142        0.447935       -0.272371
     C   11        0.447935       -0.151462        0.162207
     C   11       -0.272371        0.162207       -0.023680

     Cl  12        1.124545        2.242292       -0.175571
     Cl  12        2.242292        0.390975        0.078811
     Cl  12       -0.175571        0.078811       -1.515520

     H   13       -0.275863        0.229505        0.075045
     H   13        0.229505        0.208254        0.216802
     H   13        0.075045        0.216802        0.067610

     C   14        0.160647       -0.501298       -0.182767
     C   14       -0.501298       -0.066894       -0.309281
     C   14       -0.182767       -0.309281       -0.093753

     H   15        0.426001        0.277296        0.454990
     H   15        0.277296       -0.129604       -0.159665
     H   15        0.454990       -0.159665       -0.296398

     C   16       -0.713399        0.083914       -0.277194
     C   16        0.083914        0.282488        0.496738
     C   16       -0.277194        0.496738        0.430911

     C   17        0.085191       -0.096530        0.266334
     C   17       -0.096530       -0.596229        0.141548
     C   17        0.266334        0.141548        0.511038

     Cl  18       -0.702350       -1.033480        0.524592
     Cl  18       -1.033480       -1.198874        0.798790
     Cl  18        0.524592        0.798790        1.901224

     H   19       -0.029622        0.023228        0.118971
     H   19        0.023228        0.367090       -0.431284
     H   19        0.118971       -0.431284       -0.337468

     C   20       -0.239345       -0.124713       -0.073639
     C   20       -0.124713       -0.253257        0.212288
     C   20       -0.073639        0.212288        0.492603

     H   21        0.216410       -0.250357        0.121810
     H   21       -0.250357       -0.047342       -0.165019
     H   21        0.121810       -0.165019       -0.169068

     C   22       -0.217286        0.000967       -0.109063
     C   22        0.000967        0.121404        0.382764
     C   22       -0.109063        0.382764        0.095882

     C   23       -0.052737        0.165705       -0.112559
     C   23        0.165705       -0.050490        0.169117
     C   23       -0.112559        0.169117        0.103227

     Cl  24        1.159725        2.669111       -0.268664
     Cl  24        2.669111        0.629344        0.744007
     Cl  24       -0.268664        0.744007       -1.789068

     ----- total EFG (symmetrized) -----
     Cl   1       -0.712899       -1.158059       -0.248934
     Cl   1       -1.158059       -1.253236       -0.462920
     Cl   1       -0.248934       -0.462920        1.966135

     C    2       -0.042899       -0.171654        0.135892
     C    2       -0.171654       -0.299680       -0.066090
     C    2        0.135892       -0.066090        0.342579

     C    3       -0.292638        0.162907       -0.146960
     C    3        0.162907       -0.027456       -0.059800
     C    3       -0.146960       -0.059800        0.320094

     H    4        0.268363        0.190250        0.425545
     H    4        0.190250        0.060079        0.007017
     H    4        0.425545        0.007017       -0.328442

     C    5       -0.348726       -0.070957        0.104687
     C    5       -0.070957        0.012326        0.020424
     C    5        0.104687        0.020424        0.336399

     H    6       -0.585400        0.029177       -0.132761
     H    6        0.029177        0.331576        0.247575
     H    6       -0.132761        0.247575        0.253824

     H    7       -0.183735       -0.043908       -0.029495
     H    7       -0.043908        0.227892       -0.211711
     H    7       -0.029495       -0.211711       -0.044157

     C    8       -0.151870       -0.011717       -0.069953
     C    8       -0.011717       -0.046035        0.231296
     C    8       -0.069953        0.231296        0.197906

     H    9        0.264803       -0.157723        0.080419
     H    9       -0.157723       -0.092221       -0.054439
     H    9        0.080419       -0.054439       -0.172582

     C   10       -0.110517       -0.260004       -0.247530
     C   10       -0.260004       -0.133049        0.227992
     C   10       -0.247530        0.227992        0.243566

     C   11        0.175142        0.447935       -0.272371
     C   11        0.447935       -0.151462        0.162207
     C   11       -0.272371        0.162207       -0.023680

     Cl  12        1.124545        2.242292       -0.175571
     Cl  12        2.242292        0.390975        0.078811
     Cl  12       -0.175571        0.078811       -1.515520

     H   13       -0.275863        0.229505        0.075045
     H   13        0.229505        0.208254        0.216802
     H   13        0.075045        0.216802        0.067610

     C   14        0.160647       -0.501298       -0.182767
     C   14       -0.501298       -0.066894       -0.309281
     C   14       -0.182767       -0.309281       -0.093753

     H   15        0.426001        0.277296        0.454990
     H   15        0.277296       -0.129604       -0.159665
     H   15        0.454990       -0.159665       -0.296398

     C   16       -0.713399        0.083914       -0.277194
     C   16        0.083914        0.282488        0.496738
     C   16       -0.277194        0.496738        0.430911

     C   17        0.085191       -0.096530        0.266334
     C   17       -0.096530       -0.596229        0.141548
     C   17        0.266334        0.141548        0.511038

     Cl  18       -0.702350       -1.033480        0.524592
     Cl  18       -1.033480       -1.198874        0.798790
     Cl  18        0.524592        0.798790        1.901224

     H   19       -0.029622        0.023228        0.118971
     H   19        0.023228        0.367090       -0.431284
     H   19        0.118971       -0.431284       -0.337468

     C   20       -0.239345       -0.124713       -0.073639
     C   20       -0.124713       -0.253257        0.212288
     C   20       -0.073639        0.212288        0.492603

     H   21        0.216410       -0.250357        0.121810
     H   21       -0.250357       -0.047342       -0.165019
     H   21        0.121810       -0.165019       -0.169068

     C   22       -0.217286        0.000967       -0.109063
     C   22        0.000967        0.121404        0.382764
     C   22       -0.109063        0.382764        0.095882

     C   23       -0.052737        0.165705       -0.112559
     C   23        0.165705       -0.050490        0.169117
     C   23       -0.112559        0.169117        0.103227

     Cl  24        1.159725        2.669111       -0.268664
     Cl  24        2.669111        0.629344        0.744007
     Cl  24       -0.268664        0.744007       -1.789068


     NQR/NMR SPECTROSCOPIC PARAMETERS:
     Cl   1    Vxx=    0.2015    axis=(  0.789010 -0.612395 -0.049347)
     Cl   1    Vyy=    2.0345    axis=(  0.036387  0.126757 -0.991266)
     Cl   1    Vzz=   -2.2360    axis=(  0.613302  0.780323  0.122296)
     Cl   1  Q=        -8.1650 1e-30 m^2  Cq=        42.8960 MHz  eta= 0.81976

     C    2    Vxx=   -0.0199    axis=( -0.824478  0.414982  0.384741)
     C    2    Vyy=   -0.3857    axis=( -0.448617 -0.893720  0.002605)
     C    2    Vzz=    0.4056    axis=(  0.344932 -0.170454  0.923021)
     C    2  Q=         1.0000 1e-30 m^2  Cq=         0.9529 MHz  eta= 0.90179

     C    3    Vxx=    0.0097    axis=(  0.321928  0.889655  0.323846)
     C    3    Vyy=    0.3773    axis=( -0.264041 -0.244117  0.933107)
     C    3    Vzz=   -0.3870    axis=(  0.909200 -0.385902  0.156318)
     C    3  Q=         1.0000 1e-30 m^2  Cq=        -0.9094 MHz  eta= 0.94975

     H    4    Vxx=    0.0102    axis=(  0.234151 -0.932531  0.274882)
     H    4    Vyy=    0.5508    axis=(  0.847242  0.334400  0.412744)
     H    4    Vzz=   -0.5610    axis=( -0.476817  0.136247  0.868379)
     H    4  Q=         1.0000 1e-30 m^2  Cq=        -1.3181 MHz  eta= 0.96349

     C    5    Vxx=    0.0258    axis=(  0.186620 -0.982431  0.001700)
     C    5    Vyy=    0.3523    axis=( -0.144737 -0.029205 -0.989039)
     C    5    Vzz=   -0.3781    axis=(  0.971712  0.184328 -0.147644)
     C    5  Q=         1.0000 1e-30 m^2  Cq=        -0.8884 MHz  eta= 0.86368

     H    6    Vxx=    0.0639    axis=( -0.179181 -0.657455  0.731879)
     H    6    Vyy=    0.5470    axis=(  0.057972 -0.749682 -0.659254)
     H    6    Vzz=   -0.6110    axis=( -0.982107  0.075698 -0.172443)
     H    6  Q=         1.0000 1e-30 m^2  Cq=        -1.4355 MHz  eta= 0.79073

     H    7    Vxx=   -0.1238    axis=( -0.608127  0.352314  0.711376)
     H    7    Vyy=   -0.2209    axis=(  0.792476  0.321934  0.518016)
     H    7    Vzz=    0.3446    axis=( -0.046512  0.878768 -0.474977)
     H    7  Q=         1.0000 1e-30 m^2  Cq=         0.8098 MHz  eta= 0.28161

     C    8    Vxx=   -0.1444    axis=(  0.839116  0.514604 -0.176258)
     C    8    Vyy=   -0.2018    axis=( -0.527793  0.691862 -0.492708)
     C    8    Vzz=    0.3462    axis=( -0.131604  0.506467  0.852157)
     C    8  Q=         1.0000 1e-30 m^2  Cq=         0.8134 MHz  eta= 0.16596

     H    9    Vxx=   -0.1418    axis=(  0.399183  0.820689 -0.408806)
     H    9    Vyy=   -0.2001    axis=( -0.003061  0.447061  0.894498)
     H    9    Vzz=    0.3419    axis=(  0.916866 -0.355817  0.180971)
     H    9  Q=         1.0000 1e-30 m^2  Cq=         0.8033 MHz  eta= 0.17037

     C   10    Vxx=   -0.1495    axis=( -0.536042  0.538598 -0.650055)
     C   10    Vyy=   -0.3821    axis=( -0.698975 -0.714968 -0.015999)
     C   10    Vzz=    0.5316    axis=( -0.473385  0.445796  0.759719)
     C   10  Q=         1.0000 1e-30 m^2  Cq=         1.2490 MHz  eta= 0.43772

     C   11    Vxx=    0.0859    axis=( -0.030694  0.523760  0.851313)
     C   11    Vyy=    0.5251    axis=(  0.831505  0.486022 -0.269040)
     C   11    Vzz=   -0.6110    axis=( -0.554669  0.699613 -0.450427)
     C   11  Q=         1.0000 1e-30 m^2  Cq=        -1.4357 MHz  eta= 0.71872

     Cl  12    Vxx=   -1.3420    axis=( -0.449478  0.549564  0.704237)
     Cl  12    Vyy=   -1.6894    axis=(  0.465575 -0.528698  0.709731)
     Cl  12    Vzz=    3.0314    axis=( -0.762371 -0.646883  0.018225)
     Cl  12  Q=        -8.1650 1e-30 m^2  Cq=       -58.1551 MHz  eta= 0.11462

     H   13    Vxx=   -0.0729    axis=( -0.222340 -0.474998  0.851435)
     H   13    Vyy=   -0.3677    axis=( -0.924660  0.379637 -0.029670)
     H   13    Vzz=    0.4406    axis=( -0.309143 -0.793884 -0.523620)
     H   13  Q=         1.0000 1e-30 m^2  Cq=         1.0353 MHz  eta= 0.66893

     C   14    Vxx=    0.1171    axis=( -0.398063 -0.344519  0.850207)
     C   14    Vyy=    0.5656    axis=( -0.757677  0.645972 -0.092981)
     C   14    Vzz=   -0.6828    axis=( -0.517176 -0.681195 -0.518172)
     C   14  Q=         1.0000 1e-30 m^2  Cq=        -1.6042 MHz  eta= 0.65685

     H   15    Vxx=   -0.0329    axis=( -0.001119  0.854411 -0.519597)
     H   15    Vyy=   -0.6556    axis=( -0.441912  0.465686  0.766714)
     H   15    Vzz=    0.6885    axis=(  0.897058  0.230474  0.377053)
     H   15  Q=         1.0000 1e-30 m^2  Cq=         1.6177 MHz  eta= 0.90452

     C   16    Vxx=   -0.0579    axis=( -0.337024 -0.749162  0.570237)
     C   16    Vyy=   -0.8168    axis=( -0.936070  0.201701 -0.288251)
     C   16    Vzz=    0.8747    axis=( -0.100930  0.630930  0.769247)
     C   16  Q=         1.0000 1e-30 m^2  Cq=         2.0552 MHz  eta= 0.86770

     C   17    Vxx=   -0.0063    axis=(  0.888342 -0.239372 -0.391853)
     C   17    Vyy=   -0.6389    axis=( -0.189040 -0.968350  0.162980)
     C   17    Vzz=    0.6452    axis=(  0.418464  0.070706  0.905477)
     C   17  Q=         1.0000 1e-30 m^2  Cq=         1.5159 MHz  eta= 0.98053

     Cl  18    Vxx=    0.1092    axis=(  0.795020 -0.605445  0.037144)
     Cl  18    Vyy=    2.1237    axis=( -0.107355 -0.200709 -0.973751)
     Cl  18    Vzz=   -2.2329    axis=(  0.597007  0.770164 -0.224566)
     Cl  18  Q=        -8.1650 1e-30 m^2  Cq=        42.8372 MHz  eta= 0.90219

     H   19    Vxx=   -0.0055    axis=(  0.975617  0.137346  0.171192)
     H   19    Vyy=   -0.5677    axis=( -0.213531  0.413628  0.885052)
     H   19    Vzz=    0.5732    axis=(  0.050749 -0.900027  0.432870)
     H   19  Q=         1.0000 1e-30 m^2  Cq=         1.3468 MHz  eta= 0.98089

     C   20    Vxx=   -0.1763    axis=( -0.789625  0.554422 -0.262886)
     C   20    Vyy=   -0.3860    axis=(  0.599783  0.787805 -0.140087)
     C   20    Vzz=    0.5623    axis=( -0.129436  0.268290  0.954603)
     C   20  Q=         1.0000 1e-30 m^2  Cq=         1.3211 MHz  eta= 0.37289

     H   21    Vxx=   -0.1382    axis=( -0.590032 -0.546660  0.594159)
     H   21    Vyy=   -0.2904    axis=( -0.143832 -0.652970 -0.743601)
     H   21    Vzz=    0.4286    axis=(  0.794465 -0.524208  0.306646)
     H   21  Q=         1.0000 1e-30 m^2  Cq=         1.0071 MHz  eta= 0.35511

     C   22    Vxx=   -0.1674    axis=( -0.800735 -0.477204  0.362076)
     C   22    Vyy=   -0.3322    axis=( -0.589673  0.521595 -0.616624)
     C   22    Vzz=    0.4996    axis=(  0.105399 -0.707259 -0.699053)
     C   22  Q=         1.0000 1e-30 m^2  Cq=         1.1738 MHz  eta= 0.32987

     C   23    Vxx=    0.1010    axis=(  0.792241  0.531182 -0.300332)
     C   23    Vyy=    0.2123    axis=(  0.031291 -0.526897 -0.849353)
     C   23    Vzz=   -0.3133    axis=( -0.609405  0.663495 -0.434050)
     C   23  Q=         1.0000 1e-30 m^2  Cq=        -0.7362 MHz  eta= 0.35507

     Cl  24    Vxx=   -1.0662    axis=(  0.511123 -0.496851 -0.701350)
     Cl  24    Vyy=   -2.5276    axis=( -0.445824  0.544383 -0.710555)
     Cl  24    Vzz=    3.5939    axis=( -0.734843 -0.675860 -0.056738)
     Cl  24  Q=        -8.1650 1e-30 m^2  Cq=       -68.9462 MHz  eta= 0.40665

     Initialization:
     gipaw_setup  :      9.09s CPU     10.66s WALL (       1 calls)

     Linear response

     Apply operators

     Induced current

     Other routines
     efg          :      8.90s CPU     11.45s WALL (       1 calls)

     General routines
     calbec       :      3.16s CPU      4.15s WALL (      16 calls)
     fft          :      1.39s CPU      1.79s WALL (      15 calls)
     ffts         :      0.06s CPU      0.10s WALL (       2 calls)
     fftw         :      3.08s CPU      3.87s WALL (     672 calls)
     davcio       :      0.02s CPU      0.33s WALL (      32 calls)

     Parallel routines
     fft_scatter  :      1.88s CPU      2.88s WALL (     689 calls)

     Plugins

     GIPAW        :     61.72s CPU     72.41s WALL (       1 calls)
