
     Program QE v.6.0 (svn rev. 13079) starts on  4Jan2017 at 19: 2:27 

     This program is part of the open-source Quantum ESPRESSO suite
     for quantum simulation of materials; please cite
         "P. Giannozzi et al., J. Phys.:Condens. Matter 21 395502 (2009);
          URL http://www.quantum-espresso.org", 
     in publications or presentations arising from this work. More details at
     http://www.quantum-espresso.org/quote

     Parallel version (MPI), running on     8 processors
     R & G space division:  proc/nbgrp/npool/nimage =       8

     ***** This is GIPAW svn revision unknown      *****

     Parallelizing q-star over 1 images

     Reading data from directory:
     /users/majewski/paradichlorobenzene/pbe/9_constraint/scratch/pbe.ecut100.np8.dt60.pcl2phi-129368.save
     Message from routine read_xml_file:
     file /users/majewski/paradichlorobenzene/pbe/9_constraint/scratch/pbe.ecut100.np8.dt60.pcl2phi-129368.save not guaranteed to be safe for post-processing

   Info: using nr1, nr2, nr3 values from input

   Info: using nr1, nr2, nr3 values from input

     IMPORTANT: XC functional enforced from input :
     Exchange-correlation      =  SLA  PW   PBX  PBC ( 1  4  3  4 0 0)
     Any further DFT definition will be discarded
     Please, verify this is what you really want

               file C.pbe-n-kjpaw_psl.1.0.0.UPF: wavefunction(s)  2S 2P renormalized
               file Cl.pbe-n-kjpaw_psl.1.0.0.UPF: wavefunction(s)  3S 3P renormalized
               file H.pbe-kjpaw_psl.1.0.0.UPF: wavefunction(s)  1S renormalized

     Parallelization info
     --------------------
     sticks:   dense  smooth     PW     G-vecs:    dense   smooth      PW
     Min        3057    1223    332               144436    36536    5170
     Max        3059    1225    333               144437    36537    5171
     Sum       24467    9791   2657              1155489   292295   41363


     Subspace diagonalization in iterative solution of the eigenvalue problem:
     a serial algorithm will be used

     GIPAW projectors -----------------------------------------------
     atom=  C    l=0  rc=    1.2000  rs=    0.8000
     atom=  C    l=0  rc=    1.2000  rs=    0.8000
     atom=  C    l=1  rc=    1.4000  rs=    0.9333
     atom=  C    l=1  rc=    1.4000  rs=    0.9333
     projs nearly linearly dependent: l=1  n1,n2= 1, 2  s=  0.99951561

     atom=  Cl   l=0  rc=    1.6000  rs=    1.0667
     atom=  Cl   l=0  rc=    1.6000  rs=    1.0667
     atom=  Cl   l=1  rc=    1.6000  rs=    1.0667
     atom=  Cl   l=1  rc=    1.6000  rs=    1.0667
     atom=  Cl   l=2  rc=    1.6000  rs=    1.0667
     atom=  Cl   l=2  rc=    1.6000  rs=    1.0667
     projs nearly linearly dependent: l=2  n1,n2= 1, 2  s=  0.99993509

     atom=  H    l=0  rc=    1.0000  rs=    0.6667
     atom=  H    l=0  rc=    1.0000  rs=    0.6667
     projs nearly linearly dependent: l=0  n1,n2= 1, 2  s=  0.99968852
     -----------------------------------------------------------------

     GIPAW integrals: -------------------------------------------
     Atom  i/j   nmr_para   nmr_dia   epr_rmc  epr_para   epr_dia
       C   1 1   0.83E+03  0.17E-01  0.93E+01  0.24E+08  0.24E+03
       C   2 1   0.86E+03 -0.61E-01  0.94E+01  0.25E+08  0.25E+03
       C   2 2   0.90E+03 -0.15E+00  0.97E+01  0.26E+08  0.26E+03
       C   3 3   0.33E+01  0.34E+00  0.18E+01  0.55E+03  0.21E+02
       C   4 3   0.35E+01  0.37E+00  0.20E+01  0.59E+03  0.22E+02
       C   4 4   0.38E+01  0.39E+00  0.22E+01  0.63E+03  0.24E+02
       Cl  1 1   0.14E+04 -0.47E+00  0.84E+01  0.32E+09  0.42E+03
       Cl  2 1   0.21E+04 -0.37E+00  0.12E+02  0.49E+09  0.65E+03
       Cl  2 2   0.33E+04 -0.16E+00  0.21E+02  0.76E+09  0.10E+04
       Cl  3 3   0.21E+02  0.79E-01  0.89E+01  0.23E+05  0.13E+03
       Cl  4 3   0.24E+02  0.67E-01  0.99E+01  0.27E+05  0.15E+03
       Cl  4 4   0.28E+02  0.44E-01  0.11E+02  0.32E+05  0.18E+03
       Cl  5 5   0.77E+00  0.19E+00  0.18E+01  0.12E+03  0.22E+02
       Cl  6 5   0.80E+00  0.19E+00  0.19E+01  0.12E+03  0.23E+02
       Cl  6 6   0.83E+00  0.20E+00  0.19E+01  0.12E+03  0.23E+02
       H   1 1   0.39E+02  0.19E+00  0.29E+00  0.78E+05  0.13E+02
       H   2 1   0.41E+02  0.21E+00  0.32E+00  0.82E+05  0.14E+02
       H   2 2   0.43E+02  0.22E+00  0.36E+00  0.86E+05  0.15E+02
     ------------------------------------------------------------

     alpha_pv=     34.4453 eV

     Number of occupied bands for each k-point:
     k-point:     1    nbnd_occ=  42
     k-point:     2    nbnd_occ=  42
     k-point:     3    nbnd_occ=  42
     k-point:     4    nbnd_occ=  42
     k-point:     5    nbnd_occ=  42
     k-point:     6    nbnd_occ=  42
     k-point:     7    nbnd_occ=  42
     k-point:     8    nbnd_occ=  42
     k-point:     9    nbnd_occ=  42
     k-point:    10    nbnd_occ=  42
     k-point:    11    nbnd_occ=  42
     k-point:    12    nbnd_occ=  42
     k-point:    13    nbnd_occ=  42
     k-point:    14    nbnd_occ=  42
     k-point:    15    nbnd_occ=  42
     k-point:    16    nbnd_occ=  42


     q-space interpolation up to   110.00 Rydberg

     GIPAW job: efg                                                                             


     ELECTRIC FIELD GRADIENTS TENSORS IN Hartree/bohrradius^2:

     ----- bare term -----
     Cl   1       -0.004346        0.014734       -0.046896
     Cl   1        0.014734        0.090039       -0.030764
     Cl   1       -0.046896       -0.030764       -0.085694

     C    2       -0.746963        0.506650       -0.343998
     C    2        0.506650        0.263877       -0.051070
     C    2       -0.343998       -0.051070        0.483086

     C    3        0.326342        0.112558       -0.049850
     C    3        0.112558       -0.265921       -0.492987
     C    3       -0.049850       -0.492987       -0.060421

     H    4        0.101539        0.056964       -0.447770
     H    4        0.056964        0.015608        0.253524
     H    4       -0.447770        0.253524       -0.117146

     C    5       -0.820652        0.354874       -0.332709
     C    5        0.354874        0.313981       -0.087686
     C    5       -0.332709       -0.087686        0.506671

     H    6        0.502117        0.071608       -0.123959
     H    6        0.071608       -0.318285       -0.371588
     H    6       -0.123959       -0.371588       -0.183832

     H    7        0.148035        0.471873        0.111767
     H    7        0.471873       -0.509686       -0.019776
     H    7        0.111767       -0.019776        0.361652

     C    8       -0.001566       -0.305881       -0.029844
     C    8       -0.305881       -0.291072        0.245408
     C    8       -0.029844        0.245408        0.292638

     H    9       -0.493468        0.406896        0.172650
     H    9        0.406896        0.246764       -0.065189
     H    9        0.172650       -0.065189        0.246704

     C   10       -0.138176       -0.038475       -0.039578
     C   10       -0.038475       -0.051189        0.108530
     C   10       -0.039578        0.108530        0.189365

     C   11        0.017250        0.034867       -0.054788
     C   11        0.034867       -0.008507        0.289618
     C   11       -0.054788        0.289618       -0.008742

     Cl  12        0.036322       -0.162518        0.003191
     Cl  12       -0.162518        0.088376       -0.145089
     Cl  12        0.003191       -0.145089       -0.124698

     H   13        0.430576        0.032934        0.070475
     H   13        0.032934       -0.264260       -0.616941
     H   13        0.070475       -0.616941       -0.166315

     C   14        0.001390       -0.136470       -0.259818
     C   14       -0.136470       -0.210878       -0.429373
     C   14       -0.259818       -0.429373        0.209488

     H   15        0.092061       -0.052699       -0.243421
     H   15       -0.052699        0.262077       -0.470241
     H   15       -0.243421       -0.470241       -0.354138

     C   16       -0.601549        0.371582       -0.396421
     C   16        0.371582        0.198073       -0.005198
     C   16       -0.396421       -0.005198        0.403476

     C   17        0.068424       -0.106689       -0.246018
     C   17       -0.106689       -0.379090       -0.412502
     C   17       -0.246018       -0.412502        0.310666

     Cl  18       -0.175214        0.289108        0.212782
     Cl  18        0.289108        0.121963        0.046445
     Cl  18        0.212782        0.046445        0.053251

     H   19        0.251762       -0.068945       -0.325933
     H   19       -0.068945       -0.258753        0.436263
     H   19       -0.325933        0.436263        0.006991

     C   20       -0.601074       -0.324723       -0.120405
     C   20       -0.324723        0.305396        0.259015
     C   20       -0.120405        0.259015        0.295678

     H   21       -0.316279       -0.109518       -0.468864
     H   21       -0.109518       -0.004369        0.202570
     H   21       -0.468864        0.202570        0.320649

     C   22        0.106291       -0.280882       -0.065004
     C   22       -0.280882       -0.166894        0.575602
     C   22       -0.065004        0.575602        0.060603

     C   23       -0.449885       -0.359816       -0.461262
     C   23       -0.359816        0.240876        0.077737
     C   23       -0.461262        0.077737        0.209009

     Cl  24       -0.044697       -0.144896        0.061036
     Cl  24       -0.144896        0.023458       -0.088551
     Cl  24        0.061036       -0.088551        0.021239

     ----- ionic term -----
     Cl   1        0.185063       -0.235887        0.035813
     Cl   1       -0.235887       -0.029213       -0.015934
     Cl   1        0.035813       -0.015934       -0.155850

     C    2        0.159227       -0.257894        0.338529
     C    2       -0.257894       -0.000537        0.396446
     C    2        0.338529        0.396446       -0.158690

     C    3        0.042558       -0.375047        0.227698
     C    3       -0.375047        0.160145        0.376736
     C    3        0.227698        0.376736       -0.202703

     H    4        0.361078        0.194983        0.762362
     H    4        0.194983       -0.441319        0.246080
     H    4        0.762362        0.246080        0.080241

     C    5        0.158453       -0.352454        0.331240
     C    5       -0.352454        0.060758        0.234942
     C    5        0.331240        0.234942       -0.219211

     H    6       -0.536388        0.027234        0.060741
     H    6        0.027234        0.505600        0.762188
     H    6        0.060741        0.762188        0.030788

     H    7       -0.500423       -0.209279        0.084536
     H    7       -0.209279        0.799247       -0.609665
     H    7        0.084536       -0.609665       -0.298823

     C    8        0.371050        0.189560        0.154967
     C    8        0.189560        0.068682       -0.311832
     C    8        0.154967       -0.311832       -0.439732

     H    9        0.837703       -0.258682        0.543910
     H    9       -0.258682       -0.500794       -0.188539
     H    9        0.543910       -0.188539       -0.336909

     C   10        0.198811        0.209398        0.113773
     C   10        0.209398        0.166862       -0.459066
     C   10        0.113773       -0.459066       -0.365674

     C   11        0.175309        0.117090        0.174327
     C   11        0.117090        0.182779       -0.454434
     C   11        0.174327       -0.454434       -0.358088

     Cl  12        0.073707        0.192913       -0.030604
     Cl  12        0.192913        0.077766       -0.034610
     Cl  12       -0.030604       -0.034610       -0.151474

     H   13       -0.523417        0.110391        0.062771
     H   13        0.110391        0.470594        0.766381
     H   13        0.062771        0.766381        0.052823

     C   14        0.174967       -0.179823        0.337044
     C   14       -0.179823        0.000005        0.311921
     C   14        0.337044        0.311921       -0.174973

     H   15        0.327642        0.242500        0.790958
     H   15        0.242500       -0.425096        0.286437
     H   15        0.790958        0.286437        0.097454

     C   16        0.011232       -0.259839        0.219908
     C   16       -0.259839        0.224742        0.399746
     C   16        0.219908        0.399746       -0.235974

     C   17       -0.016345       -0.309448        0.320777
     C   17       -0.309448        0.245446        0.302923
     C   17        0.320777        0.302923       -0.229101

     Cl  18        0.045548       -0.199835        0.048399
     Cl  18       -0.199835        0.109700       -0.036963
     Cl  18        0.048399       -0.036963       -0.155247

     H   19       -0.462224       -0.292441        0.130210
     H   19       -0.292441        0.764091       -0.601851
     H   19        0.130210       -0.601851       -0.301867

     C   20        0.313263        0.146984        0.124499
     C   20        0.146984        0.112113       -0.331260
     C   20        0.124499       -0.331260       -0.425376

     H   21        0.701682       -0.308809        0.631676
     H   21       -0.308809       -0.417846       -0.240684
     H   21        0.631676       -0.240684       -0.283836

     C   22        0.155778        0.207566        0.095767
     C   22        0.207566        0.220135       -0.455415
     C   22        0.095767       -0.455415       -0.375913

     C   23        0.317082        0.161634        0.175867
     C   23        0.161634        0.087523       -0.401185
     C   23        0.175867       -0.401185       -0.404605

     Cl  24        0.147302        0.222339       -0.037353
     Cl  24        0.222339       -0.009066       -0.035293
     Cl  24       -0.037353       -0.035293       -0.138236

     ----- GIPAW term -----
     Cl   1       -0.020719       -1.831912       -0.171688
     Cl   1       -1.831912        2.522122       -0.699706
     Cl   1       -0.171688       -0.699706       -2.501402

     C    2       -0.125184        0.015421       -0.023881
     C    2        0.015421        0.183523        0.059596
     C    2       -0.023881        0.059596       -0.058339

     C    3       -0.018044        0.014515        0.013723
     C    3        0.014515        0.115434        0.013053
     C    3        0.013723        0.013053       -0.097390

     H    4       -0.000000        0.000000        0.000000
     H    4        0.000000        0.000000        0.000000
     H    4        0.000000        0.000000        0.000000

     C    5       -0.133869       -0.031635       -0.021263
     C    5       -0.031635        0.165056        0.032786
     C    5       -0.021263        0.032786       -0.031187

     H    6       -0.000000        0.000000        0.000000
     H    6        0.000000        0.000000        0.000000
     H    6        0.000000        0.000000        0.000000

     H    7       -0.000000        0.000000        0.000000
     H    7        0.000000        0.000000        0.000000
     H    7        0.000000        0.000000        0.000000

     C    8        0.057271       -0.137262       -0.039301
     C    8       -0.137262       -0.012981        0.080683
     C    8       -0.039301        0.080683       -0.044290

     H    9       -0.000000        0.000000        0.000000
     H    9        0.000000        0.000000        0.000000
     H    9        0.000000        0.000000        0.000000

     C   10       -0.018019       -0.031293       -0.049297
     C   10       -0.031293        0.008820        0.041215
     C   10       -0.049297        0.041215        0.009199

     C   11       -0.002595        0.010097       -0.023737
     C   11        0.010097        0.021803        0.061190
     C   11       -0.023737        0.061190       -0.019208

     Cl  12       -0.712022        0.587836       -0.281260
     Cl  12        0.587836       -0.821681        1.018491
     Cl  12       -0.281260        1.018491        1.533703

     H   13       -0.000000        0.000000        0.000000
     H   13        0.000000        0.000000        0.000000
     H   13        0.000000        0.000000        0.000000

     C   14       -0.079841       -0.082032       -0.051998
     C   14       -0.082032        0.075444        0.091772
     C   14       -0.051998        0.091772        0.004397

     H   15       -0.000000        0.000000        0.000000
     H   15        0.000000        0.000000        0.000000
     H   15        0.000000        0.000000        0.000000

     C   16       -0.129182       -0.068693       -0.137654
     C   16       -0.068693        0.089998        0.155679
     C   16       -0.137654        0.155679        0.039183

     C   17       -0.078135       -0.111826       -0.034544
     C   17       -0.111826        0.021690        0.176723
     C   17       -0.034544        0.176723        0.056445

     Cl  18        0.014484        0.008947       -1.367151
     Cl  18        0.008947       -0.923090       -0.296199
     Cl  18       -1.367151       -0.296199        0.908606

     H   19       -0.000000        0.000000        0.000000
     H   19        0.000000        0.000000        0.000000
     H   19        0.000000        0.000000        0.000000

     C   20       -0.171648       -0.005378        0.016432
     C   20       -0.005378        0.175387        0.153082
     C   20        0.016432        0.153082       -0.003739

     H   21       -0.000000        0.000000        0.000000
     H   21        0.000000        0.000000        0.000000
     H   21        0.000000        0.000000        0.000000

     C   22       -0.093056       -0.090783        0.022788
     C   22       -0.090783        0.235641       -0.018594
     C   22        0.022788       -0.018594       -0.142585

     C   23       -0.023467       -0.134591       -0.035426
     C   23       -0.134591        0.151115       -0.027237
     C   23       -0.035426       -0.027237       -0.127648

     Cl  24        0.611164       -0.268115        1.170378
     Cl  24       -0.268115        0.793429       -1.631354
     Cl  24        1.170378       -1.631354       -1.404593

     ----- total EFG -----
     Cl   1        0.159998       -2.053065       -0.182771
     Cl   1       -2.053065        2.582948       -0.746405
     Cl   1       -0.182771       -0.746405       -2.742946

     C    2       -0.712920        0.264176       -0.029350
     C    2        0.264176        0.446863        0.404972
     C    2       -0.029350        0.404972        0.266057

     C    3        0.350856       -0.247974        0.191571
     C    3       -0.247974        0.009658       -0.103198
     C    3        0.191571       -0.103198       -0.360514

     H    4        0.462617        0.251947        0.314591
     H    4        0.251947       -0.425711        0.499604
     H    4        0.314591        0.499604       -0.036905

     C    5       -0.796068       -0.029215       -0.022731
     C    5       -0.029215        0.539795        0.180042
     C    5       -0.022731        0.180042        0.256273

     H    6       -0.034271        0.098842       -0.063219
     H    6        0.098842        0.187315        0.390600
     H    6       -0.063219        0.390600       -0.153044

     H    7       -0.352389        0.262595        0.196303
     H    7        0.262595        0.289560       -0.629440
     H    7        0.196303       -0.629440        0.062829

     C    8        0.426755       -0.253583        0.085822
     C    8       -0.253583       -0.235371        0.014259
     C    8        0.085822        0.014259       -0.191384

     H    9        0.344235        0.148214        0.716560
     H    9        0.148214       -0.254030       -0.253728
     H    9        0.716560       -0.253728       -0.090205

     C   10        0.042616        0.139629        0.024898
     C   10        0.139629        0.124493       -0.309321
     C   10        0.024898       -0.309321       -0.167109

     C   11        0.189964        0.162054        0.095802
     C   11        0.162054        0.196075       -0.103626
     C   11        0.095802       -0.103626       -0.386039

     Cl  12       -0.601993        0.618231       -0.308674
     Cl  12        0.618231       -0.655539        0.838792
     Cl  12       -0.308674        0.838792        1.257531

     H   13       -0.092842        0.143325        0.133246
     H   13        0.143325        0.206334        0.149440
     H   13        0.133246        0.149440       -0.113492

     C   14        0.096517       -0.398324        0.025228
     C   14       -0.398324       -0.135428       -0.025680
     C   14        0.025228       -0.025680        0.038912

     H   15        0.419703        0.189801        0.547537
     H   15        0.189801       -0.163020       -0.183804
     H   15        0.547537       -0.183804       -0.256683

     C   16       -0.719499        0.043050       -0.314167
     C   16        0.043050        0.512813        0.550227
     C   16       -0.314167        0.550227        0.206686

     C   17       -0.026057       -0.527963        0.040215
     C   17       -0.527963       -0.111954        0.067144
     C   17        0.040215        0.067144        0.138011

     Cl  18       -0.115182        0.098220       -1.105970
     Cl  18        0.098220       -0.691427       -0.286717
     Cl  18       -1.105970       -0.286717        0.806609

     H   19       -0.210462       -0.361385       -0.195723
     H   19       -0.361385        0.505338       -0.165588
     H   19       -0.195723       -0.165588       -0.294876

     C   20       -0.459459       -0.183116        0.020526
     C   20       -0.183116        0.592896        0.080837
     C   20        0.020526        0.080837       -0.133437

     H   21        0.385403       -0.418327        0.162813
     H   21       -0.418327       -0.422215       -0.038114
     H   21        0.162813       -0.038114        0.036813

     C   22        0.169013       -0.164100        0.053550
     C   22       -0.164100        0.288882        0.101593
     C   22        0.053550        0.101593       -0.457896

     C   23       -0.156270       -0.332773       -0.320822
     C   23       -0.332773        0.479514       -0.350685
     C   23       -0.320822       -0.350685       -0.323244

     Cl  24        0.713769       -0.190673        1.194061
     Cl  24       -0.190673        0.807821       -1.755198
     Cl  24        1.194061       -1.755198       -1.521590

     ----- total EFG (symmetrized) -----
     Cl   1        0.159998       -2.053065       -0.182771
     Cl   1       -2.053065        2.582948       -0.746405
     Cl   1       -0.182771       -0.746405       -2.742946

     C    2       -0.712920        0.264176       -0.029350
     C    2        0.264176        0.446863        0.404972
     C    2       -0.029350        0.404972        0.266057

     C    3        0.350856       -0.247974        0.191571
     C    3       -0.247974        0.009658       -0.103198
     C    3        0.191571       -0.103198       -0.360514

     H    4        0.462617        0.251947        0.314591
     H    4        0.251947       -0.425711        0.499604
     H    4        0.314591        0.499604       -0.036905

     C    5       -0.796068       -0.029215       -0.022731
     C    5       -0.029215        0.539795        0.180042
     C    5       -0.022731        0.180042        0.256273

     H    6       -0.034271        0.098842       -0.063219
     H    6        0.098842        0.187315        0.390600
     H    6       -0.063219        0.390600       -0.153044

     H    7       -0.352389        0.262595        0.196303
     H    7        0.262595        0.289560       -0.629440
     H    7        0.196303       -0.629440        0.062829

     C    8        0.426755       -0.253583        0.085822
     C    8       -0.253583       -0.235371        0.014259
     C    8        0.085822        0.014259       -0.191384

     H    9        0.344235        0.148214        0.716560
     H    9        0.148214       -0.254030       -0.253728
     H    9        0.716560       -0.253728       -0.090205

     C   10        0.042616        0.139629        0.024898
     C   10        0.139629        0.124493       -0.309321
     C   10        0.024898       -0.309321       -0.167109

     C   11        0.189964        0.162054        0.095802
     C   11        0.162054        0.196075       -0.103626
     C   11        0.095802       -0.103626       -0.386039

     Cl  12       -0.601993        0.618231       -0.308674
     Cl  12        0.618231       -0.655539        0.838792
     Cl  12       -0.308674        0.838792        1.257531

     H   13       -0.092842        0.143325        0.133246
     H   13        0.143325        0.206334        0.149440
     H   13        0.133246        0.149440       -0.113492

     C   14        0.096517       -0.398324        0.025228
     C   14       -0.398324       -0.135428       -0.025680
     C   14        0.025228       -0.025680        0.038912

     H   15        0.419703        0.189801        0.547537
     H   15        0.189801       -0.163020       -0.183804
     H   15        0.547537       -0.183804       -0.256683

     C   16       -0.719499        0.043050       -0.314167
     C   16        0.043050        0.512813        0.550227
     C   16       -0.314167        0.550227        0.206686

     C   17       -0.026057       -0.527963        0.040215
     C   17       -0.527963       -0.111954        0.067144
     C   17        0.040215        0.067144        0.138011

     Cl  18       -0.115182        0.098220       -1.105970
     Cl  18        0.098220       -0.691427       -0.286717
     Cl  18       -1.105970       -0.286717        0.806609

     H   19       -0.210462       -0.361385       -0.195723
     H   19       -0.361385        0.505338       -0.165588
     H   19       -0.195723       -0.165588       -0.294876

     C   20       -0.459459       -0.183116        0.020526
     C   20       -0.183116        0.592896        0.080837
     C   20        0.020526        0.080837       -0.133437

     H   21        0.385403       -0.418327        0.162813
     H   21       -0.418327       -0.422215       -0.038114
     H   21        0.162813       -0.038114        0.036813

     C   22        0.169013       -0.164100        0.053550
     C   22       -0.164100        0.288882        0.101593
     C   22        0.053550        0.101593       -0.457896

     C   23       -0.156270       -0.332773       -0.320822
     C   23       -0.332773        0.479514       -0.350685
     C   23       -0.320822       -0.350685       -0.323244

     Cl  24        0.713769       -0.190673        1.194061
     Cl  24       -0.190673        0.807821       -1.755198
     Cl  24        1.194061       -1.755198       -1.521590


     NQR/NMR SPECTROSCOPIC PARAMETERS:
     Cl   1    Vxx=   -0.8684    axis=(  0.853156  0.450714 -0.262642)
     Cl   1    Vyy=   -2.9349    axis=(  0.189866  0.200652  0.961088)
     Cl   1    Vzz=    3.8032    axis=(  0.485876 -0.869825  0.085613)
     Cl   1  Q=        -8.1650 1e-30 m^2  Cq=       -72.9631 MHz  eta= 0.54336

     C    2    Vxx=   -0.0111    axis=( -0.243809 -0.559717  0.792007)
     C    2    Vyy=   -0.7843    axis=( -0.961481  0.246385 -0.121857)
     C    2    Vzz=    0.7954    axis=( -0.126933 -0.791209 -0.598228)
     C    2  Q=         1.0000 1e-30 m^2  Cq=         1.8690 MHz  eta= 0.97208

     C    3    Vxx=   -0.1207    axis=(  0.467587  0.883921 -0.006851)
     C    3    Vyy=   -0.4134    axis=(  0.205782 -0.116388 -0.971652)
     C    3    Vzz=    0.5342    axis=( -0.859661  0.452922 -0.236316)
     C    3  Q=         1.0000 1e-30 m^2  Cq=         1.2551 MHz  eta= 0.54801

     H    4    Vxx=   -0.0254    axis=( -0.634554  0.414625  0.652247)
     H    4    Vyy=   -0.7683    axis=( -0.028097  0.830987 -0.555582)
     H    4    Vzz=    0.7936    axis=(  0.772367  0.370873  0.515657)
     H    4  Q=         1.0000 1e-30 m^2  Cq=         1.8647 MHz  eta= 0.93606

     C    5    Vxx=    0.1689    axis=( -0.007947 -0.437226  0.899317)
     C    5    Vyy=    0.6281    axis=( -0.025418  0.899143  0.436917)
     C    5    Vzz=   -0.7970    axis=( -0.999645 -0.019387 -0.018259)
     C    5  Q=         1.0000 1e-30 m^2  Cq=        -1.8727 MHz  eta= 0.57608

     H    6    Vxx=   -0.0106    axis=(  0.960729  0.056405 -0.271693)
     H    6    Vyy=   -0.4375    axis=( -0.258107  0.541137 -0.800344)
     H    6    Vzz=    0.4481    axis=(  0.101880  0.839041  0.534445)
     H    6  Q=         1.0000 1e-30 m^2  Cq=         1.0529 MHz  eta= 0.95274

     H    7    Vxx=   -0.0877    axis=(  0.760648  0.365553  0.536456)
     H    7    Vyy=   -0.7332    axis=(  0.645499 -0.513606 -0.565279)
     H    7    Vzz=    0.8210    axis=( -0.068888 -0.776260  0.626638)
     H    7  Q=         1.0000 1e-30 m^2  Cq=         1.9290 MHz  eta= 0.78624

     C    8    Vxx=   -0.1872    axis=(  0.005233 -0.309180 -0.950989)
     C    8    Vyy=   -0.3338    axis=( -0.332009 -0.897594  0.289993)
     C    8    Vzz=    0.5210    axis=(  0.943262 -0.314219  0.107348)
     C    8  Q=         1.0000 1e-30 m^2  Cq=         1.2241 MHz  eta= 0.28130

     H    9    Vxx=   -0.0936    axis=(  0.311480  0.874735 -0.371240)
     H    9    Vyy=   -0.7832    axis=( -0.513896  0.483678  0.708496)
     H    9    Vzz=    0.8767    axis=( -0.799307  0.029903 -0.600179)
     H    9  Q=         1.0000 1e-30 m^2  Cq=         2.0600 MHz  eta= 0.78655

     C   10    Vxx=    0.0286    axis=(  0.917470 -0.157316  0.365376)
     C   10    Vyy=    0.3569    axis=(  0.327349  0.820446 -0.468733)
     C   10    Vzz=   -0.3855    axis=( -0.226033  0.549654  0.804233)
     C   10  Q=         1.0000 1e-30 m^2  Cq=        -0.9058 MHz  eta= 0.85168

     C   11    Vxx=    0.0741    axis=( -0.687448  0.664593 -0.292798)
     C   11    Vyy=    0.3552    axis=(  0.697237  0.716769 -0.010091)
     C   11    Vzz=   -0.4293    axis=( -0.203162  0.211087  0.956121)
     C   11  Q=         1.0000 1e-30 m^2  Cq=        -1.0086 MHz  eta= 0.65476

     Cl  12    Vxx=   -0.0768    axis=(  0.792439  0.581997 -0.182535)
     Cl  12    Vyy=   -1.4989    axis=( -0.608906  0.737322 -0.292556)
     Cl  12    Vzz=    1.5758    axis=( -0.035679  0.342980  0.938665)
     Cl  12  Q=        -8.1650 1e-30 m^2  Cq=       -30.2300 MHz  eta= 0.90247

     H   13    Vxx=   -0.1059    axis=(  0.646967 -0.549882  0.528264)
     H   13    Vyy=   -0.2373    axis=(  0.653700  0.043302 -0.755514)
     H   13    Vzz=    0.3432    axis=(  0.392569  0.834119  0.387473)
     H   13  Q=         1.0000 1e-30 m^2  Cq=         0.8064 MHz  eta= 0.38311

     C   14    Vxx=    0.0355    axis=( -0.085564  0.049906  0.995082)
     C   14    Vyy=    0.3989    axis=( -0.795593  0.597788 -0.098391)
     C   14    Vzz=   -0.4344    axis=( -0.599758 -0.800099 -0.011444)
     C   14  Q=         1.0000 1e-30 m^2  Cq=        -1.0206 MHz  eta= 0.83676

     H   15    Vxx=   -0.0464    axis=(  0.136531  0.894255 -0.426224)
     H   15    Vyy=   -0.6855    axis=( -0.458309  0.438458  0.773115)
     H   15    Vzz=    0.7319    axis=(  0.878244  0.089788  0.469708)
     H   15  Q=         1.0000 1e-30 m^2  Cq=         1.7198 MHz  eta= 0.87311

     C   16    Vxx=   -0.0939    axis=( -0.390744 -0.603018  0.695477)
     C   16    Vyy=   -0.8522    axis=( -0.915385  0.175015 -0.362548)
     C   16    Vzz=    0.9460    axis=(  0.096904 -0.778292 -0.620380)
     C   16  Q=         1.0000 1e-30 m^2  Cq=         2.2228 MHz  eta= 0.80153

     C   17    Vxx=    0.1451    axis=(  0.106277  0.041221  0.993482)
     C   17    Vyy=    0.4615    axis=(  0.731833 -0.679641 -0.050088)
     C   17    Vzz=   -0.6066    axis=(  0.673146  0.732386 -0.102397)
     C   17  Q=         1.0000 1e-30 m^2  Cq=        -1.4253 MHz  eta= 0.52160

     Cl  18    Vxx=   -0.6925    axis=(  0.424532 -0.894179  0.142183)
     Cl  18    Vyy=   -0.8892    axis=(  0.721708  0.429023  0.543210)
     Cl  18    Vzz=    1.5817    axis=( -0.546727 -0.127996  0.827470)
     Cl  18  Q=        -8.1650 1e-30 m^2  Cq=       -30.3441 MHz  eta= 0.12440

     H   19    Vxx=   -0.0860    axis=(  0.640927  0.182949 -0.745481)
     H   19    Vyy=   -0.5768    axis=(  0.675533  0.326750  0.660977)
     H   19    Vzz=    0.6627    axis=( -0.364511  0.927235 -0.085835)
     H   19  Q=         1.0000 1e-30 m^2  Cq=         1.5572 MHz  eta= 0.74057

     C   20    Vxx=   -0.1379    axis=(  0.109926 -0.082030  0.990549)
     C   20    Vyy=   -0.4936    axis=(  0.980500  0.172284 -0.094544)
     C   20    Vzz=    0.6315    axis=( -0.162900  0.981626  0.099369)
     C   20  Q=         1.0000 1e-30 m^2  Cq=         1.4837 MHz  eta= 0.56339

     H   21    Vxx=   -0.0092    axis=( -0.236255  0.150724  0.959930)
     H   21    Vyy=   -0.6012    axis=( -0.396439 -0.916888  0.046395)
     H   21    Vzz=    0.6104    axis=(  0.887141 -0.369593  0.276372)
     H   21  Q=         1.0000 1e-30 m^2  Cq=         1.4342 MHz  eta= 0.96972

     C   22    Vxx=    0.0736    axis=(  0.821795  0.538647  0.185773)
     C   22    Vyy=    0.4070    axis=(  0.556998 -0.828136 -0.062792)
     C   22    Vzz=   -0.4805    axis=( -0.120023 -0.155077  0.980584)
     C   22  Q=         1.0000 1e-30 m^2  Cq=        -1.1290 MHz  eta= 0.69383

     C   23    Vxx=    0.0885    axis=(  0.759308  0.065570 -0.647420)
     C   23    Vyy=    0.6700    axis=( -0.282353  0.929573 -0.237003)
     C   23    Vzz=   -0.7585    axis=(  0.586284  0.362759  0.724346)
     C   23  Q=         1.0000 1e-30 m^2  Cq=        -1.7823 MHz  eta= 0.76655

     Cl  24    Vxx=    0.5659    axis=(  0.820921  0.570945 -0.010487)
     Cl  24    Vyy=    2.1750    axis=(  0.499431 -0.708951  0.497952)
     Cl  24    Vzz=   -2.7409    axis=(  0.276869 -0.414017 -0.867141)
     Cl  24  Q=        -8.1650 1e-30 m^2  Cq=        52.5820 MHz  eta= 0.58706

     Initialization:
     gipaw_setup  :      9.47s CPU     11.37s WALL (       1 calls)

     Linear response

     Apply operators

     Induced current

     Other routines
     efg          :      9.39s CPU     11.65s WALL (       1 calls)

     General routines
     calbec       :      3.25s CPU      4.12s WALL (      16 calls)
     fft          :      1.71s CPU      2.75s WALL (      15 calls)
     ffts         :      0.04s CPU      0.06s WALL (       2 calls)
     fftw         :      3.33s CPU      4.13s WALL (     672 calls)
     davcio       :      0.02s CPU      0.33s WALL (      32 calls)

     Parallel routines
     fft_scatter  :      2.48s CPU      4.11s WALL (     689 calls)

     Plugins

     GIPAW        :     61.25s CPU     74.25s WALL (       1 calls)
