
     Program QE v.6.0 (svn rev. 13079) starts on 21Dec2016 at 18:34:51 

     This program is part of the open-source Quantum ESPRESSO suite
     for quantum simulation of materials; please cite
         "P. Giannozzi et al., J. Phys.:Condens. Matter 21 395502 (2009);
          URL http://www.quantum-espresso.org", 
     in publications or presentations arising from this work. More details at
     http://www.quantum-espresso.org/quote

     Parallel version (MPI), running on     8 processors
     R & G space division:  proc/nbgrp/npool/nimage =       8

     ***** This is GIPAW svn revision unknown      *****

     Parallelizing q-star over 1 images

     Reading data from directory:
     /users/majewski/paradichlorobenzene/pbe/9_constraint/scratch/pbe.ecut100.np8.dt60.pcl2phi-129368.save
     Message from routine read_xml_file:
     file /users/majewski/paradichlorobenzene/pbe/9_constraint/scratch/pbe.ecut100.np8.dt60.pcl2phi-129368.save not guaranteed to be safe for post-processing

   Info: using nr1, nr2, nr3 values from input

   Info: using nr1, nr2, nr3 values from input

     IMPORTANT: XC functional enforced from input :
     Exchange-correlation      =  SLA  PW   PBX  PBC ( 1  4  3  4 0 0)
     Any further DFT definition will be discarded
     Please, verify this is what you really want

               file C.pbe-n-kjpaw_psl.1.0.0.UPF: wavefunction(s)  2S 2P renormalized
               file Cl.pbe-n-kjpaw_psl.1.0.0.UPF: wavefunction(s)  3S 3P renormalized
               file H.pbe-kjpaw_psl.1.0.0.UPF: wavefunction(s)  1S renormalized

     Parallelization info
     --------------------
     sticks:   dense  smooth     PW     G-vecs:    dense   smooth      PW
     Min        3057    1223    332               144436    36536    5170
     Max        3059    1225    333               144437    36537    5171
     Sum       24467    9791   2657              1155489   292295   41363


     Subspace diagonalization in iterative solution of the eigenvalue problem:
     a serial algorithm will be used

     GIPAW projectors -----------------------------------------------
     atom=  C    l=0  rc=    1.2000  rs=    0.8000
     atom=  C    l=0  rc=    1.2000  rs=    0.8000
     atom=  C    l=1  rc=    1.4000  rs=    0.9333
     atom=  C    l=1  rc=    1.4000  rs=    0.9333
     projs nearly linearly dependent: l=1  n1,n2= 1, 2  s=  0.99951561

     atom=  Cl   l=0  rc=    1.6000  rs=    1.0667
     atom=  Cl   l=0  rc=    1.6000  rs=    1.0667
     atom=  Cl   l=1  rc=    1.6000  rs=    1.0667
     atom=  Cl   l=1  rc=    1.6000  rs=    1.0667
     atom=  Cl   l=2  rc=    1.6000  rs=    1.0667
     atom=  Cl   l=2  rc=    1.6000  rs=    1.0667
     projs nearly linearly dependent: l=2  n1,n2= 1, 2  s=  0.99993509

     atom=  H    l=0  rc=    1.0000  rs=    0.6667
     atom=  H    l=0  rc=    1.0000  rs=    0.6667
     projs nearly linearly dependent: l=0  n1,n2= 1, 2  s=  0.99968852
     -----------------------------------------------------------------

     GIPAW integrals: -------------------------------------------
     Atom  i/j   nmr_para   nmr_dia   epr_rmc  epr_para   epr_dia
       C   1 1   0.83E+03  0.17E-01  0.93E+01  0.24E+08  0.24E+03
       C   2 1   0.86E+03 -0.61E-01  0.94E+01  0.25E+08  0.25E+03
       C   2 2   0.90E+03 -0.15E+00  0.97E+01  0.26E+08  0.26E+03
       C   3 3   0.33E+01  0.34E+00  0.18E+01  0.55E+03  0.21E+02
       C   4 3   0.35E+01  0.37E+00  0.20E+01  0.59E+03  0.22E+02
       C   4 4   0.38E+01  0.39E+00  0.22E+01  0.63E+03  0.24E+02
       Cl  1 1   0.14E+04 -0.47E+00  0.84E+01  0.32E+09  0.42E+03
       Cl  2 1   0.21E+04 -0.37E+00  0.12E+02  0.49E+09  0.65E+03
       Cl  2 2   0.33E+04 -0.16E+00  0.21E+02  0.76E+09  0.10E+04
       Cl  3 3   0.21E+02  0.79E-01  0.89E+01  0.23E+05  0.13E+03
       Cl  4 3   0.24E+02  0.67E-01  0.99E+01  0.27E+05  0.15E+03
       Cl  4 4   0.28E+02  0.44E-01  0.11E+02  0.32E+05  0.18E+03
       Cl  5 5   0.77E+00  0.19E+00  0.18E+01  0.12E+03  0.22E+02
       Cl  6 5   0.80E+00  0.19E+00  0.19E+01  0.12E+03  0.23E+02
       Cl  6 6   0.83E+00  0.20E+00  0.19E+01  0.12E+03  0.23E+02
       H   1 1   0.39E+02  0.19E+00  0.29E+00  0.78E+05  0.13E+02
       H   2 1   0.41E+02  0.21E+00  0.32E+00  0.82E+05  0.14E+02
       H   2 2   0.43E+02  0.22E+00  0.36E+00  0.86E+05  0.15E+02
     ------------------------------------------------------------

     alpha_pv=     33.8783 eV

     Number of occupied bands for each k-point:
     k-point:     1    nbnd_occ=  42
     k-point:     2    nbnd_occ=  42
     k-point:     3    nbnd_occ=  42
     k-point:     4    nbnd_occ=  42
     k-point:     5    nbnd_occ=  42
     k-point:     6    nbnd_occ=  42
     k-point:     7    nbnd_occ=  42
     k-point:     8    nbnd_occ=  42
     k-point:     9    nbnd_occ=  42
     k-point:    10    nbnd_occ=  42
     k-point:    11    nbnd_occ=  42
     k-point:    12    nbnd_occ=  42
     k-point:    13    nbnd_occ=  42
     k-point:    14    nbnd_occ=  42
     k-point:    15    nbnd_occ=  42
     k-point:    16    nbnd_occ=  42


     q-space interpolation up to   110.00 Rydberg

     GIPAW job: efg                                                                             


     ELECTRIC FIELD GRADIENTS TENSORS IN Hartree/bohrradius^2:

     ----- bare term -----
     Cl   1       -0.213833        0.216284       -0.016582
     Cl   1        0.216284        0.193180       -0.043661
     Cl   1       -0.016582       -0.043661        0.020653

     C    2        0.022338        0.106265       -0.152251
     C    2        0.106265       -0.245630       -0.410229
     C    2       -0.152251       -0.410229        0.223292

     C    3       -0.687967        0.296161       -0.294206
     C    3        0.296161        0.150262       -0.035646
     C    3       -0.294206       -0.035646        0.537705

     H    4        0.019919       -0.218593       -0.498750
     H    4       -0.218593        0.329086       -0.414805
     H    4       -0.498750       -0.414805       -0.349005

     C    5       -0.080840        0.231556       -0.083934
     C    5        0.231556       -0.418227       -0.247435
     C    5       -0.083934       -0.247435        0.499068

     H    6        0.476711       -0.062437       -0.090637
     H    6       -0.062437        0.016685       -0.507983
     H    6       -0.090637       -0.507983       -0.493396

     H    7        0.400102        0.050569       -0.068142
     H    7        0.050569       -0.571285        0.627930
     H    7       -0.068142        0.627930        0.171183

     C    8       -0.805447       -0.319252       -0.403116
     C    8       -0.319252        0.364347        0.045134
     C    8       -0.403116        0.045134        0.441100

     H    9       -0.690307        0.060723       -0.154021
     H    9        0.060723        0.389939        0.198534
     H    9       -0.154021        0.198534        0.300368

     C   10       -0.018345        0.154149       -0.309786
     C   10        0.154149       -0.118493        0.659141
     C   10       -0.309786        0.659141        0.136838

     C   11       -0.492395       -0.319742       -0.253998
     C   11       -0.319742        0.130138        0.386611
     C   11       -0.253998        0.386611        0.362257

     Cl  12       -0.039941       -0.012929       -0.089360
     Cl  12       -0.012929        0.036520        0.114787
     Cl  12       -0.089360        0.114787        0.003420

     H   13        0.486033       -0.059873        0.144738
     H   13       -0.059873       -0.165277       -0.302038
     H   13        0.144738       -0.302038       -0.320756

     C   14       -0.776698        0.407243       -0.428952
     C   14        0.407243        0.475538       -0.083980
     C   14       -0.428952       -0.083980        0.301159

     H   15        0.049515       -0.078450       -0.441338
     H   15       -0.078450        0.146536        0.236380
     H   15       -0.441338        0.236380       -0.196051

     C   16        0.153227        0.332002       -0.004137
     C   16        0.332002       -0.211344       -0.576676
     C   16       -0.004137       -0.576676        0.058117

     C   17       -0.730513        0.360530       -0.344080
     C   17        0.360530        0.312088       -0.019397
     C   17       -0.344080       -0.019397        0.418425

     Cl  18       -0.032671        0.031012       -0.047854
     Cl  18        0.031012        0.166149       -0.048918
     Cl  18       -0.047854       -0.048918       -0.133478

     H   19        0.240025       -0.305550        0.077517
     H   19       -0.305550       -0.524977        0.420635
     H   19        0.077517        0.420635        0.284951

     C   20       -0.126155        0.265375       -0.417489
     C   20        0.265375        0.022199        0.485267
     C   20       -0.417489        0.485267        0.103956

     H   21       -0.039775        0.185498       -0.364651
     H   21        0.185498       -0.222934        0.419476
     H   21       -0.364651        0.419476        0.262708

     C   22       -0.608268       -0.313189       -0.246900
     C   22       -0.313189        0.219450        0.137960
     C   22       -0.246900        0.137960        0.388818

     C   23       -0.035273        0.064789       -0.290192
     C   23        0.064789        0.041566        0.655097
     C   23       -0.290192        0.655097       -0.006292

     Cl  24       -0.270563       -0.216907        0.000179
     Cl  24       -0.216907        0.186936        0.098970
     Cl  24        0.000179        0.098970        0.083627

     ----- ionic term -----
     Cl   1        0.120683       -0.207741       -0.029724
     Cl   1       -0.207741        0.015430        0.021200
     Cl   1       -0.029724        0.021200       -0.136113

     C    2        0.143509       -0.235424        0.270977
     C    2       -0.235424       -0.003594        0.447742
     C    2        0.270977        0.447742       -0.139915

     C    3        0.147092       -0.267324        0.191090
     C    3       -0.267324        0.065971        0.419552
     C    3        0.191090        0.419552       -0.213062

     H    4        0.543671        0.302739        0.740889
     H    4        0.302739       -0.483381        0.259319
     H    4        0.740889        0.259319       -0.060290

     C    5        0.258024       -0.259564        0.300052
     C    5       -0.259564       -0.055495        0.307670
     C    5        0.300052        0.307670       -0.202529

     H    6       -0.537308        0.053916        0.066197
     H    6        0.053916        0.473031        0.796095
     H    6        0.066197        0.796095        0.064277

     H    7       -0.490562       -0.030680        0.017495
     H    7       -0.030680        0.722640       -0.660928
     H    7        0.017495       -0.660928       -0.232078

     C    8        0.352246        0.193464        0.257489
     C    8        0.193464        0.068084       -0.256749
     C    8        0.257489       -0.256749       -0.420330

     H    9        0.721363       -0.459830        0.481413
     H    9       -0.459830       -0.307639       -0.223242
     H    9        0.481413       -0.223242       -0.413724

     C   10        0.201107        0.187858        0.195630
     C   10        0.187858        0.219638       -0.334120
     C   10        0.195630       -0.334120       -0.420745

     C   11        0.123615        0.188479        0.329727
     C   11        0.188479        0.193413       -0.366912
     C   11        0.329727       -0.366912       -0.317028

     Cl  12        0.128514        0.239166        0.049927
     Cl  12        0.239166        0.025514        0.019744
     Cl  12        0.049927        0.019744       -0.154028

     H   13       -0.511150        0.045261        0.060790
     H   13        0.045261        0.394241        0.793206
     H   13        0.060790        0.793206        0.116909

     C   14        0.234697       -0.240974        0.309813
     C   14       -0.240974       -0.069748        0.319516
     C   14        0.309813        0.319516       -0.164949

     H   15        0.294097        0.189934        0.775623
     H   15        0.189934       -0.462314        0.267760
     H   15        0.775623        0.267760        0.168217

     C   16        0.052285       -0.296413        0.198817
     C   16       -0.296413        0.082849        0.442751
     C   16        0.198817        0.442751       -0.135134

     C   17        0.137353       -0.235397        0.338309
     C   17       -0.235397       -0.005596        0.386185
     C   17        0.338309        0.386185       -0.131758

     Cl  18        0.135188       -0.217168        0.048395
     Cl  18       -0.217168       -0.000768       -0.021397
     Cl  18        0.048395       -0.021397       -0.134419

     H   19       -0.522992        0.069995       -0.015626
     H   19        0.069995        0.637667       -0.713823
     H   19       -0.015626       -0.713823       -0.114675

     C   20        0.248321        0.251571        0.273161
     C   20        0.251571        0.048147       -0.302869
     C   20        0.273161       -0.302869       -0.296468

     H   21        0.552832       -0.349119        0.680114
     H   21       -0.349119       -0.400007       -0.279537
     H   21        0.680114       -0.279537       -0.152825

     C   22        0.177906        0.282264        0.174440
     C   22        0.282264        0.130635       -0.372052
     C   22        0.174440       -0.372052       -0.308540

     C   23        0.261093        0.212912        0.184686
     C   23        0.212912        0.079764       -0.376759
     C   23        0.184686       -0.376759       -0.340856

     Cl  24        0.144981        0.200289        0.002545
     Cl  24        0.200289        0.010187       -0.008468
     Cl  24        0.002545       -0.008468       -0.155168

     ----- GIPAW term -----
     Cl   1       -0.061157       -1.011509       -0.189624
     Cl   1       -1.011509        1.907618       -0.342500
     Cl   1       -0.189624       -0.342500       -1.846461

     C    2       -0.051036       -0.018812        0.036564
     C    2       -0.018812        0.099909        0.154642
     C    2        0.036564        0.154642       -0.048873

     C    3       -0.244021        0.043950       -0.010109
     C    3        0.043950        0.008867        0.162015
     C    3       -0.010109        0.162015        0.235154

     H    4       -0.000000        0.000000        0.000000
     H    4        0.000000        0.000000        0.000000
     H    4        0.000000        0.000000        0.000000

     C    5       -0.101105        0.042278        0.034695
     C    5        0.042278       -0.154624        0.113399
     C    5        0.034695        0.113399        0.255730

     H    6       -0.000000        0.000000        0.000000
     H    6        0.000000        0.000000        0.000000
     H    6        0.000000        0.000000        0.000000

     H    7       -0.000000        0.000000        0.000000
     H    7        0.000000        0.000000        0.000000
     H    7        0.000000        0.000000        0.000000

     C    8       -0.193680        0.074564       -0.084728
     C    8        0.074564        0.233045       -0.128314
     C    8       -0.084728       -0.128314       -0.039365

     H    9       -0.000000        0.000000        0.000000
     H    9        0.000000        0.000000        0.000000
     H    9        0.000000        0.000000        0.000000

     C   10       -0.030826        0.196935       -0.047375
     C   10        0.196935        0.122624        0.129907
     C   10       -0.047375        0.129907       -0.091798

     C   11       -0.113113        0.113264       -0.005251
     C   11        0.113264        0.198390        0.143807
     C   11       -0.005251        0.143807       -0.085277

     Cl  12       -0.164829        1.466148       -0.522910
     Cl  12        1.466148        1.258795        2.077730
     Cl  12       -0.522910        2.077730       -1.093966

     H   13       -0.000000        0.000000        0.000000
     H   13        0.000000        0.000000        0.000000
     H   13        0.000000        0.000000        0.000000

     C   14       -0.153633        0.156668       -0.036394
     C   14        0.156668        0.241370        0.028390
     C   14       -0.036394        0.028390       -0.087737

     H   15       -0.000000        0.000000        0.000000
     H   15        0.000000        0.000000        0.000000
     H   15        0.000000        0.000000        0.000000

     C   16       -0.063965        0.118555        0.035691
     C   16        0.118555        0.199080        0.005756
     C   16        0.035691        0.005756       -0.135115

     C   17       -0.152956        0.067045        0.027679
     C   17        0.067045        0.163924        0.195334
     C   17        0.027679        0.195334       -0.010968

     Cl  18        0.277817       -1.398614       -0.294370
     Cl  18       -1.398614        2.320836       -0.651230
     Cl  18       -0.294370       -0.651230       -2.598653

     H   19       -0.000000        0.000000        0.000000
     H   19        0.000000        0.000000        0.000000
     H   19        0.000000        0.000000        0.000000

     C   20       -0.048499        0.203036       -0.083143
     C   20        0.203036        0.176292        0.035361
     C   20       -0.083143        0.035361       -0.127793

     H   21       -0.000000        0.000000        0.000000
     H   21        0.000000        0.000000        0.000000
     H   21        0.000000        0.000000        0.000000

     C   22       -0.139651        0.136423       -0.059633
     C   22        0.136423        0.227003       -0.062963
     C   22       -0.059633       -0.062963       -0.087352

     C   23       -0.048637        0.086971       -0.041100
     C   23        0.086971        0.249002        0.088976
     C   23       -0.041100        0.088976       -0.200365

     Cl  24       -0.405907        1.332992       -0.064219
     Cl  24        1.332992        1.934427        0.871821
     Cl  24       -0.064219        0.871821       -1.528519

     ----- total EFG -----
     Cl   1       -0.154307       -1.002967       -0.235930
     Cl   1       -1.002967        2.116228       -0.364961
     Cl   1       -0.235930       -0.364961       -1.961921

     C    2        0.114812       -0.147971        0.155290
     C    2       -0.147971       -0.149316        0.192155
     C    2        0.155290        0.192155        0.034504

     C    3       -0.784896        0.072787       -0.113226
     C    3        0.072787        0.225099        0.545921
     C    3       -0.113226        0.545921        0.559797

     H    4        0.563589        0.084146        0.242139
     H    4        0.084146       -0.154295       -0.155485
     H    4        0.242139       -0.155485       -0.409295

     C    5        0.076078        0.014271        0.250813
     C    5        0.014271       -0.628347        0.173634
     C    5        0.250813        0.173634        0.552269

     H    6       -0.060596       -0.008521       -0.024440
     H    6       -0.008521        0.489716        0.288113
     H    6       -0.024440        0.288113       -0.429119

     H    7       -0.090460        0.019888       -0.050647
     H    7        0.019888        0.151354       -0.032998
     H    7       -0.050647       -0.032998       -0.060895

     C    8       -0.646882       -0.051224       -0.230356
     C    8       -0.051224        0.665476       -0.339929
     C    8       -0.230356       -0.339929       -0.018594

     H    9        0.031057       -0.399107        0.327392
     H    9       -0.399107        0.082300       -0.024708
     H    9        0.327392       -0.024708       -0.113356

     C   10        0.151936        0.538943       -0.161531
     C   10        0.538943        0.223769        0.454928
     C   10       -0.161531        0.454928       -0.375705

     C   11       -0.481892       -0.017999        0.070478
     C   11       -0.017999        0.521940        0.163505
     C   11        0.070478        0.163505       -0.040048

     Cl  12       -0.076256        1.692385       -0.562343
     Cl  12        1.692385        1.320829        2.212260
     Cl  12       -0.562343        2.212260       -1.244573

     H   13       -0.025117       -0.014612        0.205528
     H   13       -0.014612        0.228964        0.491168
     H   13        0.205528        0.491168       -0.203847

     C   14       -0.695634        0.322937       -0.155533
     C   14        0.322937        0.647160        0.263925
     C   14       -0.155533        0.263925        0.048474

     H   15        0.343612        0.111485        0.334285
     H   15        0.111485       -0.315778        0.504140
     H   15        0.334285        0.504140       -0.027834

     C   16        0.141547        0.154144        0.230371
     C   16        0.154144        0.070585       -0.128169
     C   16        0.230371       -0.128169       -0.212132

     C   17       -0.746116        0.192179        0.021908
     C   17        0.192179        0.470416        0.562122
     C   17        0.021908        0.562122        0.275699

     Cl  18        0.380334       -1.584770       -0.293829
     Cl  18       -1.584770        2.486217       -0.721545
     Cl  18       -0.293829       -0.721545       -2.866551

     H   19       -0.282967       -0.235556        0.061891
     H   19       -0.235556        0.112691       -0.293188
     H   19        0.061891       -0.293188        0.170276

     C   20        0.073667        0.719981       -0.227471
     C   20        0.719981        0.246637        0.217759
     C   20       -0.227471        0.217759       -0.320305

     H   21        0.513058       -0.163621        0.315463
     H   21       -0.163621       -0.622941        0.139939
     H   21        0.315463        0.139939        0.109883

     C   22       -0.570013        0.105499       -0.132092
     C   22        0.105499        0.577088       -0.297054
     C   22       -0.132092       -0.297054       -0.007074

     C   23        0.177182        0.364672       -0.146607
     C   23        0.364672        0.370331        0.367314
     C   23       -0.146607        0.367314       -0.547513

     Cl  24       -0.531490        1.316374       -0.061495
     Cl  24        1.316374        2.131550        0.962322
     Cl  24       -0.061495        0.962322       -1.600060

     ----- total EFG (symmetrized) -----
     Cl   1       -0.154307       -1.002967       -0.235930
     Cl   1       -1.002967        2.116228       -0.364961
     Cl   1       -0.235930       -0.364961       -1.961921

     C    2        0.114812       -0.147971        0.155290
     C    2       -0.147971       -0.149316        0.192155
     C    2        0.155290        0.192155        0.034504

     C    3       -0.784896        0.072787       -0.113226
     C    3        0.072787        0.225099        0.545921
     C    3       -0.113226        0.545921        0.559797

     H    4        0.563589        0.084146        0.242139
     H    4        0.084146       -0.154295       -0.155485
     H    4        0.242139       -0.155485       -0.409295

     C    5        0.076078        0.014271        0.250813
     C    5        0.014271       -0.628347        0.173634
     C    5        0.250813        0.173634        0.552269

     H    6       -0.060596       -0.008521       -0.024440
     H    6       -0.008521        0.489716        0.288113
     H    6       -0.024440        0.288113       -0.429119

     H    7       -0.090460        0.019888       -0.050647
     H    7        0.019888        0.151354       -0.032998
     H    7       -0.050647       -0.032998       -0.060895

     C    8       -0.646882       -0.051224       -0.230356
     C    8       -0.051224        0.665476       -0.339929
     C    8       -0.230356       -0.339929       -0.018594

     H    9        0.031057       -0.399107        0.327392
     H    9       -0.399107        0.082300       -0.024708
     H    9        0.327392       -0.024708       -0.113356

     C   10        0.151936        0.538943       -0.161531
     C   10        0.538943        0.223769        0.454928
     C   10       -0.161531        0.454928       -0.375705

     C   11       -0.481892       -0.017999        0.070478
     C   11       -0.017999        0.521940        0.163505
     C   11        0.070478        0.163505       -0.040048

     Cl  12       -0.076256        1.692385       -0.562343
     Cl  12        1.692385        1.320829        2.212260
     Cl  12       -0.562343        2.212260       -1.244573

     H   13       -0.025117       -0.014612        0.205528
     H   13       -0.014612        0.228964        0.491168
     H   13        0.205528        0.491168       -0.203847

     C   14       -0.695634        0.322937       -0.155533
     C   14        0.322937        0.647160        0.263925
     C   14       -0.155533        0.263925        0.048474

     H   15        0.343612        0.111485        0.334285
     H   15        0.111485       -0.315778        0.504140
     H   15        0.334285        0.504140       -0.027834

     C   16        0.141547        0.154144        0.230371
     C   16        0.154144        0.070585       -0.128169
     C   16        0.230371       -0.128169       -0.212132

     C   17       -0.746116        0.192179        0.021908
     C   17        0.192179        0.470416        0.562122
     C   17        0.021908        0.562122        0.275699

     Cl  18        0.380334       -1.584770       -0.293829
     Cl  18       -1.584770        2.486217       -0.721545
     Cl  18       -0.293829       -0.721545       -2.866551

     H   19       -0.282967       -0.235556        0.061891
     H   19       -0.235556        0.112691       -0.293188
     H   19        0.061891       -0.293188        0.170276

     C   20        0.073667        0.719981       -0.227471
     C   20        0.719981        0.246637        0.217759
     C   20       -0.227471        0.217759       -0.320305

     H   21        0.513058       -0.163621        0.315463
     H   21       -0.163621       -0.622941        0.139939
     H   21        0.315463        0.139939        0.109883

     C   22       -0.570013        0.105499       -0.132092
     C   22        0.105499        0.577088       -0.297054
     C   22       -0.132092       -0.297054       -0.007074

     C   23        0.177182        0.364672       -0.146607
     C   23        0.364672        0.370331        0.367314
     C   23       -0.146607        0.367314       -0.547513

     Cl  24       -0.531490        1.316374       -0.061495
     Cl  24        1.316374        2.131550        0.962322
     Cl  24       -0.061495        0.962322       -1.600060


     NQR/NMR SPECTROSCOPIC PARAMETERS:
     Cl   1    Vxx=   -0.4539    axis=(  0.918466  0.326783 -0.222784)
     Cl   1    Vyy=   -2.0569    axis=(  0.189556  0.130664  0.973137)
     Cl   1    Vzz=    2.5108    axis=(  0.347115 -0.936023  0.058067)
     Cl   1  Q=        -8.1650 1e-30 m^2  Cq=       -48.1686 MHz  eta= 0.63842

     C    2    Vxx=    0.1271    axis=(  0.463303 -0.659553 -0.591895)
     C    2    Vyy=    0.2351    axis=( -0.789184 -0.003213 -0.614149)
     C    2    Vzz=   -0.3621    axis=( -0.403162 -0.751651  0.521997)
     C    2  Q=         1.0000 1e-30 m^2  Cq=        -0.8509 MHz  eta= 0.29820

     C    3    Vxx=   -0.1535    axis=(  0.194863  0.793590 -0.576405)
     C    3    Vyy=   -0.8112    axis=( -0.980445  0.141119 -0.137163)
     C    3    Vzz=    0.9648    axis=( -0.027509  0.591862  0.805570)
     C    3  Q=         1.0000 1e-30 m^2  Cq=         2.2668 MHz  eta= 0.68169

     H    4    Vxx=   -0.0817    axis=(  0.034058  0.912422 -0.407831)
     H    4    Vyy=   -0.5417    axis=( -0.224981  0.404594  0.886390)
     H    4    Vzz=    0.6234    axis=(  0.973768  0.061566  0.219057)
     H    4  Q=         1.0000 1e-30 m^2  Cq=         1.4647 MHz  eta= 0.73802

     C    5    Vxx=   -0.0269    axis=(  0.923387 -0.086083 -0.374094)
     C    5    Vyy=   -0.6540    axis=( -0.031824 -0.988344  0.148877)
     C    5    Vzz=    0.6809    axis=(  0.382549  0.125566  0.915363)
     C    5  Q=         1.0000 1e-30 m^2  Cq=         1.5999 MHz  eta= 0.92109

     H    6    Vxx=   -0.0600    axis=(  0.998631  0.035579 -0.038345)
     H    6    Vyy=   -0.5130    axis=( -0.046684  0.275497 -0.960168)
     H    6    Vzz=    0.5729    axis=( -0.023598  0.960643  0.276781)
     H    6  Q=         1.0000 1e-30 m^2  Cq=         1.3462 MHz  eta= 0.79069

     H    7    Vxx=   -0.0310    axis=(  0.593647 -0.205569 -0.778026)
     H    7    Vyy=   -0.1285    axis=(  0.796778  0.014606  0.604096)
     H    7    Vzz=    0.1595    axis=(  0.112820  0.978534 -0.172464)
     H    7  Q=         1.0000 1e-30 m^2  Cq=         0.3747 MHz  eta= 0.61159

     C    8    Vxx=   -0.0660    axis=( -0.370503  0.369964  0.851971)
     C    8    Vyy=   -0.7408    axis=(  0.928380  0.118924  0.352090)
     C    8    Vzz=    0.8068    axis=(  0.028940  0.921403 -0.387529)
     C    8  Q=         1.0000 1e-30 m^2  Cq=         1.8957 MHz  eta= 0.83632

     H    9    Vxx=   -0.0561    axis=(  0.178480  0.647045  0.741267)
     H    9    Vyy=   -0.4964    axis=(  0.691844  0.453159 -0.562138)
     H    9    Vzz=    0.5525    axis=(  0.699641 -0.613172  0.366774)
     H    9  Q=         1.0000 1e-30 m^2  Cq=         1.2981 MHz  eta= 0.79693

     C   10    Vxx=    0.0320    axis=(  0.674054 -0.345683 -0.652806)
     C   10    Vyy=    0.7777    axis=( -0.604059 -0.766608 -0.217775)
     C   10    Vzz=   -0.8097    axis=( -0.425165  0.541125 -0.725547)
     C   10  Q=         1.0000 1e-30 m^2  Cq=        -1.9024 MHz  eta= 0.92099

     C   11    Vxx=   -0.0713    axis=(  0.174416 -0.256723  0.950617)
     C   11    Vyy=   -0.4948    axis=(  0.984672  0.044551 -0.168633)
     C   11    Vzz=    0.5660    axis=(  0.000941  0.965458  0.260558)
     C   11  Q=         1.0000 1e-30 m^2  Cq=         1.3300 MHz  eta= 0.74817

     Cl  12    Vxx=    0.0582    axis=(  0.820458 -0.120535 -0.558855)
     Cl  12    Vyy=    3.0889    axis=( -0.382678 -0.842025 -0.380201)
     Cl  12    Vzz=   -3.1470    axis=(  0.424742 -0.525800  0.736972)
     Cl  12  Q=        -8.1650 1e-30 m^2  Cq=        60.3742 MHz  eta= 0.96304

     H   13    Vxx=    0.0162    axis=(  0.933989 -0.316883  0.165074)
     H   13    Vyy=    0.5671    axis=(  0.175029  0.808546  0.561800)
     H   13    Vzz=   -0.5832    axis=( -0.311495 -0.495822  0.810637)
     H   13  Q=         1.0000 1e-30 m^2  Cq=        -1.3704 MHz  eta= 0.94456

     C   14    Vxx=    0.0317    axis=( -0.302662 -0.237057  0.923146)
     C   14    Vyy=    0.7903    axis=( -0.172870 -0.938856 -0.297768)
     C   14    Vzz=   -0.8220    axis=(  0.937289 -0.249708  0.243176)
     C   14  Q=         1.0000 1e-30 m^2  Cq=        -1.9314 MHz  eta= 0.92289

     H   15    Vxx=    0.0228    axis=(  0.698308 -0.513148 -0.499044)
     H   15    Vyy=    0.6866    axis=( -0.706073 -0.379284 -0.598000)
     H   15    Vzz=   -0.7094    axis=(  0.117584  0.769950 -0.627177)
     H   15  Q=         1.0000 1e-30 m^2  Cq=        -1.6668 MHz  eta= 0.93574

     C   16    Vxx=    0.1044    axis=( -0.244747  0.823614 -0.511624)
     C   16    Vyy=    0.2943    axis=( -0.857936 -0.429793 -0.281468)
     C   16    Vzz=   -0.3987    axis=( -0.451713  0.370052  0.811798)
     C   16  Q=         1.0000 1e-30 m^2  Cq=        -0.9369 MHz  eta= 0.47637

     C   17    Vxx=   -0.1781    axis=( -0.178025 -0.613882  0.769062)
     C   17    Vyy=   -0.7808    axis=( -0.979465  0.185705 -0.078496)
     C   17    Vzz=    0.9589    axis=( -0.094631 -0.767244 -0.634336)
     C   17  Q=         1.0000 1e-30 m^2  Cq=         2.2530 MHz  eta= 0.62858

     Cl  18    Vxx=   -0.3311    axis=(  0.872771  0.433442 -0.224496)
     Cl  18    Vyy=   -3.0450    axis=(  0.163604  0.173559  0.971139)
     Cl  18    Vzz=    3.3761    axis=(  0.459896 -0.884310  0.080565)
     Cl  18  Q=        -8.1650 1e-30 m^2  Cq=       -64.7694 MHz  eta= 0.80384

     H   19    Vxx=   -0.0886    axis=( -0.430637  0.544520  0.719757)
     H   19    Vyy=   -0.4032    axis=(  0.863350  0.480947  0.152697)
     H   19    Vzz=    0.4918    axis=( -0.263018  0.687159 -0.677225)
     H   19  Q=         1.0000 1e-30 m^2  Cq=         1.1555 MHz  eta= 0.63985

     C   20    Vxx=   -0.1051    axis=( -0.429040  0.367275  0.825248)
     C   20    Vyy=   -0.7803    axis=( -0.614709  0.550705 -0.564673)
     C   20    Vzz=    0.8854    axis=( -0.661859 -0.749555 -0.010507)
     C   20  Q=         1.0000 1e-30 m^2  Cq=         2.0804 MHz  eta= 0.76253

     H   21    Vxx=    0.0012    axis=( -0.427879  0.303097  0.851500)
     H   21    Vyy=    0.6905    axis=( -0.883101  0.060441 -0.465273)
     H   21    Vzz=   -0.6916    axis=( -0.192489 -0.951041  0.241804)
     H   21  Q=         1.0000 1e-30 m^2  Cq=        -1.6251 MHz  eta= 0.99660

     C   22    Vxx=   -0.1179    axis=( -0.166740  0.408829  0.897249)
     C   22    Vyy=   -0.6009    axis=(  0.979268 -0.037502  0.199070)
     C   22    Vzz=    0.7188    axis=(  0.115034  0.911840 -0.394100)
     C   22  Q=         1.0000 1e-30 m^2  Cq=         1.6889 MHz  eta= 0.67200

     C   23    Vxx=    0.0660    axis=( -0.793758  0.419220  0.440685)
     C   23    Vyy=    0.6883    axis=(  0.536133  0.824406  0.181428)
     C   23    Vzz=   -0.7543    axis=(  0.287245 -0.380276  0.879136)
     C   23  Q=         1.0000 1e-30 m^2  Cq=        -1.7723 MHz  eta= 0.82507

     Cl  24    Vxx=   -0.8805    axis=(  0.876137 -0.251511 -0.411250)
     Cl  24    Vyy=   -1.9627    axis=( -0.327769  0.314754 -0.890785)
     Cl  24    Vzz=    2.8432    axis=(  0.353485  0.915244  0.193330)
     Cl  24  Q=        -8.1650 1e-30 m^2  Cq=       -54.5460 MHz  eta= 0.38062

     Initialization:
     gipaw_setup  :      8.90s CPU     10.82s WALL (       1 calls)

     Linear response

     Apply operators

     Induced current

     Other routines
     efg          :      9.21s CPU     11.73s WALL (       1 calls)

     General routines
     calbec       :      3.24s CPU      4.30s WALL (      16 calls)
     fft          :      1.34s CPU      1.59s WALL (      15 calls)
     ffts         :      0.04s CPU      0.04s WALL (       2 calls)
     fftw         :      3.25s CPU      4.00s WALL (     672 calls)
     davcio       :      0.04s CPU      0.33s WALL (      32 calls)

     Parallel routines
     fft_scatter  :      1.98s CPU      2.81s WALL (     689 calls)

     Plugins

     GIPAW        :     61.33s CPU     74.31s WALL (       1 calls)
