
     Program QE v.6.0 (svn rev. 13079) starts on 11Jan2017 at 17: 3:13 

     This program is part of the open-source Quantum ESPRESSO suite
     for quantum simulation of materials; please cite
         "P. Giannozzi et al., J. Phys.:Condens. Matter 21 395502 (2009);
          URL http://www.quantum-espresso.org", 
     in publications or presentations arising from this work. More details at
     http://www.quantum-espresso.org/quote

     Parallel version (MPI), running on     8 processors
     R & G space division:  proc/nbgrp/npool/nimage =       8

     ***** This is GIPAW svn revision unknown      *****

     Parallelizing q-star over 1 images

     Reading data from directory:
     /users/majewski/paradichlorobenzene/pbe/9_constraint/scratch/pbe.ecut100.np8.dt60.pcl2phi-129368.save
     Message from routine read_xml_file:
     file /users/majewski/paradichlorobenzene/pbe/9_constraint/scratch/pbe.ecut100.np8.dt60.pcl2phi-129368.save not guaranteed to be safe for post-processing

   Info: using nr1, nr2, nr3 values from input

   Info: using nr1, nr2, nr3 values from input

     IMPORTANT: XC functional enforced from input :
     Exchange-correlation      =  SLA  PW   PBX  PBC ( 1  4  3  4 0 0)
     Any further DFT definition will be discarded
     Please, verify this is what you really want

               file C.pbe-n-kjpaw_psl.1.0.0.UPF: wavefunction(s)  2S 2P renormalized
               file Cl.pbe-n-kjpaw_psl.1.0.0.UPF: wavefunction(s)  3S 3P renormalized
               file H.pbe-kjpaw_psl.1.0.0.UPF: wavefunction(s)  1S renormalized

     Parallelization info
     --------------------
     sticks:   dense  smooth     PW     G-vecs:    dense   smooth      PW
     Min        3057    1223    332               144436    36536    5170
     Max        3059    1225    333               144437    36537    5171
     Sum       24467    9791   2657              1155489   292295   41363


     Subspace diagonalization in iterative solution of the eigenvalue problem:
     a serial algorithm will be used

     GIPAW projectors -----------------------------------------------
     atom=  C    l=0  rc=    1.2000  rs=    0.8000
     atom=  C    l=0  rc=    1.2000  rs=    0.8000
     atom=  C    l=1  rc=    1.4000  rs=    0.9333
     atom=  C    l=1  rc=    1.4000  rs=    0.9333
     projs nearly linearly dependent: l=1  n1,n2= 1, 2  s=  0.99951561

     atom=  Cl   l=0  rc=    1.6000  rs=    1.0667
     atom=  Cl   l=0  rc=    1.6000  rs=    1.0667
     atom=  Cl   l=1  rc=    1.6000  rs=    1.0667
     atom=  Cl   l=1  rc=    1.6000  rs=    1.0667
     atom=  Cl   l=2  rc=    1.6000  rs=    1.0667
     atom=  Cl   l=2  rc=    1.6000  rs=    1.0667
     projs nearly linearly dependent: l=2  n1,n2= 1, 2  s=  0.99993509

     atom=  H    l=0  rc=    1.0000  rs=    0.6667
     atom=  H    l=0  rc=    1.0000  rs=    0.6667
     projs nearly linearly dependent: l=0  n1,n2= 1, 2  s=  0.99968852
     -----------------------------------------------------------------

     GIPAW integrals: -------------------------------------------
     Atom  i/j   nmr_para   nmr_dia   epr_rmc  epr_para   epr_dia
       C   1 1   0.83E+03  0.17E-01  0.93E+01  0.24E+08  0.24E+03
       C   2 1   0.86E+03 -0.61E-01  0.94E+01  0.25E+08  0.25E+03
       C   2 2   0.90E+03 -0.15E+00  0.97E+01  0.26E+08  0.26E+03
       C   3 3   0.33E+01  0.34E+00  0.18E+01  0.55E+03  0.21E+02
       C   4 3   0.35E+01  0.37E+00  0.20E+01  0.59E+03  0.22E+02
       C   4 4   0.38E+01  0.39E+00  0.22E+01  0.63E+03  0.24E+02
       Cl  1 1   0.14E+04 -0.47E+00  0.84E+01  0.32E+09  0.42E+03
       Cl  2 1   0.21E+04 -0.37E+00  0.12E+02  0.49E+09  0.65E+03
       Cl  2 2   0.33E+04 -0.16E+00  0.21E+02  0.76E+09  0.10E+04
       Cl  3 3   0.21E+02  0.79E-01  0.89E+01  0.23E+05  0.13E+03
       Cl  4 3   0.24E+02  0.67E-01  0.99E+01  0.27E+05  0.15E+03
       Cl  4 4   0.28E+02  0.44E-01  0.11E+02  0.32E+05  0.18E+03
       Cl  5 5   0.77E+00  0.19E+00  0.18E+01  0.12E+03  0.22E+02
       Cl  6 5   0.80E+00  0.19E+00  0.19E+01  0.12E+03  0.23E+02
       Cl  6 6   0.83E+00  0.20E+00  0.19E+01  0.12E+03  0.23E+02
       H   1 1   0.39E+02  0.19E+00  0.29E+00  0.78E+05  0.13E+02
       H   2 1   0.41E+02  0.21E+00  0.32E+00  0.82E+05  0.14E+02
       H   2 2   0.43E+02  0.22E+00  0.36E+00  0.86E+05  0.15E+02
     ------------------------------------------------------------

     alpha_pv=     33.5730 eV

     Number of occupied bands for each k-point:
     k-point:     1    nbnd_occ=  42
     k-point:     2    nbnd_occ=  42
     k-point:     3    nbnd_occ=  42
     k-point:     4    nbnd_occ=  42
     k-point:     5    nbnd_occ=  42
     k-point:     6    nbnd_occ=  42
     k-point:     7    nbnd_occ=  42
     k-point:     8    nbnd_occ=  42
     k-point:     9    nbnd_occ=  42
     k-point:    10    nbnd_occ=  42
     k-point:    11    nbnd_occ=  42
     k-point:    12    nbnd_occ=  42
     k-point:    13    nbnd_occ=  42
     k-point:    14    nbnd_occ=  42
     k-point:    15    nbnd_occ=  42
     k-point:    16    nbnd_occ=  42


     q-space interpolation up to   110.00 Rydberg

     GIPAW job: efg                                                                             


     ELECTRIC FIELD GRADIENTS TENSORS IN Hartree/bohrradius^2:

     ----- bare term -----
     Cl   1        0.110023       -0.002431        0.048305
     Cl   1       -0.002431        0.007071        0.224231
     Cl   1        0.048305        0.224231       -0.117094

     C    2       -0.444624        0.267120       -0.411431
     C    2        0.267120        0.179996       -0.339871
     C    2       -0.411431       -0.339871        0.264629

     C    3        0.091361        0.581834       -0.071013
     C    3        0.581834       -0.356442       -0.550112
     C    3       -0.071013       -0.550112        0.265082

     H    4       -0.247733       -0.207495       -0.436291
     H    4       -0.207495        0.419987       -0.094677
     H    4       -0.436291       -0.094677       -0.172254

     C    5       -0.593441        0.185396       -0.348576
     C    5        0.185396        0.125096       -0.194724
     C    5       -0.348576       -0.194724        0.468345

     H    6        0.154177        0.137669       -0.165322
     H    6        0.137669       -0.423888       -0.434533
     H    6       -0.165322       -0.434533        0.269711

     H    7        0.232430        0.469438        0.026775
     H    7        0.469438       -0.617454        0.141173
     H    7        0.026775        0.141173        0.385024

     C    8       -0.061620       -0.043488       -0.151480
     C    8       -0.043488       -0.083654        0.318515
     C    8       -0.151480        0.318515        0.145274

     H    9       -0.219172        0.333595        0.167765
     H    9        0.333595        0.018851       -0.159232
     H    9        0.167765       -0.159232        0.200321

     C   10       -0.010145       -0.063353        0.177462
     C   10       -0.063353       -0.092085       -0.066979
     C   10        0.177462       -0.066979        0.102230

     C   11       -0.175937        0.190775       -0.257410
     C   11        0.190775       -0.021814        0.561087
     C   11       -0.257410        0.561087        0.197751

     Cl  12        0.203484       -0.164400       -0.006017
     Cl  12       -0.164400        0.242160       -0.250865
     Cl  12       -0.006017       -0.250865       -0.445644

     H   13        0.341651        0.194095        0.131424
     H   13        0.194095       -0.447518       -0.572816
     H   13        0.131424       -0.572816        0.105868

     C   14       -0.127706       -0.059484       -0.338965
     C   14       -0.059484       -0.242457       -0.288317
     C   14       -0.338965       -0.288317        0.370164

     H   15        0.073858       -0.132803       -0.401018
     H   15       -0.132803        0.459400       -0.286968
     H   15       -0.401018       -0.286968       -0.533257

     C   16       -0.535111        0.311765       -0.362211
     C   16        0.311765        0.022751       -0.062763
     C   16       -0.362211       -0.062763        0.512360

     C   17        0.032820        0.003896       -0.218447
     C   17        0.003896       -0.527403       -0.322622
     C   17       -0.218447       -0.322622        0.494583

     Cl  18       -0.178402        0.159453        0.018484
     Cl  18        0.159453       -0.047072        0.101913
     Cl  18        0.018484        0.101913        0.225474

     H   19        0.034949        0.133849       -0.034117
     H   19        0.133849       -0.379334        0.509554
     H   19       -0.034117        0.509554        0.344385

     C   20       -0.654841       -0.312282       -0.468795
     C   20       -0.312282        0.142260        0.003308
     C   20       -0.468795        0.003308        0.512581

     H   21       -0.474050        0.241528        0.261581
     H   21        0.241528        0.317726        0.055870
     H   21        0.261581        0.055870        0.156325

     C   22        0.107066        0.049295       -0.093173
     C   22        0.049295       -0.471042        0.353185
     C   22       -0.093173        0.353185        0.363976

     C   23       -0.700982       -0.190097       -0.306029
     C   23       -0.190097        0.076756        0.123443
     C   23       -0.306029        0.123443        0.624226

     Cl  24        0.020388       -0.015401        0.101036
     Cl  24       -0.015401        0.075592        0.052781
     Cl  24        0.101036        0.052781       -0.095980

     ----- ionic term -----
     Cl   1        0.121950       -0.196960        0.090136
     Cl   1       -0.196960        0.019219       -0.054810
     Cl   1        0.090136       -0.054810       -0.141169

     C    2        0.029939       -0.229644        0.377820
     C    2       -0.229644        0.158703        0.312028
     C    2        0.377820        0.312028       -0.188642

     C    3        0.059244       -0.274711        0.251707
     C    3       -0.274711        0.222181        0.339412
     C    3        0.251707        0.339412       -0.281426

     H    4        0.413357        0.300780        0.732535
     H    4        0.300780       -0.362119        0.291281
     H    4        0.732535        0.291281       -0.051238

     C    5        0.160058       -0.186599        0.360313
     C    5       -0.186599        0.078645        0.288887
     C    5        0.360313        0.288887       -0.238703

     H    6       -0.511369       -0.008541       -0.008052
     H    6       -0.008541        0.692265        0.677420
     H    6       -0.008052        0.677420       -0.180895

     H    7       -0.506317       -0.239929        0.136112
     H    7       -0.239929        0.527333       -0.750265
     H    7        0.136112       -0.750265       -0.021016

     C    8        0.300962       -0.011911       -0.010706
     C    8       -0.011911        0.107331       -0.316778
     C    8       -0.010706       -0.316778       -0.408293

     H    9        0.829448       -0.520061        0.197083
     H    9       -0.520061       -0.280386       -0.126118
     H    9        0.197083       -0.126118       -0.549062

     C   10        0.194174        0.033461       -0.020026
     C   10        0.033461        0.266035       -0.353641
     C   10       -0.020026       -0.353641       -0.460209

     C   11        0.321829       -0.038291        0.047741
     C   11       -0.038291        0.184576       -0.346878
     C   11        0.047741       -0.346878       -0.506404

     Cl  12        0.095038        0.162486       -0.051948
     Cl  12        0.162486        0.023297       -0.041535
     Cl  12       -0.051948       -0.041535       -0.118335

     H   13       -0.545121       -0.025000        0.002164
     H   13       -0.025000        0.750872        0.641398
     H   13        0.002164        0.641398       -0.205751

     C   14        0.114374       -0.226446        0.314474
     C   14       -0.226446        0.102336        0.263802
     C   14        0.314474        0.263802       -0.216711

     H   15        0.518919        0.263286        0.714177
     H   15        0.263286       -0.443845        0.253795
     H   15        0.714177        0.253795       -0.075074

     C   16        0.063860       -0.254052        0.230805
     C   16       -0.254052        0.205037        0.383749
     C   16        0.230805        0.383749       -0.268897

     C   17        0.110730       -0.170649        0.331719
     C   17       -0.170649        0.103653        0.454850
     C   17        0.331719        0.454850       -0.214384

     Cl  18        0.168821       -0.206639        0.017491
     Cl  18       -0.206639       -0.015494        0.000424
     Cl  18        0.017491        0.000424       -0.153327

     H   19       -0.481511       -0.210078        0.109644
     H   19       -0.210078        0.642649       -0.700372
     H   19        0.109644       -0.700372       -0.161137

     C   20        0.437372        0.037572        0.025650
     C   20        0.037572        0.047362       -0.320629
     C   20        0.025650       -0.320629       -0.484734

     H   21        0.840507       -0.505071        0.276430
     H   21       -0.505071       -0.319127       -0.177605
     H   21        0.276430       -0.177605       -0.521380

     C   22        0.193199        0.095146       -0.002363
     C   22        0.095146        0.251229       -0.441968
     C   22       -0.002363       -0.441968       -0.444429

     C   23        0.222607       -0.017171        0.017269
     C   23       -0.017171        0.234420       -0.403960
     C   23        0.017269       -0.403960       -0.457027

     Cl  24        0.129874        0.202129       -0.036967
     Cl  24        0.202129       -0.000443       -0.022490
     Cl  24       -0.036967       -0.022490       -0.129430

     ----- GIPAW term -----
     Cl   1       -0.313845       -0.582575       -0.687582
     Cl   1       -0.582575       -0.140656       -1.377236
     Cl   1       -0.687582       -1.377236        0.454500

     C    2       -0.076409       -0.008153       -0.072135
     C    2       -0.008153        0.195523       -0.054101
     C    2       -0.072135       -0.054101       -0.119114

     C    3        0.073113        0.231985        0.001209
     C    3        0.231985       -0.004252       -0.071049
     C    3        0.001209       -0.071049       -0.068862

     H    4       -0.000000        0.000000        0.000000
     H    4        0.000000        0.000000        0.000000
     H    4        0.000000        0.000000        0.000000

     C    5       -0.066133        0.084189        0.086699
     C    5        0.084189       -0.032731        0.061232
     C    5        0.086699        0.061232        0.098864

     H    6       -0.000000        0.000000        0.000000
     H    6        0.000000        0.000000        0.000000
     H    6        0.000000        0.000000        0.000000

     H    7       -0.000000        0.000000        0.000000
     H    7        0.000000        0.000000        0.000000
     H    7        0.000000        0.000000        0.000000

     C    8       -0.053025       -0.049567       -0.026418
     C    8       -0.049567        0.105849        0.137924
     C    8       -0.026418        0.137924       -0.052824

     H    9       -0.000000        0.000000        0.000000
     H    9        0.000000        0.000000        0.000000
     H    9        0.000000        0.000000        0.000000

     C   10        0.001872        0.007474        0.020679
     C   10        0.007474        0.005749       -0.014790
     C   10        0.020679       -0.014790       -0.007621

     C   11       -0.076934        0.094253       -0.014953
     C   11        0.094253        0.010814        0.194272
     C   11       -0.014953        0.194272        0.066120

     Cl  12       -0.220568        0.378411       -0.235928
     Cl  12        0.378411       -0.493858        0.236178
     Cl  12       -0.235928        0.236178        0.714426

     H   13       -0.000000        0.000000        0.000000
     H   13        0.000000        0.000000        0.000000
     H   13        0.000000        0.000000        0.000000

     C   14       -0.086331       -0.095775       -0.120869
     C   14       -0.095775       -0.047971        0.126858
     C   14       -0.120869        0.126858        0.134303

     H   15       -0.000000        0.000000        0.000000
     H   15        0.000000        0.000000        0.000000
     H   15        0.000000        0.000000        0.000000

     C   16       -0.191999        0.000158       -0.135989
     C   16        0.000158       -0.061574        0.104383
     C   16       -0.135989        0.104383        0.253573

     C   17       -0.077296       -0.085888       -0.029624
     C   17       -0.085888       -0.145179        0.115054
     C   17       -0.029624        0.115054        0.222475

     Cl  18       -0.799357       -0.956466        0.482036
     Cl  18       -0.956466       -0.596926        1.816702
     Cl  18        0.482036        1.816702        1.396282

     H   19       -0.000000        0.000000        0.000000
     H   19        0.000000        0.000000        0.000000
     H   19        0.000000        0.000000        0.000000

     C   20       -0.105298        0.080608       -0.166748
     C   20        0.080608        0.055491       -0.159591
     C   20       -0.166748       -0.159591        0.049808

     H   21       -0.000000        0.000000        0.000000
     H   21        0.000000        0.000000        0.000000
     H   21        0.000000        0.000000        0.000000

     C   22       -0.044962        0.057257       -0.068158
     C   22        0.057257       -0.082784       -0.083049
     C   22       -0.068158       -0.083049        0.127746

     C   23       -0.177017        0.061843       -0.069237
     C   23        0.061843       -0.062721       -0.121852
     C   23       -0.069237       -0.121852        0.239738

     Cl  24       -0.384396        1.390228       -0.824752
     Cl  24        1.390228       -1.234234       -0.248025
     Cl  24       -0.824752       -0.248025        1.618631

     ----- total EFG -----
     Cl   1       -0.081872       -0.781967       -0.549140
     Cl   1       -0.781967       -0.114365       -1.207815
     Cl   1       -0.549140       -1.207815        0.196237

     C    2       -0.491095        0.029323       -0.105747
     C    2        0.029323        0.534221       -0.081944
     C    2       -0.105747       -0.081944       -0.043127

     C    3        0.223718        0.539108        0.181902
     C    3        0.539108       -0.138513       -0.281749
     C    3        0.181902       -0.281749       -0.085206

     H    4        0.165624        0.093285        0.296244
     H    4        0.093285        0.057868        0.196604
     H    4        0.296244        0.196604       -0.223492

     C    5       -0.499516        0.082986        0.098436
     C    5        0.082986        0.171010        0.155396
     C    5        0.098436        0.155396        0.328506

     H    6       -0.357193        0.129127       -0.173375
     H    6        0.129127        0.268377        0.242888
     H    6       -0.173375        0.242888        0.088816

     H    7       -0.273888        0.229510        0.162887
     H    7        0.229510       -0.090121       -0.609092
     H    7        0.162887       -0.609092        0.364009

     C    8        0.186317       -0.104966       -0.188603
     C    8       -0.104966        0.129526        0.139662
     C    8       -0.188603        0.139662       -0.315843

     H    9        0.610277       -0.186467        0.364848
     H    9       -0.186467       -0.261535       -0.285350
     H    9        0.364848       -0.285350       -0.348742

     C   10        0.185901       -0.022419        0.178115
     C   10       -0.022419        0.179699       -0.435411
     C   10        0.178115       -0.435411       -0.365600

     C   11        0.068958        0.246737       -0.224623
     C   11        0.246737        0.173575        0.408481
     C   11       -0.224623        0.408481       -0.242533

     Cl  12        0.077954        0.376496       -0.293893
     Cl  12        0.376496       -0.228401       -0.056223
     Cl  12       -0.293893       -0.056223        0.150446

     H   13       -0.203470        0.169095        0.133588
     H   13        0.169095        0.303354        0.068582
     H   13        0.133588        0.068582       -0.099884

     C   14       -0.099663       -0.381705       -0.145360
     C   14       -0.381705       -0.188093        0.102343
     C   14       -0.145360        0.102343        0.287756

     H   15        0.592777        0.130483        0.313159
     H   15        0.130483        0.015555       -0.033173
     H   15        0.313159       -0.033173       -0.608331

     C   16       -0.663250        0.057870       -0.267395
     C   16        0.057870        0.166213        0.425369
     C   16       -0.267395        0.425369        0.497037

     C   17        0.066255       -0.252641        0.083648
     C   17       -0.252641       -0.568929        0.247282
     C   17        0.083648        0.247282        0.502674

     Cl  18       -0.808937       -1.003652        0.518011
     Cl  18       -1.003652       -0.659492        1.919038
     Cl  18        0.518011        1.919038        1.468429

     H   19       -0.446562       -0.076230        0.075527
     H   19       -0.076230        0.263314       -0.190818
     H   19        0.075527       -0.190818        0.183248

     C   20       -0.322768       -0.194101       -0.609893
     C   20       -0.194101        0.245113       -0.476912
     C   20       -0.609893       -0.476912        0.077655

     H   21        0.366457       -0.263543        0.538011
     H   21       -0.263543       -0.001401       -0.121735
     H   21        0.538011       -0.121735       -0.365055

     C   22        0.255304        0.201699       -0.163693
     C   22        0.201699       -0.302597       -0.171832
     C   22       -0.163693       -0.171832        0.047293

     C   23       -0.655392       -0.145426       -0.357997
     C   23       -0.145426        0.248455       -0.402368
     C   23       -0.357997       -0.402368        0.406937

     Cl  24       -0.234135        1.576957       -0.760682
     Cl  24        1.576957       -1.159086       -0.217734
     Cl  24       -0.760682       -0.217734        1.393221

     ----- total EFG (symmetrized) -----
     Cl   1       -0.081872       -0.781967       -0.549140
     Cl   1       -0.781967       -0.114365       -1.207815
     Cl   1       -0.549140       -1.207815        0.196237

     C    2       -0.491095        0.029323       -0.105747
     C    2        0.029323        0.534221       -0.081944
     C    2       -0.105747       -0.081944       -0.043127

     C    3        0.223718        0.539108        0.181902
     C    3        0.539108       -0.138513       -0.281749
     C    3        0.181902       -0.281749       -0.085206

     H    4        0.165624        0.093285        0.296244
     H    4        0.093285        0.057868        0.196604
     H    4        0.296244        0.196604       -0.223492

     C    5       -0.499516        0.082986        0.098436
     C    5        0.082986        0.171010        0.155396
     C    5        0.098436        0.155396        0.328506

     H    6       -0.357193        0.129127       -0.173375
     H    6        0.129127        0.268377        0.242888
     H    6       -0.173375        0.242888        0.088816

     H    7       -0.273888        0.229510        0.162887
     H    7        0.229510       -0.090121       -0.609092
     H    7        0.162887       -0.609092        0.364009

     C    8        0.186317       -0.104966       -0.188603
     C    8       -0.104966        0.129526        0.139662
     C    8       -0.188603        0.139662       -0.315843

     H    9        0.610277       -0.186467        0.364848
     H    9       -0.186467       -0.261535       -0.285350
     H    9        0.364848       -0.285350       -0.348742

     C   10        0.185901       -0.022419        0.178115
     C   10       -0.022419        0.179699       -0.435411
     C   10        0.178115       -0.435411       -0.365600

     C   11        0.068958        0.246737       -0.224623
     C   11        0.246737        0.173575        0.408481
     C   11       -0.224623        0.408481       -0.242533

     Cl  12        0.077954        0.376496       -0.293893
     Cl  12        0.376496       -0.228401       -0.056223
     Cl  12       -0.293893       -0.056223        0.150446

     H   13       -0.203470        0.169095        0.133588
     H   13        0.169095        0.303354        0.068582
     H   13        0.133588        0.068582       -0.099884

     C   14       -0.099663       -0.381705       -0.145360
     C   14       -0.381705       -0.188093        0.102343
     C   14       -0.145360        0.102343        0.287756

     H   15        0.592777        0.130483        0.313159
     H   15        0.130483        0.015555       -0.033173
     H   15        0.313159       -0.033173       -0.608331

     C   16       -0.663250        0.057870       -0.267395
     C   16        0.057870        0.166213        0.425369
     C   16       -0.267395        0.425369        0.497037

     C   17        0.066255       -0.252641        0.083648
     C   17       -0.252641       -0.568929        0.247282
     C   17        0.083648        0.247282        0.502674

     Cl  18       -0.808937       -1.003652        0.518011
     Cl  18       -1.003652       -0.659492        1.919038
     Cl  18        0.518011        1.919038        1.468429

     H   19       -0.446562       -0.076230        0.075527
     H   19       -0.076230        0.263314       -0.190818
     H   19        0.075527       -0.190818        0.183248

     C   20       -0.322768       -0.194101       -0.609893
     C   20       -0.194101        0.245113       -0.476912
     C   20       -0.609893       -0.476912        0.077655

     H   21        0.366457       -0.263543        0.538011
     H   21       -0.263543       -0.001401       -0.121735
     H   21        0.538011       -0.121735       -0.365055

     C   22        0.255304        0.201699       -0.163693
     C   22        0.201699       -0.302597       -0.171832
     C   22       -0.163693       -0.171832        0.047293

     C   23       -0.655392       -0.145426       -0.357997
     C   23       -0.145426        0.248455       -0.402368
     C   23       -0.357997       -0.402368        0.406937

     Cl  24       -0.234135        1.576957       -0.760682
     Cl  24        1.576957       -1.159086       -0.217734
     Cl  24       -0.760682       -0.217734        1.393221


     NQR/NMR SPECTROSCOPIC PARAMETERS:
     Cl   1    Vxx=    0.4568    axis=( -0.859102  0.301335  0.413692)
     Cl   1    Vyy=    1.2697    axis=(  0.105295 -0.686948  0.719038)
     Cl   1    Vzz=   -1.7266    axis=( -0.500857 -0.661287 -0.558429)
     Cl   1  Q=        -8.1650 1e-30 m^2  Cq=        33.1234 MHz  eta= 0.47081

     C    2    Vxx=   -0.0326    axis=( -0.213011  0.150589  0.965375)
     C    2    Vyy=   -0.5149    axis=(  0.976118 -0.010334  0.216993)
     C    2    Vzz=    0.5475    axis=(  0.042652  0.988543 -0.144791)
     C    2  Q=         1.0000 1e-30 m^2  Cq=         1.2864 MHz  eta= 0.88100

     C    3    Vxx=    0.0949    axis=(  0.300209 -0.368583  0.879785)
     C    3    Vyy=    0.6118    axis=( -0.806768 -0.590204  0.028030)
     C    3    Vzz=   -0.7067    axis=(  0.508921 -0.718196 -0.474546)
     C    3  Q=         1.0000 1e-30 m^2  Cq=        -1.6605 MHz  eta= 0.73142

     H    4    Vxx=    0.0046    axis=(  0.538138 -0.842418 -0.027191)
     H    4    Vyy=    0.4166    axis=( -0.743816 -0.459483 -0.485400)
     H    4    Vzz=   -0.4212    axis=(  0.396416  0.281437 -0.873869)
     H    4  Q=         1.0000 1e-30 m^2  Cq=        -0.9896 MHz  eta= 0.97805

     C    5    Vxx=    0.0761    axis=(  0.030814  0.845702 -0.532765)
     C    5    Vyy=    0.4412    axis=(  0.134248  0.524686  0.840644)
     C    5    Vzz=   -0.5174    axis=( -0.990469  0.097426  0.097366)
     C    5  Q=         1.0000 1e-30 m^2  Cq=        -1.2156 MHz  eta= 0.70566

     H    6    Vxx=    0.0378    axis=( -0.479779 -0.494664  0.724652)
     H    6    Vyy=    0.4376    axis=( -0.009750 -0.822861 -0.568159)
     H    6    Vzz=   -0.4754    axis=( -0.877335  0.279656 -0.389968)
     H    6  Q=         1.0000 1e-30 m^2  Cq=        -1.1170 MHz  eta= 0.84097

     H    7    Vxx=   -0.0877    axis=(  0.834001  0.454764  0.312460)
     H    7    Vyy=   -0.6993    axis=( -0.551755  0.684420  0.476587)
     H    7    Vzz=    0.7870    axis=(  0.002881 -0.569876  0.821726)
     H    7  Q=         1.0000 1e-30 m^2  Cq=         1.8491 MHz  eta= 0.77709

     C    8    Vxx=    0.0492    axis=(  0.602615  0.798009 -0.006035)
     C    8    Vyy=    0.3494    axis=( -0.751365  0.569907  0.332650)
     C    8    Vzz=   -0.3986    axis=(  0.268898 -0.195925  0.943031)
     C    8  Q=         1.0000 1e-30 m^2  Cq=        -0.9366 MHz  eta= 0.75314

     H    9    Vxx=   -0.1848    axis=(  0.401034  0.784500 -0.473002)
     H    9    Vyy=   -0.6182    axis=( -0.154313  0.566816  0.809263)
     H    9    Vzz=    0.8030    axis=(  0.902972 -0.251552  0.348371)
     H    9  Q=         1.0000 1e-30 m^2  Cq=         1.8867 MHz  eta= 0.53969

     C   10    Vxx=    0.1686    axis=(  0.908634  0.416027 -0.036134)
     C   10    Vyy=    0.4641    axis=( -0.378425  0.783732 -0.492502)
     C   10    Vzz=   -0.6327    axis=( -0.176574  0.461179  0.869561)
     C   10  Q=         1.0000 1e-30 m^2  Cq=        -1.4866 MHz  eta= 0.46719

     C   11    Vxx=    0.1845    axis=( -0.852930  0.071507  0.517104)
     C   11    Vyy=    0.4551    axis=( -0.315629 -0.859643 -0.401737)
     C   11    Vzz=   -0.6395    axis=(  0.415798 -0.505867  0.755785)
     C   11  Q=         1.0000 1e-30 m^2  Cq=        -1.5026 MHz  eta= 0.42315

     Cl  12    Vxx=   -0.0292    axis=(  0.380396  0.499343  0.778431)
     Cl  12    Vyy=   -0.5060    axis=( -0.600609  0.773437 -0.202640)
     Cl  12    Vzz=    0.5353    axis=( -0.703255 -0.390450  0.594123)
     Cl  12  Q=        -8.1650 1e-30 m^2  Cq=       -10.2689 MHz  eta= 0.89076

     H   13    Vxx=   -0.0646    axis=( -0.400476  0.342476 -0.849899)
     H   13    Vyy=   -0.3137    axis=( -0.859099  0.182265  0.478256)
     H   13    Vzz=    0.3783    axis=(  0.318698  0.921678  0.221228)
     H   13  Q=         1.0000 1e-30 m^2  Cq=         0.8888 MHz  eta= 0.65860

     C   14    Vxx=    0.0862    axis=( -0.547871  0.517136 -0.657577)
     C   14    Vyy=    0.4425    axis=( -0.501708  0.425886  0.752934)
     C   14    Vzz=   -0.5287    axis=( -0.669422 -0.742423 -0.026121)
     C   14  Q=         1.0000 1e-30 m^2  Cq=        -1.2422 MHz  eta= 0.67404

     H   15    Vxx=    0.0003    axis=( -0.147568  0.980554 -0.129373)
     H   15    Vyy=    0.6905    axis=( -0.958298 -0.174116 -0.226601)
     H   15    Vzz=   -0.6908    axis=( -0.244720  0.090539  0.965357)
     H   15  Q=         1.0000 1e-30 m^2  Cq=        -1.6232 MHz  eta= 0.99915

     C   16    Vxx=   -0.0632    axis=( -0.295267 -0.823542  0.484351)
     C   16    Vyy=   -0.7495    axis=( -0.946533  0.183181 -0.265556)
     C   16    Vzz=    0.8127    axis=( -0.129973  0.536864  0.833597)
     C   16  Q=         1.0000 1e-30 m^2  Cq=         1.9095 MHz  eta= 0.84444

     C   17    Vxx=    0.1545    axis=(  0.944693 -0.327901  0.005922)
     C   17    Vyy=    0.5587    axis=( -0.063361 -0.200203 -0.977703)
     C   17    Vzz=   -0.7132    axis=(  0.321776  0.923255 -0.209907)
     C   17  Q=         1.0000 1e-30 m^2  Cq=        -1.6757 MHz  eta= 0.56683

     Cl  18    Vxx=   -0.0707    axis=(  0.835989 -0.462508  0.295312)
     Cl  18    Vyy=   -2.5293    axis=(  0.548374  0.723938 -0.418569)
     Cl  18    Vzz=    2.6000    axis=( -0.020196  0.511861  0.858831)
     Cl  18  Q=        -8.1650 1e-30 m^2  Cq=       -49.8795 MHz  eta= 0.94563

     H   19    Vxx=    0.0285    axis=(  0.020975  0.634658  0.772508)
     H   19    Vyy=    0.4312    axis=( -0.120797  0.768626 -0.628189)
     H   19    Vzz=   -0.4598    axis=( -0.992456 -0.080141  0.092787)
     H   19  Q=         1.0000 1e-30 m^2  Cq=        -1.0803 MHz  eta= 0.87589

     C   20    Vxx=    0.2055    axis=( -0.624837  0.714972  0.313679)
     C   20    Vyy=    0.7282    axis=( -0.316221 -0.599084  0.735597)
     C   20    Vzz=   -0.9338    axis=( -0.713851 -0.360436 -0.600419)
     C   20  Q=         1.0000 1e-30 m^2  Cq=        -2.1939 MHz  eta= 0.55982

     H   21    Vxx=   -0.1112    axis=(  0.301223  0.934373  0.190293)
     H   21    Vyy=   -0.6503    axis=( -0.472973 -0.026878  0.880667)
     H   21    Vzz=    0.7614    axis=(  0.827986 -0.355281  0.433837)
     H   21  Q=         1.0000 1e-30 m^2  Cq=         1.7891 MHz  eta= 0.70804

     C   22    Vxx=   -0.0362    axis=(  0.547701 -0.119454  0.828103)
     C   22    Vyy=   -0.4009    axis=( -0.217883  0.935242  0.279014)
     C   22    Vzz=    0.4370    axis=( -0.807806 -0.333246  0.486206)
     C   22  Q=         1.0000 1e-30 m^2  Cq=         1.0269 MHz  eta= 0.83441

     C   23    Vxx=    0.0669    axis=(  0.399954 -0.772570 -0.493125)
     C   23    Vyy=    0.7642    axis=(  0.141816  0.583717 -0.799477)
     C   23    Vzz=   -0.8311    axis=(  0.905497  0.249821  0.343022)
     C   23  Q=         1.0000 1e-30 m^2  Cq=        -1.9528 MHz  eta= 0.83898

     Cl  24    Vxx=    0.4078    axis=(  0.609523  0.531742  0.587990)
     Cl  24    Vyy=    1.9543    axis=( -0.504566 -0.311869  0.805078)
     Cl  24    Vzz=   -2.3621    axis=( -0.611470  0.787394 -0.078207)
     Cl  24  Q=        -8.1650 1e-30 m^2  Cq=        45.3154 MHz  eta= 0.65473

     Initialization:
     gipaw_setup  :      9.16s CPU     11.01s WALL (       1 calls)

     Linear response

     Apply operators

     Induced current

     Other routines
     efg          :      9.60s CPU     12.41s WALL (       1 calls)

     General routines
     calbec       :      3.40s CPU      4.78s WALL (      16 calls)
     fft          :      1.52s CPU      1.97s WALL (      15 calls)
     ffts         :      0.03s CPU      0.05s WALL (       2 calls)
     fftw         :      3.37s CPU      4.28s WALL (     672 calls)
     davcio       :      0.03s CPU      0.33s WALL (      32 calls)

     Parallel routines
     fft_scatter  :      2.30s CPU      3.40s WALL (     689 calls)

     Plugins

     GIPAW        :     62.05s CPU     74.35s WALL (       1 calls)
