
     Program QE v.6.0 (svn rev. 13079) starts on  7Jan2017 at 13:42:26 

     This program is part of the open-source Quantum ESPRESSO suite
     for quantum simulation of materials; please cite
         "P. Giannozzi et al., J. Phys.:Condens. Matter 21 395502 (2009);
          URL http://www.quantum-espresso.org", 
     in publications or presentations arising from this work. More details at
     http://www.quantum-espresso.org/quote

     Parallel version (MPI), running on     8 processors
     R & G space division:  proc/nbgrp/npool/nimage =       8

     ***** This is GIPAW svn revision unknown      *****

     Parallelizing q-star over 1 images

     Reading data from directory:
     /users/majewski/paradichlorobenzene/pbe/9_constraint/scratch/pbe.ecut100.np8.dt60.pcl2phi-129368.save
     Message from routine read_xml_file:
     file /users/majewski/paradichlorobenzene/pbe/9_constraint/scratch/pbe.ecut100.np8.dt60.pcl2phi-129368.save not guaranteed to be safe for post-processing

   Info: using nr1, nr2, nr3 values from input

   Info: using nr1, nr2, nr3 values from input

     IMPORTANT: XC functional enforced from input :
     Exchange-correlation      =  SLA  PW   PBX  PBC ( 1  4  3  4 0 0)
     Any further DFT definition will be discarded
     Please, verify this is what you really want

               file C.pbe-n-kjpaw_psl.1.0.0.UPF: wavefunction(s)  2S 2P renormalized
               file Cl.pbe-n-kjpaw_psl.1.0.0.UPF: wavefunction(s)  3S 3P renormalized
               file H.pbe-kjpaw_psl.1.0.0.UPF: wavefunction(s)  1S renormalized

     Parallelization info
     --------------------
     sticks:   dense  smooth     PW     G-vecs:    dense   smooth      PW
     Min        3057    1223    332               144436    36536    5170
     Max        3059    1225    333               144437    36537    5171
     Sum       24467    9791   2657              1155489   292295   41363


     Subspace diagonalization in iterative solution of the eigenvalue problem:
     a serial algorithm will be used

     GIPAW projectors -----------------------------------------------
     atom=  C    l=0  rc=    1.2000  rs=    0.8000
     atom=  C    l=0  rc=    1.2000  rs=    0.8000
     atom=  C    l=1  rc=    1.4000  rs=    0.9333
     atom=  C    l=1  rc=    1.4000  rs=    0.9333
     projs nearly linearly dependent: l=1  n1,n2= 1, 2  s=  0.99951561

     atom=  Cl   l=0  rc=    1.6000  rs=    1.0667
     atom=  Cl   l=0  rc=    1.6000  rs=    1.0667
     atom=  Cl   l=1  rc=    1.6000  rs=    1.0667
     atom=  Cl   l=1  rc=    1.6000  rs=    1.0667
     atom=  Cl   l=2  rc=    1.6000  rs=    1.0667
     atom=  Cl   l=2  rc=    1.6000  rs=    1.0667
     projs nearly linearly dependent: l=2  n1,n2= 1, 2  s=  0.99993509

     atom=  H    l=0  rc=    1.0000  rs=    0.6667
     atom=  H    l=0  rc=    1.0000  rs=    0.6667
     projs nearly linearly dependent: l=0  n1,n2= 1, 2  s=  0.99968852
     -----------------------------------------------------------------

     GIPAW integrals: -------------------------------------------
     Atom  i/j   nmr_para   nmr_dia   epr_rmc  epr_para   epr_dia
       C   1 1   0.83E+03  0.17E-01  0.93E+01  0.24E+08  0.24E+03
       C   2 1   0.86E+03 -0.61E-01  0.94E+01  0.25E+08  0.25E+03
       C   2 2   0.90E+03 -0.15E+00  0.97E+01  0.26E+08  0.26E+03
       C   3 3   0.33E+01  0.34E+00  0.18E+01  0.55E+03  0.21E+02
       C   4 3   0.35E+01  0.37E+00  0.20E+01  0.59E+03  0.22E+02
       C   4 4   0.38E+01  0.39E+00  0.22E+01  0.63E+03  0.24E+02
       Cl  1 1   0.14E+04 -0.47E+00  0.84E+01  0.32E+09  0.42E+03
       Cl  2 1   0.21E+04 -0.37E+00  0.12E+02  0.49E+09  0.65E+03
       Cl  2 2   0.33E+04 -0.16E+00  0.21E+02  0.76E+09  0.10E+04
       Cl  3 3   0.21E+02  0.79E-01  0.89E+01  0.23E+05  0.13E+03
       Cl  4 3   0.24E+02  0.67E-01  0.99E+01  0.27E+05  0.15E+03
       Cl  4 4   0.28E+02  0.44E-01  0.11E+02  0.32E+05  0.18E+03
       Cl  5 5   0.77E+00  0.19E+00  0.18E+01  0.12E+03  0.22E+02
       Cl  6 5   0.80E+00  0.19E+00  0.19E+01  0.12E+03  0.23E+02
       Cl  6 6   0.83E+00  0.20E+00  0.19E+01  0.12E+03  0.23E+02
       H   1 1   0.39E+02  0.19E+00  0.29E+00  0.78E+05  0.13E+02
       H   2 1   0.41E+02  0.21E+00  0.32E+00  0.82E+05  0.14E+02
       H   2 2   0.43E+02  0.22E+00  0.36E+00  0.86E+05  0.15E+02
     ------------------------------------------------------------

     alpha_pv=     34.5306 eV

     Number of occupied bands for each k-point:
     k-point:     1    nbnd_occ=  42
     k-point:     2    nbnd_occ=  42
     k-point:     3    nbnd_occ=  42
     k-point:     4    nbnd_occ=  42
     k-point:     5    nbnd_occ=  42
     k-point:     6    nbnd_occ=  42
     k-point:     7    nbnd_occ=  42
     k-point:     8    nbnd_occ=  42
     k-point:     9    nbnd_occ=  42
     k-point:    10    nbnd_occ=  42
     k-point:    11    nbnd_occ=  42
     k-point:    12    nbnd_occ=  42
     k-point:    13    nbnd_occ=  42
     k-point:    14    nbnd_occ=  42
     k-point:    15    nbnd_occ=  42
     k-point:    16    nbnd_occ=  42


     q-space interpolation up to   110.00 Rydberg

     GIPAW job: efg                                                                             


     ELECTRIC FIELD GRADIENTS TENSORS IN Hartree/bohrradius^2:

     ----- bare term -----
     Cl   1       -0.303831        0.296149        0.053565
     Cl   1        0.296149        0.074738       -0.137407
     Cl   1        0.053565       -0.137407        0.229093

     C    2       -0.098878       -0.291268       -0.332123
     C    2       -0.291268       -0.018917       -0.684028
     C    2       -0.332123       -0.684028        0.117795

     C    3       -0.427510        0.326574        0.078609
     C    3        0.326574        0.029193       -0.335536
     C    3        0.078609       -0.335536        0.398317

     H    4       -0.167791       -0.435265       -0.202423
     H    4       -0.435265       -0.211578        0.120302
     H    4       -0.202423        0.120302        0.379369

     C    5       -0.146290       -0.317929       -0.386127
     C    5       -0.317929        0.027213       -0.556857
     C    5       -0.386127       -0.556857        0.119076

     H    6        0.375605        0.193826       -0.048613
     H    6        0.193826       -0.737273       -0.197427
     H    6       -0.048613       -0.197427        0.361668

     H    7       -0.077947       -0.031208        0.361911
     H    7       -0.031208        0.164509        0.339018
     H    7        0.361911        0.339018       -0.086562

     C    8       -0.299115        0.044262       -0.335617
     C    8        0.044262        0.342820        0.023557
     C    8       -0.335617        0.023557       -0.043704

     H    9        0.156350        0.032177       -0.088510
     H    9        0.032177        0.427014       -0.033940
     H    9       -0.088510       -0.033940       -0.583364

     C   10        0.096032       -0.323005        0.088768
     C   10       -0.323005       -0.232687        0.124891
     C   10        0.088768        0.124891        0.136656

     C   11       -0.001465       -0.000962       -0.535541
     C   11       -0.000962       -0.083003        0.413502
     C   11       -0.535541        0.413502        0.084468

     Cl  12       -0.200750       -0.135951       -0.070549
     Cl  12       -0.135951       -0.115932       -0.046271
     Cl  12       -0.070549       -0.046271        0.316683

     H   13        0.114980       -0.129386       -0.161536
     H   13       -0.129386       -0.343124       -0.503197
     H   13       -0.161536       -0.503197        0.228144

     C   14       -0.320535        0.337177       -0.045894
     C   14        0.337177       -0.047208       -0.321265
     C   14       -0.045894       -0.321265        0.367742

     H   15       -0.692282       -0.265931        0.080734
     H   15       -0.265931        0.420410       -0.091224
     H   15        0.080734       -0.091224        0.271872

     C   16        0.114526       -0.249345       -0.441220
     C   16       -0.249345       -0.268125       -0.573845
     C   16       -0.441220       -0.573845        0.153598

     C   17       -0.301321        0.342528       -0.256996
     C   17        0.342528       -0.095584       -0.274190
     C   17       -0.256996       -0.274190        0.396905

     Cl  18       -0.096639       -0.057850        0.248414
     Cl  18       -0.057850        0.192325        0.047856
     Cl  18        0.248414        0.047856       -0.095685

     H   19        0.272660       -0.215334        0.163684
     H   19       -0.215334       -0.368559        0.564615
     H   19        0.163684        0.564615        0.095899

     C   20       -0.171100       -0.189706       -0.217750
     C   20       -0.189706       -0.185537        0.356232
     C   20       -0.217750        0.356232        0.356636

     H   21        0.129896        0.087541       -0.288414
     H   21        0.087541        0.418137        0.285312
     H   21       -0.288414        0.285312       -0.548033

     C   22       -0.736281       -0.350988       -0.323399
     C   22       -0.350988        0.210267        0.007009
     C   22       -0.323399        0.007009        0.526014

     C   23        0.051489       -0.475128        0.086830
     C   23       -0.475128       -0.248862        0.499353
     C   23        0.086830        0.499353        0.197373

     Cl  24       -0.049006       -0.041423       -0.063330
     Cl  24       -0.041423        0.028429        0.015697
     Cl  24       -0.063330        0.015697        0.020577

     ----- ionic term -----
     Cl   1        0.149336       -0.208931        0.008012
     Cl   1       -0.208931        0.008310        0.005640
     Cl   1        0.008012        0.005640       -0.157647

     C    2        0.260395       -0.150491        0.183843
     C    2       -0.150491        0.115157        0.377987
     C    2        0.183843        0.377987       -0.375552

     C    3        0.214309       -0.198486        0.116416
     C    3       -0.198486        0.147836        0.397539
     C    3        0.116416        0.397539       -0.362145

     H    4        0.698725        0.382821        0.580918
     H    4        0.382821       -0.395440        0.247200
     H    4        0.580918        0.247200       -0.303285

     C    5        0.327712       -0.109217        0.151879
     C    5       -0.109217        0.064406        0.329187
     C    5        0.151879        0.329187       -0.392118

     H    6       -0.518092        0.077656        0.027314
     H    6        0.077656        0.689290        0.696346
     H    6        0.027314        0.696346       -0.171198

     H    7       -0.524314        0.121751       -0.049220
     H    7        0.121751        0.564153       -0.746178
     H    7       -0.049220       -0.746178       -0.039839

     C    8        0.197315        0.243953        0.348229
     C    8        0.243953       -0.055034       -0.296391
     C    8        0.348229       -0.296391       -0.142281

     H    9        0.051106       -0.204850        0.733774
     H    9       -0.204850       -0.446217       -0.338211
     H    9        0.733774       -0.338211        0.395111

     C   10        0.017988        0.297993        0.225168
     C   10        0.297993        0.073509       -0.433730
     C   10        0.225168       -0.433730       -0.091497

     C   11        0.064831        0.218489        0.304269
     C   11        0.218489       -0.009951       -0.475780
     C   11        0.304269       -0.475780       -0.054881

     Cl  12        0.205660        0.203638        0.045829
     Cl  12        0.203638       -0.079652        0.012979
     Cl  12        0.045829        0.012979       -0.126008

     H   13       -0.518181        0.070985        0.047675
     H   13        0.070985        0.804189        0.622384
     H   13        0.047675        0.622384       -0.286008

     C   14        0.332341       -0.169865        0.136680
     C   14       -0.169865        0.085476        0.310367
     C   14        0.136680        0.310367       -0.417817

     H   15        0.686421        0.513736        0.406868
     H   15        0.513736       -0.318883        0.260576
     H   15        0.406868        0.260576       -0.367539

     C   16        0.195480       -0.180797        0.053302
     C   16       -0.180797        0.183796        0.430931
     C   16        0.053302        0.430931       -0.379276

     C   17        0.277628       -0.056019        0.095243
     C   17       -0.056019        0.062626        0.450984
     C   17        0.095243        0.450984       -0.340254

     Cl  18        0.162916       -0.197194       -0.075383
     Cl  18       -0.197194       -0.049838        0.025885
     Cl  18       -0.075383        0.025885       -0.113078

     H   19       -0.511187        0.171686       -0.093861
     H   19        0.171686        0.617769       -0.712425
     H   19       -0.093861       -0.712425       -0.106582

     C   20        0.140186        0.281050        0.295602
     C   20        0.281050       -0.012164       -0.298960
     C   20        0.295602       -0.298960       -0.128022

     H   21        0.106619       -0.157693        0.750066
     H   21       -0.157693       -0.518266       -0.251236
     H   21        0.750066       -0.251236        0.411647

     C   22        0.063017        0.359274        0.200066
     C   22        0.359274        0.022418       -0.372633
     C   22        0.200066       -0.372633       -0.085435

     C   23        0.082788        0.272266        0.330680
     C   23        0.272266       -0.000814       -0.389844
     C   23        0.330680       -0.389844       -0.081974

     Cl  24        0.104905        0.229010        0.054855
     Cl  24        0.229010        0.032633        0.043167
     Cl  24        0.054855        0.043167       -0.137538

     ----- GIPAW term -----
     Cl   1       -1.070936       -1.221993        0.505170
     Cl   1       -1.221993        1.342447       -2.117461
     Cl   1        0.505170       -2.117461       -0.271512

     C    2       -0.049219       -0.163614        0.004556
     C    2       -0.163614        0.077695       -0.210348
     C    2        0.004556       -0.210348       -0.028477

     C    3       -0.114105       -0.078990        0.085079
     C    3       -0.078990        0.131390       -0.142996
     C    3        0.085079       -0.142996       -0.017285

     H    4       -0.000000        0.000000        0.000000
     H    4        0.000000        0.000000        0.000000
     H    4        0.000000        0.000000        0.000000

     C    5       -0.032390       -0.203036       -0.007834
     C    5       -0.203036        0.143888       -0.168026
     C    5       -0.007834       -0.168026       -0.111498

     H    6       -0.000000        0.000000        0.000000
     H    6        0.000000        0.000000        0.000000
     H    6        0.000000        0.000000        0.000000

     H    7       -0.000000        0.000000        0.000000
     H    7        0.000000        0.000000        0.000000
     H    7        0.000000        0.000000        0.000000

     C    8        0.053207       -0.029277       -0.001023
     C    8       -0.029277        0.012366       -0.030051
     C    8       -0.001023       -0.030051       -0.065573

     H    9       -0.000000        0.000000        0.000000
     H    9        0.000000        0.000000        0.000000
     H    9        0.000000        0.000000        0.000000

     C   10        0.039740       -0.040072       -0.019055
     C   10       -0.040072       -0.034902        0.008988
     C   10       -0.019055        0.008988       -0.004839

     C   11        0.095449       -0.028847       -0.192490
     C   11       -0.028847       -0.053012        0.116654
     C   11       -0.192490        0.116654       -0.042437

     Cl  12       -0.611779        1.427436       -0.774851
     Cl  12        1.427436       -1.281983       -0.612756
     Cl  12       -0.774851       -0.612756        1.893762

     H   13       -0.000000        0.000000        0.000000
     H   13        0.000000        0.000000        0.000000
     H   13        0.000000        0.000000        0.000000

     C   14        0.063052       -0.143186        0.087786
     C   14       -0.143186        0.016066       -0.084451
     C   14        0.087786       -0.084451       -0.079117

     H   15       -0.000000        0.000000        0.000000
     H   15        0.000000        0.000000        0.000000
     H   15        0.000000        0.000000        0.000000

     C   16        0.133386       -0.221055       -0.165870
     C   16       -0.221055       -0.046045       -0.033187
     C   16       -0.165870       -0.033187       -0.087341

     C   17        0.114758       -0.184728       -0.082497
     C   17       -0.184728       -0.009692        0.013194
     C   17       -0.082497        0.013194       -0.105065

     Cl  18        0.528458       -0.560455       -1.336887
     Cl  18       -0.560455       -0.565396       -0.866224
     Cl  18       -1.336887       -0.866224        0.036938

     H   19       -0.000000        0.000000        0.000000
     H   19        0.000000        0.000000        0.000000
     H   19        0.000000        0.000000        0.000000

     C   20       -0.083481       -0.043018       -0.011047
     C   20       -0.043018        0.030914       -0.054675
     C   20       -0.011047       -0.054675        0.052567

     H   21       -0.000000        0.000000        0.000000
     H   21        0.000000        0.000000        0.000000
     H   21        0.000000        0.000000        0.000000

     C   22       -0.255614       -0.070452       -0.016480
     C   22       -0.070452        0.083175       -0.196073
     C   22       -0.016480       -0.196073        0.172439

     C   23        0.050324       -0.156269        0.075980
     C   23       -0.156269        0.068557       -0.027986
     C   23        0.075980       -0.027986       -0.118881

     Cl  24        0.268911        0.242071        1.493443
     Cl  24        0.242071       -0.419433       -1.528174
     Cl  24        1.493443       -1.528174        0.150523

     ----- total EFG -----
     Cl   1       -1.225431       -1.134774        0.566748
     Cl   1       -1.134774        1.425496       -2.249228
     Cl   1        0.566748       -2.249228       -0.200065

     C    2        0.112299       -0.605373       -0.143725
     C    2       -0.605373        0.173935       -0.516390
     C    2       -0.143725       -0.516390       -0.286234

     C    3       -0.327306        0.049099        0.280103
     C    3        0.049099        0.308419       -0.080992
     C    3        0.280103       -0.080992        0.018887

     H    4        0.530934       -0.052443        0.378495
     H    4       -0.052443       -0.607018        0.367502
     H    4        0.378495        0.367502        0.076084

     C    5        0.149032       -0.630181       -0.242083
     C    5       -0.630181        0.235508       -0.395696
     C    5       -0.242083       -0.395696       -0.384540

     H    6       -0.142487        0.271482       -0.021299
     H    6        0.271482       -0.047983        0.498919
     H    6       -0.021299        0.498919        0.190470

     H    7       -0.602262        0.090543        0.312691
     H    7        0.090543        0.728663       -0.407160
     H    7        0.312691       -0.407160       -0.126401

     C    8       -0.048593        0.258938        0.011589
     C    8        0.258938        0.300152       -0.302886
     C    8        0.011589       -0.302886       -0.251559

     H    9        0.207456       -0.172674        0.645264
     H    9       -0.172674       -0.019203       -0.372151
     H    9        0.645264       -0.372151       -0.188252

     C   10        0.153760       -0.065085        0.294880
     C   10       -0.065085       -0.194080       -0.299851
     C   10        0.294880       -0.299851        0.040320

     C   11        0.158816        0.188680       -0.423763
     C   11        0.188680       -0.145966        0.054376
     C   11       -0.423763        0.054376       -0.012850

     Cl  12       -0.606869        1.495124       -0.799570
     Cl  12        1.495124       -1.477567       -0.646048
     Cl  12       -0.799570       -0.646048        2.084437

     H   13       -0.403201       -0.058401       -0.113860
     H   13       -0.058401        0.461065        0.119187
     H   13       -0.113860        0.119187       -0.057864

     C   14        0.074858        0.024127        0.178573
     C   14        0.024127        0.054334       -0.095348
     C   14        0.178573       -0.095348       -0.129192

     H   15       -0.005861        0.247805        0.487602
     H   15        0.247805        0.101527        0.169351
     H   15        0.487602        0.169351       -0.095666

     C   16        0.443392       -0.651196       -0.553788
     C   16       -0.651196       -0.130374       -0.176102
     C   16       -0.553788       -0.176102       -0.313018

     C   17        0.091064        0.101781       -0.244250
     C   17        0.101781       -0.042649        0.189988
     C   17       -0.244250        0.189988       -0.048415

     Cl  18        0.594734       -0.815499       -1.163856
     Cl  18       -0.815499       -0.422909       -0.792484
     Cl  18       -1.163856       -0.792484       -0.171825

     H   19       -0.238527       -0.043648        0.069823
     H   19       -0.043648        0.249210       -0.147810
     H   19        0.069823       -0.147810       -0.010683

     C   20       -0.114395        0.048327        0.066806
     C   20        0.048327       -0.166786        0.002597
     C   20        0.066806        0.002597        0.281181

     H   21        0.236516       -0.070152        0.461652
     H   21       -0.070152       -0.100129        0.034076
     H   21        0.461652        0.034076       -0.136387

     C   22       -0.928878       -0.062166       -0.139814
     C   22       -0.062166        0.315861       -0.561697
     C   22       -0.139814       -0.561697        0.613018

     C   23        0.184601       -0.359132        0.493489
     C   23       -0.359132       -0.181119        0.081523
     C   23        0.493489        0.081523       -0.003482

     Cl  24        0.324810        0.429658        1.484968
     Cl  24        0.429658       -0.358371       -1.469311
     Cl  24        1.484968       -1.469311        0.033561

     ----- total EFG (symmetrized) -----
     Cl   1       -1.225431       -1.134774        0.566748
     Cl   1       -1.134774        1.425496       -2.249228
     Cl   1        0.566748       -2.249228       -0.200065

     C    2        0.112299       -0.605373       -0.143725
     C    2       -0.605373        0.173935       -0.516390
     C    2       -0.143725       -0.516390       -0.286234

     C    3       -0.327306        0.049099        0.280103
     C    3        0.049099        0.308419       -0.080992
     C    3        0.280103       -0.080992        0.018887

     H    4        0.530934       -0.052443        0.378495
     H    4       -0.052443       -0.607018        0.367502
     H    4        0.378495        0.367502        0.076084

     C    5        0.149032       -0.630181       -0.242083
     C    5       -0.630181        0.235508       -0.395696
     C    5       -0.242083       -0.395696       -0.384540

     H    6       -0.142487        0.271482       -0.021299
     H    6        0.271482       -0.047983        0.498919
     H    6       -0.021299        0.498919        0.190470

     H    7       -0.602262        0.090543        0.312691
     H    7        0.090543        0.728663       -0.407160
     H    7        0.312691       -0.407160       -0.126401

     C    8       -0.048593        0.258938        0.011589
     C    8        0.258938        0.300152       -0.302886
     C    8        0.011589       -0.302886       -0.251559

     H    9        0.207456       -0.172674        0.645264
     H    9       -0.172674       -0.019203       -0.372151
     H    9        0.645264       -0.372151       -0.188252

     C   10        0.153760       -0.065085        0.294880
     C   10       -0.065085       -0.194080       -0.299851
     C   10        0.294880       -0.299851        0.040320

     C   11        0.158816        0.188680       -0.423763
     C   11        0.188680       -0.145966        0.054376
     C   11       -0.423763        0.054376       -0.012850

     Cl  12       -0.606869        1.495124       -0.799570
     Cl  12        1.495124       -1.477567       -0.646048
     Cl  12       -0.799570       -0.646048        2.084437

     H   13       -0.403201       -0.058401       -0.113860
     H   13       -0.058401        0.461065        0.119187
     H   13       -0.113860        0.119187       -0.057864

     C   14        0.074858        0.024127        0.178573
     C   14        0.024127        0.054334       -0.095348
     C   14        0.178573       -0.095348       -0.129192

     H   15       -0.005861        0.247805        0.487602
     H   15        0.247805        0.101527        0.169351
     H   15        0.487602        0.169351       -0.095666

     C   16        0.443392       -0.651196       -0.553788
     C   16       -0.651196       -0.130374       -0.176102
     C   16       -0.553788       -0.176102       -0.313018

     C   17        0.091064        0.101781       -0.244250
     C   17        0.101781       -0.042649        0.189988
     C   17       -0.244250        0.189988       -0.048415

     Cl  18        0.594734       -0.815499       -1.163856
     Cl  18       -0.815499       -0.422909       -0.792484
     Cl  18       -1.163856       -0.792484       -0.171825

     H   19       -0.238527       -0.043648        0.069823
     H   19       -0.043648        0.249210       -0.147810
     H   19        0.069823       -0.147810       -0.010683

     C   20       -0.114395        0.048327        0.066806
     C   20        0.048327       -0.166786        0.002597
     C   20        0.066806        0.002597        0.281181

     H   21        0.236516       -0.070152        0.461652
     H   21       -0.070152       -0.100129        0.034076
     H   21        0.461652        0.034076       -0.136387

     C   22       -0.928878       -0.062166       -0.139814
     C   22       -0.062166        0.315861       -0.561697
     C   22       -0.139814       -0.561697        0.613018

     C   23        0.184601       -0.359132        0.493489
     C   23       -0.359132       -0.181119        0.081523
     C   23        0.493489        0.081523       -0.003482

     Cl  24        0.324810        0.429658        1.484968
     Cl  24        0.429658       -0.358371       -1.469311
     Cl  24        1.484968       -1.469311        0.033561


     NQR/NMR SPECTROSCOPIC PARAMETERS:
     Cl   1    Vxx=   -1.4649    axis=(  0.834042 -0.095405 -0.543389)
     Cl   1    Vyy=   -1.8839    axis=(  0.483983  0.599316  0.637636)
     Cl   1    Vzz=    3.3488    axis=( -0.264828  0.794807 -0.546030)
     Cl   1  Q=        -8.1650 1e-30 m^2  Cq=       -64.2453 MHz  eta= 0.12514

     C    2    Vxx=    0.0337    axis=(  0.661102  0.253502 -0.706174)
     C    2    Vyy=    0.8289    axis=( -0.587164  0.760745 -0.276596)
     C    2    Vzz=   -0.8626    axis=(  0.467100  0.597498  0.651777)
     C    2  Q=         1.0000 1e-30 m^2  Cq=        -2.0268 MHz  eta= 0.92189

     C    3    Vxx=    0.1612    axis=(  0.498262  0.284362  0.819069)
     C    3    Vyy=    0.3308    axis=( -0.055392  0.953197 -0.297232)
     C    3    Vzz=   -0.4920    axis=( -0.865256  0.102730  0.490693)
     C    3  Q=         1.0000 1e-30 m^2  Cq=        -1.1560 MHz  eta= 0.34485

     H    4    Vxx=    0.0396    axis=( -0.512314  0.455372  0.728128)
     H    4    Vyy=    0.7599    axis=( -0.843760 -0.108924 -0.525552)
     H    4    Vzz=   -0.7995    axis=(  0.160011  0.883613 -0.440028)
     H    4  Q=         1.0000 1e-30 m^2  Cq=        -1.8786 MHz  eta= 0.90092

     C    5    Vxx=    0.0257    axis=(  0.579271  0.388585 -0.716552)
     C    5    Vyy=    0.8383    axis=( -0.647852  0.752975 -0.115395)
     C    5    Vzz=   -0.8641    axis=(  0.494705  0.531065  0.687922)
     C    5  Q=         1.0000 1e-30 m^2  Cq=        -2.0303 MHz  eta= 0.94040

     H    6    Vxx=   -0.0485    axis=(  0.848638  0.257540 -0.462046)
     H    6    Vyy=   -0.5680    axis=( -0.486250  0.723703 -0.489708)
     H    6    Vzz=    0.6165    axis=(  0.208265  0.640255  0.739391)
     H    6  Q=         1.0000 1e-30 m^2  Cq=         1.4485 MHz  eta= 0.84265

     H    7    Vxx=   -0.0863    axis=(  0.530873  0.330824  0.780211)
     H    7    Vyy=   -0.8060    axis=(  0.847145 -0.182393 -0.499077)
     H    7    Vzz=    0.8923    axis=(  0.022802 -0.925898  0.377084)
     H    7  Q=         1.0000 1e-30 m^2  Cq=         2.0964 MHz  eta= 0.80660

     C    8    Vxx=   -0.1022    axis=(  0.859668 -0.199080  0.470466)
     C    8    Vyy=   -0.4274    axis=( -0.340976  0.462164  0.818621)
     C    8    Vzz=    0.5296    axis=( -0.380403 -0.864160  0.329426)
     C    8  Q=         1.0000 1e-30 m^2  Cq=         1.2443 MHz  eta= 0.61399

     H    9    Vxx=   -0.1121    axis=(  0.498243  0.866912 -0.014764)
     H    9    Vyy=   -0.7280    axis=( -0.502691  0.302703  0.809736)
     H    9    Vzz=    0.8401    axis=(  0.706439 -0.396023  0.586609)
     H    9  Q=         1.0000 1e-30 m^2  Cq=         1.9738 MHz  eta= 0.73310

     C   10    Vxx=   -0.0632    axis=(  0.718202  0.567015 -0.403335)
     C   10    Vyy=   -0.4262    axis=( -0.235059  0.743268  0.626338)
     C   10    Vzz=    0.4894    axis=( -0.654929  0.355029 -0.667099)
     C   10  Q=         1.0000 1e-30 m^2  Cq=         1.1499 MHz  eta= 0.74162

     C   11    Vxx=   -0.0755    axis=(  0.181255  0.857263  0.481920)
     C   11    Vyy=   -0.4493    axis=(  0.596211 -0.485501  0.639392)
     C   11    Vzz=    0.5248    axis=( -0.782099 -0.171433  0.599109)
     C   11  Q=         1.0000 1e-30 m^2  Cq=         1.2330 MHz  eta= 0.71225

     Cl  12    Vxx=    0.0071    axis=(  0.720768  0.532992  0.443185)
     Cl  12    Vyy=    2.5926    axis=( -0.350697 -0.271103  0.896390)
     Cl  12    Vzz=   -2.5997    axis=( -0.597918  0.801513  0.008483)
     Cl  12  Q=        -8.1650 1e-30 m^2  Cq=        49.8748 MHz  eta= 0.99454

     H   13    Vxx=   -0.0567    axis=( -0.265267 -0.244591  0.932635)
     H   13    Vyy=   -0.4379    axis=( -0.959779 -0.025280 -0.279617)
     H   13    Vzz=    0.4946    axis=( -0.091969  0.969297  0.228048)
     H   13  Q=         1.0000 1e-30 m^2  Cq=         1.1622 MHz  eta= 0.77060

     C   14    Vxx=    0.0762    axis=(  0.353974  0.927173 -0.122687)
     C   14    Vyy=    0.1852    axis=( -0.811325  0.239160 -0.533436)
     C   14    Vzz=   -0.2613    axis=( -0.465246  0.288362  0.836895)
     C   14  Q=         1.0000 1e-30 m^2  Cq=        -0.6140 MHz  eta= 0.41709

     H   15    Vxx=   -0.0688    axis=(  0.320701 -0.860460  0.395929)
     H   15    Vyy=   -0.5436    axis=(  0.688629 -0.075194 -0.721205)
     H   15    Vzz=    0.6123    axis=(  0.650339  0.503939  0.568423)
     H   15  Q=         1.0000 1e-30 m^2  Cq=         1.4388 MHz  eta= 0.77543

     C   16    Vxx=   -0.0547    axis=(  0.112376  0.692213 -0.712890)
     C   16    Vyy=   -0.9293    axis=(  0.525088  0.567715  0.634021)
     C   16    Vzz=    0.9841    axis=(  0.843596 -0.445579 -0.299675)
     C   16  Q=         1.0000 1e-30 m^2  Cq=         2.3122 MHz  eta= 0.88877

     C   17    Vxx=    0.0913    axis=( -0.446025 -0.826340 -0.343836)
     C   17    Vyy=    0.2800    axis=( -0.754052  0.139988  0.641724)
     C   17    Vzz=   -0.3714    axis=(  0.482149 -0.545495  0.685541)
     C   17  Q=         1.0000 1e-30 m^2  Cq=        -0.8726 MHz  eta= 0.50809

     Cl  18    Vxx=    0.4165    axis=(  0.236069 -0.778459  0.581612)
     Cl  18    Vyy=    1.4647    axis=(  0.837691 -0.140315 -0.527812)
     Cl  18    Vzz=   -1.8811    axis=( -0.492489 -0.611811 -0.618984)
     Cl  18  Q=        -8.1650 1e-30 m^2  Cq=        36.0887 MHz  eta= 0.55720

     H   19    Vxx=   -0.0663    axis=(  0.239786  0.438902  0.865949)
     H   19    Vyy=   -0.2582    axis=( -0.963136 -0.004497  0.268977)
     H   19    Vzz=    0.3245    axis=(  0.121948 -0.898524  0.421644)
     H   19  Q=         1.0000 1e-30 m^2  Cq=         0.7624 MHz  eta= 0.59158

     C   20    Vxx=   -0.0946    axis=(  0.824161  0.546046 -0.150307)
     C   20    Vyy=   -0.1978    axis=(  0.541890 -0.837442 -0.071034)
     C   20    Vzz=    0.2924    axis=(  0.164661  0.022906  0.986084)
     C   20  Q=         1.0000 1e-30 m^2  Cq=         0.6870 MHz  eta= 0.35321

     H   21    Vxx=   -0.0898    axis=(  0.053546 -0.980917 -0.186908)
     H   21    Vyy=   -0.4605    axis=(  0.555539  0.184799 -0.810695)
     H   21    Vzz=    0.5503    axis=(  0.829765 -0.060425  0.554833)
     H   21  Q=         1.0000 1e-30 m^2  Cq=         1.2930 MHz  eta= 0.67362

     C   22    Vxx=   -0.0950    axis=( -0.158421  0.788504  0.594277)
     C   22    Vyy=   -0.9532    axis=( -0.986674 -0.103796 -0.125306)
     C   22    Vzz=    1.0482    axis=( -0.037120 -0.606208  0.794439)
     C   22  Q=         1.0000 1e-30 m^2  Cq=         2.4628 MHz  eta= 0.81875

     C   23    Vxx=   -0.0354    axis=(  0.166205 -0.760590 -0.627598)
     C   23    Vyy=   -0.6239    axis=(  0.595794  0.584602 -0.550700)
     C   23    Vzz=    0.6593    axis=( -0.785751  0.282390 -0.550319)
     C   23  Q=         1.0000 1e-30 m^2  Cq=         1.5491 MHz  eta= 0.89270

     Cl  24    Vxx=    0.3985    axis=( -0.670337 -0.721034  0.175377)
     Cl  24    Vyy=    1.9332    axis=(  0.578987 -0.360387  0.731365)
     Cl  24    Vzz=   -2.3316    axis=(  0.464136 -0.591803 -0.659050)
     Cl  24  Q=        -8.1650 1e-30 m^2  Cq=        44.7308 MHz  eta= 0.65821

     Initialization:
     gipaw_setup  :      9.31s CPU     11.12s WALL (       1 calls)

     Linear response

     Apply operators

     Induced current

     Other routines
     efg          :      9.22s CPU     11.38s WALL (       1 calls)

     General routines
     calbec       :      3.16s CPU      4.10s WALL (      16 calls)
     fft          :      1.93s CPU      3.31s WALL (      15 calls)
     ffts         :      0.06s CPU      0.09s WALL (       2 calls)
     fftw         :      3.25s CPU      3.83s WALL (     672 calls)
     davcio       :      0.02s CPU      0.31s WALL (      32 calls)

     Parallel routines
     fft_scatter  :      2.45s CPU      4.32s WALL (     689 calls)

     Plugins

     GIPAW        :     61.48s CPU     74.82s WALL (       1 calls)
