
     Program QE v.6.0 (svn rev. 13079) starts on  2Jan2017 at 11:10:45 

     This program is part of the open-source Quantum ESPRESSO suite
     for quantum simulation of materials; please cite
         "P. Giannozzi et al., J. Phys.:Condens. Matter 21 395502 (2009);
          URL http://www.quantum-espresso.org", 
     in publications or presentations arising from this work. More details at
     http://www.quantum-espresso.org/quote

     Parallel version (MPI), running on     8 processors
     R & G space division:  proc/nbgrp/npool/nimage =       8

     ***** This is GIPAW svn revision unknown      *****

     Parallelizing q-star over 1 images

     Reading data from directory:
     /users/majewski/paradichlorobenzene/pbe/9_constraint/scratch/pbe.ecut100.np8.dt60.pcl2phi-129368.save
     Message from routine read_xml_file:
     file /users/majewski/paradichlorobenzene/pbe/9_constraint/scratch/pbe.ecut100.np8.dt60.pcl2phi-129368.save not guaranteed to be safe for post-processing

   Info: using nr1, nr2, nr3 values from input

   Info: using nr1, nr2, nr3 values from input

     IMPORTANT: XC functional enforced from input :
     Exchange-correlation      =  SLA  PW   PBX  PBC ( 1  4  3  4 0 0)
     Any further DFT definition will be discarded
     Please, verify this is what you really want

               file C.pbe-n-kjpaw_psl.1.0.0.UPF: wavefunction(s)  2S 2P renormalized
               file Cl.pbe-n-kjpaw_psl.1.0.0.UPF: wavefunction(s)  3S 3P renormalized
               file H.pbe-kjpaw_psl.1.0.0.UPF: wavefunction(s)  1S renormalized

     Parallelization info
     --------------------
     sticks:   dense  smooth     PW     G-vecs:    dense   smooth      PW
     Min        3057    1223    332               144436    36536    5170
     Max        3059    1225    333               144437    36537    5171
     Sum       24467    9791   2657              1155489   292295   41363


     Subspace diagonalization in iterative solution of the eigenvalue problem:
     a serial algorithm will be used

     GIPAW projectors -----------------------------------------------
     atom=  C    l=0  rc=    1.2000  rs=    0.8000
     atom=  C    l=0  rc=    1.2000  rs=    0.8000
     atom=  C    l=1  rc=    1.4000  rs=    0.9333
     atom=  C    l=1  rc=    1.4000  rs=    0.9333
     projs nearly linearly dependent: l=1  n1,n2= 1, 2  s=  0.99951561

     atom=  Cl   l=0  rc=    1.6000  rs=    1.0667
     atom=  Cl   l=0  rc=    1.6000  rs=    1.0667
     atom=  Cl   l=1  rc=    1.6000  rs=    1.0667
     atom=  Cl   l=1  rc=    1.6000  rs=    1.0667
     atom=  Cl   l=2  rc=    1.6000  rs=    1.0667
     atom=  Cl   l=2  rc=    1.6000  rs=    1.0667
     projs nearly linearly dependent: l=2  n1,n2= 1, 2  s=  0.99993509

     atom=  H    l=0  rc=    1.0000  rs=    0.6667
     atom=  H    l=0  rc=    1.0000  rs=    0.6667
     projs nearly linearly dependent: l=0  n1,n2= 1, 2  s=  0.99968852
     -----------------------------------------------------------------

     GIPAW integrals: -------------------------------------------
     Atom  i/j   nmr_para   nmr_dia   epr_rmc  epr_para   epr_dia
       C   1 1   0.83E+03  0.17E-01  0.93E+01  0.24E+08  0.24E+03
       C   2 1   0.86E+03 -0.61E-01  0.94E+01  0.25E+08  0.25E+03
       C   2 2   0.90E+03 -0.15E+00  0.97E+01  0.26E+08  0.26E+03
       C   3 3   0.33E+01  0.34E+00  0.18E+01  0.55E+03  0.21E+02
       C   4 3   0.35E+01  0.37E+00  0.20E+01  0.59E+03  0.22E+02
       C   4 4   0.38E+01  0.39E+00  0.22E+01  0.63E+03  0.24E+02
       Cl  1 1   0.14E+04 -0.47E+00  0.84E+01  0.32E+09  0.42E+03
       Cl  2 1   0.21E+04 -0.37E+00  0.12E+02  0.49E+09  0.65E+03
       Cl  2 2   0.33E+04 -0.16E+00  0.21E+02  0.76E+09  0.10E+04
       Cl  3 3   0.21E+02  0.79E-01  0.89E+01  0.23E+05  0.13E+03
       Cl  4 3   0.24E+02  0.67E-01  0.99E+01  0.27E+05  0.15E+03
       Cl  4 4   0.28E+02  0.44E-01  0.11E+02  0.32E+05  0.18E+03
       Cl  5 5   0.77E+00  0.19E+00  0.18E+01  0.12E+03  0.22E+02
       Cl  6 5   0.80E+00  0.19E+00  0.19E+01  0.12E+03  0.23E+02
       Cl  6 6   0.83E+00  0.20E+00  0.19E+01  0.12E+03  0.23E+02
       H   1 1   0.39E+02  0.19E+00  0.29E+00  0.78E+05  0.13E+02
       H   2 1   0.41E+02  0.21E+00  0.32E+00  0.82E+05  0.14E+02
       H   2 2   0.43E+02  0.22E+00  0.36E+00  0.86E+05  0.15E+02
     ------------------------------------------------------------

     alpha_pv=     34.1698 eV

     Number of occupied bands for each k-point:
     k-point:     1    nbnd_occ=  42
     k-point:     2    nbnd_occ=  42
     k-point:     3    nbnd_occ=  42
     k-point:     4    nbnd_occ=  42
     k-point:     5    nbnd_occ=  42
     k-point:     6    nbnd_occ=  42
     k-point:     7    nbnd_occ=  42
     k-point:     8    nbnd_occ=  42
     k-point:     9    nbnd_occ=  42
     k-point:    10    nbnd_occ=  42
     k-point:    11    nbnd_occ=  42
     k-point:    12    nbnd_occ=  42
     k-point:    13    nbnd_occ=  42
     k-point:    14    nbnd_occ=  42
     k-point:    15    nbnd_occ=  42
     k-point:    16    nbnd_occ=  42


     q-space interpolation up to   110.00 Rydberg

     GIPAW job: efg                                                                             


     ELECTRIC FIELD GRADIENTS TENSORS IN Hartree/bohrradius^2:

     ----- bare term -----
     Cl   1        0.113480       -0.029959       -0.114853
     Cl   1       -0.029959       -0.035062       -0.039851
     Cl   1       -0.114853       -0.039851       -0.078418

     C    2       -0.120612        0.263327       -0.223256
     C    2        0.263327       -0.229986       -0.465298
     C    2       -0.223256       -0.465298        0.350597

     C    3       -0.137764        0.180883       -0.384696
     C    3        0.180883       -0.189380       -0.497099
     C    3       -0.384696       -0.497099        0.327143

     H    4       -0.360021       -0.517795       -0.224478
     H    4       -0.517795        0.012354       -0.049450
     H    4       -0.224478       -0.049450        0.347667

     C    5       -0.466077        0.322077       -0.279798
     C    5        0.322077        0.023849       -0.308241
     C    5       -0.279798       -0.308241        0.442228

     H    6        0.348000       -0.134738       -0.042247
     H    6       -0.134738       -0.537040       -0.455383
     H    6       -0.042247       -0.455383        0.189039

     H    7        0.468975        0.022037        0.022215
     H    7        0.022037       -0.114666        0.541762
     H    7        0.022215        0.541762       -0.354309

     C    8       -0.184628       -0.353518       -0.107022
     C    8       -0.353518       -0.326614        0.388541
     C    8       -0.107022        0.388541        0.511242

     H    9       -0.600711        0.394181       -0.221711
     H    9        0.394181        0.295297        0.108899
     H    9       -0.221711        0.108899        0.305414

     C   10       -0.291624       -0.277203       -0.339629
     C   10       -0.277203       -0.057718        0.409604
     C   10       -0.339629        0.409604        0.349342

     C   11       -0.177003       -0.023739       -0.305914
     C   11       -0.023739       -0.015113        0.709250
     C   11       -0.305914        0.709250        0.192117

     Cl  12       -0.097281       -0.149557       -0.108670
     Cl  12       -0.149557        0.045156        0.155960
     Cl  12       -0.108670        0.155960        0.052125

     H   13        0.394091       -0.013337       -0.008734
     H   13       -0.013337       -0.488692       -0.543227
     H   13       -0.008734       -0.543227        0.094601

     C   14       -0.254674       -0.060921       -0.366133
     C   14       -0.060921       -0.013070       -0.530130
     C   14       -0.366133       -0.530130        0.267744

     H   15       -0.197168       -0.455245       -0.258621
     H   15       -0.455245       -0.187125        0.000916
     H   15       -0.258621        0.000916        0.384292

     C   16       -0.496466        0.336449       -0.088048
     C   16        0.336449        0.079611       -0.439223
     C   16       -0.088048       -0.439223        0.416856

     C   17       -0.205977       -0.114445       -0.289209
     C   17       -0.114445       -0.006882       -0.699584
     C   17       -0.289209       -0.699584        0.212859

     Cl  18       -0.186762        0.221390       -0.012729
     Cl  18        0.221390        0.022277       -0.088090
     Cl  18       -0.012729       -0.088090        0.164485

     H   19        0.271357        0.029765       -0.328289
     H   19        0.029765       -0.171309        0.438164
     H   19       -0.328289        0.438164       -0.100047

     C   20       -0.400783       -0.338972       -0.270465
     C   20       -0.338972       -0.055262        0.337708
     C   20       -0.270465        0.337708        0.456046

     H   21       -0.574111        0.216444        0.107645
     H   21        0.216444        0.438539        0.154190
     H   21        0.107645        0.154190        0.135572

     C   22       -0.060896       -0.177754       -0.213471
     C   22       -0.177754       -0.447103        0.448220
     C   22       -0.213471        0.448220        0.507999

     C   23       -0.456708       -0.062012       -0.335279
     C   23       -0.062012        0.019053        0.307971
     C   23       -0.335279        0.307971        0.437655

     Cl  24       -0.071198       -0.082989        0.022339
     Cl  24       -0.082989       -0.019000       -0.027492
     Cl  24        0.022339       -0.027492        0.090198

     ----- ionic term -----
     Cl   1        0.153124       -0.211546       -0.010923
     Cl   1       -0.211546       -0.010910        0.006981
     Cl   1       -0.010923        0.006981       -0.142215

     C    2        0.204711       -0.132020        0.183591
     C    2       -0.132020        0.148726        0.394001
     C    2        0.183591        0.394001       -0.353437

     C    3        0.234433       -0.177543        0.114258
     C    3       -0.177543        0.180382        0.397330
     C    3        0.114258        0.397330       -0.414816

     H    4        0.574093        0.514390        0.534079
     H    4        0.514390       -0.269397        0.314722
     H    4        0.534079        0.314722       -0.304695

     C    5        0.436960       -0.143188        0.157624
     C    5       -0.143188        0.041781        0.294699
     C    5        0.157624        0.294699       -0.478741

     H    6       -0.495013        0.061889        0.029586
     H    6        0.061889        0.812295        0.611495
     H    6        0.029586        0.611495       -0.317282

     H    7       -0.497477        0.030389        0.005135
     H    7        0.030389        0.480462       -0.780906
     H    7        0.005135       -0.780906        0.017014

     C    8        0.321590        0.210791        0.191817
     C    8        0.210791       -0.033996       -0.347594
     C    8        0.191817       -0.347594       -0.287594

     H    9        0.739721       -0.354440        0.534146
     H    9       -0.354440       -0.448169       -0.230885
     H    9        0.534146       -0.230885       -0.291552

     C   10        0.211250        0.202026        0.117468
     C   10        0.202026        0.050773       -0.436532
     C   10        0.117468       -0.436532       -0.262023

     C   11        0.226313        0.105827        0.172234
     C   11        0.105827        0.033746       -0.425476
     C   11        0.172234       -0.425476       -0.260058

     Cl  12        0.129348        0.194992       -0.009669
     Cl  12        0.194992        0.008539       -0.011230
     Cl  12       -0.009669       -0.011230       -0.137887

     H   13       -0.519875        0.076291        0.056875
     H   13        0.076291        0.529086        0.767399
     H   13        0.056875        0.767399       -0.009212

     C   14        0.318052       -0.151059        0.165545
     C   14       -0.151059        0.001872        0.344171
     C   14        0.165545        0.344171       -0.319924

     H   15        0.614066        0.366776        0.626315
     H   15        0.366776       -0.389996        0.279041
     H   15        0.626315        0.279041       -0.224070

     C   16        0.227347       -0.204620        0.112403
     C   16       -0.204620        0.099001        0.407023
     C   16        0.112403        0.407023       -0.326348

     C   17        0.326771       -0.126096        0.157848
     C   17       -0.126096        0.058264        0.390597
     C   17        0.157848        0.390597       -0.385035

     Cl  18        0.179333       -0.211091       -0.006964
     Cl  18       -0.211091       -0.022039        0.018405
     Cl  18       -0.006964        0.018405       -0.157294

     H   19       -0.525931       -0.160893        0.109824
     H   19       -0.160893        0.465041       -0.800167
     H   19        0.109824       -0.800167        0.060890

     C   20        0.271642        0.133648        0.125424
     C   20        0.133648        0.053650       -0.361179
     C   20        0.125424       -0.361179       -0.325292

     H   21        0.855227       -0.410468        0.418671
     H   21       -0.410468       -0.387308       -0.190926
     H   21        0.418671       -0.190926       -0.467919

     C   22        0.172642        0.170193        0.072638
     C   22        0.170193        0.213952       -0.450389
     C   22        0.072638       -0.450389       -0.386594

     C   23        0.156888        0.137472        0.215429
     C   23        0.137472        0.153553       -0.469897
     C   23        0.215429       -0.469897       -0.310441

     Cl  24        0.111689        0.220813       -0.030323
     Cl  24        0.220813        0.028803       -0.035005
     Cl  24       -0.030323       -0.035005       -0.140492

     ----- GIPAW term -----
     Cl   1        2.326340       -2.054552       -1.065285
     Cl   1       -2.054552       -0.444860       -0.301541
     Cl   1       -1.065285       -0.301541       -1.881480

     C    2        0.130138       -0.090231       -0.019159
     C    2       -0.090231       -0.069005       -0.070371
     C    2       -0.019159       -0.070371       -0.061133

     C    3        0.030593        0.046189       -0.147357
     C    3        0.046189       -0.045929       -0.095263
     C    3       -0.147357       -0.095263        0.015336

     H    4       -0.000000        0.000000        0.000000
     H    4        0.000000        0.000000        0.000000
     H    4        0.000000        0.000000        0.000000

     C    5       -0.058973       -0.010703       -0.028176
     C    5       -0.010703        0.036516       -0.050841
     C    5       -0.028176       -0.050841        0.022457

     H    6       -0.000000        0.000000        0.000000
     H    6        0.000000        0.000000        0.000000
     H    6        0.000000        0.000000        0.000000

     H    7       -0.000000        0.000000        0.000000
     H    7        0.000000        0.000000        0.000000
     H    7        0.000000        0.000000        0.000000

     C    8       -0.027528       -0.090057        0.068393
     C    8       -0.090057       -0.138619        0.027606
     C    8        0.068393        0.027606        0.166147

     H    9       -0.000000        0.000000        0.000000
     H    9        0.000000        0.000000        0.000000
     H    9        0.000000        0.000000        0.000000

     C   10       -0.037430       -0.093856       -0.080195
     C   10       -0.093856        0.027030        0.055431
     C   10       -0.080195        0.055431        0.010401

     C   11       -0.050315        0.042338       -0.094530
     C   11        0.042338        0.079138        0.248775
     C   11       -0.094530        0.248775       -0.028823

     Cl  12        0.458524        0.599280       -1.262637
     Cl  12        0.599280        0.417367        1.684119
     Cl  12       -1.262637        1.684119       -0.875892

     H   13       -0.000000        0.000000        0.000000
     H   13        0.000000        0.000000        0.000000
     H   13        0.000000        0.000000        0.000000

     C   14       -0.043701       -0.100430       -0.038748
     C   14       -0.100430        0.074474       -0.155311
     C   14       -0.038748       -0.155311       -0.030774

     H   15       -0.000000        0.000000        0.000000
     H   15        0.000000        0.000000        0.000000
     H   15        0.000000        0.000000        0.000000

     C   16       -0.200703        0.020078       -0.000747
     C   16        0.020078        0.175060       -0.205173
     C   16       -0.000747       -0.205173        0.025643

     C   17       -0.089466       -0.092461       -0.052551
     C   17       -0.092461        0.054617       -0.262008
     C   17       -0.052551       -0.262008        0.034849

     Cl  18       -0.978635       -0.492135       -0.486237
     Cl  18       -0.492135        0.633547       -2.324418
     Cl  18       -0.486237       -2.324418        0.345088

     H   19       -0.000000        0.000000        0.000000
     H   19        0.000000        0.000000        0.000000
     H   19        0.000000        0.000000        0.000000

     C   20       -0.028893       -0.017467       -0.025729
     C   20       -0.017467       -0.015025        0.063335
     C   20       -0.025729        0.063335        0.043917

     H   21       -0.000000        0.000000        0.000000
     H   21        0.000000        0.000000        0.000000
     H   21        0.000000        0.000000        0.000000

     C   22       -0.087013        0.012578       -0.075623
     C   22        0.012578       -0.095448       -0.055653
     C   22       -0.075623       -0.055653        0.182461

     C   23       -0.063667        0.087452       -0.000923
     C   23        0.087452       -0.019890       -0.042887
     C   23       -0.000923       -0.042887        0.083556

     Cl  24       -0.462589        0.838082        1.093629
     Cl  24        0.838082       -1.067771       -1.326296
     Cl  24        1.093629       -1.326296        1.530361

     ----- total EFG -----
     Cl   1        2.592944       -2.296057       -1.191062
     Cl   1       -2.296057       -0.490832       -0.334411
     Cl   1       -1.191062       -0.334411       -2.102112

     C    2        0.214237        0.041076       -0.058823
     C    2        0.041076       -0.150265       -0.141668
     C    2       -0.058823       -0.141668       -0.063972

     C    3        0.127263        0.049528       -0.417795
     C    3        0.049528       -0.054926       -0.195032
     C    3       -0.417795       -0.195032       -0.072337

     H    4        0.214072       -0.003405        0.309601
     H    4       -0.003405       -0.257043        0.265273
     H    4        0.309601        0.265273        0.042972

     C    5       -0.088090        0.168186       -0.150350
     C    5        0.168186        0.102146       -0.064384
     C    5       -0.150350       -0.064384       -0.014056

     H    6       -0.147013       -0.072849       -0.012660
     H    6       -0.072849        0.275255        0.156113
     H    6       -0.012660        0.156113       -0.128243

     H    7       -0.028501        0.052426        0.027350
     H    7        0.052426        0.365796       -0.239144
     H    7        0.027350       -0.239144       -0.337295

     C    8        0.109434       -0.232783        0.153187
     C    8       -0.232783       -0.499228        0.068553
     C    8        0.153187        0.068553        0.389795

     H    9        0.139009        0.039741        0.312435
     H    9        0.039741       -0.152872       -0.121985
     H    9        0.312435       -0.121985        0.013862

     C   10       -0.117804       -0.169033       -0.302356
     C   10       -0.169033        0.020084        0.028503
     C   10       -0.302356        0.028503        0.097720

     C   11       -0.001006        0.124426       -0.228210
     C   11        0.124426        0.097770        0.532549
     C   11       -0.228210        0.532549       -0.096764

     Cl  12        0.490592        0.644715       -1.380976
     Cl  12        0.644715        0.471061        1.828849
     Cl  12       -1.380976        1.828849       -0.961653

     H   13       -0.125784        0.062954        0.048141
     H   13        0.062954        0.040394        0.224172
     H   13        0.048141        0.224172        0.085390

     C   14        0.019677       -0.312410       -0.239336
     C   14       -0.312410        0.063277       -0.341270
     C   14       -0.239336       -0.341270       -0.082954

     H   15        0.416898       -0.088469        0.367693
     H   15       -0.088469       -0.577121        0.279957
     H   15        0.367693        0.279957        0.160222

     C   16       -0.469823        0.151907        0.023607
     C   16        0.151907        0.353672       -0.237373
     C   16        0.023607       -0.237373        0.116151

     C   17        0.031328       -0.333002       -0.183913
     C   17       -0.333002        0.106000       -0.570995
     C   17       -0.183913       -0.570995       -0.137328

     Cl  18       -0.986064       -0.481837       -0.505930
     Cl  18       -0.481837        0.633785       -2.394103
     Cl  18       -0.505930       -2.394103        0.352278

     H   19       -0.254575       -0.131128       -0.218465
     H   19       -0.131128        0.293732       -0.362003
     H   19       -0.218465       -0.362003       -0.039158

     C   20       -0.158034       -0.222791       -0.170771
     C   20       -0.222791       -0.016637        0.039864
     C   20       -0.170771        0.039864        0.174671

     H   21        0.281115       -0.194025        0.526316
     H   21       -0.194025        0.051231       -0.036736
     H   21        0.526316       -0.036736       -0.332346

     C   22        0.024733        0.005018       -0.216456
     C   22        0.005018       -0.328599       -0.057822
     C   22       -0.216456       -0.057822        0.303866

     C   23       -0.363487        0.162911       -0.120774
     C   23        0.162911        0.152717       -0.204813
     C   23       -0.120774       -0.204813        0.210770

     Cl  24       -0.422098        0.975906        1.085645
     Cl  24        0.975906       -1.057969       -1.388792
     Cl  24        1.085645       -1.388792        1.480066

     ----- total EFG (symmetrized) -----
     Cl   1        2.592944       -2.296057       -1.191062
     Cl   1       -2.296057       -0.490832       -0.334411
     Cl   1       -1.191062       -0.334411       -2.102112

     C    2        0.214237        0.041076       -0.058823
     C    2        0.041076       -0.150265       -0.141668
     C    2       -0.058823       -0.141668       -0.063972

     C    3        0.127263        0.049528       -0.417795
     C    3        0.049528       -0.054926       -0.195032
     C    3       -0.417795       -0.195032       -0.072337

     H    4        0.214072       -0.003405        0.309601
     H    4       -0.003405       -0.257043        0.265273
     H    4        0.309601        0.265273        0.042972

     C    5       -0.088090        0.168186       -0.150350
     C    5        0.168186        0.102146       -0.064384
     C    5       -0.150350       -0.064384       -0.014056

     H    6       -0.147013       -0.072849       -0.012660
     H    6       -0.072849        0.275255        0.156113
     H    6       -0.012660        0.156113       -0.128243

     H    7       -0.028501        0.052426        0.027350
     H    7        0.052426        0.365796       -0.239144
     H    7        0.027350       -0.239144       -0.337295

     C    8        0.109434       -0.232783        0.153187
     C    8       -0.232783       -0.499228        0.068553
     C    8        0.153187        0.068553        0.389795

     H    9        0.139009        0.039741        0.312435
     H    9        0.039741       -0.152872       -0.121985
     H    9        0.312435       -0.121985        0.013862

     C   10       -0.117804       -0.169033       -0.302356
     C   10       -0.169033        0.020084        0.028503
     C   10       -0.302356        0.028503        0.097720

     C   11       -0.001006        0.124426       -0.228210
     C   11        0.124426        0.097770        0.532549
     C   11       -0.228210        0.532549       -0.096764

     Cl  12        0.490592        0.644715       -1.380976
     Cl  12        0.644715        0.471061        1.828849
     Cl  12       -1.380976        1.828849       -0.961653

     H   13       -0.125784        0.062954        0.048141
     H   13        0.062954        0.040394        0.224172
     H   13        0.048141        0.224172        0.085390

     C   14        0.019677       -0.312410       -0.239336
     C   14       -0.312410        0.063277       -0.341270
     C   14       -0.239336       -0.341270       -0.082954

     H   15        0.416898       -0.088469        0.367693
     H   15       -0.088469       -0.577121        0.279957
     H   15        0.367693        0.279957        0.160222

     C   16       -0.469823        0.151907        0.023607
     C   16        0.151907        0.353672       -0.237373
     C   16        0.023607       -0.237373        0.116151

     C   17        0.031328       -0.333002       -0.183913
     C   17       -0.333002        0.106000       -0.570995
     C   17       -0.183913       -0.570995       -0.137328

     Cl  18       -0.986064       -0.481837       -0.505930
     Cl  18       -0.481837        0.633785       -2.394103
     Cl  18       -0.505930       -2.394103        0.352278

     H   19       -0.254575       -0.131128       -0.218465
     H   19       -0.131128        0.293732       -0.362003
     H   19       -0.218465       -0.362003       -0.039158

     C   20       -0.158034       -0.222791       -0.170771
     C   20       -0.222791       -0.016637        0.039864
     C   20       -0.170771        0.039864        0.174671

     H   21        0.281115       -0.194025        0.526316
     H   21       -0.194025        0.051231       -0.036736
     H   21        0.526316       -0.036736       -0.332346

     C   22        0.024733        0.005018       -0.216456
     C   22        0.005018       -0.328599       -0.057822
     C   22       -0.216456       -0.057822        0.303866

     C   23       -0.363487        0.162911       -0.120774
     C   23        0.162911        0.152717       -0.204813
     C   23       -0.120774       -0.204813        0.210770

     Cl  24       -0.422098        0.975906        1.085645
     Cl  24        0.975906       -1.057969       -1.388792
     Cl  24        1.085645       -1.388792        1.480066


     NQR/NMR SPECTROSCOPIC PARAMETERS:
     Cl   1    Vxx=   -1.0913    axis=(  0.283848  0.759251 -0.585635)
     Cl   1    Vyy=   -2.8603    axis=( -0.373911 -0.474762 -0.796738)
     Cl   1    Vzz=    3.9516    axis=( -0.882962  0.445127  0.149132)
     Cl   1  Q=        -8.1650 1e-30 m^2  Cq=       -75.8099 MHz  eta= 0.44768

     C    2    Vxx=    0.0151    axis=(  0.338878 -0.562053  0.754492)
     C    2    Vyy=    0.2401    axis=( -0.940820 -0.198658  0.274578)
     C    2    Vzz=   -0.2552    axis=( -0.004442 -0.802889 -0.596111)
     C    2  Q=         1.0000 1e-30 m^2  Cq=        -0.5997 MHz  eta= 0.88134

     C    3    Vxx=   -0.0604    axis=(  0.419681 -0.904022  0.081318)
     C    3    Vyy=   -0.4437    axis=(  0.540990  0.321069  0.777332)
     C    3    Vzz=    0.5040    axis=( -0.728834 -0.282239  0.623813)
     C    3  Q=         1.0000 1e-30 m^2  Cq=         1.1843 MHz  eta= 0.76043

     H    4    Vxx=   -0.0299    axis=( -0.627985  0.595122  0.501462)
     H    4    Vyy=   -0.4567    axis=(  0.270119  0.770992 -0.576721)
     H    4    Vzz=    0.4866    axis=( -0.729843 -0.226718 -0.644925)
     H    4  Q=         1.0000 1e-30 m^2  Cq=         1.1433 MHz  eta= 0.87700

     C    5    Vxx=   -0.0290    axis=(  0.188387 -0.616901 -0.764162)
     C    5    Vyy=   -0.2377    axis=(  0.826171 -0.321147  0.462932)
     C    5    Vzz=    0.2667    axis=(  0.530992  0.718539 -0.449165)
     C    5  Q=         1.0000 1e-30 m^2  Cq=         0.6266 MHz  eta= 0.78276

     H    6    Vxx=   -0.1533    axis=(  0.916377  0.009990  0.400193)
     H    6    Vyy=   -0.1862    axis=( -0.371755 -0.349601  0.859987)
     H    6    Vzz=    0.3396    axis=( -0.148499  0.936845  0.316652)
     H    6  Q=         1.0000 1e-30 m^2  Cq=         0.7978 MHz  eta= 0.09688

     H    7    Vxx=   -0.0278    axis=(  0.990209 -0.053581  0.128897)
     H    7    Vyy=   -0.4154    axis=(  0.107382 -0.297602 -0.948632)
     H    7    Vzz=    0.4432    axis=(  0.089188  0.953185 -0.288934)
     H    7  Q=         1.0000 1e-30 m^2  Cq=         1.0413 MHz  eta= 0.87465

     C    8    Vxx=    0.1331    axis=( -0.841652  0.354033  0.407777)
     C    8    Vyy=    0.4584    axis=(  0.422732 -0.037939  0.905460)
     C    8    Vzz=   -0.5916    axis=(  0.336033  0.934463 -0.117729)
     C    8  Q=         1.0000 1e-30 m^2  Cq=        -1.3900 MHz  eta= 0.54990

     H    9    Vxx=   -0.0730    axis=(  0.427265  0.813993 -0.393522)
     H    9    Vyy=   -0.3261    axis=( -0.489735  0.574232  0.656061)
     H    9    Vzz=    0.3992    axis=( -0.760002  0.087591 -0.643991)
     H    9  Q=         1.0000 1e-30 m^2  Cq=         0.9379 MHz  eta= 0.63405

     C   10    Vxx=    0.0140    axis=( -0.047614  0.880563 -0.471531)
     C   10    Vyy=    0.3571    axis=(  0.588740 -0.356611 -0.725405)
     C   10    Vzz=   -0.3711    axis=( -0.806919 -0.312149 -0.501443)
     C   10  Q=         1.0000 1e-30 m^2  Cq=        -0.8719 MHz  eta= 0.92475

     C   11    Vxx=    0.0954    axis=( -0.923159 -0.317253  0.217089)
     C   11    Vyy=    0.5471    axis=(  0.103019 -0.748236 -0.655386)
     C   11    Vzz=   -0.6425    axis=(  0.370357 -0.582661  0.723423)
     C   11  Q=         1.0000 1e-30 m^2  Cq=        -1.5097 MHz  eta= 0.70298

     Cl  12    Vxx=    1.0828    axis=( -0.858120 -0.494838  0.136984)
     Cl  12    Vyy=    1.7999    axis=(  0.311103 -0.713338 -0.627984)
     Cl  12    Vzz=   -2.8827    axis=(  0.408466 -0.496270  0.766076)
     Cl  12  Q=        -8.1650 1e-30 m^2  Cq=        55.3036 MHz  eta= 0.24875

     H   13    Vxx=   -0.1331    axis=( -0.885357 -0.212797  0.413352)
     H   13    Vyy=   -0.1693    axis=(  0.428965 -0.716710  0.549832)
     H   13    Vzz=    0.3024    axis=(  0.179251  0.664112  0.725827)
     H   13  Q=         1.0000 1e-30 m^2  Cq=         0.7105 MHz  eta= 0.11949

     C   14    Vxx=    0.2104    axis=(  0.713009  0.096814 -0.694439)
     C   14    Vyy=    0.3886    axis=(  0.458041 -0.814190  0.356781)
     C   14    Vzz=   -0.5989    axis=( -0.530864 -0.572469 -0.624870)
     C   14  Q=         1.0000 1e-30 m^2  Cq=        -1.4073 MHz  eta= 0.29756

     H   15    Vxx=    0.0260    axis=( -0.572772  0.412751  0.708215)
     H   15    Vyy=    0.6850    axis=(  0.796720  0.077113  0.599409)
     H   15    Vzz=   -0.7110    axis=(  0.192794  0.907574 -0.373015)
     H   15  Q=         1.0000 1e-30 m^2  Cq=        -1.6705 MHz  eta= 0.92684

     C   16    Vxx=   -0.0100    axis=(  0.200961  0.475198  0.856622)
     C   16    Vyy=   -0.5045    axis=( -0.972217  0.203901  0.114968)
     C   16    Vzz=    0.5145    axis=( -0.120033 -0.855927  0.502972)
     C   16  Q=         1.0000 1e-30 m^2  Cq=         1.2088 MHz  eta= 0.96116

     C   17    Vxx=    0.1486    axis=(  0.864390 -0.027018 -0.502095)
     C   17    Vyy=    0.6111    axis=( -0.286339  0.794379 -0.535698)
     C   17    Vzz=   -0.7597    axis=(  0.413327  0.606821  0.678917)
     C   17  Q=         1.0000 1e-30 m^2  Cq=        -1.7849 MHz  eta= 0.60886

     Cl  18    Vxx=   -0.6094    axis=(  0.880214 -0.324943 -0.345882)
     Cl  18    Vyy=   -2.2819    axis=(  0.474575  0.604097  0.640191)
     Cl  18    Vzz=    2.8913    axis=( -0.000921  0.727653 -0.685945)
     Cl  18  Q=        -8.1650 1e-30 m^2  Cq=       -55.4676 MHz  eta= 0.57847

     H   19    Vxx=   -0.0081    axis=( -0.718404  0.383761  0.580192)
     H   19    Vyy=   -0.5177    axis=( -0.695544 -0.383463 -0.607598)
     H   19    Vzz=    0.5258    axis=( -0.010690 -0.840050  0.542404)
     H   19  Q=         1.0000 1e-30 m^2  Cq=         1.2354 MHz  eta= 0.96922

     C   20    Vxx=    0.0417    axis=(  0.301137 -0.735327  0.607133)
     C   20    Vyy=    0.3062    axis=( -0.486060  0.429404  0.761156)
     C   20    Vzz=   -0.3479    axis=( -0.820404 -0.524315 -0.228103)
     C   20  Q=         1.0000 1e-30 m^2  Cq=        -0.8174 MHz  eta= 0.76035

     H   21    Vxx=   -0.0016    axis=(  0.213724  0.948264  0.234772)
     H   21    Vyy=   -0.6411    axis=(  0.508655  0.097155 -0.855471)
     H   21    Vzz=    0.6427    axis=( -0.834021  0.302253 -0.461575)
     H   21  Q=         1.0000 1e-30 m^2  Cq=         1.5101 MHz  eta= 0.99504

     C   22    Vxx=   -0.0910    axis=(  0.878728 -0.095274  0.467718)
     C   22    Vyy=   -0.3346    axis=(  0.050653  0.992957  0.107102)
     C   22    Vzz=    0.4256    axis=( -0.474628 -0.070422  0.877365)
     C   22  Q=         1.0000 1e-30 m^2  Cq=         1.0000 MHz  eta= 0.57226

     C   23    Vxx=   -0.0207    axis=(  0.099339  0.718974  0.687901)
     C   23    Vyy=   -0.4171    axis=( -0.965426  0.237083 -0.108375)
     C   23    Vzz=    0.4378    axis=( -0.241009 -0.653351  0.717668)
     C   23  Q=         1.0000 1e-30 m^2  Cq=         1.0286 MHz  eta= 0.90527

     Cl  24    Vxx=    0.2849    axis=(  0.797198  0.603274 -0.023136)
     Cl  24    Vyy=    2.2540    axis=(  0.259277 -0.307511  0.915539)
     Cl  24    Vzz=   -2.5389    axis=(  0.545207 -0.735865 -0.401563)
     Cl  24  Q=        -8.1650 1e-30 m^2  Cq=        48.7073 MHz  eta= 0.77557

     Initialization:
     gipaw_setup  :      9.21s CPU     11.07s WALL (       1 calls)

     Linear response

     Apply operators

     Induced current

     Other routines
     efg          :      9.28s CPU     11.14s WALL (       1 calls)

     General routines
     calbec       :      3.02s CPU      3.79s WALL (      16 calls)
     fft          :      1.85s CPU      3.00s WALL (      15 calls)
     ffts         :      0.03s CPU      0.04s WALL (       2 calls)
     fftw         :      3.37s CPU      3.89s WALL (     672 calls)
     davcio       :      0.03s CPU      0.33s WALL (      32 calls)

     Parallel routines
     fft_scatter  :      2.37s CPU      3.77s WALL (     689 calls)

     Plugins

     GIPAW        :     60.98s CPU     74.25s WALL (       1 calls)
