
     Program QE v.6.0 (svn rev. 13079) starts on 17Dec2016 at 14:10:51 

     This program is part of the open-source Quantum ESPRESSO suite
     for quantum simulation of materials; please cite
         "P. Giannozzi et al., J. Phys.:Condens. Matter 21 395502 (2009);
          URL http://www.quantum-espresso.org", 
     in publications or presentations arising from this work. More details at
     http://www.quantum-espresso.org/quote

     Parallel version (MPI), running on     8 processors
     R & G space division:  proc/nbgrp/npool/nimage =       8

     ***** This is GIPAW svn revision unknown      *****

     Parallelizing q-star over 1 images

     Reading data from directory:
     /users/majewski/paradichlorobenzene/pbe/9_constraint/scratch/pbe.ecut100.np8.dt60.pcl2phi-129368.save
     Message from routine read_xml_file:
     file /users/majewski/paradichlorobenzene/pbe/9_constraint/scratch/pbe.ecut100.np8.dt60.pcl2phi-129368.save not guaranteed to be safe for post-processing

   Info: using nr1, nr2, nr3 values from input

   Info: using nr1, nr2, nr3 values from input

     IMPORTANT: XC functional enforced from input :
     Exchange-correlation      =  SLA  PW   PBX  PBC ( 1  4  3  4 0 0)
     Any further DFT definition will be discarded
     Please, verify this is what you really want

               file C.pbe-n-kjpaw_psl.1.0.0.UPF: wavefunction(s)  2S 2P renormalized
               file Cl.pbe-n-kjpaw_psl.1.0.0.UPF: wavefunction(s)  3S 3P renormalized
               file H.pbe-kjpaw_psl.1.0.0.UPF: wavefunction(s)  1S renormalized

     Parallelization info
     --------------------
     sticks:   dense  smooth     PW     G-vecs:    dense   smooth      PW
     Min        3057    1223    332               144436    36536    5170
     Max        3059    1225    333               144437    36537    5171
     Sum       24467    9791   2657              1155489   292295   41363


     Subspace diagonalization in iterative solution of the eigenvalue problem:
     a serial algorithm will be used

     GIPAW projectors -----------------------------------------------
     atom=  C    l=0  rc=    1.2000  rs=    0.8000
     atom=  C    l=0  rc=    1.2000  rs=    0.8000
     atom=  C    l=1  rc=    1.4000  rs=    0.9333
     atom=  C    l=1  rc=    1.4000  rs=    0.9333
     projs nearly linearly dependent: l=1  n1,n2= 1, 2  s=  0.99951561

     atom=  Cl   l=0  rc=    1.6000  rs=    1.0667
     atom=  Cl   l=0  rc=    1.6000  rs=    1.0667
     atom=  Cl   l=1  rc=    1.6000  rs=    1.0667
     atom=  Cl   l=1  rc=    1.6000  rs=    1.0667
     atom=  Cl   l=2  rc=    1.6000  rs=    1.0667
     atom=  Cl   l=2  rc=    1.6000  rs=    1.0667
     projs nearly linearly dependent: l=2  n1,n2= 1, 2  s=  0.99993509

     atom=  H    l=0  rc=    1.0000  rs=    0.6667
     atom=  H    l=0  rc=    1.0000  rs=    0.6667
     projs nearly linearly dependent: l=0  n1,n2= 1, 2  s=  0.99968852
     -----------------------------------------------------------------

     GIPAW integrals: -------------------------------------------
     Atom  i/j   nmr_para   nmr_dia   epr_rmc  epr_para   epr_dia
       C   1 1   0.83E+03  0.17E-01  0.93E+01  0.24E+08  0.24E+03
       C   2 1   0.86E+03 -0.61E-01  0.94E+01  0.25E+08  0.25E+03
       C   2 2   0.90E+03 -0.15E+00  0.97E+01  0.26E+08  0.26E+03
       C   3 3   0.33E+01  0.34E+00  0.18E+01  0.55E+03  0.21E+02
       C   4 3   0.35E+01  0.37E+00  0.20E+01  0.59E+03  0.22E+02
       C   4 4   0.38E+01  0.39E+00  0.22E+01  0.63E+03  0.24E+02
       Cl  1 1   0.14E+04 -0.47E+00  0.84E+01  0.32E+09  0.42E+03
       Cl  2 1   0.21E+04 -0.37E+00  0.12E+02  0.49E+09  0.65E+03
       Cl  2 2   0.33E+04 -0.16E+00  0.21E+02  0.76E+09  0.10E+04
       Cl  3 3   0.21E+02  0.79E-01  0.89E+01  0.23E+05  0.13E+03
       Cl  4 3   0.24E+02  0.67E-01  0.99E+01  0.27E+05  0.15E+03
       Cl  4 4   0.28E+02  0.44E-01  0.11E+02  0.32E+05  0.18E+03
       Cl  5 5   0.77E+00  0.19E+00  0.18E+01  0.12E+03  0.22E+02
       Cl  6 5   0.80E+00  0.19E+00  0.19E+01  0.12E+03  0.23E+02
       Cl  6 6   0.83E+00  0.20E+00  0.19E+01  0.12E+03  0.23E+02
       H   1 1   0.39E+02  0.19E+00  0.29E+00  0.78E+05  0.13E+02
       H   2 1   0.41E+02  0.21E+00  0.32E+00  0.82E+05  0.14E+02
       H   2 2   0.43E+02  0.22E+00  0.36E+00  0.86E+05  0.15E+02
     ------------------------------------------------------------

     alpha_pv=     34.0387 eV

     Number of occupied bands for each k-point:
     k-point:     1    nbnd_occ=  42
     k-point:     2    nbnd_occ=  42
     k-point:     3    nbnd_occ=  42
     k-point:     4    nbnd_occ=  42
     k-point:     5    nbnd_occ=  42
     k-point:     6    nbnd_occ=  42
     k-point:     7    nbnd_occ=  42
     k-point:     8    nbnd_occ=  42
     k-point:     9    nbnd_occ=  42
     k-point:    10    nbnd_occ=  42
     k-point:    11    nbnd_occ=  42
     k-point:    12    nbnd_occ=  42
     k-point:    13    nbnd_occ=  42
     k-point:    14    nbnd_occ=  42
     k-point:    15    nbnd_occ=  42
     k-point:    16    nbnd_occ=  42


     q-space interpolation up to   110.00 Rydberg

     GIPAW job: efg                                                                             


     ELECTRIC FIELD GRADIENTS TENSORS IN Hartree/bohrradius^2:

     ----- bare term -----
     Cl   1        0.014111       -0.010883       -0.113720
     Cl   1       -0.010883       -0.022738       -0.070443
     Cl   1       -0.113720       -0.070443        0.008628

     C    2       -0.367916        0.229092       -0.384737
     C    2        0.229092       -0.097563       -0.322804
     C    2       -0.384737       -0.322804        0.465479

     C    3       -0.081492        0.188387       -0.232022
     C    3        0.188387       -0.191800       -0.597022
     C    3       -0.232022       -0.597022        0.273292

     H    4       -0.231901        0.026580       -0.557428
     H    4        0.026580        0.154064        0.039694
     H    4       -0.557428        0.039694        0.077838

     C    5       -0.805047        0.389841       -0.364772
     C    5        0.389841        0.487614       -0.192641
     C    5       -0.364772       -0.192641        0.317432

     H    6        0.219759       -0.092716        0.334909
     H    6       -0.092716       -0.017302       -0.354277
     H    6        0.334909       -0.354277       -0.202457

     H    7        0.270857       -0.184935        0.138637
     H    7       -0.184935       -0.374300        0.553950
     H    7        0.138637        0.553950        0.103443

     C    8       -0.238477        0.017019       -0.326062
     C    8        0.017019        0.030912        0.543856
     C    8       -0.326062        0.543856        0.207565

     H    9        0.036177        0.142767       -0.374684
     H    9        0.142767        0.346240        0.439404
     H    9       -0.374684        0.439404       -0.382417

     C   10       -0.727256       -0.371437       -0.342305
     C   10       -0.371437        0.294290        0.074686
     C   10       -0.342305        0.074686        0.432966

     C   11        0.044079       -0.130124       -0.157682
     C   11       -0.130124        0.016806        0.627030
     C   11       -0.157682        0.627030       -0.060886

     Cl  12       -0.152387       -0.175909        0.011073
     Cl  12       -0.175909        0.125019       -0.086168
     Cl  12        0.011073       -0.086168        0.027368

     H   13        0.363730        0.132210        0.178151
     H   13        0.132210       -0.263945       -0.619236
     H   13        0.178151       -0.619236       -0.099785

     C   14       -0.072450       -0.216345       -0.483436
     C   14       -0.216345       -0.187603       -0.355646
     C   14       -0.483436       -0.355646        0.260053

     H   15        0.062154       -0.109152       -0.315792
     H   15       -0.109152        0.133410       -0.547969
     H   15       -0.315792       -0.547969       -0.195563

     C   16       -0.682001        0.343272       -0.396770
     C   16        0.343272        0.227330        0.001947
     C   16       -0.396770        0.001947        0.454671

     C   17        0.028442       -0.067037       -0.260736
     C   17       -0.067037       -0.108242       -0.513194
     C   17       -0.260736       -0.513194        0.079800

     Cl  18       -0.151719        0.260509       -0.006265
     Cl  18        0.260509       -0.107872       -0.039125
     Cl  18       -0.006265       -0.039125        0.259591

     H   19        0.190997        0.014008        0.183357
     H   19        0.014008       -0.224037        0.510855
     H   19        0.183357        0.510855        0.033040

     C   20       -0.413439       -0.301596       -0.418760
     C   20       -0.301596        0.250605        0.277652
     C   20       -0.418760        0.277652        0.162834

     H   21        0.132519        0.066890       -0.355476
     H   21        0.066890        0.331841       -0.220931
     H   21       -0.355476       -0.220931       -0.464359

     C   22        0.053655       -0.277617       -0.103882
     C   22       -0.277617       -0.136005        0.389957
     C   22       -0.103882        0.389957        0.082351

     C   23       -0.212771       -0.221866       -0.409610
     C   23       -0.221866       -0.027794        0.345720
     C   23       -0.409610        0.345720        0.240565

     Cl  24       -0.089430       -0.071256       -0.082832
     Cl  24       -0.071256       -0.048454        0.070836
     Cl  24       -0.082832        0.070836        0.137885

     ----- ionic term -----
     Cl   1        0.160357       -0.202124       -0.000148
     Cl   1       -0.202124       -0.037768       -0.000538
     Cl   1       -0.000148       -0.000538       -0.122589

     C    2        0.185524       -0.148662        0.234956
     C    2       -0.148662       -0.023902        0.470726
     C    2        0.234956        0.470726       -0.161621

     C    3        0.235096       -0.311038        0.156684
     C    3       -0.311038       -0.013271        0.408868
     C    3        0.156684        0.408868       -0.221826

     H    4        0.531849        0.206782        0.723803
     H    4        0.206782       -0.500512        0.217111
     H    4        0.723803        0.217111       -0.031337

     C    5        0.331710       -0.280738        0.206901
     C    5       -0.280738       -0.108682        0.338361
     C    5        0.206901        0.338361       -0.223028

     H    6       -0.468958       -0.198959       -0.147771
     H    6       -0.198959        0.390332        0.772721
     H    6       -0.147771        0.772721        0.078626

     H    7       -0.521375        0.102762       -0.058626
     H    7        0.102762        0.428524       -0.782428
     H    7       -0.058626       -0.782428        0.092850

     C    8        0.211963        0.259275        0.355814
     C    8        0.259275       -0.056799       -0.296277
     C    8        0.355814       -0.296277       -0.155164

     H    9        0.331016       -0.191251        0.775208
     H    9       -0.191251       -0.516327       -0.232896
     H    9        0.775208       -0.232896        0.185311

     C   10        0.090722        0.302269        0.248154
     C   10        0.302269        0.058235       -0.378124
     C   10        0.248154       -0.378124       -0.148957

     C   11        0.064900        0.185145        0.284982
     C   11        0.185145        0.092589       -0.451780
     C   11        0.284982       -0.451780       -0.157489

     Cl  12        0.100074        0.202654        0.032813
     Cl  12        0.202654        0.044703        0.016800
     Cl  12        0.032813        0.016800       -0.144777

     H   13       -0.510189        0.080257        0.065720
     H   13        0.080257        0.671251        0.714263
     H   13        0.065720        0.714263       -0.161062

     C   14        0.303247       -0.140162        0.270334
     C   14       -0.140162       -0.031154        0.338982
     C   14        0.270334        0.338982       -0.272093

     H   15        0.431623        0.315565        0.770498
     H   15        0.315565       -0.453421        0.313948
     H   15        0.770498        0.313948        0.021798

     C   16        0.168211       -0.242966        0.174466
     C   16       -0.242966        0.048206        0.440239
     C   16        0.174466        0.440239       -0.216417

     C   17        0.232977       -0.206309        0.253682
     C   17       -0.206309       -0.030269        0.447152
     C   17        0.253682        0.447152       -0.202709

     Cl  18        0.191734       -0.202654        0.003681
     Cl  18       -0.202654       -0.047737        0.001471
     Cl  18        0.003681        0.001471       -0.143997

     H   19       -0.519438       -0.047802        0.039338
     H   19       -0.047802        0.822603       -0.594763
     H   19        0.039338       -0.594763       -0.303165

     C   20        0.173653        0.172025        0.306526
     C   20        0.172025        0.111405       -0.281515
     C   20        0.306526       -0.281515       -0.285059

     H   21        0.408745       -0.232077        0.767963
     H   21       -0.232077       -0.425378       -0.267432
     H   21        0.767963       -0.267432        0.016633

     C   22        0.066566        0.257161        0.242138
     C   22        0.257161        0.169710       -0.388857
     C   22        0.242138       -0.388857       -0.236277

     C   23        0.130503        0.228300        0.362544
     C   23        0.228300        0.055206       -0.417727
     C   23        0.362544       -0.417727       -0.185708

     Cl  24        0.173343        0.249861        0.044689
     Cl  24        0.249861       -0.027439        0.013132
     Cl  24        0.044689        0.013132       -0.145903

     ----- GIPAW term -----
     Cl   1        1.905120       -1.558350       -2.043192
     Cl   1       -1.558350       -1.054767       -0.525186
     Cl   1       -2.043192       -0.525186       -0.850353

     C    2        0.012219       -0.106286       -0.171342
     C    2       -0.106286       -0.069006        0.009875
     C    2       -0.171342        0.009875        0.056787

     C    3       -0.069973        0.003936       -0.047776
     C    3        0.003936        0.086042       -0.098039
     C    3       -0.047776       -0.098039       -0.016069

     H    4       -0.000000        0.000000        0.000000
     H    4        0.000000        0.000000        0.000000
     H    4        0.000000        0.000000        0.000000

     C    5       -0.229188        0.091281       -0.042411
     C    5        0.091281        0.311518       -0.035676
     C    5       -0.042411       -0.035676       -0.082330

     H    6       -0.000000        0.000000        0.000000
     H    6        0.000000        0.000000        0.000000
     H    6        0.000000        0.000000        0.000000

     H    7       -0.000000        0.000000        0.000000
     H    7        0.000000        0.000000        0.000000
     H    7        0.000000        0.000000        0.000000

     C    8       -0.092550        0.055040       -0.038267
     C    8        0.055040        0.168326        0.166313
     C    8       -0.038267        0.166313       -0.075776

     H    9       -0.000000        0.000000        0.000000
     H    9        0.000000        0.000000        0.000000
     H    9        0.000000        0.000000        0.000000

     C   10       -0.257039       -0.035026       -0.073809
     C   10       -0.035026        0.248673       -0.142591
     C   10       -0.073809       -0.142591        0.008366

     C   11       -0.033655       -0.054212       -0.019751
     C   11       -0.054212        0.238889        0.080054
     C   11       -0.019751        0.080054       -0.205234

     Cl  12        0.373819        1.158183        0.095663
     Cl  12        1.158183        1.213415       -0.794151
     Cl  12        0.095663       -0.794151       -1.587234

     H   13       -0.000000        0.000000        0.000000
     H   13        0.000000        0.000000        0.000000
     H   13        0.000000        0.000000        0.000000

     C   14        0.029358       -0.160166       -0.209284
     C   14       -0.160166       -0.099655        0.053837
     C   14       -0.209284        0.053837        0.070297

     H   15       -0.000000        0.000000        0.000000
     H   15        0.000000        0.000000        0.000000
     H   15        0.000000        0.000000        0.000000

     C   16       -0.199246       -0.061150       -0.133785
     C   16       -0.061150        0.151260        0.187617
     C   16       -0.133785        0.187617        0.047986

     C   17       -0.069734       -0.091814       -0.022659
     C   17       -0.091814        0.207359        0.102354
     C   17       -0.022659        0.102354       -0.137624

     Cl  18       -0.890723        0.564018        0.078921
     Cl  18        0.564018        2.388812        0.603346
     Cl  18        0.078921        0.603346       -1.498090

     H   19       -0.000000        0.000000        0.000000
     H   19        0.000000        0.000000        0.000000
     H   19        0.000000        0.000000        0.000000

     C   20       -0.047985       -0.158129       -0.137107
     C   20       -0.158129        0.071816        0.134958
     C   20       -0.137107        0.134958       -0.023831

     H   21       -0.000000        0.000000        0.000000
     H   21        0.000000        0.000000        0.000000
     H   21        0.000000        0.000000        0.000000

     C   22       -0.041802       -0.083867       -0.066828
     C   22       -0.083867        0.031183        0.135524
     C   22       -0.066828        0.135524        0.010619

     C   23       -0.053673       -0.047859       -0.125604
     C   23       -0.047859        0.039029        0.172789
     C   23       -0.125604        0.172789        0.014643

     Cl  24       -0.435471        0.979080       -1.134420
     Cl  24        0.979080       -0.669092        1.765050
     Cl  24       -1.134420        1.765050        1.104563

     ----- total EFG -----
     Cl   1        2.079587       -1.771356       -2.157060
     Cl   1       -1.771356       -1.115272       -0.596167
     Cl   1       -2.157060       -0.596167       -0.964315

     C    2       -0.170173       -0.025855       -0.321123
     C    2       -0.025855       -0.190472        0.157796
     C    2       -0.321123        0.157796        0.360645

     C    3        0.083631       -0.118715       -0.123114
     C    3       -0.118715       -0.119028       -0.286193
     C    3       -0.123114       -0.286193        0.035397

     H    4        0.299948        0.233363        0.166375
     H    4        0.233363       -0.346449        0.256805
     H    4        0.166375        0.256805        0.046500

     C    5       -0.702525        0.200384       -0.200282
     C    5        0.200384        0.690451        0.110044
     C    5       -0.200282        0.110044        0.012074

     H    6       -0.249198       -0.291675        0.187137
     H    6       -0.291675        0.373030        0.418443
     H    6        0.187137        0.418443       -0.123832

     H    7       -0.250518       -0.082174        0.080011
     H    7       -0.082174        0.054224       -0.228478
     H    7        0.080011       -0.228478        0.196294

     C    8       -0.119065        0.331334       -0.008515
     C    8        0.331334        0.142440        0.413892
     C    8       -0.008515        0.413892       -0.023376

     H    9        0.367193       -0.048484        0.400524
     H    9       -0.048484       -0.170087        0.206508
     H    9        0.400524        0.206508       -0.197105

     C   10       -0.893573       -0.104194       -0.167961
     C   10       -0.104194        0.601199       -0.446030
     C   10       -0.167961       -0.446030        0.292375

     C   11        0.075325        0.000809        0.107548
     C   11        0.000809        0.348284        0.255304
     C   11        0.107548        0.255304       -0.423609

     Cl  12        0.321506        1.184927        0.139549
     Cl  12        1.184927        1.383136       -0.863519
     Cl  12        0.139549       -0.863519       -1.704642

     H   13       -0.146459        0.212467        0.243871
     H   13        0.212467        0.407306        0.095027
     H   13        0.243871        0.095027       -0.260847

     C   14        0.260155       -0.516673       -0.422386
     C   14       -0.516673       -0.318412        0.037174
     C   14       -0.422386        0.037174        0.058257

     H   15        0.493777        0.206413        0.454706
     H   15        0.206413       -0.320011       -0.234021
     H   15        0.454706       -0.234021       -0.173766

     C   16       -0.713036        0.039156       -0.356089
     C   16        0.039156        0.426796        0.629803
     C   16       -0.356089        0.629803        0.286240

     C   17        0.191685       -0.365161       -0.029713
     C   17       -0.365161        0.068848        0.036312
     C   17       -0.029713        0.036312       -0.260533

     Cl  18       -0.850707        0.621873        0.076337
     Cl  18        0.621873        2.233203        0.565692
     Cl  18        0.076337        0.565692       -1.382496

     H   19       -0.328441       -0.033794        0.222695
     H   19       -0.033794        0.598566       -0.083907
     H   19        0.222695       -0.083907       -0.270125

     C   20       -0.287770       -0.287700       -0.249341
     C   20       -0.287700        0.433826        0.131095
     C   20       -0.249341        0.131095       -0.146056

     H   21        0.541264       -0.165186        0.412487
     H   21       -0.165186       -0.093537       -0.488363
     H   21        0.412487       -0.488363       -0.447726

     C   22        0.078419       -0.104324        0.071428
     C   22       -0.104324        0.064888        0.136624
     C   22        0.071428        0.136624       -0.143307

     C   23       -0.135941       -0.041426       -0.172671
     C   23       -0.041426        0.066441        0.100782
     C   23       -0.172671        0.100782        0.069500

     Cl  24       -0.351558        1.157685       -1.172563
     Cl  24        1.157685       -0.744986        1.849018
     Cl  24       -1.172563        1.849018        1.096544

     ----- total EFG (symmetrized) -----
     Cl   1        2.079587       -1.771356       -2.157060
     Cl   1       -1.771356       -1.115272       -0.596167
     Cl   1       -2.157060       -0.596167       -0.964315

     C    2       -0.170173       -0.025855       -0.321123
     C    2       -0.025855       -0.190472        0.157796
     C    2       -0.321123        0.157796        0.360645

     C    3        0.083631       -0.118715       -0.123114
     C    3       -0.118715       -0.119028       -0.286193
     C    3       -0.123114       -0.286193        0.035397

     H    4        0.299948        0.233363        0.166375
     H    4        0.233363       -0.346449        0.256805
     H    4        0.166375        0.256805        0.046500

     C    5       -0.702525        0.200384       -0.200282
     C    5        0.200384        0.690451        0.110044
     C    5       -0.200282        0.110044        0.012074

     H    6       -0.249198       -0.291675        0.187137
     H    6       -0.291675        0.373030        0.418443
     H    6        0.187137        0.418443       -0.123832

     H    7       -0.250518       -0.082174        0.080011
     H    7       -0.082174        0.054224       -0.228478
     H    7        0.080011       -0.228478        0.196294

     C    8       -0.119065        0.331334       -0.008515
     C    8        0.331334        0.142440        0.413892
     C    8       -0.008515        0.413892       -0.023376

     H    9        0.367193       -0.048484        0.400524
     H    9       -0.048484       -0.170087        0.206508
     H    9        0.400524        0.206508       -0.197105

     C   10       -0.893573       -0.104194       -0.167961
     C   10       -0.104194        0.601199       -0.446030
     C   10       -0.167961       -0.446030        0.292375

     C   11        0.075325        0.000809        0.107548
     C   11        0.000809        0.348284        0.255304
     C   11        0.107548        0.255304       -0.423609

     Cl  12        0.321506        1.184927        0.139549
     Cl  12        1.184927        1.383136       -0.863519
     Cl  12        0.139549       -0.863519       -1.704642

     H   13       -0.146459        0.212467        0.243871
     H   13        0.212467        0.407306        0.095027
     H   13        0.243871        0.095027       -0.260847

     C   14        0.260155       -0.516673       -0.422386
     C   14       -0.516673       -0.318412        0.037174
     C   14       -0.422386        0.037174        0.058257

     H   15        0.493777        0.206413        0.454706
     H   15        0.206413       -0.320011       -0.234021
     H   15        0.454706       -0.234021       -0.173766

     C   16       -0.713036        0.039156       -0.356089
     C   16        0.039156        0.426796        0.629803
     C   16       -0.356089        0.629803        0.286240

     C   17        0.191685       -0.365161       -0.029713
     C   17       -0.365161        0.068848        0.036312
     C   17       -0.029713        0.036312       -0.260533

     Cl  18       -0.850707        0.621873        0.076337
     Cl  18        0.621873        2.233203        0.565692
     Cl  18        0.076337        0.565692       -1.382496

     H   19       -0.328441       -0.033794        0.222695
     H   19       -0.033794        0.598566       -0.083907
     H   19        0.222695       -0.083907       -0.270125

     C   20       -0.287770       -0.287700       -0.249341
     C   20       -0.287700        0.433826        0.131095
     C   20       -0.249341        0.131095       -0.146056

     H   21        0.541264       -0.165186        0.412487
     H   21       -0.165186       -0.093537       -0.488363
     H   21        0.412487       -0.488363       -0.447726

     C   22        0.078419       -0.104324        0.071428
     C   22       -0.104324        0.064888        0.136624
     C   22        0.071428        0.136624       -0.143307

     C   23       -0.135941       -0.041426       -0.172671
     C   23       -0.041426        0.066441        0.100782
     C   23       -0.172671        0.100782        0.069500

     Cl  24       -0.351558        1.157685       -1.172563
     Cl  24        1.157685       -0.744986        1.849018
     Cl  24       -1.172563        1.849018        1.096544


     NQR/NMR SPECTROSCOPIC PARAMETERS:
     Cl   1    Vxx=   -0.4611    axis=(  0.049406 -0.742549  0.667967)
     Cl   1    Vyy=   -3.1214    axis=( -0.471929 -0.606773 -0.639617)
     Cl   1    Vzz=    3.5825    axis=( -0.880251  0.283632  0.380408)
     Cl   1  Q=        -8.1650 1e-30 m^2  Cq=       -68.7293 MHz  eta= 0.74257

     C    2    Vxx=   -0.2066    axis=(  0.400107  0.916031 -0.028315)
     C    2    Vyy=   -0.3375    axis=( -0.820909  0.344481 -0.455458)
     C    2    Vzz=    0.5441    axis=( -0.407460  0.205475  0.889807)
     C    2  Q=         1.0000 1e-30 m^2  Cq=         1.2785 MHz  eta= 0.24047

     C    3    Vxx=    0.1381    axis=( -0.922879  0.383149  0.038620)
     C    3    Vyy=    0.2597    axis=( -0.195091 -0.551649  0.810940)
     C    3    Vzz=   -0.3978    axis=( -0.332015 -0.740865 -0.583854)
     C    3  Q=         1.0000 1e-30 m^2  Cq=        -0.9346 MHz  eta= 0.30578

     H    4    Vxx=   -0.0094    axis=( -0.577871  0.202310  0.790655)
     H    4    Vyy=   -0.4994    axis=( -0.188430  0.909540 -0.370448)
     H    4    Vzz=    0.5088    axis=( -0.794078 -0.363055 -0.487475)
     H    4  Q=         1.0000 1e-30 m^2  Cq=         1.1954 MHz  eta= 0.96309

     C    5    Vxx=    0.0599    axis=( -0.273004 -0.080539  0.958636)
     C    5    Vyy=    0.7283    axis=( -0.121596 -0.985608 -0.117433)
     C    5    Vzz=   -0.7881    axis=(  0.954297 -0.148626  0.259282)
     C    5  Q=         1.0000 1e-30 m^2  Cq=        -1.8518 MHz  eta= 0.84809

     H    6    Vxx=   -0.0172    axis=( -0.733670  0.159817 -0.660445)
     H    6    Vyy=   -0.6264    axis=( -0.650316 -0.446958  0.614262)
     H    6    Vzz=    0.6436    axis=( -0.197022  0.880163  0.431851)
     H    6  Q=         1.0000 1e-30 m^2  Cq=         1.5123 MHz  eta= 0.94655

     H    7    Vxx=   -0.1119    axis=( -0.112415  0.784035  0.610452)
     H    7    Vyy=   -0.2728    axis=( -0.978030 -0.195843  0.071427)
     H    7    Vzz=    0.3847    axis=(  0.175554 -0.589011  0.788826)
     H    7  Q=         1.0000 1e-30 m^2  Cq=         0.9039 MHz  eta= 0.41832

     C    8    Vxx=   -0.0716    axis=(  0.753840  0.091300 -0.650684)
     C    8    Vyy=   -0.5072    axis=( -0.549793  0.629922 -0.548567)
     C    8    Vzz=    0.5788    axis=( -0.359796 -0.771273 -0.525056)
     C    8  Q=         1.0000 1e-30 m^2  Cq=         1.3599 MHz  eta= 0.75263

     H    9    Vxx=   -0.0539    axis=(  0.295435 -0.860618 -0.414795)
     H    9    Vyy=   -0.5249    axis=(  0.376426  0.503914 -0.777415)
     H    9    Vzz=    0.5788    axis=(  0.878079  0.073536  0.472832)
     H    9  Q=         1.0000 1e-30 m^2  Cq=         1.3600 MHz  eta= 0.81371

     C   10    Vxx=    0.0175    axis=( -0.211570  0.569291  0.794447)
     C   10    Vyy=    0.9189    axis=( -0.007083 -0.813719  0.581215)
     C   10    Vzz=   -0.9364    axis=(  0.977337  0.117341  0.176191)
     C   10  Q=         1.0000 1e-30 m^2  Cq=        -2.2001 MHz  eta= 0.96265

     C   11    Vxx=    0.0902    axis=(  0.980928 -0.138236  0.136639)
     C   11    Vyy=    0.4280    axis=(  0.092627  0.950489  0.296632)
     C   11    Vzz=   -0.5182    axis=( -0.170879 -0.278318  0.945166)
     C   11  Q=         1.0000 1e-30 m^2  Cq=        -1.2176 MHz  eta= 0.65192

     Cl  12    Vxx=   -0.2368    axis=(  0.836661 -0.433614  0.334631)
     Cl  12    Vyy=   -2.0236    axis=(  0.211074 -0.308512 -0.927507)
     Cl  12    Vzz=    2.2604    axis=(  0.505417  0.846640 -0.166595)
     Cl  12  Q=        -8.1650 1e-30 m^2  Cq=       -43.3649 MHz  eta= 0.79049

     H   13    Vxx=   -0.0601    axis=( -0.668022  0.427512 -0.609082)
     H   13    Vyy=   -0.4585    axis=( -0.645263  0.074904  0.760279)
     H   13    Vzz=    0.5185    axis=(  0.370651  0.900901  0.225820)
     H   13  Q=         1.0000 1e-30 m^2  Cq=         1.2184 MHz  eta= 0.76828

     C   14    Vxx=   -0.1000    axis=(  0.267337 -0.491316  0.828939)
     C   14    Vyy=   -0.6749    axis=( -0.558493 -0.780028 -0.282210)
     C   14    Vzz=    0.7749    axis=(  0.785249 -0.387512 -0.482927)
     C   14  Q=         1.0000 1e-30 m^2  Cq=         1.8207 MHz  eta= 0.74191

     H   15    Vxx=   -0.0615    axis=( -0.231380 -0.747966  0.622102)
     H   15    Vyy=   -0.6689    axis=(  0.372565 -0.658831 -0.653557)
     H   15    Vzz=    0.7304    axis=(  0.898698  0.080554  0.431106)
     H   15  Q=         1.0000 1e-30 m^2  Cq=         1.7162 MHz  eta= 0.83155

     C   16    Vxx=   -0.1386    axis=( -0.428160 -0.659102  0.618274)
     C   16    Vyy=   -0.8777    axis=( -0.895134  0.215320 -0.390349)
     C   16    Vzz=    1.0163    axis=(  0.124153 -0.720570 -0.682177)
     C   16  Q=         1.0000 1e-30 m^2  Cq=         2.3879 MHz  eta= 0.72733

     C   17    Vxx=   -0.2372    axis=(  0.628676  0.713237  0.309935)
     C   17    Vyy=   -0.2661    axis=(  0.156953  0.273973 -0.948844)
     C   17    Vzz=    0.5033    axis=( -0.761664  0.645161  0.060296)
     C   17  Q=         1.0000 1e-30 m^2  Cq=         1.1827 MHz  eta= 0.05734

     Cl  18    Vxx=   -0.9693    axis=(  0.981702 -0.179307 -0.064112)
     Cl  18    Vyy=   -1.4696    axis=( -0.035818  0.156800 -0.986981)
     Cl  18    Vzz=    2.4389    axis=(  0.187025  0.971217  0.147509)
     Cl  18  Q=        -8.1650 1e-30 m^2  Cq=       -46.7886 MHz  eta= 0.20514

     H   19    Vxx=   -0.0853    axis=(  0.660877  0.123484  0.740266)
     H   19    Vyy=   -0.5247    axis=(  0.747939 -0.027040 -0.663217)
     H   19    Vzz=    0.6100    axis=(  0.061879 -0.991978  0.110228)
     H   19  Q=         1.0000 1e-30 m^2  Cq=         1.4333 MHz  eta= 0.72030

     C   20    Vxx=   -0.0903    axis=( -0.404343 -0.424564  0.810094)
     C   20    Vyy=   -0.5046    axis=( -0.837212 -0.184773 -0.514718)
     C   20    Vzz=    0.5949    axis=( -0.368214  0.886343  0.280738)
     C   20  Q=         1.0000 1e-30 m^2  Cq=         1.3977 MHz  eta= 0.69638

     H   21    Vxx=    0.0171    axis=(  0.522156  0.776575 -0.352540)
     H   21    Vyy=    0.8202    axis=( -0.831370  0.371293 -0.413479)
     H   21    Vzz=   -0.8373    axis=( -0.190202  0.508992  0.839494)
     H   21  Q=         1.0000 1e-30 m^2  Cq=        -1.9673 MHz  eta= 0.95916

     C   22    Vxx=    0.0655    axis=(  0.705657  0.457714  0.540875)
     C   22    Vyy=    0.1838    axis=( -0.628301  0.757090  0.179033)
     C   22    Vzz=   -0.2493    axis=( -0.327545 -0.466169  0.821828)
     C   22  Q=         1.0000 1e-30 m^2  Cq=        -0.5857 MHz  eta= 0.47448

     C   23    Vxx=   -0.0017    axis=(  0.309050  0.841960 -0.442258)
     C   23    Vyy=   -0.2348    axis=(  0.861351 -0.050654  0.505478)
     C   23    Vzz=    0.2365    axis=(  0.403190 -0.537157 -0.740878)
     C   23  Q=         1.0000 1e-30 m^2  Cq=         0.5558 MHz  eta= 0.98560

     Cl  24    Vxx=    0.5913    axis=(  0.824273  0.554284 -0.115516)
     Cl  24    Vyy=    2.3144    axis=( -0.184769  0.456184  0.870492)
     Cl  24    Vzz=   -2.9057    axis=(  0.535196 -0.696179  0.478435)
     Cl  24  Q=        -8.1650 1e-30 m^2  Cq=        55.7438 MHz  eta= 0.59303

     Initialization:
     gipaw_setup  :      9.26s CPU     10.88s WALL (       1 calls)

     Linear response

     Apply operators

     Induced current

     Other routines
     efg          :      9.38s CPU     11.65s WALL (       1 calls)

     General routines
     calbec       :      3.25s CPU      4.05s WALL (      16 calls)
     fft          :      1.52s CPU      2.02s WALL (      15 calls)
     ffts         :      0.04s CPU      0.04s WALL (       2 calls)
     fftw         :      3.24s CPU      3.89s WALL (     672 calls)
     davcio       :      0.01s CPU      0.32s WALL (      32 calls)

     Parallel routines
     fft_scatter  :      2.08s CPU      3.04s WALL (     689 calls)

     Plugins

     GIPAW        :     61.16s CPU     72.52s WALL (       1 calls)
