
     Program QE v.6.0 (svn rev. 13079) starts on  9Jan2017 at  5:43:25 

     This program is part of the open-source Quantum ESPRESSO suite
     for quantum simulation of materials; please cite
         "P. Giannozzi et al., J. Phys.:Condens. Matter 21 395502 (2009);
          URL http://www.quantum-espresso.org", 
     in publications or presentations arising from this work. More details at
     http://www.quantum-espresso.org/quote

     Parallel version (MPI), running on     8 processors
     R & G space division:  proc/nbgrp/npool/nimage =       8

     ***** This is GIPAW svn revision unknown      *****

     Parallelizing q-star over 1 images

     Reading data from directory:
     /users/majewski/paradichlorobenzene/pbe/9_constraint/scratch/pbe.ecut100.np8.dt60.pcl2phi-129368.save
     Message from routine read_xml_file:
     file /users/majewski/paradichlorobenzene/pbe/9_constraint/scratch/pbe.ecut100.np8.dt60.pcl2phi-129368.save not guaranteed to be safe for post-processing

   Info: using nr1, nr2, nr3 values from input

   Info: using nr1, nr2, nr3 values from input

     IMPORTANT: XC functional enforced from input :
     Exchange-correlation      =  SLA  PW   PBX  PBC ( 1  4  3  4 0 0)
     Any further DFT definition will be discarded
     Please, verify this is what you really want

               file C.pbe-n-kjpaw_psl.1.0.0.UPF: wavefunction(s)  2S 2P renormalized
               file Cl.pbe-n-kjpaw_psl.1.0.0.UPF: wavefunction(s)  3S 3P renormalized
               file H.pbe-kjpaw_psl.1.0.0.UPF: wavefunction(s)  1S renormalized

     Parallelization info
     --------------------
     sticks:   dense  smooth     PW     G-vecs:    dense   smooth      PW
     Min        3057    1223    332               144436    36536    5170
     Max        3059    1225    333               144437    36537    5171
     Sum       24467    9791   2657              1155489   292295   41363


     Subspace diagonalization in iterative solution of the eigenvalue problem:
     a serial algorithm will be used

     GIPAW projectors -----------------------------------------------
     atom=  C    l=0  rc=    1.2000  rs=    0.8000
     atom=  C    l=0  rc=    1.2000  rs=    0.8000
     atom=  C    l=1  rc=    1.4000  rs=    0.9333
     atom=  C    l=1  rc=    1.4000  rs=    0.9333
     projs nearly linearly dependent: l=1  n1,n2= 1, 2  s=  0.99951561

     atom=  Cl   l=0  rc=    1.6000  rs=    1.0667
     atom=  Cl   l=0  rc=    1.6000  rs=    1.0667
     atom=  Cl   l=1  rc=    1.6000  rs=    1.0667
     atom=  Cl   l=1  rc=    1.6000  rs=    1.0667
     atom=  Cl   l=2  rc=    1.6000  rs=    1.0667
     atom=  Cl   l=2  rc=    1.6000  rs=    1.0667
     projs nearly linearly dependent: l=2  n1,n2= 1, 2  s=  0.99993509

     atom=  H    l=0  rc=    1.0000  rs=    0.6667
     atom=  H    l=0  rc=    1.0000  rs=    0.6667
     projs nearly linearly dependent: l=0  n1,n2= 1, 2  s=  0.99968852
     -----------------------------------------------------------------

     GIPAW integrals: -------------------------------------------
     Atom  i/j   nmr_para   nmr_dia   epr_rmc  epr_para   epr_dia
       C   1 1   0.83E+03  0.17E-01  0.93E+01  0.24E+08  0.24E+03
       C   2 1   0.86E+03 -0.61E-01  0.94E+01  0.25E+08  0.25E+03
       C   2 2   0.90E+03 -0.15E+00  0.97E+01  0.26E+08  0.26E+03
       C   3 3   0.33E+01  0.34E+00  0.18E+01  0.55E+03  0.21E+02
       C   4 3   0.35E+01  0.37E+00  0.20E+01  0.59E+03  0.22E+02
       C   4 4   0.38E+01  0.39E+00  0.22E+01  0.63E+03  0.24E+02
       Cl  1 1   0.14E+04 -0.47E+00  0.84E+01  0.32E+09  0.42E+03
       Cl  2 1   0.21E+04 -0.37E+00  0.12E+02  0.49E+09  0.65E+03
       Cl  2 2   0.33E+04 -0.16E+00  0.21E+02  0.76E+09  0.10E+04
       Cl  3 3   0.21E+02  0.79E-01  0.89E+01  0.23E+05  0.13E+03
       Cl  4 3   0.24E+02  0.67E-01  0.99E+01  0.27E+05  0.15E+03
       Cl  4 4   0.28E+02  0.44E-01  0.11E+02  0.32E+05  0.18E+03
       Cl  5 5   0.77E+00  0.19E+00  0.18E+01  0.12E+03  0.22E+02
       Cl  6 5   0.80E+00  0.19E+00  0.19E+01  0.12E+03  0.23E+02
       Cl  6 6   0.83E+00  0.20E+00  0.19E+01  0.12E+03  0.23E+02
       H   1 1   0.39E+02  0.19E+00  0.29E+00  0.78E+05  0.13E+02
       H   2 1   0.41E+02  0.21E+00  0.32E+00  0.82E+05  0.14E+02
       H   2 2   0.43E+02  0.22E+00  0.36E+00  0.86E+05  0.15E+02
     ------------------------------------------------------------

     alpha_pv=     34.2011 eV

     Number of occupied bands for each k-point:
     k-point:     1    nbnd_occ=  42
     k-point:     2    nbnd_occ=  42
     k-point:     3    nbnd_occ=  42
     k-point:     4    nbnd_occ=  42
     k-point:     5    nbnd_occ=  42
     k-point:     6    nbnd_occ=  42
     k-point:     7    nbnd_occ=  42
     k-point:     8    nbnd_occ=  42
     k-point:     9    nbnd_occ=  42
     k-point:    10    nbnd_occ=  42
     k-point:    11    nbnd_occ=  42
     k-point:    12    nbnd_occ=  42
     k-point:    13    nbnd_occ=  42
     k-point:    14    nbnd_occ=  42
     k-point:    15    nbnd_occ=  42
     k-point:    16    nbnd_occ=  42


     q-space interpolation up to   110.00 Rydberg

     GIPAW job: efg                                                                             


     ELECTRIC FIELD GRADIENTS TENSORS IN Hartree/bohrradius^2:

     ----- bare term -----
     Cl   1       -0.109478        0.153247       -0.100738
     Cl   1        0.153247        0.040169       -0.153066
     Cl   1       -0.100738       -0.153066        0.069310

     C    2       -0.039547        0.310166       -0.198976
     C    2        0.310166       -0.061987       -0.638788
     C    2       -0.198976       -0.638788        0.101534

     C    3       -0.201953        0.138527       -0.211063
     C    3        0.138527       -0.004491       -0.217294
     C    3       -0.211063       -0.217294        0.206445

     H    4       -0.333033       -0.520598        0.021851
     H    4       -0.520598       -0.003349        0.100177
     H    4        0.021851        0.100177        0.336382

     C    5       -0.049342        0.339435       -0.141360
     C    5        0.339435       -0.233070       -0.316201
     C    5       -0.141360       -0.316201        0.282412

     H    6        0.176521       -0.486345        0.110099
     H    6       -0.486345       -0.548922       -0.015943
     H    6        0.110099       -0.015943        0.372402

     H    7        0.432061        0.072599       -0.063673
     H    7        0.072599       -0.580383        0.505601
     H    7       -0.063673        0.505601        0.148322

     C    8       -0.624752       -0.306238       -0.416346
     C    8       -0.306238        0.161942        0.045128
     C    8       -0.416346        0.045128        0.462810

     H    9       -0.509820        0.089632       -0.502394
     H    9        0.089632        0.346391        0.131190
     H    9       -0.502394        0.131190        0.163429

     C   10       -0.130778        0.027516       -0.259452
     C   10        0.027516       -0.127630        0.658631
     C   10       -0.259452        0.658631        0.258408

     C   11       -0.454919       -0.353202       -0.197871
     C   11       -0.353202        0.053194        0.412244
     C   11       -0.197871        0.412244        0.401725

     Cl  12        0.119629       -0.015748       -0.061521
     Cl  12       -0.015748       -0.079152       -0.187626
     Cl  12       -0.061521       -0.187626       -0.040477

     H   13        0.313907       -0.159159        0.059355
     H   13       -0.159159       -0.530512       -0.474651
     H   13        0.059355       -0.474651        0.216604

     C   14       -0.832084        0.389009       -0.421350
     C   14        0.389009        0.416026       -0.078502
     C   14       -0.421350       -0.078502        0.416058

     H   15       -0.544531       -0.140112       -0.090720
     H   15       -0.140112        0.413036       -0.294449
     H   15       -0.090720       -0.294449        0.131495

     C   16        0.015407        0.379385       -0.025760
     C   16        0.379385       -0.449274       -0.434687
     C   16       -0.025760       -0.434687        0.433867

     C   17       -0.571148        0.357396       -0.404006
     C   17        0.357396        0.316072       -0.131597
     C   17       -0.404006       -0.131597        0.255076

     Cl  18       -0.071782        0.027190        0.058194
     Cl  18        0.027190       -0.038791        0.093793
     Cl  18        0.058194        0.093793        0.110572

     H   19        0.444507       -0.080330       -0.068607
     H   19       -0.080330       -0.787199        0.040004
     H   19       -0.068607        0.040004        0.342692

     C   20       -0.201221        0.249009       -0.345839
     C   20        0.249009        0.039856        0.572085
     C   20       -0.345839        0.572085        0.161365

     H   21       -0.113470        0.070193       -0.341107
     H   21        0.070193        0.100712        0.507875
     H   21       -0.341107        0.507875        0.012758

     C   22       -0.384624       -0.341308       -0.241366
     C   22       -0.341308        0.010798        0.154880
     C   22       -0.241366        0.154880        0.373826

     C   23        0.037712        0.338238       -0.490522
     C   23        0.338238       -0.231630        0.508019
     C   23       -0.490522        0.508019        0.193918

     Cl  24       -0.199306       -0.331208       -0.052354
     Cl  24       -0.331208       -0.050481       -0.013570
     Cl  24       -0.052354       -0.013570        0.249788

     ----- ionic term -----
     Cl   1        0.128801       -0.199641       -0.028637
     Cl   1       -0.199641        0.030135        0.017365
     Cl   1       -0.028637        0.017365       -0.158936

     C    2        0.278310       -0.124661        0.184453
     C    2       -0.124661        0.181766        0.367389
     C    2        0.184453        0.367389       -0.460075

     C    3        0.174769       -0.153558        0.144585
     C    3       -0.153558        0.254813        0.386815
     C    3        0.144585        0.386815       -0.429581

     H    4        0.611485        0.437759        0.564910
     H    4        0.437759       -0.329824        0.271644
     H    4        0.564910        0.271644       -0.281661

     C    5        0.390410       -0.140155        0.165021
     C    5       -0.140155        0.084225        0.275999
     C    5        0.165021        0.275999       -0.474635

     H    6       -0.485138        0.186187        0.088608
     H    6        0.186187        0.753151        0.624417
     H    6        0.088608        0.624417       -0.268014

     H    7       -0.497402        0.064467       -0.008189
     H    7        0.064467        0.790971       -0.592424
     H    7       -0.008189       -0.592424       -0.293569

     C    8        0.289536        0.271713        0.363608
     C    8        0.271713        0.119875       -0.212399
     C    8        0.363608       -0.212399       -0.409410

     H    9        0.632272       -0.399423        0.600760
     H    9       -0.399423       -0.338170       -0.240125
     H    9        0.600760       -0.240125       -0.294102

     C   10        0.194169        0.263530        0.275609
     C   10        0.263530        0.228696       -0.255871
     C   10        0.275609       -0.255871       -0.422865

     C   11        0.171769        0.197729        0.368518
     C   11        0.197729        0.183194       -0.288746
     C   11        0.368518       -0.288746       -0.354963

     Cl  12        0.123826        0.228277        0.053489
     Cl  12        0.228277        0.039900        0.034711
     Cl  12        0.053489        0.034711       -0.163726

     H   13       -0.462079        0.280151        0.118363
     H   13        0.280151        0.838712        0.534352
     H   13        0.118363        0.534352       -0.376633

     C   14        0.403776       -0.137654        0.184846
     C   14       -0.137654        0.091049        0.269716
     C   14        0.184846        0.269716       -0.494825

     H   15        0.785926        0.388008        0.494938
     H   15        0.388008       -0.376379        0.208185
     H   15        0.494938        0.208185       -0.409547

     C   16        0.239155       -0.211861        0.103826
     C   16       -0.211861        0.215130        0.366023
     C   16        0.103826        0.366023       -0.454285

     C   17        0.292510       -0.115982        0.117946
     C   17       -0.115982        0.134012        0.373360
     C   17        0.117946        0.373360       -0.426522

     Cl  18        0.141795       -0.194815       -0.039142
     Cl  18       -0.194815       -0.016880        0.028858
     Cl  18       -0.039142        0.028858       -0.124915

     H   19       -0.516569       -0.095573        0.059637
     H   19       -0.095573        0.780866       -0.610642
     H   19        0.059637       -0.610642       -0.264297

     C   20        0.237682        0.224528        0.380291
     C   20        0.224528        0.144816       -0.224213
     C   20        0.380291       -0.224213       -0.382498

     H   21        0.499807       -0.283224        0.744692
     H   21       -0.283224       -0.399471       -0.261907
     H   21        0.744692       -0.261907       -0.100337

     C   22        0.078412        0.296318        0.284054
     C   22        0.296318        0.293627       -0.323232
     C   22        0.284054       -0.323232       -0.372039

     C   23        0.133635        0.199656        0.342986
     C   23        0.199656        0.224221       -0.350575
     C   23        0.342986       -0.350575       -0.357856

     Cl  24        0.126808        0.205557        0.058929
     Cl  24        0.205557        0.039419        0.029871
     Cl  24        0.058929        0.029871       -0.166227

     ----- GIPAW term -----
     Cl   1        0.239457       -0.461990       -1.314197
     Cl   1       -0.461990        0.404151       -1.858626
     Cl   1       -1.314197       -1.858626       -0.643608

     C    2        0.046590        0.117988       -0.098987
     C    2        0.117988        0.084034       -0.180055
     C    2       -0.098987       -0.180055       -0.130624

     C    3       -0.014189        0.096518       -0.109661
     C    3        0.096518        0.031940       -0.084220
     C    3       -0.109661       -0.084220       -0.017751

     H    4       -0.000000        0.000000        0.000000
     H    4        0.000000        0.000000        0.000000
     H    4        0.000000        0.000000        0.000000

     C    5        0.041713        0.167847       -0.084736
     C    5        0.167847       -0.007215       -0.131038
     C    5       -0.084736       -0.131038       -0.034499

     H    6       -0.000000        0.000000        0.000000
     H    6        0.000000        0.000000        0.000000
     H    6        0.000000        0.000000        0.000000

     H    7       -0.000000        0.000000        0.000000
     H    7        0.000000        0.000000        0.000000
     H    7        0.000000        0.000000        0.000000

     C    8       -0.083611        0.108720       -0.134003
     C    8        0.108720        0.095799       -0.130408
     C    8       -0.134003       -0.130408       -0.012188

     H    9       -0.000000        0.000000        0.000000
     H    9        0.000000        0.000000        0.000000
     H    9        0.000000        0.000000        0.000000

     C   10       -0.076243        0.118205       -0.007484
     C   10        0.118205        0.057542        0.201612
     C   10       -0.007484        0.201612        0.018701

     C   11       -0.125167        0.084580        0.018439
     C   11        0.084580        0.147839        0.199832
     C   11        0.018439        0.199832       -0.022673

     Cl  12       -0.344911        0.861854       -0.561978
     Cl  12        0.861854        0.219120        1.703890
     Cl  12       -0.561978        1.703890        0.125791

     H   13       -0.000000        0.000000        0.000000
     H   13        0.000000        0.000000        0.000000
     H   13        0.000000        0.000000        0.000000

     C   14       -0.219937        0.114745       -0.030739
     C   14        0.114745        0.233412        0.115641
     C   14       -0.030739        0.115641       -0.013474

     H   15       -0.000000        0.000000        0.000000
     H   15        0.000000        0.000000        0.000000
     H   15        0.000000        0.000000        0.000000

     C   16       -0.079045        0.103670        0.066767
     C   16        0.103670       -0.011319        0.122114
     C   16        0.066767        0.122114        0.090364

     C   17       -0.096338        0.100031       -0.011402
     C   17        0.100031        0.227209        0.099429
     C   17       -0.011402        0.099429       -0.130870

     Cl  18       -0.401446       -1.300532        0.624687
     Cl  18       -1.300532       -0.445088        1.900140
     Cl  18        0.624687        1.900140        0.846534

     H   19       -0.000000        0.000000        0.000000
     H   19        0.000000        0.000000        0.000000
     H   19        0.000000        0.000000        0.000000

     C   20       -0.065575        0.169744        0.005397
     C   20        0.169744        0.146332        0.211368
     C   20        0.005397        0.211368       -0.080756

     H   21       -0.000000        0.000000        0.000000
     H   21        0.000000        0.000000        0.000000
     H   21        0.000000        0.000000        0.000000

     C   22        0.004701        0.163470       -0.083323
     C   22        0.163470        0.083290       -0.070118
     C   22       -0.083323       -0.070118       -0.087991

     C   23        0.024458        0.254644       -0.156010
     C   23        0.254644        0.014342       -0.077130
     C   23       -0.156010       -0.077130       -0.038800

     Cl  24       -0.081645        0.725955       -2.031482
     Cl  24        0.725955       -1.360873       -0.546152
     Cl  24       -2.031482       -0.546152        1.442517

     ----- total EFG -----
     Cl   1        0.258780       -0.508383       -1.443572
     Cl   1       -0.508383        0.474455       -1.994328
     Cl   1       -1.443572       -1.994328       -0.733234

     C    2        0.285353        0.303493       -0.113509
     C    2        0.303493        0.203812       -0.451453
     C    2       -0.113509       -0.451453       -0.489165

     C    3       -0.041373        0.081487       -0.176138
     C    3        0.081487        0.282262        0.085300
     C    3       -0.176138        0.085300       -0.240888

     H    4        0.278452       -0.082839        0.586761
     H    4       -0.082839       -0.333172        0.371821
     H    4        0.586761        0.371821        0.054720

     C    5        0.382781        0.367126       -0.061074
     C    5        0.367126       -0.156060       -0.171240
     C    5       -0.061074       -0.171240       -0.226721

     H    6       -0.308617       -0.300158        0.198707
     H    6       -0.300158        0.204229        0.608475
     H    6        0.198707        0.608475        0.104388

     H    7       -0.065341        0.137066       -0.071862
     H    7        0.137066        0.210588       -0.086823
     H    7       -0.071862       -0.086823       -0.145248

     C    8       -0.418827        0.074195       -0.186741
     C    8        0.074195        0.377616       -0.297678
     C    8       -0.186741       -0.297678        0.041211

     H    9        0.122452       -0.309791        0.098366
     H    9       -0.309791        0.008222       -0.108935
     H    9        0.098366       -0.108935       -0.130673

     C   10       -0.012852        0.409251        0.008673
     C   10        0.409251        0.158608        0.604372
     C   10        0.008673        0.604372       -0.145756

     C   11       -0.408317       -0.070894        0.189087
     C   11       -0.070894        0.384227        0.323329
     C   11        0.189087        0.323329        0.024090

     Cl  12       -0.101455        1.074383       -0.570009
     Cl  12        1.074383        0.179868        1.550976
     Cl  12       -0.570009        1.550976       -0.078413

     H   13       -0.148171        0.120991        0.177717
     H   13        0.120991        0.308200        0.059701
     H   13        0.177717        0.059701       -0.160029

     C   14       -0.648245        0.366101       -0.267243
     C   14        0.366101        0.740487        0.306855
     C   14       -0.267243        0.306855       -0.092242

     H   15        0.241395        0.247896        0.404218
     H   15        0.247896        0.036657       -0.086263
     H   15        0.404218       -0.086263       -0.278053

     C   16        0.175518        0.271193        0.144833
     C   16        0.271193       -0.245463        0.053451
     C   16        0.144833        0.053451        0.069945

     C   17       -0.374977        0.341444       -0.297463
     C   17        0.341444        0.677293        0.341192
     C   17       -0.297463        0.341192       -0.302316

     Cl  18       -0.331433       -1.468157        0.643738
     Cl  18       -1.468157       -0.500759        2.022791
     Cl  18        0.643738        2.022791        0.832192

     H   19       -0.072061       -0.175903       -0.008970
     H   19       -0.175903       -0.006334       -0.570638
     H   19       -0.008970       -0.570638        0.078395

     C   20       -0.029114        0.643281        0.039850
     C   20        0.643281        0.331004        0.559240
     C   20        0.039850        0.559240       -0.301890

     H   21        0.386337       -0.213031        0.403586
     H   21       -0.213031       -0.298759        0.245968
     H   21        0.403586        0.245968       -0.087578

     C   22       -0.301511        0.118479       -0.040635
     C   22        0.118479        0.387715       -0.238470
     C   22       -0.040635       -0.238470       -0.086204

     C   23        0.195805        0.792538       -0.303546
     C   23        0.792538        0.006933        0.080314
     C   23       -0.303546        0.080314       -0.202738

     Cl  24       -0.154143        0.600303       -2.024907
     Cl  24        0.600303       -1.371935       -0.529852
     Cl  24       -2.024907       -0.529852        1.526078

     ----- total EFG (symmetrized) -----
     Cl   1        0.258780       -0.508383       -1.443572
     Cl   1       -0.508383        0.474455       -1.994328
     Cl   1       -1.443572       -1.994328       -0.733234

     C    2        0.285353        0.303493       -0.113509
     C    2        0.303493        0.203812       -0.451453
     C    2       -0.113509       -0.451453       -0.489165

     C    3       -0.041373        0.081487       -0.176138
     C    3        0.081487        0.282262        0.085300
     C    3       -0.176138        0.085300       -0.240888

     H    4        0.278452       -0.082839        0.586761
     H    4       -0.082839       -0.333172        0.371821
     H    4        0.586761        0.371821        0.054720

     C    5        0.382781        0.367126       -0.061074
     C    5        0.367126       -0.156060       -0.171240
     C    5       -0.061074       -0.171240       -0.226721

     H    6       -0.308617       -0.300158        0.198707
     H    6       -0.300158        0.204229        0.608475
     H    6        0.198707        0.608475        0.104388

     H    7       -0.065341        0.137066       -0.071862
     H    7        0.137066        0.210588       -0.086823
     H    7       -0.071862       -0.086823       -0.145248

     C    8       -0.418827        0.074195       -0.186741
     C    8        0.074195        0.377616       -0.297678
     C    8       -0.186741       -0.297678        0.041211

     H    9        0.122452       -0.309791        0.098366
     H    9       -0.309791        0.008222       -0.108935
     H    9        0.098366       -0.108935       -0.130673

     C   10       -0.012852        0.409251        0.008673
     C   10        0.409251        0.158608        0.604372
     C   10        0.008673        0.604372       -0.145756

     C   11       -0.408317       -0.070894        0.189087
     C   11       -0.070894        0.384227        0.323329
     C   11        0.189087        0.323329        0.024090

     Cl  12       -0.101455        1.074383       -0.570009
     Cl  12        1.074383        0.179868        1.550976
     Cl  12       -0.570009        1.550976       -0.078413

     H   13       -0.148171        0.120991        0.177717
     H   13        0.120991        0.308200        0.059701
     H   13        0.177717        0.059701       -0.160029

     C   14       -0.648245        0.366101       -0.267243
     C   14        0.366101        0.740487        0.306855
     C   14       -0.267243        0.306855       -0.092242

     H   15        0.241395        0.247896        0.404218
     H   15        0.247896        0.036657       -0.086263
     H   15        0.404218       -0.086263       -0.278053

     C   16        0.175518        0.271193        0.144833
     C   16        0.271193       -0.245463        0.053451
     C   16        0.144833        0.053451        0.069945

     C   17       -0.374977        0.341444       -0.297463
     C   17        0.341444        0.677293        0.341192
     C   17       -0.297463        0.341192       -0.302316

     Cl  18       -0.331433       -1.468157        0.643738
     Cl  18       -1.468157       -0.500759        2.022791
     Cl  18        0.643738        2.022791        0.832192

     H   19       -0.072061       -0.175903       -0.008970
     H   19       -0.175903       -0.006334       -0.570638
     H   19       -0.008970       -0.570638        0.078395

     C   20       -0.029114        0.643281        0.039850
     C   20        0.643281        0.331004        0.559240
     C   20        0.039850        0.559240       -0.301890

     H   21        0.386337       -0.213031        0.403586
     H   21       -0.213031       -0.298759        0.245968
     H   21        0.403586        0.245968       -0.087578

     C   22       -0.301511        0.118479       -0.040635
     C   22        0.118479        0.387715       -0.238470
     C   22       -0.040635       -0.238470       -0.086204

     C   23        0.195805        0.792538       -0.303546
     C   23        0.792538        0.006933        0.080314
     C   23       -0.303546        0.080314       -0.202738

     Cl  24       -0.154143        0.600303       -2.024907
     Cl  24        0.600303       -1.371935       -0.529852
     Cl  24       -2.024907       -0.529852        1.526078


     NQR/NMR SPECTROSCOPIC PARAMETERS:
     Cl   1    Vxx=    0.7938    axis=( -0.848757  0.511400  0.134471)
     Cl   1    Vyy=    2.1055    axis=( -0.315321 -0.693627  0.647653)
     Cl   1    Vzz=   -2.8993    axis=(  0.424482  0.507298  0.749975)
     Cl   1  Q=        -8.1650 1e-30 m^2  Cq=        55.6215 MHz  eta= 0.45242

     C    2    Vxx=    0.0267    axis=(  0.777896 -0.547673  0.308112)
     C    2    Vyy=    0.6862    axis=( -0.627378 -0.704737  0.331274)
     C    2    Vzz=   -0.7129    axis=(  0.035708 -0.450999 -0.891810)
     C    2  Q=         1.0000 1e-30 m^2  Cq=        -1.6751 MHz  eta= 0.92504

     C    3    Vxx=    0.0584    axis=( -0.843376  0.106279  0.526708)
     C    3    Vyy=    0.3056    axis=( -0.182096 -0.978770 -0.094080)
     C    3    Vzz=   -0.3640    axis=(  0.505527 -0.175256  0.844824)
     C    3  Q=         1.0000 1e-30 m^2  Cq=        -0.8552 MHz  eta= 0.67932

     H    4    Vxx=   -0.0595    axis=( -0.543173  0.729414  0.415835)
     H    4    Vyy=   -0.7335    axis=(  0.415094  0.663795 -0.622152)
     H    4    Vzz=    0.7930    axis=( -0.729836 -0.165326 -0.663331)
     H    4  Q=         1.0000 1e-30 m^2  Cq=         1.8632 MHz  eta= 0.84990

     C    5    Vxx=   -0.1630    axis=(  0.386465 -0.439631  0.810784)
     C    5    Vyy=   -0.4275    axis=(  0.305734 -0.768315 -0.562333)
     C    5    Vzz=    0.5905    axis=( -0.870156 -0.465206  0.162517)
     C    5  Q=         1.0000 1e-30 m^2  Cq=         1.3874 MHz  eta= 0.44795

     H    6    Vxx=   -0.0308    axis=(  0.769985 -0.367346  0.521710)
     H    6    Vyy=   -0.7416    axis=(  0.632053  0.551075 -0.544817)
     H    6    Vzz=    0.7724    axis=( -0.087365  0.749249  0.656501)
     H    6  Q=         1.0000 1e-30 m^2  Cq=         1.8148 MHz  eta= 0.92029

     H    7    Vxx=   -0.1060    axis=(  0.782163 -0.455251 -0.425402)
     H    7    Vyy=   -0.1876    axis=(  0.487701  0.022413  0.872723)
     H    7    Vzz=    0.2937    axis=( -0.387774 -0.890081  0.239558)
     H    7  Q=         1.0000 1e-30 m^2  Cq=         0.6900 MHz  eta= 0.27787

     C    8    Vxx=   -0.0907    axis=( -0.318765  0.543918  0.776236)
     C    8    Vyy=   -0.4863    axis=(  0.934193  0.041850  0.354305)
     C    8    Vzz=    0.5770    axis=(  0.160227  0.838094 -0.521464)
     C    8  Q=         1.0000 1e-30 m^2  Cq=         1.3558 MHz  eta= 0.68566

     H    9    Vxx=   -0.1644    axis=( -0.339417 -0.015612  0.940507)
     H    9    Vyy=   -0.2544    axis=(  0.583437  0.780796  0.223516)
     H    9    Vzz=    0.4188    axis=( -0.737833  0.624591 -0.255907)
     H    9  Q=         1.0000 1e-30 m^2  Cq=         0.9840 MHz  eta= 0.21510

     C   10    Vxx=   -0.0610    axis=(  0.839302 -0.087320 -0.536608)
     C   10    Vyy=   -0.7134    axis=( -0.365528  0.640000 -0.675862)
     C   10    Vzz=    0.7743    axis=(  0.402445  0.763397  0.505235)
     C   10  Q=         1.0000 1e-30 m^2  Cq=         1.8194 MHz  eta= 0.84251

     C   11    Vxx=   -0.0546    axis=(  0.488063 -0.465231  0.738482)
     C   11    Vyy=   -0.5209    axis=( -0.872013 -0.223804  0.435321)
     C   11    Vzz=    0.5755    axis=(  0.037250  0.856430  0.514918)
     C   11  Q=         1.0000 1e-30 m^2  Cq=         1.3523 MHz  eta= 0.81014

     Cl  12    Vxx=    0.4362    axis=(  0.825263  0.120216 -0.551805)
     Cl  12    Vyy=    1.7226    axis=( -0.273346 -0.769978 -0.576555)
     Cl  12    Vzz=   -2.1588    axis=(  0.494189 -0.626644  0.602574)
     Cl  12  Q=        -8.1650 1e-30 m^2  Cq=        41.4159 MHz  eta= 0.59591

     H   13    Vxx=   -0.0250    axis=(  0.638263 -0.354218  0.683484)
     H   13    Vyy=   -0.3348    axis=( -0.711092  0.068841  0.699721)
     H   13    Vzz=    0.3598    axis=(  0.294906  0.932626  0.207943)
     H   13  Q=         1.0000 1e-30 m^2  Cq=         0.8453 MHz  eta= 0.86097

     C   14    Vxx=   -0.0060    axis=( -0.448510 -0.142719  0.882310)
     C   14    Vyy=   -0.8847    axis=( -0.874755  0.272678 -0.400562)
     C   14    Vzz=    0.8908    axis=( -0.183419 -0.951461 -0.247143)
     C   14  Q=         1.0000 1e-30 m^2  Cq=         2.0929 MHz  eta= 0.98646

     H   15    Vxx=    0.0349    axis=( -0.164075  0.876057 -0.453435)
     H   15    Vyy=    0.5301    axis=(  0.849470  0.359158  0.386530)
     H   15    Vzz=   -0.5650    axis=( -0.501477  0.321760  0.803113)
     H   15  Q=         1.0000 1e-30 m^2  Cq=        -1.3276 MHz  eta= 0.87654

     C   16    Vxx=   -0.0047    axis=( -0.378692 -0.227420  0.897147)
     C   16    Vyy=   -0.3789    axis=( -0.447067  0.893700  0.037836)
     C   16    Vzz=    0.3836    axis=( -0.810385 -0.386757 -0.440109)
     C   16  Q=         1.0000 1e-30 m^2  Cq=         0.9013 MHz  eta= 0.97529

     C   17    Vxx=   -0.0397    axis=(  0.678364  0.026355 -0.734253)
     C   17    Vyy=   -0.7960    axis=( -0.703616  0.311024 -0.638896)
     C   17    Vzz=    0.8358    axis=( -0.211532 -0.950037 -0.229531)
     C   17  Q=         1.0000 1e-30 m^2  Cq=         1.9637 MHz  eta= 0.90490

     Cl  18    Vxx=    0.5706    axis=(  0.838957 -0.323584  0.437543)
     Cl  18    Vyy=    2.3499    axis=(  0.158178 -0.624306 -0.764998)
     Cl  18    Vzz=   -2.9204    axis=(  0.520702  0.711010 -0.472582)
     Cl  18  Q=        -8.1650 1e-30 m^2  Cq=        56.0269 MHz  eta= 0.60926

     H   19    Vxx=   -0.0536    axis=(  0.950236 -0.084319 -0.299903)
     H   19    Vyy=   -0.5733    axis=(  0.265315  0.723590  0.637202)
     H   19    Vzz=    0.6270    axis=(  0.163279 -0.685061  0.709952)
     H   19  Q=         1.0000 1e-30 m^2  Cq=         1.4731 MHz  eta= 0.82895

     C   20    Vxx=   -0.2104    axis=( -0.721409  0.161580  0.673396)
     C   20    Vyy=   -0.7868    axis=( -0.472237  0.596455 -0.649025)
     C   20    Vzz=    0.9972    axis=(  0.506520  0.786214  0.353984)
     C   20  Q=         1.0000 1e-30 m^2  Cq=         2.3431 MHz  eta= 0.57805

     H   21    Vxx=    0.0075    axis=(  0.283124 -0.712583 -0.641924)
     H   21    Vyy=    0.6222    axis=( -0.877943  0.076871 -0.472553)
     H   21    Vzz=   -0.6297    axis=( -0.386079 -0.697364  0.603843)
     H   21  Q=         1.0000 1e-30 m^2  Cq=        -1.4795 MHz  eta= 0.97630

     C   22    Vxx=   -0.1850    axis=(  0.057107  0.373693  0.925793)
     C   22    Vyy=   -0.3213    axis=( -0.986585  0.163174 -0.005008)
     C   22    Vzz=    0.5063    axis=( -0.152937 -0.913087  0.377998)
     C   22  Q=         1.0000 1e-30 m^2  Cq=         1.1896 MHz  eta= 0.26931

     C   23    Vxx=   -0.1149    axis=( -0.153618  0.405364  0.901156)
     C   23    Vyy=   -0.8124    axis=( -0.637433  0.656197 -0.403837)
     C   23    Vzz=    0.9272    axis=( -0.755037 -0.636463  0.157589)
     C   23  Q=         1.0000 1e-30 m^2  Cq=         2.1786 MHz  eta= 0.75224

     Cl  24    Vxx=   -1.3057    axis=(  0.518166  0.693674  0.500320)
     Cl  24    Vyy=   -1.7094    axis=( -0.652117  0.698931 -0.293664)
     Cl  24    Vzz=    3.0151    axis=( -0.553396 -0.174100  0.814519)
     Cl  24  Q=        -8.1650 1e-30 m^2  Cq=       -57.8428 MHz  eta= 0.13390

     Initialization:
     gipaw_setup  :      9.02s CPU     10.92s WALL (       1 calls)

     Linear response

     Apply operators

     Induced current

     Other routines
     efg          :      9.48s CPU     11.74s WALL (       1 calls)

     General routines
     calbec       :      3.21s CPU      4.35s WALL (      16 calls)
     fft          :      1.52s CPU      2.29s WALL (      15 calls)
     ffts         :      0.03s CPU      0.05s WALL (       2 calls)
     fftw         :      3.45s CPU      4.02s WALL (     672 calls)
     davcio       :      0.03s CPU      0.31s WALL (      32 calls)

     Parallel routines
     fft_scatter  :      2.10s CPU      3.33s WALL (     689 calls)

     Plugins

     GIPAW        :     60.76s CPU     73.70s WALL (       1 calls)
