
     Program QE v.6.0 (svn rev. 13079) starts on 16Jan2017 at 17:52:41 

     This program is part of the open-source Quantum ESPRESSO suite
     for quantum simulation of materials; please cite
         "P. Giannozzi et al., J. Phys.:Condens. Matter 21 395502 (2009);
          URL http://www.quantum-espresso.org", 
     in publications or presentations arising from this work. More details at
     http://www.quantum-espresso.org/quote

     Parallel version (MPI), running on     8 processors
     R & G space division:  proc/nbgrp/npool/nimage =       8

     ***** This is GIPAW svn revision unknown      *****

     Parallelizing q-star over 1 images

     Reading data from directory:
     /users/majewski/paradichlorobenzene/pbe/9_constraint/scratch/pbe.ecut100.np8.dt60.pcl2phi-129368.save
     Message from routine read_xml_file:
     file /users/majewski/paradichlorobenzene/pbe/9_constraint/scratch/pbe.ecut100.np8.dt60.pcl2phi-129368.save not guaranteed to be safe for post-processing

   Info: using nr1, nr2, nr3 values from input

   Info: using nr1, nr2, nr3 values from input

     IMPORTANT: XC functional enforced from input :
     Exchange-correlation      =  SLA  PW   PBX  PBC ( 1  4  3  4 0 0)
     Any further DFT definition will be discarded
     Please, verify this is what you really want

               file C.pbe-n-kjpaw_psl.1.0.0.UPF: wavefunction(s)  2S 2P renormalized
               file Cl.pbe-n-kjpaw_psl.1.0.0.UPF: wavefunction(s)  3S 3P renormalized
               file H.pbe-kjpaw_psl.1.0.0.UPF: wavefunction(s)  1S renormalized

     Parallelization info
     --------------------
     sticks:   dense  smooth     PW     G-vecs:    dense   smooth      PW
     Min        3057    1223    332               144436    36536    5170
     Max        3059    1225    333               144437    36537    5171
     Sum       24467    9791   2657              1155489   292295   41363


     Subspace diagonalization in iterative solution of the eigenvalue problem:
     a serial algorithm will be used

     GIPAW projectors -----------------------------------------------
     atom=  C    l=0  rc=    1.2000  rs=    0.8000
     atom=  C    l=0  rc=    1.2000  rs=    0.8000
     atom=  C    l=1  rc=    1.4000  rs=    0.9333
     atom=  C    l=1  rc=    1.4000  rs=    0.9333
     projs nearly linearly dependent: l=1  n1,n2= 1, 2  s=  0.99951561

     atom=  Cl   l=0  rc=    1.6000  rs=    1.0667
     atom=  Cl   l=0  rc=    1.6000  rs=    1.0667
     atom=  Cl   l=1  rc=    1.6000  rs=    1.0667
     atom=  Cl   l=1  rc=    1.6000  rs=    1.0667
     atom=  Cl   l=2  rc=    1.6000  rs=    1.0667
     atom=  Cl   l=2  rc=    1.6000  rs=    1.0667
     projs nearly linearly dependent: l=2  n1,n2= 1, 2  s=  0.99993509

     atom=  H    l=0  rc=    1.0000  rs=    0.6667
     atom=  H    l=0  rc=    1.0000  rs=    0.6667
     projs nearly linearly dependent: l=0  n1,n2= 1, 2  s=  0.99968852
     -----------------------------------------------------------------

     GIPAW integrals: -------------------------------------------
     Atom  i/j   nmr_para   nmr_dia   epr_rmc  epr_para   epr_dia
       C   1 1   0.83E+03  0.17E-01  0.93E+01  0.24E+08  0.24E+03
       C   2 1   0.86E+03 -0.61E-01  0.94E+01  0.25E+08  0.25E+03
       C   2 2   0.90E+03 -0.15E+00  0.97E+01  0.26E+08  0.26E+03
       C   3 3   0.33E+01  0.34E+00  0.18E+01  0.55E+03  0.21E+02
       C   4 3   0.35E+01  0.37E+00  0.20E+01  0.59E+03  0.22E+02
       C   4 4   0.38E+01  0.39E+00  0.22E+01  0.63E+03  0.24E+02
       Cl  1 1   0.14E+04 -0.47E+00  0.84E+01  0.32E+09  0.42E+03
       Cl  2 1   0.21E+04 -0.37E+00  0.12E+02  0.49E+09  0.65E+03
       Cl  2 2   0.33E+04 -0.16E+00  0.21E+02  0.76E+09  0.10E+04
       Cl  3 3   0.21E+02  0.79E-01  0.89E+01  0.23E+05  0.13E+03
       Cl  4 3   0.24E+02  0.67E-01  0.99E+01  0.27E+05  0.15E+03
       Cl  4 4   0.28E+02  0.44E-01  0.11E+02  0.32E+05  0.18E+03
       Cl  5 5   0.77E+00  0.19E+00  0.18E+01  0.12E+03  0.22E+02
       Cl  6 5   0.80E+00  0.19E+00  0.19E+01  0.12E+03  0.23E+02
       Cl  6 6   0.83E+00  0.20E+00  0.19E+01  0.12E+03  0.23E+02
       H   1 1   0.39E+02  0.19E+00  0.29E+00  0.78E+05  0.13E+02
       H   2 1   0.41E+02  0.21E+00  0.32E+00  0.82E+05  0.14E+02
       H   2 2   0.43E+02  0.22E+00  0.36E+00  0.86E+05  0.15E+02
     ------------------------------------------------------------

     alpha_pv=     33.9934 eV

     Number of occupied bands for each k-point:
     k-point:     1    nbnd_occ=  42
     k-point:     2    nbnd_occ=  42
     k-point:     3    nbnd_occ=  42
     k-point:     4    nbnd_occ=  42
     k-point:     5    nbnd_occ=  42
     k-point:     6    nbnd_occ=  42
     k-point:     7    nbnd_occ=  42
     k-point:     8    nbnd_occ=  42
     k-point:     9    nbnd_occ=  42
     k-point:    10    nbnd_occ=  42
     k-point:    11    nbnd_occ=  42
     k-point:    12    nbnd_occ=  42
     k-point:    13    nbnd_occ=  42
     k-point:    14    nbnd_occ=  42
     k-point:    15    nbnd_occ=  42
     k-point:    16    nbnd_occ=  42


     q-space interpolation up to   110.00 Rydberg

     GIPAW job: efg                                                                             


     ELECTRIC FIELD GRADIENTS TENSORS IN Hartree/bohrradius^2:

     ----- bare term -----
     Cl   1       -0.015626        0.213503        0.064168
     Cl   1        0.213503       -0.234207        0.235795
     Cl   1        0.064168        0.235795        0.249833

     C    2        0.106601        0.018034       -0.203832
     C    2        0.018034       -0.033014       -0.611104
     C    2       -0.203832       -0.611104       -0.073587

     C    3       -0.297645        0.045249        0.036527
     C    3        0.045249       -0.098833        0.143315
     C    3        0.036527        0.143315        0.396478

     H    4       -0.194067       -0.369688        0.088726
     H    4       -0.369688       -0.079660        0.153657
     H    4        0.088726        0.153657        0.273727

     C    5        0.085674       -0.012022       -0.131050
     C    5       -0.012022       -0.140411       -0.320955
     C    5       -0.131050       -0.320955        0.054738

     H    6        0.353096       -0.215905        0.037691
     H    6       -0.215905       -0.644250        0.113781
     H    6        0.037691        0.113781        0.291154

     H    7        0.475714        0.042507        0.188684
     H    7        0.042507        0.006262        0.189017
     H    7        0.188684        0.189017       -0.481976

     C    8       -0.614066       -0.276586       -0.277879
     C    8       -0.276586        0.312313        0.022288
     C    8       -0.277879        0.022288        0.301753

     H    9        0.064107       -0.038999       -0.479500
     H    9       -0.038999        0.095796       -0.260412
     H    9       -0.479500       -0.260412       -0.159903

     C   10        0.232109       -0.117677       -0.069001
     C   10       -0.117677       -0.135938        0.402981
     C   10       -0.069001        0.402981       -0.096171

     C   11       -0.588018       -0.428217       -0.307937
     C   11       -0.428217        0.246869        0.206751
     C   11       -0.307937        0.206751        0.341149

     Cl  12       -0.018914        0.012106       -0.041861
     Cl  12        0.012106        0.130224        0.033286
     Cl  12       -0.041861        0.033286       -0.111310

     H   13        0.470040       -0.128523       -0.024064
     H   13       -0.128523       -0.576059       -0.249787
     H   13       -0.024064       -0.249787        0.106020

     C   14       -0.786089        0.344554       -0.415193
     C   14        0.344554        0.319644       -0.045671
     C   14       -0.415193       -0.045671        0.466445

     H   15       -0.455849       -0.199140        0.272347
     H   15       -0.199140        0.307603       -0.118226
     H   15        0.272347       -0.118226        0.148246

     C   16        0.324570        0.045849        0.062720
     C   16        0.045849       -0.476965       -0.327315
     C   16        0.062720       -0.327315        0.152395

     C   17       -0.816368        0.440786       -0.312163
     C   17        0.440786        0.273112       -0.034002
     C   17       -0.312163       -0.034002        0.543256

     Cl  18       -0.023175       -0.032157        0.001188
     Cl  18       -0.032157        0.066503        0.082108
     Cl  18        0.001188        0.082108       -0.043328

     H   19        0.298736       -0.260446        0.084385
     H   19       -0.260446       -0.552458        0.437441
     H   19        0.084385        0.437441        0.253723

     C   20       -0.036450        0.118655       -0.302424
     C   20        0.118655       -0.006619        0.443826
     C   20       -0.302424        0.443826        0.043069

     H   21        0.015410        0.283192       -0.361741
     H   21        0.283192       -0.212564        0.439957
     H   21       -0.361741        0.439957        0.197154

     C   22       -0.729858       -0.310283       -0.274071
     C   22       -0.310283        0.250400        0.082733
     C   22       -0.274071        0.082733        0.479459

     C   23        0.115168       -0.108604       -0.126855
     C   23       -0.108604       -0.070367        0.586037
     C   23       -0.126855        0.586037       -0.044802

     Cl  24       -0.264174       -0.317355       -0.002096
     Cl  24       -0.317355        0.130994       -0.005080
     Cl  24       -0.002096       -0.005080        0.133180

     ----- ionic term -----
     Cl   1        0.162338       -0.174001       -0.054276
     Cl   1       -0.174001       -0.010078        0.039062
     Cl   1       -0.054276        0.039062       -0.152260

     C    2        0.377637       -0.022622        0.042368
     C    2       -0.022622        0.171401        0.326831
     C    2        0.042368        0.326831       -0.549038

     C    3        0.282221       -0.127576       -0.008791
     C    3       -0.127576        0.237552        0.305218
     C    3       -0.008791        0.305218       -0.519773

     H    4        0.894272        0.449219        0.215238
     H    4        0.449219       -0.323703        0.135616
     H    4        0.215238        0.135616       -0.570568

     C    5        0.381044       -0.069263        0.058064
     C    5       -0.069263        0.157209        0.241335
     C    5        0.058064        0.241335       -0.538253

     H    6       -0.523036        0.168312        0.041485
     H    6        0.168312        0.985950        0.401690
     H    6        0.041485        0.401690       -0.462914

     H    7       -0.523150       -0.003183        0.028685
     H    7       -0.003183        0.443513       -0.790503
     H    7        0.028685       -0.790503        0.079637

     C    8        0.240473        0.225781        0.309286
     C    8        0.225781       -0.036675       -0.295864
     C    8        0.309286       -0.295864       -0.203798

     H    9        0.509810       -0.295200        0.696124
     H    9       -0.295200       -0.404016       -0.263204
     H    9        0.696124       -0.263204       -0.105794

     C   10        0.118119        0.263796        0.197184
     C   10        0.263796        0.104548       -0.397348
     C   10        0.197184       -0.397348       -0.222667

     C   11        0.174243        0.201459        0.258512
     C   11        0.201459        0.032875       -0.449036
     C   11        0.258512       -0.449036       -0.207119

     Cl  12        0.180136        0.233958        0.007122
     Cl  12        0.233958       -0.030915       -0.001506
     Cl  12        0.007122       -0.001506       -0.149221

     H   13       -0.503146        0.077093        0.006181
     H   13        0.077093        0.813741        0.583357
     H   13        0.006181        0.583357       -0.310595

     C   14        0.436631       -0.092731        0.038348
     C   14       -0.092731        0.111582        0.285412
     C   14        0.038348        0.285412       -0.548214

     H   15        0.839582        0.449148        0.371303
     H   15        0.449148       -0.298578        0.166952
     H   15        0.371303        0.166952       -0.541004

     C   16        0.267994       -0.179169        0.027193
     C   16       -0.179169        0.281556        0.315594
     C   16        0.027193        0.315594       -0.549550

     C   17        0.276053       -0.065197        0.148626
     C   17       -0.065197        0.262422        0.257565
     C   17        0.148626        0.257565       -0.538475

     Cl  18        0.162428       -0.213725        0.033764
     Cl  18       -0.213725       -0.001583       -0.018694
     Cl  18        0.033764       -0.018694       -0.160845

     H   19       -0.498289        0.115044       -0.065895
     H   19        0.115044        0.483517       -0.770753
     H   19       -0.065895       -0.770753        0.014772

     C   20        0.287003        0.231639        0.283595
     C   20        0.231639       -0.025505       -0.305587
     C   20        0.283595       -0.305587       -0.261498

     H   21        0.516855       -0.243801        0.720099
     H   21       -0.243801       -0.469446       -0.238899
     H   21        0.720099       -0.238899       -0.047409

     C   22        0.182308        0.287420        0.211917
     C   22        0.287420        0.093257       -0.335636
     C   22        0.211917       -0.335636       -0.275565

     C   23        0.192111        0.265385        0.280325
     C   23        0.265385        0.058839       -0.361030
     C   23        0.280325       -0.361030       -0.250950

     Cl  24        0.156111        0.205816        0.015701
     Cl  24        0.205816        0.017711       -0.003352
     Cl  24        0.015701       -0.003352       -0.173822

     ----- GIPAW term -----
     Cl   1       -0.663954        0.265194       -0.309974
     Cl   1        0.265194        1.012382       -1.073234
     Cl   1       -0.309974       -1.073234       -0.348428

     C    2       -0.047305       -0.002228       -0.015928
     C    2       -0.002228        0.236441       -0.023700
     C    2       -0.015928       -0.023700       -0.189136

     C    3       -0.017404       -0.021000        0.010133
     C    3       -0.021000        0.006145        0.025186
     C    3        0.010133        0.025186        0.011259

     H    4       -0.000000        0.000000        0.000000
     H    4        0.000000        0.000000        0.000000
     H    4        0.000000        0.000000        0.000000

     C    5       -0.033979        0.021677        0.002100
     C    5        0.021677        0.145028       -0.031174
     C    5        0.002100       -0.031174       -0.111049

     H    6       -0.000000        0.000000        0.000000
     H    6        0.000000        0.000000        0.000000
     H    6        0.000000        0.000000        0.000000

     H    7       -0.000000        0.000000        0.000000
     H    7        0.000000        0.000000        0.000000
     H    7        0.000000        0.000000        0.000000

     C    8       -0.097152       -0.051494       -0.022413
     C    8       -0.051494        0.125768        0.015988
     C    8       -0.022413        0.015988       -0.028617

     H    9       -0.000000        0.000000        0.000000
     H    9        0.000000        0.000000        0.000000
     H    9        0.000000        0.000000        0.000000

     C   10       -0.028819       -0.021440       -0.006010
     C   10       -0.021440        0.104786        0.060749
     C   10       -0.006010        0.060749       -0.075967

     C   11       -0.143763       -0.004628       -0.031533
     C   11       -0.004628        0.238842        0.085797
     C   11       -0.031533        0.085797       -0.095079

     Cl  12        0.106594        2.045791       -0.163289
     Cl  12        2.045791        2.464039        0.587097
     Cl  12       -0.163289        0.587097       -2.570633

     H   13       -0.000000        0.000000        0.000000
     H   13        0.000000        0.000000        0.000000
     H   13        0.000000        0.000000        0.000000

     C   14       -0.127005        0.008291       -0.052104
     C   14        0.008291        0.042497        0.107183
     C   14       -0.052104        0.107183        0.084508

     H   15       -0.000000        0.000000        0.000000
     H   15        0.000000        0.000000        0.000000
     H   15        0.000000        0.000000        0.000000

     C   16        0.007387       -0.015267        0.015070
     C   16       -0.015267       -0.018684        0.069705
     C   16        0.015070        0.069705        0.011297

     C   17       -0.144746       -0.008218       -0.033359
     C   17       -0.008218        0.082970        0.148176
     C   17       -0.033359        0.148176        0.061776

     Cl  18        0.181951       -2.533724       -0.337917
     Cl  18       -2.533724        1.710105        1.332503
     Cl  18       -0.337917        1.332503       -1.892056

     H   19       -0.000000        0.000000        0.000000
     H   19        0.000000        0.000000        0.000000
     H   19        0.000000        0.000000        0.000000

     C   20       -0.079165        0.064769       -0.032801
     C   20        0.064769        0.222717        0.049923
     C   20       -0.032801        0.049923       -0.143552

     H   21       -0.000000        0.000000        0.000000
     H   21        0.000000        0.000000        0.000000
     H   21        0.000000        0.000000        0.000000

     C   22       -0.168003        0.018798       -0.038267
     C   22        0.018798        0.209049       -0.044851
     C   22       -0.038267       -0.044851       -0.041046

     C   23       -0.036170       -0.041006        0.006700
     C   23       -0.041006        0.223639       -0.004135
     C   23        0.006700       -0.004135       -0.187469

     Cl  24       -1.096848       -0.067651       -0.034154
     Cl  24       -0.067651        3.001006       -0.391021
     Cl  24       -0.034154       -0.391021       -1.904159

     ----- total EFG -----
     Cl   1       -0.517242        0.304696       -0.300082
     Cl   1        0.304696        0.768096       -0.798377
     Cl   1       -0.300082       -0.798377       -0.250854

     C    2        0.436933       -0.006817       -0.177392
     C    2       -0.006817        0.374828       -0.307973
     C    2       -0.177392       -0.307973       -0.811761

     C    3       -0.032827       -0.103328        0.037870
     C    3       -0.103328        0.144864        0.473719
     C    3        0.037870        0.473719       -0.112036

     H    4        0.700205        0.079530        0.303964
     H    4        0.079530       -0.403364        0.289273
     H    4        0.303964        0.289273       -0.296841

     C    5        0.432739       -0.059607       -0.070885
     C    5       -0.059607        0.161825       -0.110794
     C    5       -0.070885       -0.110794       -0.594564

     H    6       -0.169940       -0.047593        0.079177
     H    6       -0.047593        0.341700        0.515471
     H    6        0.079177        0.515471       -0.171760

     H    7       -0.047436        0.039325        0.217369
     H    7        0.039325        0.449775       -0.601486
     H    7        0.217369       -0.601486       -0.402339

     C    8       -0.470745       -0.102299        0.008994
     C    8       -0.102299        0.401407       -0.257588
     C    8        0.008994       -0.257588        0.069338

     H    9        0.573917       -0.334199        0.216624
     H    9       -0.334199       -0.308221       -0.523616
     H    9        0.216624       -0.523616       -0.265697

     C   10        0.321409        0.124679        0.122172
     C   10        0.124679        0.073396        0.066382
     C   10        0.122172        0.066382       -0.394805

     C   11       -0.557538       -0.231387       -0.080957
     C   11       -0.231387        0.518587       -0.156489
     C   11       -0.080957       -0.156489        0.038951

     Cl  12        0.267816        2.291855       -0.198028
     Cl  12        2.291855        2.563348        0.618877
     Cl  12       -0.198028        0.618877       -2.831164

     H   13       -0.033107       -0.051430       -0.017883
     H   13       -0.051430        0.237682        0.333570
     H   13       -0.017883        0.333570       -0.204576

     C   14       -0.476463        0.260113       -0.428948
     C   14        0.260113        0.473723        0.346924
     C   14       -0.428948        0.346924        0.002740

     H   15        0.383733        0.250009        0.643651
     H   15        0.250009        0.009025        0.048726
     H   15        0.643651        0.048726       -0.392757

     C   16        0.599951       -0.148587        0.104983
     C   16       -0.148587       -0.214092        0.057984
     C   16        0.104983        0.057984       -0.385859

     C   17       -0.685061        0.367371       -0.196895
     C   17        0.367371        0.618504        0.371739
     C   17       -0.196895        0.371739        0.066557

     Cl  18        0.321204       -2.779605       -0.302965
     Cl  18       -2.779605        1.775024        1.395917
     Cl  18       -0.302965        1.395917       -2.096228

     H   19       -0.199553       -0.145402        0.018490
     H   19       -0.145402       -0.068942       -0.333312
     H   19        0.018490       -0.333312        0.268494

     C   20        0.171388        0.415063       -0.051629
     C   20        0.415063        0.190592        0.188163
     C   20       -0.051629        0.188163       -0.361980

     H   21        0.532265        0.039392        0.358359
     H   21        0.039392       -0.682010        0.201058
     H   21        0.358359        0.201058        0.149745

     C   22       -0.715553       -0.004066       -0.100422
     C   22       -0.004066        0.552706       -0.297754
     C   22       -0.100422       -0.297754        0.162848

     C   23        0.271109        0.115775        0.160171
     C   23        0.115775        0.212111        0.220872
     C   23        0.160171        0.220872       -0.483220

     Cl  24       -1.204911       -0.179190       -0.020550
     Cl  24       -0.179190        3.149711       -0.399452
     Cl  24       -0.020550       -0.399452       -1.944800

     ----- total EFG (symmetrized) -----
     Cl   1       -0.517242        0.304696       -0.300082
     Cl   1        0.304696        0.768096       -0.798377
     Cl   1       -0.300082       -0.798377       -0.250854

     C    2        0.436933       -0.006817       -0.177392
     C    2       -0.006817        0.374828       -0.307973
     C    2       -0.177392       -0.307973       -0.811761

     C    3       -0.032827       -0.103328        0.037870
     C    3       -0.103328        0.144864        0.473719
     C    3        0.037870        0.473719       -0.112036

     H    4        0.700205        0.079530        0.303964
     H    4        0.079530       -0.403364        0.289273
     H    4        0.303964        0.289273       -0.296841

     C    5        0.432739       -0.059607       -0.070885
     C    5       -0.059607        0.161825       -0.110794
     C    5       -0.070885       -0.110794       -0.594564

     H    6       -0.169940       -0.047593        0.079177
     H    6       -0.047593        0.341700        0.515471
     H    6        0.079177        0.515471       -0.171760

     H    7       -0.047436        0.039325        0.217369
     H    7        0.039325        0.449775       -0.601486
     H    7        0.217369       -0.601486       -0.402339

     C    8       -0.470745       -0.102299        0.008994
     C    8       -0.102299        0.401407       -0.257588
     C    8        0.008994       -0.257588        0.069338

     H    9        0.573917       -0.334199        0.216624
     H    9       -0.334199       -0.308221       -0.523616
     H    9        0.216624       -0.523616       -0.265697

     C   10        0.321409        0.124679        0.122172
     C   10        0.124679        0.073396        0.066382
     C   10        0.122172        0.066382       -0.394805

     C   11       -0.557538       -0.231387       -0.080957
     C   11       -0.231387        0.518587       -0.156489
     C   11       -0.080957       -0.156489        0.038951

     Cl  12        0.267816        2.291855       -0.198028
     Cl  12        2.291855        2.563348        0.618877
     Cl  12       -0.198028        0.618877       -2.831164

     H   13       -0.033107       -0.051430       -0.017883
     H   13       -0.051430        0.237682        0.333570
     H   13       -0.017883        0.333570       -0.204576

     C   14       -0.476463        0.260113       -0.428948
     C   14        0.260113        0.473723        0.346924
     C   14       -0.428948        0.346924        0.002740

     H   15        0.383733        0.250009        0.643651
     H   15        0.250009        0.009025        0.048726
     H   15        0.643651        0.048726       -0.392757

     C   16        0.599951       -0.148587        0.104983
     C   16       -0.148587       -0.214092        0.057984
     C   16        0.104983        0.057984       -0.385859

     C   17       -0.685061        0.367371       -0.196895
     C   17        0.367371        0.618504        0.371739
     C   17       -0.196895        0.371739        0.066557

     Cl  18        0.321204       -2.779605       -0.302965
     Cl  18       -2.779605        1.775024        1.395917
     Cl  18       -0.302965        1.395917       -2.096228

     H   19       -0.199553       -0.145402        0.018490
     H   19       -0.145402       -0.068942       -0.333312
     H   19        0.018490       -0.333312        0.268494

     C   20        0.171388        0.415063       -0.051629
     C   20        0.415063        0.190592        0.188163
     C   20       -0.051629        0.188163       -0.361980

     H   21        0.532265        0.039392        0.358359
     H   21        0.039392       -0.682010        0.201058
     H   21        0.358359        0.201058        0.149745

     C   22       -0.715553       -0.004066       -0.100422
     C   22       -0.004066        0.552706       -0.297754
     C   22       -0.100422       -0.297754        0.162848

     C   23        0.271109        0.115775        0.160171
     C   23        0.115775        0.212111        0.220872
     C   23        0.160171        0.220872       -0.483220

     Cl  24       -1.204911       -0.179190       -0.020550
     Cl  24       -0.179190        3.149711       -0.399452
     Cl  24       -0.020550       -0.399452       -1.944800


     NQR/NMR SPECTROSCOPIC PARAMETERS:
     Cl   1    Vxx=   -0.5293    axis=(  0.792170 -0.443832 -0.418903)
     Cl   1    Vyy=   -0.7700    axis=(  0.568618  0.287434  0.770750)
     Cl   1    Vzz=    1.2992    axis=(  0.221677  0.848761 -0.480067)
     Cl   1  Q=        -8.1650 1e-30 m^2  Cq=       -24.9254 MHz  eta= 0.18526

     C    2    Vxx=    0.4192    axis=(  0.652856 -0.751631  0.093964)
     C    2    Vyy=    0.4902    axis=(  0.746551  0.617467 -0.247782)
     C    2    Vzz=   -0.9094    axis=(  0.128221  0.231915  0.964248)
     C    2  Q=         1.0000 1e-30 m^2  Cq=        -2.1368 MHz  eta= 0.07799

     C    3    Vxx=   -0.0204    axis=(  0.973877 -0.034457  0.224446)
     C    3    Vyy=   -0.4933    axis=(  0.199121  0.604703 -0.771159)
     C    3    Vzz=    0.5137    axis=( -0.109151  0.795706  0.595767)
     C    3  Q=         1.0000 1e-30 m^2  Cq=         1.2070 MHz  eta= 0.92041

     H    4    Vxx=   -0.1476    axis=( -0.305433  0.670083  0.676535)
     H    4    Vyy=   -0.6588    axis=(  0.108132  0.730298 -0.674516)
     H    4    Vzz=    0.8063    axis=(  0.946054  0.132865  0.295515)
     H    4  Q=         1.0000 1e-30 m^2  Cq=         1.8945 MHz  eta= 0.63400

     C    5    Vxx=    0.1689    axis=(  0.177193  0.971503 -0.157434)
     C    5    Vyy=    0.4475    axis=(  0.981318 -0.186586 -0.046917)
     C    5    Vzz=   -0.6164    axis=(  0.074955  0.146180  0.986414)
     C    5  Q=         1.0000 1e-30 m^2  Cq=        -1.4482 MHz  eta= 0.45193

     H    6    Vxx=   -0.1453    axis=(  0.966094 -0.137144  0.218756)
     H    6    Vyy=   -0.5156    axis=(  0.258187  0.508321 -0.821553)
     H    6    Vzz=    0.6608    axis=(  0.001473  0.850177  0.526495)
     H    6  Q=         1.0000 1e-30 m^2  Cq=         1.5527 MHz  eta= 0.56039

     H    7    Vxx=    0.0087    axis=(  0.956531  0.201809  0.210525)
     H    7    Vyy=    0.7662    axis=( -0.082564  0.879756 -0.468201)
     H    7    Vzz=   -0.7749    axis=( -0.279698  0.430468  0.858176)
     H    7  Q=         1.0000 1e-30 m^2  Cq=        -1.8207 MHz  eta= 0.97754

     C    8    Vxx=   -0.0671    axis=( -0.097715  0.463048  0.880930)
     C    8    Vyy=   -0.4835    axis=( -0.990952 -0.127110 -0.043106)
     C    8    Vzz=    0.5505    axis=(  0.092015 -0.877171  0.471279)
     C    8  Q=         1.0000 1e-30 m^2  Cq=         1.2935 MHz  eta= 0.75639

     H    9    Vxx=   -0.0141    axis=(  0.542703  0.535443 -0.647127)
     H    9    Vyy=   -0.8176    axis=(  0.072657  0.737643  0.671270)
     H    9    Vzz=    0.8318    axis=(  0.836776 -0.411318  0.361418)
     H    9  Q=         1.0000 1e-30 m^2  Cq=         1.9543 MHz  eta= 0.96606

     C   10    Vxx=    0.0220    axis=(  0.394820 -0.918252 -0.030517)
     C   10    Vyy=    0.3974    axis=(  0.907038  0.384280  0.172079)
     C   10    Vzz=   -0.4194    axis=( -0.146285 -0.095620  0.984610)
     C   10  Q=         1.0000 1e-30 m^2  Cq=        -0.9854 MHz  eta= 0.89512

     C   11    Vxx=    0.0239    axis=( -0.213621  0.202413  0.955717)
     C   11    Vyy=    0.6003    axis=( -0.173956  0.954784 -0.241097)
     C   11    Vzz=   -0.6242    axis=( -0.961304 -0.217756 -0.168751)
     C   11  Q=         1.0000 1e-30 m^2  Cq=        -1.4665 MHz  eta= 0.92341

     Cl  12    Vxx=   -1.0159    axis=( -0.833338  0.489047  0.257645)
     Cl  12    Vyy=   -2.9891    axis=(  0.189213 -0.185574  0.964241)
     Cl  12    Vzz=    4.0051    axis=(  0.519371  0.852289  0.062112)
     Cl  12  Q=        -8.1650 1e-30 m^2  Cq=       -76.8352 MHz  eta= 0.49267

     H   13    Vxx=   -0.0392    axis=(  0.992816  0.091463  0.077143)
     H   13    Vyy=   -0.3839    axis=(  0.024681  0.474320 -0.880007)
     H   13    Vzz=    0.4231    axis=( -0.117079  0.875589  0.468655)
     H   13  Q=         1.0000 1e-30 m^2  Cq=         0.9941 MHz  eta= 0.81454

     C   14    Vxx=    0.1927    axis=(  0.597720  0.341948 -0.725123)
     C   14    Vyy=    0.6585    axis=(  0.034678  0.892601  0.449512)
     C   14    Vzz=   -0.8513    axis=(  0.800955 -0.293828  0.521667)
     C   14  Q=         1.0000 1e-30 m^2  Cq=        -2.0001 MHz  eta= 0.54721

     H   15    Vxx=   -0.0546    axis=(  0.196110 -0.951728  0.236126)
     H   15    Vyy=   -0.7650    axis=(  0.503825 -0.108789 -0.856928)
     H   15    Vzz=    0.8196    axis=(  0.841250  0.287019  0.458169)
     H   15  Q=         1.0000 1e-30 m^2  Cq=         1.9257 MHz  eta= 0.86681

     C   16    Vxx=   -0.2099    axis=( -0.120125 -0.919375 -0.374594)
     C   16    Vyy=   -0.4249    axis=( -0.146245 -0.356822  0.922654)
     C   16    Vzz=    0.6348    axis=( -0.981928  0.165616 -0.091591)
     C   16  Q=         1.0000 1e-30 m^2  Cq=         1.4915 MHz  eta= 0.33875

     C   17    Vxx=    0.0274    axis=( -0.394898 -0.300563  0.868169)
     C   17    Vyy=    0.8462    axis=( -0.167187 -0.905683 -0.389598)
     C   17    Vzz=   -0.8737    axis=(  0.903385 -0.298998  0.307402)
     C   17  Q=         1.0000 1e-30 m^2  Cq=        -2.0527 MHz  eta= 0.93723

     Cl  18    Vxx=   -1.4371    axis=(  0.741492  0.411261  0.530145)
     Cl  18    Vyy=   -2.7516    axis=(  0.334029  0.458991 -0.823257)
     Cl  18    Vzz=    4.1887    axis=( -0.581905  0.787522  0.202965)
     Cl  18  Q=        -8.1650 1e-30 m^2  Cq=       -80.3573 MHz  eta= 0.31382

     H   19    Vxx=   -0.1256    axis=( -0.786273  0.453112  0.420076)
     H   19    Vyy=   -0.3604    axis=(  0.602687  0.712257  0.359802)
     H   19    Vzz=    0.4860    axis=(  0.136171 -0.536077  0.833114)
     H   19  Q=         1.0000 1e-30 m^2  Cq=         1.1419 MHz  eta= 0.48295

     C   20    Vxx=   -0.1222    axis=( -0.646785  0.526149  0.552120)
     C   20    Vyy=   -0.4844    axis=(  0.345611 -0.443131  0.827156)
     C   20    Vzz=    0.6065    axis=( -0.679869 -0.725811 -0.104767)
     C   20  Q=         1.0000 1e-30 m^2  Cq=         1.4251 MHz  eta= 0.59711

     H   21    Vxx=   -0.0309    axis=( -0.534626  0.219649  0.816045)
     H   21    Vyy=   -0.7296    axis=(  0.037015  0.970792 -0.237051)
     H   21    Vzz=    0.7605    axis=( -0.844278 -0.096528 -0.527141)
     H   21  Q=         1.0000 1e-30 m^2  Cq=         1.7869 MHz  eta= 0.91870

     C   22    Vxx=    0.0130    axis=( -0.122497  0.478736  0.869371)
     C   22    Vyy=    0.7150    axis=(  0.031114  0.877390 -0.478768)
     C   22    Vzz=   -0.7281    axis=( -0.991981 -0.031598 -0.122373)
     C   22  Q=         1.0000 1e-30 m^2  Cq=        -1.7107 MHz  eta= 0.96420

     C   23    Vxx=    0.1285    axis=(  0.682853 -0.725795 -0.083262)
     C   23    Vyy=    0.4372    axis=(  0.715279  0.641033  0.278304)
     C   23    Vzz=   -0.5657    axis=( -0.148618 -0.249596  0.956877)
     C   23  Q=         1.0000 1e-30 m^2  Cq=        -1.3292 MHz  eta= 0.54562

     Cl  24    Vxx=   -1.2105    axis=(  0.998182  0.036637 -0.047866)
     Cl  24    Vyy=   -1.9775    axis=( -0.044849 -0.079153 -0.995853)
     Cl  24    Vzz=    3.1880    axis=( -0.040273  0.996189 -0.077366)
     Cl  24  Q=        -8.1650 1e-30 m^2  Cq=       -61.1597 MHz  eta= 0.24058

     Initialization:
     gipaw_setup  :      9.09s CPU     10.90s WALL (       1 calls)

     Linear response

     Apply operators

     Induced current

     Other routines
     efg          :      9.50s CPU     12.36s WALL (       1 calls)

     General routines
     calbec       :      3.35s CPU      4.49s WALL (      16 calls)
     fft          :      1.35s CPU      1.63s WALL (      15 calls)
     ffts         :      0.04s CPU      0.05s WALL (       2 calls)
     fftw         :      3.42s CPU      4.51s WALL (     672 calls)
     davcio       :      0.04s CPU      0.31s WALL (      32 calls)

     Parallel routines
     fft_scatter  :      2.22s CPU      3.33s WALL (     689 calls)

     Plugins

     GIPAW        :     61.93s CPU     72.67s WALL (       1 calls)
