
     Program QE v.6.0 (svn rev. 13079) starts on 31Dec2016 at  8:29:10 

     This program is part of the open-source Quantum ESPRESSO suite
     for quantum simulation of materials; please cite
         "P. Giannozzi et al., J. Phys.:Condens. Matter 21 395502 (2009);
          URL http://www.quantum-espresso.org", 
     in publications or presentations arising from this work. More details at
     http://www.quantum-espresso.org/quote

     Parallel version (MPI), running on     8 processors
     R & G space division:  proc/nbgrp/npool/nimage =       8

     ***** This is GIPAW svn revision unknown      *****

     Parallelizing q-star over 1 images

     Reading data from directory:
     /users/majewski/paradichlorobenzene/pbe/9_constraint/scratch/pbe.ecut100.np8.dt60.pcl2phi-129368.save
     Message from routine read_xml_file:
     file /users/majewski/paradichlorobenzene/pbe/9_constraint/scratch/pbe.ecut100.np8.dt60.pcl2phi-129368.save not guaranteed to be safe for post-processing

   Info: using nr1, nr2, nr3 values from input

   Info: using nr1, nr2, nr3 values from input

     IMPORTANT: XC functional enforced from input :
     Exchange-correlation      =  SLA  PW   PBX  PBC ( 1  4  3  4 0 0)
     Any further DFT definition will be discarded
     Please, verify this is what you really want

               file C.pbe-n-kjpaw_psl.1.0.0.UPF: wavefunction(s)  2S 2P renormalized
               file Cl.pbe-n-kjpaw_psl.1.0.0.UPF: wavefunction(s)  3S 3P renormalized
               file H.pbe-kjpaw_psl.1.0.0.UPF: wavefunction(s)  1S renormalized

     Parallelization info
     --------------------
     sticks:   dense  smooth     PW     G-vecs:    dense   smooth      PW
     Min        3057    1223    332               144436    36536    5170
     Max        3059    1225    333               144437    36537    5171
     Sum       24467    9791   2657              1155489   292295   41363


     Subspace diagonalization in iterative solution of the eigenvalue problem:
     a serial algorithm will be used

     GIPAW projectors -----------------------------------------------
     atom=  C    l=0  rc=    1.2000  rs=    0.8000
     atom=  C    l=0  rc=    1.2000  rs=    0.8000
     atom=  C    l=1  rc=    1.4000  rs=    0.9333
     atom=  C    l=1  rc=    1.4000  rs=    0.9333
     projs nearly linearly dependent: l=1  n1,n2= 1, 2  s=  0.99951561

     atom=  Cl   l=0  rc=    1.6000  rs=    1.0667
     atom=  Cl   l=0  rc=    1.6000  rs=    1.0667
     atom=  Cl   l=1  rc=    1.6000  rs=    1.0667
     atom=  Cl   l=1  rc=    1.6000  rs=    1.0667
     atom=  Cl   l=2  rc=    1.6000  rs=    1.0667
     atom=  Cl   l=2  rc=    1.6000  rs=    1.0667
     projs nearly linearly dependent: l=2  n1,n2= 1, 2  s=  0.99993509

     atom=  H    l=0  rc=    1.0000  rs=    0.6667
     atom=  H    l=0  rc=    1.0000  rs=    0.6667
     projs nearly linearly dependent: l=0  n1,n2= 1, 2  s=  0.99968852
     -----------------------------------------------------------------

     GIPAW integrals: -------------------------------------------
     Atom  i/j   nmr_para   nmr_dia   epr_rmc  epr_para   epr_dia
       C   1 1   0.83E+03  0.17E-01  0.93E+01  0.24E+08  0.24E+03
       C   2 1   0.86E+03 -0.61E-01  0.94E+01  0.25E+08  0.25E+03
       C   2 2   0.90E+03 -0.15E+00  0.97E+01  0.26E+08  0.26E+03
       C   3 3   0.33E+01  0.34E+00  0.18E+01  0.55E+03  0.21E+02
       C   4 3   0.35E+01  0.37E+00  0.20E+01  0.59E+03  0.22E+02
       C   4 4   0.38E+01  0.39E+00  0.22E+01  0.63E+03  0.24E+02
       Cl  1 1   0.14E+04 -0.47E+00  0.84E+01  0.32E+09  0.42E+03
       Cl  2 1   0.21E+04 -0.37E+00  0.12E+02  0.49E+09  0.65E+03
       Cl  2 2   0.33E+04 -0.16E+00  0.21E+02  0.76E+09  0.10E+04
       Cl  3 3   0.21E+02  0.79E-01  0.89E+01  0.23E+05  0.13E+03
       Cl  4 3   0.24E+02  0.67E-01  0.99E+01  0.27E+05  0.15E+03
       Cl  4 4   0.28E+02  0.44E-01  0.11E+02  0.32E+05  0.18E+03
       Cl  5 5   0.77E+00  0.19E+00  0.18E+01  0.12E+03  0.22E+02
       Cl  6 5   0.80E+00  0.19E+00  0.19E+01  0.12E+03  0.23E+02
       Cl  6 6   0.83E+00  0.20E+00  0.19E+01  0.12E+03  0.23E+02
       H   1 1   0.39E+02  0.19E+00  0.29E+00  0.78E+05  0.13E+02
       H   2 1   0.41E+02  0.21E+00  0.32E+00  0.82E+05  0.14E+02
       H   2 2   0.43E+02  0.22E+00  0.36E+00  0.86E+05  0.15E+02
     ------------------------------------------------------------

     alpha_pv=     34.4131 eV

     Number of occupied bands for each k-point:
     k-point:     1    nbnd_occ=  42
     k-point:     2    nbnd_occ=  42
     k-point:     3    nbnd_occ=  42
     k-point:     4    nbnd_occ=  42
     k-point:     5    nbnd_occ=  42
     k-point:     6    nbnd_occ=  42
     k-point:     7    nbnd_occ=  42
     k-point:     8    nbnd_occ=  42
     k-point:     9    nbnd_occ=  42
     k-point:    10    nbnd_occ=  42
     k-point:    11    nbnd_occ=  42
     k-point:    12    nbnd_occ=  42
     k-point:    13    nbnd_occ=  42
     k-point:    14    nbnd_occ=  42
     k-point:    15    nbnd_occ=  42
     k-point:    16    nbnd_occ=  42


     q-space interpolation up to   110.00 Rydberg

     GIPAW job: efg                                                                             


     ELECTRIC FIELD GRADIENTS TENSORS IN Hartree/bohrradius^2:

     ----- bare term -----
     Cl   1       -0.184922        0.341975       -0.055572
     Cl   1        0.341975       -0.058393        0.015026
     Cl   1       -0.055572        0.015026        0.243315

     C    2       -0.013771       -0.425001       -0.421841
     C    2       -0.425001       -0.079129       -0.713942
     C    2       -0.421841       -0.713942        0.092900

     C    3       -0.342453        0.372764        0.118362
     C    3        0.372764       -0.053206       -0.359438
     C    3        0.118362       -0.359438        0.395658

     H    4       -0.216532       -0.348438       -0.342286
     H    4       -0.348438       -0.156718        0.034045
     H    4       -0.342286        0.034045        0.373250

     C    5       -0.132968       -0.278992       -0.387166
     C    5       -0.278992        0.049592       -0.536386
     C    5       -0.387166       -0.536386        0.083376

     H    6        0.411229        0.137148       -0.020673
     H    6        0.137148       -0.762300       -0.259574
     H    6       -0.020673       -0.259574        0.351070

     H    7       -0.017833        0.013822        0.382711
     H    7        0.013822        0.157753        0.330687
     H    7        0.382711        0.330687       -0.139921

     C    8       -0.330200       -0.032012       -0.315763
     C    8       -0.032012        0.287517       -0.062434
     C    8       -0.315763       -0.062434        0.042683

     H    9        0.226409        0.039515       -0.155832
     H    9        0.039515        0.269100       -0.255548
     H    9       -0.155832       -0.255548       -0.495509

     C   10        0.137423       -0.127266        0.263653
     C   10       -0.127266       -0.197383        0.046539
     C   10        0.263653        0.046539        0.059959

     C   11       -0.122713       -0.011624       -0.325030
     C   11       -0.011624        0.094045        0.007303
     C   11       -0.325030        0.007303        0.028668

     Cl  12       -0.036837        0.054280        0.144305
     Cl  12        0.054280       -0.027645       -0.189561
     Cl  12        0.144305       -0.189561        0.064482

     H   13       -0.253512       -0.286470       -0.036411
     H   13       -0.286470       -0.216888       -0.336211
     H   13       -0.036411       -0.336211        0.470399

     C   14       -0.264541        0.398209       -0.200666
     C   14        0.398209       -0.133423       -0.136946
     C   14       -0.200666       -0.136946        0.397964

     H   15       -0.710455       -0.055341        0.091718
     H   15       -0.055341        0.402500       -0.177202
     H   15        0.091718       -0.177202        0.307956

     C   16        0.041131       -0.265202       -0.337198
     C   16       -0.265202       -0.250751       -0.598125
     C   16       -0.337198       -0.598125        0.209620

     C   17       -0.619690        0.457438       -0.268380
     C   17        0.457438        0.149741       -0.118649
     C   17       -0.268380       -0.118649        0.469949

     Cl  18        0.004832        0.054005        0.108230
     Cl  18        0.054005       -0.040581       -0.071710
     Cl  18        0.108230       -0.071710        0.035749

     H   19        0.345056        0.322271       -0.111666
     H   19        0.322271       -0.592394        0.458347
     H   19       -0.111666        0.458347        0.247338

     C   20        0.018787       -0.545494        0.027231
     C   20       -0.545494       -0.320999        0.378123
     C   20        0.027231        0.378123        0.302212

     H   21        0.114624        0.076199       -0.435345
     H   21        0.076199        0.460130       -0.011524
     H   21       -0.435345       -0.011524       -0.574754

     C   22       -0.592035       -0.297557       -0.250061
     C   22       -0.297557        0.097626        0.119679
     C   22       -0.250061        0.119679        0.494409

     C   23        0.074461       -0.489322        0.037586
     C   23       -0.489322       -0.245565        0.478851
     C   23        0.037586        0.478851        0.171104

     Cl  24       -0.057016       -0.069099        0.009224
     Cl  24       -0.069099        0.031829       -0.053313
     Cl  24        0.009224       -0.053313        0.025186

     ----- ionic term -----
     Cl   1        0.131841       -0.210050        0.041262
     Cl   1       -0.210050        0.038626       -0.015948
     Cl   1        0.041262       -0.015948       -0.170467

     C    2        0.229957       -0.146781        0.246458
     C    2       -0.146781        0.208879        0.340240
     C    2        0.246458        0.340240       -0.438835

     C    3        0.168613       -0.244825        0.129976
     C    3       -0.244825        0.255651        0.403706
     C    3        0.129976        0.403706       -0.424264

     H    4        0.692579        0.304951        0.647520
     H    4        0.304951       -0.403880        0.227186
     H    4        0.647520        0.227186       -0.288699

     C    5        0.342087       -0.195703        0.164916
     C    5       -0.195703        0.083275        0.320413
     C    5        0.164916        0.320413       -0.425362

     H    6       -0.495916        0.102351        0.048520
     H    6        0.102351        0.657609        0.692723
     H    6        0.048520        0.692723       -0.161693

     H    7       -0.510597        0.117399       -0.030491
     H    7        0.117399        0.572407       -0.731539
     H    7       -0.030491       -0.731539       -0.061810

     C    8        0.174431        0.351000        0.369367
     C    8        0.351000        0.001546       -0.244119
     C    8        0.369367       -0.244119       -0.175977

     H    9        0.291762       -0.086505        0.815708
     H    9       -0.086505       -0.500863       -0.166659
     H    9        0.815708       -0.166659        0.209101

     C   10        0.059259        0.380227        0.267050
     C   10        0.380227        0.122826       -0.326275
     C   10        0.267050       -0.326275       -0.182085

     C   11        0.065023        0.291953        0.316695
     C   11        0.291953        0.053924       -0.366419
     C   11        0.316695       -0.366419       -0.118947

     Cl  12        0.158159        0.214810        0.045471
     Cl  12        0.214810       -0.021705        0.012892
     Cl  12        0.045471        0.012892       -0.136454

     H   13       -0.468696        0.303318        0.135699
     H   13        0.303318        0.761234        0.579133
     H   13        0.135699        0.579133       -0.292537

     C   14        0.302593       -0.051706        0.201711
     C   14       -0.051706        0.117415        0.287229
     C   14        0.201711        0.287229       -0.420008

     H   15        0.664164        0.474029        0.490088
     H   15        0.474029       -0.310918        0.256827
     H   15        0.490088        0.256827       -0.353246

     C   16        0.124080       -0.100665        0.122537
     C   16       -0.100665        0.272068        0.397800
     C   16        0.122537        0.397800       -0.396147

     C   17        0.246511       -0.125529        0.160176
     C   17       -0.125529        0.168029        0.407725
     C   17        0.160176        0.407725       -0.414540

     Cl  18        0.125847       -0.229905       -0.053732
     Cl  18       -0.229905        0.012596        0.035868
     Cl  18       -0.053732        0.035868       -0.138443

     H   19       -0.554179       -0.003213        0.010848
     H   19       -0.003213        0.691548       -0.696900
     H   19        0.010848       -0.696900       -0.137369

     C   20        0.086360        0.312245        0.321563
     C   20        0.312245        0.095351       -0.236353
     C   20        0.321563       -0.236353       -0.181711

     H   21        0.198569       -0.014115        0.796709
     H   21       -0.014115       -0.552322       -0.082779
     H   21        0.796709       -0.082779        0.353754

     C   22       -0.027754        0.382618        0.242931
     C   22        0.382618        0.140648       -0.348333
     C   22        0.242931       -0.348333       -0.112894

     C   23        0.010269        0.307573        0.318803
     C   23        0.307573        0.086078       -0.434047
     C   23        0.318803       -0.434047       -0.096347

     Cl  24        0.089284        0.226516        0.004696
     Cl  24        0.226516        0.067381       -0.000009
     Cl  24        0.004696       -0.000009       -0.156665

     ----- GIPAW term -----
     Cl   1        1.536567       -2.034507       -0.691426
     Cl   1       -2.034507       -0.200574        0.401240
     Cl   1       -0.691426        0.401240       -1.335994

     C    2        0.061821       -0.259457        0.016166
     C    2       -0.259457        0.042977       -0.150427
     C    2        0.016166       -0.150427       -0.104798

     C    3       -0.046530       -0.110930        0.117684
     C    3       -0.110930        0.084197       -0.126523
     C    3        0.117684       -0.126523       -0.037667

     H    4       -0.000000        0.000000        0.000000
     H    4        0.000000        0.000000        0.000000
     H    4        0.000000        0.000000        0.000000

     C    5       -0.056265       -0.182009       -0.032644
     C    5       -0.182009        0.192888       -0.131305
     C    5       -0.032644       -0.131305       -0.136622

     H    6       -0.000000        0.000000        0.000000
     H    6        0.000000        0.000000        0.000000
     H    6        0.000000        0.000000        0.000000

     H    7       -0.000000        0.000000        0.000000
     H    7        0.000000        0.000000        0.000000
     H    7        0.000000        0.000000        0.000000

     C    8        0.025514       -0.035721       -0.012982
     C    8       -0.035721        0.017044       -0.032325
     C    8       -0.012982       -0.032325       -0.042558

     H    9       -0.000000        0.000000        0.000000
     H    9        0.000000        0.000000        0.000000
     H    9        0.000000        0.000000        0.000000

     C   10        0.006945        0.014185        0.036849
     C   10        0.014185       -0.003523       -0.022393
     C   10        0.036849       -0.022393       -0.003422

     C   11        0.036370       -0.019237       -0.029141
     C   11       -0.019237        0.024009       -0.003781
     C   11       -0.029141       -0.003781       -0.060379

     Cl  12        0.104501       -0.176220       -0.937446
     Cl  12       -0.176220        0.299746        1.251193
     Cl  12       -0.937446        1.251193       -0.404247

     H   13       -0.000000        0.000000        0.000000
     H   13        0.000000        0.000000        0.000000
     H   13        0.000000        0.000000        0.000000

     C   14        0.154335       -0.141668       -0.052294
     C   14       -0.141668       -0.044795        0.043617
     C   14       -0.052294        0.043617       -0.109540

     H   15       -0.000000        0.000000        0.000000
     H   15        0.000000        0.000000        0.000000
     H   15        0.000000        0.000000        0.000000

     C   16        0.025503       -0.154281       -0.107235
     C   16       -0.154281        0.008256        0.015182
     C   16       -0.107235        0.015182       -0.033759

     C   17       -0.040008       -0.165620       -0.066740
     C   17       -0.165620        0.135469        0.066222
     C   17       -0.066740        0.066222       -0.095462

     Cl  18       -0.201508       -1.855721       -0.546937
     Cl  18       -1.855721       -0.147611        1.565490
     Cl  18       -0.546937        1.565490        0.349119

     H   19       -0.000000        0.000000        0.000000
     H   19        0.000000        0.000000        0.000000
     H   19        0.000000        0.000000        0.000000

     C   20        0.065590       -0.261425        0.095525
     C   20       -0.261425        0.003192       -0.004619
     C   20        0.095525       -0.004619       -0.068782

     H   21       -0.000000        0.000000        0.000000
     H   21        0.000000        0.000000        0.000000
     H   21        0.000000        0.000000        0.000000

     C   22       -0.177099       -0.105798        0.069349
     C   22       -0.105798        0.010868       -0.131523
     C   22        0.069349       -0.131523        0.166231

     C   23        0.080910       -0.179029        0.091726
     C   23       -0.179029        0.064935       -0.043493
     C   23        0.091726       -0.043493       -0.145845

     Cl  24        1.066978        1.855650        0.084940
     Cl  24        1.855650        0.356042       -0.425021
     Cl  24        0.084940       -0.425021       -1.423020

     ----- total EFG -----
     Cl   1        1.483486       -1.902582       -0.705736
     Cl   1       -1.902582       -0.220341        0.400318
     Cl   1       -0.705736        0.400318       -1.263145

     C    2        0.278007       -0.831240       -0.159217
     C    2       -0.831240        0.172726       -0.524129
     C    2       -0.159217       -0.524129       -0.450733

     C    3       -0.220371        0.017008        0.366023
     C    3        0.017008        0.286643       -0.082255
     C    3        0.366023       -0.082255       -0.066272

     H    4        0.476048       -0.043487        0.305234
     H    4       -0.043487       -0.560598        0.261230
     H    4        0.305234        0.261230        0.084551

     C    5        0.152853       -0.656704       -0.254893
     C    5       -0.656704        0.325755       -0.347277
     C    5       -0.254893       -0.347277       -0.478608

     H    6       -0.084687        0.239498        0.027847
     H    6        0.239498       -0.104690        0.433149
     H    6        0.027847        0.433149        0.189377

     H    7       -0.528429        0.131221        0.352221
     H    7        0.131221        0.730160       -0.400852
     H    7        0.352221       -0.400852       -0.201731

     C    8       -0.130254        0.283267        0.040621
     C    8        0.283267        0.306106       -0.338878
     C    8        0.040621       -0.338878       -0.175852

     H    9        0.518171       -0.046990        0.659876
     H    9       -0.046990       -0.231763       -0.422207
     H    9        0.659876       -0.422207       -0.286408

     C   10        0.203627        0.267146        0.567552
     C   10        0.267146       -0.078080       -0.302130
     C   10        0.567552       -0.302130       -0.125548

     C   11       -0.021320        0.261092       -0.037476
     C   11        0.261092        0.171978       -0.362897
     C   11       -0.037476       -0.362897       -0.150658

     Cl  12        0.225823        0.092870       -0.747670
     Cl  12        0.092870        0.250396        1.074524
     Cl  12       -0.747670        1.074524       -0.476219

     H   13       -0.722208        0.016848        0.099288
     H   13        0.016848        0.544346        0.242922
     H   13        0.099288        0.242922        0.177862

     C   14        0.192387        0.204835       -0.051249
     C   14        0.204835       -0.060803        0.193900
     C   14       -0.051249        0.193900       -0.131584

     H   15       -0.046291        0.418688        0.581806
     H   15        0.418688        0.091582        0.079624
     H   15        0.581806        0.079624       -0.045291

     C   16        0.190714       -0.520149       -0.321896
     C   16       -0.520149        0.029573       -0.185143
     C   16       -0.321896       -0.185143       -0.220286

     C   17       -0.413187        0.166289       -0.174944
     C   17        0.166289        0.453240        0.355298
     C   17       -0.174944        0.355298       -0.040052

     Cl  18       -0.070828       -2.031621       -0.492439
     Cl  18       -2.031621       -0.175596        1.529647
     Cl  18       -0.492439        1.529647        0.246425

     H   19       -0.209123        0.319058       -0.100819
     H   19        0.319058        0.099154       -0.238552
     H   19       -0.100819       -0.238552        0.109969

     C   20        0.170737       -0.494674        0.444319
     C   20       -0.494674       -0.222456        0.137150
     C   20        0.444319        0.137150        0.051719

     H   21        0.313193        0.062084        0.361363
     H   21        0.062084       -0.092192       -0.094302
     H   21        0.361363       -0.094302       -0.221001

     C   22       -0.796889       -0.020737        0.062219
     C   22       -0.020737        0.249143       -0.360177
     C   22        0.062219       -0.360177        0.547746

     C   23        0.165640       -0.360778        0.448115
     C   23       -0.360778       -0.094553        0.001312
     C   23        0.448115        0.001312       -0.071087

     Cl  24        1.099246        2.013067        0.098860
     Cl  24        2.013067        0.455253       -0.478343
     Cl  24        0.098860       -0.478343       -1.554499

     ----- total EFG (symmetrized) -----
     Cl   1        1.483486       -1.902582       -0.705736
     Cl   1       -1.902582       -0.220341        0.400318
     Cl   1       -0.705736        0.400318       -1.263145

     C    2        0.278007       -0.831240       -0.159217
     C    2       -0.831240        0.172726       -0.524129
     C    2       -0.159217       -0.524129       -0.450733

     C    3       -0.220371        0.017008        0.366023
     C    3        0.017008        0.286643       -0.082255
     C    3        0.366023       -0.082255       -0.066272

     H    4        0.476048       -0.043487        0.305234
     H    4       -0.043487       -0.560598        0.261230
     H    4        0.305234        0.261230        0.084551

     C    5        0.152853       -0.656704       -0.254893
     C    5       -0.656704        0.325755       -0.347277
     C    5       -0.254893       -0.347277       -0.478608

     H    6       -0.084687        0.239498        0.027847
     H    6        0.239498       -0.104690        0.433149
     H    6        0.027847        0.433149        0.189377

     H    7       -0.528429        0.131221        0.352221
     H    7        0.131221        0.730160       -0.400852
     H    7        0.352221       -0.400852       -0.201731

     C    8       -0.130254        0.283267        0.040621
     C    8        0.283267        0.306106       -0.338878
     C    8        0.040621       -0.338878       -0.175852

     H    9        0.518171       -0.046990        0.659876
     H    9       -0.046990       -0.231763       -0.422207
     H    9        0.659876       -0.422207       -0.286408

     C   10        0.203627        0.267146        0.567552
     C   10        0.267146       -0.078080       -0.302130
     C   10        0.567552       -0.302130       -0.125548

     C   11       -0.021320        0.261092       -0.037476
     C   11        0.261092        0.171978       -0.362897
     C   11       -0.037476       -0.362897       -0.150658

     Cl  12        0.225823        0.092870       -0.747670
     Cl  12        0.092870        0.250396        1.074524
     Cl  12       -0.747670        1.074524       -0.476219

     H   13       -0.722208        0.016848        0.099288
     H   13        0.016848        0.544346        0.242922
     H   13        0.099288        0.242922        0.177862

     C   14        0.192387        0.204835       -0.051249
     C   14        0.204835       -0.060803        0.193900
     C   14       -0.051249        0.193900       -0.131584

     H   15       -0.046291        0.418688        0.581806
     H   15        0.418688        0.091582        0.079624
     H   15        0.581806        0.079624       -0.045291

     C   16        0.190714       -0.520149       -0.321896
     C   16       -0.520149        0.029573       -0.185143
     C   16       -0.321896       -0.185143       -0.220286

     C   17       -0.413187        0.166289       -0.174944
     C   17        0.166289        0.453240        0.355298
     C   17       -0.174944        0.355298       -0.040052

     Cl  18       -0.070828       -2.031621       -0.492439
     Cl  18       -2.031621       -0.175596        1.529647
     Cl  18       -0.492439        1.529647        0.246425

     H   19       -0.209123        0.319058       -0.100819
     H   19        0.319058        0.099154       -0.238552
     H   19       -0.100819       -0.238552        0.109969

     C   20        0.170737       -0.494674        0.444319
     C   20       -0.494674       -0.222456        0.137150
     C   20        0.444319        0.137150        0.051719

     H   21        0.313193        0.062084        0.361363
     H   21        0.062084       -0.092192       -0.094302
     H   21        0.361363       -0.094302       -0.221001

     C   22       -0.796889       -0.020737        0.062219
     C   22       -0.020737        0.249143       -0.360177
     C   22        0.062219       -0.360177        0.547746

     C   23        0.165640       -0.360778        0.448115
     C   23       -0.360778       -0.094553        0.001312
     C   23        0.448115        0.001312       -0.071087

     Cl  24        1.099246        2.013067        0.098860
     Cl  24        2.013067        0.455253       -0.478343
     Cl  24        0.098860       -0.478343       -1.554499


     NQR/NMR SPECTROSCOPIC PARAMETERS:
     Cl   1    Vxx=   -1.3879    axis=( -0.185850 -0.575818  0.796175)
     Cl   1    Vyy=   -1.4868    axis=( -0.534064 -0.620951 -0.573756)
     Cl   1    Vzz=    2.8747    axis=(  0.824764 -0.531841 -0.192120)
     Cl   1  Q=        -8.1650 1e-30 m^2  Cq=       -55.1504 MHz  eta= 0.03440

     C    2    Vxx=   -0.0615    axis=(  0.567825  0.372546 -0.734019)
     C    2    Vyy=   -1.0385    axis=(  0.457449  0.598527  0.657652)
     C    2    Vzz=    1.1000    axis=( -0.684336  0.709207 -0.169438)
     C    2  Q=         1.0000 1e-30 m^2  Cq=         2.5846 MHz  eta= 0.88810

     C    3    Vxx=    0.2001    axis=(  0.580656  0.498165  0.643949)
     C    3    Vyy=    0.3225    axis=( -0.263238  0.863340 -0.430523)
     C    3    Vzz=   -0.5226    axis=( -0.770418  0.080475  0.632439)
     C    3  Q=         1.0000 1e-30 m^2  Cq=        -1.2279 MHz  eta= 0.23408

     H    4    Vxx=    0.0227    axis=( -0.489272  0.386592  0.781767)
     H    4    Vyy=    0.6497    axis=(  0.861869  0.077218  0.501218)
     H    4    Vzz=   -0.6724    axis=(  0.133400  0.919013 -0.370972)
     H    4  Q=         1.0000 1e-30 m^2  Cq=        -1.5798 MHz  eta= 0.93248

     C    5    Vxx=   -0.0336    axis=(  0.594868  0.432006 -0.677866)
     C    5    Vyy=   -0.8750    axis=(  0.486604  0.477689  0.731457)
     C    5    Vzz=    0.9086    axis=( -0.639803  0.764973 -0.073946)
     C    5  Q=         1.0000 1e-30 m^2  Cq=         2.1348 MHz  eta= 0.92603

     H    6    Vxx=   -0.0464    axis=( -0.869582 -0.191806  0.455014)
     H    6    Vyy=   -0.4975    axis=( -0.418276  0.775864 -0.472314)
     H    6    Vzz=    0.5439    axis=(  0.262436  0.601037  0.754905)
     H    6  Q=         1.0000 1e-30 m^2  Cq=         1.2780 MHz  eta= 0.82927

     H    7    Vxx=   -0.0532    axis=( -0.620317 -0.272467 -0.735505)
     H    7    Vyy=   -0.8257    axis=( -0.784351  0.215972  0.581506)
     H    7    Vzz=    0.8789    axis=(  0.000408  0.937613 -0.347681)
     H    7  Q=         1.0000 1e-30 m^2  Cq=         2.0650 MHz  eta= 0.87901

     C    8    Vxx=   -0.1086    axis=( -0.784114  0.029007 -0.619939)
     C    8    Vyy=   -0.4543    axis=(  0.524924 -0.501902 -0.687422)
     C    8    Vzz=    0.5629    axis=( -0.331089 -0.864438  0.378321)
     C    8  Q=         1.0000 1e-30 m^2  Cq=         1.3226 MHz  eta= 0.61409

     H    9    Vxx=   -0.0861    axis=(  0.432799  0.836230 -0.336754)
     H    9    Vyy=   -0.8583    axis=( -0.359671  0.502709  0.786079)
     H    9    Vzz=    0.9444    axis=(  0.826632 -0.219094  0.518340)
     H    9  Q=         1.0000 1e-30 m^2  Cq=         2.2190 MHz  eta= 0.81775

     C   10    Vxx=    0.1500    axis=(  0.251636  0.866292 -0.431530)
     C   10    Vyy=    0.6318    axis=( -0.809553 -0.055943 -0.584376)
     C   10    Vzz=   -0.7818    axis=( -0.530381  0.496396  0.687231)
     C   10  Q=         1.0000 1e-30 m^2  Cq=        -1.8369 MHz  eta= 0.61621

     C   11    Vxx=   -0.0936    axis=(  0.854013 -0.165704  0.493158)
     C   11    Vyy=   -0.4234    axis=( -0.314427  0.590814  0.743017)
     C   11    Vzz=    0.5170    axis=( -0.414485 -0.789608  0.452461)
     C   11  Q=         1.0000 1e-30 m^2  Cq=         1.2147 MHz  eta= 0.63782

     Cl  12    Vxx=    0.3200    axis=(  0.832680  0.552571 -0.036197)
     Cl  12    Vyy=    1.1875    axis=(  0.415936 -0.667257 -0.617872)
     Cl  12    Vzz=   -1.5075    axis=( -0.365571  0.499434 -0.785445)
     Cl  12  Q=        -8.1650 1e-30 m^2  Cq=        28.9198 MHz  eta= 0.57550

     H   13    Vxx=    0.0652    axis=(  0.102017 -0.452658  0.885829)
     H   13    Vyy=    0.6679    axis=(  0.042995  0.891649  0.450681)
     H   13    Vzz=   -0.7331    axis=( -0.993853 -0.007891  0.110426)
     H   13  Q=         1.0000 1e-30 m^2  Cq=        -1.7225 MHz  eta= 0.82223

     C   14    Vxx=    0.0372    axis=( -0.443530  0.518878  0.730785)
     C   14    Vyy=    0.3133    axis=( -0.838423 -0.528367 -0.133702)
     C   14    Vzz=   -0.3505    axis=(  0.316748 -0.672008  0.669385)
     C   14  Q=         1.0000 1e-30 m^2  Cq=        -0.8235 MHz  eta= 0.78776

     H   15    Vxx=   -0.0309    axis=(  0.124433 -0.803799  0.581742)
     H   15    Vyy=   -0.7096    axis=(  0.730977 -0.322204 -0.601546)
     H   15    Vzz=    0.7405    axis=(  0.670961  0.500092  0.547465)
     H   15  Q=         1.0000 1e-30 m^2  Cq=         1.7399 MHz  eta= 0.91665

     C   16    Vxx=    0.0294    axis=( -0.276557 -0.566270  0.776437)
     C   16    Vyy=    0.6566    axis=( -0.782454  0.601756  0.160172)
     C   16    Vzz=   -0.6860    axis=( -0.557926 -0.563230 -0.609501)
     C   16  Q=         1.0000 1e-30 m^2  Cq=        -1.6119 MHz  eta= 0.91430

     C   17    Vxx=   -0.0712    axis=(  0.553936  0.339403 -0.760237)
     C   17    Vyy=   -0.5723    axis=( -0.829904  0.297971 -0.471670)
     C   17    Vzz=    0.6435    axis=( -0.066442 -0.892199 -0.446729)
     C   17  Q=         1.0000 1e-30 m^2  Cq=         1.5120 MHz  eta= 0.77871

     Cl  18    Vxx=   -0.3395    axis=(  0.591539 -0.115212  0.798002)
     Cl  18    Vyy=   -2.4132    axis=(  0.580617  0.747597 -0.322463)
     Cl  18    Vzz=    2.7527    axis=( -0.559432  0.654084  0.509127)
     Cl  18  Q=        -8.1650 1e-30 m^2  Cq=       -52.8088 MHz  eta= 0.75337

     H   19    Vxx=   -0.0646    axis=(  0.386868  0.432547  0.814393)
     H   19    Vyy=   -0.4133    axis=( -0.824496  0.557764  0.095423)
     H   19    Vzz=    0.4779    axis=( -0.412964 -0.708380  0.572414)
     H   19  Q=         1.0000 1e-30 m^2  Cq=         1.1229 MHz  eta= 0.72955

     C   20    Vxx=    0.0688    axis=(  0.168408 -0.639258 -0.750326)
     C   20    Vyy=    0.6713    axis=( -0.793158  0.364080 -0.488208)
     C   20    Vzz=   -0.7401    axis=( -0.585269 -0.677344  0.445718)
     C   20  Q=         1.0000 1e-30 m^2  Cq=        -1.7390 MHz  eta= 0.81398

     H   21    Vxx=   -0.0562    axis=(  0.118503  0.951297 -0.284588)
     H   21    Vyy=   -0.4395    axis=( -0.432327  0.307446  0.847685)
     H   21    Vzz=    0.4957    axis=(  0.893896  0.022582  0.447704)
     H   21  Q=         1.0000 1e-30 m^2  Cq=         1.1648 MHz  eta= 0.77308

     C   22    Vxx=    0.0089    axis=(  0.021349  0.832314  0.553892)
     C   22    Vyy=    0.7909    axis=(  0.039818 -0.554287  0.831373)
     C   22    Vzz=   -0.7998    axis=( -0.998979 -0.004306  0.044975)
     C   22  Q=         1.0000 1e-30 m^2  Cq=        -1.8792 MHz  eta= 0.97770

     C   23    Vxx=   -0.0839    axis=(  0.020442 -0.773172 -0.633867)
     C   23    Vyy=   -0.5466    axis=(  0.628239  0.503131 -0.593444)
     C   23    Vzz=    0.6305    axis=( -0.777752  0.386088 -0.496022)
     C   23  Q=         1.0000 1e-30 m^2  Cq=         1.4815 MHz  eta= 0.73375

     Cl  24    Vxx=   -0.9603    axis=( -0.557666  0.598785 -0.574861)
     Cl  24    Vyy=   -1.8683    axis=( -0.342524  0.464835  0.816459)
     Cl  24    Vzz=    2.8287    axis=( -0.756099 -0.652215  0.054124)
     Cl  24  Q=        -8.1650 1e-30 m^2  Cq=       -54.2663 MHz  eta= 0.32099

     Initialization:
     gipaw_setup  :      9.12s CPU     10.99s WALL (       1 calls)

     Linear response

     Apply operators

     Induced current

     Other routines
     efg          :      9.28s CPU     11.68s WALL (       1 calls)

     General routines
     calbec       :      3.31s CPU      4.42s WALL (      16 calls)
     fft          :      1.56s CPU      2.26s WALL (      15 calls)
     ffts         :      0.03s CPU      0.04s WALL (       2 calls)
     fftw         :      3.23s CPU      3.81s WALL (     672 calls)
     davcio       :      0.03s CPU      0.33s WALL (      32 calls)

     Parallel routines
     fft_scatter  :      2.02s CPU      3.31s WALL (     689 calls)

     Plugins

     GIPAW        :     61.40s CPU     76.55s WALL (       1 calls)
