
     Program QE v.6.0 (svn rev. 13079) starts on 15Dec2016 at 17:45:47 

     This program is part of the open-source Quantum ESPRESSO suite
     for quantum simulation of materials; please cite
         "P. Giannozzi et al., J. Phys.:Condens. Matter 21 395502 (2009);
          URL http://www.quantum-espresso.org", 
     in publications or presentations arising from this work. More details at
     http://www.quantum-espresso.org/quote

     Parallel version (MPI), running on     8 processors
     R & G space division:  proc/nbgrp/npool/nimage =       8

     ***** This is GIPAW svn revision unknown      *****

     Parallelizing q-star over 1 images

     Reading data from directory:
     /users/majewski/paradichlorobenzene/pbe/9_constraint/scratch/pbe.ecut100.np8.dt60.pcl2phi-129368.save
     Message from routine read_xml_file:
     file /users/majewski/paradichlorobenzene/pbe/9_constraint/scratch/pbe.ecut100.np8.dt60.pcl2phi-129368.save not guaranteed to be safe for post-processing

   Info: using nr1, nr2, nr3 values from input

   Info: using nr1, nr2, nr3 values from input

     IMPORTANT: XC functional enforced from input :
     Exchange-correlation      =  SLA  PW   PBX  PBC ( 1  4  3  4 0 0)
     Any further DFT definition will be discarded
     Please, verify this is what you really want

               file C.pbe-n-kjpaw_psl.1.0.0.UPF: wavefunction(s)  2S 2P renormalized
               file Cl.pbe-n-kjpaw_psl.1.0.0.UPF: wavefunction(s)  3S 3P renormalized
               file H.pbe-kjpaw_psl.1.0.0.UPF: wavefunction(s)  1S renormalized

     Parallelization info
     --------------------
     sticks:   dense  smooth     PW     G-vecs:    dense   smooth      PW
     Min        3057    1223    332               144436    36536    5170
     Max        3059    1225    333               144437    36537    5171
     Sum       24467    9791   2657              1155489   292295   41363


     Subspace diagonalization in iterative solution of the eigenvalue problem:
     a serial algorithm will be used

     GIPAW projectors -----------------------------------------------
     atom=  C    l=0  rc=    1.2000  rs=    0.8000
     atom=  C    l=0  rc=    1.2000  rs=    0.8000
     atom=  C    l=1  rc=    1.4000  rs=    0.9333
     atom=  C    l=1  rc=    1.4000  rs=    0.9333
     projs nearly linearly dependent: l=1  n1,n2= 1, 2  s=  0.99951561

     atom=  Cl   l=0  rc=    1.6000  rs=    1.0667
     atom=  Cl   l=0  rc=    1.6000  rs=    1.0667
     atom=  Cl   l=1  rc=    1.6000  rs=    1.0667
     atom=  Cl   l=1  rc=    1.6000  rs=    1.0667
     atom=  Cl   l=2  rc=    1.6000  rs=    1.0667
     atom=  Cl   l=2  rc=    1.6000  rs=    1.0667
     projs nearly linearly dependent: l=2  n1,n2= 1, 2  s=  0.99993509

     atom=  H    l=0  rc=    1.0000  rs=    0.6667
     atom=  H    l=0  rc=    1.0000  rs=    0.6667
     projs nearly linearly dependent: l=0  n1,n2= 1, 2  s=  0.99968852
     -----------------------------------------------------------------

     GIPAW integrals: -------------------------------------------
     Atom  i/j   nmr_para   nmr_dia   epr_rmc  epr_para   epr_dia
       C   1 1   0.83E+03  0.17E-01  0.93E+01  0.24E+08  0.24E+03
       C   2 1   0.86E+03 -0.61E-01  0.94E+01  0.25E+08  0.25E+03
       C   2 2   0.90E+03 -0.15E+00  0.97E+01  0.26E+08  0.26E+03
       C   3 3   0.33E+01  0.34E+00  0.18E+01  0.55E+03  0.21E+02
       C   4 3   0.35E+01  0.37E+00  0.20E+01  0.59E+03  0.22E+02
       C   4 4   0.38E+01  0.39E+00  0.22E+01  0.63E+03  0.24E+02
       Cl  1 1   0.14E+04 -0.47E+00  0.84E+01  0.32E+09  0.42E+03
       Cl  2 1   0.21E+04 -0.37E+00  0.12E+02  0.49E+09  0.65E+03
       Cl  2 2   0.33E+04 -0.16E+00  0.21E+02  0.76E+09  0.10E+04
       Cl  3 3   0.21E+02  0.79E-01  0.89E+01  0.23E+05  0.13E+03
       Cl  4 3   0.24E+02  0.67E-01  0.99E+01  0.27E+05  0.15E+03
       Cl  4 4   0.28E+02  0.44E-01  0.11E+02  0.32E+05  0.18E+03
       Cl  5 5   0.77E+00  0.19E+00  0.18E+01  0.12E+03  0.22E+02
       Cl  6 5   0.80E+00  0.19E+00  0.19E+01  0.12E+03  0.23E+02
       Cl  6 6   0.83E+00  0.20E+00  0.19E+01  0.12E+03  0.23E+02
       H   1 1   0.39E+02  0.19E+00  0.29E+00  0.78E+05  0.13E+02
       H   2 1   0.41E+02  0.21E+00  0.32E+00  0.82E+05  0.14E+02
       H   2 2   0.43E+02  0.22E+00  0.36E+00  0.86E+05  0.15E+02
     ------------------------------------------------------------

     alpha_pv=     34.2178 eV

     Number of occupied bands for each k-point:
     k-point:     1    nbnd_occ=  42
     k-point:     2    nbnd_occ=  42
     k-point:     3    nbnd_occ=  42
     k-point:     4    nbnd_occ=  42
     k-point:     5    nbnd_occ=  42
     k-point:     6    nbnd_occ=  42
     k-point:     7    nbnd_occ=  42
     k-point:     8    nbnd_occ=  42
     k-point:     9    nbnd_occ=  42
     k-point:    10    nbnd_occ=  42
     k-point:    11    nbnd_occ=  42
     k-point:    12    nbnd_occ=  42
     k-point:    13    nbnd_occ=  42
     k-point:    14    nbnd_occ=  42
     k-point:    15    nbnd_occ=  42
     k-point:    16    nbnd_occ=  42


     q-space interpolation up to   110.00 Rydberg

     GIPAW job: efg                                                                             


     ELECTRIC FIELD GRADIENTS TENSORS IN Hartree/bohrradius^2:

     ----- bare term -----
     Cl   1        0.330862        0.037862       -0.064381
     Cl   1        0.037862        0.284156       -0.303454
     Cl   1       -0.064381       -0.303454       -0.615018

     C    2       -0.729626        0.185206       -0.208642
     C    2        0.185206        0.209661       -0.107351
     C    2       -0.208642       -0.107351        0.519965

     C    3        0.068646        0.075856       -0.157267
     C    3        0.075856       -0.377684       -0.447479
     C    3       -0.157267       -0.447479        0.309038

     H    4       -0.484712        0.199760       -0.139151
     H    4        0.199760        0.128718       -0.383486
     H    4       -0.139151       -0.383486        0.355994

     C    5       -0.703838        0.307735       -0.220610
     C    5        0.307735        0.344120       -0.237962
     C    5       -0.220610       -0.237962        0.359717

     H    6        0.256263        0.085542       -0.362493
     H    6        0.085542       -0.212579       -0.395257
     H    6       -0.362493       -0.395257       -0.043684

     H    7        0.498962        0.029863        0.054749
     H    7        0.029863       -0.080100        0.380020
     H    7        0.054749        0.380020       -0.418861

     C    8       -0.355725       -0.220808       -0.351692
     C    8       -0.220808       -0.077168        0.410782
     C    8       -0.351692        0.410782        0.432893

     H    9        0.041105        0.133019       -0.343306
     H    9        0.133019        0.446326       -0.092043
     H    9       -0.343306       -0.092043       -0.487431

     C   10       -0.159390       -0.422274       -0.272476
     C   10       -0.422274       -0.274304        0.438827
     C   10       -0.272476        0.438827        0.433694

     C   11       -0.236584        0.044768       -0.367688
     C   11        0.044768       -0.076833        0.513621
     C   11       -0.367688        0.513621        0.313417

     Cl  12       -0.024598       -0.145452        0.074260
     Cl  12       -0.145452        0.025881       -0.099189
     Cl  12        0.074260       -0.099189       -0.001283

     H   13        0.190798       -0.054201       -0.369386
     H   13       -0.054201        0.080951       -0.301452
     H   13       -0.369386       -0.301452       -0.271749

     C   14       -0.013187        0.486228        0.129660
     C   14        0.486228       -0.495389       -0.355495
     C   14        0.129660       -0.355495        0.508576

     H   15       -0.676203        0.003557       -0.364423
     H   15        0.003557        0.375682       -0.131607
     H   15       -0.364423       -0.131607        0.300520

     C   16       -0.080814        0.002723       -0.314635
     C   16        0.002723       -0.182543       -0.529963
     C   16       -0.314635       -0.529963        0.263357

     C   17       -0.237033       -0.021559       -0.354760
     C   17       -0.021559       -0.090716       -0.557214
     C   17       -0.354760       -0.557214        0.327750

     Cl  18       -0.127002        0.129261        0.038294
     Cl  18        0.129261       -0.055880        0.017483
     Cl  18        0.038294        0.017483        0.182882

     H   19        0.499295       -0.016153       -0.085517
     H   19       -0.016153        0.092566        0.169721
     H   19       -0.085517        0.169721       -0.591861

     C   20       -0.469854       -0.329337       -0.077046
     C   20       -0.329337        0.068740        0.429368
     C   20       -0.077046        0.429368        0.401114

     H   21        0.133579        0.011824       -0.404614
     H   21        0.011824        0.277507       -0.232124
     H   21       -0.404614       -0.232124       -0.411086

     C   22        0.025078       -0.120361       -0.131208
     C   22       -0.120361       -0.073971        0.342188
     C   22       -0.131208        0.342188        0.048893

     C   23       -0.320261       -0.299492       -0.381490
     C   23       -0.299492        0.056551        0.329331
     C   23       -0.381490        0.329331        0.263710

     Cl  24       -0.022412       -0.067489       -0.088099
     Cl  24       -0.067489        0.046064        0.087837
     Cl  24       -0.088099        0.087837       -0.023652

     ----- ionic term -----
     Cl   1        0.089834       -0.195531       -0.043913
     Cl   1       -0.195531        0.024148        0.043728
     Cl   1       -0.043913        0.043728       -0.113982

     C    2        0.186473       -0.175669        0.139087
     C    2       -0.175669        0.021716        0.449782
     C    2        0.139087        0.449782       -0.208189

     C    3        0.162356       -0.245218        0.081321
     C    3       -0.245218        0.065139        0.467260
     C    3        0.081321        0.467260       -0.227496

     H    4        0.794617        0.217979        0.579621
     H    4        0.217979       -0.503278        0.174085
     H    4        0.579621        0.174085       -0.291339

     C    5        0.320775       -0.230132        0.181370
     C    5       -0.230132       -0.034851        0.340497
     C    5        0.181370        0.340497       -0.285925

     H    6       -0.490447        0.209314        0.165164
     H    6        0.209314        0.525378        0.787361
     H    6        0.165164        0.787361       -0.034930

     H    7       -0.542329        0.008309        0.019947
     H    7        0.008309        0.260553       -0.810269
     H    7        0.019947       -0.810269        0.281776

     C    8        0.189663        0.355688        0.350034
     C    8        0.355688       -0.053181       -0.246167
     C    8        0.350034       -0.246167       -0.136482

     H    9        0.314406       -0.076016        0.795617
     H    9       -0.076016       -0.522057       -0.138040
     H    9        0.795617       -0.138040        0.207651

     C   10        0.063690        0.373350        0.238624
     C   10        0.373350        0.113366       -0.326717
     C   10        0.238624       -0.326717       -0.177056

     C   11        0.095992        0.274476        0.270902
     C   11        0.274476        0.069423       -0.356619
     C   11        0.270902       -0.356619       -0.165415

     Cl  12        0.097272        0.199080        0.010592
     Cl  12        0.199080        0.041552       -0.004679
     Cl  12        0.010592       -0.004679       -0.138824

     H   13       -0.447719        0.242349        0.265751
     H   13        0.242349        0.226121        0.789828
     H   13        0.265751        0.789828        0.221598

     C   14        0.286062       -0.141124        0.191413
     C   14       -0.141124       -0.058172        0.334637
     C   14        0.191413        0.334637       -0.227890

     H   15        0.736049        0.236432        0.616872
     H   15        0.236432       -0.513238        0.189716
     H   15        0.616872        0.189716       -0.222810

     C   16        0.139926       -0.173092        0.132564
     C   16       -0.173092        0.079715        0.436177
     C   16        0.132564        0.436177       -0.219641

     C   17        0.221520       -0.200100        0.204955
     C   17       -0.200100        0.016449        0.420202
     C   17        0.204955        0.420202       -0.237968

     Cl  18        0.068025       -0.206312       -0.054773
     Cl  18       -0.206312        0.056668        0.052313
     Cl  18       -0.054773        0.052313       -0.124693

     H   19       -0.532040       -0.046358        0.072339
     H   19       -0.046358        0.279454       -0.801144
     H   19        0.072339       -0.801144        0.252586

     C   20        0.175624        0.292925        0.329263
     C   20        0.292925        0.002625       -0.251942
     C   20        0.329263       -0.251942       -0.178249

     H   21        0.473276       -0.172365        0.762439
     H   21       -0.172365       -0.468358       -0.198764
     H   21        0.762439       -0.198764       -0.004918

     C   22        0.068448        0.307647        0.250663
     C   22        0.307647        0.156091       -0.327194
     C   22        0.250663       -0.327194       -0.224540

     C   23        0.121482        0.279919        0.335759
     C   23        0.279919        0.022018       -0.329185
     C   23        0.335759       -0.329185       -0.143500

     Cl  24        0.123269        0.215393        0.011962
     Cl  24        0.215393        0.007470       -0.002841
     Cl  24        0.011962       -0.002841       -0.130739

     ----- GIPAW term -----
     Cl   1        0.171769       -0.567311       -0.000906
     Cl   1       -0.567311       -0.083800        0.196575
     Cl   1       -0.000906        0.196575       -0.087968

     C    2       -0.146066       -0.010784        0.042710
     C    2       -0.010784       -0.029838        0.113618
     C    2        0.042710        0.113618        0.175904

     C    3       -0.115891       -0.041190       -0.027638
     C    3       -0.041190        0.091087        0.176043
     C    3       -0.027638        0.176043        0.024804

     H    4       -0.000000        0.000000        0.000000
     H    4        0.000000        0.000000        0.000000
     H    4        0.000000        0.000000        0.000000

     C    5       -0.173239       -0.091562        0.008482
     C    5       -0.091562        0.255227       -0.056389
     C    5        0.008482       -0.056389       -0.081987

     H    6       -0.000000        0.000000        0.000000
     H    6        0.000000        0.000000        0.000000
     H    6        0.000000        0.000000        0.000000

     H    7       -0.000000        0.000000        0.000000
     H    7        0.000000        0.000000        0.000000
     H    7        0.000000        0.000000        0.000000

     C    8       -0.040360       -0.034598       -0.055924
     C    8       -0.034598       -0.031464        0.087965
     C    8       -0.055924        0.087965        0.071824

     H    9       -0.000000        0.000000        0.000000
     H    9        0.000000        0.000000        0.000000
     H    9        0.000000        0.000000        0.000000

     C   10        0.000024       -0.079130       -0.116003
     C   10       -0.079130       -0.075235        0.071798
     C   10       -0.116003        0.071798        0.075211

     C   11        0.028320        0.151577       -0.042517
     C   11        0.151577       -0.023681        0.086684
     C   11       -0.042517        0.086684       -0.004638

     Cl  12        1.179170        0.931187        0.662119
     Cl  12        0.931187        0.387605       -0.882397
     Cl  12        0.662119       -0.882397       -1.566775

     H   13       -0.000000        0.000000        0.000000
     H   13        0.000000        0.000000        0.000000
     H   13        0.000000        0.000000        0.000000

     C   14        0.015260        0.107701        0.194029
     C   14        0.107701       -0.206581        0.005914
     C   14        0.194029        0.005914        0.191321

     H   15       -0.000000        0.000000        0.000000
     H   15        0.000000        0.000000        0.000000
     H   15        0.000000        0.000000        0.000000

     C   16        0.082705       -0.069107       -0.017416
     C   16       -0.069107       -0.069379       -0.099117
     C   16       -0.017416       -0.099117       -0.013326

     C   17        0.007419       -0.140054       -0.063768
     C   17       -0.140054       -0.022443       -0.121703
     C   17       -0.063768       -0.121703        0.015024

     Cl  18       -0.578816       -1.044483        1.075152
     Cl  18       -1.044483       -1.542466        0.321408
     Cl  18        1.075152        0.321408        2.121282

     H   19       -0.000000        0.000000        0.000000
     H   19        0.000000        0.000000        0.000000
     H   19        0.000000        0.000000        0.000000

     C   20       -0.163691       -0.006695        0.043822
     C   20       -0.006695        0.041585        0.229853
     C   20        0.043822        0.229853        0.122106

     H   21       -0.000000        0.000000        0.000000
     H   21        0.000000        0.000000        0.000000
     H   21        0.000000        0.000000        0.000000

     C   22       -0.070426       -0.015624       -0.034972
     C   22       -0.015624        0.030848        0.128289
     C   22       -0.034972        0.128289        0.039578

     C   23       -0.088129       -0.050604       -0.096801
     C   23       -0.050604        0.105249        0.176724
     C   23       -0.096801        0.176724       -0.017120

     Cl  24        0.024287        0.559159       -0.846491
     Cl  24        0.559159        1.594819        1.849286
     Cl  24       -0.846491        1.849286       -1.619106

     ----- total EFG -----
     Cl   1        0.592465       -0.724980       -0.109200
     Cl   1       -0.724980        0.224503       -0.063152
     Cl   1       -0.109200       -0.063152       -0.816968

     C    2       -0.689219       -0.001247       -0.026846
     C    2       -0.001247        0.201539        0.456049
     C    2       -0.026846        0.456049        0.487680

     C    3        0.115112       -0.210552       -0.103583
     C    3       -0.210552       -0.221458        0.195825
     C    3       -0.103583        0.195825        0.106346

     H    4        0.309905        0.417738        0.440470
     H    4        0.417738       -0.374560       -0.209401
     H    4        0.440470       -0.209401        0.064655

     C    5       -0.556302       -0.013959       -0.030758
     C    5       -0.013959        0.564496        0.046146
     C    5       -0.030758        0.046146       -0.008195

     H    6       -0.234184        0.294856       -0.197328
     H    6        0.294856        0.312799        0.392104
     H    6       -0.197328        0.392104       -0.078615

     H    7       -0.043367        0.038172        0.074696
     H    7        0.038172        0.180452       -0.430248
     H    7        0.074696       -0.430248       -0.137085

     C    8       -0.206422        0.100282       -0.057582
     C    8        0.100282       -0.161813        0.252579
     C    8       -0.057582        0.252579        0.368235

     H    9        0.355512        0.057002        0.452311
     H    9        0.057002       -0.075732       -0.230083
     H    9        0.452311       -0.230083       -0.279780

     C   10       -0.095676       -0.128053       -0.149855
     C   10       -0.128053       -0.236173        0.183908
     C   10       -0.149855        0.183908        0.331849

     C   11       -0.112272        0.470821       -0.139304
     C   11        0.470821       -0.031091        0.243686
     C   11       -0.139304        0.243686        0.143364

     Cl  12        1.251844        0.984815        0.746971
     Cl  12        0.984815        0.455038       -0.986265
     Cl  12        0.746971       -0.986265       -1.706882

     H   13       -0.256921        0.188148       -0.103636
     H   13        0.188148        0.307072        0.488376
     H   13       -0.103636        0.488376       -0.050151

     C   14        0.288136        0.452805        0.515103
     C   14        0.452805       -0.760143       -0.014944
     C   14        0.515103       -0.014944        0.472007

     H   15        0.059846        0.239989        0.252449
     H   15        0.239989       -0.137556        0.058109
     H   15        0.252449        0.058109        0.077710

     C   16        0.141817       -0.239476       -0.199488
     C   16       -0.239476       -0.172207       -0.192903
     C   16       -0.199488       -0.192903        0.030390

     C   17       -0.008095       -0.361713       -0.213573
     C   17       -0.361713       -0.096711       -0.258715
     C   17       -0.213573       -0.258715        0.104806

     Cl  18       -0.637793       -1.121534        1.058674
     Cl  18       -1.121534       -1.541678        0.391203
     Cl  18        1.058674        0.391203        2.179471

     H   19       -0.032745       -0.062511       -0.013178
     H   19       -0.062511        0.372020       -0.631423
     H   19       -0.013178       -0.631423       -0.339275

     C   20       -0.457921       -0.043107        0.296040
     C   20       -0.043107        0.112950        0.407279
     C   20        0.296040        0.407279        0.344971

     H   21        0.606855       -0.160541        0.357825
     H   21       -0.160541       -0.190851       -0.430888
     H   21        0.357825       -0.430888       -0.416004

     C   22        0.023100        0.171662        0.084484
     C   22        0.171662        0.112968        0.143282
     C   22        0.084484        0.143282       -0.136068

     C   23       -0.286908       -0.070178       -0.142531
     C   23       -0.070178        0.183817        0.176869
     C   23       -0.142531        0.176869        0.103091

     Cl  24        0.125145        0.707063       -0.922628
     Cl  24        0.707063        1.648352        1.934282
     Cl  24       -0.922628        1.934282       -1.773497

     ----- total EFG (symmetrized) -----
     Cl   1        0.592465       -0.724980       -0.109200
     Cl   1       -0.724980        0.224503       -0.063152
     Cl   1       -0.109200       -0.063152       -0.816968

     C    2       -0.689219       -0.001247       -0.026846
     C    2       -0.001247        0.201539        0.456049
     C    2       -0.026846        0.456049        0.487680

     C    3        0.115112       -0.210552       -0.103583
     C    3       -0.210552       -0.221458        0.195825
     C    3       -0.103583        0.195825        0.106346

     H    4        0.309905        0.417738        0.440470
     H    4        0.417738       -0.374560       -0.209401
     H    4        0.440470       -0.209401        0.064655

     C    5       -0.556302       -0.013959       -0.030758
     C    5       -0.013959        0.564496        0.046146
     C    5       -0.030758        0.046146       -0.008195

     H    6       -0.234184        0.294856       -0.197328
     H    6        0.294856        0.312799        0.392104
     H    6       -0.197328        0.392104       -0.078615

     H    7       -0.043367        0.038172        0.074696
     H    7        0.038172        0.180452       -0.430248
     H    7        0.074696       -0.430248       -0.137085

     C    8       -0.206422        0.100282       -0.057582
     C    8        0.100282       -0.161813        0.252579
     C    8       -0.057582        0.252579        0.368235

     H    9        0.355512        0.057002        0.452311
     H    9        0.057002       -0.075732       -0.230083
     H    9        0.452311       -0.230083       -0.279780

     C   10       -0.095676       -0.128053       -0.149855
     C   10       -0.128053       -0.236173        0.183908
     C   10       -0.149855        0.183908        0.331849

     C   11       -0.112272        0.470821       -0.139304
     C   11        0.470821       -0.031091        0.243686
     C   11       -0.139304        0.243686        0.143364

     Cl  12        1.251844        0.984815        0.746971
     Cl  12        0.984815        0.455038       -0.986265
     Cl  12        0.746971       -0.986265       -1.706882

     H   13       -0.256921        0.188148       -0.103636
     H   13        0.188148        0.307072        0.488376
     H   13       -0.103636        0.488376       -0.050151

     C   14        0.288136        0.452805        0.515103
     C   14        0.452805       -0.760143       -0.014944
     C   14        0.515103       -0.014944        0.472007

     H   15        0.059846        0.239989        0.252449
     H   15        0.239989       -0.137556        0.058109
     H   15        0.252449        0.058109        0.077710

     C   16        0.141817       -0.239476       -0.199488
     C   16       -0.239476       -0.172207       -0.192903
     C   16       -0.199488       -0.192903        0.030390

     C   17       -0.008095       -0.361713       -0.213573
     C   17       -0.361713       -0.096711       -0.258715
     C   17       -0.213573       -0.258715        0.104806

     Cl  18       -0.637793       -1.121534        1.058674
     Cl  18       -1.121534       -1.541678        0.391203
     Cl  18        1.058674        0.391203        2.179471

     H   19       -0.032745       -0.062511       -0.013178
     H   19       -0.062511        0.372020       -0.631423
     H   19       -0.013178       -0.631423       -0.339275

     C   20       -0.457921       -0.043107        0.296040
     C   20       -0.043107        0.112950        0.407279
     C   20        0.296040        0.407279        0.344971

     H   21        0.606855       -0.160541        0.357825
     H   21       -0.160541       -0.190851       -0.430888
     H   21        0.357825       -0.430888       -0.416004

     C   22        0.023100        0.171662        0.084484
     C   22        0.171662        0.112968        0.143282
     C   22        0.084484        0.143282       -0.136068

     C   23       -0.286908       -0.070178       -0.142531
     C   23       -0.070178        0.183817        0.176869
     C   23       -0.142531        0.176869        0.103091

     Cl  24        0.125145        0.707063       -0.922628
     Cl  24        0.707063        1.648352        1.934282
     Cl  24       -0.922628        1.934282       -1.773497


     NQR/NMR SPECTROSCOPIC PARAMETERS:
     Cl   1    Vxx=   -0.3125    axis=(  0.592507  0.773484 -0.225074)
     Cl   1    Vyy=   -0.8451    axis=(  0.156478  0.163569  0.974043)
     Cl   1    Vzz=    1.1576    axis=( -0.790221  0.612347  0.024118)
     Cl   1  Q=        -8.1650 1e-30 m^2  Cq=       -22.2078 MHz  eta= 0.46013

     C    2    Vxx=   -0.1330    axis=(  0.026724  0.806101 -0.591174)
     C    2    Vyy=   -0.6899    axis=( -0.999533  0.012793 -0.027740)
     C    2    Vzz=    0.8229    axis=( -0.014798  0.591639  0.806067)
     C    2  Q=         1.0000 1e-30 m^2  Cq=         1.9335 MHz  eta= 0.67686

     C    3    Vxx=    0.0071    axis=( -0.685031  0.006913 -0.728481)
     C    3    Vyy=    0.3573    axis=( -0.650300  0.444951  0.615735)
     C    3    Vzz=   -0.3643    axis=( -0.328395 -0.895528  0.300310)
     C    3  Q=         1.0000 1e-30 m^2  Cq=        -0.8560 MHz  eta= 0.96112

     H    4    Vxx=    0.0697    axis=(  0.283450  0.613856 -0.736775)
     H    4    Vyy=    0.6925    axis=(  0.831294  0.225769  0.507917)
     H    4    Vzz=   -0.7621    axis=( -0.478128  0.756445  0.446300)
     H    4  Q=         1.0000 1e-30 m^2  Cq=        -1.7907 MHz  eta= 0.81719

     C    5    Vxx=   -0.0103    axis=( -0.053987 -0.081213  0.995234)
     C    5    Vyy=   -0.5581    axis=(  0.998435  0.010155  0.054990)
     C    5    Vzz=    0.5684    axis=( -0.014572  0.996645  0.080537)
     C    5  Q=         1.0000 1e-30 m^2  Cq=         1.3356 MHz  eta= 0.96379

     H    6    Vxx=    0.0257    axis=(  0.717244  0.182017 -0.672630)
     H    6    Vyy=    0.5860    axis=( -0.203489 -0.868496 -0.452004)
     H    6    Vzz=   -0.6116    axis=( -0.666449  0.461070 -0.585885)
     H    6  Q=         1.0000 1e-30 m^2  Cq=        -1.4371 MHz  eta= 0.91598

     H    7    Vxx=   -0.0268    axis=(  0.979844  0.131578  0.150309)
     H    7    Vyy=   -0.4538    axis=( -0.198543  0.558382  0.805475)
     H    7    Vzz=    0.4805    axis=(  0.022053 -0.819083  0.573252)
     H    7  Q=         1.0000 1e-30 m^2  Cq=         1.1291 MHz  eta= 0.88853

     C    8    Vxx=   -0.1170    axis=(  0.786469  0.581134 -0.209165)
     C    8    Vyy=   -0.3527    axis=( -0.617139  0.725919 -0.303614)
     C    8    Vzz=    0.4697    axis=( -0.024604  0.367867  0.929553)
     C    8  Q=         1.0000 1e-30 m^2  Cq=         1.1036 MHz  eta= 0.50179

     H    9    Vxx=    0.0185    axis=(  0.260926  0.914343 -0.309667)
     H    9    Vyy=    0.5955    axis=( -0.875195  0.088689 -0.475572)
     H    9    Vzz=   -0.6140    axis=( -0.407371  0.395108  0.823370)
     H    9  Q=         1.0000 1e-30 m^2  Cq=        -1.4426 MHz  eta= 0.93987

     C   10    Vxx=   -0.1214    axis=( -0.860242  0.305344 -0.408349)
     C   10    Vyy=   -0.3255    axis=(  0.397510  0.903174 -0.162056)
     C   10    Vzz=    0.4469    axis=( -0.319327  0.301730  0.898326)
     C   10  Q=         1.0000 1e-30 m^2  Cq=         1.0500 MHz  eta= 0.45688

     C   11    Vxx=    0.2024    axis=( -0.484032 -0.065314  0.872610)
     C   11    Vyy=    0.4343    axis=( -0.553271 -0.749741 -0.363014)
     C   11    Vzz=   -0.6367    axis=(  0.677941 -0.658500  0.326762)
     C   11  Q=         1.0000 1e-30 m^2  Cq=        -1.4961 MHz  eta= 0.36427

     Cl  12    Vxx=    0.4860    axis=( -0.467745  0.735514 -0.490136)
     Cl  12    Vyy=    1.9174    axis=( -0.836458 -0.547532 -0.023397)
     Cl  12    Vzz=   -2.4034    axis=( -0.285574  0.399034  0.871332)
     Cl  12  Q=        -8.1650 1e-30 m^2  Cq=        46.1074 MHz  eta= 0.59558

     H   13    Vxx=   -0.1277    axis=(  0.803592  0.255868 -0.537375)
     H   13    Vyy=   -0.5310    axis=( -0.585468  0.502278 -0.636353)
     H   13    Vzz=    0.6587    axis=( -0.107089 -0.825984 -0.553428)
     H   13  Q=         1.0000 1e-30 m^2  Cq=         1.5477 MHz  eta= 0.61223

     C   14    Vxx=    0.0060    axis=( -0.625769 -0.383078  0.679459)
     C   14    Vyy=    0.9522    axis=(  0.674357  0.172061  0.718079)
     C   14    Vzz=   -0.9582    axis=(  0.391988 -0.907550 -0.150661)
     C   14  Q=         1.0000 1e-30 m^2  Cq=        -2.2514 MHz  eta= 0.98741

     H   15    Vxx=   -0.0790    axis=( -0.323074 -0.590762  0.739340)
     H   15    Vyy=   -0.3269    axis=(  0.634973 -0.714599 -0.293525)
     H   15    Vzz=    0.4060    axis=(  0.701735  0.374631  0.605987)
     H   15  Q=         1.0000 1e-30 m^2  Cq=         0.9539 MHz  eta= 0.61063

     C   16    Vxx=    0.1373    axis=(  0.199779 -0.624918  0.754696)
     C   16    Vyy=    0.3129    axis=( -0.863195  0.252225  0.437353)
     C   16    Vzz=   -0.4502    axis=( -0.463663 -0.738823 -0.489037)
     C   16  Q=         1.0000 1e-30 m^2  Cq=        -1.0577 MHz  eta= 0.38996

     C   17    Vxx=    0.2664    axis=( -0.450401 -0.175101  0.875487)
     C   17    Vyy=    0.3144    axis=( -0.669158  0.715371 -0.201176)
     C   17    Vzz=   -0.5808    axis=( -0.591072 -0.676449 -0.439375)
     C   17  Q=         1.0000 1e-30 m^2  Cq=        -1.3647 MHz  eta= 0.08259

     Cl  18    Vxx=   -0.0473    axis=(  0.743778 -0.622182 -0.244303)
     Cl  18    Vyy=   -2.4857    axis=(  0.589380  0.782861 -0.199398)
     Cl  18    Vzz=    2.5330    axis=(  0.315317  0.004320  0.948977)
     Cl  18  Q=        -8.1650 1e-30 m^2  Cq=       -48.5947 MHz  eta= 0.96262

     H   19    Vxx=   -0.0329    axis=(  0.996134  0.020638 -0.085383)
     H   19    Vyy=   -0.7110    axis=(  0.063293  0.505369  0.860579)
     H   19    Vzz=    0.7440    axis=(  0.060910 -0.862657  0.502109)
     H   19  Q=         1.0000 1e-30 m^2  Cq=         1.7480 MHz  eta= 0.91152

     C   20    Vxx=   -0.0889    axis=(  0.441107 -0.784660  0.435584)
     C   20    Vyy=   -0.6038    axis=( -0.877615 -0.275651  0.392185)
     C   20    Vzz=    0.6927    axis=(  0.187663  0.555270  0.810221)
     C   20  Q=         1.0000 1e-30 m^2  Cq=         1.6275 MHz  eta= 0.74329

     H   21    Vxx=   -0.0322    axis=(  0.446677  0.772705 -0.451006)
     H   21    Vyy=   -0.7761    axis=( -0.145926  0.560259  0.815362)
     H   21    Vzz=    0.8083    axis=(  0.882715 -0.298390  0.363013)
     H   21  Q=         1.0000 1e-30 m^2  Cq=         1.8991 MHz  eta= 0.92043

     C   22    Vxx=   -0.1055    axis=(  0.828235 -0.528286 -0.186926)
     C   22    Vyy=   -0.2016    axis=(  0.044138  0.394032 -0.918036)
     C   22    Vzz=    0.3071    axis=(  0.558640  0.752099  0.349669)
     C   22  Q=         1.0000 1e-30 m^2  Cq=         0.7215 MHz  eta= 0.31316

     C   23    Vxx=   -0.0238    axis=( -0.204701 -0.674010  0.709794)
     C   23    Vyy=   -0.3338    axis=( -0.953474 -0.026662 -0.300295)
     C   23    Vzz=    0.3575    axis=(  0.221326 -0.738241 -0.637193)
     C   23  Q=         1.0000 1e-30 m^2  Cq=         0.8400 MHz  eta= 0.86710

     Cl  24    Vxx=    0.4977    axis=(  0.933755  0.026261 -0.356949)
     Cl  24    Vyy=    2.5522    axis=( -0.120895 -0.915547 -0.383613)
     Cl  24    Vzz=   -3.0499    axis=(  0.336878 -0.401354  0.851721)
     Cl  24  Q=        -8.1650 1e-30 m^2  Cq=        58.5109 MHz  eta= 0.67361

     Initialization:
     gipaw_setup  :      9.23s CPU     10.86s WALL (       1 calls)

     Linear response

     Apply operators

     Induced current

     Other routines
     efg          :      9.45s CPU     12.70s WALL (       1 calls)

     General routines
     calbec       :      3.32s CPU      4.41s WALL (      16 calls)
     fft          :      1.59s CPU      2.35s WALL (      15 calls)
     ffts         :      0.04s CPU      0.05s WALL (       2 calls)
     fftw         :      3.49s CPU      4.80s WALL (     672 calls)
     davcio       :      0.04s CPU      0.31s WALL (      32 calls)

     Parallel routines
     fft_scatter  :      2.44s CPU      4.35s WALL (     689 calls)

     Plugins

     GIPAW        :     63.28s CPU     76.22s WALL (       1 calls)
