
     Program QE v.6.0 (svn rev. 13079) starts on 16Jan2017 at  9:37:41 

     This program is part of the open-source Quantum ESPRESSO suite
     for quantum simulation of materials; please cite
         "P. Giannozzi et al., J. Phys.:Condens. Matter 21 395502 (2009);
          URL http://www.quantum-espresso.org", 
     in publications or presentations arising from this work. More details at
     http://www.quantum-espresso.org/quote

     Parallel version (MPI), running on     8 processors
     R & G space division:  proc/nbgrp/npool/nimage =       8

     ***** This is GIPAW svn revision unknown      *****

     Parallelizing q-star over 1 images

     Reading data from directory:
     /users/majewski/paradichlorobenzene/pbe/9_constraint/scratch/pbe.ecut100.np8.dt60.pcl2phi-129368.save
     Message from routine read_xml_file:
     file /users/majewski/paradichlorobenzene/pbe/9_constraint/scratch/pbe.ecut100.np8.dt60.pcl2phi-129368.save not guaranteed to be safe for post-processing

   Info: using nr1, nr2, nr3 values from input

   Info: using nr1, nr2, nr3 values from input

     IMPORTANT: XC functional enforced from input :
     Exchange-correlation      =  SLA  PW   PBX  PBC ( 1  4  3  4 0 0)
     Any further DFT definition will be discarded
     Please, verify this is what you really want

               file C.pbe-n-kjpaw_psl.1.0.0.UPF: wavefunction(s)  2S 2P renormalized
               file Cl.pbe-n-kjpaw_psl.1.0.0.UPF: wavefunction(s)  3S 3P renormalized
               file H.pbe-kjpaw_psl.1.0.0.UPF: wavefunction(s)  1S renormalized

     Parallelization info
     --------------------
     sticks:   dense  smooth     PW     G-vecs:    dense   smooth      PW
     Min        3057    1223    332               144436    36536    5170
     Max        3059    1225    333               144437    36537    5171
     Sum       24467    9791   2657              1155489   292295   41363


     Subspace diagonalization in iterative solution of the eigenvalue problem:
     a serial algorithm will be used

     GIPAW projectors -----------------------------------------------
     atom=  C    l=0  rc=    1.2000  rs=    0.8000
     atom=  C    l=0  rc=    1.2000  rs=    0.8000
     atom=  C    l=1  rc=    1.4000  rs=    0.9333
     atom=  C    l=1  rc=    1.4000  rs=    0.9333
     projs nearly linearly dependent: l=1  n1,n2= 1, 2  s=  0.99951561

     atom=  Cl   l=0  rc=    1.6000  rs=    1.0667
     atom=  Cl   l=0  rc=    1.6000  rs=    1.0667
     atom=  Cl   l=1  rc=    1.6000  rs=    1.0667
     atom=  Cl   l=1  rc=    1.6000  rs=    1.0667
     atom=  Cl   l=2  rc=    1.6000  rs=    1.0667
     atom=  Cl   l=2  rc=    1.6000  rs=    1.0667
     projs nearly linearly dependent: l=2  n1,n2= 1, 2  s=  0.99993509

     atom=  H    l=0  rc=    1.0000  rs=    0.6667
     atom=  H    l=0  rc=    1.0000  rs=    0.6667
     projs nearly linearly dependent: l=0  n1,n2= 1, 2  s=  0.99968852
     -----------------------------------------------------------------

     GIPAW integrals: -------------------------------------------
     Atom  i/j   nmr_para   nmr_dia   epr_rmc  epr_para   epr_dia
       C   1 1   0.83E+03  0.17E-01  0.93E+01  0.24E+08  0.24E+03
       C   2 1   0.86E+03 -0.61E-01  0.94E+01  0.25E+08  0.25E+03
       C   2 2   0.90E+03 -0.15E+00  0.97E+01  0.26E+08  0.26E+03
       C   3 3   0.33E+01  0.34E+00  0.18E+01  0.55E+03  0.21E+02
       C   4 3   0.35E+01  0.37E+00  0.20E+01  0.59E+03  0.22E+02
       C   4 4   0.38E+01  0.39E+00  0.22E+01  0.63E+03  0.24E+02
       Cl  1 1   0.14E+04 -0.47E+00  0.84E+01  0.32E+09  0.42E+03
       Cl  2 1   0.21E+04 -0.37E+00  0.12E+02  0.49E+09  0.65E+03
       Cl  2 2   0.33E+04 -0.16E+00  0.21E+02  0.76E+09  0.10E+04
       Cl  3 3   0.21E+02  0.79E-01  0.89E+01  0.23E+05  0.13E+03
       Cl  4 3   0.24E+02  0.67E-01  0.99E+01  0.27E+05  0.15E+03
       Cl  4 4   0.28E+02  0.44E-01  0.11E+02  0.32E+05  0.18E+03
       Cl  5 5   0.77E+00  0.19E+00  0.18E+01  0.12E+03  0.22E+02
       Cl  6 5   0.80E+00  0.19E+00  0.19E+01  0.12E+03  0.23E+02
       Cl  6 6   0.83E+00  0.20E+00  0.19E+01  0.12E+03  0.23E+02
       H   1 1   0.39E+02  0.19E+00  0.29E+00  0.78E+05  0.13E+02
       H   2 1   0.41E+02  0.21E+00  0.32E+00  0.82E+05  0.14E+02
       H   2 2   0.43E+02  0.22E+00  0.36E+00  0.86E+05  0.15E+02
     ------------------------------------------------------------

     alpha_pv=     34.4677 eV

     Number of occupied bands for each k-point:
     k-point:     1    nbnd_occ=  42
     k-point:     2    nbnd_occ=  42
     k-point:     3    nbnd_occ=  42
     k-point:     4    nbnd_occ=  42
     k-point:     5    nbnd_occ=  42
     k-point:     6    nbnd_occ=  42
     k-point:     7    nbnd_occ=  42
     k-point:     8    nbnd_occ=  42
     k-point:     9    nbnd_occ=  42
     k-point:    10    nbnd_occ=  42
     k-point:    11    nbnd_occ=  42
     k-point:    12    nbnd_occ=  42
     k-point:    13    nbnd_occ=  42
     k-point:    14    nbnd_occ=  42
     k-point:    15    nbnd_occ=  42
     k-point:    16    nbnd_occ=  42


     q-space interpolation up to   110.00 Rydberg

     GIPAW job: efg                                                                             


     ELECTRIC FIELD GRADIENTS TENSORS IN Hartree/bohrradius^2:

     ----- bare term -----
     Cl   1        0.122426        0.218133        0.070425
     Cl   1        0.218133       -0.078197        0.429053
     Cl   1        0.070425        0.429053       -0.044229

     C    2        0.010582       -0.053450       -0.262475
     C    2       -0.053450        0.054171       -0.674764
     C    2       -0.262475       -0.674764       -0.064753

     C    3       -0.381241        0.205613       -0.165185
     C    3        0.205613        0.092710       -0.137881
     C    3       -0.165185       -0.137881        0.288531

     H    4       -0.169482       -0.403850        0.035582
     H    4       -0.403850       -0.145746        0.142503
     H    4        0.035582        0.142503        0.315228

     C    5       -0.008179        0.244461       -0.045791
     C    5        0.244461       -0.123452       -0.389027
     C    5       -0.045791       -0.389027        0.131631

     H    6        0.227323       -0.438060        0.048313
     H    6       -0.438060       -0.582955       -0.044281
     H    6        0.048313       -0.044281        0.355631

     H    7        0.533632       -0.035046        0.001202
     H    7       -0.035046       -0.010541        0.156060
     H    7        0.001202        0.156060       -0.523091

     C    8       -0.756981       -0.330378       -0.234125
     C    8       -0.330378        0.370070        0.098370
     C    8       -0.234125        0.098370        0.386911

     H    9       -0.080064       -0.209452       -0.488324
     H    9       -0.209452       -0.084335       -0.101842
     H    9       -0.488324       -0.101842        0.164398

     C   10        0.253050       -0.041669       -0.199481
     C   10       -0.041669       -0.205641        0.554111
     C   10       -0.199481        0.554111       -0.047409

     C   11       -0.699170       -0.469515       -0.349850
     C   11       -0.469515        0.314090        0.094420
     C   11       -0.349850        0.094420        0.385080

     Cl  12       -0.026533        0.029162       -0.036732
     Cl  12        0.029162        0.157496        0.026533
     Cl  12       -0.036732        0.026533       -0.130963

     H   13        0.184450       -0.073735        0.000673
     H   13       -0.073735       -0.495147       -0.585546
     H   13        0.000673       -0.585546        0.310697

     C   14       -0.885124        0.349599       -0.479584
     C   14        0.349599        0.352771        0.050420
     C   14       -0.479584        0.050420        0.532353

     H   15       -0.528159       -0.162818        0.229955
     H   15       -0.162818        0.366393       -0.170130
     H   15        0.229955       -0.170130        0.161766

     C   16        0.198448       -0.027059       -0.030682
     C   16       -0.027059       -0.503882       -0.408876
     C   16       -0.030682       -0.408876        0.305435

     C   17       -0.820919        0.391821       -0.308430
     C   17        0.391821        0.281513       -0.021835
     C   17       -0.308430       -0.021835        0.539406

     Cl  18        0.179335       -0.004823        0.002367
     Cl  18       -0.004823       -0.127764       -0.253272
     Cl  18        0.002367       -0.253272       -0.051571

     H   19        0.440498        0.192843       -0.031733
     H   19        0.192843       -0.759260        0.322716
     H   19       -0.031733        0.322716        0.318763

     C   20        0.005291        0.033607       -0.215205
     C   20        0.033607       -0.045436        0.399997
     C   20       -0.215205        0.399997        0.040146

     H   21       -0.053785        0.364697       -0.316997
     H   21        0.364697       -0.337108        0.220420
     H   21       -0.316997        0.220420        0.390892

     C   22       -0.695888       -0.309749       -0.177353
     C   22       -0.309749        0.292252        0.171124
     C   22       -0.177353        0.171124        0.403636

     C   23        0.089897        0.131890       -0.343902
     C   23        0.131890       -0.056129        0.640127
     C   23       -0.343902        0.640127       -0.033768

     Cl  24       -0.325980       -0.270712       -0.008358
     Cl  24       -0.270712        0.221238       -0.001040
     Cl  24       -0.008358       -0.001040        0.104743

     ----- ionic term -----
     Cl   1        0.129373       -0.177352       -0.078707
     Cl   1       -0.177352       -0.004259        0.055598
     Cl   1       -0.078707        0.055598       -0.125113

     C    2        0.323768       -0.008844        0.074149
     C    2       -0.008844        0.120637        0.435472
     C    2        0.074149        0.435472       -0.444405

     C    3        0.164653       -0.065005        0.045301
     C    3       -0.065005        0.269249        0.411236
     C    3        0.045301        0.411236       -0.433902

     H    4        0.693802        0.596477        0.278044
     H    4        0.596477       -0.175545        0.209871
     H    4        0.278044        0.209871       -0.518258

     C    5        0.358521       -0.099442        0.089820
     C    5       -0.099442        0.125406        0.272772
     C    5        0.089820        0.272772       -0.483928

     H    6       -0.475595        0.256557        0.103457
     H    6        0.256557        0.827672        0.554244
     H    6        0.103457        0.554244       -0.352077

     H    7       -0.532583       -0.022829        0.033104
     H    7       -0.022829        0.321038       -0.803119
     H    7        0.033104       -0.803119        0.211544

     C    8        0.243283        0.166779        0.303155
     C    8        0.166779       -0.043425       -0.352497
     C    8        0.303155       -0.352497       -0.199859

     H    9        0.539313       -0.256176        0.701269
     H    9       -0.256176       -0.416318       -0.243539
     H    9        0.701269       -0.243539       -0.122995

     C   10        0.099960        0.222520        0.199049
     C   10        0.222520        0.162575       -0.444700
     C   10        0.199049       -0.444700       -0.262535

     C   11        0.255522        0.150940        0.291623
     C   11        0.150940        0.060857       -0.443727
     C   11        0.291623       -0.443727       -0.316380

     Cl  12        0.185444        0.241304        0.015569
     Cl  12        0.241304       -0.025725        0.000623
     Cl  12        0.015569        0.000623       -0.159719

     H   13       -0.484119        0.224730        0.098576
     H   13        0.224730        0.645758        0.693267
     H   13        0.098576        0.693267       -0.161638

     C   14        0.409563       -0.034336        0.093026
     C   14       -0.034336        0.039145        0.330048
     C   14        0.093026        0.330048       -0.448708

     H   15        0.785385        0.463765        0.427979
     H   15        0.463765       -0.320490        0.198340
     H   15        0.427979        0.198340       -0.464895

     C   16        0.205363       -0.098173        0.053849
     C   16       -0.098173        0.245502        0.384000
     C   16        0.053849        0.384000       -0.450865

     C   17        0.221294       -0.099322        0.114840
     C   17       -0.099322        0.256352        0.348572
     C   17        0.114840        0.348572       -0.477646

     Cl  18        0.114480       -0.215521       -0.015408
     Cl  18       -0.215521        0.040577        0.017234
     Cl  18       -0.015408        0.017234       -0.155057

     H   19       -0.513194       -0.129232        0.086906
     H   19       -0.129232        0.579782       -0.748135
     H   19        0.086906       -0.748135       -0.066587

     C   20        0.303042        0.159555        0.285664
     C   20        0.159555        0.054163       -0.318780
     C   20        0.285664       -0.318780       -0.357206

     H   21        0.598970       -0.321682        0.670947
     H   21       -0.321682       -0.401098       -0.264866
     H   21        0.670947       -0.264866       -0.197872

     C   22        0.117104        0.222245        0.215367
     C   22        0.222245        0.223679       -0.421780
     C   22        0.215367       -0.421780       -0.340783

     C   23        0.143011        0.119490        0.347816
     C   23        0.119490        0.123361       -0.440926
     C   23        0.347816       -0.440926       -0.266372

     Cl  24        0.126859        0.175685        0.019620
     Cl  24        0.175685        0.020836       -0.001648
     Cl  24        0.019620       -0.001648       -0.147695

     ----- GIPAW term -----
     Cl   1       -0.326864        0.019849       -0.254838
     Cl   1        0.019849        0.027704       -0.674750
     Cl   1       -0.254838       -0.674750        0.299160

     C    2       -0.059674       -0.038193       -0.041274
     C    2       -0.038193        0.230110       -0.143573
     C    2       -0.041274       -0.143573       -0.170436

     C    3       -0.083754        0.085739       -0.061033
     C    3        0.085739        0.111450       -0.071565
     C    3       -0.061033       -0.071565       -0.027696

     H    4       -0.000000        0.000000        0.000000
     H    4        0.000000        0.000000        0.000000
     H    4        0.000000        0.000000        0.000000

     C    5       -0.038233        0.145515        0.018822
     C    5        0.145515        0.164965       -0.056276
     C    5        0.018822       -0.056276       -0.126732

     H    6       -0.000000        0.000000        0.000000
     H    6        0.000000        0.000000        0.000000
     H    6        0.000000        0.000000        0.000000

     H    7       -0.000000        0.000000        0.000000
     H    7        0.000000        0.000000        0.000000
     H    7        0.000000        0.000000        0.000000

     C    8       -0.159624        0.008996       -0.003100
     C    8        0.008996        0.208158        0.026016
     C    8       -0.003100        0.026016       -0.048534

     H    9       -0.000000        0.000000        0.000000
     H    9        0.000000        0.000000        0.000000
     H    9        0.000000        0.000000        0.000000

     C   10       -0.046000        0.023742       -0.017296
     C   10        0.023742        0.161087        0.003135
     C   10       -0.017296        0.003135       -0.115087

     C   11       -0.148175       -0.021890       -0.030914
     C   11       -0.021890        0.251458       -0.021093
     C   11       -0.030914       -0.021093       -0.103283

     Cl  12        0.225338        2.140382       -0.164761
     Cl  12        2.140382        2.396838        0.417962
     Cl  12       -0.164761        0.417962       -2.622176

     H   13       -0.000000        0.000000        0.000000
     H   13        0.000000        0.000000        0.000000
     H   13        0.000000        0.000000        0.000000

     C   14       -0.205574       -0.034878       -0.105233
     C   14       -0.034878        0.150310        0.202856
     C   14       -0.105233        0.202856        0.055264

     H   15       -0.000000        0.000000        0.000000
     H   15        0.000000        0.000000        0.000000
     H   15        0.000000        0.000000        0.000000

     C   16       -0.039557       -0.047305       -0.015985
     C   16       -0.047305       -0.031414        0.103902
     C   16       -0.015985        0.103902        0.070971

     C   17       -0.163409        0.010859       -0.006719
     C   17        0.010859        0.084822        0.173194
     C   17       -0.006719        0.173194        0.078587

     Cl  18       -0.148675       -0.608936        0.511044
     Cl  18       -0.608936        0.342434        1.435273
     Cl  18        0.511044        1.435273       -0.193759

     H   19       -0.000000        0.000000        0.000000
     H   19        0.000000        0.000000        0.000000
     H   19        0.000000        0.000000        0.000000

     C   20       -0.068816        0.004278       -0.014026
     C   20        0.004278        0.206283        0.054274
     C   20       -0.014026        0.054274       -0.137467

     H   21       -0.000000        0.000000        0.000000
     H   21        0.000000        0.000000        0.000000
     H   21        0.000000        0.000000        0.000000

     C   22       -0.204947        0.030349       -0.017472
     C   22        0.030349        0.281220        0.029273
     C   22       -0.017472        0.029273       -0.076273

     C   23       -0.050318        0.081326       -0.040509
     C   23        0.081326        0.206710        0.031549
     C   23       -0.040509        0.031549       -0.156393

     Cl  24       -0.877800        1.156655       -0.124838
     Cl  24        1.156655        2.637299       -0.157095
     Cl  24       -0.124838       -0.157095       -1.759499

     ----- total EFG -----
     Cl   1       -0.075065        0.060630       -0.263120
     Cl   1        0.060630       -0.054753       -0.190099
     Cl   1       -0.263120       -0.190099        0.129818

     C    2        0.274676       -0.100487       -0.229601
     C    2       -0.100487        0.404918       -0.382865
     C    2       -0.229601       -0.382865       -0.679594

     C    3       -0.300342        0.226347       -0.180917
     C    3        0.226347        0.473409        0.201789
     C    3       -0.180917        0.201789       -0.173067

     H    4        0.524320        0.192627        0.313626
     H    4        0.192627       -0.321291        0.352375
     H    4        0.313626        0.352375       -0.203029

     C    5        0.312109        0.290533        0.062851
     C    5        0.290533        0.166919       -0.172531
     C    5        0.062851       -0.172531       -0.479029

     H    6       -0.248272       -0.181503        0.151770
     H    6       -0.181503        0.244717        0.509963
     H    6        0.151770        0.509963        0.003554

     H    7        0.001050       -0.057875        0.034305
     H    7       -0.057875        0.310497       -0.647059
     H    7        0.034305       -0.647059       -0.311547

     C    8       -0.673322       -0.154603        0.065930
     C    8       -0.154603        0.534803       -0.228111
     C    8        0.065930       -0.228111        0.138519

     H    9        0.459250       -0.465628        0.212945
     H    9       -0.465628       -0.500652       -0.345382
     H    9        0.212945       -0.345382        0.041403

     C   10        0.307010        0.204593       -0.017728
     C   10        0.204593        0.118020        0.112546
     C   10       -0.017728        0.112546       -0.425030

     C   11       -0.591823       -0.340465       -0.089141
     C   11       -0.340465        0.626406       -0.370399
     C   11       -0.089141       -0.370399       -0.034583

     Cl  12        0.384249        2.410848       -0.185924
     Cl  12        2.410848        2.528609        0.445117
     Cl  12       -0.185924        0.445117       -2.912858

     H   13       -0.299669        0.150994        0.099249
     H   13        0.150994        0.150610        0.107721
     H   13        0.099249        0.107721        0.149059

     C   14       -0.681135        0.280384       -0.491791
     C   14        0.280384        0.542226        0.583324
     C   14       -0.491791        0.583324        0.138909

     H   15        0.257226        0.300947        0.657934
     H   15        0.300947        0.045903        0.028209
     H   15        0.657934        0.028209       -0.303129

     C   16        0.364254       -0.172538        0.007182
     C   16       -0.172538       -0.289795        0.079026
     C   16        0.007182        0.079026       -0.074459

     C   17       -0.763034        0.303358       -0.200309
     C   17        0.303358        0.622687        0.499931
     C   17       -0.200309        0.499931        0.140347

     Cl  18        0.145140       -0.829281        0.498003
     Cl  18       -0.829281        0.255248        1.199235
     Cl  18        0.498003        1.199235       -0.400388

     H   19       -0.072696        0.063612        0.055173
     H   19        0.063612       -0.179479       -0.425419
     H   19        0.055173       -0.425419        0.252175

     C   20        0.239516        0.197440        0.056432
     C   20        0.197440        0.215011        0.135491
     C   20        0.056432        0.135491       -0.454527

     H   21        0.545185        0.043015        0.353950
     H   21        0.043015       -0.738205       -0.044446
     H   21        0.353950       -0.044446        0.193020

     C   22       -0.783731       -0.057155        0.020542
     C   22       -0.057155        0.797151       -0.221383
     C   22        0.020542       -0.221383       -0.013420

     C   23        0.182590        0.332706       -0.036595
     C   23        0.332706        0.273943        0.230750
     C   23       -0.036595        0.230750       -0.456533

     Cl  24       -1.076921        1.061628       -0.113576
     Cl  24        1.061628        2.879373       -0.159783
     Cl  24       -0.113576       -0.159783       -1.802452

     ----- total EFG (symmetrized) -----
     Cl   1       -0.075065        0.060630       -0.263120
     Cl   1        0.060630       -0.054753       -0.190099
     Cl   1       -0.263120       -0.190099        0.129818

     C    2        0.274676       -0.100487       -0.229601
     C    2       -0.100487        0.404918       -0.382865
     C    2       -0.229601       -0.382865       -0.679594

     C    3       -0.300342        0.226347       -0.180917
     C    3        0.226347        0.473409        0.201789
     C    3       -0.180917        0.201789       -0.173067

     H    4        0.524320        0.192627        0.313626
     H    4        0.192627       -0.321291        0.352375
     H    4        0.313626        0.352375       -0.203029

     C    5        0.312109        0.290533        0.062851
     C    5        0.290533        0.166919       -0.172531
     C    5        0.062851       -0.172531       -0.479029

     H    6       -0.248272       -0.181503        0.151770
     H    6       -0.181503        0.244717        0.509963
     H    6        0.151770        0.509963        0.003554

     H    7        0.001050       -0.057875        0.034305
     H    7       -0.057875        0.310497       -0.647059
     H    7        0.034305       -0.647059       -0.311547

     C    8       -0.673322       -0.154603        0.065930
     C    8       -0.154603        0.534803       -0.228111
     C    8        0.065930       -0.228111        0.138519

     H    9        0.459250       -0.465628        0.212945
     H    9       -0.465628       -0.500652       -0.345382
     H    9        0.212945       -0.345382        0.041403

     C   10        0.307010        0.204593       -0.017728
     C   10        0.204593        0.118020        0.112546
     C   10       -0.017728        0.112546       -0.425030

     C   11       -0.591823       -0.340465       -0.089141
     C   11       -0.340465        0.626406       -0.370399
     C   11       -0.089141       -0.370399       -0.034583

     Cl  12        0.384249        2.410848       -0.185924
     Cl  12        2.410848        2.528609        0.445117
     Cl  12       -0.185924        0.445117       -2.912858

     H   13       -0.299669        0.150994        0.099249
     H   13        0.150994        0.150610        0.107721
     H   13        0.099249        0.107721        0.149059

     C   14       -0.681135        0.280384       -0.491791
     C   14        0.280384        0.542226        0.583324
     C   14       -0.491791        0.583324        0.138909

     H   15        0.257226        0.300947        0.657934
     H   15        0.300947        0.045903        0.028209
     H   15        0.657934        0.028209       -0.303129

     C   16        0.364254       -0.172538        0.007182
     C   16       -0.172538       -0.289795        0.079026
     C   16        0.007182        0.079026       -0.074459

     C   17       -0.763034        0.303358       -0.200309
     C   17        0.303358        0.622687        0.499931
     C   17       -0.200309        0.499931        0.140347

     Cl  18        0.145140       -0.829281        0.498003
     Cl  18       -0.829281        0.255248        1.199235
     Cl  18        0.498003        1.199235       -0.400388

     H   19       -0.072696        0.063612        0.055173
     H   19        0.063612       -0.179479       -0.425419
     H   19        0.055173       -0.425419        0.252175

     C   20        0.239516        0.197440        0.056432
     C   20        0.197440        0.215011        0.135491
     C   20        0.056432        0.135491       -0.454527

     H   21        0.545185        0.043015        0.353950
     H   21        0.043015       -0.738205       -0.044446
     H   21        0.353950       -0.044446        0.193020

     C   22       -0.783731       -0.057155        0.020542
     C   22       -0.057155        0.797151       -0.221383
     C   22        0.020542       -0.221383       -0.013420

     C   23        0.182590        0.332706       -0.036595
     C   23        0.332706        0.273943        0.230750
     C   23       -0.036595        0.230750       -0.456533

     Cl  24       -1.076921        1.061628       -0.113576
     Cl  24        1.061628        2.879373       -0.159783
     Cl  24       -0.113576       -0.159783       -1.802452


     NQR/NMR SPECTROSCOPIC PARAMETERS:
     Cl   1    Vxx=   -0.1167    axis=(  0.507738 -0.853623 -0.116317)
     Cl   1    Vyy=   -0.2757    axis=(  0.709410  0.337661  0.618646)
     Cl   1    Vzz=    0.3924    axis=( -0.488815 -0.396627  0.777012)
     Cl   1  Q=        -8.1650 1e-30 m^2  Cq=        -7.5277 MHz  eta= 0.40507

     C    2    Vxx=    0.3263    axis=(  0.968482  0.056546 -0.242580)
     C    2    Vyy=    0.5298    axis=(  0.125183 -0.952458  0.277764)
     C    2    Vzz=   -0.8561    axis=(  0.215340  0.299377  0.929517)
     C    2  Q=         1.0000 1e-30 m^2  Cq=        -2.0115 MHz  eta= 0.23766

     C    3    Vxx=   -0.0464    axis=(  0.605776  0.044595 -0.794385)
     C    3    Vyy=   -0.5201    axis=( -0.768605  0.290834 -0.569790)
     C    3    Vzz=    0.5665    axis=( -0.205624 -0.955734 -0.210457)
     C    3  Q=         1.0000 1e-30 m^2  Cq=         1.3311 MHz  eta= 0.83608

     H    4    Vxx=   -0.1112    axis=(  0.492584 -0.602162 -0.628301)
     H    4    Vyy=   -0.6227    axis=(  0.057580  0.742933 -0.666884)
     H    4    Vzz=    0.7339    axis=(  0.868358  0.292319  0.400629)
     H    4  Q=         1.0000 1e-30 m^2  Cq=         1.7243 MHz  eta= 0.69696

     C    5    Vxx=    0.0026    axis=( -0.607098  0.719626 -0.337003)
     C    5    Vyy=    0.5423    axis=( -0.776318 -0.627644  0.058254)
     C    5    Vzz=   -0.5449    axis=( -0.169597  0.296987  0.939700)
     C    5  Q=         1.0000 1e-30 m^2  Cq=        -1.2803 MHz  eta= 0.99041

     H    6    Vxx=   -0.0824    axis=(  0.806672 -0.323471  0.494618)
     H    6    Vyy=   -0.5685    axis=( -0.588272 -0.519789  0.619480)
     H    6    Vzz=    0.6509    axis=( -0.056713  0.790686  0.609589)
     H    6  Q=         1.0000 1e-30 m^2  Cq=         1.5293 MHz  eta= 0.74672

     H    7    Vxx=   -0.0052    axis=(  0.995694  0.077135 -0.051423)
     H    7    Vyy=   -0.7185    axis=(  0.002469  0.532439  0.846465)
     H    7    Vzz=    0.7237    axis=(  0.092672 -0.842946  0.529956)
     H    7  Q=         1.0000 1e-30 m^2  Cq=         1.7003 MHz  eta= 0.98561

     C    8    Vxx=    0.0345    axis=( -0.005501  0.413467  0.910502)
     C    8    Vyy=    0.6600    axis=( -0.125033  0.903086 -0.410855)
     C    8    Vzz=   -0.6945    axis=( -0.992137 -0.116103  0.046729)
     C    8  Q=         1.0000 1e-30 m^2  Cq=        -1.6318 MHz  eta= 0.90055

     H    9    Vxx=   -0.0293    axis=( -0.499951 -0.133160  0.855755)
     H    9    Vyy=   -0.7680    axis=(  0.289731  0.905459  0.310162)
     H    9    Vzz=    0.7972    axis=( -0.816152  0.403005 -0.414105)
     H    9  Q=         1.0000 1e-30 m^2  Cq=         1.8731 MHz  eta= 0.92659

     C   10    Vxx=    0.0118    axis=( -0.545018  0.806303  0.229851)
     C   10    Vyy=    0.4404    axis=(  0.834371  0.548527  0.054245)
     C   10    Vzz=   -0.4522    axis=(  0.082342 -0.221346  0.971713)
     C   10  Q=         1.0000 1e-30 m^2  Cq=        -1.0624 MHz  eta= 0.94776

     C   11    Vxx=   -0.1138    axis=( -0.363612  0.277703  0.889195)
     C   11    Vyy=   -0.7326    axis=(  0.911297  0.304001  0.277709)
     C   11    Vzz=    0.8464    axis=( -0.193195  0.911298 -0.363608)
     C   11  Q=         1.0000 1e-30 m^2  Cq=         1.9886 MHz  eta= 0.73107

     Cl  12    Vxx=   -1.0954    axis=( -0.825414  0.522994  0.212529)
     Cl  12    Vyy=   -3.0101    axis=(  0.158084 -0.147276  0.976381)
     Cl  12    Vzz=    4.1055    axis=(  0.541942  0.839516  0.038887)
     Cl  12  Q=        -8.1650 1e-30 m^2  Cq=       -78.7625 MHz  eta= 0.46637

     H   13    Vxx=    0.0447    axis=(  0.072782  0.658415 -0.749128)
     H   13    Vyy=    0.3094    axis=(  0.281014  0.707150  0.648822)
     H   13    Vzz=   -0.3542    axis=( -0.956940  0.257738  0.133556)
     H   13  Q=         1.0000 1e-30 m^2  Cq=        -0.8322 MHz  eta= 0.74737

     C   14    Vxx=    0.1183    axis=( -0.573664 -0.506410  0.643785)
     C   14    Vyy=    0.9601    axis=(  0.041101 -0.802781 -0.594855)
     C   14    Vzz=   -1.0784    axis=( -0.818059  0.314786 -0.481341)
     C   14  Q=         1.0000 1e-30 m^2  Cq=        -2.5338 MHz  eta= 0.78063

     H   15    Vxx=   -0.0248    axis=(  0.184345 -0.921295  0.342392)
     H   15    Vyy=   -0.7647    axis=(  0.569795 -0.183672 -0.800998)
     H   15    Vzz=    0.7895    axis=(  0.800844  0.342753  0.491090)
     H   15  Q=         1.0000 1e-30 m^2  Cq=         1.8550 MHz  eta= 0.93718

     C   16    Vxx=   -0.0528    axis=(  0.089307  0.255928  0.962562)
     C   16    Vyy=   -0.3545    axis=(  0.227308  0.935682 -0.269871)
     C   16    Vzz=    0.4073    axis=( -0.969719  0.242899  0.025388)
     C   16  Q=         1.0000 1e-30 m^2  Cq=         0.9570 MHz  eta= 0.74082

     C   17    Vxx=   -0.0290    axis=( -0.399578 -0.433614  0.807661)
     C   17    Vyy=   -0.9216    axis=( -0.912008  0.277063 -0.302453)
     C   17    Vzz=    0.9506    axis=( -0.092625 -0.857447 -0.506167)
     C   17  Q=         1.0000 1e-30 m^2  Cq=         2.2335 MHz  eta= 0.93908

     Cl  18    Vxx=    0.4340    axis=(  0.816808  0.060032  0.573778)
     Cl  18    Vyy=    1.3179    axis=( -0.378011  0.807016  0.453687)
     Cl  18    Vzz=   -1.7519    axis=( -0.435813 -0.587470  0.681870)
     Cl  18  Q=        -8.1650 1e-30 m^2  Cq=        33.6092 MHz  eta= 0.50451

     H   19    Vxx=   -0.0551    axis=(  0.977291  0.191806  0.090066)
     H   19    Vyy=   -0.4586    axis=( -0.210570  0.831516  0.514044)
     H   19    Vzz=    0.5137    axis=(  0.023705 -0.521336  0.853022)
     H   19  Q=         1.0000 1e-30 m^2  Cq=         1.2070 MHz  eta= 0.78538

     C   20    Vxx=    0.0362    axis=(  0.707997 -0.697414 -0.111148)
     C   20    Vyy=    0.4452    axis=(  0.705714  0.692742  0.148583)
     C   20    Vzz=   -0.4814    axis=( -0.026627 -0.183635  0.982634)
     C   20  Q=         1.0000 1e-30 m^2  Cq=        -1.1310 MHz  eta= 0.84973

     H   21    Vxx=   -0.0211    axis=( -0.523534 -0.083958  0.847858)
     H   21    Vyy=   -0.7434    axis=(  0.051611 -0.996431 -0.066802)
     H   21    Vzz=    0.7645    axis=(  0.850440  0.008786  0.525998)
     H   21  Q=         1.0000 1e-30 m^2  Cq=         1.7964 MHz  eta= 0.94471

     C   22    Vxx=   -0.0699    axis=(  0.008031  0.247882  0.968757)
     C   22    Vyy=   -0.7860    axis=( -0.999289 -0.033711  0.016910)
     C   22    Vzz=    0.8559    axis=(  0.036850 -0.968203  0.247435)
     C   22  Q=         1.0000 1e-30 m^2  Cq=         2.0110 MHz  eta= 0.83667

     C   23    Vxx=   -0.0372    axis=( -0.758267  0.540960  0.363858)
     C   23    Vyy=   -0.5494    axis=(  0.199795 -0.338439  0.919533)
     C   23    Vzz=    0.5866    axis=(  0.620574  0.769949  0.148546)
     C   23  Q=         1.0000 1e-30 m^2  Cq=         1.3783 MHz  eta= 0.87315

     Cl  24    Vxx=   -1.3332    axis=(  0.957704 -0.246959 -0.147697)
     Cl  24    Vyy=   -1.8198    axis=( -0.152221  0.000783 -0.988346)
     Cl  24    Vzz=    3.1530    axis=(  0.244197  0.969026 -0.036842)
     Cl  24  Q=        -8.1650 1e-30 m^2  Cq=       -60.4883 MHz  eta= 0.15435

     Initialization:
     gipaw_setup  :      9.24s CPU     10.91s WALL (       1 calls)

     Linear response

     Apply operators

     Induced current

     Other routines
     efg          :      9.23s CPU     11.45s WALL (       1 calls)

     General routines
     calbec       :      3.30s CPU      4.13s WALL (      16 calls)
     fft          :      1.54s CPU      2.25s WALL (      15 calls)
     ffts         :      0.04s CPU      0.05s WALL (       2 calls)
     fftw         :      3.25s CPU      3.96s WALL (     672 calls)
     davcio       :      0.02s CPU      0.31s WALL (      32 calls)

     Parallel routines
     fft_scatter  :      2.22s CPU      3.48s WALL (     689 calls)

     Plugins

     GIPAW        :     61.13s CPU     74.18s WALL (       1 calls)
