
     Program QE v.6.0 (svn rev. 13079) starts on 22Jan2017 at  2:19:25 

     This program is part of the open-source Quantum ESPRESSO suite
     for quantum simulation of materials; please cite
         "P. Giannozzi et al., J. Phys.:Condens. Matter 21 395502 (2009);
          URL http://www.quantum-espresso.org", 
     in publications or presentations arising from this work. More details at
     http://www.quantum-espresso.org/quote

     Parallel version (MPI), running on     8 processors
     R & G space division:  proc/nbgrp/npool/nimage =       8

     ***** This is GIPAW svn revision unknown      *****

     Parallelizing q-star over 1 images

     Reading data from directory:
     /users/majewski/paradichlorobenzene/pbe/9_constraint/scratch/pbe.ecut100.np8.dt60.pcl2phi-129368.save
     Message from routine read_xml_file:
     file /users/majewski/paradichlorobenzene/pbe/9_constraint/scratch/pbe.ecut100.np8.dt60.pcl2phi-129368.save not guaranteed to be safe for post-processing

   Info: using nr1, nr2, nr3 values from input

   Info: using nr1, nr2, nr3 values from input

     IMPORTANT: XC functional enforced from input :
     Exchange-correlation      =  SLA  PW   PBX  PBC ( 1  4  3  4 0 0)
     Any further DFT definition will be discarded
     Please, verify this is what you really want

               file C.pbe-n-kjpaw_psl.1.0.0.UPF: wavefunction(s)  2S 2P renormalized
               file Cl.pbe-n-kjpaw_psl.1.0.0.UPF: wavefunction(s)  3S 3P renormalized
               file H.pbe-kjpaw_psl.1.0.0.UPF: wavefunction(s)  1S renormalized

     Parallelization info
     --------------------
     sticks:   dense  smooth     PW     G-vecs:    dense   smooth      PW
     Min        3057    1223    332               144436    36536    5170
     Max        3059    1225    333               144437    36537    5171
     Sum       24467    9791   2657              1155489   292295   41363


     Subspace diagonalization in iterative solution of the eigenvalue problem:
     a serial algorithm will be used

     GIPAW projectors -----------------------------------------------
     atom=  C    l=0  rc=    1.2000  rs=    0.8000
     atom=  C    l=0  rc=    1.2000  rs=    0.8000
     atom=  C    l=1  rc=    1.4000  rs=    0.9333
     atom=  C    l=1  rc=    1.4000  rs=    0.9333
     projs nearly linearly dependent: l=1  n1,n2= 1, 2  s=  0.99951561

     atom=  Cl   l=0  rc=    1.6000  rs=    1.0667
     atom=  Cl   l=0  rc=    1.6000  rs=    1.0667
     atom=  Cl   l=1  rc=    1.6000  rs=    1.0667
     atom=  Cl   l=1  rc=    1.6000  rs=    1.0667
     atom=  Cl   l=2  rc=    1.6000  rs=    1.0667
     atom=  Cl   l=2  rc=    1.6000  rs=    1.0667
     projs nearly linearly dependent: l=2  n1,n2= 1, 2  s=  0.99993509

     atom=  H    l=0  rc=    1.0000  rs=    0.6667
     atom=  H    l=0  rc=    1.0000  rs=    0.6667
     projs nearly linearly dependent: l=0  n1,n2= 1, 2  s=  0.99968852
     -----------------------------------------------------------------

     GIPAW integrals: -------------------------------------------
     Atom  i/j   nmr_para   nmr_dia   epr_rmc  epr_para   epr_dia
       C   1 1   0.83E+03  0.17E-01  0.93E+01  0.24E+08  0.24E+03
       C   2 1   0.86E+03 -0.61E-01  0.94E+01  0.25E+08  0.25E+03
       C   2 2   0.90E+03 -0.15E+00  0.97E+01  0.26E+08  0.26E+03
       C   3 3   0.33E+01  0.34E+00  0.18E+01  0.55E+03  0.21E+02
       C   4 3   0.35E+01  0.37E+00  0.20E+01  0.59E+03  0.22E+02
       C   4 4   0.38E+01  0.39E+00  0.22E+01  0.63E+03  0.24E+02
       Cl  1 1   0.14E+04 -0.47E+00  0.84E+01  0.32E+09  0.42E+03
       Cl  2 1   0.21E+04 -0.37E+00  0.12E+02  0.49E+09  0.65E+03
       Cl  2 2   0.33E+04 -0.16E+00  0.21E+02  0.76E+09  0.10E+04
       Cl  3 3   0.21E+02  0.79E-01  0.89E+01  0.23E+05  0.13E+03
       Cl  4 3   0.24E+02  0.67E-01  0.99E+01  0.27E+05  0.15E+03
       Cl  4 4   0.28E+02  0.44E-01  0.11E+02  0.32E+05  0.18E+03
       Cl  5 5   0.77E+00  0.19E+00  0.18E+01  0.12E+03  0.22E+02
       Cl  6 5   0.80E+00  0.19E+00  0.19E+01  0.12E+03  0.23E+02
       Cl  6 6   0.83E+00  0.20E+00  0.19E+01  0.12E+03  0.23E+02
       H   1 1   0.39E+02  0.19E+00  0.29E+00  0.78E+05  0.13E+02
       H   2 1   0.41E+02  0.21E+00  0.32E+00  0.82E+05  0.14E+02
       H   2 2   0.43E+02  0.22E+00  0.36E+00  0.86E+05  0.15E+02
     ------------------------------------------------------------

     alpha_pv=     34.1975 eV

     Number of occupied bands for each k-point:
     k-point:     1    nbnd_occ=  42
     k-point:     2    nbnd_occ=  42
     k-point:     3    nbnd_occ=  42
     k-point:     4    nbnd_occ=  42
     k-point:     5    nbnd_occ=  42
     k-point:     6    nbnd_occ=  42
     k-point:     7    nbnd_occ=  42
     k-point:     8    nbnd_occ=  42
     k-point:     9    nbnd_occ=  42
     k-point:    10    nbnd_occ=  42
     k-point:    11    nbnd_occ=  42
     k-point:    12    nbnd_occ=  42
     k-point:    13    nbnd_occ=  42
     k-point:    14    nbnd_occ=  42
     k-point:    15    nbnd_occ=  42
     k-point:    16    nbnd_occ=  42


     q-space interpolation up to   110.00 Rydberg

     GIPAW job: efg                                                                             


     ELECTRIC FIELD GRADIENTS TENSORS IN Hartree/bohrradius^2:

     ----- bare term -----
     Cl   1       -0.044676        0.037213        0.061576
     Cl   1        0.037213        0.025967        0.128919
     Cl   1        0.061576        0.128919        0.018710

     C    2       -0.727037        0.323523       -0.370501
     C    2        0.323523        0.167249       -0.032489
     C    2       -0.370501       -0.032489        0.559788

     C    3        0.031511       -0.121516       -0.333595
     C    3       -0.121516       -0.359603       -0.450169
     C    3       -0.333595       -0.450169        0.328092

     H    4       -0.515934        0.215765       -0.239275
     H    4        0.215765        0.147149       -0.268990
     H    4       -0.239275       -0.268990        0.368785

     C    5       -0.814466        0.315712       -0.471137
     C    5        0.315712        0.278164        0.023456
     C    5       -0.471137        0.023456        0.536302

     H    6        0.340532       -0.052984       -0.072546
     H    6       -0.052984       -0.539481       -0.613134
     H    6       -0.072546       -0.613134        0.198950

     H    7        0.330132       -0.109619        0.066176
     H    7       -0.109619       -0.446366        0.539711
     H    7        0.066176        0.539711        0.116234

     C    8       -0.242555       -0.028696       -0.375430
     C    8       -0.028696       -0.075477        0.470737
     C    8       -0.375430        0.470737        0.318032

     H    9       -0.201754        0.170525       -0.476956
     H    9        0.170525        0.399003        0.095892
     H    9       -0.476956        0.095892       -0.197248

     C   10       -0.211647       -0.406308       -0.253417
     C   10       -0.406308       -0.223199        0.339402
     C   10       -0.253417        0.339402        0.434846

     C   11       -0.125180        0.184262       -0.384838
     C   11        0.184262       -0.094661        0.560856
     C   11       -0.384838        0.560856        0.219842

     Cl  12       -0.024748       -0.184438        0.115256
     Cl  12       -0.184438       -0.095104       -0.016363
     Cl  12        0.115256       -0.016363        0.119852

     H   13        0.450919        0.035754        0.102808
     H   13        0.035754       -0.169695       -0.628206
     H   13        0.102808       -0.628206       -0.281224

     C   14       -0.126599       -0.023148       -0.324511
     C   14       -0.023148       -0.293561       -0.275821
     C   14       -0.324511       -0.275821        0.420160

     H   15       -0.187145       -0.222104       -0.542332
     H   15       -0.222104        0.344654       -0.288539
     H   15       -0.542332       -0.288539       -0.157509

     C   16       -0.658573        0.356253       -0.350367
     C   16        0.356253        0.176610       -0.096326
     C   16       -0.350367       -0.096326        0.481963

     C   17       -0.001923       -0.099733       -0.301255
     C   17       -0.099733       -0.171502       -0.470676
     C   17       -0.301255       -0.470676        0.173425

     Cl  18       -0.172312        0.255056        0.029058
     Cl  18        0.255056        0.092580        0.086539
     Cl  18        0.029058        0.086539        0.079732

     H   19        0.409924       -0.067163       -0.322433
     H   19       -0.067163       -0.001467        0.241857
     H   19       -0.322433        0.241857       -0.408456

     C   20       -0.428346       -0.322866        0.015323
     C   20       -0.322866        0.182241        0.218654
     C   20        0.015323        0.218654        0.246105

     H   21        0.174451       -0.029915       -0.226149
     H   21       -0.029915        0.107367       -0.218486
     H   21       -0.226149       -0.218486       -0.281818

     C   22        0.300434       -0.043235       -0.008091
     C   22       -0.043235       -0.106342        0.049663
     C   22       -0.008091        0.049663       -0.194091

     C   23       -0.359910       -0.333838       -0.320036
     C   23       -0.333838        0.067170        0.275587
     C   23       -0.320036        0.275587        0.292740

     Cl  24        0.221335        0.189107        0.099868
     Cl  24        0.189107       -0.352145       -0.388081
     Cl  24        0.099868       -0.388081        0.130810

     ----- ionic term -----
     Cl   1        0.120226       -0.245677        0.010612
     Cl   1       -0.245677        0.048048        0.006667
     Cl   1        0.010612        0.006667       -0.168274

     C    2        0.186524       -0.238750        0.274625
     C    2       -0.238750        0.130519        0.385250
     C    2        0.274625        0.385250       -0.317042

     C    3        0.168621       -0.222542        0.189767
     C    3       -0.222542        0.132603        0.369747
     C    3        0.189767        0.369747       -0.301224

     H    4        0.631482        0.203571        0.694312
     H    4        0.203571       -0.470777        0.187463
     H    4        0.694312        0.187463       -0.160704

     C    5        0.297568       -0.130534        0.239891
     C    5       -0.130534        0.027890        0.314762
     C    5        0.239891        0.314762       -0.325458

     H    6       -0.522484        0.099537        0.054504
     H    6        0.099537        0.610048        0.738805
     H    6        0.054504        0.738805       -0.087563

     H    7       -0.540058        0.005714        0.027404
     H    7        0.005714        0.578615       -0.745133
     H    7        0.027404       -0.745133       -0.038556

     C    8        0.156422        0.334723        0.322808
     C    8        0.334723        0.028992       -0.253398
     C    8        0.322808       -0.253398       -0.185414

     H    9        0.546207       -0.131779        0.753935
     H    9       -0.131779       -0.509195       -0.161216
     H    9        0.753935       -0.161216       -0.037012

     C   10        0.124679        0.338105        0.226397
     C   10        0.338105        0.119949       -0.317494
     C   10        0.226397       -0.317494       -0.244627

     C   11        0.113590        0.303488        0.291702
     C   11        0.303488        0.057261       -0.314247
     C   11        0.291702       -0.314247       -0.170851

     Cl  12        0.115198        0.205442        0.001896
     Cl  12        0.205442        0.030876       -0.008989
     Cl  12        0.001896       -0.008989       -0.146074

     H   13       -0.499381        0.060241        0.070584
     H   13        0.060241        0.584434        0.734770
     H   13        0.070584        0.734770       -0.085053

     C   14        0.313939       -0.202022        0.242593
     C   14       -0.202022       -0.028492        0.317839
     C   14        0.242593        0.317839       -0.285447

     H   15        0.596434        0.182714        0.749494
     H   15        0.182714       -0.501242        0.205520
     H   15        0.749494        0.205520       -0.095192

     C   16        0.164194       -0.238710        0.167008
     C   16       -0.238710        0.119632        0.430291
     C   16        0.167008        0.430291       -0.283826

     C   17        0.243577       -0.115369        0.261369
     C   17       -0.115369        0.060073        0.427126
     C   17        0.261369        0.427126       -0.303651

     Cl  18        0.159942       -0.180481        0.013146
     Cl  18       -0.180481       -0.023616       -0.001580
     Cl  18        0.013146       -0.001580       -0.136326

     H   19       -0.500334       -0.205488        0.146668
     H   19       -0.205488        0.574946       -0.714639
     H   19        0.146668       -0.714639       -0.074611

     C   20        0.120123        0.301631        0.358450
     C   20        0.301631        0.100548       -0.209556
     C   20        0.358450       -0.209556       -0.220671

     H   21        0.257189        0.089900        0.808143
     H   21        0.089900       -0.466457       -0.013664
     H   21        0.808143       -0.013664        0.209269

     C   22       -0.052504        0.399842        0.255450
     C   22        0.399842        0.182362       -0.321415
     C   22        0.255450       -0.321415       -0.129857

     C   23       -0.007181        0.287945        0.339744
     C   23        0.287945        0.081614       -0.380907
     C   23        0.339744       -0.380907       -0.074433

     Cl  24        0.071667        0.225578        0.024620
     Cl  24        0.225578        0.060095        0.013297
     Cl  24        0.024620        0.013297       -0.131763

     ----- GIPAW term -----
     Cl   1       -0.119236       -1.104907        0.600774
     Cl   1       -1.104907        0.921133        2.104578
     Cl   1        0.600774        2.104578       -0.801898

     C    2       -0.152322       -0.091559       -0.117981
     C    2       -0.091559        0.057597        0.185848
     C    2       -0.117981        0.185848        0.094725

     C    3       -0.053614       -0.154521       -0.151958
     C    3       -0.154521        0.001704        0.117736
     C    3       -0.151958        0.117736        0.051910

     H    4       -0.000000        0.000000        0.000000
     H    4        0.000000        0.000000        0.000000
     H    4        0.000000        0.000000        0.000000

     C    5       -0.203137       -0.038248       -0.122915
     C    5       -0.038248        0.130576        0.192914
     C    5       -0.122915        0.192914        0.072561

     H    6       -0.000000        0.000000        0.000000
     H    6        0.000000        0.000000        0.000000
     H    6        0.000000        0.000000        0.000000

     H    7       -0.000000        0.000000        0.000000
     H    7        0.000000        0.000000        0.000000
     H    7        0.000000        0.000000        0.000000

     C    8       -0.026510        0.056701       -0.068857
     C    8        0.056701        0.020596        0.090867
     C    8       -0.068857        0.090867        0.005914

     H    9       -0.000000        0.000000        0.000000
     H    9        0.000000        0.000000        0.000000
     H    9        0.000000        0.000000        0.000000

     C   10        0.022707       -0.000325       -0.098318
     C   10       -0.000325       -0.052042        0.009542
     C   10       -0.098318        0.009542        0.029335

     C   11        0.102645        0.195535       -0.008853
     C   11        0.195535       -0.041776        0.100877
     C   11       -0.008853        0.100877       -0.060869

     Cl  12        1.592958        1.261803        0.976190
     Cl  12        1.261803       -0.664864       -0.172976
     Cl  12        0.976190       -0.172976       -0.928094

     H   13       -0.000000        0.000000        0.000000
     H   13        0.000000        0.000000        0.000000
     H   13        0.000000        0.000000        0.000000

     C   14       -0.083606       -0.075571       -0.126909
     C   14       -0.075571       -0.113645        0.109854
     C   14       -0.126909        0.109854        0.197251

     H   15       -0.000000        0.000000        0.000000
     H   15        0.000000        0.000000        0.000000
     H   15        0.000000        0.000000        0.000000

     C   16       -0.237831        0.028694       -0.086802
     C   16        0.028694        0.152727        0.147903
     C   16       -0.086802        0.147903        0.085104

     C   17       -0.043994       -0.138039       -0.044909
     C   17       -0.138039        0.121593        0.106313
     C   17       -0.044909        0.106313       -0.077598

     Cl  18       -0.378293        0.260012        0.573112
     Cl  18        0.260012        1.842326        1.650353
     Cl  18        0.573112        1.650353       -1.464033

     H   19       -0.000000        0.000000        0.000000
     H   19        0.000000        0.000000        0.000000
     H   19        0.000000        0.000000        0.000000

     C   20       -0.108288        0.022569        0.055549
     C   20        0.022569        0.088511        0.129063
     C   20        0.055549        0.129063        0.019777

     H   21       -0.000000        0.000000        0.000000
     H   21        0.000000        0.000000        0.000000
     H   21        0.000000        0.000000        0.000000

     C   22        0.018763        0.005727        0.004245
     C   22        0.005727        0.013240       -0.013091
     C   22        0.004245       -0.013091       -0.032004

     C   23       -0.099724       -0.033002       -0.063341
     C   23       -0.033002        0.116062        0.156537
     C   23       -0.063341        0.156537       -0.016338

     Cl  24        0.239439        0.308188       -0.337610
     Cl  24        0.308188        0.419349        0.540396
     Cl  24       -0.337610        0.540396       -0.658788

     ----- total EFG -----
     Cl   1       -0.043686       -1.313371        0.672962
     Cl   1       -1.313371        0.995148        2.240165
     Cl   1        0.672962        2.240165       -0.951462

     C    2       -0.692835       -0.006786       -0.213858
     C    2       -0.006786        0.355364        0.538609
     C    2       -0.213858        0.538609        0.337471

     C    3        0.146518       -0.498580       -0.295786
     C    3       -0.498580       -0.225296        0.037314
     C    3       -0.295786        0.037314        0.078778

     H    4        0.115548        0.419336        0.455037
     H    4        0.419336       -0.323629       -0.081527
     H    4        0.455037       -0.081527        0.208081

     C    5       -0.720035        0.146929       -0.354161
     C    5        0.146929        0.436629        0.531132
     C    5       -0.354161        0.531132        0.283405

     H    6       -0.181953        0.046553       -0.018042
     H    6        0.046553        0.070566        0.125671
     H    6       -0.018042        0.125671        0.111386

     H    7       -0.209926       -0.103905        0.093580
     H    7       -0.103905        0.132249       -0.205422
     H    7        0.093580       -0.205422        0.077678

     C    8       -0.112643        0.362728       -0.121480
     C    8        0.362728       -0.025888        0.308207
     C    8       -0.121480        0.308207        0.138531

     H    9        0.344453        0.038746        0.276979
     H    9        0.038746       -0.110193       -0.065324
     H    9        0.276979       -0.065324       -0.234260

     C   10       -0.064261       -0.068528       -0.125338
     C   10       -0.068528       -0.155293        0.031449
     C   10       -0.125338        0.031449        0.219554

     C   11        0.091054        0.683285       -0.101989
     C   11        0.683285       -0.079176        0.347485
     C   11       -0.101989        0.347485       -0.011878

     Cl  12        1.683408        1.282807        1.093343
     Cl  12        1.282807       -0.729093       -0.198327
     Cl  12        1.093343       -0.198327       -0.954315

     H   13       -0.048462        0.095995        0.173392
     H   13        0.095995        0.414739        0.106564
     H   13        0.173392        0.106564       -0.366277

     C   14        0.103734       -0.300741       -0.208826
     C   14       -0.300741       -0.435698        0.151872
     C   14       -0.208826        0.151872        0.331964

     H   15        0.409289       -0.039389        0.207162
     H   15       -0.039389       -0.156588       -0.083019
     H   15        0.207162       -0.083019       -0.252701

     C   16       -0.732210        0.146237       -0.270162
     C   16        0.146237        0.448969        0.481868
     C   16       -0.270162        0.481868        0.283241

     C   17        0.197660       -0.353141       -0.084794
     C   17       -0.353141        0.010164        0.062763
     C   17       -0.084794        0.062763       -0.207824

     Cl  18       -0.390663        0.334586        0.615317
     Cl  18        0.334586        1.911290        1.735312
     Cl  18        0.615317        1.735312       -1.520627

     H   19       -0.090411       -0.272651       -0.175764
     H   19       -0.272651        0.573479       -0.472782
     H   19       -0.175764       -0.472782       -0.483068

     C   20       -0.416511        0.001334        0.429322
     C   20        0.001334        0.371300        0.138162
     C   20        0.429322        0.138162        0.045210

     H   21        0.431639        0.059985        0.581994
     H   21        0.059985       -0.359090       -0.232150
     H   21        0.581994       -0.232150       -0.072549

     C   22        0.266693        0.362334        0.251604
     C   22        0.362334        0.089260       -0.284842
     C   22        0.251604       -0.284842       -0.355952

     C   23       -0.466816       -0.078894       -0.043634
     C   23       -0.078894        0.264846        0.051217
     C   23       -0.043634        0.051217        0.201969

     Cl  24        0.532441        0.722873       -0.213122
     Cl  24        0.722873        0.127299        0.165612
     Cl  24       -0.213122        0.165612       -0.659740

     ----- total EFG (symmetrized) -----
     Cl   1       -0.043686       -1.313371        0.672962
     Cl   1       -1.313371        0.995148        2.240165
     Cl   1        0.672962        2.240165       -0.951462

     C    2       -0.692835       -0.006786       -0.213858
     C    2       -0.006786        0.355364        0.538609
     C    2       -0.213858        0.538609        0.337471

     C    3        0.146518       -0.498580       -0.295786
     C    3       -0.498580       -0.225296        0.037314
     C    3       -0.295786        0.037314        0.078778

     H    4        0.115548        0.419336        0.455037
     H    4        0.419336       -0.323629       -0.081527
     H    4        0.455037       -0.081527        0.208081

     C    5       -0.720035        0.146929       -0.354161
     C    5        0.146929        0.436629        0.531132
     C    5       -0.354161        0.531132        0.283405

     H    6       -0.181953        0.046553       -0.018042
     H    6        0.046553        0.070566        0.125671
     H    6       -0.018042        0.125671        0.111386

     H    7       -0.209926       -0.103905        0.093580
     H    7       -0.103905        0.132249       -0.205422
     H    7        0.093580       -0.205422        0.077678

     C    8       -0.112643        0.362728       -0.121480
     C    8        0.362728       -0.025888        0.308207
     C    8       -0.121480        0.308207        0.138531

     H    9        0.344453        0.038746        0.276979
     H    9        0.038746       -0.110193       -0.065324
     H    9        0.276979       -0.065324       -0.234260

     C   10       -0.064261       -0.068528       -0.125338
     C   10       -0.068528       -0.155293        0.031449
     C   10       -0.125338        0.031449        0.219554

     C   11        0.091054        0.683285       -0.101989
     C   11        0.683285       -0.079176        0.347485
     C   11       -0.101989        0.347485       -0.011878

     Cl  12        1.683408        1.282807        1.093343
     Cl  12        1.282807       -0.729093       -0.198327
     Cl  12        1.093343       -0.198327       -0.954315

     H   13       -0.048462        0.095995        0.173392
     H   13        0.095995        0.414739        0.106564
     H   13        0.173392        0.106564       -0.366277

     C   14        0.103734       -0.300741       -0.208826
     C   14       -0.300741       -0.435698        0.151872
     C   14       -0.208826        0.151872        0.331964

     H   15        0.409289       -0.039389        0.207162
     H   15       -0.039389       -0.156588       -0.083019
     H   15        0.207162       -0.083019       -0.252701

     C   16       -0.732210        0.146237       -0.270162
     C   16        0.146237        0.448969        0.481868
     C   16       -0.270162        0.481868        0.283241

     C   17        0.197660       -0.353141       -0.084794
     C   17       -0.353141        0.010164        0.062763
     C   17       -0.084794        0.062763       -0.207824

     Cl  18       -0.390663        0.334586        0.615317
     Cl  18        0.334586        1.911290        1.735312
     Cl  18        0.615317        1.735312       -1.520627

     H   19       -0.090411       -0.272651       -0.175764
     H   19       -0.272651        0.573479       -0.472782
     H   19       -0.175764       -0.472782       -0.483068

     C   20       -0.416511        0.001334        0.429322
     C   20        0.001334        0.371300        0.138162
     C   20        0.429322        0.138162        0.045210

     H   21        0.431639        0.059985        0.581994
     H   21        0.059985       -0.359090       -0.232150
     H   21        0.581994       -0.232150       -0.072549

     C   22        0.266693        0.362334        0.251604
     C   22        0.362334        0.089260       -0.284842
     C   22        0.251604       -0.284842       -0.355952

     C   23       -0.466816       -0.078894       -0.043634
     C   23       -0.078894        0.264846        0.051217
     C   23       -0.043634        0.051217        0.201969

     Cl  24        0.532441        0.722873       -0.213122
     Cl  24        0.722873        0.127299        0.165612
     Cl  24       -0.213122        0.165612       -0.659740


     NQR/NMR SPECTROSCOPIC PARAMETERS:
     Cl   1    Vxx=    0.3117    axis=( -0.865407 -0.022292 -0.500573)
     Cl   1    Vyy=    2.6853    axis=( -0.289217  0.838018  0.462687)
     Cl   1    Vzz=   -2.9970    axis=( -0.409175 -0.545187  0.731674)
     Cl   1  Q=        -8.1650 1e-30 m^2  Cq=        57.4960 MHz  eta= 0.79197

     C    2    Vxx=   -0.1535    axis=( -0.253834 -0.704699  0.662547)
     C    2    Vyy=   -0.7469    axis=( -0.962279  0.114643 -0.246731)
     C    2    Vzz=    0.9003    axis=(  0.097915 -0.700184 -0.707217)
     C    2  Q=         1.0000 1e-30 m^2  Cq=         2.1154 MHz  eta= 0.65908

     C    3    Vxx=   -0.0221    axis=(  0.241564 -0.433372  0.868237)
     C    3    Vyy=   -0.6024    axis=( -0.599036 -0.770497 -0.217920)
     C    3    Vzz=    0.6245    axis=(  0.763415 -0.467464 -0.445730)
     C    3  Q=         1.0000 1e-30 m^2  Cq=         1.4674 MHz  eta= 0.92909

     H    4    Vxx=    0.0197    axis=( -0.389948 -0.634747  0.667110)
     H    4    Vyy=    0.6757    axis=(  0.715644  0.246998  0.653334)
     H    4    Vzz=   -0.6954    axis=( -0.579477  0.732180  0.357937)
     H    4  Q=         1.0000 1e-30 m^2  Cq=        -1.6338 MHz  eta= 0.94343

     C    5    Vxx=    0.0026    axis=( -0.441008 -0.631331  0.637913)
     C    5    Vyy=    0.9063    axis=( -0.080028  0.735594  0.672679)
     C    5    Vzz=   -0.9089    axis=( -0.893928  0.245605 -0.374927)
     C    5  Q=         1.0000 1e-30 m^2  Cq=        -2.1357 MHz  eta= 0.99429

     H    6    Vxx=   -0.0225    axis=(  0.281677  0.718243 -0.636228)
     H    6    Vyy=   -0.1965    axis=( -0.958597  0.239557 -0.153961)
     H    6    Vzz=    0.2190    axis=(  0.041832  0.653253  0.755983)
     H    6  Q=         1.0000 1e-30 m^2  Cq=         0.5145 MHz  eta= 0.79453

     H    7    Vxx=   -0.1022    axis=(  0.012455  0.662016  0.749386)
     H    7    Vyy=   -0.2450    axis=(  0.969848  0.174424 -0.170207)
     H    7    Vzz=    0.3473    axis=( -0.243391  0.728911 -0.639883)
     H    7  Q=         1.0000 1e-30 m^2  Cq=         0.8160 MHz  eta= 0.41120

     C    8    Vxx=    0.1430    axis=(  0.692916  0.263488 -0.671150)
     C    8    Vyy=    0.4207    axis=( -0.336945 -0.704609 -0.624495)
     C    8    Vzz=   -0.5637    axis=(  0.637445 -0.658863  0.399454)
     C    8  Q=         1.0000 1e-30 m^2  Cq=        -1.3244 MHz  eta= 0.49280

     H    9    Vxx=   -0.0885    axis=(  0.085427  0.959683 -0.267787)
     H    9    Vyy=   -0.3674    axis=( -0.361299  0.280314  0.889318)
     H    9    Vzz=    0.4559    axis=(  0.928529  0.020779  0.370679)
     H    9  Q=         1.0000 1e-30 m^2  Cq=         1.0712 MHz  eta= 0.61168

     C   10    Vxx=   -0.0787    axis=( -0.762045  0.527260 -0.375878)
     C   10    Vyy=   -0.1951    axis=(  0.533317  0.840282  0.097467)
     C   10    Vzz=    0.2738    axis=( -0.367234  0.126188  0.921529)
     C   10  Q=         1.0000 1e-30 m^2  Cq=         0.6433 MHz  eta= 0.42537

     C   11    Vxx=    0.0887    axis=( -0.422540  0.135255  0.896195)
     C   11    Vyy=    0.7299    axis=(  0.694855  0.683210  0.224501)
     C   11    Vzz=   -0.8186    axis=( -0.581925  0.717586 -0.382666)
     C   11  Q=         1.0000 1e-30 m^2  Cq=        -1.9234 MHz  eta= 0.78341

     Cl  12    Vxx=   -0.6509    axis=(  0.064540 -0.712739  0.698454)
     Cl  12    Vyy=   -1.8426    axis=( -0.428732  0.612221  0.664360)
     Cl  12    Vzz=    2.4935    axis=(  0.901123  0.342328  0.266061)
     Cl  12  Q=        -8.1650 1e-30 m^2  Cq=       -47.8375 MHz  eta= 0.47793

     H   13    Vxx=   -0.0116    axis=( -0.891627  0.288095 -0.349288)
     H   13    Vyy=   -0.4468    axis=( -0.383673 -0.071138  0.920725)
     H   13    Vzz=    0.4583    axis=(  0.240409  0.954956  0.173963)
     H   13  Q=         1.0000 1e-30 m^2  Cq=         1.0769 MHz  eta= 0.94958

     C   14    Vxx=    0.0300    axis=( -0.726875  0.262442 -0.634647)
     C   14    Vyy=    0.5434    axis=( -0.566439  0.293430  0.770095)
     C   14    Vzz=   -0.5734    axis=( -0.388330 -0.919251  0.064630)
     C   14  Q=         1.0000 1e-30 m^2  Cq=        -1.3473 MHz  eta= 0.89541

     H   15    Vxx=   -0.1358    axis=(  0.189599  0.927381 -0.322517)
     H   15    Vyy=   -0.3389    axis=( -0.231087  0.361395  0.903323)
     H   15    Vzz=    0.4747    axis=(  0.954280 -0.096739  0.282826)
     H   15  Q=         1.0000 1e-30 m^2  Cq=         1.1153 MHz  eta= 0.42795

     C   16    Vxx=   -0.0000    axis=( -0.377876 -0.617409  0.689939)
     C   16    Vyy=   -0.8576    axis=( -0.924924  0.218298 -0.311227)
     C   16    Vzz=    0.8576    axis=(  0.041542 -0.755746 -0.653546)
     C   16  Q=         1.0000 1e-30 m^2  Cq=         2.0151 MHz  eta= 0.99999

     C   17    Vxx=   -0.2238    axis=(  0.087986 -0.132069  0.987328)
     C   17    Vyy=   -0.2616    axis=(  0.614664  0.787170  0.050519)
     C   17    Vzz=    0.4853    axis=( -0.783866  0.602430  0.150438)
     C   17  Q=         1.0000 1e-30 m^2  Cq=         1.1403 MHz  eta= 0.07785

     Cl  18    Vxx=   -0.3857    axis=(  0.958552 -0.246965  0.142077)
     Cl  18    Vyy=   -2.3467    axis=(  0.225430  0.352446 -0.908275)
     Cl  18    Vzz=    2.7324    axis=(  0.174237  0.902657  0.393511)
     Cl  18  Q=        -8.1650 1e-30 m^2  Cq=       -52.4193 MHz  eta= 0.71771

     H   19    Vxx=   -0.0296    axis=(  0.901655  0.073557 -0.426154)
     H   19    Vyy=   -0.7683    axis=( -0.371005 -0.374756 -0.849655)
     H   19    Vzz=    0.7979    axis=( -0.222202  0.924201 -0.310610)
     H   19  Q=         1.0000 1e-30 m^2  Cq=         1.8748 MHz  eta= 0.92585

     C   20    Vxx=    0.2143    axis=(  0.453013 -0.591044  0.667418)
     C   20    Vyy=    0.4635    axis=(  0.261797  0.803831  0.534152)
     C   20    Vzz=   -0.6778    axis=(  0.852198  0.067250 -0.518879)
     C   20  Q=         1.0000 1e-30 m^2  Cq=        -1.5926 MHz  eta= 0.36778

     H   21    Vxx=   -0.1785    axis=(  0.398090  0.771142 -0.496855)
     H   21    Vyy=   -0.6405    axis=( -0.396371  0.633047  0.664937)
     H   21    Vzz=    0.8190    axis=( -0.827293  0.067766 -0.557668)
     H   21  Q=         1.0000 1e-30 m^2  Cq=         1.9244 MHz  eta= 0.56401

     C   22    Vxx=    0.1119    axis=( -0.454794  0.630835 -0.628657)
     C   22    Vyy=    0.5517    axis=( -0.795927 -0.604604 -0.030895)
     C   22    Vzz=   -0.6636    axis=( -0.399578  0.486314  0.777069)
     C   22  Q=         1.0000 1e-30 m^2  Cq=        -1.5592 MHz  eta= 0.66275

     C   23    Vxx=    0.1733    axis=(  0.000630 -0.487885  0.872908)
     C   23    Vyy=    0.3040    axis=( -0.116162  0.866963  0.484646)
     C   23    Vzz=   -0.4774    axis=( -0.993230 -0.101704 -0.056128)
     C   23  Q=         1.0000 1e-30 m^2  Cq=        -1.1216 MHz  eta= 0.27388

     Cl  24    Vxx=   -0.2546    axis=( -0.486856  0.688518  0.537507)
     Cl  24    Vyy=   -0.8289    axis=(  0.349703 -0.410251  0.842260)
     Cl  24    Vzz=    1.0835    axis=( -0.800424 -0.598027  0.041044)
     Cl  24  Q=        -8.1650 1e-30 m^2  Cq=       -20.7855 MHz  eta= 0.53010

     Initialization:
     gipaw_setup  :      9.19s CPU     11.21s WALL (       1 calls)

     Linear response

     Apply operators

     Induced current

     Other routines
     efg          :      9.72s CPU     12.55s WALL (       1 calls)

     General routines
     calbec       :      3.48s CPU      4.80s WALL (      16 calls)
     fft          :      1.56s CPU      2.03s WALL (      15 calls)
     ffts         :      0.03s CPU      0.06s WALL (       2 calls)
     fftw         :      3.47s CPU      4.25s WALL (     672 calls)
     davcio       :      0.04s CPU      0.32s WALL (      32 calls)

     Parallel routines
     fft_scatter  :      2.36s CPU      3.42s WALL (     689 calls)

     Plugins

     GIPAW        :     63.84s CPU     74.78s WALL (       1 calls)
