
     Program QE v.6.0 (svn rev. 13079) starts on 12Jan2017 at  9:55:36 

     This program is part of the open-source Quantum ESPRESSO suite
     for quantum simulation of materials; please cite
         "P. Giannozzi et al., J. Phys.:Condens. Matter 21 395502 (2009);
          URL http://www.quantum-espresso.org", 
     in publications or presentations arising from this work. More details at
     http://www.quantum-espresso.org/quote

     Parallel version (MPI), running on     8 processors
     R & G space division:  proc/nbgrp/npool/nimage =       8

     ***** This is GIPAW svn revision unknown      *****

     Parallelizing q-star over 1 images

     Reading data from directory:
     /users/majewski/paradichlorobenzene/pbe/9_constraint/scratch/pbe.ecut100.np8.dt60.pcl2phi-129368.save
     Message from routine read_xml_file:
     file /users/majewski/paradichlorobenzene/pbe/9_constraint/scratch/pbe.ecut100.np8.dt60.pcl2phi-129368.save not guaranteed to be safe for post-processing

   Info: using nr1, nr2, nr3 values from input

   Info: using nr1, nr2, nr3 values from input

     IMPORTANT: XC functional enforced from input :
     Exchange-correlation      =  SLA  PW   PBX  PBC ( 1  4  3  4 0 0)
     Any further DFT definition will be discarded
     Please, verify this is what you really want

               file C.pbe-n-kjpaw_psl.1.0.0.UPF: wavefunction(s)  2S 2P renormalized
               file Cl.pbe-n-kjpaw_psl.1.0.0.UPF: wavefunction(s)  3S 3P renormalized
               file H.pbe-kjpaw_psl.1.0.0.UPF: wavefunction(s)  1S renormalized

     Parallelization info
     --------------------
     sticks:   dense  smooth     PW     G-vecs:    dense   smooth      PW
     Min        3057    1223    332               144436    36536    5170
     Max        3059    1225    333               144437    36537    5171
     Sum       24467    9791   2657              1155489   292295   41363


     Subspace diagonalization in iterative solution of the eigenvalue problem:
     a serial algorithm will be used

     GIPAW projectors -----------------------------------------------
     atom=  C    l=0  rc=    1.2000  rs=    0.8000
     atom=  C    l=0  rc=    1.2000  rs=    0.8000
     atom=  C    l=1  rc=    1.4000  rs=    0.9333
     atom=  C    l=1  rc=    1.4000  rs=    0.9333
     projs nearly linearly dependent: l=1  n1,n2= 1, 2  s=  0.99951561

     atom=  Cl   l=0  rc=    1.6000  rs=    1.0667
     atom=  Cl   l=0  rc=    1.6000  rs=    1.0667
     atom=  Cl   l=1  rc=    1.6000  rs=    1.0667
     atom=  Cl   l=1  rc=    1.6000  rs=    1.0667
     atom=  Cl   l=2  rc=    1.6000  rs=    1.0667
     atom=  Cl   l=2  rc=    1.6000  rs=    1.0667
     projs nearly linearly dependent: l=2  n1,n2= 1, 2  s=  0.99993509

     atom=  H    l=0  rc=    1.0000  rs=    0.6667
     atom=  H    l=0  rc=    1.0000  rs=    0.6667
     projs nearly linearly dependent: l=0  n1,n2= 1, 2  s=  0.99968852
     -----------------------------------------------------------------

     GIPAW integrals: -------------------------------------------
     Atom  i/j   nmr_para   nmr_dia   epr_rmc  epr_para   epr_dia
       C   1 1   0.83E+03  0.17E-01  0.93E+01  0.24E+08  0.24E+03
       C   2 1   0.86E+03 -0.61E-01  0.94E+01  0.25E+08  0.25E+03
       C   2 2   0.90E+03 -0.15E+00  0.97E+01  0.26E+08  0.26E+03
       C   3 3   0.33E+01  0.34E+00  0.18E+01  0.55E+03  0.21E+02
       C   4 3   0.35E+01  0.37E+00  0.20E+01  0.59E+03  0.22E+02
       C   4 4   0.38E+01  0.39E+00  0.22E+01  0.63E+03  0.24E+02
       Cl  1 1   0.14E+04 -0.47E+00  0.84E+01  0.32E+09  0.42E+03
       Cl  2 1   0.21E+04 -0.37E+00  0.12E+02  0.49E+09  0.65E+03
       Cl  2 2   0.33E+04 -0.16E+00  0.21E+02  0.76E+09  0.10E+04
       Cl  3 3   0.21E+02  0.79E-01  0.89E+01  0.23E+05  0.13E+03
       Cl  4 3   0.24E+02  0.67E-01  0.99E+01  0.27E+05  0.15E+03
       Cl  4 4   0.28E+02  0.44E-01  0.11E+02  0.32E+05  0.18E+03
       Cl  5 5   0.77E+00  0.19E+00  0.18E+01  0.12E+03  0.22E+02
       Cl  6 5   0.80E+00  0.19E+00  0.19E+01  0.12E+03  0.23E+02
       Cl  6 6   0.83E+00  0.20E+00  0.19E+01  0.12E+03  0.23E+02
       H   1 1   0.39E+02  0.19E+00  0.29E+00  0.78E+05  0.13E+02
       H   2 1   0.41E+02  0.21E+00  0.32E+00  0.82E+05  0.14E+02
       H   2 2   0.43E+02  0.22E+00  0.36E+00  0.86E+05  0.15E+02
     ------------------------------------------------------------

     alpha_pv=     34.8026 eV

     Number of occupied bands for each k-point:
     k-point:     1    nbnd_occ=  42
     k-point:     2    nbnd_occ=  42
     k-point:     3    nbnd_occ=  42
     k-point:     4    nbnd_occ=  42
     k-point:     5    nbnd_occ=  42
     k-point:     6    nbnd_occ=  42
     k-point:     7    nbnd_occ=  42
     k-point:     8    nbnd_occ=  42
     k-point:     9    nbnd_occ=  42
     k-point:    10    nbnd_occ=  42
     k-point:    11    nbnd_occ=  42
     k-point:    12    nbnd_occ=  42
     k-point:    13    nbnd_occ=  42
     k-point:    14    nbnd_occ=  42
     k-point:    15    nbnd_occ=  42
     k-point:    16    nbnd_occ=  42


     q-space interpolation up to   110.00 Rydberg

     GIPAW job: efg                                                                             


     ELECTRIC FIELD GRADIENTS TENSORS IN Hartree/bohrradius^2:

     ----- bare term -----
     Cl   1       -0.046474        0.020286       -0.048400
     Cl   1        0.020286       -0.015369        0.041499
     Cl   1       -0.048400        0.041499        0.061843

     C    2       -0.069500        0.238721       -0.166364
     C    2        0.238721       -0.218134       -0.196429
     C    2       -0.166364       -0.196429        0.287634

     C    3       -0.057923        0.323575       -0.188949
     C    3        0.323575       -0.162908       -0.295292
     C    3       -0.188949       -0.295292        0.220832

     H    4        0.076677       -0.072824       -0.203457
     H    4       -0.072824        0.491541       -0.238093
     H    4       -0.203457       -0.238093       -0.568218

     C    5       -0.483296        0.356272       -0.495335
     C    5        0.356272        0.334117       -0.185119
     C    5       -0.495335       -0.185119        0.149179

     H    6        0.064940       -0.013542        0.123011
     H    6       -0.013542       -0.233125       -0.543467
     H    6        0.123011       -0.543467        0.168185

     H    7        0.197322        0.317108       -0.313067
     H    7        0.317108       -0.222523        0.535840
     H    7       -0.313067        0.535840        0.025201

     C    8       -0.104435       -0.357849       -0.075320
     C    8       -0.357849       -0.269100        0.330233
     C    8       -0.075320        0.330233        0.373534

     H    9       -0.477829        0.457456        0.133712
     H    9        0.457456        0.238135       -0.086963
     H    9        0.133712       -0.086963        0.239694

     C   10       -0.354057       -0.307372       -0.255230
     C   10       -0.307372        0.013162        0.397122
     C   10       -0.255230        0.397122        0.340895

     C   11        0.014196        0.129462       -0.150549
     C   11        0.129462       -0.019418        0.259784
     C   11       -0.150549        0.259784        0.005222

     Cl  12        0.276032       -0.066938        0.181541
     Cl  12       -0.066938        0.054573       -0.572102
     Cl  12        0.181541       -0.572102       -0.330606

     H   13        0.203265        0.285743       -0.126219
     H   13        0.285743       -0.556939       -0.056241
     H   13       -0.126219       -0.056241        0.353674

     C   14       -0.065503       -0.227222       -0.340254
     C   14       -0.227222       -0.114809       -0.297734
     C   14       -0.340254       -0.297734        0.180312

     H   15        0.030742       -0.071861       -0.287447
     H   15       -0.071861       -0.185160       -0.491121
     H   15       -0.287447       -0.491121        0.154418

     C   16       -0.629621        0.335894       -0.136156
     C   16        0.335894        0.125367       -0.123348
     C   16       -0.136156       -0.123348        0.504254

     C   17        0.139286        0.080098       -0.135084
     C   17        0.080098       -0.220100       -0.546693
     C   17       -0.135084       -0.546693        0.080814

     Cl  18        0.308051        0.178252       -0.120469
     Cl  18        0.178252        0.184127       -0.504271
     Cl  18       -0.120469       -0.504271       -0.492178

     H   19        0.328088       -0.066053       -0.313907
     H   19       -0.066053       -0.242096        0.404538
     H   19       -0.313907        0.404538       -0.085992

     C   20       -0.719231       -0.333511       -0.238680
     C   20       -0.333511        0.362106        0.283956
     C   20       -0.238680        0.283956        0.357124

     H   21       -0.551777        0.238172        0.206629
     H   21        0.238172        0.403420        0.100523
     H   21        0.206629        0.100523        0.148357

     C   22        0.034093        0.052694       -0.260366
     C   22        0.052694       -0.471007        0.392549
     C   22       -0.260366        0.392549        0.436914

     C   23       -0.738376       -0.246277       -0.329729
     C   23       -0.246277        0.129444        0.066713
     C   23       -0.329729        0.066713        0.608932

     Cl  24        0.219428       -0.056866        0.140114
     Cl  24       -0.056866        0.227527        0.177417
     Cl  24        0.140114        0.177417       -0.446954

     ----- ionic term -----
     Cl   1        0.226527       -0.220140        0.035205
     Cl   1       -0.220140       -0.082805       -0.010446
     Cl   1        0.035205       -0.010446       -0.143722

     C    2        0.185157       -0.173527        0.308766
     C    2       -0.173527        0.091233        0.411587
     C    2        0.308766        0.411587       -0.276390

     C    3        0.069783       -0.241443        0.274362
     C    3       -0.241443        0.216366        0.331149
     C    3        0.274362        0.331149       -0.286150

     H    4        0.249939        0.416192        0.680565
     H    4        0.416192       -0.243201        0.412813
     H    4        0.680565        0.412813       -0.006738

     C    5        0.161793       -0.142651        0.405595
     C    5       -0.142651        0.080318        0.278267
     C    5        0.405595        0.278267       -0.242112

     H    6       -0.546837       -0.006867        0.014724
     H    6       -0.006867        0.743302        0.657136
     H    6        0.014724        0.657136       -0.196465

     H    7       -0.479227       -0.224268        0.156798
     H    7       -0.224268        0.554638       -0.744167
     H    7        0.156798       -0.744167       -0.075411

     C    8        0.308306        0.095009        0.097895
     C    8        0.095009       -0.023766       -0.351989
     C    8        0.097895       -0.351989       -0.284540

     H    9        0.834317       -0.340938        0.433622
     H    9       -0.340938       -0.498406       -0.201347
     H    9        0.433622       -0.201347       -0.335912

     C   10        0.214794        0.138383        0.031285
     C   10        0.138383       -0.011478       -0.463639
     C   10        0.031285       -0.463639       -0.203316

     C   11        0.349724        0.006037        0.105719
     C   11        0.006037       -0.065867       -0.445783
     C   11        0.105719       -0.445783       -0.283857

     Cl  12        0.123717        0.180288       -0.051962
     Cl  12        0.180288        0.000495       -0.033480
     Cl  12       -0.051962       -0.033480       -0.124212

     H   13       -0.492559       -0.149613       -0.082568
     H   13       -0.149613        0.632659        0.696877
     H   13       -0.082568        0.696877       -0.140100

     C   14        0.229913       -0.220866        0.375470
     C   14       -0.220866        0.049013        0.285116
     C   14        0.375470        0.285116       -0.278926

     H   15        0.302007        0.276965        0.757415
     H   15        0.276965       -0.364079        0.328903
     H   15        0.757415        0.328903        0.062072

     C   16        0.110665       -0.327683        0.298639
     C   16       -0.327683        0.226291        0.300777
     C   16        0.298639        0.300777       -0.336956

     C   17        0.058519       -0.164917        0.413218
     C   17       -0.164917        0.186622        0.331792
     C   17        0.413218        0.331792       -0.245141

     Cl  18        0.129390       -0.172558        0.120108
     Cl  18       -0.172558       -0.009194       -0.068252
     Cl  18        0.120108       -0.068252       -0.120196

     H   19       -0.484369       -0.217238        0.127607
     H   19       -0.217238        0.567238       -0.766291
     H   19        0.127607       -0.766291       -0.082869

     C   20        0.415074       -0.008757        0.070409
     C   20       -0.008757       -0.048650       -0.369327
     C   20        0.070409       -0.369327       -0.366424

     H   21        0.743294       -0.508557        0.381839
     H   21       -0.508557       -0.337460       -0.228438
     H   21        0.381839       -0.228438       -0.405834

     C   22        0.197669        0.078175        0.001524
     C   22        0.078175        0.120252       -0.451369
     C   22        0.001524       -0.451369       -0.317921

     C   23        0.200424        0.109133        0.105457
     C   23        0.109133        0.100077       -0.428820
     C   23        0.105457       -0.428820       -0.300501

     Cl  24        0.109680        0.209508       -0.053936
     Cl  24        0.209508        0.011028       -0.034738
     Cl  24       -0.053936       -0.034738       -0.120708

     ----- GIPAW term -----
     Cl   1       -0.369132       -1.511666        0.998625
     Cl   1       -1.511666       -1.424432       -0.038454
     Cl   1        0.998625       -0.038454        1.793564

     C    2       -0.045331       -0.008094       -0.025460
     C    2       -0.008094       -0.039819       -0.084838
     C    2       -0.025460       -0.084838        0.085151

     C    3       -0.041936        0.077148       -0.124908
     C    3        0.077148       -0.058055       -0.108873
     C    3       -0.124908       -0.108873        0.099990

     H    4       -0.000000        0.000000        0.000000
     H    4        0.000000        0.000000        0.000000
     H    4        0.000000        0.000000        0.000000

     C    5        0.020233        0.230783       -0.062575
     C    5        0.230783        0.106359       -0.004048
     C    5       -0.062575       -0.004048       -0.126592

     H    6       -0.000000        0.000000        0.000000
     H    6        0.000000        0.000000        0.000000
     H    6        0.000000        0.000000        0.000000

     H    7       -0.000000        0.000000        0.000000
     H    7        0.000000        0.000000        0.000000
     H    7        0.000000        0.000000        0.000000

     C    8       -0.057300       -0.146890        0.072596
     C    8       -0.146890        0.008739       -0.081437
     C    8        0.072596       -0.081437        0.048561

     H    9       -0.000000        0.000000        0.000000
     H    9        0.000000        0.000000        0.000000
     H    9        0.000000        0.000000        0.000000

     C   10       -0.117684       -0.130993       -0.128907
     C   10       -0.130993        0.089018        0.181876
     C   10       -0.128907        0.181876        0.028666

     C   11       -0.004968        0.032302       -0.019068
     C   11        0.032302        0.004834        0.051112
     C   11       -0.019068        0.051112        0.000133

     Cl  12        0.323715        0.112184       -0.199239
     Cl  12        0.112184       -0.166221       -0.258656
     Cl  12       -0.199239       -0.258656       -0.157494

     H   13       -0.000000        0.000000        0.000000
     H   13        0.000000        0.000000        0.000000
     H   13        0.000000        0.000000        0.000000

     C   14       -0.015666       -0.079149        0.006325
     C   14       -0.079149        0.038080       -0.098356
     C   14        0.006325       -0.098356       -0.022413

     H   15       -0.000000        0.000000        0.000000
     H   15        0.000000        0.000000        0.000000
     H   15        0.000000        0.000000        0.000000

     C   16       -0.098560       -0.099969       -0.004292
     C   16       -0.099969        0.150374        0.008611
     C   16       -0.004292        0.008611       -0.051815

     C   17       -0.055478        0.006757        0.025162
     C   17        0.006757        0.180799        0.108656
     C   17        0.025162        0.108656       -0.125321

     Cl  18        0.407902       -0.065934        0.178888
     Cl  18       -0.065934        0.021005       -0.487155
     Cl  18        0.178888       -0.487155       -0.428907

     H   19       -0.000000        0.000000        0.000000
     H   19        0.000000        0.000000        0.000000
     H   19        0.000000        0.000000        0.000000

     C   20       -0.205051        0.029226        0.001449
     C   20        0.029226        0.261307        0.099146
     C   20        0.001449        0.099146       -0.056256

     H   21       -0.000000        0.000000        0.000000
     H   21        0.000000        0.000000        0.000000
     H   21        0.000000        0.000000        0.000000

     C   22       -0.071145        0.100467       -0.137107
     C   22        0.100467       -0.082055       -0.128506
     C   22       -0.137107       -0.128506        0.153200

     C   23       -0.180890        0.061017       -0.074764
     C   23        0.061017       -0.010340       -0.168516
     C   23       -0.074764       -0.168516        0.191230

     Cl  24       -0.161717        0.901813       -0.110627
     Cl  24        0.901813       -0.581526       -0.346504
     Cl  24       -0.110627       -0.346504        0.743243

     ----- total EFG -----
     Cl   1       -0.189079       -1.711520        0.985431
     Cl   1       -1.711520       -1.522606       -0.007400
     Cl   1        0.985431       -0.007400        1.711685

     C    2        0.070325        0.057099        0.116943
     C    2        0.057099       -0.166720        0.130320
     C    2        0.116943        0.130320        0.096395

     C    3       -0.030076        0.159280       -0.039494
     C    3        0.159280       -0.004597       -0.073016
     C    3       -0.039494       -0.073016        0.034672

     H    4        0.326616        0.343368        0.477108
     H    4        0.343368        0.248339        0.174720
     H    4        0.477108        0.174720       -0.574956

     C    5       -0.301269        0.444403       -0.152315
     C    5        0.444403        0.520794        0.089099
     C    5       -0.152315        0.089099       -0.219525

     H    6       -0.481897       -0.020408        0.137735
     H    6       -0.020408        0.510176        0.113668
     H    6        0.137735        0.113668       -0.028280

     H    7       -0.281905        0.092840       -0.156269
     H    7        0.092840        0.332115       -0.208327
     H    7       -0.156269       -0.208327       -0.050210

     C    8        0.146571       -0.409730        0.095171
     C    8       -0.409730       -0.284126       -0.103194
     C    8        0.095171       -0.103194        0.137555

     H    9        0.356489        0.116518        0.567334
     H    9        0.116518       -0.260271       -0.288309
     H    9        0.567334       -0.288309       -0.096218

     C   10       -0.256947       -0.299982       -0.352853
     C   10       -0.299982        0.090703        0.115359
     C   10       -0.352853        0.115359        0.166245

     C   11        0.358953        0.167801       -0.063897
     C   11        0.167801       -0.080451       -0.134887
     C   11       -0.063897       -0.134887       -0.278502

     Cl  12        0.723464        0.225533       -0.069660
     Cl  12        0.225533       -0.111153       -0.864239
     Cl  12       -0.069660       -0.864239       -0.612311

     H   13       -0.289295        0.136130       -0.208787
     H   13        0.136130        0.075720        0.640636
     H   13       -0.208787        0.640636        0.213574

     C   14        0.148744       -0.527237        0.041540
     C   14       -0.527237       -0.027717       -0.110974
     C   14        0.041540       -0.110974       -0.121027

     H   15        0.332749        0.205104        0.469968
     H   15        0.205104       -0.549239       -0.162217
     H   15        0.469968       -0.162217        0.216490

     C   16       -0.617516       -0.091758        0.158192
     C   16       -0.091758        0.502033        0.186040
     C   16        0.158192        0.186040        0.115483

     C   17        0.142327       -0.078061        0.303296
     C   17       -0.078061        0.147322       -0.106244
     C   17        0.303296       -0.106244       -0.289649

     Cl  18        0.845343       -0.060240        0.178527
     Cl  18       -0.060240        0.195938       -1.059678
     Cl  18        0.178527       -1.059678       -1.041281

     H   19       -0.156282       -0.283291       -0.186300
     H   19       -0.283291        0.325143       -0.361753
     H   19       -0.186300       -0.361753       -0.168861

     C   20       -0.509208       -0.313042       -0.166822
     C   20       -0.313042        0.574764        0.013775
     C   20       -0.166822        0.013775       -0.065556

     H   21        0.191517       -0.270386        0.588468
     H   21       -0.270386        0.065960       -0.127915
     H   21        0.588468       -0.127915       -0.257478

     C   22        0.160618        0.231336       -0.395949
     C   22        0.231336       -0.432810       -0.187326
     C   22       -0.395949       -0.187326        0.272193

     C   23       -0.718842       -0.076128       -0.299036
     C   23       -0.076128        0.219182       -0.530624
     C   23       -0.299036       -0.530624        0.499660

     Cl  24        0.167391        1.054455       -0.024450
     Cl  24        1.054455       -0.342972       -0.203825
     Cl  24       -0.024450       -0.203825        0.175581

     ----- total EFG (symmetrized) -----
     Cl   1       -0.189079       -1.711520        0.985431
     Cl   1       -1.711520       -1.522606       -0.007400
     Cl   1        0.985431       -0.007400        1.711685

     C    2        0.070325        0.057099        0.116943
     C    2        0.057099       -0.166720        0.130320
     C    2        0.116943        0.130320        0.096395

     C    3       -0.030076        0.159280       -0.039494
     C    3        0.159280       -0.004597       -0.073016
     C    3       -0.039494       -0.073016        0.034672

     H    4        0.326616        0.343368        0.477108
     H    4        0.343368        0.248339        0.174720
     H    4        0.477108        0.174720       -0.574956

     C    5       -0.301269        0.444403       -0.152315
     C    5        0.444403        0.520794        0.089099
     C    5       -0.152315        0.089099       -0.219525

     H    6       -0.481897       -0.020408        0.137735
     H    6       -0.020408        0.510176        0.113668
     H    6        0.137735        0.113668       -0.028280

     H    7       -0.281905        0.092840       -0.156269
     H    7        0.092840        0.332115       -0.208327
     H    7       -0.156269       -0.208327       -0.050210

     C    8        0.146571       -0.409730        0.095171
     C    8       -0.409730       -0.284126       -0.103194
     C    8        0.095171       -0.103194        0.137555

     H    9        0.356489        0.116518        0.567334
     H    9        0.116518       -0.260271       -0.288309
     H    9        0.567334       -0.288309       -0.096218

     C   10       -0.256947       -0.299982       -0.352853
     C   10       -0.299982        0.090703        0.115359
     C   10       -0.352853        0.115359        0.166245

     C   11        0.358953        0.167801       -0.063897
     C   11        0.167801       -0.080451       -0.134887
     C   11       -0.063897       -0.134887       -0.278502

     Cl  12        0.723464        0.225533       -0.069660
     Cl  12        0.225533       -0.111153       -0.864239
     Cl  12       -0.069660       -0.864239       -0.612311

     H   13       -0.289295        0.136130       -0.208787
     H   13        0.136130        0.075720        0.640636
     H   13       -0.208787        0.640636        0.213574

     C   14        0.148744       -0.527237        0.041540
     C   14       -0.527237       -0.027717       -0.110974
     C   14        0.041540       -0.110974       -0.121027

     H   15        0.332749        0.205104        0.469968
     H   15        0.205104       -0.549239       -0.162217
     H   15        0.469968       -0.162217        0.216490

     C   16       -0.617516       -0.091758        0.158192
     C   16       -0.091758        0.502033        0.186040
     C   16        0.158192        0.186040        0.115483

     C   17        0.142327       -0.078061        0.303296
     C   17       -0.078061        0.147322       -0.106244
     C   17        0.303296       -0.106244       -0.289649

     Cl  18        0.845343       -0.060240        0.178527
     Cl  18       -0.060240        0.195938       -1.059678
     Cl  18        0.178527       -1.059678       -1.041281

     H   19       -0.156282       -0.283291       -0.186300
     H   19       -0.283291        0.325143       -0.361753
     H   19       -0.186300       -0.361753       -0.168861

     C   20       -0.509208       -0.313042       -0.166822
     C   20       -0.313042        0.574764        0.013775
     C   20       -0.166822        0.013775       -0.065556

     H   21        0.191517       -0.270386        0.588468
     H   21       -0.270386        0.065960       -0.127915
     H   21        0.588468       -0.127915       -0.257478

     C   22        0.160618        0.231336       -0.395949
     C   22        0.231336       -0.432810       -0.187326
     C   22       -0.395949       -0.187326        0.272193

     C   23       -0.718842       -0.076128       -0.299036
     C   23       -0.076128        0.219182       -0.530624
     C   23       -0.299036       -0.530624        0.499660

     Cl  24        0.167391        1.054455       -0.024450
     Cl  24        1.054455       -0.342972       -0.203825
     Cl  24       -0.024450       -0.203825        0.175581


     NQR/NMR SPECTROSCOPIC PARAMETERS:
     Cl   1    Vxx=    0.4779    axis=( -0.649157  0.553440  0.521823)
     Cl   1    Vyy=    2.2851    axis=(  0.489219 -0.221536  0.843556)
     Cl   1    Vzz=   -2.7631    axis=(  0.582460  0.802886 -0.126942)
     Cl   1  Q=        -8.1650 1e-30 m^2  Cq=        53.0081 MHz  eta= 0.65405

     C    2    Vxx=   -0.0254    axis=( -0.803305  0.194572  0.562888)
     C    2    Vyy=   -0.2206    axis=( -0.033826  0.928697 -0.369294)
     C    2    Vzz=    0.2461    axis=(  0.594607  0.315696  0.739445)
     C    2  Q=         1.0000 1e-30 m^2  Cq=         0.5782 MHz  eta= 0.79316

     C    3    Vxx=   -0.0063    axis=(  0.397994  0.276204  0.874821)
     C    3    Vyy=   -0.1793    axis=( -0.712586  0.693656  0.105180)
     C    3    Vzz=    0.1856    axis=( -0.577774 -0.665246  0.472890)
     C    3  Q=         1.0000 1e-30 m^2  Cq=         0.4362 MHz  eta= 0.93160

     H    4    Vxx=   -0.0190    axis=(  0.535652 -0.819917  0.202021)
     H    4    Vyy=   -0.7812    axis=(  0.388391  0.026783 -0.921106)
     H    4    Vzz=    0.8002    axis=(  0.749819  0.571855  0.332795)
     H    4  Q=         1.0000 1e-30 m^2  Cq=         1.8803 MHz  eta= 0.95243

     C    5    Vxx=   -0.1349    axis=( -0.409052  0.155051  0.899242)
     C    5    Vyy=   -0.5807    axis=( -0.821377  0.366727 -0.436865)
     C    5    Vzz=    0.7156    axis=( -0.397513 -0.917317 -0.022655)
     C    5  Q=         1.0000 1e-30 m^2  Cq=         1.6813 MHz  eta= 0.62303

     H    6    Vxx=   -0.0103    axis=(  0.282750 -0.194061  0.939358)
     H    6    Vyy=   -0.5229    axis=(  0.959165  0.049586 -0.278468)
     H    6    Vzz=    0.5332    axis=(  0.007461  0.979735  0.200157)
     H    6  Q=         1.0000 1e-30 m^2  Cq=         1.2529 MHz  eta= 0.96136

     H    7    Vxx=   -0.0934    axis=(  0.413437 -0.471562 -0.778909)
     H    7    Vyy=   -0.3608    axis=( -0.887895 -0.019229 -0.459644)
     H    7    Vzz=    0.4542    axis=(  0.201773  0.881623 -0.426648)
     H    7  Q=         1.0000 1e-30 m^2  Cq=         1.0671 MHz  eta= 0.58876

     C    8    Vxx=    0.0818    axis=( -0.368919  0.154602  0.916514)
     C    8    Vyy=    0.4522    axis=( -0.777900  0.488318 -0.395495)
     C    8    Vzz=   -0.5340    axis=( -0.508694 -0.858862 -0.059885)
     C    8  Q=         1.0000 1e-30 m^2  Cq=        -1.2547 MHz  eta= 0.69349

     H    9    Vxx=   -0.0507    axis=(  0.378758  0.814672 -0.439149)
     H    9    Vyy=   -0.6949    axis=( -0.436806  0.575684  0.691223)
     H    9    Vzz=    0.7455    axis=(  0.815931 -0.069983  0.573898)
     H    9  Q=         1.0000 1e-30 m^2  Cq=         1.7517 MHz  eta= 0.86403

     C   10    Vxx=    0.0082    axis=(  0.031138 -0.772935  0.633720)
     C   10    Vyy=    0.5238    axis=( -0.509931  0.533022  0.675172)
     C   10    Vzz=   -0.5320    axis=( -0.859652 -0.344177 -0.377546)
     C   10  Q=         1.0000 1e-30 m^2  Cq=        -1.2500 MHz  eta= 0.96915

     C   11    Vxx=   -0.0839    axis=( -0.372839  0.815410 -0.442828)
     C   11    Vyy=   -0.3474    axis=( -0.030747  0.466120  0.884187)
     C   11    Vzz=    0.4313    axis=(  0.927386  0.343276 -0.148716)
     C   11  Q=         1.0000 1e-30 m^2  Cq=         1.0134 MHz  eta= 0.61085

     Cl  12    Vxx=    0.3912    axis=( -0.551256  0.650752 -0.522149)
     Cl  12    Vyy=    0.8736    axis=( -0.833345 -0.459937  0.306584)
     Cl  12    Vzz=   -1.2648    axis=( -0.040645  0.604136  0.795844)
     Cl  12  Q=        -8.1650 1e-30 m^2  Cq=        24.2647 MHz  eta= 0.38134

     H   13    Vxx=   -0.1349    axis=(  0.833199  0.447912 -0.324276)
     H   13    Vyy=   -0.6581    axis=( -0.549496  0.604984 -0.576237)
     H   13    Vzz=    0.7930    axis=( -0.061922  0.658308  0.750197)
     H   13  Q=         1.0000 1e-30 m^2  Cq=         1.8632 MHz  eta= 0.65987

     C   14    Vxx=   -0.1262    axis=( -0.211849 -0.033531  0.976727)
     C   14    Vyy=   -0.4835    axis=(  0.625673  0.763099  0.161904)
     C   14    Vzz=    0.6098    axis=( -0.750769  0.645411 -0.140682)
     C   14  Q=         1.0000 1e-30 m^2  Cq=         1.4327 MHz  eta= 0.58599

     H   15    Vxx=   -0.0633    axis=( -0.565845 -0.465941  0.680234)
     H   15    Vyy=   -0.6866    axis=(  0.330360 -0.884017 -0.330720)
     H   15    Vzz=    0.7499    axis=(  0.755435  0.037585  0.654145)
     H   15  Q=         1.0000 1e-30 m^2  Cq=         1.7620 MHz  eta= 0.83109

     C   16    Vxx=    0.0869    axis=( -0.248415  0.349898 -0.903250)
     C   16    Vyy=    0.5776    axis=( -0.022886  0.930100  0.366593)
     C   16    Vzz=   -0.6645    axis=( -0.968383 -0.111739  0.223043)
     C   16  Q=         1.0000 1e-30 m^2  Cq=        -1.5614 MHz  eta= 0.73840

     C   17    Vxx=    0.0877    axis=(  0.475827  0.868666  0.137871)
     C   17    Vyy=    0.3642    axis=( -0.760535  0.485097 -0.431587)
     C   17    Vzz=   -0.4519    axis=( -0.441786  0.100505  0.891473)
     C   17  Q=         1.0000 1e-30 m^2  Cq=        -1.0619 MHz  eta= 0.61189

     Cl  18    Vxx=    0.6851    axis=(  0.645180  0.679085 -0.350123)
     Cl  18    Vyy=    0.9709    axis=(  0.762393 -0.542226  0.353197)
     Cl  18    Vzz=   -1.6559    axis=( -0.050005  0.494807  0.867563)
     Cl  18  Q=        -8.1650 1e-30 m^2  Cq=        31.7685 MHz  eta= 0.17261

     H   19    Vxx=    0.0212    axis=(  0.763251 -0.054829 -0.643771)
     H   19    Vyy=    0.5593    axis=( -0.254288  0.890485 -0.377324)
     H   19    Vzz=   -0.5805    axis=(  0.593957  0.451697  0.665722)
     H   19  Q=         1.0000 1e-30 m^2  Cq=        -1.3640 MHz  eta= 0.92694

     C   20    Vxx=   -0.0264    axis=( -0.237425 -0.145639  0.960426)
     C   20    Vyy=   -0.6368    axis=( -0.933793 -0.238242 -0.266968)
     C   20    Vzz=    0.6632    axis=(  0.267695 -0.960224 -0.079432)
     C   20  Q=         1.0000 1e-30 m^2  Cq=         1.5582 MHz  eta= 0.92037

     H   21    Vxx=   -0.0624    axis=(  0.294388  0.910240  0.291202)
     H   21    Vyy=   -0.6663    axis=( -0.579597 -0.072224  0.811696)
     H   21    Vzz=    0.7287    axis=(  0.759871 -0.407733  0.506311)
     H   21  Q=         1.0000 1e-30 m^2  Cq=         1.7122 MHz  eta= 0.82871

     C   22    Vxx=   -0.1761    axis=(  0.712349  0.140126  0.687694)
     C   22    Vyy=   -0.5167    axis=( -0.274689  0.957362  0.089463)
     C   22    Vzz=    0.6928    axis=( -0.645836 -0.252631  0.720467)
     C   22  Q=         1.0000 1e-30 m^2  Cq=         1.6278 MHz  eta= 0.49157

     C   23    Vxx=   -0.0995    axis=( -0.346619  0.781351  0.518985)
     C   23    Vyy=   -0.8315    axis=(  0.930506  0.216595  0.295373)
     C   23    Vzz=    0.9310    axis=( -0.118381 -0.585300  0.802128)
     C   23  Q=         1.0000 1e-30 m^2  Cq=         2.1874 MHz  eta= 0.78626

     Cl  24    Vxx=    0.1659    axis=( -0.200163 -0.022432 -0.979506)
     Cl  24    Vyy=    1.0223    axis=(  0.767274  0.618116 -0.170949)
     Cl  24    Vzz=   -1.1882    axis=(  0.609282 -0.785767 -0.106512)
     Cl  24  Q=        -8.1650 1e-30 m^2  Cq=        22.7955 MHz  eta= 0.72073

     Initialization:
     gipaw_setup  :      9.31s CPU     11.16s WALL (       1 calls)

     Linear response

     Apply operators

     Induced current

     Other routines
     efg          :      9.27s CPU     11.66s WALL (       1 calls)

     General routines
     calbec       :      3.20s CPU      4.48s WALL (      16 calls)
     fft          :      1.44s CPU      1.75s WALL (      15 calls)
     ffts         :      0.04s CPU      0.06s WALL (       2 calls)
     fftw         :      3.23s CPU      3.80s WALL (     672 calls)
     davcio       :      0.02s CPU      0.32s WALL (      32 calls)

     Parallel routines
     fft_scatter  :      1.80s CPU      2.55s WALL (     689 calls)

     Plugins

     GIPAW        :     61.21s CPU     71.04s WALL (       1 calls)
