
     Program QE v.6.0 (svn rev. 13079) starts on 21Dec2016 at  0:52:30 

     This program is part of the open-source Quantum ESPRESSO suite
     for quantum simulation of materials; please cite
         "P. Giannozzi et al., J. Phys.:Condens. Matter 21 395502 (2009);
          URL http://www.quantum-espresso.org", 
     in publications or presentations arising from this work. More details at
     http://www.quantum-espresso.org/quote

     Parallel version (MPI), running on     8 processors
     R & G space division:  proc/nbgrp/npool/nimage =       8

     ***** This is GIPAW svn revision unknown      *****

     Parallelizing q-star over 1 images

     Reading data from directory:
     /users/majewski/paradichlorobenzene/pbe/9_constraint/scratch/pbe.ecut100.np8.dt60.pcl2phi-129368.save
     Message from routine read_xml_file:
     file /users/majewski/paradichlorobenzene/pbe/9_constraint/scratch/pbe.ecut100.np8.dt60.pcl2phi-129368.save not guaranteed to be safe for post-processing

   Info: using nr1, nr2, nr3 values from input

   Info: using nr1, nr2, nr3 values from input

     IMPORTANT: XC functional enforced from input :
     Exchange-correlation      =  SLA  PW   PBX  PBC ( 1  4  3  4 0 0)
     Any further DFT definition will be discarded
     Please, verify this is what you really want

               file C.pbe-n-kjpaw_psl.1.0.0.UPF: wavefunction(s)  2S 2P renormalized
               file Cl.pbe-n-kjpaw_psl.1.0.0.UPF: wavefunction(s)  3S 3P renormalized
               file H.pbe-kjpaw_psl.1.0.0.UPF: wavefunction(s)  1S renormalized

     Parallelization info
     --------------------
     sticks:   dense  smooth     PW     G-vecs:    dense   smooth      PW
     Min        3057    1223    332               144436    36536    5170
     Max        3059    1225    333               144437    36537    5171
     Sum       24467    9791   2657              1155489   292295   41363


     Subspace diagonalization in iterative solution of the eigenvalue problem:
     a serial algorithm will be used

     GIPAW projectors -----------------------------------------------
     atom=  C    l=0  rc=    1.2000  rs=    0.8000
     atom=  C    l=0  rc=    1.2000  rs=    0.8000
     atom=  C    l=1  rc=    1.4000  rs=    0.9333
     atom=  C    l=1  rc=    1.4000  rs=    0.9333
     projs nearly linearly dependent: l=1  n1,n2= 1, 2  s=  0.99951561

     atom=  Cl   l=0  rc=    1.6000  rs=    1.0667
     atom=  Cl   l=0  rc=    1.6000  rs=    1.0667
     atom=  Cl   l=1  rc=    1.6000  rs=    1.0667
     atom=  Cl   l=1  rc=    1.6000  rs=    1.0667
     atom=  Cl   l=2  rc=    1.6000  rs=    1.0667
     atom=  Cl   l=2  rc=    1.6000  rs=    1.0667
     projs nearly linearly dependent: l=2  n1,n2= 1, 2  s=  0.99993509

     atom=  H    l=0  rc=    1.0000  rs=    0.6667
     atom=  H    l=0  rc=    1.0000  rs=    0.6667
     projs nearly linearly dependent: l=0  n1,n2= 1, 2  s=  0.99968852
     -----------------------------------------------------------------

     GIPAW integrals: -------------------------------------------
     Atom  i/j   nmr_para   nmr_dia   epr_rmc  epr_para   epr_dia
       C   1 1   0.83E+03  0.17E-01  0.93E+01  0.24E+08  0.24E+03
       C   2 1   0.86E+03 -0.61E-01  0.94E+01  0.25E+08  0.25E+03
       C   2 2   0.90E+03 -0.15E+00  0.97E+01  0.26E+08  0.26E+03
       C   3 3   0.33E+01  0.34E+00  0.18E+01  0.55E+03  0.21E+02
       C   4 3   0.35E+01  0.37E+00  0.20E+01  0.59E+03  0.22E+02
       C   4 4   0.38E+01  0.39E+00  0.22E+01  0.63E+03  0.24E+02
       Cl  1 1   0.14E+04 -0.47E+00  0.84E+01  0.32E+09  0.42E+03
       Cl  2 1   0.21E+04 -0.37E+00  0.12E+02  0.49E+09  0.65E+03
       Cl  2 2   0.33E+04 -0.16E+00  0.21E+02  0.76E+09  0.10E+04
       Cl  3 3   0.21E+02  0.79E-01  0.89E+01  0.23E+05  0.13E+03
       Cl  4 3   0.24E+02  0.67E-01  0.99E+01  0.27E+05  0.15E+03
       Cl  4 4   0.28E+02  0.44E-01  0.11E+02  0.32E+05  0.18E+03
       Cl  5 5   0.77E+00  0.19E+00  0.18E+01  0.12E+03  0.22E+02
       Cl  6 5   0.80E+00  0.19E+00  0.19E+01  0.12E+03  0.23E+02
       Cl  6 6   0.83E+00  0.20E+00  0.19E+01  0.12E+03  0.23E+02
       H   1 1   0.39E+02  0.19E+00  0.29E+00  0.78E+05  0.13E+02
       H   2 1   0.41E+02  0.21E+00  0.32E+00  0.82E+05  0.14E+02
       H   2 2   0.43E+02  0.22E+00  0.36E+00  0.86E+05  0.15E+02
     ------------------------------------------------------------

     alpha_pv=     33.7625 eV

     Number of occupied bands for each k-point:
     k-point:     1    nbnd_occ=  42
     k-point:     2    nbnd_occ=  42
     k-point:     3    nbnd_occ=  42
     k-point:     4    nbnd_occ=  42
     k-point:     5    nbnd_occ=  42
     k-point:     6    nbnd_occ=  42
     k-point:     7    nbnd_occ=  42
     k-point:     8    nbnd_occ=  42
     k-point:     9    nbnd_occ=  42
     k-point:    10    nbnd_occ=  42
     k-point:    11    nbnd_occ=  42
     k-point:    12    nbnd_occ=  42
     k-point:    13    nbnd_occ=  42
     k-point:    14    nbnd_occ=  42
     k-point:    15    nbnd_occ=  42
     k-point:    16    nbnd_occ=  42


     q-space interpolation up to   110.00 Rydberg

     GIPAW job: efg                                                                             


     ELECTRIC FIELD GRADIENTS TENSORS IN Hartree/bohrradius^2:

     ----- bare term -----
     Cl   1       -0.089041        0.313314       -0.086871
     Cl   1        0.313314       -0.074742       -0.038759
     Cl   1       -0.086871       -0.038759        0.163782

     C    2        0.041422       -0.349681       -0.499695
     C    2       -0.349681       -0.191788       -0.539026
     C    2       -0.499695       -0.539026        0.150366

     C    3       -0.555339        0.290796       -0.349968
     C    3        0.290796       -0.030097       -0.138500
     C    3       -0.349968       -0.138500        0.585436

     H    4        0.059064       -0.068668       -0.485022
     H    4       -0.068668        0.421625        0.099346
     H    4       -0.485022        0.099346       -0.480690

     C    5       -0.069683        0.137275       -0.147395
     C    5        0.137275       -0.287191       -0.270398
     C    5       -0.147395       -0.270398        0.356874

     H    6        0.464110       -0.087541       -0.101886
     H    6       -0.087541       -0.083240       -0.588329
     H    6       -0.101886       -0.588329       -0.380870

     H    7        0.421771        0.082784        0.223701
     H    7        0.082784       -0.121619        0.326904
     H    7        0.223701        0.326904       -0.300152

     C    8       -0.745165       -0.374685       -0.302915
     C    8       -0.374685        0.435693        0.263639
     C    8       -0.302915        0.263639        0.309471

     H    9       -0.482014       -0.043451       -0.369074
     H    9       -0.043451        0.194559        0.269913
     H    9       -0.369074        0.269913        0.287456

     C   10       -0.009869       -0.290569       -0.150407
     C   10       -0.290569       -0.123793        0.613078
     C   10       -0.150407        0.613078        0.133661

     C   11       -0.546082       -0.395260       -0.432611
     C   11       -0.395260        0.332083        0.152864
     C   11       -0.432611        0.152864        0.213999

     Cl  12       -0.069090       -0.031948        0.060232
     Cl  12       -0.031948        0.042457       -0.163657
     Cl  12        0.060232       -0.163657        0.026634

     H   13        0.350404        0.066044       -0.210266
     H   13        0.066044       -0.437381       -0.529616
     H   13       -0.210266       -0.529616        0.086977

     C   14       -0.752454        0.330005       -0.214068
     C   14        0.330005        0.360791       -0.152085
     C   14       -0.214068       -0.152085        0.391662

     H   15        0.037227        0.192405       -0.428468
     H   15        0.192405       -0.075244        0.149488
     H   15       -0.428468        0.149488        0.038016

     C   16        0.277800        0.051837       -0.184740
     C   16        0.051837       -0.208311       -0.526035
     C   16       -0.184740       -0.526035       -0.069489

     C   17       -0.613689        0.446842       -0.393899
     C   17        0.446842        0.206965       -0.035004
     C   17       -0.393899       -0.035004        0.406724

     Cl  18        0.141328       -0.012035       -0.024089
     Cl  18       -0.012035       -0.238083        0.042243
     Cl  18       -0.024089        0.042243        0.096755

     H   19        0.372783        0.309927        0.078071
     H   19        0.309927       -0.678230       -0.137748
     H   19        0.078071       -0.137748        0.305447

     C   20       -0.039728       -0.102798       -0.075531
     C   20       -0.102798       -0.163165        0.197330
     C   20       -0.075531        0.197330        0.202893

     H   21       -0.477999        0.405755        0.180624
     H   21        0.405755        0.248426       -0.073330
     H   21        0.180624       -0.073330        0.229573

     C   22       -0.229916       -0.112737       -0.036234
     C   22       -0.112737       -0.018053        0.099164
     C   22       -0.036234        0.099164        0.247970

     C   23       -0.030092       -0.111955       -0.189857
     C   23       -0.111955        0.027933        0.649035
     C   23       -0.189857        0.649035        0.002159

     Cl  24       -0.201811       -0.125257       -0.010614
     Cl  24       -0.125257       -0.029721        0.161034
     Cl  24       -0.010614        0.161034        0.231533

     ----- ionic term -----
     Cl   1        0.044493       -0.180717        0.017827
     Cl   1       -0.180717        0.095025       -0.004829
     Cl   1        0.017827       -0.004829       -0.139518

     C    2        0.040722       -0.188403        0.352231
     C    2       -0.188403        0.127142        0.378159
     C    2        0.352231        0.378159       -0.167865

     C    3        0.031807       -0.244358        0.257668
     C    3       -0.244358        0.147789        0.364463
     C    3        0.257668        0.364463       -0.179596

     H    4        0.522216        0.049796        0.786153
     H    4        0.049796       -0.526263        0.107483
     H    4        0.786153        0.107483        0.004047

     C    5        0.120090       -0.223853        0.325381
     C    5       -0.223853        0.017327        0.271883
     C    5        0.325381        0.271883       -0.137417

     H    6       -0.540615        0.099125        0.079669
     H    6        0.099125        0.387862        0.787298
     H    6        0.079669        0.787298        0.152753

     H    7       -0.507655        0.068557       -0.029073
     H    7        0.068557        0.507252       -0.772396
     H    7       -0.029073       -0.772396        0.000402

     C    8        0.338325        0.247476        0.170348
     C    8        0.247476        0.029553       -0.329026
     C    8        0.170348       -0.329026       -0.367878

     H    9        0.763332       -0.349484        0.545068
     H    9       -0.349484       -0.405300       -0.211602
     H    9        0.545068       -0.211602       -0.358033

     C   10        0.254270        0.228609        0.120855
     C   10        0.228609        0.135594       -0.373516
     C   10        0.120855       -0.373516       -0.389865

     C   11        0.342788        0.077360        0.145323
     C   11        0.077360        0.064694       -0.386674
     C   11        0.145323       -0.386674       -0.407482

     Cl  12        0.151934        0.195626       -0.020974
     Cl  12        0.195626       -0.026146       -0.022718
     Cl  12       -0.020974       -0.022718       -0.125788

     H   13       -0.517874        0.096089        0.075592
     H   13        0.096089        0.674323        0.678577
     H   13        0.075592        0.678577       -0.156449

     C   14        0.156641       -0.260101        0.318102
     C   14       -0.260101        0.113407        0.244921
     C   14        0.318102        0.244921       -0.270048

     H   15        0.470355        0.078851        0.771448
     H   15        0.078851       -0.475672        0.133849
     H   15        0.771448        0.133849        0.005317

     C   16        0.042384       -0.281643        0.255924
     C   16       -0.281643        0.189898        0.339855
     C   16        0.255924        0.339855       -0.232281

     C   17        0.106601       -0.232180        0.364087
     C   17       -0.232180        0.069669        0.341386
     C   17        0.364087        0.341386       -0.176270

     Cl  18        0.128850       -0.220737        0.017554
     Cl  18       -0.220737        0.025217       -0.005508
     Cl  18        0.017554       -0.005508       -0.154068

     H   19       -0.505338       -0.098066        0.018512
     H   19       -0.098066        0.800398       -0.614215
     H   19        0.018512       -0.614215       -0.295060

     C   20        0.388002        0.128711        0.151205
     C   20        0.128711        0.114129       -0.284082
     C   20        0.151205       -0.284082       -0.502131

     H   21        0.875793       -0.211748        0.516351
     H   21       -0.211748       -0.463740       -0.151644
     H   21        0.516351       -0.151644       -0.412053

     C   22        0.217085        0.214139        0.140947
     C   22        0.214139        0.257120       -0.354487
     C   22        0.140947       -0.354487       -0.474206

     C   23        0.153613        0.119147        0.236105
     C   23        0.119147        0.268528       -0.391590
     C   23        0.236105       -0.391590       -0.422141

     Cl  24        0.095720        0.187232       -0.003588
     Cl  24        0.187232        0.063405       -0.013689
     Cl  24       -0.003588       -0.013689       -0.159125

     ----- GIPAW term -----
     Cl   1        1.858122        0.675409       -1.780508
     Cl   1        0.675409       -0.862501       -0.872249
     Cl   1       -1.780508       -0.872249       -0.995621

     C    2        0.054817       -0.274544       -0.149790
     C    2       -0.274544        0.026852        0.039851
     C    2       -0.149790        0.039851       -0.081669

     C    3       -0.222052        0.012195       -0.113052
     C    3        0.012195       -0.064246        0.086487
     C    3       -0.113052        0.086487        0.286297

     H    4       -0.000000        0.000000        0.000000
     H    4        0.000000        0.000000        0.000000
     H    4        0.000000        0.000000        0.000000

     C    5       -0.116080        0.026045        0.006788
     C    5        0.026045        0.016762        0.167841
     C    5        0.006788        0.167841        0.099318

     H    6       -0.000000        0.000000        0.000000
     H    6        0.000000        0.000000        0.000000
     H    6        0.000000        0.000000        0.000000

     H    7       -0.000000        0.000000        0.000000
     H    7        0.000000        0.000000        0.000000
     H    7        0.000000        0.000000        0.000000

     C    8       -0.220266       -0.073750       -0.036201
     C    8       -0.073750        0.277955        0.115435
     C    8       -0.036201        0.115435       -0.057689

     H    9       -0.000000        0.000000        0.000000
     H    9        0.000000        0.000000        0.000000
     H    9        0.000000        0.000000        0.000000

     C   10       -0.096480       -0.087666       -0.017170
     C   10       -0.087666        0.209198        0.080616
     C   10       -0.017170        0.080616       -0.112718

     C   11       -0.090932       -0.123301       -0.036844
     C   11       -0.123301        0.251923       -0.044205
     C   11       -0.036844       -0.044205       -0.160991

     Cl  12        0.169268        1.415289        0.511103
     Cl  12        1.415289        0.726525       -1.840976
     Cl  12        0.511103       -1.840976       -0.895793

     H   13       -0.000000        0.000000        0.000000
     H   13        0.000000        0.000000        0.000000
     H   13        0.000000        0.000000        0.000000

     C   14       -0.153202       -0.114688        0.003525
     C   14       -0.114688        0.247322       -0.005620
     C   14        0.003525       -0.005620       -0.094120

     H   15       -0.000000        0.000000        0.000000
     H   15        0.000000        0.000000        0.000000
     H   15        0.000000        0.000000        0.000000

     C   16       -0.035550       -0.015826       -0.014313
     C   16       -0.015826        0.144441       -0.005729
     C   16       -0.014313       -0.005729       -0.108890

     C   17       -0.079509        0.073794       -0.020988
     C   17        0.073794        0.143269        0.040115
     C   17       -0.020988        0.040115       -0.063760

     Cl  18        0.099194       -0.031586       -0.229862
     Cl  18       -0.031586        1.983192       -0.359563
     Cl  18       -0.229862       -0.359563       -2.082387

     H   19       -0.000000        0.000000        0.000000
     H   19        0.000000        0.000000        0.000000
     H   19        0.000000        0.000000        0.000000

     C   20       -0.014662       -0.067564       -0.032036
     C   20       -0.067564        0.036350        0.096051
     C   20       -0.032036        0.096051       -0.021687

     H   21       -0.000000        0.000000        0.000000
     H   21        0.000000        0.000000        0.000000
     H   21        0.000000        0.000000        0.000000

     C   22       -0.049055       -0.038735       -0.038545
     C   22       -0.038735        0.038053        0.057367
     C   22       -0.038545        0.057367        0.011003

     C   23       -0.032847       -0.049602       -0.067465
     C   23       -0.049602        0.158719        0.185932
     C   23       -0.067465        0.185932       -0.125872

     Cl  24       -0.291435        1.493069       -0.171739
     Cl  24        1.493069       -0.246057        1.613373
     Cl  24       -0.171739        1.613373        0.537492

     ----- total EFG -----
     Cl   1        1.813575        0.808006       -1.849552
     Cl   1        0.808006       -0.842217       -0.915837
     Cl   1       -1.849552       -0.915837       -0.971357

     C    2        0.136962       -0.812628       -0.297254
     C    2       -0.812628       -0.037794       -0.121016
     C    2       -0.297254       -0.121016       -0.099168

     C    3       -0.745583        0.058633       -0.205352
     C    3        0.058633        0.053447        0.312450
     C    3       -0.205352        0.312450        0.692137

     H    4        0.581280       -0.018872        0.301131
     H    4       -0.018872       -0.104638        0.206828
     H    4        0.301131        0.206828       -0.476642

     C    5       -0.065673       -0.060533        0.184773
     C    5       -0.060533       -0.253102        0.169326
     C    5        0.184773        0.169326        0.318775

     H    6       -0.076505        0.011583       -0.022218
     H    6        0.011583        0.304622        0.198968
     H    6       -0.022218        0.198968       -0.228117

     H    7       -0.085884        0.151341        0.194628
     H    7        0.151341        0.385633       -0.445492
     H    7        0.194628       -0.445492       -0.299749

     C    8       -0.627106       -0.200959       -0.168768
     C    8       -0.200959        0.743202        0.050048
     C    8       -0.168768        0.050048       -0.116096

     H    9        0.281318       -0.392935        0.175994
     H    9       -0.392935       -0.210741        0.058311
     H    9        0.175994        0.058311       -0.070577

     C   10        0.147922       -0.149626       -0.046722
     C   10       -0.149626        0.220999        0.320179
     C   10       -0.046722        0.320179       -0.368921

     C   11       -0.294226       -0.441201       -0.324133
     C   11       -0.441201        0.648701       -0.278015
     C   11       -0.324133       -0.278015       -0.354475

     Cl  12        0.252112        1.578967        0.550361
     Cl  12        1.578967        0.742836       -2.027350
     Cl  12        0.550361       -2.027350       -0.994948

     H   13       -0.167470        0.162133       -0.134675
     H   13        0.162133        0.236942        0.148961
     H   13       -0.134675        0.148961       -0.069472

     C   14       -0.749015       -0.044784        0.107559
     C   14       -0.044784        0.721520        0.087216
     C   14        0.107559        0.087216        0.027495

     H   15        0.507582        0.271257        0.342980
     H   15        0.271257       -0.550916        0.283338
     H   15        0.342980        0.283338        0.043334

     C   16        0.284633       -0.245632        0.056871
     C   16       -0.245632        0.126027       -0.191909
     C   16        0.056871       -0.191909       -0.410661

     C   17       -0.586598        0.288457       -0.050801
     C   17        0.288457        0.419903        0.346497
     C   17       -0.050801        0.346497        0.166694

     Cl  18        0.369372       -0.264358       -0.236397
     Cl  18       -0.264358        1.770327       -0.322828
     Cl  18       -0.236397       -0.322828       -2.139699

     H   19       -0.132555        0.211861        0.096582
     H   19        0.211861        0.122168       -0.751963
     H   19        0.096582       -0.751963        0.010387

     C   20        0.333611       -0.041651        0.043638
     C   20       -0.041651       -0.012685        0.009298
     C   20        0.043638        0.009298       -0.320926

     H   21        0.397794        0.194007        0.696975
     H   21        0.194007       -0.215314       -0.224974
     H   21        0.696975       -0.224974       -0.182480

     C   22       -0.061887        0.062668        0.066168
     C   22        0.062668        0.277120       -0.197956
     C   22        0.066168       -0.197956       -0.215233

     C   23        0.090674       -0.042411       -0.021218
     C   23       -0.042411        0.455179        0.443377
     C   23       -0.021218        0.443377       -0.545853

     Cl  24       -0.397526        1.555044       -0.185942
     Cl  24        1.555044       -0.212373        1.760718
     Cl  24       -0.185942        1.760718        0.609899

     ----- total EFG (symmetrized) -----
     Cl   1        1.813575        0.808006       -1.849552
     Cl   1        0.808006       -0.842217       -0.915837
     Cl   1       -1.849552       -0.915837       -0.971357

     C    2        0.136962       -0.812628       -0.297254
     C    2       -0.812628       -0.037794       -0.121016
     C    2       -0.297254       -0.121016       -0.099168

     C    3       -0.745583        0.058633       -0.205352
     C    3        0.058633        0.053447        0.312450
     C    3       -0.205352        0.312450        0.692137

     H    4        0.581280       -0.018872        0.301131
     H    4       -0.018872       -0.104638        0.206828
     H    4        0.301131        0.206828       -0.476642

     C    5       -0.065673       -0.060533        0.184773
     C    5       -0.060533       -0.253102        0.169326
     C    5        0.184773        0.169326        0.318775

     H    6       -0.076505        0.011583       -0.022218
     H    6        0.011583        0.304622        0.198968
     H    6       -0.022218        0.198968       -0.228117

     H    7       -0.085884        0.151341        0.194628
     H    7        0.151341        0.385633       -0.445492
     H    7        0.194628       -0.445492       -0.299749

     C    8       -0.627106       -0.200959       -0.168768
     C    8       -0.200959        0.743202        0.050048
     C    8       -0.168768        0.050048       -0.116096

     H    9        0.281318       -0.392935        0.175994
     H    9       -0.392935       -0.210741        0.058311
     H    9        0.175994        0.058311       -0.070577

     C   10        0.147922       -0.149626       -0.046722
     C   10       -0.149626        0.220999        0.320179
     C   10       -0.046722        0.320179       -0.368921

     C   11       -0.294226       -0.441201       -0.324133
     C   11       -0.441201        0.648701       -0.278015
     C   11       -0.324133       -0.278015       -0.354475

     Cl  12        0.252112        1.578967        0.550361
     Cl  12        1.578967        0.742836       -2.027350
     Cl  12        0.550361       -2.027350       -0.994948

     H   13       -0.167470        0.162133       -0.134675
     H   13        0.162133        0.236942        0.148961
     H   13       -0.134675        0.148961       -0.069472

     C   14       -0.749015       -0.044784        0.107559
     C   14       -0.044784        0.721520        0.087216
     C   14        0.107559        0.087216        0.027495

     H   15        0.507582        0.271257        0.342980
     H   15        0.271257       -0.550916        0.283338
     H   15        0.342980        0.283338        0.043334

     C   16        0.284633       -0.245632        0.056871
     C   16       -0.245632        0.126027       -0.191909
     C   16        0.056871       -0.191909       -0.410661

     C   17       -0.586598        0.288457       -0.050801
     C   17        0.288457        0.419903        0.346497
     C   17       -0.050801        0.346497        0.166694

     Cl  18        0.369372       -0.264358       -0.236397
     Cl  18       -0.264358        1.770327       -0.322828
     Cl  18       -0.236397       -0.322828       -2.139699

     H   19       -0.132555        0.211861        0.096582
     H   19        0.211861        0.122168       -0.751963
     H   19        0.096582       -0.751963        0.010387

     C   20        0.333611       -0.041651        0.043638
     C   20       -0.041651       -0.012685        0.009298
     C   20        0.043638        0.009298       -0.320926

     H   21        0.397794        0.194007        0.696975
     H   21        0.194007       -0.215314       -0.224974
     H   21        0.696975       -0.224974       -0.182480

     C   22       -0.061887        0.062668        0.066168
     C   22        0.062668        0.277120       -0.197956
     C   22        0.066168       -0.197956       -0.215233

     C   23        0.090674       -0.042411       -0.021218
     C   23       -0.042411        0.455179        0.443377
     C   23       -0.021218        0.443377       -0.545853

     Cl  24       -0.397526        1.555044       -0.185942
     Cl  24        1.555044       -0.212373        1.760718
     Cl  24       -0.185942        1.760718        0.609899


     NQR/NMR SPECTROSCOPIC PARAMETERS:
     Cl   1    Vxx=   -0.9626    axis=(  0.427100 -0.865066  0.263147)
     Cl   1    Vyy=   -2.1049    axis=(  0.316699  0.415709  0.852577)
     Cl   1    Vzz=    3.0675    axis=( -0.846928 -0.280797  0.451514)
     Cl   1  Q=        -8.1650 1e-30 m^2  Cq=       -58.8484 MHz  eta= 0.37242

     C    2    Vxx=   -0.0114    axis=( -0.125881 -0.360988  0.924036)
     C    2    Vyy=   -0.8765    axis=(  0.646164  0.676928  0.352478)
     C    2    Vzz=    0.8879    axis=( -0.752746  0.641449  0.148046)
     C    2  Q=         1.0000 1e-30 m^2  Cq=         2.0862 MHz  eta= 0.97433

     C    3    Vxx=   -0.0501    axis=(  0.178110  0.923585 -0.339511)
     C    3    Vyy=   -0.7875    axis=(  0.978199 -0.128744  0.162946)
     C    3    Vzz=    0.8376    axis=( -0.106784  0.361132  0.926381)
     C    3  Q=         1.0000 1e-30 m^2  Cq=         1.9681 MHz  eta= 0.88037

     H    4    Vxx=   -0.0272    axis=(  0.137627 -0.931587 -0.336458)
     H    4    Vyy=   -0.6355    axis=( -0.229355 -0.360431  0.904149)
     H    4    Vzz=    0.6626    axis=( -0.963564 -0.047268 -0.263269)
     H    4  Q=         1.0000 1e-30 m^2  Cq=         1.5569 MHz  eta= 0.91805

     C    5    Vxx=   -0.0745    axis=(  0.856514 -0.477027 -0.197049)
     C    5    Vyy=   -0.3466    axis=(  0.400620  0.855181 -0.328890)
     C    5    Vzz=    0.4210    axis=(  0.325402  0.202757  0.923582)
     C    5  Q=         1.0000 1e-30 m^2  Cq=         0.9893 MHz  eta= 0.64627

     H    6    Vxx=   -0.0738    axis=(  0.993724  0.026698 -0.108623)
     H    6    Vyy=   -0.2970    axis=( -0.111499  0.313970 -0.942863)
     H    6    Vzz=    0.3708    axis=(  0.008932  0.949057  0.314977)
     H    6  Q=         1.0000 1e-30 m^2  Cq=         0.8711 MHz  eta= 0.60209

     H    7    Vxx=    0.0184    axis=(  0.909454  0.111227  0.400653)
     H    7    Vyy=    0.6088    axis=(  0.077198  0.901639 -0.425544)
     H    7    Vzz=   -0.6272    axis=( -0.408576  0.417942  0.811412)
     H    7  Q=         1.0000 1e-30 m^2  Cq=        -1.4737 MHz  eta= 0.94143

     C    8    Vxx=   -0.0782    axis=( -0.251348 -0.120015  0.960427)
     C    8    Vyy=   -0.7001    axis=( -0.956063 -0.123909 -0.265689)
     C    8    Vzz=    0.7782    axis=(  0.150892 -0.985009 -0.083597)
     C    8  Q=         1.0000 1e-30 m^2  Cq=         1.8285 MHz  eta= 0.79908

     H    9    Vxx=   -0.0502    axis=( -0.023628  0.391979  0.919671)
     H    9    Vyy=   -0.4760    axis=(  0.494033  0.804331 -0.330127)
     H    9    Vzz=    0.5263    axis=( -0.869122  0.446547 -0.212655)
     H    9  Q=         1.0000 1e-30 m^2  Cq=         1.2365 MHz  eta= 0.80905

     C   10    Vxx=    0.0662    axis=(  0.884056  0.416693  0.211686)
     C   10    Vyy=    0.4436    axis=( -0.466574  0.813412  0.347376)
     C   10    Vzz=   -0.5098    axis=( -0.027439 -0.405867  0.913520)
     C   10  Q=         1.0000 1e-30 m^2  Cq=        -1.1978 MHz  eta= 0.74024

     C   11    Vxx=   -0.0169    axis=(  0.660272  0.128601 -0.739934)
     C   11    Vyy=   -0.8242    axis=(  0.676118  0.327141  0.660184)
     C   11    Vzz=    0.8411    axis=( -0.326963  0.936184 -0.129053)
     C   11  Q=         1.0000 1e-30 m^2  Cq=         1.9763 MHz  eta= 0.95977

     Cl  12    Vxx=    0.3276    axis=(  0.794204 -0.165777  0.584601)
     Cl  12    Vyy=    2.5981    axis=( -0.451441 -0.804952  0.385037)
     Cl  12    Vzz=   -2.9258    axis=(  0.406746 -0.569711 -0.714134)
     Cl  12  Q=        -8.1650 1e-30 m^2  Cq=        56.1292 MHz  eta= 0.77603

     H   13    Vxx=    0.0226    axis=( -0.618561 -0.075645  0.782087)
     H   13    Vyy=    0.3215    axis=( -0.233554 -0.932666 -0.274930)
     H   13    Vzz=   -0.3441    axis=(  0.750223 -0.352721  0.559243)
     H   13  Q=         1.0000 1e-30 m^2  Cq=        -0.8085 MHz  eta= 0.86843

     C   14    Vxx=    0.0328    axis=(  0.141863 -0.115275  0.983151)
     C   14    Vyy=    0.7330    axis=( -0.021325  0.992610  0.119461)
     C   14    Vzz=   -0.7658    axis=( -0.989657 -0.037913  0.138356)
     C   14  Q=         1.0000 1e-30 m^2  Cq=        -1.7992 MHz  eta= 0.91436

     H   15    Vxx=   -0.1138    axis=( -0.538289  0.197098  0.819389)
     H   15    Vyy=   -0.6802    axis=( -0.125904  0.942549 -0.309435)
     H   15    Vzz=    0.7940    axis=( -0.833303 -0.269730 -0.482548)
     H   15  Q=         1.0000 1e-30 m^2  Cq=         1.8656 MHz  eta= 0.71328

     C   16    Vxx=   -0.0194    axis=(  0.635564  0.725670 -0.263556)
     C   16    Vyy=   -0.4729    axis=( -0.031521 -0.316698 -0.948002)
     C   16    Vzz=    0.4923    axis=( -0.771404  0.610824 -0.178408)
     C   16  Q=         1.0000 1e-30 m^2  Cq=         1.1567 MHz  eta= 0.92116

     C   17    Vxx=   -0.0089    axis=( -0.305527 -0.465639  0.830562)
     C   17    Vyy=   -0.6883    axis=( -0.937561  0.299393 -0.177039)
     C   17    Vzz=    0.6972    axis=( -0.166228 -0.832793 -0.528037)
     C   17  Q=         1.0000 1e-30 m^2  Cq=         1.6381 MHz  eta= 0.97454

     Cl  18    Vxx=    0.3543    axis=(  0.981023  0.157305 -0.113350)
     Cl  18    Vyy=    1.8379    axis=(  0.165816 -0.983671  0.069982)
     Cl  18    Vzz=   -2.1922    axis=(  0.100490  0.087449  0.991087)
     Cl  18  Q=        -8.1650 1e-30 m^2  Cq=        42.0554 MHz  eta= 0.67676

     H   19    Vxx=   -0.0672    axis=(  0.940671  0.152099  0.303323)
     H   19    Vyy=   -0.7618    axis=(  0.325537 -0.656715 -0.680258)
     H   19    Vzz=    0.8289    axis=( -0.095730 -0.738641  0.667267)
     H   19  Q=         1.0000 1e-30 m^2  Cq=         1.9476 MHz  eta= 0.83797

     C   20    Vxx=   -0.0170    axis=( -0.112149 -0.992605 -0.046463)
     C   20    Vyy=   -0.3243    axis=(  0.068586  0.038915 -0.996886)
     C   20    Vzz=    0.3412    axis=(  0.991322 -0.114986  0.063715)
     C   20  Q=         1.0000 1e-30 m^2  Cq=         0.8018 MHz  eta= 0.90062

     H   21    Vxx=   -0.0670    axis=(  0.221974  0.891000 -0.396038)
     H   21    Vyy=   -0.7969    axis=( -0.503028  0.452591  0.736291)
     H   21    Vzz=    0.8639    axis=(  0.835279  0.035781  0.548661)
     H   21  Q=         1.0000 1e-30 m^2  Cq=         2.0299 MHz  eta= 0.84493

     C   22    Vxx=   -0.0375    axis=(  0.943882  0.019443  0.329709)
     C   22    Vyy=   -0.3128    axis=( -0.317171  0.331822  0.888424)
     C   22    Vzz=    0.3503    axis=( -0.092131 -0.943142  0.319368)
     C   22  Q=         1.0000 1e-30 m^2  Cq=         0.8230 MHz  eta= 0.78598

     C   23    Vxx=    0.0866    axis=(  0.996142  0.083985  0.025460)
     C   23    Vyy=    0.6275    axis=( -0.087555  0.931323  0.353514)
     C   23    Vzz=   -0.7140    axis=(  0.005979 -0.354379  0.935083)
     C   23  Q=         1.0000 1e-30 m^2  Cq=        -1.6777 MHz  eta= 0.75755

     Cl  24    Vxx=    0.2073    axis=(  0.756551  0.220652 -0.615583)
     Cl  24    Vyy=    2.3064    axis=( -0.340470 -0.670790 -0.658878)
     Cl  24    Vzz=   -2.5137    axis=( -0.558310  0.708063 -0.432362)
     Cl  24  Q=        -8.1650 1e-30 m^2  Cq=        48.2235 MHz  eta= 0.83506

     Initialization:
     gipaw_setup  :      9.05s CPU     11.01s WALL (       1 calls)

     Linear response

     Apply operators

     Induced current

     Other routines
     efg          :      9.26s CPU     12.09s WALL (       1 calls)

     General routines
     calbec       :      3.32s CPU      4.57s WALL (      16 calls)
     fft          :      1.64s CPU      2.54s WALL (      15 calls)
     ffts         :      0.04s CPU      0.05s WALL (       2 calls)
     fftw         :      3.19s CPU      4.10s WALL (     672 calls)
     davcio       :      0.03s CPU      0.32s WALL (      32 calls)

     Parallel routines
     fft_scatter  :      2.19s CPU      3.70s WALL (     689 calls)

     Plugins

     GIPAW        :     60.55s CPU     73.52s WALL (       1 calls)
