
     Program QE v.6.0 (svn rev. 13079) starts on 23Dec2016 at  3:36:45 

     This program is part of the open-source Quantum ESPRESSO suite
     for quantum simulation of materials; please cite
         "P. Giannozzi et al., J. Phys.:Condens. Matter 21 395502 (2009);
          URL http://www.quantum-espresso.org", 
     in publications or presentations arising from this work. More details at
     http://www.quantum-espresso.org/quote

     Parallel version (MPI), running on     8 processors
     R & G space division:  proc/nbgrp/npool/nimage =       8

     ***** This is GIPAW svn revision unknown      *****

     Parallelizing q-star over 1 images

     Reading data from directory:
     /users/majewski/paradichlorobenzene/pbe/9_constraint/scratch/pbe.ecut100.np8.dt60.pcl2phi-129368.save
     Message from routine read_xml_file:
     file /users/majewski/paradichlorobenzene/pbe/9_constraint/scratch/pbe.ecut100.np8.dt60.pcl2phi-129368.save not guaranteed to be safe for post-processing

   Info: using nr1, nr2, nr3 values from input

   Info: using nr1, nr2, nr3 values from input

     IMPORTANT: XC functional enforced from input :
     Exchange-correlation      =  SLA  PW   PBX  PBC ( 1  4  3  4 0 0)
     Any further DFT definition will be discarded
     Please, verify this is what you really want

               file C.pbe-n-kjpaw_psl.1.0.0.UPF: wavefunction(s)  2S 2P renormalized
               file Cl.pbe-n-kjpaw_psl.1.0.0.UPF: wavefunction(s)  3S 3P renormalized
               file H.pbe-kjpaw_psl.1.0.0.UPF: wavefunction(s)  1S renormalized

     Parallelization info
     --------------------
     sticks:   dense  smooth     PW     G-vecs:    dense   smooth      PW
     Min        3057    1223    332               144436    36536    5170
     Max        3059    1225    333               144437    36537    5171
     Sum       24467    9791   2657              1155489   292295   41363


     Subspace diagonalization in iterative solution of the eigenvalue problem:
     a serial algorithm will be used

     GIPAW projectors -----------------------------------------------
     atom=  C    l=0  rc=    1.2000  rs=    0.8000
     atom=  C    l=0  rc=    1.2000  rs=    0.8000
     atom=  C    l=1  rc=    1.4000  rs=    0.9333
     atom=  C    l=1  rc=    1.4000  rs=    0.9333
     projs nearly linearly dependent: l=1  n1,n2= 1, 2  s=  0.99951561

     atom=  Cl   l=0  rc=    1.6000  rs=    1.0667
     atom=  Cl   l=0  rc=    1.6000  rs=    1.0667
     atom=  Cl   l=1  rc=    1.6000  rs=    1.0667
     atom=  Cl   l=1  rc=    1.6000  rs=    1.0667
     atom=  Cl   l=2  rc=    1.6000  rs=    1.0667
     atom=  Cl   l=2  rc=    1.6000  rs=    1.0667
     projs nearly linearly dependent: l=2  n1,n2= 1, 2  s=  0.99993509

     atom=  H    l=0  rc=    1.0000  rs=    0.6667
     atom=  H    l=0  rc=    1.0000  rs=    0.6667
     projs nearly linearly dependent: l=0  n1,n2= 1, 2  s=  0.99968852
     -----------------------------------------------------------------

     GIPAW integrals: -------------------------------------------
     Atom  i/j   nmr_para   nmr_dia   epr_rmc  epr_para   epr_dia
       C   1 1   0.83E+03  0.17E-01  0.93E+01  0.24E+08  0.24E+03
       C   2 1   0.86E+03 -0.61E-01  0.94E+01  0.25E+08  0.25E+03
       C   2 2   0.90E+03 -0.15E+00  0.97E+01  0.26E+08  0.26E+03
       C   3 3   0.33E+01  0.34E+00  0.18E+01  0.55E+03  0.21E+02
       C   4 3   0.35E+01  0.37E+00  0.20E+01  0.59E+03  0.22E+02
       C   4 4   0.38E+01  0.39E+00  0.22E+01  0.63E+03  0.24E+02
       Cl  1 1   0.14E+04 -0.47E+00  0.84E+01  0.32E+09  0.42E+03
       Cl  2 1   0.21E+04 -0.37E+00  0.12E+02  0.49E+09  0.65E+03
       Cl  2 2   0.33E+04 -0.16E+00  0.21E+02  0.76E+09  0.10E+04
       Cl  3 3   0.21E+02  0.79E-01  0.89E+01  0.23E+05  0.13E+03
       Cl  4 3   0.24E+02  0.67E-01  0.99E+01  0.27E+05  0.15E+03
       Cl  4 4   0.28E+02  0.44E-01  0.11E+02  0.32E+05  0.18E+03
       Cl  5 5   0.77E+00  0.19E+00  0.18E+01  0.12E+03  0.22E+02
       Cl  6 5   0.80E+00  0.19E+00  0.19E+01  0.12E+03  0.23E+02
       Cl  6 6   0.83E+00  0.20E+00  0.19E+01  0.12E+03  0.23E+02
       H   1 1   0.39E+02  0.19E+00  0.29E+00  0.78E+05  0.13E+02
       H   2 1   0.41E+02  0.21E+00  0.32E+00  0.82E+05  0.14E+02
       H   2 2   0.43E+02  0.22E+00  0.36E+00  0.86E+05  0.15E+02
     ------------------------------------------------------------

     alpha_pv=     34.0666 eV

     Number of occupied bands for each k-point:
     k-point:     1    nbnd_occ=  42
     k-point:     2    nbnd_occ=  42
     k-point:     3    nbnd_occ=  42
     k-point:     4    nbnd_occ=  42
     k-point:     5    nbnd_occ=  42
     k-point:     6    nbnd_occ=  42
     k-point:     7    nbnd_occ=  42
     k-point:     8    nbnd_occ=  42
     k-point:     9    nbnd_occ=  42
     k-point:    10    nbnd_occ=  42
     k-point:    11    nbnd_occ=  42
     k-point:    12    nbnd_occ=  42
     k-point:    13    nbnd_occ=  42
     k-point:    14    nbnd_occ=  42
     k-point:    15    nbnd_occ=  42
     k-point:    16    nbnd_occ=  42


     q-space interpolation up to   110.00 Rydberg

     GIPAW job: efg                                                                             


     ELECTRIC FIELD GRADIENTS TENSORS IN Hartree/bohrradius^2:

     ----- bare term -----
     Cl   1        0.037690        0.047021        0.103986
     Cl   1        0.047021        0.006618        0.211514
     Cl   1        0.103986        0.211514       -0.044308

     C    2       -0.225937        0.132961       -0.280861
     C    2        0.132961       -0.057969       -0.601298
     C    2       -0.280861       -0.601298        0.283906

     C    3       -0.082406        0.172434        0.098958
     C    3        0.172434       -0.152697       -0.138664
     C    3        0.098958       -0.138664        0.235103

     H    4       -0.155954       -0.430183        0.034645
     H    4       -0.430183       -0.162767        0.201830
     H    4        0.034645        0.201830        0.318721

     C    5       -0.431779       -0.068624       -0.253667
     C    5       -0.068624       -0.034182       -0.273409
     C    5       -0.253667       -0.273409        0.465961

     H    6        0.492843       -0.117692       -0.027169
     H    6       -0.117692       -0.671647        0.182188
     H    6       -0.027169        0.182188        0.178804

     H    7        0.404661        0.061429       -0.066367
     H    7        0.061429       -0.564877        0.542703
     H    7       -0.066367        0.542703        0.160217

     C    8       -0.774699       -0.308011       -0.395583
     C    8       -0.308011        0.244663        0.078788
     C    8       -0.395583        0.078788        0.530037

     H    9       -0.070643        0.167350       -0.411667
     H    9        0.167350        0.365300       -0.100976
     H    9       -0.411667       -0.100976       -0.294657

     C   10       -0.010944       -0.416367       -0.100272
     C   10       -0.416367       -0.333967        0.526241
     C   10       -0.100272        0.526241        0.344910

     C   11       -0.431455       -0.129782       -0.372375
     C   11       -0.129782        0.004634        0.324523
     C   11       -0.372375        0.324523        0.426821

     Cl  12       -0.024100       -0.091727       -0.058455
     Cl  12       -0.091727        0.115487        0.061649
     Cl  12       -0.058455        0.061649       -0.091387

     H   13        0.359238       -0.146840       -0.034370
     H   13       -0.146840       -0.567162       -0.405212
     H   13       -0.034370       -0.405212        0.207924

     C   14       -0.437592        0.248162       -0.379092
     C   14        0.248162        0.008580       -0.367426
     C   14       -0.379092       -0.367426        0.429012

     H   15       -0.327518       -0.495236        0.057259
     H   15       -0.495236        0.087554        0.168788
     H   15        0.057259        0.168788        0.239964

     C   16       -0.375326        0.352135       -0.205662
     C   16        0.352135       -0.083427       -0.503056
     C   16       -0.205662       -0.503056        0.458754

     C   17       -0.053512        0.203364       -0.226741
     C   17        0.203364       -0.232281       -0.522694
     C   17       -0.226741       -0.522694        0.285793

     Cl  18        0.037446        0.147891       -0.066071
     Cl  18        0.147891        0.072874       -0.055286
     Cl  18       -0.066071       -0.055286       -0.110320

     H   19        0.425599        0.108059       -0.081032
     H   19        0.108059       -0.392233        0.610456
     H   19       -0.081032        0.610456       -0.033367

     C   20       -0.181524       -0.056385       -0.345582
     C   20       -0.056385       -0.270542        0.333548
     C   20       -0.345582        0.333548        0.452065

     H   21        0.063689        0.136673       -0.362703
     H   21        0.136673        0.307210        0.468439
     H   21       -0.362703        0.468439       -0.370899

     C   22       -0.561476       -0.296559       -0.343215
     C   22       -0.296559       -0.030043        0.161541
     C   22       -0.343215        0.161541        0.591519

     C   23       -0.016269       -0.107810       -0.176721
     C   23       -0.107810       -0.546286        0.333800
     C   23       -0.176721        0.333800        0.562555

     Cl  24       -0.114418       -0.047078       -0.058717
     Cl  24       -0.047078       -0.080657        0.045487
     Cl  24       -0.058717        0.045487        0.195074

     ----- ionic term -----
     Cl   1        0.194141       -0.200780       -0.030638
     Cl   1       -0.200780       -0.034976        0.025501
     Cl   1       -0.030638        0.025501       -0.159165

     C    2        0.339178       -0.122027        0.106643
     C    2       -0.122027        0.159009        0.363182
     C    2        0.106643        0.363182       -0.498188

     C    3        0.196565       -0.132055        0.079194
     C    3       -0.132055        0.276034        0.371071
     C    3        0.079194        0.371071       -0.472599

     H    4        0.547275        0.571317        0.460623
     H    4        0.571317       -0.145781        0.312644
     H    4        0.460623        0.312644       -0.401495

     C    5        0.394571       -0.031823        0.117253
     C    5       -0.031823        0.108657        0.287430
     C    5        0.117253        0.287430       -0.503228

     H    6       -0.518056        0.109658        0.037881
     H    6        0.109658        0.823090        0.598165
     H    6        0.037881        0.598165       -0.305034

     H    7       -0.510186       -0.113364        0.085198
     H    7       -0.113364        0.675552       -0.680995
     H    7        0.085198       -0.680995       -0.165366

     C    8        0.224812        0.226369        0.339223
     C    8        0.226369        0.048865       -0.269025
     C    8        0.339223       -0.269025       -0.273678

     H    9        0.242876       -0.161263        0.782054
     H    9       -0.161263       -0.472907       -0.229448
     H    9        0.782054       -0.229448        0.230032

     C   10        0.044670        0.310307        0.236972
     C   10        0.310307        0.162229       -0.394185
     C   10        0.236972       -0.394185       -0.206898

     C   11        0.103269        0.217890        0.303786
     C   11        0.217890        0.146581       -0.415430
     C   11        0.303786       -0.415430       -0.249850

     Cl  12        0.128560        0.231478        0.041206
     Cl  12        0.231478        0.034682        0.023247
     Cl  12        0.041206        0.023247       -0.163242

     H   13       -0.497991        0.151397        0.067828
     H   13        0.151397        0.807626        0.601001
     H   13        0.067828        0.601001       -0.309635

     C   14        0.460935       -0.110979        0.124155
     C   14       -0.110979        0.041584        0.301241
     C   14        0.124155        0.301241       -0.502518

     H   15        0.773914        0.526619        0.305816
     H   15        0.526619       -0.269258        0.188634
     H   15        0.305816        0.188634       -0.504656

     C   16        0.307151       -0.194849        0.020315
     C   16       -0.194849        0.198797        0.369691
     C   16        0.020315        0.369691       -0.505948

     C   17        0.302163       -0.029797        0.106457
     C   17       -0.029797        0.176402        0.372146
     C   17        0.106457        0.372146       -0.478565

     Cl  18        0.165719       -0.176877       -0.013186
     Cl  18       -0.176877       -0.037798        0.005224
     Cl  18       -0.013186        0.005224       -0.127921

     H   19       -0.490439       -0.162978        0.103097
     H   19       -0.162978        0.691357       -0.656512
     H   19        0.103097       -0.656512       -0.200918

     C   20        0.243740        0.143509        0.323524
     C   20        0.143509        0.053057       -0.293142
     C   20        0.323524       -0.293142       -0.296797

     H   21        0.366532       -0.379072        0.719908
     H   21       -0.379072       -0.357112       -0.353812
     H   21        0.719908       -0.353812       -0.009420

     C   22        0.052972        0.194833        0.218522
     C   22        0.194833        0.251588       -0.419457
     C   22        0.218522       -0.419457       -0.304560

     C   23        0.060902        0.201150        0.312513
     C   23        0.201150        0.206688       -0.388416
     C   23        0.312513       -0.388416       -0.267590

     Cl  24        0.098482        0.208559        0.020454
     Cl  24        0.208559        0.044180        0.014116
     Cl  24        0.020454        0.014116       -0.142662

     ----- GIPAW term -----
     Cl   1       -0.222921       -0.100307       -0.952726
     Cl   1       -0.100307       -0.080247       -1.362279
     Cl   1       -0.952726       -1.362279        0.303167

     C    2       -0.049335        0.014742       -0.141731
     C    2        0.014742       -0.015600       -0.221493
     C    2       -0.141731       -0.221493        0.064935

     C    3       -0.042024        0.009217        0.008556
     C    3        0.009217       -0.005812       -0.051415
     C    3        0.008556       -0.051415        0.047835

     H    4       -0.000000        0.000000        0.000000
     H    4        0.000000        0.000000        0.000000
     H    4        0.000000        0.000000        0.000000

     C    5       -0.134074       -0.032504        0.015940
     C    5       -0.032504       -0.056235       -0.140097
     C    5        0.015940       -0.140097        0.190309

     H    6       -0.000000        0.000000        0.000000
     H    6        0.000000        0.000000        0.000000
     H    6        0.000000        0.000000        0.000000

     H    7       -0.000000        0.000000        0.000000
     H    7        0.000000        0.000000        0.000000
     H    7        0.000000        0.000000        0.000000

     C    8       -0.186502       -0.102674        0.015687
     C    8       -0.102674        0.071507       -0.139108
     C    8        0.015687       -0.139108        0.114995

     H    9       -0.000000        0.000000        0.000000
     H    9        0.000000        0.000000        0.000000
     H    9        0.000000        0.000000        0.000000

     C   10       -0.023937       -0.128020        0.020194
     C   10       -0.128020        0.018990        0.016098
     C   10        0.020194        0.016098        0.004947

     C   11       -0.051091        0.109048       -0.077732
     C   11        0.109048        0.008250       -0.025526
     C   11       -0.077732       -0.025526        0.042841

     Cl  12        0.971165        1.201455       -0.435017
     Cl  12        1.201455        1.241899        0.599838
     Cl  12       -0.435017        0.599838       -2.213065

     H   13       -0.000000        0.000000        0.000000
     H   13        0.000000        0.000000        0.000000
     H   13        0.000000        0.000000        0.000000

     C   14       -0.059771        0.050225       -0.059926
     C   14        0.050225       -0.003300       -0.070326
     C   14       -0.059926       -0.070326        0.063071

     H   15       -0.000000        0.000000        0.000000
     H   15        0.000000        0.000000        0.000000
     H   15        0.000000        0.000000        0.000000

     C   16       -0.150862        0.066430       -0.058487
     C   16        0.066430        0.067575       -0.177933
     C   16       -0.058487       -0.177933        0.083287

     C   17        0.103068       -0.046001       -0.013631
     C   17       -0.046001       -0.034568       -0.062966
     C   17       -0.013631       -0.062966       -0.068500

     Cl  18        2.027406        0.135305       -0.859687
     Cl  18        0.135305        0.469221       -0.649929
     Cl  18       -0.859687       -0.649929       -2.496628

     H   19       -0.000000        0.000000        0.000000
     H   19        0.000000        0.000000        0.000000
     H   19        0.000000        0.000000        0.000000

     C   20       -0.071662        0.045167       -0.119204
     C   20        0.045167       -0.118298       -0.050319
     C   20       -0.119204       -0.050319        0.189961

     H   21       -0.000000        0.000000        0.000000
     H   21        0.000000        0.000000        0.000000
     H   21        0.000000        0.000000        0.000000

     C   22       -0.225623       -0.020393       -0.094840
     C   22       -0.020393       -0.054554       -0.078762
     C   22       -0.094840       -0.078762        0.280177

     C   23       -0.078687        0.063792        0.010786
     C   23        0.063792       -0.181570       -0.070693
     C   23        0.010786       -0.070693        0.260257

     Cl  24       -0.648363        1.459513       -0.496301
     Cl  24        1.459513       -1.229242        1.080535
     Cl  24       -0.496301        1.080535        1.877605

     ----- total EFG -----
     Cl   1        0.008911       -0.254066       -0.879378
     Cl   1       -0.254066       -0.108605       -1.125264
     Cl   1       -0.879378       -1.125264        0.099694

     C    2        0.063906        0.025676       -0.315949
     C    2        0.025676        0.085441       -0.459610
     C    2       -0.315949       -0.459610       -0.149347

     C    3        0.072136        0.049596        0.186708
     C    3        0.049596        0.117525        0.180992
     C    3        0.186708        0.180992       -0.189661

     H    4        0.391322        0.141134        0.495267
     H    4        0.141134       -0.308548        0.514474
     H    4        0.495267        0.514474       -0.082774

     C    5       -0.171282       -0.132950       -0.120474
     C    5       -0.132950        0.018239       -0.126077
     C    5       -0.120474       -0.126077        0.153042

     H    6       -0.025213       -0.008033        0.010712
     H    6       -0.008033        0.151442        0.780353
     H    6        0.010712        0.780353       -0.126230

     H    7       -0.105525       -0.051935        0.018831
     H    7       -0.051935        0.110674       -0.138293
     H    7        0.018831       -0.138293       -0.005149

     C    8       -0.736389       -0.184317       -0.040673
     C    8       -0.184317        0.365035       -0.329344
     C    8       -0.040673       -0.329344        0.371354

     H    9        0.172233        0.006086        0.370386
     H    9        0.006086       -0.107608       -0.330424
     H    9        0.370386       -0.330424       -0.064625

     C   10        0.009788       -0.234080        0.156894
     C   10       -0.234080       -0.152748        0.148154
     C   10        0.156894        0.148154        0.142959

     C   11       -0.379277        0.197156       -0.146321
     C   11        0.197156        0.159464       -0.116433
     C   11       -0.146321       -0.116433        0.219813

     Cl  12        1.075625        1.341206       -0.452265
     Cl  12        1.341206        1.392069        0.684735
     Cl  12       -0.452265        0.684735       -2.467693

     H   13       -0.138753        0.004556        0.033458
     H   13        0.004556        0.240464        0.195789
     H   13        0.033458        0.195789       -0.101711

     C   14       -0.036428        0.187408       -0.314863
     C   14        0.187408        0.046863       -0.136511
     C   14       -0.314863       -0.136511       -0.010435

     H   15        0.446397        0.031383        0.363075
     H   15        0.031383       -0.181704        0.357423
     H   15        0.363075        0.357423       -0.264692

     C   16       -0.219038        0.223717       -0.243834
     C   16        0.223717        0.182944       -0.311298
     C   16       -0.243834       -0.311298        0.036093

     C   17        0.351719        0.127566       -0.133915
     C   17        0.127566       -0.090447       -0.213514
     C   17       -0.133915       -0.213514       -0.261272

     Cl  18        2.230572        0.106319       -0.938944
     Cl  18        0.106319        0.504297       -0.699991
     Cl  18       -0.938944       -0.699991       -2.734869

     H   19       -0.064840       -0.054919        0.022065
     H   19       -0.054919        0.299125       -0.046056
     H   19        0.022065       -0.046056       -0.234284

     C   20       -0.009446        0.132291       -0.141261
     C   20        0.132291       -0.335783       -0.009914
     C   20       -0.141261       -0.009914        0.345229

     H   21        0.430221       -0.242399        0.357205
     H   21       -0.242399       -0.049902        0.114627
     H   21        0.357205        0.114627       -0.380319

     C   22       -0.734128       -0.122120       -0.219533
     C   22       -0.122120        0.166991       -0.336678
     C   22       -0.219533       -0.336678        0.567137

     C   23       -0.034054        0.157131        0.146578
     C   23        0.157131       -0.521168       -0.125309
     C   23        0.146578       -0.125309        0.555222

     Cl  24       -0.664299        1.620994       -0.534563
     Cl  24        1.620994       -1.265719        1.140137
     Cl  24       -0.534563        1.140137        1.930018

     ----- total EFG (symmetrized) -----
     Cl   1        0.008911       -0.254066       -0.879378
     Cl   1       -0.254066       -0.108605       -1.125264
     Cl   1       -0.879378       -1.125264        0.099694

     C    2        0.063906        0.025676       -0.315949
     C    2        0.025676        0.085441       -0.459610
     C    2       -0.315949       -0.459610       -0.149347

     C    3        0.072136        0.049596        0.186708
     C    3        0.049596        0.117525        0.180992
     C    3        0.186708        0.180992       -0.189661

     H    4        0.391322        0.141134        0.495267
     H    4        0.141134       -0.308548        0.514474
     H    4        0.495267        0.514474       -0.082774

     C    5       -0.171282       -0.132950       -0.120474
     C    5       -0.132950        0.018239       -0.126077
     C    5       -0.120474       -0.126077        0.153042

     H    6       -0.025213       -0.008033        0.010712
     H    6       -0.008033        0.151442        0.780353
     H    6        0.010712        0.780353       -0.126230

     H    7       -0.105525       -0.051935        0.018831
     H    7       -0.051935        0.110674       -0.138293
     H    7        0.018831       -0.138293       -0.005149

     C    8       -0.736389       -0.184317       -0.040673
     C    8       -0.184317        0.365035       -0.329344
     C    8       -0.040673       -0.329344        0.371354

     H    9        0.172233        0.006086        0.370386
     H    9        0.006086       -0.107608       -0.330424
     H    9        0.370386       -0.330424       -0.064625

     C   10        0.009788       -0.234080        0.156894
     C   10       -0.234080       -0.152748        0.148154
     C   10        0.156894        0.148154        0.142959

     C   11       -0.379277        0.197156       -0.146321
     C   11        0.197156        0.159464       -0.116433
     C   11       -0.146321       -0.116433        0.219813

     Cl  12        1.075625        1.341206       -0.452265
     Cl  12        1.341206        1.392069        0.684735
     Cl  12       -0.452265        0.684735       -2.467693

     H   13       -0.138753        0.004556        0.033458
     H   13        0.004556        0.240464        0.195789
     H   13        0.033458        0.195789       -0.101711

     C   14       -0.036428        0.187408       -0.314863
     C   14        0.187408        0.046863       -0.136511
     C   14       -0.314863       -0.136511       -0.010435

     H   15        0.446397        0.031383        0.363075
     H   15        0.031383       -0.181704        0.357423
     H   15        0.363075        0.357423       -0.264692

     C   16       -0.219038        0.223717       -0.243834
     C   16        0.223717        0.182944       -0.311298
     C   16       -0.243834       -0.311298        0.036093

     C   17        0.351719        0.127566       -0.133915
     C   17        0.127566       -0.090447       -0.213514
     C   17       -0.133915       -0.213514       -0.261272

     Cl  18        2.230572        0.106319       -0.938944
     Cl  18        0.106319        0.504297       -0.699991
     Cl  18       -0.938944       -0.699991       -2.734869

     H   19       -0.064840       -0.054919        0.022065
     H   19       -0.054919        0.299125       -0.046056
     H   19        0.022065       -0.046056       -0.234284

     C   20       -0.009446        0.132291       -0.141261
     C   20        0.132291       -0.335783       -0.009914
     C   20       -0.141261       -0.009914        0.345229

     H   21        0.430221       -0.242399        0.357205
     H   21       -0.242399       -0.049902        0.114627
     H   21        0.357205        0.114627       -0.380319

     C   22       -0.734128       -0.122120       -0.219533
     C   22       -0.122120        0.166991       -0.336678
     C   22       -0.219533       -0.336678        0.567137

     C   23       -0.034054        0.157131        0.146578
     C   23        0.157131       -0.521168       -0.125309
     C   23        0.146578       -0.125309        0.555222

     Cl  24       -0.664299        1.620994       -0.534563
     Cl  24        1.620994       -1.265719        1.140137
     Cl  24       -0.534563        1.140137        1.930018


     NQR/NMR SPECTROSCOPIC PARAMETERS:
     Cl   1    Vxx=    0.2109    axis=( -0.788082  0.615563  0.003161)
     Cl   1    Vyy=    1.3373    axis=( -0.401258 -0.517597  0.755702)
     Cl   1    Vzz=   -1.5482    axis=( -0.466818 -0.594286 -0.654909)
     Cl   1  Q=        -8.1650 1e-30 m^2  Cq=        29.7020 MHz  eta= 0.72758

     C    2    Vxx=    0.0468    axis=(  0.824364 -0.566058 -0.001483)
     C    2    Vyy=    0.5483    axis=(  0.441386  0.644437 -0.624404)
     C    2    Vzz=   -0.5952    axis=(  0.354405  0.514081  0.781100)
     C    2  Q=         1.0000 1e-30 m^2  Cq=        -1.3985 MHz  eta= 0.84259

     C    3    Vxx=    0.0445    axis=(  0.737649 -0.671645  0.069037)
     C    3    Vyy=    0.2878    axis=( -0.567116 -0.671823 -0.476480)
     C    3    Vzz=   -0.3322    axis=(  0.366407  0.312323 -0.876470)
     C    3  Q=         1.0000 1e-30 m^2  Cq=        -0.7806 MHz  eta= 0.73239

     H    4    Vxx=   -0.0856    axis=(  0.646148 -0.619551 -0.445702)
     H    4    Vyy=   -0.7646    axis=(  0.205510  0.703649 -0.680179)
     H    4    Vzz=    0.8503    axis=( -0.735023 -0.347900 -0.581985)
     H    4  Q=         1.0000 1e-30 m^2  Cq=         1.9978 MHz  eta= 0.79858

     C    5    Vxx=    0.0681    axis=(  0.575700 -0.757543 -0.307731)
     C    5    Vyy=    0.2327    axis=(  0.116617  0.448579 -0.886103)
     C    5    Vzz=   -0.3008    axis=(  0.809302  0.474242  0.346589)
     C    5  Q=         1.0000 1e-30 m^2  Cq=        -0.7067 MHz  eta= 0.54744

     H    6    Vxx=   -0.0250    axis=(  0.999843 -0.012036  0.013014)
     H    6    Vyy=   -0.7802    axis=(  0.017705  0.642091 -0.766424)
     H    6    Vzz=    0.8052    axis=(  0.000868  0.766534  0.642203)
     H    6  Q=         1.0000 1e-30 m^2  Cq=         1.8919 MHz  eta= 0.93796

     H    7    Vxx=   -0.0903    axis=( -0.461736  0.418719  0.781968)
     H    7    Vyy=   -0.1215    axis=(  0.871145  0.380089  0.310868)
     H    7    Vzz=    0.2118    axis=( -0.167052  0.824747 -0.540266)
     H    7  Q=         1.0000 1e-30 m^2  Cq=         0.4976 MHz  eta= 0.14706

     C    8    Vxx=    0.0698    axis=( -0.190401  0.675638  0.712222)
     C    8    Vyy=    0.7048    axis=(  0.071659 -0.713993  0.696476)
     C    8    Vzz=   -0.7746    axis=( -0.979088 -0.183647 -0.087530)
     C    8  Q=         1.0000 1e-30 m^2  Cq=        -1.8200 MHz  eta= 0.81978

     H    9    Vxx=    0.0161    axis=(  0.607994  0.747144 -0.268551)
     H    9    Vyy=    0.5105    axis=( -0.693101  0.334506 -0.638527)
     H    9    Vzz=   -0.5266    axis=( -0.387239  0.574353  0.721224)
     H    9  Q=         1.0000 1e-30 m^2  Cq=        -1.2374 MHz  eta= 0.93881

     C   10    Vxx=    0.1550    axis=( -0.596832  0.668025  0.444448)
     C   10    Vyy=    0.2470    axis=(  0.573399 -0.032362  0.818637)
     C   10    Vzz=   -0.4020    axis=( -0.561253 -0.743435  0.363730)
     C   10  Q=         1.0000 1e-30 m^2  Cq=        -0.9444 MHz  eta= 0.22899

     C   11    Vxx=    0.0757    axis=(  0.094820  0.725064  0.682122)
     C   11    Vyy=    0.3844    axis=( -0.300090 -0.632517  0.714051)
     C   11    Vzz=   -0.4602    axis=( -0.949187  0.272405 -0.157609)
     C   11  Q=         1.0000 1e-30 m^2  Cq=        -1.0812 MHz  eta= 0.67094

     Cl  12    Vxx=    0.1242    axis=( -0.731467  0.616856  0.290594)
     Cl  12    Vyy=    2.5936    axis=(  0.654150  0.755101  0.043703)
     Cl  12    Vzz=   -2.7178    axis=(  0.192469 -0.222059  0.955848)
     Cl  12  Q=        -8.1650 1e-30 m^2  Cq=        52.1403 MHz  eta= 0.90857

     H   13    Vxx=   -0.1267    axis=(  0.912369 -0.201382  0.356410)
     H   13    Vyy=   -0.2034    axis=( -0.407558 -0.365046  0.837041)
     H   13    Vzz=    0.3301    axis=(  0.038460  0.908948  0.415131)
     H   13  Q=         1.0000 1e-30 m^2  Cq=         0.7756 MHz  eta= 0.23237

     C   14    Vxx=   -0.0849    axis=(  0.257398 -0.847262 -0.464642)
     C   14    Vyy=   -0.3439    axis=(  0.747022 -0.130536  0.651858)
     C   14    Vzz=    0.4289    axis=(  0.612947  0.514885 -0.599324)
     C   14  Q=         1.0000 1e-30 m^2  Cq=         1.0077 MHz  eta= 0.60391

     H   15    Vxx=    0.0078    axis=(  0.430084 -0.781470 -0.452032)
     H   15    Vyy=    0.6377    axis=( -0.869898 -0.224805 -0.439021)
     H   15    Vzz=   -0.6455    axis=(  0.241463  0.582038 -0.776484)
     H   15  Q=         1.0000 1e-30 m^2  Cq=        -1.5167 MHz  eta= 0.97592

     C   16    Vxx=   -0.1962    axis=(  0.258630 -0.699575 -0.666112)
     C   16    Vyy=   -0.3698    axis=( -0.885667  0.103549 -0.452626)
     C   16    Vzz=    0.5660    axis=(  0.385621  0.707017 -0.592810)
     C   16  Q=         1.0000 1e-30 m^2  Cq=         1.3298 MHz  eta= 0.30679

     C   17    Vxx=   -0.0304    axis=(  0.423322 -0.774210  0.470528)
     C   17    Vyy=   -0.4081    axis=(  0.057031  0.541101  0.839022)
     C   17    Vzz=    0.4385    axis=( -0.904182 -0.328342  0.273214)
     C   17  Q=         1.0000 1e-30 m^2  Cq=         1.0303 MHz  eta= 0.86119

     Cl  18    Vxx=    0.6025    axis=(  0.156194 -0.974604  0.160472)
     Cl  18    Vyy=    2.4310    axis=(  0.973184  0.124074 -0.193697)
     Cl  18    Vzz=   -3.0335    axis=(  0.168868  0.186423  0.967848)
     Cl  18  Q=        -8.1650 1e-30 m^2  Cq=        58.1966 MHz  eta= 0.60276

     H   19    Vxx=   -0.0716    axis=(  0.983614  0.156773  0.089025)
     H   19    Vyy=   -0.2400    axis=( -0.101644  0.074392  0.992035)
     H   19    Vzz=    0.3116    axis=(  0.148901 -0.984829  0.089109)
     H   19  Q=         1.0000 1e-30 m^2  Cq=         0.7321 MHz  eta= 0.54045

     C   20    Vxx=   -0.0139    axis=(  0.869624  0.346529  0.351671)
     C   20    Vyy=   -0.3848    axis=( -0.350308  0.935013 -0.055090)
     C   20    Vzz=    0.3986    axis=( -0.347907 -0.075285  0.934501)
     C   20  Q=         1.0000 1e-30 m^2  Cq=         0.9366 MHz  eta= 0.93048

     H   21    Vxx=   -0.0312    axis=( -0.134995 -0.892174 -0.431048)
     H   21    Vyy=   -0.5884    axis=(  0.383378  0.354117 -0.853008)
     H   21    Vzz=    0.6196    axis=(  0.913672 -0.280406  0.294236)
     H   21  Q=         1.0000 1e-30 m^2  Cq=         1.4559 MHz  eta= 0.89931

     C   22    Vxx=    0.0337    axis=( -0.261587  0.861163  0.435856)
     C   22    Vyy=    0.7705    axis=( -0.089762 -0.471328  0.877378)
     C   22    Vzz=   -0.8041    axis=(  0.960997  0.190387  0.200593)
     C   22  Q=         1.0000 1e-30 m^2  Cq=        -1.8894 MHz  eta= 0.91622

     C   23    Vxx=   -0.0060    axis=(  0.930195  0.325140 -0.170356)
     C   23    Vyy=   -0.5906    axis=( -0.303376  0.942253  0.141852)
     C   23    Vzz=    0.5966    axis=(  0.206640 -0.080269  0.975119)
     C   23  Q=         1.0000 1e-30 m^2  Cq=         1.4018 MHz  eta= 0.97997

     Cl  24    Vxx=    0.6263    axis=(  0.797597  0.576579 -0.177191)
     Cl  24    Vyy=    2.2952    axis=(  0.006672 -0.302171 -0.953231)
     Cl  24    Vzz=   -2.9214    axis=( -0.603154  0.759111 -0.244857)
     Cl  24  Q=        -8.1650 1e-30 m^2  Cq=        56.0464 MHz  eta= 0.57126

     Initialization:
     gipaw_setup  :      9.31s CPU     11.35s WALL (       1 calls)

     Linear response

     Apply operators

     Induced current

     Other routines
     efg          :      9.95s CPU     12.42s WALL (       1 calls)

     General routines
     calbec       :      3.17s CPU      4.36s WALL (      16 calls)
     fft          :      1.77s CPU      3.06s WALL (      15 calls)
     ffts         :      0.03s CPU      0.05s WALL (       2 calls)
     fftw         :      3.96s CPU      4.62s WALL (     672 calls)
     davcio       :      0.06s CPU      0.30s WALL (      32 calls)

     Parallel routines
     fft_scatter  :      2.50s CPU      4.32s WALL (     689 calls)

     Plugins

     GIPAW        :     61.93s CPU     73.81s WALL (       1 calls)
