
     Program QE v.6.0 (svn rev. 13079) starts on 19Dec2016 at  9:51:45 

     This program is part of the open-source Quantum ESPRESSO suite
     for quantum simulation of materials; please cite
         "P. Giannozzi et al., J. Phys.:Condens. Matter 21 395502 (2009);
          URL http://www.quantum-espresso.org", 
     in publications or presentations arising from this work. More details at
     http://www.quantum-espresso.org/quote

     Parallel version (MPI), running on     8 processors
     R & G space division:  proc/nbgrp/npool/nimage =       8

     ***** This is GIPAW svn revision unknown      *****

     Parallelizing q-star over 1 images

     Reading data from directory:
     /users/majewski/paradichlorobenzene/pbe/9_constraint/scratch/pbe.ecut100.np8.dt60.pcl2phi-129368.save
     Message from routine read_xml_file:
     file /users/majewski/paradichlorobenzene/pbe/9_constraint/scratch/pbe.ecut100.np8.dt60.pcl2phi-129368.save not guaranteed to be safe for post-processing

   Info: using nr1, nr2, nr3 values from input

   Info: using nr1, nr2, nr3 values from input

     IMPORTANT: XC functional enforced from input :
     Exchange-correlation      =  SLA  PW   PBX  PBC ( 1  4  3  4 0 0)
     Any further DFT definition will be discarded
     Please, verify this is what you really want

               file C.pbe-n-kjpaw_psl.1.0.0.UPF: wavefunction(s)  2S 2P renormalized
               file Cl.pbe-n-kjpaw_psl.1.0.0.UPF: wavefunction(s)  3S 3P renormalized
               file H.pbe-kjpaw_psl.1.0.0.UPF: wavefunction(s)  1S renormalized

     Parallelization info
     --------------------
     sticks:   dense  smooth     PW     G-vecs:    dense   smooth      PW
     Min        3057    1223    332               144436    36536    5170
     Max        3059    1225    333               144437    36537    5171
     Sum       24467    9791   2657              1155489   292295   41363


     Subspace diagonalization in iterative solution of the eigenvalue problem:
     a serial algorithm will be used

     GIPAW projectors -----------------------------------------------
     atom=  C    l=0  rc=    1.2000  rs=    0.8000
     atom=  C    l=0  rc=    1.2000  rs=    0.8000
     atom=  C    l=1  rc=    1.4000  rs=    0.9333
     atom=  C    l=1  rc=    1.4000  rs=    0.9333
     projs nearly linearly dependent: l=1  n1,n2= 1, 2  s=  0.99951561

     atom=  Cl   l=0  rc=    1.6000  rs=    1.0667
     atom=  Cl   l=0  rc=    1.6000  rs=    1.0667
     atom=  Cl   l=1  rc=    1.6000  rs=    1.0667
     atom=  Cl   l=1  rc=    1.6000  rs=    1.0667
     atom=  Cl   l=2  rc=    1.6000  rs=    1.0667
     atom=  Cl   l=2  rc=    1.6000  rs=    1.0667
     projs nearly linearly dependent: l=2  n1,n2= 1, 2  s=  0.99993509

     atom=  H    l=0  rc=    1.0000  rs=    0.6667
     atom=  H    l=0  rc=    1.0000  rs=    0.6667
     projs nearly linearly dependent: l=0  n1,n2= 1, 2  s=  0.99968852
     -----------------------------------------------------------------

     GIPAW integrals: -------------------------------------------
     Atom  i/j   nmr_para   nmr_dia   epr_rmc  epr_para   epr_dia
       C   1 1   0.83E+03  0.17E-01  0.93E+01  0.24E+08  0.24E+03
       C   2 1   0.86E+03 -0.61E-01  0.94E+01  0.25E+08  0.25E+03
       C   2 2   0.90E+03 -0.15E+00  0.97E+01  0.26E+08  0.26E+03
       C   3 3   0.33E+01  0.34E+00  0.18E+01  0.55E+03  0.21E+02
       C   4 3   0.35E+01  0.37E+00  0.20E+01  0.59E+03  0.22E+02
       C   4 4   0.38E+01  0.39E+00  0.22E+01  0.63E+03  0.24E+02
       Cl  1 1   0.14E+04 -0.47E+00  0.84E+01  0.32E+09  0.42E+03
       Cl  2 1   0.21E+04 -0.37E+00  0.12E+02  0.49E+09  0.65E+03
       Cl  2 2   0.33E+04 -0.16E+00  0.21E+02  0.76E+09  0.10E+04
       Cl  3 3   0.21E+02  0.79E-01  0.89E+01  0.23E+05  0.13E+03
       Cl  4 3   0.24E+02  0.67E-01  0.99E+01  0.27E+05  0.15E+03
       Cl  4 4   0.28E+02  0.44E-01  0.11E+02  0.32E+05  0.18E+03
       Cl  5 5   0.77E+00  0.19E+00  0.18E+01  0.12E+03  0.22E+02
       Cl  6 5   0.80E+00  0.19E+00  0.19E+01  0.12E+03  0.23E+02
       Cl  6 6   0.83E+00  0.20E+00  0.19E+01  0.12E+03  0.23E+02
       H   1 1   0.39E+02  0.19E+00  0.29E+00  0.78E+05  0.13E+02
       H   2 1   0.41E+02  0.21E+00  0.32E+00  0.82E+05  0.14E+02
       H   2 2   0.43E+02  0.22E+00  0.36E+00  0.86E+05  0.15E+02
     ------------------------------------------------------------

     alpha_pv=     33.7590 eV

     Number of occupied bands for each k-point:
     k-point:     1    nbnd_occ=  42
     k-point:     2    nbnd_occ=  42
     k-point:     3    nbnd_occ=  42
     k-point:     4    nbnd_occ=  42
     k-point:     5    nbnd_occ=  42
     k-point:     6    nbnd_occ=  42
     k-point:     7    nbnd_occ=  42
     k-point:     8    nbnd_occ=  42
     k-point:     9    nbnd_occ=  42
     k-point:    10    nbnd_occ=  42
     k-point:    11    nbnd_occ=  42
     k-point:    12    nbnd_occ=  42
     k-point:    13    nbnd_occ=  42
     k-point:    14    nbnd_occ=  42
     k-point:    15    nbnd_occ=  42
     k-point:    16    nbnd_occ=  42


     q-space interpolation up to   110.00 Rydberg

     GIPAW job: efg                                                                             


     ELECTRIC FIELD GRADIENTS TENSORS IN Hartree/bohrradius^2:

     ----- bare term -----
     Cl   1       -0.123255        0.088840       -0.032512
     Cl   1        0.088840       -0.069698       -0.000817
     Cl   1       -0.032512       -0.000817        0.192954

     C    2       -0.073389       -0.006843       -0.503978
     C    2       -0.006843       -0.287627       -0.515885
     C    2       -0.503978       -0.515885        0.361016

     C    3       -0.144342        0.431708       -0.321161
     C    3        0.431708       -0.280638       -0.284866
     C    3       -0.321161       -0.284866        0.424980

     H    4       -0.136540       -0.137169       -0.342109
     H    4       -0.137169        0.434836       -0.318276
     H    4       -0.342109       -0.318276       -0.298297

     C    5       -0.304785        0.097722       -0.447444
     C    5        0.097722        0.016979       -0.377890
     C    5       -0.447444       -0.377890        0.287805

     H    6        0.013676        0.215100        0.007973
     H    6        0.215100       -0.305547       -0.458300
     H    6        0.007973       -0.458300        0.291871

     H    7        0.491988        0.076118       -0.047372
     H    7        0.076118       -0.702368        0.005596
     H    7       -0.047372        0.005596        0.210381

     C    8       -0.314131       -0.266845       -0.304083
     C    8       -0.266845       -0.127940        0.414753
     C    8       -0.304083        0.414753        0.442070

     H    9       -0.473820        0.366905        0.199247
     H    9        0.366905        0.328723       -0.035925
     H    9        0.199247       -0.035925        0.145097

     C   10       -0.226759       -0.286073       -0.202314
     C   10       -0.286073       -0.332861        0.527280
     C   10       -0.202314        0.527280        0.559620

     C   11       -0.258332       -0.073231       -0.414165
     C   11       -0.073231       -0.013010        0.430394
     C   11       -0.414165        0.430394        0.271342

     Cl  12       -0.128509       -0.000453       -0.024361
     Cl  12       -0.000453       -0.110771        0.002106
     Cl  12       -0.024361        0.002106        0.239281

     H   13        0.357894       -0.122201       -0.061203
     H   13       -0.122201       -0.524689       -0.475080
     H   13       -0.061203       -0.475080        0.166794

     C   14       -0.253839        0.376695       -0.270569
     C   14        0.376695       -0.190090       -0.377436
     C   14       -0.270569       -0.377436        0.443929

     H   15       -0.320743       -0.154909       -0.612329
     H   15       -0.154909        0.396983       -0.151674
     H   15       -0.612329       -0.151674       -0.076240

     C   16       -0.313591        0.095815       -0.238317
     C   16        0.095815       -0.135775       -0.465088
     C   16       -0.238317       -0.465088        0.449366

     C   17       -0.077136        0.231843       -0.173706
     C   17        0.231843       -0.308083       -0.489694
     C   17       -0.173706       -0.489694        0.385219

     Cl  18       -0.051141       -0.061993       -0.033040
     Cl  18       -0.061993        0.000477       -0.110562
     Cl  18       -0.033040       -0.110562        0.050664

     H   19        0.222761        0.424318        0.140592
     H   19        0.424318       -0.546090        0.092398
     H   19        0.140592        0.092398        0.323329

     C   20       -0.259854       -0.361039       -0.377771
     C   20       -0.361039       -0.218370        0.300354
     C   20       -0.377771        0.300354        0.478224

     H   21       -0.507660        0.293182        0.238196
     H   21        0.293182        0.337599        0.016669
     H   21        0.238196        0.016669        0.170061

     C   22       -0.048011       -0.097297       -0.108976
     C   22       -0.097297       -0.332543        0.326430
     C   22       -0.108976        0.326430        0.380554

     C   23       -0.469402       -0.194695       -0.282222
     C   23       -0.194695       -0.036622        0.286121
     C   23       -0.282222        0.286121        0.506024

     Cl  24       -0.064897        0.004762       -0.109759
     Cl  24        0.004762       -0.070193        0.074053
     Cl  24       -0.109759        0.074053        0.135089

     ----- ionic term -----
     Cl   1        0.153457       -0.196823        0.055664
     Cl   1       -0.196823       -0.010361       -0.025703
     Cl   1        0.055664       -0.025703       -0.143096

     C    2        0.149535       -0.211917        0.313833
     C    2       -0.211917        0.131661        0.317008
     C    2        0.313833        0.317008       -0.281196

     C    3        0.184307       -0.313200        0.258429
     C    3       -0.313200        0.174212        0.313238
     C    3        0.258429        0.313238       -0.358519

     H    4        0.485199        0.284875        0.736915
     H    4        0.284875       -0.410763        0.271319
     H    4        0.736915        0.271319       -0.074437

     C    5        0.322004       -0.273452        0.355975
     C    5       -0.273452        0.027715        0.261439
     C    5        0.355975        0.261439       -0.349720

     H    6       -0.491593       -0.074171       -0.003267
     H    6       -0.074171        0.691847        0.674386
     H    6       -0.003267        0.674386       -0.200254

     H    7       -0.504152       -0.081669        0.019328
     H    7       -0.081669        0.985911       -0.387788
     H    7        0.019328       -0.387788       -0.481759

     C    8        0.382901        0.137357        0.061494
     C    8        0.137357        0.117928       -0.251793
     C    8        0.061494       -0.251793       -0.500829

     H    9        0.887799       -0.407682        0.290076
     H    9       -0.407682       -0.379073       -0.144458
     H    9        0.290076       -0.144458       -0.508725

     C   10        0.274381        0.140731        0.010967
     C   10        0.140731        0.198007       -0.328927
     C   10        0.010967       -0.328927       -0.472388

     C   11        0.307950        0.062427        0.137456
     C   11        0.062427        0.141330       -0.326304
     C   11        0.137456       -0.326304       -0.449280

     Cl  12        0.133031        0.184178       -0.035069
     Cl  12        0.184178       -0.003917       -0.024207
     Cl  12       -0.035069       -0.024207       -0.129114

     H   13       -0.531032        0.004938        0.010611
     H   13        0.004938        0.673309        0.688062
     H   13        0.010611        0.688062       -0.142278

     C   14        0.178430       -0.221354        0.308175
     C   14       -0.221354        0.098702        0.249068
     C   14        0.308175        0.249068       -0.277132

     H   15        0.584419        0.325982        0.660025
     H   15        0.325982       -0.423915        0.247959
     H   15        0.660025        0.247959       -0.160504

     C   16        0.102628       -0.219930        0.252731
     C   16       -0.219930        0.167493        0.357405
     C   16        0.252731        0.357405       -0.270121

     C   17        0.140937       -0.168640        0.338848
     C   17       -0.168640        0.109031        0.413784
     C   17        0.338848        0.413784       -0.249969

     Cl  18        0.119815       -0.215386        0.018670
     Cl  18       -0.215386        0.037929       -0.009070
     Cl  18        0.018670       -0.009070       -0.157744

     H   19       -0.503776       -0.158623        0.074208
     H   19       -0.158623        0.719196       -0.651718
     H   19        0.074208       -0.651718       -0.215420

     C   20        0.358762        0.129163        0.125020
     C   20        0.129163        0.082748       -0.309415
     C   20        0.125020       -0.309415       -0.441510

     H   21        0.874239       -0.308281        0.421116
     H   21       -0.308281       -0.421127       -0.173620
     H   21        0.421116       -0.173620       -0.453111

     C   22        0.243091        0.223530        0.053675
     C   22        0.223530        0.187730       -0.370465
     C   22        0.053675       -0.370465       -0.430821

     C   23        0.315749        0.125668        0.142671
     C   23        0.125668        0.134126       -0.321739
     C   23        0.142671       -0.321739       -0.449876

     Cl  24        0.144619        0.206413        0.000461
     Cl  24        0.206413        0.013903       -0.002806
     Cl  24        0.000461       -0.002806       -0.158522

     ----- GIPAW term -----
     Cl   1       -0.836438       -1.313866       -0.319752
     Cl   1       -1.313866       -1.496693       -0.155957
     Cl   1       -0.319752       -0.155957        2.333131

     C    2        0.028347       -0.093657       -0.188247
     C    2       -0.093657       -0.116996       -0.116073
     C    2       -0.188247       -0.116073        0.088649

     C    3        0.072179        0.014644       -0.178219
     C    3        0.014644       -0.117949        0.009917
     C    3       -0.178219        0.009917        0.045769

     H    4       -0.000000        0.000000        0.000000
     H    4        0.000000        0.000000        0.000000
     H    4        0.000000        0.000000        0.000000

     C    5        0.083441        0.033080       -0.043408
     C    5        0.033080       -0.060017       -0.059929
     C    5       -0.043408       -0.059929       -0.023423

     H    6       -0.000000        0.000000        0.000000
     H    6        0.000000        0.000000        0.000000
     H    6        0.000000        0.000000        0.000000

     H    7       -0.000000        0.000000        0.000000
     H    7        0.000000        0.000000        0.000000
     H    7        0.000000        0.000000        0.000000

     C    8       -0.029968       -0.051295       -0.040131
     C    8       -0.051295       -0.046878        0.085688
     C    8       -0.040131        0.085688        0.076846

     H    9       -0.000000        0.000000        0.000000
     H    9        0.000000        0.000000        0.000000
     H    9        0.000000        0.000000        0.000000

     C   10       -0.124402       -0.055073       -0.094449
     C   10       -0.055073       -0.098152        0.163399
     C   10       -0.094449        0.163399        0.222554

     C   11        0.038148        0.086974       -0.066092
     C   11        0.086974        0.031599        0.048923
     C   11       -0.066092        0.048923       -0.069747

     Cl  12        0.067030        2.016906       -0.353960
     Cl  12        2.016906       -1.075062       -0.017449
     Cl  12       -0.353960       -0.017449        1.008031

     H   13       -0.000000        0.000000        0.000000
     H   13        0.000000        0.000000        0.000000
     H   13        0.000000        0.000000        0.000000

     C   14        0.039480        0.086672       -0.049504
     C   14        0.086672       -0.081718       -0.079144
     C   14       -0.049504       -0.079144        0.042239

     H   15       -0.000000        0.000000        0.000000
     H   15        0.000000        0.000000        0.000000
     H   15        0.000000        0.000000        0.000000

     C   16       -0.104142       -0.033527        0.039293
     C   16       -0.033527       -0.068618       -0.102252
     C   16        0.039293       -0.102252        0.172760

     C   17        0.090417       -0.073997        0.038774
     C   17       -0.073997       -0.090672       -0.064502
     C   17        0.038774       -0.064502        0.000255

     Cl  18        0.740544       -2.474422       -0.114956
     Cl  18       -2.474422        0.169405       -1.040143
     Cl  18       -0.114956       -1.040143       -0.909949

     H   19       -0.000000        0.000000        0.000000
     H   19        0.000000        0.000000        0.000000
     H   19        0.000000        0.000000        0.000000

     C   20        0.003845       -0.124713       -0.195429
     C   20       -0.124713       -0.115157        0.124630
     C   20       -0.195429        0.124630        0.111312

     H   21       -0.000000        0.000000        0.000000
     H   21        0.000000        0.000000        0.000000
     H   21        0.000000        0.000000        0.000000

     C   22       -0.055414       -0.017158       -0.100942
     C   22       -0.017158       -0.103097        0.065757
     C   22       -0.100942        0.065757        0.158511

     C   23       -0.088913        0.031513       -0.151436
     C   23        0.031513       -0.113895        0.039422
     C   23       -0.151436        0.039422        0.202808

     Cl  24        0.474554        1.625351       -1.738479
     Cl  24        1.625351       -1.196488        0.727559
     Cl  24       -1.738479        0.727559        0.721934

     ----- total EFG -----
     Cl   1       -0.806236       -1.421849       -0.296600
     Cl   1       -1.421849       -1.576752       -0.182477
     Cl   1       -0.296600       -0.182477        2.382988

     C    2        0.104493       -0.312418       -0.378392
     C    2       -0.312418       -0.272962       -0.314949
     C    2       -0.378392       -0.314949        0.168469

     C    3        0.112144        0.133153       -0.240951
     C    3        0.133153       -0.224375        0.038290
     C    3       -0.240951        0.038290        0.112230

     H    4        0.348660        0.147706        0.394806
     H    4        0.147706        0.024074       -0.046957
     H    4        0.394806       -0.046957       -0.372733

     C    5        0.100661       -0.142650       -0.134877
     C    5       -0.142650       -0.015323       -0.176380
     C    5       -0.134877       -0.176380       -0.085338

     H    6       -0.477917        0.140929        0.004705
     H    6        0.140929        0.386300        0.216086
     H    6        0.004705        0.216086        0.091617

     H    7       -0.012165       -0.005551       -0.028044
     H    7       -0.005551        0.283543       -0.382191
     H    7       -0.028044       -0.382191       -0.271378

     C    8        0.038803       -0.180783       -0.282720
     C    8       -0.180783       -0.056890        0.248648
     C    8       -0.282720        0.248648        0.018087

     H    9        0.413979       -0.040777        0.489323
     H    9       -0.040777       -0.050350       -0.180383
     H    9        0.489323       -0.180383       -0.363628

     C   10       -0.076780       -0.200415       -0.285796
     C   10       -0.200415       -0.233007        0.361752
     C   10       -0.285796        0.361752        0.309787

     C   11        0.087766        0.076170       -0.342801
     C   11        0.076170        0.159918        0.153013
     C   11       -0.342801        0.153013       -0.247684

     Cl  12        0.071551        2.200631       -0.413390
     Cl  12        2.200631       -1.189750       -0.039550
     Cl  12       -0.413390       -0.039550        1.118199

     H   13       -0.173137       -0.117264       -0.050593
     H   13       -0.117264        0.148621        0.212981
     H   13       -0.050593        0.212981        0.024517

     C   14       -0.035929        0.242012       -0.011898
     C   14        0.242012       -0.173107       -0.207512
     C   14       -0.011898       -0.207512        0.209036

     H   15        0.263677        0.171073        0.047696
     H   15        0.171073       -0.026932        0.096285
     H   15        0.047696        0.096285       -0.236745

     C   16       -0.315105       -0.157642        0.053706
     C   16       -0.157642       -0.036900       -0.209936
     C   16        0.053706       -0.209936        0.352006

     C   17        0.154219       -0.010795        0.203917
     C   17       -0.010795       -0.289724       -0.140412
     C   17        0.203917       -0.140412        0.135506

     Cl  18        0.809219       -2.751801       -0.129326
     Cl  18       -2.751801        0.207810       -1.159775
     Cl  18       -0.129326       -1.159775       -1.017029

     H   19       -0.281015        0.265695        0.214800
     H   19        0.265695        0.173106       -0.559320
     H   19        0.214800       -0.559320        0.107909

     C   20        0.102752       -0.356589       -0.448179
     C   20       -0.356589       -0.250778        0.115570
     C   20       -0.448179        0.115570        0.148026

     H   21        0.366579       -0.015099        0.659312
     H   21       -0.015099       -0.083529       -0.156951
     H   21        0.659312       -0.156951       -0.283051

     C   22        0.139666        0.109075       -0.156243
     C   22        0.109075       -0.247910        0.021722
     C   22       -0.156243        0.021722        0.108244

     C   23       -0.242565       -0.037514       -0.290986
     C   23       -0.037514       -0.016391        0.003803
     C   23       -0.290986        0.003803        0.258956

     Cl  24        0.554277        1.836525       -1.847777
     Cl  24        1.836525       -1.252778        0.798806
     Cl  24       -1.847777        0.798806        0.698502

     ----- total EFG (symmetrized) -----
     Cl   1       -0.806236       -1.421849       -0.296600
     Cl   1       -1.421849       -1.576752       -0.182477
     Cl   1       -0.296600       -0.182477        2.382988

     C    2        0.104493       -0.312418       -0.378392
     C    2       -0.312418       -0.272962       -0.314949
     C    2       -0.378392       -0.314949        0.168469

     C    3        0.112144        0.133153       -0.240951
     C    3        0.133153       -0.224375        0.038290
     C    3       -0.240951        0.038290        0.112230

     H    4        0.348660        0.147706        0.394806
     H    4        0.147706        0.024074       -0.046957
     H    4        0.394806       -0.046957       -0.372733

     C    5        0.100661       -0.142650       -0.134877
     C    5       -0.142650       -0.015323       -0.176380
     C    5       -0.134877       -0.176380       -0.085338

     H    6       -0.477917        0.140929        0.004705
     H    6        0.140929        0.386300        0.216086
     H    6        0.004705        0.216086        0.091617

     H    7       -0.012165       -0.005551       -0.028044
     H    7       -0.005551        0.283543       -0.382191
     H    7       -0.028044       -0.382191       -0.271378

     C    8        0.038803       -0.180783       -0.282720
     C    8       -0.180783       -0.056890        0.248648
     C    8       -0.282720        0.248648        0.018087

     H    9        0.413979       -0.040777        0.489323
     H    9       -0.040777       -0.050350       -0.180383
     H    9        0.489323       -0.180383       -0.363628

     C   10       -0.076780       -0.200415       -0.285796
     C   10       -0.200415       -0.233007        0.361752
     C   10       -0.285796        0.361752        0.309787

     C   11        0.087766        0.076170       -0.342801
     C   11        0.076170        0.159918        0.153013
     C   11       -0.342801        0.153013       -0.247684

     Cl  12        0.071551        2.200631       -0.413390
     Cl  12        2.200631       -1.189750       -0.039550
     Cl  12       -0.413390       -0.039550        1.118199

     H   13       -0.173137       -0.117264       -0.050593
     H   13       -0.117264        0.148621        0.212981
     H   13       -0.050593        0.212981        0.024517

     C   14       -0.035929        0.242012       -0.011898
     C   14        0.242012       -0.173107       -0.207512
     C   14       -0.011898       -0.207512        0.209036

     H   15        0.263677        0.171073        0.047696
     H   15        0.171073       -0.026932        0.096285
     H   15        0.047696        0.096285       -0.236745

     C   16       -0.315105       -0.157642        0.053706
     C   16       -0.157642       -0.036900       -0.209936
     C   16        0.053706       -0.209936        0.352006

     C   17        0.154219       -0.010795        0.203917
     C   17       -0.010795       -0.289724       -0.140412
     C   17        0.203917       -0.140412        0.135506

     Cl  18        0.809219       -2.751801       -0.129326
     Cl  18       -2.751801        0.207810       -1.159775
     Cl  18       -0.129326       -1.159775       -1.017029

     H   19       -0.281015        0.265695        0.214800
     H   19        0.265695        0.173106       -0.559320
     H   19        0.214800       -0.559320        0.107909

     C   20        0.102752       -0.356589       -0.448179
     C   20       -0.356589       -0.250778        0.115570
     C   20       -0.448179        0.115570        0.148026

     H   21        0.366579       -0.015099        0.659312
     H   21       -0.015099       -0.083529       -0.156951
     H   21        0.659312       -0.156951       -0.283051

     C   22        0.139666        0.109075       -0.156243
     C   22        0.109075       -0.247910        0.021722
     C   22       -0.156243        0.021722        0.108244

     C   23       -0.242565       -0.037514       -0.290986
     C   23       -0.037514       -0.016391        0.003803
     C   23       -0.290986        0.003803        0.258956

     Cl  24        0.554277        1.836525       -1.847777
     Cl  24        1.836525       -1.252778        0.798806
     Cl  24       -1.847777        0.798806        0.698502


     NQR/NMR SPECTROSCOPIC PARAMETERS:
     Cl   1    Vxx=    0.2744    axis=(  0.788949 -0.611712  0.058038)
     Cl   1    Vyy=    2.4111    axis=(  0.085106  0.015243 -0.996255)
     Cl   1    Vzz=   -2.6855    axis=(  0.608536  0.790934  0.064086)
     Cl   1  Q=        -8.1650 1e-30 m^2  Cq=        51.5198 MHz  eta= 0.79566

     C    2    Vxx=    0.1847    axis=( -0.558179  0.694012 -0.454734)
     C    2    Vyy=    0.5170    axis=(  0.659475  0.038499 -0.750740)
     C    2    Vzz=   -0.7017    axis=(  0.503516  0.718933  0.479173)
     C    2  Q=         1.0000 1e-30 m^2  Cq=        -1.6487 MHz  eta= 0.47363

     C    3    Vxx=   -0.0497    axis=( -0.525815 -0.544093 -0.653821)
     C    3    Vyy=   -0.3116    axis=(  0.448743 -0.830430  0.330175)
     C    3    Vzz=    0.3612    axis=( -0.722598 -0.119786  0.680811)
     C    3  Q=         1.0000 1e-30 m^2  Cq=         0.8488 MHz  eta= 0.72492

     H    4    Vxx=    0.0161    axis=( -0.130885  0.959674 -0.248788)
     H    4    Vyy=    0.5489    axis=( -0.900709 -0.219960 -0.374621)
     H    4    Vzz=   -0.5650    axis=( -0.414237  0.175053  0.893176)
     H    4  Q=         1.0000 1e-30 m^2  Cq=        -1.3276 MHz  eta= 0.94300

     C    5    Vxx=    0.1224    axis=( -0.272965 -0.638649  0.719457)
     C    5    Vyy=    0.1981    axis=( -0.865145  0.490029  0.106750)
     C    5    Vzz=   -0.3205    axis=( -0.420731 -0.593295 -0.686284)
     C    5  Q=         1.0000 1e-30 m^2  Cq=        -0.7531 MHz  eta= 0.23618

     H    6    Vxx=   -0.0149    axis=( -0.123798 -0.436504  0.891145)
     H    6    Vyy=   -0.5019    axis=( -0.984105  0.169239 -0.053815)
     H    6    Vzz=    0.5168    axis=( -0.127326 -0.883642 -0.450517)
     H    6  Q=         1.0000 1e-30 m^2  Cq=         1.2142 MHz  eta= 0.94241

     H    7    Vxx=   -0.0106    axis=(  0.998056 -0.041534 -0.046464)
     H    7    Vyy=   -0.4679    axis=(  0.060258  0.452889  0.889528)
     H    7    Vzz=    0.4785    axis=( -0.015903 -0.890599  0.454511)
     H    7  Q=         1.0000 1e-30 m^2  Cq=         1.1243 MHz  eta= 0.95558

     C    8    Vxx=   -0.1925    axis=(  0.711039  0.688812  0.141284)
     C    8    Vyy=   -0.2900    axis=(  0.364135 -0.532597  0.764033)
     C    8    Vzz=    0.4825    axis=( -0.601522  0.491811  0.629518)
     C    8  Q=         1.0000 1e-30 m^2  Cq=         1.1337 MHz  eta= 0.20203

     H    9    Vxx=   -0.0328    axis=(  0.251276  0.956261 -0.149748)
     H    9    Vyy=   -0.6362    axis=( -0.401807  0.243807  0.882672)
     H    9    Vzz=    0.6690    axis=(  0.880574 -0.161624  0.445496)
     H    9  Q=         1.0000 1e-30 m^2  Cq=         1.5719 MHz  eta= 0.90189

     C   10    Vxx=   -0.2283    axis=( -0.874517  0.029197 -0.484115)
     C   10    Vyy=   -0.4259    axis=( -0.227835 -0.905920  0.356931)
     C   10    Vzz=    0.6542    axis=( -0.428148  0.422441  0.798895)
     C   10  Q=         1.0000 1e-30 m^2  Cq=         1.5372 MHz  eta= 0.30209

     C   11    Vxx=    0.2009    axis=(  0.262081  0.956776  0.126067)
     C   11    Vyy=    0.3042    axis=( -0.820158  0.151980  0.551581)
     C   11    Vzz=   -0.5051    axis=(  0.508580 -0.247954  0.824539)
     C   11  Q=         1.0000 1e-30 m^2  Cq=        -1.1869 MHz  eta= 0.20440

     Cl  12    Vxx=    0.9665    axis=(  0.304331  0.293973  0.906070)
     Cl  12    Vyy=    1.8937    axis=(  0.736309  0.530872 -0.419552)
     Cl  12    Vzz=   -2.8603    axis=( -0.604344  0.794830 -0.054894)
     Cl  12  Q=        -8.1650 1e-30 m^2  Cq=        54.8725 MHz  eta= 0.32417

     H   13    Vxx=   -0.1246    axis=(  0.333471 -0.486367  0.807617)
     H   13    Vyy=   -0.2140    axis=( -0.912597 -0.381493  0.147074)
     H   13    Vzz=    0.3386    axis=(  0.236568 -0.786073 -0.571073)
     H   13  Q=         1.0000 1e-30 m^2  Cq=         0.7957 MHz  eta= 0.26390

     C   14    Vxx=    0.0603    axis=(  0.778467  0.335586  0.530444)
     C   14    Vyy=    0.3393    axis=( -0.339122 -0.486263  0.805323)
     C   14    Vzz=   -0.3996    axis=(  0.528190 -0.806803 -0.264735)
     C   14  Q=         1.0000 1e-30 m^2  Cq=        -0.9390 MHz  eta= 0.69827

     H   15    Vxx=   -0.0799    axis=(  0.455315 -0.813791 -0.361156)
     H   15    Vyy=   -0.2750    axis=(  0.041006 -0.386044  0.921568)
     H   15    Vzz=    0.3549    axis=( -0.889386 -0.434413 -0.142402)
     H   15  Q=         1.0000 1e-30 m^2  Cq=         0.8338 MHz  eta= 0.54961

     C   16    Vxx=   -0.0721    axis=( -0.415962  0.792944  0.445214)
     C   16    Vyy=   -0.3885    axis=( -0.897251 -0.437564 -0.058980)
     C   16    Vzz=    0.4605    axis=(  0.148042 -0.424002  0.893480)
     C   16  Q=         1.0000 1e-30 m^2  Cq=         1.0821 MHz  eta= 0.68698

     C   17    Vxx=   -0.0288    axis=( -0.716287 -0.307417  0.626440)
     C   17    Vyy=   -0.3375    axis=(  0.115464 -0.937569 -0.328075)
     C   17    Vzz=    0.3663    axis=(  0.688186 -0.162665  0.707064)
     C   17  Q=         1.0000 1e-30 m^2  Cq=         0.8606 MHz  eta= 0.84300

     Cl  18    Vxx=   -0.5941    axis=(  0.438942  0.264209 -0.858792)
     Cl  18    Vyy=   -2.7909    axis=( -0.541235 -0.685183 -0.487432)
     Cl  18    Vzz=    3.3850    axis=( -0.717213  0.678762 -0.157757)
     Cl  18  Q=        -8.1650 1e-30 m^2  Cq=       -64.9404 MHz  eta= 0.64897

     H   19    Vxx=   -0.0066    axis=(  0.772527  0.397952  0.494810)
     H   19    Vyy=   -0.6966    axis=( -0.632857  0.546241  0.548737)
     H   19    Vzz=    0.7032    axis=( -0.051915 -0.737058  0.673832)
     H   19  Q=         1.0000 1e-30 m^2  Cq=         1.6521 MHz  eta= 0.98132

     C   20    Vxx=   -0.1770    axis=(  0.355744 -0.610425  0.707692)
     C   20    Vyy=   -0.5162    axis=( -0.630190 -0.715857 -0.300683)
     C   20    Vzz=    0.6931    axis=(  0.690150 -0.339014 -0.639345)
     C   20  Q=         1.0000 1e-30 m^2  Cq=         1.6285 MHz  eta= 0.48939

     H   21    Vxx=   -0.0692    axis=(  0.196981  0.974454 -0.107882)
     H   21    Vyy=   -0.7182    axis=( -0.507373  0.195478  0.839262)
     H   21    Vzz=    0.7874    axis=(  0.838911 -0.110582  0.532917)
     H   21  Q=         1.0000 1e-30 m^2  Cq=         1.8501 MHz  eta= 0.82422

     C   22    Vxx=   -0.0025    axis=( -0.576848 -0.322837 -0.750348)
     C   22    Vyy=   -0.2870    axis=(  0.302331 -0.937733  0.171035)
     C   22    Vzz=    0.2896    axis=( -0.758843 -0.128193  0.638533)
     C   22  Q=         1.0000 1e-30 m^2  Cq=         0.6804 MHz  eta= 0.98256

     C   23    Vxx=   -0.0144    axis=( -0.061885  0.994894 -0.079729)
     C   23    Vyy=   -0.3789    axis=( -0.906342 -0.089471 -0.412965)
     C   23    Vzz=    0.3932    axis=( -0.417989  0.046705  0.907251)
     C   23  Q=         1.0000 1e-30 m^2  Cq=         0.9239 MHz  eta= 0.92695

     Cl  24    Vxx=    0.5204    axis=(  0.349807  0.661243  0.663621)
     Cl  24    Vyy=    2.6388    axis=( -0.750214 -0.226537  0.621177)
     Cl  24    Vzz=   -3.1592    axis=( -0.561084  0.715149 -0.416829)
     Cl  24  Q=        -8.1650 1e-30 m^2  Cq=        60.6086 MHz  eta= 0.67052

     Initialization:
     gipaw_setup  :      9.18s CPU     10.80s WALL (       1 calls)

     Linear response

     Apply operators

     Induced current

     Other routines
     efg          :      9.35s CPU     12.21s WALL (       1 calls)

     General routines
     calbec       :      3.26s CPU      4.67s WALL (      16 calls)
     fft          :      1.41s CPU      1.77s WALL (      15 calls)
     ffts         :      0.03s CPU      0.05s WALL (       2 calls)
     fftw         :      3.38s CPU      4.18s WALL (     672 calls)
     davcio       :      0.03s CPU      0.33s WALL (      32 calls)

     Parallel routines
     fft_scatter  :      2.03s CPU      3.03s WALL (     689 calls)

     Plugins

     GIPAW        :     62.26s CPU     73.85s WALL (       1 calls)
