
     Program QE v.6.0 (svn rev. 13079) starts on 31Dec2016 at 19: 5:49 

     This program is part of the open-source Quantum ESPRESSO suite
     for quantum simulation of materials; please cite
         "P. Giannozzi et al., J. Phys.:Condens. Matter 21 395502 (2009);
          URL http://www.quantum-espresso.org", 
     in publications or presentations arising from this work. More details at
     http://www.quantum-espresso.org/quote

     Parallel version (MPI), running on     8 processors
     R & G space division:  proc/nbgrp/npool/nimage =       8

     ***** This is GIPAW svn revision unknown      *****

     Parallelizing q-star over 1 images

     Reading data from directory:
     /users/majewski/paradichlorobenzene/pbe/9_constraint/scratch/pbe.ecut100.np8.dt60.pcl2phi-129368.save
     Message from routine read_xml_file:
     file /users/majewski/paradichlorobenzene/pbe/9_constraint/scratch/pbe.ecut100.np8.dt60.pcl2phi-129368.save not guaranteed to be safe for post-processing

   Info: using nr1, nr2, nr3 values from input

   Info: using nr1, nr2, nr3 values from input

     IMPORTANT: XC functional enforced from input :
     Exchange-correlation      =  SLA  PW   PBX  PBC ( 1  4  3  4 0 0)
     Any further DFT definition will be discarded
     Please, verify this is what you really want

               file C.pbe-n-kjpaw_psl.1.0.0.UPF: wavefunction(s)  2S 2P renormalized
               file Cl.pbe-n-kjpaw_psl.1.0.0.UPF: wavefunction(s)  3S 3P renormalized
               file H.pbe-kjpaw_psl.1.0.0.UPF: wavefunction(s)  1S renormalized

     Parallelization info
     --------------------
     sticks:   dense  smooth     PW     G-vecs:    dense   smooth      PW
     Min        3057    1223    332               144436    36536    5170
     Max        3059    1225    333               144437    36537    5171
     Sum       24467    9791   2657              1155489   292295   41363


     Subspace diagonalization in iterative solution of the eigenvalue problem:
     a serial algorithm will be used

     GIPAW projectors -----------------------------------------------
     atom=  C    l=0  rc=    1.2000  rs=    0.8000
     atom=  C    l=0  rc=    1.2000  rs=    0.8000
     atom=  C    l=1  rc=    1.4000  rs=    0.9333
     atom=  C    l=1  rc=    1.4000  rs=    0.9333
     projs nearly linearly dependent: l=1  n1,n2= 1, 2  s=  0.99951561

     atom=  Cl   l=0  rc=    1.6000  rs=    1.0667
     atom=  Cl   l=0  rc=    1.6000  rs=    1.0667
     atom=  Cl   l=1  rc=    1.6000  rs=    1.0667
     atom=  Cl   l=1  rc=    1.6000  rs=    1.0667
     atom=  Cl   l=2  rc=    1.6000  rs=    1.0667
     atom=  Cl   l=2  rc=    1.6000  rs=    1.0667
     projs nearly linearly dependent: l=2  n1,n2= 1, 2  s=  0.99993509

     atom=  H    l=0  rc=    1.0000  rs=    0.6667
     atom=  H    l=0  rc=    1.0000  rs=    0.6667
     projs nearly linearly dependent: l=0  n1,n2= 1, 2  s=  0.99968852
     -----------------------------------------------------------------

     GIPAW integrals: -------------------------------------------
     Atom  i/j   nmr_para   nmr_dia   epr_rmc  epr_para   epr_dia
       C   1 1   0.83E+03  0.17E-01  0.93E+01  0.24E+08  0.24E+03
       C   2 1   0.86E+03 -0.61E-01  0.94E+01  0.25E+08  0.25E+03
       C   2 2   0.90E+03 -0.15E+00  0.97E+01  0.26E+08  0.26E+03
       C   3 3   0.33E+01  0.34E+00  0.18E+01  0.55E+03  0.21E+02
       C   4 3   0.35E+01  0.37E+00  0.20E+01  0.59E+03  0.22E+02
       C   4 4   0.38E+01  0.39E+00  0.22E+01  0.63E+03  0.24E+02
       Cl  1 1   0.14E+04 -0.47E+00  0.84E+01  0.32E+09  0.42E+03
       Cl  2 1   0.21E+04 -0.37E+00  0.12E+02  0.49E+09  0.65E+03
       Cl  2 2   0.33E+04 -0.16E+00  0.21E+02  0.76E+09  0.10E+04
       Cl  3 3   0.21E+02  0.79E-01  0.89E+01  0.23E+05  0.13E+03
       Cl  4 3   0.24E+02  0.67E-01  0.99E+01  0.27E+05  0.15E+03
       Cl  4 4   0.28E+02  0.44E-01  0.11E+02  0.32E+05  0.18E+03
       Cl  5 5   0.77E+00  0.19E+00  0.18E+01  0.12E+03  0.22E+02
       Cl  6 5   0.80E+00  0.19E+00  0.19E+01  0.12E+03  0.23E+02
       Cl  6 6   0.83E+00  0.20E+00  0.19E+01  0.12E+03  0.23E+02
       H   1 1   0.39E+02  0.19E+00  0.29E+00  0.78E+05  0.13E+02
       H   2 1   0.41E+02  0.21E+00  0.32E+00  0.82E+05  0.14E+02
       H   2 2   0.43E+02  0.22E+00  0.36E+00  0.86E+05  0.15E+02
     ------------------------------------------------------------

     alpha_pv=     33.6310 eV

     Number of occupied bands for each k-point:
     k-point:     1    nbnd_occ=  42
     k-point:     2    nbnd_occ=  42
     k-point:     3    nbnd_occ=  42
     k-point:     4    nbnd_occ=  42
     k-point:     5    nbnd_occ=  42
     k-point:     6    nbnd_occ=  42
     k-point:     7    nbnd_occ=  42
     k-point:     8    nbnd_occ=  42
     k-point:     9    nbnd_occ=  42
     k-point:    10    nbnd_occ=  42
     k-point:    11    nbnd_occ=  42
     k-point:    12    nbnd_occ=  42
     k-point:    13    nbnd_occ=  42
     k-point:    14    nbnd_occ=  42
     k-point:    15    nbnd_occ=  42
     k-point:    16    nbnd_occ=  42


     q-space interpolation up to   110.00 Rydberg

     GIPAW job: efg                                                                             


     ELECTRIC FIELD GRADIENTS TENSORS IN Hartree/bohrradius^2:

     ----- bare term -----
     Cl   1       -0.014588        0.268475        0.027438
     Cl   1        0.268475       -0.127944       -0.027961
     Cl   1        0.027438       -0.027961        0.142532

     C    2        0.078075       -0.376252       -0.556990
     C    2       -0.376252       -0.235844       -0.547503
     C    2       -0.556990       -0.547503        0.157769

     C    3       -0.559757        0.339160       -0.193794
     C    3        0.339160        0.170951       -0.334521
     C    3       -0.193794       -0.334521        0.388805

     H    4       -0.341281       -0.465750       -0.252158
     H    4       -0.465750        0.028662       -0.026658
     H    4       -0.252158       -0.026658        0.312619

     C    5       -0.087422       -0.020131       -0.254299
     C    5       -0.020131       -0.012290       -0.417668
     C    5       -0.254299       -0.417668        0.099712

     H    6        0.443039       -0.177451       -0.004082
     H    6       -0.177451       -0.802518       -0.109366
     H    6       -0.004082       -0.109366        0.359479

     H    7        0.250548        0.005215        0.376489
     H    7        0.005215        0.133928        0.300386
     H    7        0.376489        0.300386       -0.384476

     C    8       -0.135106       -0.044638       -0.136824
     C    8       -0.044638        0.189619        0.082878
     C    8       -0.136824        0.082878       -0.054513

     H    9        0.165890        0.070088       -0.267713
     H    9        0.070088        0.381326       -0.154007
     H    9       -0.267713       -0.154007       -0.547216

     C   10        0.107736       -0.191018        0.068283
     C   10       -0.191018       -0.034171       -0.016345
     C   10        0.068283       -0.016345       -0.073564

     C   11       -0.073268       -0.096391       -0.338799
     C   11       -0.096391       -0.067311        0.225183
     C   11       -0.338799        0.225183        0.140579

     Cl  12        0.036782        0.041586        0.063254
     Cl  12        0.041586       -0.068295       -0.169000
     Cl  12        0.063254       -0.169000        0.031513

     H   13        0.174649       -0.379345        0.227140
     H   13       -0.379345       -0.444169        0.208906
     H   13        0.227140        0.208906        0.269520

     C   14       -0.282063        0.307919       -0.065330
     C   14        0.307919        0.189429        0.090645
     C   14       -0.065330        0.090645        0.092634

     H   15       -0.387085       -0.152472        0.218649
     H   15       -0.152472        0.175946       -0.095293
     H   15        0.218649       -0.095293        0.211140

     C   16        0.191061       -0.150208        0.286284
     C   16       -0.150208       -0.210188       -0.239275
     C   16        0.286284       -0.239275        0.019127

     C   17       -0.778548        0.403138       -0.324376
     C   17        0.403138        0.220502       -0.022278
     C   17       -0.324376       -0.022278        0.558046

     Cl  18       -0.034878       -0.019991        0.025246
     Cl  18       -0.019991       -0.015856        0.056624
     Cl  18        0.025246        0.056624        0.050734

     H   19        0.383426        0.051523       -0.055794
     H   19        0.051523       -0.371985        0.536926
     H   19       -0.055794        0.536926       -0.011440

     C   20       -0.317143       -0.352687       -0.376288
     C   20       -0.352687       -0.170192        0.359904
     C   20       -0.376288        0.359904        0.487335

     H   21       -0.251520        0.136888       -0.548150
     H   21        0.136888        0.356976        0.105147
     H   21       -0.548150        0.105147       -0.105456

     C   22       -0.170358       -0.224431       -0.329859
     C   22       -0.224431       -0.245507        0.509233
     C   22       -0.329859        0.509233        0.415865

     C   23       -0.145441       -0.347308       -0.254358
     C   23       -0.347308       -0.145600        0.504403
     C   23       -0.254358        0.504403        0.291041

     Cl  24        0.039467       -0.053777        0.042934
     Cl  24       -0.053777        0.010128       -0.052755
     Cl  24        0.042934       -0.052755       -0.049595

     ----- ionic term -----
     Cl   1        0.113541       -0.189445       -0.026476
     Cl   1       -0.189445        0.031235        0.023304
     Cl   1       -0.026476        0.023304       -0.144776

     C    2        0.307462       -0.035463        0.117183
     C    2       -0.035463        0.228388        0.345220
     C    2        0.117183        0.345220       -0.535851

     C    3        0.144957       -0.119023        0.148601
     C    3       -0.119023        0.304102        0.347054
     C    3        0.148601        0.347054       -0.449059

     H    4        0.753299        0.323208        0.583486
     H    4        0.323208       -0.408150        0.193560
     H    4        0.583486        0.193560       -0.345149

     C    5        0.275837       -0.070891        0.167781
     C    5       -0.070891        0.207047        0.251479
     C    5        0.167781        0.251479       -0.482884

     H    6       -0.515809        0.197301        0.067526
     H    6        0.197301        0.884359        0.484425
     H    6        0.067526        0.484425       -0.368550

     H    7       -0.531472        0.003971        0.017512
     H    7        0.003971        0.627351       -0.730887
     H    7        0.017512       -0.730887       -0.095878

     C    8        0.200979        0.244347        0.318231
     C    8        0.244347        0.012494       -0.274991
     C    8        0.318231       -0.274991       -0.213473

     H    9        0.507876       -0.212017        0.769745
     H    9       -0.212017       -0.466900       -0.219340
     H    9        0.769745       -0.219340       -0.040975

     C   10        0.129917        0.286127        0.228184
     C   10        0.286127        0.085994       -0.336421
     C   10        0.228184       -0.336421       -0.215911

     C   11        0.104478        0.270255        0.316155
     C   11        0.270255        0.028912       -0.341535
     C   11        0.316155       -0.341535       -0.133390

     Cl  12        0.115090        0.201238        0.026609
     Cl  12        0.201238        0.009608        0.004042
     Cl  12        0.026609        0.004042       -0.124698

     H   13       -0.456029        0.270928        0.058618
     H   13        0.270928        0.956906        0.364978
     H   13        0.058618        0.364978       -0.500878

     C   14        0.393688       -0.062425        0.102544
     C   14       -0.062425        0.182883        0.216361
     C   14        0.102544        0.216361       -0.576571

     H   15        1.010583        0.345534        0.249539
     H   15        0.345534       -0.380020        0.100298
     H   15        0.249539        0.100298       -0.630563

     C   16        0.232031       -0.126785        0.058248
     C   16       -0.126785        0.354436        0.264398
     C   16        0.058248        0.264398       -0.586468

     C   17        0.256059       -0.013383        0.210868
     C   17       -0.013383        0.304933        0.266881
     C   17        0.210868        0.266881       -0.560992

     Cl  18        0.140776       -0.206886        0.006413
     Cl  18       -0.206886        0.033096       -0.006051
     Cl  18        0.006413       -0.006051       -0.173872

     H   19       -0.525639        0.066683       -0.027901
     H   19        0.066683        0.377935       -0.784375
     H   19       -0.027901       -0.784375        0.147705

     C   20        0.199448        0.328397        0.303532
     C   20        0.328397       -0.046820       -0.275707
     C   20        0.303532       -0.275707       -0.152628

     H   21        0.345589       -0.145643        0.764720
     H   21       -0.145643       -0.510537       -0.223409
     H   21        0.764720       -0.223409        0.164947

     C   22        0.064323        0.366119        0.193260
     C   22        0.366119        0.107770       -0.411175
     C   22        0.193260       -0.411175       -0.172093

     C   23        0.101658        0.285680        0.333267
     C   23        0.285680        0.051441       -0.378573
     C   23        0.333267       -0.378573       -0.153099

     Cl  24        0.135038        0.224923        0.050705
     Cl  24        0.224923        0.037057        0.028475
     Cl  24        0.050705        0.028475       -0.172096

     ----- GIPAW term -----
     Cl   1        2.335909       -1.480730        0.232837
     Cl   1       -1.480730       -0.878912       -0.148716
     Cl   1        0.232837       -0.148716       -1.456997

     C    2        0.106786       -0.266506       -0.186855
     C    2       -0.266506       -0.042579        0.023178
     C    2       -0.186855        0.023178       -0.064208

     C    3       -0.195588       -0.022915       -0.025548
     C    3       -0.022915        0.239441       -0.075011
     C    3       -0.025548       -0.075011       -0.043853

     H    4       -0.000000        0.000000        0.000000
     H    4        0.000000        0.000000        0.000000
     H    4        0.000000        0.000000        0.000000

     C    5       -0.115231       -0.026984       -0.028312
     C    5       -0.026984        0.242411        0.027084
     C    5       -0.028312        0.027084       -0.127180

     H    6       -0.000000        0.000000        0.000000
     H    6        0.000000        0.000000        0.000000
     H    6        0.000000        0.000000        0.000000

     H    7       -0.000000        0.000000        0.000000
     H    7        0.000000        0.000000        0.000000
     H    7        0.000000        0.000000        0.000000

     C    8        0.005441       -0.024528       -0.046193
     C    8       -0.024528       -0.005631        0.032032
     C    8       -0.046193        0.032032        0.000190

     H    9       -0.000000        0.000000        0.000000
     H    9        0.000000        0.000000        0.000000
     H    9        0.000000        0.000000        0.000000

     C   10        0.011987       -0.009368       -0.005469
     C   10       -0.009368       -0.004887       -0.006880
     C   10       -0.005469       -0.006880       -0.007100

     C   11       -0.005945       -0.022353       -0.099134
     C   11       -0.022353       -0.006745        0.095760
     C   11       -0.099134        0.095760        0.012690

     Cl  12       -0.019222        0.035490       -0.943904
     Cl  12        0.035490        0.515467        1.517886
     Cl  12       -0.943904        1.517886       -0.496245

     H   13       -0.000000        0.000000        0.000000
     H   13        0.000000        0.000000        0.000000
     H   13        0.000000        0.000000        0.000000

     C   14        0.013544        0.001429       -0.003146
     C   14        0.001429        0.026611        0.030051
     C   14       -0.003146        0.030051       -0.040155

     H   15       -0.000000        0.000000        0.000000
     H   15        0.000000        0.000000        0.000000
     H   15        0.000000        0.000000        0.000000

     C   16        0.002744       -0.022291        0.049021
     C   16       -0.022291        0.024639        0.024947
     C   16        0.049021        0.024947       -0.027383

     C   17       -0.143374       -0.050313       -0.081250
     C   17       -0.050313        0.054351        0.161952
     C   17       -0.081250        0.161952        0.089023

     Cl  18        0.083703       -2.450691       -0.694978
     Cl  18       -2.450691        0.405130        1.741954
     Cl  18       -0.694978        1.741954       -0.488834

     H   19       -0.000000        0.000000        0.000000
     H   19        0.000000        0.000000        0.000000
     H   19        0.000000        0.000000        0.000000

     C   20       -0.008409       -0.102382       -0.142846
     C   20       -0.102382       -0.088935        0.107548
     C   20       -0.142846        0.107548        0.097344

     H   21       -0.000000        0.000000        0.000000
     H   21        0.000000        0.000000        0.000000
     H   21        0.000000        0.000000        0.000000

     C   22       -0.032732       -0.033764       -0.130461
     C   22       -0.033764       -0.053080        0.095129
     C   22       -0.130461        0.095129        0.085812

     C   23        0.065254       -0.079324       -0.180726
     C   23       -0.079324       -0.069882        0.152489
     C   23       -0.180726        0.152489        0.004628

     Cl  24        1.722158        1.639808        0.402458
     Cl  24        1.639808        0.094306       -0.404747
     Cl  24        0.402458       -0.404747       -1.816464

     ----- total EFG -----
     Cl   1        2.434862       -1.401699        0.233800
     Cl   1       -1.401699       -0.975622       -0.153373
     Cl   1        0.233800       -0.153373       -1.459241

     C    2        0.492324       -0.678221       -0.626661
     C    2       -0.678221       -0.050035       -0.179105
     C    2       -0.626661       -0.179105       -0.442289

     C    3       -0.610388        0.197222       -0.070741
     C    3        0.197222        0.714494       -0.062479
     C    3       -0.070741       -0.062479       -0.104107

     H    4        0.412018       -0.142541        0.331328
     H    4       -0.142541       -0.379488        0.166902
     H    4        0.331328        0.166902       -0.032531

     C    5        0.073183       -0.118006       -0.114830
     C    5       -0.118006        0.437169       -0.139105
     C    5       -0.114830       -0.139105       -0.510353

     H    6       -0.072770        0.019850        0.063445
     H    6        0.019850        0.081841        0.375059
     H    6        0.063445        0.375059       -0.009071

     H    7       -0.280924        0.009187        0.394001
     H    7        0.009187        0.761279       -0.430500
     H    7        0.394001       -0.430500       -0.480354

     C    8        0.071314        0.175182        0.135214
     C    8        0.175182        0.196482       -0.160082
     C    8        0.135214       -0.160082       -0.267796

     H    9        0.673766       -0.141929        0.502032
     H    9       -0.141929       -0.085575       -0.373347
     H    9        0.502032       -0.373347       -0.588191

     C   10        0.249640        0.085741        0.290998
     C   10        0.085741        0.046936       -0.359646
     C   10        0.290998       -0.359646       -0.296575

     C   11        0.025264        0.151511       -0.121778
     C   11        0.151511       -0.045144       -0.020592
     C   11       -0.121778       -0.020592        0.019879

     Cl  12        0.132649        0.278313       -0.854041
     Cl  12        0.278313        0.456781        1.352928
     Cl  12       -0.854041        1.352928       -0.589430

     H   13       -0.281380       -0.108417        0.285758
     H   13       -0.108417        0.512737        0.573884
     H   13        0.285758        0.573884       -0.231358

     C   14        0.125169        0.246923        0.034069
     C   14        0.246923        0.398924        0.337058
     C   14        0.034069        0.337058       -0.524093

     H   15        0.623497        0.193062        0.468188
     H   15        0.193062       -0.204074        0.005005
     H   15        0.468188        0.005005       -0.419424

     C   16        0.425837       -0.299284        0.393554
     C   16       -0.299284        0.168888        0.050071
     C   16        0.393554        0.050071       -0.594724

     C   17       -0.665863        0.339443       -0.194758
     C   17        0.339443        0.579786        0.406555
     C   17       -0.194758        0.406555        0.086077

     Cl  18        0.189601       -2.677568       -0.663319
     Cl  18       -2.677568        0.422371        1.792527
     Cl  18       -0.663319        1.792527       -0.611972

     H   19       -0.142214        0.118206       -0.083695
     H   19        0.118206        0.005949       -0.247450
     H   19       -0.083695       -0.247450        0.136265

     C   20       -0.126104       -0.126671       -0.215602
     C   20       -0.126671       -0.305947        0.191745
     C   20       -0.215602        0.191745        0.432050

     H   21        0.094069       -0.008755        0.216570
     H   21       -0.008755       -0.153560       -0.118263
     H   21        0.216570       -0.118263        0.059491

     C   22       -0.138767        0.107925       -0.267059
     C   22        0.107925       -0.190817        0.193187
     C   22       -0.267059        0.193187        0.329584

     C   23        0.021471       -0.140952       -0.101817
     C   23       -0.140952       -0.164041        0.278319
     C   23       -0.101817        0.278319        0.142570

     Cl  24        1.896663        1.810955        0.496097
     Cl  24        1.810955        0.141491       -0.429027
     Cl  24        0.496097       -0.429027       -2.038155

     ----- total EFG (symmetrized) -----
     Cl   1        2.434862       -1.401699        0.233800
     Cl   1       -1.401699       -0.975622       -0.153373
     Cl   1        0.233800       -0.153373       -1.459241

     C    2        0.492324       -0.678221       -0.626661
     C    2       -0.678221       -0.050035       -0.179105
     C    2       -0.626661       -0.179105       -0.442289

     C    3       -0.610388        0.197222       -0.070741
     C    3        0.197222        0.714494       -0.062479
     C    3       -0.070741       -0.062479       -0.104107

     H    4        0.412018       -0.142541        0.331328
     H    4       -0.142541       -0.379488        0.166902
     H    4        0.331328        0.166902       -0.032531

     C    5        0.073183       -0.118006       -0.114830
     C    5       -0.118006        0.437169       -0.139105
     C    5       -0.114830       -0.139105       -0.510353

     H    6       -0.072770        0.019850        0.063445
     H    6        0.019850        0.081841        0.375059
     H    6        0.063445        0.375059       -0.009071

     H    7       -0.280924        0.009187        0.394001
     H    7        0.009187        0.761279       -0.430500
     H    7        0.394001       -0.430500       -0.480354

     C    8        0.071314        0.175182        0.135214
     C    8        0.175182        0.196482       -0.160082
     C    8        0.135214       -0.160082       -0.267796

     H    9        0.673766       -0.141929        0.502032
     H    9       -0.141929       -0.085575       -0.373347
     H    9        0.502032       -0.373347       -0.588191

     C   10        0.249640        0.085741        0.290998
     C   10        0.085741        0.046936       -0.359646
     C   10        0.290998       -0.359646       -0.296575

     C   11        0.025264        0.151511       -0.121778
     C   11        0.151511       -0.045144       -0.020592
     C   11       -0.121778       -0.020592        0.019879

     Cl  12        0.132649        0.278313       -0.854041
     Cl  12        0.278313        0.456781        1.352928
     Cl  12       -0.854041        1.352928       -0.589430

     H   13       -0.281380       -0.108417        0.285758
     H   13       -0.108417        0.512737        0.573884
     H   13        0.285758        0.573884       -0.231358

     C   14        0.125169        0.246923        0.034069
     C   14        0.246923        0.398924        0.337058
     C   14        0.034069        0.337058       -0.524093

     H   15        0.623497        0.193062        0.468188
     H   15        0.193062       -0.204074        0.005005
     H   15        0.468188        0.005005       -0.419424

     C   16        0.425837       -0.299284        0.393554
     C   16       -0.299284        0.168888        0.050071
     C   16        0.393554        0.050071       -0.594724

     C   17       -0.665863        0.339443       -0.194758
     C   17        0.339443        0.579786        0.406555
     C   17       -0.194758        0.406555        0.086077

     Cl  18        0.189601       -2.677568       -0.663319
     Cl  18       -2.677568        0.422371        1.792527
     Cl  18       -0.663319        1.792527       -0.611972

     H   19       -0.142214        0.118206       -0.083695
     H   19        0.118206        0.005949       -0.247450
     H   19       -0.083695       -0.247450        0.136265

     C   20       -0.126104       -0.126671       -0.215602
     C   20       -0.126671       -0.305947        0.191745
     C   20       -0.215602        0.191745        0.432050

     H   21        0.094069       -0.008755        0.216570
     H   21       -0.008755       -0.153560       -0.118263
     H   21        0.216570       -0.118263        0.059491

     C   22       -0.138767        0.107925       -0.267059
     C   22        0.107925       -0.190817        0.193187
     C   22       -0.267059        0.193187        0.329584

     C   23        0.021471       -0.140952       -0.101817
     C   23       -0.140952       -0.164041        0.278319
     C   23       -0.101817        0.278319        0.142570

     Cl  24        1.896663        1.810955        0.496097
     Cl  24        1.810955        0.141491       -0.429027
     Cl  24        0.496097       -0.429027       -2.038155


     NQR/NMR SPECTROSCOPIC PARAMETERS:
     Cl   1    Vxx=   -1.4115    axis=( -0.278650 -0.646108  0.710562)
     Cl   1    Vyy=   -1.5423    axis=(  0.200067  0.684583  0.700942)
     Cl   1    Vzz=    2.9538    axis=(  0.939323 -0.337477  0.061494)
     Cl   1  Q=        -8.1650 1e-30 m^2  Cq=       -56.6665 MHz  eta= 0.04429

     C    2    Vxx=   -0.0599    axis=(  0.180984  0.742868 -0.644509)
     C    2    Vyy=   -1.0200    axis=(  0.511880  0.488420  0.706700)
     C    2    Vzz=    1.0799    axis=(  0.839776 -0.457813 -0.291863)
     C    2  Q=         1.0000 1e-30 m^2  Cq=         2.5372 MHz  eta= 0.88910

     C    3    Vxx=   -0.1033    axis=( -0.099376  0.099606  0.990052)
     C    3    Vyy=   -0.6460    axis=(  0.984083 -0.137481  0.112608)
     C    3    Vzz=    0.7493    axis=( -0.147330 -0.985483  0.084358)
     C    3  Q=         1.0000 1e-30 m^2  Cq=         1.7606 MHz  eta= 0.72431

     H    4    Vxx=   -0.0648    axis=(  0.354327 -0.558351 -0.750131)
     H    4    Vyy=   -0.5264    axis=(  0.294300  0.827996 -0.477296)
     H    4    Vzz=    0.5912    axis=( -0.887603  0.051644 -0.457704)
     H    4  Q=         1.0000 1e-30 m^2  Cq=         1.3890 MHz  eta= 0.78076

     C    5    Vxx=    0.0749    axis=(  0.946805  0.217252 -0.237406)
     C    5    Vyy=    0.4829    axis=(  0.247613 -0.963016  0.106249)
     C    5    Vzz=   -0.5578    axis=(  0.205543  0.159382  0.965583)
     C    5  Q=         1.0000 1e-30 m^2  Cq=        -1.3105 MHz  eta= 0.73143

     H    6    Vxx=   -0.0750    axis=( -0.985263  0.169994 -0.018932)
     H    6    Vyy=   -0.3458    axis=( -0.126661 -0.650732  0.748668)
     H    6    Vzz=    0.4208    axis=( -0.114949 -0.740033 -0.662674)
     H    6  Q=         1.0000 1e-30 m^2  Cq=         0.9887 MHz  eta= 0.64363

     H    7    Vxx=   -0.0428    axis=(  0.829986  0.255874  0.495633)
     H    7    Vyy=   -0.8640    axis=( -0.548923  0.216926  0.807234)
     H    7    Vzz=    0.9068    axis=(  0.099034 -0.942057  0.320500)
     H    7  Q=         1.0000 1e-30 m^2  Cq=         2.1306 MHz  eta= 0.90558

     C    8    Vxx=    0.0668    axis=( -0.761836  0.408029 -0.503108)
     C    8    Vyy=    0.3257    axis=( -0.524059 -0.844749  0.108455)
     C    8    Vzz=   -0.3925    axis=( -0.380747  0.346283  0.857391)
     C    8  Q=         1.0000 1e-30 m^2  Cq=        -0.9222 MHz  eta= 0.65970

     H    9    Vxx=   -0.0327    axis=(  0.368087  0.890897 -0.266110)
     H    9    Vyy=   -0.8861    axis=(  0.253631 -0.371557 -0.893094)
     H    9    Vzz=    0.9188    axis=( -0.894530  0.261243 -0.362724)
     H    9  Q=         1.0000 1e-30 m^2  Cq=         2.1588 MHz  eta= 0.92883

     C   10    Vxx=    0.2245    axis=(  0.501387  0.817266 -0.284053)
     C   10    Vyy=    0.3974    axis=( -0.803905  0.318644 -0.502198)
     C   10    Vzz=   -0.6220    axis=( -0.319918  0.480148  0.816768)
     C   10  Q=         1.0000 1e-30 m^2  Cq=        -1.4614 MHz  eta= 0.27799

     C   11    Vxx=   -0.0240    axis=(  0.188581  0.577269  0.794480)
     C   11    Vyy=   -0.1863    axis=(  0.667479 -0.668752  0.327479)
     C   11    Vzz=    0.2103    axis=(  0.720353  0.468542 -0.511429)
     C   11  Q=         1.0000 1e-30 m^2  Cq=         0.4941 MHz  eta= 0.77183

     Cl  12    Vxx=    0.4433    axis=(  0.888835  0.418331 -0.187005)
     Cl  12    Vyy=    1.4447    axis=(  0.231651 -0.762334 -0.604305)
     Cl  12    Vzz=   -1.8880    axis=( -0.395360  0.493808 -0.774496)
     Cl  12  Q=        -8.1650 1e-30 m^2  Cq=        36.2204 MHz  eta= 0.53038

     H   13    Vxx=   -0.0837    axis=(  0.834402 -0.295805  0.465052)
     H   13    Vyy=   -0.7426    axis=(  0.549736  0.386121 -0.740744)
     H   13    Vzz=    0.8263    axis=(  0.039550  0.873733  0.484795)
     H   13  Q=         1.0000 1e-30 m^2  Cq=         1.9414 MHz  eta= 0.79745

     C   14    Vxx=    0.0081    axis=(  0.896351 -0.398231 -0.194849)
     C   14    Vyy=    0.6288    axis=(  0.438962  0.858826  0.264064)
     C   14    Vzz=   -0.6368    axis=(  0.062183 -0.322226  0.944618)
     C   14  Q=         1.0000 1e-30 m^2  Cq=        -1.4963 MHz  eta= 0.97469

     H   15    Vxx=   -0.2252    axis=(  0.100704 -0.970793  0.217763)
     H   15    Vyy=   -0.6096    axis=(  0.372651 -0.166138 -0.912978)
     H   15    Vzz=    0.8348    axis=(  0.922491  0.173090  0.345036)
     H   15  Q=         1.0000 1e-30 m^2  Cq=         1.9615 MHz  eta= 0.46044

     C   16    Vxx=    0.0542    axis=( -0.384605 -0.872774 -0.300573)
     C   16    Vyy=    0.6985    axis=(  0.854320 -0.459877  0.242180)
     C   16    Vzz=   -0.7527    axis=( -0.349595 -0.163642  0.922499)
     C   16  Q=         1.0000 1e-30 m^2  Cq=        -1.7687 MHz  eta= 0.85587

     C   17    Vxx=    0.0124    axis=( -0.416630 -0.351488  0.838377)
     C   17    Vyy=    0.8375    axis=( -0.142664 -0.885522 -0.442151)
     C   17    Vzz=   -0.8499    axis=( -0.897812  0.303819 -0.318790)
     C   17  Q=         1.0000 1e-30 m^2  Cq=        -1.9969 MHz  eta= 0.97079

     Cl  18    Vxx=   -0.9748    axis=( -0.572174 -0.045975 -0.818843)
     Cl  18    Vyy=   -2.7381    axis=( -0.555218 -0.713124  0.428003)
     Cl  18    Vzz=    3.7130    axis=( -0.603614  0.699528  0.382505)
     Cl  18  Q=        -8.1650 1e-30 m^2  Cq=       -71.2315 MHz  eta= 0.47491

     H   19    Vxx=   -0.1414    axis=(  0.698513  0.416634  0.581804)
     H   19    Vyy=   -0.2236    axis=( -0.664777  0.678728  0.312089)
     H   19    Vzz=    0.3650    axis=( -0.264860 -0.604768  0.751069)
     H   19  Q=         1.0000 1e-30 m^2  Cq=         0.8577 MHz  eta= 0.22516

     C   20    Vxx=   -0.1825    axis=( -0.873937  0.283240 -0.394981)
     C   20    Vyy=   -0.3804    axis=(  0.356221  0.926131 -0.124050)
     C   20    Vzz=    0.5628    axis=( -0.330668  0.249113  0.910276)
     C   20  Q=         1.0000 1e-30 m^2  Cq=         1.3225 MHz  eta= 0.35153

     H   21    Vxx=   -0.0745    axis=( -0.628199 -0.624666  0.463851)
     H   21    Vyy=   -0.2362    axis=(  0.343734 -0.757653 -0.554805)
     H   21    Vzz=    0.3107    axis=(  0.698006 -0.189087  0.690676)
     H   21  Q=         1.0000 1e-30 m^2  Cq=         0.7301 MHz  eta= 0.52018

     C   22    Vxx=   -0.0632    axis=(  0.677611  0.728237  0.102543)
     C   22    Vyy=   -0.4150    axis=( -0.642208  0.653887 -0.400000)
     C   22    Vzz=    0.4782    axis=( -0.358346  0.205191  0.910761)
     C   22  Q=         1.0000 1e-30 m^2  Cq=         1.1235 MHz  eta= 0.73570

     C   23    Vxx=   -0.0360    axis=(  0.886524  0.027972  0.461836)
     C   23    Vyy=   -0.3433    axis=( -0.208549 -0.866865  0.452826)
     C   23    Vzz=    0.3794    axis=( -0.413016  0.497757  0.762663)
     C   23  Q=         1.0000 1e-30 m^2  Cq=         0.8913 MHz  eta= 0.81011

     Cl  24    Vxx=   -0.7014    axis=( -0.462820  0.779577 -0.421969)
     Cl  24    Vyy=   -2.3375    axis=( -0.251867  0.340754  0.905787)
     Cl  24    Vzz=    3.0389    axis=( -0.849918 -0.525496 -0.038642)
     Cl  24  Q=        -8.1650 1e-30 m^2  Cq=       -58.3000 MHz  eta= 0.53838

     Initialization:
     gipaw_setup  :      9.06s CPU     10.80s WALL (       1 calls)

     Linear response

     Apply operators

     Induced current

     Other routines
     efg          :      9.18s CPU     11.54s WALL (       1 calls)

     General routines
     calbec       :      3.33s CPU      4.41s WALL (      16 calls)
     fft          :      1.73s CPU      2.89s WALL (      15 calls)
     ffts         :      0.04s CPU      0.04s WALL (       2 calls)
     fftw         :      3.10s CPU      3.78s WALL (     672 calls)
     davcio       :      0.03s CPU      0.33s WALL (      32 calls)

     Parallel routines
     fft_scatter  :      2.28s CPU      3.89s WALL (     689 calls)

     Plugins

     GIPAW        :     60.29s CPU     73.01s WALL (       1 calls)
