
     Program QE v.6.0 (svn rev. 13079) starts on  8Jan2017 at 14:36:39 

     This program is part of the open-source Quantum ESPRESSO suite
     for quantum simulation of materials; please cite
         "P. Giannozzi et al., J. Phys.:Condens. Matter 21 395502 (2009);
          URL http://www.quantum-espresso.org", 
     in publications or presentations arising from this work. More details at
     http://www.quantum-espresso.org/quote

     Parallel version (MPI), running on     8 processors
     R & G space division:  proc/nbgrp/npool/nimage =       8

     ***** This is GIPAW svn revision unknown      *****

     Parallelizing q-star over 1 images

     Reading data from directory:
     /users/majewski/paradichlorobenzene/pbe/9_constraint/scratch/pbe.ecut100.np8.dt60.pcl2phi-129368.save
     Message from routine read_xml_file:
     file /users/majewski/paradichlorobenzene/pbe/9_constraint/scratch/pbe.ecut100.np8.dt60.pcl2phi-129368.save not guaranteed to be safe for post-processing

   Info: using nr1, nr2, nr3 values from input

   Info: using nr1, nr2, nr3 values from input

     IMPORTANT: XC functional enforced from input :
     Exchange-correlation      =  SLA  PW   PBX  PBC ( 1  4  3  4 0 0)
     Any further DFT definition will be discarded
     Please, verify this is what you really want

               file C.pbe-n-kjpaw_psl.1.0.0.UPF: wavefunction(s)  2S 2P renormalized
               file Cl.pbe-n-kjpaw_psl.1.0.0.UPF: wavefunction(s)  3S 3P renormalized
               file H.pbe-kjpaw_psl.1.0.0.UPF: wavefunction(s)  1S renormalized

     Parallelization info
     --------------------
     sticks:   dense  smooth     PW     G-vecs:    dense   smooth      PW
     Min        3057    1223    332               144436    36536    5170
     Max        3059    1225    333               144437    36537    5171
     Sum       24467    9791   2657              1155489   292295   41363


     Subspace diagonalization in iterative solution of the eigenvalue problem:
     a serial algorithm will be used

     GIPAW projectors -----------------------------------------------
     atom=  C    l=0  rc=    1.2000  rs=    0.8000
     atom=  C    l=0  rc=    1.2000  rs=    0.8000
     atom=  C    l=1  rc=    1.4000  rs=    0.9333
     atom=  C    l=1  rc=    1.4000  rs=    0.9333
     projs nearly linearly dependent: l=1  n1,n2= 1, 2  s=  0.99951561

     atom=  Cl   l=0  rc=    1.6000  rs=    1.0667
     atom=  Cl   l=0  rc=    1.6000  rs=    1.0667
     atom=  Cl   l=1  rc=    1.6000  rs=    1.0667
     atom=  Cl   l=1  rc=    1.6000  rs=    1.0667
     atom=  Cl   l=2  rc=    1.6000  rs=    1.0667
     atom=  Cl   l=2  rc=    1.6000  rs=    1.0667
     projs nearly linearly dependent: l=2  n1,n2= 1, 2  s=  0.99993509

     atom=  H    l=0  rc=    1.0000  rs=    0.6667
     atom=  H    l=0  rc=    1.0000  rs=    0.6667
     projs nearly linearly dependent: l=0  n1,n2= 1, 2  s=  0.99968852
     -----------------------------------------------------------------

     GIPAW integrals: -------------------------------------------
     Atom  i/j   nmr_para   nmr_dia   epr_rmc  epr_para   epr_dia
       C   1 1   0.83E+03  0.17E-01  0.93E+01  0.24E+08  0.24E+03
       C   2 1   0.86E+03 -0.61E-01  0.94E+01  0.25E+08  0.25E+03
       C   2 2   0.90E+03 -0.15E+00  0.97E+01  0.26E+08  0.26E+03
       C   3 3   0.33E+01  0.34E+00  0.18E+01  0.55E+03  0.21E+02
       C   4 3   0.35E+01  0.37E+00  0.20E+01  0.59E+03  0.22E+02
       C   4 4   0.38E+01  0.39E+00  0.22E+01  0.63E+03  0.24E+02
       Cl  1 1   0.14E+04 -0.47E+00  0.84E+01  0.32E+09  0.42E+03
       Cl  2 1   0.21E+04 -0.37E+00  0.12E+02  0.49E+09  0.65E+03
       Cl  2 2   0.33E+04 -0.16E+00  0.21E+02  0.76E+09  0.10E+04
       Cl  3 3   0.21E+02  0.79E-01  0.89E+01  0.23E+05  0.13E+03
       Cl  4 3   0.24E+02  0.67E-01  0.99E+01  0.27E+05  0.15E+03
       Cl  4 4   0.28E+02  0.44E-01  0.11E+02  0.32E+05  0.18E+03
       Cl  5 5   0.77E+00  0.19E+00  0.18E+01  0.12E+03  0.22E+02
       Cl  6 5   0.80E+00  0.19E+00  0.19E+01  0.12E+03  0.23E+02
       Cl  6 6   0.83E+00  0.20E+00  0.19E+01  0.12E+03  0.23E+02
       H   1 1   0.39E+02  0.19E+00  0.29E+00  0.78E+05  0.13E+02
       H   2 1   0.41E+02  0.21E+00  0.32E+00  0.82E+05  0.14E+02
       H   2 2   0.43E+02  0.22E+00  0.36E+00  0.86E+05  0.15E+02
     ------------------------------------------------------------

     alpha_pv=     33.9650 eV

     Number of occupied bands for each k-point:
     k-point:     1    nbnd_occ=  42
     k-point:     2    nbnd_occ=  42
     k-point:     3    nbnd_occ=  42
     k-point:     4    nbnd_occ=  42
     k-point:     5    nbnd_occ=  42
     k-point:     6    nbnd_occ=  42
     k-point:     7    nbnd_occ=  42
     k-point:     8    nbnd_occ=  42
     k-point:     9    nbnd_occ=  42
     k-point:    10    nbnd_occ=  42
     k-point:    11    nbnd_occ=  42
     k-point:    12    nbnd_occ=  42
     k-point:    13    nbnd_occ=  42
     k-point:    14    nbnd_occ=  42
     k-point:    15    nbnd_occ=  42
     k-point:    16    nbnd_occ=  42


     q-space interpolation up to   110.00 Rydberg

     GIPAW job: efg                                                                             


     ELECTRIC FIELD GRADIENTS TENSORS IN Hartree/bohrradius^2:

     ----- bare term -----
     Cl   1        0.105531       -0.050411        0.186225
     Cl   1       -0.050411       -0.171172        0.406208
     Cl   1        0.186225        0.406208        0.065641

     C    2        0.119865        0.134640       -0.059478
     C    2        0.134640       -0.057496       -0.556084
     C    2       -0.059478       -0.556084       -0.062368

     C    3       -0.432137        0.171194       -0.037407
     C    3        0.171194        0.035095       -0.019584
     C    3       -0.037407       -0.019584        0.397042

     H    4       -0.076791       -0.380842       -0.072831
     H    4       -0.380842       -0.301889        0.075670
     H    4       -0.072831        0.075670        0.378680

     C    5       -0.133983        0.032187       -0.246998
     C    5        0.032187        0.052781       -0.477886
     C    5       -0.246998       -0.477886        0.081202

     H    6        0.447331        0.047909       -0.015403
     H    6        0.047909       -0.792886       -0.272561
     H    6       -0.015403       -0.272561        0.345555

     H    7        0.443023        0.238080        0.107685
     H    7        0.238080       -0.565921        0.088543
     H    7        0.107685        0.088543        0.122897

     C    8       -0.830348       -0.343286       -0.431896
     C    8       -0.343286        0.327846        0.044888
     C    8       -0.431896        0.044888        0.502502

     H    9       -0.342179        0.153913       -0.540401
     H    9        0.153913        0.328118        0.138959
     H    9       -0.540401        0.138959        0.014061

     C   10       -0.067253       -0.132819       -0.227310
     C   10       -0.132819       -0.101913        0.648854
     C   10       -0.227310        0.648854        0.169166

     C   11       -0.371630       -0.339252       -0.213977
     C   11       -0.339252       -0.040224        0.409036
     C   11       -0.213977        0.409036        0.411854

     Cl  12        0.263695       -0.002059        0.005646
     Cl  12       -0.002059       -0.004812       -0.418462
     Cl  12        0.005646       -0.418462       -0.258883

     H   13        0.446762       -0.243298        0.095489
     H   13       -0.243298       -0.570124        0.074505
     H   13        0.095489        0.074505        0.123362

     C   14       -0.774741        0.164495       -0.315613
     C   14        0.164495        0.238288       -0.048421
     C   14       -0.315613       -0.048421        0.536453

     H   15       -0.290872       -0.369163        0.244181
     H   15       -0.369163        0.163439        0.139777
     H   15        0.244181        0.139777        0.127433

     C   16        0.254183        0.180891        0.070981
     C   16        0.180891       -0.422186       -0.224908
     C   16        0.070981       -0.224908        0.168003

     C   17       -0.727447        0.251732       -0.348816
     C   17        0.251732        0.150882       -0.062451
     C   17       -0.348816       -0.062451        0.576565

     Cl  18       -0.043347       -0.078777       -0.086223
     Cl  18       -0.078777       -0.072561        0.032494
     Cl  18       -0.086223        0.032494        0.115908

     H   19        0.430722       -0.098897       -0.042042
     H   19       -0.098897       -0.783984        0.189096
     H   19       -0.042042        0.189096        0.353261

     C   20       -0.164726        0.285694       -0.367916
     C   20        0.285694        0.037153        0.562319
     C   20       -0.367916        0.562319        0.127573

     H   21        0.035372        0.033501       -0.251584
     H   21        0.033501        0.172354        0.537730
     H   21       -0.251584        0.537730       -0.207726

     C   22       -0.596081       -0.325418       -0.326282
     C   22       -0.325418        0.193224        0.071131
     C   22       -0.326282        0.071131        0.402857

     C   23        0.031438        0.170717       -0.322688
     C   23        0.170717       -0.195804        0.486324
     C   23       -0.322688        0.486324        0.164366

     Cl  24       -0.191049       -0.282455       -0.022375
     Cl  24       -0.282455       -0.025525       -0.011851
     Cl  24       -0.022375       -0.011851        0.216574

     ----- ionic term -----
     Cl   1        0.151430       -0.159377       -0.064353
     Cl   1       -0.159377       -0.025095        0.032847
     Cl   1       -0.064353        0.032847       -0.126335

     C    2        0.268537       -0.045771       -0.046491
     C    2       -0.045771        0.193725        0.380351
     C    2       -0.046491        0.380351       -0.462262

     C    3        0.221228       -0.159224        0.019373
     C    3       -0.159224        0.214540        0.412820
     C    3        0.019373        0.412820       -0.435768

     H    4        0.551428        0.551808        0.475854
     H    4        0.551808       -0.193729        0.290677
     H    4        0.475854        0.290677       -0.357700

     C    5        0.423223       -0.111125        0.094264
     C    5       -0.111125        0.045960        0.328197
     C    5        0.094264        0.328197       -0.469183

     H    6       -0.533312       -0.002479       -0.001457
     H    6       -0.002479        0.726687        0.678020
     H    6       -0.001457        0.678020       -0.193375

     H    7       -0.470942       -0.259774        0.077242
     H    7       -0.259774        1.009083       -0.317732
     H    7        0.077242       -0.317732       -0.538141

     C    8        0.237087        0.100232        0.354898
     C    8        0.100232        0.171714       -0.212570
     C    8        0.354898       -0.212570       -0.408801

     H    9        0.474720       -0.430736        0.657066
     H    9       -0.430736       -0.264728       -0.310942
     H    9        0.657066       -0.310942       -0.209992

     C   10        0.076605        0.197552        0.257344
     C   10        0.197552        0.348364       -0.331533
     C   10        0.257344       -0.331533       -0.424969

     C   11        0.072257        0.191245        0.394808
     C   11        0.191245        0.276111       -0.315074
     C   11        0.394808       -0.315074       -0.348368

     Cl  12        0.131946        0.232380        0.075562
     Cl  12        0.232380        0.031073        0.045164
     Cl  12        0.075562        0.045164       -0.163019

     H   13       -0.479058        0.257517        0.060440
     H   13        0.257517        0.883706        0.489436
     H   13        0.060440        0.489436       -0.404648

     C   14        0.386795       -0.001731        0.007888
     C   14       -0.001731        0.162576        0.247833
     C   14        0.007888        0.247833       -0.549372

     H   15        0.711057        0.601115        0.281184
     H   15        0.601115       -0.148478        0.183535
     H   15        0.281184        0.183535       -0.562579

     C   16        0.225353       -0.131896        0.009482
     C   16       -0.131896        0.341089        0.305668
     C   16        0.009482        0.305668       -0.566443

     C   17        0.319820       -0.096177        0.179535
     C   17       -0.096177        0.243042        0.285033
     C   17        0.179535        0.285033       -0.562862

     Cl  18        0.191520       -0.222291        0.018289
     Cl  18       -0.222291       -0.021417       -0.006144
     Cl  18        0.018289       -0.006144       -0.170103

     H   19       -0.525834       -0.085748        0.076388
     H   19       -0.085748        0.685780       -0.664571
     H   19        0.076388       -0.664571       -0.159946

     C   20        0.201357        0.191289        0.404802
     C   20        0.191289        0.083489       -0.252949
     C   20        0.404802       -0.252949       -0.284846

     H   21        0.267937       -0.260878        0.782678
     H   21       -0.260878       -0.417767       -0.317699
     H   21        0.782678       -0.317699        0.149831

     C   22        0.024807        0.269700        0.289700
     C   22        0.269700        0.246157       -0.376823
     C   22        0.289700       -0.376823       -0.270964

     C   23        0.113274        0.149849        0.339760
     C   23        0.149849        0.207808       -0.416042
     C   23        0.339760       -0.416042       -0.321081

     Cl  24        0.138082        0.196471        0.051292
     Cl  24        0.196471        0.022743        0.026185
     Cl  24        0.051292        0.026185       -0.160825

     ----- GIPAW term -----
     Cl   1        0.112420        0.070661       -0.486124
     Cl   1        0.070661        0.085757       -0.531028
     Cl   1       -0.486124       -0.531028       -0.198176

     C    2       -0.006518        0.061057       -0.005523
     C    2        0.061057        0.163023       -0.056008
     C    2       -0.005523       -0.056008       -0.156504

     C    3       -0.079941        0.000581       -0.001730
     C    3        0.000581        0.086582       -0.025209
     C    3       -0.001730       -0.025209       -0.006641

     H    4       -0.000000        0.000000        0.000000
     H    4        0.000000        0.000000        0.000000
     H    4        0.000000        0.000000        0.000000

     C    5       -0.113274        0.010420       -0.023419
     C    5        0.010420        0.265116       -0.086707
     C    5       -0.023419       -0.086707       -0.151842

     H    6       -0.000000        0.000000        0.000000
     H    6        0.000000        0.000000        0.000000
     H    6        0.000000        0.000000        0.000000

     H    7       -0.000000        0.000000        0.000000
     H    7        0.000000        0.000000        0.000000
     H    7        0.000000        0.000000        0.000000

     C    8       -0.229240       -0.046338       -0.059848
     C    8       -0.046338        0.173317       -0.152264
     C    8       -0.059848       -0.152264        0.055922

     H    9       -0.000000        0.000000        0.000000
     H    9        0.000000        0.000000        0.000000
     H    9        0.000000        0.000000        0.000000

     C   10       -0.104483        0.018193       -0.040218
     C   10        0.018193        0.178779        0.137218
     C   10       -0.040218        0.137218       -0.074296

     C   11       -0.124893        0.038644       -0.004715
     C   11        0.038644        0.079092        0.215566
     C   11       -0.004715        0.215566        0.045801

     Cl  12       -0.025371        0.664790       -0.315919
     Cl  12        0.664790       -0.093846        0.726901
     Cl  12       -0.315919        0.726901        0.119217

     H   13       -0.000000        0.000000        0.000000
     H   13        0.000000        0.000000        0.000000
     H   13        0.000000        0.000000        0.000000

     C   14       -0.162197        0.022495        0.033111
     C   14        0.022495       -0.032782        0.084285
     C   14        0.033111        0.084285        0.194979

     H   15       -0.000000        0.000000        0.000000
     H   15        0.000000        0.000000        0.000000
     H   15        0.000000        0.000000        0.000000

     C   16        0.005048        0.006629        0.012046
     C   16        0.006629       -0.047737        0.037224
     C   16        0.012046        0.037224        0.042689

     C   17       -0.180081       -0.064850       -0.070769
     C   17       -0.064850        0.033080        0.186270
     C   17       -0.070769        0.186270        0.147001

     Cl  18        0.840210       -2.534074       -0.901573
     Cl  18       -2.534074       -0.634520        0.356256
     Cl  18       -0.901573        0.356256       -0.205690

     H   19       -0.000000        0.000000        0.000000
     H   19        0.000000        0.000000        0.000000
     H   19        0.000000        0.000000        0.000000

     C   20       -0.047838        0.189535       -0.003914
     C   20        0.189535        0.153167        0.183532
     C   20       -0.003914        0.183532       -0.105330

     H   21       -0.000000        0.000000        0.000000
     H   21        0.000000        0.000000        0.000000
     H   21        0.000000        0.000000        0.000000

     C   22       -0.129687        0.128129       -0.110291
     C   22        0.128129        0.179543       -0.124400
     C   22       -0.110291       -0.124400       -0.049856

     C   23       -0.070563        0.148787       -0.057165
     C   23        0.148787        0.137068       -0.138464
     C   23       -0.057165       -0.138464       -0.066505

     Cl  24       -1.106651        0.880824       -0.709411
     Cl  24        0.880824       -0.636689       -1.676326
     Cl  24       -0.709411       -1.676326        1.743340

     ----- total EFG -----
     Cl   1        0.369380       -0.139127       -0.364251
     Cl   1       -0.139127       -0.110510       -0.091973
     Cl   1       -0.364251       -0.091973       -0.258870

     C    2        0.381883        0.149926       -0.111492
     C    2        0.149926        0.299251       -0.231742
     C    2       -0.111492       -0.231742       -0.681134

     C    3       -0.290850        0.012551       -0.019764
     C    3        0.012551        0.336217        0.368027
     C    3       -0.019764        0.368027       -0.045367

     H    4        0.474637        0.170965        0.403023
     H    4        0.170965       -0.495617        0.366347
     H    4        0.403023        0.366347        0.020980

     C    5        0.175965       -0.068518       -0.176153
     C    5       -0.068518        0.363858       -0.236396
     C    5       -0.176153       -0.236396       -0.539823

     H    6       -0.085981        0.045430       -0.016860
     H    6        0.045430       -0.066199        0.405459
     H    6       -0.016860        0.405459        0.152180

     H    7       -0.027918       -0.021694        0.184927
     H    7       -0.021694        0.443162       -0.229189
     H    7        0.184927       -0.229189       -0.415244

     C    8       -0.822500       -0.289392       -0.136846
     C    8       -0.289392        0.672877       -0.319946
     C    8       -0.136846       -0.319946        0.149623

     H    9        0.132541       -0.276823        0.116666
     H    9       -0.276823        0.063390       -0.171983
     H    9        0.116666       -0.171983       -0.195931

     C   10       -0.095130        0.082926       -0.010185
     C   10        0.082926        0.425229        0.454540
     C   10       -0.010185        0.454540       -0.330099

     C   11       -0.424266       -0.109363        0.176116
     C   11       -0.109363        0.314979        0.309527
     C   11        0.176116        0.309527        0.109287

     Cl  12        0.370270        0.895111       -0.234711
     Cl  12        0.895111       -0.067585        0.353603
     Cl  12       -0.234711        0.353603       -0.302685

     H   13       -0.032296        0.014219        0.155929
     H   13        0.014219        0.313582        0.563941
     H   13        0.155929        0.563941       -0.281286

     C   14       -0.550143        0.185259       -0.274613
     C   14        0.185259        0.368083        0.283698
     C   14       -0.274613        0.283698        0.182060

     H   15        0.420185        0.231952        0.525365
     H   15        0.231952        0.014961        0.323312
     H   15        0.525365        0.323312       -0.435145

     C   16        0.484584        0.055624        0.092508
     C   16        0.055624       -0.128834        0.117984
     C   16        0.092508        0.117984       -0.355751

     C   17       -0.587707        0.090706       -0.240050
     C   17        0.090706        0.427003        0.408852
     C   17       -0.240050        0.408852        0.160704

     Cl  18        0.988383       -2.835143       -0.969507
     Cl  18       -2.835143       -0.728499        0.382606
     Cl  18       -0.969507        0.382606       -0.259884

     H   19       -0.095112       -0.184645        0.034347
     H   19       -0.184645       -0.098203       -0.475475
     H   19        0.034347       -0.475475        0.193315

     C   20       -0.011206        0.666518        0.032972
     C   20        0.666518        0.273809        0.492902
     C   20        0.032972        0.492902       -0.262603

     H   21        0.303309       -0.227378        0.531094
     H   21       -0.227378       -0.245413        0.220031
     H   21        0.531094        0.220031       -0.057896

     C   22       -0.700962        0.072412       -0.146872
     C   22        0.072412        0.618925       -0.430092
     C   22       -0.146872       -0.430092        0.082037

     C   23        0.074149        0.469353       -0.040093
     C   23        0.469353        0.149071       -0.068182
     C   23       -0.040093       -0.068182       -0.223220

     Cl  24       -1.159619        0.794839       -0.680494
     Cl  24        0.794839       -0.639471       -1.661993
     Cl  24       -0.680494       -1.661993        1.799089

     ----- total EFG (symmetrized) -----
     Cl   1        0.369380       -0.139127       -0.364251
     Cl   1       -0.139127       -0.110510       -0.091973
     Cl   1       -0.364251       -0.091973       -0.258870

     C    2        0.381883        0.149926       -0.111492
     C    2        0.149926        0.299251       -0.231742
     C    2       -0.111492       -0.231742       -0.681134

     C    3       -0.290850        0.012551       -0.019764
     C    3        0.012551        0.336217        0.368027
     C    3       -0.019764        0.368027       -0.045367

     H    4        0.474637        0.170965        0.403023
     H    4        0.170965       -0.495617        0.366347
     H    4        0.403023        0.366347        0.020980

     C    5        0.175965       -0.068518       -0.176153
     C    5       -0.068518        0.363858       -0.236396
     C    5       -0.176153       -0.236396       -0.539823

     H    6       -0.085981        0.045430       -0.016860
     H    6        0.045430       -0.066199        0.405459
     H    6       -0.016860        0.405459        0.152180

     H    7       -0.027918       -0.021694        0.184927
     H    7       -0.021694        0.443162       -0.229189
     H    7        0.184927       -0.229189       -0.415244

     C    8       -0.822500       -0.289392       -0.136846
     C    8       -0.289392        0.672877       -0.319946
     C    8       -0.136846       -0.319946        0.149623

     H    9        0.132541       -0.276823        0.116666
     H    9       -0.276823        0.063390       -0.171983
     H    9        0.116666       -0.171983       -0.195931

     C   10       -0.095130        0.082926       -0.010185
     C   10        0.082926        0.425229        0.454540
     C   10       -0.010185        0.454540       -0.330099

     C   11       -0.424266       -0.109363        0.176116
     C   11       -0.109363        0.314979        0.309527
     C   11        0.176116        0.309527        0.109287

     Cl  12        0.370270        0.895111       -0.234711
     Cl  12        0.895111       -0.067585        0.353603
     Cl  12       -0.234711        0.353603       -0.302685

     H   13       -0.032296        0.014219        0.155929
     H   13        0.014219        0.313582        0.563941
     H   13        0.155929        0.563941       -0.281286

     C   14       -0.550143        0.185259       -0.274613
     C   14        0.185259        0.368083        0.283698
     C   14       -0.274613        0.283698        0.182060

     H   15        0.420185        0.231952        0.525365
     H   15        0.231952        0.014961        0.323312
     H   15        0.525365        0.323312       -0.435145

     C   16        0.484584        0.055624        0.092508
     C   16        0.055624       -0.128834        0.117984
     C   16        0.092508        0.117984       -0.355751

     C   17       -0.587707        0.090706       -0.240050
     C   17        0.090706        0.427003        0.408852
     C   17       -0.240050        0.408852        0.160704

     Cl  18        0.988383       -2.835143       -0.969507
     Cl  18       -2.835143       -0.728499        0.382606
     Cl  18       -0.969507        0.382606       -0.259884

     H   19       -0.095112       -0.184645        0.034347
     H   19       -0.184645       -0.098203       -0.475475
     H   19        0.034347       -0.475475        0.193315

     C   20       -0.011206        0.666518        0.032972
     C   20        0.666518        0.273809        0.492902
     C   20        0.032972        0.492902       -0.262603

     H   21        0.303309       -0.227378        0.531094
     H   21       -0.227378       -0.245413        0.220031
     H   21        0.531094        0.220031       -0.057896

     C   22       -0.700962        0.072412       -0.146872
     C   22        0.072412        0.618925       -0.430092
     C   22       -0.146872       -0.430092        0.082037

     C   23        0.074149        0.469353       -0.040093
     C   23        0.469353        0.149071       -0.068182
     C   23       -0.040093       -0.068182       -0.223220

     Cl  24       -1.159619        0.794839       -0.680494
     Cl  24        0.794839       -0.639471       -1.661993
     Cl  24       -0.680494       -1.661993        1.799089


     NQR/NMR SPECTROSCOPIC PARAMETERS:
     Cl   1    Vxx=   -0.0675    axis=(  0.029274 -0.921571  0.387105)
     Cl   1    Vyy=   -0.4810    axis=(  0.416439  0.363306  0.833419)
     Cl   1    Vzz=    0.5484    axis=( -0.908692  0.136808  0.394414)
     Cl   1  Q=        -8.1650 1e-30 m^2  Cq=       -10.5213 MHz  eta= 0.75400

     C    2    Vxx=    0.1980    axis=(  0.667144 -0.736819  0.109622)
     C    2    Vyy=    0.5404    axis=(  0.741700  0.643335 -0.189739)
     C    2    Vzz=   -0.7384    axis=(  0.069279  0.207890  0.975696)
     C    2  Q=         1.0000 1e-30 m^2  Cq=        -1.7350 MHz  eta= 0.46378

     C    3    Vxx=   -0.2542    axis=( -0.538026 -0.437640  0.720416)
     C    3    Vyy=   -0.3058    axis=( -0.842928  0.279882 -0.459498)
     C    3    Vzz=    0.5600    axis=( -0.000537 -0.854481 -0.519483)
     C    3  Q=         1.0000 1e-30 m^2  Cq=         1.3157 MHz  eta= 0.09217

     H    4    Vxx=   -0.1125    axis=(  0.594963 -0.400714 -0.696740)
     H    4    Vyy=   -0.6868    axis=(  0.035516  0.879119 -0.475277)
     H    4    Vzz=    0.7992    axis=( -0.802968 -0.258027 -0.537275)
     H    4  Q=         1.0000 1e-30 m^2  Cq=         1.8779 MHz  eta= 0.71855

     C    5    Vxx=    0.2162    axis=(  0.968021  0.058703 -0.243905)
     C    5    Vyy=    0.4248    axis=(  0.113449 -0.969579  0.216903)
     C    5    Vzz=   -0.6410    axis=(  0.223753  0.237637  0.945232)
     C    5  Q=         1.0000 1e-30 m^2  Cq=        -1.5060 MHz  eta= 0.32540

     H    6    Vxx=   -0.0792    axis=(  0.987785  0.106156 -0.114068)
     H    6    Vyy=   -0.3841    axis=( -0.153628  0.785883 -0.598988)
     H    6    Vzz=    0.4633    axis=(  0.026058  0.609195  0.792592)
     H    6  Q=         1.0000 1e-30 m^2  Cq=         1.0885 MHz  eta= 0.65829

     H    7    Vxx=    0.0240    axis=(  0.935728  0.205272  0.286839)
     H    7    Vyy=    0.5091    axis=( -0.129157  0.956137 -0.262908)
     H    7    Vzz=   -0.5331    axis=( -0.328225  0.208963  0.921196)
     H    7  Q=         1.0000 1e-30 m^2  Cq=        -1.2526 MHz  eta= 0.90993

     C    8    Vxx=    0.0632    axis=( -0.254209  0.352055  0.900797)
     C    8    Vyy=    0.8503    axis=( -0.125645  0.911479 -0.391688)
     C    8    Vzz=   -0.9135    axis=( -0.958953 -0.212751 -0.187472)
     C    8  Q=         1.0000 1e-30 m^2  Cq=        -2.1463 MHz  eta= 0.86163

     H    9    Vxx=   -0.1576    axis=(  0.710819  0.573116 -0.407768)
     H    9    Vyy=   -0.2834    axis=(  0.091081  0.499851  0.861309)
     H    9    Vzz=    0.4410    axis=(  0.697453 -0.649375  0.303103)
     H    9  Q=         1.0000 1e-30 m^2  Cq=         1.0361 MHz  eta= 0.28532

     C   10    Vxx=   -0.0975    axis=(  0.990548 -0.044244 -0.129833)
     C   10    Vyy=   -0.5478    axis=( -0.098629  0.428060 -0.898353)
     C   10    Vzz=    0.6453    axis=(  0.095323  0.902667  0.419650)
     C   10  Q=         1.0000 1e-30 m^2  Cq=         1.5162 MHz  eta= 0.69782

     C   11    Vxx=   -0.0107    axis=( -0.446913  0.532850 -0.718568)
     C   11    Vyy=   -0.5278    axis=( -0.894434 -0.251793  0.369577)
     C   11    Vzz=    0.5385    axis=(  0.015998  0.807881  0.589129)
     C   11  Q=         1.0000 1e-30 m^2  Cq=         1.2653 MHz  eta= 0.96024

     Cl  12    Vxx=   -0.0538    axis=( -0.334127  0.384007  0.860754)
     Cl  12    Vyy=   -1.0199    axis=( -0.525236  0.682435 -0.508340)
     Cl  12    Vzz=    1.0737    axis=( -0.782615 -0.621949 -0.026326)
     Cl  12  Q=        -8.1650 1e-30 m^2  Cq=       -20.5989 MHz  eta= 0.89975

     H   13    Vxx=   -0.0187    axis=(  0.969991 -0.219396  0.104801)
     H   13    Vyy=   -0.6476    axis=( -0.202963 -0.493286  0.845857)
     H   13    Vzz=    0.6662    axis=( -0.133881 -0.841745 -0.523012)
     H   13  Q=         1.0000 1e-30 m^2  Cq=         1.5654 MHz  eta= 0.94397

     C   14    Vxx=    0.1362    axis=( -0.434318 -0.537368  0.722913)
     C   14    Vyy=    0.5738    axis=(  0.011799 -0.805885 -0.591955)
     C   14    Vzz=   -0.7099    axis=( -0.900682  0.248567 -0.356351)
     C   14  Q=         1.0000 1e-30 m^2  Cq=        -1.6680 MHz  eta= 0.61640

     H   15    Vxx=   -0.0843    axis=(  0.483484 -0.871750 -0.079345)
     H   15    Vyy=   -0.7402    axis=(  0.350181  0.275693 -0.895191)
     H   15    Vzz=    0.8245    axis=(  0.802257  0.405025  0.438563)
     H   15  Q=         1.0000 1e-30 m^2  Cq=         1.9372 MHz  eta= 0.79562

     C   16    Vxx=   -0.0916    axis=(  0.146758 -0.921305 -0.360082)
     C   16    Vyy=   -0.4106    axis=( -0.072409 -0.373053  0.924980)
     C   16    Vzz=    0.5022    axis=( -0.986519 -0.109675 -0.121459)
     C   16  Q=         1.0000 1e-30 m^2  Cq=         1.1799 MHz  eta= 0.63525

     C   17    Vxx=   -0.0279    axis=( -0.400486 -0.567081  0.719744)
     C   17    Vyy=   -0.6997    axis=( -0.914695  0.200897 -0.350677)
     C   17    Vzz=    0.7275    axis=(  0.054268 -0.798787 -0.599162)
     C   17  Q=         1.0000 1e-30 m^2  Cq=         1.7094 MHz  eta= 0.92342

     Cl  18    Vxx=   -0.5097    axis=(  0.148372 -0.248892  0.957099)
     Cl  18    Vyy=   -2.8624    axis=(  0.607152  0.786865  0.110501)
     Cl  18    Vzz=    3.3721    axis=( -0.780610  0.564709  0.267864)
     Cl  18  Q=        -8.1650 1e-30 m^2  Cq=       -64.6914 MHz  eta= 0.69771

     H   19    Vxx=   -0.0808    axis=(  0.925020 -0.137406 -0.354201)
     H   19    Vyy=   -0.4929    axis=(  0.319310  0.786361  0.528846)
     H   19    Vzz=    0.5738    axis=(  0.205863 -0.602293  0.771274)
     H   19  Q=         1.0000 1e-30 m^2  Cq=         1.3482 MHz  eta= 0.71824

     C   20    Vxx=   -0.1961    axis=( -0.652038  0.144052  0.744376)
     C   20    Vyy=   -0.7572    axis=( -0.527432  0.619115 -0.581817)
     C   20    Vzz=    0.9533    axis=(  0.544666  0.771975  0.327710)
     C   20  Q=         1.0000 1e-30 m^2  Cq=         2.2399 MHz  eta= 0.58860

     H   21    Vxx=   -0.0189    axis=(  0.293714 -0.801265 -0.521254)
     H   21    Vyy=   -0.6685    axis=(  0.488223  0.594563 -0.638853)
     H   21    Vzz=    0.6875    axis=(  0.821809 -0.066848  0.565828)
     H   21  Q=         1.0000 1e-30 m^2  Cq=         1.6153 MHz  eta= 0.94494

     C   22    Vxx=   -0.1414    axis=( -0.159440  0.497499  0.852686)
     C   22    Vyy=   -0.7276    axis=( -0.983467 -0.004931 -0.181018)
     C   22    Vzz=    0.8691    axis=( -0.085852 -0.867451  0.490060)
     C   22  Q=         1.0000 1e-30 m^2  Cq=         2.0420 MHz  eta= 0.67451

     C   23    Vxx=   -0.2284    axis=(  0.157018 -0.016875  0.987452)
     C   23    Vyy=   -0.3614    axis=( -0.721744  0.680522  0.126396)
     C   23    Vzz=    0.5898    axis=( -0.674115 -0.732533  0.094675)
     C   23  Q=         1.0000 1e-30 m^2  Cq=         1.3858 MHz  eta= 0.22541

     Cl  24    Vxx=   -1.0443    axis=(  0.723188  0.506734  0.469276)
     Cl  24    Vyy=   -1.8304    axis=(  0.649476 -0.730074 -0.212540)
     Cl  24    Vzz=    2.8747    axis=( -0.234905 -0.458490  0.857092)
     Cl  24  Q=        -8.1650 1e-30 m^2  Cq=       -55.1488 MHz  eta= 0.27348

     Initialization:
     gipaw_setup  :      9.22s CPU     10.78s WALL (       1 calls)

     Linear response

     Apply operators

     Induced current

     Other routines
     efg          :      9.38s CPU     11.81s WALL (       1 calls)

     General routines
     calbec       :      3.29s CPU      4.41s WALL (      16 calls)
     fft          :      1.33s CPU      1.79s WALL (      15 calls)
     ffts         :      0.04s CPU      0.05s WALL (       2 calls)
     fftw         :      3.29s CPU      3.98s WALL (     672 calls)
     davcio       :      0.01s CPU      0.31s WALL (      32 calls)

     Parallel routines
     fft_scatter  :      2.04s CPU      3.04s WALL (     689 calls)

     Plugins

     GIPAW        :     61.36s CPU     72.70s WALL (       1 calls)
