
     Program QE v.6.0 (svn rev. 13079) starts on 28Dec2016 at 22: 2:20 

     This program is part of the open-source Quantum ESPRESSO suite
     for quantum simulation of materials; please cite
         "P. Giannozzi et al., J. Phys.:Condens. Matter 21 395502 (2009);
          URL http://www.quantum-espresso.org", 
     in publications or presentations arising from this work. More details at
     http://www.quantum-espresso.org/quote

     Parallel version (MPI), running on     8 processors
     R & G space division:  proc/nbgrp/npool/nimage =       8

     ***** This is GIPAW svn revision unknown      *****

     Parallelizing q-star over 1 images

     Reading data from directory:
     /users/majewski/paradichlorobenzene/pbe/9_constraint/scratch/pbe.ecut100.np8.dt60.pcl2phi-129368.save
     Message from routine read_xml_file:
     file /users/majewski/paradichlorobenzene/pbe/9_constraint/scratch/pbe.ecut100.np8.dt60.pcl2phi-129368.save not guaranteed to be safe for post-processing

   Info: using nr1, nr2, nr3 values from input

   Info: using nr1, nr2, nr3 values from input

     IMPORTANT: XC functional enforced from input :
     Exchange-correlation      =  SLA  PW   PBX  PBC ( 1  4  3  4 0 0)
     Any further DFT definition will be discarded
     Please, verify this is what you really want

               file C.pbe-n-kjpaw_psl.1.0.0.UPF: wavefunction(s)  2S 2P renormalized
               file Cl.pbe-n-kjpaw_psl.1.0.0.UPF: wavefunction(s)  3S 3P renormalized
               file H.pbe-kjpaw_psl.1.0.0.UPF: wavefunction(s)  1S renormalized

     Parallelization info
     --------------------
     sticks:   dense  smooth     PW     G-vecs:    dense   smooth      PW
     Min        3057    1223    332               144436    36536    5170
     Max        3059    1225    333               144437    36537    5171
     Sum       24467    9791   2657              1155489   292295   41363


     Subspace diagonalization in iterative solution of the eigenvalue problem:
     a serial algorithm will be used

     GIPAW projectors -----------------------------------------------
     atom=  C    l=0  rc=    1.2000  rs=    0.8000
     atom=  C    l=0  rc=    1.2000  rs=    0.8000
     atom=  C    l=1  rc=    1.4000  rs=    0.9333
     atom=  C    l=1  rc=    1.4000  rs=    0.9333
     projs nearly linearly dependent: l=1  n1,n2= 1, 2  s=  0.99951561

     atom=  Cl   l=0  rc=    1.6000  rs=    1.0667
     atom=  Cl   l=0  rc=    1.6000  rs=    1.0667
     atom=  Cl   l=1  rc=    1.6000  rs=    1.0667
     atom=  Cl   l=1  rc=    1.6000  rs=    1.0667
     atom=  Cl   l=2  rc=    1.6000  rs=    1.0667
     atom=  Cl   l=2  rc=    1.6000  rs=    1.0667
     projs nearly linearly dependent: l=2  n1,n2= 1, 2  s=  0.99993509

     atom=  H    l=0  rc=    1.0000  rs=    0.6667
     atom=  H    l=0  rc=    1.0000  rs=    0.6667
     projs nearly linearly dependent: l=0  n1,n2= 1, 2  s=  0.99968852
     -----------------------------------------------------------------

     GIPAW integrals: -------------------------------------------
     Atom  i/j   nmr_para   nmr_dia   epr_rmc  epr_para   epr_dia
       C   1 1   0.83E+03  0.17E-01  0.93E+01  0.24E+08  0.24E+03
       C   2 1   0.86E+03 -0.61E-01  0.94E+01  0.25E+08  0.25E+03
       C   2 2   0.90E+03 -0.15E+00  0.97E+01  0.26E+08  0.26E+03
       C   3 3   0.33E+01  0.34E+00  0.18E+01  0.55E+03  0.21E+02
       C   4 3   0.35E+01  0.37E+00  0.20E+01  0.59E+03  0.22E+02
       C   4 4   0.38E+01  0.39E+00  0.22E+01  0.63E+03  0.24E+02
       Cl  1 1   0.14E+04 -0.47E+00  0.84E+01  0.32E+09  0.42E+03
       Cl  2 1   0.21E+04 -0.37E+00  0.12E+02  0.49E+09  0.65E+03
       Cl  2 2   0.33E+04 -0.16E+00  0.21E+02  0.76E+09  0.10E+04
       Cl  3 3   0.21E+02  0.79E-01  0.89E+01  0.23E+05  0.13E+03
       Cl  4 3   0.24E+02  0.67E-01  0.99E+01  0.27E+05  0.15E+03
       Cl  4 4   0.28E+02  0.44E-01  0.11E+02  0.32E+05  0.18E+03
       Cl  5 5   0.77E+00  0.19E+00  0.18E+01  0.12E+03  0.22E+02
       Cl  6 5   0.80E+00  0.19E+00  0.19E+01  0.12E+03  0.23E+02
       Cl  6 6   0.83E+00  0.20E+00  0.19E+01  0.12E+03  0.23E+02
       H   1 1   0.39E+02  0.19E+00  0.29E+00  0.78E+05  0.13E+02
       H   2 1   0.41E+02  0.21E+00  0.32E+00  0.82E+05  0.14E+02
       H   2 2   0.43E+02  0.22E+00  0.36E+00  0.86E+05  0.15E+02
     ------------------------------------------------------------

     alpha_pv=     34.0689 eV

     Number of occupied bands for each k-point:
     k-point:     1    nbnd_occ=  42
     k-point:     2    nbnd_occ=  42
     k-point:     3    nbnd_occ=  42
     k-point:     4    nbnd_occ=  42
     k-point:     5    nbnd_occ=  42
     k-point:     6    nbnd_occ=  42
     k-point:     7    nbnd_occ=  42
     k-point:     8    nbnd_occ=  42
     k-point:     9    nbnd_occ=  42
     k-point:    10    nbnd_occ=  42
     k-point:    11    nbnd_occ=  42
     k-point:    12    nbnd_occ=  42
     k-point:    13    nbnd_occ=  42
     k-point:    14    nbnd_occ=  42
     k-point:    15    nbnd_occ=  42
     k-point:    16    nbnd_occ=  42


     q-space interpolation up to   110.00 Rydberg

     GIPAW job: efg                                                                             


     ELECTRIC FIELD GRADIENTS TENSORS IN Hartree/bohrradius^2:

     ----- bare term -----
     Cl   1        0.032700        0.081567       -0.022381
     Cl   1        0.081567        0.045733       -0.005812
     Cl   1       -0.022381       -0.005812       -0.078434

     C    2       -0.100725        0.314553       -0.279779
     C    2        0.314553       -0.139657       -0.596447
     C    2       -0.279779       -0.596447        0.240382

     C    3       -0.260775        0.308344       -0.385376
     C    3        0.308344       -0.029945       -0.431092
     C    3       -0.385376       -0.431092        0.290720

     H    4       -0.384628       -0.423335       -0.416748
     H    4       -0.423335        0.146348       -0.232073
     H    4       -0.416748       -0.232073        0.238280

     C    5       -0.104586        0.444215       -0.279542
     C    5        0.444215       -0.261532       -0.388095
     C    5       -0.279542       -0.388095        0.366118

     H    6        0.012150       -0.365635       -0.164335
     H    6       -0.365635       -0.314349       -0.418318
     H    6       -0.164335       -0.418318        0.302199

     H    7       -0.058450        0.124095       -0.152099
     H    7        0.124095       -0.280113        0.485552
     H    7       -0.152099        0.485552        0.338563

     C    8       -0.375285       -0.337636       -0.363592
     C    8       -0.337636       -0.055390        0.082241
     C    8       -0.363592        0.082241        0.430675

     H    9       -0.661451       -0.068203       -0.223751
     H    9       -0.068203        0.329881        0.205495
     H    9       -0.223751        0.205495        0.331570

     C   10        0.077779        0.262320       -0.399507
     C   10        0.262320       -0.309130        0.515231
     C   10       -0.399507        0.515231        0.231351

     C   11       -0.552750       -0.411800       -0.346411
     C   11       -0.411800        0.046889        0.082539
     C   11       -0.346411        0.082539        0.505860

     Cl  12        0.005197        0.127245       -0.086501
     Cl  12        0.127245       -0.023029       -0.065415
     Cl  12       -0.086501       -0.065415        0.017832

     H   13        0.373956       -0.049644        0.112940
     H   13       -0.049644       -0.282041       -0.482415
     H   13        0.112940       -0.482415       -0.091915

     C   14       -0.551979        0.373939       -0.420297
     C   14        0.373939        0.304528       -0.322117
     C   14       -0.420297       -0.322117        0.247452

     H   15       -0.259650       -0.134814       -0.538545
     H   15       -0.134814        0.311887       -0.056210
     H   15       -0.538545       -0.056210       -0.052237

     C   16       -0.059042        0.430874       -0.243264
     C   16        0.430874       -0.224568       -0.557676
     C   16       -0.243264       -0.557676        0.283610

     C   17       -0.202096        0.216700       -0.521547
     C   17        0.216700        0.020462       -0.425842
     C   17       -0.521547       -0.425842        0.181633

     Cl  18       -0.023077        0.183622       -0.048973
     Cl  18        0.183622        0.060327       -0.036452
     Cl  18       -0.048973       -0.036452       -0.037250

     H   19        0.417413        0.016286       -0.005248
     H   19        0.016286       -0.506259        0.567469
     H   19       -0.005248        0.567469        0.088846

     C   20       -0.061426        0.289321       -0.527046
     C   20        0.289321       -0.104342        0.454468
     C   20       -0.527046        0.454468        0.165768

     H   21       -0.216946        0.195673       -0.440144
     H   21        0.195673        0.070419        0.372297
     H   21       -0.440144        0.372297        0.146527

     C   22       -0.372419       -0.339411       -0.224250
     C   22       -0.339411       -0.019888        0.240303
     C   22       -0.224250        0.240303        0.392307

     C   23        0.092286        0.450271       -0.526342
     C   23        0.450271       -0.147041        0.655955
     C   23       -0.526342        0.655955        0.054754

     Cl  24       -0.247348       -0.193131        0.000775
     Cl  24       -0.193131        0.165414        0.095814
     Cl  24        0.000775        0.095814        0.081935

     ----- ionic term -----
     Cl   1        0.124244       -0.215433        0.020148
     Cl   1       -0.215433        0.038712       -0.011701
     Cl   1        0.020148       -0.011701       -0.162956

     C    2        0.229995       -0.213037        0.302342
     C    2       -0.213037        0.078628        0.355506
     C    2        0.302342        0.355506       -0.308623

     C    3        0.135219       -0.277265        0.214314
     C    3       -0.277265        0.166763        0.383855
     C    3        0.214314        0.383855       -0.301982

     H    4        0.500054        0.302225        0.691273
     H    4        0.302225       -0.432363        0.282325
     H    4        0.691273        0.282325       -0.067691

     C    5        0.289201       -0.237019        0.305848
     C    5       -0.237019        0.018619        0.285297
     C    5        0.305848        0.285297       -0.307820

     H    6       -0.495062        0.124273        0.121676
     H    6        0.124273        0.470187        0.763376
     H    6        0.121676        0.763376        0.024875

     H    7       -0.510188       -0.159643        0.102190
     H    7       -0.159643        0.606880       -0.729424
     H    7        0.102190       -0.729424       -0.096692

     C    8        0.308877        0.100459        0.268701
     C    8        0.100459        0.041409       -0.337183
     C    8        0.268701       -0.337183       -0.350285

     H    9        0.522102       -0.332557        0.662382
     H    9       -0.332557       -0.400551       -0.282647
     H    9        0.662382       -0.282647       -0.121551

     C   10        0.115776        0.215797        0.167459
     C   10        0.215797        0.191192       -0.420307
     C   10        0.167459       -0.420307       -0.306968

     C   11        0.296454        0.197348        0.259704
     C   11        0.197348        0.075109       -0.386412
     C   11        0.259704       -0.386412       -0.371563

     Cl  12        0.153539        0.244879       -0.004146
     Cl  12        0.244879        0.013332       -0.002799
     Cl  12       -0.004146       -0.002799       -0.166871

     H   13       -0.510529        0.079929        0.062195
     H   13        0.079929        0.704704        0.686939
     H   13        0.062195        0.686939       -0.194175

     C   14        0.351728       -0.238193        0.295152
     C   14       -0.238193        0.026144        0.274220
     C   14        0.295152        0.274220       -0.377872

     H   15        0.677638        0.359015        0.619707
     H   15        0.359015       -0.396279        0.237435
     H   15        0.619707        0.237435       -0.281359

     C   16        0.215645       -0.241250        0.197595
     C   16       -0.241250        0.164089        0.354586
     C   16        0.197595        0.354586       -0.379733

     C   17        0.163470       -0.209384        0.251588
     C   17       -0.209384        0.145839        0.380650
     C   17        0.251588        0.380650       -0.309309

     Cl  18        0.118015       -0.219130        0.000431
     Cl  18       -0.219130        0.027356        0.010966
     Cl  18        0.000431        0.010966       -0.145370

     H   19       -0.465812       -0.224724        0.154255
     H   19       -0.224724        0.634736       -0.696785
     H   19        0.154255       -0.696785       -0.168924

     C   20        0.386669        0.130654        0.282276
     C   20        0.130654       -0.008666       -0.305625
     C   20        0.282276       -0.305625       -0.378003

     H   21        0.611008       -0.298268        0.688677
     H   21       -0.298268       -0.435958       -0.245325
     H   21        0.688677       -0.245325       -0.175050

     C   22        0.182041        0.189852        0.191114
     C   22        0.189852        0.136305       -0.400958
     C   22        0.191114       -0.400958       -0.318346

     C   23        0.264967        0.037087        0.283313
     C   23        0.037087        0.046481       -0.423902
     C   23        0.283313       -0.423902       -0.311448

     Cl  24        0.145750        0.160123        0.001109
     Cl  24        0.160123       -0.027658       -0.009177
     Cl  24        0.001109       -0.009177       -0.118093

     ----- GIPAW term -----
     Cl   1        1.690424       -1.476854       -0.187456
     Cl   1       -1.476854        0.390734       -0.050480
     Cl   1       -0.187456       -0.050480       -2.081159

     C    2        0.078002        0.074435       -0.152994
     C    2        0.074435       -0.023634       -0.176595
     C    2       -0.152994       -0.176595       -0.054368

     C    3       -0.017693        0.154689       -0.151196
     C    3        0.154689        0.046790       -0.112386
     C    3       -0.151196       -0.112386       -0.029097

     H    4       -0.000000        0.000000        0.000000
     H    4        0.000000        0.000000        0.000000
     H    4        0.000000        0.000000        0.000000

     C    5        0.083102        0.195699       -0.137818
     C    5        0.195699       -0.077910       -0.145153
     C    5       -0.137818       -0.145153       -0.005192

     H    6       -0.000000        0.000000        0.000000
     H    6        0.000000        0.000000        0.000000
     H    6        0.000000        0.000000        0.000000

     H    7       -0.000000        0.000000        0.000000
     H    7        0.000000        0.000000        0.000000
     H    7        0.000000        0.000000        0.000000

     C    8        0.076698        0.116076       -0.143972
     C    8        0.116076       -0.030813       -0.089666
     C    8       -0.143972       -0.089666       -0.045885

     H    9       -0.000000        0.000000        0.000000
     H    9        0.000000        0.000000        0.000000
     H    9        0.000000        0.000000        0.000000

     C   10        0.026275        0.208158       -0.176612
     C   10        0.208158       -0.006683       -0.062779
     C   10       -0.176612       -0.062779       -0.019592

     C   11       -0.009244        0.135555       -0.160787
     C   11        0.135555        0.006538       -0.119856
     C   11       -0.160787       -0.119856        0.002706

     Cl  12        1.245439        3.082973       -1.289568
     Cl  12        3.082973       -0.239162       -0.960353
     Cl  12       -1.289568       -0.960353       -1.006277

     H   13       -0.000000        0.000000        0.000000
     H   13        0.000000        0.000000        0.000000
     H   13        0.000000        0.000000        0.000000

     C   14       -0.115065        0.172273       -0.115878
     C   14        0.172273        0.148620       -0.144968
     C   14       -0.115878       -0.144968       -0.033556

     H   15       -0.000000        0.000000        0.000000
     H   15        0.000000        0.000000        0.000000
     H   15        0.000000        0.000000        0.000000

     C   16       -0.040801        0.153960       -0.136778
     C   16        0.153960       -0.006779       -0.195436
     C   16       -0.136778       -0.195436        0.047580

     C   17       -0.002694        0.079591       -0.173108
     C   17        0.079591        0.060264       -0.179312
     C   17       -0.173108       -0.179312       -0.057569

     Cl  18        0.987301        0.711080       -0.610528
     Cl  18        0.711080        1.446087       -0.729638
     Cl  18       -0.610528       -0.729638       -2.433388

     H   19       -0.000000        0.000000        0.000000
     H   19        0.000000        0.000000        0.000000
     H   19        0.000000        0.000000        0.000000

     C   20        0.099417        0.223761       -0.168048
     C   20        0.223761       -0.036590        0.016498
     C   20       -0.168048        0.016498       -0.062827

     H   21       -0.000000        0.000000        0.000000
     H   21        0.000000        0.000000        0.000000
     H   21        0.000000        0.000000        0.000000

     C   22       -0.030007        0.115693       -0.065062
     C   22        0.115693        0.083057       -0.028515
     C   22       -0.065062       -0.028515       -0.053049

     C   23        0.164585        0.298632       -0.094866
     C   23        0.298632       -0.006862        0.057539
     C   23       -0.094866        0.057539       -0.157723

     Cl  24       -0.178864        1.498302       -0.050974
     Cl  24        1.498302        1.647510        0.806027
     Cl  24       -0.050974        0.806027       -1.468646

     ----- total EFG -----
     Cl   1        1.847369       -1.610719       -0.189689
     Cl   1       -1.610719        0.475179       -0.067993
     Cl   1       -0.189689       -0.067993       -2.322548

     C    2        0.207273        0.175951       -0.130430
     C    2        0.175951       -0.084663       -0.417536
     C    2       -0.130430       -0.417536       -0.122609

     C    3       -0.143249        0.185768       -0.322258
     C    3        0.185768        0.183608       -0.159623
     C    3       -0.322258       -0.159623       -0.040358

     H    4        0.115426       -0.121109        0.274526
     H    4       -0.121109       -0.286015        0.050253
     H    4        0.274526        0.050253        0.170589

     C    5        0.267716        0.402895       -0.111512
     C    5        0.402895       -0.320823       -0.247951
     C    5       -0.111512       -0.247951        0.053106

     H    6       -0.482912       -0.241363       -0.042660
     H    6       -0.241363        0.155838        0.345058
     H    6       -0.042660        0.345058        0.327074

     H    7       -0.568638       -0.035548       -0.049910
     H    7       -0.035548        0.326767       -0.243872
     H    7       -0.049910       -0.243872        0.241871

     C    8        0.010290       -0.121101       -0.238863
     C    8       -0.121101       -0.044795       -0.344608
     C    8       -0.238863       -0.344608        0.034505

     H    9       -0.139349       -0.400760        0.438631
     H    9       -0.400760       -0.070670       -0.077153
     H    9        0.438631       -0.077153        0.210019

     C   10        0.219830        0.686275       -0.408660
     C   10        0.686275       -0.124622        0.032145
     C   10       -0.408660        0.032145       -0.095209

     C   11       -0.265540       -0.078896       -0.247493
     C   11       -0.078896        0.128537       -0.423728
     C   11       -0.247493       -0.423728        0.137003

     Cl  12        1.404175        3.455098       -1.380216
     Cl  12        3.455098       -0.248860       -1.028567
     Cl  12       -1.380216       -1.028567       -1.155315

     H   13       -0.136573        0.030285        0.175135
     H   13        0.030285        0.422663        0.204524
     H   13        0.175135        0.204524       -0.286090

     C   14       -0.315316        0.308019       -0.241023
     C   14        0.308019        0.479292       -0.192865
     C   14       -0.241023       -0.192865       -0.163976

     H   15        0.417988        0.224200        0.081162
     H   15        0.224200       -0.084392        0.181225
     H   15        0.081162        0.181225       -0.333596

     C   16        0.115802        0.343584       -0.182447
     C   16        0.343584       -0.067258       -0.398526
     C   16       -0.182447       -0.398526       -0.048544

     C   17       -0.041320        0.086907       -0.443067
     C   17        0.086907        0.226564       -0.224504
     C   17       -0.443067       -0.224504       -0.185244

     Cl  18        1.082239        0.675571       -0.659070
     Cl  18        0.675571        1.533769       -0.755124
     Cl  18       -0.659070       -0.755124       -2.616009

     H   19       -0.048399       -0.208438        0.149006
     H   19       -0.208438        0.128477       -0.129317
     H   19        0.149006       -0.129317       -0.080078

     C   20        0.424660        0.643737       -0.412818
     C   20        0.643737       -0.149598        0.165342
     C   20       -0.412818        0.165342       -0.275062

     H   21        0.394062       -0.102595        0.248533
     H   21       -0.102595       -0.365539        0.126973
     H   21        0.248533        0.126973       -0.028523

     C   22       -0.220385       -0.033865       -0.098198
     C   22       -0.033865        0.199474       -0.189170
     C   22       -0.098198       -0.189170        0.020911

     C   23        0.521838        0.785990       -0.337895
     C   23        0.785990       -0.107422        0.289592
     C   23       -0.337895        0.289592       -0.414417

     Cl  24       -0.280461        1.465294       -0.049089
     Cl  24        1.465294        1.785266        0.892664
     Cl  24       -0.049089        0.892664       -1.504804

     ----- total EFG (symmetrized) -----
     Cl   1        1.847369       -1.610719       -0.189689
     Cl   1       -1.610719        0.475179       -0.067993
     Cl   1       -0.189689       -0.067993       -2.322548

     C    2        0.207273        0.175951       -0.130430
     C    2        0.175951       -0.084663       -0.417536
     C    2       -0.130430       -0.417536       -0.122609

     C    3       -0.143249        0.185768       -0.322258
     C    3        0.185768        0.183608       -0.159623
     C    3       -0.322258       -0.159623       -0.040358

     H    4        0.115426       -0.121109        0.274526
     H    4       -0.121109       -0.286015        0.050253
     H    4        0.274526        0.050253        0.170589

     C    5        0.267716        0.402895       -0.111512
     C    5        0.402895       -0.320823       -0.247951
     C    5       -0.111512       -0.247951        0.053106

     H    6       -0.482912       -0.241363       -0.042660
     H    6       -0.241363        0.155838        0.345058
     H    6       -0.042660        0.345058        0.327074

     H    7       -0.568638       -0.035548       -0.049910
     H    7       -0.035548        0.326767       -0.243872
     H    7       -0.049910       -0.243872        0.241871

     C    8        0.010290       -0.121101       -0.238863
     C    8       -0.121101       -0.044795       -0.344608
     C    8       -0.238863       -0.344608        0.034505

     H    9       -0.139349       -0.400760        0.438631
     H    9       -0.400760       -0.070670       -0.077153
     H    9        0.438631       -0.077153        0.210019

     C   10        0.219830        0.686275       -0.408660
     C   10        0.686275       -0.124622        0.032145
     C   10       -0.408660        0.032145       -0.095209

     C   11       -0.265540       -0.078896       -0.247493
     C   11       -0.078896        0.128537       -0.423728
     C   11       -0.247493       -0.423728        0.137003

     Cl  12        1.404175        3.455098       -1.380216
     Cl  12        3.455098       -0.248860       -1.028567
     Cl  12       -1.380216       -1.028567       -1.155315

     H   13       -0.136573        0.030285        0.175135
     H   13        0.030285        0.422663        0.204524
     H   13        0.175135        0.204524       -0.286090

     C   14       -0.315316        0.308019       -0.241023
     C   14        0.308019        0.479292       -0.192865
     C   14       -0.241023       -0.192865       -0.163976

     H   15        0.417988        0.224200        0.081162
     H   15        0.224200       -0.084392        0.181225
     H   15        0.081162        0.181225       -0.333596

     C   16        0.115802        0.343584       -0.182447
     C   16        0.343584       -0.067258       -0.398526
     C   16       -0.182447       -0.398526       -0.048544

     C   17       -0.041320        0.086907       -0.443067
     C   17        0.086907        0.226564       -0.224504
     C   17       -0.443067       -0.224504       -0.185244

     Cl  18        1.082239        0.675571       -0.659070
     Cl  18        0.675571        1.533769       -0.755124
     Cl  18       -0.659070       -0.755124       -2.616009

     H   19       -0.048399       -0.208438        0.149006
     H   19       -0.208438        0.128477       -0.129317
     H   19        0.149006       -0.129317       -0.080078

     C   20        0.424660        0.643737       -0.412818
     C   20        0.643737       -0.149598        0.165342
     C   20       -0.412818        0.165342       -0.275062

     H   21        0.394062       -0.102595        0.248533
     H   21       -0.102595       -0.365539        0.126973
     H   21        0.248533        0.126973       -0.028523

     C   22       -0.220385       -0.033865       -0.098198
     C   22       -0.033865        0.199474       -0.189170
     C   22       -0.098198       -0.189170        0.020911

     C   23        0.521838        0.785990       -0.337895
     C   23        0.785990       -0.107422        0.289592
     C   23       -0.337895        0.289592       -0.414417

     Cl  24       -0.280461        1.465294       -0.049089
     Cl  24        1.465294        1.785266        0.892664
     Cl  24       -0.049089        0.892664       -1.504804


     NQR/NMR SPECTROSCOPIC PARAMETERS:
     Cl   1    Vxx=   -0.5746    axis=(  0.546440  0.832465 -0.091683)
     Cl   1    Vyy=   -2.3402    axis=(  0.069676  0.063905  0.995521)
     Cl   1    Vzz=    2.9148    axis=(  0.834595 -0.550380 -0.023082)
     Cl   1  Q=        -8.1650 1e-30 m^2  Cq=       -55.9193 MHz  eta= 0.60572

     C    2    Vxx=    0.0378    axis=( -0.785669  0.419958 -0.454267)
     C    2    Vyy=    0.4849    axis=(  0.617323  0.580197 -0.531304)
     C    2    Vzz=   -0.5227    axis=(  0.040439 -0.697859 -0.715093)
     C    2  Q=         1.0000 1e-30 m^2  Cq=        -1.2282 MHz  eta= 0.85533

     C    3    Vxx=   -0.0322    axis=( -0.379940  0.738717  0.556724)
     C    3    Vyy=   -0.4209    axis=( -0.775995  0.073037 -0.626496)
     C    3    Vzz=    0.4531    axis=( -0.503465 -0.670046  0.545492)
     C    3  Q=         1.0000 1e-30 m^2  Cq=         1.0647 MHz  eta= 0.85772

     H    4    Vxx=   -0.0651    axis=( -0.620112  0.480882  0.619850)
     H    4    Vyy=   -0.3567    axis=(  0.391195  0.874410 -0.287009)
     H    4    Vzz=    0.4218    axis=( -0.680020  0.064505 -0.730350)
     H    4  Q=         1.0000 1e-30 m^2  Cq=         0.9910 MHz  eta= 0.69145

     C    5    Vxx=    0.0104    axis=(  0.482679 -0.066597  0.873262)
     C    5    Vyy=    0.5648    axis=( -0.787230 -0.469933  0.399288)
     C    5    Vzz=   -0.5752    axis=(  0.383783 -0.880186 -0.279254)
     C    5  Q=         1.0000 1e-30 m^2  Cq=        -1.3514 MHz  eta= 0.96391

     H    6    Vxx=   -0.0577    axis=( -0.324113  0.686135 -0.651283)
     H    6    Vyy=   -0.5702    axis=( -0.931136 -0.353010  0.091482)
     H    6    Vzz=    0.6279    axis=( -0.167140  0.636083  0.753301)
     H    6  Q=         1.0000 1e-30 m^2  Cq=         1.4753 MHz  eta= 0.81628

     H    7    Vxx=    0.0429    axis=( -0.099376  0.641209  0.760905)
     H    7    Vyy=    0.5319    axis=(  0.004498  0.764971 -0.644048)
     H    7    Vzz=   -0.5748    axis=( -0.995040 -0.060580 -0.078904)
     H    7  Q=         1.0000 1e-30 m^2  Cq=        -1.3505 MHz  eta= 0.85079

     C    8    Vxx=    0.1057    axis=( -0.825320  0.562932  0.044214)
     C    8    Vyy=    0.3758    axis=( -0.327277 -0.540689  0.774949)
     C    8    Vzz=   -0.4815    axis=( -0.460149 -0.625110 -0.630476)
     C    8  Q=         1.0000 1e-30 m^2  Cq=        -1.1313 MHz  eta= 0.56102

     H    9    Vxx=   -0.0252    axis=( -0.206275  0.748523  0.630209)
     H    9    Vyy=   -0.6141    axis=(  0.773737  0.519036 -0.363226)
     H    9    Vzz=    0.6393    axis=(  0.598984 -0.412692  0.686224)
     H    9  Q=         1.0000 1e-30 m^2  Cq=         1.5021 MHz  eta= 0.92120

     C   10    Vxx=   -0.0746    axis=( -0.002893  0.512548  0.858654)
     C   10    Vyy=   -0.7820    axis=(  0.623392 -0.670466  0.402315)
     C   10    Vzz=    0.8566    axis=( -0.781904 -0.536442  0.317579)
     C   10  Q=         1.0000 1e-30 m^2  Cq=         2.0128 MHz  eta= 0.82573

     C   11    Vxx=   -0.0598    axis=(  0.701900 -0.593146 -0.394354)
     C   11    Vyy=   -0.5153    axis=(  0.695761  0.452423  0.557879)
     C   11    Vzz=    0.5751    axis=( -0.152489 -0.665952  0.730244)
     C   11  Q=         1.0000 1e-30 m^2  Cq=         1.3513 MHz  eta= 0.79198

     Cl  12    Vxx=   -1.6645    axis=(  0.201854  0.203436  0.958055)
     Cl  12    Vyy=   -2.9765    axis=(  0.625455 -0.779530  0.033750)
     Cl  12    Vzz=    4.6410    axis=(  0.753698  0.592408 -0.284592)
     Cl  12  Q=        -8.1650 1e-30 m^2  Cq=       -89.0362 MHz  eta= 0.28269

     H   13    Vxx=   -0.0557    axis=(  0.863974 -0.243200  0.440911)
     H   13    Vyy=   -0.4311    axis=(  0.487789  0.186964 -0.852706)
     H   13    Vzz=    0.4868    axis=(  0.124943  0.951787  0.280162)
     H   13  Q=         1.0000 1e-30 m^2  Cq=         1.1439 MHz  eta= 0.77109

     C   14    Vxx=   -0.1534    axis=( -0.384091  0.435228  0.814279)
     C   14    Vyy=   -0.5154    axis=(  0.853594 -0.168770  0.492843)
     C   14    Vzz=    0.6687    axis=( -0.351925 -0.884360  0.306685)
     C   14  Q=         1.0000 1e-30 m^2  Cq=         1.5713 MHz  eta= 0.54132

     H   15    Vxx=   -0.0968    axis=(  0.414583 -0.785676 -0.459167)
     H   15    Vyy=   -0.4304    axis=( -0.045015  0.486248 -0.872660)
     H   15    Vzz=    0.5272    axis=(  0.908898  0.382459  0.166223)
     H   15  Q=         1.0000 1e-30 m^2  Cq=         1.2386 MHz  eta= 0.63282

     C   16    Vxx=   -0.1318    axis=(  0.756395 -0.217442  0.616916)
     C   16    Vyy=   -0.4884    axis=(  0.258663 -0.766828 -0.587426)
     C   16    Vzz=    0.6202    axis=( -0.600799 -0.603899  0.523780)
     C   16  Q=         1.0000 1e-30 m^2  Cq=         1.4573 MHz  eta= 0.57508

     C   17    Vxx=    0.0752    axis=(  0.565405 -0.768554 -0.299405)
     C   17    Vyy=    0.5044    axis=( -0.550869 -0.622030  0.556436)
     C   17    Vzz=   -0.5795    axis=( -0.613890 -0.149679 -0.775071)
     C   17  Q=         1.0000 1e-30 m^2  Cq=        -1.3617 MHz  eta= 0.74058

     Cl  18    Vxx=    0.5979    axis=(  0.801328 -0.597748 -0.023883)
     Cl  18    Vyy=    2.2262    axis=(  0.581711  0.787902 -0.202047)
     Cl  18    Vzz=   -2.8241    axis=(  0.139590  0.148013  0.979085)
     Cl  18  Q=        -8.1650 1e-30 m^2  Cq=        54.1795 MHz  eta= 0.57655

     H   19    Vxx=   -0.1259    axis=(  0.326566  0.627046  0.707226)
     H   19    Vyy=   -0.2253    axis=(  0.777744  0.246918 -0.578053)
     H   19    Vzz=    0.3513    axis=(  0.537093 -0.738813  0.407047)
     H   19  Q=         1.0000 1e-30 m^2  Cq=         0.8253 MHz  eta= 0.28297

     C   20    Vxx=   -0.0771    axis=( -0.133049  0.606425  0.783930)
     C   20    Vyy=   -0.8257    axis=(  0.516312 -0.632750  0.577105)
     C   20    Vzz=    0.9028    axis=( -0.846003 -0.481535  0.228918)
     C   20  Q=         1.0000 1e-30 m^2  Cq=         2.1212 MHz  eta= 0.82920

     H   21    Vxx=   -0.0617    axis=( -0.343679  0.458534  0.819531)
     H   21    Vyy=   -0.4492    axis=(  0.226336  0.887408 -0.401595)
     H   21    Vzz=    0.5109    axis=( -0.911404  0.047470 -0.408766)
     H   21  Q=         1.0000 1e-30 m^2  Cq=         1.2003 MHz  eta= 0.75843

     C   22    Vxx=   -0.0422    axis=(  0.489757 -0.493841 -0.718512)
     C   22    Vyy=   -0.2783    axis=(  0.870626  0.233209  0.433155)
     C   22    Vzz=    0.3205    axis=(  0.046346  0.837696 -0.544167)
     C   22  Q=         1.0000 1e-30 m^2  Cq=         0.7530 MHz  eta= 0.73682

     C   23    Vxx=   -0.0907    axis=( -0.277489  0.553762  0.785078)
     C   23    Vyy=   -0.9732    axis=( -0.471652  0.633394 -0.613478)
     C   23    Vzz=    1.0639    axis=( -0.836985 -0.540517  0.085423)
     C   23  Q=         1.0000 1e-30 m^2  Cq=         2.4998 MHz  eta= 0.82946

     Cl  24    Vxx=   -0.8048    axis=(  0.832205 -0.313100 -0.457605)
     Cl  24    Vyy=   -1.8836    axis=( -0.346718  0.350187 -0.870147)
     Cl  24    Vzz=    2.6884    axis=(  0.432691  0.882801  0.182870)
     Cl  24  Q=        -8.1650 1e-30 m^2  Cq=       -51.5750 MHz  eta= 0.40131

     Initialization:
     gipaw_setup  :      9.22s CPU     10.90s WALL (       1 calls)

     Linear response

     Apply operators

     Induced current

     Other routines
     efg          :      9.58s CPU     11.87s WALL (       1 calls)

     General routines
     calbec       :      3.35s CPU      4.15s WALL (      16 calls)
     fft          :      1.41s CPU      1.74s WALL (      15 calls)
     ffts         :      0.05s CPU      0.08s WALL (       2 calls)
     fftw         :      3.38s CPU      4.31s WALL (     672 calls)
     davcio       :      0.02s CPU      0.34s WALL (      32 calls)

     Parallel routines
     fft_scatter  :      2.20s CPU      3.21s WALL (     689 calls)

     Plugins

     GIPAW        :     61.26s CPU     70.66s WALL (       1 calls)
