
     Program QE v.6.0 (svn rev. 13079) starts on  3Jan2017 at  7: 5:29 

     This program is part of the open-source Quantum ESPRESSO suite
     for quantum simulation of materials; please cite
         "P. Giannozzi et al., J. Phys.:Condens. Matter 21 395502 (2009);
          URL http://www.quantum-espresso.org", 
     in publications or presentations arising from this work. More details at
     http://www.quantum-espresso.org/quote

     Parallel version (MPI), running on     8 processors
     R & G space division:  proc/nbgrp/npool/nimage =       8

     ***** This is GIPAW svn revision unknown      *****

     Parallelizing q-star over 1 images

     Reading data from directory:
     /users/majewski/paradichlorobenzene/pbe/9_constraint/scratch/pbe.ecut100.np8.dt60.pcl2phi-129368.save
     Message from routine read_xml_file:
     file /users/majewski/paradichlorobenzene/pbe/9_constraint/scratch/pbe.ecut100.np8.dt60.pcl2phi-129368.save not guaranteed to be safe for post-processing

   Info: using nr1, nr2, nr3 values from input

   Info: using nr1, nr2, nr3 values from input

     IMPORTANT: XC functional enforced from input :
     Exchange-correlation      =  SLA  PW   PBX  PBC ( 1  4  3  4 0 0)
     Any further DFT definition will be discarded
     Please, verify this is what you really want

               file C.pbe-n-kjpaw_psl.1.0.0.UPF: wavefunction(s)  2S 2P renormalized
               file Cl.pbe-n-kjpaw_psl.1.0.0.UPF: wavefunction(s)  3S 3P renormalized
               file H.pbe-kjpaw_psl.1.0.0.UPF: wavefunction(s)  1S renormalized

     Parallelization info
     --------------------
     sticks:   dense  smooth     PW     G-vecs:    dense   smooth      PW
     Min        3057    1223    332               144436    36536    5170
     Max        3059    1225    333               144437    36537    5171
     Sum       24467    9791   2657              1155489   292295   41363


     Subspace diagonalization in iterative solution of the eigenvalue problem:
     a serial algorithm will be used

     GIPAW projectors -----------------------------------------------
     atom=  C    l=0  rc=    1.2000  rs=    0.8000
     atom=  C    l=0  rc=    1.2000  rs=    0.8000
     atom=  C    l=1  rc=    1.4000  rs=    0.9333
     atom=  C    l=1  rc=    1.4000  rs=    0.9333
     projs nearly linearly dependent: l=1  n1,n2= 1, 2  s=  0.99951561

     atom=  Cl   l=0  rc=    1.6000  rs=    1.0667
     atom=  Cl   l=0  rc=    1.6000  rs=    1.0667
     atom=  Cl   l=1  rc=    1.6000  rs=    1.0667
     atom=  Cl   l=1  rc=    1.6000  rs=    1.0667
     atom=  Cl   l=2  rc=    1.6000  rs=    1.0667
     atom=  Cl   l=2  rc=    1.6000  rs=    1.0667
     projs nearly linearly dependent: l=2  n1,n2= 1, 2  s=  0.99993509

     atom=  H    l=0  rc=    1.0000  rs=    0.6667
     atom=  H    l=0  rc=    1.0000  rs=    0.6667
     projs nearly linearly dependent: l=0  n1,n2= 1, 2  s=  0.99968852
     -----------------------------------------------------------------

     GIPAW integrals: -------------------------------------------
     Atom  i/j   nmr_para   nmr_dia   epr_rmc  epr_para   epr_dia
       C   1 1   0.83E+03  0.17E-01  0.93E+01  0.24E+08  0.24E+03
       C   2 1   0.86E+03 -0.61E-01  0.94E+01  0.25E+08  0.25E+03
       C   2 2   0.90E+03 -0.15E+00  0.97E+01  0.26E+08  0.26E+03
       C   3 3   0.33E+01  0.34E+00  0.18E+01  0.55E+03  0.21E+02
       C   4 3   0.35E+01  0.37E+00  0.20E+01  0.59E+03  0.22E+02
       C   4 4   0.38E+01  0.39E+00  0.22E+01  0.63E+03  0.24E+02
       Cl  1 1   0.14E+04 -0.47E+00  0.84E+01  0.32E+09  0.42E+03
       Cl  2 1   0.21E+04 -0.37E+00  0.12E+02  0.49E+09  0.65E+03
       Cl  2 2   0.33E+04 -0.16E+00  0.21E+02  0.76E+09  0.10E+04
       Cl  3 3   0.21E+02  0.79E-01  0.89E+01  0.23E+05  0.13E+03
       Cl  4 3   0.24E+02  0.67E-01  0.99E+01  0.27E+05  0.15E+03
       Cl  4 4   0.28E+02  0.44E-01  0.11E+02  0.32E+05  0.18E+03
       Cl  5 5   0.77E+00  0.19E+00  0.18E+01  0.12E+03  0.22E+02
       Cl  6 5   0.80E+00  0.19E+00  0.19E+01  0.12E+03  0.23E+02
       Cl  6 6   0.83E+00  0.20E+00  0.19E+01  0.12E+03  0.23E+02
       H   1 1   0.39E+02  0.19E+00  0.29E+00  0.78E+05  0.13E+02
       H   2 1   0.41E+02  0.21E+00  0.32E+00  0.82E+05  0.14E+02
       H   2 2   0.43E+02  0.22E+00  0.36E+00  0.86E+05  0.15E+02
     ------------------------------------------------------------

     alpha_pv=     34.2313 eV

     Number of occupied bands for each k-point:
     k-point:     1    nbnd_occ=  42
     k-point:     2    nbnd_occ=  42
     k-point:     3    nbnd_occ=  42
     k-point:     4    nbnd_occ=  42
     k-point:     5    nbnd_occ=  42
     k-point:     6    nbnd_occ=  42
     k-point:     7    nbnd_occ=  42
     k-point:     8    nbnd_occ=  42
     k-point:     9    nbnd_occ=  42
     k-point:    10    nbnd_occ=  42
     k-point:    11    nbnd_occ=  42
     k-point:    12    nbnd_occ=  42
     k-point:    13    nbnd_occ=  42
     k-point:    14    nbnd_occ=  42
     k-point:    15    nbnd_occ=  42
     k-point:    16    nbnd_occ=  42


     q-space interpolation up to   110.00 Rydberg

     GIPAW job: efg                                                                             


     ELECTRIC FIELD GRADIENTS TENSORS IN Hartree/bohrradius^2:

     ----- bare term -----
     Cl   1       -0.080084       -0.043436        0.018043
     Cl   1       -0.043436       -0.013949        0.145402
     Cl   1        0.018043        0.145402        0.094033

     C    2       -0.610638        0.236994       -0.378544
     C    2        0.236994        0.131344       -0.144789
     C    2       -0.378544       -0.144789        0.479294

     C    3       -0.014065        0.370427       -0.010998
     C    3        0.370427       -0.545376       -0.427896
     C    3       -0.010998       -0.427896        0.559441

     H    4       -0.522167       -0.232225       -0.322065
     H    4       -0.232225        0.371258       -0.236173
     H    4       -0.322065       -0.236173        0.150909

     C    5       -0.794407        0.300286       -0.393026
     C    5        0.300286        0.248890       -0.060005
     C    5       -0.393026       -0.060005        0.545517

     H    6        0.408289       -0.029058       -0.118434
     H    6       -0.029058       -0.562473       -0.479493
     H    6       -0.118434       -0.479493        0.154184

     H    7        0.455752        0.222702        0.020684
     H    7        0.222702       -0.768985        0.021896
     H    7        0.020684        0.021896        0.313232

     C    8       -0.303677        0.009679       -0.310819
     C    8        0.009679        0.015737        0.567995
     C    8       -0.310819        0.567995        0.287940

     H    9       -0.422844        0.397955        0.184805
     H    9        0.397955        0.283516       -0.080898
     H    9        0.184805       -0.080898        0.139327

     C   10       -0.124781       -0.247300        0.075905
     C   10       -0.247300       -0.225628        0.281653
     C   10        0.075905        0.281653        0.350409

     C   11       -0.160634        0.195899       -0.214824
     C   11        0.195899       -0.007556        0.341231
     C   11       -0.214824        0.341231        0.168190

     Cl  12        0.094129       -0.178959        0.062901
     Cl  12       -0.178959       -0.010016       -0.337314
     Cl  12        0.062901       -0.337314       -0.084112

     H   13        0.452093       -0.086825       -0.015691
     H   13       -0.086825       -0.779852        0.073871
     H   13       -0.015691        0.073871        0.327759

     C   14       -0.134902       -0.029810       -0.259951
     C   14       -0.029810        0.051566       -0.494125
     C   14       -0.259951       -0.494125        0.083336

     H   15       -0.113872       -0.478796       -0.205795
     H   15       -0.478796       -0.284896       -0.083212
     H   15       -0.205795       -0.083212        0.398768

     C   16       -0.602090        0.281514       -0.223758
     C   16        0.281514        0.215776       -0.094879
     C   16       -0.223758       -0.094879        0.386313

     C   17        0.031902        0.149843       -0.129804
     C   17        0.149843       -0.198229       -0.443375
     C   17       -0.129804       -0.443375        0.166328

     Cl  18       -0.137619        0.227457       -0.001492
     Cl  18        0.227457       -0.017908       -0.005531
     Cl  18       -0.001492       -0.005531        0.155527

     H   19        0.215583       -0.029338       -0.429183
     H   19       -0.029338       -0.054012        0.353255
     H   19       -0.429183        0.353255       -0.161571

     C   20       -0.398159       -0.350786        0.065006
     C   20       -0.350786        0.077715        0.350769
     C   20        0.065006        0.350769        0.320444

     H   21       -0.478954       -0.184274       -0.467475
     H   21       -0.184274        0.218672        0.052402
     H   21       -0.467475        0.052402        0.260282

     C   22        0.022416        0.246890       -0.331654
     C   22        0.246890       -0.116977        0.668396
     C   22       -0.331654        0.668396        0.094561

     C   23       -0.510171       -0.286236       -0.367093
     C   23       -0.286236        0.201435        0.322910
     C   23       -0.367093        0.322910        0.308737

     Cl  24       -0.072931        0.062912       -0.008891
     Cl  24        0.062912       -0.021631       -0.127170
     Cl  24       -0.008891       -0.127170        0.094562

     ----- ionic term -----
     Cl   1        0.167578       -0.219037       -0.002228
     Cl   1       -0.219037       -0.010262        0.008613
     Cl   1       -0.002228        0.008613       -0.157317

     C    2        0.233237       -0.116300        0.139270
     C    2       -0.116300        0.203540        0.405397
     C    2        0.139270        0.405397       -0.436777

     C    3        0.175994       -0.240522        0.138368
     C    3       -0.240522        0.222721        0.385529
     C    3        0.138368        0.385529       -0.398715

     H    4        0.632492        0.377846        0.618754
     H    4        0.377846       -0.359404        0.261506
     H    4        0.618754        0.261506       -0.273088

     C    5        0.295637       -0.143558        0.238913
     C    5       -0.143558        0.095888        0.306233
     C    5        0.238913        0.306233       -0.391525

     H    6       -0.536326        0.084499        0.048702
     H    6        0.084499        0.741787        0.652616
     H    6        0.048702        0.652616       -0.205460

     H    7       -0.498107       -0.182098        0.091172
     H    7       -0.182098        0.742525       -0.660428
     H    7        0.091172       -0.660428       -0.244418

     C    8        0.359103        0.087606        0.186922
     C    8        0.087606        0.009296       -0.353893
     C    8        0.186922       -0.353893       -0.368399

     H    9        0.881906       -0.271819        0.483881
     H    9       -0.271819       -0.464317       -0.193039
     H    9        0.483881       -0.193039       -0.417588

     C   10        0.215384        0.183564        0.071114
     C   10        0.183564        0.134718       -0.450269
     C   10        0.071114       -0.450269       -0.350102

     C   11        0.315011        0.100182        0.212363
     C   11        0.100182        0.048908       -0.429515
     C   11        0.212363       -0.429515       -0.363919

     Cl  12        0.168854        0.195005       -0.012237
     Cl  12        0.195005       -0.017279       -0.026862
     Cl  12       -0.012237       -0.026862       -0.151574

     H   13       -0.485183        0.088215        0.027389
     H   13        0.088215        0.878161        0.516128
     H   13        0.027389        0.516128       -0.392978

     C   14        0.384895       -0.075464        0.196661
     C   14       -0.075464        0.117133        0.250928
     C   14        0.196661        0.250928       -0.502028

     H   15        0.598922        0.401812        0.608411
     H   15        0.401812       -0.327326        0.273213
     H   15        0.608411        0.273213       -0.271596

     C   16        0.230338       -0.160749        0.184954
     C   16       -0.160749        0.213560        0.290232
     C   16        0.184954        0.290232       -0.443898

     C   17        0.267453       -0.131045        0.312725
     C   17       -0.131045        0.171735        0.282413
     C   17        0.312725        0.282413       -0.439188

     Cl  18        0.160273       -0.210614        0.055611
     Cl  18       -0.210614        0.008659       -0.030520
     Cl  18        0.055611       -0.030520       -0.168933

     H   19       -0.488816       -0.229213        0.128672
     H   19       -0.229213        0.684470       -0.691737
     H   19        0.128672       -0.691737       -0.195654

     C   20        0.367926        0.099076        0.173506
     C   20        0.099076        0.006331       -0.343951
     C   20        0.173506       -0.343951       -0.374257

     H   21        0.613463       -0.292265        0.661651
     H   21       -0.292265       -0.447148       -0.247381
     H   21        0.661651       -0.247381       -0.166315

     C   22        0.184044        0.161681        0.121355
     C   22        0.161681        0.116642       -0.439857
     C   22        0.121355       -0.439857       -0.300686

     C   23        0.304476        0.080560        0.224895
     C   23        0.080560        0.041291       -0.444436
     C   23        0.224895       -0.444436       -0.345767

     Cl  24        0.138976        0.226652       -0.047242
     Cl  24        0.226652       -0.000739       -0.029642
     Cl  24       -0.047242       -0.029642       -0.138237

     ----- GIPAW term -----
     Cl   1       -0.008844       -2.133341       -0.099237
     Cl   1       -2.133341        0.057780        1.778908
     Cl   1       -0.099237        1.778908       -0.048936

     C    2       -0.127230       -0.098825       -0.093005
     C    2       -0.098825        0.082964        0.136517
     C    2       -0.093005        0.136517        0.044266

     C    3       -0.080905        0.081776        0.073667
     C    3        0.081776       -0.119358        0.089841
     C    3        0.073667        0.089841        0.200263

     H    4       -0.000000        0.000000        0.000000
     H    4        0.000000        0.000000        0.000000
     H    4        0.000000        0.000000        0.000000

     C    5       -0.195878        0.099359        0.022248
     C    5        0.099359        0.065407        0.153596
     C    5        0.022248        0.153596        0.130471

     H    6       -0.000000        0.000000        0.000000
     H    6        0.000000        0.000000        0.000000
     H    6        0.000000        0.000000        0.000000

     H    7       -0.000000        0.000000        0.000000
     H    7        0.000000        0.000000        0.000000
     H    7        0.000000        0.000000        0.000000

     C    8       -0.123129        0.031369       -0.026716
     C    8        0.031369        0.117516        0.256363
     C    8       -0.026716        0.256363        0.005613

     H    9       -0.000000        0.000000        0.000000
     H    9        0.000000        0.000000        0.000000
     H    9        0.000000        0.000000        0.000000

     C   10       -0.078932       -0.016072        0.014618
     C   10       -0.016072       -0.032216        0.103081
     C   10        0.014618        0.103081        0.111148

     C   11       -0.044274        0.069731        0.000468
     C   11        0.069731       -0.028726        0.091973
     C   11        0.000468        0.091973        0.073000

     Cl  12       -0.452936        0.110970       -0.407612
     Cl  12        0.110970       -0.088259        1.021996
     Cl  12       -0.407612        1.021996        0.541195

     H   13       -0.000000        0.000000        0.000000
     H   13        0.000000        0.000000        0.000000
     H   13        0.000000        0.000000        0.000000

     C   14       -0.104847       -0.015000       -0.023611
     C   14       -0.015000        0.232716       -0.161276
     C   14       -0.023611       -0.161276       -0.127869

     H   15       -0.000000        0.000000        0.000000
     H   15        0.000000        0.000000        0.000000
     H   15        0.000000        0.000000        0.000000

     C   16       -0.146979        0.071302       -0.039291
     C   16        0.071302        0.200386       -0.017694
     C   16       -0.039291       -0.017694       -0.053407

     C   17       -0.041413        0.013934        0.044530
     C   17        0.013934        0.139178        0.130693
     C   17        0.044530        0.130693       -0.097765

     Cl  18       -0.922610       -0.213420        0.572873
     Cl  18       -0.213420        0.454915        2.154379
     Cl  18        0.572873        2.154379        0.467695

     H   19       -0.000000        0.000000        0.000000
     H   19        0.000000        0.000000        0.000000
     H   19        0.000000        0.000000        0.000000

     C   20       -0.094460        0.059202        0.112828
     C   20        0.059202        0.056578        0.175032
     C   20        0.112828        0.175032        0.037883

     H   21       -0.000000        0.000000        0.000000
     H   21        0.000000        0.000000        0.000000
     H   21        0.000000        0.000000        0.000000

     C   22        0.005100        0.243568       -0.039826
     C   22        0.243568        0.107302        0.130974
     C   22       -0.039826        0.130974       -0.112402

     C   23       -0.110560        0.060759       -0.057998
     C   23        0.060759        0.223710        0.054634
     C   23       -0.057998        0.054634       -0.113150

     Cl  24        0.434151        2.388616       -0.225289
     Cl  24        2.388616       -0.085882       -1.231161
     Cl  24       -0.225289       -1.231161       -0.348269

     ----- total EFG -----
     Cl   1        0.078650       -2.395815       -0.083423
     Cl   1       -2.395815        0.033569        1.932924
     Cl   1       -0.083423        1.932924       -0.112220

     C    2       -0.504632        0.021869       -0.332279
     C    2        0.021869        0.417849        0.397125
     C    2       -0.332279        0.397125        0.086783

     C    3        0.081024        0.211681        0.201038
     C    3        0.211681       -0.442013        0.047475
     C    3        0.201038        0.047475        0.360990

     H    4        0.110325        0.145621        0.296689
     H    4        0.145621        0.011854        0.025333
     H    4        0.296689        0.025333       -0.122179

     C    5       -0.694648        0.256087       -0.131865
     C    5        0.256087        0.410185        0.399824
     C    5       -0.131865        0.399824        0.284463

     H    6       -0.128037        0.055441       -0.069732
     H    6        0.055441        0.179314        0.173123
     H    6       -0.069732        0.173123       -0.051277

     H    7       -0.042354        0.040604        0.111857
     H    7        0.040604       -0.026460       -0.638532
     H    7        0.111857       -0.638532        0.068814

     C    8       -0.067703        0.128655       -0.150614
     C    8        0.128655        0.142550        0.470465
     C    8       -0.150614        0.470465       -0.074847

     H    9        0.459062        0.126136        0.668685
     H    9        0.126136       -0.180801       -0.273937
     H    9        0.668685       -0.273937       -0.278261

     C   10        0.011671       -0.079809        0.161637
     C   10       -0.079809       -0.123126       -0.065535
     C   10        0.161637       -0.065535        0.111455

     C   11        0.110103        0.365812       -0.001993
     C   11        0.365812        0.012626        0.003689
     C   11       -0.001993        0.003689       -0.122729

     Cl  12       -0.189954        0.127016       -0.356948
     Cl  12        0.127016       -0.115555        0.657820
     Cl  12       -0.356948        0.657820        0.305509

     H   13       -0.033090        0.001391        0.011699
     H   13        0.001391        0.098308        0.589999
     H   13        0.011699        0.589999       -0.065219

     C   14        0.145146       -0.120274       -0.086902
     C   14       -0.120274        0.401415       -0.404472
     C   14       -0.086902       -0.404472       -0.546560

     H   15        0.485051       -0.076985        0.402616
     H   15       -0.076985       -0.612222        0.190001
     H   15        0.402616        0.190001        0.127172

     C   16       -0.518731        0.192068       -0.078094
     C   16        0.192068        0.629723        0.177658
     C   16       -0.078094        0.177658       -0.110992

     C   17        0.257942        0.032732        0.227451
     C   17        0.032732        0.112684       -0.030269
     C   17        0.227451       -0.030269       -0.370625

     Cl  18       -0.899956       -0.196577        0.626992
     Cl  18       -0.196577        0.445666        2.118328
     Cl  18        0.626992        2.118328        0.454290

     H   19       -0.273233       -0.258551       -0.300512
     H   19       -0.258551        0.630458       -0.338482
     H   19       -0.300512       -0.338482       -0.357225

     C   20       -0.124693       -0.192508        0.351339
     C   20       -0.192508        0.140623        0.181849
     C   20        0.351339        0.181849       -0.015930

     H   21        0.134509       -0.476539        0.194176
     H   21       -0.476539       -0.228475       -0.194979
     H   21        0.194176       -0.194979        0.093967

     C   22        0.211560        0.652140       -0.250125
     C   22        0.652140        0.106967        0.359512
     C   22       -0.250125        0.359512       -0.318527

     C   23       -0.316255       -0.144917       -0.200195
     C   23       -0.144917        0.466436       -0.066892
     C   23       -0.200195       -0.066892       -0.150180

     Cl  24        0.500196        2.678180       -0.281423
     Cl  24        2.678180       -0.108253       -1.387974
     Cl  24       -0.281423       -1.387974       -0.391944

     ----- total EFG (symmetrized) -----
     Cl   1        0.078650       -2.395815       -0.083423
     Cl   1       -2.395815        0.033569        1.932924
     Cl   1       -0.083423        1.932924       -0.112220

     C    2       -0.504632        0.021869       -0.332279
     C    2        0.021869        0.417849        0.397125
     C    2       -0.332279        0.397125        0.086783

     C    3        0.081024        0.211681        0.201038
     C    3        0.211681       -0.442013        0.047475
     C    3        0.201038        0.047475        0.360990

     H    4        0.110325        0.145621        0.296689
     H    4        0.145621        0.011854        0.025333
     H    4        0.296689        0.025333       -0.122179

     C    5       -0.694648        0.256087       -0.131865
     C    5        0.256087        0.410185        0.399824
     C    5       -0.131865        0.399824        0.284463

     H    6       -0.128037        0.055441       -0.069732
     H    6        0.055441        0.179314        0.173123
     H    6       -0.069732        0.173123       -0.051277

     H    7       -0.042354        0.040604        0.111857
     H    7        0.040604       -0.026460       -0.638532
     H    7        0.111857       -0.638532        0.068814

     C    8       -0.067703        0.128655       -0.150614
     C    8        0.128655        0.142550        0.470465
     C    8       -0.150614        0.470465       -0.074847

     H    9        0.459062        0.126136        0.668685
     H    9        0.126136       -0.180801       -0.273937
     H    9        0.668685       -0.273937       -0.278261

     C   10        0.011671       -0.079809        0.161637
     C   10       -0.079809       -0.123126       -0.065535
     C   10        0.161637       -0.065535        0.111455

     C   11        0.110103        0.365812       -0.001993
     C   11        0.365812        0.012626        0.003689
     C   11       -0.001993        0.003689       -0.122729

     Cl  12       -0.189954        0.127016       -0.356948
     Cl  12        0.127016       -0.115555        0.657820
     Cl  12       -0.356948        0.657820        0.305509

     H   13       -0.033090        0.001391        0.011699
     H   13        0.001391        0.098308        0.589999
     H   13        0.011699        0.589999       -0.065219

     C   14        0.145146       -0.120274       -0.086902
     C   14       -0.120274        0.401415       -0.404472
     C   14       -0.086902       -0.404472       -0.546560

     H   15        0.485051       -0.076985        0.402616
     H   15       -0.076985       -0.612222        0.190001
     H   15        0.402616        0.190001        0.127172

     C   16       -0.518731        0.192068       -0.078094
     C   16        0.192068        0.629723        0.177658
     C   16       -0.078094        0.177658       -0.110992

     C   17        0.257942        0.032732        0.227451
     C   17        0.032732        0.112684       -0.030269
     C   17        0.227451       -0.030269       -0.370625

     Cl  18       -0.899956       -0.196577        0.626992
     Cl  18       -0.196577        0.445666        2.118328
     Cl  18        0.626992        2.118328        0.454290

     H   19       -0.273233       -0.258551       -0.300512
     H   19       -0.258551        0.630458       -0.338482
     H   19       -0.300512       -0.338482       -0.357225

     C   20       -0.124693       -0.192508        0.351339
     C   20       -0.192508        0.140623        0.181849
     C   20        0.351339        0.181849       -0.015930

     H   21        0.134509       -0.476539        0.194176
     H   21       -0.476539       -0.228475       -0.194979
     H   21        0.194176       -0.194979        0.093967

     C   22        0.211560        0.652140       -0.250125
     C   22        0.652140        0.106967        0.359512
     C   22       -0.250125        0.359512       -0.318527

     C   23       -0.316255       -0.144917       -0.200195
     C   23       -0.144917        0.466436       -0.066892
     C   23       -0.200195       -0.066892       -0.150180

     Cl  24        0.500196        2.678180       -0.281423
     Cl  24        2.678180       -0.108253       -1.387974
     Cl  24       -0.281423       -1.387974       -0.391944


     NQR/NMR SPECTROSCOPIC PARAMETERS:
     Cl   1    Vxx=   -0.1184    axis=(  0.628669  0.024644  0.777283)
     Cl   1    Vyy=   -3.0202    axis=( -0.536500 -0.709818  0.456428)
     Cl   1    Vzz=    3.1386    axis=( -0.562977  0.703954  0.433019)
     Cl   1  Q=        -8.1650 1e-30 m^2  Cq=       -60.2120 MHz  eta= 0.92455

     C    2    Vxx=   -0.0192    axis=( -0.478812 -0.577158  0.661534)
     C    2    Vyy=   -0.6881    axis=( -0.865554  0.184332 -0.465659)
     C    2    Vzz=    0.7072    axis=(  0.146817 -0.795556 -0.587822)
     C    2  Q=         1.0000 1e-30 m^2  Cq=         1.6617 MHz  eta= 0.94573

     C    3    Vxx=    0.0292    axis=(  0.794822  0.304146 -0.525123)
     C    3    Vyy=    0.4884    axis=(  0.501679  0.157547  0.850586)
     C    3    Vzz=   -0.5176    axis=( -0.341434  0.939507  0.027361)
     C    3  Q=         1.0000 1e-30 m^2  Cq=        -1.2161 MHz  eta= 0.88715

     H    4    Vxx=   -0.0286    axis=(  0.191227 -0.913585  0.358879)
     H    4    Vyy=   -0.3363    axis=(  0.585233 -0.187406 -0.788911)
     H    4    Vzz=    0.3648    axis=(  0.787994  0.360889  0.498823)
     H    4  Q=         1.0000 1e-30 m^2  Cq=         0.8572 MHz  eta= 0.84333

     C    5    Vxx=    0.0375    axis=( -0.335027 -0.572599  0.748256)
     C    5    Vyy=    0.7607    axis=( -0.079329 -0.774190 -0.627963)
     C    5    Vzz=   -0.7983    axis=( -0.938863  0.269743 -0.213951)
     C    5  Q=         1.0000 1e-30 m^2  Cq=        -1.8756 MHz  eta= 0.90594

     H    6    Vxx=   -0.0484    axis=(  0.736429  0.286567 -0.612823)
     H    6    Vyy=   -0.2243    axis=( -0.675228  0.367191 -0.639717)
     H    6    Vzz=    0.2727    axis=(  0.041701  0.884901  0.463908)
     H    6  Q=         1.0000 1e-30 m^2  Cq=         0.6407 MHz  eta= 0.64476

     H    7    Vxx=   -0.0277    axis=(  0.981404  0.181406  0.062759)
     H    7    Vyy=   -0.6380    axis=( -0.175617  0.716530  0.675088)
     H    7    Vzz=    0.6657    axis=(  0.077497 -0.673556  0.735063)
     H    7  Q=         1.0000 1e-30 m^2  Cq=         1.5642 MHz  eta= 0.91679

     C    8    Vxx=    0.0164    axis=(  0.920141  0.233619 -0.314266)
     C    8    Vyy=    0.5168    axis=(  0.012764  0.784222  0.620349)
     C    8    Vzz=   -0.5332    axis=(  0.391380 -0.574819  0.718613)
     C    8  Q=         1.0000 1e-30 m^2  Cq=        -1.2528 MHz  eta= 0.93848

     H    9    Vxx=   -0.0398    axis=(  0.244284  0.903317 -0.352623)
     H    9    Vyy=   -0.8152    axis=( -0.452844  0.427822  0.782241)
     H    9    Vzz=    0.8549    axis=(  0.857472 -0.031406  0.513572)
     H    9  Q=         1.0000 1e-30 m^2  Cq=         2.0088 MHz  eta= 0.90700

     C   10    Vxx=   -0.0964    axis=( -0.657763  0.400748  0.637768)
     C   10    Vyy=   -0.1608    axis=( -0.470513 -0.879802  0.067569)
     C   10    Vzz=    0.2572    axis=(  0.588188 -0.255634  0.767259)
     C   10  Q=         1.0000 1e-30 m^2  Cq=         0.6043 MHz  eta= 0.25017

     C   11    Vxx=   -0.1226    axis=( -0.015819  0.015512  0.999755)
     C   11    Vyy=   -0.3078    axis=( -0.658580  0.752187 -0.022092)
     C   11    Vzz=    0.4304    axis=( -0.752345 -0.658768 -0.001683)
     C   11  Q=         1.0000 1e-30 m^2  Cq=         1.0113 MHz  eta= 0.43013

     Cl  12    Vxx=   -0.0606    axis=(  0.843388  0.523937 -0.119107)
     Cl  12    Vyy=   -0.7727    axis=( -0.491134  0.661833 -0.566361)
     Cl  12    Vzz=    0.8334    axis=( -0.217908  0.536159  0.815505)
     Cl  12  Q=        -8.1650 1e-30 m^2  Cq=       -15.9879 MHz  eta= 0.85448

     H   13    Vxx=   -0.0331    axis=(  0.999804 -0.019713  0.002034)
     H   13    Vyy=   -0.5792    axis=(  0.014481  0.656635 -0.754070)
     H   13    Vzz=    0.6123    axis=(  0.013530  0.753951  0.656791)
     H   13  Q=         1.0000 1e-30 m^2  Cq=         1.4387 MHz  eta= 0.89190

     C   14    Vxx=    0.1462    axis=(  0.969769  0.137239 -0.201776)
     C   14    Vyy=    0.5672    axis=( -0.197847  0.926214 -0.320912)
     C   14    Vzz=   -0.7135    axis=(  0.142846  0.351132  0.925366)
     C   14  Q=         1.0000 1e-30 m^2  Cq=        -1.6763 MHz  eta= 0.59014

     H   15    Vxx=   -0.0612    axis=( -0.525811  0.342017  0.778811)
     H   15    Vyy=   -0.6866    axis=(  0.165131  0.939226 -0.300976)
     H   15    Vzz=    0.7479    axis=( -0.834418 -0.029650 -0.550333)
     H   15  Q=         1.0000 1e-30 m^2  Cq=         1.7572 MHz  eta= 0.83630

     C   16    Vxx=   -0.1191    axis=( -0.262216 -0.158584  0.951890)
     C   16    Vyy=   -0.5752    axis=( -0.954707  0.186381 -0.231942)
     C   16    Vzz=    0.6943    axis=( -0.140632 -0.969594 -0.200273)
     C   16  Q=         1.0000 1e-30 m^2  Cq=         1.6313 MHz  eta= 0.65698

     C   17    Vxx=    0.1132    axis=( -0.072985  0.992662 -0.096410)
     C   17    Vyy=    0.3338    axis=( -0.948179 -0.099037 -0.301908)
     C   17    Vzz=   -0.4470    axis=( -0.309241  0.069380  0.948449)
     C   17  Q=         1.0000 1e-30 m^2  Cq=        -1.0503 MHz  eta= 0.49344

     Cl  18    Vxx=   -0.6093    axis=( -0.873281  0.398924 -0.279716)
     Cl  18    Vyy=   -1.9862    axis=( -0.479037 -0.598255  0.642351)
     Cl  18    Vzz=    2.5955    axis=(  0.088908  0.694947  0.713544)
     Cl  18  Q=        -8.1650 1e-30 m^2  Cq=       -49.7940 MHz  eta= 0.53048

     H   19    Vxx=   -0.0126    axis=(  0.767235 -0.028775 -0.640721)
     H   19    Vyy=   -0.7497    axis=(  0.619038  0.294525  0.728043)
     H   19    Vzz=    0.7623    axis=( -0.167759  0.955211 -0.243782)
     H   19  Q=         1.0000 1e-30 m^2  Cq=         1.7910 MHz  eta= 0.96700

     C   20    Vxx=    0.2417    axis=(  0.441302 -0.896816 -0.031204)
     C   20    Vyy=    0.2885    axis=(  0.558283  0.247162  0.791979)
     C   20    Vzz=   -0.5302    axis=(  0.702547  0.366922 -0.609751)
     C   20  Q=         1.0000 1e-30 m^2  Cq=        -1.2457 MHz  eta= 0.08829

     H   21    Vxx=   -0.0451    axis=( -0.434624  0.194481  0.879363)
     H   21    Vyy=   -0.5613    axis=( -0.546559 -0.833002 -0.085908)
     H   21    Vzz=    0.6064    axis=(  0.715804 -0.517962  0.468338)
     H   21  Q=         1.0000 1e-30 m^2  Cq=         1.4248 MHz  eta= 0.85116

     C   22    Vxx=    0.0332    axis=( -0.473362  0.425327  0.771379)
     C   22    Vyy=    0.8171    axis=( -0.719794 -0.691556 -0.060392)
     C   22    Vzz=   -0.8503    axis=(  0.507765 -0.583821  0.633504)
     C   22  Q=         1.0000 1e-30 m^2  Cq=        -1.9979 MHz  eta= 0.92193

     C   23    Vxx=   -0.0176    axis=( -0.540805 -0.045840  0.839898)
     C   23    Vyy=   -0.4764    axis=(  0.825108  0.165162  0.540295)
     C   23    Vzz=    0.4940    axis=( -0.163486  0.985201 -0.051498)
     C   23  Q=         1.0000 1e-30 m^2  Cq=         1.1607 MHz  eta= 0.92864

     Cl  24    Vxx=   -0.4315    axis=(  0.465603 -0.069265  0.882279)
     Cl  24    Vyy=   -2.8251    axis=( -0.567242  0.741867  0.357591)
     Cl  24    Vzz=    3.2565    axis=( -0.679302 -0.666961  0.306125)
     Cl  24  Q=        -8.1650 1e-30 m^2  Cq=       -62.4751 MHz  eta= 0.73500

     Initialization:
     gipaw_setup  :      9.20s CPU     11.01s WALL (       1 calls)

     Linear response

     Apply operators

     Induced current

     Other routines
     efg          :      9.22s CPU     11.67s WALL (       1 calls)

     General routines
     calbec       :      3.24s CPU      4.27s WALL (      16 calls)
     fft          :      1.86s CPU      3.13s WALL (      15 calls)
     ffts         :      0.04s CPU      0.04s WALL (       2 calls)
     fftw         :      3.22s CPU      4.02s WALL (     672 calls)
     davcio       :      0.04s CPU      0.31s WALL (      32 calls)

     Parallel routines
     fft_scatter  :      2.56s CPU      4.41s WALL (     689 calls)

     Plugins

     GIPAW        :     60.82s CPU     72.83s WALL (       1 calls)
