
     Program QE v.6.0 (svn rev. 13079) starts on  5Jan2017 at  3:19: 1 

     This program is part of the open-source Quantum ESPRESSO suite
     for quantum simulation of materials; please cite
         "P. Giannozzi et al., J. Phys.:Condens. Matter 21 395502 (2009);
          URL http://www.quantum-espresso.org", 
     in publications or presentations arising from this work. More details at
     http://www.quantum-espresso.org/quote

     Parallel version (MPI), running on     8 processors
     R & G space division:  proc/nbgrp/npool/nimage =       8

     ***** This is GIPAW svn revision unknown      *****

     Parallelizing q-star over 1 images

     Reading data from directory:
     /users/majewski/paradichlorobenzene/pbe/9_constraint/scratch/pbe.ecut100.np8.dt60.pcl2phi-129368.save
     Message from routine read_xml_file:
     file /users/majewski/paradichlorobenzene/pbe/9_constraint/scratch/pbe.ecut100.np8.dt60.pcl2phi-129368.save not guaranteed to be safe for post-processing

   Info: using nr1, nr2, nr3 values from input

   Info: using nr1, nr2, nr3 values from input

     IMPORTANT: XC functional enforced from input :
     Exchange-correlation      =  SLA  PW   PBX  PBC ( 1  4  3  4 0 0)
     Any further DFT definition will be discarded
     Please, verify this is what you really want

               file C.pbe-n-kjpaw_psl.1.0.0.UPF: wavefunction(s)  2S 2P renormalized
               file Cl.pbe-n-kjpaw_psl.1.0.0.UPF: wavefunction(s)  3S 3P renormalized
               file H.pbe-kjpaw_psl.1.0.0.UPF: wavefunction(s)  1S renormalized

     Parallelization info
     --------------------
     sticks:   dense  smooth     PW     G-vecs:    dense   smooth      PW
     Min        3057    1223    332               144436    36536    5170
     Max        3059    1225    333               144437    36537    5171
     Sum       24467    9791   2657              1155489   292295   41363


     Subspace diagonalization in iterative solution of the eigenvalue problem:
     a serial algorithm will be used

     GIPAW projectors -----------------------------------------------
     atom=  C    l=0  rc=    1.2000  rs=    0.8000
     atom=  C    l=0  rc=    1.2000  rs=    0.8000
     atom=  C    l=1  rc=    1.4000  rs=    0.9333
     atom=  C    l=1  rc=    1.4000  rs=    0.9333
     projs nearly linearly dependent: l=1  n1,n2= 1, 2  s=  0.99951561

     atom=  Cl   l=0  rc=    1.6000  rs=    1.0667
     atom=  Cl   l=0  rc=    1.6000  rs=    1.0667
     atom=  Cl   l=1  rc=    1.6000  rs=    1.0667
     atom=  Cl   l=1  rc=    1.6000  rs=    1.0667
     atom=  Cl   l=2  rc=    1.6000  rs=    1.0667
     atom=  Cl   l=2  rc=    1.6000  rs=    1.0667
     projs nearly linearly dependent: l=2  n1,n2= 1, 2  s=  0.99993509

     atom=  H    l=0  rc=    1.0000  rs=    0.6667
     atom=  H    l=0  rc=    1.0000  rs=    0.6667
     projs nearly linearly dependent: l=0  n1,n2= 1, 2  s=  0.99968852
     -----------------------------------------------------------------

     GIPAW integrals: -------------------------------------------
     Atom  i/j   nmr_para   nmr_dia   epr_rmc  epr_para   epr_dia
       C   1 1   0.83E+03  0.17E-01  0.93E+01  0.24E+08  0.24E+03
       C   2 1   0.86E+03 -0.61E-01  0.94E+01  0.25E+08  0.25E+03
       C   2 2   0.90E+03 -0.15E+00  0.97E+01  0.26E+08  0.26E+03
       C   3 3   0.33E+01  0.34E+00  0.18E+01  0.55E+03  0.21E+02
       C   4 3   0.35E+01  0.37E+00  0.20E+01  0.59E+03  0.22E+02
       C   4 4   0.38E+01  0.39E+00  0.22E+01  0.63E+03  0.24E+02
       Cl  1 1   0.14E+04 -0.47E+00  0.84E+01  0.32E+09  0.42E+03
       Cl  2 1   0.21E+04 -0.37E+00  0.12E+02  0.49E+09  0.65E+03
       Cl  2 2   0.33E+04 -0.16E+00  0.21E+02  0.76E+09  0.10E+04
       Cl  3 3   0.21E+02  0.79E-01  0.89E+01  0.23E+05  0.13E+03
       Cl  4 3   0.24E+02  0.67E-01  0.99E+01  0.27E+05  0.15E+03
       Cl  4 4   0.28E+02  0.44E-01  0.11E+02  0.32E+05  0.18E+03
       Cl  5 5   0.77E+00  0.19E+00  0.18E+01  0.12E+03  0.22E+02
       Cl  6 5   0.80E+00  0.19E+00  0.19E+01  0.12E+03  0.23E+02
       Cl  6 6   0.83E+00  0.20E+00  0.19E+01  0.12E+03  0.23E+02
       H   1 1   0.39E+02  0.19E+00  0.29E+00  0.78E+05  0.13E+02
       H   2 1   0.41E+02  0.21E+00  0.32E+00  0.82E+05  0.14E+02
       H   2 2   0.43E+02  0.22E+00  0.36E+00  0.86E+05  0.15E+02
     ------------------------------------------------------------

     alpha_pv=     34.5104 eV

     Number of occupied bands for each k-point:
     k-point:     1    nbnd_occ=  42
     k-point:     2    nbnd_occ=  42
     k-point:     3    nbnd_occ=  42
     k-point:     4    nbnd_occ=  42
     k-point:     5    nbnd_occ=  42
     k-point:     6    nbnd_occ=  42
     k-point:     7    nbnd_occ=  42
     k-point:     8    nbnd_occ=  42
     k-point:     9    nbnd_occ=  42
     k-point:    10    nbnd_occ=  42
     k-point:    11    nbnd_occ=  42
     k-point:    12    nbnd_occ=  42
     k-point:    13    nbnd_occ=  42
     k-point:    14    nbnd_occ=  42
     k-point:    15    nbnd_occ=  42
     k-point:    16    nbnd_occ=  42


     q-space interpolation up to   110.00 Rydberg

     GIPAW job: efg                                                                             


     ELECTRIC FIELD GRADIENTS TENSORS IN Hartree/bohrradius^2:

     ----- bare term -----
     Cl   1        0.038569        0.056365       -0.051434
     Cl   1        0.056365        0.001169       -0.009633
     Cl   1       -0.051434       -0.009633       -0.039738

     C    2       -0.620314        0.463591       -0.210704
     C    2        0.463591        0.195176       -0.198532
     C    2       -0.210704       -0.198532        0.425138

     C    3        0.291269        0.038357       -0.141574
     C    3        0.038357       -0.155341       -0.320334
     C    3       -0.141574       -0.320334       -0.135927

     H    4        0.153425        0.036204       -0.349577
     H    4        0.036204        0.139870        0.248505
     H    4       -0.349577        0.248505       -0.293296

     C    5       -0.621507        0.330951       -0.067770
     C    5        0.330951        0.285395       -0.209207
     C    5       -0.067770       -0.209207        0.336112

     H    6        0.549788       -0.011047        0.027756
     H    6       -0.011047       -0.078456       -0.213888
     H    6        0.027756       -0.213888       -0.471332

     H    7       -0.063453        0.461010       -0.158929
     H    7        0.461010       -0.272633        0.324522
     H    7       -0.158929        0.324522        0.336086

     C    8        0.058080       -0.528363       -0.018542
     C    8       -0.528363       -0.350785        0.374876
     C    8       -0.018542        0.374876        0.292705

     H    9       -0.645012        0.313665        0.154222
     H    9        0.313665        0.382034        0.038487
     H    9        0.154222        0.038487        0.262979

     C   10       -0.199385       -0.255597       -0.369237
     C   10       -0.255597       -0.040278        0.384859
     C   10       -0.369237        0.384859        0.239663

     C   11       -0.100266       -0.284585       -0.213667
     C   11       -0.284585       -0.075341        0.595556
     C   11       -0.213667        0.595556        0.175607

     Cl  12        0.038448       -0.032515        0.094722
     Cl  12       -0.032515        0.110921       -0.070072
     Cl  12        0.094722       -0.070072       -0.149369

     H   13        0.272069        0.255372        0.128739
     H   13        0.255372       -0.457493       -0.520059
     H   13        0.128739       -0.520059        0.185424

     C   14       -0.057829       -0.388602       -0.501125
     C   14       -0.388602       -0.045511       -0.513493
     C   14       -0.501125       -0.513493        0.103340

     H   15       -0.049877       -0.124478       -0.285431
     H   15       -0.124478        0.510250       -0.212520
     H   15       -0.285431       -0.212520       -0.460374

     C   16       -0.199580        0.436190       -0.330051
     C   16        0.436190       -0.144735       -0.051988
     C   16       -0.330051       -0.051988        0.344315

     C   17        0.080852       -0.375145       -0.550558
     C   17       -0.375145       -0.229463       -0.587602
     C   17       -0.550558       -0.587602        0.148611

     Cl  18       -0.224946        0.385245        0.147055
     Cl  18        0.385245        0.069827        0.017106
     Cl  18        0.147055        0.017106        0.155119

     H   19        0.528657       -0.036930       -0.022784
     H   19       -0.036930        0.029429        0.140156
     H   19       -0.022784        0.140156       -0.558086

     C   20       -0.611738       -0.306734       -0.271991
     C   20       -0.306734        0.359185        0.099731
     C   20       -0.271991        0.099731        0.252553

     H   21       -0.202838       -0.020536       -0.545137
     H   21       -0.020536       -0.012530        0.034249
     H   21       -0.545137        0.034249        0.215368

     C   22        0.188644       -0.255675       -0.017775
     C   22       -0.255675       -0.185552        0.555868
     C   22       -0.017775        0.555868       -0.003092

     C   23       -0.581293       -0.328235       -0.408975
     C   23       -0.328235        0.267653        0.060081
     C   23       -0.408975        0.060081        0.313640

     Cl  24        0.005589        0.002165       -0.056782
     Cl  24        0.002165       -0.036340        0.091861
     Cl  24       -0.056782        0.091861        0.030750

     ----- ionic term -----
     Cl   1        0.141601       -0.251495        0.006825
     Cl   1       -0.251495        0.015789       -0.000790
     Cl   1        0.006825       -0.000790       -0.157390

     C    2        0.131916       -0.297706        0.332637
     C    2       -0.297706        0.014069        0.416546
     C    2        0.332637        0.416546       -0.145985

     C    3       -0.029119       -0.352046        0.224671
     C    3       -0.352046        0.144580        0.369769
     C    3        0.224671        0.369769       -0.115461

     H    4        0.262607        0.122861        0.777688
     H    4        0.122861       -0.481257        0.187608
     H    4        0.777688        0.187608        0.218649

     C    5        0.059290       -0.331024        0.329287
     C    5       -0.331024        0.035388        0.251301
     C    5        0.329287        0.251301       -0.094678

     H    6       -0.553312       -0.085297       -0.049528
     H    6       -0.085297        0.468471        0.774358
     H    6       -0.049528        0.774358        0.084841

     H    7       -0.480596       -0.249459        0.170426
     H    7       -0.249459        0.567802       -0.756480
     H    7        0.170426       -0.756480       -0.087206

     C    8        0.386582        0.169298        0.215766
     C    8        0.169298        0.001754       -0.333888
     C    8        0.215766       -0.333888       -0.388336

     H    9        0.883979       -0.224206        0.476380
     H    9       -0.224206       -0.505899       -0.166733
     H    9        0.476380       -0.166733       -0.378080

     C   10        0.197140        0.265317        0.096148
     C   10        0.265317        0.157120       -0.421066
     C   10        0.096148       -0.421066       -0.354260

     C   11        0.191164        0.197609        0.201004
     C   11        0.197609        0.081934       -0.422936
     C   11        0.201004       -0.422936       -0.273098

     Cl  12        0.078225        0.180558       -0.046731
     Cl  12        0.180558        0.045198       -0.042948
     Cl  12       -0.046731       -0.042948       -0.123422

     H   13       -0.509327        0.108278        0.080934
     H   13        0.108278        0.582597        0.728192
     H   13        0.080934        0.728192       -0.073270

     C   14        0.180408       -0.202063        0.425149
     C   14       -0.202063        0.013587        0.253465
     C   14        0.425149        0.253465       -0.193996

     H   15        0.587014        0.168428        0.745714
     H   15        0.168428       -0.469434        0.183497
     H   15        0.745714        0.183497       -0.117580

     C   16        0.052219       -0.263194        0.276604
     C   16       -0.263194        0.170484        0.332511
     C   16        0.276604        0.332511       -0.222703

     C   17       -0.003272       -0.268737        0.406071
     C   17       -0.268737        0.098187        0.333125
     C   17        0.406071        0.333125       -0.094915

     Cl  18        0.103080       -0.204196        0.065022
     Cl  18       -0.204196        0.045701       -0.033182
     Cl  18        0.065022       -0.033182       -0.148782

     H   19       -0.496018       -0.143745        0.152999
     H   19       -0.143745        0.328076       -0.813085
     H   19        0.152999       -0.813085        0.167942

     C   20        0.319449        0.222479        0.246119
     C   20        0.222479       -0.069010       -0.325144
     C   20        0.246119       -0.325144       -0.250438

     H   21        0.649485       -0.362336        0.640542
     H   21       -0.362336       -0.410675       -0.265672
     H   21        0.640542       -0.265672       -0.238810

     C   22        0.152920        0.201520        0.149258
     C   22        0.201520        0.073066       -0.438656
     C   22        0.149258       -0.438656       -0.225986

     C   23        0.313858        0.165819        0.207396
     C   23        0.165819       -0.033993       -0.416528
     C   23        0.207396       -0.416528       -0.279865

     Cl  24        0.120391        0.214319       -0.024185
     Cl  24        0.214319        0.008738       -0.027356
     Cl  24       -0.024185       -0.027356       -0.129129

     ----- GIPAW term -----
     Cl   1       -0.142436       -1.294558       -0.216989
     Cl   1       -1.294558        2.541779       -0.715617
     Cl   1       -0.216989       -0.715617       -2.399344

     C    2       -0.120299       -0.076385        0.001878
     C    2       -0.076385        0.207121       -0.065597
     C    2        0.001878       -0.065597       -0.086822

     C    3       -0.007650       -0.008923       -0.010176
     C    3       -0.008923        0.068795       -0.027904
     C    3       -0.010176       -0.027904       -0.061145

     H    4       -0.000000        0.000000        0.000000
     H    4        0.000000        0.000000        0.000000
     H    4        0.000000        0.000000        0.000000

     C    5       -0.135575       -0.076237        0.052849
     C    5       -0.076237        0.185177       -0.095222
     C    5        0.052849       -0.095222       -0.049602

     H    6       -0.000000        0.000000        0.000000
     H    6        0.000000        0.000000        0.000000
     H    6        0.000000        0.000000        0.000000

     H    7       -0.000000        0.000000        0.000000
     H    7        0.000000        0.000000        0.000000
     H    7        0.000000        0.000000        0.000000

     C    8        0.128398       -0.248607        0.015041
     C    8       -0.248607       -0.030898        0.066398
     C    8        0.015041        0.066398       -0.097500

     H    9       -0.000000        0.000000        0.000000
     H    9        0.000000        0.000000        0.000000
     H    9        0.000000        0.000000        0.000000

     C   10        0.007303       -0.158472       -0.186266
     C   10       -0.158472        0.019772        0.135187
     C   10       -0.186266        0.135187       -0.027075

     C   11        0.027251       -0.095649       -0.136372
     C   11       -0.095649        0.020259        0.194306
     C   11       -0.136372        0.194306       -0.047510

     Cl  12       -0.345845        0.814763       -0.994660
     Cl  12        0.814763       -0.986595        0.854667
     Cl  12       -0.994660        0.854667        1.332441

     H   13       -0.000000        0.000000        0.000000
     H   13        0.000000        0.000000        0.000000
     H   13        0.000000        0.000000        0.000000

     C   14        0.073337       -0.255075       -0.102963
     C   14       -0.255075        0.043315       -0.042487
     C   14       -0.102963       -0.042487       -0.116652

     H   15       -0.000000        0.000000        0.000000
     H   15        0.000000        0.000000        0.000000
     H   15        0.000000        0.000000        0.000000

     C   16        0.065957       -0.046645       -0.191716
     C   16       -0.046645       -0.088444        0.090870
     C   16       -0.191716        0.090870        0.022487

     C   17        0.117524       -0.211866       -0.171806
     C   17       -0.211866       -0.062396        0.007261
     C   17       -0.171806        0.007261       -0.055127

     Cl  18        0.260196       -0.087768       -1.694383
     Cl  18       -0.087768       -1.125793        0.072380
     Cl  18       -1.694383        0.072380        0.865597

     H   19       -0.000000        0.000000        0.000000
     H   19        0.000000        0.000000        0.000000
     H   19        0.000000        0.000000        0.000000

     C   20       -0.124747       -0.074413       -0.034725
     C   20       -0.074413        0.163235        0.061670
     C   20       -0.034725        0.061670       -0.038489

     H   21       -0.000000        0.000000        0.000000
     H   21        0.000000        0.000000        0.000000
     H   21        0.000000        0.000000        0.000000

     C   22       -0.053360       -0.082385        0.019713
     C   22       -0.082385        0.181594        0.025388
     C   22        0.019713        0.025388       -0.128235

     C   23       -0.030213       -0.130283        0.051012
     C   23       -0.130283        0.100374       -0.127172
     C   23        0.051012       -0.127172       -0.070161

     Cl  24        0.049575       -0.018339        1.030263
     Cl  24       -0.018339        0.425315       -1.654622
     Cl  24        1.030263       -1.654622       -0.474889

     ----- total EFG -----
     Cl   1        0.037734       -1.489688       -0.261598
     Cl   1       -1.489688        2.558737       -0.726040
     Cl   1       -0.261598       -0.726040       -2.596472

     C    2       -0.608697        0.089500        0.123811
     C    2        0.089500        0.416366        0.152417
     C    2        0.123811        0.152417        0.192331

     C    3        0.254499       -0.322612        0.072921
     C    3       -0.322612        0.058033        0.021531
     C    3        0.072921        0.021531       -0.312532

     H    4        0.416033        0.159066        0.428111
     H    4        0.159066       -0.341386        0.436113
     H    4        0.428111        0.436113       -0.074646

     C    5       -0.697792       -0.076310        0.314366
     C    5       -0.076310        0.505959       -0.053128
     C    5        0.314366       -0.053128        0.191832

     H    6       -0.003524       -0.096344       -0.021772
     H    6       -0.096344        0.390016        0.560470
     H    6       -0.021772        0.560470       -0.386491

     H    7       -0.544050        0.211551        0.011497
     H    7        0.211551        0.295169       -0.431958
     H    7        0.011497       -0.431958        0.248881

     C    8        0.573061       -0.607672        0.212266
     C    8       -0.607672       -0.379929        0.107386
     C    8        0.212266        0.107386       -0.193132

     H    9        0.238967        0.089459        0.630602
     H    9        0.089459       -0.123865       -0.128246
     H    9        0.630602       -0.128246       -0.115101

     C   10        0.005058       -0.148752       -0.459356
     C   10       -0.148752        0.136614        0.098979
     C   10       -0.459356        0.098979       -0.141673

     C   11        0.118148       -0.182625       -0.149036
     C   11       -0.182625        0.026853        0.366925
     C   11       -0.149036        0.366925       -0.145001

     Cl  12       -0.229173        0.962805       -0.946669
     Cl  12        0.962805       -0.830477        0.741647
     Cl  12       -0.946669        0.741647        1.059650

     H   13       -0.237258        0.363649        0.209673
     H   13        0.363649        0.125104        0.208133
     H   13        0.209673        0.208133        0.112154

     C   14        0.195917       -0.845740       -0.178939
     C   14       -0.845740        0.011391       -0.302515
     C   14       -0.178939       -0.302515       -0.207308

     H   15        0.537137        0.043950        0.460282
     H   15        0.043950        0.040816       -0.029023
     H   15        0.460282       -0.029023       -0.577954

     C   16       -0.081404        0.126351       -0.245163
     C   16        0.126351       -0.062695        0.371393
     C   16       -0.245163        0.371393        0.144098

     C   17        0.195104       -0.855748       -0.316293
     C   17       -0.855748       -0.193672       -0.247216
     C   17       -0.316293       -0.247216       -0.001431

     Cl  18        0.138330        0.093280       -1.482307
     Cl  18        0.093280       -1.010264        0.056303
     Cl  18       -1.482307        0.056303        0.871935

     H   19        0.032639       -0.180675        0.130215
     H   19       -0.180675        0.357505       -0.672929
     H   19        0.130215       -0.672929       -0.390144

     C   20       -0.417036       -0.158668       -0.060597
     C   20       -0.158668        0.453410       -0.163743
     C   20       -0.060597       -0.163743       -0.036374

     H   21        0.446648       -0.382872        0.095405
     H   21       -0.382872       -0.423205       -0.231423
     H   21        0.095405       -0.231423       -0.023442

     C   22        0.288205       -0.136540        0.151196
     C   22       -0.136540        0.069108        0.142600
     C   22        0.151196        0.142600       -0.357313

     C   23       -0.297647       -0.292698       -0.150568
     C   23       -0.292698        0.334034       -0.483619
     C   23       -0.150568       -0.483619       -0.036386

     Cl  24        0.175554        0.198144        0.949296
     Cl  24        0.198144        0.397713       -1.590117
     Cl  24        0.949296       -1.590117       -0.573267

     ----- total EFG (symmetrized) -----
     Cl   1        0.037734       -1.489688       -0.261598
     Cl   1       -1.489688        2.558737       -0.726040
     Cl   1       -0.261598       -0.726040       -2.596472

     C    2       -0.608697        0.089500        0.123811
     C    2        0.089500        0.416366        0.152417
     C    2        0.123811        0.152417        0.192331

     C    3        0.254499       -0.322612        0.072921
     C    3       -0.322612        0.058033        0.021531
     C    3        0.072921        0.021531       -0.312532

     H    4        0.416033        0.159066        0.428111
     H    4        0.159066       -0.341386        0.436113
     H    4        0.428111        0.436113       -0.074646

     C    5       -0.697792       -0.076310        0.314366
     C    5       -0.076310        0.505959       -0.053128
     C    5        0.314366       -0.053128        0.191832

     H    6       -0.003524       -0.096344       -0.021772
     H    6       -0.096344        0.390016        0.560470
     H    6       -0.021772        0.560470       -0.386491

     H    7       -0.544050        0.211551        0.011497
     H    7        0.211551        0.295169       -0.431958
     H    7        0.011497       -0.431958        0.248881

     C    8        0.573061       -0.607672        0.212266
     C    8       -0.607672       -0.379929        0.107386
     C    8        0.212266        0.107386       -0.193132

     H    9        0.238967        0.089459        0.630602
     H    9        0.089459       -0.123865       -0.128246
     H    9        0.630602       -0.128246       -0.115101

     C   10        0.005058       -0.148752       -0.459356
     C   10       -0.148752        0.136614        0.098979
     C   10       -0.459356        0.098979       -0.141673

     C   11        0.118148       -0.182625       -0.149036
     C   11       -0.182625        0.026853        0.366925
     C   11       -0.149036        0.366925       -0.145001

     Cl  12       -0.229173        0.962805       -0.946669
     Cl  12        0.962805       -0.830477        0.741647
     Cl  12       -0.946669        0.741647        1.059650

     H   13       -0.237258        0.363649        0.209673
     H   13        0.363649        0.125104        0.208133
     H   13        0.209673        0.208133        0.112154

     C   14        0.195917       -0.845740       -0.178939
     C   14       -0.845740        0.011391       -0.302515
     C   14       -0.178939       -0.302515       -0.207308

     H   15        0.537137        0.043950        0.460282
     H   15        0.043950        0.040816       -0.029023
     H   15        0.460282       -0.029023       -0.577954

     C   16       -0.081404        0.126351       -0.245163
     C   16        0.126351       -0.062695        0.371393
     C   16       -0.245163        0.371393        0.144098

     C   17        0.195104       -0.855748       -0.316293
     C   17       -0.855748       -0.193672       -0.247216
     C   17       -0.316293       -0.247216       -0.001431

     Cl  18        0.138330        0.093280       -1.482307
     Cl  18        0.093280       -1.010264        0.056303
     Cl  18       -1.482307        0.056303        0.871935

     H   19        0.032639       -0.180675        0.130215
     H   19       -0.180675        0.357505       -0.672929
     H   19        0.130215       -0.672929       -0.390144

     C   20       -0.417036       -0.158668       -0.060597
     C   20       -0.158668        0.453410       -0.163743
     C   20       -0.060597       -0.163743       -0.036374

     H   21        0.446648       -0.382872        0.095405
     H   21       -0.382872       -0.423205       -0.231423
     H   21        0.095405       -0.231423       -0.023442

     C   22        0.288205       -0.136540        0.151196
     C   22       -0.136540        0.069108        0.142600
     C   22        0.151196        0.142600       -0.357313

     C   23       -0.297647       -0.292698       -0.150568
     C   23       -0.292698        0.334034       -0.483619
     C   23       -0.150568       -0.483619       -0.036386

     Cl  24        0.175554        0.198144        0.949296
     Cl  24        0.198144        0.397713       -1.590117
     Cl  24        0.949296       -1.590117       -0.573267


     NQR/NMR SPECTROSCOPIC PARAMETERS:
     Cl   1    Vxx=   -0.5168    axis=(  0.894188  0.375613 -0.243604)
     Cl   1    Vyy=   -2.7846    axis=(  0.186094  0.183049  0.965330)
     Cl   1    Vzz=    3.3013    axis=(  0.407182 -0.908520  0.093781)
     Cl   1  Q=        -8.1650 1e-30 m^2  Cq=       -63.3344 MHz  eta= 0.68694

     C    2    Vxx=    0.1215    axis=( -0.089439  0.478622 -0.873454)
     C    2    Vyy=    0.5102    axis=( -0.121762 -0.875645 -0.467354)
     C    2    Vzz=   -0.6316    axis=( -0.988522  0.064554  0.136594)
     C    2  Q=         1.0000 1e-30 m^2  Cq=        -1.4841 MHz  eta= 0.61533

     C    3    Vxx=   -0.1577    axis=(  0.535294  0.764874  0.358369)
     C    3    Vyy=   -0.3385    axis=( -0.255033 -0.258117  0.931844)
     C    3    Vzz=    0.4961    axis=(  0.805244 -0.590207  0.056900)
     C    3  Q=         1.0000 1e-30 m^2  Cq=         1.1657 MHz  eta= 0.36443

     H    4    Vxx=   -0.1033    axis=(  0.618882 -0.572192 -0.538127)
     H    4    Vyy=   -0.6821    axis=(  0.140522  0.754691 -0.640855)
     H    4    Vzz=    0.7854    axis=( -0.772812 -0.320995 -0.547470)
     H    4  Q=         1.0000 1e-30 m^2  Cq=         1.8453 MHz  eta= 0.73699

     C    5    Vxx=    0.2690    axis=(  0.274526  0.293750  0.915613)
     C    5    Vyy=    0.5311    axis=( -0.127859  0.954892 -0.268016)
     C    5    Vzz=   -0.8001    axis=( -0.953041 -0.043492  0.299701)
     C    5  Q=         1.0000 1e-30 m^2  Cq=        -1.8800 MHz  eta= 0.32750

     H    6    Vxx=   -0.0156    axis=(  0.990099  0.102166  0.096262)
     H    6    Vyy=   -0.6810    axis=( -0.037860 -0.465992  0.883978)
     H    6    Vzz=    0.6966    axis=(  0.135170 -0.878870 -0.457510)
     H    6  Q=         1.0000 1e-30 m^2  Cq=         1.6367 MHz  eta= 0.95526

     H    7    Vxx=   -0.1092    axis=(  0.316153  0.610422  0.726246)
     H    7    Vyy=   -0.6125    axis=( -0.941501  0.296054  0.161021)
     H    7    Vzz=    0.7217    axis=( -0.116717 -0.734668  0.668311)
     H    7  Q=         1.0000 1e-30 m^2  Cq=         1.6958 MHz  eta= 0.69744

     C    8    Vxx=   -0.1458    axis=(  0.027012  0.357980  0.933339)
     C    8    Vyy=   -0.7425    axis=(  0.439151  0.834507 -0.332783)
     C    8    Vzz=    0.8883    axis=( -0.898007  0.418866 -0.134665)
     C    8  Q=         1.0000 1e-30 m^2  Cq=         2.0872 MHz  eta= 0.67174

     H    9    Vxx=   -0.0766    axis=(  0.180849  0.957123 -0.226293)
     H    9    Vyy=   -0.6403    axis=( -0.577102  0.289584  0.763606)
     H    9    Vzz=    0.7170    axis=(  0.796396 -0.007504  0.604729)
     H    9  Q=         1.0000 1e-30 m^2  Cq=         1.6846 MHz  eta= 0.78621

     C   10    Vxx=    0.0473    axis=(  0.323032  0.891239 -0.318344)
     C   10    Vyy=    0.4868    axis=( -0.684621  0.452309  0.571586)
     C   10    Vzz=   -0.5342    axis=(  0.653410  0.033305  0.756271)
     C   10  Q=         1.0000 1e-30 m^2  Cq=        -1.2551 MHz  eta= 0.82275

     C   11    Vxx=   -0.0380    axis=(  0.833622  0.437089  0.337680)
     C   11    Vyy=   -0.4359    axis=( -0.006911  0.619575 -0.784907)
     C   11    Vzz=    0.4739    axis=( -0.552293  0.651982  0.519512)
     C   11  Q=         1.0000 1e-30 m^2  Cq=         1.1135 MHz  eta= 0.83973

     Cl  12    Vxx=    0.4014    axis=(  0.694398  0.681610  0.230691)
     Cl  12    Vyy=    1.5839    axis=( -0.411810  0.113520  0.904171)
     Cl  12    Vzz=   -1.9853    axis=(  0.590105 -0.722856  0.359522)
     Cl  12  Q=        -8.1650 1e-30 m^2  Cq=        38.0876 MHz  eta= 0.59563

     H   13    Vxx=   -0.0715    axis=( -0.170983 -0.549472  0.817829)
     H   13    Vyy=   -0.4721    axis=(  0.866645 -0.478744 -0.140463)
     H   13    Vzz=    0.5436    axis=(  0.468712  0.684751  0.558055)
     H   13  Q=         1.0000 1e-30 m^2  Cq=         1.2773 MHz  eta= 0.73689

     C   14    Vxx=   -0.0433    axis=( -0.339077 -0.285542  0.896378)
     C   14    Vyy=   -0.9155    axis=(  0.587825  0.679612  0.438850)
     C   14    Vzz=    0.9587    axis=( -0.734499  0.675717 -0.062592)
     C   14  Q=         1.0000 1e-30 m^2  Cq=         2.2526 MHz  eta= 0.90977

     H   15    Vxx=    0.0416    axis=( -0.026661  0.997428 -0.066534)
     H   15    Vyy=    0.7041    axis=( -0.940456 -0.047589 -0.336568)
     H   15    Vzz=   -0.7457    axis=( -0.338869  0.053599  0.939306)
     H   15  Q=         1.0000 1e-30 m^2  Cq=        -1.7520 MHz  eta= 0.88848

     C   16    Vxx=    0.0420    axis=(  0.813888  0.569247 -0.116383)
     C   16    Vyy=    0.4568    axis=(  0.248817 -0.522485 -0.815536)
     C   16    Vzz=   -0.4989    axis=( -0.525050  0.634797 -0.566882)
     C   16  Q=         1.0000 1e-30 m^2  Cq=        -1.1721 MHz  eta= 0.83151

     C   17    Vxx=    0.1373    axis=( -0.131820 -0.351483  0.926867)
     C   17    Vyy=    0.8890    axis=( -0.791929  0.599726  0.114797)
     C   17    Vzz=   -1.0263    axis=( -0.596215 -0.718880 -0.357406)
     C   17  Q=         1.0000 1e-30 m^2  Cq=        -2.4114 MHz  eta= 0.73244

     Cl  18    Vxx=   -0.9078    axis=( -0.539757 -0.725725 -0.426597)
     Cl  18    Vyy=   -1.1244    axis=(  0.573258 -0.687971  0.445052)
     Cl  18    Vzz=    2.0322    axis=( -0.616472 -0.004330  0.787365)
     Cl  18  Q=        -8.1650 1e-30 m^2  Cq=       -38.9868 MHz  eta= 0.10660

     H   19    Vxx=   -0.0296    axis=(  0.961834  0.248036 -0.115560)
     H   19    Vyy=   -0.7866    axis=( -0.026155  0.503717  0.863473)
     H   19    Vzz=    0.8162    axis=(  0.272382 -0.827495  0.490979)
     H   19  Q=         1.0000 1e-30 m^2  Cq=         1.9179 MHz  eta= 0.92748

     C   20    Vxx=   -0.0584    axis=( -0.256862  0.221363  0.940755)
     C   20    Vyy=   -0.4643    axis=(  0.955654  0.203253  0.213104)
     C   20    Vzz=    0.5227    axis=( -0.144038  0.953775 -0.263754)
     C   20  Q=         1.0000 1e-30 m^2  Cq=         1.2280 MHz  eta= 0.77669

     H   21    Vxx=   -0.0118    axis=( -0.349869 -0.190369  0.917252)
     H   21    Vyy=   -0.6255    axis=( -0.296783 -0.906176 -0.301273)
     H   21    Vzz=    0.6373    axis=(  0.888545 -0.377630  0.260544)
     H   21  Q=         1.0000 1e-30 m^2  Cq=         1.4975 MHz  eta= 0.96296

     C   22    Vxx=    0.0849    axis=(  0.300481  0.872959  0.384257)
     C   22    Vyy=    0.3628    axis=(  0.921232 -0.369989  0.120162)
     C   22    Vzz=   -0.4476    axis=( -0.247068 -0.317883  0.915373)
     C   22  Q=         1.0000 1e-30 m^2  Cq=        -1.0518 MHz  eta= 0.62078

     C   23    Vxx=   -0.0595    axis=(  0.721051 -0.255288 -0.644138)
     C   23    Vyy=   -0.6338    axis=(  0.672139  0.483483  0.560779)
     C   23    Vzz=    0.6933    axis=( -0.168269  0.837301 -0.520205)
     C   23  Q=         1.0000 1e-30 m^2  Cq=         1.6290 MHz  eta= 0.82833

     Cl  24    Vxx=    0.3972    axis=(  0.881528  0.459139  0.109993)
     Cl  24    Vyy=    1.7012    axis=(  0.296770 -0.720054  0.627255)
     Cl  24    Vzz=   -2.0984    axis=(  0.367199 -0.520301 -0.771007)
     Cl  24  Q=        -8.1650 1e-30 m^2  Cq=        40.2575 MHz  eta= 0.62143

     Initialization:
     gipaw_setup  :      9.30s CPU     10.84s WALL (       1 calls)

     Linear response

     Apply operators

     Induced current

     Other routines
     efg          :      9.17s CPU     11.48s WALL (       1 calls)

     General routines
     calbec       :      3.14s CPU      4.14s WALL (      16 calls)
     fft          :      1.45s CPU      2.03s WALL (      15 calls)
     ffts         :      0.04s CPU      0.05s WALL (       2 calls)
     fftw         :      3.28s CPU      3.93s WALL (     672 calls)
     davcio       :      0.02s CPU      0.32s WALL (      32 calls)

     Parallel routines
     fft_scatter  :      2.12s CPU      3.20s WALL (     689 calls)

     Plugins

     GIPAW        :     60.69s CPU     71.08s WALL (       1 calls)
