
     Program QE v.6.0 (svn rev. 13079) starts on 22Dec2016 at  9:59:16 

     This program is part of the open-source Quantum ESPRESSO suite
     for quantum simulation of materials; please cite
         "P. Giannozzi et al., J. Phys.:Condens. Matter 21 395502 (2009);
          URL http://www.quantum-espresso.org", 
     in publications or presentations arising from this work. More details at
     http://www.quantum-espresso.org/quote

     Parallel version (MPI), running on     8 processors
     R & G space division:  proc/nbgrp/npool/nimage =       8

     ***** This is GIPAW svn revision unknown      *****

     Parallelizing q-star over 1 images

     Reading data from directory:
     /users/majewski/paradichlorobenzene/pbe/9_constraint/scratch/pbe.ecut100.np8.dt60.pcl2phi-129368.save
     Message from routine read_xml_file:
     file /users/majewski/paradichlorobenzene/pbe/9_constraint/scratch/pbe.ecut100.np8.dt60.pcl2phi-129368.save not guaranteed to be safe for post-processing

   Info: using nr1, nr2, nr3 values from input

   Info: using nr1, nr2, nr3 values from input

     IMPORTANT: XC functional enforced from input :
     Exchange-correlation      =  SLA  PW   PBX  PBC ( 1  4  3  4 0 0)
     Any further DFT definition will be discarded
     Please, verify this is what you really want

               file C.pbe-n-kjpaw_psl.1.0.0.UPF: wavefunction(s)  2S 2P renormalized
               file Cl.pbe-n-kjpaw_psl.1.0.0.UPF: wavefunction(s)  3S 3P renormalized
               file H.pbe-kjpaw_psl.1.0.0.UPF: wavefunction(s)  1S renormalized

     Parallelization info
     --------------------
     sticks:   dense  smooth     PW     G-vecs:    dense   smooth      PW
     Min        3057    1223    332               144436    36536    5170
     Max        3059    1225    333               144437    36537    5171
     Sum       24467    9791   2657              1155489   292295   41363


     Subspace diagonalization in iterative solution of the eigenvalue problem:
     a serial algorithm will be used

     GIPAW projectors -----------------------------------------------
     atom=  C    l=0  rc=    1.2000  rs=    0.8000
     atom=  C    l=0  rc=    1.2000  rs=    0.8000
     atom=  C    l=1  rc=    1.4000  rs=    0.9333
     atom=  C    l=1  rc=    1.4000  rs=    0.9333
     projs nearly linearly dependent: l=1  n1,n2= 1, 2  s=  0.99951561

     atom=  Cl   l=0  rc=    1.6000  rs=    1.0667
     atom=  Cl   l=0  rc=    1.6000  rs=    1.0667
     atom=  Cl   l=1  rc=    1.6000  rs=    1.0667
     atom=  Cl   l=1  rc=    1.6000  rs=    1.0667
     atom=  Cl   l=2  rc=    1.6000  rs=    1.0667
     atom=  Cl   l=2  rc=    1.6000  rs=    1.0667
     projs nearly linearly dependent: l=2  n1,n2= 1, 2  s=  0.99993509

     atom=  H    l=0  rc=    1.0000  rs=    0.6667
     atom=  H    l=0  rc=    1.0000  rs=    0.6667
     projs nearly linearly dependent: l=0  n1,n2= 1, 2  s=  0.99968852
     -----------------------------------------------------------------

     GIPAW integrals: -------------------------------------------
     Atom  i/j   nmr_para   nmr_dia   epr_rmc  epr_para   epr_dia
       C   1 1   0.83E+03  0.17E-01  0.93E+01  0.24E+08  0.24E+03
       C   2 1   0.86E+03 -0.61E-01  0.94E+01  0.25E+08  0.25E+03
       C   2 2   0.90E+03 -0.15E+00  0.97E+01  0.26E+08  0.26E+03
       C   3 3   0.33E+01  0.34E+00  0.18E+01  0.55E+03  0.21E+02
       C   4 3   0.35E+01  0.37E+00  0.20E+01  0.59E+03  0.22E+02
       C   4 4   0.38E+01  0.39E+00  0.22E+01  0.63E+03  0.24E+02
       Cl  1 1   0.14E+04 -0.47E+00  0.84E+01  0.32E+09  0.42E+03
       Cl  2 1   0.21E+04 -0.37E+00  0.12E+02  0.49E+09  0.65E+03
       Cl  2 2   0.33E+04 -0.16E+00  0.21E+02  0.76E+09  0.10E+04
       Cl  3 3   0.21E+02  0.79E-01  0.89E+01  0.23E+05  0.13E+03
       Cl  4 3   0.24E+02  0.67E-01  0.99E+01  0.27E+05  0.15E+03
       Cl  4 4   0.28E+02  0.44E-01  0.11E+02  0.32E+05  0.18E+03
       Cl  5 5   0.77E+00  0.19E+00  0.18E+01  0.12E+03  0.22E+02
       Cl  6 5   0.80E+00  0.19E+00  0.19E+01  0.12E+03  0.23E+02
       Cl  6 6   0.83E+00  0.20E+00  0.19E+01  0.12E+03  0.23E+02
       H   1 1   0.39E+02  0.19E+00  0.29E+00  0.78E+05  0.13E+02
       H   2 1   0.41E+02  0.21E+00  0.32E+00  0.82E+05  0.14E+02
       H   2 2   0.43E+02  0.22E+00  0.36E+00  0.86E+05  0.15E+02
     ------------------------------------------------------------

     alpha_pv=     33.7107 eV

     Number of occupied bands for each k-point:
     k-point:     1    nbnd_occ=  42
     k-point:     2    nbnd_occ=  42
     k-point:     3    nbnd_occ=  42
     k-point:     4    nbnd_occ=  42
     k-point:     5    nbnd_occ=  42
     k-point:     6    nbnd_occ=  42
     k-point:     7    nbnd_occ=  42
     k-point:     8    nbnd_occ=  42
     k-point:     9    nbnd_occ=  42
     k-point:    10    nbnd_occ=  42
     k-point:    11    nbnd_occ=  42
     k-point:    12    nbnd_occ=  42
     k-point:    13    nbnd_occ=  42
     k-point:    14    nbnd_occ=  42
     k-point:    15    nbnd_occ=  42
     k-point:    16    nbnd_occ=  42


     q-space interpolation up to   110.00 Rydberg

     GIPAW job: efg                                                                             


     ELECTRIC FIELD GRADIENTS TENSORS IN Hartree/bohrradius^2:

     ----- bare term -----
     Cl   1       -0.072125        0.105024       -0.007006
     Cl   1        0.105024       -0.008911       -0.003681
     Cl   1       -0.007006       -0.003681        0.081035

     C    2       -0.055725        0.129670       -0.182107
     C    2        0.129670        0.008068       -0.620969
     C    2       -0.182107       -0.620969        0.047657

     C    3       -0.222966        0.183799        0.083008
     C    3        0.183799       -0.054161       -0.093057
     C    3        0.083008       -0.093057        0.277128

     H    4       -0.273742       -0.476628        0.085334
     H    4       -0.476628        0.009289        0.185539
     H    4        0.085334        0.185539        0.264452

     C    5       -0.249812       -0.036053       -0.227917
     C    5       -0.036053       -0.063120       -0.285855
     C    5       -0.227917       -0.285855        0.312932

     H    6        0.456330       -0.164265        0.011291
     H    6       -0.164265       -0.691756        0.206656
     H    6        0.011291        0.206656        0.235426

     H    7        0.431199        0.038334       -0.012349
     H    7        0.038334       -0.337348        0.495287
     H    7       -0.012349        0.495287       -0.093852

     C    8       -0.587928       -0.356531       -0.309144
     C    8       -0.356531        0.265927        0.375568
     C    8       -0.309144        0.375568        0.322001

     H    9        0.052831        0.028378       -0.484820
     H    9        0.028378        0.278738       -0.220503
     H    9       -0.484820       -0.220503       -0.331570

     C   10       -0.068695       -0.101961       -0.210607
     C   10       -0.101961       -0.047671        0.672374
     C   10       -0.210607        0.672374        0.116366

     C   11       -0.468374       -0.304651       -0.255258
     C   11       -0.304651        0.103969        0.397839
     C   11       -0.255258        0.397839        0.364405

     Cl  12       -0.020458        0.093524       -0.032581
     Cl  12        0.093524        0.136562        0.050724
     Cl  12       -0.032581        0.050724       -0.116104

     H   13        0.304876       -0.005184        0.065785
     H   13       -0.005184       -0.349223       -0.538371
     H   13        0.065785       -0.538371        0.044347

     C   14       -0.553067        0.336466       -0.407234
     C   14        0.336466        0.192828       -0.334598
     C   14       -0.407234       -0.334598        0.360240

     H   15       -0.395610       -0.413843       -0.336591
     H   15       -0.413843        0.118710       -0.126319
     H   15       -0.336591       -0.126319        0.276899

     C   16       -0.179956        0.209131       -0.284158
     C   16        0.209131       -0.204263       -0.527424
     C   16       -0.284158       -0.527424        0.384220

     C   17       -0.342471        0.244160       -0.307733
     C   17        0.244160       -0.044579       -0.495342
     C   17       -0.307733       -0.495342        0.387050

     Cl  18       -0.050136       -0.049165       -0.060243
     Cl  18       -0.049165       -0.062794        0.012452
     Cl  18       -0.060243        0.012452        0.112930

     H   19        0.004449       -0.242762        0.284761
     H   19       -0.242762       -0.104402        0.495427
     H   19        0.284761        0.495427        0.099953

     C   20       -0.047096        0.226534       -0.549093
     C   20        0.226534       -0.120240        0.456481
     C   20       -0.549093        0.456481        0.167336

     H   21       -0.010541        0.113914       -0.324285
     H   21        0.113914        0.428758        0.358179
     H   21       -0.324285        0.358179       -0.418217

     C   22       -0.487256       -0.346040       -0.371013
     C   22       -0.346040        0.022614        0.120716
     C   22       -0.371013        0.120716        0.464642

     C   23       -0.007149       -0.034139       -0.231233
     C   23       -0.034139       -0.041170        0.553753
     C   23       -0.231233        0.553753        0.048319

     Cl  24       -0.251406       -0.197620       -0.076011
     Cl  24       -0.197620       -0.051458       -0.134457
     Cl  24       -0.076011       -0.134457        0.302864

     ----- ionic term -----
     Cl   1        0.164001       -0.170573        0.048876
     Cl   1       -0.170573       -0.005253       -0.023932
     Cl   1        0.048876       -0.023932       -0.158748

     C    2        0.261302       -0.096947        0.245334
     C    2       -0.096947        0.185384        0.331284
     C    2        0.245334        0.331284       -0.446686

     C    3        0.280268       -0.264768        0.118137
     C    3       -0.264768        0.222413        0.345159
     C    3        0.118137        0.345159       -0.502681

     H    4        0.781092        0.361086        0.502069
     H    4        0.361086       -0.364474        0.222849
     H    4        0.502069        0.222849       -0.416618

     C    5        0.435324       -0.147513        0.180378
     C    5       -0.147513        0.071602        0.282072
     C    5        0.180378        0.282072       -0.506926

     H    6       -0.491917        0.090976        0.036055
     H    6        0.090976        0.826354        0.584430
     H    6        0.036055        0.584430       -0.334437

     H    7       -0.520584       -0.099314        0.068425
     H    7       -0.099314        0.750388       -0.644659
     H    7        0.068425       -0.644659       -0.229804

     C    8        0.166652        0.176157        0.262480
     C    8        0.176157        0.066818       -0.283848
     C    8        0.262480       -0.283848       -0.233470

     H    9        0.374299       -0.252565        0.752099
     H    9       -0.252565       -0.439199       -0.274813
     H    9        0.752099       -0.274813        0.064900

     C   10        0.062443        0.236049        0.196795
     C   10        0.236049        0.122715       -0.412738
     C   10        0.196795       -0.412738       -0.185159

     C   11        0.112124        0.219619        0.330808
     C   11        0.219619        0.031410       -0.419351
     C   11        0.330808       -0.419351       -0.143534

     Cl  12        0.136938        0.229927        0.004866
     Cl  12        0.229927        0.008825        0.003388
     Cl  12        0.004866        0.003388       -0.145763

     H   13       -0.531846        0.012390        0.009553
     H   13        0.012390        0.704447        0.686613
     H   13        0.009553        0.686613       -0.172601

     C   14        0.343895       -0.106636        0.186475
     C   14       -0.106636        0.070939        0.302209
     C   14        0.186475        0.302209       -0.414834

     H   15        0.585232        0.511351        0.543901
     H   15        0.511351       -0.275128        0.295315
     H   15        0.543901        0.295315       -0.310104

     C   16        0.218107       -0.131230        0.133175
     C   16       -0.131230        0.192137        0.349288
     C   16        0.133175        0.349288       -0.410244

     C   17        0.329010       -0.092488        0.127620
     C   17       -0.092488        0.107994        0.382094
     C   17        0.127620        0.382094       -0.437004

     Cl  18        0.167280       -0.211585       -0.047020
     Cl  18       -0.211585       -0.035501        0.028651
     Cl  18       -0.047020        0.028651       -0.131779

     H   19       -0.497722        0.113998       -0.043212
     H   19        0.113998        0.522624       -0.750576
     H   19       -0.043212       -0.750576       -0.024903

     C   20        0.262551        0.253925        0.331167
     C   20        0.253925       -0.086148       -0.296627
     C   20        0.331167       -0.296627       -0.176403

     H   21        0.394976       -0.209509        0.777195
     H   21       -0.209509       -0.483943       -0.254323
     H   21        0.777195       -0.254323        0.088967

     C   22        0.101745        0.293262        0.198392
     C   22        0.293262        0.084254       -0.424787
     C   22        0.198392       -0.424787       -0.186000

     C   23        0.056203        0.275994        0.273977
     C   23        0.275994        0.125442       -0.413466
     C   23        0.273977       -0.413466       -0.181646

     Cl  24        0.115380        0.225664        0.054689
     Cl  24        0.225664        0.035026        0.028155
     Cl  24        0.054689        0.028155       -0.150406

     ----- GIPAW term -----
     Cl   1        0.603333        1.038796        0.172037
     Cl   1        1.038796        1.580189        0.382865
     Cl   1        0.172037        0.382865       -2.183522

     C    2       -0.027719        0.053626       -0.082293
     C    2        0.053626        0.109764       -0.195700
     C    2       -0.082293       -0.195700       -0.082046

     C    3       -0.059078        0.004162        0.013536
     C    3        0.004162        0.038300       -0.056210
     C    3        0.013536       -0.056210        0.020778

     H    4       -0.000000        0.000000        0.000000
     H    4        0.000000        0.000000        0.000000
     H    4        0.000000        0.000000        0.000000

     C    5       -0.094455       -0.000377       -0.026092
     C    5       -0.000377        0.010344       -0.163271
     C    5       -0.026092       -0.163271        0.084112

     H    6       -0.000000        0.000000        0.000000
     H    6        0.000000        0.000000        0.000000
     H    6        0.000000        0.000000        0.000000

     H    7       -0.000000        0.000000        0.000000
     H    7        0.000000        0.000000        0.000000
     H    7        0.000000        0.000000        0.000000

     C    8       -0.177899       -0.104245       -0.071885
     C    8       -0.104245        0.151172        0.197125
     C    8       -0.071885        0.197125        0.026727

     H    9       -0.000000        0.000000        0.000000
     H    9        0.000000        0.000000        0.000000
     H    9        0.000000        0.000000        0.000000

     C   10       -0.134570        0.010914       -0.034155
     C   10        0.010914        0.164411        0.238262
     C   10       -0.034155        0.238262       -0.029842

     C   11       -0.099169        0.120653       -0.005662
     C   11        0.120653        0.180398        0.141262
     C   11       -0.005662        0.141262       -0.081230

     Cl  12        0.525586        2.828916       -0.052486
     Cl  12        2.828916        1.899094        0.668799
     Cl  12       -0.052486        0.668799       -2.424681

     H   13       -0.000000        0.000000        0.000000
     H   13        0.000000        0.000000        0.000000
     H   13        0.000000        0.000000        0.000000

     C   14       -0.110534        0.116957       -0.078907
     C   14        0.116957        0.105876       -0.086466
     C   14       -0.078907       -0.086466        0.004658

     H   15       -0.000000        0.000000        0.000000
     H   15        0.000000        0.000000        0.000000
     H   15        0.000000        0.000000        0.000000

     C   16       -0.047665        0.004807       -0.066111
     C   16        0.004807       -0.011866       -0.093526
     C   16       -0.066111       -0.093526        0.059531

     C   17       -0.079314       -0.076550       -0.037335
     C   17       -0.076550        0.077014       -0.195165
     C   17       -0.037335       -0.195165        0.002300

     Cl  18        0.891039       -2.425480       -0.585256
     Cl  18       -2.425480       -0.485691        0.131209
     Cl  18       -0.585256        0.131209       -0.405349

     H   19       -0.000000        0.000000        0.000000
     H   19        0.000000        0.000000        0.000000
     H   19        0.000000        0.000000        0.000000

     C   20        0.157858        0.176556       -0.177622
     C   20        0.176556       -0.097739        0.042350
     C   20       -0.177622        0.042350       -0.060119

     H   21       -0.000000        0.000000        0.000000
     H   21        0.000000        0.000000        0.000000
     H   21        0.000000        0.000000        0.000000

     C   22       -0.119280        0.059124       -0.156926
     C   22        0.059124        0.056859       -0.120686
     C   22       -0.156926       -0.120686        0.062421

     C   23       -0.040144        0.040742       -0.013042
     C   23        0.040742        0.219444       -0.019583
     C   23       -0.013042       -0.019583       -0.179300

     Cl  24       -0.658670        1.434816       -0.782331
     Cl  24        1.434816       -0.373469       -1.659856
     Cl  24       -0.782331       -1.659856        1.032139

     ----- total EFG -----
     Cl   1        0.695209        0.973247        0.213907
     Cl   1        0.973247        1.566025        0.355252
     Cl   1        0.213907        0.355252       -2.261234

     C    2        0.177859        0.086349       -0.019065
     C    2        0.086349        0.303216       -0.485384
     C    2       -0.019065       -0.485384       -0.481074

     C    3       -0.001776       -0.076807        0.214681
     C    3       -0.076807        0.206552        0.195891
     C    3        0.214681        0.195891       -0.204776

     H    4        0.507350       -0.115542        0.587403
     H    4       -0.115542       -0.355184        0.408388
     H    4        0.587403        0.408388       -0.152166

     C    5        0.091057       -0.183943       -0.073630
     C    5       -0.183943        0.018826       -0.167054
     C    5       -0.073630       -0.167054       -0.109882

     H    6       -0.035587       -0.073289        0.047346
     H    6       -0.073289        0.134598        0.791086
     H    6        0.047346        0.791086       -0.099011

     H    7       -0.089385       -0.060979        0.056076
     H    7       -0.060979        0.413040       -0.149372
     H    7        0.056076       -0.149372       -0.323655

     C    8       -0.599175       -0.284619       -0.118548
     C    8       -0.284619        0.483917        0.288846
     C    8       -0.118548        0.288846        0.115258

     H    9        0.427130       -0.224187        0.267279
     H    9       -0.224187       -0.160461       -0.495316
     H    9        0.267279       -0.495316       -0.266669

     C   10       -0.140821        0.145002       -0.047967
     C   10        0.145002        0.239456        0.497898
     C   10       -0.047967        0.497898       -0.098635

     C   11       -0.455419        0.035620        0.069888
     C   11        0.035620        0.315777        0.119750
     C   11        0.069888        0.119750        0.139641

     Cl  12        0.642066        3.152367       -0.080201
     Cl  12        3.152367        2.044481        0.722911
     Cl  12       -0.080201        0.722911       -2.686547

     H   13       -0.226970        0.007206        0.075338
     H   13        0.007206        0.355225        0.148242
     H   13        0.075338        0.148242       -0.128254

     C   14       -0.319706        0.346787       -0.299665
     C   14        0.346787        0.369642       -0.118855
     C   14       -0.299665       -0.118855       -0.049936

     H   15        0.189622        0.097508        0.207310
     H   15        0.097508       -0.156418        0.168996
     H   15        0.207310        0.168996       -0.033204

     C   16       -0.009515        0.082708       -0.217094
     C   16        0.082708       -0.023992       -0.271663
     C   16       -0.217094       -0.271663        0.033507

     C   17       -0.092775        0.075122       -0.217448
     C   17        0.075122        0.140429       -0.308413
     C   17       -0.217448       -0.308413       -0.047654

     Cl  18        1.008184       -2.686230       -0.692519
     Cl  18       -2.686230       -0.583986        0.172312
     Cl  18       -0.692519        0.172312       -0.424197

     H   19       -0.493272       -0.128765        0.241548
     H   19       -0.128765        0.418222       -0.255149
     H   19        0.241548       -0.255149        0.075050

     C   20        0.373313        0.657015       -0.395547
     C   20        0.657015       -0.304127        0.202204
     C   20       -0.395547        0.202204       -0.069186

     H   21        0.384435       -0.095596        0.452911
     H   21       -0.095596       -0.055185        0.103857
     H   21        0.452911        0.103857       -0.329250

     C   22       -0.504791        0.006347       -0.329546
     C   22        0.006347        0.163727       -0.424757
     C   22       -0.329546       -0.424757        0.341064

     C   23        0.008910        0.282597        0.029702
     C   23        0.282597        0.303716        0.120704
     C   23        0.029702        0.120704       -0.312626

     Cl  24       -0.794696        1.462860       -0.803652
     Cl  24        1.462860       -0.389901       -1.766157
     Cl  24       -0.803652       -1.766157        1.184597

     ----- total EFG (symmetrized) -----
     Cl   1        0.695209        0.973247        0.213907
     Cl   1        0.973247        1.566025        0.355252
     Cl   1        0.213907        0.355252       -2.261234

     C    2        0.177859        0.086349       -0.019065
     C    2        0.086349        0.303216       -0.485384
     C    2       -0.019065       -0.485384       -0.481074

     C    3       -0.001776       -0.076807        0.214681
     C    3       -0.076807        0.206552        0.195891
     C    3        0.214681        0.195891       -0.204776

     H    4        0.507350       -0.115542        0.587403
     H    4       -0.115542       -0.355184        0.408388
     H    4        0.587403        0.408388       -0.152166

     C    5        0.091057       -0.183943       -0.073630
     C    5       -0.183943        0.018826       -0.167054
     C    5       -0.073630       -0.167054       -0.109882

     H    6       -0.035587       -0.073289        0.047346
     H    6       -0.073289        0.134598        0.791086
     H    6        0.047346        0.791086       -0.099011

     H    7       -0.089385       -0.060979        0.056076
     H    7       -0.060979        0.413040       -0.149372
     H    7        0.056076       -0.149372       -0.323655

     C    8       -0.599175       -0.284619       -0.118548
     C    8       -0.284619        0.483917        0.288846
     C    8       -0.118548        0.288846        0.115258

     H    9        0.427130       -0.224187        0.267279
     H    9       -0.224187       -0.160461       -0.495316
     H    9        0.267279       -0.495316       -0.266669

     C   10       -0.140821        0.145002       -0.047967
     C   10        0.145002        0.239456        0.497898
     C   10       -0.047967        0.497898       -0.098635

     C   11       -0.455419        0.035620        0.069888
     C   11        0.035620        0.315777        0.119750
     C   11        0.069888        0.119750        0.139641

     Cl  12        0.642066        3.152367       -0.080201
     Cl  12        3.152367        2.044481        0.722911
     Cl  12       -0.080201        0.722911       -2.686547

     H   13       -0.226970        0.007206        0.075338
     H   13        0.007206        0.355225        0.148242
     H   13        0.075338        0.148242       -0.128254

     C   14       -0.319706        0.346787       -0.299665
     C   14        0.346787        0.369642       -0.118855
     C   14       -0.299665       -0.118855       -0.049936

     H   15        0.189622        0.097508        0.207310
     H   15        0.097508       -0.156418        0.168996
     H   15        0.207310        0.168996       -0.033204

     C   16       -0.009515        0.082708       -0.217094
     C   16        0.082708       -0.023992       -0.271663
     C   16       -0.217094       -0.271663        0.033507

     C   17       -0.092775        0.075122       -0.217448
     C   17        0.075122        0.140429       -0.308413
     C   17       -0.217448       -0.308413       -0.047654

     Cl  18        1.008184       -2.686230       -0.692519
     Cl  18       -2.686230       -0.583986        0.172312
     Cl  18       -0.692519        0.172312       -0.424197

     H   19       -0.493272       -0.128765        0.241548
     H   19       -0.128765        0.418222       -0.255149
     H   19        0.241548       -0.255149        0.075050

     C   20        0.373313        0.657015       -0.395547
     C   20        0.657015       -0.304127        0.202204
     C   20       -0.395547        0.202204       -0.069186

     H   21        0.384435       -0.095596        0.452911
     H   21       -0.095596       -0.055185        0.103857
     H   21        0.452911        0.103857       -0.329250

     C   22       -0.504791        0.006347       -0.329546
     C   22        0.006347        0.163727       -0.424757
     C   22       -0.329546       -0.424757        0.341064

     C   23        0.008910        0.282597        0.029702
     C   23        0.282597        0.303716        0.120704
     C   23        0.029702        0.120704       -0.312626

     Cl  24       -0.794696        1.462860       -0.803652
     Cl  24        1.462860       -0.389901       -1.766157
     Cl  24       -0.803652       -1.766157        1.184597


     NQR/NMR SPECTROSCOPIC PARAMETERS:
     Cl   1    Vxx=    0.0645    axis=(  0.839746 -0.542949 -0.005700)
     Cl   1    Vyy=    2.2350    axis=(  0.541105  0.835931  0.091790)
     Cl   1    Vzz=   -2.2995    axis=( -0.045073 -0.080165  0.995762)
     Cl   1  Q=        -8.1650 1e-30 m^2  Cq=        44.1151 MHz  eta= 0.94391

     C    2    Vxx=    0.1586    axis=(  0.974566 -0.191558  0.116306)
     C    2    Vyy=    0.5548    axis=(  0.222959  0.881139 -0.416994)
     C    2    Vzz=   -0.7134    axis=( -0.022603  0.432320  0.901437)
     C    2  Q=         1.0000 1e-30 m^2  Cq=        -1.6762 MHz  eta= 0.55533

     C    3    Vxx=    0.1250    axis=( -0.872221  0.223512 -0.435055)
     C    3    Vyy=    0.2853    axis=(  0.042989  0.921070  0.387017)
     C    3    Vzz=   -0.4103    axis=( -0.487219 -0.318861  0.812985)
     C    3  Q=         1.0000 1e-30 m^2  Cq=        -0.9640 MHz  eta= 0.39070

     H    4    Vxx=   -0.0164    axis=(  0.407416 -0.756204 -0.512023)
     H    4    Vyy=   -0.8452    axis=(  0.349536  0.647094 -0.677564)
     H    4    Vzz=    0.8616    axis=(  0.843704  0.097080  0.527957)
     H    4  Q=         1.0000 1e-30 m^2  Cq=         2.0245 MHz  eta= 0.96190

     C    5    Vxx=    0.0484    axis=(  0.573990  0.415549 -0.705588)
     C    5    Vyy=    0.2511    axis=( -0.707941  0.684867 -0.172559)
     C    5    Vzz=   -0.2995    axis=(  0.411526  0.598562  0.687291)
     C    5  Q=         1.0000 1e-30 m^2  Cq=        -0.7036 MHz  eta= 0.67675

     H    6    Vxx=   -0.0270    axis=(  0.993490 -0.050151  0.102286)
     H    6    Vyy=   -0.7912    axis=(  0.110197  0.650719 -0.751280)
     H    6    Vzz=    0.8182    axis=( -0.028882  0.757661  0.652009)
     H    6  Q=         1.0000 1e-30 m^2  Cq=         1.9224 MHz  eta= 0.93397

     H    7    Vxx=   -0.0915    axis=(  0.978212  0.158068  0.134594)
     H    7    Vyy=   -0.3599    axis=(  0.161890 -0.174910 -0.971184)
     H    7    Vzz=    0.4514    axis=( -0.129972  0.971813 -0.196688)
     H    7  Q=         1.0000 1e-30 m^2  Cq=         1.0607 MHz  eta= 0.59452

     C    8    Vxx=   -0.0415    axis=(  0.047189 -0.461453  0.885909)
     C    8    Vyy=   -0.6724    axis=( -0.972615 -0.223293 -0.064502)
     C    8    Vzz=    0.7139    axis=(  0.227582 -0.858604 -0.459353)
     C    8  Q=         1.0000 1e-30 m^2  Cq=         1.6774 MHz  eta= 0.88371

     H    9    Vxx=    0.0045    axis=(  0.629245  0.605990 -0.486648)
     H    9    Vyy=    0.7095    axis=(  0.775731 -0.451124  0.441280)
     H    9    Vzz=   -0.7141    axis=(  0.047873 -0.655182 -0.753953)
     H    9  Q=         1.0000 1e-30 m^2  Cq=        -1.6778 MHz  eta= 0.98734

     C   10    Vxx=   -0.1084    axis=( -0.935422 -0.096775  0.340030)
     C   10    Vyy=   -0.4989    axis=(  0.331948 -0.571357  0.750574)
     C   10    Vzz=    0.6072    axis=( -0.121641 -0.814976 -0.566584)
     C   10  Q=         1.0000 1e-30 m^2  Cq=         1.4268 MHz  eta= 0.64303

     C   11    Vxx=    0.0829    axis=(  0.083535 -0.465845  0.880915)
     C   11    Vyy=    0.3812    axis=( -0.076121 -0.884404 -0.460472)
     C   11    Vzz=   -0.4641    axis=(  0.993593 -0.028591 -0.109340)
     C   11  Q=         1.0000 1e-30 m^2  Cq=        -1.0905 MHz  eta= 0.64259

     Cl  12    Vxx=   -1.6422    axis=(  0.726685 -0.537463 -0.427859)
     Cl  12    Vyy=   -2.9668    axis=(  0.296469 -0.316480  0.901081)
     Cl  12    Vzz=    4.6091    axis=( -0.619706 -0.781648 -0.070640)
     Cl  12  Q=        -8.1650 1e-30 m^2  Cq=       -88.4227 MHz  eta= 0.28739

     H   13    Vxx=   -0.1229    axis=(  0.555630 -0.253843  0.791732)
     H   13    Vyy=   -0.2754    axis=( -0.830244 -0.118551  0.544648)
     H   13    Vzz=    0.3983    axis=(  0.044394  0.959953  0.276621)
     H   13  Q=         1.0000 1e-30 m^2  Cq=         0.9358 MHz  eta= 0.38278

     C   14    Vxx=   -0.0230    axis=(  0.268188 -0.488216 -0.830494)
     C   14    Vyy=   -0.5754    axis=(  0.862611 -0.262129  0.432655)
     C   14    Vzz=    0.5984    axis=( -0.428925 -0.832426  0.350841)
     C   14  Q=         1.0000 1e-30 m^2  Cq=         1.4061 MHz  eta= 0.92301

     H   15    Vxx=   -0.0912    axis=(  0.610251 -0.554320 -0.565971)
     H   15    Vyy=   -0.2793    axis=(  0.117319  0.769780 -0.627436)
     H   15    Vzz=    0.3705    axis=( -0.783473 -0.316494 -0.534791)
     H   15  Q=         1.0000 1e-30 m^2  Cq=         0.8706 MHz  eta= 0.50763

     C   16    Vxx=   -0.0950    axis=( -0.797904  0.596475 -0.086990)
     C   16    Vyy=   -0.3016    axis=(  0.365231  0.593200  0.717440)
     C   16    Vzz=    0.3966    axis=( -0.479537 -0.540676  0.691168)
     C   16  Q=         1.0000 1e-30 m^2  Cq=         0.9319 MHz  eta= 0.52092

     C   17    Vxx=   -0.0842    axis=(  0.782110 -0.578764 -0.230948)
     C   17    Vyy=   -0.3555    axis=(  0.516376  0.394502  0.760081)
     C   17    Vzz=    0.4396    axis=(  0.348798  0.713723 -0.607404)
     C   17  Q=         1.0000 1e-30 m^2  Cq=         1.0329 MHz  eta= 0.61714

     Cl  18    Vxx=   -0.5104    axis=(  0.068355 -0.212649  0.974735)
     Cl  18    Vyy=   -2.6255    axis=( -0.605264 -0.785515 -0.128923)
     Cl  18    Vzz=    3.1359    axis=(  0.793084 -0.581160 -0.182402)
     Cl  18  Q=        -8.1650 1e-30 m^2  Cq=       -60.1603 MHz  eta= 0.67451

     H   19    Vxx=   -0.0195    axis=(  0.259994  0.542220  0.798999)
     H   19    Vyy=   -0.5833    axis=( -0.942685 -0.036707  0.331660)
     H   19    Vzz=    0.6028    axis=(  0.209162 -0.839434  0.501599)
     H   19  Q=         1.0000 1e-30 m^2  Cq=         1.4163 MHz  eta= 0.93530

     C   20    Vxx=    0.0470    axis=(  0.009520  0.512280  0.858765)
     C   20    Vyy=    0.8400    axis=( -0.854242 -0.442250  0.273286)
     C   20    Vzz=   -0.8870    axis=(  0.519789 -0.736195  0.433401)
     C   20  Q=         1.0000 1e-30 m^2  Cq=        -2.0842 MHz  eta= 0.89392

     H   21    Vxx=   -0.0231    axis=(  0.052066 -0.966619 -0.250871)
     H   21    Vyy=   -0.5837    axis=(  0.430487  0.248397 -0.867744)
     H   21    Vzz=    0.6067    axis=(  0.901094 -0.062817  0.429050)
     H   21  Q=         1.0000 1e-30 m^2  Cq=         1.4256 MHz  eta= 0.92392

     C   22    Vxx=   -0.0980    axis=( -0.377749  0.790820  0.481569)
     C   22    Vyy=   -0.6444    axis=(  0.901575  0.195703  0.385829)
     C   22    Vzz=    0.7424    axis=( -0.210877 -0.579917  0.786910)
     C   22  Q=         1.0000 1e-30 m^2  Cq=         1.7443 MHz  eta= 0.73610

     C   23    Vxx=   -0.1547    axis=(  0.856596 -0.474852 -0.201891)
     C   23    Vyy=   -0.3378    axis=(  0.102270 -0.227264  0.968448)
     C   23    Vzz=    0.4926    axis=( -0.505752 -0.850216 -0.146111)
     C   23  Q=         1.0000 1e-30 m^2  Cq=         1.1573 MHz  eta= 0.37166

     Cl  24    Vxx=   -0.7292    axis=(  0.676105  0.377799  0.632574)
     Cl  24    Vyy=   -2.2044    axis=( -0.632266  0.738305  0.234830)
     Cl  24    Vzz=    2.9336    axis=( -0.378314 -0.558725  0.738041)
     Cl  24  Q=        -8.1650 1e-30 m^2  Cq=       -56.2794 MHz  eta= 0.50288

     Initialization:
     gipaw_setup  :     16.76s CPU     21.52s WALL (       1 calls)

     Linear response

     Apply operators

     Induced current

     Other routines
     efg          :     11.43s CPU     23.57s WALL (       1 calls)

     General routines
     calbec       :      3.27s CPU      4.75s WALL (      16 calls)
     fft          :      1.74s CPU      2.80s WALL (      15 calls)
     ffts         :      0.03s CPU      0.08s WALL (       2 calls)
     fftw         :      5.35s CPU     11.30s WALL (     672 calls)
     davcio       :      0.06s CPU      4.48s WALL (      32 calls)

     Parallel routines
     fft_scatter  :      4.34s CPU     11.28s WALL (     689 calls)

     Plugins

     GIPAW        :     72.62s CPU    100.08s WALL (       1 calls)
