
     Program QE v.6.0 (svn rev. 13079) starts on  5Jan2017 at  4:13:50 

     This program is part of the open-source Quantum ESPRESSO suite
     for quantum simulation of materials; please cite
         "P. Giannozzi et al., J. Phys.:Condens. Matter 21 395502 (2009);
          URL http://www.quantum-espresso.org", 
     in publications or presentations arising from this work. More details at
     http://www.quantum-espresso.org/quote

     Parallel version (MPI), running on     8 processors
     R & G space division:  proc/nbgrp/npool/nimage =       8

     ***** This is GIPAW svn revision unknown      *****

     Parallelizing q-star over 1 images

     Reading data from directory:
     /users/majewski/paradichlorobenzene/pbe/9_constraint/scratch/pbe.ecut100.np8.dt60.pcl2phi-129368.save
     Message from routine read_xml_file:
     file /users/majewski/paradichlorobenzene/pbe/9_constraint/scratch/pbe.ecut100.np8.dt60.pcl2phi-129368.save not guaranteed to be safe for post-processing

   Info: using nr1, nr2, nr3 values from input

   Info: using nr1, nr2, nr3 values from input

     IMPORTANT: XC functional enforced from input :
     Exchange-correlation      =  SLA  PW   PBX  PBC ( 1  4  3  4 0 0)
     Any further DFT definition will be discarded
     Please, verify this is what you really want

               file C.pbe-n-kjpaw_psl.1.0.0.UPF: wavefunction(s)  2S 2P renormalized
               file Cl.pbe-n-kjpaw_psl.1.0.0.UPF: wavefunction(s)  3S 3P renormalized
               file H.pbe-kjpaw_psl.1.0.0.UPF: wavefunction(s)  1S renormalized

     Parallelization info
     --------------------
     sticks:   dense  smooth     PW     G-vecs:    dense   smooth      PW
     Min        3057    1223    332               144436    36536    5170
     Max        3059    1225    333               144437    36537    5171
     Sum       24467    9791   2657              1155489   292295   41363


     Subspace diagonalization in iterative solution of the eigenvalue problem:
     a serial algorithm will be used

     GIPAW projectors -----------------------------------------------
     atom=  C    l=0  rc=    1.2000  rs=    0.8000
     atom=  C    l=0  rc=    1.2000  rs=    0.8000
     atom=  C    l=1  rc=    1.4000  rs=    0.9333
     atom=  C    l=1  rc=    1.4000  rs=    0.9333
     projs nearly linearly dependent: l=1  n1,n2= 1, 2  s=  0.99951561

     atom=  Cl   l=0  rc=    1.6000  rs=    1.0667
     atom=  Cl   l=0  rc=    1.6000  rs=    1.0667
     atom=  Cl   l=1  rc=    1.6000  rs=    1.0667
     atom=  Cl   l=1  rc=    1.6000  rs=    1.0667
     atom=  Cl   l=2  rc=    1.6000  rs=    1.0667
     atom=  Cl   l=2  rc=    1.6000  rs=    1.0667
     projs nearly linearly dependent: l=2  n1,n2= 1, 2  s=  0.99993509

     atom=  H    l=0  rc=    1.0000  rs=    0.6667
     atom=  H    l=0  rc=    1.0000  rs=    0.6667
     projs nearly linearly dependent: l=0  n1,n2= 1, 2  s=  0.99968852
     -----------------------------------------------------------------

     GIPAW integrals: -------------------------------------------
     Atom  i/j   nmr_para   nmr_dia   epr_rmc  epr_para   epr_dia
       C   1 1   0.83E+03  0.17E-01  0.93E+01  0.24E+08  0.24E+03
       C   2 1   0.86E+03 -0.61E-01  0.94E+01  0.25E+08  0.25E+03
       C   2 2   0.90E+03 -0.15E+00  0.97E+01  0.26E+08  0.26E+03
       C   3 3   0.33E+01  0.34E+00  0.18E+01  0.55E+03  0.21E+02
       C   4 3   0.35E+01  0.37E+00  0.20E+01  0.59E+03  0.22E+02
       C   4 4   0.38E+01  0.39E+00  0.22E+01  0.63E+03  0.24E+02
       Cl  1 1   0.14E+04 -0.47E+00  0.84E+01  0.32E+09  0.42E+03
       Cl  2 1   0.21E+04 -0.37E+00  0.12E+02  0.49E+09  0.65E+03
       Cl  2 2   0.33E+04 -0.16E+00  0.21E+02  0.76E+09  0.10E+04
       Cl  3 3   0.21E+02  0.79E-01  0.89E+01  0.23E+05  0.13E+03
       Cl  4 3   0.24E+02  0.67E-01  0.99E+01  0.27E+05  0.15E+03
       Cl  4 4   0.28E+02  0.44E-01  0.11E+02  0.32E+05  0.18E+03
       Cl  5 5   0.77E+00  0.19E+00  0.18E+01  0.12E+03  0.22E+02
       Cl  6 5   0.80E+00  0.19E+00  0.19E+01  0.12E+03  0.23E+02
       Cl  6 6   0.83E+00  0.20E+00  0.19E+01  0.12E+03  0.23E+02
       H   1 1   0.39E+02  0.19E+00  0.29E+00  0.78E+05  0.13E+02
       H   2 1   0.41E+02  0.21E+00  0.32E+00  0.82E+05  0.14E+02
       H   2 2   0.43E+02  0.22E+00  0.36E+00  0.86E+05  0.15E+02
     ------------------------------------------------------------

     alpha_pv=     34.2423 eV

     Number of occupied bands for each k-point:
     k-point:     1    nbnd_occ=  42
     k-point:     2    nbnd_occ=  42
     k-point:     3    nbnd_occ=  42
     k-point:     4    nbnd_occ=  42
     k-point:     5    nbnd_occ=  42
     k-point:     6    nbnd_occ=  42
     k-point:     7    nbnd_occ=  42
     k-point:     8    nbnd_occ=  42
     k-point:     9    nbnd_occ=  42
     k-point:    10    nbnd_occ=  42
     k-point:    11    nbnd_occ=  42
     k-point:    12    nbnd_occ=  42
     k-point:    13    nbnd_occ=  42
     k-point:    14    nbnd_occ=  42
     k-point:    15    nbnd_occ=  42
     k-point:    16    nbnd_occ=  42


     q-space interpolation up to   110.00 Rydberg

     GIPAW job: efg                                                                             


     ELECTRIC FIELD GRADIENTS TENSORS IN Hartree/bohrradius^2:

     ----- bare term -----
     Cl   1        0.049369        0.059361       -0.051849
     Cl   1        0.059361       -0.016580       -0.005382
     Cl   1       -0.051849       -0.005382       -0.032789

     C    2       -0.570060        0.449510       -0.172284
     C    2        0.449510        0.148560       -0.248966
     C    2       -0.172284       -0.248966        0.421501

     C    3        0.252106        0.021381       -0.155509
     C    3        0.021381       -0.129130       -0.301039
     C    3       -0.155509       -0.301039       -0.122976

     H    4        0.162384        0.010457       -0.316512
     H    4        0.010457        0.182463        0.233375
     H    4       -0.316512        0.233375       -0.344847

     C    5       -0.572250        0.331823       -0.031791
     C    5        0.331823        0.245684       -0.255642
     C    5       -0.031791       -0.255642        0.326566

     H    6        0.460595        0.077120       -0.258650
     H    6        0.077120       -0.009833       -0.202732
     H    6       -0.258650       -0.202732       -0.450762

     H    7       -0.019640        0.351968       -0.323446
     H    7        0.351968       -0.155814        0.439183
     H    7       -0.323446        0.439183        0.175454

     C    8        0.070767       -0.547943       -0.015908
     C    8       -0.547943       -0.375617        0.374366
     C    8       -0.015908        0.374366        0.304850

     H    9       -0.653938        0.410451        0.042719
     H    9        0.410451        0.333886        0.021762
     H    9        0.042719        0.021762        0.320052

     C   10       -0.067431       -0.165756       -0.415685
     C   10       -0.165756       -0.122064        0.409904
     C   10       -0.415685        0.409904        0.189495

     C   11       -0.158590       -0.136333       -0.260705
     C   11       -0.136333       -0.028514        0.651725
     C   11       -0.260705        0.651725        0.187104

     Cl  12        0.014983       -0.028355        0.083542
     Cl  12       -0.028355        0.089031       -0.058567
     Cl  12        0.083542       -0.058567       -0.104015

     H   13        0.189110        0.330641        0.086254
     H   13        0.330641       -0.476891       -0.415612
     H   13        0.086254       -0.415612        0.287780

     C   14       -0.062981       -0.367577       -0.503821
     C   14       -0.367577       -0.057998       -0.479368
     C   14       -0.503821       -0.479368        0.120979

     H   15       -0.032319       -0.057821       -0.210154
     H   15       -0.057821        0.468126       -0.355172
     H   15       -0.210154       -0.355172       -0.435807

     C   16       -0.205214        0.480447       -0.245543
     C   16        0.480447       -0.102689       -0.033629
     C   16       -0.245543       -0.033629        0.307903

     C   17        0.094521       -0.354382       -0.561540
     C   17       -0.354382       -0.216904       -0.593654
     C   17       -0.561540       -0.593654        0.122383

     Cl  18       -0.222321        0.385154        0.105619
     Cl  18        0.385154        0.042151        0.014244
     Cl  18        0.105619        0.014244        0.180169

     H   19        0.527203       -0.022895       -0.002109
     H   19       -0.022895        0.045700        0.139587
     H   19       -0.002109        0.139587       -0.572902

     C   20       -0.586278       -0.312066       -0.255443
     C   20       -0.312066        0.351432        0.149468
     C   20       -0.255443        0.149468        0.234846

     H   21       -0.262296        0.081699       -0.568479
     H   21        0.081699        0.073424        0.077113
     H   21       -0.568479        0.077113        0.188871

     C   22        0.205499       -0.267860        0.013778
     C   22       -0.267860       -0.234648        0.556871
     C   22        0.013778        0.556871        0.029149

     C   23       -0.590613       -0.328027       -0.394714
     C   23       -0.328027        0.274185        0.058811
     C   23       -0.394714        0.058811        0.316428

     Cl  24        0.012390        0.017841       -0.075365
     Cl  24        0.017841       -0.040721        0.118162
     Cl  24       -0.075365        0.118162        0.028332

     ----- ionic term -----
     Cl   1        0.125353       -0.250107        0.003293
     Cl   1       -0.250107        0.028957        0.002540
     Cl   1        0.003293        0.002540       -0.154310

     C    2        0.079640       -0.316122        0.281890
     C    2       -0.316122        0.057546        0.408148
     C    2        0.281890        0.408148       -0.137187

     C    3       -0.049218       -0.353362        0.225654
     C    3       -0.353362        0.144227        0.355956
     C    3        0.225654        0.355956       -0.095008

     H    4        0.187360        0.102587        0.776645
     H    4        0.102587       -0.483342        0.176773
     H    4        0.776645        0.176773        0.295982

     C    5        0.050419       -0.284834        0.365585
     C    5       -0.284834        0.022286        0.246768
     C    5        0.365585        0.246768       -0.072705

     H    6       -0.557528        0.079663        0.080548
     H    6        0.079663        0.425386        0.788789
     H    6        0.080548        0.788789        0.132142

     H    7       -0.498123       -0.172424        0.153729
     H    7       -0.172424        0.412876       -0.808441
     H    7        0.153729       -0.808441        0.085247

     C    8        0.354136        0.158800        0.214755
     C    8        0.158800       -0.029690       -0.340643
     C    8        0.214755       -0.340643       -0.324446

     H    9        0.737799       -0.316369        0.570500
     H    9       -0.316369       -0.468500       -0.222236
     H    9        0.570500       -0.222236       -0.269300

     C   10        0.141760        0.166565        0.153669
     C   10        0.166565        0.146466       -0.453109
     C   10        0.153669       -0.453109       -0.288226

     C   11        0.205553        0.119899        0.276695
     C   11        0.119899        0.035288       -0.446912
     C   11        0.276695       -0.446912       -0.240841

     Cl  12        0.084109        0.169827       -0.036654
     Cl  12        0.169827        0.034718       -0.034762
     Cl  12       -0.036654       -0.034762       -0.118827

     H   13       -0.510630        0.016357        0.028090
     H   13        0.016357        0.704665        0.669646
     H   13        0.028090        0.669646       -0.194035

     C   14        0.165060       -0.306383        0.364147
     C   14       -0.306383        0.092620        0.222072
     C   14        0.364147        0.222072       -0.257679

     H   15        0.530199        0.191889        0.764278
     H   15        0.191889       -0.460215        0.203208
     H   15        0.764278        0.203208       -0.069984

     C   16        0.085938       -0.332533        0.271144
     C   16       -0.332533        0.178566        0.294125
     C   16        0.271144        0.294125       -0.264504

     C   17        0.027418       -0.282475        0.387894
     C   17       -0.282475        0.076330        0.290787
     C   17        0.387894        0.290787       -0.103748

     Cl  18        0.116232       -0.199482        0.064070
     Cl  18       -0.199482        0.031171       -0.032478
     Cl  18        0.064070       -0.032478       -0.147402

     H   19       -0.512637       -0.136448        0.137256
     H   19       -0.136448        0.335460       -0.821927
     H   19        0.137256       -0.821927        0.177177

     C   20        0.299740        0.196742        0.260182
     C   20        0.196742       -0.069660       -0.351545
     C   20        0.260182       -0.351545       -0.230080

     H   21        0.600629       -0.407956        0.632215
     H   21       -0.407956       -0.365205       -0.302540
     H   21        0.632215       -0.302540       -0.235424

     C   22        0.099268        0.191734        0.132721
     C   22        0.191734        0.111691       -0.486568
     C   22        0.132721       -0.486568       -0.210959

     C   23        0.272418        0.176566        0.195141
     C   23        0.176566       -0.005726       -0.440716
     C   23        0.195141       -0.440716       -0.266692

     Cl  24        0.112916        0.214396       -0.023786
     Cl  24        0.214396        0.016606       -0.028789
     Cl  24       -0.023786       -0.028789       -0.129523

     ----- GIPAW term -----
     Cl   1       -0.145808       -1.095391       -0.245894
     Cl   1       -1.095391        2.532377       -0.736346
     Cl   1       -0.245894       -0.736346       -2.386569

     C    2       -0.109336       -0.095665        0.018607
     C    2       -0.095665        0.188227       -0.097414
     C    2        0.018607       -0.097414       -0.078891

     C    3       -0.013585       -0.015086       -0.011303
     C    3       -0.015086        0.060434       -0.042873
     C    3       -0.011303       -0.042873       -0.046848

     H    4       -0.000000        0.000000        0.000000
     H    4        0.000000        0.000000        0.000000
     H    4        0.000000        0.000000        0.000000

     C    5       -0.125623       -0.084415        0.071170
     C    5       -0.084415        0.166572       -0.121213
     C    5        0.071170       -0.121213       -0.040949

     H    6       -0.000000        0.000000        0.000000
     H    6        0.000000        0.000000        0.000000
     H    6        0.000000        0.000000        0.000000

     H    7       -0.000000        0.000000        0.000000
     H    7        0.000000        0.000000        0.000000
     H    7        0.000000        0.000000        0.000000

     C    8        0.148532       -0.250526        0.021157
     C    8       -0.250526       -0.052896        0.061876
     C    8        0.021157        0.061876       -0.095636

     H    9       -0.000000        0.000000        0.000000
     H    9        0.000000        0.000000        0.000000
     H    9        0.000000        0.000000        0.000000

     C   10        0.098455       -0.122385       -0.210111
     C   10       -0.122385       -0.050841        0.109184
     C   10       -0.210111        0.109184       -0.047614

     C   11       -0.037177       -0.033247       -0.123633
     C   11       -0.033247        0.047041        0.235868
     C   11       -0.123633        0.235868       -0.009864

     Cl  12       -0.296121        0.780687       -1.143903
     Cl  12        0.780687       -0.958518        1.021138
     Cl  12       -1.143903        1.021138        1.254639

     H   13       -0.000000        0.000000        0.000000
     H   13        0.000000        0.000000        0.000000
     H   13        0.000000        0.000000        0.000000

     C   14        0.057018       -0.251115       -0.132499
     C   14       -0.251115        0.039647       -0.009514
     C   14       -0.132499       -0.009514       -0.096665

     H   15       -0.000000        0.000000        0.000000
     H   15        0.000000        0.000000        0.000000
     H   15        0.000000        0.000000        0.000000

     C   16        0.085533       -0.062841       -0.130014
     C   16       -0.062841       -0.052782        0.086425
     C   16       -0.130014        0.086425       -0.032751

     C   17        0.151332       -0.187288       -0.172902
     C   17       -0.187288       -0.083841       -0.014760
     C   17       -0.172902       -0.014760       -0.067491

     Cl  18        0.318574       -0.151646       -1.842043
     Cl  18       -0.151646       -1.217773        0.105613
     Cl  18       -1.842043        0.105613        0.899199

     H   19       -0.000000        0.000000        0.000000
     H   19        0.000000        0.000000        0.000000
     H   19        0.000000        0.000000        0.000000

     C   20       -0.133438       -0.079091       -0.040583
     C   20       -0.079091        0.162805        0.094457
     C   20       -0.040583        0.094457       -0.029367

     H   21       -0.000000        0.000000        0.000000
     H   21        0.000000        0.000000        0.000000
     H   21        0.000000        0.000000        0.000000

     C   22       -0.045918       -0.084019        0.032048
     C   22       -0.084019        0.163552        0.002725
     C   22        0.032048        0.002725       -0.117634

     C   23       -0.037693       -0.130259        0.057987
     C   23       -0.130259        0.104410       -0.137698
     C   23        0.057987       -0.137698       -0.066718

     Cl  24        0.047897       -0.014265        0.983264
     Cl  24       -0.014265        0.403898       -1.579189
     Cl  24        0.983264       -1.579189       -0.451794

     ----- total EFG -----
     Cl   1        0.028913       -1.286137       -0.294450
     Cl   1       -1.286137        2.544754       -0.739188
     Cl   1       -0.294450       -0.739188       -2.573667

     C    2       -0.599756        0.037723        0.128213
     C    2        0.037723        0.394333        0.061768
     C    2        0.128213        0.061768        0.205423

     C    3        0.189303       -0.347067        0.058842
     C    3       -0.347067        0.075530        0.012044
     C    3        0.058842        0.012044       -0.264833

     H    4        0.349744        0.113044        0.460134
     H    4        0.113044       -0.300879        0.410148
     H    4        0.460134        0.410148       -0.048865

     C    5       -0.647454       -0.037426        0.404963
     C    5       -0.037426        0.434542       -0.130088
     C    5        0.404963       -0.130088        0.212912

     H    6       -0.096933        0.156783       -0.178102
     H    6        0.156783        0.415553        0.586057
     H    6       -0.178102        0.586057       -0.318620

     H    7       -0.517763        0.179545       -0.169717
     H    7        0.179545        0.257062       -0.369258
     H    7       -0.169717       -0.369258        0.260701

     C    8        0.573435       -0.639669        0.220004
     C    8       -0.639669       -0.458202        0.095600
     C    8        0.220004        0.095600       -0.115233

     H    9        0.083861        0.094081        0.613218
     H    9        0.094081       -0.134614       -0.200474
     H    9        0.613218       -0.200474        0.050752

     C   10        0.172784       -0.121577       -0.472127
     C   10       -0.121577       -0.026438        0.065980
     C   10       -0.472127        0.065980       -0.146346

     C   11        0.009786       -0.049681       -0.107643
     C   11       -0.049681        0.053815        0.440681
     C   11       -0.107643        0.440681       -0.063601

     Cl  12       -0.197028        0.922159       -1.097015
     Cl  12        0.922159       -0.834769        0.927810
     Cl  12       -1.097015        0.927810        1.031797

     H   13       -0.321519        0.346998        0.114344
     H   13        0.346998        0.227775        0.254034
     H   13        0.114344        0.254034        0.093745

     C   14        0.159096       -0.925076       -0.272173
     C   14       -0.925076        0.074269       -0.266810
     C   14       -0.272173       -0.266810       -0.233365

     H   15        0.497880        0.134068        0.554124
     H   15        0.134068        0.007911       -0.151964
     H   15        0.554124       -0.151964       -0.505790

     C   16       -0.033743        0.085073       -0.104413
     C   16        0.085073        0.023095        0.346921
     C   16       -0.104413        0.346921        0.010648

     C   17        0.273271       -0.824144       -0.346548
     C   17       -0.824144       -0.224415       -0.317627
     C   17       -0.346548       -0.317627       -0.048856

     Cl  18        0.212485        0.034027       -1.672353
     Cl  18        0.034027       -1.144451        0.087379
     Cl  18       -1.672353        0.087379        0.931966

     H   19        0.014566       -0.159343        0.135147
     H   19       -0.159343        0.381159       -0.682340
     H   19        0.135147       -0.682340       -0.395725

     C   20       -0.419976       -0.194415       -0.035844
     C   20       -0.194415        0.444577       -0.107619
     C   20       -0.035844       -0.107619       -0.024600

     H   21        0.338333       -0.326257        0.063736
     H   21       -0.326257       -0.291780       -0.225427
     H   21        0.063736       -0.225427       -0.046553

     C   22        0.258848       -0.160145        0.178547
     C   22       -0.160145        0.040596        0.073028
     C   22        0.178547        0.073028       -0.299444

     C   23       -0.355887       -0.281720       -0.141586
     C   23       -0.281720        0.372869       -0.519602
     C   23       -0.141586       -0.519602       -0.016982

     Cl  24        0.173203        0.217973        0.884113
     Cl  24        0.217973        0.379783       -1.489816
     Cl  24        0.884113       -1.489816       -0.552985

     ----- total EFG (symmetrized) -----
     Cl   1        0.028913       -1.286137       -0.294450
     Cl   1       -1.286137        2.544754       -0.739188
     Cl   1       -0.294450       -0.739188       -2.573667

     C    2       -0.599756        0.037723        0.128213
     C    2        0.037723        0.394333        0.061768
     C    2        0.128213        0.061768        0.205423

     C    3        0.189303       -0.347067        0.058842
     C    3       -0.347067        0.075530        0.012044
     C    3        0.058842        0.012044       -0.264833

     H    4        0.349744        0.113044        0.460134
     H    4        0.113044       -0.300879        0.410148
     H    4        0.460134        0.410148       -0.048865

     C    5       -0.647454       -0.037426        0.404963
     C    5       -0.037426        0.434542       -0.130088
     C    5        0.404963       -0.130088        0.212912

     H    6       -0.096933        0.156783       -0.178102
     H    6        0.156783        0.415553        0.586057
     H    6       -0.178102        0.586057       -0.318620

     H    7       -0.517763        0.179545       -0.169717
     H    7        0.179545        0.257062       -0.369258
     H    7       -0.169717       -0.369258        0.260701

     C    8        0.573435       -0.639669        0.220004
     C    8       -0.639669       -0.458202        0.095600
     C    8        0.220004        0.095600       -0.115233

     H    9        0.083861        0.094081        0.613218
     H    9        0.094081       -0.134614       -0.200474
     H    9        0.613218       -0.200474        0.050752

     C   10        0.172784       -0.121577       -0.472127
     C   10       -0.121577       -0.026438        0.065980
     C   10       -0.472127        0.065980       -0.146346

     C   11        0.009786       -0.049681       -0.107643
     C   11       -0.049681        0.053815        0.440681
     C   11       -0.107643        0.440681       -0.063601

     Cl  12       -0.197028        0.922159       -1.097015
     Cl  12        0.922159       -0.834769        0.927810
     Cl  12       -1.097015        0.927810        1.031797

     H   13       -0.321519        0.346998        0.114344
     H   13        0.346998        0.227775        0.254034
     H   13        0.114344        0.254034        0.093745

     C   14        0.159096       -0.925076       -0.272173
     C   14       -0.925076        0.074269       -0.266810
     C   14       -0.272173       -0.266810       -0.233365

     H   15        0.497880        0.134068        0.554124
     H   15        0.134068        0.007911       -0.151964
     H   15        0.554124       -0.151964       -0.505790

     C   16       -0.033743        0.085073       -0.104413
     C   16        0.085073        0.023095        0.346921
     C   16       -0.104413        0.346921        0.010648

     C   17        0.273271       -0.824144       -0.346548
     C   17       -0.824144       -0.224415       -0.317627
     C   17       -0.346548       -0.317627       -0.048856

     Cl  18        0.212485        0.034027       -1.672353
     Cl  18        0.034027       -1.144451        0.087379
     Cl  18       -1.672353        0.087379        0.931966

     H   19        0.014566       -0.159343        0.135147
     H   19       -0.159343        0.381159       -0.682340
     H   19        0.135147       -0.682340       -0.395725

     C   20       -0.419976       -0.194415       -0.035844
     C   20       -0.194415        0.444577       -0.107619
     C   20       -0.035844       -0.107619       -0.024600

     H   21        0.338333       -0.326257        0.063736
     H   21       -0.326257       -0.291780       -0.225427
     H   21        0.063736       -0.225427       -0.046553

     C   22        0.258848       -0.160145        0.178547
     C   22       -0.160145        0.040596        0.073028
     C   22        0.178547        0.073028       -0.299444

     C   23       -0.355887       -0.281720       -0.141586
     C   23       -0.281720        0.372869       -0.519602
     C   23       -0.141586       -0.519602       -0.016982

     Cl  24        0.173203        0.217973        0.884113
     Cl  24        0.217973        0.379783       -1.489816
     Cl  24        0.884113       -1.489816       -0.552985


     NQR/NMR SPECTROSCOPIC PARAMETERS:
     Cl   1    Vxx=   -0.3762    axis=(  0.909898  0.340775 -0.236555)
     Cl   1    Vyy=   -2.7668    axis=(  0.184180  0.179094  0.966438)
     Cl   1    Vzz=    3.1430    axis=(  0.371704 -0.922929  0.100193)
     Cl   1  Q=        -8.1650 1e-30 m^2  Cq=       -60.2965 MHz  eta= 0.76060

     C    2    Vxx=    0.2022    axis=(  0.134163 -0.327087  0.935422)
     C    2    Vyy=    0.4182    axis=( -0.075243 -0.944593 -0.319502)
     C    2    Vzz=   -0.6204    axis=( -0.988099  0.027519  0.151341)
     C    2  Q=         1.0000 1e-30 m^2  Cq=        -1.4578 MHz  eta= 0.34816

     C    3    Vxx=   -0.1902    axis=(  0.528971  0.667239  0.524387)
     C    3    Vyy=   -0.2958    axis=( -0.370770 -0.374115  0.850040)
     C    3    Vzz=    0.4860    axis=(  0.763360 -0.644074  0.049496)
     C    3  Q=         1.0000 1e-30 m^2  Cq=         1.1418 MHz  eta= 0.21740

     H    4    Vxx=   -0.1091    axis=(  0.622045 -0.629425 -0.465708)
     H    4    Vyy=   -0.6464    axis=(  0.225417  0.713568 -0.663331)
     H    4    Vzz=    0.7556    axis=( -0.749832 -0.307643 -0.585754)
     H    4  Q=         1.0000 1e-30 m^2  Cq=         1.7753 MHz  eta= 0.71113

     C    5    Vxx=    0.2660    axis=(  0.295228  0.623927  0.723571)
     C    5    Vyy=    0.5422    axis=( -0.222970  0.781409 -0.582825)
     C    5    Vzz=   -0.8082    axis=(  0.929045 -0.010732 -0.369811)
     C    5  Q=         1.0000 1e-30 m^2  Cq=        -1.8990 MHz  eta= 0.34184

     H    6    Vxx=   -0.0149    axis=(  0.936319  0.112062 -0.332788)
     H    6    Vyy=   -0.7284    axis=( -0.345381  0.464972 -0.815176)
     H    6    Vzz=    0.7432    axis=(  0.063387  0.878204  0.474067)
     H    6  Q=         1.0000 1e-30 m^2  Cq=         1.7463 MHz  eta= 0.95999

     H    7    Vxx=   -0.1103    axis=(  0.015419  0.705116  0.708924)
     H    7    Vyy=   -0.5688    axis=( -0.979247  0.153945 -0.131820)
     H    7    Vzz=    0.6791    axis=( -0.202084 -0.692180  0.692856)
     H    7  Q=         1.0000 1e-30 m^2  Cq=         1.5956 MHz  eta= 0.67526

     C    8    Vxx=   -0.0919    axis=( -0.028409  0.298555  0.953969)
     C    8    Vyy=   -0.8122    axis=(  0.438386  0.861400 -0.256530)
     C    8    Vzz=    0.9041    axis=( -0.898338  0.410919 -0.155354)
     C    8  Q=         1.0000 1e-30 m^2  Cq=         2.1242 MHz  eta= 0.79678

     H    9    Vxx=   -0.0530    axis=( -0.336184 -0.916772  0.215660)
     H    9    Vyy=   -0.6345    axis=(  0.627127 -0.388749 -0.674972)
     H    9    Vzz=    0.6874    axis=(  0.702633 -0.091669  0.705623)
     H    9  Q=         1.0000 1e-30 m^2  Cq=         1.6152 MHz  eta= 0.84593

     C   10    Vxx=   -0.0588    axis=(  0.166982  0.971494 -0.168274)
     C   10    Vyy=   -0.4858    axis=( -0.586943 -0.039188 -0.808679)
     C   10    Vzz=    0.5446    axis=( -0.792221  0.233802  0.563668)
     C   10  Q=         1.0000 1e-30 m^2  Cq=         1.2796 MHz  eta= 0.78419

     C   11    Vxx=   -0.0109    axis=(  0.966799  0.244882  0.073017)
     C   11    Vyy=   -0.4546    axis=( -0.106313  0.645293 -0.756502)
     C   11    Vzz=    0.4656    axis=( -0.232371  0.723623  0.649903)
     C   11  Q=         1.0000 1e-30 m^2  Cq=         1.0939 MHz  eta= 0.95306

     Cl  12    Vxx=    0.3847    axis=(  0.699633  0.684619  0.204477)
     Cl  12    Vyy=    1.7322    axis=(  0.425037 -0.168746 -0.889308)
     Cl  12    Vzz=   -2.1169    axis=( -0.574333  0.709099 -0.409048)
     Cl  12  Q=        -8.1650 1e-30 m^2  Cq=        40.6113 MHz  eta= 0.63652

     H   13    Vxx=   -0.0720    axis=( -0.237103 -0.453616  0.859078)
     H   13    Vyy=   -0.4895    axis=( -0.897921  0.439881 -0.015554)
     H   13    Vzz=    0.5615    axis=( -0.370836 -0.775072 -0.511609)
     H   13  Q=         1.0000 1e-30 m^2  Cq=         1.3193 MHz  eta= 0.74371

     C   14    Vxx=   -0.0439    axis=( -0.300271 -0.329288  0.895213)
     C   14    Vyy=   -0.9989    axis=(  0.620360  0.645499  0.445516)
     C   14    Vzz=    1.0429    axis=( -0.724562  0.689130  0.010453)
     C   14  Q=         1.0000 1e-30 m^2  Cq=         2.4503 MHz  eta= 0.91575

     H   15    Vxx=    0.0492    axis=(  0.017069  0.968568 -0.248161)
     H   15    Vyy=    0.7488    axis=(  0.915212  0.084807  0.393949)
     H   15    Vzz=   -0.7980    axis=(  0.402612 -0.233844 -0.884998)
     H   15  Q=         1.0000 1e-30 m^2  Cq=        -1.8751 MHz  eta= 0.87667

     C   16    Vxx=    0.0175    axis=( -0.932464 -0.276014  0.233083)
     C   16    Vyy=    0.3643    axis=(  0.033500 -0.708471 -0.704944)
     C   16    Vzz=   -0.3818    axis=( -0.359707  0.649526 -0.669870)
     C   16  Q=         1.0000 1e-30 m^2  Cq=        -0.8971 MHz  eta= 0.90813

     C   17    Vxx=    0.1552    axis=( -0.162060 -0.402133  0.901125)
     C   17    Vyy=    0.8949    axis=( -0.814933  0.569484  0.107576)
     C   17    Vzz=   -1.0501    axis=( -0.556436 -0.716922 -0.420002)
     C   17  Q=         1.0000 1e-30 m^2  Cq=        -2.4674 MHz  eta= 0.70440

     Cl  18    Vxx=   -1.0603    axis=( -0.567336 -0.692337 -0.445870)
     Cl  18    Vyy=   -1.2232    axis=(  0.532606 -0.721447  0.442545)
     Cl  18    Vzz=    2.2835    axis=( -0.628061  0.013598  0.778045)
     Cl  18  Q=        -8.1650 1e-30 m^2  Cq=       -43.8072 MHz  eta= 0.07133

     H   19    Vxx=   -0.0357    axis=(  0.968422  0.235300 -0.082416)
     H   19    Vyy=   -0.7942    axis=( -0.046946  0.496754  0.866621)
     H   19    Vzz=    0.8298    axis=(  0.244857 -0.835385  0.492114)
     H   19  Q=         1.0000 1e-30 m^2  Cq=         1.9497 MHz  eta= 0.91407

     C   20    Vxx=   -0.0351    axis=( -0.166986  0.150914  0.974341)
     C   20    Vyy=   -0.4693    axis=(  0.966373  0.221049  0.131382)
     C   20    Vzz=    0.5044    axis=( -0.195550  0.963516 -0.182751)
     C   20  Q=         1.0000 1e-30 m^2  Cq=         1.1852 MHz  eta= 0.86073

     H   21    Vxx=   -0.0111    axis=( -0.395117 -0.250571  0.883797)
     H   21    Vyy=   -0.5064    axis=(  0.307264  0.870619  0.384203)
     H   21    Vzz=    0.5175    axis=( -0.865720  0.423364 -0.267005)
     H   21  Q=         1.0000 1e-30 m^2  Cq=         1.2160 MHz  eta= 0.95697

     C   22    Vxx=    0.0164    axis=( -0.303287 -0.876377 -0.374139)
     C   22    Vyy=    0.3684    axis=( -0.897522  0.394620 -0.196797)
     C   22    Vzz=   -0.3848    axis=( -0.320111 -0.276112  0.906251)
     C   22  Q=         1.0000 1e-30 m^2  Cq=        -0.9040 MHz  eta= 0.91500

     C   23    Vxx=   -0.1032    axis=(  0.697597 -0.298222 -0.651477)
     C   23    Vyy=   -0.6515    axis=(  0.702048  0.466147  0.538363)
     C   23    Vzz=    0.7547    axis=( -0.143133  0.832929 -0.534549)
     C   23  Q=         1.0000 1e-30 m^2  Cq=         1.7734 MHz  eta= 0.72646

     Cl  24    Vxx=    0.4050    axis=(  0.886012  0.447310  0.122049)
     Cl  24    Vyy=    1.5767    axis=(  0.281152 -0.727621  0.625716)
     Cl  24    Vzz=   -1.9818    axis=(  0.368695 -0.520078 -0.770444)
     Cl  24  Q=        -8.1650 1e-30 m^2  Cq=        38.0190 MHz  eta= 0.59124

     Initialization:
     gipaw_setup  :      8.88s CPU     10.78s WALL (       1 calls)

     Linear response

     Apply operators

     Induced current

     Other routines
     efg          :      9.12s CPU     11.93s WALL (       1 calls)

     General routines
     calbec       :      3.19s CPU      4.55s WALL (      16 calls)
     fft          :      1.52s CPU      2.25s WALL (      15 calls)
     ffts         :      0.04s CPU      0.07s WALL (       2 calls)
     fftw         :      3.21s CPU      3.98s WALL (     672 calls)
     davcio       :      0.02s CPU      0.33s WALL (      32 calls)

     Parallel routines
     fft_scatter  :      2.24s CPU      3.51s WALL (     689 calls)

     Plugins

     GIPAW        :     60.84s CPU     73.66s WALL (       1 calls)
