
     Program QE v.6.0 (svn rev. 13079) starts on 14Jan2017 at 12:40:14 

     This program is part of the open-source Quantum ESPRESSO suite
     for quantum simulation of materials; please cite
         "P. Giannozzi et al., J. Phys.:Condens. Matter 21 395502 (2009);
          URL http://www.quantum-espresso.org", 
     in publications or presentations arising from this work. More details at
     http://www.quantum-espresso.org/quote

     Parallel version (MPI), running on     8 processors
     R & G space division:  proc/nbgrp/npool/nimage =       8

     ***** This is GIPAW svn revision unknown      *****

     Parallelizing q-star over 1 images

     Reading data from directory:
     /users/majewski/paradichlorobenzene/pbe/9_constraint/scratch/pbe.ecut100.np8.dt60.pcl2phi-129368.save
     Message from routine read_xml_file:
     file /users/majewski/paradichlorobenzene/pbe/9_constraint/scratch/pbe.ecut100.np8.dt60.pcl2phi-129368.save not guaranteed to be safe for post-processing

   Info: using nr1, nr2, nr3 values from input

   Info: using nr1, nr2, nr3 values from input

     IMPORTANT: XC functional enforced from input :
     Exchange-correlation      =  SLA  PW   PBX  PBC ( 1  4  3  4 0 0)
     Any further DFT definition will be discarded
     Please, verify this is what you really want

               file C.pbe-n-kjpaw_psl.1.0.0.UPF: wavefunction(s)  2S 2P renormalized
               file Cl.pbe-n-kjpaw_psl.1.0.0.UPF: wavefunction(s)  3S 3P renormalized
               file H.pbe-kjpaw_psl.1.0.0.UPF: wavefunction(s)  1S renormalized

     Parallelization info
     --------------------
     sticks:   dense  smooth     PW     G-vecs:    dense   smooth      PW
     Min        3057    1223    332               144436    36536    5170
     Max        3059    1225    333               144437    36537    5171
     Sum       24467    9791   2657              1155489   292295   41363


     Subspace diagonalization in iterative solution of the eigenvalue problem:
     a serial algorithm will be used

     GIPAW projectors -----------------------------------------------
     atom=  C    l=0  rc=    1.2000  rs=    0.8000
     atom=  C    l=0  rc=    1.2000  rs=    0.8000
     atom=  C    l=1  rc=    1.4000  rs=    0.9333
     atom=  C    l=1  rc=    1.4000  rs=    0.9333
     projs nearly linearly dependent: l=1  n1,n2= 1, 2  s=  0.99951561

     atom=  Cl   l=0  rc=    1.6000  rs=    1.0667
     atom=  Cl   l=0  rc=    1.6000  rs=    1.0667
     atom=  Cl   l=1  rc=    1.6000  rs=    1.0667
     atom=  Cl   l=1  rc=    1.6000  rs=    1.0667
     atom=  Cl   l=2  rc=    1.6000  rs=    1.0667
     atom=  Cl   l=2  rc=    1.6000  rs=    1.0667
     projs nearly linearly dependent: l=2  n1,n2= 1, 2  s=  0.99993509

     atom=  H    l=0  rc=    1.0000  rs=    0.6667
     atom=  H    l=0  rc=    1.0000  rs=    0.6667
     projs nearly linearly dependent: l=0  n1,n2= 1, 2  s=  0.99968852
     -----------------------------------------------------------------

     GIPAW integrals: -------------------------------------------
     Atom  i/j   nmr_para   nmr_dia   epr_rmc  epr_para   epr_dia
       C   1 1   0.83E+03  0.17E-01  0.93E+01  0.24E+08  0.24E+03
       C   2 1   0.86E+03 -0.61E-01  0.94E+01  0.25E+08  0.25E+03
       C   2 2   0.90E+03 -0.15E+00  0.97E+01  0.26E+08  0.26E+03
       C   3 3   0.33E+01  0.34E+00  0.18E+01  0.55E+03  0.21E+02
       C   4 3   0.35E+01  0.37E+00  0.20E+01  0.59E+03  0.22E+02
       C   4 4   0.38E+01  0.39E+00  0.22E+01  0.63E+03  0.24E+02
       Cl  1 1   0.14E+04 -0.47E+00  0.84E+01  0.32E+09  0.42E+03
       Cl  2 1   0.21E+04 -0.37E+00  0.12E+02  0.49E+09  0.65E+03
       Cl  2 2   0.33E+04 -0.16E+00  0.21E+02  0.76E+09  0.10E+04
       Cl  3 3   0.21E+02  0.79E-01  0.89E+01  0.23E+05  0.13E+03
       Cl  4 3   0.24E+02  0.67E-01  0.99E+01  0.27E+05  0.15E+03
       Cl  4 4   0.28E+02  0.44E-01  0.11E+02  0.32E+05  0.18E+03
       Cl  5 5   0.77E+00  0.19E+00  0.18E+01  0.12E+03  0.22E+02
       Cl  6 5   0.80E+00  0.19E+00  0.19E+01  0.12E+03  0.23E+02
       Cl  6 6   0.83E+00  0.20E+00  0.19E+01  0.12E+03  0.23E+02
       H   1 1   0.39E+02  0.19E+00  0.29E+00  0.78E+05  0.13E+02
       H   2 1   0.41E+02  0.21E+00  0.32E+00  0.82E+05  0.14E+02
       H   2 2   0.43E+02  0.22E+00  0.36E+00  0.86E+05  0.15E+02
     ------------------------------------------------------------

     alpha_pv=     33.4269 eV

     Number of occupied bands for each k-point:
     k-point:     1    nbnd_occ=  42
     k-point:     2    nbnd_occ=  42
     k-point:     3    nbnd_occ=  42
     k-point:     4    nbnd_occ=  42
     k-point:     5    nbnd_occ=  42
     k-point:     6    nbnd_occ=  42
     k-point:     7    nbnd_occ=  42
     k-point:     8    nbnd_occ=  42
     k-point:     9    nbnd_occ=  42
     k-point:    10    nbnd_occ=  42
     k-point:    11    nbnd_occ=  42
     k-point:    12    nbnd_occ=  42
     k-point:    13    nbnd_occ=  42
     k-point:    14    nbnd_occ=  42
     k-point:    15    nbnd_occ=  42
     k-point:    16    nbnd_occ=  42


     q-space interpolation up to   110.00 Rydberg

     GIPAW job: efg                                                                             


     ELECTRIC FIELD GRADIENTS TENSORS IN Hartree/bohrradius^2:

     ----- bare term -----
     Cl   1       -0.084180        0.038836       -0.079819
     Cl   1        0.038836       -0.063869       -0.054935
     Cl   1       -0.079819       -0.054935        0.148049

     C    2       -0.116534        0.034277       -0.426402
     C    2        0.034277       -0.242335       -0.519086
     C    2       -0.426402       -0.519086        0.358869

     C    3       -0.189279        0.346454       -0.279310
     C    3        0.346454       -0.228584       -0.511778
     C    3       -0.279310       -0.511778        0.417862

     H    4       -0.036617       -0.133749       -0.442626
     H    4       -0.133749        0.430515        0.023850
     H    4       -0.442626        0.023850       -0.393897

     C    5       -0.440932        0.233869       -0.376494
     C    5        0.233869       -0.006943       -0.360698
     C    5       -0.376494       -0.360698        0.447875

     H    6        0.208367        0.115886       -0.001674
     H    6        0.115886       -0.416889       -0.487898
     H    6       -0.001674       -0.487898        0.208521

     H    7        0.368342        0.035530        0.266975
     H    7        0.035530       -0.045396        0.387481
     H    7        0.266975        0.387481       -0.322945

     C    8       -0.406746       -0.297056       -0.426469
     C    8       -0.297056        0.122252        0.391308
     C    8       -0.426469        0.391308        0.284494

     H    9       -0.146817        0.023192       -0.551288
     H    9        0.023192        0.185429       -0.100729
     H    9       -0.551288       -0.100729       -0.038612

     C   10       -0.093009       -0.363354       -0.232350
     C   10       -0.363354       -0.189060        0.615804
     C   10       -0.232350        0.615804        0.282070

     C   11       -0.351788       -0.135221       -0.402583
     C   11       -0.135221        0.062392        0.356293
     C   11       -0.402583        0.356293        0.289396

     Cl  12       -0.009866       -0.004150       -0.008050
     Cl  12       -0.004150        0.001853       -0.010068
     Cl  12       -0.008050       -0.010068        0.008013

     H   13        0.391147       -0.196039       -0.008604
     H   13       -0.196039       -0.651571       -0.267528
     H   13       -0.008604       -0.267528        0.260424

     C   14       -0.354505        0.234935       -0.348058
     C   14        0.234935       -0.090387       -0.434531
     C   14       -0.348058       -0.434531        0.444892

     H   15       -0.430537       -0.081320       -0.538688
     H   15       -0.081320        0.328062       -0.112408
     H   15       -0.538688       -0.112408        0.102475

     C   16       -0.256891        0.238784       -0.292940
     C   16        0.238784       -0.157722       -0.474850
     C   16       -0.292940       -0.474850        0.414613

     C   17       -0.147327        0.080545       -0.384735
     C   17        0.080545       -0.237333       -0.520544
     C   17       -0.384735       -0.520544        0.384660

     Cl  18       -0.060990        0.044828       -0.054586
     Cl  18        0.044828       -0.038625       -0.014487
     Cl  18       -0.054586       -0.014487        0.099616

     H   19        0.484012        0.043241       -0.075229
     H   19        0.043241       -0.067627        0.484126
     H   19       -0.075229        0.484126       -0.416385

     C   20       -0.286186       -0.230161       -0.277054
     C   20       -0.230161       -0.246258        0.414606
     C   20       -0.277054        0.414606        0.532444

     H   21        0.095108        0.090260       -0.407491
     H   21        0.090260        0.463587       -0.046309
     H   21       -0.407491       -0.046309       -0.558695

     C   22       -0.290016       -0.167520       -0.262266
     C   22       -0.167520       -0.144257        0.539419
     C   22       -0.262266        0.539419        0.434273

     C   23       -0.117062       -0.077819       -0.319447
     C   23       -0.077819       -0.194402        0.517526
     C   23       -0.319447        0.517526        0.311464

     Cl  24       -0.033356       -0.028224       -0.070048
     Cl  24       -0.028224        0.023308        0.082599
     Cl  24       -0.070048        0.082599        0.010049

     ----- ionic term -----
     Cl   1        0.141053       -0.215352        0.022651
     Cl   1       -0.215352        0.008355       -0.005506
     Cl   1        0.022651       -0.005506       -0.149408

     C    2        0.144371       -0.170122        0.294691
     C    2       -0.170122        0.162661        0.429925
     C    2        0.294691        0.429925       -0.307033

     C    3        0.063600       -0.280675        0.268149
     C    3       -0.280675        0.222642        0.376551
     C    3        0.268149        0.376551       -0.286242

     H    4        0.410413        0.213303        0.789717
     H    4        0.213303       -0.467610        0.244934
     H    4        0.789717        0.244934        0.057197

     C    5        0.229396       -0.267961        0.336816
     C    5       -0.267961        0.080422        0.254828
     C    5        0.336816        0.254828       -0.309817

     H    6       -0.519905       -0.082561       -0.019457
     H    6       -0.082561        0.669927        0.685039
     H    6       -0.019457        0.685039       -0.150022

     H    7       -0.527172       -0.008371        0.035776
     H    7       -0.008371        0.576755       -0.748496
     H    7        0.035776       -0.748496       -0.049583

     C    8        0.200915        0.247646        0.282918
     C    8        0.247646       -0.049309       -0.301131
     C    8        0.282918       -0.301131       -0.151606

     H    9        0.602771       -0.215278        0.706982
     H    9       -0.215278       -0.490762       -0.216664
     H    9        0.706982       -0.216664       -0.112009

     C   10        0.162863        0.262514        0.168301
     C   10        0.262514        0.044985       -0.393911
     C   10        0.168301       -0.393911       -0.207848

     C   11        0.185445        0.235311        0.311859
     C   11        0.235311       -0.025167       -0.394120
     C   11        0.311859       -0.394120       -0.160278

     Cl  12        0.148426        0.223277        0.011368
     Cl  12        0.223277       -0.006642       -0.002185
     Cl  12        0.011368       -0.002185       -0.141784

     H   13       -0.495961        0.129175        0.064944
     H   13        0.129175        0.746555        0.625475
     H   13        0.064944        0.625475       -0.250595

     C   14        0.232866       -0.148412        0.322964
     C   14       -0.148412        0.107158        0.268779
     C   14        0.322964        0.268779       -0.340023

     H   15        0.607664        0.227977        0.709253
     H   15        0.227977       -0.435934        0.203257
     H   15        0.709253        0.203257       -0.171730

     C   16        0.128675       -0.215035        0.262437
     C   16       -0.215035        0.231376        0.321682
     C   16        0.262437        0.321682       -0.360051

     C   17        0.132489       -0.147309        0.395491
     C   17       -0.147309        0.164238        0.324923
     C   17        0.395491        0.324923       -0.296728

     Cl  18        0.110528       -0.196524        0.070179
     Cl  18       -0.196524        0.027411       -0.037868
     Cl  18        0.070179       -0.037868       -0.137939

     H   19       -0.518291       -0.104329        0.091051
     H   19       -0.104329        0.543689       -0.758719
     H   19        0.091051       -0.758719       -0.025399

     C   20        0.199836        0.189361        0.331385
     C   20        0.189361       -0.020981       -0.294864
     C   20        0.331385       -0.294864       -0.178856

     H   21        0.336019       -0.220048        0.835334
     H   21       -0.220048       -0.504621       -0.270284
     H   21        0.835334       -0.270284        0.168602

     C   22        0.020286        0.243077        0.223636
     C   22        0.243077        0.082113       -0.427962
     C   22        0.223636       -0.427962       -0.102398

     C   23        0.056524        0.244196        0.326573
     C   23        0.244196        0.029477       -0.415383
     C   23        0.326573       -0.415383       -0.086001

     Cl  24        0.090603        0.212369        0.016125
     Cl  24        0.212369        0.040540        0.007039
     Cl  24        0.016125        0.007039       -0.131143

     ----- GIPAW term -----
     Cl   1        0.739998       -2.000547       -0.599497
     Cl   1       -2.000547       -0.374898       -0.484422
     Cl   1       -0.599497       -0.484422       -0.365099

     C    2        0.028498       -0.112434       -0.121124
     C    2       -0.112434       -0.075379       -0.108236
     C    2       -0.121124       -0.108236        0.046881

     C    3       -0.063097        0.074373       -0.106026
     C    3        0.074373       -0.039107       -0.124956
     C    3       -0.106026       -0.124956        0.102204

     H    4       -0.000000        0.000000        0.000000
     H    4        0.000000        0.000000        0.000000
     H    4        0.000000        0.000000        0.000000

     C    5       -0.064582        0.041106       -0.055946
     C    5        0.041106       -0.011445       -0.063501
     C    5       -0.055946       -0.063501        0.076026

     H    6       -0.000000        0.000000        0.000000
     H    6        0.000000        0.000000        0.000000
     H    6        0.000000        0.000000        0.000000

     H    7       -0.000000        0.000000        0.000000
     H    7        0.000000        0.000000        0.000000
     H    7        0.000000        0.000000        0.000000

     C    8       -0.075507       -0.135924       -0.161387
     C    8       -0.135924        0.017703        0.182697
     C    8       -0.161387        0.182697        0.057804

     H    9       -0.000000        0.000000        0.000000
     H    9        0.000000        0.000000        0.000000
     H    9        0.000000        0.000000        0.000000

     C   10       -0.071395       -0.118089       -0.090748
     C   10       -0.118089        0.051807        0.194385
     C   10       -0.090748        0.194385        0.019589

     C   11       -0.004652        0.056005       -0.051391
     C   11        0.056005        0.074313        0.006256
     C   11       -0.051391        0.006256       -0.069661

     Cl  12        1.387574        2.281336       -0.077201
     Cl  12        2.281336        0.123763       -0.070015
     Cl  12       -0.077201       -0.070015       -1.511336

     H   13       -0.000000        0.000000        0.000000
     H   13        0.000000        0.000000        0.000000
     H   13        0.000000        0.000000        0.000000

     C   14       -0.056561        0.053669       -0.068533
     C   14        0.053669       -0.024501       -0.128120
     C   14       -0.068533       -0.128120        0.081062

     H   15       -0.000000        0.000000        0.000000
     H   15        0.000000        0.000000        0.000000
     H   15        0.000000        0.000000        0.000000

     C   16       -0.069451        0.022670       -0.060758
     C   16        0.022670       -0.012189       -0.077449
     C   16       -0.060758       -0.077449        0.081640

     C   17        0.010740       -0.104348       -0.092592
     C   17       -0.104348       -0.066088       -0.121944
     C   17       -0.092592       -0.121944        0.055348

     Cl  18       -0.692686       -1.268521       -0.551630
     Cl  18       -1.268521       -1.024998       -1.388154
     Cl  18       -0.551630       -1.388154        1.717684

     H   19       -0.000000        0.000000        0.000000
     H   19        0.000000        0.000000        0.000000
     H   19        0.000000        0.000000        0.000000

     C   20       -0.094423       -0.033301       -0.072402
     C   20       -0.033301       -0.157256        0.096565
     C   20       -0.072402        0.096565        0.251679

     H   21       -0.000000        0.000000        0.000000
     H   21        0.000000        0.000000        0.000000
     H   21        0.000000        0.000000        0.000000

     C   22       -0.168669        0.000684       -0.052735
     C   22        0.000684       -0.036190        0.201026
     C   22       -0.052735        0.201026        0.204859

     C   23        0.062636        0.119838       -0.049189
     C   23        0.119838       -0.030352        0.073945
     C   23       -0.049189        0.073945       -0.032283

     Cl  24        1.064752        1.942838       -0.500257
     Cl  24        1.942838        0.350850        0.713434
     Cl  24       -0.500257        0.713434       -1.415602

     ----- total EFG -----
     Cl   1        0.796870       -2.177063       -0.656665
     Cl   1       -2.177063       -0.430412       -0.544863
     Cl   1       -0.656665       -0.544863       -0.366458

     C    2        0.056335       -0.248279       -0.252835
     C    2       -0.248279       -0.155052       -0.197397
     C    2       -0.252835       -0.197397        0.098717

     C    3       -0.188776        0.140152       -0.117186
     C    3        0.140152       -0.045049       -0.260182
     C    3       -0.117186       -0.260182        0.233825

     H    4        0.373796        0.079554        0.347091
     H    4        0.079554       -0.037095        0.268784
     H    4        0.347091        0.268784       -0.336701

     C    5       -0.276118        0.007014       -0.095624
     C    5        0.007014        0.062034       -0.169372
     C    5       -0.095624       -0.169372        0.214084

     H    6       -0.311538        0.033325       -0.021131
     H    6        0.033325        0.253039        0.197141
     H    6       -0.021131        0.197141        0.058499

     H    7       -0.158831        0.027159        0.302751
     H    7        0.027159        0.531359       -0.361015
     H    7        0.302751       -0.361015       -0.372529

     C    8       -0.281338       -0.185334       -0.304938
     C    8       -0.185334        0.090645        0.272874
     C    8       -0.304938        0.272874        0.190692

     H    9        0.455954       -0.192085        0.155694
     H    9       -0.192085       -0.305333       -0.317393
     H    9        0.155694       -0.317393       -0.150621

     C   10       -0.001541       -0.218929       -0.154797
     C   10       -0.218929       -0.092269        0.416279
     C   10       -0.154797        0.416279        0.093811

     C   11       -0.170996        0.156095       -0.142115
     C   11        0.156095        0.111539       -0.031572
     C   11       -0.142115       -0.031572        0.059457

     Cl  12        1.526133        2.500463       -0.073883
     Cl  12        2.500463        0.118974       -0.082268
     Cl  12       -0.073883       -0.082268       -1.645107

     H   13       -0.104813       -0.066864        0.056340
     H   13       -0.066864        0.094984        0.357947
     H   13        0.056340        0.357947        0.009829

     C   14       -0.178201        0.140191       -0.093627
     C   14        0.140191       -0.007731       -0.293873
     C   14       -0.093627       -0.293873        0.185931

     H   15        0.177127        0.146657        0.170566
     H   15        0.146657       -0.107872        0.090849
     H   15        0.170566        0.090849       -0.069255

     C   16       -0.197666        0.046419       -0.091260
     C   16        0.046419        0.061464       -0.230616
     C   16       -0.091260       -0.230616        0.136202

     C   17       -0.004097       -0.171112       -0.081837
     C   17       -0.171112       -0.139183       -0.317565
     C   17       -0.081837       -0.317565        0.143280

     Cl  18       -0.643149       -1.420217       -0.536037
     Cl  18       -1.420217       -1.036212       -1.440509
     Cl  18       -0.536037       -1.440509        1.679361

     H   19       -0.034279       -0.061088        0.015822
     H   19       -0.061088        0.476062       -0.274593
     H   19        0.015822       -0.274593       -0.441783

     C   20       -0.180772       -0.074102       -0.018071
     C   20       -0.074102       -0.424495        0.216307
     C   20       -0.018071        0.216307        0.605267

     H   21        0.431127       -0.129788        0.427843
     H   21       -0.129788       -0.041034       -0.316593
     H   21        0.427843       -0.316593       -0.390093

     C   22       -0.438399        0.076242       -0.091365
     C   22        0.076242       -0.098335        0.312483
     C   22       -0.091365        0.312483        0.536734

     C   23        0.002098        0.286215       -0.042063
     C   23        0.286215       -0.195278        0.176088
     C   23       -0.042063        0.176088        0.193180

     Cl  24        1.121999        2.126983       -0.554181
     Cl  24        2.126983        0.414698        0.803072
     Cl  24       -0.554181        0.803072       -1.536697

     ----- total EFG (symmetrized) -----
     Cl   1        0.796870       -2.177063       -0.656665
     Cl   1       -2.177063       -0.430412       -0.544863
     Cl   1       -0.656665       -0.544863       -0.366458

     C    2        0.056335       -0.248279       -0.252835
     C    2       -0.248279       -0.155052       -0.197397
     C    2       -0.252835       -0.197397        0.098717

     C    3       -0.188776        0.140152       -0.117186
     C    3        0.140152       -0.045049       -0.260182
     C    3       -0.117186       -0.260182        0.233825

     H    4        0.373796        0.079554        0.347091
     H    4        0.079554       -0.037095        0.268784
     H    4        0.347091        0.268784       -0.336701

     C    5       -0.276118        0.007014       -0.095624
     C    5        0.007014        0.062034       -0.169372
     C    5       -0.095624       -0.169372        0.214084

     H    6       -0.311538        0.033325       -0.021131
     H    6        0.033325        0.253039        0.197141
     H    6       -0.021131        0.197141        0.058499

     H    7       -0.158831        0.027159        0.302751
     H    7        0.027159        0.531359       -0.361015
     H    7        0.302751       -0.361015       -0.372529

     C    8       -0.281338       -0.185334       -0.304938
     C    8       -0.185334        0.090645        0.272874
     C    8       -0.304938        0.272874        0.190692

     H    9        0.455954       -0.192085        0.155694
     H    9       -0.192085       -0.305333       -0.317393
     H    9        0.155694       -0.317393       -0.150621

     C   10       -0.001541       -0.218929       -0.154797
     C   10       -0.218929       -0.092269        0.416279
     C   10       -0.154797        0.416279        0.093811

     C   11       -0.170996        0.156095       -0.142115
     C   11        0.156095        0.111539       -0.031572
     C   11       -0.142115       -0.031572        0.059457

     Cl  12        1.526133        2.500463       -0.073883
     Cl  12        2.500463        0.118974       -0.082268
     Cl  12       -0.073883       -0.082268       -1.645107

     H   13       -0.104813       -0.066864        0.056340
     H   13       -0.066864        0.094984        0.357947
     H   13        0.056340        0.357947        0.009829

     C   14       -0.178201        0.140191       -0.093627
     C   14        0.140191       -0.007731       -0.293873
     C   14       -0.093627       -0.293873        0.185931

     H   15        0.177127        0.146657        0.170566
     H   15        0.146657       -0.107872        0.090849
     H   15        0.170566        0.090849       -0.069255

     C   16       -0.197666        0.046419       -0.091260
     C   16        0.046419        0.061464       -0.230616
     C   16       -0.091260       -0.230616        0.136202

     C   17       -0.004097       -0.171112       -0.081837
     C   17       -0.171112       -0.139183       -0.317565
     C   17       -0.081837       -0.317565        0.143280

     Cl  18       -0.643149       -1.420217       -0.536037
     Cl  18       -1.420217       -1.036212       -1.440509
     Cl  18       -0.536037       -1.440509        1.679361

     H   19       -0.034279       -0.061088        0.015822
     H   19       -0.061088        0.476062       -0.274593
     H   19        0.015822       -0.274593       -0.441783

     C   20       -0.180772       -0.074102       -0.018071
     C   20       -0.074102       -0.424495        0.216307
     C   20       -0.018071        0.216307        0.605267

     H   21        0.431127       -0.129788        0.427843
     H   21       -0.129788       -0.041034       -0.316593
     H   21        0.427843       -0.316593       -0.390093

     C   22       -0.438399        0.076242       -0.091365
     C   22        0.076242       -0.098335        0.312483
     C   22       -0.091365        0.312483        0.536734

     C   23        0.002098        0.286215       -0.042063
     C   23        0.286215       -0.195278        0.176088
     C   23       -0.042063        0.176088        0.193180

     Cl  24        1.121999        2.126983       -0.554181
     Cl  24        2.126983        0.414698        0.803072
     Cl  24       -0.554181        0.803072       -1.536697


     NQR/NMR SPECTROSCOPIC PARAMETERS:
     Cl   1    Vxx=   -0.0427    axis=( -0.169847 -0.344043  0.923464)
     Cl   1    Vyy=   -2.4166    axis=(  0.571090  0.729324  0.376752)
     Cl   1    Vzz=    2.4593    axis=( -0.803124  0.591372  0.072606)
     Cl   1  Q=        -8.1650 1e-30 m^2  Cq=       -47.1803 MHz  eta= 0.96528

     C    2    Vxx=    0.1495    axis=(  0.450245 -0.714372  0.535680)
     C    2    Vyy=    0.3330    axis=(  0.709665 -0.077797 -0.700231)
     C    2    Vzz=   -0.4825    axis=( -0.541900 -0.695428 -0.471937)
     C    2  Q=         1.0000 1e-30 m^2  Cq=        -1.1336 MHz  eta= 0.38049

     C    3    Vxx=   -0.1583    axis=(  0.568501  0.596994  0.566043)
     C    3    Vyy=   -0.2793    axis=( -0.777895  0.614007  0.133692)
     C    3    Vzz=    0.4375    axis=( -0.267742 -0.516326  0.813463)
     C    3  Q=         1.0000 1e-30 m^2  Cq=         1.0280 MHz  eta= 0.27650

     H    4    Vxx=    0.0027    axis=(  0.424259 -0.869083 -0.254361)
     H    4    Vyy=    0.5698    axis=(  0.858926  0.297255  0.416997)
     H    4    Vzz=   -0.5726    axis=( -0.286795 -0.395391  0.872591)
     H    4  Q=         1.0000 1e-30 m^2  Cq=        -1.3453 MHz  eta= 0.99044

     C    5    Vxx=   -0.0393    axis=( -0.176779  0.847807  0.499973)
     C    5    Vyy=   -0.2961    axis=(  0.974608  0.079853  0.209193)
     C    5    Vzz=    0.3354    axis=( -0.137431 -0.524259  0.840396)
     C    5  Q=         1.0000 1e-30 m^2  Cq=         0.7880 MHz  eta= 0.76557

     H    6    Vxx=   -0.0591    axis=( -0.139033 -0.518187  0.843891)
     H    6    Vyy=   -0.3170    axis=(  0.989971 -0.094269  0.105215)
     H    6    Vzz=    0.3760    axis=(  0.025032  0.850056  0.526096)
     H    6  Q=         1.0000 1e-30 m^2  Cq=         0.8835 MHz  eta= 0.68581

     H    7    Vxx=    0.0050    axis=(  0.859103  0.258595  0.441668)
     H    7    Vyy=    0.6652    axis=(  0.098854 -0.930556  0.352554)
     H    7    Vzz=   -0.6702    axis=(  0.502165 -0.259220 -0.825006)
     H    7  Q=         1.0000 1e-30 m^2  Cq=        -1.5748 MHz  eta= 0.98511

     C    8    Vxx=   -0.1294    axis=( -0.137391 -0.814582  0.563543)
     C    8    Vyy=   -0.4364    axis=( -0.912238 -0.117616 -0.392413)
     C    8    Vzz=    0.5658    axis=(  0.385934 -0.567999 -0.726933)
     C    8  Q=         1.0000 1e-30 m^2  Cq=         1.3294 MHz  eta= 0.54262

     H    9    Vxx=   -0.0216    axis=(  0.445999  0.516068 -0.731272)
     H    9    Vyy=   -0.5579    axis=(  0.059183  0.798241  0.599424)
     H    9    Vzz=    0.5795    axis=( -0.893075  0.310621 -0.325472)
     H    9  Q=         1.0000 1e-30 m^2  Cq=         1.3616 MHz  eta= 0.92549

     C   10    Vxx=   -0.1083    axis=( -0.881845 -0.104754 -0.459756)
     C   10    Vyy=   -0.4409    axis=( -0.199647 -0.800363  0.565297)
     C   10    Vzz=    0.5492    axis=( -0.427189  0.590293  0.684882)
     C   10  Q=         1.0000 1e-30 m^2  Cq=         1.2903 MHz  eta= 0.60575

     C   11    Vxx=    0.0497    axis=( -0.080358  0.606535  0.790985)
     C   11    Vyy=    0.2327    axis=( -0.460504 -0.726377  0.510209)
     C   11    Vzz=   -0.2824    axis=( -0.884013  0.323253 -0.337682)
     C   11  Q=         1.0000 1e-30 m^2  Cq=        -0.6634 MHz  eta= 0.64807

     Cl  12    Vxx=   -1.6441    axis=(  0.112329 -0.113246  0.987197)
     Cl  12    Vyy=   -1.7784    axis=(  0.593571 -0.789107 -0.158062)
     Cl  12    Vzz=    3.4224    axis=( -0.796904 -0.603726  0.021420)
     Cl  12  Q=        -8.1650 1e-30 m^2  Cq=       -65.6579 MHz  eta= 0.03924

     H   13    Vxx=   -0.0733    axis=(  0.938044 -0.211380  0.274576)
     H   13    Vyy=   -0.3399    axis=( -0.345629 -0.627418  0.697773)
     H   13    Vzz=    0.4132    axis=( -0.024779  0.749443  0.661605)
     H   13  Q=         1.0000 1e-30 m^2  Cq=         0.9708 MHz  eta= 0.64542

     C   14    Vxx=   -0.1628    axis=(  0.686709  0.454454  0.567364)
     C   14    Vyy=   -0.2765    axis=( -0.682648  0.671408  0.288450)
     C   14    Vzz=    0.4393    axis=( -0.249846 -0.585391  0.771294)
     C   14  Q=         1.0000 1e-30 m^2  Cq=         1.0322 MHz  eta= 0.25892

     H   15    Vxx=   -0.1497    axis=( -0.561246  0.424442  0.710529)
     H   15    Vyy=   -0.1819    axis=( -0.075140  0.828815 -0.554454)
     H   15    Vzz=    0.3317    axis=( -0.824231 -0.364574 -0.433277)
     H   15  Q=         1.0000 1e-30 m^2  Cq=         0.7793 MHz  eta= 0.09717

     C   16    Vxx=   -0.1285    axis=( -0.253546  0.770991  0.584198)
     C   16    Vyy=   -0.2220    axis=( -0.950603 -0.086788 -0.298031)
     C   16    Vzz=    0.3506    axis=( -0.179078 -0.630905  0.754911)
     C   16  Q=         1.0000 1e-30 m^2  Cq=         0.8237 MHz  eta= 0.26669

     C   17    Vxx=    0.0773    axis=(  0.910598 -0.294812 -0.289651)
     C   17    Vyy=    0.3516    axis=( -0.080388  0.561108 -0.823830)
     C   17    Vzz=   -0.4289    axis=(  0.405400  0.773462  0.487244)
     C   17  Q=         1.0000 1e-30 m^2  Cq=        -1.0078 MHz  eta= 0.63941

     Cl  18    Vxx=    0.4467    axis=(  0.810961 -0.524196 -0.259922)
     Cl  18    Vyy=    2.3032    axis=(  0.029856 -0.406584  0.913126)
     Cl  18    Vzz=   -2.7499    axis=( -0.584337 -0.748270 -0.314073)
     Cl  18  Q=        -8.1650 1e-30 m^2  Cq=        52.7557 MHz  eta= 0.67514

     H   19    Vxx=   -0.0410    axis=(  0.994384  0.101426 -0.030234)
     H   19    Vyy=   -0.5177    axis=(  0.002127  0.266466  0.963842)
     H   19    Vzz=    0.5587    axis=(  0.105815 -0.958493  0.264754)
     H   19  Q=         1.0000 1e-30 m^2  Cq=         1.3126 MHz  eta= 0.85325

     C   20    Vxx=   -0.1662    axis=(  0.974073 -0.210873  0.081937)
     C   20    Vyy=   -0.4839    axis=(  0.222826  0.956883 -0.186343)
     C   20    Vzz=    0.6501    axis=( -0.039109  0.199769  0.979062)
     C   20  Q=         1.0000 1e-30 m^2  Cq=         1.5275 MHz  eta= 0.48856

     H   21    Vxx=   -0.0276    axis=(  0.451505  0.864241 -0.221881)
     H   21    Vyy=   -0.6714    axis=(  0.295553 -0.379491 -0.876719)
     H   21    Vzz=    0.6989    axis=( -0.841898  0.330265 -0.426771)
     H   21  Q=         1.0000 1e-30 m^2  Cq=         1.6422 MHz  eta= 0.92114

     C   22    Vxx=   -0.1835    axis=(  0.376721  0.866291 -0.328056)
     C   22    Vyy=   -0.4840    axis=(  0.924931 -0.332343  0.184528)
     C   22    Vzz=    0.6675    axis=( -0.050828  0.372945  0.926460)
     C   22  Q=         1.0000 1e-30 m^2  Cq=         1.5684 MHz  eta= 0.45017

     C   23    Vxx=    0.1545    axis=(  0.742410  0.307945 -0.594977)
     C   23    Vyy=    0.2895    axis=( -0.398042 -0.511598 -0.761465)
     C   23    Vzz=   -0.4440    axis=( -0.538878  0.802145 -0.257240)
     C   23  Q=         1.0000 1e-30 m^2  Cq=        -1.0433 MHz  eta= 0.30398

     Cl  24    Vxx=   -0.4897    axis=( -0.489156  0.547547  0.678910)
     Cl  24    Vyy=   -2.4370    axis=(  0.429025 -0.526662  0.733870)
     Cl  24    Vzz=    2.9267    axis=( -0.759384 -0.650246 -0.022709)
     Cl  24  Q=        -8.1650 1e-30 m^2  Cq=       -56.1477 MHz  eta= 0.66534

     Initialization:
     gipaw_setup  :      9.17s CPU     10.71s WALL (       1 calls)

     Linear response

     Apply operators

     Induced current

     Other routines
     efg          :      9.37s CPU     11.50s WALL (       1 calls)

     General routines
     calbec       :      3.23s CPU      4.09s WALL (      16 calls)
     fft          :      1.31s CPU      1.58s WALL (      15 calls)
     ffts         :      0.04s CPU      0.06s WALL (       2 calls)
     fftw         :      3.31s CPU      3.91s WALL (     672 calls)
     davcio       :      0.02s CPU      0.31s WALL (      32 calls)

     Parallel routines
     fft_scatter  :      1.96s CPU      2.73s WALL (     689 calls)

     Plugins

     GIPAW        :     60.74s CPU     70.86s WALL (       1 calls)
