
     Program QE v.6.0 (svn rev. 13079) starts on 29Dec2016 at 18:24:44 

     This program is part of the open-source Quantum ESPRESSO suite
     for quantum simulation of materials; please cite
         "P. Giannozzi et al., J. Phys.:Condens. Matter 21 395502 (2009);
          URL http://www.quantum-espresso.org", 
     in publications or presentations arising from this work. More details at
     http://www.quantum-espresso.org/quote

     Parallel version (MPI), running on     8 processors
     R & G space division:  proc/nbgrp/npool/nimage =       8

     ***** This is GIPAW svn revision unknown      *****

     Parallelizing q-star over 1 images

     Reading data from directory:
     /users/majewski/paradichlorobenzene/pbe/9_constraint/scratch/pbe.ecut100.np8.dt60.pcl2phi-129368.save
     Message from routine read_xml_file:
     file /users/majewski/paradichlorobenzene/pbe/9_constraint/scratch/pbe.ecut100.np8.dt60.pcl2phi-129368.save not guaranteed to be safe for post-processing

   Info: using nr1, nr2, nr3 values from input

   Info: using nr1, nr2, nr3 values from input

     IMPORTANT: XC functional enforced from input :
     Exchange-correlation      =  SLA  PW   PBX  PBC ( 1  4  3  4 0 0)
     Any further DFT definition will be discarded
     Please, verify this is what you really want

               file C.pbe-n-kjpaw_psl.1.0.0.UPF: wavefunction(s)  2S 2P renormalized
               file Cl.pbe-n-kjpaw_psl.1.0.0.UPF: wavefunction(s)  3S 3P renormalized
               file H.pbe-kjpaw_psl.1.0.0.UPF: wavefunction(s)  1S renormalized

     Parallelization info
     --------------------
     sticks:   dense  smooth     PW     G-vecs:    dense   smooth      PW
     Min        3057    1223    332               144436    36536    5170
     Max        3059    1225    333               144437    36537    5171
     Sum       24467    9791   2657              1155489   292295   41363


     Subspace diagonalization in iterative solution of the eigenvalue problem:
     a serial algorithm will be used

     GIPAW projectors -----------------------------------------------
     atom=  C    l=0  rc=    1.2000  rs=    0.8000
     atom=  C    l=0  rc=    1.2000  rs=    0.8000
     atom=  C    l=1  rc=    1.4000  rs=    0.9333
     atom=  C    l=1  rc=    1.4000  rs=    0.9333
     projs nearly linearly dependent: l=1  n1,n2= 1, 2  s=  0.99951561

     atom=  Cl   l=0  rc=    1.6000  rs=    1.0667
     atom=  Cl   l=0  rc=    1.6000  rs=    1.0667
     atom=  Cl   l=1  rc=    1.6000  rs=    1.0667
     atom=  Cl   l=1  rc=    1.6000  rs=    1.0667
     atom=  Cl   l=2  rc=    1.6000  rs=    1.0667
     atom=  Cl   l=2  rc=    1.6000  rs=    1.0667
     projs nearly linearly dependent: l=2  n1,n2= 1, 2  s=  0.99993509

     atom=  H    l=0  rc=    1.0000  rs=    0.6667
     atom=  H    l=0  rc=    1.0000  rs=    0.6667
     projs nearly linearly dependent: l=0  n1,n2= 1, 2  s=  0.99968852
     -----------------------------------------------------------------

     GIPAW integrals: -------------------------------------------
     Atom  i/j   nmr_para   nmr_dia   epr_rmc  epr_para   epr_dia
       C   1 1   0.83E+03  0.17E-01  0.93E+01  0.24E+08  0.24E+03
       C   2 1   0.86E+03 -0.61E-01  0.94E+01  0.25E+08  0.25E+03
       C   2 2   0.90E+03 -0.15E+00  0.97E+01  0.26E+08  0.26E+03
       C   3 3   0.33E+01  0.34E+00  0.18E+01  0.55E+03  0.21E+02
       C   4 3   0.35E+01  0.37E+00  0.20E+01  0.59E+03  0.22E+02
       C   4 4   0.38E+01  0.39E+00  0.22E+01  0.63E+03  0.24E+02
       Cl  1 1   0.14E+04 -0.47E+00  0.84E+01  0.32E+09  0.42E+03
       Cl  2 1   0.21E+04 -0.37E+00  0.12E+02  0.49E+09  0.65E+03
       Cl  2 2   0.33E+04 -0.16E+00  0.21E+02  0.76E+09  0.10E+04
       Cl  3 3   0.21E+02  0.79E-01  0.89E+01  0.23E+05  0.13E+03
       Cl  4 3   0.24E+02  0.67E-01  0.99E+01  0.27E+05  0.15E+03
       Cl  4 4   0.28E+02  0.44E-01  0.11E+02  0.32E+05  0.18E+03
       Cl  5 5   0.77E+00  0.19E+00  0.18E+01  0.12E+03  0.22E+02
       Cl  6 5   0.80E+00  0.19E+00  0.19E+01  0.12E+03  0.23E+02
       Cl  6 6   0.83E+00  0.20E+00  0.19E+01  0.12E+03  0.23E+02
       H   1 1   0.39E+02  0.19E+00  0.29E+00  0.78E+05  0.13E+02
       H   2 1   0.41E+02  0.21E+00  0.32E+00  0.82E+05  0.14E+02
       H   2 2   0.43E+02  0.22E+00  0.36E+00  0.86E+05  0.15E+02
     ------------------------------------------------------------

     alpha_pv=     33.9186 eV

     Number of occupied bands for each k-point:
     k-point:     1    nbnd_occ=  42
     k-point:     2    nbnd_occ=  42
     k-point:     3    nbnd_occ=  42
     k-point:     4    nbnd_occ=  42
     k-point:     5    nbnd_occ=  42
     k-point:     6    nbnd_occ=  42
     k-point:     7    nbnd_occ=  42
     k-point:     8    nbnd_occ=  42
     k-point:     9    nbnd_occ=  42
     k-point:    10    nbnd_occ=  42
     k-point:    11    nbnd_occ=  42
     k-point:    12    nbnd_occ=  42
     k-point:    13    nbnd_occ=  42
     k-point:    14    nbnd_occ=  42
     k-point:    15    nbnd_occ=  42
     k-point:    16    nbnd_occ=  42


     q-space interpolation up to   110.00 Rydberg

     GIPAW job: efg                                                                             


     ELECTRIC FIELD GRADIENTS TENSORS IN Hartree/bohrradius^2:

     ----- bare term -----
     Cl   1       -0.201245        0.207965       -0.050864
     Cl   1        0.207965        0.113626       -0.167704
     Cl   1       -0.050864       -0.167704        0.087619

     C    2        0.027295        0.133683       -0.141711
     C    2        0.133683        0.015075       -0.615688
     C    2       -0.141711       -0.615688       -0.042370

     C    3       -0.332836        0.164975       -0.206343
     C    3        0.164975        0.085318       -0.090717
     C    3       -0.206343       -0.090717        0.247518

     H    4       -0.272199       -0.548951       -0.116619
     H    4       -0.548951       -0.112706       -0.003675
     H    4       -0.116619       -0.003675        0.384905

     C    5        0.014622        0.192068       -0.014144
     C    5        0.192068       -0.175364       -0.317802
     C    5       -0.014144       -0.317802        0.160742

     H    6        0.204814       -0.466096        0.010921
     H    6       -0.466096       -0.572177       -0.131411
     H    6        0.010921       -0.131411        0.367363

     H    7        0.391533       -0.035314       -0.157587
     H    7       -0.035314       -0.498189        0.573186
     H    7       -0.157587        0.573186        0.106656

     C    8       -0.723346       -0.329569       -0.270345
     C    8       -0.329569        0.314668        0.112652
     C    8       -0.270345        0.112652        0.408678

     H    9       -0.279102       -0.223743       -0.528212
     H    9       -0.223743        0.106463       -0.063180
     H    9       -0.528212       -0.063180        0.172640

     C   10        0.111762        0.162638       -0.334705
     C   10        0.162638       -0.114002        0.619427
     C   10       -0.334705        0.619427        0.002240

     C   11       -0.692812       -0.474892       -0.271653
     C   11       -0.474892        0.260471        0.135938
     C   11       -0.271653        0.135938        0.432340

     Cl  12        0.040538       -0.059337        0.009010
     Cl  12       -0.059337       -0.006177       -0.028170
     Cl  12        0.009010       -0.028170       -0.034361

     H   13        0.426902       -0.049370       -0.092764
     H   13       -0.049370       -0.595352       -0.639043
     H   13       -0.092764       -0.639043        0.168450

     C   14       -0.878700        0.423116       -0.426420
     C   14        0.423116        0.518274       -0.066733
     C   14       -0.426420       -0.066733        0.360425

     H   15       -0.412055        0.083754       -0.356324
     H   15        0.083754        0.085888       -0.411705
     H   15       -0.356324       -0.411705        0.326167

     C   16        0.135550        0.469085        0.053504
     C   16        0.469085       -0.340982       -0.543503
     C   16        0.053504       -0.543503        0.205432

     C   17       -0.460326        0.377455       -0.440300
     C   17        0.377455        0.233514       -0.093452
     C   17       -0.440300       -0.093452        0.226812

     Cl  18       -0.030872        0.124549       -0.077696
     Cl  18        0.124549        0.116821       -0.086735
     Cl  18       -0.077696       -0.086735       -0.085948

     H   19        0.223612       -0.215430        0.273786
     H   19       -0.215430       -0.166640        0.560379
     H   19        0.273786        0.560379       -0.056972

     C   20       -0.096200        0.298347       -0.448363
     C   20        0.298347       -0.037334        0.445054
     C   20       -0.448363        0.445054        0.133534

     H   21       -0.132521        0.121496       -0.325314
     H   21        0.121496        0.447453        0.312134
     H   21       -0.325314        0.312134       -0.314932

     C   22       -0.240360       -0.402278       -0.338077
     C   22       -0.402278       -0.139332        0.094761
     C   22       -0.338077        0.094761        0.379692

     C   23        0.046602        0.423586       -0.507854
     C   23        0.423586       -0.115663        0.649598
     C   23       -0.507854        0.649598        0.069060

     Cl  24       -0.282154       -0.228842       -0.092218
     Cl  24       -0.228842        0.052207       -0.138053
     Cl  24       -0.092218       -0.138053        0.229948

     ----- ionic term -----
     Cl   1        0.108923       -0.192186       -0.006463
     Cl   1       -0.192186        0.052352        0.010293
     Cl   1       -0.006463        0.010293       -0.161275

     C    2        0.269886       -0.089310        0.242364
     C    2       -0.089310        0.159312        0.385153
     C    2        0.242364        0.385153       -0.429198

     C    3        0.154843       -0.147110        0.183613
     C    3       -0.147110        0.200876        0.396233
     C    3        0.183613        0.396233       -0.355719

     H    4        0.587830        0.353643        0.637634
     H    4        0.353643       -0.391422        0.275238
     H    4        0.637634        0.275238       -0.196408

     C    5        0.309179       -0.116677        0.251992
     C    5       -0.116677        0.060156        0.307171
     C    5        0.251992        0.307171       -0.369335

     H    6       -0.502855        0.196472        0.111995
     H    6        0.196472        0.653139        0.685002
     H    6        0.111995        0.685002       -0.150284

     H    7       -0.531388       -0.021364        0.023751
     H    7       -0.021364        0.663790       -0.719927
     H    7        0.023751       -0.719927       -0.132402

     C    8        0.262723        0.178502        0.355744
     C    8        0.178502        0.032183       -0.287599
     C    8        0.355744       -0.287599       -0.294907

     H    9        0.525462       -0.343722        0.672058
     H    9       -0.343722       -0.382692       -0.264216
     H    9        0.672058       -0.264216       -0.142770

     C   10        0.110901        0.194436        0.243218
     C   10        0.194436        0.165769       -0.343870
     C   10        0.243218       -0.343870       -0.276670

     C   11        0.170425        0.232034        0.320102
     C   11        0.232034        0.067902       -0.380294
     C   11        0.320102       -0.380294       -0.238327

     Cl  12        0.141023        0.238062       -0.012387
     Cl  12        0.238062        0.015089       -0.013499
     Cl  12       -0.012387       -0.013499       -0.156112

     H   13       -0.493462        0.146490        0.064752
     H   13        0.146490        0.852864        0.558598
     H   13        0.064752        0.558598       -0.359402

     C   14        0.362884       -0.184768        0.209817
     C   14       -0.184768        0.150154        0.282950
     C   14        0.209817        0.282950       -0.513038

     H   15        0.790795        0.305128        0.532951
     H   15        0.305128       -0.373643        0.203666
     H   15        0.532951        0.203666       -0.417151

     C   16        0.195629       -0.294849        0.130302
     C   16       -0.294849        0.306366        0.367016
     C   16        0.130302        0.367016       -0.501994

     C   17        0.264331       -0.172336        0.261776
     C   17       -0.172336        0.174098        0.353547
     C   17        0.261776        0.353547       -0.438429

     Cl  18        0.180164       -0.229427        0.025073
     Cl  18       -0.229427       -0.018381       -0.003287
     Cl  18        0.025073       -0.003287       -0.161784

     H   19       -0.516344        0.062757       -0.019581
     H   19        0.062757        0.395054       -0.788556
     H   19       -0.019581       -0.788556        0.121290

     C   20        0.200187        0.282040        0.327797
     C   20        0.282040        0.009586       -0.286180
     C   20        0.327797       -0.286180       -0.209773

     H   21        0.572322       -0.167771        0.761297
     H   21       -0.167771       -0.501340       -0.199234
     H   21        0.761297       -0.199234       -0.070982

     C   22        0.062480        0.298702        0.237867
     C   22        0.298702        0.158312       -0.403248
     C   22        0.237867       -0.403248       -0.220792

     C   23        0.184258        0.141648        0.358723
     C   23        0.141648        0.017513       -0.441787
     C   23        0.358723       -0.441787       -0.201771

     Cl  24        0.133994        0.176798        0.027446
     Cl  24        0.176798        0.000221        0.005147
     Cl  24        0.027446        0.005147       -0.134215

     ----- GIPAW term -----
     Cl   1       -0.272984       -0.718533       -0.605191
     Cl   1       -0.718533        1.277729       -1.751897
     Cl   1       -0.605191       -1.751897       -1.004745

     C    2       -0.021137        0.063128       -0.045614
     C    2        0.063128        0.172420       -0.140485
     C    2       -0.045614       -0.140485       -0.151283

     C    3       -0.039761        0.097018       -0.065016
     C    3        0.097018        0.085597       -0.036809
     C    3       -0.065016       -0.036809       -0.045837

     H    4       -0.000000        0.000000        0.000000
     H    4        0.000000        0.000000        0.000000
     H    4        0.000000        0.000000        0.000000

     C    5       -0.011124        0.117044        0.005292
     C    5        0.117044        0.102796       -0.073159
     C    5        0.005292       -0.073159       -0.091671

     H    6       -0.000000        0.000000        0.000000
     H    6        0.000000        0.000000        0.000000
     H    6        0.000000        0.000000        0.000000

     H    7       -0.000000        0.000000        0.000000
     H    7        0.000000        0.000000        0.000000
     H    7        0.000000        0.000000        0.000000

     C    8       -0.117966        0.145384       -0.028971
     C    8        0.145384        0.217917       -0.046426
     C    8       -0.028971       -0.046426       -0.099951

     H    9       -0.000000        0.000000        0.000000
     H    9        0.000000        0.000000        0.000000
     H    9        0.000000        0.000000        0.000000

     C   10       -0.045229        0.144180       -0.033731
     C   10        0.144180        0.157057        0.080707
     C   10       -0.033731        0.080707       -0.111828

     C   11       -0.135181        0.054766       -0.018534
     C   11        0.054766        0.230889        0.011996
     C   11       -0.018534        0.011996       -0.095708

     Cl  12       -0.143622        1.301014        0.007927
     Cl  12        1.301014        2.447777       -0.879903
     Cl  12        0.007927       -0.879903       -2.304156

     H   13       -0.000000        0.000000        0.000000
     H   13        0.000000        0.000000        0.000000
     H   13        0.000000        0.000000        0.000000

     C   14       -0.222239        0.132917       -0.029661
     C   14        0.132917        0.295814        0.087763
     C   14       -0.029661        0.087763       -0.073576

     H   15       -0.000000        0.000000        0.000000
     H   15        0.000000        0.000000        0.000000
     H   15        0.000000        0.000000        0.000000

     C   16       -0.044172        0.174546        0.080360
     C   16        0.174546        0.132812        0.070124
     C   16        0.080360        0.070124       -0.088640

     C   17       -0.049912        0.117933       -0.048762
     C   17        0.117933        0.168864       -0.002889
     C   17       -0.048762       -0.002889       -0.118952

     Cl  18        0.540503       -0.399726       -0.680339
     Cl  18       -0.399726        1.763050       -1.128322
     Cl  18       -0.680339       -1.128322       -2.303554

     H   19       -0.000000        0.000000        0.000000
     H   19        0.000000        0.000000        0.000000
     H   19        0.000000        0.000000        0.000000

     C   20       -0.030074        0.216074       -0.118123
     C   20        0.216074        0.118799       -0.027328
     C   20       -0.118123       -0.027328       -0.088725

     H   21       -0.000000        0.000000        0.000000
     H   21        0.000000        0.000000        0.000000
     H   21        0.000000        0.000000        0.000000

     C   22        0.075710        0.097839       -0.180080
     C   22        0.097839       -0.056007       -0.102714
     C   22       -0.180080       -0.102714       -0.019703

     C   23        0.061889        0.279438       -0.099886
     C   23        0.279438        0.079443        0.016102
     C   23       -0.099886        0.016102       -0.141331

     Cl  24       -0.390394        1.732446       -0.886269
     Cl  24        1.732446        0.796287       -1.578449
     Cl  24       -0.886269       -1.578449       -0.405893

     ----- total EFG -----
     Cl   1       -0.365307       -0.702754       -0.662518
     Cl   1       -0.702754        1.443708       -1.909308
     Cl   1       -0.662518       -1.909308       -1.078401

     C    2        0.276044        0.107501        0.055039
     C    2        0.107501        0.346807       -0.371020
     C    2        0.055039       -0.371020       -0.622851

     C    3       -0.217754        0.114882       -0.087746
     C    3        0.114882        0.371792        0.268707
     C    3       -0.087746        0.268707       -0.154037

     H    4        0.315631       -0.195309        0.521015
     H    4       -0.195309       -0.504128        0.271563
     H    4        0.521015        0.271563        0.188497

     C    5        0.312676        0.192436        0.243140
     C    5        0.192436       -0.012412       -0.083790
     C    5        0.243140       -0.083790       -0.300264

     H    6       -0.298041       -0.269624        0.122915
     H    6       -0.269624        0.080962        0.553592
     H    6        0.122915        0.553592        0.217079

     H    7       -0.139855       -0.056679       -0.133835
     H    7       -0.056679        0.165601       -0.146741
     H    7       -0.133835       -0.146741       -0.025746

     C    8       -0.578588       -0.005682        0.056429
     C    8       -0.005682        0.564768       -0.221372
     C    8        0.056429       -0.221372        0.013820

     H    9        0.246360       -0.567465        0.143846
     H    9       -0.567465       -0.276229       -0.327396
     H    9        0.143846       -0.327396        0.029870

     C   10        0.177433        0.501254       -0.125219
     C   10        0.501254        0.208825        0.356265
     C   10       -0.125219        0.356265       -0.386258

     C   11       -0.657568       -0.188092        0.029914
     C   11       -0.188092        0.559263       -0.232361
     C   11        0.029914       -0.232361        0.098305

     Cl  12        0.037939        1.479739        0.004550
     Cl  12        1.479739        2.456690       -0.921573
     Cl  12        0.004550       -0.921573       -2.494628

     H   13       -0.066560        0.097120       -0.028012
     H   13        0.097120        0.257512       -0.080445
     H   13       -0.028012       -0.080445       -0.190952

     C   14       -0.738054        0.371265       -0.246263
     C   14        0.371265        0.964242        0.303979
     C   14       -0.246263        0.303979       -0.226188

     H   15        0.378739        0.388882        0.176627
     H   15        0.388882       -0.287755       -0.208039
     H   15        0.176627       -0.208039       -0.090984

     C   16        0.287007        0.348783        0.264166
     C   16        0.348783        0.098196       -0.106363
     C   16        0.264166       -0.106363       -0.385203

     C   17       -0.245907        0.323051       -0.227285
     C   17        0.323051        0.576476        0.257206
     C   17       -0.227285        0.257206       -0.330569

     Cl  18        0.689795       -0.504605       -0.732962
     Cl  18       -0.504605        1.861491       -1.218344
     Cl  18       -0.732962       -1.218344       -2.551286

     H   19       -0.292732       -0.152673        0.254205
     H   19       -0.152673        0.228413       -0.228176
     H   19        0.254205       -0.228176        0.064318

     C   20        0.073913        0.796462       -0.238690
     C   20        0.796462        0.091050        0.131546
     C   20       -0.238690        0.131546       -0.164963

     H   21        0.439801       -0.046274        0.435983
     H   21       -0.046274       -0.053888        0.112900
     H   21        0.435983        0.112900       -0.385913

     C   22       -0.102170       -0.005737       -0.280289
     C   22       -0.005737       -0.037028       -0.411201
     C   22       -0.280289       -0.411201        0.139197

     C   23        0.292749        0.844672       -0.249018
     C   23        0.844672       -0.018707        0.223913
     C   23       -0.249018        0.223913       -0.274042

     Cl  24       -0.538554        1.680402       -0.951042
     Cl  24        1.680402        0.848714       -1.711356
     Cl  24       -0.951042       -1.711356       -0.310160

     ----- total EFG (symmetrized) -----
     Cl   1       -0.365307       -0.702754       -0.662518
     Cl   1       -0.702754        1.443708       -1.909308
     Cl   1       -0.662518       -1.909308       -1.078401

     C    2        0.276044        0.107501        0.055039
     C    2        0.107501        0.346807       -0.371020
     C    2        0.055039       -0.371020       -0.622851

     C    3       -0.217754        0.114882       -0.087746
     C    3        0.114882        0.371792        0.268707
     C    3       -0.087746        0.268707       -0.154037

     H    4        0.315631       -0.195309        0.521015
     H    4       -0.195309       -0.504128        0.271563
     H    4        0.521015        0.271563        0.188497

     C    5        0.312676        0.192436        0.243140
     C    5        0.192436       -0.012412       -0.083790
     C    5        0.243140       -0.083790       -0.300264

     H    6       -0.298041       -0.269624        0.122915
     H    6       -0.269624        0.080962        0.553592
     H    6        0.122915        0.553592        0.217079

     H    7       -0.139855       -0.056679       -0.133835
     H    7       -0.056679        0.165601       -0.146741
     H    7       -0.133835       -0.146741       -0.025746

     C    8       -0.578588       -0.005682        0.056429
     C    8       -0.005682        0.564768       -0.221372
     C    8        0.056429       -0.221372        0.013820

     H    9        0.246360       -0.567465        0.143846
     H    9       -0.567465       -0.276229       -0.327396
     H    9        0.143846       -0.327396        0.029870

     C   10        0.177433        0.501254       -0.125219
     C   10        0.501254        0.208825        0.356265
     C   10       -0.125219        0.356265       -0.386258

     C   11       -0.657568       -0.188092        0.029914
     C   11       -0.188092        0.559263       -0.232361
     C   11        0.029914       -0.232361        0.098305

     Cl  12        0.037939        1.479739        0.004550
     Cl  12        1.479739        2.456690       -0.921573
     Cl  12        0.004550       -0.921573       -2.494628

     H   13       -0.066560        0.097120       -0.028012
     H   13        0.097120        0.257512       -0.080445
     H   13       -0.028012       -0.080445       -0.190952

     C   14       -0.738054        0.371265       -0.246263
     C   14        0.371265        0.964242        0.303979
     C   14       -0.246263        0.303979       -0.226188

     H   15        0.378739        0.388882        0.176627
     H   15        0.388882       -0.287755       -0.208039
     H   15        0.176627       -0.208039       -0.090984

     C   16        0.287007        0.348783        0.264166
     C   16        0.348783        0.098196       -0.106363
     C   16        0.264166       -0.106363       -0.385203

     C   17       -0.245907        0.323051       -0.227285
     C   17        0.323051        0.576476        0.257206
     C   17       -0.227285        0.257206       -0.330569

     Cl  18        0.689795       -0.504605       -0.732962
     Cl  18       -0.504605        1.861491       -1.218344
     Cl  18       -0.732962       -1.218344       -2.551286

     H   19       -0.292732       -0.152673        0.254205
     H   19       -0.152673        0.228413       -0.228176
     H   19        0.254205       -0.228176        0.064318

     C   20        0.073913        0.796462       -0.238690
     C   20        0.796462        0.091050        0.131546
     C   20       -0.238690        0.131546       -0.164963

     H   21        0.439801       -0.046274        0.435983
     H   21       -0.046274       -0.053888        0.112900
     H   21        0.435983        0.112900       -0.385913

     C   22       -0.102170       -0.005737       -0.280289
     C   22       -0.005737       -0.037028       -0.411201
     C   22       -0.280289       -0.411201        0.139197

     C   23        0.292749        0.844672       -0.249018
     C   23        0.844672       -0.018707        0.223913
     C   23       -0.249018        0.223913       -0.274042

     Cl  24       -0.538554        1.680402       -0.951042
     Cl  24        1.680402        0.848714       -1.711356
     Cl  24       -0.951042       -1.711356       -0.310160


     NQR/NMR SPECTROSCOPIC PARAMETERS:
     Cl   1    Vxx=   -0.0034    axis=(  0.910885 -0.089231 -0.402899)
     Cl   1    Vyy=   -2.5020    axis=(  0.396975  0.456113  0.796475)
     Cl   1    Vzz=    2.5054    axis=(  0.112697 -0.885437  0.450889)
     Cl   1  Q=        -8.1650 1e-30 m^2  Cq=       -48.0653 MHz  eta= 0.99727

     C    2    Vxx=    0.2515    axis=(  0.931476 -0.310108  0.190226)
     C    2    Vyy=    0.5043    axis=(  0.353946  0.893374 -0.276775)
     C    2    Vzz=   -0.7558    axis=( -0.084113  0.325139  0.941918)
     C    2  Q=         1.0000 1e-30 m^2  Cq=        -1.7759 MHz  eta= 0.33453

     C    3    Vxx=   -0.1196    axis=(  0.758594  0.167031 -0.629790)
     C    3    Vyy=   -0.3727    axis=( -0.643260  0.345814 -0.683103)
     C    3    Vzz=    0.4923    axis=(  0.103691  0.923317  0.369777)
     C    3  Q=         1.0000 1e-30 m^2  Cq=         1.1567 MHz  eta= 0.51408

     H    4    Vxx=   -0.0366    axis=( -0.558433  0.578603  0.594451)
     H    4    Vyy=   -0.7413    axis=(  0.370260  0.815104 -0.445548)
     H    4    Vzz=    0.7779    axis=(  0.742335  0.028707  0.669414)
     H    4  Q=         1.0000 1e-30 m^2  Cq=         1.8278 MHz  eta= 0.90583

     C    5    Vxx=   -0.0151    axis=( -0.199205  0.881154 -0.428818)
     C    5    Vyy=   -0.4363    axis=(  0.368061 -0.338275 -0.866084)
     C    5    Vzz=    0.4515    axis=( -0.908212 -0.330359 -0.256933)
     C    5  Q=         1.0000 1e-30 m^2  Cq=         1.0607 MHz  eta= 0.93293

     H    6    Vxx=   -0.0704    axis=(  0.763876 -0.422775  0.487601)
     H    6    Vyy=   -0.6444    axis=( -0.638835 -0.602549  0.478356)
     H    6    Vzz=    0.7147    axis=( -0.091567  0.676901  0.730356)
     H    6  Q=         1.0000 1e-30 m^2  Cq=         1.6794 MHz  eta= 0.80313

     H    7    Vxx=    0.0228    axis=(  0.662112 -0.392889 -0.638158)
     H    7    Vyy=    0.2457    axis=( -0.042664 -0.869934  0.491319)
     H    7    Vzz=   -0.2685    axis=(  0.748189  0.298082  0.592756)
     H    7  Q=         1.0000 1e-30 m^2  Cq=        -0.6308 MHz  eta= 0.83037

     C    8    Vxx=   -0.0590    axis=(  0.098183  0.333616  0.937582)
     C    8    Vyy=   -0.5841    axis=(  0.994972 -0.014183 -0.099146)
     C    8    Vzz=    0.6432    axis=( -0.019779  0.942602 -0.333331)
     C    8  Q=         1.0000 1e-30 m^2  Cq=         1.5112 MHz  eta= 0.81641

     H    9    Vxx=   -0.0408    axis=( -0.490901 -0.027693  0.870775)
     H    9    Vyy=   -0.6990    axis=(  0.460674  0.840084  0.286423)
     H    9    Vzz=    0.7398    axis=( -0.739456  0.541749 -0.399640)
     H    9  Q=         1.0000 1e-30 m^2  Cq=         1.7383 MHz  eta= 0.88967

     C   10    Vxx=   -0.0242    axis=( -0.647317  0.419361  0.636488)
     C   10    Vyy=   -0.6989    axis=(  0.404392 -0.518881  0.753146)
     C   10    Vzz=    0.7231    axis=( -0.646102 -0.744915 -0.166294)
     C   10  Q=         1.0000 1e-30 m^2  Cq=         1.6990 MHz  eta= 0.93313

     C   11    Vxx=    0.0043    axis=( -0.062459  0.367372  0.927974)
     C   11    Vyy=    0.6817    axis=( -0.137220  0.917799 -0.372580)
     C   11    Vzz=   -0.6860    axis=( -0.988569 -0.150608 -0.006914)
     C   11  Q=         1.0000 1e-30 m^2  Cq=        -1.6119 MHz  eta= 0.98746

     Cl  12    Vxx=   -0.5876    axis=(  0.904573 -0.382997  0.187246)
     Cl  12    Vyy=   -2.6911    axis=( -0.113666  0.206645  0.971791)
     Cl  12    Vzz=    3.2788    axis=( -0.410887 -0.900339  0.143392)
     Cl  12  Q=        -8.1650 1e-30 m^2  Cq=       -62.9015 MHz  eta= 0.64155

     H   13    Vxx=   -0.0932    axis=(  0.959799 -0.276668 -0.047343)
     H   13    Vyy=   -0.2060    axis=( -0.092213 -0.151495 -0.984147)
     H   13    Vzz=    0.2991    axis=(  0.265110  0.948949 -0.170917)
     H   13  Q=         1.0000 1e-30 m^2  Cq=         0.7028 MHz  eta= 0.37704

     C   14    Vxx=   -0.1415    axis=( -0.432691 -0.101000  0.895867)
     C   14    Vyy=   -0.9484    axis=( -0.885265  0.235573 -0.401012)
     C   14    Vzz=    1.0899    axis=( -0.170540 -0.966594 -0.191342)
     C   14  Q=         1.0000 1e-30 m^2  Cq=         2.5609 MHz  eta= 0.74032

     H   15    Vxx=    0.0361    axis=(  0.079517 -0.469469  0.879361)
     H   15    Vyy=    0.5668    axis=( -0.914209 -0.385997 -0.123407)
     H   15    Vzz=   -0.6028    axis=(  0.397366 -0.794106 -0.459886)
     H   15  Q=         1.0000 1e-30 m^2  Cq=        -1.4164 MHz  eta= 0.88038

     C   16    Vxx=   -0.0195    axis=( -0.411028  0.751790 -0.515624)
     C   16    Vyy=   -0.5583    axis=( -0.408824  0.353536  0.841354)
     C   16    Vzz=    0.5778    axis=(  0.814813  0.556619  0.162036)
     C   16  Q=         1.0000 1e-30 m^2  Cq=         1.3576 MHz  eta= 0.93235

     C   17    Vxx=   -0.0641    axis=(  0.716863 -0.083594 -0.692184)
     C   17    Vyy=   -0.6536    axis=( -0.640087  0.314663 -0.700910)
     C   17    Vzz=    0.7177    axis=( -0.276397 -0.945515 -0.172063)
     C   17  Q=         1.0000 1e-30 m^2  Cq=         1.6863 MHz  eta= 0.82133

     Cl  18    Vxx=    0.8113    axis=(  0.952650  0.152657 -0.262969)
     Cl  18    Vyy=    2.2416    axis=(  0.211038 -0.954570  0.210378)
     Cl  18    Vzz=   -3.0528    axis=(  0.218907  0.255914  0.941588)
     Cl  18  Q=        -8.1650 1e-30 m^2  Cq=        58.5669 MHz  eta= 0.46852

     H   19    Vxx=   -0.0597    axis=(  0.285413  0.683342  0.672000)
     H   19    Vyy=   -0.4265    axis=(  0.897040  0.056393 -0.438337)
     H   19    Vzz=    0.4863    axis=(  0.337430 -0.727917  0.596889)
     H   19  Q=         1.0000 1e-30 m^2  Cq=         1.1426 MHz  eta= 0.75429

     C   20    Vxx=   -0.0649    axis=( -0.214317  0.314491  0.924750)
     C   20    Vyy=   -0.8196    axis=( -0.670880  0.640711 -0.373375)
     C   20    Vzz=    0.8845    axis=( -0.709921 -0.700418  0.073671)
     C   20  Q=         1.0000 1e-30 m^2  Cq=         2.0782 MHz  eta= 0.85323

     H   21    Vxx=   -0.0267    axis=(  0.088958 -0.976000 -0.198771)
     H   21    Vyy=   -0.6007    axis=(  0.385402  0.217747 -0.896689)
     H   21    Vzz=    0.6274    axis=(  0.918451  0.003161  0.395523)
     H   21  Q=         1.0000 1e-30 m^2  Cq=         1.4741 MHz  eta= 0.91496

     C   22    Vxx=   -0.0752    axis=(  0.808246 -0.585172 -0.065662)
     C   22    Vyy=   -0.4713    axis=(  0.488126  0.603453  0.630537)
     C   22    Vzz=    0.5466    axis=( -0.329349 -0.541681  0.773377)
     C   22  Q=         1.0000 1e-30 m^2  Cq=         1.2842 MHz  eta= 0.72466

     C   23    Vxx=   -0.0996    axis=( -0.270765  0.385795  0.881957)
     C   23    Vyy=   -0.8982    axis=( -0.573970  0.670814 -0.469646)
     C   23    Vzz=    0.9978    axis=( -0.772816 -0.633380  0.039802)
     C   23  Q=         1.0000 1e-30 m^2  Cq=         2.3445 MHz  eta= 0.80028

     Cl  24    Vxx=   -1.3641    axis=(  0.605359  0.145500  0.782541)
     Cl  24    Vyy=   -1.7293    axis=( -0.643728  0.667736  0.373822)
     Cl  24    Vzz=    3.0934    axis=( -0.468140 -0.730040  0.497883)
     Cl  24  Q=        -8.1650 1e-30 m^2  Cq=       -59.3455 MHz  eta= 0.11808

     Initialization:
     gipaw_setup  :      9.48s CPU     11.28s WALL (       1 calls)

     Linear response

     Apply operators

     Induced current

     Other routines
     efg          :      9.52s CPU     11.80s WALL (       1 calls)

     General routines
     calbec       :      3.32s CPU      4.52s WALL (      16 calls)
     fft          :      1.69s CPU      2.64s WALL (      15 calls)
     ffts         :      0.05s CPU      0.05s WALL (       2 calls)
     fftw         :      3.37s CPU      3.91s WALL (     672 calls)
     davcio       :      0.04s CPU      0.33s WALL (      32 calls)

     Parallel routines
     fft_scatter  :      2.36s CPU      3.67s WALL (     689 calls)

     Plugins

     GIPAW        :     61.49s CPU     74.06s WALL (       1 calls)
