
     Program QE v.6.0 (svn rev. 13079) starts on  2Jan2017 at 16: 7:30 

     This program is part of the open-source Quantum ESPRESSO suite
     for quantum simulation of materials; please cite
         "P. Giannozzi et al., J. Phys.:Condens. Matter 21 395502 (2009);
          URL http://www.quantum-espresso.org", 
     in publications or presentations arising from this work. More details at
     http://www.quantum-espresso.org/quote

     Parallel version (MPI), running on     8 processors
     R & G space division:  proc/nbgrp/npool/nimage =       8

     ***** This is GIPAW svn revision unknown      *****

     Parallelizing q-star over 1 images

     Reading data from directory:
     /users/majewski/paradichlorobenzene/pbe/9_constraint/scratch/pbe.ecut100.np8.dt60.pcl2phi-129368.save
     Message from routine read_xml_file:
     file /users/majewski/paradichlorobenzene/pbe/9_constraint/scratch/pbe.ecut100.np8.dt60.pcl2phi-129368.save not guaranteed to be safe for post-processing

   Info: using nr1, nr2, nr3 values from input

   Info: using nr1, nr2, nr3 values from input

     IMPORTANT: XC functional enforced from input :
     Exchange-correlation      =  SLA  PW   PBX  PBC ( 1  4  3  4 0 0)
     Any further DFT definition will be discarded
     Please, verify this is what you really want

               file C.pbe-n-kjpaw_psl.1.0.0.UPF: wavefunction(s)  2S 2P renormalized
               file Cl.pbe-n-kjpaw_psl.1.0.0.UPF: wavefunction(s)  3S 3P renormalized
               file H.pbe-kjpaw_psl.1.0.0.UPF: wavefunction(s)  1S renormalized

     Parallelization info
     --------------------
     sticks:   dense  smooth     PW     G-vecs:    dense   smooth      PW
     Min        3057    1223    332               144436    36536    5170
     Max        3059    1225    333               144437    36537    5171
     Sum       24467    9791   2657              1155489   292295   41363


     Subspace diagonalization in iterative solution of the eigenvalue problem:
     a serial algorithm will be used

     GIPAW projectors -----------------------------------------------
     atom=  C    l=0  rc=    1.2000  rs=    0.8000
     atom=  C    l=0  rc=    1.2000  rs=    0.8000
     atom=  C    l=1  rc=    1.4000  rs=    0.9333
     atom=  C    l=1  rc=    1.4000  rs=    0.9333
     projs nearly linearly dependent: l=1  n1,n2= 1, 2  s=  0.99951561

     atom=  Cl   l=0  rc=    1.6000  rs=    1.0667
     atom=  Cl   l=0  rc=    1.6000  rs=    1.0667
     atom=  Cl   l=1  rc=    1.6000  rs=    1.0667
     atom=  Cl   l=1  rc=    1.6000  rs=    1.0667
     atom=  Cl   l=2  rc=    1.6000  rs=    1.0667
     atom=  Cl   l=2  rc=    1.6000  rs=    1.0667
     projs nearly linearly dependent: l=2  n1,n2= 1, 2  s=  0.99993509

     atom=  H    l=0  rc=    1.0000  rs=    0.6667
     atom=  H    l=0  rc=    1.0000  rs=    0.6667
     projs nearly linearly dependent: l=0  n1,n2= 1, 2  s=  0.99968852
     -----------------------------------------------------------------

     GIPAW integrals: -------------------------------------------
     Atom  i/j   nmr_para   nmr_dia   epr_rmc  epr_para   epr_dia
       C   1 1   0.83E+03  0.17E-01  0.93E+01  0.24E+08  0.24E+03
       C   2 1   0.86E+03 -0.61E-01  0.94E+01  0.25E+08  0.25E+03
       C   2 2   0.90E+03 -0.15E+00  0.97E+01  0.26E+08  0.26E+03
       C   3 3   0.33E+01  0.34E+00  0.18E+01  0.55E+03  0.21E+02
       C   4 3   0.35E+01  0.37E+00  0.20E+01  0.59E+03  0.22E+02
       C   4 4   0.38E+01  0.39E+00  0.22E+01  0.63E+03  0.24E+02
       Cl  1 1   0.14E+04 -0.47E+00  0.84E+01  0.32E+09  0.42E+03
       Cl  2 1   0.21E+04 -0.37E+00  0.12E+02  0.49E+09  0.65E+03
       Cl  2 2   0.33E+04 -0.16E+00  0.21E+02  0.76E+09  0.10E+04
       Cl  3 3   0.21E+02  0.79E-01  0.89E+01  0.23E+05  0.13E+03
       Cl  4 3   0.24E+02  0.67E-01  0.99E+01  0.27E+05  0.15E+03
       Cl  4 4   0.28E+02  0.44E-01  0.11E+02  0.32E+05  0.18E+03
       Cl  5 5   0.77E+00  0.19E+00  0.18E+01  0.12E+03  0.22E+02
       Cl  6 5   0.80E+00  0.19E+00  0.19E+01  0.12E+03  0.23E+02
       Cl  6 6   0.83E+00  0.20E+00  0.19E+01  0.12E+03  0.23E+02
       H   1 1   0.39E+02  0.19E+00  0.29E+00  0.78E+05  0.13E+02
       H   2 1   0.41E+02  0.21E+00  0.32E+00  0.82E+05  0.14E+02
       H   2 2   0.43E+02  0.22E+00  0.36E+00  0.86E+05  0.15E+02
     ------------------------------------------------------------

     alpha_pv=     34.4305 eV

     Number of occupied bands for each k-point:
     k-point:     1    nbnd_occ=  42
     k-point:     2    nbnd_occ=  42
     k-point:     3    nbnd_occ=  42
     k-point:     4    nbnd_occ=  42
     k-point:     5    nbnd_occ=  42
     k-point:     6    nbnd_occ=  42
     k-point:     7    nbnd_occ=  42
     k-point:     8    nbnd_occ=  42
     k-point:     9    nbnd_occ=  42
     k-point:    10    nbnd_occ=  42
     k-point:    11    nbnd_occ=  42
     k-point:    12    nbnd_occ=  42
     k-point:    13    nbnd_occ=  42
     k-point:    14    nbnd_occ=  42
     k-point:    15    nbnd_occ=  42
     k-point:    16    nbnd_occ=  42


     q-space interpolation up to   110.00 Rydberg

     GIPAW job: efg                                                                             


     ELECTRIC FIELD GRADIENTS TENSORS IN Hartree/bohrradius^2:

     ----- bare term -----
     Cl   1        0.041976       -0.011653       -0.154319
     Cl   1       -0.011653       -0.053052       -0.073247
     Cl   1       -0.154319       -0.073247        0.011076

     C    2       -0.355284        0.241837       -0.339161
     C    2        0.241837       -0.046227       -0.313497
     C    2       -0.339161       -0.313497        0.401511

     C    3       -0.058476        0.096420       -0.317393
     C    3        0.096420       -0.354203       -0.504930
     C    3       -0.317393       -0.504930        0.412678

     H    4       -0.422176       -0.439636       -0.213223
     H    4       -0.439636        0.165377       -0.021300
     H    4       -0.213223       -0.021300        0.256799

     C    5       -0.717034        0.332093       -0.367173
     C    5        0.332093        0.302259       -0.187669
     C    5       -0.367173       -0.187669        0.414775

     H    6        0.373571       -0.046798       -0.106345
     H    6       -0.046798       -0.463453       -0.558937
     H    6       -0.106345       -0.558937        0.089882

     H    7        0.291075        0.259039       -0.183682
     H    7        0.259039       -0.397228        0.535735
     H    7       -0.183682        0.535735        0.106153

     C    8       -0.029808       -0.515109       -0.045271
     C    8       -0.515109       -0.360502        0.394778
     C    8       -0.045271        0.394778        0.390311

     H    9       -0.637194        0.407099        0.040570
     H    9        0.407099        0.340524        0.021399
     H    9        0.040570        0.021399        0.296669

     C   10       -0.259347       -0.316930       -0.388864
     C   10       -0.316930       -0.009995        0.406121
     C   10       -0.388864        0.406121        0.269342

     C   11       -0.212852        0.031193       -0.342321
     C   11        0.031193       -0.073539        0.635589
     C   11       -0.342321        0.635589        0.286391

     Cl  12       -0.105082       -0.157700       -0.012610
     Cl  12       -0.157700        0.001143        0.016476
     Cl  12       -0.012610        0.016476        0.103939

     H   13        0.470082       -0.143188       -0.003431
     H   13       -0.143188       -0.810971        0.015983
     H   13       -0.003431        0.015983        0.340889

     C   14       -0.150408       -0.186990       -0.308702
     C   14       -0.186990        0.008809       -0.481486
     C   14       -0.308702       -0.481486        0.141599

     H   15       -0.103381       -0.406867       -0.046783
     H   15       -0.406867       -0.274155        0.127794
     H   15       -0.046783        0.127794        0.377536

     C   16       -0.409669        0.228955        0.007450
     C   16        0.228955        0.052660       -0.146827
     C   16        0.007450       -0.146827        0.357009

     C   17       -0.063315        0.008530       -0.267660
     C   17        0.008530        0.056004       -0.715249
     C   17       -0.267660       -0.715249        0.007311

     Cl  18       -0.204390        0.196008       -0.035842
     Cl  18        0.196008        0.135464       -0.147396
     Cl  18       -0.035842       -0.147396        0.068926

     H   19        0.471340       -0.043517       -0.247793
     H   19       -0.043517       -0.115532        0.296985
     H   19       -0.247793        0.296985       -0.355807

     C   20       -0.608860       -0.336608       -0.268797
     C   20       -0.336608        0.206439        0.337465
     C   20       -0.268797        0.337465        0.402422

     H   21       -0.427264       -0.094807       -0.372943
     H   21       -0.094807        0.112010        0.306285
     H   21       -0.372943        0.306285        0.315254

     C   22        0.028124       -0.322800       -0.077016
     C   22       -0.322800       -0.260144        0.496784
     C   22       -0.077016        0.496784        0.232020

     C   23       -0.643261       -0.126838       -0.269211
     C   23       -0.126838        0.104326        0.140502
     C   23       -0.269211        0.140502        0.538935

     Cl  24       -0.114103       -0.030276        0.031825
     Cl  24       -0.030276       -0.081163       -0.047469
     Cl  24        0.031825       -0.047469        0.195266

     ----- ionic term -----
     Cl   1        0.193345       -0.220422       -0.018453
     Cl   1       -0.220422       -0.041916        0.010833
     Cl   1       -0.018453        0.010833       -0.151429

     C    2        0.281291       -0.077950        0.127048
     C    2       -0.077950        0.148985        0.416494
     C    2        0.127048        0.416494       -0.430276

     C    3        0.194717       -0.187131        0.090793
     C    3       -0.187131        0.210843        0.425137
     C    3        0.090793        0.425137       -0.405560

     H    4        0.563732        0.524124        0.525440
     H    4        0.524124       -0.235995        0.326023
     H    4        0.525440        0.326023       -0.327737

     C    5        0.383114       -0.152342        0.179335
     C    5       -0.152342        0.030086        0.316136
     C    5        0.179335        0.316136       -0.413200

     H    6       -0.506512        0.084122        0.061657
     H    6        0.084122        0.659893        0.703126
     H    6        0.061657        0.703126       -0.153381

     H    7       -0.516065       -0.067376        0.047692
     H    7       -0.067376        0.643116       -0.743215
     H    7        0.047692       -0.743215       -0.127051

     C    8        0.378465        0.185869        0.167757
     C    8        0.185869        0.013654       -0.332344
     C    8        0.167757       -0.332344       -0.392120

     H    9        0.861862       -0.341045        0.447201
     H    9       -0.341045       -0.467316       -0.190258
     H    9        0.447201       -0.190258       -0.394545

     C   10        0.274542        0.206808        0.101519
     C   10        0.206808        0.087505       -0.374867
     C   10        0.101519       -0.374867       -0.362047

     C   11        0.333943        0.141824        0.206630
     C   11        0.141824       -0.019695       -0.391641
     C   11        0.206630       -0.391641       -0.314248

     Cl  12        0.152295        0.205257       -0.049753
     Cl  12        0.205257       -0.011242       -0.035543
     Cl  12       -0.049753       -0.035543       -0.141053

     H   13       -0.487218        0.184976        0.079834
     H   13        0.184976        0.711319        0.649637
     H   13        0.079834        0.649637       -0.224100

     C   14        0.359208       -0.004883        0.161910
     C   14       -0.004883        0.082494        0.307861
     C   14        0.161910        0.307861       -0.441701

     H   15        0.606829        0.568371        0.438832
     H   15        0.568371       -0.162308        0.273097
     H   15        0.438832        0.273097       -0.444521

     C   16        0.198632       -0.099753        0.098331
     C   16       -0.099753        0.247209        0.346291
     C   16        0.098331        0.346291       -0.445841

     C   17        0.249971       -0.128190        0.207532
     C   17       -0.128190        0.186093        0.328192
     C   17        0.207532        0.328192       -0.436064

     Cl  18        0.142310       -0.197332        0.012202
     Cl  18       -0.197332        0.015945        0.001918
     Cl  18        0.012202        0.001918       -0.158255

     H   19       -0.518069       -0.135128        0.122235
     H   19       -0.135128        0.385590       -0.811633
     H   19        0.122235       -0.811633        0.132479

     C   20        0.289682        0.194585        0.214528
     C   20        0.194585       -0.005981       -0.357500
     C   20        0.214528       -0.357500       -0.283701

     H   21        0.720364       -0.261310        0.607203
     H   21       -0.261310       -0.462221       -0.214061
     H   21        0.607203       -0.214061       -0.258143

     C   22        0.122584        0.263341        0.118122
     C   22        0.263341        0.132370       -0.482902
     C   22        0.118122       -0.482902       -0.254954

     C   23        0.265351        0.142288        0.182647
     C   23        0.142288        0.012757       -0.463637
     C   23        0.182647       -0.463637       -0.278108

     Cl  24        0.145749        0.212475       -0.021538
     Cl  24        0.212475       -0.005040       -0.021436
     Cl  24       -0.021538       -0.021436       -0.140710

     ----- GIPAW term -----
     Cl   1        1.736577       -1.795718       -1.649771
     Cl   1       -1.795718       -0.726246       -0.589559
     Cl   1       -1.649771       -0.589559       -1.010331

     C    2        0.029729       -0.147080       -0.108497
     C    2       -0.147080        0.011897        0.012578
     C    2       -0.108497        0.012578       -0.041626

     C    3       -0.032281       -0.048345       -0.133218
     C    3       -0.048345       -0.069338       -0.012043
     C    3       -0.133218       -0.012043        0.101620

     H    4       -0.000000        0.000000        0.000000
     H    4        0.000000        0.000000        0.000000
     H    4        0.000000        0.000000        0.000000

     C    5       -0.188366        0.011476       -0.052867
     C    5        0.011476        0.205406        0.025957
     C    5       -0.052867        0.025957       -0.017040

     H    6       -0.000000        0.000000        0.000000
     H    6        0.000000        0.000000        0.000000
     H    6        0.000000        0.000000        0.000000

     H    7       -0.000000        0.000000        0.000000
     H    7        0.000000        0.000000        0.000000
     H    7        0.000000        0.000000        0.000000

     C    8        0.112959       -0.200611        0.086929
     C    8       -0.200611       -0.111899        0.036682
     C    8        0.086929        0.036682       -0.001060

     H    9       -0.000000        0.000000        0.000000
     H    9        0.000000        0.000000        0.000000
     H    9        0.000000        0.000000        0.000000

     C   10       -0.000549       -0.166489       -0.141244
     C   10       -0.166489        0.050086        0.094681
     C   10       -0.141244        0.094681       -0.049537

     C   11       -0.013107        0.122516       -0.073844
     C   11        0.122516        0.010094        0.182189
     C   11       -0.073844        0.182189        0.003012

     Cl  12       -0.749054        0.427412       -0.850774
     Cl  12        0.427412       -0.057196        2.083136
     Cl  12       -0.850774        2.083136        0.806251

     H   13       -0.000000        0.000000        0.000000
     H   13        0.000000        0.000000        0.000000
     H   13        0.000000        0.000000        0.000000

     C   14       -0.079282       -0.096426       -0.001640
     C   14       -0.096426        0.146032       -0.188830
     C   14       -0.001640       -0.188830       -0.066749

     H   15       -0.000000        0.000000        0.000000
     H   15        0.000000        0.000000        0.000000
     H   15        0.000000        0.000000        0.000000

     C   16       -0.110609        0.006045        0.006679
     C   16        0.006045        0.109496       -0.085965
     C   16        0.006679       -0.085965        0.001114

     C   17       -0.051347       -0.027206       -0.058163
     C   17       -0.027206        0.213277       -0.192797
     C   17       -0.058163       -0.192797       -0.161929

     Cl  18       -0.102807       -1.023643       -0.401816
     Cl  18       -1.023643        1.376273       -1.360710
     Cl  18       -0.401816       -1.360710       -1.273466

     H   19       -0.000000        0.000000        0.000000
     H   19        0.000000        0.000000        0.000000
     H   19        0.000000        0.000000        0.000000

     C   20       -0.159267       -0.007469       -0.013197
     C   20       -0.007469        0.156632        0.108267
     C   20       -0.013197        0.108267        0.002635

     H   21       -0.000000        0.000000        0.000000
     H   21        0.000000        0.000000        0.000000
     H   21        0.000000        0.000000        0.000000

     C   22       -0.098839       -0.095332        0.031976
     C   22       -0.095332        0.156945       -0.088757
     C   22        0.031976       -0.088757       -0.058106

     C   23       -0.141509        0.028689        0.061975
     C   23        0.028689       -0.027417       -0.145940
     C   23        0.061975       -0.145940        0.168927

     Cl  24       -0.569284        1.548374        0.261798
     Cl  24        1.548374       -1.332056       -0.862628
     Cl  24        0.261798       -0.862628        1.901340

     ----- total EFG -----
     Cl   1        1.971898       -2.027794       -1.822543
     Cl   1       -2.027794       -0.821214       -0.651973
     Cl   1       -1.822543       -0.651973       -1.150684

     C    2       -0.044264        0.016807       -0.320610
     C    2        0.016807        0.114655        0.115575
     C    2       -0.320610        0.115575       -0.070391

     C    3        0.103960       -0.139055       -0.359818
     C    3       -0.139055       -0.212698       -0.091837
     C    3       -0.359818       -0.091837        0.108738

     H    4        0.141557        0.084488        0.312217
     H    4        0.084488       -0.070618        0.304722
     H    4        0.312217        0.304722       -0.070938

     C    5       -0.522287        0.191227       -0.240705
     C    5        0.191227        0.537752        0.154424
     C    5       -0.240705        0.154424       -0.015465

     H    6       -0.132941        0.037324       -0.044689
     H    6        0.037324        0.196440        0.144188
     H    6       -0.044689        0.144188       -0.063500

     H    7       -0.224990        0.191663       -0.135990
     H    7        0.191663        0.245889       -0.207480
     H    7       -0.135990       -0.207480       -0.020898

     C    8        0.461616       -0.529852        0.209415
     C    8       -0.529852       -0.458747        0.099116
     C    8        0.209415        0.099116       -0.002869

     H    9        0.224668        0.066054        0.487771
     H    9        0.066054       -0.126792       -0.168859
     H    9        0.487771       -0.168859       -0.097876

     C   10        0.014646       -0.276612       -0.428589
     C   10       -0.276612        0.127596        0.125935
     C   10       -0.428589        0.125935       -0.142242

     C   11        0.107984        0.295533       -0.209534
     C   11        0.295533       -0.083139        0.426137
     C   11       -0.209534        0.426137       -0.024844

     Cl  12       -0.701841        0.474969       -0.913137
     Cl  12        0.474969       -0.067296        2.064068
     Cl  12       -0.913137        2.064068        0.769137

     H   13       -0.017136        0.041788        0.076403
     H   13        0.041788       -0.099652        0.665620
     H   13        0.076403        0.665620        0.116789

     C   14        0.129517       -0.288299       -0.148432
     C   14       -0.288299        0.237334       -0.362456
     C   14       -0.148432       -0.362456       -0.366852

     H   15        0.503448        0.161504        0.392049
     H   15        0.161504       -0.436463        0.400891
     H   15        0.392049        0.400891       -0.066985

     C   16       -0.321646        0.135248        0.112460
     C   16        0.135248        0.409364        0.113498
     C   16        0.112460        0.113498       -0.087718

     C   17        0.135309       -0.146865       -0.118291
     C   17       -0.146865        0.455374       -0.579854
     C   17       -0.118291       -0.579854       -0.590682

     Cl  18       -0.164887       -1.024968       -0.425455
     Cl  18       -1.024968        1.527682       -1.506188
     Cl  18       -0.425455       -1.506188       -1.362795

     H   19       -0.046729       -0.178646       -0.125558
     H   19       -0.178646        0.270058       -0.514648
     H   19       -0.125558       -0.514648       -0.223329

     C   20       -0.478446       -0.149492       -0.067466
     C   20       -0.149492        0.357090        0.088232
     C   20       -0.067466        0.088232        0.121356

     H   21        0.293100       -0.356118        0.234260
     H   21       -0.356118       -0.350211        0.092224
     H   21        0.234260        0.092224        0.057111

     C   22        0.051869       -0.154791        0.073082
     C   22       -0.154791        0.029170       -0.074874
     C   22        0.073082       -0.074874       -0.081040

     C   23       -0.519419        0.044138       -0.024589
     C   23        0.044138        0.089665       -0.469075
     C   23       -0.024589       -0.469075        0.429754

     Cl  24       -0.537638        1.730573        0.272086
     Cl  24        1.730573       -1.418259       -0.931533
     Cl  24        0.272086       -0.931533        1.955896

     ----- total EFG (symmetrized) -----
     Cl   1        1.971898       -2.027794       -1.822543
     Cl   1       -2.027794       -0.821214       -0.651973
     Cl   1       -1.822543       -0.651973       -1.150684

     C    2       -0.044264        0.016807       -0.320610
     C    2        0.016807        0.114655        0.115575
     C    2       -0.320610        0.115575       -0.070391

     C    3        0.103960       -0.139055       -0.359818
     C    3       -0.139055       -0.212698       -0.091837
     C    3       -0.359818       -0.091837        0.108738

     H    4        0.141557        0.084488        0.312217
     H    4        0.084488       -0.070618        0.304722
     H    4        0.312217        0.304722       -0.070938

     C    5       -0.522287        0.191227       -0.240705
     C    5        0.191227        0.537752        0.154424
     C    5       -0.240705        0.154424       -0.015465

     H    6       -0.132941        0.037324       -0.044689
     H    6        0.037324        0.196440        0.144188
     H    6       -0.044689        0.144188       -0.063500

     H    7       -0.224990        0.191663       -0.135990
     H    7        0.191663        0.245889       -0.207480
     H    7       -0.135990       -0.207480       -0.020898

     C    8        0.461616       -0.529852        0.209415
     C    8       -0.529852       -0.458747        0.099116
     C    8        0.209415        0.099116       -0.002869

     H    9        0.224668        0.066054        0.487771
     H    9        0.066054       -0.126792       -0.168859
     H    9        0.487771       -0.168859       -0.097876

     C   10        0.014646       -0.276612       -0.428589
     C   10       -0.276612        0.127596        0.125935
     C   10       -0.428589        0.125935       -0.142242

     C   11        0.107984        0.295533       -0.209534
     C   11        0.295533       -0.083139        0.426137
     C   11       -0.209534        0.426137       -0.024844

     Cl  12       -0.701841        0.474969       -0.913137
     Cl  12        0.474969       -0.067296        2.064068
     Cl  12       -0.913137        2.064068        0.769137

     H   13       -0.017136        0.041788        0.076403
     H   13        0.041788       -0.099652        0.665620
     H   13        0.076403        0.665620        0.116789

     C   14        0.129517       -0.288299       -0.148432
     C   14       -0.288299        0.237334       -0.362456
     C   14       -0.148432       -0.362456       -0.366852

     H   15        0.503448        0.161504        0.392049
     H   15        0.161504       -0.436463        0.400891
     H   15        0.392049        0.400891       -0.066985

     C   16       -0.321646        0.135248        0.112460
     C   16        0.135248        0.409364        0.113498
     C   16        0.112460        0.113498       -0.087718

     C   17        0.135309       -0.146865       -0.118291
     C   17       -0.146865        0.455374       -0.579854
     C   17       -0.118291       -0.579854       -0.590682

     Cl  18       -0.164887       -1.024968       -0.425455
     Cl  18       -1.024968        1.527682       -1.506188
     Cl  18       -0.425455       -1.506188       -1.362795

     H   19       -0.046729       -0.178646       -0.125558
     H   19       -0.178646        0.270058       -0.514648
     H   19       -0.125558       -0.514648       -0.223329

     C   20       -0.478446       -0.149492       -0.067466
     C   20       -0.149492        0.357090        0.088232
     C   20       -0.067466        0.088232        0.121356

     H   21        0.293100       -0.356118        0.234260
     H   21       -0.356118       -0.350211        0.092224
     H   21        0.234260        0.092224        0.057111

     C   22        0.051869       -0.154791        0.073082
     C   22       -0.154791        0.029170       -0.074874
     C   22        0.073082       -0.074874       -0.081040

     C   23       -0.519419        0.044138       -0.024589
     C   23        0.044138        0.089665       -0.469075
     C   23       -0.024589       -0.469075        0.429754

     Cl  24       -0.537638        1.730573        0.272086
     Cl  24        1.730573       -1.418259       -0.931533
     Cl  24        0.272086       -0.931533        1.955896


     NQR/NMR SPECTROSCOPIC PARAMETERS:
     Cl   1    Vxx=   -0.3431    axis=(  0.061022  0.704854 -0.706723)
     Cl   1    Vyy=   -3.1017    axis=(  0.472048  0.603477  0.642640)
     Cl   1    Vzz=    3.4447    axis=(  0.879458 -0.372823 -0.295899)
     Cl   1  Q=        -8.1650 1e-30 m^2  Cq=       -66.0855 MHz  eta= 0.80082

     C    2    Vxx=    0.1044    axis=( -0.401988 -0.905044  0.138928)
     C    2    Vyy=    0.2917    axis=(  0.627649 -0.382834 -0.677861)
     C    2    Vzz=   -0.3961    axis=(  0.666680 -0.185294  0.721944)
     C    2  Q=         1.0000 1e-30 m^2  Cq=        -0.9307 MHz  eta= 0.47300

     C    3    Vxx=   -0.0696    axis=( -0.438417  0.746817 -0.500055)
     C    3    Vyy=   -0.3983    axis=(  0.548517  0.663074  0.509374)
     C    3    Vzz=    0.4679    axis=(  0.711983 -0.050970 -0.700344)
     C    3  Q=         1.0000 1e-30 m^2  Cq=         1.0993 MHz  eta= 0.70258

     H    4    Vxx=   -0.0526    axis=(  0.673130 -0.703423 -0.228236)
     H    4    Vyy=   -0.4324    axis=(  0.329931  0.561859 -0.758591)
     H    4    Vzz=    0.4850    axis=(  0.661847  0.435328  0.610285)
     H    4  Q=         1.0000 1e-30 m^2  Cq=         1.1396 MHz  eta= 0.78312

     C    5    Vxx=    0.0710    axis=( -0.408745 -0.131348  0.903147)
     C    5    Vyy=    0.5935    axis=(  0.124035  0.972413  0.197557)
     C    5    Vzz=   -0.6645    axis=( -0.904181  0.192772 -0.381177)
     C    5  Q=         1.0000 1e-30 m^2  Cq=        -1.5614 MHz  eta= 0.78627

     H    6    Vxx=   -0.0746    axis=(  0.687407  0.265062 -0.676176)
     H    6    Vyy=   -0.1867    axis=( -0.725101  0.303333 -0.618238)
     H    6    Vzz=    0.2612    axis=( -0.041236 -0.915277 -0.400710)
     H    6  Q=         1.0000 1e-30 m^2  Cq=         0.6138 MHz  eta= 0.42897

     H    7    Vxx=   -0.1305    axis=( -0.132321  0.529351  0.838021)
     H    7    Vyy=   -0.3106    axis=(  0.934229 -0.215912  0.283897)
     H    7    Vzz=    0.4411    axis=(  0.331220  0.820469 -0.465965)
     H    7  Q=         1.0000 1e-30 m^2  Cq=         1.0364 MHz  eta= 0.40836

     C    8    Vxx=    0.0092    axis=( -0.087692  0.300488  0.949746)
     C    8    Vyy=    0.7344    axis=(  0.900834 -0.383055  0.204370)
     C    8    Vzz=   -0.7436    axis=(  0.425215  0.873485 -0.237099)
     C    8  Q=         1.0000 1e-30 m^2  Cq=        -1.7471 MHz  eta= 0.97538

     H    9    Vxx=   -0.0526    axis=(  0.289276  0.912880 -0.288046)
     H    9    Vyy=   -0.5276    axis=( -0.522612  0.402719  0.751461)
     H    9    Vzz=    0.5802    axis=(  0.801995 -0.066843  0.593579)
     H    9  Q=         1.0000 1e-30 m^2  Cq=         1.3632 MHz  eta= 0.81874

     C   10    Vxx=   -0.0577    axis=(  0.332902  0.816903 -0.471005)
     C   10    Vyy=   -0.5114    axis=( -0.669976 -0.146585 -0.727767)
     C   10    Vzz=    0.5692    axis=( -0.663557  0.557837  0.498507)
     C   10  Q=         1.0000 1e-30 m^2  Cq=         1.3373 MHz  eta= 0.79711

     C   11    Vxx=    0.2607    axis=(  0.838901  0.049248 -0.542052)
     C   11    Vyy=    0.3906    axis=( -0.335750 -0.737018 -0.586581)
     C   11    Vzz=   -0.6514    axis=(  0.428390 -0.674077  0.601750)
     C   11  Q=         1.0000 1e-30 m^2  Cq=        -1.5305 MHz  eta= 0.19946

     Cl  12    Vxx=   -0.1920    axis=(  0.848321  0.479681 -0.224181)
     Cl  12    Vyy=   -2.3199    axis=( -0.512259  0.636422 -0.576678)
     Cl  12    Vzz=    2.5119    axis=( -0.133947  0.604047  0.785611)
     Cl  12  Q=        -8.1650 1e-30 m^2  Cq=       -48.1889 MHz  eta= 0.84716

     H   13    Vxx=   -0.0269    axis=(  0.992487 -0.098156 -0.073039)
     H   13    Vyy=   -0.6663    axis=(  0.027437  0.760323 -0.648965)
     H   13    Vzz=    0.6932    axis=(  0.119233  0.642086  0.757304)
     H   13  Q=         1.0000 1e-30 m^2  Cq=         1.6287 MHz  eta= 0.92241

     C   14    Vxx=    0.1033    axis=(  0.793987  0.333845 -0.508067)
     C   14    Vyy=    0.5249    axis=(  0.507154 -0.824574  0.250744)
     C   14    Vzz=   -0.6281    axis=(  0.335229  0.456755  0.824012)
     C   14  Q=         1.0000 1e-30 m^2  Cq=        -1.4759 MHz  eta= 0.67117

     H   15    Vxx=   -0.0961    axis=(  0.563708 -0.503655 -0.654649)
     H   15    Vyy=   -0.6988    axis=(  0.074654  0.820402 -0.566893)
     H   15    Vzz=    0.7949    axis=( -0.822594 -0.270689 -0.500067)
     H   15  Q=         1.0000 1e-30 m^2  Cq=         1.8678 MHz  eta= 0.75810

     C   16    Vxx=   -0.0888    axis=(  0.277947 -0.284476  0.917507)
     C   16    Vyy=   -0.3766    axis=(  0.940146 -0.115479 -0.320610)
     C   16    Vzz=    0.4655    axis=(  0.197159  0.951703  0.235351)
     C   16  Q=         1.0000 1e-30 m^2  Cq=         1.0936 MHz  eta= 0.61826

     C   17    Vxx=    0.1503    axis=(  0.975149  0.069777 -0.210275)
     C   17    Vyy=    0.7262    axis=( -0.148624  0.909894 -0.387303)
     C   17    Vzz=   -0.8765    axis=(  0.164303  0.408930  0.897653)
     C   17  Q=         1.0000 1e-30 m^2  Cq=        -2.0594 MHz  eta= 0.65702

     Cl  18    Vxx=   -0.0998    axis=(  0.880348  0.133088 -0.455275)
     Cl  18    Vyy=   -2.3169    axis=(  0.365181  0.422371  0.829606)
     Cl  18    Vzz=    2.4167    axis=(  0.302705 -0.896600  0.323232)
     Cl  18  Q=        -8.1650 1e-30 m^2  Cq=       -46.3635 MHz  eta= 0.91740

     H   19    Vxx=    0.0134    axis=(  0.932462 -0.063939 -0.355565)
     H   19    Vyy=    0.6056    axis=(  0.135274 -0.850817  0.507751)
     H   19    Vzz=   -0.6190    axis=( -0.334986 -0.521558 -0.784705)
     H   19  Q=         1.0000 1e-30 m^2  Cq=        -1.4544 MHz  eta= 0.95671

     C   20    Vxx=    0.0924    axis=( -0.025398 -0.329032  0.943977)
     C   20    Vyy=    0.4162    axis=(  0.179556 -0.930427 -0.319478)
     C   20    Vzz=   -0.5087    axis=(  0.983420  0.161382  0.082710)
     C   20  Q=         1.0000 1e-30 m^2  Cq=        -1.1951 MHz  eta= 0.63662

     H   21    Vxx=    0.0400    axis=(  0.228419 -0.416491 -0.879977)
     H   21    Vyy=    0.5231    axis=( -0.871370  0.315669 -0.375590)
     H   21    Vzz=   -0.5630    axis=( -0.434211 -0.852578  0.290813)
     H   21  Q=         1.0000 1e-30 m^2  Cq=        -1.3229 MHz  eta= 0.85808

     C   22    Vxx=   -0.1105    axis=(  0.669176  0.409034 -0.620398)
     C   22    Vyy=   -0.1203    axis=(  0.272553  0.641592  0.716990)
     C   22    Vzz=    0.2308    axis=( -0.691316  0.648884 -0.317855)
     C   22  Q=         1.0000 1e-30 m^2  Cq=         0.5422 MHz  eta= 0.04229

     C   23    Vxx=   -0.2375    axis=(  0.077322  0.814299  0.575272)
     C   23    Vyy=   -0.5227    axis=( -0.996373  0.083672  0.015484)
     C   23    Vzz=    0.7603    axis=( -0.035525 -0.574383  0.817815)
     C   23  Q=         1.0000 1e-30 m^2  Cq=         1.7863 MHz  eta= 0.37515

     Cl  24    Vxx=    0.7210    axis=(  0.803190  0.547098  0.235732)
     Cl  24    Vyy=    2.2104    axis=( -0.085468 -0.285786  0.954474)
     Cl  24    Vzz=   -2.9315    axis=(  0.589560 -0.786772 -0.182781)
     Cl  24  Q=        -8.1650 1e-30 m^2  Cq=        56.2385 MHz  eta= 0.50809

     Initialization:
     gipaw_setup  :      9.20s CPU     11.13s WALL (       1 calls)

     Linear response

     Apply operators

     Induced current

     Other routines
     efg          :      9.99s CPU     12.83s WALL (       1 calls)

     General routines
     calbec       :      3.41s CPU      4.57s WALL (      16 calls)
     fft          :      2.12s CPU      4.21s WALL (      15 calls)
     ffts         :      0.03s CPU      0.04s WALL (       2 calls)
     fftw         :      3.53s CPU      4.43s WALL (     672 calls)
     davcio       :      0.05s CPU      0.38s WALL (      32 calls)

     Parallel routines
     fft_scatter  :      2.90s CPU      5.68s WALL (     689 calls)

     Plugins

     GIPAW        :     64.03s CPU     77.58s WALL (       1 calls)
