
     Program QE v.6.0 (svn rev. 13079) starts on 19Jan2017 at  4:33:17 

     This program is part of the open-source Quantum ESPRESSO suite
     for quantum simulation of materials; please cite
         "P. Giannozzi et al., J. Phys.:Condens. Matter 21 395502 (2009);
          URL http://www.quantum-espresso.org", 
     in publications or presentations arising from this work. More details at
     http://www.quantum-espresso.org/quote

     Parallel version (MPI), running on     8 processors
     R & G space division:  proc/nbgrp/npool/nimage =       8

     ***** This is GIPAW svn revision unknown      *****

     Parallelizing q-star over 1 images

     Reading data from directory:
     /users/majewski/paradichlorobenzene/pbe/9_constraint/scratch/pbe.ecut100.np8.dt60.pcl2phi-129368.save
     Message from routine read_xml_file:
     file /users/majewski/paradichlorobenzene/pbe/9_constraint/scratch/pbe.ecut100.np8.dt60.pcl2phi-129368.save not guaranteed to be safe for post-processing

   Info: using nr1, nr2, nr3 values from input

   Info: using nr1, nr2, nr3 values from input

     IMPORTANT: XC functional enforced from input :
     Exchange-correlation      =  SLA  PW   PBX  PBC ( 1  4  3  4 0 0)
     Any further DFT definition will be discarded
     Please, verify this is what you really want

               file C.pbe-n-kjpaw_psl.1.0.0.UPF: wavefunction(s)  2S 2P renormalized
               file Cl.pbe-n-kjpaw_psl.1.0.0.UPF: wavefunction(s)  3S 3P renormalized
               file H.pbe-kjpaw_psl.1.0.0.UPF: wavefunction(s)  1S renormalized

     Parallelization info
     --------------------
     sticks:   dense  smooth     PW     G-vecs:    dense   smooth      PW
     Min        3057    1223    332               144436    36536    5170
     Max        3059    1225    333               144437    36537    5171
     Sum       24467    9791   2657              1155489   292295   41363


     Subspace diagonalization in iterative solution of the eigenvalue problem:
     a serial algorithm will be used

     GIPAW projectors -----------------------------------------------
     atom=  C    l=0  rc=    1.2000  rs=    0.8000
     atom=  C    l=0  rc=    1.2000  rs=    0.8000
     atom=  C    l=1  rc=    1.4000  rs=    0.9333
     atom=  C    l=1  rc=    1.4000  rs=    0.9333
     projs nearly linearly dependent: l=1  n1,n2= 1, 2  s=  0.99951561

     atom=  Cl   l=0  rc=    1.6000  rs=    1.0667
     atom=  Cl   l=0  rc=    1.6000  rs=    1.0667
     atom=  Cl   l=1  rc=    1.6000  rs=    1.0667
     atom=  Cl   l=1  rc=    1.6000  rs=    1.0667
     atom=  Cl   l=2  rc=    1.6000  rs=    1.0667
     atom=  Cl   l=2  rc=    1.6000  rs=    1.0667
     projs nearly linearly dependent: l=2  n1,n2= 1, 2  s=  0.99993509

     atom=  H    l=0  rc=    1.0000  rs=    0.6667
     atom=  H    l=0  rc=    1.0000  rs=    0.6667
     projs nearly linearly dependent: l=0  n1,n2= 1, 2  s=  0.99968852
     -----------------------------------------------------------------

     GIPAW integrals: -------------------------------------------
     Atom  i/j   nmr_para   nmr_dia   epr_rmc  epr_para   epr_dia
       C   1 1   0.83E+03  0.17E-01  0.93E+01  0.24E+08  0.24E+03
       C   2 1   0.86E+03 -0.61E-01  0.94E+01  0.25E+08  0.25E+03
       C   2 2   0.90E+03 -0.15E+00  0.97E+01  0.26E+08  0.26E+03
       C   3 3   0.33E+01  0.34E+00  0.18E+01  0.55E+03  0.21E+02
       C   4 3   0.35E+01  0.37E+00  0.20E+01  0.59E+03  0.22E+02
       C   4 4   0.38E+01  0.39E+00  0.22E+01  0.63E+03  0.24E+02
       Cl  1 1   0.14E+04 -0.47E+00  0.84E+01  0.32E+09  0.42E+03
       Cl  2 1   0.21E+04 -0.37E+00  0.12E+02  0.49E+09  0.65E+03
       Cl  2 2   0.33E+04 -0.16E+00  0.21E+02  0.76E+09  0.10E+04
       Cl  3 3   0.21E+02  0.79E-01  0.89E+01  0.23E+05  0.13E+03
       Cl  4 3   0.24E+02  0.67E-01  0.99E+01  0.27E+05  0.15E+03
       Cl  4 4   0.28E+02  0.44E-01  0.11E+02  0.32E+05  0.18E+03
       Cl  5 5   0.77E+00  0.19E+00  0.18E+01  0.12E+03  0.22E+02
       Cl  6 5   0.80E+00  0.19E+00  0.19E+01  0.12E+03  0.23E+02
       Cl  6 6   0.83E+00  0.20E+00  0.19E+01  0.12E+03  0.23E+02
       H   1 1   0.39E+02  0.19E+00  0.29E+00  0.78E+05  0.13E+02
       H   2 1   0.41E+02  0.21E+00  0.32E+00  0.82E+05  0.14E+02
       H   2 2   0.43E+02  0.22E+00  0.36E+00  0.86E+05  0.15E+02
     ------------------------------------------------------------

     alpha_pv=     34.0589 eV

     Number of occupied bands for each k-point:
     k-point:     1    nbnd_occ=  42
     k-point:     2    nbnd_occ=  42
     k-point:     3    nbnd_occ=  42
     k-point:     4    nbnd_occ=  42
     k-point:     5    nbnd_occ=  42
     k-point:     6    nbnd_occ=  42
     k-point:     7    nbnd_occ=  42
     k-point:     8    nbnd_occ=  42
     k-point:     9    nbnd_occ=  42
     k-point:    10    nbnd_occ=  42
     k-point:    11    nbnd_occ=  42
     k-point:    12    nbnd_occ=  42
     k-point:    13    nbnd_occ=  42
     k-point:    14    nbnd_occ=  42
     k-point:    15    nbnd_occ=  42
     k-point:    16    nbnd_occ=  42


     q-space interpolation up to   110.00 Rydberg

     GIPAW job: efg                                                                             


     ELECTRIC FIELD GRADIENTS TENSORS IN Hartree/bohrradius^2:

     ----- bare term -----
     Cl   1        0.030872       -0.010090       -0.001887
     Cl   1       -0.010090       -0.080456        0.083063
     Cl   1       -0.001887        0.083063        0.049584

     C    2       -0.146235        0.160270       -0.356009
     C    2        0.160270       -0.223476       -0.403721
     C    2       -0.356009       -0.403721        0.369711

     C    3       -0.272489        0.233754       -0.282967
     C    3        0.233754       -0.171772       -0.522287
     C    3       -0.282967       -0.522287        0.444262

     H    4       -0.041668       -0.123004       -0.495722
     H    4       -0.123004        0.449522       -0.047782
     H    4       -0.495722       -0.047782       -0.407854

     C    5       -0.379586        0.318831       -0.260997
     C    5        0.318831       -0.079854       -0.384324
     C    5       -0.260997       -0.384324        0.459439

     H    6        0.336165       -0.111464       -0.125498
     H    6       -0.111464       -0.382656       -0.527980
     H    6       -0.125498       -0.527980        0.046491

     H    7        0.409704        0.042769       -0.259031
     H    7        0.042769        0.095499        0.330608
     H    7       -0.259031        0.330608       -0.505203

     C    8       -0.156064       -0.306486       -0.068850
     C    8       -0.306486       -0.415978        0.319937
     C    8       -0.068850        0.319937        0.572042

     H    9       -0.572934        0.382712       -0.091333
     H    9        0.382712        0.326610        0.057916
     H    9       -0.091333        0.057916        0.246325

     C   10       -0.345429       -0.295982       -0.298791
     C   10       -0.295982       -0.100835        0.398797
     C   10       -0.298791        0.398797        0.446265

     C   11       -0.063095        0.272059       -0.393114
     C   11        0.272059       -0.067337        0.664882
     C   11       -0.393114        0.664882        0.130432

     Cl  12       -0.135003       -0.122230        0.094558
     Cl  12       -0.122230       -0.073032        0.078486
     Cl  12        0.094558        0.078486        0.208035

     H   13        0.388806       -0.264074        0.054839
     H   13       -0.264074       -0.635498       -0.147898
     H   13        0.054839       -0.147898        0.246692

     C   14       -0.440838        0.181889       -0.361329
     C   14        0.181889       -0.104984       -0.358200
     C   14       -0.361329       -0.358200        0.545822

     H   15       -0.317399       -0.345150       -0.417764
     H   15       -0.345150        0.060427       -0.195400
     H   15       -0.417764       -0.195400        0.256973

     C   16       -0.253051        0.318195       -0.210360
     C   16        0.318195       -0.261540       -0.531137
     C   16       -0.210360       -0.531137        0.514591

     C   17       -0.173774        0.007824       -0.358588
     C   17        0.007824       -0.113570       -0.546403
     C   17       -0.358588       -0.546403        0.287344

     Cl  18       -0.170270        0.097347       -0.069987
     Cl  18        0.097347       -0.090270        0.066414
     Cl  18       -0.069987        0.066414        0.260540

     H   19        0.476477       -0.039205       -0.182446
     H   19       -0.039205       -0.294156        0.386164
     H   19       -0.182446        0.386164       -0.182321

     C   20       -0.708214       -0.310121       -0.244645
     C   20       -0.310121        0.339641        0.218288
     C   20       -0.244645        0.218288        0.368574

     H   21       -0.412570       -0.158061       -0.394180
     H   21       -0.158061        0.085257        0.209825
     H   21       -0.394180        0.209825        0.327313

     C   22        0.070691       -0.054204       -0.198708
     C   22       -0.054204       -0.099974        0.595111
     C   22       -0.198708        0.595111        0.029284

     C   23       -0.803978       -0.341610       -0.333273
     C   23       -0.341610        0.236950        0.005243
     C   23       -0.333273        0.005243        0.567028

     Cl  24       -0.039505        0.012555        0.045991
     Cl  24        0.012555       -0.038975       -0.029921
     Cl  24        0.045991       -0.029921        0.078480

     ----- ionic term -----
     Cl   1        0.095857       -0.193101        0.010519
     Cl   1       -0.193101        0.047303       -0.000333
     Cl   1        0.010519       -0.000333       -0.143160

     C    2        0.108395       -0.156630        0.310882
     C    2       -0.156630        0.233134        0.356704
     C    2        0.310882        0.356704       -0.341529

     C    3        0.092796       -0.226439        0.277714
     C    3       -0.226439        0.287521        0.307700
     C    3        0.277714        0.307700       -0.380317

     H    4        0.502613        0.306118        0.736212
     H    4        0.306118       -0.396432        0.256052
     H    4        0.736212        0.256052       -0.106182

     C    5        0.251499       -0.198743        0.328952
     C    5       -0.198743        0.129243        0.239087
     C    5        0.328952        0.239087       -0.380742

     H    6       -0.518834        0.110369        0.059762
     H    6        0.110369        0.670734        0.680716
     H    6        0.059762        0.680716       -0.151900

     H    7       -0.502887       -0.153311        0.161306
     H    7       -0.153311        0.243890       -0.804794
     H    7        0.161306       -0.804794        0.258997

     C    8        0.290019        0.218564        0.203307
     C    8        0.218564       -0.078417       -0.340263
     C    8        0.203307       -0.340263       -0.211602

     H    9        0.842396       -0.379478        0.420287
     H    9       -0.379478       -0.416373       -0.187956
     H    9        0.420287       -0.187956       -0.426023

     C   10        0.177510        0.186425        0.090480
     C   10        0.186425        0.122245       -0.461409
     C   10        0.090480       -0.461409       -0.299755

     C   11        0.208376        0.151130        0.293690
     C   11        0.151130        0.035252       -0.440237
     C   11        0.293690       -0.440237       -0.243628

     Cl  12        0.102087        0.196252       -0.013730
     Cl  12        0.196252        0.031240       -0.022581
     Cl  12       -0.013730       -0.022581       -0.133327

     H   13       -0.496757        0.091077        0.082449
     H   13        0.091077        0.620994        0.697033
     H   13        0.082449        0.697033       -0.124237

     C   14        0.260852       -0.227162        0.348912
     C   14       -0.227162        0.082193        0.260568
     C   14        0.348912        0.260568       -0.343045

     H   15        0.470678        0.346428        0.701246
     H   15        0.346428       -0.353236        0.313692
     H   15        0.701246        0.313692       -0.117443

     C   16        0.089911       -0.239903        0.253522
     C   16       -0.239903        0.293268        0.356737
     C   16        0.253522        0.356737       -0.383179

     C   17        0.200448       -0.187985        0.338403
     C   17       -0.187985        0.190661        0.320836
     C   17        0.338403        0.320836       -0.391110

     Cl  18        0.145443       -0.218965        0.059639
     Cl  18       -0.218965        0.026389       -0.030794
     Cl  18        0.059639       -0.030794       -0.171832

     H   19       -0.519288       -0.054606        0.067120
     H   19       -0.054606        0.510382       -0.792221
     H   19        0.067120       -0.792221        0.008907

     C   20        0.282514        0.224709        0.273106
     C   20        0.224709        0.002624       -0.320963
     C   20        0.273106       -0.320963       -0.285138

     H   21        0.650126       -0.354015        0.607724
     H   21       -0.354015       -0.417204       -0.257978
     H   21        0.607724       -0.257978       -0.232922

     C   22        0.121837        0.255691        0.146771
     C   22        0.255691        0.089485       -0.418702
     C   22        0.146771       -0.418702       -0.211322

     C   23        0.238509        0.250568        0.198431
     C   23        0.250568       -0.037662       -0.394928
     C   23        0.198431       -0.394928       -0.200847

     Cl  24        0.135976        0.221624       -0.021681
     Cl  24        0.221624        0.003428       -0.017061
     Cl  24       -0.021681       -0.017061       -0.139405

     ----- GIPAW term -----
     Cl   1        0.074699        0.102264       -0.945264
     Cl   1        0.102264        1.070276       -1.594327
     Cl   1       -0.945264       -1.594327       -1.144975

     C    2       -0.070609       -0.004034       -0.116202
     C    2       -0.004034       -0.062484       -0.174595
     C    2       -0.116202       -0.174595        0.133093

     C    3       -0.152030        0.032957       -0.093456
     C    3        0.032957       -0.047977       -0.183934
     C    3       -0.093456       -0.183934        0.200007

     H    4       -0.000000        0.000000        0.000000
     H    4        0.000000        0.000000        0.000000
     H    4        0.000000        0.000000        0.000000

     C    5       -0.042732        0.034715       -0.014042
     C    5        0.034715       -0.028727       -0.091139
     C    5       -0.014042       -0.091139        0.071458

     H    6       -0.000000        0.000000        0.000000
     H    6        0.000000        0.000000        0.000000
     H    6        0.000000        0.000000        0.000000

     H    7       -0.000000        0.000000        0.000000
     H    7        0.000000        0.000000        0.000000
     H    7        0.000000        0.000000        0.000000

     C    8       -0.090473       -0.064494        0.065971
     C    8       -0.064494       -0.191594       -0.036810
     C    8        0.065971       -0.036810        0.282067

     H    9       -0.000000        0.000000        0.000000
     H    9        0.000000        0.000000        0.000000
     H    9        0.000000        0.000000        0.000000

     C   10       -0.103257       -0.044176       -0.066066
     C   10       -0.044176        0.012727        0.039208
     C   10       -0.066066        0.039208        0.090530

     C   11        0.056068        0.250022       -0.044407
     C   11        0.250022        0.060354        0.139723
     C   11       -0.044407        0.139723       -0.116421

     Cl  12        0.665304        1.856525        0.766601
     Cl  12        1.856525       -0.513031        0.644751
     Cl  12        0.766601        0.644751       -0.152273

     H   13       -0.000000        0.000000        0.000000
     H   13        0.000000        0.000000        0.000000
     H   13        0.000000        0.000000        0.000000

     C   14       -0.138119        0.055957       -0.116670
     C   14        0.055957       -0.075596       -0.174596
     C   14       -0.116670       -0.174596        0.213715

     H   15       -0.000000        0.000000        0.000000
     H   15        0.000000        0.000000        0.000000
     H   15        0.000000        0.000000        0.000000

     C   16       -0.109094        0.056140       -0.069323
     C   16        0.056140       -0.047325       -0.150847
     C   16       -0.069323       -0.150847        0.156420

     C   17        0.046504       -0.138546       -0.068568
     C   17       -0.138546       -0.008705       -0.100573
     C   17       -0.068568       -0.100573       -0.037799

     Cl  18        0.132008       -1.818446       -0.577958
     Cl  18       -1.818446       -0.647591        0.612421
     Cl  18       -0.577958        0.612421        0.515584

     H   19       -0.000000        0.000000        0.000000
     H   19        0.000000        0.000000        0.000000
     H   19        0.000000        0.000000        0.000000

     C   20       -0.168694        0.094038       -0.003641
     C   20        0.094038        0.250875        0.033137
     C   20       -0.003641        0.033137       -0.082181

     H   21       -0.000000        0.000000        0.000000
     H   21        0.000000        0.000000        0.000000
     H   21        0.000000        0.000000        0.000000

     C   22       -0.114662        0.042598       -0.023184
     C   22        0.042598        0.264168       -0.007804
     C   22       -0.023184       -0.007804       -0.149506

     C   23       -0.184730        0.037353       -0.054076
     C   23        0.037353        0.075431       -0.199833
     C   23       -0.054076       -0.199833        0.109299

     Cl  24       -0.443115        1.824783       -0.283757
     Cl  24        1.824783       -0.623107       -1.656372
     Cl  24       -0.283757       -1.656372        1.066222

     ----- total EFG -----
     Cl   1        0.201428       -0.100927       -0.936633
     Cl   1       -0.100927        1.037123       -1.511597
     Cl   1       -0.936633       -1.511597       -1.238551

     C    2       -0.108449       -0.000394       -0.161329
     C    2       -0.000394       -0.052826       -0.221612
     C    2       -0.161329       -0.221612        0.161275

     C    3       -0.331723        0.040271       -0.098709
     C    3        0.040271        0.067772       -0.398521
     C    3       -0.098709       -0.398521        0.263951

     H    4        0.460946        0.183114        0.240491
     H    4        0.183114        0.053090        0.208269
     H    4        0.240491        0.208269       -0.514036

     C    5       -0.170819        0.154803        0.053913
     C    5        0.154803        0.020662       -0.236375
     C    5        0.053913       -0.236375        0.150156

     H    6       -0.182669       -0.001094       -0.065736
     H    6       -0.001094        0.288078        0.152735
     H    6       -0.065736        0.152735       -0.105409

     H    7       -0.093184       -0.110542       -0.097725
     H    7       -0.110542        0.339389       -0.474186
     H    7       -0.097725       -0.474186       -0.246205

     C    8        0.043482       -0.152416        0.200429
     C    8       -0.152416       -0.685989       -0.057136
     C    8        0.200429       -0.057136        0.642507

     H    9        0.269462        0.003234        0.328954
     H    9        0.003234       -0.089764       -0.130041
     H    9        0.328954       -0.130041       -0.179698

     C   10       -0.271176       -0.153732       -0.274377
     C   10       -0.153732        0.034137       -0.023403
     C   10       -0.274377       -0.023403        0.237040

     C   11        0.201349        0.673211       -0.143832
     C   11        0.673211        0.028268        0.364368
     C   11       -0.143832        0.364368       -0.229617

     Cl  12        0.632388        1.930547        0.847429
     Cl  12        1.930547       -0.554823        0.700656
     Cl  12        0.847429        0.700656       -0.077565

     H   13       -0.107951       -0.172997        0.137288
     H   13       -0.172997       -0.014504        0.549134
     H   13        0.137288        0.549134        0.122455

     C   14       -0.318104        0.010684       -0.129087
     C   14        0.010684       -0.098388       -0.272228
     C   14       -0.129087       -0.272228        0.416492

     H   15        0.153279        0.001278        0.283483
     H   15        0.001278       -0.292809        0.118292
     H   15        0.283483        0.118292        0.139530

     C   16       -0.272235        0.134433       -0.026161
     C   16        0.134433       -0.015597       -0.325246
     C   16       -0.026161       -0.325246        0.287832

     C   17        0.073179       -0.318708       -0.088753
     C   17       -0.318708        0.068387       -0.326140
     C   17       -0.088753       -0.326140       -0.141565

     Cl  18        0.107181       -1.940064       -0.588307
     Cl  18       -1.940064       -0.711472        0.648042
     Cl  18       -0.588307        0.648042        0.604292

     H   19       -0.042811       -0.093811       -0.115326
     H   19       -0.093811        0.216225       -0.406058
     H   19       -0.115326       -0.406058       -0.173414

     C   20       -0.594394        0.008626        0.024821
     C   20        0.008626        0.593140       -0.069538
     C   20        0.024821       -0.069538        0.001254

     H   21        0.237556       -0.512076        0.213544
     H   21       -0.512076       -0.331947       -0.048153
     H   21        0.213544       -0.048153        0.094391

     C   22        0.077866        0.244085       -0.075121
     C   22        0.244085        0.253678        0.168605
     C   22       -0.075121        0.168605       -0.331545

     C   23       -0.750199       -0.053689       -0.188918
     C   23       -0.053689        0.274719       -0.589518
     C   23       -0.188918       -0.589518        0.475480

     Cl  24       -0.346644        2.058961       -0.259447
     Cl  24        2.058961       -0.658654       -1.703354
     Cl  24       -0.259447       -1.703354        1.005298

     ----- total EFG (symmetrized) -----
     Cl   1        0.201428       -0.100927       -0.936633
     Cl   1       -0.100927        1.037123       -1.511597
     Cl   1       -0.936633       -1.511597       -1.238551

     C    2       -0.108449       -0.000394       -0.161329
     C    2       -0.000394       -0.052826       -0.221612
     C    2       -0.161329       -0.221612        0.161275

     C    3       -0.331723        0.040271       -0.098709
     C    3        0.040271        0.067772       -0.398521
     C    3       -0.098709       -0.398521        0.263951

     H    4        0.460946        0.183114        0.240491
     H    4        0.183114        0.053090        0.208269
     H    4        0.240491        0.208269       -0.514036

     C    5       -0.170819        0.154803        0.053913
     C    5        0.154803        0.020662       -0.236375
     C    5        0.053913       -0.236375        0.150156

     H    6       -0.182669       -0.001094       -0.065736
     H    6       -0.001094        0.288078        0.152735
     H    6       -0.065736        0.152735       -0.105409

     H    7       -0.093184       -0.110542       -0.097725
     H    7       -0.110542        0.339389       -0.474186
     H    7       -0.097725       -0.474186       -0.246205

     C    8        0.043482       -0.152416        0.200429
     C    8       -0.152416       -0.685989       -0.057136
     C    8        0.200429       -0.057136        0.642507

     H    9        0.269462        0.003234        0.328954
     H    9        0.003234       -0.089764       -0.130041
     H    9        0.328954       -0.130041       -0.179698

     C   10       -0.271176       -0.153732       -0.274377
     C   10       -0.153732        0.034137       -0.023403
     C   10       -0.274377       -0.023403        0.237040

     C   11        0.201349        0.673211       -0.143832
     C   11        0.673211        0.028268        0.364368
     C   11       -0.143832        0.364368       -0.229617

     Cl  12        0.632388        1.930547        0.847429
     Cl  12        1.930547       -0.554823        0.700656
     Cl  12        0.847429        0.700656       -0.077565

     H   13       -0.107951       -0.172997        0.137288
     H   13       -0.172997       -0.014504        0.549134
     H   13        0.137288        0.549134        0.122455

     C   14       -0.318104        0.010684       -0.129087
     C   14        0.010684       -0.098388       -0.272228
     C   14       -0.129087       -0.272228        0.416492

     H   15        0.153279        0.001278        0.283483
     H   15        0.001278       -0.292809        0.118292
     H   15        0.283483        0.118292        0.139530

     C   16       -0.272235        0.134433       -0.026161
     C   16        0.134433       -0.015597       -0.325246
     C   16       -0.026161       -0.325246        0.287832

     C   17        0.073179       -0.318708       -0.088753
     C   17       -0.318708        0.068387       -0.326140
     C   17       -0.088753       -0.326140       -0.141565

     Cl  18        0.107181       -1.940064       -0.588307
     Cl  18       -1.940064       -0.711472        0.648042
     Cl  18       -0.588307        0.648042        0.604292

     H   19       -0.042811       -0.093811       -0.115326
     H   19       -0.093811        0.216225       -0.406058
     H   19       -0.115326       -0.406058       -0.173414

     C   20       -0.594394        0.008626        0.024821
     C   20        0.008626        0.593140       -0.069538
     C   20        0.024821       -0.069538        0.001254

     H   21        0.237556       -0.512076        0.213544
     H   21       -0.512076       -0.331947       -0.048153
     H   21        0.213544       -0.048153        0.094391

     C   22        0.077866        0.244085       -0.075121
     C   22        0.244085        0.253678        0.168605
     C   22       -0.075121        0.168605       -0.331545

     C   23       -0.750199       -0.053689       -0.188918
     C   23       -0.053689        0.274719       -0.589518
     C   23       -0.188918       -0.589518        0.475480

     Cl  24       -0.346644        2.058961       -0.259447
     Cl  24        2.058961       -0.658654       -1.703354
     Cl  24       -0.259447       -1.703354        1.005298


     NQR/NMR SPECTROSCOPIC PARAMETERS:
     Cl   1    Vxx=    0.4421    axis=(  0.916462 -0.347673 -0.198044)
     Cl   1    Vyy=    1.8648    axis=( -0.218642 -0.849671  0.479848)
     Cl   1    Vzz=   -2.3069    axis=( -0.335103 -0.396462 -0.854707)
     Cl   1  Q=        -8.1650 1e-30 m^2  Cq=        44.2575 MHz  eta= 0.61671

     C    2    Vxx=   -0.0864    axis=(  0.747436 -0.656656 -0.100708)
     C    2    Vyy=   -0.2565    axis=(  0.594049  0.592773  0.543806)
     C    2    Vzz=    0.3429    axis=( -0.297396 -0.466286  0.833146)
     C    2  Q=         1.0000 1e-30 m^2  Cq=         0.8057 MHz  eta= 0.49625

     C    3    Vxx=   -0.2367    axis=( -0.260806  0.779693  0.569262)
     C    3    Vyy=   -0.3511    axis=( -0.958994 -0.141473 -0.245591)
     C    3    Vzz=    0.5877    axis=( -0.110950 -0.609970  0.784619)
     C    3  Q=         1.0000 1e-30 m^2  Cq=         1.3809 MHz  eta= 0.19465

     H    4    Vxx=    0.0002    axis=(  0.434144 -0.887182 -0.156289)
     H    4    Vyy=    0.6119    axis=(  0.884534  0.386955  0.260510)
     H    4    Vzz=   -0.6121    axis=( -0.170643 -0.251342  0.952737)
     H    4  Q=         1.0000 1e-30 m^2  Cq=        -1.4381 MHz  eta= 0.99944

     C    5    Vxx=   -0.0130    axis=(  0.682035  0.514354  0.519873)
     C    5    Vyy=   -0.3232    axis=(  0.722899 -0.581734 -0.372831)
     C    5    Vzz=    0.3362    axis=( -0.110660 -0.630100  0.768589)
     C    5  Q=         1.0000 1e-30 m^2  Cq=         0.7899 MHz  eta= 0.92278

     H    6    Vxx=   -0.1076    axis=(  0.629726  0.281275 -0.724106)
     H    6    Vyy=   -0.2338    axis=( -0.775614  0.175797 -0.606233)
     H    6    Vzz=    0.3414    axis=(  0.043223 -0.943388 -0.328864)
     H    6  Q=         1.0000 1e-30 m^2  Cq=         0.8021 MHz  eta= 0.36978

     H    7    Vxx=   -0.0544    axis=(  0.954085 -0.079827 -0.288702)
     H    7    Vyy=   -0.5530    axis=(  0.290893  0.476782  0.829494)
     H    7    Vzz=    0.6074    axis=(  0.071432 -0.875389  0.478112)
     H    7  Q=         1.0000 1e-30 m^2  Cq=         1.4271 MHz  eta= 0.82099

     C    8    Vxx=    0.0063    axis=( -0.933483  0.179927  0.310218)
     C    8    Vyy=    0.7105    axis=(  0.302049 -0.071858  0.950580)
     C    8    Vzz=   -0.7168    axis=( -0.193327 -0.981052 -0.012731)
     C    8  Q=         1.0000 1e-30 m^2  Cq=        -1.6841 MHz  eta= 0.98255

     H    9    Vxx=   -0.0516    axis=(  0.263073  0.927423 -0.265854)
     H    9    Vyy=   -0.3980    axis=( -0.414243  0.357449  0.837038)
     H    9    Vzz=    0.4496    axis=(  0.871318 -0.110074  0.478214)
     H    9  Q=         1.0000 1e-30 m^2  Cq=         1.0564 MHz  eta= 0.77060

     C   10    Vxx=    0.0767    axis=(  0.223672 -0.943369  0.245003)
     C   10    Vyy=    0.3623    axis=( -0.420957  0.133216  0.897245)
     C   10    Vzz=   -0.4390    axis=( -0.879071 -0.303824 -0.367320)
     C   10  Q=         1.0000 1e-30 m^2  Cq=        -1.0314 MHz  eta= 0.65070

     C   11    Vxx=   -0.0075    axis=( -0.463999  0.320369  0.825874)
     C   11    Vyy=   -0.8048    axis=( -0.518313  0.657873 -0.546402)
     C   11    Vzz=    0.8122    axis=( -0.718371 -0.681591 -0.139201)
     C   11  Q=         1.0000 1e-30 m^2  Cq=         1.9084 MHz  eta= 0.98162

     Cl  12    Vxx=   -0.5391    axis=( -0.335681 -0.200328  0.920427)
     Cl  12    Vyy=   -1.9832    axis=( -0.585581  0.809755 -0.037321)
     Cl  12    Vzz=    2.5223    axis=( -0.737844 -0.551513 -0.389128)
     Cl  12  Q=        -8.1650 1e-30 m^2  Cq=       -48.3896 MHz  eta= 0.57252

     H   13    Vxx=   -0.0090    axis=(  0.911887 -0.296030  0.284303)
     H   13    Vyy=   -0.5986    axis=(  0.410078  0.686261 -0.600734)
     H   13    Vzz=    0.6076    axis=( -0.017271  0.664388  0.747188)
     H   13  Q=         1.0000 1e-30 m^2  Cq=         1.4275 MHz  eta= 0.97042

     C   14    Vxx=   -0.2031    axis=( -0.290872  0.896782  0.333431)
     C   14    Vyy=   -0.3480    axis=(  0.946432  0.218619  0.237641)
     C   14    Vzz=    0.5511    axis=( -0.140217 -0.384693  0.912333)
     C   14  Q=         1.0000 1e-30 m^2  Cq=         1.2949 MHz  eta= 0.26306

     H   15    Vxx=   -0.1026    axis=( -0.687340  0.380313  0.618810)
     H   15    Vyy=   -0.3370    axis=(  0.197109  0.917656 -0.345043)
     H   15    Vzz=    0.4397    axis=( -0.699079 -0.115189 -0.705705)
     H   15  Q=         1.0000 1e-30 m^2  Cq=         1.0330 MHz  eta= 0.53306

     C   16    Vxx=   -0.1502    axis=(  0.588010  0.632178  0.504575)
     C   16    Vyy=   -0.3565    axis=( -0.799561  0.548581  0.244460)
     C   16    Vzz=    0.5066    axis=( -0.122258 -0.547183  0.828036)
     C   16  Q=         1.0000 1e-30 m^2  Cq=         1.1904 MHz  eta= 0.40724

     C   17    Vxx=    0.0576    axis=(  0.700885  0.222976 -0.677526)
     C   17    Vyy=    0.4491    axis=( -0.562740  0.756521 -0.333168)
     C   17    Vzz=   -0.5067    axis=(  0.438274  0.614783  0.655712)
     C   17  Q=         1.0000 1e-30 m^2  Cq=        -1.1905 MHz  eta= 0.77271

     Cl  18    Vxx=    0.1292    axis=(  0.408037 -0.269169  0.872384)
     Cl  18    Vyy=    2.1623    axis=( -0.669386  0.561582  0.486362)
     Cl  18    Vzz=   -2.2914    axis=( -0.620829 -0.782415  0.048969)
     Cl  18  Q=        -8.1650 1e-30 m^2  Cq=        43.9599 MHz  eta= 0.88725

     H   19    Vxx=    0.0065    axis=(  0.946463 -0.139907 -0.290919)
     H   19    Vyy=    0.4724    axis=( -0.036562  0.848944 -0.527216)
     H   19    Vzz=   -0.4789    axis=(  0.320735  0.509627  0.798379)
     H   19  Q=         1.0000 1e-30 m^2  Cq=        -1.1253 MHz  eta= 0.97284

     C   20    Vxx=   -0.0057    axis=(  0.043523  0.114620  0.992456)
     C   20    Vyy=   -0.5955    axis=( -0.999041  0.009747  0.042686)
     C   20    Vzz=    0.6012    axis=( -0.004780 -0.993362  0.114934)
     C   20  Q=         1.0000 1e-30 m^2  Cq=         1.4126 MHz  eta= 0.98108

     H   21    Vxx=    0.0178    axis=( -0.270783  0.269214  0.924230)
     H   21    Vyy=    0.6217    axis=( -0.810677  0.453971 -0.369748)
     H   21    Vzz=   -0.6395    axis=( -0.519115 -0.849373  0.095318)
     H   21  Q=         1.0000 1e-30 m^2  Cq=        -1.5026 MHz  eta= 0.94433

     C   22    Vxx=   -0.0184    axis=( -0.788408  0.442463  0.427363)
     C   22    Vyy=   -0.4192    axis=(  0.298416 -0.332411  0.894679)
     C   22    Vzz=    0.4376    axis=(  0.537922  0.832904  0.130037)
     C   22  Q=         1.0000 1e-30 m^2  Cq=         1.0283 MHz  eta= 0.91593

     C   23    Vxx=   -0.1774    axis=( -0.268891  0.752291  0.601461)
     C   23    Vyy=   -0.8027    axis=( -0.961035 -0.167996 -0.219520)
     C   23    Vzz=    0.9802    axis=( -0.064100 -0.637052  0.768151)
     C   23  Q=         1.0000 1e-30 m^2  Cq=         2.3030 MHz  eta= 0.63799

     Cl  24    Vxx=    0.1459    axis=(  0.673252  0.248780  0.696305)
     Cl  24    Vyy=    2.7510    axis=( -0.455350 -0.602451  0.655522)
     Cl  24    Vzz=   -2.8968    axis=(  0.582571 -0.758393 -0.292319)
     Cl  24  Q=        -8.1650 1e-30 m^2  Cq=        55.5741 MHz  eta= 0.89930

     Initialization:
     gipaw_setup  :      9.18s CPU     11.12s WALL (       1 calls)

     Linear response

     Apply operators

     Induced current

     Other routines
     efg          :      9.16s CPU     11.33s WALL (       1 calls)

     General routines
     calbec       :      3.11s CPU      3.92s WALL (      16 calls)
     fft          :      1.64s CPU      2.41s WALL (      15 calls)
     ffts         :      0.05s CPU      0.08s WALL (       2 calls)
     fftw         :      3.25s CPU      3.90s WALL (     672 calls)
     davcio       :      0.02s CPU      0.32s WALL (      32 calls)

     Parallel routines
     fft_scatter  :      2.26s CPU      3.52s WALL (     689 calls)

     Plugins

     GIPAW        :     61.49s CPU     75.27s WALL (       1 calls)
