
     Program QE v.6.0 (svn rev. 13079) starts on 31Dec2016 at 11:21:25 

     This program is part of the open-source Quantum ESPRESSO suite
     for quantum simulation of materials; please cite
         "P. Giannozzi et al., J. Phys.:Condens. Matter 21 395502 (2009);
          URL http://www.quantum-espresso.org", 
     in publications or presentations arising from this work. More details at
     http://www.quantum-espresso.org/quote

     Parallel version (MPI), running on     8 processors
     R & G space division:  proc/nbgrp/npool/nimage =       8

     ***** This is GIPAW svn revision unknown      *****

     Parallelizing q-star over 1 images

     Reading data from directory:
     /users/majewski/paradichlorobenzene/pbe/9_constraint/scratch/pbe.ecut100.np8.dt60.pcl2phi-129368.save
     Message from routine read_xml_file:
     file /users/majewski/paradichlorobenzene/pbe/9_constraint/scratch/pbe.ecut100.np8.dt60.pcl2phi-129368.save not guaranteed to be safe for post-processing

   Info: using nr1, nr2, nr3 values from input

   Info: using nr1, nr2, nr3 values from input

     IMPORTANT: XC functional enforced from input :
     Exchange-correlation      =  SLA  PW   PBX  PBC ( 1  4  3  4 0 0)
     Any further DFT definition will be discarded
     Please, verify this is what you really want

               file C.pbe-n-kjpaw_psl.1.0.0.UPF: wavefunction(s)  2S 2P renormalized
               file Cl.pbe-n-kjpaw_psl.1.0.0.UPF: wavefunction(s)  3S 3P renormalized
               file H.pbe-kjpaw_psl.1.0.0.UPF: wavefunction(s)  1S renormalized

     Parallelization info
     --------------------
     sticks:   dense  smooth     PW     G-vecs:    dense   smooth      PW
     Min        3057    1223    332               144436    36536    5170
     Max        3059    1225    333               144437    36537    5171
     Sum       24467    9791   2657              1155489   292295   41363


     Subspace diagonalization in iterative solution of the eigenvalue problem:
     a serial algorithm will be used

     GIPAW projectors -----------------------------------------------
     atom=  C    l=0  rc=    1.2000  rs=    0.8000
     atom=  C    l=0  rc=    1.2000  rs=    0.8000
     atom=  C    l=1  rc=    1.4000  rs=    0.9333
     atom=  C    l=1  rc=    1.4000  rs=    0.9333
     projs nearly linearly dependent: l=1  n1,n2= 1, 2  s=  0.99951561

     atom=  Cl   l=0  rc=    1.6000  rs=    1.0667
     atom=  Cl   l=0  rc=    1.6000  rs=    1.0667
     atom=  Cl   l=1  rc=    1.6000  rs=    1.0667
     atom=  Cl   l=1  rc=    1.6000  rs=    1.0667
     atom=  Cl   l=2  rc=    1.6000  rs=    1.0667
     atom=  Cl   l=2  rc=    1.6000  rs=    1.0667
     projs nearly linearly dependent: l=2  n1,n2= 1, 2  s=  0.99993509

     atom=  H    l=0  rc=    1.0000  rs=    0.6667
     atom=  H    l=0  rc=    1.0000  rs=    0.6667
     projs nearly linearly dependent: l=0  n1,n2= 1, 2  s=  0.99968852
     -----------------------------------------------------------------

     GIPAW integrals: -------------------------------------------
     Atom  i/j   nmr_para   nmr_dia   epr_rmc  epr_para   epr_dia
       C   1 1   0.83E+03  0.17E-01  0.93E+01  0.24E+08  0.24E+03
       C   2 1   0.86E+03 -0.61E-01  0.94E+01  0.25E+08  0.25E+03
       C   2 2   0.90E+03 -0.15E+00  0.97E+01  0.26E+08  0.26E+03
       C   3 3   0.33E+01  0.34E+00  0.18E+01  0.55E+03  0.21E+02
       C   4 3   0.35E+01  0.37E+00  0.20E+01  0.59E+03  0.22E+02
       C   4 4   0.38E+01  0.39E+00  0.22E+01  0.63E+03  0.24E+02
       Cl  1 1   0.14E+04 -0.47E+00  0.84E+01  0.32E+09  0.42E+03
       Cl  2 1   0.21E+04 -0.37E+00  0.12E+02  0.49E+09  0.65E+03
       Cl  2 2   0.33E+04 -0.16E+00  0.21E+02  0.76E+09  0.10E+04
       Cl  3 3   0.21E+02  0.79E-01  0.89E+01  0.23E+05  0.13E+03
       Cl  4 3   0.24E+02  0.67E-01  0.99E+01  0.27E+05  0.15E+03
       Cl  4 4   0.28E+02  0.44E-01  0.11E+02  0.32E+05  0.18E+03
       Cl  5 5   0.77E+00  0.19E+00  0.18E+01  0.12E+03  0.22E+02
       Cl  6 5   0.80E+00  0.19E+00  0.19E+01  0.12E+03  0.23E+02
       Cl  6 6   0.83E+00  0.20E+00  0.19E+01  0.12E+03  0.23E+02
       H   1 1   0.39E+02  0.19E+00  0.29E+00  0.78E+05  0.13E+02
       H   2 1   0.41E+02  0.21E+00  0.32E+00  0.82E+05  0.14E+02
       H   2 2   0.43E+02  0.22E+00  0.36E+00  0.86E+05  0.15E+02
     ------------------------------------------------------------

     alpha_pv=     34.1642 eV

     Number of occupied bands for each k-point:
     k-point:     1    nbnd_occ=  42
     k-point:     2    nbnd_occ=  42
     k-point:     3    nbnd_occ=  42
     k-point:     4    nbnd_occ=  42
     k-point:     5    nbnd_occ=  42
     k-point:     6    nbnd_occ=  42
     k-point:     7    nbnd_occ=  42
     k-point:     8    nbnd_occ=  42
     k-point:     9    nbnd_occ=  42
     k-point:    10    nbnd_occ=  42
     k-point:    11    nbnd_occ=  42
     k-point:    12    nbnd_occ=  42
     k-point:    13    nbnd_occ=  42
     k-point:    14    nbnd_occ=  42
     k-point:    15    nbnd_occ=  42
     k-point:    16    nbnd_occ=  42


     q-space interpolation up to   110.00 Rydberg

     GIPAW job: efg                                                                             


     ELECTRIC FIELD GRADIENTS TENSORS IN Hartree/bohrradius^2:

     ----- bare term -----
     Cl   1       -0.084042        0.315427       -0.037735
     Cl   1        0.315427       -0.114368       -0.003870
     Cl   1       -0.037735       -0.003870        0.198410

     C    2        0.066160       -0.434226       -0.533577
     C    2       -0.434226       -0.145419       -0.657096
     C    2       -0.533577       -0.657096        0.079259

     C    3       -0.457138        0.317008        0.053158
     C    3        0.317008        0.056852       -0.342124
     C    3        0.053158       -0.342124        0.400286

     H    4       -0.164163       -0.462993       -0.077875
     H    4       -0.462993       -0.191339        0.183245
     H    4       -0.077875        0.183245        0.355503

     C    5       -0.154415       -0.191207       -0.336831
     C    5       -0.191207        0.064450       -0.533733
     C    5       -0.336831       -0.533733        0.089965

     H    6        0.467503       -0.100304       -0.015203
     H    6       -0.100304       -0.811787        0.016217
     H    6       -0.015203        0.016217        0.344284

     H    7        0.352235        0.041243        0.290981
     H    7        0.041243        0.171753        0.130355
     H    7        0.290981        0.130355       -0.523987

     C    8       -0.257953       -0.062429       -0.185078
     C    8       -0.062429        0.267039       -0.054656
     C    8       -0.185078       -0.054656       -0.009086

     H    9        0.215872        0.042629       -0.202353
     H    9        0.042629        0.264223       -0.261098
     H    9       -0.202353       -0.261098       -0.480095

     C   10        0.174642       -0.058797        0.298039
     C   10       -0.058797       -0.148970       -0.040613
     C   10        0.298039       -0.040613       -0.025673

     C   11       -0.161735       -0.135655       -0.429137
     C   11       -0.135655        0.106473        0.136046
     C   11       -0.429137        0.136046        0.055262

     Cl  12       -0.082226       -0.008585        0.145334
     Cl  12       -0.008585        0.014322       -0.146454
     Cl  12        0.145334       -0.146454        0.067903

     H   13       -0.095430       -0.283166        0.114118
     H   13       -0.283166       -0.341444       -0.345907
     H   13        0.114118       -0.345907        0.436874

     C   14       -0.411057        0.431665       -0.328349
     C   14        0.431665       -0.000396        0.020751
     C   14       -0.328349        0.020751        0.411453

     H   15       -0.689336       -0.086940        0.127069
     H   15       -0.086940        0.408511       -0.174056
     H   15        0.127069       -0.174056        0.280825

     C   16        0.042646       -0.242333       -0.262173
     C   16       -0.242333       -0.297641       -0.512309
     C   16       -0.262173       -0.512309        0.254995

     C   17       -0.565099        0.436698       -0.323717
     C   17        0.436698        0.071563       -0.083950
     C   17       -0.323717       -0.083950        0.493536

     Cl  18        0.004882        0.091421        0.122567
     Cl  18        0.091421       -0.053943       -0.092148
     Cl  18        0.122567       -0.092148        0.049062

     H   19        0.375975        0.205343       -0.131166
     H   19        0.205343       -0.459697        0.565384
     H   19       -0.131166        0.565384        0.083722

     C   20        0.024525       -0.534735       -0.051004
     C   20       -0.534735       -0.293800        0.399820
     C   20       -0.051004        0.399820        0.269275

     H   21       -0.088615        0.208702       -0.586420
     H   21        0.208702        0.400146        0.290325
     H   21       -0.586420        0.290325       -0.311530

     C   22       -0.552364       -0.285083       -0.254085
     C   22       -0.285083        0.061284        0.162904
     C   22       -0.254085        0.162904        0.491080

     C   23        0.045736       -0.358236       -0.036158
     C   23       -0.358236       -0.249901        0.446376
     C   23       -0.036158        0.446376        0.204165

     Cl  24       -0.009878       -0.070552        0.016238
     Cl  24       -0.070552        0.037116       -0.041797
     Cl  24        0.016238       -0.041797       -0.027238

     ----- ionic term -----
     Cl   1        0.120674       -0.190738        0.008420
     Cl   1       -0.190738        0.039907        0.002525
     Cl   1        0.008420        0.002525       -0.160581

     C    2        0.265804       -0.044441        0.247452
     C    2       -0.044441        0.250535        0.328242
     C    2        0.247452        0.328242       -0.516339

     C    3        0.201437       -0.114839        0.113582
     C    3       -0.114839        0.325098        0.336600
     C    3        0.113582        0.336600       -0.526535

     H    4        0.765431        0.467646        0.455041
     H    4        0.467646       -0.296624        0.196382
     H    4        0.455041        0.196382       -0.468806

     C    5        0.344597       -0.137235        0.125361
     C    5       -0.137235        0.154516        0.272261
     C    5        0.125361        0.272261       -0.499113

     H    6       -0.482968        0.189200        0.060669
     H    6        0.189200        0.817288        0.556951
     H    6        0.060669        0.556951       -0.334320

     H    7       -0.543543       -0.018076        0.035617
     H    7       -0.018076        0.353348       -0.789278
     H    7        0.035617       -0.789278        0.190195

     C    8        0.066987        0.349713        0.308879
     C    8        0.349713        0.024464       -0.257367
     C    8        0.308879       -0.257367       -0.091451

     H    9        0.444968       -0.147288        0.785874
     H    9       -0.147288       -0.481171       -0.214938
     H    9        0.785874       -0.214938        0.036202

     C   10        0.041292        0.414200        0.210941
     C   10        0.414200        0.124330       -0.373342
     C   10        0.210941       -0.373342       -0.165622

     C   11        0.137687        0.323418        0.308727
     C   11        0.323418       -0.003551       -0.376108
     C   11        0.308727       -0.376108       -0.134136

     Cl  12        0.158659        0.237684        0.050069
     Cl  12        0.237684       -0.010969        0.017109
     Cl  12        0.050069        0.017109       -0.147690

     H   13       -0.500679        0.164414        0.097433
     H   13        0.164414        0.711999        0.658108
     H   13        0.097433        0.658108       -0.211320

     C   14        0.379022       -0.116404        0.232422
     C   14       -0.116404        0.093006        0.286402
     C   14        0.232422        0.286402       -0.472028

     H   15        0.660793        0.426436        0.550358
     H   15        0.426436       -0.351951        0.250654
     H   15        0.550358        0.250654       -0.308842

     C   16        0.166373       -0.162887        0.157072
     C   16       -0.162887        0.267068        0.375228
     C   16        0.157072        0.375228       -0.433441

     C   17        0.208339       -0.106926        0.125152
     C   17       -0.106926        0.240482        0.386022
     C   17        0.125152        0.386022       -0.448821

     Cl  18        0.114601       -0.214864       -0.033278
     Cl  18       -0.214864        0.028590        0.020367
     Cl  18       -0.033278        0.020367       -0.143190

     H   19       -0.534465        0.073493       -0.039759
     H   19        0.073493        0.486099       -0.773397
     H   19       -0.039759       -0.773397        0.048366

     C   20        0.145362        0.304279        0.339646
     C   20        0.304279        0.056811       -0.240148
     C   20        0.339646       -0.240148       -0.202173

     H   21        0.477366       -0.233342        0.735660
     H   21       -0.233342       -0.486410       -0.236060
     H   21        0.735660       -0.236060        0.009045

     C   22        0.020617        0.307190        0.267459
     C   22        0.307190        0.184546       -0.361177
     C   22        0.267459       -0.361177       -0.205163

     C   23       -0.036147        0.279479        0.279355
     C   23        0.279479        0.117627       -0.416392
     C   23        0.279355       -0.416392       -0.081481

     Cl  24        0.100329        0.201689       -0.002896
     Cl  24        0.201689        0.045890       -0.005611
     Cl  24       -0.002896       -0.005611       -0.146219

     ----- GIPAW term -----
     Cl   1        2.222368       -1.706934       -0.429866
     Cl   1       -1.706934       -0.783905        0.114694
     Cl   1       -0.429866        0.114694       -1.438463

     C    2        0.112799       -0.271196       -0.103746
     C    2       -0.271196        0.020225       -0.027161
     C    2       -0.103746       -0.027161       -0.133024

     C    3       -0.134247       -0.071019        0.073524
     C    3       -0.071019        0.150550       -0.150677
     C    3        0.073524       -0.150677       -0.016302

     H    4       -0.000000        0.000000        0.000000
     H    4        0.000000        0.000000        0.000000
     H    4        0.000000        0.000000        0.000000

     C    5       -0.089371       -0.120660       -0.021869
     C    5       -0.120660        0.215896       -0.164622
     C    5       -0.021869       -0.164622       -0.126525

     H    6       -0.000000        0.000000        0.000000
     H    6        0.000000        0.000000        0.000000
     H    6        0.000000        0.000000        0.000000

     H    7       -0.000000        0.000000        0.000000
     H    7        0.000000        0.000000        0.000000
     H    7        0.000000        0.000000        0.000000

     C    8        0.003329       -0.029558       -0.020687
     C    8       -0.029558        0.025145       -0.004406
     C    8       -0.020687       -0.004406       -0.028474

     H    9       -0.000000        0.000000        0.000000
     H    9        0.000000        0.000000        0.000000
     H    9        0.000000        0.000000        0.000000

     C   10        0.006710        0.022794        0.038193
     C   10        0.022794       -0.000823       -0.029799
     C   10        0.038193       -0.029799       -0.005887

     C   11        0.037584       -0.073878       -0.080130
     C   11       -0.073878        0.052879        0.045831
     C   11       -0.080130        0.045831       -0.090462

     Cl  12        0.144656       -0.252919       -1.132993
     Cl  12       -0.252919        0.028658        1.280662
     Cl  12       -1.132993        1.280662       -0.173314

     H   13       -0.000000        0.000000        0.000000
     H   13        0.000000        0.000000        0.000000
     H   13        0.000000        0.000000        0.000000

     C   14        0.050661       -0.072413       -0.130630
     C   14       -0.072413       -0.022396        0.102386
     C   14       -0.130630        0.102386       -0.028265

     H   15       -0.000000        0.000000        0.000000
     H   15        0.000000        0.000000        0.000000
     H   15        0.000000        0.000000        0.000000

     C   16        0.013769       -0.127695       -0.118872
     C   16       -0.127695       -0.029200        0.038282
     C   16       -0.118872        0.038282        0.015430

     C   17       -0.006122       -0.149440       -0.135162
     C   17       -0.149440        0.040997        0.112061
     C   17       -0.135162        0.112061       -0.034875

     Cl  18       -0.114737       -1.840592       -0.549480
     Cl  18       -1.840592        0.051153        1.499753
     Cl  18       -0.549480        1.499753        0.063584

     H   19       -0.000000        0.000000        0.000000
     H   19        0.000000        0.000000        0.000000
     H   19        0.000000        0.000000        0.000000

     C   20        0.102806       -0.266233        0.014414
     C   20       -0.266233        0.000333        0.074250
     C   20        0.014414        0.074250       -0.103139

     H   21       -0.000000        0.000000        0.000000
     H   21        0.000000        0.000000        0.000000
     H   21        0.000000        0.000000        0.000000

     C   22       -0.165751       -0.095854        0.058397
     C   22       -0.095854        0.002116       -0.106051
     C   22        0.058397       -0.106051        0.163634

     C   23        0.043725       -0.109374        0.092213
     C   23       -0.109374        0.063982       -0.081066
     C   23        0.092213       -0.081066       -0.107707

     Cl  24        1.379039        1.694694        0.146888
     Cl  24        1.694694        0.362883       -0.327939
     Cl  24        0.146888       -0.327939       -1.741922

     ----- total EFG -----
     Cl   1        2.259000       -1.582245       -0.459181
     Cl   1       -1.582245       -0.858366        0.113349
     Cl   1       -0.459181        0.113349       -1.400633

     C    2        0.444763       -0.749863       -0.389870
     C    2       -0.749863        0.125340       -0.356015
     C    2       -0.389870       -0.356015       -0.570104

     C    3       -0.389948        0.131150        0.240264
     C    3        0.131150        0.532500       -0.156201
     C    3        0.240264       -0.156201       -0.142551

     H    4        0.601268        0.004654        0.377167
     H    4        0.004654       -0.487964        0.379628
     H    4        0.377167        0.379628       -0.113304

     C    5        0.100812       -0.449103       -0.233339
     C    5       -0.449103        0.434861       -0.426095
     C    5       -0.233339       -0.426095       -0.535672

     H    6       -0.015464        0.088896        0.045467
     H    6        0.088896        0.005500        0.573168
     H    6        0.045467        0.573168        0.009964

     H    7       -0.191308        0.023167        0.326598
     H    7        0.023167        0.525100       -0.658922
     H    7        0.326598       -0.658922       -0.333792

     C    8       -0.187637        0.257726        0.103113
     C    8        0.257726        0.316648       -0.316428
     C    8        0.103113       -0.316428       -0.129010

     H    9        0.660840       -0.104659        0.583521
     H    9       -0.104659       -0.216947       -0.476036
     H    9        0.583521       -0.476036       -0.443893

     C   10        0.222644        0.378197        0.547173
     C   10        0.378197       -0.025462       -0.443753
     C   10        0.547173       -0.443753       -0.197182

     C   11        0.013535        0.113884       -0.200540
     C   11        0.113884        0.155801       -0.194230
     C   11       -0.200540       -0.194230       -0.169336

     Cl  12        0.221090       -0.023820       -0.937589
     Cl  12       -0.023820        0.032012        1.151317
     Cl  12       -0.937589        1.151317       -0.253101

     H   13       -0.596109       -0.118752        0.211551
     H   13       -0.118752        0.370555        0.312202
     H   13        0.211551        0.312202        0.225554

     C   14        0.018626        0.242848       -0.226557
     C   14        0.242848        0.070214        0.409540
     C   14       -0.226557        0.409540       -0.088840

     H   15       -0.028543        0.339496        0.677427
     H   15        0.339496        0.056560        0.076597
     H   15        0.677427        0.076597       -0.028017

     C   16        0.222789       -0.532914       -0.223973
     C   16       -0.532914       -0.059773       -0.098799
     C   16       -0.223973       -0.098799       -0.163016

     C   17       -0.362882        0.180332       -0.333726
     C   17        0.180332        0.353042        0.414133
     C   17       -0.333726        0.414133        0.009839

     Cl  18        0.004746       -1.964035       -0.460191
     Cl  18       -1.964035        0.025799        1.427972
     Cl  18       -0.460191        1.427972       -0.030544

     H   19       -0.158490        0.278836       -0.170925
     H   19        0.278836        0.026402       -0.208014
     H   19       -0.170925       -0.208014        0.132088

     C   20        0.272693       -0.496689        0.303057
     C   20       -0.496689       -0.236657        0.233922
     C   20        0.303057        0.233922       -0.036037

     H   21        0.388751       -0.024639        0.149240
     H   21       -0.024639       -0.086265        0.054265
     H   21        0.149240        0.054265       -0.302486

     C   22       -0.697497       -0.073747        0.071770
     C   22       -0.073747        0.247946       -0.304324
     C   22        0.071770       -0.304324        0.449551

     C   23        0.053315       -0.188131        0.335410
     C   23       -0.188131       -0.068292       -0.051082
     C   23        0.335410       -0.051082        0.014977

     Cl  24        1.469490        1.825831        0.160230
     Cl  24        1.825831        0.445890       -0.375347
     Cl  24        0.160230       -0.375347       -1.915380

     ----- total EFG (symmetrized) -----
     Cl   1        2.259000       -1.582245       -0.459181
     Cl   1       -1.582245       -0.858366        0.113349
     Cl   1       -0.459181        0.113349       -1.400633

     C    2        0.444763       -0.749863       -0.389870
     C    2       -0.749863        0.125340       -0.356015
     C    2       -0.389870       -0.356015       -0.570104

     C    3       -0.389948        0.131150        0.240264
     C    3        0.131150        0.532500       -0.156201
     C    3        0.240264       -0.156201       -0.142551

     H    4        0.601268        0.004654        0.377167
     H    4        0.004654       -0.487964        0.379628
     H    4        0.377167        0.379628       -0.113304

     C    5        0.100812       -0.449103       -0.233339
     C    5       -0.449103        0.434861       -0.426095
     C    5       -0.233339       -0.426095       -0.535672

     H    6       -0.015464        0.088896        0.045467
     H    6        0.088896        0.005500        0.573168
     H    6        0.045467        0.573168        0.009964

     H    7       -0.191308        0.023167        0.326598
     H    7        0.023167        0.525100       -0.658922
     H    7        0.326598       -0.658922       -0.333792

     C    8       -0.187637        0.257726        0.103113
     C    8        0.257726        0.316648       -0.316428
     C    8        0.103113       -0.316428       -0.129010

     H    9        0.660840       -0.104659        0.583521
     H    9       -0.104659       -0.216947       -0.476036
     H    9        0.583521       -0.476036       -0.443893

     C   10        0.222644        0.378197        0.547173
     C   10        0.378197       -0.025462       -0.443753
     C   10        0.547173       -0.443753       -0.197182

     C   11        0.013535        0.113884       -0.200540
     C   11        0.113884        0.155801       -0.194230
     C   11       -0.200540       -0.194230       -0.169336

     Cl  12        0.221090       -0.023820       -0.937589
     Cl  12       -0.023820        0.032012        1.151317
     Cl  12       -0.937589        1.151317       -0.253101

     H   13       -0.596109       -0.118752        0.211551
     H   13       -0.118752        0.370555        0.312202
     H   13        0.211551        0.312202        0.225554

     C   14        0.018626        0.242848       -0.226557
     C   14        0.242848        0.070214        0.409540
     C   14       -0.226557        0.409540       -0.088840

     H   15       -0.028543        0.339496        0.677427
     H   15        0.339496        0.056560        0.076597
     H   15        0.677427        0.076597       -0.028017

     C   16        0.222789       -0.532914       -0.223973
     C   16       -0.532914       -0.059773       -0.098799
     C   16       -0.223973       -0.098799       -0.163016

     C   17       -0.362882        0.180332       -0.333726
     C   17        0.180332        0.353042        0.414133
     C   17       -0.333726        0.414133        0.009839

     Cl  18        0.004746       -1.964035       -0.460191
     Cl  18       -1.964035        0.025799        1.427972
     Cl  18       -0.460191        1.427972       -0.030544

     H   19       -0.158490        0.278836       -0.170925
     H   19        0.278836        0.026402       -0.208014
     H   19       -0.170925       -0.208014        0.132088

     C   20        0.272693       -0.496689        0.303057
     C   20       -0.496689       -0.236657        0.233922
     C   20        0.303057        0.233922       -0.036037

     H   21        0.388751       -0.024639        0.149240
     H   21       -0.024639       -0.086265        0.054265
     H   21        0.149240        0.054265       -0.302486

     C   22       -0.697497       -0.073747        0.071770
     C   22       -0.073747        0.247946       -0.304324
     C   22        0.071770       -0.304324        0.449551

     C   23        0.053315       -0.188131        0.335410
     C   23       -0.188131       -0.068292       -0.051082
     C   23        0.335410       -0.051082        0.014977

     Cl  24        1.469490        1.825831        0.160230
     Cl  24        1.825831        0.445890       -0.375347
     Cl  24        0.160230       -0.375347       -1.915380


     NQR/NMR SPECTROSCOPIC PARAMETERS:
     Cl   1    Vxx=   -1.4053    axis=( -0.121068 -0.524884  0.842520)
     Cl   1    Vyy=   -1.5661    axis=( -0.377957 -0.760455 -0.528070)
     Cl   1    Vzz=    2.9713    axis=(  0.917873 -0.382369 -0.106317)
     Cl   1  Q=        -8.1650 1e-30 m^2  Cq=       -57.0033 MHz  eta= 0.05411

     C    2    Vxx=   -0.0047    axis=(  0.424710  0.604812 -0.673665)
     C    2    Vyy=   -1.0514    axis=(  0.446400  0.507462  0.737028)
     C    2    Vzz=    1.0560    axis=( -0.787622  0.613747  0.054464)
     C    2  Q=         1.0000 1e-30 m^2  Cq=         2.4813 MHz  eta= 0.99113

     C    3    Vxx=   -0.0030    axis=(  0.550357  0.106754  0.828077)
     C    3    Vyy=   -0.5706    axis=( -0.830352  0.173699  0.529476)
     C    3    Vzz=    0.5736    axis=( -0.087313 -0.978996  0.184240)
     C    3  Q=         1.0000 1e-30 m^2  Cq=         1.3477 MHz  eta= 0.98953

     H    4    Vxx=   -0.0293    axis=( -0.423023  0.575203  0.700138)
     H    4    Vyy=   -0.7548    axis=(  0.155564  0.807308 -0.569257)
     H    4    Vzz=    0.7841    axis=(  0.892665  0.131893  0.430991)
     H    4  Q=         1.0000 1e-30 m^2  Cq=         1.8422 MHz  eta= 0.92525

     C    5    Vxx=    0.0691    axis=(  0.777373  0.332348 -0.534075)
     C    5    Vyy=    0.7884    axis=( -0.491963  0.850309 -0.186941)
     C    5    Vzz=   -0.8575    axis=(  0.391999  0.408068  0.824510)
     C    5  Q=         1.0000 1e-30 m^2  Cq=        -2.0148 MHz  eta= 0.83879

     H    6    Vxx=   -0.0285    axis=(  0.986485 -0.068262 -0.148953)
     H    6    Vyy=   -0.5672    axis=( -0.056712  0.710644 -0.701262)
     H    6    Vzz=    0.5957    axis=( -0.153722 -0.700232 -0.697169)
     H    6  Q=         1.0000 1e-30 m^2  Cq=         1.3996 MHz  eta= 0.90437

     H    7    Vxx=   -0.0678    axis=(  0.894665  0.315984  0.315799)
     H    7    Vyy=   -0.8320    axis=( -0.427559  0.400737  0.810310)
     H    7    Vzz=    0.8998    axis=(  0.129492 -0.859979  0.493628)
     H    7  Q=         1.0000 1e-30 m^2  Cq=         2.1142 MHz  eta= 0.84921

     C    8    Vxx=   -0.0594    axis=(  0.721455  0.083924  0.687357)
     C    8    Vyy=   -0.4709    axis=(  0.640707 -0.457441 -0.616639)
     C    8    Vzz=    0.5303    axis=( -0.262674 -0.885271  0.383794)
     C    8  Q=         1.0000 1e-30 m^2  Cq=         1.2460 MHz  eta= 0.77591

     H    9    Vxx=   -0.0555    axis=(  0.424544  0.824920 -0.373189)
     H    9    Vyy=   -0.9294    axis=( -0.267069  0.507934  0.818949)
     H    9    Vzz=    0.9849    axis=(  0.865122 -0.248013  0.435951)
     H    9  Q=         1.0000 1e-30 m^2  Cq=         2.3141 MHz  eta= 0.88739

     C   10    Vxx=    0.3323    axis=(  0.145913  0.827255 -0.542549)
     C   10    Vyy=    0.6092    axis=(  0.856295  0.169043  0.488040)
     C   10    Vzz=   -0.9414    axis=( -0.495447  0.535793  0.683709)
     C   10  Q=         1.0000 1e-30 m^2  Cq=        -2.2120 MHz  eta= 0.29411

     C   11    Vxx=   -0.0338    axis=(  0.745728 -0.639458 -0.187039)
     C   11    Vyy=   -0.3246    axis=(  0.430789  0.248633  0.867526)
     C   11    Vzz=    0.3584    axis=( -0.508242 -0.727513  0.460884)
     C   11  Q=         1.0000 1e-30 m^2  Cq=         0.8421 MHz  eta= 0.81127

     Cl  12    Vxx=    0.1208    axis=(  0.763255  0.642785  0.065342)
     Cl  12    Vyy=    1.4400    axis=(  0.517062 -0.547048 -0.658320)
     Cl  12    Vzz=   -1.5608    axis=( -0.387413  0.536252 -0.749897)
     Cl  12  Q=        -8.1650 1e-30 m^2  Cq=        29.9429 MHz  eta= 0.84525

     H   13    Vxx=    0.0641    axis=(  0.339722 -0.603352  0.721495)
     H   13    Vyy=    0.6199    axis=(  0.034240  0.774544  0.631593)
     H   13    Vzz=   -0.6840    axis=( -0.939902 -0.189862  0.283788)
     H   13  Q=         1.0000 1e-30 m^2  Cq=        -1.6071 MHz  eta= 0.81261

     C   14    Vxx=    0.1869    axis=(  0.868262  0.165372 -0.467732)
     C   14    Vyy=    0.4149    axis=( -0.159369 -0.799860 -0.578640)
     C   14    Vzz=   -0.6018    axis=(  0.469811 -0.576954  0.668134)
     C   14  Q=         1.0000 1e-30 m^2  Cq=        -1.4140 MHz  eta= 0.37878

     H   15    Vxx=   -0.0219    axis=(  0.104547 -0.888701  0.446409)
     H   15    Vyy=   -0.7520    axis=(  0.721226 -0.241313 -0.649308)
     H   15    Vzz=    0.7739    axis=(  0.684765  0.389845  0.615726)
     H   15  Q=         1.0000 1e-30 m^2  Cq=         1.8183 MHz  eta= 0.94352

     C   16    Vxx=   -0.0678    axis=( -0.168647 -0.458639  0.872473)
     C   16    Vyy=   -0.5828    axis=(  0.574712  0.673366  0.465064)
     C   16    Vzz=    0.6506    axis=( -0.800790  0.579852  0.150024)
     C   16  Q=         1.0000 1e-30 m^2  Cq=         1.5287 MHz  eta= 0.79163

     C   17    Vxx=    0.0649    axis=( -0.659355 -0.451426  0.601220)
     C   17    Vyy=    0.6312    axis=(  0.042388 -0.820723 -0.569752)
     C   17    Vzz=   -0.6961    axis=( -0.750636  0.350184 -0.560283)
     C   17  Q=         1.0000 1e-30 m^2  Cq=        -1.6356 MHz  eta= 0.81358

     Cl  18    Vxx=   -0.4547    axis=(  0.578245 -0.055445  0.813977)
     Cl  18    Vyy=   -2.2127    axis=(  0.575934  0.734395 -0.359116)
     Cl  18    Vzz=    2.6675    axis=( -0.577870  0.676454  0.456593)
     Cl  18  Q=        -8.1650 1e-30 m^2  Cq=       -51.1738 MHz  eta= 0.65905

     H   19    Vxx=   -0.0924    axis=(  0.336895  0.548820  0.765048)
     H   19    Vyy=   -0.3606    axis=( -0.821900  0.567820 -0.045404)
     H   19    Vzz=    0.4530    axis=( -0.459328 -0.613496  0.642371)
     H   19  Q=         1.0000 1e-30 m^2  Cq=         1.0643 MHz  eta= 0.59202

     C   20    Vxx=    0.1177    axis=(  0.024812  0.526326  0.849921)
     C   20    Vyy=    0.6110    axis=( -0.864333  0.438478 -0.246302)
     C   20    Vzz=   -0.7287    axis=( -0.502307 -0.728504  0.465801)
     C   20  Q=         1.0000 1e-30 m^2  Cq=        -1.7121 MHz  eta= 0.67704

     H   21    Vxx=   -0.0736    axis=(  0.018727 -0.975528 -0.219076)
     H   21    Vyy=   -0.3463    axis=( -0.201188 -0.218310  0.954916)
     H   21    Vzz=    0.4199    axis=( -0.979374  0.026192 -0.200353)
     H   21  Q=         1.0000 1e-30 m^2  Cq=         0.9867 MHz  eta= 0.64945

     C   22    Vxx=    0.0286    axis=( -0.023933  0.808235  0.588374)
     C   22    Vyy=    0.6768    axis=(  0.073580 -0.585522  0.807310)
     C   22    Vzz=   -0.7054    axis=( -0.997002 -0.062613  0.045456)
     C   22  Q=         1.0000 1e-30 m^2  Cq=        -1.6574 MHz  eta= 0.91894

     C   23    Vxx=   -0.0919    axis=( -0.026520  0.866923  0.497736)
     C   23    Vyy=   -0.3388    axis=(  0.699949  0.371588 -0.609913)
     C   23    Vzz=    0.4307    axis=(  0.713700 -0.332215  0.616657)
     C   23  Q=         1.0000 1e-30 m^2  Cq=         1.0120 MHz  eta= 0.57340

     Cl  24    Vxx=   -0.7985    axis=( -0.576808  0.745755 -0.333379)
     Cl  24    Vyy=   -2.0575    axis=( -0.186339  0.277233  0.942560)
     Cl  24    Vzz=    2.8560    axis=( -0.795343 -0.605798  0.020947)
     Cl  24  Q=        -8.1650 1e-30 m^2  Cq=       -54.7904 MHz  eta= 0.44081

     Initialization:
     gipaw_setup  :      9.02s CPU     10.78s WALL (       1 calls)

     Linear response

     Apply operators

     Induced current

     Other routines
     efg          :      9.42s CPU     11.80s WALL (       1 calls)

     General routines
     calbec       :      3.22s CPU      4.14s WALL (      16 calls)
     fft          :      1.32s CPU      1.50s WALL (      15 calls)
     ffts         :      0.04s CPU      0.04s WALL (       2 calls)
     fftw         :      3.44s CPU      4.30s WALL (     672 calls)
     davcio       :      0.04s CPU      0.31s WALL (      32 calls)

     Parallel routines
     fft_scatter  :      2.13s CPU      2.93s WALL (     689 calls)

     Plugins

     GIPAW        :     61.54s CPU     73.56s WALL (       1 calls)
