
     Program QE v.6.0 (svn rev. 13079) starts on 18Dec2016 at  2:37:42 

     This program is part of the open-source Quantum ESPRESSO suite
     for quantum simulation of materials; please cite
         "P. Giannozzi et al., J. Phys.:Condens. Matter 21 395502 (2009);
          URL http://www.quantum-espresso.org", 
     in publications or presentations arising from this work. More details at
     http://www.quantum-espresso.org/quote

     Parallel version (MPI), running on     8 processors
     R & G space division:  proc/nbgrp/npool/nimage =       8

     ***** This is GIPAW svn revision unknown      *****

     Parallelizing q-star over 1 images

     Reading data from directory:
     /users/majewski/paradichlorobenzene/pbe/9_constraint/scratch/pbe.ecut100.np8.dt60.pcl2phi-129368.save
     Message from routine read_xml_file:
     file /users/majewski/paradichlorobenzene/pbe/9_constraint/scratch/pbe.ecut100.np8.dt60.pcl2phi-129368.save not guaranteed to be safe for post-processing

   Info: using nr1, nr2, nr3 values from input

   Info: using nr1, nr2, nr3 values from input

     IMPORTANT: XC functional enforced from input :
     Exchange-correlation      =  SLA  PW   PBX  PBC ( 1  4  3  4 0 0)
     Any further DFT definition will be discarded
     Please, verify this is what you really want

               file C.pbe-n-kjpaw_psl.1.0.0.UPF: wavefunction(s)  2S 2P renormalized
               file Cl.pbe-n-kjpaw_psl.1.0.0.UPF: wavefunction(s)  3S 3P renormalized
               file H.pbe-kjpaw_psl.1.0.0.UPF: wavefunction(s)  1S renormalized

     Parallelization info
     --------------------
     sticks:   dense  smooth     PW     G-vecs:    dense   smooth      PW
     Min        3057    1223    332               144436    36536    5170
     Max        3059    1225    333               144437    36537    5171
     Sum       24467    9791   2657              1155489   292295   41363


     Subspace diagonalization in iterative solution of the eigenvalue problem:
     a serial algorithm will be used

     GIPAW projectors -----------------------------------------------
     atom=  C    l=0  rc=    1.2000  rs=    0.8000
     atom=  C    l=0  rc=    1.2000  rs=    0.8000
     atom=  C    l=1  rc=    1.4000  rs=    0.9333
     atom=  C    l=1  rc=    1.4000  rs=    0.9333
     projs nearly linearly dependent: l=1  n1,n2= 1, 2  s=  0.99951561

     atom=  Cl   l=0  rc=    1.6000  rs=    1.0667
     atom=  Cl   l=0  rc=    1.6000  rs=    1.0667
     atom=  Cl   l=1  rc=    1.6000  rs=    1.0667
     atom=  Cl   l=1  rc=    1.6000  rs=    1.0667
     atom=  Cl   l=2  rc=    1.6000  rs=    1.0667
     atom=  Cl   l=2  rc=    1.6000  rs=    1.0667
     projs nearly linearly dependent: l=2  n1,n2= 1, 2  s=  0.99993509

     atom=  H    l=0  rc=    1.0000  rs=    0.6667
     atom=  H    l=0  rc=    1.0000  rs=    0.6667
     projs nearly linearly dependent: l=0  n1,n2= 1, 2  s=  0.99968852
     -----------------------------------------------------------------

     GIPAW integrals: -------------------------------------------
     Atom  i/j   nmr_para   nmr_dia   epr_rmc  epr_para   epr_dia
       C   1 1   0.83E+03  0.17E-01  0.93E+01  0.24E+08  0.24E+03
       C   2 1   0.86E+03 -0.61E-01  0.94E+01  0.25E+08  0.25E+03
       C   2 2   0.90E+03 -0.15E+00  0.97E+01  0.26E+08  0.26E+03
       C   3 3   0.33E+01  0.34E+00  0.18E+01  0.55E+03  0.21E+02
       C   4 3   0.35E+01  0.37E+00  0.20E+01  0.59E+03  0.22E+02
       C   4 4   0.38E+01  0.39E+00  0.22E+01  0.63E+03  0.24E+02
       Cl  1 1   0.14E+04 -0.47E+00  0.84E+01  0.32E+09  0.42E+03
       Cl  2 1   0.21E+04 -0.37E+00  0.12E+02  0.49E+09  0.65E+03
       Cl  2 2   0.33E+04 -0.16E+00  0.21E+02  0.76E+09  0.10E+04
       Cl  3 3   0.21E+02  0.79E-01  0.89E+01  0.23E+05  0.13E+03
       Cl  4 3   0.24E+02  0.67E-01  0.99E+01  0.27E+05  0.15E+03
       Cl  4 4   0.28E+02  0.44E-01  0.11E+02  0.32E+05  0.18E+03
       Cl  5 5   0.77E+00  0.19E+00  0.18E+01  0.12E+03  0.22E+02
       Cl  6 5   0.80E+00  0.19E+00  0.19E+01  0.12E+03  0.23E+02
       Cl  6 6   0.83E+00  0.20E+00  0.19E+01  0.12E+03  0.23E+02
       H   1 1   0.39E+02  0.19E+00  0.29E+00  0.78E+05  0.13E+02
       H   2 1   0.41E+02  0.21E+00  0.32E+00  0.82E+05  0.14E+02
       H   2 2   0.43E+02  0.22E+00  0.36E+00  0.86E+05  0.15E+02
     ------------------------------------------------------------

     alpha_pv=     34.1462 eV

     Number of occupied bands for each k-point:
     k-point:     1    nbnd_occ=  42
     k-point:     2    nbnd_occ=  42
     k-point:     3    nbnd_occ=  42
     k-point:     4    nbnd_occ=  42
     k-point:     5    nbnd_occ=  42
     k-point:     6    nbnd_occ=  42
     k-point:     7    nbnd_occ=  42
     k-point:     8    nbnd_occ=  42
     k-point:     9    nbnd_occ=  42
     k-point:    10    nbnd_occ=  42
     k-point:    11    nbnd_occ=  42
     k-point:    12    nbnd_occ=  42
     k-point:    13    nbnd_occ=  42
     k-point:    14    nbnd_occ=  42
     k-point:    15    nbnd_occ=  42
     k-point:    16    nbnd_occ=  42


     q-space interpolation up to   110.00 Rydberg

     GIPAW job: efg                                                                             


     ELECTRIC FIELD GRADIENTS TENSORS IN Hartree/bohrradius^2:

     ----- bare term -----
     Cl   1       -0.012113        0.067807       -0.018774
     Cl   1        0.067807        0.089081       -0.009602
     Cl   1       -0.018774       -0.009602       -0.076968

     C    2       -0.197840        0.334179       -0.157437
     C    2        0.334179       -0.185427       -0.388237
     C    2       -0.157437       -0.388237        0.383267

     C    3       -0.033462        0.389671       -0.206580
     C    3        0.389671       -0.181822       -0.567039
     C    3       -0.206580       -0.567039        0.215284

     H    4        0.004044       -0.133539       -0.406374
     H    4       -0.133539        0.406990        0.101656
     H    4       -0.406374        0.101656       -0.411034

     C    5       -0.524072        0.303797       -0.330932
     C    5        0.303797        0.342092       -0.154947
     C    5       -0.330932       -0.154947        0.181980

     H    6        0.211970       -0.072497        0.373007
     H    6       -0.072497        0.056642       -0.314488
     H    6        0.373007       -0.314488       -0.268612

     H    7        0.395314        0.025375       -0.015654
     H    7        0.025375       -0.483745        0.545596
     H    7       -0.015654        0.545596        0.088432

     C    8       -0.232748       -0.244527       -0.281376
     C    8       -0.244527       -0.054588        0.520548
     C    8       -0.281376        0.520548        0.287336

     H    9       -0.193144        0.207597       -0.514189
     H    9        0.207597        0.346185        0.283777
     H    9       -0.514189        0.283777       -0.153041

     C   10       -0.602196       -0.391233       -0.275860
     C   10       -0.391233        0.257525        0.298801
     C   10       -0.275860        0.298801        0.344671

     C   11       -0.007575       -0.367060       -0.157314
     C   11       -0.367060       -0.084581        0.615838
     C   11       -0.157314        0.615838        0.092156

     Cl  12       -0.100423       -0.171734        0.078151
     Cl  12       -0.171734        0.032262       -0.138526
     Cl  12        0.078151       -0.138526        0.068161

     H   13        0.282105        0.249609        0.141278
     H   13        0.249609       -0.442698       -0.534811
     H   13        0.141278       -0.534811        0.160593

     C   14       -0.064900       -0.375870       -0.494228
     C   14       -0.375870       -0.045775       -0.523012
     C   14       -0.494228       -0.523012        0.110675

     H   15       -0.010021       -0.113916       -0.338374
     H   15       -0.113916        0.069198       -0.542155
     H   15       -0.338374       -0.542155       -0.059177

     C   16       -0.688679        0.319749       -0.262732
     C   16        0.319749        0.276330       -0.107514
     C   16       -0.262732       -0.107514        0.412349

     C   17        0.054856        0.014256       -0.214001
     C   17        0.014256       -0.037590       -0.579115
     C   17       -0.214001       -0.579115       -0.017266

     Cl  18       -0.255547        0.302888       -0.005139
     Cl  18        0.302888        0.060269        0.071342
     Cl  18       -0.005139        0.071342        0.195278

     H   19        0.395630        0.046612        0.098522
     H   19        0.046612       -0.280046        0.475365
     H   19        0.098522        0.475365       -0.115583

     C   20       -0.389308       -0.301245       -0.462363
     C   20       -0.301245        0.254527        0.271461
     C   20       -0.462363        0.271461        0.134781

     H   21        0.021615        0.131909       -0.294704
     H   21        0.131909        0.497733       -0.004295
     H   21       -0.294704       -0.004295       -0.519348

     C   22        0.029230       -0.440461       -0.172940
     C   22       -0.440461       -0.234145        0.444438
     C   22       -0.172940        0.444438        0.204915

     C   23       -0.203436       -0.222009       -0.368569
     C   23       -0.222009       -0.036235        0.299780
     C   23       -0.368569        0.299780        0.239671

     Cl  24       -0.010466        0.028463       -0.030032
     Cl  24        0.028463        0.001235        0.029682
     Cl  24       -0.030032        0.029682        0.009231

     ----- ionic term -----
     Cl   1        0.216604       -0.207738       -0.007651
     Cl   1       -0.207738       -0.083507       -0.005437
     Cl   1       -0.007651       -0.005437       -0.133097

     C    2        0.277278       -0.193959        0.162816
     C    2       -0.193959       -0.086838        0.448414
     C    2        0.162816        0.448414       -0.190440

     C    3        0.230797       -0.364937        0.124714
     C    3       -0.364937       -0.025597        0.399490
     C    3        0.124714        0.399490       -0.205201

     H    4        0.438965        0.304905        0.719840
     H    4        0.304905       -0.446910        0.310568
     H    4        0.719840        0.310568        0.007945

     C    5        0.275643       -0.289849        0.274066
     C    5       -0.289849       -0.079380        0.320121
     C    5        0.274066        0.320121       -0.196263

     H    6       -0.510259       -0.149206       -0.064811
     H    6       -0.149206        0.552268        0.747366
     H    6       -0.064811        0.747366       -0.042008

     H    7       -0.509612        0.058094       -0.031339
     H    7        0.058094        0.391039       -0.786008
     H    7       -0.031339       -0.786008        0.118573

     C    8        0.272133        0.292339        0.294595
     C    8        0.292339       -0.038615       -0.296039
     C    8        0.294595       -0.296039       -0.233519

     H    9        0.360759       -0.098737        0.776581
     H    9       -0.098737       -0.520028       -0.175010
     H    9        0.776581       -0.175010        0.159269

     C   10        0.159850        0.374466        0.221145
     C   10        0.374466        0.108261       -0.330348
     C   10        0.221145       -0.330348       -0.268111

     C   11        0.196972        0.223614        0.338908
     C   11        0.223614        0.070819       -0.330986
     C   11        0.338908       -0.330986       -0.267791

     Cl  12        0.115498        0.227936        0.060633
     Cl  12        0.227936        0.041026        0.041559
     Cl  12        0.060633        0.041559       -0.156524

     H   13       -0.514463        0.090083        0.061105
     H   13        0.090083        0.559562        0.755342
     H   13        0.061105        0.755342       -0.045099

     C   14        0.250308       -0.074038        0.267962
     C   14       -0.074038       -0.014773        0.347006
     C   14        0.267962        0.347006       -0.235535

     H   15        0.426445        0.217377        0.775367
     H   15        0.217377       -0.480682        0.252569
     H   15        0.775367        0.252569        0.054237

     C   16        0.133442       -0.245056        0.193121
     C   16       -0.245056        0.093605        0.392505
     C   16        0.193121        0.392505       -0.227047

     C   17        0.128287       -0.251922        0.327869
     C   17       -0.251922        0.063077        0.397840
     C   17        0.327869        0.397840       -0.191364

     Cl  18        0.148848       -0.220076        0.054335
     Cl  18       -0.220076        0.004054       -0.024012
     Cl  18        0.054335       -0.024012       -0.152902

     H   19       -0.504868       -0.163344        0.113438
     H   19       -0.163344        0.745691       -0.650775
     H   19        0.113438       -0.650775       -0.240823

     C   20        0.280560        0.175341        0.336852
     C   20        0.175341        0.044698       -0.276480
     C   20        0.336852       -0.276480       -0.325257

     H   21        0.407225       -0.333644        0.745566
     H   21       -0.333644       -0.384047       -0.327065
     H   21        0.745566       -0.327065       -0.023178

     C   22        0.123402        0.267087        0.214387
     C   22        0.267087        0.183366       -0.366165
     C   22        0.214387       -0.366165       -0.306768

     C   23        0.207967        0.214144        0.232121
     C   23        0.214144        0.040934       -0.385795
     C   23        0.232121       -0.385795       -0.248901

     Cl  24        0.190279        0.213257       -0.019993
     Cl  24        0.213257       -0.063888       -0.013792
     Cl  24       -0.019993       -0.013792       -0.126391

     ----- GIPAW term -----
     Cl   1        2.612219        0.288603       -0.399810
     Cl   1        0.288603        0.025178       -0.209230
     Cl   1       -0.399810       -0.209230       -2.637397

     C    2        0.137435       -0.164682        0.014271
     C    2       -0.164682       -0.038567       -0.064264
     C    2        0.014271       -0.064264       -0.098867

     C    3       -0.056971        0.145186       -0.115409
     C    3        0.145186        0.033586       -0.206491
     C    3       -0.115409       -0.206491        0.023385

     H    4       -0.000000        0.000000        0.000000
     H    4        0.000000        0.000000        0.000000
     H    4        0.000000        0.000000        0.000000

     C    5       -0.096749        0.120213       -0.070523
     C    5        0.120213        0.138138       -0.088542
     C    5       -0.070523       -0.088542       -0.041389

     H    6       -0.000000        0.000000        0.000000
     H    6        0.000000        0.000000        0.000000
     H    6        0.000000        0.000000        0.000000

     H    7       -0.000000        0.000000        0.000000
     H    7        0.000000        0.000000        0.000000
     H    7        0.000000        0.000000        0.000000

     C    8       -0.076203       -0.120982       -0.074340
     C    8       -0.120982        0.099346        0.217798
     C    8       -0.074340        0.217798       -0.023143

     H    9       -0.000000        0.000000        0.000000
     H    9        0.000000        0.000000        0.000000
     H    9        0.000000        0.000000        0.000000

     C   10       -0.215419       -0.110203       -0.068440
     C   10       -0.110203        0.276092        0.073772
     C   10       -0.068440        0.073772       -0.060673

     C   11        0.070928       -0.145267       -0.079531
     C   11       -0.145267        0.081690        0.152002
     C   11       -0.079531        0.152002       -0.152617

     Cl  12        0.357825        0.261706        1.166210
     Cl  12        0.261706        0.448792       -1.802245
     Cl  12        1.166210       -1.802245       -0.806617

     H   13       -0.000000        0.000000        0.000000
     H   13        0.000000        0.000000        0.000000
     H   13        0.000000        0.000000        0.000000

     C   14        0.054269       -0.229981       -0.085972
     C   14       -0.229981        0.054644       -0.044875
     C   14       -0.085972       -0.044875       -0.108913

     H   15       -0.000000        0.000000        0.000000
     H   15        0.000000        0.000000        0.000000
     H   15        0.000000        0.000000        0.000000

     C   16       -0.171680       -0.108381       -0.057539
     C   16       -0.108381        0.250819        0.070741
     C   16       -0.057539        0.070741       -0.079138

     C   17       -0.062980       -0.025655       -0.008521
     C   17       -0.025655        0.256765        0.033055
     C   17       -0.008521        0.033055       -0.193785

     Cl  18       -1.202776       -0.321049        0.111511
     Cl  18       -0.321049        1.822924        2.078696
     Cl  18        0.111511        2.078696       -0.620147

     H   19       -0.000000        0.000000        0.000000
     H   19        0.000000        0.000000        0.000000
     H   19        0.000000        0.000000        0.000000

     C   20       -0.009851       -0.176548       -0.143907
     C   20       -0.176548        0.064112        0.115095
     C   20       -0.143907        0.115095       -0.054261

     H   21       -0.000000        0.000000        0.000000
     H   21        0.000000        0.000000        0.000000
     H   21        0.000000        0.000000        0.000000

     C   22        0.002155       -0.152261       -0.126380
     C   22       -0.152261       -0.022730        0.151614
     C   22       -0.126380        0.151614        0.020575

     C   23       -0.055038       -0.039506       -0.105629
     C   23       -0.039506        0.034315        0.154772
     C   23       -0.105629        0.154772        0.020723

     Cl  24        1.312199        2.443078       -0.195608
     Cl  24        2.443078        0.133395        0.256687
     Cl  24       -0.195608        0.256687       -1.445594

     ----- total EFG -----
     Cl   1        2.816710        0.148672       -0.426235
     Cl   1        0.148672        0.030753       -0.224269
     Cl   1       -0.426235       -0.224269       -2.847463

     C    2        0.216872       -0.024462        0.019650
     C    2       -0.024462       -0.310832       -0.004087
     C    2        0.019650       -0.004087        0.093960

     C    3        0.140365        0.169921       -0.197275
     C    3        0.169921       -0.173834       -0.374041
     C    3       -0.197275       -0.374041        0.033469

     H    4        0.443009        0.171366        0.313466
     H    4        0.171366       -0.039920        0.412224
     H    4        0.313466        0.412224       -0.403089

     C    5       -0.345178        0.134160       -0.127389
     C    5        0.134160        0.400850        0.076631
     C    5       -0.127389        0.076631       -0.055672

     H    6       -0.298289       -0.221703        0.308197
     H    6       -0.221703        0.608910        0.432877
     H    6        0.308197        0.432877       -0.310620

     H    7       -0.114298        0.083469       -0.046994
     H    7        0.083469       -0.092706       -0.240412
     H    7       -0.046994       -0.240412        0.207005

     C    8       -0.036817       -0.073170       -0.061121
     C    8       -0.073170        0.006143        0.442307
     C    8       -0.061121        0.442307        0.030674

     H    9        0.167615        0.108859        0.262392
     H    9        0.108859       -0.173843        0.108766
     H    9        0.262392        0.108766        0.006228

     C   10       -0.657765       -0.126971       -0.123155
     C   10       -0.126971        0.641878        0.042225
     C   10       -0.123155        0.042225        0.015887

     C   11        0.260325       -0.288714        0.102064
     C   11       -0.288714        0.067927        0.436854
     C   11        0.102064        0.436854       -0.328253

     Cl  12        0.372900        0.317908        1.304994
     Cl  12        0.317908        0.522080       -1.899212
     Cl  12        1.304994       -1.899212       -0.894980

     H   13       -0.232358        0.339692        0.202383
     H   13        0.339692        0.116865        0.220531
     H   13        0.202383        0.220531        0.115494

     C   14        0.239677       -0.679888       -0.312238
     C   14       -0.679888       -0.005904       -0.220881
     C   14       -0.312238       -0.220881       -0.233773

     H   15        0.416424        0.103461        0.436992
     H   15        0.103461       -0.411484       -0.289586
     H   15        0.436992       -0.289586       -0.004940

     C   16       -0.726918       -0.033688       -0.127151
     C   16       -0.033688        0.620754        0.355732
     C   16       -0.127151        0.355732        0.106163

     C   17        0.120162       -0.263321        0.105348
     C   17       -0.263321        0.282252       -0.148219
     C   17        0.105348       -0.148219       -0.402415

     Cl  18       -1.309476       -0.238237        0.160707
     Cl  18       -0.238237        1.887247        2.126026
     Cl  18        0.160707        2.126026       -0.577771

     H   19       -0.109238       -0.116732        0.211960
     H   19       -0.116732        0.465645       -0.175409
     H   19        0.211960       -0.175409       -0.356407

     C   20       -0.118599       -0.302452       -0.269419
     C   20       -0.302452        0.363336        0.110076
     C   20       -0.269419        0.110076       -0.244738

     H   21        0.428840       -0.201735        0.450862
     H   21       -0.201735        0.113686       -0.331359
     H   21        0.450862       -0.331359       -0.542526

     C   22        0.154787       -0.325634       -0.084933
     C   22       -0.325634       -0.073509        0.229887
     C   22       -0.084933        0.229887       -0.081278

     C   23       -0.050507       -0.047371       -0.242076
     C   23       -0.047371        0.039014        0.068757
     C   23       -0.242076        0.068757        0.011493

     Cl  24        1.492012        2.684799       -0.245633
     Cl  24        2.684799        0.070742        0.272577
     Cl  24       -0.245633        0.272577       -1.562754

     ----- total EFG (symmetrized) -----
     Cl   1        2.816710        0.148672       -0.426235
     Cl   1        0.148672        0.030753       -0.224269
     Cl   1       -0.426235       -0.224269       -2.847463

     C    2        0.216872       -0.024462        0.019650
     C    2       -0.024462       -0.310832       -0.004087
     C    2        0.019650       -0.004087        0.093960

     C    3        0.140365        0.169921       -0.197275
     C    3        0.169921       -0.173834       -0.374041
     C    3       -0.197275       -0.374041        0.033469

     H    4        0.443009        0.171366        0.313466
     H    4        0.171366       -0.039920        0.412224
     H    4        0.313466        0.412224       -0.403089

     C    5       -0.345178        0.134160       -0.127389
     C    5        0.134160        0.400850        0.076631
     C    5       -0.127389        0.076631       -0.055672

     H    6       -0.298289       -0.221703        0.308197
     H    6       -0.221703        0.608910        0.432877
     H    6        0.308197        0.432877       -0.310620

     H    7       -0.114298        0.083469       -0.046994
     H    7        0.083469       -0.092706       -0.240412
     H    7       -0.046994       -0.240412        0.207005

     C    8       -0.036817       -0.073170       -0.061121
     C    8       -0.073170        0.006143        0.442307
     C    8       -0.061121        0.442307        0.030674

     H    9        0.167615        0.108859        0.262392
     H    9        0.108859       -0.173843        0.108766
     H    9        0.262392        0.108766        0.006228

     C   10       -0.657765       -0.126971       -0.123155
     C   10       -0.126971        0.641878        0.042225
     C   10       -0.123155        0.042225        0.015887

     C   11        0.260325       -0.288714        0.102064
     C   11       -0.288714        0.067927        0.436854
     C   11        0.102064        0.436854       -0.328253

     Cl  12        0.372900        0.317908        1.304994
     Cl  12        0.317908        0.522080       -1.899212
     Cl  12        1.304994       -1.899212       -0.894980

     H   13       -0.232358        0.339692        0.202383
     H   13        0.339692        0.116865        0.220531
     H   13        0.202383        0.220531        0.115494

     C   14        0.239677       -0.679888       -0.312238
     C   14       -0.679888       -0.005904       -0.220881
     C   14       -0.312238       -0.220881       -0.233773

     H   15        0.416424        0.103461        0.436992
     H   15        0.103461       -0.411484       -0.289586
     H   15        0.436992       -0.289586       -0.004940

     C   16       -0.726918       -0.033688       -0.127151
     C   16       -0.033688        0.620754        0.355732
     C   16       -0.127151        0.355732        0.106163

     C   17        0.120162       -0.263321        0.105348
     C   17       -0.263321        0.282252       -0.148219
     C   17        0.105348       -0.148219       -0.402415

     Cl  18       -1.309476       -0.238237        0.160707
     Cl  18       -0.238237        1.887247        2.126026
     Cl  18        0.160707        2.126026       -0.577771

     H   19       -0.109238       -0.116732        0.211960
     H   19       -0.116732        0.465645       -0.175409
     H   19        0.211960       -0.175409       -0.356407

     C   20       -0.118599       -0.302452       -0.269419
     C   20       -0.302452        0.363336        0.110076
     C   20       -0.269419        0.110076       -0.244738

     H   21        0.428840       -0.201735        0.450862
     H   21       -0.201735        0.113686       -0.331359
     H   21        0.450862       -0.331359       -0.542526

     C   22        0.154787       -0.325634       -0.084933
     C   22       -0.325634       -0.073509        0.229887
     C   22       -0.084933        0.229887       -0.081278

     C   23       -0.050507       -0.047371       -0.242076
     C   23       -0.047371        0.039014        0.068757
     C   23       -0.242076        0.068757        0.011493

     Cl  24        1.492012        2.684799       -0.245633
     Cl  24        2.684799        0.070742        0.272577
     Cl  24       -0.245633        0.272577       -1.562754


     NQR/NMR SPECTROSCOPIC PARAMETERS:
     Cl   1    Vxx=    0.0366    axis=(  0.063671 -0.995651  0.068014)
     Cl   1    Vyy=    2.8583    axis=(  0.995345  0.058415 -0.076651)
     Cl   1    Vzz=   -2.8948    axis=(  0.072345  0.072578  0.994735)
     Cl   1  Q=        -8.1650 1e-30 m^2  Cq=        55.5358 MHz  eta= 0.97474

     C    2    Vxx=    0.0909    axis=( -0.154244 -0.000659  0.988033)
     C    2    Vyy=    0.2211    axis=( -0.986966  0.046572 -0.154046)
     C    2    Vzz=   -0.3120    axis=( -0.045913 -0.998915 -0.007834)
     C    2  Q=         1.0000 1e-30 m^2  Cq=        -0.7330 MHz  eta= 0.41732

     C    3    Vxx=   -0.0451    axis=(  0.812727 -0.327446  0.481928)
     C    3    Vyy=   -0.4588    axis=(  0.030873 -0.801774 -0.596830)
     C    3    Vzz=    0.5039    axis=( -0.581827 -0.499938  0.641514)
     C    3  Q=         1.0000 1e-30 m^2  Cq=         1.1839 MHz  eta= 0.82109

     H    4    Vxx=    0.0170    axis=(  0.553383 -0.762465 -0.335282)
     H    4    Vyy=    0.6825    axis=(  0.817271  0.419367  0.395221)
     H    4    Vzz=   -0.6995    axis=( -0.160736 -0.492725  0.855211)
     H    4  Q=         1.0000 1e-30 m^2  Cq=        -1.6436 MHz  eta= 0.95147

     C    5    Vxx=   -0.0089    axis=( -0.371697 -0.051655  0.926916)
     C    5    Vyy=   -0.4216    axis=( -0.916009  0.182697 -0.357142)
     C    5    Vzz=    0.4305    axis=( -0.150897 -0.981811 -0.115225)
     C    5  Q=         1.0000 1e-30 m^2  Cq=         1.0114 MHz  eta= 0.95884

     H    6    Vxx=   -0.0174    axis=( -0.780722  0.143921 -0.608079)
     H    6    Vyy=   -0.7720    axis=( -0.617801 -0.323819  0.716563)
     H    6    Vzz=    0.7893    axis=( -0.093780  0.935108  0.341727)
     H    6  Q=         1.0000 1e-30 m^2  Cq=         1.8546 MHz  eta= 0.95597

     H    7    Vxx=   -0.1079    axis=( -0.907935 -0.256565 -0.331403)
     H    7    Vyy=   -0.2469    axis=(  0.381778 -0.832529 -0.401422)
     H    7    Vzz=    0.3548    axis=( -0.172912 -0.490988  0.853834)
     H    7  Q=         1.0000 1e-30 m^2  Cq=         0.8336 MHz  eta= 0.39191

     C    8    Vxx=   -0.0540    axis=( -0.983124 -0.107513 -0.148012)
     C    8    Vyy=   -0.4243    axis=( -0.026056 -0.718540  0.694997)
     C    8    Vzz=    0.4783    axis=( -0.181073  0.687125  0.703613)
     C    8  Q=         1.0000 1e-30 m^2  Cq=         1.1239 MHz  eta= 0.77413

     H    9    Vxx=   -0.1752    axis=(  0.625136 -0.474268 -0.619899)
     H    9    Vyy=   -0.2266    axis=( -0.117491 -0.842347  0.525973)
     H    9    Vzz=    0.4017    axis=( -0.771622 -0.255972 -0.582303)
     H    9  Q=         1.0000 1e-30 m^2  Cq=         0.9439 MHz  eta= 0.12796

     C   10    Vxx=    0.0313    axis=( -0.157065 -0.100596  0.982451)
     C   10    Vyy=    0.6588    axis=(  0.103520 -0.990995 -0.084921)
     C   10    Vzz=   -0.6900    axis=(  0.982148  0.088365  0.166065)
     C   10  Q=         1.0000 1e-30 m^2  Cq=        -1.6213 MHz  eta= 0.90942

     C   11    Vxx=    0.1557    axis=(  0.700949  0.449618  0.553636)
     C   11    Vyy=    0.5192    axis=( -0.664401  0.693880  0.277674)
     C   11    Vzz=   -0.6749    axis=( -0.259310 -0.562471  0.785101)
     C   11  Q=         1.0000 1e-30 m^2  Cq=        -1.5858 MHz  eta= 0.53849

     Cl  12    Vxx=    0.7054    axis=(  0.855782  0.508700  0.094140)
     Cl  12    Vyy=    2.0230    axis=(  0.351336 -0.705048  0.616011)
     Cl  12    Vzz=   -2.7285    axis=(  0.379738 -0.494096 -0.782092)
     Cl  12  Q=        -8.1650 1e-30 m^2  Cq=        52.3441 MHz  eta= 0.48291

     H   13    Vxx=   -0.0855    axis=( -0.188503 -0.561504  0.805717)
     H   13    Vyy=   -0.4471    axis=(  0.870856 -0.474808 -0.127152)
     H   13    Vzz=    0.5327    axis=(  0.453957  0.677695  0.578491)
     H   13  Q=         1.0000 1e-30 m^2  Cq=         1.2515 MHz  eta= 0.67881

     C   14    Vxx=   -0.0053    axis=( -0.270551 -0.480565  0.834182)
     C   14    Vyy=   -0.8126    axis=(  0.563610  0.623414  0.541939)
     C   14    Vzz=    0.8178    axis=( -0.780478  0.616776  0.102186)
     C   14  Q=         1.0000 1e-30 m^2  Cq=         1.9216 MHz  eta= 0.98714

     H   15    Vxx=   -0.0404    axis=(  0.463246  0.621839 -0.631442)
     H   15    Vyy=   -0.6549    axis=( -0.299301  0.780417  0.548970)
     H   15    Vzz=    0.6952    axis=( -0.834159  0.065317 -0.547643)
     H   15  Q=         1.0000 1e-30 m^2  Cq=         1.6335 MHz  eta= 0.88392

     C   16    Vxx=   -0.0614    axis=( -0.143632 -0.463183  0.874547)
     C   16    Vyy=   -0.7462    axis=(  0.987956 -0.015712  0.153936)
     C   16    Vzz=    0.8076    axis=( -0.057560  0.886124  0.459861)
     C   16  Q=         1.0000 1e-30 m^2  Cq=         1.8974 MHz  eta= 0.84804

     C   17    Vxx=   -0.0743    axis=(  0.806052  0.591783 -0.008527)
     C   17    Vyy=   -0.4386    axis=( -0.108573  0.162017  0.980797)
     C   17    Vzz=    0.5128    axis=(  0.581800 -0.789648  0.194845)
     C   17  Q=         1.0000 1e-30 m^2  Cq=         1.2050 MHz  eta= 0.71033

     Cl  18    Vxx=   -1.2022    axis=(  0.918366 -0.173830  0.355510)
     Cl  18    Vyy=   -1.9136    axis=( -0.394698 -0.467258  0.791128)
     Cl  18    Vzz=    3.1158    axis=( -0.028593  0.866864  0.497724)
     Cl  18  Q=        -8.1650 1e-30 m^2  Cq=       -59.7750 MHz  eta= 0.22834

     H   19    Vxx=   -0.0534    axis=(  0.852636  0.328968  0.405946)
     H   19    Vyy=   -0.4882    axis=( -0.460426  0.105738  0.881378)
     H   19    Vzz=    0.5415    axis=(  0.247021 -0.938403  0.241622)
     H   19  Q=         1.0000 1e-30 m^2  Cq=         1.2724 MHz  eta= 0.80293

     C   20    Vxx=   -0.0961    axis=( -0.565474 -0.524728  0.636317)
     C   20    Vyy=   -0.4737    axis=(  0.675014  0.148873  0.722629)
     C   20    Vzz=    0.5698    axis=( -0.473914  0.838151  0.270015)
     C   20  Q=         1.0000 1e-30 m^2  Cq=         1.3388 MHz  eta= 0.66274

     H   21    Vxx=    0.0239    axis=(  0.518502  0.850838 -0.085030)
     H   21    Vyy=    0.7620    axis=(  0.802578 -0.449949  0.391681)
     H   21    Vzz=   -0.7858    axis=(  0.294998 -0.271331 -0.916164)
     H   21  Q=         1.0000 1e-30 m^2  Cq=        -1.8464 MHz  eta= 0.93927

     C   22    Vxx=   -0.0824    axis=( -0.568109 -0.205994 -0.796755)
     C   22    Vyy=   -0.3819    axis=( -0.396536 -0.779841  0.484362)
     C   22    Vzz=    0.4643    axis=( -0.721118  0.591113  0.361351)
     C   22  Q=         1.0000 1e-30 m^2  Cq=         1.0909 MHz  eta= 0.64503

     C   23    Vxx=    0.0077    axis=(  0.261280  0.933527 -0.245477)
     C   23    Vyy=    0.2562    axis=( -0.612068  0.356877  0.705699)
     C   23    Vzz=   -0.2639    axis=(  0.746395 -0.034136  0.664627)
     C   23  Q=         1.0000 1e-30 m^2  Cq=        -0.6201 MHz  eta= 0.94183

     Cl  24    Vxx=   -1.3543    axis=( -0.298163  0.395579  0.868686)
     Cl  24    Vyy=   -2.2045    axis=( -0.531813  0.686893 -0.495331)
     Cl  24    Vzz=    3.5588    axis=( -0.792637 -0.609668  0.005568)
     Cl  24  Q=        -8.1650 1e-30 m^2  Cq=       -68.2736 MHz  eta= 0.23889

     Initialization:
     gipaw_setup  :      9.33s CPU     11.57s WALL (       1 calls)

     Linear response

     Apply operators

     Induced current

     Other routines
     efg          :      9.13s CPU     11.27s WALL (       1 calls)

     General routines
     calbec       :      3.16s CPU      3.91s WALL (      16 calls)
     fft          :      1.39s CPU      1.87s WALL (      15 calls)
     ffts         :      0.04s CPU      0.05s WALL (       2 calls)
     fftw         :      3.14s CPU      3.87s WALL (     672 calls)
     davcio       :      0.03s CPU      0.33s WALL (      32 calls)

     Parallel routines
     fft_scatter  :      1.93s CPU      2.88s WALL (     689 calls)

     Plugins

     GIPAW        :     60.04s CPU     72.91s WALL (       1 calls)
