
     Program QE v.6.0 (svn rev. 13079) starts on 21Jan2017 at 17: 1: 2 

     This program is part of the open-source Quantum ESPRESSO suite
     for quantum simulation of materials; please cite
         "P. Giannozzi et al., J. Phys.:Condens. Matter 21 395502 (2009);
          URL http://www.quantum-espresso.org", 
     in publications or presentations arising from this work. More details at
     http://www.quantum-espresso.org/quote

     Parallel version (MPI), running on     8 processors
     R & G space division:  proc/nbgrp/npool/nimage =       8

     ***** This is GIPAW svn revision unknown      *****

     Parallelizing q-star over 1 images

     Reading data from directory:
     /users/majewski/paradichlorobenzene/pbe/9_constraint/scratch/pbe.ecut100.np8.dt60.pcl2phi-129368.save
     Message from routine read_xml_file:
     file /users/majewski/paradichlorobenzene/pbe/9_constraint/scratch/pbe.ecut100.np8.dt60.pcl2phi-129368.save not guaranteed to be safe for post-processing

   Info: using nr1, nr2, nr3 values from input

   Info: using nr1, nr2, nr3 values from input

     IMPORTANT: XC functional enforced from input :
     Exchange-correlation      =  SLA  PW   PBX  PBC ( 1  4  3  4 0 0)
     Any further DFT definition will be discarded
     Please, verify this is what you really want

               file C.pbe-n-kjpaw_psl.1.0.0.UPF: wavefunction(s)  2S 2P renormalized
               file Cl.pbe-n-kjpaw_psl.1.0.0.UPF: wavefunction(s)  3S 3P renormalized
               file H.pbe-kjpaw_psl.1.0.0.UPF: wavefunction(s)  1S renormalized

     Parallelization info
     --------------------
     sticks:   dense  smooth     PW     G-vecs:    dense   smooth      PW
     Min        3057    1223    332               144436    36536    5170
     Max        3059    1225    333               144437    36537    5171
     Sum       24467    9791   2657              1155489   292295   41363


     Subspace diagonalization in iterative solution of the eigenvalue problem:
     a serial algorithm will be used

     GIPAW projectors -----------------------------------------------
     atom=  C    l=0  rc=    1.2000  rs=    0.8000
     atom=  C    l=0  rc=    1.2000  rs=    0.8000
     atom=  C    l=1  rc=    1.4000  rs=    0.9333
     atom=  C    l=1  rc=    1.4000  rs=    0.9333
     projs nearly linearly dependent: l=1  n1,n2= 1, 2  s=  0.99951561

     atom=  Cl   l=0  rc=    1.6000  rs=    1.0667
     atom=  Cl   l=0  rc=    1.6000  rs=    1.0667
     atom=  Cl   l=1  rc=    1.6000  rs=    1.0667
     atom=  Cl   l=1  rc=    1.6000  rs=    1.0667
     atom=  Cl   l=2  rc=    1.6000  rs=    1.0667
     atom=  Cl   l=2  rc=    1.6000  rs=    1.0667
     projs nearly linearly dependent: l=2  n1,n2= 1, 2  s=  0.99993509

     atom=  H    l=0  rc=    1.0000  rs=    0.6667
     atom=  H    l=0  rc=    1.0000  rs=    0.6667
     projs nearly linearly dependent: l=0  n1,n2= 1, 2  s=  0.99968852
     -----------------------------------------------------------------

     GIPAW integrals: -------------------------------------------
     Atom  i/j   nmr_para   nmr_dia   epr_rmc  epr_para   epr_dia
       C   1 1   0.83E+03  0.17E-01  0.93E+01  0.24E+08  0.24E+03
       C   2 1   0.86E+03 -0.61E-01  0.94E+01  0.25E+08  0.25E+03
       C   2 2   0.90E+03 -0.15E+00  0.97E+01  0.26E+08  0.26E+03
       C   3 3   0.33E+01  0.34E+00  0.18E+01  0.55E+03  0.21E+02
       C   4 3   0.35E+01  0.37E+00  0.20E+01  0.59E+03  0.22E+02
       C   4 4   0.38E+01  0.39E+00  0.22E+01  0.63E+03  0.24E+02
       Cl  1 1   0.14E+04 -0.47E+00  0.84E+01  0.32E+09  0.42E+03
       Cl  2 1   0.21E+04 -0.37E+00  0.12E+02  0.49E+09  0.65E+03
       Cl  2 2   0.33E+04 -0.16E+00  0.21E+02  0.76E+09  0.10E+04
       Cl  3 3   0.21E+02  0.79E-01  0.89E+01  0.23E+05  0.13E+03
       Cl  4 3   0.24E+02  0.67E-01  0.99E+01  0.27E+05  0.15E+03
       Cl  4 4   0.28E+02  0.44E-01  0.11E+02  0.32E+05  0.18E+03
       Cl  5 5   0.77E+00  0.19E+00  0.18E+01  0.12E+03  0.22E+02
       Cl  6 5   0.80E+00  0.19E+00  0.19E+01  0.12E+03  0.23E+02
       Cl  6 6   0.83E+00  0.20E+00  0.19E+01  0.12E+03  0.23E+02
       H   1 1   0.39E+02  0.19E+00  0.29E+00  0.78E+05  0.13E+02
       H   2 1   0.41E+02  0.21E+00  0.32E+00  0.82E+05  0.14E+02
       H   2 2   0.43E+02  0.22E+00  0.36E+00  0.86E+05  0.15E+02
     ------------------------------------------------------------

     alpha_pv=     33.9526 eV

     Number of occupied bands for each k-point:
     k-point:     1    nbnd_occ=  42
     k-point:     2    nbnd_occ=  42
     k-point:     3    nbnd_occ=  42
     k-point:     4    nbnd_occ=  42
     k-point:     5    nbnd_occ=  42
     k-point:     6    nbnd_occ=  42
     k-point:     7    nbnd_occ=  42
     k-point:     8    nbnd_occ=  42
     k-point:     9    nbnd_occ=  42
     k-point:    10    nbnd_occ=  42
     k-point:    11    nbnd_occ=  42
     k-point:    12    nbnd_occ=  42
     k-point:    13    nbnd_occ=  42
     k-point:    14    nbnd_occ=  42
     k-point:    15    nbnd_occ=  42
     k-point:    16    nbnd_occ=  42


     q-space interpolation up to   110.00 Rydberg

     GIPAW job: efg                                                                             


     ELECTRIC FIELD GRADIENTS TENSORS IN Hartree/bohrradius^2:

     ----- bare term -----
     Cl   1       -0.045680       -0.014368        0.034281
     Cl   1       -0.014368        0.049352        0.135202
     Cl   1        0.034281        0.135202       -0.003671

     C    2       -0.716685        0.471357       -0.382776
     C    2        0.471357        0.232115       -0.047764
     C    2       -0.382776       -0.047764        0.484571

     C    3        0.284427        0.080433       -0.062616
     C    3        0.080433       -0.572769       -0.564450
     C    3       -0.062616       -0.564450        0.288342

     H    4       -0.524374        0.030601        0.108480
     H    4        0.030601        0.271476       -0.369792
     H    4        0.108480       -0.369792        0.252898

     C    5       -0.788373        0.361482       -0.425620
     C    5        0.361482        0.342878       -0.178207
     C    5       -0.425620       -0.178207        0.445495

     H    6        0.418084       -0.124663       -0.038924
     H    6       -0.124663       -0.537555       -0.243011
     H    6       -0.038924       -0.243011        0.119471

     H    7        0.423338        0.038294       -0.017933
     H    7        0.038294       -0.374431        0.601064
     H    7       -0.017933        0.601064       -0.048907

     C    8       -0.234657       -0.017695       -0.319091
     C    8       -0.017695        0.020273        0.531732
     C    8       -0.319091        0.531732        0.214384

     H    9       -0.336410        0.235440       -0.503731
     H    9        0.235440        0.284480        0.254258
     H    9       -0.503731        0.254258        0.051930

     C   10       -0.374839       -0.362606       -0.201260
     C   10       -0.362606       -0.065852        0.406835
     C   10       -0.201260        0.406835        0.440691

     C   11       -0.122084        0.190052       -0.285604
     C   11        0.190052       -0.001413        0.649684
     C   11       -0.285604        0.649684        0.123497

     Cl  12       -0.245475       -0.221483        0.116182
     Cl  12       -0.221483       -0.011481        0.158481
     Cl  12        0.116182        0.158481        0.256957

     H   13        0.352944       -0.301521       -0.030064
     H   13       -0.301521       -0.654796       -0.234458
     H   13       -0.030064       -0.234458        0.301852

     C   14        0.110480        0.065836        0.000562
     C   14        0.065836       -0.255883       -0.345803
     C   14        0.000562       -0.345803        0.145403

     H   15       -0.255935       -0.528808       -0.189905
     H   15       -0.528808       -0.100676       -0.096828
     H   15       -0.189905       -0.096828        0.356611

     C   16       -0.565273        0.229550       -0.331867
     C   16        0.229550        0.089018       -0.041220
     C   16       -0.331867       -0.041220        0.476255

     C   17        0.122318        0.206883       -0.051730
     C   17        0.206883       -0.275928       -0.494995
     C   17       -0.051730       -0.494995        0.153610

     Cl  18       -0.201478        0.156250       -0.048229
     Cl  18        0.156250        0.079182        0.064150
     Cl  18       -0.048229        0.064150        0.122296

     H   19        0.422719       -0.014159        0.040414
     H   19       -0.014159        0.162167        0.059567
     H   19        0.040414        0.059567       -0.584887

     C   20       -0.302052       -0.262504        0.030046
     C   20       -0.262504        0.183163        0.018075
     C   20        0.030046        0.018075        0.118889

     H   21        0.037429       -0.152401       -0.458144
     H   21       -0.152401        0.017119       -0.210387
     H   21       -0.458144       -0.210387       -0.054548

     C   22        0.317153       -0.039676       -0.097744
     C   22       -0.039676       -0.155409        0.199018
     C   22       -0.097744        0.199018       -0.161744

     C   23       -0.453966       -0.380939       -0.364593
     C   23       -0.380939        0.183657        0.203699
     C   23       -0.364593        0.203699        0.270309

     Cl  24        0.091120       -0.036271       -0.047654
     Cl  24       -0.036271       -0.108916       -0.027794
     Cl  24       -0.047654       -0.027794        0.017796

     ----- ionic term -----
     Cl   1        0.197807       -0.216773        0.006375
     Cl   1       -0.216773       -0.035385        0.007738
     Cl   1        0.006375        0.007738       -0.162422

     C    2        0.300679       -0.087354        0.226641
     C    2       -0.087354        0.186825        0.334461
     C    2        0.226641        0.334461       -0.487503

     C    3        0.206656       -0.178198        0.152973
     C    3       -0.178198        0.301777        0.309291
     C    3        0.152973        0.309291       -0.508433

     H    4        0.812820        0.378300        0.468808
     H    4        0.378300       -0.337947        0.189990
     H    4        0.468808        0.189990       -0.474873

     C    5        0.381695       -0.169103        0.204615
     C    5       -0.169103        0.125909        0.230579
     C    5        0.204615        0.230579       -0.507604

     H    6       -0.473646        0.123239        0.067718
     H    6        0.123239        0.840863        0.545241
     H    6        0.067718        0.545241       -0.367218

     H    7       -0.536429       -0.052723        0.068854
     H    7       -0.052723        0.402626       -0.802258
     H    7        0.068854       -0.802258        0.133804

     C    8        0.222665        0.245952        0.345190
     C    8        0.245952       -0.053206       -0.303189
     C    8        0.345190       -0.303189       -0.169459

     H    9        0.565714       -0.204166        0.726091
     H    9       -0.204166       -0.512029       -0.214104
     H    9        0.726091       -0.214104       -0.053685

     C   10        0.083224        0.282387        0.205775
     C   10        0.282387        0.065420       -0.420092
     C   10        0.205775       -0.420092       -0.148645

     C   11        0.122356        0.256470        0.307065
     C   11        0.256470        0.011917       -0.428809
     C   11        0.307065       -0.428809       -0.134272

     Cl  12        0.107232        0.220508        0.011479
     Cl  12        0.220508        0.053072       -0.006915
     Cl  12        0.011479       -0.006915       -0.160304

     H   13       -0.516637        0.126329        0.056386
     H   13        0.126329        0.695885        0.662799
     H   13        0.056386        0.662799       -0.179248

     C   14        0.333357       -0.121169        0.243140
     C   14       -0.121169        0.098496        0.259849
     C   14        0.243140        0.259849       -0.431854

     H   15        0.761067        0.321799        0.556646
     H   15        0.321799       -0.420564        0.179158
     H   15        0.556646        0.179158       -0.340503

     C   16        0.223689       -0.181306        0.187686
     C   16       -0.181306        0.199086        0.285307
     C   16        0.187686        0.285307       -0.422776

     C   17        0.246710       -0.141534        0.181052
     C   17       -0.141534        0.218756        0.327186
     C   17        0.181052        0.327186       -0.465466

     Cl  18        0.082561       -0.194475       -0.015356
     Cl  18       -0.194475        0.078178        0.012343
     Cl  18       -0.015356        0.012343       -0.160739

     H   19       -0.538702       -0.033308        0.044268
     H   19       -0.033308        0.184557       -0.802813
     H   19        0.044268       -0.802813        0.354145

     C   20        0.195817        0.226974        0.286006
     C   20        0.226974       -0.073272       -0.320953
     C   20        0.286006       -0.320953       -0.122545

     H   21        0.656425       -0.215699        0.672229
     H   21       -0.215699       -0.456329       -0.203465
     H   21        0.672229       -0.203465       -0.200097

     C   22        0.100140        0.248148        0.189696
     C   22        0.248148        0.099235       -0.422668
     C   22        0.189696       -0.422668       -0.199375

     C   23        0.136073        0.211554        0.355142
     C   23        0.211554       -0.008216       -0.423977
     C   23        0.355142       -0.423977       -0.127857

     Cl  24        0.108572        0.214711        0.001062
     Cl  24        0.214711        0.018135       -0.011042
     Cl  24        0.001062       -0.011042       -0.126707

     ----- GIPAW term -----
     Cl   1       -0.079302       -1.856467        0.066228
     Cl   1       -1.856467        1.195165        1.956981
     Cl   1        0.066228        1.956981       -1.115863

     C    2       -0.090212        0.068540       -0.000245
     C    2        0.068540        0.114863        0.085498
     C    2       -0.000245        0.085498       -0.024651

     C    3       -0.045528       -0.016162        0.010018
     C    3       -0.016162        0.024216        0.121474
     C    3        0.010018        0.121474        0.021312

     H    4       -0.000000        0.000000        0.000000
     H    4        0.000000        0.000000        0.000000
     H    4        0.000000        0.000000        0.000000

     C    5       -0.086197        0.024556       -0.017487
     C    5        0.024556        0.048487        0.052136
     C    5       -0.017487        0.052136        0.037711

     H    6       -0.000000        0.000000        0.000000
     H    6        0.000000        0.000000        0.000000
     H    6        0.000000        0.000000        0.000000

     H    7       -0.000000        0.000000        0.000000
     H    7        0.000000        0.000000        0.000000
     H    7        0.000000        0.000000        0.000000

     C    8       -0.091211        0.035379       -0.040715
     C    8        0.035379        0.165078        0.152146
     C    8       -0.040715        0.152146       -0.073867

     H    9       -0.000000        0.000000        0.000000
     H    9        0.000000        0.000000        0.000000
     H    9        0.000000        0.000000        0.000000

     C   10       -0.108331       -0.006757       -0.031901
     C   10       -0.006757        0.078597        0.075700
     C   10       -0.031901        0.075700        0.029734

     C   11       -0.073397        0.101572       -0.024888
     C   11        0.101572        0.074988        0.220690
     C   11       -0.024888        0.220690       -0.001591

     Cl  12       -0.102481        1.746902        1.132266
     Cl  12        1.746902        0.004478        1.640934
     Cl  12        1.132266        1.640934        0.098003

     H   13       -0.000000        0.000000        0.000000
     H   13        0.000000        0.000000        0.000000
     H   13        0.000000        0.000000        0.000000

     C   14       -0.030131        0.045042        0.036571
     C   14        0.045042        0.111854        0.012278
     C   14        0.036571        0.012278       -0.081723

     H   15       -0.000000        0.000000        0.000000
     H   15        0.000000        0.000000        0.000000
     H   15        0.000000        0.000000        0.000000

     C   16       -0.068805        0.069826       -0.024054
     C   16        0.069826        0.071406        0.044545
     C   16       -0.024054        0.044545       -0.002601

     C   17       -0.041097        0.056134        0.064162
     C   17        0.056134        0.137530        0.130457
     C   17        0.064162        0.130457       -0.096433

     Cl  18        0.322917       -1.934694       -0.423296
     Cl  18       -1.934694        0.866714        0.619554
     Cl  18       -0.423296        0.619554       -1.189631

     H   19       -0.000000        0.000000        0.000000
     H   19        0.000000        0.000000        0.000000
     H   19        0.000000        0.000000        0.000000

     C   20       -0.050578        0.004853        0.027971
     C   20        0.004853        0.050136        0.041071
     C   20        0.027971        0.041071        0.000442

     H   21       -0.000000        0.000000        0.000000
     H   21        0.000000        0.000000        0.000000
     H   21        0.000000        0.000000        0.000000

     C   22        0.009625        0.005998       -0.004954
     C   22        0.005998        0.035638        0.004391
     C   22       -0.004954        0.004391       -0.045263

     C   23       -0.102428       -0.060466       -0.062060
     C   23       -0.060466        0.180357        0.104966
     C   23       -0.062060        0.104966       -0.077929

     Cl  24       -0.044325        0.335736       -0.407655
     Cl  24        0.335736        2.210019        0.928172
     Cl  24       -0.407655        0.928172       -2.165694

     ----- total EFG -----
     Cl   1        0.072825       -2.087607        0.106884
     Cl   1       -2.087607        1.209132        2.099921
     Cl   1        0.106884        2.099921       -1.281957

     C    2       -0.506218        0.452543       -0.156379
     C    2        0.452543        0.533802        0.372195
     C    2       -0.156379        0.372195       -0.027584

     C    3        0.445555       -0.113927        0.100375
     C    3       -0.113927       -0.246775       -0.133685
     C    3        0.100375       -0.133685       -0.198780

     H    4        0.288446        0.408901        0.577288
     H    4        0.408901       -0.066471       -0.179802
     H    4        0.577288       -0.179802       -0.221975

     C    5       -0.492875        0.216935       -0.238492
     C    5        0.216935        0.517274        0.104508
     C    5       -0.238492        0.104508       -0.024398

     H    6       -0.055562       -0.001424        0.028794
     H    6       -0.001424        0.303309        0.302230
     H    6        0.028794        0.302230       -0.247747

     H    7       -0.113092       -0.014429        0.050921
     H    7       -0.014429        0.028195       -0.201194
     H    7        0.050921       -0.201194        0.084897

     C    8       -0.103203        0.263635       -0.014615
     C    8        0.263635        0.132145        0.380689
     C    8       -0.014615        0.380689       -0.028942

     H    9        0.229304        0.031274        0.222360
     H    9        0.031274       -0.227549        0.040154
     H    9        0.222360        0.040154       -0.001755

     C   10       -0.399945       -0.086975       -0.027386
     C   10       -0.086975        0.078165        0.062443
     C   10       -0.027386        0.062443        0.321780

     C   11       -0.073126        0.548094       -0.003426
     C   11        0.548094        0.085492        0.441565
     C   11       -0.003426        0.441565       -0.012367

     Cl  12       -0.240725        1.745927        1.259926
     Cl  12        1.745927        0.046069        1.792499
     Cl  12        1.259926        1.792499        0.194656

     H   13       -0.163693       -0.175192        0.026322
     H   13       -0.175192        0.041089        0.428341
     H   13        0.026322        0.428341        0.122604

     C   14        0.413706       -0.010291        0.280274
     C   14       -0.010291       -0.045533       -0.073676
     C   14        0.280274       -0.073676       -0.368173

     H   15        0.505132       -0.207009        0.366741
     H   15       -0.207009       -0.521240        0.082331
     H   15        0.366741        0.082331        0.016108

     C   16       -0.410388        0.118070       -0.168234
     C   16        0.118070        0.359510        0.288632
     C   16       -0.168234        0.288632        0.050878

     C   17        0.327931        0.121483        0.193484
     C   17        0.121483        0.080358       -0.037351
     C   17        0.193484       -0.037351       -0.408289

     Cl  18        0.204000       -1.972920       -0.486881
     Cl  18       -1.972920        1.024074        0.696047
     Cl  18       -0.486881        0.696047       -1.228074

     H   19       -0.115983       -0.047467        0.084682
     H   19       -0.047467        0.346724       -0.743246
     H   19        0.084682       -0.743246       -0.230742

     C   20       -0.156813       -0.030677        0.344023
     C   20       -0.030677        0.160028       -0.261807
     C   20        0.344023       -0.261807       -0.003214

     H   21        0.693855       -0.368100        0.214086
     H   21       -0.368100       -0.439210       -0.413852
     H   21        0.214086       -0.413852       -0.254645

     C   22        0.426918        0.214470        0.086999
     C   22        0.214470       -0.020536       -0.219259
     C   22        0.086999       -0.219259       -0.406382

     C   23       -0.420321       -0.229852       -0.071511
     C   23       -0.229852        0.355798       -0.115311
     C   23       -0.071511       -0.115311        0.064524

     Cl  24        0.155367        0.514176       -0.454247
     Cl  24        0.514176        2.119238        0.889337
     Cl  24       -0.454247        0.889337       -2.274605

     ----- total EFG (symmetrized) -----
     Cl   1        0.072825       -2.087607        0.106884
     Cl   1       -2.087607        1.209132        2.099921
     Cl   1        0.106884        2.099921       -1.281957

     C    2       -0.506218        0.452543       -0.156379
     C    2        0.452543        0.533802        0.372195
     C    2       -0.156379        0.372195       -0.027584

     C    3        0.445555       -0.113927        0.100375
     C    3       -0.113927       -0.246775       -0.133685
     C    3        0.100375       -0.133685       -0.198780

     H    4        0.288446        0.408901        0.577288
     H    4        0.408901       -0.066471       -0.179802
     H    4        0.577288       -0.179802       -0.221975

     C    5       -0.492875        0.216935       -0.238492
     C    5        0.216935        0.517274        0.104508
     C    5       -0.238492        0.104508       -0.024398

     H    6       -0.055562       -0.001424        0.028794
     H    6       -0.001424        0.303309        0.302230
     H    6        0.028794        0.302230       -0.247747

     H    7       -0.113092       -0.014429        0.050921
     H    7       -0.014429        0.028195       -0.201194
     H    7        0.050921       -0.201194        0.084897

     C    8       -0.103203        0.263635       -0.014615
     C    8        0.263635        0.132145        0.380689
     C    8       -0.014615        0.380689       -0.028942

     H    9        0.229304        0.031274        0.222360
     H    9        0.031274       -0.227549        0.040154
     H    9        0.222360        0.040154       -0.001755

     C   10       -0.399945       -0.086975       -0.027386
     C   10       -0.086975        0.078165        0.062443
     C   10       -0.027386        0.062443        0.321780

     C   11       -0.073126        0.548094       -0.003426
     C   11        0.548094        0.085492        0.441565
     C   11       -0.003426        0.441565       -0.012367

     Cl  12       -0.240725        1.745927        1.259926
     Cl  12        1.745927        0.046069        1.792499
     Cl  12        1.259926        1.792499        0.194656

     H   13       -0.163693       -0.175192        0.026322
     H   13       -0.175192        0.041089        0.428341
     H   13        0.026322        0.428341        0.122604

     C   14        0.413706       -0.010291        0.280274
     C   14       -0.010291       -0.045533       -0.073676
     C   14        0.280274       -0.073676       -0.368173

     H   15        0.505132       -0.207009        0.366741
     H   15       -0.207009       -0.521240        0.082331
     H   15        0.366741        0.082331        0.016108

     C   16       -0.410388        0.118070       -0.168234
     C   16        0.118070        0.359510        0.288632
     C   16       -0.168234        0.288632        0.050878

     C   17        0.327931        0.121483        0.193484
     C   17        0.121483        0.080358       -0.037351
     C   17        0.193484       -0.037351       -0.408289

     Cl  18        0.204000       -1.972920       -0.486881
     Cl  18       -1.972920        1.024074        0.696047
     Cl  18       -0.486881        0.696047       -1.228074

     H   19       -0.115983       -0.047467        0.084682
     H   19       -0.047467        0.346724       -0.743246
     H   19        0.084682       -0.743246       -0.230742

     C   20       -0.156813       -0.030677        0.344023
     C   20       -0.030677        0.160028       -0.261807
     C   20        0.344023       -0.261807       -0.003214

     H   21        0.693855       -0.368100        0.214086
     H   21       -0.368100       -0.439210       -0.413852
     H   21        0.214086       -0.413852       -0.254645

     C   22        0.426918        0.214470        0.086999
     C   22        0.214470       -0.020536       -0.219259
     C   22        0.086999       -0.219259       -0.406382

     C   23       -0.420321       -0.229852       -0.071511
     C   23       -0.229852        0.355798       -0.115311
     C   23       -0.071511       -0.115311        0.064524

     Cl  24        0.155367        0.514176       -0.454247
     Cl  24        0.514176        2.119238        0.889337
     Cl  24       -0.454247        0.889337       -2.274605


     NQR/NMR SPECTROSCOPIC PARAMETERS:
     Cl   1    Vxx=   -0.4134    axis=(  0.769707  0.210148  0.602817)
     Cl   1    Vyy=   -2.9880    axis=(  0.408936  0.562803 -0.718348)
     Cl   1    Vzz=    3.4015    axis=( -0.490227  0.799431  0.347257)
     Cl   1  Q=        -8.1650 1e-30 m^2  Cq=       -65.2552 MHz  eta= 0.75691

     C    2    Vxx=   -0.0274    axis=( -0.466672 -0.195700  0.862507)
     C    2    Vyy=   -0.7852    axis=( -0.843159  0.392873 -0.367062)
     C    2    Vzz=    0.8126    axis=(  0.267021  0.898528  0.348349)
     C    2  Q=         1.0000 1e-30 m^2  Cq=         1.9092 MHz  eta= 0.93251

     C    3    Vxx=   -0.1262    axis=( -0.252881 -0.601360  0.757903)
     C    3    Vyy=   -0.3593    axis=(  0.031806  0.777774  0.627739)
     C    3    Vzz=    0.4855    axis=(  0.966974 -0.182849  0.177557)
     C    3  Q=         1.0000 1e-30 m^2  Cq=         1.1408 MHz  eta= 0.48016

     H    4    Vxx=    0.0513    axis=( -0.016319  0.819073 -0.573456)
     H    4    Vyy=    0.7485    axis=(  0.838281  0.323822  0.438662)
     H    4    Vzz=   -0.7998    axis=( -0.544994  0.473559  0.691898)
     H    4  Q=         1.0000 1e-30 m^2  Cq=        -1.8791 MHz  eta= 0.87179

     C    5    Vxx=    0.0754    axis=( -0.394532 -0.023559  0.918580)
     C    5    Vyy=    0.5674    axis=( -0.177486 -0.978892 -0.101336)
     C    5    Vzz=   -0.6428    axis=(  0.901578 -0.203015  0.382023)
     C    5  Q=         1.0000 1e-30 m^2  Cq=        -1.5103 MHz  eta= 0.76554

     H    6    Vxx=   -0.0536    axis=(  0.996423 -0.052264  0.066408)
     H    6    Vyy=   -0.3834    axis=(  0.081857  0.401615 -0.912143)
     H    6    Vzz=    0.4370    axis=(  0.021002  0.914316  0.404456)
     H    6  Q=         1.0000 1e-30 m^2  Cq=         1.0267 MHz  eta= 0.75482

     H    7    Vxx=   -0.1067    axis=( -0.865690 -0.442302 -0.234412)
     H    7    Vyy=   -0.1591    axis=(  0.484509 -0.622644 -0.614463)
     H    7    Vzz=    0.2658    axis=(  0.125823 -0.645510  0.753316)
     H    7  Q=         1.0000 1e-30 m^2  Cq=         0.6245 MHz  eta= 0.19733

     C    8    Vxx=   -0.0640    axis=(  0.797914  0.085578 -0.596665)
     C    8    Vyy=   -0.4434    axis=( -0.509487  0.624724 -0.591729)
     C    8    Vzz=    0.5074    axis=( -0.322112 -0.776142 -0.542077)
     C    8  Q=         1.0000 1e-30 m^2  Cq=         1.1923 MHz  eta= 0.74776

     H    9    Vxx=   -0.1335    axis=( -0.525251  0.180375  0.831610)
     H    9    Vyy=   -0.2347    axis=( -0.027501 -0.980364  0.195269)
     H    9    Vzz=    0.3682    axis=(  0.850503  0.079695  0.519898)
     H    9  Q=         1.0000 1e-30 m^2  Cq=         0.8650 MHz  eta= 0.27483

     C   10    Vxx=    0.0757    axis=( -0.159243  0.952543 -0.259430)
     C   10    Vyy=    0.3399    axis=( -0.065366  0.252034  0.965508)
     C   10    Vzz=   -0.4156    axis=( -0.985073 -0.170708 -0.022129)
     C   10  Q=         1.0000 1e-30 m^2  Cq=        -0.9766 MHz  eta= 0.63574

     C   11    Vxx=   -0.0327    axis=( -0.621477 -0.040909  0.782364)
     C   11    Vyy=   -0.6914    axis=( -0.597247  0.671025 -0.439341)
     C   11    Vzz=    0.7242    axis=( -0.507013 -0.740305 -0.441460)
     C   11  Q=         1.0000 1e-30 m^2  Cq=         1.7015 MHz  eta= 0.90960

     Cl  12    Vxx=   -1.2730    axis=( -0.648568 -0.154393  0.745333)
     Cl  12    Vyy=   -1.9485    axis=( -0.551357  0.770377 -0.320195)
     Cl  12    Vzz=    3.2215    axis=( -0.524752 -0.618613 -0.584768)
     Cl  12  Q=        -8.1650 1e-30 m^2  Cq=       -61.8032 MHz  eta= 0.20969

     H   13    Vxx=   -0.0943    axis=( -0.856766  0.273884 -0.436965)
     H   13    Vyy=   -0.4324    axis=( -0.494547 -0.676562  0.545608)
     H   13    Vzz=    0.5267    axis=( -0.146201  0.683558  0.715104)
     H   13  Q=         1.0000 1e-30 m^2  Cq=         1.2375 MHz  eta= 0.64203

     C   14    Vxx=   -0.0368    axis=(  0.104108  0.985881 -0.131149)
     C   14    Vyy=   -0.4689    axis=(  0.297264 -0.156683 -0.941852)
     C   14    Vzz=    0.5057    axis=( -0.949102  0.059068 -0.309379)
     C   14  Q=         1.0000 1e-30 m^2  Cq=         1.1882 MHz  eta= 0.85439

     H   15    Vxx=   -0.1133    axis=( -0.381500  0.364954  0.849274)
     H   15    Vyy=   -0.6052    axis=(  0.264067  0.923502 -0.278230)
     H   15    Vzz=    0.7185    axis=( -0.885848  0.118121 -0.448688)
     H   15  Q=         1.0000 1e-30 m^2  Cq=         1.6882 MHz  eta= 0.68474

     C   16    Vxx=   -0.0157    axis=( -0.460551 -0.445590  0.767686)
     C   16    Vyy=   -0.5170    axis=( -0.887474  0.247550 -0.388728)
     C   16    Vzz=    0.5327    axis=( -0.016828 -0.860330 -0.509459)
     C   16  Q=         1.0000 1e-30 m^2  Cq=         1.2517 MHz  eta= 0.94096

     C   17    Vxx=    0.0521    axis=( -0.278602  0.940727 -0.193424)
     C   17    Vyy=    0.4120    axis=( -0.926430 -0.316335 -0.204106)
     C   17    Vzz=   -0.4641    axis=( -0.253195  0.122330  0.959650)
     C   17  Q=         1.0000 1e-30 m^2  Cq=        -1.0904 MHz  eta= 0.77565

     Cl  18    Vxx=   -1.3432    axis=(  0.650659  0.343077  0.677452)
     Cl  18    Vyy=   -1.4638    axis=( -0.445070 -0.550539  0.706272)
     Cl  18    Vzz=    2.8070    axis=( -0.615269  0.761055  0.205520)
     Cl  18  Q=        -8.1650 1e-30 m^2  Cq=       -53.8515 MHz  eta= 0.04297

     H   19    Vxx=   -0.1207    axis=(  0.993664  0.112165  0.007086)
     H   19    Vyy=   -0.7424    axis=( -0.069131  0.560290  0.825407)
     H   19    Vzz=    0.8631    axis=(  0.088611 -0.820667  0.564494)
     H   19  Q=         1.0000 1e-30 m^2  Cq=         2.0279 MHz  eta= 0.72022

     C   20    Vxx=    0.0121    axis=( -0.577266 -0.738073 -0.349301)
     C   20    Vyy=    0.4553    axis=( -0.404262  0.629995 -0.663082)
     C   20    Vzz=   -0.4674    axis=( -0.709461  0.241566  0.662050)
     C   20  Q=         1.0000 1e-30 m^2  Cq=        -1.0982 MHz  eta= 0.94809

     H   21    Vxx=   -0.1108    axis=(  0.425359  0.485584 -0.763726)
     H   21    Vyy=   -0.7890    axis=(  0.116900  0.807325  0.578412)
     H   21    Vzz=    0.8998    axis=(  0.897443 -0.335312  0.286639)
     H   21  Q=         1.0000 1e-30 m^2  Cq=         2.1141 MHz  eta= 0.75382

     C   22    Vxx=    0.0229    axis=( -0.327762  0.812804 -0.481583)
     C   22    Vyy=    0.5131    axis=( -0.927691 -0.373347  0.001253)
     C   22    Vzz=   -0.5360    axis=( -0.178779  0.447171  0.876400)
     C   22  Q=         1.0000 1e-30 m^2  Cq=        -1.2594 MHz  eta= 0.91459

     C   23    Vxx=    0.0591    axis=(  0.233307 -0.189879 -0.953684)
     C   23    Vyy=    0.4420    axis=(  0.230830 -0.941902  0.244003)
     C   23    Vzz=   -0.5011    axis=(  0.944609  0.277066  0.175923)
     C   23  Q=         1.0000 1e-30 m^2  Cq=        -1.1773 MHz  eta= 0.76426

     Cl  24    Vxx=    0.1850    axis=(  0.961345 -0.149126 -0.231467)
     Cl  24    Vyy=    2.3734    axis=(  0.190182  0.967521  0.166537)
     Cl  24    Vzz=   -2.5584    axis=(  0.199114 -0.204120  0.958482)
     Cl  24  Q=        -8.1650 1e-30 m^2  Cq=        49.0809 MHz  eta= 0.85539

     Initialization:
     gipaw_setup  :      9.18s CPU     11.07s WALL (       1 calls)

     Linear response

     Apply operators

     Induced current

     Other routines
     efg          :      9.40s CPU     12.12s WALL (       1 calls)

     General routines
     calbec       :      3.40s CPU      4.60s WALL (      16 calls)
     fft          :      1.67s CPU      2.54s WALL (      15 calls)
     ffts         :      0.06s CPU      0.06s WALL (       2 calls)
     fftw         :      3.27s CPU      4.11s WALL (     672 calls)
     davcio       :      0.02s CPU      0.30s WALL (      32 calls)

     Parallel routines
     fft_scatter  :      2.39s CPU      3.98s WALL (     689 calls)

     Plugins

     GIPAW        :     61.04s CPU     72.29s WALL (       1 calls)
