
     Program QE v.6.0 (svn rev. 13079) starts on 24Dec2016 at 21:11:25 

     This program is part of the open-source Quantum ESPRESSO suite
     for quantum simulation of materials; please cite
         "P. Giannozzi et al., J. Phys.:Condens. Matter 21 395502 (2009);
          URL http://www.quantum-espresso.org", 
     in publications or presentations arising from this work. More details at
     http://www.quantum-espresso.org/quote

     Parallel version (MPI), running on     8 processors
     R & G space division:  proc/nbgrp/npool/nimage =       8

     ***** This is GIPAW svn revision unknown      *****

     Parallelizing q-star over 1 images

     Reading data from directory:
     /users/majewski/paradichlorobenzene/pbe/9_constraint/scratch/pbe.ecut100.np8.dt60.pcl2phi-129368.save
     Message from routine read_xml_file:
     file /users/majewski/paradichlorobenzene/pbe/9_constraint/scratch/pbe.ecut100.np8.dt60.pcl2phi-129368.save not guaranteed to be safe for post-processing

   Info: using nr1, nr2, nr3 values from input

   Info: using nr1, nr2, nr3 values from input

     IMPORTANT: XC functional enforced from input :
     Exchange-correlation      =  SLA  PW   PBX  PBC ( 1  4  3  4 0 0)
     Any further DFT definition will be discarded
     Please, verify this is what you really want

               file C.pbe-n-kjpaw_psl.1.0.0.UPF: wavefunction(s)  2S 2P renormalized
               file Cl.pbe-n-kjpaw_psl.1.0.0.UPF: wavefunction(s)  3S 3P renormalized
               file H.pbe-kjpaw_psl.1.0.0.UPF: wavefunction(s)  1S renormalized

     Parallelization info
     --------------------
     sticks:   dense  smooth     PW     G-vecs:    dense   smooth      PW
     Min        3057    1223    332               144436    36536    5170
     Max        3059    1225    333               144437    36537    5171
     Sum       24467    9791   2657              1155489   292295   41363


     Subspace diagonalization in iterative solution of the eigenvalue problem:
     a serial algorithm will be used

     GIPAW projectors -----------------------------------------------
     atom=  C    l=0  rc=    1.2000  rs=    0.8000
     atom=  C    l=0  rc=    1.2000  rs=    0.8000
     atom=  C    l=1  rc=    1.4000  rs=    0.9333
     atom=  C    l=1  rc=    1.4000  rs=    0.9333
     projs nearly linearly dependent: l=1  n1,n2= 1, 2  s=  0.99951561

     atom=  Cl   l=0  rc=    1.6000  rs=    1.0667
     atom=  Cl   l=0  rc=    1.6000  rs=    1.0667
     atom=  Cl   l=1  rc=    1.6000  rs=    1.0667
     atom=  Cl   l=1  rc=    1.6000  rs=    1.0667
     atom=  Cl   l=2  rc=    1.6000  rs=    1.0667
     atom=  Cl   l=2  rc=    1.6000  rs=    1.0667
     projs nearly linearly dependent: l=2  n1,n2= 1, 2  s=  0.99993509

     atom=  H    l=0  rc=    1.0000  rs=    0.6667
     atom=  H    l=0  rc=    1.0000  rs=    0.6667
     projs nearly linearly dependent: l=0  n1,n2= 1, 2  s=  0.99968852
     -----------------------------------------------------------------

     GIPAW integrals: -------------------------------------------
     Atom  i/j   nmr_para   nmr_dia   epr_rmc  epr_para   epr_dia
       C   1 1   0.83E+03  0.17E-01  0.93E+01  0.24E+08  0.24E+03
       C   2 1   0.86E+03 -0.61E-01  0.94E+01  0.25E+08  0.25E+03
       C   2 2   0.90E+03 -0.15E+00  0.97E+01  0.26E+08  0.26E+03
       C   3 3   0.33E+01  0.34E+00  0.18E+01  0.55E+03  0.21E+02
       C   4 3   0.35E+01  0.37E+00  0.20E+01  0.59E+03  0.22E+02
       C   4 4   0.38E+01  0.39E+00  0.22E+01  0.63E+03  0.24E+02
       Cl  1 1   0.14E+04 -0.47E+00  0.84E+01  0.32E+09  0.42E+03
       Cl  2 1   0.21E+04 -0.37E+00  0.12E+02  0.49E+09  0.65E+03
       Cl  2 2   0.33E+04 -0.16E+00  0.21E+02  0.76E+09  0.10E+04
       Cl  3 3   0.21E+02  0.79E-01  0.89E+01  0.23E+05  0.13E+03
       Cl  4 3   0.24E+02  0.67E-01  0.99E+01  0.27E+05  0.15E+03
       Cl  4 4   0.28E+02  0.44E-01  0.11E+02  0.32E+05  0.18E+03
       Cl  5 5   0.77E+00  0.19E+00  0.18E+01  0.12E+03  0.22E+02
       Cl  6 5   0.80E+00  0.19E+00  0.19E+01  0.12E+03  0.23E+02
       Cl  6 6   0.83E+00  0.20E+00  0.19E+01  0.12E+03  0.23E+02
       H   1 1   0.39E+02  0.19E+00  0.29E+00  0.78E+05  0.13E+02
       H   2 1   0.41E+02  0.21E+00  0.32E+00  0.82E+05  0.14E+02
       H   2 2   0.43E+02  0.22E+00  0.36E+00  0.86E+05  0.15E+02
     ------------------------------------------------------------

     alpha_pv=     34.0436 eV

     Number of occupied bands for each k-point:
     k-point:     1    nbnd_occ=  42
     k-point:     2    nbnd_occ=  42
     k-point:     3    nbnd_occ=  42
     k-point:     4    nbnd_occ=  42
     k-point:     5    nbnd_occ=  42
     k-point:     6    nbnd_occ=  42
     k-point:     7    nbnd_occ=  42
     k-point:     8    nbnd_occ=  42
     k-point:     9    nbnd_occ=  42
     k-point:    10    nbnd_occ=  42
     k-point:    11    nbnd_occ=  42
     k-point:    12    nbnd_occ=  42
     k-point:    13    nbnd_occ=  42
     k-point:    14    nbnd_occ=  42
     k-point:    15    nbnd_occ=  42
     k-point:    16    nbnd_occ=  42


     q-space interpolation up to   110.00 Rydberg

     GIPAW job: efg                                                                             


     ELECTRIC FIELD GRADIENTS TENSORS IN Hartree/bohrradius^2:

     ----- bare term -----
     Cl   1        0.009767        0.064350        0.023308
     Cl   1        0.064350        0.054653        0.061340
     Cl   1        0.023308        0.061340       -0.064420

     C    2       -0.786353        0.422934       -0.365173
     C    2        0.422934        0.355338       -0.015388
     C    2       -0.365173       -0.015388        0.431015

     C    3        0.126132       -0.125041       -0.045247
     C    3       -0.125041       -0.414776       -0.412393
     C    3       -0.045247       -0.412393        0.288644

     H    4       -0.573304       -0.080349        0.199648
     H    4       -0.080349        0.353909       -0.214297
     H    4        0.199648       -0.214297        0.219395

     C    5       -0.478505        0.391654       -0.337098
     C    5        0.391654        0.107393        0.033347
     C    5       -0.337098        0.033347        0.371112

     H    6        0.304027       -0.325252        0.201859
     H    6       -0.325252       -0.513464       -0.052619
     H    6        0.201859       -0.052619        0.209437

     H    7        0.329446        0.254534       -0.161634
     H    7        0.254534       -0.441338        0.544302
     H    7       -0.161634        0.544302        0.111892

     C    8       -0.156233       -0.330980       -0.140103
     C    8       -0.330980       -0.268834        0.373274
     C    8       -0.140103        0.373274        0.425067

     H    9       -0.289543        0.177033       -0.572164
     H    9        0.177033        0.371176        0.179237
     H    9       -0.572164        0.179237       -0.081633

     C   10       -0.494991       -0.368960       -0.316884
     C   10       -0.368960        0.108022        0.300070
     C   10       -0.316884        0.300070        0.386969

     C   11       -0.080548        0.256590       -0.363568
     C   11        0.256590        0.000630        0.716512
     C   11       -0.363568        0.716512        0.079917

     Cl  12       -0.255077       -0.260933       -0.017679
     Cl  12       -0.260933        0.209667        0.083270
     Cl  12       -0.017679        0.083270        0.045410

     H   13        0.299788       -0.316919        0.083703
     H   13       -0.316919       -0.593162        0.145690
     H   13        0.083703        0.145690        0.293374

     C   14        0.014070        0.072205       -0.086127
     C   14        0.072205       -0.117459       -0.304849
     C   14       -0.086127       -0.304849        0.103389

     H   15       -0.375597       -0.376479        0.215896
     H   15       -0.376479        0.195753        0.106857
     H   15        0.215896        0.106857        0.179844

     C   16       -0.354946        0.230741       -0.023018
     C   16        0.230741        0.017575       -0.218130
     C   16       -0.023018       -0.218130        0.337371

     C   17        0.013447       -0.385555       -0.444138
     C   17       -0.385555       -0.066995       -0.668472
     C   17       -0.444138       -0.668472        0.053548

     Cl  18       -0.141429        0.161666        0.138372
     Cl  18        0.161666       -0.105817       -0.072051
     Cl  18        0.138372       -0.072051        0.247246

     H   19        0.511410        0.039645        0.147052
     H   19        0.039645       -0.007148        0.226692
     H   19        0.147052        0.226692       -0.504262

     C   20       -0.613031       -0.340117       -0.188053
     C   20       -0.340117        0.295870        0.337085
     C   20       -0.188053        0.337085        0.317161

     H   21       -0.006601        0.044180       -0.492021
     H   21        0.044180        0.152131       -0.212152
     H   21       -0.492021       -0.212152       -0.145529

     C   22        0.013192       -0.295777       -0.135878
     C   22       -0.295777       -0.089288        0.623820
     C   22       -0.135878        0.623820        0.076097

     C   23       -0.569617       -0.245241       -0.379666
     C   23       -0.245241        0.202989        0.185698
     C   23       -0.379666        0.185698        0.366628

     Cl  24       -0.021218       -0.114076       -0.017535
     Cl  24       -0.114076        0.151195       -0.010890
     Cl  24       -0.017535       -0.010890       -0.129977

     ----- ionic term -----
     Cl   1        0.133194       -0.224860        0.006825
     Cl   1       -0.224860        0.044052       -0.003944
     Cl   1        0.006825       -0.003944       -0.177246

     C    2        0.265500       -0.055138        0.180718
     C    2       -0.055138        0.300883        0.275456
     C    2        0.180718        0.275456       -0.566383

     C    3        0.204877       -0.141443        0.133975
     C    3       -0.141443        0.338209        0.291509
     C    3        0.133975        0.291509       -0.543086

     H    4        0.780901        0.382468        0.516818
     H    4        0.382468       -0.352260        0.186800
     H    4        0.516818        0.186800       -0.428642

     C    5        0.396434       -0.152657        0.117992
     C    5       -0.152657        0.179511        0.235216
     C    5        0.117992        0.235216       -0.575945

     H    6       -0.486043        0.097503        0.021857
     H    6        0.097503        0.877771        0.504773
     H    6        0.021857        0.504773       -0.391728

     H    7       -0.510688       -0.125751        0.091496
     H    7       -0.125751        0.684174       -0.700706
     H    7        0.091496       -0.700706       -0.173486

     C    8        0.297764        0.222984        0.235417
     C    8        0.222984        0.029043       -0.315054
     C    8        0.235417       -0.315054       -0.326807

     H    9        0.533735       -0.122225        0.755670
     H    9       -0.122225       -0.529529       -0.173586
     H    9        0.755670       -0.173586       -0.004207

     C   10        0.175536        0.275621        0.197832
     C   10        0.275621        0.079285       -0.404203
     C   10        0.197832       -0.404203       -0.254821

     C   11        0.225164        0.154482        0.349232
     C   11        0.154482       -0.025314       -0.416254
     C   11        0.349232       -0.416254       -0.199850

     Cl  12        0.163826        0.196351        0.002686
     Cl  12        0.196351       -0.013240       -0.011329
     Cl  12        0.002686       -0.011329       -0.150586

     H   13       -0.484345        0.263470        0.061612
     H   13        0.263470        0.935054        0.392701
     H   13        0.061612        0.392701       -0.450709

     C   14        0.321245       -0.087430        0.119764
     C   14       -0.087430        0.219651        0.233861
     C   14        0.119764        0.233861       -0.540896

     H   15        1.017770        0.268978        0.202011
     H   15        0.268978       -0.418865        0.086641
     H   15        0.202011        0.086641       -0.598904

     C   16        0.254838       -0.153982        0.040771
     C   16       -0.153982        0.295265        0.266453
     C   16        0.040771        0.266453       -0.550103

     C   17        0.312148        0.001713        0.135509
     C   17        0.001713        0.232081        0.283174
     C   17        0.135509        0.283174       -0.544229

     Cl  18        0.101349       -0.160321       -0.027444
     Cl  18       -0.160321        0.037422        0.020303
     Cl  18       -0.027444        0.020303       -0.138771

     H   19       -0.536798        0.025596       -0.017698
     H   19        0.025596        0.455460       -0.801646
     H   19       -0.017698       -0.801646        0.081338

     C   20        0.252160        0.256985        0.238678
     C   20        0.256985       -0.046732       -0.367719
     C   20        0.238678       -0.367719       -0.205428

     H   21        0.427910       -0.179143        0.775839
     H   21       -0.179143       -0.486846       -0.230968
     H   21        0.775839       -0.230968        0.058937

     C   22        0.098396        0.308878        0.151229
     C   22        0.308878        0.101112       -0.475963
     C   22        0.151229       -0.475963       -0.199508

     C   23        0.139325        0.224724        0.259932
     C   23        0.224724        0.085383       -0.420193
     C   23        0.259932       -0.420193       -0.224708

     Cl  24        0.114612        0.217743        0.020088
     Cl  24        0.217743        0.036641        0.005000
     Cl  24        0.020088        0.005000       -0.151253

     ----- GIPAW term -----
     Cl   1        0.042619       -0.532975        0.327765
     Cl   1       -0.532975        2.260481        1.220691
     Cl   1        0.327765        1.220691       -2.303100

     C    2       -0.182886        0.016880       -0.026198
     C    2        0.016880        0.232614        0.166207
     C    2       -0.026198        0.166207       -0.049728

     C    3       -0.033843       -0.067086       -0.035451
     C    3       -0.067086       -0.028666        0.075057
     C    3       -0.035451        0.075057        0.062509

     H    4       -0.000000        0.000000        0.000000
     H    4        0.000000        0.000000        0.000000
     H    4        0.000000        0.000000        0.000000

     C    5       -0.010400       -0.030119       -0.115431
     C    5       -0.030119       -0.008537        0.089548
     C    5       -0.115431        0.089548        0.018937

     H    6       -0.000000        0.000000        0.000000
     H    6        0.000000        0.000000        0.000000
     H    6        0.000000        0.000000        0.000000

     H    7       -0.000000        0.000000        0.000000
     H    7        0.000000        0.000000        0.000000
     H    7        0.000000        0.000000        0.000000

     C    8       -0.034623       -0.111803        0.043147
     C    8       -0.111803       -0.052021       -0.013847
     C    8        0.043147       -0.013847        0.086644

     H    9       -0.000000        0.000000        0.000000
     H    9        0.000000        0.000000        0.000000
     H    9        0.000000        0.000000        0.000000

     C   10       -0.157050       -0.109984       -0.067599
     C   10       -0.109984        0.151884        0.004787
     C   10       -0.067599        0.004787        0.005166

     C   11       -0.007689        0.219739       -0.038435
     C   11        0.219739        0.143141        0.175563
     C   11       -0.038435        0.175563       -0.135452

     Cl  12       -0.539703        0.596716       -0.250805
     Cl  12        0.596716        2.382145        0.815624
     Cl  12       -0.250805        0.815624       -1.842443

     H   13       -0.000000        0.000000        0.000000
     H   13        0.000000        0.000000        0.000000
     H   13        0.000000        0.000000        0.000000

     C   14       -0.034578        0.063377       -0.005490
     C   14        0.063377        0.125809       -0.087411
     C   14       -0.005490       -0.087411       -0.091231

     H   15       -0.000000        0.000000        0.000000
     H   15        0.000000        0.000000        0.000000
     H   15        0.000000        0.000000        0.000000

     C   16       -0.115231        0.034751       -0.018041
     C   16        0.034751        0.089091       -0.119937
     C   16       -0.018041       -0.119937        0.026140

     C   17        0.066309       -0.298109       -0.068111
     C   17       -0.298109        0.097933       -0.088962
     C   17       -0.068111       -0.088962       -0.164242

     Cl  18        0.646306       -1.651900        1.238297
     Cl  18       -1.651900       -0.854078       -0.618752
     Cl  18        1.238297       -0.618752        0.207772

     H   19       -0.000000        0.000000        0.000000
     H   19        0.000000        0.000000        0.000000
     H   19        0.000000        0.000000        0.000000

     C   20       -0.193508       -0.040671       -0.010979
     C   20       -0.040671        0.177005        0.192118
     C   20       -0.010979        0.192118        0.016503

     H   21       -0.000000        0.000000        0.000000
     H   21        0.000000        0.000000        0.000000
     H   21        0.000000        0.000000        0.000000

     C   22       -0.101026       -0.099438       -0.015647
     C   22       -0.099438        0.235850        0.095484
     C   22       -0.015647        0.095484       -0.134825

     C   23       -0.113626        0.034938       -0.042219
     C   23        0.034938        0.157700       -0.100814
     C   23       -0.042219       -0.100814       -0.044074

     Cl  24        0.522505        0.457610       -0.084033
     Cl  24        0.457610        2.205925       -0.048102
     Cl  24       -0.084033       -0.048102       -2.728430

     ----- total EFG -----
     Cl   1        0.185580       -0.693485        0.357898
     Cl   1       -0.693485        2.359187        1.278086
     Cl   1        0.357898        1.278086       -2.544767

     C    2       -0.703739        0.384676       -0.210653
     C    2        0.384676        0.888835        0.426275
     C    2       -0.210653        0.426275       -0.185096

     C    3        0.297166       -0.333570        0.053277
     C    3       -0.333570       -0.105232       -0.045827
     C    3        0.053277       -0.045827       -0.191934

     H    4        0.207597        0.302119        0.716466
     H    4        0.302119        0.001650       -0.027497
     H    4        0.716466       -0.027497       -0.209247

     C    5       -0.092471        0.208878       -0.334537
     C    5        0.208878        0.278367        0.358111
     C    5       -0.334537        0.358111       -0.185896

     H    6       -0.182017       -0.227749        0.223717
     H    6       -0.227749        0.364307        0.452154
     H    6        0.223717        0.452154       -0.182291

     H    7       -0.181243        0.128784       -0.070138
     H    7        0.128784        0.242836       -0.156404
     H    7       -0.070138       -0.156404       -0.061593

     C    8        0.106908       -0.219799        0.138462
     C    8       -0.219799       -0.291812        0.044373
     C    8        0.138462        0.044373        0.184904

     H    9        0.244193        0.054808        0.183506
     H    9        0.054808       -0.158353        0.005651
     H    9        0.183506        0.005651       -0.085840

     C   10       -0.476504       -0.203322       -0.186651
     C   10       -0.203322        0.339191       -0.099345
     C   10       -0.186651       -0.099345        0.137314

     C   11        0.136928        0.630812       -0.052771
     C   11        0.630812        0.118457        0.475821
     C   11       -0.052771        0.475821       -0.255385

     Cl  12       -0.630954        0.532134       -0.265798
     Cl  12        0.532134        2.578573        0.887565
     Cl  12       -0.265798        0.887565       -1.947619

     H   13       -0.184557       -0.053450        0.145315
     H   13       -0.053450        0.341892        0.538390
     H   13        0.145315        0.538390       -0.157335

     C   14        0.300737        0.048153        0.028147
     C   14        0.048153        0.228001       -0.158399
     C   14        0.028147       -0.158399       -0.528738

     H   15        0.642173       -0.107500        0.417907
     H   15       -0.107500       -0.223112        0.193498
     H   15        0.417907        0.193498       -0.419061

     C   16       -0.215339        0.111510       -0.000288
     C   16        0.111510        0.401930       -0.071615
     C   16       -0.000288       -0.071615       -0.186592

     C   17        0.391904       -0.681952       -0.376740
     C   17       -0.681952        0.263018       -0.474260
     C   17       -0.376740       -0.474260       -0.654922

     Cl  18        0.606226       -1.650555        1.349225
     Cl  18       -1.650555       -0.922473       -0.670499
     Cl  18        1.349225       -0.670499        0.316248

     H   19       -0.025388        0.065241        0.129355
     H   19        0.065241        0.448312       -0.574954
     H   19        0.129355       -0.574954       -0.422924

     C   20       -0.554379       -0.123804        0.039647
     C   20       -0.123804        0.426143        0.161484
     C   20        0.039647        0.161484        0.128236

     H   21        0.421309       -0.134963        0.283818
     H   21       -0.134963       -0.334716       -0.443119
     H   21        0.283818       -0.443119       -0.086593

     C   22        0.010562       -0.086337       -0.000296
     C   22       -0.086337        0.247674        0.243341
     C   22       -0.000296        0.243341       -0.258236

     C   23       -0.543919        0.014422       -0.161952
     C   23        0.014422        0.446072       -0.335309
     C   23       -0.161952       -0.335309        0.097846

     Cl  24        0.615898        0.561277       -0.081480
     Cl  24        0.561277        2.393762       -0.053992
     Cl  24       -0.081480       -0.053992       -3.009660

     ----- total EFG (symmetrized) -----
     Cl   1        0.185580       -0.693485        0.357898
     Cl   1       -0.693485        2.359187        1.278086
     Cl   1        0.357898        1.278086       -2.544767

     C    2       -0.703739        0.384676       -0.210653
     C    2        0.384676        0.888835        0.426275
     C    2       -0.210653        0.426275       -0.185096

     C    3        0.297166       -0.333570        0.053277
     C    3       -0.333570       -0.105232       -0.045827
     C    3        0.053277       -0.045827       -0.191934

     H    4        0.207597        0.302119        0.716466
     H    4        0.302119        0.001650       -0.027497
     H    4        0.716466       -0.027497       -0.209247

     C    5       -0.092471        0.208878       -0.334537
     C    5        0.208878        0.278367        0.358111
     C    5       -0.334537        0.358111       -0.185896

     H    6       -0.182017       -0.227749        0.223717
     H    6       -0.227749        0.364307        0.452154
     H    6        0.223717        0.452154       -0.182291

     H    7       -0.181243        0.128784       -0.070138
     H    7        0.128784        0.242836       -0.156404
     H    7       -0.070138       -0.156404       -0.061593

     C    8        0.106908       -0.219799        0.138462
     C    8       -0.219799       -0.291812        0.044373
     C    8        0.138462        0.044373        0.184904

     H    9        0.244193        0.054808        0.183506
     H    9        0.054808       -0.158353        0.005651
     H    9        0.183506        0.005651       -0.085840

     C   10       -0.476504       -0.203322       -0.186651
     C   10       -0.203322        0.339191       -0.099345
     C   10       -0.186651       -0.099345        0.137314

     C   11        0.136928        0.630812       -0.052771
     C   11        0.630812        0.118457        0.475821
     C   11       -0.052771        0.475821       -0.255385

     Cl  12       -0.630954        0.532134       -0.265798
     Cl  12        0.532134        2.578573        0.887565
     Cl  12       -0.265798        0.887565       -1.947619

     H   13       -0.184557       -0.053450        0.145315
     H   13       -0.053450        0.341892        0.538390
     H   13        0.145315        0.538390       -0.157335

     C   14        0.300737        0.048153        0.028147
     C   14        0.048153        0.228001       -0.158399
     C   14        0.028147       -0.158399       -0.528738

     H   15        0.642173       -0.107500        0.417907
     H   15       -0.107500       -0.223112        0.193498
     H   15        0.417907        0.193498       -0.419061

     C   16       -0.215339        0.111510       -0.000288
     C   16        0.111510        0.401930       -0.071615
     C   16       -0.000288       -0.071615       -0.186592

     C   17        0.391904       -0.681952       -0.376740
     C   17       -0.681952        0.263018       -0.474260
     C   17       -0.376740       -0.474260       -0.654922

     Cl  18        0.606226       -1.650555        1.349225
     Cl  18       -1.650555       -0.922473       -0.670499
     Cl  18        1.349225       -0.670499        0.316248

     H   19       -0.025388        0.065241        0.129355
     H   19        0.065241        0.448312       -0.574954
     H   19        0.129355       -0.574954       -0.422924

     C   20       -0.554379       -0.123804        0.039647
     C   20       -0.123804        0.426143        0.161484
     C   20        0.039647        0.161484        0.128236

     H   21        0.421309       -0.134963        0.283818
     H   21       -0.134963       -0.334716       -0.443119
     H   21        0.283818       -0.443119       -0.086593

     C   22        0.010562       -0.086337       -0.000296
     C   22       -0.086337        0.247674        0.243341
     C   22       -0.000296        0.243341       -0.258236

     C   23       -0.543919        0.014422       -0.161952
     C   23        0.014422        0.446072       -0.335309
     C   23       -0.161952       -0.335309        0.097846

     Cl  24        0.615898        0.561277       -0.081480
     Cl  24        0.561277        2.393762       -0.053992
     Cl  24       -0.081480       -0.053992       -3.009660


     NQR/NMR SPECTROSCOPIC PARAMETERS:
     Cl   1    Vxx=    0.1368    axis=(  0.960847  0.177439  0.212812)
     Cl   1    Vyy=    2.8068    axis=( -0.222737  0.951472  0.212340)
     Cl   1    Vzz=   -2.9435    axis=( -0.164808 -0.251428  0.953741)
     Cl   1  Q=        -8.1650 1e-30 m^2  Cq=        56.4704 MHz  eta= 0.90706

     C    2    Vxx=   -0.1613    axis=( -0.465081 -0.181372  0.866490)
     C    2    Vyy=   -0.9265    axis=( -0.869068  0.279933 -0.407870)
     C    2    Vzz=    1.0878    axis=(  0.168583  0.942731  0.287816)
     C    2  Q=         1.0000 1e-30 m^2  Cq=         2.5558 MHz  eta= 0.70351

     C    3    Vxx=   -0.1969    axis=( -0.155360 -0.072784  0.985173)
     C    3    Vyy=   -0.2955    axis=(  0.476159  0.868266  0.139237)
     C    3    Vzz=    0.4925    axis=( -0.865526  0.490731 -0.100237)
     C    3  Q=         1.0000 1e-30 m^2  Cq=         1.1571 MHz  eta= 0.20014

     H    4    Vxx=   -0.0094    axis=( -0.067680  0.926491 -0.370180)
     H    4    Vyy=   -0.8007    axis=( -0.609693  0.255285  0.750403)
     H    4    Vzz=    0.8102    axis=(  0.789743  0.276484  0.547597)
     H    4  Q=         1.0000 1e-30 m^2  Cq=         1.9035 MHz  eta= 0.97671

     C    5    Vxx=    0.1814    axis=(  0.817188  0.214856 -0.534828)
     C    5    Vyy=    0.4745    axis=( -0.061498 -0.890122 -0.451554)
     C    5    Vzz=   -0.6559    axis=( -0.573082  0.401895 -0.714183)
     C    5  Q=         1.0000 1e-30 m^2  Cq=        -1.5410 MHz  eta= 0.44685

     H    6    Vxx=    0.0137    axis=( -0.820912  0.169859 -0.545207)
     H    6    Vyy=    0.6301    axis=( -0.121205  0.881158  0.457023)
     H    6    Vzz=   -0.6438    axis=( -0.558043 -0.441258  0.702766)
     H    6  Q=         1.0000 1e-30 m^2  Cq=        -1.5128 MHz  eta= 0.95748

     H    7    Vxx=   -0.1256    axis=( -0.137343  0.427336  0.893600)
     H    7    Vyy=   -0.2234    axis=(  0.954276 -0.184734  0.235012)
     H    7    Vzz=    0.3491    axis=(  0.265508  0.885018 -0.382425)
     H    7  Q=         1.0000 1e-30 m^2  Cq=         0.8201 MHz  eta= 0.28029

     C    8    Vxx=    0.0956    axis=( -0.583430  0.411214  0.700366)
     C    8    Vyy=    0.3099    axis=(  0.691237 -0.201308  0.694022)
     C    8    Vzz=   -0.4056    axis=(  0.426381  0.889032 -0.166797)
     C    8  Q=         1.0000 1e-30 m^2  Cq=        -0.9529 MHz  eta= 0.52848

     H    9    Vxx=   -0.1486    axis=( -0.197456 -0.739492  0.643555)
     H    9    Vyy=   -0.1829    axis=( -0.365290  0.664704  0.651715)
     H    9    Vzz=    0.3316    axis=(  0.909711  0.106400  0.401379)
     H    9  Q=         1.0000 1e-30 m^2  Cq=         0.7791 MHz  eta= 0.10344

     C   10    Vxx=    0.1823    axis=( -0.318469  0.176940  0.931273)
     C   10    Vyy=    0.4004    axis=( -0.170529  0.955703 -0.239897)
     C   10    Vzz=   -0.5827    axis=( -0.932468 -0.235209 -0.274189)
     C   10  Q=         1.0000 1e-30 m^2  Cq=        -1.3691 MHz  eta= 0.37438

     C   11    Vxx=   -0.0512    axis=(  0.625011 -0.248292 -0.740076)
     C   11    Vyy=   -0.7955    axis=( -0.467566  0.640110 -0.609624)
     C   11    Vzz=    0.8467    axis=( -0.625095 -0.727055 -0.283983)
     C   11  Q=         1.0000 1e-30 m^2  Cq=         1.9893 MHz  eta= 0.87909

     Cl  12    Vxx=   -0.6115    axis=(  0.963503 -0.090639 -0.251887)
     Cl  12    Vyy=   -2.2005    axis=(  0.229829 -0.202387  0.951955)
     Cl  12    Vzz=    2.8120    axis=( -0.137263 -0.975102 -0.174169)
     Cl  12  Q=        -8.1650 1e-30 m^2  Cq=       -53.9471 MHz  eta= 0.56506

     H   13    Vxx=   -0.1251    axis=(  0.927117 -0.232638  0.293825)
     H   13    Vyy=   -0.5619    axis=(  0.372749  0.491060 -0.787349)
     H   13    Vzz=    0.6870    axis=(  0.038882  0.839488  0.541986)
     H   13  Q=         1.0000 1e-30 m^2  Cq=         1.6142 MHz  eta= 0.63584

     C   14    Vxx=    0.2343    axis=( -0.521586  0.831358 -0.191813)
     C   14    Vyy=    0.3278    axis=(  0.852113  0.518927 -0.067962)
     C   14    Vzz=   -0.5622    axis=( -0.043036  0.198894  0.979076)
     C   14  Q=         1.0000 1e-30 m^2  Cq=        -1.3208 MHz  eta= 0.16629

     H   15    Vxx=   -0.1181    axis=(  0.107929 -0.897665 -0.427257)
     H   15    Vyy=   -0.6704    axis=(  0.305038  0.438939 -0.845154)
     H   15    Vzz=    0.7885    axis=(  0.946205 -0.039113  0.321196)
     H   15  Q=         1.0000 1e-30 m^2  Cq=         1.8526 MHz  eta= 0.70046

     C   16    Vxx=   -0.1914    axis=(  0.280805  0.062824  0.957706)
     C   16    Vyy=   -0.2382    axis=( -0.944710  0.194140  0.264259)
     C   16    Vzz=    0.4295    axis=( -0.169327 -0.978960  0.113866)
     C   16  Q=         1.0000 1e-30 m^2  Cq=         1.0093 MHz  eta= 0.10895

     C   17    Vxx=    0.1154    axis=(  0.550396  0.563486 -0.616075)
     C   17    Vyy=    1.0136    axis=( -0.730679  0.682109 -0.028900)
     C   17    Vzz=   -1.1291    axis=(  0.403945  0.466060  0.787157)
     C   17  Q=         1.0000 1e-30 m^2  Cq=        -2.6528 MHz  eta= 0.79553

     Cl  18    Vxx=   -0.6397    axis=( -0.403303  0.377109  0.833748)
     Cl  18    Vyy=   -1.9924    axis=( -0.568329 -0.817325  0.094767)
     Cl  18    Vzz=    2.6321    axis=(  0.717181 -0.435624  0.543952)
     Cl  18  Q=        -8.1650 1e-30 m^2  Cq=       -50.4959 MHz  eta= 0.51395

     H   19    Vxx=    0.0041    axis=(  0.979959  0.087618  0.178897)
     H   19    Vyy=    0.7340    axis=(  0.001151  0.895567 -0.444925)
     H   19    Vzz=   -0.7381    axis=( -0.199198  0.436214  0.877518)
     H   19  Q=         1.0000 1e-30 m^2  Cq=        -1.7342 MHz  eta= 0.98900

     C   20    Vxx=    0.0690    axis=(  0.131980 -0.370005  0.919607)
     C   20    Vyy=    0.5060    axis=( -0.092975  0.919012  0.383110)
     C   20    Vzz=   -0.5749    axis=( -0.986882 -0.136064  0.086890)
     C   20  Q=         1.0000 1e-30 m^2  Cq=        -1.3509 MHz  eta= 0.76014

     H   21    Vxx=    0.0181    axis=(  0.600108  0.526636 -0.602101)
     H   21    Vyy=    0.6568    axis=(  0.797336 -0.333369  0.503111)
     H   21    Vzz=   -0.6749    axis=( -0.064234  0.781997  0.619963)
     H   21  Q=         1.0000 1e-30 m^2  Cq=        -1.5858 MHz  eta= 0.94634

     C   22    Vxx=   -0.0049    axis=(  0.971008  0.172976  0.164995)
     C   22    Vyy=   -0.3591    axis=( -0.088374 -0.381563  0.920108)
     C   22    Vzz=    0.3640    axis=(  0.222113 -0.908014 -0.355214)
     C   22  Q=         1.0000 1e-30 m^2  Cq=         0.8552 MHz  eta= 0.97325

     C   23    Vxx=   -0.0706    axis=( -0.259852  0.530774  0.806695)
     C   23    Vyy=   -0.5871    axis=(  0.962204  0.071825  0.262686)
     C   23    Vzz=    0.6577    axis=(  0.081486  0.844464 -0.529377)
     C   23  Q=         1.0000 1e-30 m^2  Cq=         1.5452 MHz  eta= 0.78528

     Cl  24    Vxx=    0.4547    axis=(  0.960273 -0.278465 -0.018245)
     Cl  24    Vyy=    2.5571    axis=(  0.278251  0.960415 -0.013388)
     Cl  24    Vzz=   -3.0118    axis=(  0.021251  0.007779  0.999744)
     Cl  24  Q=        -8.1650 1e-30 m^2  Cq=        57.7801 MHz  eta= 0.69807

     Initialization:
     gipaw_setup  :      9.14s CPU     11.34s WALL (       1 calls)

     Linear response

     Apply operators

     Induced current

     Other routines
     efg          :      9.66s CPU     12.72s WALL (       1 calls)

     General routines
     calbec       :      3.37s CPU      4.82s WALL (      16 calls)
     fft          :      1.46s CPU      1.96s WALL (      15 calls)
     ffts         :      0.04s CPU      0.05s WALL (       2 calls)
     fftw         :      3.49s CPU      4.28s WALL (     672 calls)
     davcio       :      0.03s CPU      0.32s WALL (      32 calls)

     Parallel routines
     fft_scatter  :      2.23s CPU      3.32s WALL (     689 calls)

     Plugins

     GIPAW        :     61.77s CPU     74.21s WALL (       1 calls)
