
     Program QE v.6.0 (svn rev. 13079) starts on 14Jan2017 at  3:12:15 

     This program is part of the open-source Quantum ESPRESSO suite
     for quantum simulation of materials; please cite
         "P. Giannozzi et al., J. Phys.:Condens. Matter 21 395502 (2009);
          URL http://www.quantum-espresso.org", 
     in publications or presentations arising from this work. More details at
     http://www.quantum-espresso.org/quote

     Parallel version (MPI), running on     8 processors
     R & G space division:  proc/nbgrp/npool/nimage =       8

     ***** This is GIPAW svn revision unknown      *****

     Parallelizing q-star over 1 images

     Reading data from directory:
     /users/majewski/paradichlorobenzene/pbe/9_constraint/scratch/pbe.ecut100.np8.dt60.pcl2phi-129368.save
     Message from routine read_xml_file:
     file /users/majewski/paradichlorobenzene/pbe/9_constraint/scratch/pbe.ecut100.np8.dt60.pcl2phi-129368.save not guaranteed to be safe for post-processing

   Info: using nr1, nr2, nr3 values from input

   Info: using nr1, nr2, nr3 values from input

     IMPORTANT: XC functional enforced from input :
     Exchange-correlation      =  SLA  PW   PBX  PBC ( 1  4  3  4 0 0)
     Any further DFT definition will be discarded
     Please, verify this is what you really want

               file C.pbe-n-kjpaw_psl.1.0.0.UPF: wavefunction(s)  2S 2P renormalized
               file Cl.pbe-n-kjpaw_psl.1.0.0.UPF: wavefunction(s)  3S 3P renormalized
               file H.pbe-kjpaw_psl.1.0.0.UPF: wavefunction(s)  1S renormalized

     Parallelization info
     --------------------
     sticks:   dense  smooth     PW     G-vecs:    dense   smooth      PW
     Min        3057    1223    332               144436    36536    5170
     Max        3059    1225    333               144437    36537    5171
     Sum       24467    9791   2657              1155489   292295   41363


     Subspace diagonalization in iterative solution of the eigenvalue problem:
     a serial algorithm will be used

     GIPAW projectors -----------------------------------------------
     atom=  C    l=0  rc=    1.2000  rs=    0.8000
     atom=  C    l=0  rc=    1.2000  rs=    0.8000
     atom=  C    l=1  rc=    1.4000  rs=    0.9333
     atom=  C    l=1  rc=    1.4000  rs=    0.9333
     projs nearly linearly dependent: l=1  n1,n2= 1, 2  s=  0.99951561

     atom=  Cl   l=0  rc=    1.6000  rs=    1.0667
     atom=  Cl   l=0  rc=    1.6000  rs=    1.0667
     atom=  Cl   l=1  rc=    1.6000  rs=    1.0667
     atom=  Cl   l=1  rc=    1.6000  rs=    1.0667
     atom=  Cl   l=2  rc=    1.6000  rs=    1.0667
     atom=  Cl   l=2  rc=    1.6000  rs=    1.0667
     projs nearly linearly dependent: l=2  n1,n2= 1, 2  s=  0.99993509

     atom=  H    l=0  rc=    1.0000  rs=    0.6667
     atom=  H    l=0  rc=    1.0000  rs=    0.6667
     projs nearly linearly dependent: l=0  n1,n2= 1, 2  s=  0.99968852
     -----------------------------------------------------------------

     GIPAW integrals: -------------------------------------------
     Atom  i/j   nmr_para   nmr_dia   epr_rmc  epr_para   epr_dia
       C   1 1   0.83E+03  0.17E-01  0.93E+01  0.24E+08  0.24E+03
       C   2 1   0.86E+03 -0.61E-01  0.94E+01  0.25E+08  0.25E+03
       C   2 2   0.90E+03 -0.15E+00  0.97E+01  0.26E+08  0.26E+03
       C   3 3   0.33E+01  0.34E+00  0.18E+01  0.55E+03  0.21E+02
       C   4 3   0.35E+01  0.37E+00  0.20E+01  0.59E+03  0.22E+02
       C   4 4   0.38E+01  0.39E+00  0.22E+01  0.63E+03  0.24E+02
       Cl  1 1   0.14E+04 -0.47E+00  0.84E+01  0.32E+09  0.42E+03
       Cl  2 1   0.21E+04 -0.37E+00  0.12E+02  0.49E+09  0.65E+03
       Cl  2 2   0.33E+04 -0.16E+00  0.21E+02  0.76E+09  0.10E+04
       Cl  3 3   0.21E+02  0.79E-01  0.89E+01  0.23E+05  0.13E+03
       Cl  4 3   0.24E+02  0.67E-01  0.99E+01  0.27E+05  0.15E+03
       Cl  4 4   0.28E+02  0.44E-01  0.11E+02  0.32E+05  0.18E+03
       Cl  5 5   0.77E+00  0.19E+00  0.18E+01  0.12E+03  0.22E+02
       Cl  6 5   0.80E+00  0.19E+00  0.19E+01  0.12E+03  0.23E+02
       Cl  6 6   0.83E+00  0.20E+00  0.19E+01  0.12E+03  0.23E+02
       H   1 1   0.39E+02  0.19E+00  0.29E+00  0.78E+05  0.13E+02
       H   2 1   0.41E+02  0.21E+00  0.32E+00  0.82E+05  0.14E+02
       H   2 2   0.43E+02  0.22E+00  0.36E+00  0.86E+05  0.15E+02
     ------------------------------------------------------------

     alpha_pv=     34.6857 eV

     Number of occupied bands for each k-point:
     k-point:     1    nbnd_occ=  42
     k-point:     2    nbnd_occ=  42
     k-point:     3    nbnd_occ=  42
     k-point:     4    nbnd_occ=  42
     k-point:     5    nbnd_occ=  42
     k-point:     6    nbnd_occ=  42
     k-point:     7    nbnd_occ=  42
     k-point:     8    nbnd_occ=  42
     k-point:     9    nbnd_occ=  42
     k-point:    10    nbnd_occ=  42
     k-point:    11    nbnd_occ=  42
     k-point:    12    nbnd_occ=  42
     k-point:    13    nbnd_occ=  42
     k-point:    14    nbnd_occ=  42
     k-point:    15    nbnd_occ=  42
     k-point:    16    nbnd_occ=  42


     q-space interpolation up to   110.00 Rydberg

     GIPAW job: efg                                                                             


     ELECTRIC FIELD GRADIENTS TENSORS IN Hartree/bohrradius^2:

     ----- bare term -----
     Cl   1        0.043251        0.118008        0.019974
     Cl   1        0.118008        0.114083        0.018082
     Cl   1        0.019974        0.018082       -0.157334

     C    2       -0.141197        0.159835       -0.251324
     C    2        0.159835       -0.286450       -0.501554
     C    2       -0.251324       -0.501554        0.427646

     C    3       -0.181966        0.418566       -0.303032
     C    3        0.418566       -0.261205       -0.348665
     C    3       -0.303032       -0.348665        0.443171

     H    4       -0.071105       -0.154405       -0.357656
     H    4       -0.154405        0.488654       -0.130545
     H    4       -0.357656       -0.130545       -0.417549

     C    5       -0.610685        0.168618       -0.338276
     C    5        0.168618        0.109488       -0.195599
     C    5       -0.338276       -0.195599        0.501196

     H    6       -0.080107        0.234170       -0.177967
     H    6        0.234170       -0.282577       -0.402547
     H    6       -0.177967       -0.402547        0.362684

     H    7        0.425538        0.042812       -0.046070
     H    7        0.042812       -0.687628        0.263452
     H    7       -0.046070        0.263452        0.262089

     C    8       -0.302203       -0.180163       -0.348306
     C    8       -0.180163       -0.105334        0.433538
     C    8       -0.348306        0.433538        0.407537

     H    9       -0.437824        0.235909       -0.483808
     H    9        0.235909        0.298595        0.201902
     H    9       -0.483808        0.201902        0.139228

     C   10       -0.262380       -0.370972       -0.278458
     C   10       -0.370972       -0.197381        0.402191
     C   10       -0.278458        0.402191        0.459761

     C   11       -0.141025       -0.026583       -0.405892
     C   11       -0.026583       -0.154120        0.513523
     C   11       -0.405892        0.513523        0.295145

     Cl  12       -0.074665       -0.068019       -0.017527
     Cl  12       -0.068019        0.028135        0.011898
     Cl  12       -0.017527        0.011898        0.046530

     H   13       -0.088588        0.362222       -0.055417
     H   13        0.362222       -0.289940       -0.323217
     H   13       -0.055417       -0.323217        0.378528

     C   14       -0.131204       -0.159676       -0.468524
     C   14       -0.159676       -0.072026       -0.480381
     C   14       -0.468524       -0.480381        0.203229

     H   15        0.066681       -0.086257       -0.289988
     H   15       -0.086257        0.255950       -0.509661
     H   15       -0.289988       -0.509661       -0.322631

     C   16       -0.529113        0.353537       -0.417297
     C   16        0.353537        0.066186       -0.005005
     C   16       -0.417297       -0.005005        0.462927

     C   17        0.061060        0.009497       -0.194827
     C   17        0.009497       -0.531907       -0.314218
     C   17       -0.194827       -0.314218        0.470846

     Cl  18       -0.026569        0.119830       -0.033808
     Cl  18        0.119830        0.031349       -0.045744
     Cl  18       -0.033808       -0.045744       -0.004779

     H   19        0.295410        0.013374        0.238020
     H   19        0.013374       -0.136195        0.463109
     H   19        0.238020        0.463109       -0.159214

     C   20       -0.478288       -0.309900       -0.340684
     C   20       -0.309900        0.050709        0.391637
     C   20       -0.340684        0.391637        0.427578

     H   21       -0.192043        0.114798       -0.552082
     H   21        0.114798        0.371955        0.058786
     H   21       -0.552082        0.058786       -0.179912

     C   22       -0.222865       -0.265841       -0.278790
     C   22       -0.265841       -0.182777        0.548044
     C   22       -0.278790        0.548044        0.405642

     C   23       -0.350382       -0.235077       -0.287898
     C   23       -0.235077       -0.014492        0.402146
     C   23       -0.287898        0.402146        0.364873

     Cl  24       -0.016638        0.064334       -0.035372
     Cl  24        0.064334        0.059626        0.074406
     Cl  24       -0.035372        0.074406       -0.042988

     ----- ionic term -----
     Cl   1        0.138366       -0.234121        0.110265
     Cl   1       -0.234121        0.003647       -0.061106
     Cl   1        0.110265       -0.061106       -0.142013

     C    2        0.143312       -0.231822        0.424562
     C    2       -0.231822        0.111451        0.328888
     C    2        0.424562        0.328888       -0.254763

     C    3        0.145644       -0.337323        0.303857
     C    3       -0.337323        0.144899        0.289217
     C    3        0.303857        0.289217       -0.290544

     H    4        0.388896        0.213320        0.790970
     H    4        0.213320       -0.438764        0.253094
     H    4        0.790970        0.253094        0.049869

     C    5        0.228118       -0.270771        0.377679
     C    5       -0.270771        0.039826        0.259515
     C    5        0.377679        0.259515       -0.267944

     H    6       -0.484631       -0.191774       -0.087173
     H    6       -0.191774        0.671113        0.665616
     H    6       -0.087173        0.665616       -0.186482

     H    7       -0.509972       -0.078050        0.054704
     H    7       -0.078050        0.839939       -0.576342
     H    7        0.054704       -0.576342       -0.329967

     C    8        0.267861        0.260502        0.272593
     C    8        0.260502        0.109573       -0.237948
     C    8        0.272593       -0.237948       -0.377434

     H    9        0.676953       -0.312579        0.658800
     H    9       -0.312579       -0.443249       -0.239905
     H    9        0.658800       -0.239905       -0.233704

     C   10        0.169191        0.281459        0.193829
     C   10        0.281459        0.179587       -0.353878
     C   10        0.193829       -0.353878       -0.348778

     C   11        0.216653        0.231937        0.297011
     C   11        0.231937        0.050599       -0.380315
     C   11        0.297011       -0.380315       -0.267252

     Cl  12        0.157820        0.224753       -0.001205
     Cl  12        0.224753       -0.006820       -0.006689
     Cl  12       -0.001205       -0.006689       -0.151000

     H   13       -0.491475       -0.194031       -0.054367
     H   13       -0.194031        0.748688        0.618678
     H   13       -0.054367        0.618678       -0.257213

     C   14        0.265771       -0.240268        0.409216
     C   14       -0.240268        0.027321        0.249383
     C   14        0.409216        0.249383       -0.293092

     H   15        0.413830        0.354944        0.752969
     H   15        0.354944       -0.381729        0.321340
     H   15        0.752969        0.321340       -0.032101

     C   16        0.130904       -0.255877        0.297305
     C   16       -0.255877        0.181987        0.329780
     C   16        0.297305        0.329780       -0.312891

     C   17        0.105462       -0.184862        0.341364
     C   17       -0.184862        0.141127        0.404989
     C   17        0.341364        0.404989       -0.246590

     Cl  18        0.154239       -0.195602        0.050991
     Cl  18       -0.195602       -0.021622       -0.023111
     Cl  18        0.050991       -0.023111       -0.132617

     H   19       -0.499489        0.099780       -0.044569
     H   19        0.099780        0.492991       -0.766573
     H   19       -0.044569       -0.766573        0.006499

     C   20        0.284522        0.278727        0.305080
     C   20        0.278727       -0.030525       -0.289754
     C   20        0.305080       -0.289754       -0.253997

     H   21        0.518059       -0.291830        0.748318
     H   21       -0.291830       -0.450530       -0.274329
     H   21        0.748318       -0.274329       -0.067529

     C   22        0.174290        0.289190        0.205921
     C   22        0.289190        0.109202       -0.341844
     C   22        0.205921       -0.341844       -0.283493

     C   23        0.217110        0.270444        0.252647
     C   23        0.270444        0.076970       -0.328408
     C   23        0.252647       -0.328408       -0.294080

     Cl  24        0.130357        0.236860        0.019513
     Cl  24        0.236860        0.020075        0.006716
     Cl  24        0.019513        0.006716       -0.150433

     ----- GIPAW term -----
     Cl   1       -0.721279       -0.842983       -0.229393
     Cl   1       -0.842983       -1.116579       -0.266960
     Cl   1       -0.229393       -0.266960        1.837858

     C    2        0.021784       -0.104723       -0.003759
     C    2       -0.104723       -0.083632       -0.100700
     C    2       -0.003759       -0.100700        0.061848

     C    3        0.022662        0.039164       -0.148691
     C    3        0.039164       -0.092682       -0.021026
     C    3       -0.148691       -0.021026        0.070020

     H    4       -0.000000        0.000000        0.000000
     H    4        0.000000        0.000000        0.000000
     H    4        0.000000        0.000000        0.000000

     C    5       -0.084044        0.069636        0.092003
     C    5        0.069636       -0.044932        0.057784
     C    5        0.092003        0.057784        0.128976

     H    6       -0.000000        0.000000        0.000000
     H    6        0.000000        0.000000        0.000000
     H    6        0.000000        0.000000        0.000000

     H    7       -0.000000        0.000000        0.000000
     H    7        0.000000        0.000000        0.000000
     H    7        0.000000        0.000000        0.000000

     C    8       -0.030879       -0.018770       -0.059144
     C    8       -0.018770       -0.032604        0.088347
     C    8       -0.059144        0.088347        0.063482

     H    9       -0.000000        0.000000        0.000000
     H    9        0.000000        0.000000        0.000000
     H    9        0.000000        0.000000        0.000000

     C   10       -0.053375       -0.041901       -0.094959
     C   10       -0.041901       -0.034609        0.043624
     C   10       -0.094959        0.043624        0.087985

     C   11        0.058257        0.129426       -0.090820
     C   11        0.129426       -0.025005        0.090516
     C   11       -0.090820        0.090516       -0.033252

     Cl  12        1.086682        2.116210       -0.160565
     Cl  12        2.116210        0.342470        0.072546
     Cl  12       -0.160565        0.072546       -1.429152

     H   13       -0.000000        0.000000        0.000000
     H   13        0.000000        0.000000        0.000000
     H   13        0.000000        0.000000        0.000000

     C   14        0.150235       -0.140209       -0.066229
     C   14       -0.140209       -0.079943       -0.096358
     C   14       -0.066229       -0.096358       -0.070292

     H   15       -0.000000        0.000000        0.000000
     H   15        0.000000        0.000000        0.000000
     H   15        0.000000        0.000000        0.000000

     C   16       -0.138279       -0.047515       -0.184064
     C   16       -0.047515        0.001770        0.161069
     C   16       -0.184064        0.161069        0.136510

     C   17       -0.073933       -0.077257       -0.019624
     C   17       -0.077257       -0.134065        0.119960
     C   17       -0.019624        0.119960        0.207998

     Cl  18       -0.705223       -0.744837        0.699506
     Cl  18       -0.744837       -0.981897        1.137153
     Cl  18        0.699506        1.137153        1.687119

     H   19       -0.000000        0.000000        0.000000
     H   19        0.000000        0.000000        0.000000
     H   19        0.000000        0.000000        0.000000

     C   20       -0.101024       -0.064585       -0.058341
     C   20       -0.064585        0.032749        0.117537
     C   20       -0.058341        0.117537        0.068275

     H   21       -0.000000        0.000000        0.000000
     H   21        0.000000        0.000000        0.000000
     H   21        0.000000        0.000000        0.000000

     C   22       -0.102249       -0.038419       -0.079493
     C   22       -0.038419       -0.009906        0.153819
     C   22       -0.079493        0.153819        0.112155

     C   23       -0.009650        0.140975       -0.032357
     C   23        0.140975        0.079016        0.080364
     C   23       -0.032357        0.080364       -0.069366

     Cl  24        1.070986        2.515668       -0.189336
     Cl  24        2.515668        0.642833        0.665431
     Cl  24       -0.189336        0.665431       -1.713818

     ----- total EFG -----
     Cl   1       -0.539662       -0.959096       -0.099154
     Cl   1       -0.959096       -0.998848       -0.309984
     Cl   1       -0.099154       -0.309984        1.538510

     C    2        0.023900       -0.176711        0.169478
     C    2       -0.176711       -0.258630       -0.273366
     C    2        0.169478       -0.273366        0.234731

     C    3       -0.013660        0.120408       -0.147866
     C    3        0.120408       -0.208987       -0.080473
     C    3       -0.147866       -0.080473        0.222647

     H    4        0.317791        0.058915        0.433314
     H    4        0.058915        0.049889        0.122549
     H    4        0.433314        0.122549       -0.367680

     C    5       -0.466611       -0.032516        0.131406
     C    5       -0.032516        0.104382        0.121700
     C    5        0.131406        0.121700        0.362229

     H    6       -0.564738        0.042397       -0.265140
     H    6        0.042397        0.388536        0.263069
     H    6       -0.265140        0.263069        0.176202

     H    7       -0.084433       -0.035238        0.008634
     H    7       -0.035238        0.152311       -0.312890
     H    7        0.008634       -0.312890       -0.067878

     C    8       -0.065220        0.061569       -0.134858
     C    8        0.061569       -0.028365        0.283936
     C    8       -0.134858        0.283936        0.093585

     H    9        0.239129       -0.076670        0.174992
     H    9       -0.076670       -0.144654       -0.038003
     H    9        0.174992       -0.038003       -0.094476

     C   10       -0.146564       -0.131414       -0.179589
     C   10       -0.131414       -0.052404        0.091937
     C   10       -0.179589        0.091937        0.198967

     C   11        0.133885        0.334780       -0.199701
     C   11        0.334780       -0.128526        0.223724
     C   11       -0.199701        0.223724       -0.005359

     Cl  12        1.169838        2.272943       -0.179297
     Cl  12        2.272943        0.363784        0.077755
     Cl  12       -0.179297        0.077755       -1.533622

     H   13       -0.580062        0.168191       -0.109783
     H   13        0.168191        0.458748        0.295461
     H   13       -0.109783        0.295461        0.121315

     C   14        0.284802       -0.540153       -0.125537
     C   14       -0.540153       -0.124648       -0.327357
     C   14       -0.125537       -0.327357       -0.160155

     H   15        0.480511        0.268686        0.462981
     H   15        0.268686       -0.125779       -0.188321
     H   15        0.462981       -0.188321       -0.354732

     C   16       -0.536488        0.050145       -0.304056
     C   16        0.050145        0.249942        0.485844
     C   16       -0.304056        0.485844        0.286546

     C   17        0.092590       -0.252621        0.126914
     C   17       -0.252621       -0.524844        0.210731
     C   17        0.126914        0.210731        0.432255

     Cl  18       -0.577553       -0.820608        0.716688
     Cl  18       -0.820608       -0.972170        1.068299
     Cl  18        0.716688        1.068299        1.549723

     H   19       -0.204080        0.113154        0.193451
     H   19        0.113154        0.356796       -0.303464
     H   19        0.193451       -0.303464       -0.152716

     C   20       -0.294790       -0.095758       -0.093945
     C   20       -0.095758        0.052933        0.219421
     C   20       -0.093945        0.219421        0.241857

     H   21        0.326016       -0.177032        0.196236
     H   21       -0.177032       -0.078576       -0.215542
     H   21        0.196236       -0.215542       -0.247440

     C   22       -0.150824       -0.015070       -0.152363
     C   22       -0.015070       -0.083481        0.360018
     C   22       -0.152363        0.360018        0.234304

     C   23       -0.142922        0.176342       -0.067608
     C   23        0.176342        0.141494        0.154102
     C   23       -0.067608        0.154102        0.001427

     Cl  24        1.184705        2.816861       -0.205195
     Cl  24        2.816861        0.722534        0.746553
     Cl  24       -0.205195        0.746553       -1.907239

     ----- total EFG (symmetrized) -----
     Cl   1       -0.539662       -0.959096       -0.099154
     Cl   1       -0.959096       -0.998848       -0.309984
     Cl   1       -0.099154       -0.309984        1.538510

     C    2        0.023900       -0.176711        0.169478
     C    2       -0.176711       -0.258630       -0.273366
     C    2        0.169478       -0.273366        0.234731

     C    3       -0.013660        0.120408       -0.147866
     C    3        0.120408       -0.208987       -0.080473
     C    3       -0.147866       -0.080473        0.222647

     H    4        0.317791        0.058915        0.433314
     H    4        0.058915        0.049889        0.122549
     H    4        0.433314        0.122549       -0.367680

     C    5       -0.466611       -0.032516        0.131406
     C    5       -0.032516        0.104382        0.121700
     C    5        0.131406        0.121700        0.362229

     H    6       -0.564738        0.042397       -0.265140
     H    6        0.042397        0.388536        0.263069
     H    6       -0.265140        0.263069        0.176202

     H    7       -0.084433       -0.035238        0.008634
     H    7       -0.035238        0.152311       -0.312890
     H    7        0.008634       -0.312890       -0.067878

     C    8       -0.065220        0.061569       -0.134858
     C    8        0.061569       -0.028365        0.283936
     C    8       -0.134858        0.283936        0.093585

     H    9        0.239129       -0.076670        0.174992
     H    9       -0.076670       -0.144654       -0.038003
     H    9        0.174992       -0.038003       -0.094476

     C   10       -0.146564       -0.131414       -0.179589
     C   10       -0.131414       -0.052404        0.091937
     C   10       -0.179589        0.091937        0.198967

     C   11        0.133885        0.334780       -0.199701
     C   11        0.334780       -0.128526        0.223724
     C   11       -0.199701        0.223724       -0.005359

     Cl  12        1.169838        2.272943       -0.179297
     Cl  12        2.272943        0.363784        0.077755
     Cl  12       -0.179297        0.077755       -1.533622

     H   13       -0.580062        0.168191       -0.109783
     H   13        0.168191        0.458748        0.295461
     H   13       -0.109783        0.295461        0.121315

     C   14        0.284802       -0.540153       -0.125537
     C   14       -0.540153       -0.124648       -0.327357
     C   14       -0.125537       -0.327357       -0.160155

     H   15        0.480511        0.268686        0.462981
     H   15        0.268686       -0.125779       -0.188321
     H   15        0.462981       -0.188321       -0.354732

     C   16       -0.536488        0.050145       -0.304056
     C   16        0.050145        0.249942        0.485844
     C   16       -0.304056        0.485844        0.286546

     C   17        0.092590       -0.252621        0.126914
     C   17       -0.252621       -0.524844        0.210731
     C   17        0.126914        0.210731        0.432255

     Cl  18       -0.577553       -0.820608        0.716688
     Cl  18       -0.820608       -0.972170        1.068299
     Cl  18        0.716688        1.068299        1.549723

     H   19       -0.204080        0.113154        0.193451
     H   19        0.113154        0.356796       -0.303464
     H   19        0.193451       -0.303464       -0.152716

     C   20       -0.294790       -0.095758       -0.093945
     C   20       -0.095758        0.052933        0.219421
     C   20       -0.093945        0.219421        0.241857

     H   21        0.326016       -0.177032        0.196236
     H   21       -0.177032       -0.078576       -0.215542
     H   21        0.196236       -0.215542       -0.247440

     C   22       -0.150824       -0.015070       -0.152363
     C   22       -0.015070       -0.083481        0.360018
     C   22       -0.152363        0.360018        0.234304

     C   23       -0.142922        0.176342       -0.067608
     C   23        0.176342        0.141494        0.154102
     C   23       -0.067608        0.154102        0.001427

     Cl  24        1.184705        2.816861       -0.205195
     Cl  24        2.816861        0.722534        0.746553
     Cl  24       -0.205195        0.746553       -1.907239


     NQR/NMR SPECTROSCOPIC PARAMETERS:
     Cl   1    Vxx=    0.2075    axis=(  0.790307 -0.607128 -0.082521)
     Cl   1    Vyy=    1.5760    axis=( -0.009206  0.122901 -0.992376)
     Cl   1    Vzz=   -1.7835    axis=(  0.612642  0.785042  0.091541)
     Cl   1  Q=        -8.1650 1e-30 m^2  Cq=        34.2149 MHz  eta= 0.76732

     C    2    Vxx=   -0.0692    axis=( -0.853586  0.047646  0.518769)
     C    2    Vyy=   -0.4040    axis=(  0.248295  0.912635  0.324725)
     C    2    Vzz=    0.4732    axis=(  0.457975 -0.405988  0.790843)
     C    2  Q=         1.0000 1e-30 m^2  Cq=         1.1119 MHz  eta= 0.70737

     C    3    Vxx=   -0.0571    axis=(  0.783488  0.348694  0.514353)
     C    3    Vyy=   -0.2666    axis=( -0.418903  0.907747  0.022706)
     C    3    Vzz=    0.3237    axis=( -0.458985 -0.233254  0.857278)
     C    3  Q=         1.0000 1e-30 m^2  Cq=         0.7606 MHz  eta= 0.64694

     H    4    Vxx=    0.0384    axis=(  0.247640 -0.968447 -0.028017)
     H    4    Vyy=    0.5504    axis=( -0.872939 -0.210487 -0.440082)
     H    4    Vzz=   -0.5888    axis=(  0.420299  0.133439 -0.897520)
     H    4  Q=         1.0000 1e-30 m^2  Cq=        -1.3835 MHz  eta= 0.86967

     C    5    Vxx=    0.0669    axis=(  0.137008 -0.935841  0.324702)
     C    5    Vyy=    0.4245    axis=(  0.124913  0.341498  0.931545)
     C    5    Vzz=   -0.4914    axis=( -0.982662 -0.087070  0.163687)
     C    5  Q=         1.0000 1e-30 m^2  Cq=        -1.1545 MHz  eta= 0.72764

     H    6    Vxx=    0.0862    axis=( -0.337105 -0.590631  0.733154)
     H    6    Vyy=    0.5784    axis=(  0.107978 -0.797853 -0.593104)
     H    6    Vzz=   -0.6645    axis=( -0.935255  0.120774 -0.332735)
     H    6  Q=         1.0000 1e-30 m^2  Cq=        -1.5614 MHz  eta= 0.74062

     H    7    Vxx=   -0.0860    axis=(  0.995200  0.021927 -0.095377)
     H    7    Vyy=   -0.2903    axis=(  0.065093  0.579433  0.812416)
     H    7    Vzz=    0.3764    axis=( -0.073078  0.814725 -0.575224)
     H    7  Q=         1.0000 1e-30 m^2  Cq=         0.8844 MHz  eta= 0.54282

     C    8    Vxx=   -0.0080    axis=(  0.869730  0.468551 -0.155011)
     C    8    Vyy=   -0.3268    axis=( -0.461154  0.659670 -0.593441)
     C    8    Vzz=    0.3349    axis=( -0.175801  0.587618  0.789810)
     C    8  Q=         1.0000 1e-30 m^2  Cq=         0.7868 MHz  eta= 0.95213

     H    9    Vxx=   -0.1581    axis=(  0.301594  0.909473 -0.286180)
     H    9    Vyy=   -0.1714    axis=( -0.303055  0.376033  0.875646)
     H    9    Vzz=    0.3295    axis=( -0.903990  0.177362 -0.389030)
     H    9  Q=         1.0000 1e-30 m^2  Cq=         0.7741 MHz  eta= 0.04018

     C   10    Vxx=   -0.0623    axis=(  0.273642 -0.832862  0.481105)
     C   10    Vyy=   -0.2637    axis=( -0.867195 -0.429997 -0.251146)
     C   10    Vzz=    0.3261    axis=( -0.416044  0.348488  0.839919)
     C   10  Q=         1.0000 1e-30 m^2  Cq=         0.7661 MHz  eta= 0.61766

     C   11    Vxx=    0.1587    axis=( -0.142825  0.499211  0.854628)
     C   11    Vyy=    0.3683    axis=(  0.850039  0.504177 -0.152445)
     C   11    Vzz=   -0.5270    axis=( -0.506986  0.704694 -0.496358)
     C   11  Q=         1.0000 1e-30 m^2  Cq=        -1.2382 MHz  eta= 0.39769

     Cl  12    Vxx=   -1.3637    axis=( -0.439372  0.546009  0.713321)
     Cl  12    Vyy=   -1.7132    axis=(  0.468146 -0.538541  0.700580)
     Cl  12    Vzz=    3.0769    axis=( -0.766676 -0.641754  0.018992)
     Cl  12  Q=        -8.1650 1e-30 m^2  Cq=       -59.0282 MHz  eta= 0.11360

     H   13    Vxx=    0.0037    axis=( -0.287609 -0.444530  0.848336)
     H   13    Vyy=    0.6372    axis=(  0.076936  0.872175  0.483105)
     H   13    Vzz=   -0.6410    axis=( -0.954653  0.204214 -0.216645)
     H   13  Q=         1.0000 1e-30 m^2  Cq=        -1.5060 MHz  eta= 0.98842

     C   14    Vxx=    0.0433    axis=( -0.393967 -0.371505  0.840699)
     C   14    Vyy=    0.6671    axis=( -0.798462  0.591375 -0.112845)
     C   14    Vzz=   -0.7105    axis=( -0.455246 -0.715723 -0.529615)
     C   14  Q=         1.0000 1e-30 m^2  Cq=        -1.6693 MHz  eta= 0.87801

     H   15    Vxx=   -0.0199    axis=( -0.006297  0.867827 -0.496827)
     H   15    Vyy=   -0.7028    axis=( -0.412157  0.450420  0.791990)
     H   15    Vzz=    0.7227    axis=(  0.911091  0.209758  0.354844)
     H   15  Q=         1.0000 1e-30 m^2  Cq=         1.6980 MHz  eta= 0.94488

     C   16    Vxx=   -0.0920    axis=( -0.451977 -0.706841  0.544144)
     C   16    Vyy=   -0.6894    axis=( -0.880177  0.254275 -0.400790)
     C   16    Vzz=    0.7814    axis=( -0.144933  0.660091  0.737071)
     C   16  Q=         1.0000 1e-30 m^2  Cq=         1.8361 MHz  eta= 0.76451

     C   17    Vxx=    0.1756    axis=(  0.915857 -0.374142 -0.145687)
     C   17    Vyy=    0.4924    axis=(  0.213682  0.147003  0.965780)
     C   17    Vzz=   -0.6680    axis=( -0.339922 -0.915646  0.214581)
     C   17  Q=         1.0000 1e-30 m^2  Cq=        -1.5696 MHz  eta= 0.47426

     Cl  18    Vxx=    0.0652    axis=(  0.803244 -0.594313  0.039897)
     Cl  18    Vyy=    2.0083    axis=( -0.168618 -0.291115 -0.941711)
     Cl  18    Vzz=   -2.0735    axis=(  0.571286  0.749696 -0.334049)
     Cl  18  Q=        -8.1650 1e-30 m^2  Cq=        39.7791 MHz  eta= 0.93711

     H   19    Vxx=   -0.0220    axis=( -0.772979 -0.239697 -0.587408)
     H   19    Vyy=   -0.4770    axis=(  0.633598 -0.339094 -0.695391)
     H   19    Vzz=    0.4989    axis=( -0.032503 -0.909703  0.413984)
     H   19  Q=         1.0000 1e-30 m^2  Cq=         1.1723 MHz  eta= 0.91188

     C   20    Vxx=   -0.0882    axis=( -0.115835  0.811637 -0.572563)
     C   20    Vyy=   -0.3225    axis=( -0.976243 -0.199302 -0.085018)
     C   20    Vzz=    0.4107    axis=( -0.183116  0.549112  0.815441)
     C   20  Q=         1.0000 1e-30 m^2  Cq=         0.9650 MHz  eta= 0.57055

     H   21    Vxx=   -0.0866    axis=(  0.514164  0.761930 -0.393824)
     H   21    Vyy=   -0.4011    axis=( -0.105472  0.511850  0.852575)
     H   21    Vzz=    0.4878    axis=(  0.851182 -0.396827  0.343538)
     H   21  Q=         1.0000 1e-30 m^2  Cq=         1.1460 MHz  eta= 0.64477

     C   22    Vxx=   -0.1508    axis=(  0.903127  0.427301 -0.042149)
     C   22    Vyy=   -0.3468    axis=( -0.376236  0.740235 -0.557224)
     C   22    Vzz=    0.4977    axis=( -0.206902  0.519102  0.829292)
     C   22  Q=         1.0000 1e-30 m^2  Cq=         1.1693 MHz  eta= 0.39381

     C   23    Vxx=    0.0126    axis=( -0.564046 -0.189253  0.803763)
     C   23    Vyy=    0.2757    axis=( -0.296684 -0.861936 -0.411150)
     C   23    Vzz=   -0.2883    axis=(  0.770604 -0.470372  0.430023)
     C   23  Q=         1.0000 1e-30 m^2  Cq=        -0.6774 MHz  eta= 0.91268

     Cl  24    Vxx=   -1.2139    axis=(  0.524925 -0.497292 -0.690763)
     Cl  24    Vyy=   -2.5885    axis=( -0.439676  0.536473 -0.720334)
     Cl  24    Vzz=    3.8023    axis=( -0.728793 -0.681833 -0.062961)
     Cl  24  Q=        -8.1650 1e-30 m^2  Cq=       -72.9459 MHz  eta= 0.36152

     Initialization:
     gipaw_setup  :      8.97s CPU     10.73s WALL (       1 calls)

     Linear response

     Apply operators

     Induced current

     Other routines
     efg          :      9.28s CPU     11.52s WALL (       1 calls)

     General routines
     calbec       :      3.25s CPU      4.12s WALL (      16 calls)
     fft          :      1.47s CPU      2.07s WALL (      15 calls)
     ffts         :      0.04s CPU      0.04s WALL (       2 calls)
     fftw         :      3.21s CPU      3.86s WALL (     672 calls)
     davcio       :      0.04s CPU      0.32s WALL (      32 calls)

     Parallel routines
     fft_scatter  :      2.10s CPU      3.23s WALL (     689 calls)

     Plugins

     GIPAW        :     60.79s CPU     70.91s WALL (       1 calls)
