
     Program QE v.6.0 (svn rev. 13079) starts on  6Jan2017 at  3:30: 7 

     This program is part of the open-source Quantum ESPRESSO suite
     for quantum simulation of materials; please cite
         "P. Giannozzi et al., J. Phys.:Condens. Matter 21 395502 (2009);
          URL http://www.quantum-espresso.org", 
     in publications or presentations arising from this work. More details at
     http://www.quantum-espresso.org/quote

     Parallel version (MPI), running on     8 processors
     R & G space division:  proc/nbgrp/npool/nimage =       8

     ***** This is GIPAW svn revision unknown      *****

     Parallelizing q-star over 1 images

     Reading data from directory:
     /users/majewski/paradichlorobenzene/pbe/9_constraint/scratch/pbe.ecut100.np8.dt60.pcl2phi-129368.save
     Message from routine read_xml_file:
     file /users/majewski/paradichlorobenzene/pbe/9_constraint/scratch/pbe.ecut100.np8.dt60.pcl2phi-129368.save not guaranteed to be safe for post-processing

   Info: using nr1, nr2, nr3 values from input

   Info: using nr1, nr2, nr3 values from input

     IMPORTANT: XC functional enforced from input :
     Exchange-correlation      =  SLA  PW   PBX  PBC ( 1  4  3  4 0 0)
     Any further DFT definition will be discarded
     Please, verify this is what you really want

               file C.pbe-n-kjpaw_psl.1.0.0.UPF: wavefunction(s)  2S 2P renormalized
               file Cl.pbe-n-kjpaw_psl.1.0.0.UPF: wavefunction(s)  3S 3P renormalized
               file H.pbe-kjpaw_psl.1.0.0.UPF: wavefunction(s)  1S renormalized

     Parallelization info
     --------------------
     sticks:   dense  smooth     PW     G-vecs:    dense   smooth      PW
     Min        3057    1223    332               144436    36536    5170
     Max        3059    1225    333               144437    36537    5171
     Sum       24467    9791   2657              1155489   292295   41363


     Subspace diagonalization in iterative solution of the eigenvalue problem:
     a serial algorithm will be used

     GIPAW projectors -----------------------------------------------
     atom=  C    l=0  rc=    1.2000  rs=    0.8000
     atom=  C    l=0  rc=    1.2000  rs=    0.8000
     atom=  C    l=1  rc=    1.4000  rs=    0.9333
     atom=  C    l=1  rc=    1.4000  rs=    0.9333
     projs nearly linearly dependent: l=1  n1,n2= 1, 2  s=  0.99951561

     atom=  Cl   l=0  rc=    1.6000  rs=    1.0667
     atom=  Cl   l=0  rc=    1.6000  rs=    1.0667
     atom=  Cl   l=1  rc=    1.6000  rs=    1.0667
     atom=  Cl   l=1  rc=    1.6000  rs=    1.0667
     atom=  Cl   l=2  rc=    1.6000  rs=    1.0667
     atom=  Cl   l=2  rc=    1.6000  rs=    1.0667
     projs nearly linearly dependent: l=2  n1,n2= 1, 2  s=  0.99993509

     atom=  H    l=0  rc=    1.0000  rs=    0.6667
     atom=  H    l=0  rc=    1.0000  rs=    0.6667
     projs nearly linearly dependent: l=0  n1,n2= 1, 2  s=  0.99968852
     -----------------------------------------------------------------

     GIPAW integrals: -------------------------------------------
     Atom  i/j   nmr_para   nmr_dia   epr_rmc  epr_para   epr_dia
       C   1 1   0.83E+03  0.17E-01  0.93E+01  0.24E+08  0.24E+03
       C   2 1   0.86E+03 -0.61E-01  0.94E+01  0.25E+08  0.25E+03
       C   2 2   0.90E+03 -0.15E+00  0.97E+01  0.26E+08  0.26E+03
       C   3 3   0.33E+01  0.34E+00  0.18E+01  0.55E+03  0.21E+02
       C   4 3   0.35E+01  0.37E+00  0.20E+01  0.59E+03  0.22E+02
       C   4 4   0.38E+01  0.39E+00  0.22E+01  0.63E+03  0.24E+02
       Cl  1 1   0.14E+04 -0.47E+00  0.84E+01  0.32E+09  0.42E+03
       Cl  2 1   0.21E+04 -0.37E+00  0.12E+02  0.49E+09  0.65E+03
       Cl  2 2   0.33E+04 -0.16E+00  0.21E+02  0.76E+09  0.10E+04
       Cl  3 3   0.21E+02  0.79E-01  0.89E+01  0.23E+05  0.13E+03
       Cl  4 3   0.24E+02  0.67E-01  0.99E+01  0.27E+05  0.15E+03
       Cl  4 4   0.28E+02  0.44E-01  0.11E+02  0.32E+05  0.18E+03
       Cl  5 5   0.77E+00  0.19E+00  0.18E+01  0.12E+03  0.22E+02
       Cl  6 5   0.80E+00  0.19E+00  0.19E+01  0.12E+03  0.23E+02
       Cl  6 6   0.83E+00  0.20E+00  0.19E+01  0.12E+03  0.23E+02
       H   1 1   0.39E+02  0.19E+00  0.29E+00  0.78E+05  0.13E+02
       H   2 1   0.41E+02  0.21E+00  0.32E+00  0.82E+05  0.14E+02
       H   2 2   0.43E+02  0.22E+00  0.36E+00  0.86E+05  0.15E+02
     ------------------------------------------------------------

     alpha_pv=     34.2948 eV

     Number of occupied bands for each k-point:
     k-point:     1    nbnd_occ=  42
     k-point:     2    nbnd_occ=  42
     k-point:     3    nbnd_occ=  42
     k-point:     4    nbnd_occ=  42
     k-point:     5    nbnd_occ=  42
     k-point:     6    nbnd_occ=  42
     k-point:     7    nbnd_occ=  42
     k-point:     8    nbnd_occ=  42
     k-point:     9    nbnd_occ=  42
     k-point:    10    nbnd_occ=  42
     k-point:    11    nbnd_occ=  42
     k-point:    12    nbnd_occ=  42
     k-point:    13    nbnd_occ=  42
     k-point:    14    nbnd_occ=  42
     k-point:    15    nbnd_occ=  42
     k-point:    16    nbnd_occ=  42


     q-space interpolation up to   110.00 Rydberg

     GIPAW job: efg                                                                             


     ELECTRIC FIELD GRADIENTS TENSORS IN Hartree/bohrradius^2:

     ----- bare term -----
     Cl   1       -0.030508        0.060321       -0.093080
     Cl   1        0.060321        0.042369       -0.099851
     Cl   1       -0.093080       -0.099851       -0.011862

     C    2       -0.334770        0.246962       -0.255843
     C    2        0.246962       -0.049634       -0.457440
     C    2       -0.255843       -0.457440        0.384404

     C    3       -0.071609       -0.192249       -0.233904
     C    3       -0.192249       -0.115210       -0.665911
     C    3       -0.233904       -0.665911        0.186819

     H    4       -0.146372        0.167837       -0.568225
     H    4        0.167837        0.168531        0.158403
     H    4       -0.568225        0.158403       -0.022159

     C    5       -0.269787        0.350009       -0.057673
     C    5        0.350009       -0.142438       -0.378727
     C    5       -0.057673       -0.378727        0.412225

     H    6        0.322109       -0.030172       -0.313775
     H    6       -0.030172       -0.157060       -0.424970
     H    6       -0.313775       -0.424970       -0.165049

     H    7        0.254909        0.372764       -0.072662
     H    7        0.372764       -0.563978        0.366397
     H    7       -0.072662        0.366397        0.309069

     C    8        0.026114       -0.556811       -0.091152
     C    8       -0.556811       -0.353079        0.400210
     C    8       -0.091152        0.400210        0.326965

     H    9       -0.538264        0.522030       -0.070253
     H    9        0.522030        0.187324        0.009188
     H    9       -0.070253        0.009188        0.350941

     C   10       -0.303339       -0.339058       -0.369234
     C   10       -0.339058        0.055920        0.330618
     C   10       -0.369234        0.330618        0.247420

     C   11       -0.039892       -0.196782       -0.185091
     C   11       -0.196782       -0.298594        0.484554
     C   11       -0.185091        0.484554        0.338486

     Cl  12       -0.040759       -0.035982       -0.026536
     Cl  12       -0.035982        0.001525       -0.002358
     Cl  12       -0.026536       -0.002358        0.039234

     H   13        0.331514        0.048242        0.007959
     H   13        0.048242       -0.470444       -0.508073
     H   13        0.007959       -0.508073        0.138930

     C   14       -0.317099        0.020786       -0.393598
     C   14        0.020786       -0.037284       -0.451366
     C   14       -0.393598       -0.451366        0.354383

     H   15       -0.285425       -0.190082       -0.485405
     H   15       -0.190082        0.381117       -0.191936
     H   15       -0.485405       -0.191936       -0.095692

     C   16       -0.018306        0.511795       -0.221703
     C   16        0.511795       -0.346642       -0.490233
     C   16       -0.221703       -0.490233        0.364948

     C   17        0.103339       -0.173349       -0.579672
     C   17       -0.173349       -0.158269       -0.544394
     C   17       -0.579672       -0.544394        0.054930

     Cl  18       -0.017224        0.138059        0.035284
     Cl  18        0.138059       -0.059394       -0.011239
     Cl  18        0.035284       -0.011239        0.076618

     H   19        0.387208        0.019724       -0.150550
     H   19        0.019724       -0.372959        0.505793
     H   19       -0.150550        0.505793       -0.014250

     C   20       -0.644263       -0.293036       -0.413717
     C   20       -0.293036        0.108201        0.181863
     C   20       -0.413717        0.181863        0.536061

     H   21       -0.447250       -0.039054       -0.385537
     H   21       -0.039054        0.159456        0.312238
     H   21       -0.385537        0.312238        0.287795

     C   22        0.009791       -0.392437       -0.034864
     C   22       -0.392437       -0.417221        0.449292
     C   22       -0.034864        0.449292        0.407429

     C   23       -0.671522       -0.207431       -0.278992
     C   23       -0.207431        0.187906        0.076775
     C   23       -0.278992        0.076775        0.483616

     Cl  24       -0.027628       -0.169670        0.086619
     Cl  24       -0.169670        0.025135       -0.108903
     Cl  24        0.086619       -0.108903        0.002493

     ----- ionic term -----
     Cl   1        0.084532       -0.221404        0.022851
     Cl   1       -0.221404        0.065763       -0.012148
     Cl   1        0.022851       -0.012148       -0.150296

     C    2        0.135025       -0.191551        0.363435
     C    2       -0.191551        0.124226        0.384070
     C    2        0.363435        0.384070       -0.259252

     C    3        0.082236       -0.239504        0.263078
     C    3       -0.239504        0.163197        0.364024
     C    3        0.263078        0.364024       -0.245433

     H    4        0.540683        0.164829        0.749366
     H    4        0.164829       -0.477283        0.184109
     H    4        0.749366        0.184109       -0.063400

     C    5        0.194222       -0.210830        0.340685
     C    5       -0.210830        0.031957        0.285188
     C    5        0.340685        0.285188       -0.226179

     H    6       -0.523928        0.070463        0.051620
     H    6        0.070463        0.529493        0.753703
     H    6        0.051620        0.753703       -0.005565

     H    7       -0.501594       -0.066796        0.037496
     H    7       -0.066796        0.707263       -0.680575
     H    7        0.037496       -0.680575       -0.205669

     C    8        0.404844        0.212516        0.205746
     C    8        0.212516        0.073310       -0.273826
     C    8        0.205746       -0.273826       -0.478153

     H    9        0.749624       -0.398132        0.508263
     H    9       -0.398132       -0.375425       -0.210696
     H    9        0.508263       -0.210696       -0.374198

     C   10        0.223635        0.216894        0.155821
     C   10        0.216894        0.229673       -0.336731
     C   10        0.155821       -0.336731       -0.453309

     C   11        0.207701        0.191427        0.231558
     C   11        0.191427        0.189674       -0.345483
     C   11        0.231558       -0.345483       -0.397376

     Cl  12        0.116206        0.219304       -0.007607
     Cl  12        0.219304        0.042473       -0.007741
     Cl  12       -0.007607       -0.007741       -0.158679

     H   13       -0.518773        0.072171        0.080041
     H   13        0.072171        0.596865        0.733573
     H   13        0.080041        0.733573       -0.078092

     C   14        0.235118       -0.213635        0.359375
     C   14       -0.213635        0.059900        0.265590
     C   14        0.359375        0.265590       -0.295018

     H   15        0.567518        0.314855        0.700877
     H   15        0.314855       -0.418559        0.261382
     H   15        0.700877        0.261382       -0.148959

     C   16        0.061534       -0.202610        0.262724
     C   16       -0.202610        0.218122        0.393368
     C   16        0.262724        0.393368       -0.279656

     C   17        0.129463       -0.147784        0.328840
     C   17       -0.147784        0.083490        0.434154
     C   17        0.328840        0.434154       -0.212953

     Cl  18        0.140422       -0.186628       -0.002606
     Cl  18       -0.186628       -0.008385        0.013140
     Cl  18       -0.002606        0.013140       -0.132038

     H   19       -0.517617       -0.105084        0.093378
     H   19       -0.105084        0.426914       -0.781312
     H   19        0.093378       -0.781312        0.090703

     C   20        0.252812        0.209524        0.233840
     C   20        0.209524        0.064879       -0.307393
     C   20        0.233840       -0.307393       -0.317691

     H   21        0.689736       -0.207528        0.658761
     H   21       -0.207528       -0.454800       -0.192412
     H   21        0.658761       -0.192412       -0.234937

     C   22        0.155328        0.275168        0.176126
     C   22        0.275168        0.179104       -0.372278
     C   22        0.176126       -0.372278       -0.334432

     C   23        0.325946        0.174876        0.235731
     C   23        0.174876        0.068653       -0.341684
     C   23        0.235731       -0.341684       -0.394599

     Cl  24        0.143888        0.227370        0.023766
     Cl  24        0.227370        0.018697        0.003881
     Cl  24        0.023766        0.003881       -0.162584

     ----- GIPAW term -----
     Cl   1       -0.029115       -0.721760       -0.857009
     Cl   1       -0.721760        1.432310       -1.962535
     Cl   1       -0.857009       -1.962535       -1.403195

     C    2       -0.034470       -0.125805       -0.005481
     C    2       -0.125805        0.072007       -0.142748
     C    2       -0.005481       -0.142748       -0.037537

     C    3       -0.054852       -0.186286        0.051130
     C    3       -0.186286        0.042156       -0.224389
     C    3        0.051130       -0.224389        0.012697

     H    4       -0.000000        0.000000        0.000000
     H    4        0.000000        0.000000        0.000000
     H    4        0.000000        0.000000        0.000000

     C    5        0.060543       -0.069617        0.097618
     C    5       -0.069617       -0.049624       -0.109864
     C    5        0.097618       -0.109864       -0.010918

     H    6       -0.000000        0.000000        0.000000
     H    6        0.000000        0.000000        0.000000
     H    6        0.000000        0.000000        0.000000

     H    7       -0.000000        0.000000        0.000000
     H    7        0.000000        0.000000        0.000000
     H    7        0.000000        0.000000        0.000000

     C    8        0.160188       -0.246327        0.014343
     C    8       -0.246327       -0.087686        0.073368
     C    8        0.014343        0.073368       -0.072502

     H    9       -0.000000        0.000000        0.000000
     H    9        0.000000        0.000000        0.000000
     H    9        0.000000        0.000000        0.000000

     C   10        0.002690       -0.190884       -0.087844
     C   10       -0.190884        0.073865        0.036899
     C   10       -0.087844        0.036899       -0.076556

     C   11        0.074243        0.049872        0.029015
     C   11        0.049872       -0.059751        0.020597
     C   11        0.029015        0.020597       -0.014493

     Cl  12        1.267848        2.231695       -0.212739
     Cl  12        2.231695        0.134543       -0.024190
     Cl  12       -0.212739       -0.024190       -1.402391

     H   13       -0.000000        0.000000        0.000000
     H   13        0.000000        0.000000        0.000000
     H   13        0.000000        0.000000        0.000000

     C   14        0.009382       -0.051300       -0.026659
     C   14       -0.051300       -0.038482       -0.111478
     C   14       -0.026659       -0.111478        0.029100

     H   15       -0.000000        0.000000        0.000000
     H   15        0.000000        0.000000        0.000000
     H   15        0.000000        0.000000        0.000000

     C   16        0.072648        0.148541       -0.106491
     C   16        0.148541       -0.089930       -0.098400
     C   16       -0.106491       -0.098400        0.017282

     C   17        0.264143       -0.110225       -0.154862
     C   17       -0.110225       -0.105605       -0.078395
     C   17       -0.154862       -0.078395       -0.158538

     Cl  18        1.630094       -1.720066        0.257094
     Cl  18       -1.720066       -0.308369       -0.064471
     Cl  18        0.257094       -0.064471       -1.321725

     H   19       -0.000000        0.000000        0.000000
     H   19        0.000000        0.000000        0.000000
     H   19        0.000000        0.000000        0.000000

     C   20       -0.152314       -0.037666       -0.073537
     C   20       -0.037666        0.031610       -0.054264
     C   20       -0.073537       -0.054264        0.120705

     H   21       -0.000000        0.000000        0.000000
     H   21        0.000000        0.000000        0.000000
     H   21        0.000000        0.000000        0.000000

     C   22       -0.069901       -0.112798        0.063462
     C   22       -0.112798        0.003781       -0.101917
     C   22        0.063462       -0.101917        0.066119

     C   23       -0.130826       -0.025206        0.080187
     C   23       -0.025206        0.031698       -0.185591
     C   23        0.080187       -0.185591        0.099128

     Cl  24        1.137986        0.635400        0.828105
     Cl  24        0.635400        0.412087       -1.025051
     Cl  24        0.828105       -1.025051       -1.550073

     ----- total EFG -----
     Cl   1        0.024910       -0.882843       -0.927239
     Cl   1       -0.882843        1.540442       -2.074533
     Cl   1       -0.927239       -2.074533       -1.565352

     C    2       -0.234214       -0.070395        0.102112
     C    2       -0.070395        0.146599       -0.216118
     C    2        0.102112       -0.216118        0.087615

     C    3       -0.044225       -0.618039        0.080304
     C    3       -0.618039        0.090143       -0.526276
     C    3        0.080304       -0.526276       -0.045918

     H    4        0.394311        0.332666        0.181141
     H    4        0.332666       -0.308751        0.342511
     H    4        0.181141        0.342511       -0.085559

     C    5       -0.015022        0.069562        0.380629
     C    5        0.069562       -0.160106       -0.203402
     C    5        0.380629       -0.203402        0.175128

     H    6       -0.201819        0.040290       -0.262155
     H    6        0.040290        0.372433        0.328733
     H    6       -0.262155        0.328733       -0.170614

     H    7       -0.246686        0.305968       -0.035165
     H    7        0.305968        0.143285       -0.314178
     H    7       -0.035165       -0.314178        0.103400

     C    8        0.591145       -0.590622        0.128937
     C    8       -0.590622       -0.367456        0.199752
     C    8        0.128937        0.199752       -0.223690

     H    9        0.211359        0.123898        0.438010
     H    9        0.123898       -0.188102       -0.201508
     H    9        0.438010       -0.201508       -0.023257

     C   10       -0.077014       -0.313047       -0.301256
     C   10       -0.313047        0.359458        0.030786
     C   10       -0.301256        0.030786       -0.282444

     C   11        0.242053        0.044517        0.075483
     C   11        0.044517       -0.168670        0.159668
     C   11        0.075483        0.159668       -0.073382

     Cl  12        1.343296        2.415017       -0.246882
     Cl  12        2.415017        0.178540       -0.034289
     Cl  12       -0.246882       -0.034289       -1.521836

     H   13       -0.187259        0.120413        0.088000
     H   13        0.120413        0.126421        0.225500
     H   13        0.088000        0.225500        0.060838

     C   14       -0.072599       -0.244149       -0.060881
     C   14       -0.244149       -0.015866       -0.297254
     C   14       -0.060881       -0.297254        0.088465

     H   15        0.282092        0.124773        0.215472
     H   15        0.124773       -0.037442        0.069445
     H   15        0.215472        0.069445       -0.244651

     C   16        0.115876        0.457726       -0.065470
     C   16        0.457726       -0.218450       -0.195265
     C   16       -0.065470       -0.195265        0.102574

     C   17        0.496944       -0.431358       -0.405694
     C   17       -0.431358       -0.180384       -0.188635
     C   17       -0.405694       -0.188635       -0.316561

     Cl  18        1.753292       -1.768636        0.289772
     Cl  18       -1.768636       -0.376148       -0.062571
     Cl  18        0.289772       -0.062571       -1.377145

     H   19       -0.130409       -0.085360       -0.057173
     H   19       -0.085360        0.053955       -0.275519
     H   19       -0.057173       -0.275519        0.076453

     C   20       -0.543764       -0.121177       -0.253414
     C   20       -0.121177        0.204690       -0.179793
     C   20       -0.253414       -0.179793        0.339075

     H   21        0.242486       -0.246582        0.273223
     H   21       -0.246582       -0.295344        0.119826
     H   21        0.273223        0.119826        0.052858

     C   22        0.095219       -0.230068        0.204724
     C   22       -0.230068       -0.234335       -0.024903
     C   22        0.204724       -0.024903        0.139116

     C   23       -0.476401       -0.057762        0.036927
     C   23       -0.057762        0.288256       -0.450500
     C   23        0.036927       -0.450500        0.188145

     Cl  24        1.254246        0.693100        0.938491
     Cl  24        0.693100        0.455919       -1.130073
     Cl  24        0.938491       -1.130073       -1.710165

     ----- total EFG (symmetrized) -----
     Cl   1        0.024910       -0.882843       -0.927239
     Cl   1       -0.882843        1.540442       -2.074533
     Cl   1       -0.927239       -2.074533       -1.565352

     C    2       -0.234214       -0.070395        0.102112
     C    2       -0.070395        0.146599       -0.216118
     C    2        0.102112       -0.216118        0.087615

     C    3       -0.044225       -0.618039        0.080304
     C    3       -0.618039        0.090143       -0.526276
     C    3        0.080304       -0.526276       -0.045918

     H    4        0.394311        0.332666        0.181141
     H    4        0.332666       -0.308751        0.342511
     H    4        0.181141        0.342511       -0.085559

     C    5       -0.015022        0.069562        0.380629
     C    5        0.069562       -0.160106       -0.203402
     C    5        0.380629       -0.203402        0.175128

     H    6       -0.201819        0.040290       -0.262155
     H    6        0.040290        0.372433        0.328733
     H    6       -0.262155        0.328733       -0.170614

     H    7       -0.246686        0.305968       -0.035165
     H    7        0.305968        0.143285       -0.314178
     H    7       -0.035165       -0.314178        0.103400

     C    8        0.591145       -0.590622        0.128937
     C    8       -0.590622       -0.367456        0.199752
     C    8        0.128937        0.199752       -0.223690

     H    9        0.211359        0.123898        0.438010
     H    9        0.123898       -0.188102       -0.201508
     H    9        0.438010       -0.201508       -0.023257

     C   10       -0.077014       -0.313047       -0.301256
     C   10       -0.313047        0.359458        0.030786
     C   10       -0.301256        0.030786       -0.282444

     C   11        0.242053        0.044517        0.075483
     C   11        0.044517       -0.168670        0.159668
     C   11        0.075483        0.159668       -0.073382

     Cl  12        1.343296        2.415017       -0.246882
     Cl  12        2.415017        0.178540       -0.034289
     Cl  12       -0.246882       -0.034289       -1.521836

     H   13       -0.187259        0.120413        0.088000
     H   13        0.120413        0.126421        0.225500
     H   13        0.088000        0.225500        0.060838

     C   14       -0.072599       -0.244149       -0.060881
     C   14       -0.244149       -0.015866       -0.297254
     C   14       -0.060881       -0.297254        0.088465

     H   15        0.282092        0.124773        0.215472
     H   15        0.124773       -0.037442        0.069445
     H   15        0.215472        0.069445       -0.244651

     C   16        0.115876        0.457726       -0.065470
     C   16        0.457726       -0.218450       -0.195265
     C   16       -0.065470       -0.195265        0.102574

     C   17        0.496944       -0.431358       -0.405694
     C   17       -0.431358       -0.180384       -0.188635
     C   17       -0.405694       -0.188635       -0.316561

     Cl  18        1.753292       -1.768636        0.289772
     Cl  18       -1.768636       -0.376148       -0.062571
     Cl  18        0.289772       -0.062571       -1.377145

     H   19       -0.130409       -0.085360       -0.057173
     H   19       -0.085360        0.053955       -0.275519
     H   19       -0.057173       -0.275519        0.076453

     C   20       -0.543764       -0.121177       -0.253414
     C   20       -0.121177        0.204690       -0.179793
     C   20       -0.253414       -0.179793        0.339075

     H   21        0.242486       -0.246582        0.273223
     H   21       -0.246582       -0.295344        0.119826
     H   21        0.273223        0.119826        0.052858

     C   22        0.095219       -0.230068        0.204724
     C   22       -0.230068       -0.234335       -0.024903
     C   22        0.204724       -0.024903        0.139116

     C   23       -0.476401       -0.057762        0.036927
     C   23       -0.057762        0.288256       -0.450500
     C   23        0.036927       -0.450500        0.188145

     Cl  24        1.254246        0.693100        0.938491
     Cl  24        0.693100        0.455919       -1.130073
     Cl  24        0.938491       -1.130073       -1.710165


     NQR/NMR SPECTROSCOPIC PARAMETERS:
     Cl   1    Vxx=    0.4499    axis=(  0.916056 -0.020346 -0.400534)
     Cl   1    Vyy=    2.6391    axis=(  0.158655 -0.898856  0.408517)
     Cl   1    Vzz=   -3.0891    axis=(  0.368334  0.437771  0.820175)
     Cl   1  Q=        -8.1650 1e-30 m^2  Cq=        59.2620 MHz  eta= 0.70869

     C    2    Vxx=   -0.0956    axis=(  0.174999  0.683406  0.708754)
     C    2    Vyy=   -0.2641    axis=( -0.964249 -0.026530  0.263665)
     C    2    Vzz=    0.3596    axis=(  0.198994 -0.729556  0.654331)
     C    2  Q=         1.0000 1e-30 m^2  Cq=         0.8450 MHz  eta= 0.46856

     C    3    Vxx=   -0.1244    axis=(  0.645113 -0.015536 -0.763930)
     C    3    Vyy=   -0.7501    axis=( -0.556434 -0.694739 -0.455761)
     C    3    Vzz=    0.8745    axis=( -0.523651  0.719094 -0.456830)
     C    3  Q=         1.0000 1e-30 m^2  Cq=         2.0548 MHz  eta= 0.71543

     H    4    Vxx=   -0.0649    axis=( -0.545585  0.334829  0.768262)
     H    4    Vyy=   -0.5894    axis=( -0.192132  0.842330 -0.503553)
     H    4    Vzz=    0.6543    axis=(  0.815734  0.422339  0.395231)
     H    4  Q=         1.0000 1e-30 m^2  Cq=         1.5374 MHz  eta= 0.80156

     C    5    Vxx=   -0.0584    axis=(  0.558040  0.802708 -0.210358)
     C    5    Vyy=   -0.4364    axis=( -0.602073  0.566112  0.563050)
     C    5    Vzz=    0.4948    axis=(  0.571052 -0.187554  0.799202)
     C    5  Q=         1.0000 1e-30 m^2  Cq=         1.1627 MHz  eta= 0.76379

     H    6    Vxx=   -0.0084    axis=(  0.775416  0.363606 -0.516257)
     H    6    Vyy=   -0.5274    axis=( -0.621293  0.293263 -0.726631)
     H    6    Vzz=    0.5358    axis=( -0.112808  0.884188  0.453306)
     H    6  Q=         1.0000 1e-30 m^2  Cq=         1.2590 MHz  eta= 0.96869

     H    7    Vxx=   -0.0752    axis=(  0.517743  0.378325  0.767341)
     H    7    Vyy=   -0.4475    axis=( -0.792343  0.550345  0.263274)
     H    7    Vzz=    0.5227    axis=( -0.322699 -0.744306  0.584700)
     H    7  Q=         1.0000 1e-30 m^2  Cq=         1.2282 MHz  eta= 0.71219

     C    8    Vxx=   -0.1196    axis=(  0.149598  0.379350  0.913079)
     C    8    Vyy=   -0.7538    axis=(  0.399729  0.821436 -0.406767)
     C    8    Vzz=    0.8734    axis=( -0.904343  0.425836 -0.028752)
     C    8  Q=         1.0000 1e-30 m^2  Cq=         2.0520 MHz  eta= 0.72617

     H    9    Vxx=   -0.0241    axis=(  0.377160  0.818102 -0.434120)
     H    9    Vyy=   -0.5243    axis=( -0.488127  0.573941  0.657513)
     H    9    Vzz=    0.5484    axis=( -0.787072  0.036081 -0.615805)
     H    9  Q=         1.0000 1e-30 m^2  Cq=         1.2885 MHz  eta= 0.91227

     C   10    Vxx=   -0.0295    axis=(  0.580709  0.517080 -0.628812)
     C   10    Vyy=   -0.5297    axis=( -0.633993 -0.197310 -0.747744)
     C   10    Vzz=    0.5593    axis=(  0.510715 -0.832884 -0.213246)
     C   10  Q=         1.0000 1e-30 m^2  Cq=         1.3141 MHz  eta= 0.89433

     C   11    Vxx=    0.0126    axis=(  0.354513 -0.567581 -0.743083)
     C   11    Vyy=    0.2753    axis=( -0.934867 -0.199387 -0.293715)
     C   11    Vzz=   -0.2878    axis=(  0.018546  0.798810 -0.601298)
     C   11  Q=         1.0000 1e-30 m^2  Cq=        -0.6763 MHz  eta= 0.91270

     Cl  12    Vxx=   -1.4693    axis=( -0.242283  0.373703  0.895346)
     Cl  12    Vyy=   -1.7855    axis=(  0.569413 -0.692417  0.443089)
     Cl  12    Vzz=    3.2549    axis=( -0.785537 -0.617175  0.045031)
     Cl  12  Q=        -8.1650 1e-30 m^2  Cq=       -62.4429 MHz  eta= 0.09714

     H   13    Vxx=   -0.1328    axis=( -0.117694 -0.620096  0.775648)
     H   13    Vyy=   -0.2290    axis=(  0.958013 -0.276545 -0.075720)
     H   13    Vzz=    0.3618    axis=(  0.261455  0.734169  0.626608)
     H   13  Q=         1.0000 1e-30 m^2  Cq=         0.8500 MHz  eta= 0.26586

     C   14    Vxx=    0.0483    axis=( -0.775132  0.237859  0.585315)
     C   14    Vyy=    0.3716    axis=( -0.288744  0.690649 -0.663047)
     C   14    Vzz=   -0.4199    axis=( -0.561958 -0.682955 -0.466664)
     C   14  Q=         1.0000 1e-30 m^2  Cq=        -0.9865 MHz  eta= 0.76996

     H   15    Vxx=   -0.0803    axis=(  0.317314 -0.948196  0.015362)
     H   15    Vyy=   -0.3237    axis=(  0.317077  0.090815 -0.944042)
     H   15    Vzz=    0.4040    axis=(  0.893742  0.304429  0.329468)
     H   15  Q=         1.0000 1e-30 m^2  Cq=         0.9493 MHz  eta= 0.60239

     C   16    Vxx=    0.0557    axis=(  0.427851  0.072648  0.900925)
     C   16    Vyy=    0.5064    axis=(  0.727101  0.564435 -0.390816)
     C   16    Vzz=   -0.5621    axis=( -0.536906  0.822274  0.188672)
     C   16  Q=         1.0000 1e-30 m^2  Cq=        -1.3208 MHz  eta= 0.80169

     C   17    Vxx=   -0.0581    axis=(  0.083750  0.737758 -0.669850)
     C   17    Vyy=   -0.7283    axis=(  0.432638  0.578631  0.691383)
     C   17    Vzz=    0.7864    axis=(  0.897669 -0.347706 -0.270722)
     C   17  Q=         1.0000 1e-30 m^2  Cq=         1.8477 MHz  eta= 0.85229

     Cl  18    Vxx=   -1.2976    axis=(  0.327317  0.673255  0.663017)
     Cl  18    Vyy=   -1.4747    axis=( -0.370492 -0.554043  0.745501)
     Cl  18    Vzz=    2.7723    axis=(  0.869252 -0.489658  0.068087)
     Cl  18  Q=        -8.1650 1e-30 m^2  Cq=       -53.1848 MHz  eta= 0.06385

     H   19    Vxx=   -0.0622    axis=( -0.825601  0.380844  0.416343)
     H   19    Vyy=   -0.2795    axis=( -0.562879 -0.607367 -0.560600)
     H   19    Vzz=    0.3417    axis=(  0.039372 -0.697182  0.715812)
     H   19  Q=         1.0000 1e-30 m^2  Cq=         0.8028 MHz  eta= 0.63589

     C   20    Vxx=    0.1578    axis=(  0.301099 -0.853398 -0.425501)
     C   20    Vyy=    0.4857    axis=(  0.155004  0.484074 -0.861189)
     C   20    Vzz=   -0.6435    axis=(  0.940911  0.193349  0.278034)
     C   20  Q=         1.0000 1e-30 m^2  Cq=        -1.5121 MHz  eta= 0.50959

     H   21    Vxx=    0.0205    axis=( -0.332089  0.550043  0.766270)
     H   21    Vyy=    0.4630    axis=(  0.841616 -0.194029  0.504020)
     H   21    Vzz=   -0.4834    axis=(  0.425911  0.812284 -0.398490)
     H   21  Q=         1.0000 1e-30 m^2  Cq=        -1.1358 MHz  eta= 0.91535

     C   22    Vxx=   -0.0120    axis=( -0.500307  0.433726  0.749383)
     C   22    Vyy=   -0.3642    axis=(  0.498241  0.852052 -0.160510)
     C   22    Vzz=    0.3762    axis=( -0.708130  0.293069 -0.642388)
     C   22  Q=         1.0000 1e-30 m^2  Cq=         0.8838 MHz  eta= 0.93632

     C   23    Vxx=   -0.2146    axis=( -0.041216  0.664058  0.746544)
     C   23    Vyy=   -0.4808    axis=( -0.997485 -0.070464  0.007609)
     C   23    Vzz=    0.6954    axis=(  0.057657 -0.744353  0.665292)
     C   23  Q=         1.0000 1e-30 m^2  Cq=         1.6339 MHz  eta= 0.38273

     Cl  24    Vxx=    0.8506    axis=( -0.307372  0.823853 -0.476224)
     Cl  24    Vyy=    1.6839    axis=(  0.906830  0.405274  0.115810)
     Cl  24    Vzz=   -2.5344    axis=( -0.288412  0.396257  0.871664)
     Cl  24  Q=        -8.1650 1e-30 m^2  Cq=        48.6215 MHz  eta= 0.32879

     Initialization:
     gipaw_setup  :      9.18s CPU     10.97s WALL (       1 calls)

     Linear response

     Apply operators

     Induced current

     Other routines
     efg          :      9.31s CPU     11.90s WALL (       1 calls)

     General routines
     calbec       :      3.40s CPU      4.63s WALL (      16 calls)
     fft          :      1.72s CPU      2.60s WALL (      15 calls)
     ffts         :      0.04s CPU      0.05s WALL (       2 calls)
     fftw         :      3.17s CPU      3.91s WALL (     672 calls)
     davcio       :      0.02s CPU      0.32s WALL (      32 calls)

     Parallel routines
     fft_scatter  :      2.25s CPU      3.68s WALL (     689 calls)

     Plugins

     GIPAW        :     61.37s CPU     71.60s WALL (       1 calls)
