
     Program QE v.6.0 (svn rev. 13079) starts on 21Jan2017 at 11:45:33 

     This program is part of the open-source Quantum ESPRESSO suite
     for quantum simulation of materials; please cite
         "P. Giannozzi et al., J. Phys.:Condens. Matter 21 395502 (2009);
          URL http://www.quantum-espresso.org", 
     in publications or presentations arising from this work. More details at
     http://www.quantum-espresso.org/quote

     Parallel version (MPI), running on     8 processors
     R & G space division:  proc/nbgrp/npool/nimage =       8

     ***** This is GIPAW svn revision unknown      *****

     Parallelizing q-star over 1 images

     Reading data from directory:
     /users/majewski/paradichlorobenzene/pbe/9_constraint/scratch/pbe.ecut100.np8.dt60.pcl2phi-129368.save
     Message from routine read_xml_file:
     file /users/majewski/paradichlorobenzene/pbe/9_constraint/scratch/pbe.ecut100.np8.dt60.pcl2phi-129368.save not guaranteed to be safe for post-processing

   Info: using nr1, nr2, nr3 values from input

   Info: using nr1, nr2, nr3 values from input

     IMPORTANT: XC functional enforced from input :
     Exchange-correlation      =  SLA  PW   PBX  PBC ( 1  4  3  4 0 0)
     Any further DFT definition will be discarded
     Please, verify this is what you really want

               file C.pbe-n-kjpaw_psl.1.0.0.UPF: wavefunction(s)  2S 2P renormalized
               file Cl.pbe-n-kjpaw_psl.1.0.0.UPF: wavefunction(s)  3S 3P renormalized
               file H.pbe-kjpaw_psl.1.0.0.UPF: wavefunction(s)  1S renormalized

     Parallelization info
     --------------------
     sticks:   dense  smooth     PW     G-vecs:    dense   smooth      PW
     Min        3057    1223    332               144436    36536    5170
     Max        3059    1225    333               144437    36537    5171
     Sum       24467    9791   2657              1155489   292295   41363


     Subspace diagonalization in iterative solution of the eigenvalue problem:
     a serial algorithm will be used

     GIPAW projectors -----------------------------------------------
     atom=  C    l=0  rc=    1.2000  rs=    0.8000
     atom=  C    l=0  rc=    1.2000  rs=    0.8000
     atom=  C    l=1  rc=    1.4000  rs=    0.9333
     atom=  C    l=1  rc=    1.4000  rs=    0.9333
     projs nearly linearly dependent: l=1  n1,n2= 1, 2  s=  0.99951561

     atom=  Cl   l=0  rc=    1.6000  rs=    1.0667
     atom=  Cl   l=0  rc=    1.6000  rs=    1.0667
     atom=  Cl   l=1  rc=    1.6000  rs=    1.0667
     atom=  Cl   l=1  rc=    1.6000  rs=    1.0667
     atom=  Cl   l=2  rc=    1.6000  rs=    1.0667
     atom=  Cl   l=2  rc=    1.6000  rs=    1.0667
     projs nearly linearly dependent: l=2  n1,n2= 1, 2  s=  0.99993509

     atom=  H    l=0  rc=    1.0000  rs=    0.6667
     atom=  H    l=0  rc=    1.0000  rs=    0.6667
     projs nearly linearly dependent: l=0  n1,n2= 1, 2  s=  0.99968852
     -----------------------------------------------------------------

     GIPAW integrals: -------------------------------------------
     Atom  i/j   nmr_para   nmr_dia   epr_rmc  epr_para   epr_dia
       C   1 1   0.83E+03  0.17E-01  0.93E+01  0.24E+08  0.24E+03
       C   2 1   0.86E+03 -0.61E-01  0.94E+01  0.25E+08  0.25E+03
       C   2 2   0.90E+03 -0.15E+00  0.97E+01  0.26E+08  0.26E+03
       C   3 3   0.33E+01  0.34E+00  0.18E+01  0.55E+03  0.21E+02
       C   4 3   0.35E+01  0.37E+00  0.20E+01  0.59E+03  0.22E+02
       C   4 4   0.38E+01  0.39E+00  0.22E+01  0.63E+03  0.24E+02
       Cl  1 1   0.14E+04 -0.47E+00  0.84E+01  0.32E+09  0.42E+03
       Cl  2 1   0.21E+04 -0.37E+00  0.12E+02  0.49E+09  0.65E+03
       Cl  2 2   0.33E+04 -0.16E+00  0.21E+02  0.76E+09  0.10E+04
       Cl  3 3   0.21E+02  0.79E-01  0.89E+01  0.23E+05  0.13E+03
       Cl  4 3   0.24E+02  0.67E-01  0.99E+01  0.27E+05  0.15E+03
       Cl  4 4   0.28E+02  0.44E-01  0.11E+02  0.32E+05  0.18E+03
       Cl  5 5   0.77E+00  0.19E+00  0.18E+01  0.12E+03  0.22E+02
       Cl  6 5   0.80E+00  0.19E+00  0.19E+01  0.12E+03  0.23E+02
       Cl  6 6   0.83E+00  0.20E+00  0.19E+01  0.12E+03  0.23E+02
       H   1 1   0.39E+02  0.19E+00  0.29E+00  0.78E+05  0.13E+02
       H   2 1   0.41E+02  0.21E+00  0.32E+00  0.82E+05  0.14E+02
       H   2 2   0.43E+02  0.22E+00  0.36E+00  0.86E+05  0.15E+02
     ------------------------------------------------------------

     alpha_pv=     33.8787 eV

     Number of occupied bands for each k-point:
     k-point:     1    nbnd_occ=  42
     k-point:     2    nbnd_occ=  42
     k-point:     3    nbnd_occ=  42
     k-point:     4    nbnd_occ=  42
     k-point:     5    nbnd_occ=  42
     k-point:     6    nbnd_occ=  42
     k-point:     7    nbnd_occ=  42
     k-point:     8    nbnd_occ=  42
     k-point:     9    nbnd_occ=  42
     k-point:    10    nbnd_occ=  42
     k-point:    11    nbnd_occ=  42
     k-point:    12    nbnd_occ=  42
     k-point:    13    nbnd_occ=  42
     k-point:    14    nbnd_occ=  42
     k-point:    15    nbnd_occ=  42
     k-point:    16    nbnd_occ=  42


     q-space interpolation up to   110.00 Rydberg

     GIPAW job: efg                                                                             


     ELECTRIC FIELD GRADIENTS TENSORS IN Hartree/bohrradius^2:

     ----- bare term -----
     Cl   1        0.049787        0.038530        0.048458
     Cl   1        0.038530       -0.053419        0.008757
     Cl   1        0.048458        0.008757        0.003632

     C    2       -0.745612        0.482067       -0.359091
     C    2        0.482067        0.215613       -0.088477
     C    2       -0.359091       -0.088477        0.529999

     C    3        0.272047        0.039355       -0.065313
     C    3        0.039355       -0.555230       -0.569348
     C    3       -0.065313       -0.569348        0.283183

     H    4       -0.492168        0.164268       -0.029713
     H    4        0.164268        0.155005       -0.411475
     H    4       -0.029713       -0.411475        0.337162

     C    5       -0.822280        0.356795       -0.446979
     C    5        0.356795        0.318267       -0.016721
     C    5       -0.446979       -0.016721        0.504013

     H    6        0.419119       -0.134754        0.018203
     H    6       -0.134754       -0.574899       -0.429742
     H    6        0.018203       -0.429742        0.155779

     H    7        0.352155       -0.211326        0.013585
     H    7       -0.211326       -0.668436        0.367401
     H    7        0.013585        0.367401        0.316281

     C    8       -0.182873        0.002713       -0.285849
     C    8        0.002713        0.066064        0.516428
     C    8       -0.285849        0.516428        0.116808

     H    9       -0.141867        0.454342       -0.251327
     H    9        0.454342       -0.273827        0.033074
     H    9       -0.251327        0.033074        0.415694

     C   10       -0.558904       -0.309614       -0.092576
     C   10       -0.309614        0.178952        0.299495
     C   10       -0.092576        0.299495        0.379951

     C   11        0.012154        0.107589       -0.252111
     C   11        0.107589       -0.005115        0.579064
     C   11       -0.252111        0.579064       -0.007039

     Cl  12       -0.265414       -0.235297        0.048908
     Cl  12       -0.235297        0.018976        0.157720
     Cl  12        0.048908        0.157720        0.246438

     H   13        0.370702       -0.209443        0.014422
     H   13       -0.209443       -0.680456       -0.043042
     H   13        0.014422       -0.043042        0.309754

     C   14        0.149576       -0.013963        0.052458
     C   14       -0.013963       -0.306946       -0.249314
     C   14        0.052458       -0.249314        0.157370

     H   15       -0.263540       -0.465963        0.037470
     H   15       -0.465963       -0.057146        0.117743
     H   15        0.037470        0.117743        0.320686

     C   16       -0.429917        0.171394       -0.150456
     C   16        0.171394        0.084865       -0.038189
     C   16       -0.150456       -0.038189        0.345051

     C   17        0.058281        0.030452       -0.188645
     C   17        0.030452       -0.152443       -0.497091
     C   17       -0.188645       -0.497091        0.094162

     Cl  18       -0.289976        0.219091       -0.039459
     Cl  18        0.219091        0.155009        0.087560
     Cl  18       -0.039459        0.087560        0.134967

     H   19        0.511972       -0.024571        0.006874
     H   19       -0.024571        0.078842        0.119073
     H   19        0.006874        0.119073       -0.590814

     C   20       -0.392723       -0.285222        0.023940
     C   20       -0.285222        0.174213       -0.039714
     C   20        0.023940       -0.039714        0.218510

     H   21        0.051103       -0.154750       -0.439291
     H   21       -0.154750        0.001290       -0.203608
     H   21       -0.439291       -0.203608       -0.052392

     C   22        0.332016       -0.043584       -0.106823
     C   22       -0.043584       -0.174524        0.235671
     C   22       -0.106823        0.235671       -0.157492

     C   23       -0.592912       -0.422373       -0.331858
     C   23       -0.422373        0.270077        0.217590
     C   23       -0.331858        0.217590        0.322834

     Cl  24        0.014923       -0.054231       -0.013762
     Cl  24       -0.054231        0.076275       -0.021632
     Cl  24       -0.013762       -0.021632       -0.091198

     ----- ionic term -----
     Cl   1        0.175302       -0.218051        0.007166
     Cl   1       -0.218051       -0.007898        0.006190
     Cl   1        0.007166        0.006190       -0.167405

     C    2        0.295885       -0.099115        0.170626
     C    2       -0.099115        0.199526        0.324221
     C    2        0.170626        0.324221       -0.495412

     C    3        0.162901       -0.191413        0.164591
     C    3       -0.191413        0.282362        0.323564
     C    3        0.164591        0.323564       -0.445263

     H    4        0.734441        0.261655        0.604092
     H    4        0.261655       -0.397281        0.184100
     H    4        0.604092        0.184100       -0.337159

     C    5        0.321074       -0.124314        0.191392
     C    5       -0.124314        0.146162        0.264449
     C    5        0.191392        0.264449       -0.467236

     H    6       -0.504811        0.107587        0.055162
     H    6        0.107587        0.743592        0.625401
     H    6        0.055162        0.625401       -0.238781

     H    7       -0.501971        0.072601       -0.025358
     H    7        0.072601        0.588427       -0.749834
     H    7       -0.025358       -0.749834       -0.086456

     C    8        0.321982        0.262772        0.214282
     C    8        0.262772       -0.040449       -0.334724
     C    8        0.214282       -0.334724       -0.281533

     H    9        0.611425       -0.332346        0.656590
     H    9       -0.332346       -0.426748       -0.267206
     H    9        0.656590       -0.267206       -0.184677

     C   10        0.185088        0.231186        0.144988
     C   10        0.231186        0.103249       -0.437001
     C   10        0.144988       -0.437001       -0.288337

     C   11        0.142287        0.224518        0.258921
     C   11        0.224518        0.103181       -0.400716
     C   11        0.258921       -0.400716       -0.245468

     Cl  12        0.106583        0.195793        0.006159
     Cl  12        0.195793        0.047910       -0.013330
     Cl  12        0.006159       -0.013330       -0.154493

     H   13       -0.509033        0.050429       -0.002360
     H   13        0.050429        0.808867        0.570549
     H   13       -0.002360        0.570549       -0.299834

     C   14        0.305688       -0.134125        0.114235
     C   14       -0.134125        0.176045        0.263346
     C   14        0.114235        0.263346       -0.481734

     H   15        0.826565        0.421218        0.399858
     H   15        0.421218       -0.332142        0.178501
     H   15        0.399858        0.178501       -0.494423

     C   16        0.177813       -0.109275        0.098724
     C   16       -0.109275        0.345044        0.304864
     C   16        0.098724        0.304864       -0.522857

     C   17        0.258043       -0.077812        0.205406
     C   17       -0.077812        0.284111        0.299502
     C   17        0.205406        0.299502       -0.542154

     Cl  18        0.114395       -0.196872       -0.003654
     Cl  18       -0.196872        0.059533        0.005220
     Cl  18       -0.003654        0.005220       -0.173928

     H   19       -0.530455       -0.002614        0.027406
     H   19       -0.002614        0.474986       -0.797142
     H   19        0.027406       -0.797142        0.055469

     C   20        0.241159        0.286454        0.243130
     C   20        0.286454        0.020940       -0.309589
     C   20        0.243130       -0.309589       -0.262100

     H   21        0.621385       -0.184752        0.703760
     H   21       -0.184752       -0.478360       -0.195524
     H   21        0.703760       -0.195524       -0.143025

     C   22        0.121075        0.315700        0.178803
     C   22        0.315700        0.082618       -0.423870
     C   22        0.178803       -0.423870       -0.203693

     C   23        0.171858        0.217968        0.256622
     C   23        0.217968       -0.008876       -0.465148
     C   23        0.256622       -0.465148       -0.162983

     Cl  24        0.135059        0.228529       -0.017202
     Cl  24        0.228529        0.002818       -0.017622
     Cl  24       -0.017202       -0.017622       -0.137877

     ----- GIPAW term -----
     Cl   1       -0.247876       -0.933003        0.392558
     Cl   1       -0.933003        1.459902        1.886651
     Cl   1        0.392558        1.886651       -1.212026

     C    2       -0.080873        0.052586        0.004190
     C    2        0.052586        0.073331        0.075262
     C    2        0.004190        0.075262        0.007542

     C    3       -0.046878       -0.028488        0.005740
     C    3       -0.028488        0.027020        0.116124
     C    3        0.005740        0.116124        0.019857

     H    4       -0.000000        0.000000        0.000000
     H    4        0.000000        0.000000        0.000000
     H    4        0.000000        0.000000        0.000000

     C    5       -0.146962       -0.003336       -0.072521
     C    5       -0.003336        0.064000        0.137833
     C    5       -0.072521        0.137833        0.082962

     H    6       -0.000000        0.000000        0.000000
     H    6        0.000000        0.000000        0.000000
     H    6        0.000000        0.000000        0.000000

     H    7       -0.000000        0.000000        0.000000
     H    7        0.000000        0.000000        0.000000
     H    7        0.000000        0.000000        0.000000

     C    8       -0.113877        0.024906       -0.032435
     C    8        0.024906        0.247926        0.129993
     C    8       -0.032435        0.129993       -0.134050

     H    9       -0.000000        0.000000        0.000000
     H    9        0.000000        0.000000        0.000000
     H    9        0.000000        0.000000        0.000000

     C   10       -0.193376       -0.017294       -0.007441
     C   10       -0.017294        0.219572        0.144463
     C   10       -0.007441        0.144463       -0.026196

     C   11       -0.044668        0.042294       -0.039226
     C   11        0.042294        0.113792        0.154136
     C   11       -0.039226        0.154136       -0.069124

     Cl  12       -0.891399        1.259318        0.489459
     Cl  12        1.259318        0.340567        2.186913
     Cl  12        0.489459        2.186913        0.550832

     H   13       -0.000000        0.000000        0.000000
     H   13        0.000000        0.000000        0.000000
     H   13        0.000000        0.000000        0.000000

     C   14       -0.004742        0.014483        0.038287
     C   14        0.014483        0.061402        0.011985
     C   14        0.038287        0.011985       -0.056660

     H   15       -0.000000        0.000000        0.000000
     H   15        0.000000        0.000000        0.000000
     H   15        0.000000        0.000000        0.000000

     C   16       -0.076648        0.055840       -0.035479
     C   16        0.055840        0.102730       -0.024296
     C   16       -0.035479       -0.024296       -0.026082

     C   17       -0.068952       -0.032363        0.009327
     C   17       -0.032363        0.196976        0.122701
     C   17        0.009327        0.122701       -0.128024

     Cl  18       -0.421338       -1.632522       -0.375652
     Cl  18       -1.632522        1.709545        0.972002
     Cl  18       -0.375652        0.972002       -1.288207

     H   19       -0.000000        0.000000        0.000000
     H   19        0.000000        0.000000        0.000000
     H   19        0.000000        0.000000        0.000000

     C   20       -0.044077        0.024362        0.034099
     C   20        0.024362        0.055094        0.008857
     C   20        0.034099        0.008857       -0.011017

     H   21       -0.000000        0.000000        0.000000
     H   21        0.000000        0.000000        0.000000
     H   21        0.000000        0.000000        0.000000

     C   22        0.009410        0.005345       -0.005500
     C   22        0.005345        0.042709        0.002618
     C   22       -0.005500        0.002618       -0.052118

     C   23       -0.149396       -0.014543       -0.039089
     C   23       -0.014543        0.255297        0.085677
     C   23       -0.039089        0.085677       -0.105901

     Cl  24       -0.024285        0.947290       -0.045485
     Cl  24        0.947290        2.702842       -0.273225
     Cl  24       -0.045485       -0.273225       -2.678557

     ----- total EFG -----
     Cl   1       -0.022786       -1.112525        0.448181
     Cl   1       -1.112525        1.398585        1.901598
     Cl   1        0.448181        1.901598       -1.375799

     C    2       -0.530599        0.435537       -0.184275
     C    2        0.435537        0.488469        0.311006
     C    2       -0.184275        0.311006        0.042129

     C    3        0.388070       -0.180545        0.105017
     C    3       -0.180545       -0.245848       -0.129661
     C    3        0.105017       -0.129661       -0.142223

     H    4        0.242273        0.425923        0.574379
     H    4        0.425923       -0.242276       -0.227374
     H    4        0.574379       -0.227374        0.000003

     C    5       -0.648168        0.229145       -0.328107
     C    5        0.229145        0.528429        0.385562
     C    5       -0.328107        0.385562        0.119739

     H    6       -0.085692       -0.027168        0.073366
     H    6       -0.027168        0.168693        0.195659
     H    6        0.073366        0.195659       -0.083001

     H    7       -0.149815       -0.138725       -0.011773
     H    7       -0.138725       -0.080010       -0.382433
     H    7       -0.011773       -0.382433        0.229825

     C    8        0.025233        0.290390       -0.104002
     C    8        0.290390        0.273542        0.311696
     C    8       -0.104002        0.311696       -0.298775

     H    9        0.469558        0.121996        0.405263
     H    9        0.121996       -0.700575       -0.234132
     H    9        0.405263       -0.234132        0.231017

     C   10       -0.567191       -0.095722        0.044971
     C   10       -0.095722        0.501773        0.006956
     C   10        0.044971        0.006956        0.065419

     C   11        0.109773        0.374400       -0.032416
     C   11        0.374400        0.211858        0.332484
     C   11       -0.032416        0.332484       -0.321630

     Cl  12       -1.050231        1.219814        0.544526
     Cl  12        1.219814        0.407454        2.331303
     Cl  12        0.544526        2.331303        0.642777

     H   13       -0.138332       -0.159014        0.012062
     H   13       -0.159014        0.128411        0.527507
     H   13        0.012062        0.527507        0.009920

     C   14        0.450522       -0.133605        0.204980
     C   14       -0.133605       -0.069499        0.026017
     C   14        0.204980        0.026017       -0.381024

     H   15        0.563026       -0.044744        0.437328
     H   15       -0.044744       -0.389288        0.296244
     H   15        0.437328        0.296244       -0.173738

     C   16       -0.328751        0.117959       -0.087210
     C   16        0.117959        0.532639        0.242379
     C   16       -0.087210        0.242379       -0.203888

     C   17        0.247372       -0.079723        0.026087
     C   17       -0.079723        0.328644       -0.074888
     C   17        0.026087       -0.074888       -0.576016

     Cl  18       -0.596918       -1.610303       -0.418765
     Cl  18       -1.610303        1.924087        1.064782
     Cl  18       -0.418765        1.064782       -1.327169

     H   19       -0.018483       -0.027185        0.034280
     H   19       -0.027185        0.553828       -0.678068
     H   19        0.034280       -0.678068       -0.535345

     C   20       -0.195641        0.025594        0.301169
     C   20        0.025594        0.250247       -0.340446
     C   20        0.301169       -0.340446       -0.054606

     H   21        0.672488       -0.339502        0.264468
     H   21       -0.339502       -0.477070       -0.399132
     H   21        0.264468       -0.399132       -0.195418

     C   22        0.462501        0.277461        0.066480
     C   22        0.277461       -0.049197       -0.185581
     C   22        0.066480       -0.185581       -0.413303

     C   23       -0.570449       -0.218948       -0.114325
     C   23       -0.218948        0.516498       -0.161881
     C   23       -0.114325       -0.161881        0.053951

     Cl  24        0.125697        1.121588       -0.076449
     Cl  24        1.121588        2.781936       -0.312478
     Cl  24       -0.076449       -0.312478       -2.907633

     ----- total EFG (symmetrized) -----
     Cl   1       -0.022786       -1.112525        0.448181
     Cl   1       -1.112525        1.398585        1.901598
     Cl   1        0.448181        1.901598       -1.375799

     C    2       -0.530599        0.435537       -0.184275
     C    2        0.435537        0.488469        0.311006
     C    2       -0.184275        0.311006        0.042129

     C    3        0.388070       -0.180545        0.105017
     C    3       -0.180545       -0.245848       -0.129661
     C    3        0.105017       -0.129661       -0.142223

     H    4        0.242273        0.425923        0.574379
     H    4        0.425923       -0.242276       -0.227374
     H    4        0.574379       -0.227374        0.000003

     C    5       -0.648168        0.229145       -0.328107
     C    5        0.229145        0.528429        0.385562
     C    5       -0.328107        0.385562        0.119739

     H    6       -0.085692       -0.027168        0.073366
     H    6       -0.027168        0.168693        0.195659
     H    6        0.073366        0.195659       -0.083001

     H    7       -0.149815       -0.138725       -0.011773
     H    7       -0.138725       -0.080010       -0.382433
     H    7       -0.011773       -0.382433        0.229825

     C    8        0.025233        0.290390       -0.104002
     C    8        0.290390        0.273542        0.311696
     C    8       -0.104002        0.311696       -0.298775

     H    9        0.469558        0.121996        0.405263
     H    9        0.121996       -0.700575       -0.234132
     H    9        0.405263       -0.234132        0.231017

     C   10       -0.567191       -0.095722        0.044971
     C   10       -0.095722        0.501773        0.006956
     C   10        0.044971        0.006956        0.065419

     C   11        0.109773        0.374400       -0.032416
     C   11        0.374400        0.211858        0.332484
     C   11       -0.032416        0.332484       -0.321630

     Cl  12       -1.050231        1.219814        0.544526
     Cl  12        1.219814        0.407454        2.331303
     Cl  12        0.544526        2.331303        0.642777

     H   13       -0.138332       -0.159014        0.012062
     H   13       -0.159014        0.128411        0.527507
     H   13        0.012062        0.527507        0.009920

     C   14        0.450522       -0.133605        0.204980
     C   14       -0.133605       -0.069499        0.026017
     C   14        0.204980        0.026017       -0.381024

     H   15        0.563026       -0.044744        0.437328
     H   15       -0.044744       -0.389288        0.296244
     H   15        0.437328        0.296244       -0.173738

     C   16       -0.328751        0.117959       -0.087210
     C   16        0.117959        0.532639        0.242379
     C   16       -0.087210        0.242379       -0.203888

     C   17        0.247372       -0.079723        0.026087
     C   17       -0.079723        0.328644       -0.074888
     C   17        0.026087       -0.074888       -0.576016

     Cl  18       -0.596918       -1.610303       -0.418765
     Cl  18       -1.610303        1.924087        1.064782
     Cl  18       -0.418765        1.064782       -1.327169

     H   19       -0.018483       -0.027185        0.034280
     H   19       -0.027185        0.553828       -0.678068
     H   19        0.034280       -0.678068       -0.535345

     C   20       -0.195641        0.025594        0.301169
     C   20        0.025594        0.250247       -0.340446
     C   20        0.301169       -0.340446       -0.054606

     H   21        0.672488       -0.339502        0.264468
     H   21       -0.339502       -0.477070       -0.399132
     H   21        0.264468       -0.399132       -0.195418

     C   22        0.462501        0.277461        0.066480
     C   22        0.277461       -0.049197       -0.185581
     C   22        0.066480       -0.185581       -0.413303

     C   23       -0.570449       -0.218948       -0.114325
     C   23       -0.218948        0.516498       -0.161881
     C   23       -0.114325       -0.161881        0.053951

     Cl  24        0.125697        1.121588       -0.076449
     Cl  24        1.121588        2.781936       -0.312478
     Cl  24       -0.076449       -0.312478       -2.907633


     NQR/NMR SPECTROSCOPIC PARAMETERS:
     Cl   1    Vxx=    0.0499    axis=(  0.891326  0.118095  0.437711)
     Cl   1    Vyy=    2.6165    axis=(  0.303186 -0.873090 -0.381827)
     Cl   1    Vzz=   -2.6664    axis=(  0.337069  0.473040 -0.814013)
     Cl   1  Q=        -8.1650 1e-30 m^2  Cq=        51.1544 MHz  eta= 0.96257

     C    2    Vxx=    0.0590    axis=( -0.426763 -0.205060  0.880808)
     C    2    Vyy=    0.7312    axis=(  0.262665  0.903864  0.337692)
     C    2    Vzz=   -0.7902    axis=( -0.865379  0.375472 -0.331874)
     C    2  Q=         1.0000 1e-30 m^2  Cq=        -1.8567 MHz  eta= 0.85066

     C    3    Vxx=   -0.1193    axis=( -0.322990 -0.412140  0.851949)
     C    3    Vyy=   -0.3470    axis=(  0.145314  0.867926  0.474961)
     C    3    Vzz=    0.4663    axis=(  0.935180 -0.277208  0.220441)
     C    3  Q=         1.0000 1e-30 m^2  Cq=         1.0957 MHz  eta= 0.48831

     H    4    Vxx=    0.0711    axis=(  0.220227  0.750985 -0.622512)
     H    4    Vyy=    0.7505    axis=(  0.805713  0.219682  0.550059)
     H    4    Vzz=   -0.8216    axis=( -0.549841  0.622704  0.556699)
     H    4  Q=         1.0000 1e-30 m^2  Cq=        -1.9305 MHz  eta= 0.82692

     C    5    Vxx=    0.1004    axis=( -0.470004 -0.438432  0.766077)
     C    5    Vyy=    0.7611    axis=( -0.022135 -0.861786 -0.506788)
     C    5    Vzz=   -0.8614    axis=( -0.882387  0.255149 -0.395338)
     C    5  Q=         1.0000 1e-30 m^2  Cq=        -2.0240 MHz  eta= 0.76695

     H    6    Vxx=   -0.0448    axis=(  0.881755 -0.252808  0.398242)
     H    6    Vyy=   -0.2311    axis=(  0.470595  0.413473 -0.779475)
     H    6    Vzz=    0.2758    axis=(  0.032395  0.874716  0.483551)
     H    6  Q=         1.0000 1e-30 m^2  Cq=         0.6481 MHz  eta= 0.67542

     H    7    Vxx=   -0.0964    axis=( -0.888247  0.313635  0.335635)
     H    7    Vyy=   -0.3985    axis=( -0.446624 -0.760532 -0.471294)
     H    7    Vzz=    0.4949    axis=(  0.107446 -0.568528  0.815617)
     H    7  Q=         1.0000 1e-30 m^2  Cq=         1.1627 MHz  eta= 0.61045

     C    8    Vxx=    0.0040    axis=(  0.806826 -0.250548 -0.535031)
     C    8    Vyy=    0.5221    axis=( -0.443578 -0.855072 -0.268496)
     C    8    Vzz=   -0.5261    axis=(  0.390219 -0.453957  0.801032)
     C    8  Q=         1.0000 1e-30 m^2  Cq=        -1.2361 MHz  eta= 0.98470

     H    9    Vxx=    0.0215    axis=( -0.578934 -0.338342  0.741863)
     H    9    Vyy=    0.7740    axis=(  0.794692 -0.030511  0.606246)
     H    9    Vzz=   -0.7956    axis=(  0.182483 -0.940529 -0.286541)
     H    9  Q=         1.0000 1e-30 m^2  Cq=        -1.8693 MHz  eta= 0.94585

     C   10    Vxx=    0.0686    axis=(  0.070617 -0.000413  0.997503)
     C   10    Vyy=    0.5103    axis=( -0.088212  0.996079  0.006657)
     C   10    Vzz=   -0.5789    axis=( -0.993595 -0.088462  0.070304)
     C   10  Q=         1.0000 1e-30 m^2  Cq=        -1.3602 MHz  eta= 0.76300

     C   11    Vxx=   -0.0522    axis=(  0.749084 -0.371501 -0.548507)
     C   11    Vyy=   -0.5483    axis=(  0.329184 -0.509783  0.794833)
     C   11    Vzz=    0.6005    axis=( -0.574901 -0.775956 -0.259578)
     C   11  Q=         1.0000 1e-30 m^2  Cq=         1.4109 MHz  eta= 0.82623

     Cl  12    Vxx=   -1.0815    axis=(  0.793746  0.230833 -0.562746)
     Cl  12    Vyy=   -2.1394    axis=( -0.539550  0.694336 -0.476217)
     Cl  12    Vzz=    3.2209    axis=( -0.280809 -0.681625 -0.675673)
     Cl  12  Q=        -8.1650 1e-30 m^2  Cq=       -61.7918 MHz  eta= 0.32842

     H   13    Vxx=   -0.1170    axis=(  0.938630 -0.100834  0.329858)
     H   13    Vyy=   -0.4994    axis=( -0.311942 -0.656254  0.687039)
     H   13    Vzz=    0.6164    axis=( -0.147194  0.747772  0.647434)
     H   13  Q=         1.0000 1e-30 m^2  Cq=         1.4484 MHz  eta= 0.62036

     C   14    Vxx=   -0.0868    axis=( -0.164021 -0.966032 -0.199696)
     C   14    Vyy=   -0.4376    axis=( -0.244388 -0.156333  0.956992)
     C   14    Vzz=    0.5244    axis=( -0.955705  0.205770 -0.210444)
     C   14  Q=         1.0000 1e-30 m^2  Cq=         1.2322 MHz  eta= 0.66895

     H   15    Vxx=   -0.0997    axis=(  0.363964 -0.692907 -0.622423)
     H   15    Vyy=   -0.6733    axis=(  0.255416  0.716890 -0.648715)
     H   15    Vzz=    0.7730    axis=(  0.895708  0.077132  0.437902)
     H   15  Q=         1.0000 1e-30 m^2  Cq=         1.8162 MHz  eta= 0.74210

     C   16    Vxx=   -0.1861    axis=( -0.608737 -0.162006  0.776655)
     C   16    Vyy=   -0.4275    axis=( -0.787726  0.239999 -0.567352)
     C   16    Vzz=    0.6136    axis=(  0.094482  0.957160  0.273713)
     C   16  Q=         1.0000 1e-30 m^2  Cq=         1.4417 MHz  eta= 0.39344

     C   17    Vxx=    0.1989    axis=(  0.857189  0.514578 -0.020873)
     C   17    Vyy=    0.3838    axis=( -0.514458  0.853720 -0.080597)
     C   17    Vzz=   -0.5826    axis=( -0.023654  0.079825  0.996528)
     C   17  Q=         1.0000 1e-30 m^2  Cq=        -1.3690 MHz  eta= 0.31731

     Cl  18    Vxx=   -1.3539    axis=(  0.892605  0.343730  0.291729)
     Cl  18    Vyy=   -1.6549    axis=( -0.166807 -0.349365  0.922019)
     Cl  18    Vzz=    3.0088    axis=( -0.418845  0.871662  0.254508)
     Cl  18  Q=        -8.1650 1e-30 m^2  Cq=       -57.7214 MHz  eta= 0.10003

     H   19    Vxx=   -0.0198    axis=(  0.998785  0.049258  0.001625)
     H   19    Vyy=   -0.8609    axis=(  0.022760 -0.431750 -0.901706)
     H   19    Vzz=    0.8806    axis=( -0.043714  0.900647 -0.432346)
     H   19  Q=         1.0000 1e-30 m^2  Cq=         2.0692 MHz  eta= 0.95511

     C   20    Vxx=    0.0099    axis=(  0.712415  0.546929  0.439697)
     C   20    Vyy=    0.5041    axis=( -0.227004  0.772484 -0.593074)
     C   20    Vzz=   -0.5140    axis=( -0.664029  0.322702  0.674485)
     C   20  Q=         1.0000 1e-30 m^2  Cq=        -1.2077 MHz  eta= 0.96153

     H   21    Vxx=   -0.1207    axis=( -0.448384 -0.442562  0.776589)
     H   21    Vyy=   -0.7719    axis=(  0.099156  0.838832  0.535284)
     H   21    Vzz=    0.8926    axis=(  0.888324 -0.317016  0.332236)
     H   21  Q=         1.0000 1e-30 m^2  Cq=         2.0972 MHz  eta= 0.72963

     C   22    Vxx=   -0.0611    axis=( -0.359846  0.795737 -0.487149)
     C   22    Vyy=   -0.5232    axis=( -0.185725  0.450585  0.873201)
     C   22    Vzz=    0.5843    axis=( -0.914340 -0.404693  0.014353)
     C   22  Q=         1.0000 1e-30 m^2  Cq=         1.3728 MHz  eta= 0.79099

     C   23    Vxx=    0.0481    axis=(  0.249159 -0.210247 -0.945365)
     C   23    Vyy=    0.5949    axis=(  0.154600 -0.954998  0.253136)
     C   23    Vzz=   -0.6429    axis=(  0.956043  0.209225  0.205442)
     C   23  Q=         1.0000 1e-30 m^2  Cq=        -1.5106 MHz  eta= 0.85043

     Cl  24    Vxx=   -0.2841    axis=(  0.939490 -0.342315  0.013395)
     Cl  24    Vyy=   -2.9248    axis=( -0.005305 -0.053634 -0.998547)
     Cl  24    Vzz=    3.2089    axis=(  0.342536  0.938053 -0.052204)
     Cl  24  Q=        -8.1650 1e-30 m^2  Cq=       -61.5607 MHz  eta= 0.82296

     Initialization:
     gipaw_setup  :      9.19s CPU     10.97s WALL (       1 calls)

     Linear response

     Apply operators

     Induced current

     Other routines
     efg          :      9.59s CPU     12.45s WALL (       1 calls)

     General routines
     calbec       :      3.44s CPU      4.82s WALL (      16 calls)
     fft          :      1.62s CPU      2.53s WALL (      15 calls)
     ffts         :      0.03s CPU      0.05s WALL (       2 calls)
     fftw         :      3.40s CPU      4.28s WALL (     672 calls)
     davcio       :      0.01s CPU      0.30s WALL (      32 calls)

     Parallel routines
     fft_scatter  :      2.24s CPU      4.00s WALL (     689 calls)

     Plugins

     GIPAW        :     61.70s CPU     74.09s WALL (       1 calls)
