
     Program QE v.6.0 (svn rev. 13079) starts on 20Dec2016 at  1:16:22 

     This program is part of the open-source Quantum ESPRESSO suite
     for quantum simulation of materials; please cite
         "P. Giannozzi et al., J. Phys.:Condens. Matter 21 395502 (2009);
          URL http://www.quantum-espresso.org", 
     in publications or presentations arising from this work. More details at
     http://www.quantum-espresso.org/quote

     Parallel version (MPI), running on     8 processors
     R & G space division:  proc/nbgrp/npool/nimage =       8

     ***** This is GIPAW svn revision unknown      *****

     Parallelizing q-star over 1 images

     Reading data from directory:
     /users/majewski/paradichlorobenzene/pbe/9_constraint/scratch/pbe.ecut100.np8.dt60.pcl2phi-129368.save
     Message from routine read_xml_file:
     file /users/majewski/paradichlorobenzene/pbe/9_constraint/scratch/pbe.ecut100.np8.dt60.pcl2phi-129368.save not guaranteed to be safe for post-processing

   Info: using nr1, nr2, nr3 values from input

   Info: using nr1, nr2, nr3 values from input

     IMPORTANT: XC functional enforced from input :
     Exchange-correlation      =  SLA  PW   PBX  PBC ( 1  4  3  4 0 0)
     Any further DFT definition will be discarded
     Please, verify this is what you really want

               file C.pbe-n-kjpaw_psl.1.0.0.UPF: wavefunction(s)  2S 2P renormalized
               file Cl.pbe-n-kjpaw_psl.1.0.0.UPF: wavefunction(s)  3S 3P renormalized
               file H.pbe-kjpaw_psl.1.0.0.UPF: wavefunction(s)  1S renormalized

     Parallelization info
     --------------------
     sticks:   dense  smooth     PW     G-vecs:    dense   smooth      PW
     Min        3057    1223    332               144436    36536    5170
     Max        3059    1225    333               144437    36537    5171
     Sum       24467    9791   2657              1155489   292295   41363


     Subspace diagonalization in iterative solution of the eigenvalue problem:
     a serial algorithm will be used

     GIPAW projectors -----------------------------------------------
     atom=  C    l=0  rc=    1.2000  rs=    0.8000
     atom=  C    l=0  rc=    1.2000  rs=    0.8000
     atom=  C    l=1  rc=    1.4000  rs=    0.9333
     atom=  C    l=1  rc=    1.4000  rs=    0.9333
     projs nearly linearly dependent: l=1  n1,n2= 1, 2  s=  0.99951561

     atom=  Cl   l=0  rc=    1.6000  rs=    1.0667
     atom=  Cl   l=0  rc=    1.6000  rs=    1.0667
     atom=  Cl   l=1  rc=    1.6000  rs=    1.0667
     atom=  Cl   l=1  rc=    1.6000  rs=    1.0667
     atom=  Cl   l=2  rc=    1.6000  rs=    1.0667
     atom=  Cl   l=2  rc=    1.6000  rs=    1.0667
     projs nearly linearly dependent: l=2  n1,n2= 1, 2  s=  0.99993509

     atom=  H    l=0  rc=    1.0000  rs=    0.6667
     atom=  H    l=0  rc=    1.0000  rs=    0.6667
     projs nearly linearly dependent: l=0  n1,n2= 1, 2  s=  0.99968852
     -----------------------------------------------------------------

     GIPAW integrals: -------------------------------------------
     Atom  i/j   nmr_para   nmr_dia   epr_rmc  epr_para   epr_dia
       C   1 1   0.83E+03  0.17E-01  0.93E+01  0.24E+08  0.24E+03
       C   2 1   0.86E+03 -0.61E-01  0.94E+01  0.25E+08  0.25E+03
       C   2 2   0.90E+03 -0.15E+00  0.97E+01  0.26E+08  0.26E+03
       C   3 3   0.33E+01  0.34E+00  0.18E+01  0.55E+03  0.21E+02
       C   4 3   0.35E+01  0.37E+00  0.20E+01  0.59E+03  0.22E+02
       C   4 4   0.38E+01  0.39E+00  0.22E+01  0.63E+03  0.24E+02
       Cl  1 1   0.14E+04 -0.47E+00  0.84E+01  0.32E+09  0.42E+03
       Cl  2 1   0.21E+04 -0.37E+00  0.12E+02  0.49E+09  0.65E+03
       Cl  2 2   0.33E+04 -0.16E+00  0.21E+02  0.76E+09  0.10E+04
       Cl  3 3   0.21E+02  0.79E-01  0.89E+01  0.23E+05  0.13E+03
       Cl  4 3   0.24E+02  0.67E-01  0.99E+01  0.27E+05  0.15E+03
       Cl  4 4   0.28E+02  0.44E-01  0.11E+02  0.32E+05  0.18E+03
       Cl  5 5   0.77E+00  0.19E+00  0.18E+01  0.12E+03  0.22E+02
       Cl  6 5   0.80E+00  0.19E+00  0.19E+01  0.12E+03  0.23E+02
       Cl  6 6   0.83E+00  0.20E+00  0.19E+01  0.12E+03  0.23E+02
       H   1 1   0.39E+02  0.19E+00  0.29E+00  0.78E+05  0.13E+02
       H   2 1   0.41E+02  0.21E+00  0.32E+00  0.82E+05  0.14E+02
       H   2 2   0.43E+02  0.22E+00  0.36E+00  0.86E+05  0.15E+02
     ------------------------------------------------------------

     alpha_pv=     34.1947 eV

     Number of occupied bands for each k-point:
     k-point:     1    nbnd_occ=  42
     k-point:     2    nbnd_occ=  42
     k-point:     3    nbnd_occ=  42
     k-point:     4    nbnd_occ=  42
     k-point:     5    nbnd_occ=  42
     k-point:     6    nbnd_occ=  42
     k-point:     7    nbnd_occ=  42
     k-point:     8    nbnd_occ=  42
     k-point:     9    nbnd_occ=  42
     k-point:    10    nbnd_occ=  42
     k-point:    11    nbnd_occ=  42
     k-point:    12    nbnd_occ=  42
     k-point:    13    nbnd_occ=  42
     k-point:    14    nbnd_occ=  42
     k-point:    15    nbnd_occ=  42
     k-point:    16    nbnd_occ=  42


     q-space interpolation up to   110.00 Rydberg

     GIPAW job: efg                                                                             


     ELECTRIC FIELD GRADIENTS TENSORS IN Hartree/bohrradius^2:

     ----- bare term -----
     Cl   1       -0.080304        0.324836       -0.153683
     Cl   1        0.324836       -0.129877       -0.031698
     Cl   1       -0.153683       -0.031698        0.210181

     C    2        0.073392       -0.214926       -0.592840
     C    2       -0.214926       -0.293699       -0.509507
     C    2       -0.592840       -0.509507        0.220307

     C    3        0.036435        0.275225        0.066892
     C    3        0.275225       -0.018814        0.053835
     C    3        0.066892        0.053835       -0.017622

     H    4        0.176975       -0.061695       -0.171692
     H    4       -0.061695        0.366987        0.126616
     H    4       -0.171692        0.126616       -0.543962

     C    5       -0.062131       -0.053923       -0.245754
     C    5       -0.053923        0.004368       -0.250490
     C    5       -0.245754       -0.250490        0.057764

     H    6        0.288376        0.009585        0.306553
     H    6        0.009585        0.142334       -0.280900
     H    6        0.306553       -0.280900       -0.430710

     H    7        0.458374        0.024528       -0.126678
     H    7        0.024528       -0.216539        0.430474
     H    7       -0.126678        0.430474       -0.241835

     C    8       -0.495906       -0.297455       -0.378773
     C    8       -0.297455        0.081714        0.358379
     C    8       -0.378773        0.358379        0.414192

     H    9       -0.553468       -0.001464       -0.016551
     H    9       -0.001464        0.344387        0.370331
     H    9       -0.016551        0.370331        0.209081

     C   10        0.044597       -0.204203       -0.087474
     C   10       -0.204203       -0.509409        0.382966
     C   10       -0.087474        0.382966        0.464812

     C   11       -0.620172       -0.046972       -0.224259
     C   11       -0.046972        0.073620        0.181332
     C   11       -0.224259        0.181332        0.546552

     Cl  12       -0.097896       -0.120209        0.112876
     Cl  12       -0.120209       -0.056006       -0.124570
     Cl  12        0.112876       -0.124570        0.153901

     H   13        0.506326       -0.029505       -0.003604
     H   13       -0.029505       -0.236214       -0.377104
     H   13       -0.003604       -0.377104       -0.270112

     C   14       -0.675326        0.344464       -0.265754
     C   14        0.344464        0.302755       -0.320219
     C   14       -0.265754       -0.320219        0.372571

     H   15        0.154862        0.031286       -0.368978
     H   15        0.031286        0.138166        0.267682
     H   15       -0.368978        0.267682       -0.293028

     C   16        0.040167        0.070455       -0.187815
     C   16        0.070455       -0.034208       -0.618679
     C   16       -0.187815       -0.618679       -0.005959

     C   17       -0.519347        0.284942       -0.365824
     C   17        0.284942        0.207451       -0.305567
     C   17       -0.365824       -0.305567        0.311896

     Cl  18        0.068357        0.044999       -0.086577
     Cl  18        0.044999       -0.084599        0.027712
     Cl  18       -0.086577        0.027712        0.016242

     H   19       -0.014762        0.453929       -0.128302
     H   19        0.453929       -0.339136        0.355066
     H   19       -0.128302        0.355066        0.353898

     C   20        0.061836       -0.573199        0.026044
     C   20       -0.573199       -0.451715        0.384944
     C   20        0.026044        0.384944        0.389878

     H   21       -0.549713        0.414075        0.145307
     H   21        0.414075        0.282432       -0.041118
     H   21        0.145307       -0.041118        0.267281

     C   22       -0.051182       -0.134769       -0.410117
     C   22       -0.134769       -0.164154        0.419060
     C   22       -0.410117        0.419060        0.215336

     C   23       -0.228612       -0.219126       -0.322946
     C   23       -0.219126       -0.114461        0.563946
     C   23       -0.322946        0.563946        0.343073

     Cl  24        0.157435        0.015056        0.276749
     Cl  24        0.015056        0.259967       -0.223469
     Cl  24        0.276749       -0.223469       -0.417402

     ----- ionic term -----
     Cl   1        0.120908       -0.228182        0.019353
     Cl   1       -0.228182        0.021611       -0.002002
     Cl   1        0.019353       -0.002002       -0.142519

     C    2        0.046196       -0.321737        0.314760
     C    2       -0.321737       -0.039603        0.404891
     C    2        0.314760        0.404891       -0.006594

     C    3        0.003342       -0.373266        0.212957
     C    3       -0.373266        0.045174        0.350139
     C    3        0.212957        0.350139       -0.048516

     H    4        0.325727        0.060420        0.807467
     H    4        0.060420       -0.542054        0.125733
     H    4        0.807467        0.125733        0.216326

     C    5        0.028947       -0.324620        0.332766
     C    5       -0.324620       -0.036663        0.248778
     C    5        0.332766        0.248778        0.007716

     H    6       -0.565547       -0.027556       -0.011593
     H    6       -0.027556        0.377923        0.792048
     H    6       -0.011593        0.792048        0.187624

     H    7       -0.503072       -0.158850        0.102534
     H    7       -0.158850        0.456845       -0.780768
     H    7        0.102534       -0.780768        0.046227

     C    8        0.271760        0.066967        0.132729
     C    8        0.066967        0.012857       -0.356474
     C    8        0.132729       -0.356474       -0.284616

     H    9        0.774687       -0.318257        0.545984
     H    9       -0.318257       -0.419181       -0.217718
     H    9        0.545984       -0.217718       -0.355506

     C   10        0.095120        0.118266        0.109747
     C   10        0.118266        0.188665       -0.506784
     C   10        0.109747       -0.506784       -0.283785

     C   11        0.222888        0.111346        0.217937
     C   11        0.111346        0.128359       -0.446610
     C   11        0.217937       -0.446610       -0.351247

     Cl  12        0.119436        0.220666        0.011460
     Cl  12        0.220666        0.030226       -0.009642
     Cl  12        0.011460       -0.009642       -0.149662

     H   13       -0.534100        0.014167        0.023753
     H   13        0.014167        0.508652        0.762372
     H   13        0.023753        0.762372        0.025448

     C   14        0.097443       -0.259039        0.354108
     C   14       -0.259039       -0.011793        0.264083
     C   14        0.354108        0.264083       -0.085650

     H   15        0.222783        0.030725        0.781094
     H   15        0.030725       -0.503370        0.098475
     H   15        0.781094        0.098475        0.280588

     C   16       -0.041631       -0.302832        0.249377
     C   16       -0.302832        0.110956        0.367722
     C   16        0.249377        0.367722       -0.069325

     C   17       -0.090171       -0.257461        0.379433
     C   17       -0.257461        0.037510        0.374467
     C   17        0.379433        0.374467        0.052661

     Cl  18        0.087941       -0.202410        0.039023
     Cl  18       -0.202410        0.037444       -0.027372
     Cl  18        0.039023       -0.027372       -0.125385

     H   19       -0.496225       -0.211190        0.111517
     H   19       -0.211190        0.758366       -0.656929
     H   19        0.111517       -0.656929       -0.262141

     C   20        0.366106        0.111840        0.128534
     C   20        0.111840        0.031448       -0.322145
     C   20        0.128534       -0.322145       -0.397554

     H   21        0.798638       -0.407707        0.428299
     H   21       -0.407707       -0.415004       -0.211058
     H   21        0.428299       -0.211058       -0.383634

     C   22        0.214662        0.138045        0.051161
     C   22        0.138045        0.117009       -0.426238
     C   22        0.051161       -0.426238       -0.331671

     C   23        0.252194        0.061946        0.117491
     C   23        0.061946        0.053573       -0.432809
     C   23        0.117491       -0.432809       -0.305767

     Cl  24        0.108502        0.162829       -0.060858
     Cl  24        0.162829       -0.000393       -0.043278
     Cl  24       -0.060858       -0.043278       -0.108109

     ----- GIPAW term -----
     Cl   1        1.719303       -0.115411       -2.143731
     Cl   1       -0.115411       -1.339304       -0.496881
     Cl   1       -2.143731       -0.496881       -0.379999

     C    2        0.118112       -0.136194       -0.245928
     C    2       -0.136194       -0.142147       -0.045842
     C    2       -0.245928       -0.045842        0.024034

     C    3        0.022303        0.006951       -0.010460
     C    3        0.006951       -0.012187        0.022300
     C    3       -0.010460        0.022300       -0.010116

     H    4       -0.000000        0.000000        0.000000
     H    4        0.000000        0.000000        0.000000
     H    4        0.000000        0.000000        0.000000

     C    5        0.024626       -0.012882       -0.113159
     C    5       -0.012882       -0.082712       -0.030452
     C    5       -0.113159       -0.030452        0.058086

     H    6       -0.000000        0.000000        0.000000
     H    6        0.000000        0.000000        0.000000
     H    6        0.000000        0.000000        0.000000

     H    7       -0.000000        0.000000        0.000000
     H    7        0.000000        0.000000        0.000000
     H    7        0.000000        0.000000        0.000000

     C    8       -0.092188       -0.073695       -0.066654
     C    8       -0.073695        0.045007        0.083676
     C    8       -0.066654        0.083676        0.047181

     H    9       -0.000000        0.000000        0.000000
     H    9        0.000000        0.000000        0.000000
     H    9        0.000000        0.000000        0.000000

     C   10       -0.115553       -0.012525        0.006121
     C   10       -0.012525       -0.025981       -0.185259
     C   10        0.006121       -0.185259        0.141534

     C   11       -0.127736        0.039855        0.103586
     C   11        0.039855       -0.079324       -0.107130
     C   11        0.103586       -0.107130        0.207061

     Cl  12        0.267847        0.854579        1.328094
     Cl  12        0.854579       -0.557045       -1.516681
     Cl  12        1.328094       -1.516681        0.289198

     H   13       -0.000000        0.000000        0.000000
     H   13        0.000000        0.000000        0.000000
     H   13        0.000000        0.000000        0.000000

     C   14       -0.194495        0.010687       -0.013129
     C   14        0.010687        0.220183       -0.113895
     C   14       -0.013129       -0.113895       -0.025689

     H   15       -0.000000        0.000000        0.000000
     H   15        0.000000        0.000000        0.000000
     H   15        0.000000        0.000000        0.000000

     C   16       -0.108375       -0.015566       -0.022832
     C   16       -0.015566        0.193021       -0.178386
     C   16       -0.022832       -0.178386       -0.084647

     C   17       -0.111531       -0.064649       -0.057793
     C   17       -0.064649        0.225662       -0.034205
     C   17       -0.057793       -0.034205       -0.114131

     Cl  18       -0.247602       -0.967937       -0.477725
     Cl  18       -0.967937        1.669744       -1.712444
     Cl  18       -0.477725       -1.712444       -1.422142

     H   19       -0.000000        0.000000        0.000000
     H   19        0.000000        0.000000        0.000000
     H   19        0.000000        0.000000        0.000000

     C   20        0.199905       -0.197178        0.119470
     C   20       -0.197178       -0.172018        0.037352
     C   20        0.119470        0.037352       -0.027887

     H   21       -0.000000        0.000000        0.000000
     H   21        0.000000        0.000000        0.000000
     H   21        0.000000        0.000000        0.000000

     C   22        0.088012       -0.097077       -0.223357
     C   22       -0.097077       -0.072749        0.109566
     C   22       -0.223357        0.109566       -0.015262

     C   23       -0.001076       -0.023354       -0.180263
     C   23       -0.023354       -0.059863        0.186195
     C   23       -0.180263        0.186195        0.060940

     Cl  24        0.077384        0.570707       -0.535323
     Cl  24        0.570707       -0.399884        0.371925
     Cl  24       -0.535323        0.371925        0.322500

     ----- total EFG -----
     Cl   1        1.759907       -0.018757       -2.278060
     Cl   1       -0.018757       -1.447569       -0.530580
     Cl   1       -2.278060       -0.530580       -0.312337

     C    2        0.237701       -0.672857       -0.524008
     C    2       -0.672857       -0.475449       -0.150458
     C    2       -0.524008       -0.150458        0.237747

     C    3        0.062080       -0.091090        0.269389
     C    3       -0.091090        0.014173        0.426273
     C    3        0.269389        0.426273       -0.076254

     H    4        0.502702       -0.001275        0.635775
     H    4       -0.001275       -0.175066        0.252349
     H    4        0.635775        0.252349       -0.327636

     C    5       -0.008558       -0.391425       -0.026146
     C    5       -0.391425       -0.115008       -0.032163
     C    5       -0.026146       -0.032163        0.123566

     H    6       -0.277171       -0.017970        0.294960
     H    6       -0.017970        0.520257        0.511148
     H    6        0.294960        0.511148       -0.243086

     H    7       -0.044698       -0.134322       -0.024145
     H    7       -0.134322        0.240306       -0.350294
     H    7       -0.024145       -0.350294       -0.195609

     C    8       -0.316334       -0.304183       -0.312698
     C    8       -0.304183        0.139577        0.085581
     C    8       -0.312698        0.085581        0.176757

     H    9        0.221219       -0.319721        0.529433
     H    9       -0.319721       -0.074794        0.152614
     H    9        0.529433        0.152614       -0.146425

     C   10        0.024164       -0.098462        0.028394
     C   10       -0.098462       -0.346724       -0.309077
     C   10        0.028394       -0.309077        0.322561

     C   11       -0.525021        0.104229        0.097264
     C   11        0.104229        0.122655       -0.372408
     C   11        0.097264       -0.372408        0.402365

     Cl  12        0.289387        0.955036        1.452430
     Cl  12        0.955036       -0.582824       -1.650894
     Cl  12        1.452430       -1.650894        0.293438

     H   13       -0.027775       -0.015338        0.020149
     H   13       -0.015338        0.272439        0.385268
     H   13        0.020149        0.385268       -0.244664

     C   14       -0.772378        0.096112        0.075225
     C   14        0.096112        0.511145       -0.170031
     C   14        0.075225       -0.170031        0.261232

     H   15        0.377645        0.062011        0.412116
     H   15        0.062011       -0.365205        0.366158
     H   15        0.412116        0.366158       -0.012440

     C   16       -0.109839       -0.247943        0.038730
     C   16       -0.247943        0.269769       -0.429342
     C   16        0.038730       -0.429342       -0.159930

     C   17       -0.721049       -0.037168       -0.044184
     C   17       -0.037168        0.470623        0.034694
     C   17       -0.044184        0.034694        0.250427

     Cl  18       -0.091303       -1.125349       -0.525278
     Cl  18       -1.125349        1.622589       -1.712103
     Cl  18       -0.525278       -1.712103       -1.531286

     H   19       -0.510987        0.242738       -0.016785
     H   19        0.242738        0.419230       -0.301864
     H   19       -0.016785       -0.301864        0.091757

     C   20        0.627848       -0.658536        0.274048
     C   20       -0.658536       -0.592285        0.100151
     C   20        0.274048        0.100151       -0.035563

     H   21        0.248926        0.006368        0.573606
     H   21        0.006368       -0.132573       -0.252176
     H   21        0.573606       -0.252176       -0.116353

     C   22        0.251492       -0.093802       -0.582314
     C   22       -0.093802       -0.119894        0.102388
     C   22       -0.582314        0.102388       -0.131598

     C   23        0.022506       -0.180534       -0.385718
     C   23       -0.180534       -0.120752        0.317332
     C   23       -0.385718        0.317332        0.098246

     Cl  24        0.343321        0.748592       -0.319432
     Cl  24        0.748592       -0.140311        0.105178
     Cl  24       -0.319432        0.105178       -0.203011

     ----- total EFG (symmetrized) -----
     Cl   1        1.759907       -0.018757       -2.278060
     Cl   1       -0.018757       -1.447569       -0.530580
     Cl   1       -2.278060       -0.530580       -0.312337

     C    2        0.237701       -0.672857       -0.524008
     C    2       -0.672857       -0.475449       -0.150458
     C    2       -0.524008       -0.150458        0.237747

     C    3        0.062080       -0.091090        0.269389
     C    3       -0.091090        0.014173        0.426273
     C    3        0.269389        0.426273       -0.076254

     H    4        0.502702       -0.001275        0.635775
     H    4       -0.001275       -0.175066        0.252349
     H    4        0.635775        0.252349       -0.327636

     C    5       -0.008558       -0.391425       -0.026146
     C    5       -0.391425       -0.115008       -0.032163
     C    5       -0.026146       -0.032163        0.123566

     H    6       -0.277171       -0.017970        0.294960
     H    6       -0.017970        0.520257        0.511148
     H    6        0.294960        0.511148       -0.243086

     H    7       -0.044698       -0.134322       -0.024145
     H    7       -0.134322        0.240306       -0.350294
     H    7       -0.024145       -0.350294       -0.195609

     C    8       -0.316334       -0.304183       -0.312698
     C    8       -0.304183        0.139577        0.085581
     C    8       -0.312698        0.085581        0.176757

     H    9        0.221219       -0.319721        0.529433
     H    9       -0.319721       -0.074794        0.152614
     H    9        0.529433        0.152614       -0.146425

     C   10        0.024164       -0.098462        0.028394
     C   10       -0.098462       -0.346724       -0.309077
     C   10        0.028394       -0.309077        0.322561

     C   11       -0.525021        0.104229        0.097264
     C   11        0.104229        0.122655       -0.372408
     C   11        0.097264       -0.372408        0.402365

     Cl  12        0.289387        0.955036        1.452430
     Cl  12        0.955036       -0.582824       -1.650894
     Cl  12        1.452430       -1.650894        0.293438

     H   13       -0.027775       -0.015338        0.020149
     H   13       -0.015338        0.272439        0.385268
     H   13        0.020149        0.385268       -0.244664

     C   14       -0.772378        0.096112        0.075225
     C   14        0.096112        0.511145       -0.170031
     C   14        0.075225       -0.170031        0.261232

     H   15        0.377645        0.062011        0.412116
     H   15        0.062011       -0.365205        0.366158
     H   15        0.412116        0.366158       -0.012440

     C   16       -0.109839       -0.247943        0.038730
     C   16       -0.247943        0.269769       -0.429342
     C   16        0.038730       -0.429342       -0.159930

     C   17       -0.721049       -0.037168       -0.044184
     C   17       -0.037168        0.470623        0.034694
     C   17       -0.044184        0.034694        0.250427

     Cl  18       -0.091303       -1.125349       -0.525278
     Cl  18       -1.125349        1.622589       -1.712103
     Cl  18       -0.525278       -1.712103       -1.531286

     H   19       -0.510987        0.242738       -0.016785
     H   19        0.242738        0.419230       -0.301864
     H   19       -0.016785       -0.301864        0.091757

     C   20        0.627848       -0.658536        0.274048
     C   20       -0.658536       -0.592285        0.100151
     C   20        0.274048        0.100151       -0.035563

     H   21        0.248926        0.006368        0.573606
     H   21        0.006368       -0.132573       -0.252176
     H   21        0.573606       -0.252176       -0.116353

     C   22        0.251492       -0.093802       -0.582314
     C   22       -0.093802       -0.119894        0.102388
     C   22       -0.582314        0.102388       -0.131598

     C   23        0.022506       -0.180534       -0.385718
     C   23       -0.180534       -0.120752        0.317332
     C   23       -0.385718        0.317332        0.098246

     Cl  24        0.343321        0.748592       -0.319432
     Cl  24        0.748592       -0.140311        0.105178
     Cl  24       -0.319432        0.105178       -0.203011


     NQR/NMR SPECTROSCOPIC PARAMETERS:
     Cl   1    Vxx=   -1.1390    axis=(  0.356399 -0.813122  0.460231)
     Cl   1    Vyy=   -2.1032    axis=( -0.416173 -0.579167 -0.700975)
     Cl   1    Vzz=    3.2423    axis=( -0.836529 -0.058292  0.544814)
     Cl   1  Q=        -8.1650 1e-30 m^2  Cq=       -62.2010 MHz  eta= 0.29738

     C    2    Vxx=    0.1278    axis=(  0.319676 -0.549143  0.772172)
     C    2    Vyy=    0.8886    axis=(  0.772621 -0.320684 -0.547922)
     C    2    Vzz=   -1.0164    axis=( -0.548510 -0.771754 -0.321764)
     C    2  Q=         1.0000 1e-30 m^2  Cq=        -2.3881 MHz  eta= 0.74850

     C    3    Vxx=    0.1304    axis=( -0.853435  0.519607 -0.040708)
     C    3    Vyy=    0.4395    axis=( -0.347545 -0.625554 -0.698495)
     C    3    Vzz=   -0.5699    axis=( -0.388408 -0.581972  0.714456)
     C    3  Q=         1.0000 1e-30 m^2  Cq=        -1.3391 MHz  eta= 0.54244

     H    4    Vxx=   -0.1029    axis=(  0.274182 -0.925006 -0.263038)
     H    4    Vyy=   -0.7580    axis=(  0.420156  0.361256 -0.832444)
     H    4    Vzz=    0.8610    axis=(  0.865040  0.117724  0.487696)
     H    4  Q=         1.0000 1e-30 m^2  Cq=         2.0229 MHz  eta= 0.76090

     C    5    Vxx=    0.1265    axis=( -0.051901 -0.048721  0.997463)
     C    5    Vyy=    0.3333    axis=( -0.752977  0.658009 -0.007039)
     C    5    Vzz=   -0.4598    axis=( -0.655996 -0.751432 -0.070837)
     C    5  Q=         1.0000 1e-30 m^2  Cq=        -1.0802 MHz  eta= 0.44972

     H    6    Vxx=   -0.1051    axis=(  0.818532 -0.349254  0.456099)
     H    6    Vyy=   -0.6847    axis=(  0.562991  0.329848 -0.757787)
     H    6    Vzz=    0.7899    axis=(  0.114217  0.877053  0.466619)
     H    6  Q=         1.0000 1e-30 m^2  Cq=         1.8559 MHz  eta= 0.73376

     H    7    Vxx=   -0.0462    axis=(  0.948622  0.066518 -0.309341)
     H    7    Vyy=   -0.4113    axis=(  0.237218  0.497464  0.834420)
     H    7    Vzz=    0.4576    axis=(  0.209390 -0.864931  0.456126)
     H    7  Q=         1.0000 1e-30 m^2  Cq=         1.0751 MHz  eta= 0.79787

     C    8    Vxx=    0.0717    axis=(  0.027488 -0.733362  0.679282)
     C    8    Vyy=    0.4830    axis=(  0.478787 -0.586862 -0.652960)
     C    8    Vzz=   -0.5547    axis=( -0.877501 -0.343180 -0.334992)
     C    8  Q=         1.0000 1e-30 m^2  Cq=        -1.3033 MHz  eta= 0.74144

     H    9    Vxx=    0.0418    axis=(  0.055585 -0.846247 -0.529884)
     H    9    Vyy=    0.6443    axis=( -0.824795  0.260168 -0.502021)
     H    9    Vzz=   -0.6861    axis=( -0.562693 -0.464951  0.683519)
     H    9  Q=         1.0000 1e-30 m^2  Cq=        -1.6120 MHz  eta= 0.87824

     C   10    Vxx=    0.0282    axis=(  0.976161 -0.095821 -0.194749)
     C   10    Vyy=    0.4527    axis=( -0.146291  0.372367 -0.916483)
     C   10    Vzz=   -0.4808    axis=(  0.160337  0.923126  0.349472)
     C   10  Q=         1.0000 1e-30 m^2  Cq=        -1.1298 MHz  eta= 0.88285

     C   11    Vxx=   -0.0896    axis=(  0.307858  0.786922  0.534769)
     C   11    Vyy=   -0.5710    axis=( -0.951267  0.244095  0.188440)
     C   11    Vzz=    0.6607    axis=(  0.017753 -0.566720  0.823719)
     C   11  Q=         1.0000 1e-30 m^2  Cq=         1.5523 MHz  eta= 0.72862

     Cl  12    Vxx=    0.8419    axis=( -0.708259 -0.682751  0.179501)
     Cl  12    Vyy=    1.9179    axis=(  0.515377 -0.326300  0.792411)
     Cl  12    Vzz=   -2.7598    axis=(  0.482449 -0.653742 -0.582979)
     Cl  12  Q=        -8.1650 1e-30 m^2  Cq=        52.9457 MHz  eta= 0.38987

     H   13    Vxx=   -0.0263    axis=(  0.998233 -0.020623  0.055733)
     H   13    Vyy=   -0.4516    axis=( -0.058882 -0.469919  0.880744)
     H   13    Vzz=    0.4779    axis=(  0.008027 -0.882469 -0.470303)
     H   13  Q=         1.0000 1e-30 m^2  Cq=         1.1229 MHz  eta= 0.88980

     C   14    Vxx=    0.1878    axis=(  0.113569  0.435773  0.892863)
     C   14    Vyy=    0.5992    axis=(  0.038537  0.896069 -0.442240)
     C   14    Vzz=   -0.7870    axis=( -0.992782  0.084633  0.084973)
     C   14  Q=         1.0000 1e-30 m^2  Cq=        -1.8492 MHz  eta= 0.52271

     H   15    Vxx=   -0.0723    axis=(  0.593705 -0.576360 -0.561537)
     H   15    Vyy=   -0.6286    axis=(  0.195314  0.780184 -0.594277)
     H   15    Vzz=    0.7009    axis=( -0.780620 -0.243149 -0.575770)
     H   15  Q=         1.0000 1e-30 m^2  Cq=         1.6469 MHz  eta= 0.79358

     C   16    Vxx=   -0.1528    axis=(  0.897715  0.088143 -0.431670)
     C   16    Vyy=   -0.4575    axis=(  0.313817  0.559773  0.766924)
     C   16    Vzz=    0.6103    axis=(  0.309237 -0.823945  0.474856)
     C   16  Q=         1.0000 1e-30 m^2  Cq=         1.4339 MHz  eta= 0.49921

     C   17    Vxx=    0.2466    axis=( -0.038929 -0.159214  0.986476)
     C   17    Vyy=    0.4775    axis=( -0.036418  0.986795  0.157828)
     C   17    Vzz=   -0.7241    axis=(  0.998578  0.029782  0.044213)
     C   17  Q=         1.0000 1e-30 m^2  Cq=        -1.7014 MHz  eta= 0.31897

     Cl  18    Vxx=    0.0055    axis=(  0.881755  0.135127 -0.451939)
     Cl  18    Vyy=    2.6367    axis=(  0.305398 -0.893720  0.328630)
     Cl  18    Vzz=   -2.6422    axis=( -0.359500 -0.427792 -0.829309)
     Cl  18  Q=        -8.1650 1e-30 m^2  Cq=        50.6886 MHz  eta= 0.99586

     H   19    Vxx=   -0.0646    axis=(  0.206982  0.440983  0.873322)
     H   19    Vyy=   -0.5758    axis=( -0.960137  0.262973  0.094770)
     H   19    Vzz=    0.6405    axis=( -0.187868 -0.858125  0.477835)
     H   19  Q=         1.0000 1e-30 m^2  Cq=         1.5048 MHz  eta= 0.79812

     C   20    Vxx=   -0.0344    axis=( -0.102905  0.292184  0.950810)
     C   20    Vyy=   -0.9267    axis=(  0.413490  0.881945 -0.226270)
     C   20    Vzz=    0.9612    axis=(  0.904675 -0.369866  0.211572)
     C   20  Q=         1.0000 1e-30 m^2  Cq=         2.2584 MHz  eta= 0.92833

     H   21    Vxx=   -0.0686    axis=(  0.377362  0.899832 -0.218862)
     H   21    Vyy=   -0.6258    axis=( -0.505083  0.398075  0.765785)
     H   21    Vzz=    0.6943    axis=(  0.776201 -0.178435  0.604709)
     H   21  Q=         1.0000 1e-30 m^2  Cq=         1.6314 MHz  eta= 0.80250

     C   22    Vxx=   -0.1407    axis=( -0.172372 -0.984118  0.042422)
     C   22    Vyy=   -0.5549    axis=(  0.579048 -0.066394  0.812585)
     C   22    Vzz=    0.6957    axis=(  0.796863 -0.164631 -0.581296)
     C   22  Q=         1.0000 1e-30 m^2  Cq=         1.6345 MHz  eta= 0.59538

     C   23    Vxx=   -0.2366    axis=(  0.699615  0.700205  0.142309)
     C   23    Vyy=   -0.3841    axis=(  0.421572 -0.565315  0.709011)
     C   23    Vzz=    0.6208    axis=( -0.576902  0.436041  0.690689)
     C   23  Q=         1.0000 1e-30 m^2  Cq=         1.4585 MHz  eta= 0.23758

     Cl  24    Vxx=   -0.1116    axis=(  0.107862 -0.444918 -0.889052)
     Cl  24    Vyy=   -0.8123    axis=(  0.572237 -0.703490  0.421481)
     Cl  24    Vzz=    0.9239    axis=( -0.812964 -0.554210  0.178719)
     Cl  24  Q=        -8.1650 1e-30 m^2  Cq=       -17.7240 MHz  eta= 0.75836

     Initialization:
     gipaw_setup  :      9.25s CPU     10.69s WALL (       1 calls)

     Linear response

     Apply operators

     Induced current

     Other routines
     efg          :      9.15s CPU     11.90s WALL (       1 calls)

     General routines
     calbec       :      3.28s CPU      4.61s WALL (      16 calls)
     fft          :      1.74s CPU      2.67s WALL (      15 calls)
     ffts         :      0.04s CPU      0.06s WALL (       2 calls)
     fftw         :      3.24s CPU      3.88s WALL (     672 calls)
     davcio       :      0.01s CPU      0.33s WALL (      32 calls)

     Parallel routines
     fft_scatter  :      2.30s CPU      3.66s WALL (     689 calls)

     Plugins

     GIPAW        :     60.91s CPU     74.02s WALL (       1 calls)
