
     Program QE v.6.0 (svn rev. 13079) starts on 20Jan2017 at  8:53:42 

     This program is part of the open-source Quantum ESPRESSO suite
     for quantum simulation of materials; please cite
         "P. Giannozzi et al., J. Phys.:Condens. Matter 21 395502 (2009);
          URL http://www.quantum-espresso.org", 
     in publications or presentations arising from this work. More details at
     http://www.quantum-espresso.org/quote

     Parallel version (MPI), running on     8 processors
     R & G space division:  proc/nbgrp/npool/nimage =       8

     ***** This is GIPAW svn revision unknown      *****

     Parallelizing q-star over 1 images

     Reading data from directory:
     /users/majewski/paradichlorobenzene/pbe/9_constraint/scratch/pbe.ecut100.np8.dt60.pcl2phi-129368.save
     Message from routine read_xml_file:
     file /users/majewski/paradichlorobenzene/pbe/9_constraint/scratch/pbe.ecut100.np8.dt60.pcl2phi-129368.save not guaranteed to be safe for post-processing

   Info: using nr1, nr2, nr3 values from input

   Info: using nr1, nr2, nr3 values from input

     IMPORTANT: XC functional enforced from input :
     Exchange-correlation      =  SLA  PW   PBX  PBC ( 1  4  3  4 0 0)
     Any further DFT definition will be discarded
     Please, verify this is what you really want

               file C.pbe-n-kjpaw_psl.1.0.0.UPF: wavefunction(s)  2S 2P renormalized
               file Cl.pbe-n-kjpaw_psl.1.0.0.UPF: wavefunction(s)  3S 3P renormalized
               file H.pbe-kjpaw_psl.1.0.0.UPF: wavefunction(s)  1S renormalized

     Parallelization info
     --------------------
     sticks:   dense  smooth     PW     G-vecs:    dense   smooth      PW
     Min        3057    1223    332               144436    36536    5170
     Max        3059    1225    333               144437    36537    5171
     Sum       24467    9791   2657              1155489   292295   41363


     Subspace diagonalization in iterative solution of the eigenvalue problem:
     a serial algorithm will be used

     GIPAW projectors -----------------------------------------------
     atom=  C    l=0  rc=    1.2000  rs=    0.8000
     atom=  C    l=0  rc=    1.2000  rs=    0.8000
     atom=  C    l=1  rc=    1.4000  rs=    0.9333
     atom=  C    l=1  rc=    1.4000  rs=    0.9333
     projs nearly linearly dependent: l=1  n1,n2= 1, 2  s=  0.99951561

     atom=  Cl   l=0  rc=    1.6000  rs=    1.0667
     atom=  Cl   l=0  rc=    1.6000  rs=    1.0667
     atom=  Cl   l=1  rc=    1.6000  rs=    1.0667
     atom=  Cl   l=1  rc=    1.6000  rs=    1.0667
     atom=  Cl   l=2  rc=    1.6000  rs=    1.0667
     atom=  Cl   l=2  rc=    1.6000  rs=    1.0667
     projs nearly linearly dependent: l=2  n1,n2= 1, 2  s=  0.99993509

     atom=  H    l=0  rc=    1.0000  rs=    0.6667
     atom=  H    l=0  rc=    1.0000  rs=    0.6667
     projs nearly linearly dependent: l=0  n1,n2= 1, 2  s=  0.99968852
     -----------------------------------------------------------------

     GIPAW integrals: -------------------------------------------
     Atom  i/j   nmr_para   nmr_dia   epr_rmc  epr_para   epr_dia
       C   1 1   0.83E+03  0.17E-01  0.93E+01  0.24E+08  0.24E+03
       C   2 1   0.86E+03 -0.61E-01  0.94E+01  0.25E+08  0.25E+03
       C   2 2   0.90E+03 -0.15E+00  0.97E+01  0.26E+08  0.26E+03
       C   3 3   0.33E+01  0.34E+00  0.18E+01  0.55E+03  0.21E+02
       C   4 3   0.35E+01  0.37E+00  0.20E+01  0.59E+03  0.22E+02
       C   4 4   0.38E+01  0.39E+00  0.22E+01  0.63E+03  0.24E+02
       Cl  1 1   0.14E+04 -0.47E+00  0.84E+01  0.32E+09  0.42E+03
       Cl  2 1   0.21E+04 -0.37E+00  0.12E+02  0.49E+09  0.65E+03
       Cl  2 2   0.33E+04 -0.16E+00  0.21E+02  0.76E+09  0.10E+04
       Cl  3 3   0.21E+02  0.79E-01  0.89E+01  0.23E+05  0.13E+03
       Cl  4 3   0.24E+02  0.67E-01  0.99E+01  0.27E+05  0.15E+03
       Cl  4 4   0.28E+02  0.44E-01  0.11E+02  0.32E+05  0.18E+03
       Cl  5 5   0.77E+00  0.19E+00  0.18E+01  0.12E+03  0.22E+02
       Cl  6 5   0.80E+00  0.19E+00  0.19E+01  0.12E+03  0.23E+02
       Cl  6 6   0.83E+00  0.20E+00  0.19E+01  0.12E+03  0.23E+02
       H   1 1   0.39E+02  0.19E+00  0.29E+00  0.78E+05  0.13E+02
       H   2 1   0.41E+02  0.21E+00  0.32E+00  0.82E+05  0.14E+02
       H   2 2   0.43E+02  0.22E+00  0.36E+00  0.86E+05  0.15E+02
     ------------------------------------------------------------

     alpha_pv=     34.3274 eV

     Number of occupied bands for each k-point:
     k-point:     1    nbnd_occ=  42
     k-point:     2    nbnd_occ=  42
     k-point:     3    nbnd_occ=  42
     k-point:     4    nbnd_occ=  42
     k-point:     5    nbnd_occ=  42
     k-point:     6    nbnd_occ=  42
     k-point:     7    nbnd_occ=  42
     k-point:     8    nbnd_occ=  42
     k-point:     9    nbnd_occ=  42
     k-point:    10    nbnd_occ=  42
     k-point:    11    nbnd_occ=  42
     k-point:    12    nbnd_occ=  42
     k-point:    13    nbnd_occ=  42
     k-point:    14    nbnd_occ=  42
     k-point:    15    nbnd_occ=  42
     k-point:    16    nbnd_occ=  42


     q-space interpolation up to   110.00 Rydberg

     GIPAW job: efg                                                                             


     ELECTRIC FIELD GRADIENTS TENSORS IN Hartree/bohrradius^2:

     ----- bare term -----
     Cl   1        0.098811        0.047032        0.047806
     Cl   1        0.047032       -0.121573       -0.055310
     Cl   1        0.047806       -0.055310        0.022762

     C    2       -0.788411        0.505692       -0.343331
     C    2        0.505692        0.292629       -0.042375
     C    2       -0.343331       -0.042375        0.495783

     C    3        0.302339        0.057312       -0.153946
     C    3        0.057312       -0.196461       -0.451182
     C    3       -0.153946       -0.451182       -0.105878

     H    4        0.082425        0.097663       -0.452230
     H    4        0.097663        0.032308        0.244977
     H    4       -0.452230        0.244977       -0.114733

     C    5       -0.520318        0.275798       -0.075758
     C    5        0.275798        0.175192        0.032355
     C    5       -0.075758        0.032355        0.345126

     H    6        0.506306        0.040638        0.002579
     H    6        0.040638        0.075742       -0.100387
     H    6        0.002579       -0.100387       -0.582049

     H    7        0.408402        0.133365        0.004713
     H    7        0.133365       -0.734455       -0.004381
     H    7        0.004713       -0.004381        0.326053

     C    8        0.134315        0.043611       -0.079816
     C    8        0.043611       -0.208514        0.214138
     C    8       -0.079816        0.214138        0.074200

     H    9       -0.155280        0.316738        0.080168
     H    9        0.316738       -0.111319       -0.143431
     H    9        0.080168       -0.143431        0.266598

     C   10       -0.142394        0.056422        0.158039
     C   10        0.056422       -0.140046       -0.268626
     C   10        0.158039       -0.268626        0.282439

     C   11        0.133235       -0.002316       -0.135302
     C   11       -0.002316       -0.052209        0.502983
     C   11       -0.135302        0.502983       -0.081025

     Cl  12        0.096396       -0.159241        0.101515
     Cl  12       -0.159241       -0.203105       -0.404698
     Cl  12        0.101515       -0.404698        0.106710

     H   13        0.442140        0.038663        0.108424
     H   13        0.038663       -0.137255       -0.612444
     H   13        0.108424       -0.612444       -0.304885

     C   14       -0.072410       -0.027941       -0.246374
     C   14       -0.027941       -0.196868       -0.315477
     C   14       -0.246374       -0.315477        0.269278

     H   15       -0.044343       -0.209628       -0.417128
     H   15       -0.209628        0.110065       -0.492395
     H   15       -0.417128       -0.492395       -0.065723

     C   16       -0.751216        0.338790       -0.306767
     C   16        0.338790        0.346007       -0.087148
     C   16       -0.306767       -0.087148        0.405209

     C   17        0.095033       -0.085333       -0.283615
     C   17       -0.085333       -0.018615       -0.627097
     C   17       -0.283615       -0.627097       -0.076419

     Cl  18       -0.272975        0.305637        0.009191
     Cl  18        0.305637        0.095739       -0.086849
     Cl  18        0.009191       -0.086849        0.177236

     H   19        0.273415        0.327395        0.211783
     H   19        0.327395       -0.493434       -0.115969
     H   19        0.211783       -0.115969        0.220019

     C   20       -0.875911       -0.357966       -0.477622
     C   20       -0.357966        0.336684       -0.031109
     C   20       -0.477622       -0.031109        0.539226

     H   21       -0.495075        0.184722        0.249655
     H   21        0.184722        0.345611        0.144654
     H   21        0.249655        0.144654        0.149464

     C   22        0.183843       -0.023855       -0.067938
     C   22       -0.023855       -0.533409        0.420732
     C   22       -0.067938        0.420732        0.349566

     C   23       -0.771968       -0.451959       -0.372185
     C   23       -0.451959        0.345644        0.015203
     C   23       -0.372185        0.015203        0.426323

     Cl  24       -0.017328       -0.001874        0.055050
     Cl  24       -0.001874       -0.028169       -0.045416
     Cl  24        0.055050       -0.045416        0.045497

     ----- ionic term -----
     Cl   1        0.148303       -0.247296       -0.007290
     Cl   1       -0.247296        0.006132        0.011340
     Cl   1       -0.007290        0.011340       -0.154435

     C    2        0.196665       -0.283078        0.226154
     C    2       -0.283078       -0.040192        0.392858
     C    2        0.226154        0.392858       -0.156473

     C    3        0.123371       -0.293598        0.157056
     C    3       -0.293598        0.019378        0.397054
     C    3        0.157056        0.397054       -0.142748

     H    4        0.422641        0.208035        0.742567
     H    4        0.208035       -0.464171        0.223946
     H    4        0.742567        0.223946        0.041530

     C    5        0.256769       -0.242484        0.248098
     C    5       -0.242484       -0.066318        0.327959
     C    5        0.248098        0.327959       -0.190451

     H    6       -0.535972        0.034072        0.042428
     H    6        0.034072        0.379900        0.818623
     H    6        0.042428        0.818623        0.156072

     H    7       -0.535824       -0.033373        0.007218
     H    7       -0.033373        0.771058       -0.631538
     H    7        0.007218       -0.631538       -0.235234

     C    8        0.383606        0.068110        0.067674
     C    8        0.068110        0.083958       -0.321620
     C    8        0.067674       -0.321620       -0.467563

     H    9        0.821361       -0.508120        0.272462
     H    9       -0.508120       -0.260617       -0.163318
     H    9        0.272462       -0.163318       -0.560744

     C   10        0.271058        0.104098       -0.018797
     C   10        0.104098        0.216701       -0.321223
     C   10       -0.018797       -0.321223       -0.487758

     C   11        0.359425        0.072952        0.006264
     C   11        0.072952        0.176017       -0.303232
     C   11        0.006264       -0.303232       -0.535442

     Cl  12        0.156895        0.186760       -0.043420
     Cl  12        0.186760       -0.001377       -0.041102
     Cl  12       -0.043420       -0.041102       -0.155518

     H   13       -0.523329        0.004079        0.026782
     H   13        0.004079        0.403239        0.804541
     H   13        0.026782        0.804541        0.120090

     C   14        0.283648       -0.274993        0.211743
     C   14       -0.274993       -0.082036        0.330798
     C   14        0.211743        0.330798       -0.201612

     H   15        0.526644        0.176398        0.737776
     H   15        0.176398       -0.531027        0.206304
     H   15        0.737776        0.206304        0.004382

     C   16        0.146240       -0.292146        0.141171
     C   16       -0.292146        0.025610        0.441782
     C   16        0.141171        0.441782       -0.171849

     C   17        0.165811       -0.214265        0.260147
     C   17       -0.214265       -0.017360        0.427702
     C   17        0.260147        0.427702       -0.148451

     Cl  18        0.128613       -0.190639       -0.001633
     Cl  18       -0.190639        0.017277        0.017677
     Cl  18       -0.001633        0.017677       -0.145890

     H   19       -0.457304       -0.329374        0.025407
     H   19       -0.329374        1.049497       -0.172167
     H   19        0.025407       -0.172167       -0.592193

     C   20        0.404261        0.041762        0.030927
     C   20        0.041762        0.190790       -0.169024
     C   20        0.030927       -0.169024       -0.595050

     H   21        0.837517       -0.502575        0.306562
     H   21       -0.502575       -0.269143       -0.156916
     H   21        0.306562       -0.156916       -0.568374

     C   22        0.234033        0.122475        0.047929
     C   22        0.122475        0.308838       -0.313655
     C   22        0.047929       -0.313655       -0.542871

     C   23        0.296388       -0.019456        0.149909
     C   23       -0.019456        0.221428       -0.334944
     C   23        0.149909       -0.334944       -0.517816

     Cl  24        0.167706        0.197240       -0.010061
     Cl  24        0.197240       -0.025932       -0.008304
     Cl  24       -0.010061       -0.008304       -0.141773

     ----- GIPAW term -----
     Cl   1       -0.227050       -0.831710        0.354672
     Cl   1       -0.831710        1.412115        1.705155
     Cl   1        0.354672        1.705155       -1.185065

     C    2       -0.139323       -0.003885       -0.030320
     C    2       -0.003885        0.189978        0.091135
     C    2       -0.030320        0.091135       -0.050655

     C    3       -0.020087       -0.006958       -0.009888
     C    3       -0.006958        0.114048       -0.014388
     C    3       -0.009888       -0.014388       -0.093961

     H    4       -0.000000        0.000000        0.000000
     H    4        0.000000        0.000000        0.000000
     H    4        0.000000        0.000000        0.000000

     C    5       -0.060539       -0.026250        0.019926
     C    5       -0.026250        0.064963       -0.000487
     C    5        0.019926       -0.000487       -0.004424

     H    6       -0.000000        0.000000        0.000000
     H    6        0.000000        0.000000        0.000000
     H    6        0.000000        0.000000        0.000000

     H    7       -0.000000        0.000000        0.000000
     H    7        0.000000        0.000000        0.000000
     H    7        0.000000        0.000000        0.000000

     C    8       -0.005200       -0.012644        0.008121
     C    8       -0.012644        0.084412        0.019756
     C    8        0.008121        0.019756       -0.079212

     H    9       -0.000000        0.000000        0.000000
     H    9        0.000000        0.000000        0.000000
     H    9        0.000000        0.000000        0.000000

     C   10        0.009809        0.026209        0.019821
     C   10        0.026209       -0.014133       -0.042578
     C   10        0.019821       -0.042578        0.004324

     C   11       -0.008797       -0.011305       -0.026426
     C   11       -0.011305        0.118229        0.077670
     C   11       -0.026426        0.077670       -0.109432

     Cl  12       -0.294679       -0.138434       -0.315618
     Cl  12       -0.138434        0.260746        0.699034
     Cl  12       -0.315618        0.699034        0.033933

     H   13       -0.000000        0.000000        0.000000
     H   13        0.000000        0.000000        0.000000
     H   13        0.000000        0.000000        0.000000

     C   14       -0.114811       -0.057375       -0.050843
     C   14       -0.057375        0.081077        0.150246
     C   14       -0.050843        0.150246        0.033733

     H   15       -0.000000        0.000000        0.000000
     H   15        0.000000        0.000000        0.000000
     H   15        0.000000        0.000000        0.000000

     C   16       -0.236929       -0.036108       -0.066871
     C   16       -0.036108        0.297829        0.097168
     C   16       -0.066871        0.097168       -0.060900

     C   17       -0.043802       -0.044246       -0.035263
     C   17       -0.044246        0.196575       -0.085441
     C   17       -0.035263       -0.085441       -0.152773

     Cl  18       -1.249427       -0.411379       -0.143637
     Cl  18       -0.411379        2.285367       -1.788001
     Cl  18       -0.143637       -1.788001       -1.035940

     H   19       -0.000000        0.000000        0.000000
     H   19        0.000000        0.000000        0.000000
     H   19        0.000000        0.000000        0.000000

     C   20       -0.184609        0.014470       -0.090422
     C   20        0.014470        0.100967       -0.181803
     C   20       -0.090422       -0.181803        0.083642

     H   21       -0.000000        0.000000        0.000000
     H   21        0.000000        0.000000        0.000000
     H   21        0.000000        0.000000        0.000000

     C   22       -0.057962        0.041689       -0.019612
     C   22        0.041689       -0.031360       -0.131473
     C   22       -0.019612       -0.131473        0.089322

     C   23       -0.156191       -0.061201       -0.006688
     C   23       -0.061201        0.209428       -0.145850
     C   23       -0.006688       -0.145850       -0.053237

     Cl  24       -0.275773        1.933664       -0.228856
     Cl  24        1.933664        0.438343       -1.999889
     Cl  24       -0.228856       -1.999889       -0.162569

     ----- total EFG -----
     Cl   1        0.020064       -1.031974        0.395187
     Cl   1       -1.031974        1.296674        1.661184
     Cl   1        0.395187        1.661184       -1.316738

     C    2       -0.731069        0.218730       -0.147498
     C    2        0.218730        0.442415        0.441618
     C    2       -0.147498        0.441618        0.288654

     C    3        0.405623       -0.243244       -0.006777
     C    3       -0.243244       -0.063035       -0.068516
     C    3       -0.006777       -0.068516       -0.342588

     H    4        0.505066        0.305698        0.290337
     H    4        0.305698       -0.431863        0.468923
     H    4        0.290337        0.468923       -0.073203

     C    5       -0.324089        0.007065        0.192265
     C    5        0.007065        0.173837        0.359828
     C    5        0.192265        0.359828        0.150251

     H    6       -0.029666        0.074710        0.045007
     H    6        0.074710        0.455643        0.718237
     H    6        0.045007        0.718237       -0.425977

     H    7       -0.127422        0.099992        0.011932
     H    7        0.099992        0.036602       -0.635919
     H    7        0.011932       -0.635919        0.090820

     C    8        0.512720        0.099077       -0.004022
     C    8        0.099077       -0.040144       -0.087726
     C    8       -0.004022       -0.087726       -0.472576

     H    9        0.666081       -0.191382        0.352630
     H    9       -0.191382       -0.371936       -0.306749
     H    9        0.352630       -0.306749       -0.294146

     C   10        0.138473        0.186729        0.159063
     C   10        0.186729        0.062522       -0.632426
     C   10        0.159063       -0.632426       -0.200995

     C   11        0.483863        0.059331       -0.155464
     C   11        0.059331        0.242037        0.277421
     C   11       -0.155464        0.277421       -0.725899

     Cl  12       -0.041389       -0.110916       -0.257523
     Cl  12       -0.110916        0.056263        0.253234
     Cl  12       -0.257523        0.253234       -0.014875

     H   13       -0.081189        0.042742        0.135206
     H   13        0.042742        0.265984        0.192097
     H   13        0.135206        0.192097       -0.184795

     C   14        0.096428       -0.360308       -0.085474
     C   14       -0.360308       -0.197827        0.165567
     C   14       -0.085474        0.165567        0.101399

     H   15        0.482301       -0.033230        0.320647
     H   15       -0.033230       -0.420961       -0.286091
     H   15        0.320647       -0.286091       -0.061340

     C   16       -0.841905        0.010536       -0.232467
     C   16        0.010536        0.669445        0.451802
     C   16       -0.232467        0.451802        0.172460

     C   17        0.217043       -0.343844       -0.058731
     C   17       -0.343844        0.160601       -0.284835
     C   17       -0.058731       -0.284835       -0.377643

     Cl  18       -1.393790       -0.296382       -0.136079
     Cl  18       -0.296382        2.398384       -1.857172
     Cl  18       -0.136079       -1.857172       -1.004593

     H   19       -0.183889       -0.001980        0.237190
     H   19       -0.001980        0.556063       -0.288135
     H   19        0.237190       -0.288135       -0.372174

     C   20       -0.656259       -0.301734       -0.537117
     C   20       -0.301734        0.628441       -0.381936
     C   20       -0.537117       -0.381936        0.027818

     H   21        0.342443       -0.317853        0.556217
     H   21       -0.317853        0.076468       -0.012263
     H   21        0.556217       -0.012263       -0.418910

     C   22        0.359914        0.140308       -0.039621
     C   22        0.140308       -0.255931       -0.024396
     C   22       -0.039621       -0.024396       -0.103983

     C   23       -0.631770       -0.532616       -0.228965
     C   23       -0.532616        0.776500       -0.465591
     C   23       -0.228965       -0.465591       -0.144730

     Cl  24       -0.125396        2.129029       -0.183867
     Cl  24        2.129029        0.384242       -2.053609
     Cl  24       -0.183867       -2.053609       -0.258845

     ----- total EFG (symmetrized) -----
     Cl   1        0.020064       -1.031974        0.395187
     Cl   1       -1.031974        1.296674        1.661184
     Cl   1        0.395187        1.661184       -1.316738

     C    2       -0.731069        0.218730       -0.147498
     C    2        0.218730        0.442415        0.441618
     C    2       -0.147498        0.441618        0.288654

     C    3        0.405623       -0.243244       -0.006777
     C    3       -0.243244       -0.063035       -0.068516
     C    3       -0.006777       -0.068516       -0.342588

     H    4        0.505066        0.305698        0.290337
     H    4        0.305698       -0.431863        0.468923
     H    4        0.290337        0.468923       -0.073203

     C    5       -0.324089        0.007065        0.192265
     C    5        0.007065        0.173837        0.359828
     C    5        0.192265        0.359828        0.150251

     H    6       -0.029666        0.074710        0.045007
     H    6        0.074710        0.455643        0.718237
     H    6        0.045007        0.718237       -0.425977

     H    7       -0.127422        0.099992        0.011932
     H    7        0.099992        0.036602       -0.635919
     H    7        0.011932       -0.635919        0.090820

     C    8        0.512720        0.099077       -0.004022
     C    8        0.099077       -0.040144       -0.087726
     C    8       -0.004022       -0.087726       -0.472576

     H    9        0.666081       -0.191382        0.352630
     H    9       -0.191382       -0.371936       -0.306749
     H    9        0.352630       -0.306749       -0.294146

     C   10        0.138473        0.186729        0.159063
     C   10        0.186729        0.062522       -0.632426
     C   10        0.159063       -0.632426       -0.200995

     C   11        0.483863        0.059331       -0.155464
     C   11        0.059331        0.242037        0.277421
     C   11       -0.155464        0.277421       -0.725899

     Cl  12       -0.041389       -0.110916       -0.257523
     Cl  12       -0.110916        0.056263        0.253234
     Cl  12       -0.257523        0.253234       -0.014875

     H   13       -0.081189        0.042742        0.135206
     H   13        0.042742        0.265984        0.192097
     H   13        0.135206        0.192097       -0.184795

     C   14        0.096428       -0.360308       -0.085474
     C   14       -0.360308       -0.197827        0.165567
     C   14       -0.085474        0.165567        0.101399

     H   15        0.482301       -0.033230        0.320647
     H   15       -0.033230       -0.420961       -0.286091
     H   15        0.320647       -0.286091       -0.061340

     C   16       -0.841905        0.010536       -0.232467
     C   16        0.010536        0.669445        0.451802
     C   16       -0.232467        0.451802        0.172460

     C   17        0.217043       -0.343844       -0.058731
     C   17       -0.343844        0.160601       -0.284835
     C   17       -0.058731       -0.284835       -0.377643

     Cl  18       -1.393790       -0.296382       -0.136079
     Cl  18       -0.296382        2.398384       -1.857172
     Cl  18       -0.136079       -1.857172       -1.004593

     H   19       -0.183889       -0.001980        0.237190
     H   19       -0.001980        0.556063       -0.288135
     H   19        0.237190       -0.288135       -0.372174

     C   20       -0.656259       -0.301734       -0.537117
     C   20       -0.301734        0.628441       -0.381936
     C   20       -0.537117       -0.381936        0.027818

     H   21        0.342443       -0.317853        0.556217
     H   21       -0.317853        0.076468       -0.012263
     H   21        0.556217       -0.012263       -0.418910

     C   22        0.359914        0.140308       -0.039621
     C   22        0.140308       -0.255931       -0.024396
     C   22       -0.039621       -0.024396       -0.103983

     C   23       -0.631770       -0.532616       -0.228965
     C   23       -0.532616        0.776500       -0.465591
     C   23       -0.228965       -0.465591       -0.144730

     Cl  24       -0.125396        2.129029       -0.183867
     Cl  24        2.129029        0.384242       -2.053609
     Cl  24       -0.183867       -2.053609       -0.258845


     NQR/NMR SPECTROSCOPIC PARAMETERS:
     Cl   1    Vxx=    0.0430    axis=(  0.886312  0.148264  0.438712)
     Cl   1    Vyy=    2.3632    axis=(  0.324515 -0.874695 -0.359999)
     Cl   1    Vzz=   -2.4063    axis=(  0.330365  0.461440 -0.823367)
     Cl   1  Q=        -8.1650 1e-30 m^2  Cq=        46.1633 MHz  eta= 0.96422

     C    2    Vxx=    0.0040    axis=( -0.323508 -0.586564  0.742486)
     C    2    Vyy=    0.8174    axis=( -0.049006 -0.773242 -0.632214)
     C    2    Vzz=   -0.8214    axis=( -0.944956  0.240912 -0.221405)
     C    2  Q=         1.0000 1e-30 m^2  Cq=        -1.9299 MHz  eta= 0.99016

     C    3    Vxx=   -0.1447    axis=(  0.380552  0.869749 -0.314192)
     C    3    Vyy=   -0.3648    axis=(  0.102437  0.298018  0.949048)
     C    3    Vzz=    0.5095    axis=( -0.919069  0.393347 -0.024317)
     C    3  Q=         1.0000 1e-30 m^2  Cq=         1.1972 MHz  eta= 0.43199

     H    4    Vxx=   -0.0508    axis=( -0.586971  0.397202  0.705476)
     H    4    Vyy=   -0.7615    axis=( -0.079131  0.839061 -0.538252)
     H    4    Vzz=    0.8123    axis=(  0.805732  0.371763  0.461073)
     H    4  Q=         1.0000 1e-30 m^2  Cq=         1.9085 MHz  eta= 0.87503

     C    5    Vxx=   -0.1216    axis=( -0.494521  0.676500 -0.545707)
     C    5    Vyy=   -0.4233    axis=( -0.853936 -0.261140  0.450109)
     C    5    Vzz=    0.5449    axis=(  0.161993  0.688588  0.706827)
     C    5  Q=         1.0000 1e-30 m^2  Cq=         1.2802 MHz  eta= 0.55369

     H    6    Vxx=   -0.0381    axis=(  0.995291 -0.086252 -0.044231)
     H    6    Vyy=   -0.8279    axis=( -0.003519 -0.488162  0.872746)
     H    6    Vzz=    0.8660    axis=( -0.096868 -0.868481 -0.486167)
     H    6  Q=         1.0000 1e-30 m^2  Cq=         2.0348 MHz  eta= 0.91192

     H    7    Vxx=   -0.1177    axis=( -0.982124 -0.075030 -0.172634)
     H    7    Vyy=   -0.5870    axis=(  0.173484 -0.716684 -0.675476)
     H    7    Vzz=    0.7046    axis=( -0.073042 -0.693351  0.716889)
     H    7  Q=         1.0000 1e-30 m^2  Cq=         1.6556 MHz  eta= 0.66597

     C    8    Vxx=   -0.0404    axis=( -0.174333  0.965324 -0.194315)
     C    8    Vyy=   -0.4899    axis=( -0.015302  0.194658  0.980752)
     C    8    Vzz=    0.5303    axis=( -0.984568 -0.173951  0.019164)
     C    8  Q=         1.0000 1e-30 m^2  Cq=         1.2460 MHz  eta= 0.84772

     H    9    Vxx=   -0.1974    axis=( -0.404216 -0.663367  0.629725)
     H    9    Vyy=   -0.6497    axis=( -0.083177  0.712284  0.696945)
     H    9    Vzz=    0.8471    axis=(  0.910874 -0.229338  0.343094)
     H    9  Q=         1.0000 1e-30 m^2  Cq=         1.9903 MHz  eta= 0.53403

     C   10    Vxx=    0.1970    axis=( -0.960622 -0.072852 -0.268137)
     C   10    Vyy=    0.5817    axis=( -0.111047 -0.783938  0.610827)
     C   10    Vzz=   -0.7788    axis=( -0.254703  0.616550  0.744978)
     C   10  Q=         1.0000 1e-30 m^2  Cq=        -1.8298 MHz  eta= 0.49399

     C   11    Vxx=    0.3144    axis=( -0.088925  0.959014  0.269043)
     C   11    Vyy=    0.5064    axis=(  0.988053  0.119067 -0.097845)
     C   11    Vzz=   -0.8208    axis=(  0.125869 -0.257128  0.958145)
     C   11  Q=         1.0000 1e-30 m^2  Cq=        -1.9285 MHz  eta= 0.23398

     Cl  12    Vxx=   -0.1007    axis=( -0.664043 -0.730030  0.161563)
     Cl  12    Vyy=   -0.3207    axis=(  0.559816 -0.342202  0.754655)
     Cl  12    Vzz=    0.4214    axis=(  0.495633 -0.591569 -0.635920)
     Cl  12  Q=        -8.1650 1e-30 m^2  Cq=        -8.0845 MHz  eta= 0.52222

     H   13    Vxx=   -0.0422    axis=(  0.867575 -0.344118  0.359021)
     H   13    Vyy=   -0.3127    axis=(  0.453341  0.250477 -0.855420)
     H   13    Vzz=    0.3549    axis=(  0.204439  0.904900  0.373311)
     H   13  Q=         1.0000 1e-30 m^2  Cq=         0.8338 MHz  eta= 0.76223

     C   14    Vxx=    0.0316    axis=(  0.476938 -0.120735  0.870605)
     C   14    Vyy=    0.4237    axis=(  0.708295 -0.533707 -0.462035)
     C   14    Vzz=   -0.4553    axis=(  0.520431  0.837007 -0.169029)
     C   14  Q=         1.0000 1e-30 m^2  Cq=        -1.0698 MHz  eta= 0.86113

     H   15    Vxx=   -0.0576    axis=( -0.458673 -0.523439  0.718074)
     H   15    Vyy=   -0.5958    axis=( -0.131150  0.839118  0.527902)
     H   15    Vzz=    0.6534    axis=(  0.878874 -0.147959  0.453530)
     H   15  Q=         1.0000 1e-30 m^2  Cq=         1.5351 MHz  eta= 0.82365

     C   16    Vxx=   -0.0426    axis=( -0.245374 -0.516767  0.820210)
     C   16    Vyy=   -0.9008    axis=( -0.967412  0.075989 -0.241535)
     C   16    Vzz=    0.9434    axis=(  0.062491 -0.852747 -0.518572)
     C   16  Q=         1.0000 1e-30 m^2  Cq=         2.2167 MHz  eta= 0.90959

     C   17    Vxx=   -0.0059    axis=(  0.678717  0.527290 -0.511183)
     C   17    Vyy=   -0.5543    axis=(  0.271898  0.466176  0.841874)
     C   17    Vzz=    0.5602    axis=(  0.682213 -0.710384  0.173032)
     C   17  Q=         1.0000 1e-30 m^2  Cq=         1.3162 MHz  eta= 0.97910

     Cl  18    Vxx=   -1.2919    axis=(  0.907529 -0.128362 -0.399892)
     Cl  18    Vyy=   -1.9339    axis=(  0.417359  0.382019  0.824544)
     Cl  18    Vzz=    3.2258    axis=( -0.046926  0.915197 -0.400266)
     Cl  18  Q=        -8.1650 1e-30 m^2  Cq=       -61.8858 MHz  eta= 0.19902

     H   19    Vxx=   -0.0593    axis=(  0.863565  0.216112  0.455578)
     H   19    Vyy=   -0.5847    axis=( -0.496948  0.211697  0.841562)
     H   19    Vzz=    0.6440    axis=(  0.085427 -0.953142  0.290211)
     H   19  Q=         1.0000 1e-30 m^2  Cq=         1.5131 MHz  eta= 0.81597

     C   20    Vxx=    0.2558    axis=(  0.557658 -0.329395 -0.761916)
     C   20    Vyy=    0.8152    axis=( -0.033860  0.908102 -0.417378)
     C   20    Vzz=   -1.0711    axis=(  0.829380  0.258552  0.495257)
     C   20  Q=         1.0000 1e-30 m^2  Cq=        -2.5166 MHz  eta= 0.52230

     H   21    Vxx=   -0.0214    axis=(  0.264456  0.901628  0.342241)
     H   21    Vyy=   -0.7373    axis=(  0.491716  0.179221 -0.852112)
     H   21    Vzz=    0.7587    axis=( -0.829626  0.393632 -0.395949)
     H   21  Q=         1.0000 1e-30 m^2  Cq=         1.7827 MHz  eta= 0.94355

     C   22    Vxx=   -0.1065    axis=(  0.103747 -0.064636  0.992501)
     C   22    Vyy=   -0.2877    axis=( -0.206001  0.974851  0.085020)
     C   22    Vzz=    0.3942    axis=( -0.973036 -0.213277  0.087823)
     C   22  Q=         1.0000 1e-30 m^2  Cq=         0.9263 MHz  eta= 0.45954

     C   23    Vxx=   -0.0897    axis=( -0.504197  0.147357  0.850924)
     C   23    Vyy=   -0.9839    axis=(  0.827718  0.363490  0.427501)
     C   23    Vzz=    1.0736    axis=(  0.246307 -0.919870  0.305241)
     C   23  Q=         1.0000 1e-30 m^2  Cq=         2.5226 MHz  eta= 0.83292

     Cl  24    Vxx=   -0.3779    axis=(  0.697971 -0.020976  0.715819)
     Cl  24    Vyy=   -2.7761    axis=(  0.512696 -0.683235 -0.519934)
     Cl  24    Vzz=    3.1541    axis=( -0.499979 -0.729897  0.466124)
     Cl  24  Q=        -8.1650 1e-30 m^2  Cq=       -60.5097 MHz  eta= 0.76034

     Initialization:
     gipaw_setup  :      9.39s CPU     11.13s WALL (       1 calls)

     Linear response

     Apply operators

     Induced current

     Other routines
     efg          :      9.50s CPU     12.03s WALL (       1 calls)

     General routines
     calbec       :      3.29s CPU      4.29s WALL (      16 calls)
     fft          :      1.77s CPU      2.89s WALL (      15 calls)
     ffts         :      0.04s CPU      0.04s WALL (       2 calls)
     fftw         :      3.31s CPU      3.92s WALL (     672 calls)
     davcio       :      0.07s CPU      0.36s WALL (      32 calls)

     Parallel routines
     fft_scatter  :      2.31s CPU      3.90s WALL (     689 calls)

     Plugins

     GIPAW        :     62.18s CPU     75.94s WALL (       1 calls)
