
     Program QE v.6.0 (svn rev. 13079) starts on 24Dec2016 at 23:38: 7 

     This program is part of the open-source Quantum ESPRESSO suite
     for quantum simulation of materials; please cite
         "P. Giannozzi et al., J. Phys.:Condens. Matter 21 395502 (2009);
          URL http://www.quantum-espresso.org", 
     in publications or presentations arising from this work. More details at
     http://www.quantum-espresso.org/quote

     Parallel version (MPI), running on     8 processors
     R & G space division:  proc/nbgrp/npool/nimage =       8

     ***** This is GIPAW svn revision unknown      *****

     Parallelizing q-star over 1 images

     Reading data from directory:
     /users/majewski/paradichlorobenzene/pbe/9_constraint/scratch/pbe.ecut100.np8.dt60.pcl2phi-129368.save
     Message from routine read_xml_file:
     file /users/majewski/paradichlorobenzene/pbe/9_constraint/scratch/pbe.ecut100.np8.dt60.pcl2phi-129368.save not guaranteed to be safe for post-processing

   Info: using nr1, nr2, nr3 values from input

   Info: using nr1, nr2, nr3 values from input

     IMPORTANT: XC functional enforced from input :
     Exchange-correlation      =  SLA  PW   PBX  PBC ( 1  4  3  4 0 0)
     Any further DFT definition will be discarded
     Please, verify this is what you really want

               file C.pbe-n-kjpaw_psl.1.0.0.UPF: wavefunction(s)  2S 2P renormalized
               file Cl.pbe-n-kjpaw_psl.1.0.0.UPF: wavefunction(s)  3S 3P renormalized
               file H.pbe-kjpaw_psl.1.0.0.UPF: wavefunction(s)  1S renormalized

     Parallelization info
     --------------------
     sticks:   dense  smooth     PW     G-vecs:    dense   smooth      PW
     Min        3057    1223    332               144436    36536    5170
     Max        3059    1225    333               144437    36537    5171
     Sum       24467    9791   2657              1155489   292295   41363


     Subspace diagonalization in iterative solution of the eigenvalue problem:
     a serial algorithm will be used

     GIPAW projectors -----------------------------------------------
     atom=  C    l=0  rc=    1.2000  rs=    0.8000
     atom=  C    l=0  rc=    1.2000  rs=    0.8000
     atom=  C    l=1  rc=    1.4000  rs=    0.9333
     atom=  C    l=1  rc=    1.4000  rs=    0.9333
     projs nearly linearly dependent: l=1  n1,n2= 1, 2  s=  0.99951561

     atom=  Cl   l=0  rc=    1.6000  rs=    1.0667
     atom=  Cl   l=0  rc=    1.6000  rs=    1.0667
     atom=  Cl   l=1  rc=    1.6000  rs=    1.0667
     atom=  Cl   l=1  rc=    1.6000  rs=    1.0667
     atom=  Cl   l=2  rc=    1.6000  rs=    1.0667
     atom=  Cl   l=2  rc=    1.6000  rs=    1.0667
     projs nearly linearly dependent: l=2  n1,n2= 1, 2  s=  0.99993509

     atom=  H    l=0  rc=    1.0000  rs=    0.6667
     atom=  H    l=0  rc=    1.0000  rs=    0.6667
     projs nearly linearly dependent: l=0  n1,n2= 1, 2  s=  0.99968852
     -----------------------------------------------------------------

     GIPAW integrals: -------------------------------------------
     Atom  i/j   nmr_para   nmr_dia   epr_rmc  epr_para   epr_dia
       C   1 1   0.83E+03  0.17E-01  0.93E+01  0.24E+08  0.24E+03
       C   2 1   0.86E+03 -0.61E-01  0.94E+01  0.25E+08  0.25E+03
       C   2 2   0.90E+03 -0.15E+00  0.97E+01  0.26E+08  0.26E+03
       C   3 3   0.33E+01  0.34E+00  0.18E+01  0.55E+03  0.21E+02
       C   4 3   0.35E+01  0.37E+00  0.20E+01  0.59E+03  0.22E+02
       C   4 4   0.38E+01  0.39E+00  0.22E+01  0.63E+03  0.24E+02
       Cl  1 1   0.14E+04 -0.47E+00  0.84E+01  0.32E+09  0.42E+03
       Cl  2 1   0.21E+04 -0.37E+00  0.12E+02  0.49E+09  0.65E+03
       Cl  2 2   0.33E+04 -0.16E+00  0.21E+02  0.76E+09  0.10E+04
       Cl  3 3   0.21E+02  0.79E-01  0.89E+01  0.23E+05  0.13E+03
       Cl  4 3   0.24E+02  0.67E-01  0.99E+01  0.27E+05  0.15E+03
       Cl  4 4   0.28E+02  0.44E-01  0.11E+02  0.32E+05  0.18E+03
       Cl  5 5   0.77E+00  0.19E+00  0.18E+01  0.12E+03  0.22E+02
       Cl  6 5   0.80E+00  0.19E+00  0.19E+01  0.12E+03  0.23E+02
       Cl  6 6   0.83E+00  0.20E+00  0.19E+01  0.12E+03  0.23E+02
       H   1 1   0.39E+02  0.19E+00  0.29E+00  0.78E+05  0.13E+02
       H   2 1   0.41E+02  0.21E+00  0.32E+00  0.82E+05  0.14E+02
       H   2 2   0.43E+02  0.22E+00  0.36E+00  0.86E+05  0.15E+02
     ------------------------------------------------------------

     alpha_pv=     34.3084 eV

     Number of occupied bands for each k-point:
     k-point:     1    nbnd_occ=  42
     k-point:     2    nbnd_occ=  42
     k-point:     3    nbnd_occ=  42
     k-point:     4    nbnd_occ=  42
     k-point:     5    nbnd_occ=  42
     k-point:     6    nbnd_occ=  42
     k-point:     7    nbnd_occ=  42
     k-point:     8    nbnd_occ=  42
     k-point:     9    nbnd_occ=  42
     k-point:    10    nbnd_occ=  42
     k-point:    11    nbnd_occ=  42
     k-point:    12    nbnd_occ=  42
     k-point:    13    nbnd_occ=  42
     k-point:    14    nbnd_occ=  42
     k-point:    15    nbnd_occ=  42
     k-point:    16    nbnd_occ=  42


     q-space interpolation up to   110.00 Rydberg

     GIPAW job: efg                                                                             


     ELECTRIC FIELD GRADIENTS TENSORS IN Hartree/bohrradius^2:

     ----- bare term -----
     Cl   1        0.029351        0.052766        0.018849
     Cl   1        0.052766        0.022570        0.045370
     Cl   1        0.018849        0.045370       -0.051921

     C    2       -0.782252        0.471963       -0.363030
     C    2        0.471963        0.344396       -0.032774
     C    2       -0.363030       -0.032774        0.437856

     C    3        0.119860       -0.107445       -0.153296
     C    3       -0.107445       -0.442344       -0.482304
     C    3       -0.153296       -0.482304        0.322484

     H    4       -0.553998        0.027968        0.142297
     H    4        0.027968        0.285599       -0.292853
     H    4        0.142297       -0.292853        0.268399

     C    5       -0.446312        0.376727       -0.401283
     C    5        0.376727        0.001796        0.031242
     C    5       -0.401283        0.031242        0.444517

     H    6       -0.214781       -0.331523        0.091771
     H    6       -0.331523       -0.280505       -0.251380
     H    6        0.091771       -0.251380        0.495286

     H    7        0.475874        0.035752       -0.011163
     H    7        0.035752       -0.147137        0.606762
     H    7       -0.011163        0.606762       -0.328737

     C    8       -0.143755       -0.279200       -0.149269
     C    8       -0.279200       -0.216084        0.349776
     C    8       -0.149269        0.349776        0.359839

     H    9       -0.474343        0.268905       -0.464464
     H    9        0.268905        0.304959        0.195950
     H    9       -0.464464        0.195950        0.169384

     C   10       -0.571980       -0.369132       -0.309295
     C   10       -0.369132        0.154570        0.237546
     C   10       -0.309295        0.237546        0.417410

     C   11       -0.104652       -0.112511       -0.275486
     C   11       -0.112511       -0.005984        0.699287
     C   11       -0.275486        0.699287        0.110636

     Cl  12       -0.230398       -0.264115       -0.019782
     Cl  12       -0.264115        0.210834        0.057949
     Cl  12       -0.019782        0.057949        0.019563

     H   13        0.305103       -0.340949        0.102277
     H   13       -0.340949       -0.598675        0.162285
     H   13        0.102277        0.162285        0.293572

     C   14       -0.039680        0.020090       -0.118685
     C   14        0.020090       -0.123416       -0.215840
     C   14       -0.118685       -0.215840        0.163095

     H   15       -0.240706       -0.436094        0.111968
     H   15       -0.436094       -0.015211        0.190724
     H   15        0.111968        0.190724        0.255917

     C   16       -0.247297        0.217278        0.061698
     C   16        0.217278       -0.063797       -0.186145
     C   16        0.061698       -0.186145        0.311094

     C   17       -0.031508       -0.305132       -0.399771
     C   17       -0.305132       -0.038379       -0.677636
     C   17       -0.399771       -0.677636        0.069888

     Cl  18       -0.087451        0.160719        0.113852
     Cl  18        0.160719       -0.085890       -0.057368
     Cl  18        0.113852       -0.057368        0.173341

     H   19        0.486587       -0.006691       -0.126178
     H   19       -0.006691       -0.288537        0.400556
     H   19       -0.126178        0.400556       -0.198050

     C   20       -0.705095       -0.368144       -0.287910
     C   20       -0.368144        0.381878        0.314767
     C   20       -0.287910        0.314767        0.323216

     H   21       -0.341647       -0.244200       -0.422287
     H   21       -0.244200        0.013747        0.110499
     H   21       -0.422287        0.110499        0.327900

     C   22       -0.047920       -0.110177       -0.213957
     C   22       -0.110177       -0.033181        0.678698
     C   22       -0.213957        0.678698        0.081101

     C   23       -0.533241       -0.354007       -0.427611
     C   23       -0.354007        0.307089        0.207146
     C   23       -0.427611        0.207146        0.226152

     Cl  24       -0.019046       -0.104420        0.017210
     Cl  24       -0.104420        0.124542       -0.066487
     Cl  24        0.017210       -0.066487       -0.105496

     ----- ionic term -----
     Cl   1        0.139044       -0.227172       -0.005571
     Cl   1       -0.227172        0.032140        0.000393
     Cl   1       -0.005571        0.000393       -0.171184

     C    2        0.345050       -0.076133        0.163222
     C    2       -0.076133        0.231478        0.289712
     C    2        0.163222        0.289712       -0.576528

     C    3        0.157026       -0.155374        0.121127
     C    3       -0.155374        0.369624        0.318826
     C    3        0.121127        0.318826       -0.526650

     H    4        0.845801        0.342610        0.444265
     H    4        0.342610       -0.357209        0.160697
     H    4        0.444265        0.160697       -0.488593

     C    5        0.316592       -0.080387        0.169750
     C    5       -0.080387        0.184294        0.250093
     C    5        0.169750        0.250093       -0.500886

     H    6       -0.403822        0.380304        0.178443
     H    6        0.380304        0.670253        0.569712
     H    6        0.178443        0.569712       -0.266431

     H    7       -0.528173        0.012852        0.011675
     H    7        0.012852        0.417912       -0.796280
     H    7        0.011675       -0.796280        0.110260

     C    8        0.260575        0.272937        0.247628
     C    8        0.272937       -0.024524       -0.329480
     C    8        0.247628       -0.329480       -0.236051

     H    9        0.701946       -0.164556        0.646737
     H    9       -0.164556       -0.505118       -0.186386
     H    9        0.646737       -0.186386       -0.196828

     C   10        0.200631        0.343105        0.138106
     C   10        0.343105        0.076523       -0.387007
     C   10        0.138106       -0.387007       -0.277154

     C   11        0.278058        0.248183        0.254811
     C   11        0.248183       -0.004983       -0.371805
     C   11        0.254811       -0.371805       -0.273075

     Cl  12        0.169407        0.220982        0.012118
     Cl  12        0.220982        0.002010       -0.005731
     Cl  12        0.012118       -0.005731       -0.171416

     H   13       -0.456783        0.273611        0.086176
     H   13        0.273611        0.850569        0.502348
     H   13        0.086176        0.502348       -0.393787

     C   14        0.426948       -0.115475        0.133844
     C   14       -0.115475        0.161819        0.236762
     C   14        0.133844        0.236762       -0.588767

     H   15        0.826441        0.467486        0.358536
     H   15        0.467486       -0.282328        0.163827
     H   15        0.358536        0.163827       -0.544113

     C   16        0.204088       -0.145484        0.082687
     C   16       -0.145484        0.376920        0.279006
     C   16        0.082687        0.279006       -0.581007

     C   17        0.237956       -0.079263        0.143941
     C   17       -0.079263        0.307851        0.265540
     C   17        0.143941        0.265540       -0.545807

     Cl  18        0.106454       -0.176046       -0.015108
     Cl  18       -0.176046        0.049164        0.010526
     Cl  18       -0.015108        0.010526       -0.155618

     H   19       -0.512454       -0.133861        0.088943
     H   19       -0.133861        0.624004       -0.732362
     H   19        0.088943       -0.732362       -0.111550

     C   20        0.298006        0.178033        0.257944
     C   20        0.178033        0.014202       -0.300172
     C   20        0.257944       -0.300172       -0.312208

     H   21        0.787819       -0.219413        0.578504
     H   21       -0.219413       -0.468842       -0.165009
     H   21        0.578504       -0.165009       -0.318978

     C   22        0.213639        0.230030        0.173993
     C   22        0.230030        0.090051       -0.359638
     C   22        0.173993       -0.359638       -0.303690

     C   23        0.169888        0.180027        0.302558
     C   23        0.180027        0.049276       -0.394853
     C   23        0.302558       -0.394853       -0.219164

     Cl  24        0.124537        0.208338        0.003042
     Cl  24        0.208338        0.020724       -0.010452
     Cl  24        0.003042       -0.010452       -0.145261

     ----- GIPAW term -----
     Cl   1       -0.091799       -0.842725        0.197506
     Cl   1       -0.842725        2.373377        1.155216
     Cl   1        0.197506        1.155216       -2.281577

     C    2       -0.163904        0.019201       -0.027805
     C    2        0.019201        0.234389        0.114434
     C    2       -0.027805        0.114434       -0.070485

     C    3       -0.062850       -0.091736       -0.057156
     C    3       -0.091736        0.007433        0.120685
     C    3       -0.057156        0.120685        0.055417

     H    4       -0.000000        0.000000        0.000000
     H    4        0.000000        0.000000        0.000000
     H    4        0.000000        0.000000        0.000000

     C    5        0.019488       -0.063351       -0.172998
     C    5       -0.063351       -0.041228        0.117742
     C    5       -0.172998        0.117742        0.021740

     H    6       -0.000000        0.000000        0.000000
     H    6        0.000000        0.000000        0.000000
     H    6        0.000000        0.000000        0.000000

     H    7       -0.000000        0.000000        0.000000
     H    7        0.000000        0.000000        0.000000
     H    7        0.000000        0.000000        0.000000

     C    8       -0.071589       -0.101496        0.030474
     C    8       -0.101496        0.028720       -0.059959
     C    8        0.030474       -0.059959        0.042869

     H    9       -0.000000        0.000000        0.000000
     H    9        0.000000        0.000000        0.000000
     H    9        0.000000        0.000000        0.000000

     C   10       -0.200312       -0.059550       -0.069398
     C   10       -0.059550        0.187527       -0.038075
     C   10       -0.069398       -0.038075        0.012785

     C   11       -0.017260       -0.010363       -0.089443
     C   11       -0.010363        0.129005        0.214063
     C   11       -0.089443        0.214063       -0.111746

     Cl  12       -0.374746        0.413520       -0.254573
     Cl  12        0.413520        2.381244        0.545340
     Cl  12       -0.254573        0.545340       -2.006498

     H   13       -0.000000        0.000000        0.000000
     H   13        0.000000        0.000000        0.000000
     H   13        0.000000        0.000000        0.000000

     C   14       -0.033042        0.037404       -0.022555
     C   14        0.037404        0.058655       -0.104645
     C   14       -0.022555       -0.104645       -0.025613

     H   15       -0.000000        0.000000        0.000000
     H   15        0.000000        0.000000        0.000000
     H   15        0.000000        0.000000        0.000000

     C   16       -0.083979        0.013485        0.007965
     C   16        0.013485        0.041005       -0.095689
     C   16        0.007965       -0.095689        0.042974

     C   17        0.031464       -0.258839       -0.054994
     C   17       -0.258839        0.123126       -0.117930
     C   17       -0.054994       -0.117930       -0.154590

     Cl  18        1.201023       -1.749485        0.932593
     Cl  18       -1.749485       -0.573207       -0.437303
     Cl  18        0.932593       -0.437303       -0.627816

     H   19       -0.000000        0.000000        0.000000
     H   19        0.000000        0.000000        0.000000
     H   19        0.000000        0.000000        0.000000

     C   20       -0.215061       -0.067279       -0.034798
     C   20       -0.067279        0.248490        0.147122
     C   20       -0.034798        0.147122       -0.033429

     H   21       -0.000000        0.000000        0.000000
     H   21        0.000000        0.000000        0.000000
     H   21        0.000000        0.000000        0.000000

     C   22       -0.127559        0.014652       -0.032759
     C   22        0.014652        0.225140        0.183211
     C   22       -0.032759        0.183211       -0.097581

     C   23       -0.097028       -0.083289       -0.048592
     C   23       -0.083289        0.251592       -0.025314
     C   23       -0.048592       -0.025314       -0.154563

     Cl  24        0.383542        0.385663        0.261711
     Cl  24        0.385663        2.170915       -0.822138
     Cl  24        0.261711       -0.822138       -2.554457

     ----- total EFG -----
     Cl   1        0.076596       -1.017131        0.210784
     Cl   1       -1.017131        2.428087        1.200979
     Cl   1        0.210784        1.200979       -2.504683

     C    2       -0.601106        0.415032       -0.227613
     C    2        0.415032        0.810263        0.371373
     C    2       -0.227613        0.371373       -0.209157

     C    3        0.214036       -0.354554       -0.089324
     C    3       -0.354554       -0.065288       -0.042792
     C    3       -0.089324       -0.042792       -0.148749

     H    4        0.291803        0.370578        0.586562
     H    4        0.370578       -0.071610       -0.132157
     H    4        0.586562       -0.132157       -0.220194

     C    5       -0.110232        0.232989       -0.404531
     C    5        0.232989        0.144862        0.399077
     C    5       -0.404531        0.399077       -0.034630

     H    6       -0.618603        0.048781        0.270214
     H    6        0.048781        0.389748        0.318332
     H    6        0.270214        0.318332        0.228855

     H    7       -0.052298        0.048604        0.000512
     H    7        0.048604        0.270775       -0.189518
     H    7        0.000512       -0.189518       -0.218477

     C    8        0.045232       -0.107760        0.128834
     C    8       -0.107760       -0.211888       -0.039663
     C    8        0.128834       -0.039663        0.166657

     H    9        0.227603        0.104350        0.182272
     H    9        0.104350       -0.200158        0.009564
     H    9        0.182272        0.009564       -0.027444

     C   10       -0.571660       -0.085577       -0.240587
     C   10       -0.085577        0.418619       -0.187536
     C   10       -0.240587       -0.187536        0.153041

     C   11        0.156146        0.125309       -0.110118
     C   11        0.125309        0.118038        0.541545
     C   11       -0.110118        0.541545       -0.274184

     Cl  12       -0.435737        0.370387       -0.262237
     Cl  12        0.370387        2.594088        0.597559
     Cl  12       -0.262237        0.597559       -2.158351

     H   13       -0.151680       -0.067338        0.188453
     H   13       -0.067338        0.251894        0.664633
     H   13        0.188453        0.664633       -0.100215

     C   14        0.354226       -0.057981       -0.007395
     C   14       -0.057981        0.097059       -0.083724
     C   14       -0.007395       -0.083724       -0.451284

     H   15        0.585735        0.031392        0.470504
     H   15        0.031392       -0.297539        0.354551
     H   15        0.470504        0.354551       -0.288196

     C   16       -0.127189        0.085279        0.152350
     C   16        0.085279        0.354128       -0.002828
     C   16        0.152350       -0.002828       -0.226939

     C   17        0.237911       -0.643234       -0.310824
     C   17       -0.643234        0.392598       -0.530026
     C   17       -0.310824       -0.530026       -0.630509

     Cl  18        1.220026       -1.764812        1.031337
     Cl  18       -1.764812       -0.609934       -0.484145
     Cl  18        1.031337       -0.484145       -0.610093

     H   19       -0.025867       -0.140552       -0.037235
     H   19       -0.140552        0.335467       -0.331806
     H   19       -0.037235       -0.331806       -0.309600

     C   20       -0.622149       -0.257389       -0.064765
     C   20       -0.257389        0.644570        0.161717
     C   20       -0.064765        0.161717       -0.022421

     H   21        0.446173       -0.463612        0.156218
     H   21       -0.463612       -0.455095       -0.054509
     H   21        0.156218       -0.054509        0.008922

     C   22        0.038159        0.134505       -0.072723
     C   22        0.134505        0.282010        0.502271
     C   22       -0.072723        0.502271       -0.320169

     C   23       -0.460381       -0.257269       -0.173645
     C   23       -0.257269        0.607956       -0.213021
     C   23       -0.173645       -0.213021       -0.147575

     Cl  24        0.489033        0.489581        0.281963
     Cl  24        0.489581        2.316181       -0.899077
     Cl  24        0.281963       -0.899077       -2.805214

     ----- total EFG (symmetrized) -----
     Cl   1        0.076596       -1.017131        0.210784
     Cl   1       -1.017131        2.428087        1.200979
     Cl   1        0.210784        1.200979       -2.504683

     C    2       -0.601106        0.415032       -0.227613
     C    2        0.415032        0.810263        0.371373
     C    2       -0.227613        0.371373       -0.209157

     C    3        0.214036       -0.354554       -0.089324
     C    3       -0.354554       -0.065288       -0.042792
     C    3       -0.089324       -0.042792       -0.148749

     H    4        0.291803        0.370578        0.586562
     H    4        0.370578       -0.071610       -0.132157
     H    4        0.586562       -0.132157       -0.220194

     C    5       -0.110232        0.232989       -0.404531
     C    5        0.232989        0.144862        0.399077
     C    5       -0.404531        0.399077       -0.034630

     H    6       -0.618603        0.048781        0.270214
     H    6        0.048781        0.389748        0.318332
     H    6        0.270214        0.318332        0.228855

     H    7       -0.052298        0.048604        0.000512
     H    7        0.048604        0.270775       -0.189518
     H    7        0.000512       -0.189518       -0.218477

     C    8        0.045232       -0.107760        0.128834
     C    8       -0.107760       -0.211888       -0.039663
     C    8        0.128834       -0.039663        0.166657

     H    9        0.227603        0.104350        0.182272
     H    9        0.104350       -0.200158        0.009564
     H    9        0.182272        0.009564       -0.027444

     C   10       -0.571660       -0.085577       -0.240587
     C   10       -0.085577        0.418619       -0.187536
     C   10       -0.240587       -0.187536        0.153041

     C   11        0.156146        0.125309       -0.110118
     C   11        0.125309        0.118038        0.541545
     C   11       -0.110118        0.541545       -0.274184

     Cl  12       -0.435737        0.370387       -0.262237
     Cl  12        0.370387        2.594088        0.597559
     Cl  12       -0.262237        0.597559       -2.158351

     H   13       -0.151680       -0.067338        0.188453
     H   13       -0.067338        0.251894        0.664633
     H   13        0.188453        0.664633       -0.100215

     C   14        0.354226       -0.057981       -0.007395
     C   14       -0.057981        0.097059       -0.083724
     C   14       -0.007395       -0.083724       -0.451284

     H   15        0.585735        0.031392        0.470504
     H   15        0.031392       -0.297539        0.354551
     H   15        0.470504        0.354551       -0.288196

     C   16       -0.127189        0.085279        0.152350
     C   16        0.085279        0.354128       -0.002828
     C   16        0.152350       -0.002828       -0.226939

     C   17        0.237911       -0.643234       -0.310824
     C   17       -0.643234        0.392598       -0.530026
     C   17       -0.310824       -0.530026       -0.630509

     Cl  18        1.220026       -1.764812        1.031337
     Cl  18       -1.764812       -0.609934       -0.484145
     Cl  18        1.031337       -0.484145       -0.610093

     H   19       -0.025867       -0.140552       -0.037235
     H   19       -0.140552        0.335467       -0.331806
     H   19       -0.037235       -0.331806       -0.309600

     C   20       -0.622149       -0.257389       -0.064765
     C   20       -0.257389        0.644570        0.161717
     C   20       -0.064765        0.161717       -0.022421

     H   21        0.446173       -0.463612        0.156218
     H   21       -0.463612       -0.455095       -0.054509
     H   21        0.156218       -0.054509        0.008922

     C   22        0.038159        0.134505       -0.072723
     C   22        0.134505        0.282010        0.502271
     C   22       -0.072723        0.502271       -0.320169

     C   23       -0.460381       -0.257269       -0.173645
     C   23       -0.257269        0.607956       -0.213021
     C   23       -0.173645       -0.213021       -0.147575

     Cl  24        0.489033        0.489581        0.281963
     Cl  24        0.489581        2.316181       -0.899077
     Cl  24        0.281963       -0.899077       -2.805214


     NQR/NMR SPECTROSCOPIC PARAMETERS:
     Cl   1    Vxx=   -0.1622    axis=(  0.938319  0.266059  0.220840)
     Cl   1    Vyy=   -2.8496    axis=(  0.154923  0.247498 -0.956422)
     Cl   1    Vzz=    3.0118    axis=( -0.309122  0.931642  0.191014)
     Cl   1  Q=        -8.1650 1e-30 m^2  Cq=       -57.7801 MHz  eta= 0.89229

     C    2    Vxx=   -0.1238    axis=(  0.506947  0.114424 -0.854349)
     C    2    Vyy=   -0.8768    axis=(  0.836190 -0.305905  0.455201)
     C    2    Vzz=    1.0007    axis=( -0.209264 -0.945161 -0.250757)
     C    2  Q=         1.0000 1e-30 m^2  Cq=         2.3512 MHz  eta= 0.75250

     C    3    Vxx=   -0.1149    axis=( -0.163067 -0.380589  0.910253)
     C    3    Vyy=   -0.3447    axis=(  0.535065  0.741028  0.405688)
     C    3    Vzz=    0.4596    axis=( -0.828924  0.553199  0.082802)
     C    3  Q=         1.0000 1e-30 m^2  Cq=         1.0798 MHz  eta= 0.50017

     H    4    Vxx=    0.0054    axis=( -0.012627  0.848117 -0.529658)
     H    4    Vyy=    0.7511    axis=( -0.833828 -0.301286 -0.462556)
     H    4    Vzz=   -0.7565    axis=( -0.551880  0.435803  0.710988)
     H    4  Q=         1.0000 1e-30 m^2  Cq=        -1.7775 MHz  eta= 0.98571

     C    5    Vxx=    0.2317    axis=( -0.763932 -0.557724  0.324579)
     C    5    Vyy=    0.4792    axis=(  0.206109 -0.687533 -0.696288)
     C    5    Vzz=   -0.7109    axis=( -0.611496  0.465018 -0.640181)
     C    5  Q=         1.0000 1e-30 m^2  Cq=        -1.6704 MHz  eta= 0.34805

     H    6    Vxx=    0.0279    axis=( -0.247347  0.658585 -0.710694)
     H    6    Vyy=    0.6713    axis=(  0.162410  0.751288  0.639679)
     H    6    Vzz=   -0.6992    axis=( -0.955218 -0.042799  0.292790)
     H    6  Q=         1.0000 1e-30 m^2  Cq=        -1.6429 MHz  eta= 0.92018

     H    7    Vxx=   -0.0565    axis=(  0.990746 -0.086631  0.104488)
     H    7    Vyy=   -0.2844    axis=( -0.070699  0.327765  0.942110)
     H    7    Vzz=    0.3409    axis=( -0.115863 -0.940779  0.318608)
     H    7  Q=         1.0000 1e-30 m^2  Cq=         0.8011 MHz  eta= 0.66860

     C    8    Vxx=   -0.0152    axis=( -0.749621  0.290741  0.594590)
     C    8    Vyy=   -0.2512    axis=( -0.348706 -0.937048  0.018570)
     C    8    Vzz=    0.2664    axis=(  0.562559 -0.193417  0.803814)
     C    8  Q=         1.0000 1e-30 m^2  Cq=         0.6259 MHz  eta= 0.88615

     H    9    Vxx=   -0.1085    axis=( -0.369067 -0.329399  0.869072)
     H    9    Vyy=   -0.2316    axis=( -0.299727  0.927310  0.224188)
     H    9    Vzz=    0.3400    axis=( -0.879746 -0.177744 -0.440969)
     H    9  Q=         1.0000 1e-30 m^2  Cq=         0.7990 MHz  eta= 0.36201

     C   10    Vxx=    0.1450    axis=( -0.331435  0.460632  0.823389)
     C   10    Vyy=    0.5169    axis=( -0.036318 -0.878298  0.476731)
     C   10    Vzz=   -0.6618    axis=( -0.942779 -0.128101 -0.307828)
     C   10  Q=         1.0000 1e-30 m^2  Cq=        -1.5551 MHz  eta= 0.56192

     C   11    Vxx=    0.1826    axis=(  0.974451  0.008826 -0.224427)
     C   11    Vyy=    0.5027    axis=( -0.120633 -0.822298 -0.556124)
     C   11    Vzz=   -0.6853    axis=( -0.189454  0.568989 -0.800224)
     C   11  Q=         1.0000 1e-30 m^2  Cq=        -1.6102 MHz  eta= 0.46698

     Cl  12    Vxx=   -0.4205    axis=(  0.980453 -0.085319 -0.177290)
     Cl  12    Vyy=   -2.2836    axis=(  0.165217 -0.132280  0.977346)
     Cl  12    Vzz=    2.7041    axis=( -0.106838 -0.987534 -0.115598)
     Cl  12  Q=        -8.1650 1e-30 m^2  Cq=       -51.8769 MHz  eta= 0.68896

     H   13    Vxx=   -0.0870    axis=(  0.937842 -0.261392  0.228314)
     H   13    Vyy=   -0.6806    axis=(  0.340180  0.561957 -0.753978)
     H   13    Vzz=    0.7676    axis=(  0.068781  0.784779  0.615947)
     H   13  Q=         1.0000 1e-30 m^2  Cq=         1.8036 MHz  eta= 0.77324

     C   14    Vxx=    0.0973    axis=(  0.213492  0.965327 -0.150214)
     C   14    Vyy=    0.3668    axis=(  0.976750 -0.213985  0.013069)
     C   14    Vzz=   -0.4641    axis=(  0.019527  0.149512  0.988567)
     C   14  Q=         1.0000 1e-30 m^2  Cq=        -1.0904 MHz  eta= 0.58084

     H   15    Vxx=   -0.0891    axis=(  0.380486 -0.782089 -0.493525)
     H   15    Vyy=   -0.7297    axis=(  0.256169  0.601914 -0.756358)
     H   15    Vzz=    0.8188    axis=(  0.888599  0.161358  0.429367)
     H   15  Q=         1.0000 1e-30 m^2  Cq=         1.9238 MHz  eta= 0.78242

     C   16    Vxx=   -0.0284    axis=( -0.780734  0.169624 -0.601400)
     C   16    Vyy=   -0.3414    axis=( -0.597960  0.076561  0.797861)
     C   16    Vzz=    0.3698    axis=( -0.181380 -0.982530 -0.041654)
     C   16  Q=         1.0000 1e-30 m^2  Cq=         0.8688 MHz  eta= 0.84659

     C   17    Vxx=    0.1058    axis=(  0.680761  0.427304 -0.594958)
     C   17    Vyy=    0.9897    axis=( -0.610306  0.780036 -0.138094)
     C   17    Vzz=   -1.0955    axis=(  0.405081  0.457116  0.791805)
     C   17  Q=         1.0000 1e-30 m^2  Cq=        -2.5740 MHz  eta= 0.80683

     Cl  18    Vxx=   -0.9808    axis=( -0.191478  0.306169  0.932522)
     Cl  18    Vyy=   -1.7022    axis=(  0.550441  0.820124 -0.156243)
     Cl  18    Vzz=    2.6830    axis=( -0.812620  0.483381 -0.325564)
     Cl  18  Q=        -8.1650 1e-30 m^2  Cq=       -51.4720 MHz  eta= 0.26887

     H   19    Vxx=   -0.0329    axis=(  0.954901  0.119534 -0.271802)
     H   19    Vyy=   -0.4683    axis=(  0.203345  0.403780  0.891971)
     H   19    Vzz=    0.5012    axis=(  0.216369 -0.907013  0.361263)
     H   19  Q=         1.0000 1e-30 m^2  Cq=         1.1775 MHz  eta= 0.86885

     C   20    Vxx=   -0.0595    axis=( -0.008375 -0.226754  0.973916)
     C   20    Vyy=   -0.6741    axis=( -0.981344 -0.185219 -0.051563)
     C   20    Vzz=    0.7336    axis=(  0.192080 -0.956178 -0.220972)
     C   20  Q=         1.0000 1e-30 m^2  Cq=         1.7238 MHz  eta= 0.83775

     H   21    Vxx=   -0.0314    axis=( -0.212853  0.107967  0.971101)
     H   21    Vyy=   -0.6512    axis=( -0.391126 -0.920188  0.016576)
     H   21    Vzz=    0.6826    axis=(  0.895385 -0.376295  0.238093)
     H   21  Q=         1.0000 1e-30 m^2  Cq=         1.6037 MHz  eta= 0.90805

     C   22    Vxx=    0.0510    axis=(  0.969525 -0.038419 -0.241962)
     C   22    Vyy=    0.5790    axis=(  0.152329  0.868043  0.472543)
     C   22    Vzz=   -0.6300    axis=(  0.191879 -0.495000  0.847442)
     C   22  Q=         1.0000 1e-30 m^2  Cq=        -1.4803 MHz  eta= 0.83817

     C   23    Vxx=   -0.0792    axis=(  0.466477 -0.097884 -0.879101)
     C   23    Vyy=   -0.6228    axis=( -0.865515 -0.255497 -0.430819)
     C   23    Vzz=    0.7019    axis=( -0.182437  0.961842 -0.203903)
     C   23  Q=         1.0000 1e-30 m^2  Cq=         1.6492 MHz  eta= 0.77446

     Cl  24    Vxx=    0.4342    axis=(  0.972660 -0.187697  0.136756)
     Cl  24    Vyy=    2.5619    axis=(  0.207730  0.966463 -0.150986)
     Cl  24    Vzz=   -2.9961    axis=( -0.103830  0.175266  0.979031)
     Cl  24  Q=        -8.1650 1e-30 m^2  Cq=        57.4781 MHz  eta= 0.71015

     Initialization:
     gipaw_setup  :      8.98s CPU     11.12s WALL (       1 calls)

     Linear response

     Apply operators

     Induced current

     Other routines
     efg          :      9.41s CPU     11.86s WALL (       1 calls)

     General routines
     calbec       :      3.29s CPU      4.35s WALL (      16 calls)
     fft          :      1.36s CPU      1.67s WALL (      15 calls)
     ffts         :      0.04s CPU      0.05s WALL (       2 calls)
     fftw         :      3.27s CPU      4.02s WALL (     672 calls)
     davcio       :      0.02s CPU      0.32s WALL (      32 calls)

     Parallel routines
     fft_scatter  :      1.92s CPU      2.82s WALL (     689 calls)

     Plugins

     GIPAW        :     61.82s CPU     76.77s WALL (       1 calls)
