
     Program QE v.6.0 (svn rev. 13079) starts on 22Dec2016 at 11:26:53 

     This program is part of the open-source Quantum ESPRESSO suite
     for quantum simulation of materials; please cite
         "P. Giannozzi et al., J. Phys.:Condens. Matter 21 395502 (2009);
          URL http://www.quantum-espresso.org", 
     in publications or presentations arising from this work. More details at
     http://www.quantum-espresso.org/quote

     Parallel version (MPI), running on     8 processors
     R & G space division:  proc/nbgrp/npool/nimage =       8

     ***** This is GIPAW svn revision unknown      *****

     Parallelizing q-star over 1 images

     Reading data from directory:
     /users/majewski/paradichlorobenzene/pbe/9_constraint/scratch/pbe.ecut100.np8.dt60.pcl2phi-129368.save
     Message from routine read_xml_file:
     file /users/majewski/paradichlorobenzene/pbe/9_constraint/scratch/pbe.ecut100.np8.dt60.pcl2phi-129368.save not guaranteed to be safe for post-processing

   Info: using nr1, nr2, nr3 values from input

   Info: using nr1, nr2, nr3 values from input

     IMPORTANT: XC functional enforced from input :
     Exchange-correlation      =  SLA  PW   PBX  PBC ( 1  4  3  4 0 0)
     Any further DFT definition will be discarded
     Please, verify this is what you really want

               file C.pbe-n-kjpaw_psl.1.0.0.UPF: wavefunction(s)  2S 2P renormalized
               file Cl.pbe-n-kjpaw_psl.1.0.0.UPF: wavefunction(s)  3S 3P renormalized
               file H.pbe-kjpaw_psl.1.0.0.UPF: wavefunction(s)  1S renormalized

     Parallelization info
     --------------------
     sticks:   dense  smooth     PW     G-vecs:    dense   smooth      PW
     Min        3057    1223    332               144436    36536    5170
     Max        3059    1225    333               144437    36537    5171
     Sum       24467    9791   2657              1155489   292295   41363


     Subspace diagonalization in iterative solution of the eigenvalue problem:
     a serial algorithm will be used

     GIPAW projectors -----------------------------------------------
     atom=  C    l=0  rc=    1.2000  rs=    0.8000
     atom=  C    l=0  rc=    1.2000  rs=    0.8000
     atom=  C    l=1  rc=    1.4000  rs=    0.9333
     atom=  C    l=1  rc=    1.4000  rs=    0.9333
     projs nearly linearly dependent: l=1  n1,n2= 1, 2  s=  0.99951561

     atom=  Cl   l=0  rc=    1.6000  rs=    1.0667
     atom=  Cl   l=0  rc=    1.6000  rs=    1.0667
     atom=  Cl   l=1  rc=    1.6000  rs=    1.0667
     atom=  Cl   l=1  rc=    1.6000  rs=    1.0667
     atom=  Cl   l=2  rc=    1.6000  rs=    1.0667
     atom=  Cl   l=2  rc=    1.6000  rs=    1.0667
     projs nearly linearly dependent: l=2  n1,n2= 1, 2  s=  0.99993509

     atom=  H    l=0  rc=    1.0000  rs=    0.6667
     atom=  H    l=0  rc=    1.0000  rs=    0.6667
     projs nearly linearly dependent: l=0  n1,n2= 1, 2  s=  0.99968852
     -----------------------------------------------------------------

     GIPAW integrals: -------------------------------------------
     Atom  i/j   nmr_para   nmr_dia   epr_rmc  epr_para   epr_dia
       C   1 1   0.83E+03  0.17E-01  0.93E+01  0.24E+08  0.24E+03
       C   2 1   0.86E+03 -0.61E-01  0.94E+01  0.25E+08  0.25E+03
       C   2 2   0.90E+03 -0.15E+00  0.97E+01  0.26E+08  0.26E+03
       C   3 3   0.33E+01  0.34E+00  0.18E+01  0.55E+03  0.21E+02
       C   4 3   0.35E+01  0.37E+00  0.20E+01  0.59E+03  0.22E+02
       C   4 4   0.38E+01  0.39E+00  0.22E+01  0.63E+03  0.24E+02
       Cl  1 1   0.14E+04 -0.47E+00  0.84E+01  0.32E+09  0.42E+03
       Cl  2 1   0.21E+04 -0.37E+00  0.12E+02  0.49E+09  0.65E+03
       Cl  2 2   0.33E+04 -0.16E+00  0.21E+02  0.76E+09  0.10E+04
       Cl  3 3   0.21E+02  0.79E-01  0.89E+01  0.23E+05  0.13E+03
       Cl  4 3   0.24E+02  0.67E-01  0.99E+01  0.27E+05  0.15E+03
       Cl  4 4   0.28E+02  0.44E-01  0.11E+02  0.32E+05  0.18E+03
       Cl  5 5   0.77E+00  0.19E+00  0.18E+01  0.12E+03  0.22E+02
       Cl  6 5   0.80E+00  0.19E+00  0.19E+01  0.12E+03  0.23E+02
       Cl  6 6   0.83E+00  0.20E+00  0.19E+01  0.12E+03  0.23E+02
       H   1 1   0.39E+02  0.19E+00  0.29E+00  0.78E+05  0.13E+02
       H   2 1   0.41E+02  0.21E+00  0.32E+00  0.82E+05  0.14E+02
       H   2 2   0.43E+02  0.22E+00  0.36E+00  0.86E+05  0.15E+02
     ------------------------------------------------------------

     alpha_pv=     34.1813 eV

     Number of occupied bands for each k-point:
     k-point:     1    nbnd_occ=  42
     k-point:     2    nbnd_occ=  42
     k-point:     3    nbnd_occ=  42
     k-point:     4    nbnd_occ=  42
     k-point:     5    nbnd_occ=  42
     k-point:     6    nbnd_occ=  42
     k-point:     7    nbnd_occ=  42
     k-point:     8    nbnd_occ=  42
     k-point:     9    nbnd_occ=  42
     k-point:    10    nbnd_occ=  42
     k-point:    11    nbnd_occ=  42
     k-point:    12    nbnd_occ=  42
     k-point:    13    nbnd_occ=  42
     k-point:    14    nbnd_occ=  42
     k-point:    15    nbnd_occ=  42
     k-point:    16    nbnd_occ=  42


     q-space interpolation up to   110.00 Rydberg

     GIPAW job: efg                                                                             


     ELECTRIC FIELD GRADIENTS TENSORS IN Hartree/bohrradius^2:

     ----- bare term -----
     Cl   1       -0.075697        0.122424       -0.005722
     Cl   1        0.122424       -0.005189       -0.002834
     Cl   1       -0.005722       -0.002834        0.080886

     C    2       -0.075999        0.092730       -0.176774
     C    2        0.092730        0.001292       -0.579403
     C    2       -0.176774       -0.579403        0.074707

     C    3       -0.126657        0.130650        0.115996
     C    3        0.130650       -0.082556       -0.023105
     C    3        0.115996       -0.023105        0.209213

     H    4       -0.195508       -0.432760        0.071548
     H    4       -0.432760       -0.095860        0.189489
     H    4        0.071548        0.189489        0.291369

     C    5       -0.217878       -0.119743       -0.199714
     C    5       -0.119743       -0.050697       -0.119643
     C    5       -0.199714       -0.119643        0.268574

     H    6        0.417755        0.059714       -0.135859
     H    6        0.059714       -0.654653        0.171666
     H    6       -0.135859        0.171666        0.236898

     H    7        0.472939        0.062947        0.204536
     H    7        0.062947       -0.043041        0.248669
     H    7        0.204536        0.248669       -0.429898

     C    8       -0.705687       -0.396334       -0.369392
     C    8       -0.396334        0.431061        0.252040
     C    8       -0.369392        0.252040        0.274626

     H    9        0.048861        0.057391       -0.475693
     H    9        0.057391        0.346305       -0.176510
     H    9       -0.475693       -0.176510       -0.395166

     C   10       -0.124819       -0.203022       -0.220017
     C   10       -0.203022       -0.109503        0.589135
     C   10       -0.220017        0.589135        0.234323

     C   11       -0.327235       -0.266618       -0.221584
     C   11       -0.266618       -0.056870        0.421482
     C   11       -0.221584        0.421482        0.384105

     Cl  12       -0.024102        0.089614       -0.033110
     Cl  12        0.089614        0.156701        0.042752
     Cl  12       -0.033110        0.042752       -0.132599

     H   13        0.368793       -0.035686       -0.042599
     H   13       -0.035686       -0.485919       -0.558004
     H   13       -0.042599       -0.558004        0.117126

     C   14       -0.633681        0.366675       -0.405435
     C   14        0.366675        0.285226       -0.283154
     C   14       -0.405435       -0.283154        0.348455

     H   15       -0.538132       -0.353165       -0.054772
     H   15       -0.353165        0.364570       -0.059012
     H   15       -0.054772       -0.059012        0.173562

     C   16       -0.123634        0.257492       -0.235717
     C   16        0.257492       -0.290577       -0.527131
     C   16       -0.235717       -0.527131        0.414212

     C   17       -0.202782        0.189474       -0.256327
     C   17        0.189474       -0.288405       -0.519004
     C   17       -0.256327       -0.519004        0.491187

     Cl  18       -0.065604       -0.020048       -0.062934
     Cl  18       -0.020048       -0.067039       -0.026536
     Cl  18       -0.062934       -0.026536        0.132643

     H   19        0.225325       -0.143868        0.325539
     H   19       -0.143868       -0.053518        0.531811
     H   19        0.325539        0.531811       -0.171807

     C   20       -0.089674        0.218223       -0.515844
     C   20        0.218223       -0.138636        0.415386
     C   20       -0.515844        0.415386        0.228310

     H   21       -0.059559        0.146739       -0.383996
     H   21        0.146739        0.262947        0.457345
     H   21       -0.383996        0.457345       -0.203388

     C   22       -0.547687       -0.336800       -0.363460
     C   22       -0.336800        0.100574        0.093892
     C   22       -0.363460        0.093892        0.447112

     C   23       -0.035923        0.079016       -0.323921
     C   23        0.079016       -0.106719        0.557947
     C   23       -0.323921        0.557947        0.142642

     Cl  24       -0.253576       -0.227359       -0.095048
     Cl  24       -0.227359       -0.059690       -0.116803
     Cl  24       -0.095048       -0.116803        0.313266

     ----- ionic term -----
     Cl   1        0.168401       -0.177286        0.057109
     Cl   1       -0.177286       -0.007719       -0.029096
     Cl   1        0.057109       -0.029096       -0.160682

     C    2        0.306827       -0.081585        0.257758
     C    2       -0.081585        0.174462        0.316048
     C    2        0.257758        0.316048       -0.481289

     C    3        0.235945       -0.157221        0.131961
     C    3       -0.157221        0.251664        0.349076
     C    3        0.131961        0.349076       -0.487608

     H    4        0.679506        0.501479        0.464467
     H    4        0.501479       -0.241565        0.261975
     H    4        0.464467        0.261975       -0.437941

     C    5        0.410162       -0.090032        0.164804
     C    5       -0.090032        0.074010        0.300755
     C    5        0.164804        0.300755       -0.484171

     H    6       -0.476461       -0.047438       -0.038020
     H    6       -0.047438        0.728538        0.647789
     H    6       -0.038020        0.647789       -0.252078

     H    7       -0.525939        0.038411        0.005487
     H    7        0.038411        0.387902       -0.803391
     H    7        0.005487       -0.803391        0.138037

     C    8        0.282251        0.256141        0.373247
     C    8        0.256141       -0.105576       -0.283375
     C    8        0.373247       -0.283375       -0.176675

     H    9        0.456009       -0.274540        0.733049
     H    9       -0.274540       -0.448645       -0.266322
     H    9        0.733049       -0.266322       -0.007365

     C   10        0.153731        0.301218        0.212389
     C   10        0.301218        0.040061       -0.359851
     C   10        0.212389       -0.359851       -0.193793

     C   11        0.092922        0.248083        0.239055
     C   11        0.248083        0.049388       -0.414280
     C   11        0.239055       -0.414280       -0.142310

     Cl  12        0.125918        0.231105        0.007628
     Cl  12        0.231105        0.022731        0.004686
     Cl  12        0.007628        0.004686       -0.148649

     H   13       -0.533509        0.093992        0.045944
     H   13        0.093992        0.794481        0.635430
     H   13        0.045944        0.635430       -0.260972

     C   14        0.395374       -0.103599        0.171366
     C   14       -0.103599        0.078686        0.302432
     C   14        0.171366        0.302432       -0.474061

     H   15        0.754314        0.484135        0.435724
     H   15        0.484135       -0.314339        0.226761
     H   15        0.435724        0.226761       -0.439976

     C   16        0.219381       -0.159762        0.082679
     C   16       -0.159762        0.291317        0.388551
     C   16        0.082679        0.388551       -0.510698

     C   17        0.235656       -0.044879        0.109420
     C   17       -0.044879        0.260429        0.452307
     C   17        0.109420        0.452307       -0.496085

     Cl  18        0.159360       -0.207805       -0.053918
     Cl  18       -0.207805       -0.032300        0.034442
     Cl  18       -0.053918        0.034442       -0.127060

     H   19       -0.513928        0.059096       -0.029788
     H   19        0.059096        0.433302       -0.777003
     H   19       -0.029788       -0.777003        0.080627

     C   20        0.236360        0.238539        0.255078
     C   20        0.238539       -0.046107       -0.316697
     C   20        0.255078       -0.316697       -0.190253

     H   21        0.498653       -0.260694        0.732279
     H   21       -0.260694       -0.451007       -0.260250
     H   21        0.732279       -0.260250       -0.047647

     C   22        0.163482        0.272102        0.188819
     C   22        0.272102        0.089683       -0.376616
     C   22        0.188819       -0.376616       -0.253164

     C   23        0.184454        0.281907        0.386000
     C   23        0.281907        0.031269       -0.325812
     C   23        0.386000       -0.325812       -0.215723

     Cl  24        0.134735        0.242704        0.061650
     Cl  24        0.242704        0.027298        0.034217
     Cl  24        0.061650        0.034217       -0.162033

     ----- GIPAW term -----
     Cl   1        0.508538        1.040415        0.129320
     Cl   1        1.040415        1.684239        0.337940
     Cl   1        0.129320        0.337940       -2.192776

     C    2       -0.034706        0.035247       -0.082317
     C    2        0.035247        0.076832       -0.190393
     C    2       -0.082317       -0.190393       -0.042125

     C    3       -0.029048        0.000767        0.013648
     C    3        0.000767        0.016453       -0.022347
     C    3        0.013648       -0.022347        0.012595

     H    4       -0.000000        0.000000        0.000000
     H    4        0.000000        0.000000        0.000000
     H    4        0.000000        0.000000        0.000000

     C    5       -0.056398       -0.025660        0.006295
     C    5       -0.025660       -0.014301       -0.078755
     C    5        0.006295       -0.078755        0.070700

     H    6       -0.000000        0.000000        0.000000
     H    6        0.000000        0.000000        0.000000
     H    6        0.000000        0.000000        0.000000

     H    7       -0.000000        0.000000        0.000000
     H    7        0.000000        0.000000        0.000000
     H    7        0.000000        0.000000        0.000000

     C    8       -0.188669       -0.137725       -0.066226
     C    8       -0.137725        0.253762        0.105015
     C    8       -0.066226        0.105015       -0.065093

     H    9       -0.000000        0.000000        0.000000
     H    9        0.000000        0.000000        0.000000
     H    9        0.000000        0.000000        0.000000

     C   10       -0.134764       -0.044269       -0.072907
     C   10       -0.044269        0.052424        0.242558
     C   10       -0.072907        0.242558        0.082339

     C   11        0.004421        0.156180        0.006895
     C   11        0.156180        0.061446        0.109091
     C   11        0.006895        0.109091       -0.065867

     Cl  12        0.565352        2.672381       -0.122732
     Cl  12        2.672381        1.912969        0.518039
     Cl  12       -0.122732        0.518039       -2.478321

     H   13       -0.000000        0.000000        0.000000
     H   13        0.000000        0.000000        0.000000
     H   13        0.000000        0.000000        0.000000

     C   14       -0.145816        0.127825       -0.066411
     C   14        0.127825        0.168928       -0.056129
     C   14       -0.066411       -0.056129       -0.023112

     H   15       -0.000000        0.000000        0.000000
     H   15        0.000000        0.000000        0.000000
     H   15        0.000000        0.000000        0.000000

     C   16       -0.044000        0.024354       -0.057599
     C   16        0.024354       -0.031499       -0.063284
     C   16       -0.057599       -0.063284        0.075499

     C   17       -0.046685       -0.089152       -0.011720
     C   17       -0.089152       -0.083844       -0.167130
     C   17       -0.011720       -0.167130        0.130529

     Cl  18        0.809049       -2.257226       -0.602458
     Cl  18       -2.257226       -0.530288       -0.200085
     Cl  18       -0.602458       -0.200085       -0.278761

     H   19       -0.000000        0.000000        0.000000
     H   19        0.000000        0.000000        0.000000
     H   19        0.000000        0.000000        0.000000

     C   20        0.060484        0.187230       -0.188741
     C   20        0.187230       -0.055613       -0.009182
     C   20       -0.188741       -0.009182       -0.004871

     H   21       -0.000000        0.000000        0.000000
     H   21        0.000000        0.000000        0.000000
     H   21        0.000000        0.000000        0.000000

     C   22       -0.144482        0.074741       -0.141557
     C   22        0.074741        0.113547       -0.134891
     C   22       -0.141557       -0.134891        0.030935

     C   23        0.005977        0.143299       -0.052016
     C   23        0.143299        0.114933        0.015004
     C   23       -0.052016        0.015004       -0.120910

     Cl  24       -0.684757        1.390572       -1.101762
     Cl  24        1.390572       -0.518739       -1.636207
     Cl  24       -1.101762       -1.636207        1.203496

     ----- total EFG -----
     Cl   1        0.601242        0.985552        0.180706
     Cl   1        0.985552        1.671331        0.306010
     Cl   1        0.180706        0.306010       -2.272572

     C    2        0.196122        0.046391       -0.001334
     C    2        0.046391        0.252585       -0.453748
     C    2       -0.001334       -0.453748       -0.448707

     C    3        0.080239       -0.025804        0.261605
     C    3       -0.025804        0.185562        0.303623
     C    3        0.261605        0.303623       -0.265800

     H    4        0.483998        0.068719        0.536015
     H    4        0.068719       -0.337425        0.451464
     H    4        0.536015        0.451464       -0.146573

     C    5        0.135885       -0.235435       -0.028615
     C    5       -0.235435        0.009012        0.102358
     C    5       -0.028615        0.102358       -0.144897

     H    6       -0.058705        0.012276       -0.173879
     H    6        0.012276        0.073886        0.819455
     H    6       -0.173879        0.819455       -0.015180

     H    7       -0.053000        0.101358        0.210023
     H    7        0.101358        0.344861       -0.554722
     H    7        0.210023       -0.554722       -0.291861

     C    8       -0.612105       -0.277918       -0.062371
     C    8       -0.277918        0.579247        0.073680
     C    8       -0.062371        0.073680        0.032858

     H    9        0.504870       -0.217149        0.257356
     H    9       -0.217149       -0.102340       -0.442832
     H    9        0.257356       -0.442832       -0.402531

     C   10       -0.105852        0.053927       -0.080535
     C   10        0.053927       -0.017017        0.471842
     C   10       -0.080535        0.471842        0.122869

     C   11       -0.229892        0.137646        0.024366
     C   11        0.137646        0.053964        0.116293
     C   11        0.024366        0.116293        0.175928

     Cl  12        0.667169        2.993101       -0.148213
     Cl  12        2.993101        2.092400        0.565477
     Cl  12       -0.148213        0.565477       -2.759568

     H   13       -0.164716        0.058306        0.003345
     H   13        0.058306        0.308562        0.077426
     H   13        0.003345        0.077426       -0.143845

     C   14       -0.384122        0.390902       -0.300480
     C   14        0.390902        0.532841       -0.036851
     C   14       -0.300480       -0.036851       -0.148718

     H   15        0.216183        0.130970        0.380951
     H   15        0.130970        0.050231        0.167749
     H   15        0.380951        0.167749       -0.266414

     C   16        0.051746        0.122084       -0.210637
     C   16        0.122084       -0.030759       -0.201864
     C   16       -0.210637       -0.201864       -0.020987

     C   17       -0.013811        0.055443       -0.158627
     C   17        0.055443       -0.111820       -0.233827
     C   17       -0.158627       -0.233827        0.125631

     Cl  18        0.902804       -2.485079       -0.719310
     Cl  18       -2.485079       -0.629627       -0.192179
     Cl  18       -0.719310       -0.192179       -0.273178

     H   19       -0.288603       -0.084772        0.295751
     H   19       -0.084772        0.379784       -0.245193
     H   19        0.295751       -0.245193       -0.091180

     C   20        0.207170        0.643992       -0.449507
     C   20        0.643992       -0.240356        0.089507
     C   20       -0.449507        0.089507        0.033186

     H   21        0.439094       -0.113955        0.348283
     H   21       -0.113955       -0.188059        0.197095
     H   21        0.348283        0.197095       -0.251035

     C   22       -0.528687        0.010043       -0.316198
     C   22        0.010043        0.303803       -0.417615
     C   22       -0.316198       -0.417615        0.224883

     C   23        0.154508        0.504222        0.010063
     C   23        0.504222        0.039484        0.247139
     C   23        0.010063        0.247139       -0.193991

     Cl  24       -0.803598        1.405917       -1.135160
     Cl  24        1.405917       -0.551131       -1.718792
     Cl  24       -1.135160       -1.718792        1.354729

     ----- total EFG (symmetrized) -----
     Cl   1        0.601242        0.985552        0.180706
     Cl   1        0.985552        1.671331        0.306010
     Cl   1        0.180706        0.306010       -2.272572

     C    2        0.196122        0.046391       -0.001334
     C    2        0.046391        0.252585       -0.453748
     C    2       -0.001334       -0.453748       -0.448707

     C    3        0.080239       -0.025804        0.261605
     C    3       -0.025804        0.185562        0.303623
     C    3        0.261605        0.303623       -0.265800

     H    4        0.483998        0.068719        0.536015
     H    4        0.068719       -0.337425        0.451464
     H    4        0.536015        0.451464       -0.146573

     C    5        0.135885       -0.235435       -0.028615
     C    5       -0.235435        0.009012        0.102358
     C    5       -0.028615        0.102358       -0.144897

     H    6       -0.058705        0.012276       -0.173879
     H    6        0.012276        0.073886        0.819455
     H    6       -0.173879        0.819455       -0.015180

     H    7       -0.053000        0.101358        0.210023
     H    7        0.101358        0.344861       -0.554722
     H    7        0.210023       -0.554722       -0.291861

     C    8       -0.612105       -0.277918       -0.062371
     C    8       -0.277918        0.579247        0.073680
     C    8       -0.062371        0.073680        0.032858

     H    9        0.504870       -0.217149        0.257356
     H    9       -0.217149       -0.102340       -0.442832
     H    9        0.257356       -0.442832       -0.402531

     C   10       -0.105852        0.053927       -0.080535
     C   10        0.053927       -0.017017        0.471842
     C   10       -0.080535        0.471842        0.122869

     C   11       -0.229892        0.137646        0.024366
     C   11        0.137646        0.053964        0.116293
     C   11        0.024366        0.116293        0.175928

     Cl  12        0.667169        2.993101       -0.148213
     Cl  12        2.993101        2.092400        0.565477
     Cl  12       -0.148213        0.565477       -2.759568

     H   13       -0.164716        0.058306        0.003345
     H   13        0.058306        0.308562        0.077426
     H   13        0.003345        0.077426       -0.143845

     C   14       -0.384122        0.390902       -0.300480
     C   14        0.390902        0.532841       -0.036851
     C   14       -0.300480       -0.036851       -0.148718

     H   15        0.216183        0.130970        0.380951
     H   15        0.130970        0.050231        0.167749
     H   15        0.380951        0.167749       -0.266414

     C   16        0.051746        0.122084       -0.210637
     C   16        0.122084       -0.030759       -0.201864
     C   16       -0.210637       -0.201864       -0.020987

     C   17       -0.013811        0.055443       -0.158627
     C   17        0.055443       -0.111820       -0.233827
     C   17       -0.158627       -0.233827        0.125631

     Cl  18        0.902804       -2.485079       -0.719310
     Cl  18       -2.485079       -0.629627       -0.192179
     Cl  18       -0.719310       -0.192179       -0.273178

     H   19       -0.288603       -0.084772        0.295751
     H   19       -0.084772        0.379784       -0.245193
     H   19        0.295751       -0.245193       -0.091180

     C   20        0.207170        0.643992       -0.449507
     C   20        0.643992       -0.240356        0.089507
     C   20       -0.449507        0.089507        0.033186

     H   21        0.439094       -0.113955        0.348283
     H   21       -0.113955       -0.188059        0.197095
     H   21        0.348283        0.197095       -0.251035

     C   22       -0.528687        0.010043       -0.316198
     C   22        0.010043        0.303803       -0.417615
     C   22       -0.316198       -0.417615        0.224883

     C   23        0.154508        0.504222        0.010063
     C   23        0.504222        0.039484        0.247139
     C   23        0.010063        0.247139       -0.193991

     Cl  24       -0.803598        1.405917       -1.135160
     Cl  24        1.405917       -0.551131       -1.718792
     Cl  24       -1.135160       -1.718792        1.354729


     NQR/NMR SPECTROSCOPIC PARAMETERS:
     Cl   1    Vxx=    0.0149    axis=(  0.859433 -0.511248 -0.000499)
     Cl   1    Vyy=    2.2854    axis=(  0.509734  0.856813  0.077733)
     Cl   1    Vzz=   -2.3003    axis=( -0.039313 -0.067061  0.996974)
     Cl   1  Q=        -8.1650 1e-30 m^2  Cq=        44.1297 MHz  eta= 0.98708

     C    2    Vxx=    0.1903    axis=(  0.988965 -0.121762  0.084397)
     C    2    Vyy=    0.4816    axis=(  0.146477  0.889021 -0.433803)
     C    2    Vzz=   -0.6719    axis=( -0.022210  0.441379  0.897046)
     C    2  Q=         1.0000 1e-30 m^2  Cq=        -1.5788 MHz  eta= 0.43359

     C    3    Vxx=    0.1421    axis=(  0.838138 -0.525440  0.146416)
     C    3    Vyy=    0.3783    axis=(  0.387923  0.762902  0.517200)
     C    3    Vzz=   -0.5204    axis=( -0.383459 -0.376687  0.843248)
     C    3  Q=         1.0000 1e-30 m^2  Cq=        -1.2227 MHz  eta= 0.45381

     H    4    Vxx=   -0.0834    axis=(  0.533476 -0.699851 -0.474987)
     H    4    Vyy=   -0.7801    axis=(  0.258755  0.669687 -0.696107)
     H    4    Vzz=    0.8635    axis=(  0.805264  0.248451  0.538352)
     H    4  Q=         1.0000 1e-30 m^2  Cq=         2.0290 MHz  eta= 0.80684

     C    5    Vxx=   -0.1027    axis=(  0.526319  0.445426  0.724282)
     C    5    Vyy=   -0.2289    axis=( -0.366879 -0.649472  0.666022)
     C    5    Vzz=    0.3317    axis=( -0.767065  0.616264  0.178412)
     C    5  Q=         1.0000 1e-30 m^2  Cq=         0.7793 MHz  eta= 0.38049

     H    6    Vxx=   -0.0479    axis=( -0.976825 -0.209099  0.045720)
     H    6    Vyy=   -0.8155    axis=(  0.176864 -0.668234  0.722622)
     H    6    Vzz=    0.8635    axis=(  0.120548 -0.713962 -0.689729)
     H    6  Q=         1.0000 1e-30 m^2  Cq=         2.0288 MHz  eta= 0.88896

     H    7    Vxx=    0.0305    axis=(  0.940180  0.192671  0.280963)
     H    7    Vyy=    0.6665    axis=( -0.025879  0.862723 -0.505015)
     H    7    Vzz=   -0.6971    axis=( -0.339695  0.467533  0.816101)
     H    7  Q=         1.0000 1e-30 m^2  Cq=        -1.6378 MHz  eta= 0.91239

     C    8    Vxx=    0.0239    axis=( -0.032517 -0.147431  0.988538)
     C    8    Vyy=    0.6527    axis=(  0.219027 -0.966071 -0.136876)
     C    8    Vzz=   -0.6766    axis=(  0.975177  0.212065  0.063705)
     C    8  Q=         1.0000 1e-30 m^2  Cq=        -1.5898 MHz  eta= 0.92929

     H    9    Vxx=    0.0056    axis=(  0.539098  0.718450 -0.439548)
     H    9    Vyy=    0.7205    axis=(  0.839013 -0.412431  0.354907)
     H    9    Vzz=   -0.7261    axis=(  0.073699 -0.560116 -0.825130)
     H    9  Q=         1.0000 1e-30 m^2  Cq=        -1.7061 MHz  eta= 0.98445

     C   10    Vxx=   -0.0815    axis=(  0.963970  0.225581 -0.140980)
     C   10    Vyy=   -0.4495    axis=( -0.262834  0.726022 -0.635461)
     C   10    Vzz=    0.5310    axis=( -0.040994  0.649619  0.759154)
     C   10  Q=         1.0000 1e-30 m^2  Cq=         1.2476 MHz  eta= 0.69319

     C   11    Vxx=    0.0218    axis=(  0.338140  0.724688 -0.600407)
     C   11    Vyy=    0.2649    axis=(  0.197628  0.569081  0.798179)
     C   11    Vzz=   -0.2867    axis=( -0.920111  0.388554 -0.049211)
     C   11  Q=         1.0000 1e-30 m^2  Cq=        -0.6737 MHz  eta= 0.84765

     Cl  12    Vxx=   -1.5236    axis=( -0.748165  0.564845  0.348138)
     Cl  12    Vyy=   -2.9502    axis=(  0.246085 -0.251050  0.936171)
     Cl  12    Vzz=    4.4737    axis=(  0.616192  0.786081  0.048827)
     Cl  12  Q=        -8.1650 1e-30 m^2  Cq=       -85.8266 MHz  eta= 0.31888

     H   13    Vxx=   -0.1545    axis=( -0.339819 -0.113330  0.933638)
     H   13    Vyy=   -0.1738    axis=( -0.933187  0.164114 -0.319734)
     H   13    Vzz=    0.3283    axis=( -0.116987 -0.979910 -0.161527)
     H   13  Q=         1.0000 1e-30 m^2  Cq=         0.7713 MHz  eta= 0.05898

     C   14    Vxx=   -0.0303    axis=( -0.381150  0.321323  0.866877)
     C   14    Vyy=   -0.6708    axis=(  0.844730 -0.260009  0.467789)
     C   14    Vzz=    0.7011    axis=(  0.375707  0.910575 -0.172328)
     C   14  Q=         1.0000 1e-30 m^2  Cq=         1.6473 MHz  eta= 0.91367

     H   15    Vxx=   -0.0202    axis=(  0.427078 -0.903069  0.045511)
     H   15    Vyy=   -0.4901    axis=( -0.444163 -0.165680  0.880494)
     H   15    Vzz=    0.5103    axis=( -0.787606 -0.396254 -0.471868)
     H   15  Q=         1.0000 1e-30 m^2  Cq=         1.1990 MHz  eta= 0.92099

     C   16    Vxx=   -0.1114    axis=( -0.718374  0.675917 -0.164547)
     C   16    Vyy=   -0.2489    axis=(  0.326954  0.536831  0.777762)
     C   16    Vzz=    0.3602    axis=( -0.614036 -0.504924  0.606639)
     C   16  Q=         1.0000 1e-30 m^2  Cq=         0.8464 MHz  eta= 0.38168

     C   17    Vxx=   -0.0830    axis=(  0.890729 -0.374614  0.257421)
     C   17    Vyy=   -0.2618    axis=(  0.177972  0.808563  0.560850)
     C   17    Vzz=    0.3448    axis=( -0.418243 -0.453752  0.786881)
     C   17  Q=         1.0000 1e-30 m^2  Cq=         0.8101 MHz  eta= 0.51870

     Cl  18    Vxx=   -0.1974    axis=( -0.023991 -0.287744  0.957407)
     Cl  18    Vyy=   -2.6112    axis=(  0.592721  0.767110  0.245405)
     Cl  18    Vzz=    2.8086    axis=( -0.805050  0.573363  0.152148)
     Cl  18  Q=        -8.1650 1e-30 m^2  Cq=       -53.8823 MHz  eta= 0.85944

     H   19    Vxx=   -0.0260    axis=( -0.565529 -0.509839 -0.648260)
     H   19    Vyy=   -0.5087    axis=(  0.785610 -0.093816 -0.611568)
     H   19    Vzz=    0.5347    axis=(  0.250984 -0.855139  0.453590)
     H   19  Q=         1.0000 1e-30 m^2  Cq=         1.2564 MHz  eta= 0.90271

     C   20    Vxx=    0.0301    axis=( -0.114600 -0.547214 -0.829110)
     C   20    Vyy=    0.8065    axis=( -0.792666 -0.452698  0.408345)
     C   20    Vzz=   -0.8367    axis=(  0.598789 -0.704003  0.381879)
     C   20  Q=         1.0000 1e-30 m^2  Cq=        -1.9658 MHz  eta= 0.92798

     H   21    Vxx=   -0.0445    axis=(  0.171509 -0.840907 -0.513284)
     H   21    Vyy=   -0.5410    axis=(  0.336918  0.539654 -0.771530)
     H   21    Vzz=    0.5855    axis=(  0.925781 -0.040611  0.375872)
     H   21  Q=         1.0000 1e-30 m^2  Cq=         1.3757 MHz  eta= 0.84795

     C   22    Vxx=   -0.0588    axis=( -0.388008  0.700558  0.598890)
     C   22    Vyy=   -0.6657    axis=( -0.903683 -0.161477 -0.396588)
     C   22    Vzz=    0.7244    axis=( -0.181126 -0.695086  0.695736)
     C   22  Q=         1.0000 1e-30 m^2  Cq=         1.7021 MHz  eta= 0.83775

     C   23    Vxx=   -0.1243    axis=(  0.491077 -0.254910 -0.832985)
     C   23    Vyy=   -0.5170    axis=(  0.510742 -0.690375  0.512371)
     C   23    Vzz=    0.6413    axis=( -0.705681 -0.677054 -0.208834)
     C   23  Q=         1.0000 1e-30 m^2  Cq=         1.5067 MHz  eta= 0.61234

     Cl  24    Vxx=   -0.9746    axis=(  0.642818  0.432378  0.632324)
     Cl  24    Vyy=   -2.1394    axis=( -0.651254  0.743080  0.153950)
     Cl  24    Vzz=    3.1140    axis=( -0.403303 -0.510765  0.759253)
     Cl  24  Q=        -8.1650 1e-30 m^2  Cq=       -59.7400 MHz  eta= 0.37407

     Initialization:
     gipaw_setup  :      9.19s CPU     11.13s WALL (       1 calls)

     Linear response

     Apply operators

     Induced current

     Other routines
     efg          :      9.50s CPU     11.69s WALL (       1 calls)

     General routines
     calbec       :      3.21s CPU      4.18s WALL (      16 calls)
     fft          :      1.41s CPU      1.84s WALL (      15 calls)
     ffts         :      0.04s CPU      0.05s WALL (       2 calls)
     fftw         :      3.37s CPU      3.85s WALL (     672 calls)
     davcio       :      0.04s CPU      0.33s WALL (      32 calls)

     Parallel routines
     fft_scatter  :      2.02s CPU      2.80s WALL (     689 calls)

     Plugins

     GIPAW        :     60.40s CPU     74.19s WALL (       1 calls)
