
     Program QE v.6.0 (svn rev. 13079) starts on 17Dec2016 at 11:13:53 

     This program is part of the open-source Quantum ESPRESSO suite
     for quantum simulation of materials; please cite
         "P. Giannozzi et al., J. Phys.:Condens. Matter 21 395502 (2009);
          URL http://www.quantum-espresso.org", 
     in publications or presentations arising from this work. More details at
     http://www.quantum-espresso.org/quote

     Parallel version (MPI), running on     8 processors
     R & G space division:  proc/nbgrp/npool/nimage =       8

     ***** This is GIPAW svn revision unknown      *****

     Parallelizing q-star over 1 images

     Reading data from directory:
     /users/majewski/paradichlorobenzene/pbe/9_constraint/scratch/pbe.ecut100.np8.dt60.pcl2phi-129368.save
     Message from routine read_xml_file:
     file /users/majewski/paradichlorobenzene/pbe/9_constraint/scratch/pbe.ecut100.np8.dt60.pcl2phi-129368.save not guaranteed to be safe for post-processing

   Info: using nr1, nr2, nr3 values from input

   Info: using nr1, nr2, nr3 values from input

     IMPORTANT: XC functional enforced from input :
     Exchange-correlation      =  SLA  PW   PBX  PBC ( 1  4  3  4 0 0)
     Any further DFT definition will be discarded
     Please, verify this is what you really want

               file C.pbe-n-kjpaw_psl.1.0.0.UPF: wavefunction(s)  2S 2P renormalized
               file Cl.pbe-n-kjpaw_psl.1.0.0.UPF: wavefunction(s)  3S 3P renormalized
               file H.pbe-kjpaw_psl.1.0.0.UPF: wavefunction(s)  1S renormalized

     Parallelization info
     --------------------
     sticks:   dense  smooth     PW     G-vecs:    dense   smooth      PW
     Min        3057    1223    332               144436    36536    5170
     Max        3059    1225    333               144437    36537    5171
     Sum       24467    9791   2657              1155489   292295   41363


     Subspace diagonalization in iterative solution of the eigenvalue problem:
     a serial algorithm will be used

     GIPAW projectors -----------------------------------------------
     atom=  C    l=0  rc=    1.2000  rs=    0.8000
     atom=  C    l=0  rc=    1.2000  rs=    0.8000
     atom=  C    l=1  rc=    1.4000  rs=    0.9333
     atom=  C    l=1  rc=    1.4000  rs=    0.9333
     projs nearly linearly dependent: l=1  n1,n2= 1, 2  s=  0.99951561

     atom=  Cl   l=0  rc=    1.6000  rs=    1.0667
     atom=  Cl   l=0  rc=    1.6000  rs=    1.0667
     atom=  Cl   l=1  rc=    1.6000  rs=    1.0667
     atom=  Cl   l=1  rc=    1.6000  rs=    1.0667
     atom=  Cl   l=2  rc=    1.6000  rs=    1.0667
     atom=  Cl   l=2  rc=    1.6000  rs=    1.0667
     projs nearly linearly dependent: l=2  n1,n2= 1, 2  s=  0.99993509

     atom=  H    l=0  rc=    1.0000  rs=    0.6667
     atom=  H    l=0  rc=    1.0000  rs=    0.6667
     projs nearly linearly dependent: l=0  n1,n2= 1, 2  s=  0.99968852
     -----------------------------------------------------------------

     GIPAW integrals: -------------------------------------------
     Atom  i/j   nmr_para   nmr_dia   epr_rmc  epr_para   epr_dia
       C   1 1   0.83E+03  0.17E-01  0.93E+01  0.24E+08  0.24E+03
       C   2 1   0.86E+03 -0.61E-01  0.94E+01  0.25E+08  0.25E+03
       C   2 2   0.90E+03 -0.15E+00  0.97E+01  0.26E+08  0.26E+03
       C   3 3   0.33E+01  0.34E+00  0.18E+01  0.55E+03  0.21E+02
       C   4 3   0.35E+01  0.37E+00  0.20E+01  0.59E+03  0.22E+02
       C   4 4   0.38E+01  0.39E+00  0.22E+01  0.63E+03  0.24E+02
       Cl  1 1   0.14E+04 -0.47E+00  0.84E+01  0.32E+09  0.42E+03
       Cl  2 1   0.21E+04 -0.37E+00  0.12E+02  0.49E+09  0.65E+03
       Cl  2 2   0.33E+04 -0.16E+00  0.21E+02  0.76E+09  0.10E+04
       Cl  3 3   0.21E+02  0.79E-01  0.89E+01  0.23E+05  0.13E+03
       Cl  4 3   0.24E+02  0.67E-01  0.99E+01  0.27E+05  0.15E+03
       Cl  4 4   0.28E+02  0.44E-01  0.11E+02  0.32E+05  0.18E+03
       Cl  5 5   0.77E+00  0.19E+00  0.18E+01  0.12E+03  0.22E+02
       Cl  6 5   0.80E+00  0.19E+00  0.19E+01  0.12E+03  0.23E+02
       Cl  6 6   0.83E+00  0.20E+00  0.19E+01  0.12E+03  0.23E+02
       H   1 1   0.39E+02  0.19E+00  0.29E+00  0.78E+05  0.13E+02
       H   2 1   0.41E+02  0.21E+00  0.32E+00  0.82E+05  0.14E+02
       H   2 2   0.43E+02  0.22E+00  0.36E+00  0.86E+05  0.15E+02
     ------------------------------------------------------------

     alpha_pv=     34.2785 eV

     Number of occupied bands for each k-point:
     k-point:     1    nbnd_occ=  42
     k-point:     2    nbnd_occ=  42
     k-point:     3    nbnd_occ=  42
     k-point:     4    nbnd_occ=  42
     k-point:     5    nbnd_occ=  42
     k-point:     6    nbnd_occ=  42
     k-point:     7    nbnd_occ=  42
     k-point:     8    nbnd_occ=  42
     k-point:     9    nbnd_occ=  42
     k-point:    10    nbnd_occ=  42
     k-point:    11    nbnd_occ=  42
     k-point:    12    nbnd_occ=  42
     k-point:    13    nbnd_occ=  42
     k-point:    14    nbnd_occ=  42
     k-point:    15    nbnd_occ=  42
     k-point:    16    nbnd_occ=  42


     q-space interpolation up to   110.00 Rydberg

     GIPAW job: efg                                                                             


     ELECTRIC FIELD GRADIENTS TENSORS IN Hartree/bohrradius^2:

     ----- bare term -----
     Cl   1        0.028476       -0.047581       -0.146496
     Cl   1       -0.047581       -0.063103       -0.048223
     Cl   1       -0.146496       -0.048223        0.034627

     C    2       -0.504732        0.325599       -0.388094
     C    2        0.325599       -0.021366       -0.139901
     C    2       -0.388094       -0.139901        0.526098

     C    3       -0.013884        0.029334       -0.273679
     C    3        0.029334       -0.347680       -0.458495
     C    3       -0.273679       -0.458495        0.361564

     H    4       -0.512076       -0.253512       -0.385743
     H    4       -0.253512        0.315616       -0.186826
     H    4       -0.385743       -0.186826        0.196460

     C    5       -0.890711        0.353686       -0.438491
     C    5        0.353686        0.416869       -0.009101
     C    5       -0.438491       -0.009101        0.473843

     H    6        0.295400       -0.021210       -0.121962
     H    6       -0.021210       -0.499458       -0.614406
     H    6       -0.121962       -0.614406        0.204058

     H    7        0.391392       -0.146490       -0.037223
     H    7       -0.146490       -0.724328        0.271762
     H    7       -0.037223        0.271762        0.332936

     C    8       -0.237186       -0.009409       -0.318243
     C    8       -0.009409        0.028290        0.540021
     C    8       -0.318243        0.540021        0.208896

     H    9       -0.250143        0.209677       -0.511659
     H    9        0.209677        0.332825        0.261376
     H    9       -0.511659        0.261376       -0.082682

     C   10       -0.521751       -0.350691       -0.288617
     C   10       -0.350691        0.091369        0.243367
     C   10       -0.288617        0.243367        0.430382

     C   11       -0.031249       -0.087930       -0.245768
     C   11       -0.087930       -0.175431        0.525365
     C   11       -0.245768        0.525365        0.206680

     Cl  12       -0.158388       -0.198433        0.001699
     Cl  12       -0.198433        0.159022       -0.048372
     Cl  12        0.001699       -0.048372       -0.000634

     H   13        0.173560        0.158548        0.330966
     H   13        0.158548       -0.004301       -0.475707
     H   13        0.330966       -0.475707       -0.169259

     C   14       -0.078758       -0.216731       -0.417310
     C   14       -0.216731       -0.191415       -0.331841
     C   14       -0.417310       -0.331841        0.270173

     H   15        0.013399       -0.227156       -0.384454
     H   15       -0.227156       -0.065413       -0.513379
     H   15       -0.384454       -0.513379        0.052014

     C   16       -0.687183        0.355409       -0.401065
     C   16        0.355409        0.242618        0.008670
     C   16       -0.401065        0.008670        0.444565

     C   17        0.018906       -0.046823       -0.250404
     C   17       -0.046823       -0.136556       -0.484215
     C   17       -0.250404       -0.484215        0.117650

     Cl  18       -0.142721        0.233357       -0.000054
     Cl  18        0.233357       -0.051821       -0.008889
     Cl  18       -0.000054       -0.008889        0.194542

     H   19        0.327037        0.060492        0.343760
     H   19        0.060492        0.090236        0.242268
     H   19        0.343760        0.242268       -0.417273

     C   20       -0.557965       -0.361396       -0.379226
     C   20       -0.361396        0.324894        0.294631
     C   20       -0.379226        0.294631        0.233071

     H   21        0.139888        0.083839       -0.303913
     H   21        0.083839        0.420515       -0.131554
     H   21       -0.303913       -0.131554       -0.560403

     C   22        0.045216       -0.234378       -0.099748
     C   22       -0.234378       -0.116087        0.322765
     C   22       -0.099748        0.322765        0.070871

     C   23       -0.343761       -0.309630       -0.434367
     C   23       -0.309630        0.109844        0.358880
     C   23       -0.434367        0.358880        0.233916

     Cl  24       -0.002962       -0.039630       -0.028793
     Cl  24       -0.039630       -0.013955       -0.043940
     Cl  24       -0.028793       -0.043940        0.016917

     ----- ionic term -----
     Cl   1        0.184544       -0.239714        0.007210
     Cl   1       -0.239714       -0.027529       -0.000670
     Cl   1        0.007210       -0.000670       -0.157015

     C    2        0.231853       -0.219398        0.222326
     C    2       -0.219398        0.045194        0.427314
     C    2        0.222326        0.427314       -0.277047

     C    3        0.155243       -0.235831        0.137137
     C    3       -0.235831        0.126794        0.441007
     C    3        0.137137        0.441007       -0.282037

     H    4        0.460521        0.439623        0.635289
     H    4        0.439623       -0.318841        0.355076
     H    4        0.635289        0.355076       -0.141680

     C    5        0.335055       -0.202111        0.220437
     C    5       -0.202111        0.006690        0.311764
     C    5        0.220437        0.311764       -0.341745

     H    6       -0.497415       -0.087126       -0.035344
     H    6       -0.087126        0.718188        0.680906
     H    6       -0.035344        0.680906       -0.220773

     H    7       -0.532587        0.029802        0.007428
     H    7        0.029802        0.703864       -0.690633
     H    7        0.007428       -0.690633       -0.171277

     C    8        0.214053        0.247268        0.360045
     C    8        0.247268        0.043457       -0.276377
     C    8        0.360045       -0.276377       -0.257510

     H    9        0.552219       -0.183293        0.720856
     H    9       -0.183293       -0.490139       -0.203522
     H    9        0.720856       -0.203522       -0.062080

     C   10        0.118215        0.322837        0.225463
     C   10        0.322837        0.175170       -0.338547
     C   10        0.225463       -0.338547       -0.293385

     C   11        0.146950        0.270420        0.298306
     C   11        0.270420        0.076842       -0.375710
     C   11        0.298306       -0.375710       -0.223793

     Cl  12        0.154782        0.221345        0.009775
     Cl  12        0.221345        0.004707       -0.001274
     Cl  12        0.009775       -0.001274       -0.159489

     H   13       -0.492937       -0.134305       -0.086525
     H   13       -0.134305        0.446332        0.777631
     H   13       -0.086525        0.777631        0.046605

     C   14        0.322691       -0.216491        0.217500
     C   14       -0.216491       -0.057117        0.323455
     C   14        0.217500        0.323455       -0.265573

     H   15        0.620693        0.367981        0.663990
     H   15        0.367981       -0.430215        0.263683
     H   15        0.663990        0.263683       -0.190478

     C   16        0.231961       -0.234461        0.154754
     C   16       -0.234461        0.036302        0.381742
     C   16        0.154754        0.381742       -0.268263

     C   17        0.297424       -0.155215        0.207537
     C   17       -0.155215       -0.042281        0.419520
     C   17        0.207537        0.419520       -0.255143

     Cl  18        0.184840       -0.181237       -0.015088
     Cl  18       -0.181237       -0.051642        0.008944
     Cl  18       -0.015088        0.008944       -0.133198

     H   19       -0.506544        0.116590       -0.077448
     H   19        0.116590        0.358690       -0.784353
     H   19       -0.077448       -0.784353        0.147855

     C   20        0.199845        0.295887        0.339988
     C   20        0.295887       -0.032940       -0.261101
     C   20        0.339988       -0.261101       -0.166906

     H   21        0.350272       -0.280751        0.761857
     H   21       -0.280751       -0.402823       -0.306268
     H   21        0.761857       -0.306268        0.052550

     C   22        0.088363        0.289606        0.259210
     C   22        0.289606        0.116049       -0.335264
     C   22        0.259210       -0.335264       -0.204412

     C   23        0.188105        0.233884        0.395372
     C   23        0.233884       -0.000146       -0.344976
     C   23        0.395372       -0.344976       -0.187959

     Cl  24        0.154198        0.245555        0.065218
     Cl  24        0.245555       -0.009536        0.027689
     Cl  24        0.065218        0.027689       -0.144662

     ----- GIPAW term -----
     Cl   1        1.679414       -2.056024       -1.883513
     Cl   1       -2.056024       -1.008524       -0.275979
     Cl   1       -1.883513       -0.275979       -0.670891

     C    2       -0.020688       -0.118973       -0.198462
     C    2       -0.118973       -0.051559        0.105262
     C    2       -0.198462        0.105262        0.072248

     C    3       -0.078660       -0.087176       -0.103964
     C    3       -0.087176        0.012817        0.094663
     C    3       -0.103964        0.094663        0.065842

     H    4       -0.000000        0.000000        0.000000
     H    4        0.000000        0.000000        0.000000
     H    4        0.000000        0.000000        0.000000

     C    5       -0.248226        0.028458       -0.062077
     C    5        0.028458        0.235987        0.169739
     C    5       -0.062077        0.169739        0.012238

     H    6       -0.000000        0.000000        0.000000
     H    6        0.000000        0.000000        0.000000
     H    6        0.000000        0.000000        0.000000

     H    7       -0.000000        0.000000        0.000000
     H    7        0.000000        0.000000        0.000000
     H    7        0.000000        0.000000        0.000000

     C    8       -0.095165        0.037509       -0.038942
     C    8        0.037509        0.171371        0.164141
     C    8       -0.038942        0.164141       -0.076206

     H    9       -0.000000        0.000000        0.000000
     H    9        0.000000        0.000000        0.000000
     H    9        0.000000        0.000000        0.000000

     C   10       -0.165144        0.014240       -0.079347
     C   10        0.014240        0.154825       -0.035825
     C   10       -0.079347       -0.035825        0.010319

     C   11        0.034502        0.062844       -0.015073
     C   11        0.062844        0.058782        0.010836
     C   11       -0.015073        0.010836       -0.093285

     Cl  12        0.325589        0.964914        0.004331
     Cl  12        0.964914        1.530696       -0.476085
     Cl  12        0.004331       -0.476085       -1.856285

     H   13       -0.000000        0.000000        0.000000
     H   13        0.000000        0.000000        0.000000
     H   13        0.000000        0.000000        0.000000

     C   14       -0.019911       -0.157943       -0.171624
     C   14       -0.157943       -0.059700        0.091096
     C   14       -0.171624        0.091096        0.079611

     H   15       -0.000000        0.000000        0.000000
     H   15        0.000000        0.000000        0.000000
     H   15        0.000000        0.000000        0.000000

     C   16       -0.187711       -0.050273       -0.124869
     C   16       -0.050273        0.130261        0.180775
     C   16       -0.124869        0.180775        0.057450

     C   17       -0.065363       -0.089066       -0.018010
     C   17       -0.089066        0.180735        0.117208
     C   17       -0.018010        0.117208       -0.115372

     Cl  18       -0.644742        0.737698       -0.117744
     Cl  18        0.737698        2.457485       -0.077625
     Cl  18       -0.117744       -0.077625       -1.812743

     H   19       -0.000000        0.000000        0.000000
     H   19        0.000000        0.000000        0.000000
     H   19        0.000000        0.000000        0.000000

     C   20       -0.129204       -0.153110       -0.103175
     C   20       -0.153110        0.155434        0.151333
     C   20       -0.103175        0.151333       -0.026231

     H   21       -0.000000        0.000000        0.000000
     H   21        0.000000        0.000000        0.000000
     H   21        0.000000        0.000000        0.000000

     C   22       -0.043558       -0.059735       -0.059927
     C   22       -0.059735        0.014837        0.116074
     C   22       -0.059927        0.116074        0.028721

     C   23       -0.082511       -0.071311       -0.115296
     C   23       -0.071311        0.139052        0.178435
     C   23       -0.115296        0.178435       -0.056541

     Cl  24       -0.464029        0.721046       -0.979689
     Cl  24        0.721046       -0.316437        1.826999
     Cl  24       -0.979689        1.826999        0.780466

     ----- total EFG -----
     Cl   1        1.892434       -2.343319       -2.022799
     Cl   1       -2.343319       -1.099156       -0.324872
     Cl   1       -2.022799       -0.324872       -0.793279

     C    2       -0.293567       -0.012773       -0.364229
     C    2       -0.012773       -0.027731        0.392675
     C    2       -0.364229        0.392675        0.321298

     C    3        0.062700       -0.293673       -0.240505
     C    3       -0.293673       -0.208069        0.077174
     C    3       -0.240505        0.077174        0.145370

     H    4       -0.051555        0.186111        0.249546
     H    4        0.186111       -0.003226        0.168250
     H    4        0.249546        0.168250        0.054780

     C    5       -0.803882        0.180032       -0.280130
     C    5        0.180032        0.659546        0.472402
     C    5       -0.280130        0.472402        0.144336

     H    6       -0.202015       -0.108335       -0.157306
     H    6       -0.108335        0.218730        0.066500
     H    6       -0.157306        0.066500       -0.016715

     H    7       -0.141195       -0.116688       -0.029794
     H    7       -0.116688       -0.020465       -0.418871
     H    7       -0.029794       -0.418871        0.161659

     C    8       -0.118297        0.275368        0.002859
     C    8        0.275368        0.243118        0.427785
     C    8        0.002859        0.427785       -0.124820

     H    9        0.302076        0.026384        0.209197
     H    9        0.026384       -0.157314        0.057854
     H    9        0.209197        0.057854       -0.144762

     C   10       -0.568680       -0.013614       -0.142501
     C   10       -0.013614        0.421365       -0.131006
     C   10       -0.142501       -0.131006        0.147316

     C   11        0.150204        0.245334        0.037465
     C   11        0.245334       -0.039806        0.160491
     C   11        0.037465        0.160491       -0.110398

     Cl  12        0.321983        0.987826        0.015805
     Cl  12        0.987826        1.694425       -0.525731
     Cl  12        0.015805       -0.525731       -2.016408

     H   13       -0.319377        0.024242        0.244441
     H   13        0.024242        0.442031        0.301924
     H   13        0.244441        0.301924       -0.122654

     C   14        0.224022       -0.591165       -0.371433
     C   14       -0.591165       -0.308233        0.082711
     C   14       -0.371433        0.082711        0.084211

     H   15        0.634092        0.140825        0.279536
     H   15        0.140825       -0.495628       -0.249696
     H   15        0.279536       -0.249696       -0.138464

     C   16       -0.642934        0.070675       -0.371180
     C   16        0.070675        0.409182        0.571186
     C   16       -0.371180        0.571186        0.233752

     C   17        0.250967       -0.291104       -0.060877
     C   17       -0.291104        0.001898        0.052512
     C   17       -0.060877        0.052512       -0.252866

     Cl  18       -0.602622        0.789818       -0.132886
     Cl  18        0.789818        2.354022       -0.077570
     Cl  18       -0.132886       -0.077570       -1.751399

     H   19       -0.179508        0.177082        0.266311
     H   19        0.177082        0.448926       -0.542085
     H   19        0.266311       -0.542085       -0.269418

     C   20       -0.487323       -0.218619       -0.142413
     C   20       -0.218619        0.447389        0.184864
     C   20       -0.142413        0.184864        0.039934

     H   21        0.490160       -0.196911        0.457944
     H   21       -0.196911        0.017692       -0.437822
     H   21        0.457944       -0.437822       -0.507853

     C   22        0.090021       -0.004507        0.099534
     C   22       -0.004507        0.014798        0.103575
     C   22        0.099534        0.103575       -0.104819

     C   23       -0.238167       -0.147057       -0.154290
     C   23       -0.147057        0.248750        0.192339
     C   23       -0.154290        0.192339       -0.010583

     Cl  24       -0.312794        0.926971       -0.943264
     Cl  24        0.926971       -0.339928        1.810747
     Cl  24       -0.943264        1.810747        0.652721

     ----- total EFG (symmetrized) -----
     Cl   1        1.892434       -2.343319       -2.022799
     Cl   1       -2.343319       -1.099156       -0.324872
     Cl   1       -2.022799       -0.324872       -0.793279

     C    2       -0.293567       -0.012773       -0.364229
     C    2       -0.012773       -0.027731        0.392675
     C    2       -0.364229        0.392675        0.321298

     C    3        0.062700       -0.293673       -0.240505
     C    3       -0.293673       -0.208069        0.077174
     C    3       -0.240505        0.077174        0.145370

     H    4       -0.051555        0.186111        0.249546
     H    4        0.186111       -0.003226        0.168250
     H    4        0.249546        0.168250        0.054780

     C    5       -0.803882        0.180032       -0.280130
     C    5        0.180032        0.659546        0.472402
     C    5       -0.280130        0.472402        0.144336

     H    6       -0.202015       -0.108335       -0.157306
     H    6       -0.108335        0.218730        0.066500
     H    6       -0.157306        0.066500       -0.016715

     H    7       -0.141195       -0.116688       -0.029794
     H    7       -0.116688       -0.020465       -0.418871
     H    7       -0.029794       -0.418871        0.161659

     C    8       -0.118297        0.275368        0.002859
     C    8        0.275368        0.243118        0.427785
     C    8        0.002859        0.427785       -0.124820

     H    9        0.302076        0.026384        0.209197
     H    9        0.026384       -0.157314        0.057854
     H    9        0.209197        0.057854       -0.144762

     C   10       -0.568680       -0.013614       -0.142501
     C   10       -0.013614        0.421365       -0.131006
     C   10       -0.142501       -0.131006        0.147316

     C   11        0.150204        0.245334        0.037465
     C   11        0.245334       -0.039806        0.160491
     C   11        0.037465        0.160491       -0.110398

     Cl  12        0.321983        0.987826        0.015805
     Cl  12        0.987826        1.694425       -0.525731
     Cl  12        0.015805       -0.525731       -2.016408

     H   13       -0.319377        0.024242        0.244441
     H   13        0.024242        0.442031        0.301924
     H   13        0.244441        0.301924       -0.122654

     C   14        0.224022       -0.591165       -0.371433
     C   14       -0.591165       -0.308233        0.082711
     C   14       -0.371433        0.082711        0.084211

     H   15        0.634092        0.140825        0.279536
     H   15        0.140825       -0.495628       -0.249696
     H   15        0.279536       -0.249696       -0.138464

     C   16       -0.642934        0.070675       -0.371180
     C   16        0.070675        0.409182        0.571186
     C   16       -0.371180        0.571186        0.233752

     C   17        0.250967       -0.291104       -0.060877
     C   17       -0.291104        0.001898        0.052512
     C   17       -0.060877        0.052512       -0.252866

     Cl  18       -0.602622        0.789818       -0.132886
     Cl  18        0.789818        2.354022       -0.077570
     Cl  18       -0.132886       -0.077570       -1.751399

     H   19       -0.179508        0.177082        0.266311
     H   19        0.177082        0.448926       -0.542085
     H   19        0.266311       -0.542085       -0.269418

     C   20       -0.487323       -0.218619       -0.142413
     C   20       -0.218619        0.447389        0.184864
     C   20       -0.142413        0.184864        0.039934

     H   21        0.490160       -0.196911        0.457944
     H   21       -0.196911        0.017692       -0.437822
     H   21        0.457944       -0.437822       -0.507853

     C   22        0.090021       -0.004507        0.099534
     C   22       -0.004507        0.014798        0.103575
     C   22        0.099534        0.103575       -0.104819

     C   23       -0.238167       -0.147057       -0.154290
     C   23       -0.147057        0.248750        0.192339
     C   23       -0.154290        0.192339       -0.010583

     Cl  24       -0.312794        0.926971       -0.943264
     Cl  24        0.926971       -0.339928        1.810747
     Cl  24       -0.943264        1.810747        0.652721


     NQR/NMR SPECTROSCOPIC PARAMETERS:
     Cl   1    Vxx=   -0.6001    axis=(  0.028427 -0.635678  0.771431)
     Cl   1    Vyy=   -3.1824    axis=( -0.520447 -0.668300 -0.531517)
     Cl   1    Vzz=    3.7825    axis=( -0.853421  0.386379  0.349834)
     Cl   1  Q=        -8.1650 1e-30 m^2  Cq=       -72.5661 MHz  eta= 0.68269

     C    2    Vxx=   -0.1539    axis=(  0.550420  0.799914 -0.239115)
     C    2    Vyy=   -0.5267    axis=( -0.772983  0.380031 -0.508009)
     C    2    Vzz=    0.6806    axis=( -0.315493  0.464450  0.827496)
     C    2  Q=         1.0000 1e-30 m^2  Cq=         1.5990 MHz  eta= 0.54773

     C    3    Vxx=   -0.0446    axis=(  0.455662 -0.458398  0.763049)
     C    3    Vyy=   -0.4052    axis=( -0.576790 -0.804956 -0.139137)
     C    3    Vzz=    0.4498    axis=(  0.678001 -0.376719 -0.631188)
     C    3  Q=         1.0000 1e-30 m^2  Cq=         1.0568 MHz  eta= 0.80162

     H    4    Vxx=   -0.1432    axis=(  0.094876 -0.814380  0.572524)
     H    4    Vyy=   -0.2641    axis=( -0.822227  0.260110  0.506246)
     H    4    Vzz=    0.4073    axis=(  0.561196  0.518775  0.644927)
     H    4  Q=         1.0000 1e-30 m^2  Cq=         0.9569 MHz  eta= 0.29682

     C    5    Vxx=    0.0014    axis=( -0.381872 -0.467692  0.797144)
     C    5    Vyy=    0.9401    axis=( -0.007186 -0.860980 -0.508588)
     C    5    Vzz=   -0.9415    axis=( -0.924187  0.199944 -0.325423)
     C    5  Q=         1.0000 1e-30 m^2  Cq=        -2.2121 MHz  eta= 0.99709

     H    6    Vxx=    0.0155    axis=( -0.359920 -0.457821  0.812931)
     H    6    Vyy=    0.2841    axis=( -0.311881  0.880239  0.357644)
     H    6    Vzz=   -0.2996    axis=( -0.879311 -0.124815 -0.459601)
     H    6  Q=         1.0000 1e-30 m^2  Cq=        -0.7040 MHz  eta= 0.89667

     H    7    Vxx=   -0.0990    axis=(  0.918290 -0.254219 -0.303507)
     H    7    Vyy=   -0.4042    axis=(  0.387928  0.730913  0.561497)
     H    7    Vzz=    0.5032    axis=(  0.079094 -0.633355  0.769808)
     H    7  Q=         1.0000 1e-30 m^2  Cq=         1.1824 MHz  eta= 0.60636

     C    8    Vxx=   -0.1228    axis=(  0.843999 -0.008191 -0.536282)
     C    8    Vyy=   -0.4789    axis=( -0.434411  0.575994 -0.692472)
     C    8    Vzz=    0.6016    axis=(  0.314567  0.817413  0.482580)
     C    8  Q=         1.0000 1e-30 m^2  Cq=         1.4136 MHz  eta= 0.59183

     H    9    Vxx=   -0.1392    axis=(  0.236390 -0.891593 -0.386240)
     H    9    Vyy=   -0.2493    axis=(  0.298969  0.444963 -0.844171)
     H    9    Vzz=    0.3886    axis=(  0.924520  0.084080  0.371744)
     H    9  Q=         1.0000 1e-30 m^2  Cq=         0.9130 MHz  eta= 0.28333

     C   10    Vxx=    0.1219    axis=(  0.193738 -0.385785 -0.902017)
     C   10    Vyy=    0.4756    axis=( -0.040593 -0.921803  0.385528)
     C   10    Vzz=   -0.5974    axis=(  0.980213  0.038076  0.194249)
     C   10  Q=         1.0000 1e-30 m^2  Cq=        -1.4038 MHz  eta= 0.59196

     C   11    Vxx=   -0.0635    axis=( -0.536264  0.349766  0.768170)
     C   11    Vyy=   -0.2884    axis=( -0.358370  0.729641 -0.582404)
     C   11    Vzz=    0.3519    axis=(  0.764193  0.587611  0.265934)
     C   11  Q=         1.0000 1e-30 m^2  Cq=         0.8268 MHz  eta= 0.63922

     Cl  12    Vxx=   -0.1605    axis=(  0.889956 -0.436739  0.131292)
     Cl  12    Vyy=   -2.1000    axis=(  0.069502 -0.154641 -0.985523)
     Cl  12    Vzz=    2.2605    axis=(  0.450719  0.886197 -0.107269)
     Cl  12  Q=        -8.1650 1e-30 m^2  Cq=       -43.3660 MHz  eta= 0.85804

     H   13    Vxx=   -0.0785    axis=(  0.628217 -0.412066  0.659959)
     H   13    Vyy=   -0.5113    axis=( -0.765619 -0.176451  0.618622)
     H   13    Vzz=    0.5898    axis=(  0.138462  0.893905  0.426335)
     H   13  Q=         1.0000 1e-30 m^2  Cq=         1.3858 MHz  eta= 0.73385

     C   14    Vxx=   -0.0745    axis=(  0.281668 -0.404465  0.870098)
     C   14    Vyy=   -0.7153    axis=( -0.574747 -0.797251 -0.184545)
     C   14    Vzz=    0.7897    axis=(  0.768329 -0.448106 -0.457025)
     C   14  Q=         1.0000 1e-30 m^2  Cq=         1.8556 MHz  eta= 0.81139

     H   15    Vxx=   -0.0525    axis=(  0.223613  0.531487 -0.817018)
     H   15    Vyy=   -0.6749    axis=( -0.196924  0.845593  0.496179)
     H   15    Vzz=    0.7275    axis=( -0.954577 -0.049939 -0.293748)
     H   15  Q=         1.0000 1e-30 m^2  Cq=         1.7093 MHz  eta= 0.85556

     C   16    Vxx=   -0.0778    axis=( -0.476514 -0.639025  0.603806)
     C   16    Vyy=   -0.8455    axis=( -0.870033  0.244017 -0.428366)
     C   16    Vzz=    0.9233    axis=(  0.126398 -0.729453 -0.672251)
     C   16  Q=         1.0000 1e-30 m^2  Cq=         2.1695 MHz  eta= 0.83143

     C   17    Vxx=   -0.1888    axis=(  0.559933  0.817041  0.137551)
     C   17    Vyy=   -0.2633    axis=( -0.016363  0.176890 -0.984095)
     C   17    Vzz=    0.4521    axis=( -0.828377  0.548776  0.112416)
     C   17  Q=         1.0000 1e-30 m^2  Cq=         1.0622 MHz  eta= 0.16492

     Cl  18    Vxx=   -0.7879    axis=(  0.962940 -0.244860 -0.113090)
     Cl  18    Vyy=   -1.7666    axis=(  0.115764 -0.003491  0.993271)
     Cl  18    Vzz=    2.5545    axis=( -0.243607 -0.969552  0.024985)
     Cl  18  Q=        -8.1650 1e-30 m^2  Cq=       -49.0062 MHz  eta= 0.38316

     H   19    Vxx=    0.0001    axis=(  0.869008  0.202441  0.451489)
     H   19    Vyy=    0.7411    axis=( -0.035593 -0.884532  0.465120)
     H   19    Vzz=   -0.7412    axis=(  0.493515 -0.420263 -0.761460)
     H   19  Q=         1.0000 1e-30 m^2  Cq=        -1.7415 MHz  eta= 0.99972

     C   20    Vxx=   -0.0264    axis=( -0.092744 -0.398781  0.912344)
     C   20    Vyy=   -0.5537    axis=( -0.967922 -0.178780 -0.176537)
     C   20    Vzz=    0.5801    axis=(  0.233508 -0.899450 -0.369409)
     C   20  Q=         1.0000 1e-30 m^2  Cq=         1.3629 MHz  eta= 0.90900

     H   21    Vxx=    0.0050    axis=(  0.536232  0.815579 -0.217456)
     H   21    Vyy=    0.8278    axis=( -0.807220  0.420218 -0.414504)
     H   21    Vzz=   -0.8328    axis=( -0.246682  0.397805  0.883685)
     H   21  Q=         1.0000 1e-30 m^2  Cq=        -1.9567 MHz  eta= 0.98809

     C   22    Vxx=    0.0479    axis=(  0.491901 -0.835231 -0.245810)
     C   22    Vyy=    0.1451    axis=(  0.815265  0.342782  0.466736)
     C   22    Vzz=   -0.1930    axis=( -0.305574 -0.429988  0.849550)
     C   22  Q=         1.0000 1e-30 m^2  Cq=        -0.4536 MHz  eta= 0.50338

     C   23    Vxx=   -0.0938    axis=( -0.271261 -0.557151  0.784857)
     C   23    Vyy=   -0.3208    axis=( -0.914762 -0.104400 -0.390270)
     C   23    Vzz=    0.4146    axis=(  0.299378 -0.823822 -0.481342)
     C   23  Q=         1.0000 1e-30 m^2  Cq=         0.9741 MHz  eta= 0.54751

     Cl  24    Vxx=    0.4531    axis=(  0.852297  0.469418 -0.230728)
     Cl  24    Vyy=    2.0524    axis=( -0.097738  0.576273  0.811392)
     Cl  24    Vzz=   -2.5055    axis=(  0.513845 -0.668996  0.537036)
     Cl  24  Q=        -8.1650 1e-30 m^2  Cq=        48.0666 MHz  eta= 0.63831

     Initialization:
     gipaw_setup  :      9.39s CPU     10.84s WALL (       1 calls)

     Linear response

     Apply operators

     Induced current

     Other routines
     efg          :      9.51s CPU     11.98s WALL (       1 calls)

     General routines
     calbec       :      3.31s CPU      4.32s WALL (      16 calls)
     fft          :      1.34s CPU      1.53s WALL (      15 calls)
     ffts         :      0.03s CPU      0.05s WALL (       2 calls)
     fftw         :      3.50s CPU      4.32s WALL (     672 calls)
     davcio       :      0.02s CPU      0.33s WALL (      32 calls)

     Parallel routines
     fft_scatter  :      2.18s CPU      3.08s WALL (     689 calls)

     Plugins

     GIPAW        :     62.34s CPU     75.74s WALL (       1 calls)
