
     Program QE v.6.0 (svn rev. 13079) starts on 31Dec2016 at 17:40:48 

     This program is part of the open-source Quantum ESPRESSO suite
     for quantum simulation of materials; please cite
         "P. Giannozzi et al., J. Phys.:Condens. Matter 21 395502 (2009);
          URL http://www.quantum-espresso.org", 
     in publications or presentations arising from this work. More details at
     http://www.quantum-espresso.org/quote

     Parallel version (MPI), running on     8 processors
     R & G space division:  proc/nbgrp/npool/nimage =       8

     ***** This is GIPAW svn revision unknown      *****

     Parallelizing q-star over 1 images

     Reading data from directory:
     /users/majewski/paradichlorobenzene/pbe/9_constraint/scratch/pbe.ecut100.np8.dt60.pcl2phi-129368.save
     Message from routine read_xml_file:
     file /users/majewski/paradichlorobenzene/pbe/9_constraint/scratch/pbe.ecut100.np8.dt60.pcl2phi-129368.save not guaranteed to be safe for post-processing

   Info: using nr1, nr2, nr3 values from input

   Info: using nr1, nr2, nr3 values from input

     IMPORTANT: XC functional enforced from input :
     Exchange-correlation      =  SLA  PW   PBX  PBC ( 1  4  3  4 0 0)
     Any further DFT definition will be discarded
     Please, verify this is what you really want

               file C.pbe-n-kjpaw_psl.1.0.0.UPF: wavefunction(s)  2S 2P renormalized
               file Cl.pbe-n-kjpaw_psl.1.0.0.UPF: wavefunction(s)  3S 3P renormalized
               file H.pbe-kjpaw_psl.1.0.0.UPF: wavefunction(s)  1S renormalized

     Parallelization info
     --------------------
     sticks:   dense  smooth     PW     G-vecs:    dense   smooth      PW
     Min        3057    1223    332               144436    36536    5170
     Max        3059    1225    333               144437    36537    5171
     Sum       24467    9791   2657              1155489   292295   41363


     Subspace diagonalization in iterative solution of the eigenvalue problem:
     a serial algorithm will be used

     GIPAW projectors -----------------------------------------------
     atom=  C    l=0  rc=    1.2000  rs=    0.8000
     atom=  C    l=0  rc=    1.2000  rs=    0.8000
     atom=  C    l=1  rc=    1.4000  rs=    0.9333
     atom=  C    l=1  rc=    1.4000  rs=    0.9333
     projs nearly linearly dependent: l=1  n1,n2= 1, 2  s=  0.99951561

     atom=  Cl   l=0  rc=    1.6000  rs=    1.0667
     atom=  Cl   l=0  rc=    1.6000  rs=    1.0667
     atom=  Cl   l=1  rc=    1.6000  rs=    1.0667
     atom=  Cl   l=1  rc=    1.6000  rs=    1.0667
     atom=  Cl   l=2  rc=    1.6000  rs=    1.0667
     atom=  Cl   l=2  rc=    1.6000  rs=    1.0667
     projs nearly linearly dependent: l=2  n1,n2= 1, 2  s=  0.99993509

     atom=  H    l=0  rc=    1.0000  rs=    0.6667
     atom=  H    l=0  rc=    1.0000  rs=    0.6667
     projs nearly linearly dependent: l=0  n1,n2= 1, 2  s=  0.99968852
     -----------------------------------------------------------------

     GIPAW integrals: -------------------------------------------
     Atom  i/j   nmr_para   nmr_dia   epr_rmc  epr_para   epr_dia
       C   1 1   0.83E+03  0.17E-01  0.93E+01  0.24E+08  0.24E+03
       C   2 1   0.86E+03 -0.61E-01  0.94E+01  0.25E+08  0.25E+03
       C   2 2   0.90E+03 -0.15E+00  0.97E+01  0.26E+08  0.26E+03
       C   3 3   0.33E+01  0.34E+00  0.18E+01  0.55E+03  0.21E+02
       C   4 3   0.35E+01  0.37E+00  0.20E+01  0.59E+03  0.22E+02
       C   4 4   0.38E+01  0.39E+00  0.22E+01  0.63E+03  0.24E+02
       Cl  1 1   0.14E+04 -0.47E+00  0.84E+01  0.32E+09  0.42E+03
       Cl  2 1   0.21E+04 -0.37E+00  0.12E+02  0.49E+09  0.65E+03
       Cl  2 2   0.33E+04 -0.16E+00  0.21E+02  0.76E+09  0.10E+04
       Cl  3 3   0.21E+02  0.79E-01  0.89E+01  0.23E+05  0.13E+03
       Cl  4 3   0.24E+02  0.67E-01  0.99E+01  0.27E+05  0.15E+03
       Cl  4 4   0.28E+02  0.44E-01  0.11E+02  0.32E+05  0.18E+03
       Cl  5 5   0.77E+00  0.19E+00  0.18E+01  0.12E+03  0.22E+02
       Cl  6 5   0.80E+00  0.19E+00  0.19E+01  0.12E+03  0.23E+02
       Cl  6 6   0.83E+00  0.20E+00  0.19E+01  0.12E+03  0.23E+02
       H   1 1   0.39E+02  0.19E+00  0.29E+00  0.78E+05  0.13E+02
       H   2 1   0.41E+02  0.21E+00  0.32E+00  0.82E+05  0.14E+02
       H   2 2   0.43E+02  0.22E+00  0.36E+00  0.86E+05  0.15E+02
     ------------------------------------------------------------

     alpha_pv=     34.0541 eV

     Number of occupied bands for each k-point:
     k-point:     1    nbnd_occ=  42
     k-point:     2    nbnd_occ=  42
     k-point:     3    nbnd_occ=  42
     k-point:     4    nbnd_occ=  42
     k-point:     5    nbnd_occ=  42
     k-point:     6    nbnd_occ=  42
     k-point:     7    nbnd_occ=  42
     k-point:     8    nbnd_occ=  42
     k-point:     9    nbnd_occ=  42
     k-point:    10    nbnd_occ=  42
     k-point:    11    nbnd_occ=  42
     k-point:    12    nbnd_occ=  42
     k-point:    13    nbnd_occ=  42
     k-point:    14    nbnd_occ=  42
     k-point:    15    nbnd_occ=  42
     k-point:    16    nbnd_occ=  42


     q-space interpolation up to   110.00 Rydberg

     GIPAW job: efg                                                                             


     ELECTRIC FIELD GRADIENTS TENSORS IN Hartree/bohrradius^2:

     ----- bare term -----
     Cl   1       -0.000453        0.281661        0.022262
     Cl   1        0.281661       -0.138885       -0.024706
     Cl   1        0.022262       -0.024706        0.139338

     C    2        0.064197       -0.353368       -0.541643
     C    2       -0.353368       -0.238192       -0.533800
     C    2       -0.541643       -0.533800        0.173995

     C    3       -0.525078        0.314471       -0.092988
     C    3        0.314471        0.137195       -0.352692
     C    3       -0.092988       -0.352692        0.387883

     H    4       -0.239917       -0.448349       -0.253725
     H    4       -0.448349       -0.107690        0.036445
     H    4       -0.253725        0.036445        0.347607

     C    5       -0.079079       -0.091114       -0.292941
     C    5       -0.091114        0.022348       -0.450963
     C    5       -0.292941       -0.450963        0.056731

     H    6        0.361189       -0.351513        0.011366
     H    6       -0.351513       -0.726713       -0.111144
     H    6        0.011366       -0.111144        0.365524

     H    7        0.230613        0.012497        0.389876
     H    7        0.012497        0.115873        0.316483
     H    7        0.389876        0.316483       -0.346486

     C    8       -0.172407       -0.070127       -0.171838
     C    8       -0.070127        0.203227        0.084648
     C    8       -0.171838        0.084648       -0.030820

     H    9        0.111999        0.106462       -0.257530
     H    9        0.106462        0.430323       -0.137221
     H    9       -0.257530       -0.137221       -0.542322

     C   10        0.172420       -0.142363        0.199192
     C   10       -0.142363       -0.125184       -0.009356
     C   10        0.199192       -0.009356       -0.047236

     C   11       -0.068672       -0.096585       -0.303846
     C   11       -0.096585       -0.054071        0.173031
     C   11       -0.303846        0.173031        0.122743

     Cl  12        0.019272        0.034785        0.072692
     Cl  12        0.034785       -0.053078       -0.161656
     Cl  12        0.072692       -0.161656        0.033806

     H   13        0.061553       -0.409695        0.252870
     H   13       -0.409695       -0.418099        0.073687
     H   13        0.252870        0.073687        0.356546

     C   14       -0.279913        0.353947       -0.056730
     C   14        0.353947        0.189459        0.078967
     C   14       -0.056730        0.078967        0.090454

     H   15       -0.441339       -0.235798        0.258085
     H   15       -0.235798        0.269248       -0.034650
     H   15        0.258085       -0.034650        0.172091

     C   16        0.185900       -0.138657        0.234490
     C   16       -0.138657       -0.245222       -0.266134
     C   16        0.234490       -0.266134        0.059321

     C   17       -0.774269        0.494727       -0.319236
     C   17        0.494727        0.233009       -0.037996
     C   17       -0.319236       -0.037996        0.541261

     Cl  18       -0.032041       -0.002900        0.037601
     Cl  18       -0.002900       -0.024461        0.035123
     Cl  18        0.037601        0.035123        0.056502

     H   19        0.416947        0.036689        0.127055
     H   19        0.036689       -0.190335        0.441296
     H   19        0.127055        0.441296       -0.226612

     C   20       -0.280456       -0.375327       -0.365140
     C   20       -0.375327       -0.191755        0.358852
     C   20       -0.365140        0.358852        0.472212

     H   21       -0.307593        0.093405       -0.579442
     H   21        0.093405        0.347653        0.081524
     H   21       -0.579442        0.081524       -0.040060

     C   22       -0.149669       -0.169195       -0.350966
     C   22       -0.169195       -0.198990        0.503535
     C   22       -0.350966        0.503535        0.348660

     C   23       -0.187831       -0.245329       -0.272189
     C   23       -0.245329       -0.095561        0.558662
     C   23       -0.272189        0.558662        0.283392

     Cl  24        0.048237       -0.057209        0.053180
     Cl  24       -0.057209        0.005580       -0.059245
     Cl  24        0.053180       -0.059245       -0.053817

     ----- ionic term -----
     Cl   1        0.111362       -0.193389       -0.026449
     Cl   1       -0.193389        0.038613        0.022056
     Cl   1       -0.026449        0.022056       -0.149975

     C    2        0.283312       -0.109319        0.095787
     C    2       -0.109319        0.252158        0.319214
     C    2        0.095787        0.319214       -0.535470

     C    3        0.141974       -0.154157        0.133316
     C    3       -0.154157        0.334620        0.332820
     C    3        0.133316        0.332820       -0.476594

     H    4        0.746082        0.351779        0.565939
     H    4        0.351779       -0.376538        0.201011
     H    4        0.565939        0.201011       -0.369544

     C    5        0.322692       -0.059438        0.188236
     C    5       -0.059438        0.171733        0.249902
     C    5        0.188236        0.249902       -0.494425

     H    6       -0.450165        0.337517        0.133270
     H    6        0.337517        0.781035        0.523247
     H    6        0.133270        0.523247       -0.330870

     H    7       -0.540390       -0.009874        0.022626
     H    7       -0.009874        0.672165       -0.718601
     H    7        0.022626       -0.718601       -0.131774

     C    8        0.178128        0.245852        0.343674
     C    8        0.245852        0.052914       -0.292281
     C    8        0.343674       -0.292281       -0.231041

     H    9        0.540514       -0.354221        0.697723
     H    9       -0.354221       -0.369917       -0.300581
     H    9        0.697723       -0.300581       -0.170598

     C   10        0.041782        0.312941        0.183541
     C   10        0.312941        0.205870       -0.434841
     C   10        0.183541       -0.434841       -0.247652

     C   11        0.052963        0.327628        0.278625
     C   11        0.327628        0.088745       -0.405838
     C   11        0.278625       -0.405838       -0.141708

     Cl  12        0.124841        0.214214        0.024591
     Cl  12        0.214214        0.007081        0.002933
     Cl  12        0.024591        0.002933       -0.131923

     H   13       -0.453682        0.256655        0.093444
     H   13        0.256655        0.819989        0.528110
     H   13        0.093444        0.528110       -0.366308

     C   14        0.409019       -0.139378        0.107954
     C   14       -0.139378        0.160988        0.239031
     C   14        0.107954        0.239031       -0.570007

     H   15        0.807522        0.504611        0.383802
     H   15        0.504611       -0.279926        0.192471
     H   15        0.383802        0.192471       -0.527596

     C   16        0.216977       -0.161580        0.081133
     C   16       -0.161580        0.360762        0.269267
     C   16        0.081133        0.269267       -0.577739

     C   17        0.315899       -0.096179        0.184345
     C   17       -0.096179        0.242344        0.239723
     C   17        0.184345        0.239723       -0.558242

     Cl  18        0.156595       -0.223061       -0.004842
     Cl  18       -0.223061        0.022036       -0.002298
     Cl  18       -0.004842       -0.002298       -0.178631

     H   19       -0.500312        0.158201       -0.146642
     H   19        0.158201        0.168321       -0.761601
     H   19       -0.146642       -0.761601        0.331992

     C   20        0.179910        0.342767        0.284530
     C   20        0.342767       -0.085520       -0.264107
     C   20        0.284530       -0.264107       -0.094390

     H   21        0.441123       -0.165144        0.746184
     H   21       -0.165144       -0.515358       -0.214881
     H   21        0.746184       -0.214881        0.074234

     C   22        0.079582        0.325852        0.225540
     C   22        0.325852        0.062400       -0.395967
     C   22        0.225540       -0.395967       -0.141982

     C   23        0.125224        0.222196        0.392025
     C   23        0.222196       -0.020504       -0.394660
     C   23        0.392025       -0.394660       -0.104720

     Cl  24        0.126860        0.204281        0.047222
     Cl  24        0.204281        0.031644        0.025182
     Cl  24        0.047222        0.025182       -0.158504

     ----- GIPAW term -----
     Cl   1        2.475831       -1.337121        0.190992
     Cl   1       -1.337121       -0.983296       -0.122587
     Cl   1        0.190992       -0.122587       -1.492535

     C    2        0.090872       -0.266185       -0.182605
     C    2       -0.266185       -0.035509        0.028707
     C    2       -0.182605        0.028707       -0.055363

     C    3       -0.158586       -0.091912        0.026388
     C    3       -0.091912        0.220003       -0.106817
     C    3        0.026388       -0.106817       -0.061417

     H    4       -0.000000        0.000000        0.000000
     H    4        0.000000        0.000000        0.000000
     H    4        0.000000        0.000000        0.000000

     C    5       -0.101982       -0.059002       -0.035415
     C    5       -0.059002        0.251643       -0.028939
     C    5       -0.035415       -0.028939       -0.149661

     H    6       -0.000000        0.000000        0.000000
     H    6        0.000000        0.000000        0.000000
     H    6        0.000000        0.000000        0.000000

     H    7       -0.000000        0.000000        0.000000
     H    7        0.000000        0.000000        0.000000
     H    7        0.000000        0.000000        0.000000

     C    8        0.002326       -0.036222       -0.054003
     C    8       -0.036222        0.001092        0.039075
     C    8       -0.054003        0.039075       -0.003418

     H    9       -0.000000        0.000000        0.000000
     H    9        0.000000        0.000000        0.000000
     H    9        0.000000        0.000000        0.000000

     C   10        0.016475        0.004258        0.025053
     C   10        0.004258       -0.001383       -0.020882
     C   10        0.025053       -0.020882       -0.015092

     C   11       -0.004287       -0.018371       -0.080004
     C   11       -0.018371       -0.000231        0.076860
     C   11       -0.080004        0.076860        0.004519

     Cl  12       -0.004135       -0.008709       -0.987608
     Cl  12       -0.008709        0.441104        1.513277
     Cl  12       -0.987608        1.513277       -0.436969

     H   13       -0.000000        0.000000        0.000000
     H   13        0.000000        0.000000        0.000000
     H   13        0.000000        0.000000        0.000000

     C   14        0.019989        0.000414        0.001225
     C   14        0.000414        0.031156        0.028379
     C   14        0.001225        0.028379       -0.051145

     H   15       -0.000000        0.000000        0.000000
     H   15        0.000000        0.000000        0.000000
     H   15        0.000000        0.000000        0.000000

     C   16        0.000894       -0.026682        0.043287
     C   16       -0.026682        0.018089        0.029463
     C   16        0.043287        0.029463       -0.018984

     C   17       -0.109004       -0.054331       -0.073723
     C   17       -0.054331        0.085976        0.127322
     C   17       -0.073723        0.127322        0.023027

     Cl  18        0.062044       -2.382256       -0.719083
     Cl  18       -2.382256        0.312586        1.709184
     Cl  18       -0.719083        1.709184       -0.374630

     H   19       -0.000000        0.000000        0.000000
     H   19        0.000000        0.000000        0.000000
     H   19        0.000000        0.000000        0.000000

     C   20        0.017109       -0.112916       -0.143882
     C   20       -0.112916       -0.095897        0.105878
     C   20       -0.143882        0.105878        0.078788

     H   21       -0.000000        0.000000        0.000000
     H   21        0.000000        0.000000        0.000000
     H   21        0.000000        0.000000        0.000000

     C   22        0.007238       -0.010360       -0.113293
     C   22       -0.010360       -0.038783        0.084011
     C   22       -0.113293        0.084011        0.031545

     C   23        0.004072       -0.055501       -0.168900
     C   23       -0.055501       -0.038328        0.191520
     C   23       -0.168900        0.191520        0.034255

     Cl  24        1.793238        1.556530        0.508098
     Cl  24        1.556530        0.036644       -0.458985
     Cl  24        0.508098       -0.458985       -1.829882

     ----- total EFG -----
     Cl   1        2.586740       -1.248849        0.186805
     Cl   1       -1.248849       -1.083567       -0.125237
     Cl   1        0.186805       -0.125237       -1.503173

     C    2        0.438380       -0.728872       -0.628462
     C    2       -0.728872       -0.021543       -0.185880
     C    2       -0.628462       -0.185880       -0.416838

     C    3       -0.541690        0.068403        0.066716
     C    3        0.068403        0.691818       -0.126689
     C    3        0.066716       -0.126689       -0.150128

     H    4        0.506165       -0.096571        0.312215
     H    4       -0.096571       -0.484229        0.237456
     H    4        0.312215        0.237456       -0.021936

     C    5        0.141630       -0.209553       -0.140121
     C    5       -0.209553        0.445725       -0.230001
     C    5       -0.140121       -0.230001       -0.587356

     H    6       -0.088976       -0.013996        0.144636
     H    6       -0.013996        0.054322        0.412103
     H    6        0.144636        0.412103        0.034655

     H    7       -0.309777        0.002624        0.412502
     H    7        0.002624        0.788038       -0.402117
     H    7        0.412502       -0.402117       -0.478261

     C    8        0.008047        0.139503        0.117833
     C    8        0.139503        0.257233       -0.168558
     C    8        0.117833       -0.168558       -0.265280

     H    9        0.652513       -0.247760        0.440194
     H    9       -0.247760        0.060407       -0.437802
     H    9        0.440194       -0.437802       -0.712920

     C   10        0.230676        0.174836        0.407786
     C   10        0.174836        0.079303       -0.465078
     C   10        0.407786       -0.465078       -0.309980

     C   11       -0.019996        0.212672       -0.105225
     C   11        0.212672        0.034442       -0.155947
     C   11       -0.105225       -0.155947       -0.014446

     Cl  12        0.139978        0.240290       -0.890325
     Cl  12        0.240290        0.395108        1.354554
     Cl  12       -0.890325        1.354554       -0.535086

     H   13       -0.392128       -0.153040        0.346315
     H   13       -0.153040        0.401890        0.601797
     H   13        0.346315        0.601797       -0.009762

     C   14        0.149094        0.214983        0.052449
     C   14        0.214983        0.381603        0.346377
     C   14        0.052449        0.346377       -0.530697

     H   15        0.366183        0.268813        0.641886
     H   15        0.268813       -0.010678        0.157821
     H   15        0.641886        0.157821       -0.355505

     C   16        0.403771       -0.326919        0.358910
     C   16       -0.326919        0.133630        0.032596
     C   16        0.358910        0.032596       -0.537402

     C   17       -0.567374        0.344216       -0.208614
     C   17        0.344216        0.561329        0.329049
     C   17       -0.208614        0.329049        0.006046

     Cl  18        0.186598       -2.608217       -0.686324
     Cl  18       -2.608217        0.310161        1.742008
     Cl  18       -0.686324        1.742008       -0.496759

     H   19       -0.083365        0.194890       -0.019587
     H   19        0.194890       -0.022014       -0.320305
     H   19       -0.019587       -0.320305        0.105380

     C   20       -0.083437       -0.145476       -0.224493
     C   20       -0.145476       -0.373172        0.200624
     C   20       -0.224493        0.200624        0.456610

     H   21        0.133530       -0.071738        0.166742
     H   21       -0.071738       -0.167704       -0.133357
     H   21        0.166742       -0.133357        0.034174

     C   22       -0.062849        0.146297       -0.238718
     C   22        0.146297       -0.175374        0.191579
     C   22       -0.238718        0.191579        0.238223

     C   23       -0.058534       -0.078634       -0.049064
     C   23       -0.078634       -0.154393        0.355522
     C   23       -0.049064        0.355522        0.212927

     Cl  24        1.968335        1.703602        0.608500
     Cl  24        1.703602        0.073868       -0.493048
     Cl  24        0.608500       -0.493048       -2.042203

     ----- total EFG (symmetrized) -----
     Cl   1        2.586740       -1.248849        0.186805
     Cl   1       -1.248849       -1.083567       -0.125237
     Cl   1        0.186805       -0.125237       -1.503173

     C    2        0.438380       -0.728872       -0.628462
     C    2       -0.728872       -0.021543       -0.185880
     C    2       -0.628462       -0.185880       -0.416838

     C    3       -0.541690        0.068403        0.066716
     C    3        0.068403        0.691818       -0.126689
     C    3        0.066716       -0.126689       -0.150128

     H    4        0.506165       -0.096571        0.312215
     H    4       -0.096571       -0.484229        0.237456
     H    4        0.312215        0.237456       -0.021936

     C    5        0.141630       -0.209553       -0.140121
     C    5       -0.209553        0.445725       -0.230001
     C    5       -0.140121       -0.230001       -0.587356

     H    6       -0.088976       -0.013996        0.144636
     H    6       -0.013996        0.054322        0.412103
     H    6        0.144636        0.412103        0.034655

     H    7       -0.309777        0.002624        0.412502
     H    7        0.002624        0.788038       -0.402117
     H    7        0.412502       -0.402117       -0.478261

     C    8        0.008047        0.139503        0.117833
     C    8        0.139503        0.257233       -0.168558
     C    8        0.117833       -0.168558       -0.265280

     H    9        0.652513       -0.247760        0.440194
     H    9       -0.247760        0.060407       -0.437802
     H    9        0.440194       -0.437802       -0.712920

     C   10        0.230676        0.174836        0.407786
     C   10        0.174836        0.079303       -0.465078
     C   10        0.407786       -0.465078       -0.309980

     C   11       -0.019996        0.212672       -0.105225
     C   11        0.212672        0.034442       -0.155947
     C   11       -0.105225       -0.155947       -0.014446

     Cl  12        0.139978        0.240290       -0.890325
     Cl  12        0.240290        0.395108        1.354554
     Cl  12       -0.890325        1.354554       -0.535086

     H   13       -0.392128       -0.153040        0.346315
     H   13       -0.153040        0.401890        0.601797
     H   13        0.346315        0.601797       -0.009762

     C   14        0.149094        0.214983        0.052449
     C   14        0.214983        0.381603        0.346377
     C   14        0.052449        0.346377       -0.530697

     H   15        0.366183        0.268813        0.641886
     H   15        0.268813       -0.010678        0.157821
     H   15        0.641886        0.157821       -0.355505

     C   16        0.403771       -0.326919        0.358910
     C   16       -0.326919        0.133630        0.032596
     C   16        0.358910        0.032596       -0.537402

     C   17       -0.567374        0.344216       -0.208614
     C   17        0.344216        0.561329        0.329049
     C   17       -0.208614        0.329049        0.006046

     Cl  18        0.186598       -2.608217       -0.686324
     Cl  18       -2.608217        0.310161        1.742008
     Cl  18       -0.686324        1.742008       -0.496759

     H   19       -0.083365        0.194890       -0.019587
     H   19        0.194890       -0.022014       -0.320305
     H   19       -0.019587       -0.320305        0.105380

     C   20       -0.083437       -0.145476       -0.224493
     C   20       -0.145476       -0.373172        0.200624
     C   20       -0.224493        0.200624        0.456610

     H   21        0.133530       -0.071738        0.166742
     H   21       -0.071738       -0.167704       -0.133357
     H   21        0.166742       -0.133357        0.034174

     C   22       -0.062849        0.146297       -0.238718
     C   22        0.146297       -0.175374        0.191579
     C   22       -0.238718        0.191579        0.238223

     C   23       -0.058534       -0.078634       -0.049064
     C   23       -0.078634       -0.154393        0.355522
     C   23       -0.049064        0.355522        0.212927

     Cl  24        1.968335        1.703602        0.608500
     Cl  24        1.703602        0.073868       -0.493048
     Cl  24        0.608500       -0.493048       -2.042203


     NQR/NMR SPECTROSCOPIC PARAMETERS:
     Cl   1    Vxx=   -1.4224    axis=( -0.267173 -0.771274  0.577715)
     Cl   1    Vyy=   -1.5593    axis=( -0.133227 -0.564187 -0.814827)
     Cl   1    Vzz=    2.9817    axis=(  0.954395 -0.294667  0.047981)
     Cl   1  Q=        -8.1650 1e-30 m^2  Cq=       -57.2026 MHz  eta= 0.04594

     C    2    Vxx=   -0.0424    axis=(  0.192906  0.710638 -0.676595)
     C    2    Vyy=   -1.0477    axis=(  0.533997  0.502458  0.679988)
     C    2    Vzz=    1.0901    axis=(  0.823186 -0.492473 -0.282552)
     C    2  Q=         1.0000 1e-30 m^2  Cq=         2.5614 MHz  eta= 0.92217

     C    3    Vxx=   -0.1540    axis=(  0.190454  0.130331  0.973006)
     C    3    Vyy=   -0.5591    axis=( -0.980600  0.072081  0.182285)
     C    3    Vzz=    0.7132    axis=( -0.046378 -0.988847  0.141531)
     C    3  Q=         1.0000 1e-30 m^2  Cq=         1.6756 MHz  eta= 0.56801

     H    4    Vxx=   -0.0243    axis=( -0.375798  0.486220  0.788902)
     H    4    Vyy=   -0.6268    axis=(  0.197008  0.873758 -0.444673)
     H    4    Vzz=    0.6512    axis=( -0.905518 -0.011687 -0.424146)
     H    4  Q=         1.0000 1e-30 m^2  Cq=         1.5300 MHz  eta= 0.92533

     C    5    Vxx=    0.1060    axis=(  0.889470  0.348678 -0.295409)
     C    5    Vyy=    0.5714    axis=(  0.399414 -0.907250  0.131782)
     C    5    Vzz=   -0.6774    axis=(  0.222060  0.235207  0.946238)
     C    5  Q=         1.0000 1e-30 m^2  Cq=        -1.5916 MHz  eta= 0.68698

     H    6    Vxx=   -0.0628    axis=( -0.925010  0.356035 -0.132645)
     H    6    Vyy=   -0.4090    axis=( -0.342469 -0.630129  0.696888)
     H    6    Vzz=    0.4719    axis=(  0.164533  0.690055  0.704807)
     H    6  Q=         1.0000 1e-30 m^2  Cq=         1.1088 MHz  eta= 0.73363

     H    7    Vxx=   -0.0397    axis=( -0.809878 -0.254246 -0.528636)
     H    7    Vyy=   -0.8765    axis=( -0.578035  0.192475  0.792988)
     H    7    Vzz=    0.9162    axis=( -0.099865  0.947793 -0.302844)
     H    7  Q=         1.0000 1e-30 m^2  Cq=         2.1528 MHz  eta= 0.91334

     C    8    Vxx=    0.0367    axis=( -0.868295  0.203537 -0.452367)
     C    8    Vyy=    0.3409    axis=(  0.319333  0.927202 -0.195761)
     C    8    Vzz=   -0.3776    axis=( -0.379591  0.314434  0.870082)
     C    8  Q=         1.0000 1e-30 m^2  Cq=        -0.8872 MHz  eta= 0.80543

     H    9    Vxx=    0.0280    axis=(  0.485957  0.847818 -0.212252)
     H    9    Vyy=    0.9426    axis=( -0.851537  0.404617 -0.333421)
     H    9    Vzz=   -0.9706    axis=( -0.196799  0.342768  0.918575)
     H    9  Q=         1.0000 1e-30 m^2  Cq=        -2.2805 MHz  eta= 0.94231

     C   10    Vxx=    0.3271    axis=( -0.586318 -0.785481  0.198116)
     C   10    Vyy=    0.4773    axis=(  0.709997 -0.380521  0.592544)
     C   10    Vzz=   -0.8044    axis=( -0.390045  0.488081  0.780795)
     C   10  Q=         1.0000 1e-30 m^2  Cq=        -1.8900 MHz  eta= 0.18671

     C   11    Vxx=   -0.1125    axis=(  0.477009  0.214213  0.852394)
     C   11    Vyy=   -0.2121    axis=(  0.675836 -0.709420 -0.199922)
     C   11    Vzz=    0.3246    axis=(  0.561879  0.671443 -0.483173)
     C   11  Q=         1.0000 1e-30 m^2  Cq=         0.7628 MHz  eta= 0.30677

     Cl  12    Vxx=    0.4190    axis=(  0.870804  0.469388 -0.146203)
     Cl  12    Vyy=    1.4592    axis=(  0.287692 -0.727671 -0.622678)
     Cl  12    Vzz=   -1.8782    axis=( -0.398665  0.500169 -0.768698)
     Cl  12  Q=        -8.1650 1e-30 m^2  Cq=        36.0323 MHz  eta= 0.55385

     H   13    Vxx=   -0.0481    axis=(  0.724958 -0.450390  0.521138)
     H   13    Vyy=   -0.7893    axis=( -0.685392 -0.396598  0.610695)
     H   13    Vzz=    0.8374    axis=(  0.068369  0.799911  0.596211)
     H   13  Q=         1.0000 1e-30 m^2  Cq=         1.9675 MHz  eta= 0.88511

     C   14    Vxx=    0.0429    axis=(  0.899772 -0.405043 -0.162332)
     C   14    Vyy=    0.6049    axis=(  0.435643  0.855150  0.280951)
     C   14    Vzz=   -0.6478    axis=(  0.025021 -0.323510  0.945894)
     C   14  Q=         1.0000 1e-30 m^2  Cq=        -1.5220 MHz  eta= 0.86769

     H   15    Vxx=   -0.1230    axis=(  0.293083 -0.940745  0.170592)
     H   15    Vyy=   -0.7310    axis=(  0.504821  0.000739 -0.863223)
     H   15    Vzz=    0.8541    axis=(  0.811947  0.339115  0.475125)
     H   15  Q=         1.0000 1e-30 m^2  Cq=         2.0067 MHz  eta= 0.71186

     C   16    Vxx=   -0.0067    axis=( -0.400242 -0.857475 -0.323332)
     C   16    Vyy=   -0.6834    axis=(  0.356615  0.179279 -0.916889)
     C   16    Vzz=    0.6900    axis=(  0.844175 -0.482283  0.234033)
     C   16  Q=         1.0000 1e-30 m^2  Cq=         1.6213 MHz  eta= 0.98066

     C   17    Vxx=    0.0219    axis=( -0.446003 -0.241179  0.861925)
     C   17    Vyy=    0.7561    axis=(  0.183309  0.917983  0.351718)
     C   17    Vzz=   -0.7781    axis=( -0.876059  0.314866 -0.365213)
     C   17  Q=         1.0000 1e-30 m^2  Cq=        -1.8281 MHz  eta= 0.94365

     Cl  18    Vxx=   -0.9195    axis=(  0.562041  0.020777  0.826848)
     Cl  18    Vyy=   -2.6808    axis=(  0.562297  0.723537 -0.400396)
     Cl  18    Vzz=    3.6003    axis=( -0.606574  0.689973  0.394975)
     Cl  18  Q=        -8.1650 1e-30 m^2  Cq=       -69.0705 MHz  eta= 0.48921

     H   19    Vxx=   -0.0487    axis=( -0.829541 -0.200045 -0.521387)
     H   19    Vyy=   -0.3610    axis=( -0.480099  0.732361  0.482859)
     H   19    Vzz=    0.4096    axis=(  0.285249  0.650868 -0.703565)
     H   19  Q=         1.0000 1e-30 m^2  Cq=         0.9625 MHz  eta= 0.76233

     C   20    Vxx=   -0.1492    axis=( -0.889457  0.217861 -0.401749)
     C   20    Vyy=   -0.4474    axis=(  0.293621  0.946048 -0.137040)
     C   20    Vzz=    0.5966    axis=( -0.350218  0.239853  0.905438)
     C   20  Q=         1.0000 1e-30 m^2  Cq=         1.4017 MHz  eta= 0.49981

     H   21    Vxx=   -0.0647    axis=(  0.673116  0.364416 -0.643519)
     H   21    Vyy=   -0.2344    axis=( -0.037048  0.885688  0.462801)
     H   21    Vzz=    0.2991    axis=( -0.738609  0.287677 -0.609671)
     H   21  Q=         1.0000 1e-30 m^2  Cq=         0.7028 MHz  eta= 0.56725

     C   22    Vxx=    0.0222    axis=(  0.705815  0.687676  0.170079)
     C   22    Vyy=    0.3895    axis=(  0.406965 -0.197105 -0.891924)
     C   22    Vzz=   -0.4116    axis=( -0.579832  0.698750 -0.418980)
     C   22  Q=         1.0000 1e-30 m^2  Cq=        -0.9672 MHz  eta= 0.89231

     C   23    Vxx=   -0.0667    axis=(  0.977486 -0.029414  0.208941)
     C   23    Vyy=   -0.3765    axis=(  0.133354  0.853515 -0.503714)
     C   23    Vzz=    0.4432    axis=( -0.163519  0.520237  0.838222)
     C   23  Q=         1.0000 1e-30 m^2  Cq=         1.0412 MHz  eta= 0.69917

     Cl  24    Vxx=   -0.5683    axis=( -0.425457  0.790722 -0.440165)
     Cl  24    Vyy=   -2.4174    axis=( -0.263122  0.357286  0.896166)
     Cl  24    Vzz=    2.9857    axis=( -0.865883 -0.497097 -0.056046)
     Cl  24  Q=        -8.1650 1e-30 m^2  Cq=       -57.2801 MHz  eta= 0.61932

     Initialization:
     gipaw_setup  :      9.14s CPU     10.74s WALL (       1 calls)

     Linear response

     Apply operators

     Induced current

     Other routines
     efg          :      9.23s CPU     11.62s WALL (       1 calls)

     General routines
     calbec       :      3.32s CPU      4.58s WALL (      16 calls)
     fft          :      1.76s CPU      2.99s WALL (      15 calls)
     ffts         :      0.04s CPU      0.04s WALL (       2 calls)
     fftw         :      3.22s CPU      3.81s WALL (     672 calls)
     davcio       :      0.03s CPU      0.30s WALL (      32 calls)

     Parallel routines
     fft_scatter  :      2.43s CPU      4.05s WALL (     689 calls)

     Plugins

     GIPAW        :     60.80s CPU     73.05s WALL (       1 calls)
