
     Program QE v.6.0 (svn rev. 13079) starts on 28Dec2016 at  5: 6:43 

     This program is part of the open-source Quantum ESPRESSO suite
     for quantum simulation of materials; please cite
         "P. Giannozzi et al., J. Phys.:Condens. Matter 21 395502 (2009);
          URL http://www.quantum-espresso.org", 
     in publications or presentations arising from this work. More details at
     http://www.quantum-espresso.org/quote

     Parallel version (MPI), running on     8 processors
     R & G space division:  proc/nbgrp/npool/nimage =       8

     ***** This is GIPAW svn revision unknown      *****

     Parallelizing q-star over 1 images

     Reading data from directory:
     /users/majewski/paradichlorobenzene/pbe/9_constraint/scratch/pbe.ecut100.np8.dt60.pcl2phi-129368.save
     Message from routine read_xml_file:
     file /users/majewski/paradichlorobenzene/pbe/9_constraint/scratch/pbe.ecut100.np8.dt60.pcl2phi-129368.save not guaranteed to be safe for post-processing

   Info: using nr1, nr2, nr3 values from input

   Info: using nr1, nr2, nr3 values from input

     IMPORTANT: XC functional enforced from input :
     Exchange-correlation      =  SLA  PW   PBX  PBC ( 1  4  3  4 0 0)
     Any further DFT definition will be discarded
     Please, verify this is what you really want

               file C.pbe-n-kjpaw_psl.1.0.0.UPF: wavefunction(s)  2S 2P renormalized
               file Cl.pbe-n-kjpaw_psl.1.0.0.UPF: wavefunction(s)  3S 3P renormalized
               file H.pbe-kjpaw_psl.1.0.0.UPF: wavefunction(s)  1S renormalized

     Parallelization info
     --------------------
     sticks:   dense  smooth     PW     G-vecs:    dense   smooth      PW
     Min        3057    1223    332               144436    36536    5170
     Max        3059    1225    333               144437    36537    5171
     Sum       24467    9791   2657              1155489   292295   41363


     Subspace diagonalization in iterative solution of the eigenvalue problem:
     a serial algorithm will be used

     GIPAW projectors -----------------------------------------------
     atom=  C    l=0  rc=    1.2000  rs=    0.8000
     atom=  C    l=0  rc=    1.2000  rs=    0.8000
     atom=  C    l=1  rc=    1.4000  rs=    0.9333
     atom=  C    l=1  rc=    1.4000  rs=    0.9333
     projs nearly linearly dependent: l=1  n1,n2= 1, 2  s=  0.99951561

     atom=  Cl   l=0  rc=    1.6000  rs=    1.0667
     atom=  Cl   l=0  rc=    1.6000  rs=    1.0667
     atom=  Cl   l=1  rc=    1.6000  rs=    1.0667
     atom=  Cl   l=1  rc=    1.6000  rs=    1.0667
     atom=  Cl   l=2  rc=    1.6000  rs=    1.0667
     atom=  Cl   l=2  rc=    1.6000  rs=    1.0667
     projs nearly linearly dependent: l=2  n1,n2= 1, 2  s=  0.99993509

     atom=  H    l=0  rc=    1.0000  rs=    0.6667
     atom=  H    l=0  rc=    1.0000  rs=    0.6667
     projs nearly linearly dependent: l=0  n1,n2= 1, 2  s=  0.99968852
     -----------------------------------------------------------------

     GIPAW integrals: -------------------------------------------
     Atom  i/j   nmr_para   nmr_dia   epr_rmc  epr_para   epr_dia
       C   1 1   0.83E+03  0.17E-01  0.93E+01  0.24E+08  0.24E+03
       C   2 1   0.86E+03 -0.61E-01  0.94E+01  0.25E+08  0.25E+03
       C   2 2   0.90E+03 -0.15E+00  0.97E+01  0.26E+08  0.26E+03
       C   3 3   0.33E+01  0.34E+00  0.18E+01  0.55E+03  0.21E+02
       C   4 3   0.35E+01  0.37E+00  0.20E+01  0.59E+03  0.22E+02
       C   4 4   0.38E+01  0.39E+00  0.22E+01  0.63E+03  0.24E+02
       Cl  1 1   0.14E+04 -0.47E+00  0.84E+01  0.32E+09  0.42E+03
       Cl  2 1   0.21E+04 -0.37E+00  0.12E+02  0.49E+09  0.65E+03
       Cl  2 2   0.33E+04 -0.16E+00  0.21E+02  0.76E+09  0.10E+04
       Cl  3 3   0.21E+02  0.79E-01  0.89E+01  0.23E+05  0.13E+03
       Cl  4 3   0.24E+02  0.67E-01  0.99E+01  0.27E+05  0.15E+03
       Cl  4 4   0.28E+02  0.44E-01  0.11E+02  0.32E+05  0.18E+03
       Cl  5 5   0.77E+00  0.19E+00  0.18E+01  0.12E+03  0.22E+02
       Cl  6 5   0.80E+00  0.19E+00  0.19E+01  0.12E+03  0.23E+02
       Cl  6 6   0.83E+00  0.20E+00  0.19E+01  0.12E+03  0.23E+02
       H   1 1   0.39E+02  0.19E+00  0.29E+00  0.78E+05  0.13E+02
       H   2 1   0.41E+02  0.21E+00  0.32E+00  0.82E+05  0.14E+02
       H   2 2   0.43E+02  0.22E+00  0.36E+00  0.86E+05  0.15E+02
     ------------------------------------------------------------

     alpha_pv=     33.9853 eV

     Number of occupied bands for each k-point:
     k-point:     1    nbnd_occ=  42
     k-point:     2    nbnd_occ=  42
     k-point:     3    nbnd_occ=  42
     k-point:     4    nbnd_occ=  42
     k-point:     5    nbnd_occ=  42
     k-point:     6    nbnd_occ=  42
     k-point:     7    nbnd_occ=  42
     k-point:     8    nbnd_occ=  42
     k-point:     9    nbnd_occ=  42
     k-point:    10    nbnd_occ=  42
     k-point:    11    nbnd_occ=  42
     k-point:    12    nbnd_occ=  42
     k-point:    13    nbnd_occ=  42
     k-point:    14    nbnd_occ=  42
     k-point:    15    nbnd_occ=  42
     k-point:    16    nbnd_occ=  42


     q-space interpolation up to   110.00 Rydberg

     GIPAW job: efg                                                                             


     ELECTRIC FIELD GRADIENTS TENSORS IN Hartree/bohrradius^2:

     ----- bare term -----
     Cl   1       -0.062126        0.015064       -0.040074
     Cl   1        0.015064       -0.044092       -0.010594
     Cl   1       -0.040074       -0.010594        0.106218

     C    2       -0.206475        0.004304       -0.410752
     C    2        0.004304       -0.052549       -0.465092
     C    2       -0.410752       -0.465092        0.259024

     C    3        0.122929        0.567838       -0.139106
     C    3        0.567838       -0.360058       -0.454147
     C    3       -0.139106       -0.454147        0.237129

     H    4        0.021997       -0.136117       -0.394805
     H    4       -0.136117        0.303434        0.192404
     H    4       -0.394805        0.192404       -0.325431

     C    5       -0.485288        0.364730       -0.492357
     C    5        0.364730        0.302365       -0.262653
     C    5       -0.492357       -0.262653        0.182923

     H    6        0.177363       -0.060607        0.377796
     H    6       -0.060607        0.043490       -0.346364
     H    6        0.377796       -0.346364       -0.220854

     H    7        0.479453        0.093698       -0.040846
     H    7        0.093698       -0.655471        0.104885
     H    7       -0.040846        0.104885        0.176018

     C    8       -0.561832       -0.112070       -0.353726
     C    8       -0.112070       -0.032403        0.345933
     C    8       -0.353726        0.345933        0.594235

     H    9       -0.511592        0.293823        0.086295
     H    9        0.293823        0.423981        0.097631
     H    9        0.086295        0.097631        0.087611

     C   10       -0.082542       -0.361940       -0.021311
     C   10       -0.361940       -0.549862        0.473626
     C   10       -0.021311        0.473626        0.632404

     C   11       -0.522485       -0.168964       -0.366262
     C   11       -0.168964        0.097202        0.230574
     C   11       -0.366262        0.230574        0.425283

     Cl  12       -0.040136       -0.008720       -0.141741
     Cl  12       -0.008720       -0.066082        0.094330
     Cl  12       -0.141741        0.094330        0.106218

     H   13        0.359805       -0.029364        0.283772
     H   13       -0.029364        0.157668       -0.190102
     H   13        0.283772       -0.190102       -0.517473

     C   14       -0.333298        0.250653       -0.226175
     C   14        0.250653        0.035326       -0.340684
     C   14       -0.226175       -0.340684        0.297972

     H   15        0.165424       -0.054953       -0.281916
     H   15       -0.054953        0.345231        0.143428
     H   15       -0.281916        0.143428       -0.510655

     C   16       -0.108692        0.176261       -0.150949
     C   16        0.176261       -0.040393       -0.197424
     C   16       -0.150949       -0.197424        0.149085

     C   17       -0.105351        0.203273       -0.161118
     C   17        0.203273       -0.404907       -0.475859
     C   17       -0.161118       -0.475859        0.510258

     Cl  18       -0.051479        0.071523       -0.101075
     Cl  18        0.071523        0.020412       -0.118400
     Cl  18       -0.101075       -0.118400        0.031067

     H   19        0.227625        0.378500       -0.032237
     H   19        0.378500       -0.553795        0.320598
     H   19       -0.032237        0.320598        0.326170

     C   20       -0.165553       -0.409569       -0.243869
     C   20       -0.409569       -0.197208        0.441530
     C   20       -0.243869        0.441530        0.362761

     H   21       -0.613433        0.435007        0.018059
     H   21        0.435007        0.309136        0.009382
     H   21        0.018059        0.009382        0.304298

     C   22       -0.145921       -0.242159       -0.422510
     C   22       -0.242159       -0.120449        0.453417
     C   22       -0.422510        0.453417        0.266370

     C   23       -0.118288       -0.192758       -0.294352
     C   23       -0.192758       -0.169617        0.539360
     C   23       -0.294352        0.539360        0.287905

     Cl  24       -0.031972       -0.013370       -0.050328
     Cl  24       -0.013370       -0.005404        0.048709
     Cl  24       -0.050328        0.048709        0.037377

     ----- ionic term -----
     Cl   1        0.145788       -0.221654        0.036835
     Cl   1       -0.221654       -0.005048       -0.018304
     Cl   1        0.036835       -0.018304       -0.140740

     C    2        0.087483       -0.324114        0.325054
     C    2       -0.324114       -0.059719        0.382832
     C    2        0.325054        0.382832       -0.027764

     C    3        0.140624       -0.426162        0.196216
     C    3       -0.426162        0.036890        0.377455
     C    3        0.196216        0.377455       -0.177514

     H    4        0.506745        0.145211        0.751614
     H    4        0.145211       -0.516175        0.198965
     H    4        0.751614        0.198965        0.009430

     C    5        0.229521       -0.398651        0.321056
     C    5       -0.398651       -0.078850        0.257652
     C    5        0.321056        0.257652       -0.150672

     H    6       -0.513234       -0.117336       -0.056758
     H    6       -0.117336        0.379340        0.780480
     H    6       -0.056758        0.780480        0.133894

     H    7       -0.499737       -0.126884        0.069134
     H    7       -0.126884        0.783187       -0.613386
     H    7        0.069134       -0.613386       -0.283450

     C    8        0.350019        0.107435        0.204767
     C    8        0.107435        0.119695       -0.276526
     C    8        0.204767       -0.276526       -0.469714

     H    9        0.837283       -0.380958        0.411183
     H    9       -0.380958       -0.371946       -0.192565
     H    9        0.411183       -0.192565       -0.465337

     C   10        0.210479        0.217896        0.109304
     C   10        0.217896        0.229149       -0.337789
     C   10        0.109304       -0.337789       -0.439628

     C   11        0.320269        0.113588        0.181427
     C   11        0.113588        0.088443       -0.350260
     C   11        0.181427       -0.350260       -0.408712

     Cl  12        0.172223        0.186475       -0.010214
     Cl  12        0.186475       -0.033877       -0.010625
     Cl  12       -0.010214       -0.010625       -0.138346

     H   13       -0.528000       -0.121991       -0.106763
     H   13       -0.121991        0.283255        0.787750
     H   13       -0.106763        0.787750        0.244745

     C   14        0.173165       -0.339384        0.321980
     C   14       -0.339384       -0.122633        0.261606
     C   14        0.321980        0.261606       -0.050533

     H   15        0.283753        0.100967        0.813871
     H   15        0.100967       -0.542307        0.161325
     H   15        0.813871        0.161325        0.258554

     C   16        0.068872       -0.366685        0.215248
     C   16       -0.366685       -0.013619        0.357633
     C   16        0.215248        0.357633       -0.055253

     C   17        0.069871       -0.350555        0.277325
     C   17       -0.350555       -0.025904        0.399167
     C   17        0.277325        0.399167       -0.043967

     Cl  18        0.098448       -0.241329        0.003885
     Cl  18       -0.241329        0.042390       -0.000810
     Cl  18        0.003885       -0.000810       -0.140838

     H   19       -0.505936       -0.157748        0.078237
     H   19       -0.157748        0.705017       -0.659942
     H   19        0.078237       -0.659942       -0.199081

     C   20        0.342104        0.107422        0.200217
     C   20        0.107422        0.061984       -0.290516
     C   20        0.200217       -0.290516       -0.404087

     H   21        0.732640       -0.370587        0.541148
     H   21       -0.370587       -0.397421       -0.221925
     H   21        0.541148       -0.221925       -0.335218

     C   22        0.195274        0.143863        0.143156
     C   22        0.143863        0.200997       -0.366782
     C   22        0.143156       -0.366782       -0.396271

     C   23        0.295737        0.088861        0.207291
     C   23        0.088861        0.162357       -0.373858
     C   23        0.207291       -0.373858       -0.458094

     Cl  24        0.134717        0.220159       -0.000949
     Cl  24        0.220159        0.023473       -0.006892
     Cl  24       -0.000949       -0.006892       -0.158189

     ----- GIPAW term -----
     Cl   1        0.972703       -2.229135       -0.279995
     Cl   1       -2.229135       -0.210924       -0.101086
     Cl   1       -0.279995       -0.101086       -0.761779

     C    2        0.066508       -0.114912       -0.057575
     C    2       -0.114912       -0.001945       -0.057839
     C    2       -0.057575       -0.057839       -0.064563

     C    3        0.109746        0.200477       -0.116261
     C    3        0.200477       -0.073255       -0.112521
     C    3       -0.116261       -0.112521       -0.036491

     H    4       -0.000000        0.000000        0.000000
     H    4        0.000000        0.000000        0.000000
     H    4        0.000000        0.000000        0.000000

     C    5       -0.019407        0.217398       -0.105662
     C    5        0.217398        0.116179       -0.064563
     C    5       -0.105662       -0.064563       -0.096772

     H    6       -0.000000        0.000000        0.000000
     H    6        0.000000        0.000000        0.000000
     H    6        0.000000        0.000000        0.000000

     H    7       -0.000000        0.000000        0.000000
     H    7        0.000000        0.000000        0.000000
     H    7        0.000000        0.000000        0.000000

     C    8       -0.151935       -0.000881       -0.007294
     C    8       -0.000881       -0.078434        0.095406
     C    8       -0.007294        0.095406        0.230369

     H    9       -0.000000        0.000000        0.000000
     H    9        0.000000        0.000000        0.000000
     H    9        0.000000        0.000000        0.000000

     C   10       -0.090806       -0.057227        0.058822
     C   10       -0.057227       -0.174712        0.010275
     C   10        0.058822        0.010275        0.265518

     C   11       -0.092909        0.072500       -0.044362
     C   11        0.072500        0.060568       -0.088922
     C   11       -0.044362       -0.088922        0.032341

     Cl  12        0.897391        1.643009       -1.644577
     Cl  12        1.643009       -0.863201        0.862070
     Cl  12       -1.644577        0.862070       -0.034190

     H   13       -0.000000        0.000000        0.000000
     H   13        0.000000        0.000000        0.000000
     H   13        0.000000        0.000000        0.000000

     C   14       -0.110299        0.066418       -0.088021
     C   14        0.066418       -0.031922       -0.175287
     C   14       -0.088021       -0.175287        0.142220

     H   15       -0.000000        0.000000        0.000000
     H   15        0.000000        0.000000        0.000000
     H   15        0.000000        0.000000        0.000000

     C   16       -0.079967        0.017438       -0.057385
     C   16        0.017438       -0.036884       -0.076433
     C   16       -0.057385       -0.076433        0.116852

     C   17        0.002230       -0.081123        0.054157
     C   17       -0.081123       -0.144568       -0.071637
     C   17        0.054157       -0.071637        0.142339

     Cl  18        0.854242       -1.522957       -0.780227
     Cl  18       -1.522957        0.365865       -1.080708
     Cl  18       -0.780227       -1.080708       -1.220107

     H   19       -0.000000        0.000000        0.000000
     H   19        0.000000        0.000000        0.000000
     H   19        0.000000        0.000000        0.000000

     C   20        0.036300       -0.169834       -0.053277
     C   20       -0.169834       -0.026911        0.121918
     C   20       -0.053277        0.121918       -0.009389

     H   21       -0.000000        0.000000        0.000000
     H   21        0.000000        0.000000        0.000000
     H   21        0.000000        0.000000        0.000000

     C   22        0.047524       -0.130422       -0.200306
     C   22       -0.130422       -0.028060        0.122803
     C   22       -0.200306        0.122803       -0.019463

     C   23        0.093014        0.049190       -0.080159
     C   23        0.049190       -0.029569        0.102608
     C   23       -0.080159        0.102608       -0.063445

     Cl  24        1.207825        2.171818       -0.426590
     Cl  24        2.171818        0.023311        0.378718
     Cl  24       -0.426590        0.378718       -1.231136

     ----- total EFG -----
     Cl   1        1.056365       -2.435725       -0.283234
     Cl   1       -2.435725       -0.260063       -0.129983
     Cl   1       -0.283234       -0.129983       -0.796301

     C    2       -0.052484       -0.434722       -0.143273
     C    2       -0.434722       -0.114213       -0.140099
     C    2       -0.143273       -0.140099        0.166698

     C    3        0.373300        0.342153       -0.059151
     C    3        0.342153       -0.396424       -0.189213
     C    3       -0.059151       -0.189213        0.023124

     H    4        0.528741        0.009093        0.356809
     H    4        0.009093       -0.212740        0.391369
     H    4        0.356809        0.391369       -0.316001

     C    5       -0.275173        0.183477       -0.276963
     C    5        0.183477        0.339694       -0.069564
     C    5       -0.276963       -0.069564       -0.064520

     H    6       -0.335870       -0.177943        0.321038
     H    6       -0.177943        0.422831        0.434116
     H    6        0.321038        0.434116       -0.086960

     H    7       -0.020284       -0.033186        0.028288
     H    7       -0.033186        0.127716       -0.508501
     H    7        0.028288       -0.508501       -0.107432

     C    8       -0.363749       -0.005516       -0.156253
     C    8       -0.005516        0.008859        0.164813
     C    8       -0.156253        0.164813        0.354890

     H    9        0.325690       -0.087136        0.497478
     H    9       -0.087136        0.052036       -0.094934
     H    9        0.497478       -0.094934       -0.377726

     C   10        0.037130       -0.201272        0.146815
     C   10       -0.201272       -0.495425        0.146112
     C   10        0.146815        0.146112        0.458295

     C   11       -0.295125        0.017124       -0.229197
     C   11        0.017124        0.246212       -0.208608
     C   11       -0.229197       -0.208608        0.048913

     Cl  12        1.029478        1.820764       -1.796532
     Cl  12        1.820764       -0.963159        0.945775
     Cl  12       -1.796532        0.945775       -0.066319

     H   13       -0.168194       -0.151355        0.177009
     H   13       -0.151355        0.440923        0.597648
     H   13        0.177009        0.597648       -0.272728

     C   14       -0.270431       -0.022312        0.007785
     C   14       -0.022312       -0.119229       -0.254365
     C   14        0.007785       -0.254365        0.389660

     H   15        0.449178        0.046014        0.531955
     H   15        0.046014       -0.197077        0.304754
     H   15        0.531955        0.304754       -0.252101

     C   16       -0.119788       -0.172986        0.006914
     C   16       -0.172986       -0.090896        0.083775
     C   16        0.006914        0.083775        0.210684

     C   17       -0.033250       -0.228405        0.170364
     C   17       -0.228405       -0.575380       -0.148328
     C   17        0.170364       -0.148328        0.608630

     Cl  18        0.901211       -1.692763       -0.877417
     Cl  18       -1.692763        0.428668       -1.199919
     Cl  18       -0.877417       -1.199919       -1.329879

     H   19       -0.278311        0.220752        0.046000
     H   19        0.220752        0.151223       -0.339344
     H   19        0.046000       -0.339344        0.127088

     C   20        0.212851       -0.471982       -0.096929
     C   20       -0.471982       -0.162135        0.272932
     C   20       -0.096929        0.272932       -0.050716

     H   21        0.119206        0.064420        0.559207
     H   21        0.064420       -0.088286       -0.212543
     H   21        0.559207       -0.212543       -0.030921

     C   22        0.096877       -0.228718       -0.479661
     C   22       -0.228718        0.052488        0.209439
     C   22       -0.479661        0.209439       -0.149365

     C   23        0.270464       -0.054707       -0.167221
     C   23       -0.054707       -0.036830        0.268110
     C   23       -0.167221        0.268110       -0.233634

     Cl  24        1.310569        2.378607       -0.477867
     Cl  24        2.378607        0.041380        0.420535
     Cl  24       -0.477867        0.420535       -1.351949

     ----- total EFG (symmetrized) -----
     Cl   1        1.056365       -2.435725       -0.283234
     Cl   1       -2.435725       -0.260063       -0.129983
     Cl   1       -0.283234       -0.129983       -0.796301

     C    2       -0.052484       -0.434722       -0.143273
     C    2       -0.434722       -0.114213       -0.140099
     C    2       -0.143273       -0.140099        0.166698

     C    3        0.373300        0.342153       -0.059151
     C    3        0.342153       -0.396424       -0.189213
     C    3       -0.059151       -0.189213        0.023124

     H    4        0.528741        0.009093        0.356809
     H    4        0.009093       -0.212740        0.391369
     H    4        0.356809        0.391369       -0.316001

     C    5       -0.275173        0.183477       -0.276963
     C    5        0.183477        0.339694       -0.069564
     C    5       -0.276963       -0.069564       -0.064520

     H    6       -0.335870       -0.177943        0.321038
     H    6       -0.177943        0.422831        0.434116
     H    6        0.321038        0.434116       -0.086960

     H    7       -0.020284       -0.033186        0.028288
     H    7       -0.033186        0.127716       -0.508501
     H    7        0.028288       -0.508501       -0.107432

     C    8       -0.363749       -0.005516       -0.156253
     C    8       -0.005516        0.008859        0.164813
     C    8       -0.156253        0.164813        0.354890

     H    9        0.325690       -0.087136        0.497478
     H    9       -0.087136        0.052036       -0.094934
     H    9        0.497478       -0.094934       -0.377726

     C   10        0.037130       -0.201272        0.146815
     C   10       -0.201272       -0.495425        0.146112
     C   10        0.146815        0.146112        0.458295

     C   11       -0.295125        0.017124       -0.229197
     C   11        0.017124        0.246212       -0.208608
     C   11       -0.229197       -0.208608        0.048913

     Cl  12        1.029478        1.820764       -1.796532
     Cl  12        1.820764       -0.963159        0.945775
     Cl  12       -1.796532        0.945775       -0.066319

     H   13       -0.168194       -0.151355        0.177009
     H   13       -0.151355        0.440923        0.597648
     H   13        0.177009        0.597648       -0.272728

     C   14       -0.270431       -0.022312        0.007785
     C   14       -0.022312       -0.119229       -0.254365
     C   14        0.007785       -0.254365        0.389660

     H   15        0.449178        0.046014        0.531955
     H   15        0.046014       -0.197077        0.304754
     H   15        0.531955        0.304754       -0.252101

     C   16       -0.119788       -0.172986        0.006914
     C   16       -0.172986       -0.090896        0.083775
     C   16        0.006914        0.083775        0.210684

     C   17       -0.033250       -0.228405        0.170364
     C   17       -0.228405       -0.575380       -0.148328
     C   17        0.170364       -0.148328        0.608630

     Cl  18        0.901211       -1.692763       -0.877417
     Cl  18       -1.692763        0.428668       -1.199919
     Cl  18       -0.877417       -1.199919       -1.329879

     H   19       -0.278311        0.220752        0.046000
     H   19        0.220752        0.151223       -0.339344
     H   19        0.046000       -0.339344        0.127088

     C   20        0.212851       -0.471982       -0.096929
     C   20       -0.471982       -0.162135        0.272932
     C   20       -0.096929        0.272932       -0.050716

     H   21        0.119206        0.064420        0.559207
     H   21        0.064420       -0.088286       -0.212543
     H   21        0.559207       -0.212543       -0.030921

     C   22        0.096877       -0.228718       -0.479661
     C   22       -0.228718        0.052488        0.209439
     C   22       -0.479661        0.209439       -0.149365

     C   23        0.270464       -0.054707       -0.167221
     C   23       -0.054707       -0.036830        0.268110
     C   23       -0.167221        0.268110       -0.233634

     Cl  24        1.310569        2.378607       -0.477867
     Cl  24        2.378607        0.041380        0.420535
     Cl  24       -0.477867        0.420535       -1.351949


     NQR/NMR SPECTROSCOPIC PARAMETERS:
     Cl   1    Vxx=   -0.7471    axis=( -0.088117 -0.179184  0.979862)
     Cl   1    Vyy=   -2.1799    axis=(  0.600588  0.775221  0.195771)
     Cl   1    Vzz=    2.9270    axis=( -0.794688  0.605744  0.039306)
     Cl   1  Q=        -8.1650 1e-30 m^2  Cq=       -56.1527 MHz  eta= 0.48953

     C    2    Vxx=    0.2202    axis=( -0.127920 -0.237138  0.963017)
     C    2    Vyy=    0.3531    axis=(  0.740399 -0.668884 -0.066360)
     C    2    Vzz=   -0.5733    axis=(  0.659883  0.704529  0.261140)
     C    2  Q=         1.0000 1e-30 m^2  Cq=        -1.3471 MHz  eta= 0.23174

     C    3    Vxx=    0.0344    axis=(  0.320445 -0.155867  0.934356)
     C    3    Vyy=    0.5342    axis=(  0.893295  0.377915 -0.243320)
     C    3    Vzz=   -0.5686    axis=( -0.315182  0.912626  0.260336)
     C    3  Q=         1.0000 1e-30 m^2  Cq=        -1.3359 MHz  eta= 0.87899

     H    4    Vxx=    0.0321    axis=(  0.372426 -0.782863 -0.498422)
     H    4    Vyy=    0.6855    axis=( -0.902321 -0.179833 -0.391761)
     H    4    Vzz=   -0.7176    axis=( -0.217063 -0.595638  0.773368)
     H    4  Q=         1.0000 1e-30 m^2  Cq=        -1.6860 MHz  eta= 0.91052

     C    5    Vxx=    0.0448    axis=( -0.423442  0.449104  0.786767)
     C    5    Vyy=    0.4373    axis=(  0.349757  0.882179 -0.315326)
     C    5    Vzz=   -0.4821    axis=( -0.835683  0.141655 -0.530629)
     C    5  Q=         1.0000 1e-30 m^2  Cq=        -1.1328 MHz  eta= 0.81402

     H    6    Vxx=    0.0313    axis=(  0.706889 -0.356267  0.611050)
     H    6    Vyy=    0.6714    axis=(  0.005806  0.866783  0.498652)
     H    6    Vzz=   -0.7027    axis=( -0.707301 -0.348944  0.614788)
     H    6  Q=         1.0000 1e-30 m^2  Cq=        -1.6511 MHz  eta= 0.91085

     H    7    Vxx=   -0.0237    axis=(  0.996935  0.063081 -0.046280)
     H    7    Vyy=   -0.5118    axis=( -0.003036  0.622283  0.782786)
     H    7    Vzz=    0.5355    axis=(  0.078178 -0.780247  0.620567)
     H    7  Q=         1.0000 1e-30 m^2  Cq=         1.2582 MHz  eta= 0.91149

     C    8    Vxx=   -0.0493    axis=( -0.145090 -0.934529  0.324968)
     C    8    Vyy=   -0.3984    axis=( -0.972989  0.075159 -0.218276)
     C    8    Vzz=    0.4477    axis=( -0.179561  0.347860  0.920191)
     C    8  Q=         1.0000 1e-30 m^2  Cq=         1.0519 MHz  eta= 0.77972

     H    9    Vxx=    0.0286    axis=(  0.218795  0.974947  0.040094)
     H    9    Vyy=    0.6096    axis=( -0.864233  0.212698 -0.455918)
     H    9    Vzz=   -0.6382    axis=( -0.453024  0.065103  0.889118)
     H    9  Q=         1.0000 1e-30 m^2  Cq=        -1.4994 MHz  eta= 0.91044

     C   10    Vxx=    0.0845    axis=(  0.905489 -0.367663 -0.211928)
     C   10    Vyy=    0.5114    axis=( -0.260545 -0.087451 -0.961493)
     C   10    Vzz=   -0.5959    axis=(  0.334972  0.925838 -0.174979)
     C   10  Q=         1.0000 1e-30 m^2  Cq=        -1.4000 MHz  eta= 0.71640

     C   11    Vxx=    0.0118    axis=( -0.451271  0.611432  0.650005)
     C   11    Vyy=    0.4080    axis=( -0.210745 -0.780805  0.588159)
     C   11    Vzz=   -0.4198    axis=( -0.867146 -0.128434 -0.481210)
     C   11  Q=         1.0000 1e-30 m^2  Cq=        -0.9863 MHz  eta= 0.94375

     Cl  12    Vxx=    0.4513    axis=(  0.144059  0.671473  0.726892)
     Cl  12    Vyy=    2.6519    axis=( -0.839804 -0.305581  0.448719)
     Cl  12    Vzz=   -3.1032    axis=( -0.523427  0.675089 -0.519884)
     Cl  12  Q=        -8.1650 1e-30 m^2  Cq=        59.5337 MHz  eta= 0.70914

     H   13    Vxx=   -0.0734    axis=(  0.919428 -0.151247  0.363009)
     H   13    Vyy=   -0.7089    axis=(  0.390267  0.464548 -0.794913)
     H   13    Vzz=    0.7823    axis=( -0.048407  0.872536  0.486146)
     H   13  Q=         1.0000 1e-30 m^2  Cq=         1.8381 MHz  eta= 0.81233

     C   14    Vxx=   -0.2186    axis=( -0.320219  0.872535  0.368976)
     C   14    Vyy=   -0.2767    axis=(  0.947121  0.303311  0.104713)
     C   14    Vzz=    0.4953    axis=(  0.020548 -0.382996  0.923522)
     C   14  Q=         1.0000 1e-30 m^2  Cq=         1.1638 MHz  eta= 0.11732

     H   15    Vxx=   -0.0996    axis=(  0.394907 -0.856105 -0.333366)
     H   15    Vyy=   -0.6731    axis=(  0.360120  0.478066 -0.801103)
     H   15    Vzz=    0.7727    axis=(  0.845199  0.196310  0.497092)
     H   15  Q=         1.0000 1e-30 m^2  Cq=         1.8156 MHz  eta= 0.74213

     C   16    Vxx=    0.0495    axis=(  0.685189 -0.657921  0.312500)
     C   16    Vyy=    0.2373    axis=( -0.131890  0.309878  0.941584)
     C   16    Vzz=   -0.2868    axis=( -0.716325 -0.686378  0.125552)
     C   16  Q=         1.0000 1e-30 m^2  Cq=        -0.6738 MHz  eta= 0.65498

     C   17    Vxx=   -0.0195    axis=( -0.904829  0.288160  0.313446)
     C   17    Vyy=   -0.6642    axis=(  0.323671  0.943818  0.066666)
     C   17    Vzz=    0.6837    axis=(  0.276625 -0.161774  0.947263)
     C   17  Q=         1.0000 1e-30 m^2  Cq=         1.6065 MHz  eta= 0.94288

     Cl  18    Vxx=    0.2975    axis=(  0.516719  0.531979 -0.670820)
     Cl  18    Vyy=    2.3793    axis=( -0.742024  0.669123 -0.040934)
     Cl  18    Vzz=   -2.6768    axis=(  0.427085  0.518916  0.740490)
     Cl  18  Q=        -8.1650 1e-30 m^2  Cq=        51.3532 MHz  eta= 0.77769

     H   19    Vxx=   -0.0603    axis=( -0.595008 -0.448777 -0.666757)
     H   19    Vyy=   -0.4405    axis=( -0.785276  0.501317  0.363350)
     H   19    Vzz=    0.5008    axis=(  0.171193  0.739784 -0.650701)
     H   19  Q=         1.0000 1e-30 m^2  Cq=         1.1767 MHz  eta= 0.75932

     C   20    Vxx=   -0.0699    axis=(  0.481400  0.109816  0.869594)
     C   20    Vyy=   -0.5482    axis=(  0.459088  0.813555 -0.356886)
     C   20    Vzz=    0.6181    axis=( -0.746654  0.571025  0.341230)
     C   20  Q=         1.0000 1e-30 m^2  Cq=         1.4523 MHz  eta= 0.77380

     H   21    Vxx=   -0.0197    axis=(  0.345346  0.918701 -0.191638)
     H   21    Vyy=   -0.6011    axis=( -0.589908  0.371320  0.717028)
     H   21    Vzz=    0.6208    axis=(  0.729894 -0.134574  0.670183)
     H   21  Q=         1.0000 1e-30 m^2  Cq=         1.4586 MHz  eta= 0.93642

     C   22    Vxx=   -0.1108    axis=(  0.404456  0.881111 -0.245068)
     C   22    Vyy=   -0.5228    axis=( -0.599013  0.052734 -0.799001)
     C   22    Vzz=    0.6335    axis=( -0.691086  0.469959  0.549125)
     C   22  Q=         1.0000 1e-30 m^2  Cq=         1.4886 MHz  eta= 0.65037

     C   23    Vxx=    0.0642    axis=( -0.519245 -0.759382 -0.392075)
     C   23    Vyy=    0.3732    axis=( -0.840471  0.370589  0.395312)
     C   23    Vzz=   -0.4374    axis=(  0.154894 -0.534791  0.830666)
     C   23  Q=         1.0000 1e-30 m^2  Cq=        -1.0278 MHz  eta= 0.70651

     Cl  24    Vxx=   -0.9102    axis=( -0.334071  0.475405  0.813871)
     Cl  24    Vyy=   -2.2310    axis=( -0.506550  0.637626 -0.580379)
     Cl  24    Vzz=    3.1412    axis=( -0.794860 -0.606155  0.027804)
     Cl  24  Q=        -8.1650 1e-30 m^2  Cq=       -60.2622 MHz  eta= 0.42051

     Initialization:
     gipaw_setup  :      9.12s CPU     10.93s WALL (       1 calls)

     Linear response

     Apply operators

     Induced current

     Other routines
     efg          :      9.44s CPU     11.68s WALL (       1 calls)

     General routines
     calbec       :      3.35s CPU      4.41s WALL (      16 calls)
     fft          :      1.50s CPU      2.03s WALL (      15 calls)
     ffts         :      0.04s CPU      0.04s WALL (       2 calls)
     fftw         :      3.35s CPU      3.84s WALL (     672 calls)
     davcio       :      0.03s CPU      0.30s WALL (      32 calls)

     Parallel routines
     fft_scatter  :      2.18s CPU      3.14s WALL (     689 calls)

     Plugins

     GIPAW        :     60.42s CPU     73.61s WALL (       1 calls)
