
     Program QE v.6.0 (svn rev. 13079) starts on 24Jan2017 at  2: 0:39 

     This program is part of the open-source Quantum ESPRESSO suite
     for quantum simulation of materials; please cite
         "P. Giannozzi et al., J. Phys.:Condens. Matter 21 395502 (2009);
          URL http://www.quantum-espresso.org", 
     in publications or presentations arising from this work. More details at
     http://www.quantum-espresso.org/quote

     Parallel version (MPI), running on     8 processors
     R & G space division:  proc/nbgrp/npool/nimage =       8

     ***** This is GIPAW svn revision unknown      *****

     Parallelizing q-star over 1 images

     Reading data from directory:
     /users/majewski/paradichlorobenzene/pbe/9_constraint/scratch/pbe.ecut100.np8.dt60.pcl2phi-129368.save
     Message from routine read_xml_file:
     file /users/majewski/paradichlorobenzene/pbe/9_constraint/scratch/pbe.ecut100.np8.dt60.pcl2phi-129368.save not guaranteed to be safe for post-processing

   Info: using nr1, nr2, nr3 values from input

   Info: using nr1, nr2, nr3 values from input

     IMPORTANT: XC functional enforced from input :
     Exchange-correlation      =  SLA  PW   PBX  PBC ( 1  4  3  4 0 0)
     Any further DFT definition will be discarded
     Please, verify this is what you really want

               file C.pbe-n-kjpaw_psl.1.0.0.UPF: wavefunction(s)  2S 2P renormalized
               file Cl.pbe-n-kjpaw_psl.1.0.0.UPF: wavefunction(s)  3S 3P renormalized
               file H.pbe-kjpaw_psl.1.0.0.UPF: wavefunction(s)  1S renormalized

     Parallelization info
     --------------------
     sticks:   dense  smooth     PW     G-vecs:    dense   smooth      PW
     Min        3057    1223    332               144436    36536    5170
     Max        3059    1225    333               144437    36537    5171
     Sum       24467    9791   2657              1155489   292295   41363


     Subspace diagonalization in iterative solution of the eigenvalue problem:
     a serial algorithm will be used

     GIPAW projectors -----------------------------------------------
     atom=  C    l=0  rc=    1.2000  rs=    0.8000
     atom=  C    l=0  rc=    1.2000  rs=    0.8000
     atom=  C    l=1  rc=    1.4000  rs=    0.9333
     atom=  C    l=1  rc=    1.4000  rs=    0.9333
     projs nearly linearly dependent: l=1  n1,n2= 1, 2  s=  0.99951561

     atom=  Cl   l=0  rc=    1.6000  rs=    1.0667
     atom=  Cl   l=0  rc=    1.6000  rs=    1.0667
     atom=  Cl   l=1  rc=    1.6000  rs=    1.0667
     atom=  Cl   l=1  rc=    1.6000  rs=    1.0667
     atom=  Cl   l=2  rc=    1.6000  rs=    1.0667
     atom=  Cl   l=2  rc=    1.6000  rs=    1.0667
     projs nearly linearly dependent: l=2  n1,n2= 1, 2  s=  0.99993509

     atom=  H    l=0  rc=    1.0000  rs=    0.6667
     atom=  H    l=0  rc=    1.0000  rs=    0.6667
     projs nearly linearly dependent: l=0  n1,n2= 1, 2  s=  0.99968852
     -----------------------------------------------------------------

     GIPAW integrals: -------------------------------------------
     Atom  i/j   nmr_para   nmr_dia   epr_rmc  epr_para   epr_dia
       C   1 1   0.83E+03  0.17E-01  0.93E+01  0.24E+08  0.24E+03
       C   2 1   0.86E+03 -0.61E-01  0.94E+01  0.25E+08  0.25E+03
       C   2 2   0.90E+03 -0.15E+00  0.97E+01  0.26E+08  0.26E+03
       C   3 3   0.33E+01  0.34E+00  0.18E+01  0.55E+03  0.21E+02
       C   4 3   0.35E+01  0.37E+00  0.20E+01  0.59E+03  0.22E+02
       C   4 4   0.38E+01  0.39E+00  0.22E+01  0.63E+03  0.24E+02
       Cl  1 1   0.14E+04 -0.47E+00  0.84E+01  0.32E+09  0.42E+03
       Cl  2 1   0.21E+04 -0.37E+00  0.12E+02  0.49E+09  0.65E+03
       Cl  2 2   0.33E+04 -0.16E+00  0.21E+02  0.76E+09  0.10E+04
       Cl  3 3   0.21E+02  0.79E-01  0.89E+01  0.23E+05  0.13E+03
       Cl  4 3   0.24E+02  0.67E-01  0.99E+01  0.27E+05  0.15E+03
       Cl  4 4   0.28E+02  0.44E-01  0.11E+02  0.32E+05  0.18E+03
       Cl  5 5   0.77E+00  0.19E+00  0.18E+01  0.12E+03  0.22E+02
       Cl  6 5   0.80E+00  0.19E+00  0.19E+01  0.12E+03  0.23E+02
       Cl  6 6   0.83E+00  0.20E+00  0.19E+01  0.12E+03  0.23E+02
       H   1 1   0.39E+02  0.19E+00  0.29E+00  0.78E+05  0.13E+02
       H   2 1   0.41E+02  0.21E+00  0.32E+00  0.82E+05  0.14E+02
       H   2 2   0.43E+02  0.22E+00  0.36E+00  0.86E+05  0.15E+02
     ------------------------------------------------------------

     alpha_pv=     33.6396 eV

     Number of occupied bands for each k-point:
     k-point:     1    nbnd_occ=  42
     k-point:     2    nbnd_occ=  42
     k-point:     3    nbnd_occ=  42
     k-point:     4    nbnd_occ=  42
     k-point:     5    nbnd_occ=  42
     k-point:     6    nbnd_occ=  42
     k-point:     7    nbnd_occ=  42
     k-point:     8    nbnd_occ=  42
     k-point:     9    nbnd_occ=  42
     k-point:    10    nbnd_occ=  42
     k-point:    11    nbnd_occ=  42
     k-point:    12    nbnd_occ=  42
     k-point:    13    nbnd_occ=  42
     k-point:    14    nbnd_occ=  42
     k-point:    15    nbnd_occ=  42
     k-point:    16    nbnd_occ=  42


     q-space interpolation up to   110.00 Rydberg

     GIPAW job: efg                                                                             


     ELECTRIC FIELD GRADIENTS TENSORS IN Hartree/bohrradius^2:

     ----- bare term -----
     Cl   1        0.008602        0.115083       -0.041346
     Cl   1        0.115083        0.067569       -0.030978
     Cl   1       -0.041346       -0.030978       -0.076171

     C    2       -0.055745        0.165591       -0.231470
     C    2        0.165591        0.010791       -0.683196
     C    2       -0.231470       -0.683196        0.044954

     C    3       -0.126082        0.017429        0.021958
     C    3        0.017429       -0.051050       -0.042053
     C    3        0.021958       -0.042053        0.177132

     H    4       -0.289767       -0.446588        0.096699
     H    4       -0.446588        0.006644        0.143747
     H    4        0.096699        0.143747        0.283123

     C    5       -0.007350        0.121589       -0.014407
     C    5        0.121589       -0.211499       -0.164553
     C    5       -0.014407       -0.164553        0.218849

     H    6        0.150710       -0.452409        0.115959
     H    6       -0.452409       -0.495937        0.051801
     H    6        0.115959        0.051801        0.345226

     H    7        0.308124        0.108957       -0.064909
     H    7        0.108957       -0.492544        0.531068
     H    7       -0.064909        0.531068        0.184420

     C    8       -0.567414       -0.312679       -0.279913
     C    8       -0.312679        0.153294        0.238355
     C    8       -0.279913        0.238355        0.414120

     H    9       -0.294009       -0.142783       -0.567576
     H    9       -0.142783        0.187018       -0.057001
     H    9       -0.567576       -0.057001        0.106991

     C   10       -0.059936        0.123387       -0.265654
     C   10        0.123387       -0.076584        0.696859
     C   10       -0.265654        0.696859        0.136520

     C   11       -0.391145       -0.343019       -0.146617
     C   11       -0.343019       -0.007694        0.363036
     C   11       -0.146617        0.363036        0.398838

     Cl  12        0.022212        0.163651       -0.009644
     Cl  12        0.163651        0.080431        0.049848
     Cl  12       -0.009644        0.049848       -0.102643

     H   13        0.387688       -0.044154       -0.069423
     H   13       -0.044154       -0.545140       -0.555579
     H   13       -0.069423       -0.555579        0.157452

     C   14       -0.748127        0.358958       -0.410524
     C   14        0.358958        0.321875       -0.144874
     C   14       -0.410524       -0.144874        0.426252

     H   15       -0.528352       -0.060834       -0.248882
     H   15       -0.060834        0.322360       -0.341513
     H   15       -0.248882       -0.341513        0.205992

     C   16        0.017761        0.398957       -0.033967
     C   16        0.398957       -0.400869       -0.460406
     C   16       -0.033967       -0.460406        0.383108

     C   17       -0.401245        0.306887       -0.438417
     C   17        0.306887        0.248088       -0.190082
     C   17       -0.438417       -0.190082        0.153157

     Cl  18       -0.097592        0.092496        0.105174
     Cl  18        0.092496       -0.054681        0.131355
     Cl  18        0.105174        0.131355        0.152273

     H   19        0.281996       -0.256268        0.033074
     H   19       -0.256268       -0.578019        0.406250
     H   19        0.033074        0.406250        0.296023

     C   20       -0.152528        0.243082       -0.427670
     C   20        0.243082       -0.004783        0.513740
     C   20       -0.427670        0.513740        0.157311

     H   21       -0.140228        0.286373       -0.396024
     H   21        0.286373       -0.182528        0.280407
     H   21       -0.396024        0.280407        0.322756

     C   22       -0.560397       -0.315270       -0.201411
     C   22       -0.315270        0.179235        0.230213
     C   22       -0.201411        0.230213        0.381162

     C   23       -0.011300        0.357356       -0.425143
     C   23        0.357356       -0.044343        0.672610
     C   23       -0.425143        0.672610        0.055643

     Cl  24       -0.151223       -0.157345       -0.079462
     Cl  24       -0.157345        0.002520       -0.054558
     Cl  24       -0.079462       -0.054558        0.148703

     ----- ionic term -----
     Cl   1        0.103092       -0.173395        0.008882
     Cl   1       -0.173395        0.051679       -0.010710
     Cl   1        0.008882       -0.010710       -0.154771

     C    2        0.217330       -0.025050        0.252820
     C    2       -0.025050        0.282880        0.313079
     C    2        0.252820        0.313079       -0.500209

     C    3        0.168520       -0.095405        0.113943
     C    3       -0.095405        0.347666        0.351531
     C    3        0.113943        0.351531       -0.516186

     H    4        0.707709        0.459314        0.475735
     H    4        0.459314       -0.299117        0.248909
     H    4        0.475735        0.248909       -0.408593

     C    5        0.365816       -0.039792        0.144833
     C    5       -0.039792        0.127888        0.294584
     C    5        0.144833        0.294584       -0.493704

     H    6       -0.454695        0.287985        0.111327
     H    6        0.287985        0.745599        0.582539
     H    6        0.111327        0.582539       -0.290904

     H    7       -0.512210       -0.078491        0.056208
     H    7       -0.078491        0.772483       -0.628401
     H    7        0.056208       -0.628401       -0.260274

     C    8        0.272956        0.158781        0.314619
     C    8        0.158781        0.093552       -0.267146
     C    8        0.314619       -0.267146       -0.366508

     H    9        0.565305       -0.268502        0.682326
     H    9       -0.268502       -0.433906       -0.234976
     H    9        0.682326       -0.234976       -0.131399

     C   10        0.122638        0.265631        0.212521
     C   10        0.265631        0.174763       -0.356184
     C   10        0.212521       -0.356184       -0.297401

     C   11        0.166473        0.227173        0.237548
     C   11        0.227173        0.118569       -0.389370
     C   11        0.237548       -0.389370       -0.285043

     Cl  12        0.152325        0.222992       -0.001656
     Cl  12        0.222992        0.006040       -0.001763
     Cl  12       -0.001656       -0.001763       -0.158365

     H   13       -0.528845        0.084956        0.054995
     H   13        0.084956        0.770939        0.639293
     H   13        0.054995        0.639293       -0.242094

     C   14        0.327003       -0.160468        0.192163
     C   14       -0.160468        0.133485        0.298505
     C   14        0.192163        0.298505       -0.460488

     H   15        0.755853        0.332047        0.560481
     H   15        0.332047       -0.404178        0.211805
     H   15        0.560481        0.211805       -0.351675

     C   16        0.210590       -0.205174        0.137264
     C   16       -0.205174        0.229636        0.371106
     C   16        0.137264        0.371106       -0.440226

     C   17        0.316564       -0.045174        0.132980
     C   17       -0.045174        0.145448        0.391462
     C   17        0.132980        0.391462       -0.462012

     Cl  18        0.161551       -0.201887       -0.030110
     Cl  18       -0.201887       -0.023524        0.025392
     Cl  18       -0.030110        0.025392       -0.138027

     H   19       -0.510954        0.005614        0.007642
     H   19        0.005614        0.664163       -0.695594
     H   19        0.007642       -0.695594       -0.153209

     C   20        0.286781        0.243859        0.237082
     C   20        0.243859        0.042614       -0.288306
     C   20        0.237082       -0.288306       -0.329395

     H   21        0.630189       -0.346445        0.646787
     H   21       -0.346445       -0.396694       -0.252828
     H   21        0.646787       -0.252828       -0.233496

     C   22        0.205082        0.232671        0.185405
     C   22        0.232671        0.146095       -0.362247
     C   22        0.185405       -0.362247       -0.351177

     C   23        0.214665        0.140517        0.307883
     C   23        0.140517        0.106061       -0.368466
     C   23        0.307883       -0.368466       -0.320727

     Cl  24        0.135622        0.197543        0.031786
     Cl  24        0.197543        0.017078        0.008656
     Cl  24        0.031786        0.008656       -0.152700

     ----- GIPAW term -----
     Cl   1        1.515200       -1.208596       -0.362944
     Cl   1       -1.208596        0.580964       -0.254663
     Cl   1       -0.362944       -0.254663       -2.096164

     C    2       -0.010423        0.052687       -0.073233
     C    2        0.052687        0.167241       -0.185219
     C    2       -0.073233       -0.185219       -0.156817

     C    3       -0.017477        0.014729       -0.023009
     C    3        0.014729        0.011823       -0.021200
     C    3       -0.023009       -0.021200        0.005654

     H    4       -0.000000        0.000000        0.000000
     H    4        0.000000        0.000000        0.000000
     H    4        0.000000        0.000000        0.000000

     C    5        0.007273        0.070176       -0.020649
     C    5        0.070176        0.020533       -0.068520
     C    5       -0.020649       -0.068520       -0.027806

     H    6       -0.000000        0.000000        0.000000
     H    6        0.000000        0.000000        0.000000
     H    6        0.000000        0.000000        0.000000

     H    7       -0.000000        0.000000        0.000000
     H    7        0.000000        0.000000        0.000000
     H    7        0.000000        0.000000        0.000000

     C    8       -0.094526        0.069250       -0.030171
     C    8        0.069250        0.126313        0.015207
     C    8       -0.030171        0.015207       -0.031787

     H    9       -0.000000        0.000000        0.000000
     H    9        0.000000        0.000000        0.000000
     H    9        0.000000        0.000000        0.000000

     C   10       -0.078042        0.167372       -0.007845
     C   10        0.167372        0.138201        0.203020
     C   10       -0.007845        0.203020       -0.060158

     C   11        0.003018        0.191809        0.038782
     C   11        0.191809        0.097874        0.101287
     C   11        0.038782        0.101287       -0.100892

     Cl  12        1.231733        3.423385        0.159278
     Cl  12        3.423385        1.014449        0.614402
     Cl  12        0.159278        0.614402       -2.246182

     H   13       -0.000000        0.000000        0.000000
     H   13        0.000000        0.000000        0.000000
     H   13        0.000000        0.000000        0.000000

     C   14       -0.190686        0.096304       -0.041114
     C   14        0.096304        0.181447        0.072229
     C   14       -0.041114        0.072229        0.009238

     H   15       -0.000000        0.000000        0.000000
     H   15        0.000000        0.000000        0.000000
     H   15        0.000000        0.000000        0.000000

     C   16       -0.066244        0.120108        0.063002
     C   16        0.120108        0.021388        0.095796
     C   16        0.063002        0.095796        0.044856

     C   17        0.013085        0.142955       -0.008637
     C   17        0.142955        0.156861        0.060834
     C   17       -0.008637        0.060834       -0.169946

     Cl  18        0.322860       -1.200145        1.043133
     Cl  18       -1.200145       -0.448776        1.390324
     Cl  18        1.043133        1.390324        0.125916

     H   19       -0.000000        0.000000        0.000000
     H   19        0.000000        0.000000        0.000000
     H   19        0.000000        0.000000        0.000000

     C   20       -0.001051        0.208195       -0.076760
     C   20        0.208195        0.101862        0.088086
     C   20       -0.076760        0.088086       -0.100811

     H   21       -0.000000        0.000000        0.000000
     H   21        0.000000        0.000000        0.000000
     H   21        0.000000        0.000000        0.000000

     C   22       -0.147757        0.112082       -0.033314
     C   22        0.112082        0.226840       -0.004138
     C   22       -0.033314       -0.004138       -0.079084

     C   23        0.044430        0.283352       -0.061009
     C   23        0.283352        0.118583        0.101266
     C   23       -0.061009        0.101266       -0.163013

     Cl  24        0.796231        2.023543       -0.675145
     Cl  24        2.023543        0.238525       -0.526221
     Cl  24       -0.675145       -0.526221       -1.034756

     ----- total EFG -----
     Cl   1        1.626893       -1.266907       -0.395408
     Cl   1       -1.266907        0.700212       -0.296351
     Cl   1       -0.395408       -0.296351       -2.327106

     C    2        0.151161        0.193229       -0.051883
     C    2        0.193229        0.460911       -0.555336
     C    2       -0.051883       -0.555336       -0.612072

     C    3        0.024961       -0.063247        0.112892
     C    3       -0.063247        0.308439        0.288278
     C    3        0.112892        0.288278       -0.333400

     H    4        0.417942        0.012725        0.572433
     H    4        0.012725       -0.292473        0.392656
     H    4        0.572433        0.392656       -0.125470

     C    5        0.365739        0.151974        0.109777
     C    5        0.151974       -0.063078        0.061511
     C    5        0.109777        0.061511       -0.302661

     H    6       -0.303985       -0.164425        0.227286
     H    6       -0.164425        0.249663        0.634340
     H    6        0.227286        0.634340        0.054322

     H    7       -0.204086        0.030466       -0.008701
     H    7        0.030466        0.279939       -0.097334
     H    7       -0.008701       -0.097334       -0.075854

     C    8       -0.388984       -0.084648        0.004535
     C    8       -0.084648        0.373159       -0.013584
     C    8        0.004535       -0.013584        0.015825

     H    9        0.271297       -0.411286        0.114751
     H    9       -0.411286       -0.246888       -0.291977
     H    9        0.114751       -0.291977       -0.024408

     C   10       -0.015340        0.556391       -0.060978
     C   10        0.556391        0.236380        0.543695
     C   10       -0.060978        0.543695       -0.221039

     C   11       -0.221653        0.075962        0.129712
     C   11        0.075962        0.208750        0.074954
     C   11        0.129712        0.074954        0.012903

     Cl  12        1.406270        3.810027        0.147977
     Cl  12        3.810027        1.100920        0.662487
     Cl  12        0.147977        0.662487       -2.507190

     H   13       -0.141157        0.040802       -0.014428
     H   13        0.040802        0.225799        0.083714
     H   13       -0.014428        0.083714       -0.084642

     C   14       -0.611810        0.294795       -0.259475
     C   14        0.294795        0.636807        0.225860
     C   14       -0.259475        0.225860       -0.024998

     H   15        0.227501        0.271213        0.311599
     H   15        0.271213       -0.081818       -0.129708
     H   15        0.311599       -0.129708       -0.145683

     C   16        0.162107        0.313891        0.166299
     C   16        0.313891       -0.149845        0.006496
     C   16        0.166299        0.006496       -0.012261

     C   17       -0.071596        0.404667       -0.314074
     C   17        0.404667        0.550397        0.262214
     C   17       -0.314074        0.262214       -0.478801

     Cl  18        0.386819       -1.309536        1.118197
     Cl  18       -1.309536       -0.526980        1.547072
     Cl  18        1.118197        1.547072        0.140162

     H   19       -0.228957       -0.250654        0.040716
     H   19       -0.250654        0.086144       -0.289344
     H   19        0.040716       -0.289344        0.142814

     C   20        0.133202        0.695136       -0.267349
     C   20        0.695136        0.139693        0.313519
     C   20       -0.267349        0.313519       -0.272895

     H   21        0.489961       -0.060072        0.250762
     H   21       -0.060072       -0.579222        0.027579
     H   21        0.250762        0.027579        0.089261

     C   22       -0.503072        0.029483       -0.049320
     C   22        0.029483        0.552171       -0.136172
     C   22       -0.049320       -0.136172       -0.049099

     C   23        0.247795        0.781225       -0.178268
     C   23        0.781225        0.180301        0.405409
     C   23       -0.178268        0.405409       -0.428096

     Cl  24        0.780631        2.063742       -0.722820
     Cl  24        2.063742        0.258123       -0.572123
     Cl  24       -0.722820       -0.572123       -1.038753

     ----- total EFG (symmetrized) -----
     Cl   1        1.626893       -1.266907       -0.395408
     Cl   1       -1.266907        0.700212       -0.296351
     Cl   1       -0.395408       -0.296351       -2.327106

     C    2        0.151161        0.193229       -0.051883
     C    2        0.193229        0.460911       -0.555336
     C    2       -0.051883       -0.555336       -0.612072

     C    3        0.024961       -0.063247        0.112892
     C    3       -0.063247        0.308439        0.288278
     C    3        0.112892        0.288278       -0.333400

     H    4        0.417942        0.012725        0.572433
     H    4        0.012725       -0.292473        0.392656
     H    4        0.572433        0.392656       -0.125470

     C    5        0.365739        0.151974        0.109777
     C    5        0.151974       -0.063078        0.061511
     C    5        0.109777        0.061511       -0.302661

     H    6       -0.303985       -0.164425        0.227286
     H    6       -0.164425        0.249663        0.634340
     H    6        0.227286        0.634340        0.054322

     H    7       -0.204086        0.030466       -0.008701
     H    7        0.030466        0.279939       -0.097334
     H    7       -0.008701       -0.097334       -0.075854

     C    8       -0.388984       -0.084648        0.004535
     C    8       -0.084648        0.373159       -0.013584
     C    8        0.004535       -0.013584        0.015825

     H    9        0.271297       -0.411286        0.114751
     H    9       -0.411286       -0.246888       -0.291977
     H    9        0.114751       -0.291977       -0.024408

     C   10       -0.015340        0.556391       -0.060978
     C   10        0.556391        0.236380        0.543695
     C   10       -0.060978        0.543695       -0.221039

     C   11       -0.221653        0.075962        0.129712
     C   11        0.075962        0.208750        0.074954
     C   11        0.129712        0.074954        0.012903

     Cl  12        1.406270        3.810027        0.147977
     Cl  12        3.810027        1.100920        0.662487
     Cl  12        0.147977        0.662487       -2.507190

     H   13       -0.141157        0.040802       -0.014428
     H   13        0.040802        0.225799        0.083714
     H   13       -0.014428        0.083714       -0.084642

     C   14       -0.611810        0.294795       -0.259475
     C   14        0.294795        0.636807        0.225860
     C   14       -0.259475        0.225860       -0.024998

     H   15        0.227501        0.271213        0.311599
     H   15        0.271213       -0.081818       -0.129708
     H   15        0.311599       -0.129708       -0.145683

     C   16        0.162107        0.313891        0.166299
     C   16        0.313891       -0.149845        0.006496
     C   16        0.166299        0.006496       -0.012261

     C   17       -0.071596        0.404667       -0.314074
     C   17        0.404667        0.550397        0.262214
     C   17       -0.314074        0.262214       -0.478801

     Cl  18        0.386819       -1.309536        1.118197
     Cl  18       -1.309536       -0.526980        1.547072
     Cl  18        1.118197        1.547072        0.140162

     H   19       -0.228957       -0.250654        0.040716
     H   19       -0.250654        0.086144       -0.289344
     H   19        0.040716       -0.289344        0.142814

     C   20        0.133202        0.695136       -0.267349
     C   20        0.695136        0.139693        0.313519
     C   20       -0.267349        0.313519       -0.272895

     H   21        0.489961       -0.060072        0.250762
     H   21       -0.060072       -0.579222        0.027579
     H   21        0.250762        0.027579        0.089261

     C   22       -0.503072        0.029483       -0.049320
     C   22        0.029483        0.552171       -0.136172
     C   22       -0.049320       -0.136172       -0.049099

     C   23        0.247795        0.781225       -0.178268
     C   23        0.781225        0.180301        0.405409
     C   23       -0.178268        0.405409       -0.428096

     Cl  24        0.780631        2.063742       -0.722820
     Cl  24        2.063742        0.258123       -0.572123
     Cl  24       -0.722820       -0.572123       -1.038753


     NQR/NMR SPECTROSCOPIC PARAMETERS:
     Cl   1    Vxx=   -0.0874    axis=(  0.550874  0.809190 -0.204326)
     Cl   1    Vyy=   -2.4301    axis=(  0.142259  0.150199  0.978367)
     Cl   1    Vzz=    2.5175    axis=(  0.822375 -0.568024 -0.032374)
     Cl   1  Q=        -8.1650 1e-30 m^2  Cq=       -48.2975 MHz  eta= 0.93054

     C    2    Vxx=    0.0875    axis=(  0.950564 -0.273668  0.146742)
     C    2    Vyy=    0.7610    axis=(  0.309222  0.877495 -0.366584)
     C    2    Vzz=   -0.8485    axis=( -0.028443  0.393838  0.918740)
     C    2  Q=         1.0000 1e-30 m^2  Cq=        -1.9937 MHz  eta= 0.79371

     C    3    Vxx=    0.0568    axis=(  0.967605 -0.041994  0.248951)
     C    3    Vyy=    0.4198    axis=( -0.049591  0.935246  0.350507)
     C    3    Vzz=   -0.4766    axis=( -0.247550 -0.351498  0.902867)
     C    3  Q=         1.0000 1e-30 m^2  Cq=        -1.1198 MHz  eta= 0.76184

     H    4    Vxx=   -0.0857    axis=(  0.494022 -0.762561 -0.417663)
     H    4    Vyy=   -0.7411    axis=(  0.344540  0.612750 -0.711217)
     H    4    Vzz=    0.8267    axis=(  0.798269  0.207455  0.565445)
     H    4  Q=         1.0000 1e-30 m^2  Cq=         1.9425 MHz  eta= 0.79279

     C    5    Vxx=   -0.1086    axis=(  0.326712 -0.938389 -0.112627)
     C    5    Vyy=   -0.3262    axis=( -0.120418 -0.159525  0.979822)
     C    5    Vzz=    0.4348    axis=( -0.937421 -0.306557 -0.165118)
     C    5  Q=         1.0000 1e-30 m^2  Cq=         1.0215 MHz  eta= 0.50040

     H    6    Vxx=   -0.1027    axis=(  0.810528 -0.397005  0.430618)
     H    6    Vyy=   -0.6916    axis=( -0.585274 -0.520956  0.621337)
     H    6    Vzz=    0.7943    axis=(  0.022340  0.755640  0.654606)
     H    6  Q=         1.0000 1e-30 m^2  Cq=         1.8663 MHz  eta= 0.74143

     H    7    Vxx=   -0.1007    axis=( -0.008344  0.248337  0.968638)
     H    7    Vyy=   -0.2061    axis=(  0.998049 -0.057871  0.023434)
     H    7    Vzz=    0.3068    axis=(  0.061876  0.966943 -0.247370)
     H    7  Q=         1.0000 1e-30 m^2  Cq=         0.7208 MHz  eta= 0.34331

     C    8    Vxx=    0.0153    axis=(  0.003112  0.038668  0.999247)
     C    8    Vyy=    0.3830    axis=( -0.109141  0.993296 -0.038097)
     C    8    Vzz=   -0.3983    axis=( -0.994021 -0.108940  0.007312)
     C    8  Q=         1.0000 1e-30 m^2  Cq=        -0.9358 MHz  eta= 0.92311

     H    9    Vxx=   -0.0403    axis=(  0.517755  0.157672 -0.840874)
     H    9    Vyy=   -0.5577    axis=( -0.366934 -0.846954 -0.384745)
     H    9    Vzz=    0.5980    axis=( -0.772845  0.507749 -0.380659)
     H    9  Q=         1.0000 1e-30 m^2  Cq=         1.4051 MHz  eta= 0.86517

     C   10    Vxx=   -0.0547    axis=(  0.726164 -0.125411 -0.675987)
     C   10    Vyy=   -0.7845    axis=(  0.485792 -0.602161  0.633567)
     C   10    Vzz=    0.8392    axis=( -0.486510 -0.788463 -0.376344)
     C   10  Q=         1.0000 1e-30 m^2  Cq=         1.9718 MHz  eta= 0.86972

     C   11    Vxx=    0.0197    axis=( -0.306401  0.454642 -0.836313)
     C   11    Vyy=    0.2629    axis=(  0.244130  0.886716  0.392600)
     C   11    Vzz=   -0.2825    axis=(  0.920065 -0.083876 -0.382682)
     C   11  Q=         1.0000 1e-30 m^2  Cq=        -0.6638 MHz  eta= 0.86069

     Cl  12    Vxx=   -2.1802    axis=( -0.526431  0.467970  0.709840)
     Cl  12    Vyy=   -2.9286    axis=( -0.457534  0.547767 -0.700438)
     Cl  12    Vzz=    5.1088    axis=(  0.716612  0.693509  0.074249)
     Cl  12  Q=        -8.1650 1e-30 m^2  Cq=       -98.0097 MHz  eta= 0.14650

     H   13    Vxx=   -0.0944    axis=( -0.428091 -0.177139  0.886205)
     H   13    Vyy=   -0.1559    axis=( -0.899037  0.183334 -0.397644)
     H   13    Vzz=    0.2503    axis=( -0.092033 -0.966959 -0.237739)
     H   13  Q=         1.0000 1e-30 m^2  Cq=         0.5880 MHz  eta= 0.24556

     C   14    Vxx=    0.0579    axis=( -0.411280 -0.141866  0.900402)
     C   14    Vyy=    0.7411    axis=(  0.165618  0.959741  0.226865)
     C   14    Vzz=   -0.7990    axis=( -0.896337  0.242428 -0.371226)
     C   14  Q=         1.0000 1e-30 m^2  Cq=        -1.8773 MHz  eta= 0.85498

     H   15    Vxx=    0.0193    axis=( -0.025097  0.762304 -0.646732)
     H   15    Vyy=    0.4668    axis=( -0.865171 -0.340681 -0.367988)
     H   15    Vzz=   -0.4861    axis=( -0.500848  0.550299  0.668074)
     H   15  Q=         1.0000 1e-30 m^2  Cq=        -1.1422 MHz  eta= 0.92061

     C   16    Vxx=   -0.0425    axis=( -0.150391 -0.384517  0.910785)
     C   16    Vyy=   -0.3652    axis=(  0.551853 -0.797028 -0.245368)
     C   16    Vzz=    0.4076    axis=(  0.820269  0.465718  0.332063)
     C   16  Q=         1.0000 1e-30 m^2  Cq=         0.9578 MHz  eta= 0.79166

     C   17    Vxx=    0.0313    axis=( -0.747548  0.278066  0.603201)
     C   17    Vyy=    0.7583    axis=( -0.409261 -0.908108 -0.088575)
     C   17    Vzz=   -0.7897    axis=(  0.523142 -0.313080  0.792656)
     C   17  Q=         1.0000 1e-30 m^2  Cq=        -1.8554 MHz  eta= 0.92070

     Cl  18    Vxx=    1.3151    axis=( -0.762753  0.636813  0.112594)
     Cl  18    Vyy=    1.4125    axis=(  0.429133  0.368169  0.824801)
     Cl  18    Vzz=   -2.7276    axis=( -0.483791 -0.677437  0.554099)
     Cl  18  Q=        -8.1650 1e-30 m^2  Cq=        52.3274 MHz  eta= 0.03573

     H   19    Vxx=   -0.0717    axis=( -0.536945  0.452439  0.712032)
     H   19    Vyy=   -0.3936    axis=(  0.792484  0.559893  0.241847)
     H   19    Vzz=    0.4654    axis=( -0.289240  0.694132 -0.659182)
     H   19  Q=         1.0000 1e-30 m^2  Cq=         1.0934 MHz  eta= 0.69166

     C   20    Vxx=    0.0181    axis=( -0.434565  0.385086  0.814163)
     C   20    Vyy=    0.8327    axis=( -0.697871 -0.715410 -0.034116)
     C   20    Vzz=   -0.8508    axis=(  0.569323 -0.583007  0.579633)
     C   20  Q=         1.0000 1e-30 m^2  Cq=        -1.9991 MHz  eta= 0.95747

     H   21    Vxx=   -0.0267    axis=( -0.426213  0.091263  0.900008)
     H   21    Vyy=   -0.5854    axis=(  0.071258  0.995194 -0.067169)
     H   21    Vzz=    0.6121    axis=( -0.901812  0.035505 -0.430667)
     H   21  Q=         1.0000 1e-30 m^2  Cq=         1.4381 MHz  eta= 0.91277

     C   22    Vxx=   -0.0744    axis=( -0.096955  0.215722  0.971629)
     C   22    Vyy=   -0.5086    axis=(  0.994631 -0.014491  0.102468)
     C   22    Vzz=    0.5830    axis=(  0.036185  0.976347 -0.213159)
     C   22  Q=         1.0000 1e-30 m^2  Cq=         1.3698 MHz  eta= 0.74473

     C   23    Vxx=   -0.0883    axis=(  0.526651 -0.397989 -0.751162)
     C   23    Vyy=   -0.9250    axis=( -0.487134  0.582868 -0.650358)
     C   23    Vzz=    1.0133    axis=( -0.696663 -0.708428 -0.113094)
     C   23  Q=         1.0000 1e-30 m^2  Cq=         2.3808 MHz  eta= 0.82569

     Cl  24    Vxx=   -1.2512    axis=(  0.072381  0.265467  0.961399)
     Cl  24    Vyy=   -1.5681    axis=( -0.678084  0.719979 -0.147754)
     Cl  24    Vzz=    2.8193    axis=( -0.731411 -0.641215  0.232122)
     Cl  24  Q=        -8.1650 1e-30 m^2  Cq=       -54.0863 MHz  eta= 0.11243

     Initialization:
     gipaw_setup  :      9.48s CPU     11.05s WALL (       1 calls)

     Linear response

     Apply operators

     Induced current

     Other routines
     efg          :      9.38s CPU     11.75s WALL (       1 calls)

     General routines
     calbec       :      3.27s CPU      4.41s WALL (      16 calls)
     fft          :      1.55s CPU      2.22s WALL (      15 calls)
     ffts         :      0.04s CPU      0.06s WALL (       2 calls)
     fftw         :      3.34s CPU      3.89s WALL (     672 calls)
     davcio       :      0.02s CPU      0.32s WALL (      32 calls)

     Parallel routines
     fft_scatter  :      2.27s CPU      3.38s WALL (     689 calls)

     Plugins

     GIPAW        :     62.26s CPU     73.37s WALL (       1 calls)
