
     Program QE v.6.0 (svn rev. 13079) starts on 17Jan2017 at  7:13:42 

     This program is part of the open-source Quantum ESPRESSO suite
     for quantum simulation of materials; please cite
         "P. Giannozzi et al., J. Phys.:Condens. Matter 21 395502 (2009);
          URL http://www.quantum-espresso.org", 
     in publications or presentations arising from this work. More details at
     http://www.quantum-espresso.org/quote

     Parallel version (MPI), running on     8 processors
     R & G space division:  proc/nbgrp/npool/nimage =       8

     ***** This is GIPAW svn revision unknown      *****

     Parallelizing q-star over 1 images

     Reading data from directory:
     /users/majewski/paradichlorobenzene/pbe/9_constraint/scratch/pbe.ecut100.np8.dt60.pcl2phi-129368.save
     Message from routine read_xml_file:
     file /users/majewski/paradichlorobenzene/pbe/9_constraint/scratch/pbe.ecut100.np8.dt60.pcl2phi-129368.save not guaranteed to be safe for post-processing

   Info: using nr1, nr2, nr3 values from input

   Info: using nr1, nr2, nr3 values from input

     IMPORTANT: XC functional enforced from input :
     Exchange-correlation      =  SLA  PW   PBX  PBC ( 1  4  3  4 0 0)
     Any further DFT definition will be discarded
     Please, verify this is what you really want

               file C.pbe-n-kjpaw_psl.1.0.0.UPF: wavefunction(s)  2S 2P renormalized
               file Cl.pbe-n-kjpaw_psl.1.0.0.UPF: wavefunction(s)  3S 3P renormalized
               file H.pbe-kjpaw_psl.1.0.0.UPF: wavefunction(s)  1S renormalized

     Parallelization info
     --------------------
     sticks:   dense  smooth     PW     G-vecs:    dense   smooth      PW
     Min        3057    1223    332               144436    36536    5170
     Max        3059    1225    333               144437    36537    5171
     Sum       24467    9791   2657              1155489   292295   41363


     Subspace diagonalization in iterative solution of the eigenvalue problem:
     a serial algorithm will be used

     GIPAW projectors -----------------------------------------------
     atom=  C    l=0  rc=    1.2000  rs=    0.8000
     atom=  C    l=0  rc=    1.2000  rs=    0.8000
     atom=  C    l=1  rc=    1.4000  rs=    0.9333
     atom=  C    l=1  rc=    1.4000  rs=    0.9333
     projs nearly linearly dependent: l=1  n1,n2= 1, 2  s=  0.99951561

     atom=  Cl   l=0  rc=    1.6000  rs=    1.0667
     atom=  Cl   l=0  rc=    1.6000  rs=    1.0667
     atom=  Cl   l=1  rc=    1.6000  rs=    1.0667
     atom=  Cl   l=1  rc=    1.6000  rs=    1.0667
     atom=  Cl   l=2  rc=    1.6000  rs=    1.0667
     atom=  Cl   l=2  rc=    1.6000  rs=    1.0667
     projs nearly linearly dependent: l=2  n1,n2= 1, 2  s=  0.99993509

     atom=  H    l=0  rc=    1.0000  rs=    0.6667
     atom=  H    l=0  rc=    1.0000  rs=    0.6667
     projs nearly linearly dependent: l=0  n1,n2= 1, 2  s=  0.99968852
     -----------------------------------------------------------------

     GIPAW integrals: -------------------------------------------
     Atom  i/j   nmr_para   nmr_dia   epr_rmc  epr_para   epr_dia
       C   1 1   0.83E+03  0.17E-01  0.93E+01  0.24E+08  0.24E+03
       C   2 1   0.86E+03 -0.61E-01  0.94E+01  0.25E+08  0.25E+03
       C   2 2   0.90E+03 -0.15E+00  0.97E+01  0.26E+08  0.26E+03
       C   3 3   0.33E+01  0.34E+00  0.18E+01  0.55E+03  0.21E+02
       C   4 3   0.35E+01  0.37E+00  0.20E+01  0.59E+03  0.22E+02
       C   4 4   0.38E+01  0.39E+00  0.22E+01  0.63E+03  0.24E+02
       Cl  1 1   0.14E+04 -0.47E+00  0.84E+01  0.32E+09  0.42E+03
       Cl  2 1   0.21E+04 -0.37E+00  0.12E+02  0.49E+09  0.65E+03
       Cl  2 2   0.33E+04 -0.16E+00  0.21E+02  0.76E+09  0.10E+04
       Cl  3 3   0.21E+02  0.79E-01  0.89E+01  0.23E+05  0.13E+03
       Cl  4 3   0.24E+02  0.67E-01  0.99E+01  0.27E+05  0.15E+03
       Cl  4 4   0.28E+02  0.44E-01  0.11E+02  0.32E+05  0.18E+03
       Cl  5 5   0.77E+00  0.19E+00  0.18E+01  0.12E+03  0.22E+02
       Cl  6 5   0.80E+00  0.19E+00  0.19E+01  0.12E+03  0.23E+02
       Cl  6 6   0.83E+00  0.20E+00  0.19E+01  0.12E+03  0.23E+02
       H   1 1   0.39E+02  0.19E+00  0.29E+00  0.78E+05  0.13E+02
       H   2 1   0.41E+02  0.21E+00  0.32E+00  0.82E+05  0.14E+02
       H   2 2   0.43E+02  0.22E+00  0.36E+00  0.86E+05  0.15E+02
     ------------------------------------------------------------

     alpha_pv=     33.9252 eV

     Number of occupied bands for each k-point:
     k-point:     1    nbnd_occ=  42
     k-point:     2    nbnd_occ=  42
     k-point:     3    nbnd_occ=  42
     k-point:     4    nbnd_occ=  42
     k-point:     5    nbnd_occ=  42
     k-point:     6    nbnd_occ=  42
     k-point:     7    nbnd_occ=  42
     k-point:     8    nbnd_occ=  42
     k-point:     9    nbnd_occ=  42
     k-point:    10    nbnd_occ=  42
     k-point:    11    nbnd_occ=  42
     k-point:    12    nbnd_occ=  42
     k-point:    13    nbnd_occ=  42
     k-point:    14    nbnd_occ=  42
     k-point:    15    nbnd_occ=  42
     k-point:    16    nbnd_occ=  42


     q-space interpolation up to   110.00 Rydberg

     GIPAW job: efg                                                                             


     ELECTRIC FIELD GRADIENTS TENSORS IN Hartree/bohrradius^2:

     ----- bare term -----
     Cl   1       -0.107511        0.288398       -0.030088
     Cl   1        0.288398       -0.210016       -0.161939
     Cl   1       -0.030088       -0.161939        0.317527

     C    2        0.171252       -0.015029       -0.237833
     C    2       -0.015029       -0.138529       -0.606466
     C    2       -0.237833       -0.606466       -0.032723

     C    3       -0.526996        0.248977       -0.031607
     C    3        0.248977        0.021933       -0.041379
     C    3       -0.031607       -0.041379        0.505062

     H    4       -0.068214       -0.399760       -0.131892
     H    4       -0.399760       -0.349940        0.050661
     H    4       -0.131892        0.050661        0.418155

     C    5       -0.051936       -0.250468       -0.400907
     C    5       -0.250468       -0.033807       -0.461760
     C    5       -0.400907       -0.461760        0.085743

     H    6        0.294217        0.138167       -0.091497
     H    6        0.138167       -0.601739        0.058068
     H    6       -0.091497        0.058068        0.307522

     H    7        0.269756        0.106312        0.184284
     H    7        0.106312       -0.251051        0.489631
     H    7        0.184284        0.489631       -0.018705

     C    8       -0.663926       -0.335521       -0.393526
     C    8       -0.335521        0.391907        0.062321
     C    8       -0.393526        0.062321        0.272019

     H    9        0.185235        0.050196       -0.270537
     H    9        0.050196        0.284409       -0.244828
     H    9       -0.270537       -0.244828       -0.469644

     C   10        0.150988       -0.224257       -0.057399
     C   10       -0.224257       -0.120258        0.482888
     C   10       -0.057399        0.482888       -0.030730

     C   11       -0.519244       -0.406808       -0.354339
     C   11       -0.406808        0.228192        0.209544
     C   11       -0.354339        0.209544        0.291052

     Cl  12       -0.029816       -0.066750       -0.090160
     Cl  12       -0.066750        0.016201        0.082409
     Cl  12       -0.090160        0.082409        0.013615

     H   13        0.449444       -0.045946       -0.038517
     H   13       -0.045946       -0.525906       -0.603800
     H   13       -0.038517       -0.603800        0.076462

     C   14       -0.904946        0.386973       -0.386295
     C   14        0.386973        0.523727       -0.080671
     C   14       -0.386295       -0.080671        0.381219

     H   15       -0.415854        0.081699       -0.475946
     H   15        0.081699        0.170222       -0.117493
     H   15       -0.475946       -0.117493        0.245631

     C   16        0.001446       -0.042933       -0.270190
     C   16       -0.042933       -0.114465       -0.586519
     C   16       -0.270190       -0.586519        0.113019

     C   17       -0.590927        0.353535       -0.308532
     C   17        0.353535        0.171486       -0.152411
     C   17       -0.308532       -0.152411        0.419440

     Cl  18        0.096843       -0.162400       -0.058395
     Cl  18       -0.162400        0.004845        0.021684
     Cl  18       -0.058395        0.021684       -0.101689

     H   19        0.458817        0.026611       -0.008782
     H   19        0.026611       -0.753453        0.387496
     H   19       -0.008782        0.387496        0.294636

     C   20       -0.078209        0.111149       -0.305149
     C   20        0.111149        0.025808        0.458845
     C   20       -0.305149        0.458845        0.052400

     H   21        0.002415        0.215181       -0.415890
     H   21        0.215181        0.108219        0.512763
     H   21       -0.415890        0.512763       -0.110634

     C   22       -0.775305       -0.359479       -0.310264
     C   22       -0.359479        0.369871        0.076802
     C   22       -0.310264        0.076802        0.405435

     C   23        0.100116       -0.027230       -0.192096
     C   23       -0.027230       -0.109530        0.568545
     C   23       -0.192096        0.568545        0.009415

     Cl  24       -0.170049       -0.268392        0.008766
     Cl  24       -0.268392        0.103162       -0.032196
     Cl  24        0.008766       -0.032196        0.066887

     ----- ionic term -----
     Cl   1        0.170630       -0.191540        0.051608
     Cl   1       -0.191540       -0.006943       -0.023354
     Cl   1        0.051608       -0.023354       -0.163688

     C    2        0.227091       -0.133030        0.303677
     C    2       -0.133030        0.173699        0.371147
     C    2        0.303677        0.371147       -0.400790

     C    3        0.237329       -0.187509        0.130957
     C    3       -0.187509        0.218449        0.375098
     C    3        0.130957        0.375098       -0.455779

     H    4        0.683077        0.454667        0.526195
     H    4        0.454667       -0.296562        0.251013
     H    4        0.526195        0.251013       -0.386515

     C    5        0.392604       -0.124981        0.198932
     C    5       -0.124981        0.082879        0.274136
     C    5        0.198932        0.274136       -0.475483

     H    6       -0.493203       -0.031690       -0.007523
     H    6       -0.031690        0.954645        0.448853
     H    6       -0.007523        0.448853       -0.461442

     H    7       -0.523191       -0.002686        0.022102
     H    7       -0.002686        0.706024       -0.687005
     H    7        0.022102       -0.687005       -0.182833

     C    8        0.226823        0.194600        0.372599
     C    8        0.194600        0.013919       -0.297544
     C    8        0.372599       -0.297544       -0.240742

     H    9        0.120093       -0.158911        0.786378
     H    9       -0.158911       -0.456045       -0.259527
     H    9        0.786378       -0.259527        0.335952

     C   10        0.037561        0.296846        0.242951
     C   10        0.296846        0.124310       -0.368127
     C   10        0.242951       -0.368127       -0.161871

     C   11        0.186350        0.271714        0.328804
     C   11        0.271714        0.063966       -0.394581
     C   11        0.328804       -0.394581       -0.250316

     Cl  12        0.178777        0.270871        0.034828
     Cl  12        0.270871       -0.011716        0.013980
     Cl  12        0.034828        0.013980       -0.167062

     H   13       -0.529100        0.027145        0.024969
     H   13        0.027145        0.687704        0.695133
     H   13        0.024969        0.695133       -0.158604

     C   14        0.311026       -0.129141        0.251824
     C   14       -0.129141        0.037407        0.326252
     C   14        0.251824        0.326252       -0.348433

     H   15        0.527418        0.346341        0.662137
     H   15        0.346341       -0.381057        0.289166
     H   15        0.662137        0.289166       -0.146361

     C   16        0.183732       -0.228778        0.159161
     C   16       -0.228778        0.133805        0.409181
     C   16        0.159161        0.409181       -0.317538

     C   17        0.282392       -0.116018        0.209835
     C   17       -0.116018        0.089906        0.424675
     C   17        0.209835        0.424675       -0.372298

     Cl  18        0.181620       -0.233047        0.009100
     Cl  18       -0.233047       -0.033145       -0.002447
     Cl  18        0.009100       -0.002447       -0.148475

     H   19       -0.521753       -0.078811        0.070604
     H   19       -0.078811        0.619530       -0.724476
     H   19        0.070604       -0.724476       -0.097776

     C   20        0.227913        0.170402        0.343468
     C   20        0.170402        0.006724       -0.306465
     C   20        0.343468       -0.306465       -0.234636

     H   21        0.405448       -0.180168        0.777320
     H   21       -0.180168       -0.515007       -0.220982
     H   21        0.777320       -0.220982        0.109559

     C   22        0.082319        0.243074        0.241156
     C   22        0.243074        0.152442       -0.393944
     C   22        0.241156       -0.393944       -0.234761

     C   23        0.120646        0.137802        0.352658
     C   23        0.137802        0.082329       -0.455467
     C   23        0.352658       -0.455467       -0.202975

     Cl  24        0.130304        0.177242        0.009416
     Cl  24        0.177242        0.013460        0.000652
     Cl  24        0.009416        0.000652       -0.143764

     ----- GIPAW term -----
     Cl   1       -0.957241        0.298314        0.148640
     Cl   1        0.298314        1.632822        1.170290
     Cl   1        0.148640        1.170290       -0.675582

     C    2       -0.039851       -0.018652       -0.018303
     C    2       -0.018652        0.191731        0.019614
     C    2       -0.018303        0.019614       -0.151880

     C    3       -0.075943       -0.050826        0.016221
     C    3       -0.050826        0.087419       -0.007482
     C    3        0.016221       -0.007482       -0.011476

     H    4       -0.000000        0.000000        0.000000
     H    4        0.000000        0.000000        0.000000
     H    4        0.000000        0.000000        0.000000

     C    5       -0.036117       -0.128075       -0.032925
     C    5       -0.128075        0.146955       -0.088384
     C    5       -0.032925       -0.088384       -0.110838

     H    6       -0.000000        0.000000        0.000000
     H    6        0.000000        0.000000        0.000000
     H    6        0.000000        0.000000        0.000000

     H    7       -0.000000        0.000000        0.000000
     H    7        0.000000        0.000000        0.000000
     H    7        0.000000        0.000000        0.000000

     C    8       -0.103636       -0.122073       -0.041491
     C    8       -0.122073        0.168387        0.004519
     C    8       -0.041491        0.004519       -0.064751

     H    9       -0.000000        0.000000        0.000000
     H    9        0.000000        0.000000        0.000000
     H    9        0.000000        0.000000        0.000000

     C   10       -0.047263       -0.071107       -0.018518
     C   10       -0.071107        0.127796        0.107721
     C   10       -0.018518        0.107721       -0.080533

     C   11       -0.124639       -0.048534       -0.052514
     C   11       -0.048534        0.218347        0.096755
     C   11       -0.052514        0.096755       -0.093707

     Cl  12       -0.033034        0.489969       -1.031182
     Cl  12        0.489969        1.107428        2.050378
     Cl  12       -1.031182        2.050378       -1.074394

     H   13       -0.000000        0.000000        0.000000
     H   13        0.000000        0.000000        0.000000
     H   13        0.000000        0.000000        0.000000

     C   14       -0.239503        0.048014       -0.035016
     C   14        0.048014        0.319645        0.061176
     C   14       -0.035016        0.061176       -0.080142

     H   15       -0.000000        0.000000        0.000000
     H   15        0.000000        0.000000        0.000000
     H   15        0.000000        0.000000        0.000000

     C   16       -0.098369       -0.123711       -0.061336
     C   16       -0.123711        0.214717       -0.002553
     C   16       -0.061336       -0.002553       -0.116348

     C   17       -0.063725       -0.180986       -0.079683
     C   17       -0.180986        0.167186        0.070071
     C   17       -0.079683        0.070071       -0.103461

     Cl  18        2.269841       -3.453144       -0.599434
     Cl  18       -3.453144        0.007070        0.251874
     Cl  18       -0.599434        0.251874       -2.276911

     H   19       -0.000000        0.000000        0.000000
     H   19        0.000000        0.000000        0.000000
     H   19        0.000000        0.000000        0.000000

     C   20       -0.096829        0.074273       -0.037696
     C   20        0.074273        0.247871        0.040495
     C   20       -0.037696        0.040495       -0.151042

     H   21       -0.000000        0.000000        0.000000
     H   21        0.000000        0.000000        0.000000
     H   21        0.000000        0.000000        0.000000

     C   22       -0.240599       -0.030567       -0.051851
     C   22       -0.030567        0.302629       -0.082654
     C   22       -0.051851       -0.082654       -0.062030

     C   23       -0.060940        0.013835        0.001050
     C   23        0.013835        0.227841       -0.065144
     C   23        0.001050       -0.065144       -0.166900

     Cl  24       -0.380220       -0.568316        0.236812
     Cl  24       -0.568316        2.413952       -0.847269
     Cl  24        0.236812       -0.847269       -2.033731

     ----- total EFG -----
     Cl   1       -0.894122        0.395172        0.170160
     Cl   1        0.395172        1.415864        0.984997
     Cl   1        0.170160        0.984997       -0.521742

     C    2        0.358492       -0.166711        0.047541
     C    2       -0.166711        0.226901       -0.215705
     C    2        0.047541       -0.215705       -0.585393

     C    3       -0.365609        0.010642        0.115571
     C    3        0.010642        0.327802        0.326236
     C    3        0.115571        0.326236        0.037807

     H    4        0.614863        0.054906        0.394303
     H    4        0.054906       -0.646502        0.301675
     H    4        0.394303        0.301675        0.031640

     C    5        0.304552       -0.503523       -0.234900
     C    5       -0.503523        0.196027       -0.276008
     C    5       -0.234900       -0.276008       -0.500579

     H    6       -0.198985        0.106476       -0.099020
     H    6        0.106476        0.352906        0.506920
     H    6       -0.099020        0.506920       -0.153920

     H    7       -0.253435        0.103626        0.206386
     H    7        0.103626        0.454973       -0.197374
     H    7        0.206386       -0.197374       -0.201538

     C    8       -0.540739       -0.262994       -0.062418
     C    8       -0.262994        0.574213       -0.230704
     C    8       -0.062418       -0.230704       -0.033475

     H    9        0.305328       -0.108714        0.515841
     H    9       -0.108714       -0.171636       -0.504355
     H    9        0.515841       -0.504355       -0.133691

     C   10        0.141286        0.001481        0.167033
     C   10        0.001481        0.131848        0.222482
     C   10        0.167033        0.222482       -0.273134

     C   11       -0.457533       -0.183628       -0.078049
     C   11       -0.183628        0.510505       -0.088282
     C   11       -0.078049       -0.088282       -0.052971

     Cl  12        0.115927        0.694090       -1.086514
     Cl  12        0.694090        1.111914        2.146767
     Cl  12       -1.086514        2.146767       -1.227841

     H   13       -0.079656       -0.018800       -0.013548
     H   13       -0.018800        0.161798        0.091332
     H   13       -0.013548        0.091332       -0.082142

     C   14       -0.833423        0.305846       -0.169486
     C   14        0.305846        0.880778        0.306757
     C   14       -0.169486        0.306757       -0.047356

     H   15        0.111565        0.428040        0.186191
     H   15        0.428040       -0.210835        0.171673
     H   15        0.186191        0.171673        0.099270

     C   16        0.086810       -0.395422       -0.172365
     C   16       -0.395422        0.234057       -0.179892
     C   16       -0.172365       -0.179892       -0.320867

     C   17       -0.372260        0.056531       -0.178381
     C   17        0.056531        0.428578        0.342335
     C   17       -0.178381        0.342335       -0.056318

     Cl  18        2.548305       -3.848592       -0.648729
     Cl  18       -3.848592       -0.021230        0.271110
     Cl  18       -0.648729        0.271110       -2.527075

     H   19       -0.062937       -0.052201        0.061821
     H   19       -0.052201       -0.133923       -0.336980
     H   19        0.061821       -0.336980        0.196859

     C   20        0.052875        0.355824        0.000622
     C   20        0.355824        0.280403        0.192875
     C   20        0.000622        0.192875       -0.333278

     H   21        0.407863        0.035013        0.361430
     H   21        0.035013       -0.406789        0.291780
     H   21        0.361430        0.291780       -0.001074

     C   22       -0.933585       -0.146973       -0.120960
     C   22       -0.146973        0.824942       -0.399795
     C   22       -0.120960       -0.399795        0.108643

     C   23        0.159822        0.124407        0.161612
     C   23        0.124407        0.200639        0.047935
     C   23        0.161612        0.047935       -0.360461

     Cl  24       -0.419966       -0.659467        0.254994
     Cl  24       -0.659467        2.530574       -0.878813
     Cl  24        0.254994       -0.878813       -2.110608

     ----- total EFG (symmetrized) -----
     Cl   1       -0.894122        0.395172        0.170160
     Cl   1        0.395172        1.415864        0.984997
     Cl   1        0.170160        0.984997       -0.521742

     C    2        0.358492       -0.166711        0.047541
     C    2       -0.166711        0.226901       -0.215705
     C    2        0.047541       -0.215705       -0.585393

     C    3       -0.365609        0.010642        0.115571
     C    3        0.010642        0.327802        0.326236
     C    3        0.115571        0.326236        0.037807

     H    4        0.614863        0.054906        0.394303
     H    4        0.054906       -0.646502        0.301675
     H    4        0.394303        0.301675        0.031640

     C    5        0.304552       -0.503523       -0.234900
     C    5       -0.503523        0.196027       -0.276008
     C    5       -0.234900       -0.276008       -0.500579

     H    6       -0.198985        0.106476       -0.099020
     H    6        0.106476        0.352906        0.506920
     H    6       -0.099020        0.506920       -0.153920

     H    7       -0.253435        0.103626        0.206386
     H    7        0.103626        0.454973       -0.197374
     H    7        0.206386       -0.197374       -0.201538

     C    8       -0.540739       -0.262994       -0.062418
     C    8       -0.262994        0.574213       -0.230704
     C    8       -0.062418       -0.230704       -0.033475

     H    9        0.305328       -0.108714        0.515841
     H    9       -0.108714       -0.171636       -0.504355
     H    9        0.515841       -0.504355       -0.133691

     C   10        0.141286        0.001481        0.167033
     C   10        0.001481        0.131848        0.222482
     C   10        0.167033        0.222482       -0.273134

     C   11       -0.457533       -0.183628       -0.078049
     C   11       -0.183628        0.510505       -0.088282
     C   11       -0.078049       -0.088282       -0.052971

     Cl  12        0.115927        0.694090       -1.086514
     Cl  12        0.694090        1.111914        2.146767
     Cl  12       -1.086514        2.146767       -1.227841

     H   13       -0.079656       -0.018800       -0.013548
     H   13       -0.018800        0.161798        0.091332
     H   13       -0.013548        0.091332       -0.082142

     C   14       -0.833423        0.305846       -0.169486
     C   14        0.305846        0.880778        0.306757
     C   14       -0.169486        0.306757       -0.047356

     H   15        0.111565        0.428040        0.186191
     H   15        0.428040       -0.210835        0.171673
     H   15        0.186191        0.171673        0.099270

     C   16        0.086810       -0.395422       -0.172365
     C   16       -0.395422        0.234057       -0.179892
     C   16       -0.172365       -0.179892       -0.320867

     C   17       -0.372260        0.056531       -0.178381
     C   17        0.056531        0.428578        0.342335
     C   17       -0.178381        0.342335       -0.056318

     Cl  18        2.548305       -3.848592       -0.648729
     Cl  18       -3.848592       -0.021230        0.271110
     Cl  18       -0.648729        0.271110       -2.527075

     H   19       -0.062937       -0.052201        0.061821
     H   19       -0.052201       -0.133923       -0.336980
     H   19        0.061821       -0.336980        0.196859

     C   20        0.052875        0.355824        0.000622
     C   20        0.355824        0.280403        0.192875
     C   20        0.000622        0.192875       -0.333278

     H   21        0.407863        0.035013        0.361430
     H   21        0.035013       -0.406789        0.291780
     H   21        0.361430        0.291780       -0.001074

     C   22       -0.933585       -0.146973       -0.120960
     C   22       -0.146973        0.824942       -0.399795
     C   22       -0.120960       -0.399795        0.108643

     C   23        0.159822        0.124407        0.161612
     C   23        0.124407        0.200639        0.047935
     C   23        0.161612        0.047935       -0.360461

     Cl  24       -0.419966       -0.659467        0.254994
     Cl  24       -0.659467        2.530574       -0.878813
     Cl  24        0.254994       -0.878813       -2.110608


     NQR/NMR SPECTROSCOPIC PARAMETERS:
     Cl   1    Vxx=   -0.9339    axis=(  0.152290 -0.403764  0.902099)
     Cl   1    Vyy=   -0.9611    axis=( -0.976508  0.079319  0.200354)
     Cl   1    Vzz=    1.8950    axis=( -0.152449 -0.911418 -0.382200)
     Cl   1  Q=        -8.1650 1e-30 m^2  Cq=       -36.3550 MHz  eta= 0.01438

     C    2    Vxx=    0.1420    axis=(  0.624752  0.758790 -0.184183)
     C    2    Vyy=    0.4972    axis=( -0.780800  0.605276 -0.154895)
     C    2    Vzz=   -0.6392    axis=( -0.006051  0.240581  0.970610)
     C    2  Q=         1.0000 1e-30 m^2  Cq=        -1.5018 MHz  eta= 0.55567

     C    3    Vxx=   -0.1388    axis=(  0.361969 -0.539686  0.760077)
     C    3    Vyy=   -0.4068    axis=(  0.928780  0.139115 -0.343533)
     C    3    Vzz=    0.5456    axis=(  0.079662  0.830293  0.551605)
     C    3  Q=         1.0000 1e-30 m^2  Cq=         1.2818 MHz  eta= 0.49118

     H    4    Vxx=   -0.0699    axis=( -0.485927  0.368389  0.792569)
     H    4    Vyy=   -0.7678    axis=(  0.072761  0.920733 -0.383349)
     H    4    Vzz=    0.8377    axis=( -0.870966 -0.128611 -0.474213)
     H    4  Q=         1.0000 1e-30 m^2  Cq=         1.9682 MHz  eta= 0.83313

     C    5    Vxx=    0.0040    axis=(  0.548307  0.599388 -0.583175)
     C    5    Vyy=    0.7568    axis=( -0.741950  0.670400 -0.008551)
     C    5    Vzz=   -0.7608    axis=(  0.385836  0.437376  0.812301)
     C    5  Q=         1.0000 1e-30 m^2  Cq=        -1.7875 MHz  eta= 0.98960

     H    6    Vxx=   -0.1406    axis=(  0.918022  0.169931 -0.358272)
     H    6    Vyy=   -0.5273    axis=( -0.393935  0.494014 -0.775090)
     H    6    Vzz=    0.6680    axis=(  0.045279  0.852686  0.520458)
     H    6  Q=         1.0000 1e-30 m^2  Cq=         1.5695 MHz  eta= 0.57893

     H    7    Vxx=   -0.0301    axis=(  0.705260  0.132694  0.696419)
     H    7    Vyy=   -0.4825    axis=(  0.706077 -0.219785 -0.673164)
     H    7    Vzz=    0.5126    axis=( -0.063737 -0.966482  0.248698)
     H    7  Q=         1.0000 1e-30 m^2  Cq=         1.2044 MHz  eta= 0.88241

     C    8    Vxx=   -0.0732    axis=( -0.255239  0.230880  0.938908)
     C    8    Vyy=   -0.6221    axis=(  0.948815  0.246635  0.197284)
     C    8    Vzz=    0.6953    axis=( -0.186018  0.941205 -0.282013)
     C    8  Q=         1.0000 1e-30 m^2  Cq=         1.6337 MHz  eta= 0.78934

     H    9    Vxx=   -0.0553    axis=(  0.642896  0.704320 -0.301027)
     H    9    Vyy=   -0.7471    axis=( -0.303341  0.594996  0.744288)
     H    9    Vzz=    0.8024    axis=(  0.703327 -0.387186  0.596170)
     H    9  Q=         1.0000 1e-30 m^2  Cq=         1.8854 MHz  eta= 0.86215

     C   10    Vxx=    0.1363    axis=(  0.783636 -0.620968 -0.017733)
     C   10    Vyy=    0.2774    axis=(  0.560628  0.694616  0.450783)
     C   10    Vzz=   -0.4138    axis=( -0.267604 -0.363191  0.892457)
     C   10  Q=         1.0000 1e-30 m^2  Cq=        -0.9722 MHz  eta= 0.34100

     C   11    Vxx=   -0.0428    axis=( -0.219403  0.082293  0.972157)
     C   11    Vyy=   -0.5102    axis=(  0.960986  0.190251  0.200777)
     C   11    Vzz=    0.5530    axis=( -0.168431  0.978280 -0.120824)
     C   11  Q=         1.0000 1e-30 m^2  Cq=         1.2994 MHz  eta= 0.84511

     Cl  12    Vxx=    0.6428    axis=(  0.925135  0.174381 -0.337219)
     Cl  12    Vyy=    2.3878    axis=(  0.021714  0.862504  0.505584)
     Cl  12    Vzz=   -3.0306    axis=(  0.379017 -0.475056  0.794146)
     Cl  12  Q=        -8.1650 1e-30 m^2  Cq=        58.1402 MHz  eta= 0.57579

     H   13    Vxx=   -0.0800    axis=(  0.975106  0.140593 -0.171468)
     H   13    Vyy=   -0.1140    axis=( -0.206568  0.294862 -0.932945)
     H   13    Vzz=    0.1940    axis=( -0.080607  0.945140  0.316564)
     H   13  Q=         1.0000 1e-30 m^2  Cq=         0.4558 MHz  eta= 0.17538

     C   14    Vxx=   -0.0638    axis=( -0.289048 -0.209749  0.934054)
     C   14    Vyy=   -0.9426    axis=( -0.947688  0.200718 -0.248194)
     C   14    Vzz=    1.0064    axis=( -0.135422 -0.956931 -0.256794)
     C   14  Q=         1.0000 1e-30 m^2  Cq=         2.3646 MHz  eta= 0.87322

     H   15    Vxx=   -0.0389    axis=( -0.438999 -0.224154  0.870078)
     H   15    Vyy=   -0.5093    axis=( -0.553086  0.830578 -0.065082)
     H   15    Vzz=    0.5482    axis=( -0.708079 -0.509799 -0.488599)
     H   15  Q=         1.0000 1e-30 m^2  Cq=         1.2881 MHz  eta= 0.85809

     C   16    Vxx=   -0.0312    axis=(  0.605192  0.462935 -0.647637)
     C   16    Vyy=   -0.5324    axis=(  0.486069  0.429401  0.761152)
     C   16    Vzz=    0.5636    axis=( -0.630460  0.775439 -0.034851)
     C   16  Q=         1.0000 1e-30 m^2  Cq=         1.3243 MHz  eta= 0.88925

     C   17    Vxx=   -0.1062    axis=(  0.567461  0.400535 -0.719416)
     C   17    Vyy=   -0.5005    axis=( -0.822707  0.239950 -0.515342)
     C   17    Vzz=    0.6067    axis=(  0.033789 -0.884305 -0.465685)
     C   17  Q=         1.0000 1e-30 m^2  Cq=         1.4255 MHz  eta= 0.64987

     Cl  18    Vxx=   -2.5006    axis=(  0.215850  0.430867 -0.876221)
     Cl  18    Vyy=   -2.8797    axis=(  0.546261  0.690516  0.474117)
     Cl  18    Vzz=    5.3802    axis=( -0.809326  0.580983  0.086318)
     Cl  18  Q=        -8.1650 1e-30 m^2  Cq=      -103.2173 MHz  eta= 0.07046

     H   19    Vxx=   -0.0757    axis=(  0.985613  0.050290 -0.161365)
     H   19    Vyy=   -0.3444    axis=(  0.042491  0.850324  0.524541)
     H   19    Vzz=    0.4201    axis=(  0.163592 -0.523851  0.835953)
     H   19  Q=         1.0000 1e-30 m^2  Cq=         0.9871 MHz  eta= 0.63953

     C   20    Vxx=   -0.1487    axis=(  0.775113 -0.438202 -0.455169)
     C   20    Vyy=   -0.4191    axis=( -0.292560  0.389601 -0.873281)
     C   20    Vzz=    0.5678    axis=(  0.560008  0.810056  0.173784)
     C   20  Q=         1.0000 1e-30 m^2  Cq=         1.3340 MHz  eta= 0.47637

     H   21    Vxx=   -0.0687    axis=(  0.541180 -0.516587 -0.663523)
     H   21    Vyy=   -0.5816    axis=(  0.160782  0.838065 -0.521341)
     H   21    Vzz=    0.6503    axis=( -0.825393 -0.175457 -0.536602)
     H   21  Q=         1.0000 1e-30 m^2  Cq=         1.5279 MHz  eta= 0.78872

     C   22    Vxx=   -0.0378    axis=( -0.185459  0.386971  0.903249)
     C   22    Vyy=   -0.9695    axis=( -0.981653 -0.114389 -0.152550)
     C   22    Vzz=    1.0073    axis=(  0.044289 -0.914969  0.401086)
     C   22  Q=         1.0000 1e-30 m^2  Cq=         2.3668 MHz  eta= 0.92495

     C   23    Vxx=    0.0706    axis=(  0.678342 -0.713613  0.174955)
     C   23    Vyy=    0.3362    axis=(  0.683333  0.700236  0.206703)
     C   23    Vzz=   -0.4068    axis=( -0.270016 -0.020663  0.962634)
     C   23  Q=         1.0000 1e-30 m^2  Cq=        -0.9559 MHz  eta= 0.65278

     Cl  24    Vxx=   -0.5582    axis=(  0.975142  0.218564  0.036447)
     Cl  24    Vyy=   -2.2813    axis=(  0.074665 -0.169248 -0.982741)
     Cl  24    Vzz=    2.8396    axis=( -0.208623  0.961033 -0.181360)
     Cl  24  Q=        -8.1650 1e-30 m^2  Cq=       -54.4758 MHz  eta= 0.60681

     Initialization:
     gipaw_setup  :      9.12s CPU     11.03s WALL (       1 calls)

     Linear response

     Apply operators

     Induced current

     Other routines
     efg          :      9.36s CPU     11.37s WALL (       1 calls)

     General routines
     calbec       :      3.31s CPU      4.00s WALL (      16 calls)
     fft          :      1.34s CPU      1.62s WALL (      15 calls)
     ffts         :      0.06s CPU      0.07s WALL (       2 calls)
     fftw         :      3.27s CPU      4.01s WALL (     672 calls)
     davcio       :      0.02s CPU      0.30s WALL (      32 calls)

     Parallel routines
     fft_scatter  :      2.01s CPU      2.94s WALL (     689 calls)

     Plugins

     GIPAW        :     62.01s CPU     75.88s WALL (       1 calls)
