
     Program QE v.6.0 (svn rev. 13079) starts on 21Dec2016 at  6:19: 2 

     This program is part of the open-source Quantum ESPRESSO suite
     for quantum simulation of materials; please cite
         "P. Giannozzi et al., J. Phys.:Condens. Matter 21 395502 (2009);
          URL http://www.quantum-espresso.org", 
     in publications or presentations arising from this work. More details at
     http://www.quantum-espresso.org/quote

     Parallel version (MPI), running on     8 processors
     R & G space division:  proc/nbgrp/npool/nimage =       8

     ***** This is GIPAW svn revision unknown      *****

     Parallelizing q-star over 1 images

     Reading data from directory:
     /users/majewski/paradichlorobenzene/pbe/9_constraint/scratch/pbe.ecut100.np8.dt60.pcl2phi-129368.save
     Message from routine read_xml_file:
     file /users/majewski/paradichlorobenzene/pbe/9_constraint/scratch/pbe.ecut100.np8.dt60.pcl2phi-129368.save not guaranteed to be safe for post-processing

   Info: using nr1, nr2, nr3 values from input

   Info: using nr1, nr2, nr3 values from input

     IMPORTANT: XC functional enforced from input :
     Exchange-correlation      =  SLA  PW   PBX  PBC ( 1  4  3  4 0 0)
     Any further DFT definition will be discarded
     Please, verify this is what you really want

               file C.pbe-n-kjpaw_psl.1.0.0.UPF: wavefunction(s)  2S 2P renormalized
               file Cl.pbe-n-kjpaw_psl.1.0.0.UPF: wavefunction(s)  3S 3P renormalized
               file H.pbe-kjpaw_psl.1.0.0.UPF: wavefunction(s)  1S renormalized

     Parallelization info
     --------------------
     sticks:   dense  smooth     PW     G-vecs:    dense   smooth      PW
     Min        3057    1223    332               144436    36536    5170
     Max        3059    1225    333               144437    36537    5171
     Sum       24467    9791   2657              1155489   292295   41363


     Subspace diagonalization in iterative solution of the eigenvalue problem:
     a serial algorithm will be used

     GIPAW projectors -----------------------------------------------
     atom=  C    l=0  rc=    1.2000  rs=    0.8000
     atom=  C    l=0  rc=    1.2000  rs=    0.8000
     atom=  C    l=1  rc=    1.4000  rs=    0.9333
     atom=  C    l=1  rc=    1.4000  rs=    0.9333
     projs nearly linearly dependent: l=1  n1,n2= 1, 2  s=  0.99951561

     atom=  Cl   l=0  rc=    1.6000  rs=    1.0667
     atom=  Cl   l=0  rc=    1.6000  rs=    1.0667
     atom=  Cl   l=1  rc=    1.6000  rs=    1.0667
     atom=  Cl   l=1  rc=    1.6000  rs=    1.0667
     atom=  Cl   l=2  rc=    1.6000  rs=    1.0667
     atom=  Cl   l=2  rc=    1.6000  rs=    1.0667
     projs nearly linearly dependent: l=2  n1,n2= 1, 2  s=  0.99993509

     atom=  H    l=0  rc=    1.0000  rs=    0.6667
     atom=  H    l=0  rc=    1.0000  rs=    0.6667
     projs nearly linearly dependent: l=0  n1,n2= 1, 2  s=  0.99968852
     -----------------------------------------------------------------

     GIPAW integrals: -------------------------------------------
     Atom  i/j   nmr_para   nmr_dia   epr_rmc  epr_para   epr_dia
       C   1 1   0.83E+03  0.17E-01  0.93E+01  0.24E+08  0.24E+03
       C   2 1   0.86E+03 -0.61E-01  0.94E+01  0.25E+08  0.25E+03
       C   2 2   0.90E+03 -0.15E+00  0.97E+01  0.26E+08  0.26E+03
       C   3 3   0.33E+01  0.34E+00  0.18E+01  0.55E+03  0.21E+02
       C   4 3   0.35E+01  0.37E+00  0.20E+01  0.59E+03  0.22E+02
       C   4 4   0.38E+01  0.39E+00  0.22E+01  0.63E+03  0.24E+02
       Cl  1 1   0.14E+04 -0.47E+00  0.84E+01  0.32E+09  0.42E+03
       Cl  2 1   0.21E+04 -0.37E+00  0.12E+02  0.49E+09  0.65E+03
       Cl  2 2   0.33E+04 -0.16E+00  0.21E+02  0.76E+09  0.10E+04
       Cl  3 3   0.21E+02  0.79E-01  0.89E+01  0.23E+05  0.13E+03
       Cl  4 3   0.24E+02  0.67E-01  0.99E+01  0.27E+05  0.15E+03
       Cl  4 4   0.28E+02  0.44E-01  0.11E+02  0.32E+05  0.18E+03
       Cl  5 5   0.77E+00  0.19E+00  0.18E+01  0.12E+03  0.22E+02
       Cl  6 5   0.80E+00  0.19E+00  0.19E+01  0.12E+03  0.23E+02
       Cl  6 6   0.83E+00  0.20E+00  0.19E+01  0.12E+03  0.23E+02
       H   1 1   0.39E+02  0.19E+00  0.29E+00  0.78E+05  0.13E+02
       H   2 1   0.41E+02  0.21E+00  0.32E+00  0.82E+05  0.14E+02
       H   2 2   0.43E+02  0.22E+00  0.36E+00  0.86E+05  0.15E+02
     ------------------------------------------------------------

     alpha_pv=     34.3202 eV

     Number of occupied bands for each k-point:
     k-point:     1    nbnd_occ=  42
     k-point:     2    nbnd_occ=  42
     k-point:     3    nbnd_occ=  42
     k-point:     4    nbnd_occ=  42
     k-point:     5    nbnd_occ=  42
     k-point:     6    nbnd_occ=  42
     k-point:     7    nbnd_occ=  42
     k-point:     8    nbnd_occ=  42
     k-point:     9    nbnd_occ=  42
     k-point:    10    nbnd_occ=  42
     k-point:    11    nbnd_occ=  42
     k-point:    12    nbnd_occ=  42
     k-point:    13    nbnd_occ=  42
     k-point:    14    nbnd_occ=  42
     k-point:    15    nbnd_occ=  42
     k-point:    16    nbnd_occ=  42


     q-space interpolation up to   110.00 Rydberg

     GIPAW job: efg                                                                             


     ELECTRIC FIELD GRADIENTS TENSORS IN Hartree/bohrradius^2:

     ----- bare term -----
     Cl   1       -0.145653        0.222631       -0.174839
     Cl   1        0.222631       -0.113492        0.059196
     Cl   1       -0.174839        0.059196        0.259146

     C    2        0.063676       -0.274242       -0.557610
     C    2       -0.274242       -0.236169       -0.548352
     C    2       -0.557610       -0.548352        0.172493

     C    3       -0.251447        0.393659       -0.384824
     C    3        0.393659       -0.223220       -0.244566
     C    3       -0.384824       -0.244566        0.474667

     H    4       -0.079726       -0.127934       -0.481283
     H    4       -0.127934        0.395683        0.027925
     H    4       -0.481283        0.027925       -0.315957

     C    5       -0.192391        0.151594       -0.257730
     C    5        0.151594       -0.285204       -0.339140
     C    5       -0.257730       -0.339140        0.477595

     H    6        0.414729        0.040630        0.068385
     H    6        0.040630       -0.342547       -0.619105
     H    6        0.068385       -0.619105       -0.072182

     H    7        0.386282        0.057477       -0.068448
     H    7        0.057477       -0.533005        0.586875
     H    7       -0.068448        0.586875        0.146723

     C    8       -0.762006       -0.335744       -0.383409
     C    8       -0.335744        0.332427        0.134890
     C    8       -0.383409        0.134890        0.429578

     H    9       -0.618334        0.015483       -0.157778
     H    9        0.015483        0.351312        0.264617
     H    9       -0.157778        0.264617        0.267021

     C   10       -0.018974        0.012916       -0.250930
     C   10        0.012916       -0.056133        0.647637
     C   10       -0.250930        0.647637        0.075107

     C   11       -0.454247       -0.355284       -0.403445
     C   11       -0.355284        0.198026        0.346784
     C   11       -0.403445        0.346784        0.256221

     Cl  12       -0.030699       -0.095570        0.017202
     Cl  12       -0.095570        0.145515       -0.074937
     Cl  12        0.017202       -0.074937       -0.114816

     H   13        0.542479       -0.026831        0.042932
     H   13       -0.026831       -0.140190       -0.272362
     H   13        0.042932       -0.272362       -0.402289

     C   14       -0.707456        0.329362       -0.211587
     C   14        0.329362        0.352586       -0.290101
     C   14       -0.211587       -0.290101        0.354871

     H   15        0.121226        0.060453       -0.415819
     H   15        0.060453        0.110734        0.261774
     H   15       -0.415819        0.261774       -0.231959

     C   16        0.108701       -0.028831       -0.235203
     C   16       -0.028831       -0.058459       -0.600040
     C   16       -0.235203       -0.600040       -0.050242

     C   17       -0.724461        0.417656       -0.344345
     C   17        0.417656        0.354612       -0.126473
     C   17       -0.344345       -0.126473        0.369850

     Cl  18        0.162065       -0.165248       -0.025538
     Cl  18       -0.165248       -0.401110       -0.030209
     Cl  18       -0.025538       -0.030209        0.239045

     H   19        0.452403        0.223697        0.017846
     H   19        0.223697       -0.797393        0.007882
     H   19        0.017846        0.007882        0.344991

     C   20       -0.130001       -0.102578       -0.190058
     C   20       -0.102578       -0.056961        0.391819
     C   20       -0.190058        0.391819        0.186962

     H   21       -0.315227        0.532732       -0.013582
     H   21        0.532732       -0.006397       -0.131101
     H   21       -0.013582       -0.131101        0.321624

     C   22       -0.436235       -0.302363       -0.151046
     C   22       -0.302363        0.078877        0.341685
     C   22       -0.151046        0.341685        0.357359

     C   23       -0.111862        0.178189       -0.315189
     C   23        0.178189        0.043651        0.741912
     C   23       -0.315189        0.741912        0.068211

     Cl  24       -0.248266       -0.205943       -0.011815
     Cl  24       -0.205943        0.102087        0.180671
     Cl  24       -0.011815        0.180671        0.146179

     ----- ionic term -----
     Cl   1        0.133485       -0.220588        0.024026
     Cl   1       -0.220588        0.018522       -0.004601
     Cl   1        0.024026       -0.004601       -0.152006

     C    2        0.132613       -0.254572        0.361867
     C    2       -0.254572        0.030480        0.385153
     C    2        0.361867        0.385153       -0.163093

     C    3        0.088652       -0.345969        0.217050
     C    3       -0.345969        0.181937        0.371938
     C    3        0.217050        0.371938       -0.270589

     H    4        0.650315        0.152517        0.712946
     H    4        0.152517       -0.494478        0.181167
     H    4        0.712946        0.181167       -0.155837

     C    5        0.181321       -0.358937        0.285077
     C    5       -0.358937        0.117483        0.232493
     C    5        0.285077        0.232493       -0.298804

     H    6       -0.515256        0.009086        0.046641
     H    6        0.009086        0.654041        0.699619
     H    6        0.046641        0.699619       -0.138785

     H    7       -0.514398       -0.087458        0.047176
     H    7       -0.087458        0.736577       -0.660553
     H    7        0.047176       -0.660553       -0.222180

     C    8        0.346749        0.088738        0.267022
     C    8        0.088738        0.107414       -0.282198
     C    8        0.267022       -0.282198       -0.454164

     H    9        0.742240       -0.472713        0.460861
     H    9       -0.472713       -0.309940       -0.221011
     H    9        0.460861       -0.221011       -0.432300

     C   10        0.150024        0.126473        0.178592
     C   10        0.126473        0.281227       -0.357486
     C   10        0.178592       -0.357486       -0.431251

     C   11        0.227558        0.115760        0.221751
     C   11        0.115760        0.189478       -0.419524
     C   11        0.221751       -0.419524       -0.417035

     Cl  12        0.145908        0.223288       -0.024153
     Cl  12        0.223288        0.000996       -0.025525
     Cl  12       -0.024153       -0.025525       -0.146903

     H   13       -0.543477       -0.029750       -0.018711
     H   13       -0.029750        0.398225        0.801304
     H   13       -0.018711        0.801304        0.145252

     C   14        0.156537       -0.231530        0.330349
     C   14       -0.231530       -0.027478        0.281032
     C   14        0.330349        0.281032       -0.129059

     H   15        0.252353        0.098598        0.798419
     H   15        0.098598       -0.493363        0.159634
     H   15        0.798419        0.159634        0.241011

     C   16       -0.004063       -0.249715        0.243422
     C   16       -0.249715        0.117530        0.353730
     C   16        0.243422        0.353730       -0.113467

     C   17        0.053544       -0.297477        0.279928
     C   17       -0.297477        0.147092        0.355318
     C   17        0.279928        0.355318       -0.200636

     Cl  18        0.067262       -0.228226        0.005899
     Cl  18       -0.228226        0.091962        0.004780
     Cl  18        0.005899        0.004780       -0.159223

     H   19       -0.513063       -0.059031        0.035360
     H   19       -0.059031        0.666368       -0.696817
     H   19        0.035360       -0.696817       -0.153306

     C   20        0.310863        0.173673        0.237330
     C   20        0.173673        0.093994       -0.297552
     C   20        0.237330       -0.297552       -0.404857

     H   21        0.728661       -0.362386        0.565797
     H   21       -0.362386       -0.379001       -0.225128
     H   21        0.565797       -0.225128       -0.349660

     C   22        0.185298        0.177875        0.186258
     C   22        0.177875        0.228807       -0.363260
     C   22        0.186258       -0.363260       -0.414106

     C   23        0.297563        0.040649        0.268470
     C   23        0.040649        0.142334       -0.395670
     C   23        0.268470       -0.395670       -0.439896

     Cl  24        0.142738        0.183172        0.004745
     Cl  24        0.183172        0.010965       -0.009383
     Cl  24        0.004745       -0.009383       -0.153704

     ----- GIPAW term -----
     Cl   1        0.822401       -1.546411       -1.689052
     Cl   1       -1.546411       -0.841125        0.628836
     Cl   1       -1.689052        0.628836        0.018724

     C    2        0.146709       -0.229315       -0.187585
     C    2       -0.229315       -0.079774       -0.033313
     C    2       -0.187585       -0.033313       -0.066935

     C    3       -0.043778        0.039950       -0.225810
     C    3        0.039950       -0.131660       -0.006114
     C    3       -0.225810       -0.006114        0.175439

     H    4       -0.000000        0.000000        0.000000
     H    4        0.000000        0.000000        0.000000
     H    4        0.000000        0.000000        0.000000

     C    5       -0.083153        0.006585       -0.048158
     C    5        0.006585       -0.106617        0.044767
     C    5       -0.048158        0.044767        0.189770

     H    6       -0.000000        0.000000        0.000000
     H    6        0.000000        0.000000        0.000000
     H    6        0.000000        0.000000        0.000000

     H    7       -0.000000        0.000000        0.000000
     H    7        0.000000        0.000000        0.000000
     H    7        0.000000        0.000000        0.000000

     C    8       -0.202109        0.002166       -0.061551
     C    8        0.002166        0.220465       -0.066989
     C    8       -0.061551       -0.066989       -0.018357

     H    9       -0.000000        0.000000        0.000000
     H    9        0.000000        0.000000        0.000000
     H    9        0.000000        0.000000        0.000000

     C   10       -0.109133        0.100252       -0.040172
     C   10        0.100252        0.239340        0.095951
     C   10       -0.040172        0.095951       -0.130207

     C   11       -0.120782       -0.052015       -0.085209
     C   11       -0.052015        0.215064        0.158756
     C   11       -0.085209        0.158756       -0.094282

     Cl  12        0.669911        0.903095        0.193420
     Cl  12        0.903095        1.747841       -0.716818
     Cl  12        0.193420       -0.716818       -2.417752

     H   13       -0.000000        0.000000        0.000000
     H   13        0.000000        0.000000        0.000000
     H   13        0.000000        0.000000        0.000000

     C   14       -0.199042       -0.041647        0.011768
     C   14       -0.041647        0.256565       -0.107644
     C   14        0.011768       -0.107644       -0.057523

     H   15       -0.000000        0.000000        0.000000
     H   15        0.000000        0.000000        0.000000
     H   15        0.000000        0.000000        0.000000

     C   16       -0.082900       -0.068932       -0.019589
     C   16       -0.068932        0.198035       -0.116153
     C   16       -0.019589       -0.116153       -0.115135

     C   17       -0.174553       -0.043110       -0.042279
     C   17       -0.043110        0.297946        0.046488
     C   17       -0.042279        0.046488       -0.123393

     Cl  18        0.301930        0.085779        0.046050
     Cl  18        0.085779        1.227295        0.192412
     Cl  18        0.046050        0.192412       -1.529225

     H   19       -0.000000        0.000000        0.000000
     H   19        0.000000        0.000000        0.000000
     H   19        0.000000        0.000000        0.000000

     C   20       -0.072774       -0.072982       -0.045243
     C   20       -0.072982        0.112316        0.183653
     C   20       -0.045243        0.183653       -0.039542

     H   21       -0.000000        0.000000        0.000000
     H   21        0.000000        0.000000        0.000000
     H   21        0.000000        0.000000        0.000000

     C   22       -0.158358       -0.086558       -0.065449
     C   22       -0.086558        0.138508        0.174297
     C   22       -0.065449        0.174297        0.019850

     C   23       -0.069173        0.128840       -0.037991
     C   23        0.128840        0.161943        0.236609
     C   23       -0.037991        0.236609       -0.092770

     Cl  24       -0.547316        1.091405       -0.211770
     Cl  24        1.091405        1.172866        1.872417
     Cl  24       -0.211770        1.872417       -0.625550

     ----- total EFG -----
     Cl   1        0.810233       -1.544368       -1.839864
     Cl   1       -1.544368       -0.936096        0.683430
     Cl   1       -1.839864        0.683430        0.125863

     C    2        0.342997       -0.758130       -0.383329
     C    2       -0.758130       -0.285463       -0.196512
     C    2       -0.383329       -0.196512       -0.057534

     C    3       -0.206573        0.087639       -0.393585
     C    3        0.087639       -0.172944        0.121258
     C    3       -0.393585        0.121258        0.379517

     H    4        0.570589        0.024583        0.231663
     H    4        0.024583       -0.098795        0.209092
     H    4        0.231663        0.209092       -0.471795

     C    5       -0.094224       -0.200758       -0.020812
     C    5       -0.200758       -0.274338       -0.061880
     C    5       -0.020812       -0.061880        0.368562

     H    6       -0.100527        0.049716        0.115027
     H    6        0.049716        0.311493        0.080514
     H    6        0.115027        0.080514       -0.210967

     H    7       -0.128115       -0.029981       -0.021271
     H    7       -0.029981        0.203572       -0.073678
     H    7       -0.021271       -0.073678       -0.075456

     C    8       -0.617365       -0.244841       -0.177939
     C    8       -0.244841        0.660307       -0.214297
     C    8       -0.177939       -0.214297       -0.042942

     H    9        0.123907       -0.457230        0.303083
     H    9       -0.457230        0.041372        0.043606
     H    9        0.303083        0.043606       -0.165279

     C   10        0.021917        0.239641       -0.112510
     C   10        0.239641        0.464433        0.386102
     C   10       -0.112510        0.386102       -0.486350

     C   11       -0.347472       -0.291539       -0.266903
     C   11       -0.291539        0.602568        0.086017
     C   11       -0.266903        0.086017       -0.255096

     Cl  12        0.785119        1.030813        0.186469
     Cl  12        1.030813        1.894353       -0.817279
     Cl  12        0.186469       -0.817279       -2.679472

     H   13       -0.000997       -0.056581        0.024221
     H   13       -0.056581        0.258035        0.528941
     H   13        0.024221        0.528941       -0.257037

     C   14       -0.749962        0.056185        0.130530
     C   14        0.056185        0.581673       -0.116713
     C   14        0.130530       -0.116713        0.168289

     H   15        0.373578        0.159050        0.382600
     H   15        0.159050       -0.382630        0.421407
     H   15        0.382600        0.421407        0.009051

     C   16        0.021738       -0.347478       -0.011370
     C   16       -0.347478        0.257106       -0.362463
     C   16       -0.011370       -0.362463       -0.278844

     C   17       -0.845470        0.077068       -0.106697
     C   17        0.077068        0.799649        0.275332
     C   17       -0.106697        0.275332        0.045821

     Cl  18        0.531256       -0.307695        0.026412
     Cl  18       -0.307695        0.918147        0.166982
     Cl  18        0.026412        0.166982       -1.449403

     H   19       -0.060660        0.164666        0.053207
     H   19        0.164666       -0.131025       -0.688935
     H   19        0.053207       -0.688935        0.191685

     C   20        0.108089       -0.001887        0.002030
     C   20       -0.001887        0.149349        0.277920
     C   20        0.002030        0.277920       -0.257437

     H   21        0.413434        0.170346        0.552215
     H   21        0.170346       -0.385398       -0.356230
     H   21        0.552215       -0.356230       -0.028036

     C   22       -0.409295       -0.211046       -0.030238
     C   22       -0.211046        0.446192        0.152722
     C   22       -0.030238        0.152722       -0.036898

     C   23        0.116528        0.347678       -0.084709
     C   23        0.347678        0.347928        0.582851
     C   23       -0.084709        0.582851       -0.464455

     Cl  24       -0.652844        1.068633       -0.218840
     Cl  24        1.068633        1.285919        2.043704
     Cl  24       -0.218840        2.043704       -0.633075

     ----- total EFG (symmetrized) -----
     Cl   1        0.810233       -1.544368       -1.839864
     Cl   1       -1.544368       -0.936096        0.683430
     Cl   1       -1.839864        0.683430        0.125863

     C    2        0.342997       -0.758130       -0.383329
     C    2       -0.758130       -0.285463       -0.196512
     C    2       -0.383329       -0.196512       -0.057534

     C    3       -0.206573        0.087639       -0.393585
     C    3        0.087639       -0.172944        0.121258
     C    3       -0.393585        0.121258        0.379517

     H    4        0.570589        0.024583        0.231663
     H    4        0.024583       -0.098795        0.209092
     H    4        0.231663        0.209092       -0.471795

     C    5       -0.094224       -0.200758       -0.020812
     C    5       -0.200758       -0.274338       -0.061880
     C    5       -0.020812       -0.061880        0.368562

     H    6       -0.100527        0.049716        0.115027
     H    6        0.049716        0.311493        0.080514
     H    6        0.115027        0.080514       -0.210967

     H    7       -0.128115       -0.029981       -0.021271
     H    7       -0.029981        0.203572       -0.073678
     H    7       -0.021271       -0.073678       -0.075456

     C    8       -0.617365       -0.244841       -0.177939
     C    8       -0.244841        0.660307       -0.214297
     C    8       -0.177939       -0.214297       -0.042942

     H    9        0.123907       -0.457230        0.303083
     H    9       -0.457230        0.041372        0.043606
     H    9        0.303083        0.043606       -0.165279

     C   10        0.021917        0.239641       -0.112510
     C   10        0.239641        0.464433        0.386102
     C   10       -0.112510        0.386102       -0.486350

     C   11       -0.347472       -0.291539       -0.266903
     C   11       -0.291539        0.602568        0.086017
     C   11       -0.266903        0.086017       -0.255096

     Cl  12        0.785119        1.030813        0.186469
     Cl  12        1.030813        1.894353       -0.817279
     Cl  12        0.186469       -0.817279       -2.679472

     H   13       -0.000997       -0.056581        0.024221
     H   13       -0.056581        0.258035        0.528941
     H   13        0.024221        0.528941       -0.257037

     C   14       -0.749962        0.056185        0.130530
     C   14        0.056185        0.581673       -0.116713
     C   14        0.130530       -0.116713        0.168289

     H   15        0.373578        0.159050        0.382600
     H   15        0.159050       -0.382630        0.421407
     H   15        0.382600        0.421407        0.009051

     C   16        0.021738       -0.347478       -0.011370
     C   16       -0.347478        0.257106       -0.362463
     C   16       -0.011370       -0.362463       -0.278844

     C   17       -0.845470        0.077068       -0.106697
     C   17        0.077068        0.799649        0.275332
     C   17       -0.106697        0.275332        0.045821

     Cl  18        0.531256       -0.307695        0.026412
     Cl  18       -0.307695        0.918147        0.166982
     Cl  18        0.026412        0.166982       -1.449403

     H   19       -0.060660        0.164666        0.053207
     H   19        0.164666       -0.131025       -0.688935
     H   19        0.053207       -0.688935        0.191685

     C   20        0.108089       -0.001887        0.002030
     C   20       -0.001887        0.149349        0.277920
     C   20        0.002030        0.277920       -0.257437

     H   21        0.413434        0.170346        0.552215
     H   21        0.170346       -0.385398       -0.356230
     H   21        0.552215       -0.356230       -0.028036

     C   22       -0.409295       -0.211046       -0.030238
     C   22       -0.211046        0.446192        0.152722
     C   22       -0.030238        0.152722       -0.036898

     C   23        0.116528        0.347678       -0.084709
     C   23        0.347678        0.347928        0.582851
     C   23       -0.084709        0.582851       -0.464455

     Cl  24       -0.652844        1.068633       -0.218840
     Cl  24        1.068633        1.285919        2.043704
     Cl  24       -0.218840        2.043704       -0.633075


     NQR/NMR SPECTROSCOPIC PARAMETERS:
     Cl   1    Vxx=   -1.0703    axis=(  0.292816 -0.563621  0.772393)
     Cl   1    Vyy=   -1.9452    axis=( -0.611500 -0.731393 -0.301881)
     Cl   1    Vzz=    3.0156    axis=(  0.735069 -0.383923 -0.558817)
     Cl   1  Q=        -8.1650 1e-30 m^2  Cq=       -57.8520 MHz  eta= 0.29012

     C    2    Vxx=    0.0545    axis=( -0.024628 -0.458535  0.888335)
     C    2    Vyy=    0.8997    axis=(  0.836290 -0.496316 -0.233000)
     C    2    Vzz=   -0.9543    axis=(  0.547734  0.737168  0.395691)
     C    2  Q=         1.0000 1e-30 m^2  Cq=        -2.2421 MHz  eta= 0.88572

     C    3    Vxx=   -0.1182    axis=(  0.414911  0.903429  0.108002)
     C    3    Vyy=   -0.4654    axis=( -0.798800  0.418522 -0.432155)
     C    3    Vzz=    0.5836    axis=( -0.435623  0.093034  0.895309)
     C    3  Q=         1.0000 1e-30 m^2  Cq=         1.3713 MHz  eta= 0.59495

     H    4    Vxx=   -0.0256    axis=(  0.171583 -0.923322 -0.343564)
     H    4    Vyy=   -0.6008    axis=(  0.172617  0.371517 -0.912238)
     H    4    Vzz=    0.6263    axis=(  0.969929  0.097219  0.223127)
     H    4  Q=         1.0000 1e-30 m^2  Cq=         1.4717 MHz  eta= 0.91838

     C    5    Vxx=    0.0350    axis=(  0.842166 -0.537157 -0.047103)
     C    5    Vyy=    0.3745    axis=(  0.004076  0.093693 -0.995593)
     C    5    Vzz=   -0.4095    axis=(  0.539202  0.838263  0.081095)
     C    5  Q=         1.0000 1e-30 m^2  Cq=        -0.9621 MHz  eta= 0.82909

     H    6    Vxx=   -0.0478    axis=( -0.845151  0.225521 -0.484623)
     H    6    Vyy=   -0.2864    axis=( -0.510683 -0.072899  0.856673)
     H    6    Vzz=    0.3342    axis=(  0.157869  0.971507  0.176781)
     H    6  Q=         1.0000 1e-30 m^2  Cq=         0.7853 MHz  eta= 0.71376

     H    7    Vxx=   -0.0786    axis=( -0.476093  0.174458  0.861916)
     H    7    Vyy=   -0.1449    axis=(  0.876720  0.170541  0.449752)
     H    7    Vzz=    0.2235    axis=( -0.068530  0.969784 -0.234144)
     H    7  Q=         1.0000 1e-30 m^2  Cq=         0.5251 MHz  eta= 0.29640

     C    8    Vxx=   -0.0162    axis=( -0.342350  0.168880  0.924271)
     C    8    Vyy=   -0.7314    axis=( -0.928644 -0.210422 -0.305522)
     C    8    Vzz=    0.7476    axis=(  0.142890 -0.962913  0.228868)
     C    8  Q=         1.0000 1e-30 m^2  Cq=         1.7565 MHz  eta= 0.95669

     H    9    Vxx=   -0.0546    axis=( -0.199057 -0.594257 -0.779253)
     H    9    Vyy=   -0.5408    axis=(  0.626349  0.534407 -0.567535)
     H    9    Vzz=    0.5954    axis=( -0.753700  0.601056 -0.265834)
     H    9  Q=         1.0000 1e-30 m^2  Cq=         1.3990 MHz  eta= 0.81659

     C   10    Vxx=    0.0157    axis=(  0.917431 -0.188380 -0.350477)
     C   10    Vyy=    0.6595    axis=(  0.294308  0.914049  0.279100)
     C   10    Vzz=   -0.6752    axis=(  0.267776 -0.359203  0.894019)
     C   10  Q=         1.0000 1e-30 m^2  Cq=        -1.5864 MHz  eta= 0.95352

     C   11    Vxx=   -0.1132    axis=(  0.522200  0.308271 -0.795158)
     C   11    Vyy=   -0.5980    axis=( -0.798080 -0.152027 -0.583058)
     C   11    Vzz=    0.7112    axis=(  0.300625 -0.939072 -0.166637)
     C   11  Q=         1.0000 1e-30 m^2  Cq=         1.6709 MHz  eta= 0.68176

     Cl  12    Vxx=    0.2767    axis=(  0.868346 -0.461243  0.182290)
     Cl  12    Vyy=    2.5820    axis=(  0.484972  0.866610 -0.117426)
     Cl  12    Vzz=   -2.8587    axis=( -0.103812  0.190372  0.976208)
     Cl  12  Q=        -8.1650 1e-30 m^2  Cq=        54.8423 MHz  eta= 0.80640

     H   13    Vxx=    0.0012    axis=(  0.994577  0.005178  0.103876)
     H   13    Vyy=    0.5909    axis=(  0.059466 -0.847716 -0.527107)
     H   13    Vzz=   -0.5921    axis=(  0.085328  0.530425 -0.843427)
     H   13  Q=         1.0000 1e-30 m^2  Cq=        -1.3913 MHz  eta= 0.99582

     C   14    Vxx=    0.1593    axis=( -0.152568 -0.244325 -0.957616)
     C   14    Vyy=    0.6127    axis=(  0.016014  0.968221 -0.249582)
     C   14    Vzz=   -0.7720    axis=( -0.988163  0.053414  0.143807)
     C   14  Q=         1.0000 1e-30 m^2  Cq=        -1.8139 MHz  eta= 0.58729

     H   15    Vxx=   -0.0812    axis=(  0.658330 -0.472170 -0.586223)
     H   15    Vyy=   -0.6575    axis=(  0.083693  0.819882 -0.566382)
     H   15    Vzz=    0.7387    axis=( -0.748062 -0.323803 -0.579271)
     H   15  Q=         1.0000 1e-30 m^2  Cq=         1.7356 MHz  eta= 0.78018

     C   16    Vxx=   -0.0830    axis=(  0.807352  0.260688 -0.529362)
     C   16    Vyy=   -0.5235    axis=(  0.346069  0.517436  0.782621)
     C   16    Vzz=    0.6065    axis=(  0.477931 -0.815047  0.327537)
     C   16  Q=         1.0000 1e-30 m^2  Cq=         1.4251 MHz  eta= 0.72629

     C   17    Vxx=   -0.0249    axis=( -0.150683 -0.300402  0.941835)
     C   17    Vyy=   -0.8655    axis=( -0.988306  0.068285 -0.136338)
     C   17    Vzz=    0.8904    axis=( -0.023357 -0.951365 -0.307179)
     C   17  Q=         1.0000 1e-30 m^2  Cq=         2.0922 MHz  eta= 0.94401

     Cl  18    Vxx=    0.3671    axis=(  0.878886  0.473695  0.056323)
     Cl  18    Vyy=    1.0952    axis=( -0.476403  0.877649  0.052649)
     Cl  18    Vzz=   -1.4623    axis=( -0.024492 -0.073105  0.997023)
     Cl  18  Q=        -8.1650 1e-30 m^2  Cq=        28.0534 MHz  eta= 0.49790

     H   19    Vxx=   -0.0252    axis=(  0.967597  0.140723  0.209650)
     H   19    Vyy=   -0.7174    axis=( -0.240472  0.766782  0.595163)
     H   19    Vzz=    0.7426    axis=( -0.077003 -0.626293  0.775775)
     H   19  Q=         1.0000 1e-30 m^2  Cq=         1.7448 MHz  eta= 0.93217

     C   20    Vxx=    0.1081    axis=(  0.999977  0.001360  0.006586)
     C   20    Vyy=    0.2904    axis=( -0.004192  0.891790  0.452431)
     C   20    Vzz=   -0.3985    axis=( -0.005258 -0.452448  0.891775)
     C   20  Q=         1.0000 1e-30 m^2  Cq=        -0.9362 MHz  eta= 0.45741

     H   21    Vxx=   -0.0053    axis=( -0.436456 -0.711642  0.550519)
     H   21    Vyy=   -0.7853    axis=(  0.378355 -0.700314 -0.605316)
     H   21    Vzz=    0.7907    axis=(  0.816305 -0.055902  0.574910)
     H   21  Q=         1.0000 1e-30 m^2  Cq=         1.8578 MHz  eta= 0.98647

     C   22    Vxx=   -0.0790    axis=(  0.072386 -0.251575  0.965127)
     C   22    Vyy=   -0.4586    axis=( -0.973276 -0.229256  0.013239)
     C   22    Vzz=    0.5376    axis=(  0.217930 -0.940294 -0.261447)
     C   22  Q=         1.0000 1e-30 m^2  Cq=         1.2631 MHz  eta= 0.70618

     C   23    Vxx=    0.0612    axis=(  0.881112 -0.239620 -0.407705)
     C   23    Vyy=    0.7695    axis=( -0.399046 -0.839371 -0.369077)
     C   23    Vzz=   -0.8307    axis=( -0.253778  0.487892 -0.835200)
     C   23  Q=         1.0000 1e-30 m^2  Cq=        -1.9518 MHz  eta= 0.85272

     Cl  24    Vxx=   -0.4637    axis=(  0.866188  0.051550 -0.497052)
     Cl  24    Vyy=   -2.3070    axis=( -0.443081  0.539179 -0.716216)
     Cl  24    Vzz=    2.7707    axis=(  0.231080  0.840612  0.489871)
     Cl  24  Q=        -8.1650 1e-30 m^2  Cq=       -53.1537 MHz  eta= 0.66530

     Initialization:
     gipaw_setup  :      9.11s CPU     10.91s WALL (       1 calls)

     Linear response

     Apply operators

     Induced current

     Other routines
     efg          :      9.46s CPU     11.79s WALL (       1 calls)

     General routines
     calbec       :      3.28s CPU      4.40s WALL (      16 calls)
     fft          :      1.27s CPU      1.49s WALL (      15 calls)
     ffts         :      0.04s CPU      0.05s WALL (       2 calls)
     fftw         :      3.30s CPU      3.93s WALL (     672 calls)
     davcio       :      0.05s CPU      0.35s WALL (      32 calls)

     Parallel routines
     fft_scatter  :      1.82s CPU      2.51s WALL (     689 calls)

     Plugins

     GIPAW        :     61.27s CPU     72.30s WALL (       1 calls)
