
     Program QE v.6.0 (svn rev. 13079) starts on  5Jan2017 at  6:11:42 

     This program is part of the open-source Quantum ESPRESSO suite
     for quantum simulation of materials; please cite
         "P. Giannozzi et al., J. Phys.:Condens. Matter 21 395502 (2009);
          URL http://www.quantum-espresso.org", 
     in publications or presentations arising from this work. More details at
     http://www.quantum-espresso.org/quote

     Parallel version (MPI), running on     8 processors
     R & G space division:  proc/nbgrp/npool/nimage =       8

     ***** This is GIPAW svn revision unknown      *****

     Parallelizing q-star over 1 images

     Reading data from directory:
     /users/majewski/paradichlorobenzene/pbe/9_constraint/scratch/pbe.ecut100.np8.dt60.pcl2phi-129368.save
     Message from routine read_xml_file:
     file /users/majewski/paradichlorobenzene/pbe/9_constraint/scratch/pbe.ecut100.np8.dt60.pcl2phi-129368.save not guaranteed to be safe for post-processing

   Info: using nr1, nr2, nr3 values from input

   Info: using nr1, nr2, nr3 values from input

     IMPORTANT: XC functional enforced from input :
     Exchange-correlation      =  SLA  PW   PBX  PBC ( 1  4  3  4 0 0)
     Any further DFT definition will be discarded
     Please, verify this is what you really want

               file C.pbe-n-kjpaw_psl.1.0.0.UPF: wavefunction(s)  2S 2P renormalized
               file Cl.pbe-n-kjpaw_psl.1.0.0.UPF: wavefunction(s)  3S 3P renormalized
               file H.pbe-kjpaw_psl.1.0.0.UPF: wavefunction(s)  1S renormalized

     Parallelization info
     --------------------
     sticks:   dense  smooth     PW     G-vecs:    dense   smooth      PW
     Min        3057    1223    332               144436    36536    5170
     Max        3059    1225    333               144437    36537    5171
     Sum       24467    9791   2657              1155489   292295   41363


     Subspace diagonalization in iterative solution of the eigenvalue problem:
     a serial algorithm will be used

     GIPAW projectors -----------------------------------------------
     atom=  C    l=0  rc=    1.2000  rs=    0.8000
     atom=  C    l=0  rc=    1.2000  rs=    0.8000
     atom=  C    l=1  rc=    1.4000  rs=    0.9333
     atom=  C    l=1  rc=    1.4000  rs=    0.9333
     projs nearly linearly dependent: l=1  n1,n2= 1, 2  s=  0.99951561

     atom=  Cl   l=0  rc=    1.6000  rs=    1.0667
     atom=  Cl   l=0  rc=    1.6000  rs=    1.0667
     atom=  Cl   l=1  rc=    1.6000  rs=    1.0667
     atom=  Cl   l=1  rc=    1.6000  rs=    1.0667
     atom=  Cl   l=2  rc=    1.6000  rs=    1.0667
     atom=  Cl   l=2  rc=    1.6000  rs=    1.0667
     projs nearly linearly dependent: l=2  n1,n2= 1, 2  s=  0.99993509

     atom=  H    l=0  rc=    1.0000  rs=    0.6667
     atom=  H    l=0  rc=    1.0000  rs=    0.6667
     projs nearly linearly dependent: l=0  n1,n2= 1, 2  s=  0.99968852
     -----------------------------------------------------------------

     GIPAW integrals: -------------------------------------------
     Atom  i/j   nmr_para   nmr_dia   epr_rmc  epr_para   epr_dia
       C   1 1   0.83E+03  0.17E-01  0.93E+01  0.24E+08  0.24E+03
       C   2 1   0.86E+03 -0.61E-01  0.94E+01  0.25E+08  0.25E+03
       C   2 2   0.90E+03 -0.15E+00  0.97E+01  0.26E+08  0.26E+03
       C   3 3   0.33E+01  0.34E+00  0.18E+01  0.55E+03  0.21E+02
       C   4 3   0.35E+01  0.37E+00  0.20E+01  0.59E+03  0.22E+02
       C   4 4   0.38E+01  0.39E+00  0.22E+01  0.63E+03  0.24E+02
       Cl  1 1   0.14E+04 -0.47E+00  0.84E+01  0.32E+09  0.42E+03
       Cl  2 1   0.21E+04 -0.37E+00  0.12E+02  0.49E+09  0.65E+03
       Cl  2 2   0.33E+04 -0.16E+00  0.21E+02  0.76E+09  0.10E+04
       Cl  3 3   0.21E+02  0.79E-01  0.89E+01  0.23E+05  0.13E+03
       Cl  4 3   0.24E+02  0.67E-01  0.99E+01  0.27E+05  0.15E+03
       Cl  4 4   0.28E+02  0.44E-01  0.11E+02  0.32E+05  0.18E+03
       Cl  5 5   0.77E+00  0.19E+00  0.18E+01  0.12E+03  0.22E+02
       Cl  6 5   0.80E+00  0.19E+00  0.19E+01  0.12E+03  0.23E+02
       Cl  6 6   0.83E+00  0.20E+00  0.19E+01  0.12E+03  0.23E+02
       H   1 1   0.39E+02  0.19E+00  0.29E+00  0.78E+05  0.13E+02
       H   2 1   0.41E+02  0.21E+00  0.32E+00  0.82E+05  0.14E+02
       H   2 2   0.43E+02  0.22E+00  0.36E+00  0.86E+05  0.15E+02
     ------------------------------------------------------------

     alpha_pv=     34.1325 eV

     Number of occupied bands for each k-point:
     k-point:     1    nbnd_occ=  42
     k-point:     2    nbnd_occ=  42
     k-point:     3    nbnd_occ=  42
     k-point:     4    nbnd_occ=  42
     k-point:     5    nbnd_occ=  42
     k-point:     6    nbnd_occ=  42
     k-point:     7    nbnd_occ=  42
     k-point:     8    nbnd_occ=  42
     k-point:     9    nbnd_occ=  42
     k-point:    10    nbnd_occ=  42
     k-point:    11    nbnd_occ=  42
     k-point:    12    nbnd_occ=  42
     k-point:    13    nbnd_occ=  42
     k-point:    14    nbnd_occ=  42
     k-point:    15    nbnd_occ=  42
     k-point:    16    nbnd_occ=  42


     q-space interpolation up to   110.00 Rydberg

     GIPAW job: efg                                                                             


     ELECTRIC FIELD GRADIENTS TENSORS IN Hartree/bohrradius^2:

     ----- bare term -----
     Cl   1        0.083363        0.065373       -0.057043
     Cl   1        0.065373       -0.089605        0.014802
     Cl   1       -0.057043        0.014802        0.006242

     C    2       -0.478673        0.383177       -0.169958
     C    2        0.383177        0.073271       -0.371572
     C    2       -0.169958       -0.371572        0.405402

     C    3        0.217964       -0.023985       -0.199924
     C    3       -0.023985       -0.116092       -0.226183
     C    3       -0.199924       -0.226183       -0.101872

     H    4        0.121547        0.041966       -0.355281
     H    4        0.041966        0.160436        0.204207
     H    4       -0.355281        0.204207       -0.281983

     C    5       -0.534132        0.332427       -0.016603
     C    5        0.332427        0.196401       -0.291418
     C    5       -0.016603       -0.291418        0.337732

     H    6        0.521013        0.023819       -0.154360
     H    6        0.023819       -0.179004       -0.299011
     H    6       -0.154360       -0.299011       -0.342010

     H    7        0.025790        0.314886       -0.361447
     H    7        0.314886       -0.121394        0.458277
     H    7       -0.361447        0.458277        0.095604

     C    8        0.118680       -0.589124        0.077533
     C    8       -0.589124       -0.506297        0.375955
     C    8        0.077533        0.375955        0.387618

     H    9       -0.766479        0.090242       -0.244399
     H    9        0.090242        0.421797        0.136572
     H    9       -0.244399        0.136572        0.344681

     C   10       -0.033533       -0.158586       -0.425262
     C   10       -0.158586       -0.092687        0.396147
     C   10       -0.425262        0.396147        0.126220

     C   11       -0.221304       -0.157179       -0.253697
     C   11       -0.157179       -0.058503        0.554936
     C   11       -0.253697        0.554936        0.279807

     Cl  12       -0.030470       -0.047349        0.030692
     Cl  12       -0.047349        0.037734       -0.024438
     Cl  12        0.030692       -0.024438       -0.007264

     H   13        0.240534        0.237936        0.223596
     H   13        0.237936       -0.278288       -0.569877
     H   13        0.223596       -0.569877        0.037754

     C   14       -0.050218       -0.369282       -0.506280
     C   14       -0.369282       -0.068612       -0.496766
     C   14       -0.506280       -0.496766        0.118831

     H   15        0.056806       -0.038316       -0.147844
     H   15       -0.038316        0.499663       -0.202234
     H   15       -0.147844       -0.202234       -0.556469

     C   16       -0.103949        0.490745       -0.215709
     C   16        0.490745       -0.222940       -0.072441
     C   16       -0.215709       -0.072441        0.326889

     C   17        0.083238       -0.351445       -0.550254
     C   17       -0.351445       -0.201362       -0.607794
     C   17       -0.550254       -0.607794        0.118123

     Cl  18       -0.216620        0.385307        0.023798
     Cl  18        0.385307       -0.012835        0.013038
     Cl  18        0.023798        0.013038        0.229455

     H   19        0.543024       -0.016945       -0.098968
     H   19       -0.016945       -0.048191        0.230764
     H   19       -0.098968        0.230764       -0.494834

     C   20       -0.509982       -0.306957       -0.154258
     C   20       -0.306957        0.256675        0.252695
     C   20       -0.154258        0.252695        0.253308

     H   21       -0.097752       -0.258192       -0.436977
     H   21       -0.258192       -0.184031        0.065690
     H   21       -0.436977        0.065690        0.281783

     C   22        0.118251       -0.339323       -0.034935
     C   22       -0.339323       -0.169006        0.579866
     C   22       -0.034935        0.579866        0.050755

     C   23       -0.513226       -0.314032       -0.418226
     C   23       -0.314032        0.268494        0.078274
     C   23       -0.418226        0.078274        0.244732

     Cl  24        0.020895        0.044255       -0.109855
     Cl  24        0.044255       -0.044482        0.162717
     Cl  24       -0.109855        0.162717        0.023587

     ----- ionic term -----
     Cl   1        0.100629       -0.229438        0.005574
     Cl   1       -0.229438        0.035415        0.001253
     Cl   1        0.005574        0.001253       -0.136044

     C    2       -0.007557       -0.237652        0.319721
     C    2       -0.237652        0.064890        0.449529
     C    2        0.319721        0.449529       -0.057332

     C    3       -0.025862       -0.301183        0.272726
     C    3       -0.301183        0.118410        0.330527
     C    3        0.272726        0.330527       -0.092548

     H    4        0.309014        0.098241        0.783881
     H    4        0.098241       -0.488879        0.145329
     H    4        0.783881        0.145329        0.179865

     C    5        0.056710       -0.279382        0.360524
     C    5       -0.279382        0.060840        0.234856
     C    5        0.360524        0.234856       -0.117550

     H    6       -0.555413       -0.029925       -0.005085
     H    6       -0.029925        0.577996        0.745503
     H    6       -0.005085        0.745503       -0.022584

     H    7       -0.510686       -0.118442        0.106283
     H    7       -0.118442        0.493947       -0.791907
     H    7        0.106283       -0.791907        0.016739

     C    8        0.302239        0.236794        0.182906
     C    8        0.236794       -0.010290       -0.333244
     C    8        0.182906       -0.333244       -0.291949

     H    9        0.633267       -0.114425        0.691716
     H    9       -0.114425       -0.549220       -0.148491
     H    9        0.691716       -0.148491       -0.084047

     C   10        0.173530        0.267398        0.143485
     C   10        0.267398        0.058910       -0.403446
     C   10        0.143485       -0.403446       -0.232440

     C   11        0.243419        0.177428        0.221716
     C   11        0.177428       -0.008424       -0.389354
     C   11        0.221716       -0.389354       -0.234996

     Cl  12        0.105552        0.187849       -0.030899
     Cl  12        0.187849        0.028143       -0.029616
     Cl  12       -0.030899       -0.029616       -0.133694

     H   13       -0.521823        0.084487        0.073767
     H   13        0.084487        0.526279        0.747052
     H   13        0.073767        0.747052       -0.004456

     C   14        0.096174       -0.232390        0.366719
     C   14       -0.232390        0.049327        0.280370
     C   14        0.366719        0.280370       -0.145500

     H   15        0.272562        0.124590        0.809187
     H   15        0.124590       -0.483699        0.204759
     H   15        0.809187        0.204759        0.211137

     C   16       -0.022071       -0.306541        0.264388
     C   16       -0.306541        0.194790        0.358872
     C   16        0.264388        0.358872       -0.172719

     C   17        0.010109       -0.253372        0.377619
     C   17       -0.253372        0.095139        0.355477
     C   17        0.377619        0.355477       -0.105248

     Cl  18        0.121745       -0.196041        0.058254
     Cl  18       -0.196041        0.020145       -0.025519
     Cl  18        0.058254       -0.025519       -0.141890

     H   19       -0.520605       -0.166963        0.116340
     H   19       -0.166963        0.571241       -0.777953
     H   19        0.116340       -0.777953       -0.050637

     C   20        0.257162        0.204268        0.168584
     C   20        0.204268        0.015966       -0.349089
     C   20        0.168584       -0.349089       -0.273128

     H   21        0.734804       -0.002150        0.669711
     H   21       -0.002150       -0.513445       -0.100485
     H   21        0.669711       -0.100485       -0.221359

     C   22        0.153379        0.278128        0.115328
     C   22        0.278128        0.097084       -0.425784
     C   22        0.115328       -0.425784       -0.250463

     C   23        0.201675        0.178501        0.209090
     C   23        0.178501        0.037358       -0.418027
     C   23        0.209090       -0.418027       -0.239033

     Cl  24        0.096141        0.200980       -0.027385
     Cl  24        0.200980        0.023318       -0.036861
     Cl  24       -0.027385       -0.036861       -0.119458

     ----- GIPAW term -----
     Cl   1       -0.153144       -0.865060       -0.290850
     Cl   1       -0.865060        2.355856       -0.858103
     Cl   1       -0.290850       -0.858103       -2.202712

     C    2       -0.119462       -0.092930        0.028978
     C    2       -0.092930        0.158982       -0.176886
     C    2        0.028978       -0.176886       -0.039520

     C    3       -0.007536       -0.028587       -0.009188
     C    3       -0.028587        0.027833       -0.035001
     C    3       -0.009188       -0.035001       -0.020296

     H    4       -0.000000        0.000000        0.000000
     H    4        0.000000        0.000000        0.000000
     H    4        0.000000        0.000000        0.000000

     C    5       -0.097717       -0.114756        0.089013
     C    5       -0.114756        0.150299       -0.124810
     C    5        0.089013       -0.124810       -0.052582

     H    6       -0.000000        0.000000        0.000000
     H    6        0.000000        0.000000        0.000000
     H    6        0.000000        0.000000        0.000000

     H    7       -0.000000        0.000000        0.000000
     H    7        0.000000        0.000000        0.000000
     H    7        0.000000        0.000000        0.000000

     C    8        0.200970       -0.204109        0.107384
     C    8       -0.204109       -0.143846        0.022581
     C    8        0.107384        0.022581       -0.057125

     H    9       -0.000000        0.000000        0.000000
     H    9        0.000000        0.000000        0.000000
     H    9        0.000000        0.000000        0.000000

     C   10        0.159208       -0.130535       -0.175367
     C   10       -0.130535       -0.052429        0.082516
     C   10       -0.175367        0.082516       -0.106779

     C   11       -0.041269       -0.027120       -0.143095
     C   11       -0.027120       -0.026567        0.200294
     C   11       -0.143095        0.200294        0.067836

     Cl  12       -0.257834        0.618694       -1.342765
     Cl  12        0.618694       -0.757305        1.469623
     Cl  12       -1.342765        1.469623        1.015139

     H   13       -0.000000        0.000000        0.000000
     H   13        0.000000        0.000000        0.000000
     H   13        0.000000        0.000000        0.000000

     C   14        0.082645       -0.225511       -0.125443
     C   14       -0.225511        0.001999       -0.013715
     C   14       -0.125443       -0.013715       -0.084644

     H   15       -0.000000        0.000000        0.000000
     H   15        0.000000        0.000000        0.000000
     H   15        0.000000        0.000000        0.000000

     C   16        0.135178       -0.047098       -0.131460
     C   16       -0.047098       -0.098109        0.070015
     C   16       -0.131460        0.070015       -0.037069

     C   17        0.148048       -0.178546       -0.156858
     C   17       -0.178546       -0.076337       -0.017990
     C   17       -0.156858       -0.017990       -0.071711

     Cl  18        0.482306       -0.304352       -2.097542
     Cl  18       -0.304352       -1.365759        0.203024
     Cl  18       -2.097542        0.203024        0.883453

     H   19       -0.000000        0.000000        0.000000
     H   19        0.000000        0.000000        0.000000
     H   19        0.000000        0.000000        0.000000

     C   20       -0.147759       -0.047311       -0.019677
     C   20       -0.047311        0.119164        0.159159
     C   20       -0.019677        0.159159        0.028595

     H   21       -0.000000        0.000000        0.000000
     H   21        0.000000        0.000000        0.000000
     H   21        0.000000        0.000000        0.000000

     C   22       -0.073567       -0.125782        0.025008
     C   22       -0.125782        0.218222        0.013216
     C   22        0.025008        0.013216       -0.144655

     C   23       -0.004422       -0.146568        0.046836
     C   23       -0.146568        0.111551       -0.120319
     C   23        0.046836       -0.120319       -0.107130

     Cl  24        0.050431        0.000852        0.898222
     Cl  24        0.000852        0.353445       -1.435592
     Cl  24        0.898222       -1.435592       -0.403876

     ----- total EFG -----
     Cl   1        0.030848       -1.029126       -0.342319
     Cl   1       -1.029126        2.301666       -0.842047
     Cl   1       -0.342319       -0.842047       -2.332514

     C    2       -0.605693        0.052594        0.178742
     C    2        0.052594        0.297143       -0.098929
     C    2        0.178742       -0.098929        0.308550

     C    3        0.184566       -0.353755        0.063614
     C    3       -0.353755        0.030151        0.069342
     C    3        0.063614        0.069342       -0.214717

     H    4        0.430561        0.140206        0.428600
     H    4        0.140206       -0.328443        0.349536
     H    4        0.428600        0.349536       -0.102118

     C    5       -0.575140       -0.061711        0.432933
     C    5       -0.061711        0.407540       -0.181372
     C    5        0.432933       -0.181372        0.167599

     H    6       -0.034399       -0.006106       -0.159445
     H    6       -0.006106        0.398993        0.446493
     H    6       -0.159445        0.446493       -0.364593

     H    7       -0.484896        0.196444       -0.255165
     H    7        0.196444        0.372552       -0.333631
     H    7       -0.255165       -0.333631        0.112344

     C    8        0.621889       -0.556439        0.367823
     C    8       -0.556439       -0.660433        0.065291
     C    8        0.367823        0.065291        0.038544

     H    9       -0.133212       -0.024184        0.447316
     H    9       -0.024184       -0.127423       -0.011920
     H    9        0.447316       -0.011920        0.260635

     C   10        0.299205       -0.021723       -0.457144
     C   10       -0.021723       -0.086205        0.075217
     C   10       -0.457144        0.075217       -0.212999

     C   11       -0.019153       -0.006871       -0.175075
     C   11       -0.006871       -0.093494        0.365876
     C   11       -0.175075        0.365876        0.112647

     Cl  12       -0.182752        0.759194       -1.342972
     Cl  12        0.759194       -0.691428        1.415570
     Cl  12       -1.342972        1.415570        0.874181

     H   13       -0.281289        0.322423        0.297363
     H   13        0.322423        0.247991        0.177175
     H   13        0.297363        0.177175        0.033298

     C   14        0.128601       -0.827182       -0.265004
     C   14       -0.827182       -0.017287       -0.230111
     C   14       -0.265004       -0.230111       -0.111314

     H   15        0.329368        0.086274        0.661342
     H   15        0.086274        0.015964        0.002526
     H   15        0.661342        0.002526       -0.345332

     C   16        0.009159        0.137107       -0.082781
     C   16        0.137107       -0.126259        0.356446
     C   16       -0.082781        0.356446        0.117101

     C   17        0.241395       -0.783363       -0.329493
     C   17       -0.783363       -0.182559       -0.270307
     C   17       -0.329493       -0.270307       -0.058836

     Cl  18        0.387430       -0.115086       -2.015490
     Cl  18       -0.115086       -1.358448        0.190543
     Cl  18       -2.015490        0.190543        0.971018

     H   19        0.022419       -0.183907        0.017372
     H   19       -0.183907        0.523051       -0.547190
     H   19        0.017372       -0.547190       -0.545470

     C   20       -0.400579       -0.150000       -0.005351
     C   20       -0.150000        0.391805        0.062765
     C   20       -0.005351        0.062765        0.008775

     H   21        0.637052       -0.260342        0.232735
     H   21       -0.260342       -0.697476       -0.034795
     H   21        0.232735       -0.034795        0.060424

     C   22        0.198064       -0.186977        0.105401
     C   22       -0.186977        0.146299        0.167299
     C   22        0.105401        0.167299       -0.344363

     C   23       -0.315972       -0.282099       -0.162300
     C   23       -0.282099        0.417403       -0.460073
     C   23       -0.162300       -0.460073       -0.101431

     Cl  24        0.167466        0.246087        0.760982
     Cl  24        0.246087        0.332281       -1.309737
     Cl  24        0.760982       -1.309737       -0.499747

     ----- total EFG (symmetrized) -----
     Cl   1        0.030848       -1.029126       -0.342319
     Cl   1       -1.029126        2.301666       -0.842047
     Cl   1       -0.342319       -0.842047       -2.332514

     C    2       -0.605693        0.052594        0.178742
     C    2        0.052594        0.297143       -0.098929
     C    2        0.178742       -0.098929        0.308550

     C    3        0.184566       -0.353755        0.063614
     C    3       -0.353755        0.030151        0.069342
     C    3        0.063614        0.069342       -0.214717

     H    4        0.430561        0.140206        0.428600
     H    4        0.140206       -0.328443        0.349536
     H    4        0.428600        0.349536       -0.102118

     C    5       -0.575140       -0.061711        0.432933
     C    5       -0.061711        0.407540       -0.181372
     C    5        0.432933       -0.181372        0.167599

     H    6       -0.034399       -0.006106       -0.159445
     H    6       -0.006106        0.398993        0.446493
     H    6       -0.159445        0.446493       -0.364593

     H    7       -0.484896        0.196444       -0.255165
     H    7        0.196444        0.372552       -0.333631
     H    7       -0.255165       -0.333631        0.112344

     C    8        0.621889       -0.556439        0.367823
     C    8       -0.556439       -0.660433        0.065291
     C    8        0.367823        0.065291        0.038544

     H    9       -0.133212       -0.024184        0.447316
     H    9       -0.024184       -0.127423       -0.011920
     H    9        0.447316       -0.011920        0.260635

     C   10        0.299205       -0.021723       -0.457144
     C   10       -0.021723       -0.086205        0.075217
     C   10       -0.457144        0.075217       -0.212999

     C   11       -0.019153       -0.006871       -0.175075
     C   11       -0.006871       -0.093494        0.365876
     C   11       -0.175075        0.365876        0.112647

     Cl  12       -0.182752        0.759194       -1.342972
     Cl  12        0.759194       -0.691428        1.415570
     Cl  12       -1.342972        1.415570        0.874181

     H   13       -0.281289        0.322423        0.297363
     H   13        0.322423        0.247991        0.177175
     H   13        0.297363        0.177175        0.033298

     C   14        0.128601       -0.827182       -0.265004
     C   14       -0.827182       -0.017287       -0.230111
     C   14       -0.265004       -0.230111       -0.111314

     H   15        0.329368        0.086274        0.661342
     H   15        0.086274        0.015964        0.002526
     H   15        0.661342        0.002526       -0.345332

     C   16        0.009159        0.137107       -0.082781
     C   16        0.137107       -0.126259        0.356446
     C   16       -0.082781        0.356446        0.117101

     C   17        0.241395       -0.783363       -0.329493
     C   17       -0.783363       -0.182559       -0.270307
     C   17       -0.329493       -0.270307       -0.058836

     Cl  18        0.387430       -0.115086       -2.015490
     Cl  18       -0.115086       -1.358448        0.190543
     Cl  18       -2.015490        0.190543        0.971018

     H   19        0.022419       -0.183907        0.017372
     H   19       -0.183907        0.523051       -0.547190
     H   19        0.017372       -0.547190       -0.545470

     C   20       -0.400579       -0.150000       -0.005351
     C   20       -0.150000        0.391805        0.062765
     C   20       -0.005351        0.062765        0.008775

     H   21        0.637052       -0.260342        0.232735
     H   21       -0.260342       -0.697476       -0.034795
     H   21        0.232735       -0.034795        0.060424

     C   22        0.198064       -0.186977        0.105401
     C   22       -0.186977        0.146299        0.167299
     C   22        0.105401        0.167299       -0.344363

     C   23       -0.315972       -0.282099       -0.162300
     C   23       -0.282099        0.417403       -0.460073
     C   23       -0.162300       -0.460073       -0.101431

     Cl  24        0.167466        0.246087        0.760982
     Cl  24        0.246087        0.332281       -1.309737
     Cl  24        0.760982       -1.309737       -0.499747


     NQR/NMR SPECTROSCOPIC PARAMETERS:
     Cl   1    Vxx=   -0.1968    axis=(  0.920212  0.290706 -0.262106)
     Cl   1    Vyy=   -2.5897    axis=( -0.206590 -0.208049 -0.956053)
     Cl   1    Vzz=    2.7865    axis=( -0.332461  0.933920 -0.131392)
     Cl   1  Q=        -8.1650 1e-30 m^2  Cq=       -53.4573 MHz  eta= 0.85877

     C    2    Vxx=    0.2328    axis=( -0.176965 -0.779555 -0.600814)
     C    2    Vyy=    0.4118    axis=( -0.104203  0.621858 -0.776166)
     C    2    Vzz=   -0.6446    axis=(  0.978685 -0.074748 -0.191280)
     C    2  Q=         1.0000 1e-30 m^2  Cq=        -1.5147 MHz  eta= 0.27763

     C    3    Vxx=   -0.1387    axis=(  0.388643  0.494948  0.777164)
     C    3    Vyy=   -0.3308    axis=(  0.491171  0.602342 -0.629234)
     C    3    Vzz=    0.4695    axis=( -0.779556  0.626268 -0.009008)
     C    3  Q=         1.0000 1e-30 m^2  Cq=         1.1031 MHz  eta= 0.40897

     H    4    Vxx=   -0.1450    axis=(  0.560290 -0.619511 -0.549801)
     H    4    Vyy=   -0.6069    axis=(  0.171116  0.736027 -0.654968)
     H    4    Vzz=    0.7519    axis=( -0.810429 -0.272892 -0.518397)
     H    4  Q=         1.0000 1e-30 m^2  Cq=         1.7667 MHz  eta= 0.61422

     C    5    Vxx=    0.1956    axis=(  0.323147  0.667855  0.670482)
     C    5    Vyy=    0.5789    axis=( -0.269171  0.744095 -0.611449)
     C    5    Vzz=   -0.7745    axis=(  0.907261 -0.017113 -0.420219)
     C    5  Q=         1.0000 1e-30 m^2  Cq=        -1.8198 MHz  eta= 0.49491

     H    6    Vxx=   -0.0070    axis=(  0.963256  0.205141 -0.173362)
     H    6    Vyy=   -0.6060    axis=(  0.243241 -0.392596  0.886962)
     H    6    Vzz=    0.6130    axis=(  0.113891 -0.896541 -0.428069)
     H    6  Q=         1.0000 1e-30 m^2  Cq=         1.4402 MHz  eta= 0.97715

     H    7    Vxx=   -0.0966    axis=( -0.186950  0.620116  0.761909)
     H    7    Vyy=   -0.5852    axis=(  0.948355 -0.088396  0.304645)
     H    7    Vzz=    0.6818    axis=(  0.256265  0.779514 -0.571565)
     H    7  Q=         1.0000 1e-30 m^2  Cq=         1.6019 MHz  eta= 0.71665

     C    8    Vxx=   -0.0375    axis=( -0.245372  0.315244  0.916741)
     C    8    Vyy=   -0.9088    axis=(  0.378064  0.901892 -0.208946)
     C    8    Vzz=    0.9463    axis=( -0.892670  0.295317 -0.340481)
     C    8  Q=         1.0000 1e-30 m^2  Cq=         2.2234 MHz  eta= 0.92084

     H    9    Vxx=   -0.1276    axis=( -0.020021  0.998355  0.053723)
     H    9    Vyy=   -0.4257    axis=( -0.837237 -0.046112  0.544892)
     H    9    Vzz=    0.5532    axis=(  0.546473 -0.034070  0.836783)
     H    9  Q=         1.0000 1e-30 m^2  Cq=         1.2999 MHz  eta= 0.53880

     C   10    Vxx=   -0.0838    axis=(  0.142058  0.987228  0.072119)
     C   10    Vyy=   -0.4882    axis=( -0.494809  0.133925 -0.858620)
     C   10    Vzz=    0.5720    axis=( -0.857312  0.086289  0.507515)
     C   10  Q=         1.0000 1e-30 m^2  Cq=         1.3440 MHz  eta= 0.70687

     C   11    Vxx=   -0.0374    axis=(  0.911457  0.403731  0.079039)
     C   11    Vyy=   -0.3989    axis=( -0.272330  0.736117 -0.619651)
     C   11    Vzz=    0.4363    axis=( -0.308354  0.543261  0.780888)
     C   11  Q=         1.0000 1e-30 m^2  Cq=         1.0252 MHz  eta= 0.82866

     Cl  12    Vxx=    0.3397    axis=(  0.739233  0.667446  0.089723)
     Cl  12    Vyy=    2.0516    axis=(  0.401485 -0.329809 -0.854422)
     Cl  12    Vzz=   -2.3914    axis=( -0.540688  0.667640 -0.511775)
     Cl  12  Q=        -8.1650 1e-30 m^2  Cq=        45.8770 MHz  eta= 0.71588

     H   13    Vxx=   -0.0517    axis=( -0.143749  0.613664 -0.776372)
     H   13    Vyy=   -0.5151    axis=( -0.878673  0.281769  0.385409)
     H   13    Vzz=    0.5668    axis=(  0.455269  0.737579  0.498706)
     H   13  Q=         1.0000 1e-30 m^2  Cq=         1.3318 MHz  eta= 0.81762

     C   14    Vxx=    0.0366    axis=( -0.234477 -0.320134  0.917897)
     C   14    Vyy=    0.8878    axis=( -0.742910  0.667996  0.043200)
     C   14    Vzz=   -0.9244    axis=( -0.626981 -0.671785 -0.394460)
     C   14  Q=         1.0000 1e-30 m^2  Cq=        -2.1720 MHz  eta= 0.92074

     H   15    Vxx=    0.0106    axis=(  0.058382 -0.993129  0.101419)
     H   15    Vyy=    0.7422    axis=( -0.849784 -0.102754 -0.517019)
     H   15    Vzz=   -0.7528    axis=(  0.523887 -0.056000 -0.849945)
     H   15  Q=         1.0000 1e-30 m^2  Cq=        -1.7688 MHz  eta= 0.97175

     C   16    Vxx=    0.0657    axis=(  0.941015  0.251225 -0.226665)
     C   16    Vyy=    0.3725    axis=(  0.037710  0.587845  0.808095)
     C   16    Vzz=   -0.4382    axis=(  0.336258 -0.768976  0.543697)
     C   16  Q=         1.0000 1e-30 m^2  Cq=        -1.0297 MHz  eta= 0.70015

     C   17    Vxx=    0.1191    axis=( -0.155729 -0.403549  0.901608)
     C   17    Vyy=    0.8527    axis=( -0.806497  0.578966  0.119837)
     C   17    Vzz=   -0.9718    axis=( -0.570360 -0.708482 -0.415622)
     C   17  Q=         1.0000 1e-30 m^2  Cq=        -2.2833 MHz  eta= 0.75496

     Cl  18    Vxx=   -1.3256    axis=( -0.601020 -0.643451 -0.474073)
     Cl  18    Vyy=   -1.4019    axis=(  0.460583 -0.763607  0.452514)
     Cl  18    Vzz=    2.7275    axis=( -0.653176  0.053620  0.755305)
     Cl  18  Q=        -8.1650 1e-30 m^2  Cq=       -52.3259 MHz  eta= 0.02801

     H   19    Vxx=   -0.0140    axis=(  0.972205  0.178276 -0.151775)
     H   19    Vyy=   -0.7799    axis=(  0.070638  0.394698  0.916092)
     H   19    Vzz=    0.7939    axis=(  0.223222 -0.901350  0.371134)
     H   19  Q=         1.0000 1e-30 m^2  Cq=         1.8654 MHz  eta= 0.96469

     C   20    Vxx=   -0.0005    axis=(  0.040314 -0.142803  0.988930)
     C   20    Vyy=   -0.4281    axis=( -0.983389 -0.180975  0.013955)
     C   20    Vzz=    0.4286    axis=(  0.176979 -0.973065 -0.147726)
     C   20  Q=         1.0000 1e-30 m^2  Cq=         1.0071 MHz  eta= 0.99764

     H   21    Vxx=   -0.0180    axis=( -0.309185  0.069897  0.948430)
     H   21    Vyy=   -0.7466    axis=( -0.186773 -0.982336  0.011509)
     H   21    Vzz=    0.7646    axis=(  0.932481 -0.173582  0.316778)
     H   21  Q=         1.0000 1e-30 m^2  Cq=         1.7965 MHz  eta= 0.95289

     C   22    Vxx=    0.0740    axis=(  0.628927  0.654202  0.420085)
     C   22    Vyy=    0.3625    axis=( -0.735868  0.675269  0.050097)
     C   22    Vzz=   -0.4364    axis=( -0.250897 -0.340634  0.906101)
     C   22  Q=         1.0000 1e-30 m^2  Cq=        -1.0255 MHz  eta= 0.66101

     C   23    Vxx=   -0.0776    axis=( -0.711282  0.216264  0.668811)
     C   23    Vyy=   -0.6359    axis=(  0.682864  0.438196  0.584535)
     C   23    Vzz=    0.7135    axis=(  0.166656 -0.872476  0.459359)
     C   23  Q=         1.0000 1e-30 m^2  Cq=         1.6765 MHz  eta= 0.78251

     Cl  24    Vxx=    0.4059    axis=(  0.895730  0.420400  0.144676)
     Cl  24    Vyy=    1.3545    axis=(  0.246838 -0.740888  0.624624)
     Cl  24    Vzz=   -1.7604    axis=(  0.369781 -0.523783 -0.767407)
     Cl  24  Q=        -8.1650 1e-30 m^2  Cq=        33.7719 MHz  eta= 0.53888

     Initialization:
     gipaw_setup  :      9.71s CPU     11.57s WALL (       1 calls)

     Linear response

     Apply operators

     Induced current

     Other routines
     efg          :      9.88s CPU     12.37s WALL (       1 calls)

     General routines
     calbec       :      3.32s CPU      4.25s WALL (      16 calls)
     fft          :      1.62s CPU      2.21s WALL (      15 calls)
     ffts         :      0.04s CPU      0.05s WALL (       2 calls)
     fftw         :      3.64s CPU      4.63s WALL (     672 calls)
     davcio       :      0.04s CPU      0.33s WALL (      32 calls)

     Parallel routines
     fft_scatter  :      2.42s CPU      3.86s WALL (     689 calls)

     Plugins

     GIPAW        :     62.21s CPU     74.48s WALL (       1 calls)
