
     Program QE v.6.0 (svn rev. 13079) starts on 31Dec2016 at  0:57:11 

     This program is part of the open-source Quantum ESPRESSO suite
     for quantum simulation of materials; please cite
         "P. Giannozzi et al., J. Phys.:Condens. Matter 21 395502 (2009);
          URL http://www.quantum-espresso.org", 
     in publications or presentations arising from this work. More details at
     http://www.quantum-espresso.org/quote

     Parallel version (MPI), running on     8 processors
     R & G space division:  proc/nbgrp/npool/nimage =       8

     ***** This is GIPAW svn revision unknown      *****

     Parallelizing q-star over 1 images

     Reading data from directory:
     /users/majewski/paradichlorobenzene/pbe/9_constraint/scratch/pbe.ecut100.np8.dt60.pcl2phi-129368.save
     Message from routine read_xml_file:
     file /users/majewski/paradichlorobenzene/pbe/9_constraint/scratch/pbe.ecut100.np8.dt60.pcl2phi-129368.save not guaranteed to be safe for post-processing

   Info: using nr1, nr2, nr3 values from input

   Info: using nr1, nr2, nr3 values from input

     IMPORTANT: XC functional enforced from input :
     Exchange-correlation      =  SLA  PW   PBX  PBC ( 1  4  3  4 0 0)
     Any further DFT definition will be discarded
     Please, verify this is what you really want

               file C.pbe-n-kjpaw_psl.1.0.0.UPF: wavefunction(s)  2S 2P renormalized
               file Cl.pbe-n-kjpaw_psl.1.0.0.UPF: wavefunction(s)  3S 3P renormalized
               file H.pbe-kjpaw_psl.1.0.0.UPF: wavefunction(s)  1S renormalized

     Parallelization info
     --------------------
     sticks:   dense  smooth     PW     G-vecs:    dense   smooth      PW
     Min        3057    1223    332               144436    36536    5170
     Max        3059    1225    333               144437    36537    5171
     Sum       24467    9791   2657              1155489   292295   41363


     Subspace diagonalization in iterative solution of the eigenvalue problem:
     a serial algorithm will be used

     GIPAW projectors -----------------------------------------------
     atom=  C    l=0  rc=    1.2000  rs=    0.8000
     atom=  C    l=0  rc=    1.2000  rs=    0.8000
     atom=  C    l=1  rc=    1.4000  rs=    0.9333
     atom=  C    l=1  rc=    1.4000  rs=    0.9333
     projs nearly linearly dependent: l=1  n1,n2= 1, 2  s=  0.99951561

     atom=  Cl   l=0  rc=    1.6000  rs=    1.0667
     atom=  Cl   l=0  rc=    1.6000  rs=    1.0667
     atom=  Cl   l=1  rc=    1.6000  rs=    1.0667
     atom=  Cl   l=1  rc=    1.6000  rs=    1.0667
     atom=  Cl   l=2  rc=    1.6000  rs=    1.0667
     atom=  Cl   l=2  rc=    1.6000  rs=    1.0667
     projs nearly linearly dependent: l=2  n1,n2= 1, 2  s=  0.99993509

     atom=  H    l=0  rc=    1.0000  rs=    0.6667
     atom=  H    l=0  rc=    1.0000  rs=    0.6667
     projs nearly linearly dependent: l=0  n1,n2= 1, 2  s=  0.99968852
     -----------------------------------------------------------------

     GIPAW integrals: -------------------------------------------
     Atom  i/j   nmr_para   nmr_dia   epr_rmc  epr_para   epr_dia
       C   1 1   0.83E+03  0.17E-01  0.93E+01  0.24E+08  0.24E+03
       C   2 1   0.86E+03 -0.61E-01  0.94E+01  0.25E+08  0.25E+03
       C   2 2   0.90E+03 -0.15E+00  0.97E+01  0.26E+08  0.26E+03
       C   3 3   0.33E+01  0.34E+00  0.18E+01  0.55E+03  0.21E+02
       C   4 3   0.35E+01  0.37E+00  0.20E+01  0.59E+03  0.22E+02
       C   4 4   0.38E+01  0.39E+00  0.22E+01  0.63E+03  0.24E+02
       Cl  1 1   0.14E+04 -0.47E+00  0.84E+01  0.32E+09  0.42E+03
       Cl  2 1   0.21E+04 -0.37E+00  0.12E+02  0.49E+09  0.65E+03
       Cl  2 2   0.33E+04 -0.16E+00  0.21E+02  0.76E+09  0.10E+04
       Cl  3 3   0.21E+02  0.79E-01  0.89E+01  0.23E+05  0.13E+03
       Cl  4 3   0.24E+02  0.67E-01  0.99E+01  0.27E+05  0.15E+03
       Cl  4 4   0.28E+02  0.44E-01  0.11E+02  0.32E+05  0.18E+03
       Cl  5 5   0.77E+00  0.19E+00  0.18E+01  0.12E+03  0.22E+02
       Cl  6 5   0.80E+00  0.19E+00  0.19E+01  0.12E+03  0.23E+02
       Cl  6 6   0.83E+00  0.20E+00  0.19E+01  0.12E+03  0.23E+02
       H   1 1   0.39E+02  0.19E+00  0.29E+00  0.78E+05  0.13E+02
       H   2 1   0.41E+02  0.21E+00  0.32E+00  0.82E+05  0.14E+02
       H   2 2   0.43E+02  0.22E+00  0.36E+00  0.86E+05  0.15E+02
     ------------------------------------------------------------

     alpha_pv=     33.9170 eV

     Number of occupied bands for each k-point:
     k-point:     1    nbnd_occ=  42
     k-point:     2    nbnd_occ=  42
     k-point:     3    nbnd_occ=  42
     k-point:     4    nbnd_occ=  42
     k-point:     5    nbnd_occ=  42
     k-point:     6    nbnd_occ=  42
     k-point:     7    nbnd_occ=  42
     k-point:     8    nbnd_occ=  42
     k-point:     9    nbnd_occ=  42
     k-point:    10    nbnd_occ=  42
     k-point:    11    nbnd_occ=  42
     k-point:    12    nbnd_occ=  42
     k-point:    13    nbnd_occ=  42
     k-point:    14    nbnd_occ=  42
     k-point:    15    nbnd_occ=  42
     k-point:    16    nbnd_occ=  42


     q-space interpolation up to   110.00 Rydberg

     GIPAW job: efg                                                                             


     ELECTRIC FIELD GRADIENTS TENSORS IN Hartree/bohrradius^2:

     ----- bare term -----
     Cl   1       -0.255778        0.286202        0.031101
     Cl   1        0.286202        0.045886       -0.051946
     Cl   1        0.031101       -0.051946        0.209893

     C    2        0.010540       -0.405989       -0.458212
     C    2       -0.405989       -0.059523       -0.711809
     C    2       -0.458212       -0.711809        0.048983

     C    3       -0.310341        0.375517        0.086705
     C    3        0.375517       -0.083474       -0.375181
     C    3        0.086705       -0.375181        0.393815

     H    4       -0.380691       -0.310183       -0.455441
     H    4       -0.310183        0.119457       -0.089771
     H    4       -0.455441       -0.089771        0.261234

     C    5       -0.103101       -0.344284       -0.445075
     C    5       -0.344284        0.015837       -0.520366
     C    5       -0.445075       -0.520366        0.087264

     H    6        0.386849        0.174838       -0.001950
     H    6        0.174838       -0.723122       -0.317028
     H    6       -0.001950       -0.317028        0.336274

     H    7        0.282967        0.059017        0.359539
     H    7        0.059017        0.141201        0.205759
     H    7        0.359539        0.205759       -0.424168

     C    8       -0.445711       -0.243671       -0.337274
     C    8       -0.243671        0.315801        0.083091
     C    8       -0.337274        0.083091        0.129910

     H    9        0.227698        0.033328       -0.206845
     H    9        0.033328        0.229360       -0.280901
     H    9       -0.206845       -0.280901       -0.457058

     C   10        0.199361       -0.154099        0.212947
     C   10       -0.154099       -0.255157        0.228258
     C   10        0.212947        0.228258        0.055795

     C   11       -0.365756       -0.334422       -0.453812
     C   11       -0.334422        0.201843        0.151570
     C   11       -0.453812        0.151570        0.163913

     Cl  12        0.051397        0.275924        0.180634
     Cl  12        0.275924       -0.252157       -0.325785
     Cl  12        0.180634       -0.325785        0.200760

     H   13        0.471802        0.091944       -0.250767
     H   13        0.091944       -0.052367       -0.216996
     H   13       -0.250767       -0.216996       -0.419435

     C   14       -0.533219        0.382230        0.004039
     C   14        0.382230        0.188981       -0.146748
     C   14        0.004039       -0.146748        0.344238

     H   15       -0.188068        0.237707       -0.513194
     H   15        0.237707        0.073570        0.110639
     H   15       -0.513194        0.110639        0.114498

     C   16        0.147054       -0.130983       -0.359211
     C   16       -0.130983       -0.157139       -0.574031
     C   16       -0.359211       -0.574031        0.010085

     C   17       -0.628446        0.443729       -0.274082
     C   17        0.443729        0.166169       -0.120236
     C   17       -0.274082       -0.120236        0.462277

     Cl  18       -0.049763        0.051309        0.082663
     Cl  18        0.051309       -0.021450       -0.050784
     Cl  18        0.082663       -0.050784        0.071213

     H   19        0.397457        0.200354       -0.128788
     H   19        0.200354       -0.459786        0.586262
     H   19       -0.128788        0.586262        0.062329

     C   20       -0.000319       -0.538049        0.005451
     C   20       -0.538049       -0.311741        0.379404
     C   20        0.005451        0.379404        0.312059

     H   21       -0.052252        0.296100       -0.506495
     H   21        0.296100        0.184292        0.453488
     H   21       -0.506495        0.453488       -0.132040

     C   22       -0.566550       -0.343402       -0.281066
     C   22       -0.343402        0.131755        0.134993
     C   22       -0.281066        0.134993        0.434795

     C   23        0.039260       -0.370104       -0.086106
     C   23       -0.370104       -0.207536        0.506977
     C   23       -0.086106        0.506977        0.168276

     Cl  24       -0.089910       -0.052806        0.092665
     Cl  24       -0.052806       -0.077311       -0.109712
     Cl  24        0.092665       -0.109712        0.167221

     ----- ionic term -----
     Cl   1        0.133486       -0.205157        0.021562
     Cl   1       -0.205157        0.021287        0.002741
     Cl   1        0.021562        0.002741       -0.154773

     C    2        0.126950       -0.219487        0.316719
     C    2       -0.219487        0.160752        0.418168
     C    2        0.316719        0.418168       -0.287702

     C    3        0.139836       -0.275290        0.143599
     C    3       -0.275290        0.235936        0.446453
     C    3        0.143599        0.446453       -0.375772

     H    4        0.732931        0.197551        0.667271
     H    4        0.197551       -0.465881        0.191652
     H    4        0.667271        0.191652       -0.267050

     C    5        0.314574       -0.178709        0.205056
     C    5       -0.178709        0.052021        0.338309
     C    5        0.205056        0.338309       -0.366595

     H    6       -0.504723        0.130457        0.061720
     H    6        0.130457        0.699133        0.693704
     H    6        0.061720        0.693704       -0.194410

     H    7       -0.538061        0.071506       -0.054358
     H    7        0.071506        0.376703       -0.789859
     H    7       -0.054358       -0.789859        0.161358

     C    8        0.127614        0.326792        0.293041
     C    8        0.326792        0.027994       -0.275921
     C    8        0.293041       -0.275921       -0.155608

     H    9        0.235541       -0.091627        0.807190
     H    9       -0.091627       -0.486586       -0.189822
     H    9        0.807190       -0.189822        0.251045

     C   10       -0.025608        0.396093        0.201308
     C   10        0.396093        0.176676       -0.401946
     C   10        0.201308       -0.401946       -0.151069

     C   11        0.052176        0.334321        0.278932
     C   11        0.334321        0.116441       -0.363666
     C   11        0.278932       -0.363666       -0.168617

     Cl  12        0.107624        0.227444        0.050797
     Cl  12        0.227444        0.039820        0.024701
     Cl  12        0.050797        0.024701       -0.147444

     H   13       -0.532951        0.038024        0.059679
     H   13        0.038024        0.494664        0.791129
     H   13        0.059679        0.791129        0.038287

     C   14        0.238136       -0.221704        0.282375
     C   14       -0.221704       -0.036448        0.328574
     C   14        0.282375        0.328574       -0.201688

     H   15        0.487915        0.294395        0.704893
     H   15        0.294395       -0.449622        0.275087
     H   15        0.704893        0.275087       -0.038293

     C   16        0.113587       -0.229183        0.167259
     C   16       -0.229183        0.057130        0.438240
     C   16        0.167259        0.438240       -0.170717

     C   17        0.250768       -0.160601        0.186808
     C   17       -0.160601       -0.027031        0.463296
     C   17        0.186808        0.463296       -0.223737

     Cl  18        0.135067       -0.219949       -0.048152
     Cl  18       -0.219949       -0.010164        0.024283
     Cl  18       -0.048152        0.024283       -0.124903

     H   19       -0.518075        0.044075       -0.002433
     H   19        0.044075        0.563831       -0.737735
     H   19       -0.002433       -0.737735       -0.045756

     C   20        0.197554        0.321636        0.291041
     C   20        0.321636        0.045479       -0.254865
     C   20        0.291041       -0.254865       -0.243033

     H   21        0.448556       -0.322935        0.703442
     H   21       -0.322935       -0.418632       -0.302887
     H   21        0.703442       -0.302887       -0.029925

     C   22        0.093353        0.283591        0.225255
     C   22        0.283591        0.156630       -0.376691
     C   22        0.225255       -0.376691       -0.249983

     C   23        0.083793        0.249633        0.352309
     C   23        0.249633        0.065693       -0.328920
     C   23        0.352309       -0.328920       -0.149486

     Cl  24        0.088625        0.198745        0.039653
     Cl  24        0.198745        0.051515        0.029838
     Cl  24        0.039653        0.029838       -0.140140

     ----- GIPAW term -----
     Cl   1        0.552946       -2.263314        0.253061
     Cl   1       -2.263314        0.877540       -0.366108
     Cl   1        0.253061       -0.366108       -1.430485

     C    2        0.037892       -0.254379       -0.028785
     C    2       -0.254379        0.102113       -0.108850
     C    2       -0.028785       -0.108850       -0.140005

     C    3       -0.001776       -0.143207        0.117034
     C    3       -0.143207        0.070418       -0.110473
     C    3        0.117034       -0.110473       -0.068642

     H    4       -0.000000        0.000000        0.000000
     H    4        0.000000        0.000000        0.000000
     H    4        0.000000        0.000000        0.000000

     C    5       -0.012481       -0.231211       -0.068260
     C    5       -0.231211        0.149023       -0.071953
     C    5       -0.068260       -0.071953       -0.136542

     H    6       -0.000000        0.000000        0.000000
     H    6        0.000000        0.000000        0.000000
     H    6        0.000000        0.000000        0.000000

     H    7       -0.000000        0.000000        0.000000
     H    7        0.000000        0.000000        0.000000
     H    7        0.000000        0.000000        0.000000

     C    8       -0.043927       -0.109675       -0.065387
     C    8       -0.109675        0.091186        0.048081
     C    8       -0.065387        0.048081       -0.047259

     H    9       -0.000000        0.000000        0.000000
     H    9        0.000000        0.000000        0.000000
     H    9        0.000000        0.000000        0.000000

     C   10        0.006063       -0.007073        0.036740
     C   10       -0.007073        0.013572       -0.007950
     C   10        0.036740       -0.007950       -0.019635

     C   11       -0.030776       -0.119607       -0.076202
     C   11       -0.119607        0.153106        0.049937
     C   11       -0.076202        0.049937       -0.122330

     Cl  12        0.174565        0.152094       -0.282992
     Cl  12        0.152094        0.483752        0.487906
     Cl  12       -0.282992        0.487906       -0.658317

     H   13       -0.000000        0.000000        0.000000
     H   13        0.000000        0.000000        0.000000
     H   13        0.000000        0.000000        0.000000

     C   14       -0.069320       -0.088570        0.064900
     C   14       -0.088570        0.119394       -0.052120
     C   14        0.064900       -0.052120       -0.050075

     H   15       -0.000000        0.000000        0.000000
     H   15        0.000000        0.000000        0.000000
     H   15        0.000000        0.000000        0.000000

     C   16       -0.026398       -0.111701       -0.034018
     C   16       -0.111701        0.110118       -0.062593
     C   16       -0.034018       -0.062593       -0.083719

     C   17       -0.051185       -0.166424       -0.065725
     C   17       -0.166424        0.149574        0.066355
     C   17       -0.065725        0.066355       -0.098389

     Cl  18        0.271189       -2.198260       -1.076513
     Cl  18       -2.198260       -0.340135        1.227214
     Cl  18       -1.076513        1.227214        0.068946

     H   19       -0.000000        0.000000        0.000000
     H   19        0.000000        0.000000        0.000000
     H   19        0.000000        0.000000        0.000000

     C   20        0.061308       -0.256387        0.094653
     C   20       -0.256387       -0.005183       -0.003959
     C   20        0.094653       -0.003959       -0.056125

     H   21       -0.000000        0.000000        0.000000
     H   21        0.000000        0.000000        0.000000
     H   21        0.000000        0.000000        0.000000

     C   22       -0.155194       -0.140447        0.037784
     C   22       -0.140447        0.068873       -0.123907
     C   22        0.037784       -0.123907        0.086321

     C   23        0.092497       -0.112775        0.047840
     C   23       -0.112775        0.055442       -0.000351
     C   23        0.047840       -0.000351       -0.147939

     Cl  24        0.420099        1.475101        1.211931
     Cl  24        1.475101       -0.815054       -1.047277
     Cl  24        1.211931       -1.047277        0.394955

     ----- total EFG -----
     Cl   1        0.430653       -2.182268        0.305725
     Cl   1       -2.182268        0.944712       -0.415313
     Cl   1        0.305725       -0.415313       -1.375365

     C    2        0.175382       -0.879855       -0.170277
     C    2       -0.879855        0.203342       -0.402491
     C    2       -0.170277       -0.402491       -0.378724

     C    3       -0.172281       -0.042980        0.347338
     C    3       -0.042980        0.222880       -0.039201
     C    3        0.347338       -0.039201       -0.050599

     H    4        0.352240       -0.112632        0.211830
     H    4       -0.112632       -0.346424        0.101880
     H    4        0.211830        0.101880       -0.005816

     C    5        0.198992       -0.754204       -0.308279
     C    5       -0.754204        0.216881       -0.254009
     C    5       -0.308279       -0.254009       -0.415873

     H    6       -0.117875        0.305296        0.059770
     H    6        0.305296       -0.023989        0.376677
     H    6        0.059770        0.376677        0.141864

     H    7       -0.255094        0.130523        0.305182
     H    7        0.130523        0.517904       -0.584099
     H    7        0.305182       -0.584099       -0.262811

     C    8       -0.362024       -0.026555       -0.109620
     C    8       -0.026555        0.434981       -0.144749
     C    8       -0.109620       -0.144749       -0.072957

     H    9        0.463239       -0.058299        0.600345
     H    9       -0.058299       -0.257227       -0.470724
     H    9        0.600345       -0.470724       -0.206012

     C   10        0.179817        0.234921        0.450995
     C   10        0.234921       -0.064908       -0.181638
     C   10        0.450995       -0.181638       -0.114909

     C   11       -0.344356       -0.119707       -0.251082
     C   11       -0.119707        0.471390       -0.162158
     C   11       -0.251082       -0.162158       -0.127034

     Cl  12        0.333587        0.655463       -0.051560
     Cl  12        0.655463        0.271415        0.186821
     Cl  12       -0.051560        0.186821       -0.605001

     H   13       -0.061149        0.129969       -0.191088
     H   13        0.129969        0.442297        0.574133
     H   13       -0.191088        0.574133       -0.381148

     C   14       -0.364402        0.071956        0.351314
     C   14        0.071956        0.271927        0.129707
     C   14        0.351314        0.129707        0.092475

     H   15        0.299847        0.532101        0.191699
     H   15        0.532101       -0.376052        0.385726
     H   15        0.191699        0.385726        0.076205

     C   16        0.234242       -0.471867       -0.225970
     C   16       -0.471867        0.010109       -0.198384
     C   16       -0.225970       -0.198384       -0.244351

     C   17       -0.428863        0.116704       -0.152999
     C   17        0.116704        0.288712        0.409415
     C   17       -0.152999        0.409415        0.140151

     Cl  18        0.356493       -2.366900       -1.042003
     Cl  18       -2.366900       -0.371749        1.200712
     Cl  18       -1.042003        1.200712        0.015256

     H   19       -0.120619        0.244429       -0.131221
     H   19        0.244429        0.104045       -0.151472
     H   19       -0.131221       -0.151472        0.016573

     C   20        0.258544       -0.472800        0.391145
     C   20       -0.472800       -0.271445        0.120580
     C   20        0.391145        0.120580        0.012901

     H   21        0.396305       -0.026835        0.196948
     H   21       -0.026835       -0.234340        0.150601
     H   21        0.196948        0.150601       -0.161965

     C   22       -0.628391       -0.200258       -0.018027
     C   22       -0.200258        0.357257       -0.365605
     C   22       -0.018027       -0.365605        0.271134

     C   23        0.215550       -0.233245        0.314044
     C   23       -0.233245       -0.086401        0.177705
     C   23        0.314044        0.177705       -0.129149

     Cl  24        0.418814        1.621041        1.344249
     Cl  24        1.621041       -0.840850       -1.127150
     Cl  24        1.344249       -1.127150        0.422036

     ----- total EFG (symmetrized) -----
     Cl   1        0.430653       -2.182268        0.305725
     Cl   1       -2.182268        0.944712       -0.415313
     Cl   1        0.305725       -0.415313       -1.375365

     C    2        0.175382       -0.879855       -0.170277
     C    2       -0.879855        0.203342       -0.402491
     C    2       -0.170277       -0.402491       -0.378724

     C    3       -0.172281       -0.042980        0.347338
     C    3       -0.042980        0.222880       -0.039201
     C    3        0.347338       -0.039201       -0.050599

     H    4        0.352240       -0.112632        0.211830
     H    4       -0.112632       -0.346424        0.101880
     H    4        0.211830        0.101880       -0.005816

     C    5        0.198992       -0.754204       -0.308279
     C    5       -0.754204        0.216881       -0.254009
     C    5       -0.308279       -0.254009       -0.415873

     H    6       -0.117875        0.305296        0.059770
     H    6        0.305296       -0.023989        0.376677
     H    6        0.059770        0.376677        0.141864

     H    7       -0.255094        0.130523        0.305182
     H    7        0.130523        0.517904       -0.584099
     H    7        0.305182       -0.584099       -0.262811

     C    8       -0.362024       -0.026555       -0.109620
     C    8       -0.026555        0.434981       -0.144749
     C    8       -0.109620       -0.144749       -0.072957

     H    9        0.463239       -0.058299        0.600345
     H    9       -0.058299       -0.257227       -0.470724
     H    9        0.600345       -0.470724       -0.206012

     C   10        0.179817        0.234921        0.450995
     C   10        0.234921       -0.064908       -0.181638
     C   10        0.450995       -0.181638       -0.114909

     C   11       -0.344356       -0.119707       -0.251082
     C   11       -0.119707        0.471390       -0.162158
     C   11       -0.251082       -0.162158       -0.127034

     Cl  12        0.333587        0.655463       -0.051560
     Cl  12        0.655463        0.271415        0.186821
     Cl  12       -0.051560        0.186821       -0.605001

     H   13       -0.061149        0.129969       -0.191088
     H   13        0.129969        0.442297        0.574133
     H   13       -0.191088        0.574133       -0.381148

     C   14       -0.364402        0.071956        0.351314
     C   14        0.071956        0.271927        0.129707
     C   14        0.351314        0.129707        0.092475

     H   15        0.299847        0.532101        0.191699
     H   15        0.532101       -0.376052        0.385726
     H   15        0.191699        0.385726        0.076205

     C   16        0.234242       -0.471867       -0.225970
     C   16       -0.471867        0.010109       -0.198384
     C   16       -0.225970       -0.198384       -0.244351

     C   17       -0.428863        0.116704       -0.152999
     C   17        0.116704        0.288712        0.409415
     C   17       -0.152999        0.409415        0.140151

     Cl  18        0.356493       -2.366900       -1.042003
     Cl  18       -2.366900       -0.371749        1.200712
     Cl  18       -1.042003        1.200712        0.015256

     H   19       -0.120619        0.244429       -0.131221
     H   19        0.244429        0.104045       -0.151472
     H   19       -0.131221       -0.151472        0.016573

     C   20        0.258544       -0.472800        0.391145
     C   20       -0.472800       -0.271445        0.120580
     C   20        0.391145        0.120580        0.012901

     H   21        0.396305       -0.026835        0.196948
     H   21       -0.026835       -0.234340        0.150601
     H   21        0.196948        0.150601       -0.161965

     C   22       -0.628391       -0.200258       -0.018027
     C   22       -0.200258        0.357257       -0.365605
     C   22       -0.018027       -0.365605        0.271134

     C   23        0.215550       -0.233245        0.314044
     C   23       -0.233245       -0.086401        0.177705
     C   23        0.314044        0.177705       -0.129149

     Cl  24        0.418814        1.621041        1.344249
     Cl  24        1.621041       -0.840850       -1.127150
     Cl  24        1.344249       -1.127150        0.422036


     NQR/NMR SPECTROSCOPIC PARAMETERS:
     Cl   1    Vxx=   -1.4133    axis=( -0.399274 -0.212429  0.891882)
     Cl   1    Vyy=   -1.5328    axis=(  0.637539  0.634764  0.436599)
     Cl   1    Vzz=    2.9461    axis=( -0.658881  0.742932 -0.118013)
     Cl   1  Q=        -8.1650 1e-30 m^2  Cq=       -56.5187 MHz  eta= 0.04054

     C    2    Vxx=   -0.1178    axis=( -0.488201 -0.319834  0.812014)
     C    2    Vyy=   -0.9719    axis=(  0.551272  0.608295  0.571031)
     C    2    Vzz=    1.0897    axis=( -0.676579  0.726418 -0.120655)
     C    2  Q=         1.0000 1e-30 m^2  Cq=         2.5603 MHz  eta= 0.78376

     C    3    Vxx=    0.1737    axis=(  0.410805  0.760232  0.503277)
     C    3    Vyy=    0.2904    axis=( -0.494103  0.649554 -0.577876)
     C    3    Vzz=   -0.4642    axis=(  0.766225  0.011276 -0.642473)
     C    3  Q=         1.0000 1e-30 m^2  Cq=        -1.0906 MHz  eta= 0.25152

     H    4    Vxx=   -0.0415    axis=( -0.339123  0.408398  0.847471)
     H    4    Vyy=   -0.4137    axis=(  0.229575  0.909544 -0.346445)
     H    4    Vzz=    0.4551    axis=( -0.912300  0.077071 -0.402205)
     H    4  Q=         1.0000 1e-30 m^2  Cq=         1.0694 MHz  eta= 0.81771

     C    5    Vxx=   -0.0787    axis=( -0.442209 -0.474036  0.761407)
     C    5    Vyy=   -0.8845    axis=(  0.550756  0.526505  0.647658)
     C    5    Vzz=    0.9632    axis=( -0.707898  0.705750  0.028253)
     C    5  Q=         1.0000 1e-30 m^2  Cq=         2.2632 MHz  eta= 0.83661

     H    6    Vxx=   -0.0707    axis=( -0.740012 -0.237608  0.629225)
     H    6    Vyy=   -0.4669    axis=( -0.566508  0.724483 -0.392674)
     H    6    Vzz=    0.5375    axis=( -0.362561 -0.647044 -0.670733)
     H    6  Q=         1.0000 1e-30 m^2  Cq=         1.2630 MHz  eta= 0.73706

     H    7    Vxx=   -0.0484    axis=(  0.846550  0.274991  0.455777)
     H    7    Vyy=   -0.7825    axis=( -0.531546  0.390875  0.751449)
     H    7    Vzz=    0.8309    axis=(  0.028490 -0.878406  0.477066)
     H    7  Q=         1.0000 1e-30 m^2  Cq=         1.9523 MHz  eta= 0.88353

     C    8    Vxx=   -0.0681    axis=( -0.358138  0.240678  0.902115)
     C    8    Vyy=   -0.4053    axis=(  0.933664  0.089257  0.346850)
     C    8    Vzz=    0.4733    axis=( -0.002959 -0.966492  0.256679)
     C    8  Q=         1.0000 1e-30 m^2  Cq=         1.1122 MHz  eta= 0.71245

     H    9    Vxx=   -0.0650    axis=(  0.514609  0.769584 -0.378046)
     H    9    Vyy=   -0.8300    axis=( -0.320782  0.581692  0.747485)
     H    9    Vzz=    0.8949    axis=(  0.795158 -0.263392  0.546212)
     H    9  Q=         1.0000 1e-30 m^2  Cq=         2.1028 MHz  eta= 0.85479

     C   10    Vxx=    0.0757    axis=(  0.143652  0.863724 -0.483058)
     C   10    Vyy=    0.5208    axis=( -0.826076 -0.164130 -0.539128)
     C   10    Vzz=   -0.5966    axis=( -0.544942  0.476490  0.689924)
     C   10  Q=         1.0000 1e-30 m^2  Cq=        -1.4017 MHz  eta= 0.74606

     C   11    Vxx=    0.0283    axis=( -0.583168  0.135585  0.800957)
     C   11    Vyy=    0.5164    axis=( -0.072016  0.973462 -0.217220)
     C   11    Vzz=   -0.5448    axis=( -0.809153 -0.184357 -0.557928)
     C   11  Q=         1.0000 1e-30 m^2  Cq=        -1.2800 MHz  eta= 0.89600

     Cl  12    Vxx=   -0.2687    axis=( -0.641576  0.624558  0.445318)
     Cl  12    Vyy=   -0.6954    axis=(  0.272336 -0.357263  0.893418)
     Cl  12    Vzz=    0.9641    axis=( -0.717087 -0.694472 -0.059121)
     Cl  12  Q=        -8.1650 1e-30 m^2  Cq=       -18.4963 MHz  eta= 0.44260

     H   13    Vxx=    0.0140    axis=(  0.948282  0.110925 -0.297417)
     H   13    Vyy=    0.7381    axis=(  0.037162  0.891719  0.451062)
     H   13    Vzz=   -0.7521    axis=(  0.315246 -0.438787  0.841478)
     H   13  Q=         1.0000 1e-30 m^2  Cq=        -1.7672 MHz  eta= 0.96281

     C   14    Vxx=    0.1291    axis=(  0.329535 -0.720275  0.610419)
     C   14    Vyy=    0.4259    axis=(  0.344364  0.693687  0.632623)
     C   14    Vzz=   -0.5550    axis=(  0.879102 -0.001735 -0.476631)
     C   14  Q=         1.0000 1e-30 m^2  Cq=        -1.3041 MHz  eta= 0.53485

     H   15    Vxx=   -0.0302    axis=( -0.563501  0.052542  0.824443)
     H   15    Vyy=   -0.7507    axis=( -0.382026  0.868284 -0.316448)
     H   15    Vzz=    0.7810    axis=( -0.732478 -0.493277 -0.469206)
     H   15  Q=         1.0000 1e-30 m^2  Cq=         1.8350 MHz  eta= 0.92257

     C   16    Vxx=   -0.0048    axis=( -0.340480 -0.540830  0.769140)
     C   16    Vyy=   -0.6062    axis=(  0.500886  0.587953  0.635157)
     C   16    Vzz=    0.6110    axis=( -0.795730  0.601510  0.070708)
     C   16  Q=         1.0000 1e-30 m^2  Cq=         1.4356 MHz  eta= 0.98421

     C   17    Vxx=   -0.0920    axis=( -0.495523 -0.561122  0.663023)
     C   17    Vyy=   -0.5386    axis=( -0.868555  0.312766 -0.384435)
     C   17    Vzz=    0.6306    axis=(  0.008344 -0.766368 -0.642347)
     C   17  Q=         1.0000 1e-30 m^2  Cq=         1.4817 MHz  eta= 0.70824

     Cl  18    Vxx=   -0.7424    axis=(  0.419109 -0.195729  0.886588)
     Cl  18    Vyy=   -2.4304    axis=( -0.616351 -0.778347  0.119530)
     Cl  18    Vzz=    3.1728    axis=(  0.666677 -0.596545 -0.446850)
     Cl  18  Q=        -8.1650 1e-30 m^2  Cq=       -60.8690 MHz  eta= 0.53203

     H   19    Vxx=   -0.0909    axis=(  0.150752  0.481767  0.863235)
     H   19    Vyy=   -0.2810    axis=( -0.859225  0.495689 -0.126590)
     H   19    Vzz=    0.3718    axis=( -0.488883 -0.722629  0.488673)
     H   19  Q=         1.0000 1e-30 m^2  Cq=         0.8737 MHz  eta= 0.51120

     C   20    Vxx=    0.0230    axis=( -0.158520  0.581301  0.798098)
     C   20    Vyy=    0.6675    axis=( -0.828051  0.361992 -0.428128)
     C   20    Vzz=   -0.6905    axis=( -0.537776 -0.728732  0.423964)
     C   20  Q=         1.0000 1e-30 m^2  Cq=        -1.6224 MHz  eta= 0.93328

     H   21    Vxx=   -0.0780    axis=( -0.242098  0.694379  0.677662)
     H   21    Vyy=   -0.3814    axis=(  0.193840  0.718974 -0.667460)
     H   21    Vzz=    0.4594    axis=(  0.950691  0.030232  0.308661)
     H   21  Q=         1.0000 1e-30 m^2  Cq=         1.0794 MHz  eta= 0.66038

     C   22    Vxx=   -0.0201    axis=( -0.224557  0.613943  0.756735)
     C   22    Vyy=   -0.6768    axis=( -0.968727 -0.224766 -0.105111)
     C   22    Vzz=    0.6969    axis=(  0.105557 -0.756673  0.645216)
     C   22  Q=         1.0000 1e-30 m^2  Cq=         1.6375 MHz  eta= 0.94222

     C   23    Vxx=    0.0692    axis=(  0.058906 -0.788070 -0.612761)
     C   23    Vyy=    0.4305    axis=( -0.875673  0.253926 -0.410754)
     C   23    Vzz=   -0.4997    axis=(  0.479299  0.560774 -0.675133)
     C   23  Q=         1.0000 1e-30 m^2  Cq=        -1.1741 MHz  eta= 0.72301

     Cl  24    Vxx=    0.9839    axis=(  0.271317  0.668665 -0.692296)
     Cl  24    Vyy=    1.8553    axis=(  0.796278  0.248110  0.551709)
     Cl  24    Vzz=   -2.8392    axis=( -0.540674  0.700948  0.465126)
     Cl  24  Q=        -8.1650 1e-30 m^2  Cq=        54.4681 MHz  eta= 0.30692

     Initialization:
     gipaw_setup  :      9.10s CPU     10.79s WALL (       1 calls)

     Linear response

     Apply operators

     Induced current

     Other routines
     efg          :      9.28s CPU     11.71s WALL (       1 calls)

     General routines
     calbec       :      3.34s CPU      4.49s WALL (      16 calls)
     fft          :      1.69s CPU      2.66s WALL (      15 calls)
     ffts         :      0.04s CPU      0.04s WALL (       2 calls)
     fftw         :      3.25s CPU      3.87s WALL (     672 calls)
     davcio       :      0.03s CPU      0.31s WALL (      32 calls)

     Parallel routines
     fft_scatter  :      2.35s CPU      3.77s WALL (     689 calls)

     Plugins

     GIPAW        :     62.88s CPU     72.53s WALL (       1 calls)
