
     Program QE v.6.0 (svn rev. 13079) starts on 25Dec2016 at  9:39:23 

     This program is part of the open-source Quantum ESPRESSO suite
     for quantum simulation of materials; please cite
         "P. Giannozzi et al., J. Phys.:Condens. Matter 21 395502 (2009);
          URL http://www.quantum-espresso.org", 
     in publications or presentations arising from this work. More details at
     http://www.quantum-espresso.org/quote

     Parallel version (MPI), running on     8 processors
     R & G space division:  proc/nbgrp/npool/nimage =       8

     ***** This is GIPAW svn revision unknown      *****

     Parallelizing q-star over 1 images

     Reading data from directory:
     /users/majewski/paradichlorobenzene/pbe/9_constraint/scratch/pbe.ecut100.np8.dt60.pcl2phi-129368.save
     Message from routine read_xml_file:
     file /users/majewski/paradichlorobenzene/pbe/9_constraint/scratch/pbe.ecut100.np8.dt60.pcl2phi-129368.save not guaranteed to be safe for post-processing

   Info: using nr1, nr2, nr3 values from input

   Info: using nr1, nr2, nr3 values from input

     IMPORTANT: XC functional enforced from input :
     Exchange-correlation      =  SLA  PW   PBX  PBC ( 1  4  3  4 0 0)
     Any further DFT definition will be discarded
     Please, verify this is what you really want

               file C.pbe-n-kjpaw_psl.1.0.0.UPF: wavefunction(s)  2S 2P renormalized
               file Cl.pbe-n-kjpaw_psl.1.0.0.UPF: wavefunction(s)  3S 3P renormalized
               file H.pbe-kjpaw_psl.1.0.0.UPF: wavefunction(s)  1S renormalized

     Parallelization info
     --------------------
     sticks:   dense  smooth     PW     G-vecs:    dense   smooth      PW
     Min        3057    1223    332               144436    36536    5170
     Max        3059    1225    333               144437    36537    5171
     Sum       24467    9791   2657              1155489   292295   41363


     Subspace diagonalization in iterative solution of the eigenvalue problem:
     a serial algorithm will be used

     GIPAW projectors -----------------------------------------------
     atom=  C    l=0  rc=    1.2000  rs=    0.8000
     atom=  C    l=0  rc=    1.2000  rs=    0.8000
     atom=  C    l=1  rc=    1.4000  rs=    0.9333
     atom=  C    l=1  rc=    1.4000  rs=    0.9333
     projs nearly linearly dependent: l=1  n1,n2= 1, 2  s=  0.99951561

     atom=  Cl   l=0  rc=    1.6000  rs=    1.0667
     atom=  Cl   l=0  rc=    1.6000  rs=    1.0667
     atom=  Cl   l=1  rc=    1.6000  rs=    1.0667
     atom=  Cl   l=1  rc=    1.6000  rs=    1.0667
     atom=  Cl   l=2  rc=    1.6000  rs=    1.0667
     atom=  Cl   l=2  rc=    1.6000  rs=    1.0667
     projs nearly linearly dependent: l=2  n1,n2= 1, 2  s=  0.99993509

     atom=  H    l=0  rc=    1.0000  rs=    0.6667
     atom=  H    l=0  rc=    1.0000  rs=    0.6667
     projs nearly linearly dependent: l=0  n1,n2= 1, 2  s=  0.99968852
     -----------------------------------------------------------------

     GIPAW integrals: -------------------------------------------
     Atom  i/j   nmr_para   nmr_dia   epr_rmc  epr_para   epr_dia
       C   1 1   0.83E+03  0.17E-01  0.93E+01  0.24E+08  0.24E+03
       C   2 1   0.86E+03 -0.61E-01  0.94E+01  0.25E+08  0.25E+03
       C   2 2   0.90E+03 -0.15E+00  0.97E+01  0.26E+08  0.26E+03
       C   3 3   0.33E+01  0.34E+00  0.18E+01  0.55E+03  0.21E+02
       C   4 3   0.35E+01  0.37E+00  0.20E+01  0.59E+03  0.22E+02
       C   4 4   0.38E+01  0.39E+00  0.22E+01  0.63E+03  0.24E+02
       Cl  1 1   0.14E+04 -0.47E+00  0.84E+01  0.32E+09  0.42E+03
       Cl  2 1   0.21E+04 -0.37E+00  0.12E+02  0.49E+09  0.65E+03
       Cl  2 2   0.33E+04 -0.16E+00  0.21E+02  0.76E+09  0.10E+04
       Cl  3 3   0.21E+02  0.79E-01  0.89E+01  0.23E+05  0.13E+03
       Cl  4 3   0.24E+02  0.67E-01  0.99E+01  0.27E+05  0.15E+03
       Cl  4 4   0.28E+02  0.44E-01  0.11E+02  0.32E+05  0.18E+03
       Cl  5 5   0.77E+00  0.19E+00  0.18E+01  0.12E+03  0.22E+02
       Cl  6 5   0.80E+00  0.19E+00  0.19E+01  0.12E+03  0.23E+02
       Cl  6 6   0.83E+00  0.20E+00  0.19E+01  0.12E+03  0.23E+02
       H   1 1   0.39E+02  0.19E+00  0.29E+00  0.78E+05  0.13E+02
       H   2 1   0.41E+02  0.21E+00  0.32E+00  0.82E+05  0.14E+02
       H   2 2   0.43E+02  0.22E+00  0.36E+00  0.86E+05  0.15E+02
     ------------------------------------------------------------

     alpha_pv=     34.1165 eV

     Number of occupied bands for each k-point:
     k-point:     1    nbnd_occ=  42
     k-point:     2    nbnd_occ=  42
     k-point:     3    nbnd_occ=  42
     k-point:     4    nbnd_occ=  42
     k-point:     5    nbnd_occ=  42
     k-point:     6    nbnd_occ=  42
     k-point:     7    nbnd_occ=  42
     k-point:     8    nbnd_occ=  42
     k-point:     9    nbnd_occ=  42
     k-point:    10    nbnd_occ=  42
     k-point:    11    nbnd_occ=  42
     k-point:    12    nbnd_occ=  42
     k-point:    13    nbnd_occ=  42
     k-point:    14    nbnd_occ=  42
     k-point:    15    nbnd_occ=  42
     k-point:    16    nbnd_occ=  42


     q-space interpolation up to   110.00 Rydberg

     GIPAW job: efg                                                                             


     ELECTRIC FIELD GRADIENTS TENSORS IN Hartree/bohrradius^2:

     ----- bare term -----
     Cl   1       -0.019587        0.040718        0.014704
     Cl   1        0.040718        0.123323        0.079999
     Cl   1        0.014704        0.079999       -0.103737

     C    2       -0.509799        0.380376       -0.202829
     C    2        0.380376        0.122505       -0.357394
     C    2       -0.202829       -0.357394        0.387294

     C    3        0.098689       -0.116339       -0.272920
     C    3       -0.116339       -0.086397       -0.567486
     C    3       -0.272920       -0.567486       -0.012292

     H    4       -0.224435        0.219278       -0.536967
     H    4        0.219278        0.101333        0.102614
     H    4       -0.536967        0.102614        0.123102

     C    5       -0.550560        0.331088       -0.018957
     C    5        0.331088        0.226924       -0.278665
     C    5       -0.018957       -0.278665        0.323636

     H    6        0.276662        0.067459       -0.358014
     H    6        0.067459       -0.199006       -0.388561
     H    6       -0.358014       -0.388561       -0.077656

     H    7        0.298921        0.380649        0.039565
     H    7        0.380649       -0.646855        0.034943
     H    7        0.039565        0.034943        0.347935

     C    8        0.002628       -0.269257       -0.013423
     C    8       -0.269257       -0.166229        0.386218
     C    8       -0.013423        0.386218        0.163601

     H    9       -0.303998        0.534079       -0.341056
     H    9        0.534079       -0.019808        0.217419
     H    9       -0.341056        0.217419        0.323806

     C   10       -0.546520       -0.390309       -0.333216
     C   10       -0.390309        0.266720        0.139434
     C   10       -0.333216        0.139434        0.279800

     C   11        0.027829       -0.259668       -0.113752
     C   11       -0.259668       -0.098721        0.531835
     C   11       -0.113752        0.531835        0.070892

     Cl  12       -0.198333       -0.195554       -0.013239
     Cl  12       -0.195554        0.178223        0.009208
     Cl  12       -0.013239        0.009208        0.020111

     H   13        0.444576       -0.187787        0.020197
     H   13       -0.187787       -0.757648        0.112790
     H   13        0.020197        0.112790        0.313072

     C   14       -0.048024       -0.144409       -0.241901
     C   14       -0.144409       -0.101580       -0.241499
     C   14       -0.241901       -0.241499        0.149604

     H   15       -0.131363       -0.443839       -0.116243
     H   15       -0.443839       -0.263601        0.144964
     H   15       -0.116243        0.144964        0.394964

     C   16       -0.307796        0.280356        0.107718
     C   16        0.280356       -0.034566       -0.211400
     C   16        0.107718       -0.211400        0.342361

     C   17       -0.091589       -0.305202       -0.339055
     C   17       -0.305202       -0.009634       -0.720082
     C   17       -0.339055       -0.720082        0.101223

     Cl  18       -0.179206        0.208677       -0.059895
     Cl  18        0.208677        0.013842        0.032007
     Cl  18       -0.059895        0.032007        0.165364

     H   19        0.473388        0.035732       -0.024357
     H   19        0.035732       -0.486586        0.553590
     H   19       -0.024357        0.553590        0.013199

     C   20       -0.852802       -0.422421       -0.447741
     C   20       -0.422421        0.496902        0.047593
     C   20       -0.447741        0.047593        0.355899

     H   21       -0.170577       -0.207995       -0.465587
     H   21       -0.207995       -0.155416        0.123410
     H   21       -0.465587        0.123410        0.325993

     C   22        0.125562       -0.297989       -0.033448
     C   22       -0.297989       -0.294216        0.541844
     C   22       -0.033448        0.541844        0.168654

     C   23       -0.653826       -0.411625       -0.395561
     C   23       -0.411625        0.331480        0.041279
     C   23       -0.395561        0.041279        0.322346

     Cl  24       -0.021376       -0.037606        0.045354
     Cl  24       -0.037606        0.057061       -0.108805
     Cl  24        0.045354       -0.108805       -0.035685

     ----- ionic term -----
     Cl   1        0.126530       -0.237756       -0.045800
     Cl   1       -0.237756        0.017286        0.036851
     Cl   1       -0.045800        0.036851       -0.143816

     C    2        0.190881       -0.134387        0.172015
     C    2       -0.134387        0.160261        0.496510
     C    2        0.172015        0.496510       -0.351142

     C    3        0.098311       -0.191587        0.189153
     C    3       -0.191587        0.200517        0.434076
     C    3        0.189153        0.434076       -0.298828

     H    4        0.614562        0.336333        0.642156
     H    4        0.336333       -0.401298        0.251651
     H    4        0.642156        0.251651       -0.213264

     C    5        0.262822       -0.155584        0.298272
     C    5       -0.155584        0.081253        0.285507
     C    5        0.298272        0.285507       -0.344076

     H    6       -0.519322        0.178837        0.114281
     H    6        0.178837        0.720079        0.662093
     H    6        0.114281        0.662093       -0.200757

     H    7       -0.495392       -0.211473        0.064112
     H    7       -0.211473        0.892950       -0.491831
     H    7        0.064112       -0.491831       -0.397558

     C    8        0.286263        0.111807        0.234831
     C    8        0.111807        0.141379       -0.262869
     C    8        0.234831       -0.262869       -0.427643

     H    9        0.596208       -0.290288        0.680456
     H    9       -0.290288       -0.434856       -0.240530
     H    9        0.680456       -0.240530       -0.161352

     C   10        0.138206        0.199764        0.194358
     C   10        0.199764        0.213184       -0.365491
     C   10        0.194358       -0.365491       -0.351390

     C   11        0.243076        0.195742        0.296173
     C   11        0.195742        0.123190       -0.365355
     C   11        0.296173       -0.365355       -0.366267

     Cl  12        0.120519        0.215835       -0.006110
     Cl  12        0.215835        0.042581       -0.007787
     Cl  12       -0.006110       -0.007787       -0.163100

     H   13       -0.465065        0.196689        0.090043
     H   13        0.196689        0.673258        0.659636
     H   13        0.090043        0.659636       -0.208193

     C   14        0.336638       -0.105747        0.227706
     C   14       -0.105747        0.091503        0.303195
     C   14        0.227706        0.303195       -0.428140

     H   15        0.614200        0.420483        0.596753
     H   15        0.420483       -0.298450        0.278846
     H   15        0.596753        0.278846       -0.315750

     C   16        0.144119       -0.166246        0.179424
     C   16       -0.166246        0.287701        0.364806
     C   16        0.179424        0.364806       -0.431819

     C   17        0.182841       -0.157621        0.347484
     C   17       -0.157621        0.204878        0.304515
     C   17        0.347484        0.304515       -0.387719

     Cl  18        0.116548       -0.191965        0.051325
     Cl  18       -0.191965        0.051769       -0.028264
     Cl  18        0.051325       -0.028264       -0.168317

     H   19       -0.504101       -0.128236        0.107729
     H   19       -0.128236        0.574388       -0.740851
     H   19        0.107729       -0.740851       -0.070287

     C   20        0.324061        0.183101        0.293199
     C   20        0.183101       -0.006114       -0.312162
     C   20        0.293199       -0.312162       -0.317946

     H   21        0.615497       -0.119866        0.722811
     H   21       -0.119866       -0.480384       -0.160138
     H   21        0.722811       -0.160138       -0.135113

     C   22        0.144997        0.253301        0.187166
     C   22        0.253301        0.169703       -0.398570
     C   22        0.187166       -0.398570       -0.314700

     C   23        0.209075        0.101218        0.236109
     C   23        0.101218        0.126843       -0.433088
     C   23        0.236109       -0.433088       -0.335918

     Cl  24        0.153226        0.196967        0.000267
     Cl  24        0.196967       -0.013676       -0.011918
     Cl  24        0.000267       -0.011918       -0.139550

     ----- GIPAW term -----
     Cl   1        0.079466       -1.185947        0.138164
     Cl   1       -1.185947        2.352123        1.061608
     Cl   1        0.138164        1.061608       -2.431590

     C    2       -0.130907       -0.085535        0.013654
     C    2       -0.085535        0.189921       -0.166281
     C    2        0.013654       -0.166281       -0.059014

     C    3       -0.058808       -0.107706       -0.007996
     C    3       -0.107706        0.129099       -0.132561
     C    3       -0.007996       -0.132561       -0.070291

     H    4       -0.000000        0.000000        0.000000
     H    4        0.000000        0.000000        0.000000
     H    4        0.000000        0.000000        0.000000

     C    5       -0.124434       -0.082125        0.078021
     C    5       -0.082125        0.155843       -0.135919
     C    5        0.078021       -0.135919       -0.031409

     H    6       -0.000000        0.000000        0.000000
     H    6        0.000000        0.000000        0.000000
     H    6        0.000000        0.000000        0.000000

     H    7       -0.000000        0.000000        0.000000
     H    7        0.000000        0.000000        0.000000
     H    7        0.000000        0.000000        0.000000

     C    8       -0.044489       -0.147288        0.042297
     C    8       -0.147288        0.159421        0.008632
     C    8        0.042297        0.008632       -0.114932

     H    9       -0.000000        0.000000        0.000000
     H    9        0.000000        0.000000        0.000000
     H    9        0.000000        0.000000        0.000000

     C   10       -0.117231       -0.200887       -0.058510
     C   10       -0.200887        0.214646       -0.015810
     C   10       -0.058510       -0.015810       -0.097416

     C   11        0.008198       -0.087077        0.029832
     C   11       -0.087077        0.175506       -0.018307
     C   11        0.029832       -0.018307       -0.183704

     Cl  12        0.110368        1.200504       -0.147473
     Cl  12        1.200504        1.698605        0.025565
     Cl  12       -0.147473        0.025565       -1.808974

     H   13       -0.000000        0.000000        0.000000
     H   13        0.000000        0.000000        0.000000
     H   13        0.000000        0.000000        0.000000

     C   14       -0.035648       -0.035204       -0.004028
     C   14       -0.035204        0.057630       -0.102538
     C   14       -0.004028       -0.102538       -0.021982

     H   15       -0.000000        0.000000        0.000000
     H   15        0.000000        0.000000        0.000000
     H   15        0.000000        0.000000        0.000000

     C   16       -0.089691       -0.017394        0.048269
     C   16       -0.017394        0.067300       -0.102912
     C   16        0.048269       -0.102912        0.022391

     C   17       -0.045271       -0.183998        0.002531
     C   17       -0.183998        0.099186       -0.218907
     C   17        0.002531       -0.218907       -0.053916

     Cl  18        0.864605       -2.139253       -0.574927
     Cl  18       -2.139253        0.404535        0.418388
     Cl  18       -0.574927        0.418388       -1.269140

     H   19       -0.000000        0.000000        0.000000
     H   19        0.000000        0.000000        0.000000
     H   19        0.000000        0.000000        0.000000

     C   20       -0.179468       -0.151986       -0.020915
     C   20       -0.151986        0.253046       -0.087132
     C   20       -0.020915       -0.087132       -0.073579

     H   21       -0.000000        0.000000        0.000000
     H   21        0.000000        0.000000        0.000000
     H   21        0.000000        0.000000        0.000000

     C   22       -0.091723       -0.088551        0.045829
     C   22       -0.088551        0.180756       -0.100309
     C   22        0.045829       -0.100309       -0.089033

     C   23       -0.103310       -0.122221        0.015019
     C   23       -0.122221        0.196840       -0.134506
     C   23        0.015019       -0.134506       -0.093530

     Cl  24       -0.081312        1.101592        0.395533
     Cl  24        1.101592        1.691529       -1.839000
     Cl  24        0.395533       -1.839000       -1.610216

     ----- total EFG -----
     Cl   1        0.186410       -1.382985        0.107068
     Cl   1       -1.382985        2.492733        1.178458
     Cl   1        0.107068        1.178458       -2.679142

     C    2       -0.449825        0.160454       -0.017160
     C    2        0.160454        0.472687       -0.027165
     C    2       -0.017160       -0.027165       -0.022862

     C    3        0.138192       -0.415632       -0.091762
     C    3       -0.415632        0.243219       -0.265971
     C    3       -0.091762       -0.265971       -0.381411

     H    4        0.390127        0.555611        0.105189
     H    4        0.555611       -0.299965        0.354265
     H    4        0.105189        0.354265       -0.090162

     C    5       -0.412172        0.093379        0.357336
     C    5        0.093379        0.464020       -0.129077
     C    5        0.357336       -0.129077       -0.051848

     H    6       -0.242660        0.246296       -0.243733
     H    6        0.246296        0.521073        0.273532
     H    6       -0.243733        0.273532       -0.278412

     H    7       -0.196472        0.169176        0.103676
     H    7        0.169176        0.246095       -0.456889
     H    7        0.103676       -0.456889       -0.049623

     C    8        0.244403       -0.304739        0.263705
     C    8       -0.304739        0.134572        0.131982
     C    8        0.263705        0.131982       -0.378975

     H    9        0.292210        0.243791        0.339400
     H    9        0.243791       -0.454663       -0.023111
     H    9        0.339400       -0.023111        0.162454

     C   10       -0.525545       -0.391432       -0.197367
     C   10       -0.391432        0.694550       -0.241867
     C   10       -0.197367       -0.241867       -0.169005

     C   11        0.279103       -0.151003        0.212253
     C   11       -0.151003        0.199975        0.148173
     C   11        0.212253        0.148173       -0.479078

     Cl  12        0.032554        1.220785       -0.166823
     Cl  12        1.220785        1.919409        0.026985
     Cl  12       -0.166823        0.026985       -1.951963

     H   13       -0.020489        0.008902        0.110240
     H   13        0.008902       -0.084390        0.772426
     H   13        0.110240        0.772426        0.104879

     C   14        0.252966       -0.285360       -0.018222
     C   14       -0.285360        0.047553       -0.040843
     C   14       -0.018222       -0.040843       -0.300519

     H   15        0.482836       -0.023356        0.480510
     H   15       -0.023356       -0.562050        0.423810
     H   15        0.480510        0.423810        0.079214

     C   16       -0.253368        0.096716        0.335410
     C   16        0.096716        0.320435        0.050494
     C   16        0.335410        0.050494       -0.067067

     C   17        0.045981       -0.646822        0.010959
     C   17       -0.646822        0.294430       -0.634474
     C   17        0.010959       -0.634474       -0.340411

     Cl  18        0.801946       -2.122541       -0.583497
     Cl  18       -2.122541        0.470146        0.422131
     Cl  18       -0.583497        0.422131       -1.272093

     H   19       -0.030713       -0.092504        0.083372
     H   19       -0.092504        0.087802       -0.187261
     H   19        0.083372       -0.187261       -0.057088

     C   20       -0.708208       -0.391306       -0.175457
     C   20       -0.391306        0.743834       -0.351701
     C   20       -0.175457       -0.351701       -0.035626

     H   21        0.444920       -0.327861        0.257224
     H   21       -0.327861       -0.635800       -0.036729
     H   21        0.257224       -0.036729        0.190880

     C   22        0.178835       -0.133239        0.199547
     C   22       -0.133239        0.056243        0.042965
     C   22        0.199547        0.042965       -0.235079

     C   23       -0.548061       -0.432629       -0.144433
     C   23       -0.432629        0.655164       -0.526315
     C   23       -0.144433       -0.526315       -0.107103

     Cl  24        0.050538        1.260953        0.441153
     Cl  24        1.260953        1.734914       -1.959724
     Cl  24        0.441153       -1.959724       -1.785451

     ----- total EFG (symmetrized) -----
     Cl   1        0.186410       -1.382985        0.107068
     Cl   1       -1.382985        2.492733        1.178458
     Cl   1        0.107068        1.178458       -2.679142

     C    2       -0.449825        0.160454       -0.017160
     C    2        0.160454        0.472687       -0.027165
     C    2       -0.017160       -0.027165       -0.022862

     C    3        0.138192       -0.415632       -0.091762
     C    3       -0.415632        0.243219       -0.265971
     C    3       -0.091762       -0.265971       -0.381411

     H    4        0.390127        0.555611        0.105189
     H    4        0.555611       -0.299965        0.354265
     H    4        0.105189        0.354265       -0.090162

     C    5       -0.412172        0.093379        0.357336
     C    5        0.093379        0.464020       -0.129077
     C    5        0.357336       -0.129077       -0.051848

     H    6       -0.242660        0.246296       -0.243733
     H    6        0.246296        0.521073        0.273532
     H    6       -0.243733        0.273532       -0.278412

     H    7       -0.196472        0.169176        0.103676
     H    7        0.169176        0.246095       -0.456889
     H    7        0.103676       -0.456889       -0.049623

     C    8        0.244403       -0.304739        0.263705
     C    8       -0.304739        0.134572        0.131982
     C    8        0.263705        0.131982       -0.378975

     H    9        0.292210        0.243791        0.339400
     H    9        0.243791       -0.454663       -0.023111
     H    9        0.339400       -0.023111        0.162454

     C   10       -0.525545       -0.391432       -0.197367
     C   10       -0.391432        0.694550       -0.241867
     C   10       -0.197367       -0.241867       -0.169005

     C   11        0.279103       -0.151003        0.212253
     C   11       -0.151003        0.199975        0.148173
     C   11        0.212253        0.148173       -0.479078

     Cl  12        0.032554        1.220785       -0.166823
     Cl  12        1.220785        1.919409        0.026985
     Cl  12       -0.166823        0.026985       -1.951963

     H   13       -0.020489        0.008902        0.110240
     H   13        0.008902       -0.084390        0.772426
     H   13        0.110240        0.772426        0.104879

     C   14        0.252966       -0.285360       -0.018222
     C   14       -0.285360        0.047553       -0.040843
     C   14       -0.018222       -0.040843       -0.300519

     H   15        0.482836       -0.023356        0.480510
     H   15       -0.023356       -0.562050        0.423810
     H   15        0.480510        0.423810        0.079214

     C   16       -0.253368        0.096716        0.335410
     C   16        0.096716        0.320435        0.050494
     C   16        0.335410        0.050494       -0.067067

     C   17        0.045981       -0.646822        0.010959
     C   17       -0.646822        0.294430       -0.634474
     C   17        0.010959       -0.634474       -0.340411

     Cl  18        0.801946       -2.122541       -0.583497
     Cl  18       -2.122541        0.470146        0.422131
     Cl  18       -0.583497        0.422131       -1.272093

     H   19       -0.030713       -0.092504        0.083372
     H   19       -0.092504        0.087802       -0.187261
     H   19        0.083372       -0.187261       -0.057088

     C   20       -0.708208       -0.391306       -0.175457
     C   20       -0.391306        0.743834       -0.351701
     C   20       -0.175457       -0.351701       -0.035626

     H   21        0.444920       -0.327861        0.257224
     H   21       -0.327861       -0.635800       -0.036729
     H   21        0.257224       -0.036729        0.190880

     C   22        0.178835       -0.133239        0.199547
     C   22       -0.133239        0.056243        0.042965
     C   22        0.199547        0.042965       -0.235079

     C   23       -0.548061       -0.432629       -0.144433
     C   23       -0.432629        0.655164       -0.526315
     C   23       -0.144433       -0.526315       -0.107103

     Cl  24        0.050538        1.260953        0.441153
     Cl  24        1.260953        1.734914       -1.959724
     Cl  24        0.441153       -1.959724       -1.785451


     NQR/NMR SPECTROSCOPIC PARAMETERS:
     Cl   1    Vxx=   -0.3269    axis=(  0.909105  0.354395  0.218933)
     Cl   1    Vyy=   -2.9902    axis=( -0.137362 -0.241136  0.960721)
     Cl   1    Vzz=    3.3172    axis=(  0.393267 -0.903470 -0.170537)
     Cl   1  Q=        -8.1650 1e-30 m^2  Cq=       -63.6382 MHz  eta= 0.80288

     C    2    Vxx=   -0.0242    axis=( -0.017534  0.060224  0.998031)
     C    2    Vyy=   -0.4773    axis=(  0.985794 -0.165725  0.027319)
     C    2    Vzz=    0.5015    axis=(  0.167044  0.984331 -0.056462)
     C    2  Q=         1.0000 1e-30 m^2  Cq=         1.1783 MHz  eta= 0.90349

     C    3    Vxx=   -0.0582    axis=(  0.689587  0.450880 -0.566725)
     C    3    Vyy=   -0.5720    axis=(  0.370073  0.453272  0.810920)
     C    3    Vzz=    0.6301    axis=( -0.622508  0.768929 -0.145712)
     C    3  Q=         1.0000 1e-30 m^2  Cq=         1.4805 MHz  eta= 0.81542

     H    4    Vxx=   -0.0603    axis=( -0.459876  0.209404  0.862939)
     H    4    Vyy=   -0.7233    axis=( -0.377723  0.833364 -0.403522)
     H    4    Vzz=    0.7836    axis=(  0.803641  0.511522  0.304148)
     H    4  Q=         1.0000 1e-30 m^2  Cq=         1.8411 MHz  eta= 0.84621

     C    5    Vxx=    0.1571    axis=(  0.543984  0.179218  0.819733)
     C    5    Vyy=    0.4946    axis=( -0.013003 -0.975007  0.221794)
     C    5    Vzz=   -0.6517    axis=(  0.838995 -0.131311 -0.528058)
     C    5  Q=         1.0000 1e-30 m^2  Cq=        -1.5312 MHz  eta= 0.51798

     H    6    Vxx=   -0.0162    axis=(  0.736129  0.007113 -0.676804)
     H    6    Vyy=   -0.6233    axis=( -0.645919  0.306173 -0.699319)
     H    6    Vzz=    0.6395    axis=( -0.202245 -0.951949 -0.229978)
     H    6  Q=         1.0000 1e-30 m^2  Cq=         1.5025 MHz  eta= 0.94936

     H    7    Vxx=   -0.0899    axis=(  0.843024  0.234039  0.484289)
     H    7    Vyy=   -0.4962    axis=(  0.528338 -0.529115 -0.664000)
     H    7    Vzz=    0.5861    axis=( -0.100843 -0.815637  0.569709)
     H    7  Q=         1.0000 1e-30 m^2  Cq=         1.3772 MHz  eta= 0.69309

     C    8    Vxx=    0.0419    axis=(  0.444725  0.736544  0.509631)
     C    8    Vyy=    0.5169    axis=( -0.797652  0.584502 -0.148688)
     C    8    Vzz=   -0.5588    axis=( -0.407395 -0.340383  0.847448)
     C    8  Q=         1.0000 1e-30 m^2  Cq=        -1.3129 MHz  eta= 0.85005

     H    9    Vxx=   -0.0517    axis=( -0.515793 -0.356736  0.778908)
     H    9    Vyy=   -0.5507    axis=( -0.343643  0.918985  0.193330)
     H    9    Vzz=    0.6024    axis=( -0.784772 -0.167949 -0.596595)
     H    9  Q=         1.0000 1e-30 m^2  Cq=         1.4154 MHz  eta= 0.82831

     C   10    Vxx=   -0.0846    axis=( -0.446682  0.052843  0.893131)
     C   10    Vyy=   -0.7570    axis=(  0.860007  0.300619  0.412329)
     C   10    Vzz=    0.8416    axis=( -0.246703  0.952279 -0.179727)
     C   10  Q=         1.0000 1e-30 m^2  Cq=         1.9774 MHz  eta= 0.79894

     C   11    Vxx=    0.1732    axis=(  0.476557  0.811033  0.339291)
     C   11    Vyy=    0.4043    axis=(  0.835958 -0.537513  0.110699)
     C   11    Vzz=   -0.5775    axis=( -0.272154 -0.230878  0.934145)
     C   11  Q=         1.0000 1e-30 m^2  Cq=        -1.3570 MHz  eta= 0.40010

     Cl  12    Vxx=   -0.5483    axis=( -0.890934  0.439505  0.114332)
     Cl  12    Vyy=   -1.9711    axis=(  0.107448 -0.040606  0.993381)
     Cl  12    Vzz=    2.5194    axis=( -0.441239 -0.897322  0.011047)
     Cl  12  Q=        -8.1650 1e-30 m^2  Cq=       -48.3329 MHz  eta= 0.56476

     H   13    Vxx=   -0.0242    axis=(  0.990237 -0.137626 -0.022138)
     H   13    Vyy=   -0.7738    axis=(  0.088369  0.742613 -0.663865)
     H   13    Vzz=    0.7980    axis=(  0.107805  0.655427  0.747525)
     H   13  Q=         1.0000 1e-30 m^2  Cq=         1.8751 MHz  eta= 0.93937

     C   14    Vxx=   -0.1410    axis=(  0.557602  0.786660 -0.265038)
     C   14    Vyy=   -0.3127    axis=(  0.143592  0.223062  0.964170)
     C   14    Vzz=    0.4536    axis=( -0.817595  0.575681 -0.011422)
     C   14  Q=         1.0000 1e-30 m^2  Cq=         1.0659 MHz  eta= 0.37855

     H   15    Vxx=   -0.0174    axis=( -0.581093  0.515178  0.630018)
     H   15    Vyy=   -0.8210    axis=(  0.200356  0.840865 -0.502796)
     H   15    Vzz=    0.8385    axis=( -0.788789 -0.165943 -0.591840)
     H   15  Q=         1.0000 1e-30 m^2  Cq=         1.9700 MHz  eta= 0.95844

     C   16    Vxx=    0.1360    axis=( -0.508652  0.465065 -0.724560)
     C   16    Vyy=    0.3750    axis=( -0.319100 -0.883458 -0.343042)
     C   16    Vzz=   -0.5110    axis=( -0.799655  0.056718  0.597775)
     C   16  Q=         1.0000 1e-30 m^2  Cq=        -1.2006 MHz  eta= 0.46772

     C   17    Vxx=   -0.1420    axis=( -0.752904 -0.208237  0.624318)
     C   17    Vyy=   -0.8820    axis=( -0.407856 -0.596870 -0.690941)
     C   17    Vzz=    1.0240    axis=(  0.516516 -0.774844  0.364455)
     C   17  Q=         1.0000 1e-30 m^2  Cq=         2.4061 MHz  eta= 0.72266

     Cl  18    Vxx=   -1.3458    axis=( -0.230787 -0.468037  0.853041)
     Cl  18    Vyy=   -1.5422    axis=( -0.648053 -0.580017 -0.493566)
     Cl  18    Vzz=    2.8880    axis=(  0.725785 -0.666724 -0.169453)
     Cl  18  Q=        -8.1650 1e-30 m^2  Cq=       -55.4048 MHz  eta= 0.06798

     H   19    Vxx=   -0.0797    axis=(  0.913480  0.394872 -0.098130)
     H   19    Vyy=   -0.1877    axis=( -0.136726  0.525049  0.840017)
     H   19    Vzz=    0.2674    axis=( -0.383223  0.753922 -0.533612)
     H   19  Q=         1.0000 1e-30 m^2  Cq=         0.6282 MHz  eta= 0.40413

     C   20    Vxx=   -0.0488    axis=( -0.369769  0.218198  0.903139)
     C   20    Vyy=   -0.8888    axis=(  0.909552  0.283469  0.303909)
     C   20    Vzz=    0.9375    axis=( -0.189700  0.933828 -0.303280)
     C   20  Q=         1.0000 1e-30 m^2  Cq=         2.2029 MHz  eta= 0.89598

     H   21    Vxx=    0.0547    axis=( -0.443363  0.163651  0.881276)
     H   21    Vyy=    0.6742    axis=( -0.852545  0.226583 -0.470985)
     H   21    Vzz=   -0.7288    axis=( -0.276760 -0.960145  0.039061)
     H   21  Q=         1.0000 1e-30 m^2  Cq=        -1.7124 MHz  eta= 0.85002

     C   22    Vxx=    0.0294    axis=( -0.296278 -0.881835 -0.366861)
     C   22    Vyy=    0.3078    axis=(  0.866129 -0.409955  0.285932)
     C   22    Vzz=   -0.3371    axis=( -0.402542 -0.233034  0.885243)
     C   22  Q=         1.0000 1e-30 m^2  Cq=        -0.7921 MHz  eta= 0.82587

     C   23    Vxx=   -0.1575    axis=(  0.549682 -0.227866 -0.803695)
     C   23    Vyy=   -0.8361    axis=( -0.807766 -0.390274 -0.441815)
     C   23    Vzz=    0.9936    axis=( -0.212987  0.892055 -0.398590)
     C   23  Q=         1.0000 1e-30 m^2  Cq=         2.3346 MHz  eta= 0.68290

     Cl  24    Vxx=    0.0034    axis=(  0.891715 -0.178797  0.415784)
     Cl  24    Vyy=    2.9522    axis=(  0.332532  0.882012 -0.333882)
     Cl  24    Vzz=   -2.9556    axis=( -0.307029  0.435989  0.845959)
     Cl  24  Q=        -8.1650 1e-30 m^2  Cq=        56.7009 MHz  eta= 0.99770

     Initialization:
     gipaw_setup  :      9.15s CPU     11.00s WALL (       1 calls)

     Linear response

     Apply operators

     Induced current

     Other routines
     efg          :      9.61s CPU     12.09s WALL (       1 calls)

     General routines
     calbec       :      3.31s CPU      4.29s WALL (      16 calls)
     fft          :      1.79s CPU      3.02s WALL (      15 calls)
     ffts         :      0.04s CPU      0.05s WALL (       2 calls)
     fftw         :      3.44s CPU      4.14s WALL (     672 calls)
     davcio       :      0.04s CPU      0.33s WALL (      32 calls)

     Parallel routines
     fft_scatter  :      2.55s CPU      4.24s WALL (     689 calls)

     Plugins

     GIPAW        :     61.72s CPU     74.34s WALL (       1 calls)
