
     Program QE v.6.0 (svn rev. 13079) starts on 19Dec2016 at  6:51:36 

     This program is part of the open-source Quantum ESPRESSO suite
     for quantum simulation of materials; please cite
         "P. Giannozzi et al., J. Phys.:Condens. Matter 21 395502 (2009);
          URL http://www.quantum-espresso.org", 
     in publications or presentations arising from this work. More details at
     http://www.quantum-espresso.org/quote

     Parallel version (MPI), running on     8 processors
     R & G space division:  proc/nbgrp/npool/nimage =       8

     ***** This is GIPAW svn revision unknown      *****

     Parallelizing q-star over 1 images

     Reading data from directory:
     /users/majewski/paradichlorobenzene/pbe/9_constraint/scratch/pbe.ecut100.np8.dt60.pcl2phi-129368.save
     Message from routine read_xml_file:
     file /users/majewski/paradichlorobenzene/pbe/9_constraint/scratch/pbe.ecut100.np8.dt60.pcl2phi-129368.save not guaranteed to be safe for post-processing

   Info: using nr1, nr2, nr3 values from input

   Info: using nr1, nr2, nr3 values from input

     IMPORTANT: XC functional enforced from input :
     Exchange-correlation      =  SLA  PW   PBX  PBC ( 1  4  3  4 0 0)
     Any further DFT definition will be discarded
     Please, verify this is what you really want

               file C.pbe-n-kjpaw_psl.1.0.0.UPF: wavefunction(s)  2S 2P renormalized
               file Cl.pbe-n-kjpaw_psl.1.0.0.UPF: wavefunction(s)  3S 3P renormalized
               file H.pbe-kjpaw_psl.1.0.0.UPF: wavefunction(s)  1S renormalized

     Parallelization info
     --------------------
     sticks:   dense  smooth     PW     G-vecs:    dense   smooth      PW
     Min        3057    1223    332               144436    36536    5170
     Max        3059    1225    333               144437    36537    5171
     Sum       24467    9791   2657              1155489   292295   41363


     Subspace diagonalization in iterative solution of the eigenvalue problem:
     a serial algorithm will be used

     GIPAW projectors -----------------------------------------------
     atom=  C    l=0  rc=    1.2000  rs=    0.8000
     atom=  C    l=0  rc=    1.2000  rs=    0.8000
     atom=  C    l=1  rc=    1.4000  rs=    0.9333
     atom=  C    l=1  rc=    1.4000  rs=    0.9333
     projs nearly linearly dependent: l=1  n1,n2= 1, 2  s=  0.99951561

     atom=  Cl   l=0  rc=    1.6000  rs=    1.0667
     atom=  Cl   l=0  rc=    1.6000  rs=    1.0667
     atom=  Cl   l=1  rc=    1.6000  rs=    1.0667
     atom=  Cl   l=1  rc=    1.6000  rs=    1.0667
     atom=  Cl   l=2  rc=    1.6000  rs=    1.0667
     atom=  Cl   l=2  rc=    1.6000  rs=    1.0667
     projs nearly linearly dependent: l=2  n1,n2= 1, 2  s=  0.99993509

     atom=  H    l=0  rc=    1.0000  rs=    0.6667
     atom=  H    l=0  rc=    1.0000  rs=    0.6667
     projs nearly linearly dependent: l=0  n1,n2= 1, 2  s=  0.99968852
     -----------------------------------------------------------------

     GIPAW integrals: -------------------------------------------
     Atom  i/j   nmr_para   nmr_dia   epr_rmc  epr_para   epr_dia
       C   1 1   0.83E+03  0.17E-01  0.93E+01  0.24E+08  0.24E+03
       C   2 1   0.86E+03 -0.61E-01  0.94E+01  0.25E+08  0.25E+03
       C   2 2   0.90E+03 -0.15E+00  0.97E+01  0.26E+08  0.26E+03
       C   3 3   0.33E+01  0.34E+00  0.18E+01  0.55E+03  0.21E+02
       C   4 3   0.35E+01  0.37E+00  0.20E+01  0.59E+03  0.22E+02
       C   4 4   0.38E+01  0.39E+00  0.22E+01  0.63E+03  0.24E+02
       Cl  1 1   0.14E+04 -0.47E+00  0.84E+01  0.32E+09  0.42E+03
       Cl  2 1   0.21E+04 -0.37E+00  0.12E+02  0.49E+09  0.65E+03
       Cl  2 2   0.33E+04 -0.16E+00  0.21E+02  0.76E+09  0.10E+04
       Cl  3 3   0.21E+02  0.79E-01  0.89E+01  0.23E+05  0.13E+03
       Cl  4 3   0.24E+02  0.67E-01  0.99E+01  0.27E+05  0.15E+03
       Cl  4 4   0.28E+02  0.44E-01  0.11E+02  0.32E+05  0.18E+03
       Cl  5 5   0.77E+00  0.19E+00  0.18E+01  0.12E+03  0.22E+02
       Cl  6 5   0.80E+00  0.19E+00  0.19E+01  0.12E+03  0.23E+02
       Cl  6 6   0.83E+00  0.20E+00  0.19E+01  0.12E+03  0.23E+02
       H   1 1   0.39E+02  0.19E+00  0.29E+00  0.78E+05  0.13E+02
       H   2 1   0.41E+02  0.21E+00  0.32E+00  0.82E+05  0.14E+02
       H   2 2   0.43E+02  0.22E+00  0.36E+00  0.86E+05  0.15E+02
     ------------------------------------------------------------

     alpha_pv=     34.3099 eV

     Number of occupied bands for each k-point:
     k-point:     1    nbnd_occ=  42
     k-point:     2    nbnd_occ=  42
     k-point:     3    nbnd_occ=  42
     k-point:     4    nbnd_occ=  42
     k-point:     5    nbnd_occ=  42
     k-point:     6    nbnd_occ=  42
     k-point:     7    nbnd_occ=  42
     k-point:     8    nbnd_occ=  42
     k-point:     9    nbnd_occ=  42
     k-point:    10    nbnd_occ=  42
     k-point:    11    nbnd_occ=  42
     k-point:    12    nbnd_occ=  42
     k-point:    13    nbnd_occ=  42
     k-point:    14    nbnd_occ=  42
     k-point:    15    nbnd_occ=  42
     k-point:    16    nbnd_occ=  42


     q-space interpolation up to   110.00 Rydberg

     GIPAW job: efg                                                                             


     ELECTRIC FIELD GRADIENTS TENSORS IN Hartree/bohrradius^2:

     ----- bare term -----
     Cl   1       -0.077895        0.087606       -0.022055
     Cl   1        0.087606       -0.024502        0.006570
     Cl   1       -0.022055        0.006570        0.102397

     C    2       -0.091651        0.021827       -0.515023
     C    2        0.021827       -0.227707       -0.524288
     C    2       -0.515023       -0.524288        0.319358

     C    3       -0.057115        0.457894       -0.081986
     C    3        0.457894       -0.366744       -0.452551
     C    3       -0.081986       -0.452551        0.423859

     H    4       -0.402546       -0.251613       -0.501377
     H    4       -0.251613        0.225314       -0.243161
     H    4       -0.501377       -0.243161        0.177232

     C    5       -0.365790       -0.043523       -0.341724
     C    5       -0.043523       -0.022131       -0.410096
     C    5       -0.341724       -0.410096        0.387921

     H    6        0.254562        0.219915       -0.189145
     H    6        0.219915       -0.542906       -0.215809
     H    6       -0.189145       -0.215809        0.288344

     H    7        0.324778        0.190035       -0.085567
     H    7        0.190035       -0.506540        0.473204
     H    7       -0.085567        0.473204        0.181762

     C    8       -0.309534       -0.244838       -0.321091
     C    8       -0.244838       -0.114300        0.429604
     C    8       -0.321091        0.429604        0.423834

     H    9       -0.284898        0.488439        0.008542
     H    9        0.488439        0.041934       -0.189413
     H    9        0.008542       -0.189413        0.242964

     C   10       -0.266457       -0.349136       -0.075447
     C   10       -0.349136       -0.307848        0.547393
     C   10       -0.075447        0.547393        0.574305

     C   11       -0.219272       -0.041850       -0.385766
     C   11       -0.041850       -0.080175        0.479428
     C   11       -0.385766        0.479428        0.299447

     Cl  12       -0.122771       -0.021070       -0.062553
     Cl  12       -0.021070       -0.091203        0.072215
     Cl  12       -0.062553        0.072215        0.213975

     H   13        0.420770       -0.004250       -0.058063
     H   13       -0.004250       -0.679455       -0.254255
     H   13       -0.058063       -0.254255        0.258685

     C   14       -0.336622        0.227880       -0.340628
     C   14        0.227880       -0.091216       -0.444829
     C   14       -0.340628       -0.444829        0.427838

     H   15        0.015200       -0.131460       -0.354990
     H   15       -0.131460        0.303269       -0.471343
     H   15       -0.354990       -0.471343       -0.318469

     C   16       -0.375904        0.278498       -0.302546
     C   16        0.278498       -0.071156       -0.371032
     C   16       -0.302546       -0.371032        0.447060

     C   17       -0.061294        0.285551       -0.093618
     C   17        0.285551       -0.382495       -0.474328
     C   17       -0.093618       -0.474328        0.443789

     Cl  18       -0.041010       -0.023393       -0.031529
     Cl  18       -0.023393       -0.029159       -0.043305
     Cl  18       -0.031529       -0.043305        0.070169

     H   19        0.337079        0.352821        0.150174
     H   19        0.352821       -0.578678        0.037190
     H   19        0.150174        0.037190        0.241599

     C   20       -0.423101       -0.241889       -0.379629
     C   20       -0.241889       -0.127153        0.210227
     C   20       -0.379629        0.210227        0.550254

     H   21       -0.450181        0.439656        0.144486
     H   21        0.439656        0.254756       -0.095466
     H   21        0.144486       -0.095466        0.195424

     C   22        0.006540       -0.038554       -0.044886
     C   22       -0.038554       -0.301948        0.264267
     C   22       -0.044886        0.264267        0.295407

     C   23       -0.402092       -0.104963       -0.280216
     C   23       -0.104963       -0.058772        0.421335
     C   23       -0.280216        0.421335        0.460864

     Cl  24       -0.071833        0.024203       -0.106667
     Cl  24        0.024203       -0.091231        0.045120
     Cl  24       -0.106667        0.045120        0.163064

     ----- ionic term -----
     Cl   1        0.160377       -0.192594        0.071257
     Cl   1       -0.192594       -0.015129       -0.031871
     Cl   1        0.071257       -0.031871       -0.145248

     C    2        0.169164       -0.143632        0.381894
     C    2       -0.143632        0.169014        0.322703
     C    2        0.381894        0.322703       -0.338179

     C    3        0.162501       -0.249816        0.227760
     C    3       -0.249816        0.273227        0.317948
     C    3        0.227760        0.317948       -0.435728

     H    4        0.612072        0.350182        0.647219
     H    4        0.350182       -0.351329        0.259758
     H    4        0.647219        0.259758       -0.260743

     C    5        0.304007       -0.197514        0.321802
     C    5       -0.197514        0.088981        0.266991
     C    5        0.321802        0.266991       -0.392987

     H    6       -0.494854        0.022702        0.030741
     H    6        0.022702        0.777662        0.614124
     H    6        0.030741        0.614124       -0.282809

     H    7       -0.511032       -0.140951        0.078875
     H    7       -0.140951        0.674113       -0.698602
     H    7        0.078875       -0.698602       -0.163081

     C    8        0.388571        0.128662        0.083082
     C    8        0.128662        0.091507       -0.325563
     C    8        0.083082       -0.325563       -0.480078

     H    9        0.722217       -0.543254        0.362766
     H    9       -0.543254       -0.252979       -0.214690
     H    9        0.362766       -0.214690       -0.469238

     C   10        0.228204        0.177052        0.020727
     C   10        0.177052        0.266375       -0.375127
     C   10        0.020727       -0.375127       -0.494579

     C   11        0.325344        0.082752        0.099866
     C   11        0.082752        0.155090       -0.343484
     C   11        0.099866       -0.343484       -0.480434

     Cl  12        0.141345        0.189967       -0.037765
     Cl  12        0.189967       -0.006587       -0.022562
     Cl  12       -0.037765       -0.022562       -0.134758

     H   13       -0.537483        0.007905        0.013863
     H   13        0.007905        0.774192        0.627430
     H   13        0.013863        0.627430       -0.236710

     C   14        0.225830       -0.180470        0.348653
     C   14       -0.180470        0.090816        0.267113
     C   14        0.348653        0.267113       -0.316646

     H   15        0.222382        0.324840        0.735720
     H   15        0.324840       -0.359921        0.372540
     H   15        0.735720        0.372540        0.137539

     C   16        0.045589       -0.233099        0.241070
     C   16       -0.233099        0.230106        0.372867
     C   16        0.241070        0.372867       -0.275695

     C   17        0.191390       -0.210322        0.278498
     C   17       -0.210322        0.174695        0.392277
     C   17        0.278498        0.392277       -0.366085

     Cl  18        0.148872       -0.234369        0.009026
     Cl  18       -0.234369        0.025362       -0.000657
     Cl  18        0.009026       -0.000657       -0.174234

     H   19       -0.494192       -0.142130        0.062555
     H   19       -0.142130        0.702104       -0.663749
     H   19        0.062555       -0.663749       -0.207911

     C   20        0.394016        0.080353        0.123292
     C   20        0.080353        0.073252       -0.300132
     C   20        0.123292       -0.300132       -0.467268

     H   21        0.625135       -0.410187        0.590102
     H   21       -0.410187       -0.352852       -0.278137
     H   21        0.590102       -0.278137       -0.272283

     C   22        0.152573        0.121954        0.130730
     C   22        0.121954        0.257807       -0.422526
     C   22        0.130730       -0.422526       -0.410381

     C   23        0.242942        0.057244        0.170065
     C   23        0.057244        0.230381       -0.367931
     C   23        0.170065       -0.367931       -0.473323

     Cl  24        0.125290        0.203797        0.013458
     Cl  24        0.203797        0.031262        0.005255
     Cl  24        0.013458        0.005255       -0.156552

     ----- GIPAW term -----
     Cl   1       -0.863111       -1.222056       -0.035643
     Cl   1       -1.222056       -1.464981       -0.031494
     Cl   1       -0.035643       -0.031494        2.328092

     C    2        0.042858       -0.076149       -0.186071
     C    2       -0.076149       -0.084979       -0.134668
     C    2       -0.186071       -0.134668        0.042121

     C    3        0.100429        0.033424        0.026379
     C    3        0.033424       -0.106290       -0.062714
     C    3        0.026379       -0.062714        0.005861

     H    4       -0.000000        0.000000        0.000000
     H    4        0.000000        0.000000        0.000000
     H    4        0.000000        0.000000        0.000000

     C    5        0.025179       -0.058116        0.076113
     C    5       -0.058116       -0.087092       -0.093390
     C    5        0.076113       -0.093390        0.061912

     H    6       -0.000000        0.000000        0.000000
     H    6        0.000000        0.000000        0.000000
     H    6        0.000000        0.000000        0.000000

     H    7       -0.000000        0.000000        0.000000
     H    7        0.000000        0.000000        0.000000
     H    7        0.000000        0.000000        0.000000

     C    8       -0.032368       -0.051710       -0.049960
     C    8       -0.051710       -0.028600        0.098728
     C    8       -0.049960        0.098728        0.060968

     H    9       -0.000000        0.000000        0.000000
     H    9        0.000000        0.000000        0.000000
     H    9        0.000000        0.000000        0.000000

     C   10       -0.135834       -0.036101        0.012651
     C   10       -0.036101       -0.067305        0.185365
     C   10        0.012651        0.185365        0.203139

     C   11        0.043866        0.128214       -0.069161
     C   11        0.128214        0.000370        0.069448
     C   11       -0.069161        0.069448       -0.044236

     Cl  12        0.228921        1.904286       -0.684267
     Cl  12        1.904286       -0.868169        0.651650
     Cl  12       -0.684267        0.651650        0.639248

     H   13       -0.000000        0.000000        0.000000
     H   13        0.000000        0.000000        0.000000
     H   13        0.000000        0.000000        0.000000

     C   14       -0.051480        0.051549       -0.062758
     C   14        0.051549       -0.016590       -0.129086
     C   14       -0.062758       -0.129086        0.068071

     H   15       -0.000000        0.000000        0.000000
     H   15        0.000000        0.000000        0.000000
     H   15        0.000000        0.000000        0.000000

     C   16       -0.113575        0.049059       -0.050194
     C   16        0.049059        0.011326       -0.021026
     C   16       -0.050194       -0.021026        0.102249

     C   17        0.084884       -0.059134        0.096033
     C   17       -0.059134       -0.130999       -0.059534
     C   17        0.096033       -0.059534        0.046115

     Cl  18        1.045887       -2.380904       -0.188772
     Cl  18       -2.380904       -0.102167       -0.380764
     Cl  18       -0.188772       -0.380764       -0.943721

     H   19       -0.000000        0.000000        0.000000
     H   19        0.000000        0.000000        0.000000
     H   19        0.000000        0.000000        0.000000

     C   20       -0.098508       -0.061797       -0.164794
     C   20       -0.061797       -0.112754        0.091720
     C   20       -0.164794        0.091720        0.211262

     H   21       -0.000000        0.000000        0.000000
     H   21        0.000000        0.000000        0.000000
     H   21        0.000000        0.000000        0.000000

     C   22       -0.032035       -0.001704       -0.071921
     C   22       -0.001704       -0.079738        0.031622
     C   22       -0.071921        0.031622        0.111773

     C   23       -0.098707        0.031002       -0.134112
     C   23        0.031002       -0.101289        0.125138
     C   23       -0.134112        0.125138        0.199996

     Cl  24        0.599710        2.086671       -1.147892
     Cl  24        2.086671       -0.915189        0.356547
     Cl  24       -1.147892        0.356547        0.315479

     ----- total EFG -----
     Cl   1       -0.780628       -1.327045        0.013560
     Cl   1       -1.327045       -1.504612       -0.056795
     Cl   1        0.013560       -0.056795        2.285241

     C    2        0.120371       -0.197953       -0.319200
     C    2       -0.197953       -0.143672       -0.336253
     C    2       -0.319200       -0.336253        0.023300

     C    3        0.205814        0.241502        0.172153
     C    3        0.241502       -0.199806       -0.197317
     C    3        0.172153       -0.197317       -0.006008

     H    4        0.209526        0.098569        0.145841
     H    4        0.098569       -0.126015        0.016597
     H    4        0.145841        0.016597       -0.083511

     C    5       -0.036604       -0.299152        0.056192
     C    5       -0.299152       -0.020242       -0.236496
     C    5        0.056192       -0.236496        0.056846

     H    6       -0.240292        0.242618       -0.158404
     H    6        0.242618        0.234757        0.398315
     H    6       -0.158404        0.398315        0.005536

     H    7       -0.186254        0.049084       -0.006693
     H    7        0.049084        0.167574       -0.225398
     H    7       -0.006693       -0.225398        0.018680

     C    8        0.046670       -0.167886       -0.287969
     C    8       -0.167886       -0.051394        0.202769
     C    8       -0.287969        0.202769        0.004724

     H    9        0.437320       -0.054814        0.371309
     H    9       -0.054814       -0.211046       -0.404103
     H    9        0.371309       -0.404103       -0.226274

     C   10       -0.174087       -0.208184       -0.042069
     C   10       -0.208184       -0.108778        0.357631
     C   10       -0.042069        0.357631        0.282865

     C   11        0.149938        0.169115       -0.355062
     C   11        0.169115        0.075285        0.205392
     C   11       -0.355062        0.205392       -0.225223

     Cl  12        0.247495        2.073183       -0.784586
     Cl  12        2.073183       -0.965959        0.701302
     Cl  12       -0.784586        0.701302        0.718464

     H   13       -0.116713        0.003655       -0.044200
     H   13        0.003655        0.094738        0.373175
     H   13       -0.044200        0.373175        0.021975

     C   14       -0.162273        0.098959       -0.054733
     C   14        0.098959       -0.016990       -0.306803
     C   14       -0.054733       -0.306803        0.179262

     H   15        0.237582        0.193380        0.380730
     H   15        0.193380       -0.056652       -0.098803
     H   15        0.380730       -0.098803       -0.180930

     C   16       -0.443890        0.094458       -0.111670
     C   16        0.094458        0.170276       -0.019191
     C   16       -0.111670       -0.019191        0.273614

     C   17        0.214980        0.016096        0.280913
     C   17        0.016096       -0.338799       -0.141585
     C   17        0.280913       -0.141585        0.123819

     Cl  18        1.153750       -2.638666       -0.211276
     Cl  18       -2.638666       -0.105964       -0.424727
     Cl  18       -0.211276       -0.424727       -1.047785

     H   19       -0.157113        0.210691        0.212729
     H   19        0.210691        0.123425       -0.626558
     H   19        0.212729       -0.626558        0.033688

     C   20       -0.127593       -0.223333       -0.421132
     C   20       -0.223333       -0.166655        0.001816
     C   20       -0.421132        0.001816        0.294248

     H   21        0.174954        0.029469        0.734588
     H   21        0.029469       -0.098096       -0.373603
     H   21        0.734588       -0.373603       -0.076859

     C   22        0.127078        0.081696        0.013924
     C   22        0.081696       -0.123878       -0.126637
     C   22        0.013924       -0.126637       -0.003200

     C   23       -0.257857       -0.016717       -0.244263
     C   23       -0.016717        0.070319        0.178542
     C   23       -0.244263        0.178542        0.187537

     Cl  24        0.653166        2.314671       -1.241101
     Cl  24        2.314671       -0.975157        0.406923
     Cl  24       -1.241101        0.406923        0.321991

     ----- total EFG (symmetrized) -----
     Cl   1       -0.780628       -1.327045        0.013560
     Cl   1       -1.327045       -1.504612       -0.056795
     Cl   1        0.013560       -0.056795        2.285241

     C    2        0.120371       -0.197953       -0.319200
     C    2       -0.197953       -0.143672       -0.336253
     C    2       -0.319200       -0.336253        0.023300

     C    3        0.205814        0.241502        0.172153
     C    3        0.241502       -0.199806       -0.197317
     C    3        0.172153       -0.197317       -0.006008

     H    4        0.209526        0.098569        0.145841
     H    4        0.098569       -0.126015        0.016597
     H    4        0.145841        0.016597       -0.083511

     C    5       -0.036604       -0.299152        0.056192
     C    5       -0.299152       -0.020242       -0.236496
     C    5        0.056192       -0.236496        0.056846

     H    6       -0.240292        0.242618       -0.158404
     H    6        0.242618        0.234757        0.398315
     H    6       -0.158404        0.398315        0.005536

     H    7       -0.186254        0.049084       -0.006693
     H    7        0.049084        0.167574       -0.225398
     H    7       -0.006693       -0.225398        0.018680

     C    8        0.046670       -0.167886       -0.287969
     C    8       -0.167886       -0.051394        0.202769
     C    8       -0.287969        0.202769        0.004724

     H    9        0.437320       -0.054814        0.371309
     H    9       -0.054814       -0.211046       -0.404103
     H    9        0.371309       -0.404103       -0.226274

     C   10       -0.174087       -0.208184       -0.042069
     C   10       -0.208184       -0.108778        0.357631
     C   10       -0.042069        0.357631        0.282865

     C   11        0.149938        0.169115       -0.355062
     C   11        0.169115        0.075285        0.205392
     C   11       -0.355062        0.205392       -0.225223

     Cl  12        0.247495        2.073183       -0.784586
     Cl  12        2.073183       -0.965959        0.701302
     Cl  12       -0.784586        0.701302        0.718464

     H   13       -0.116713        0.003655       -0.044200
     H   13        0.003655        0.094738        0.373175
     H   13       -0.044200        0.373175        0.021975

     C   14       -0.162273        0.098959       -0.054733
     C   14        0.098959       -0.016990       -0.306803
     C   14       -0.054733       -0.306803        0.179262

     H   15        0.237582        0.193380        0.380730
     H   15        0.193380       -0.056652       -0.098803
     H   15        0.380730       -0.098803       -0.180930

     C   16       -0.443890        0.094458       -0.111670
     C   16        0.094458        0.170276       -0.019191
     C   16       -0.111670       -0.019191        0.273614

     C   17        0.214980        0.016096        0.280913
     C   17        0.016096       -0.338799       -0.141585
     C   17        0.280913       -0.141585        0.123819

     Cl  18        1.153750       -2.638666       -0.211276
     Cl  18       -2.638666       -0.105964       -0.424727
     Cl  18       -0.211276       -0.424727       -1.047785

     H   19       -0.157113        0.210691        0.212729
     H   19        0.210691        0.123425       -0.626558
     H   19        0.212729       -0.626558        0.033688

     C   20       -0.127593       -0.223333       -0.421132
     C   20       -0.223333       -0.166655        0.001816
     C   20       -0.421132        0.001816        0.294248

     H   21        0.174954        0.029469        0.734588
     H   21        0.029469       -0.098096       -0.373603
     H   21        0.734588       -0.373603       -0.076859

     C   22        0.127078        0.081696        0.013924
     C   22        0.081696       -0.123878       -0.126637
     C   22        0.013924       -0.126637       -0.003200

     C   23       -0.257857       -0.016717       -0.244263
     C   23       -0.016717        0.070319        0.178542
     C   23       -0.244263        0.178542        0.187537

     Cl  24        0.653166        2.314671       -1.241101
     Cl  24        2.314671       -0.975157        0.406923
     Cl  24       -1.241101        0.406923        0.321991


     NQR/NMR SPECTROSCOPIC PARAMETERS:
     Cl   1    Vxx=    0.2319    axis=( -0.794708  0.606592  0.022026)
     Cl   1    Vyy=    2.2865    axis=(  0.012845 -0.019473  0.999728)
     Cl   1    Vzz=   -2.5184    axis=(  0.606856  0.794775  0.007684)
     Cl   1  Q=        -8.1650 1e-30 m^2  Cq=        48.3149 MHz  eta= 0.81583

     C    2    Vxx=    0.1780    axis=( -0.598142  0.724978 -0.341517)
     C    2    Vyy=    0.4092    axis=(  0.659825  0.203665 -0.723292)
     C    2    Vzz=   -0.5872    axis=(  0.454816  0.657973  0.600179)
     C    2  Q=         1.0000 1e-30 m^2  Cq=        -1.3797 MHz  eta= 0.39359

     C    3    Vxx=    0.1157    axis=( -0.063345 -0.563521  0.823669)
     C    3    Vyy=    0.3396    axis=( -0.910386 -0.305512 -0.279033)
     C    3    Vzz=   -0.4554    axis=(  0.408882 -0.767533 -0.493669)
     C    3  Q=         1.0000 1e-30 m^2  Cq=        -1.0699 MHz  eta= 0.49163

     H    4    Vxx=   -0.1244    axis=(  0.136869  0.646627 -0.750427)
     H    4    Vyy=   -0.1681    axis=( -0.403948  0.728141  0.553748)
     H    4    Vzz=    0.2925    axis=(  0.904485  0.227342  0.360863)
     H    4  Q=         1.0000 1e-30 m^2  Cq=         0.6872 MHz  eta= 0.14928

     C    5    Vxx=   -0.0335    axis=( -0.608739  0.152642  0.778548)
     C    5    Vyy=   -0.3709    axis=(  0.599606  0.731118  0.325483)
     C    5    Vzz=    0.4043    axis=( -0.519528  0.664956 -0.536586)
     C    5  Q=         1.0000 1e-30 m^2  Cq=         0.9500 MHz  eta= 0.83450

     H    6    Vxx=   -0.0033    axis=( -0.723582 -0.301492  0.620911)
     H    6    Vyy=   -0.5452    axis=( -0.676067  0.490912 -0.549489)
     H    6    Vzz=    0.5485    axis=( -0.139146 -0.817379 -0.559044)
     H    6  Q=         1.0000 1e-30 m^2  Cq=         1.2887 MHz  eta= 0.98806

     H    7    Vxx=   -0.1345    axis=(  0.385155  0.510876  0.768545)
     H    7    Vyy=   -0.1997    axis=(  0.919034 -0.288006 -0.269126)
     H    7    Vzz=    0.3342    axis=(  0.083856  0.809974 -0.580439)
     H    7  Q=         1.0000 1e-30 m^2  Cq=         0.7852 MHz  eta= 0.19502

     C    8    Vxx=   -0.1766    axis=( -0.549027 -0.833628  0.060281)
     C    8    Vyy=   -0.2740    axis=(  0.544555 -0.302063  0.782444)
     C    8    Vzz=    0.4506    axis=(  0.634058 -0.462409 -0.619797)
     C    8  Q=         1.0000 1e-30 m^2  Cq=         1.0587 MHz  eta= 0.21604

     H    9    Vxx=    0.0096    axis=(  0.498656  0.730530 -0.466549)
     H    9    Vyy=    0.6642    axis=(  0.838699 -0.270698  0.472553)
     H    9    Vzz=   -0.6738    axis=(  0.218921 -0.626935 -0.747680)
     H    9  Q=         1.0000 1e-30 m^2  Cq=        -1.5832 MHz  eta= 0.97146

     C   10    Vxx=   -0.0971    axis=(  0.801895 -0.388216  0.454151)
     C   10    Vyy=   -0.4279    axis=( -0.560198 -0.752807  0.345630)
     C   10    Vzz=    0.5250    axis=( -0.207709  0.531574  0.821149)
     C   10  Q=         1.0000 1e-30 m^2  Cq=         1.2336 MHz  eta= 0.63001

     C   11    Vxx=    0.1792    axis=(  0.035894  0.903385  0.427326)
     C   11    Vyy=    0.3711    axis=( -0.871175 -0.181228  0.456300)
     C   11    Vzz=   -0.5503    axis=(  0.489658 -0.388654  0.780502)
     C   11  Q=         1.0000 1e-30 m^2  Cq=        -1.2929 MHz  eta= 0.34881

     Cl  12    Vxx=    0.9715    axis=(  0.021322  0.360371  0.932565)
     Cl  12    Vyy=    1.8494    axis=( -0.810331 -0.540114  0.227244)
     Cl  12    Vzz=   -2.8209    axis=(  0.585584 -0.760532  0.280504)
     Cl  12  Q=        -8.1650 1e-30 m^2  Cq=        54.1175 MHz  eta= 0.31119

     H   13    Vxx=   -0.1120    axis=( -0.984357 -0.149856  0.092658)
     H   13    Vyy=   -0.3226    axis=(  0.169224 -0.657748  0.733983)
     H   13    Vzz=    0.4346    axis=(  0.049046 -0.738181 -0.672817)
     H   13  Q=         1.0000 1e-30 m^2  Cq=         1.0212 MHz  eta= 0.48463

     C   14    Vxx=   -0.1548    axis=(  0.864068  0.292158  0.409915)
     C   14    Vyy=   -0.2666    axis=( -0.472330  0.752131  0.459569)
     C   14    Vzz=    0.4214    axis=( -0.174043 -0.590714  0.787887)
     C   14  Q=         1.0000 1e-30 m^2  Cq=         0.9901 MHz  eta= 0.26537

     H   15    Vxx=   -0.0023    axis=(  0.014518  0.887768 -0.460062)
     H   15    Vyy=   -0.4870    axis=( -0.507664  0.402940  0.761522)
     H   15    Vzz=    0.4893    axis=(  0.861433  0.222501  0.456538)
     H   15  Q=         1.0000 1e-30 m^2  Cq=         1.1497 MHz  eta= 0.99065

     C   16    Vxx=    0.1738    axis=( -0.093689 -0.953051 -0.287952)
     C   16    Vyy=    0.2999    axis=(  0.176313  0.268770 -0.946930)
     C   16    Vzz=   -0.4736    axis=(  0.979865 -0.139487  0.142854)
     C   16  Q=         1.0000 1e-30 m^2  Cq=        -1.1128 MHz  eta= 0.26623

     C   17    Vxx=   -0.0661    axis=( -0.642016 -0.382780  0.664300)
     C   17    Vyy=   -0.3960    axis=(  0.185163 -0.918215 -0.350137)
     C   17    Vzz=    0.4621    axis=(  0.743996 -0.101790  0.660385)
     C   17  Q=         1.0000 1e-30 m^2  Cq=         1.0858 MHz  eta= 0.71398

     Cl  18    Vxx=   -0.8848    axis=( -0.225217 -0.249408  0.941846)
     Cl  18    Vyy=   -2.3541    axis=(  0.579152  0.743089  0.335264)
     Cl  18    Vzz=    3.2389    axis=( -0.783492  0.620979 -0.022911)
     Cl  18  Q=        -8.1650 1e-30 m^2  Cq=       -62.1371 MHz  eta= 0.45365

     H   19    Vxx=    0.0044    axis=(  0.879786  0.315324  0.355736)
     H   19    Vyy=    0.7068    axis=(  0.011681  0.733768 -0.679300)
     H   19    Vzz=   -0.7112    axis=( -0.475227  0.601794  0.641875)
     H   19  Q=         1.0000 1e-30 m^2  Cq=        -1.6711 MHz  eta= 0.98758

     C   20    Vxx=   -0.0749    axis=(  0.350564 -0.844854  0.404138)
     C   20    Vyy=   -0.4996    axis=( -0.761156 -0.508443 -0.402649)
     C   20    Vzz=    0.5744    axis=( -0.545661  0.166457  0.821308)
     C   20  Q=         1.0000 1e-30 m^2  Cq=         1.3496 MHz  eta= 0.73937

     H   21    Vxx=   -0.0195    axis=(  0.438654  0.885765 -0.151668)
     H   21    Vyy=   -0.8286    axis=( -0.549464  0.397907  0.734683)
     H   21    Vzz=    0.8481    axis=(  0.711106 -0.238935  0.661240)
     H   21  Q=         1.0000 1e-30 m^2  Cq=         1.9928 MHz  eta= 0.95394

     C   22    Vxx=    0.0647    axis=(  0.351926 -0.411962  0.840497)
     C   22    Vyy=    0.1561    axis=( -0.910580 -0.358633  0.205490)
     C   22    Vzz=   -0.2208    axis=(  0.216776 -0.837658 -0.501336)
     C   22  Q=         1.0000 1e-30 m^2  Cq=        -0.5188 MHz  eta= 0.41398

     C   23    Vxx=   -0.0140    axis=(  0.320891  0.867658 -0.379735)
     C   23    Vyy=   -0.3738    axis=( -0.890774  0.140259 -0.432261)
     C   23    Vzz=    0.3878    axis=( -0.321794  0.476967  0.817895)
     C   23  Q=         1.0000 1e-30 m^2  Cq=         0.9111 MHz  eta= 0.92777

     Cl  24    Vxx=    0.3751    axis=(  0.112803  0.458970  0.881262)
     Cl  24    Vyy=    2.5871    axis=(  0.802398  0.481025 -0.353231)
     Cl  24    Vzz=   -2.9622    axis=( -0.586031  0.746968 -0.314015)
     Cl  24  Q=        -8.1650 1e-30 m^2  Cq=        56.8281 MHz  eta= 0.74677

     Initialization:
     gipaw_setup  :      9.18s CPU     10.79s WALL (       1 calls)

     Linear response

     Apply operators

     Induced current

     Other routines
     efg          :      9.04s CPU     11.72s WALL (       1 calls)

     General routines
     calbec       :      3.24s CPU      4.52s WALL (      16 calls)
     fft          :      1.35s CPU      1.67s WALL (      15 calls)
     ffts         :      0.05s CPU      0.12s WALL (       2 calls)
     fftw         :      3.13s CPU      3.80s WALL (     672 calls)
     davcio       :      0.02s CPU      0.34s WALL (      32 calls)

     Parallel routines
     fft_scatter  :      1.84s CPU      2.80s WALL (     689 calls)

     Plugins

     GIPAW        :     61.98s CPU     76.29s WALL (       1 calls)
