
     Program QE v.6.0 (svn rev. 13079) starts on 19Jan2017 at  5: 3: 9 

     This program is part of the open-source Quantum ESPRESSO suite
     for quantum simulation of materials; please cite
         "P. Giannozzi et al., J. Phys.:Condens. Matter 21 395502 (2009);
          URL http://www.quantum-espresso.org", 
     in publications or presentations arising from this work. More details at
     http://www.quantum-espresso.org/quote

     Parallel version (MPI), running on     8 processors
     R & G space division:  proc/nbgrp/npool/nimage =       8

     ***** This is GIPAW svn revision unknown      *****

     Parallelizing q-star over 1 images

     Reading data from directory:
     /users/majewski/paradichlorobenzene/pbe/9_constraint/scratch/pbe.ecut100.np8.dt60.pcl2phi-129368.save
     Message from routine read_xml_file:
     file /users/majewski/paradichlorobenzene/pbe/9_constraint/scratch/pbe.ecut100.np8.dt60.pcl2phi-129368.save not guaranteed to be safe for post-processing

   Info: using nr1, nr2, nr3 values from input

   Info: using nr1, nr2, nr3 values from input

     IMPORTANT: XC functional enforced from input :
     Exchange-correlation      =  SLA  PW   PBX  PBC ( 1  4  3  4 0 0)
     Any further DFT definition will be discarded
     Please, verify this is what you really want

               file C.pbe-n-kjpaw_psl.1.0.0.UPF: wavefunction(s)  2S 2P renormalized
               file Cl.pbe-n-kjpaw_psl.1.0.0.UPF: wavefunction(s)  3S 3P renormalized
               file H.pbe-kjpaw_psl.1.0.0.UPF: wavefunction(s)  1S renormalized

     Parallelization info
     --------------------
     sticks:   dense  smooth     PW     G-vecs:    dense   smooth      PW
     Min        3057    1223    332               144436    36536    5170
     Max        3059    1225    333               144437    36537    5171
     Sum       24467    9791   2657              1155489   292295   41363


     Subspace diagonalization in iterative solution of the eigenvalue problem:
     a serial algorithm will be used

     GIPAW projectors -----------------------------------------------
     atom=  C    l=0  rc=    1.2000  rs=    0.8000
     atom=  C    l=0  rc=    1.2000  rs=    0.8000
     atom=  C    l=1  rc=    1.4000  rs=    0.9333
     atom=  C    l=1  rc=    1.4000  rs=    0.9333
     projs nearly linearly dependent: l=1  n1,n2= 1, 2  s=  0.99951561

     atom=  Cl   l=0  rc=    1.6000  rs=    1.0667
     atom=  Cl   l=0  rc=    1.6000  rs=    1.0667
     atom=  Cl   l=1  rc=    1.6000  rs=    1.0667
     atom=  Cl   l=1  rc=    1.6000  rs=    1.0667
     atom=  Cl   l=2  rc=    1.6000  rs=    1.0667
     atom=  Cl   l=2  rc=    1.6000  rs=    1.0667
     projs nearly linearly dependent: l=2  n1,n2= 1, 2  s=  0.99993509

     atom=  H    l=0  rc=    1.0000  rs=    0.6667
     atom=  H    l=0  rc=    1.0000  rs=    0.6667
     projs nearly linearly dependent: l=0  n1,n2= 1, 2  s=  0.99968852
     -----------------------------------------------------------------

     GIPAW integrals: -------------------------------------------
     Atom  i/j   nmr_para   nmr_dia   epr_rmc  epr_para   epr_dia
       C   1 1   0.83E+03  0.17E-01  0.93E+01  0.24E+08  0.24E+03
       C   2 1   0.86E+03 -0.61E-01  0.94E+01  0.25E+08  0.25E+03
       C   2 2   0.90E+03 -0.15E+00  0.97E+01  0.26E+08  0.26E+03
       C   3 3   0.33E+01  0.34E+00  0.18E+01  0.55E+03  0.21E+02
       C   4 3   0.35E+01  0.37E+00  0.20E+01  0.59E+03  0.22E+02
       C   4 4   0.38E+01  0.39E+00  0.22E+01  0.63E+03  0.24E+02
       Cl  1 1   0.14E+04 -0.47E+00  0.84E+01  0.32E+09  0.42E+03
       Cl  2 1   0.21E+04 -0.37E+00  0.12E+02  0.49E+09  0.65E+03
       Cl  2 2   0.33E+04 -0.16E+00  0.21E+02  0.76E+09  0.10E+04
       Cl  3 3   0.21E+02  0.79E-01  0.89E+01  0.23E+05  0.13E+03
       Cl  4 3   0.24E+02  0.67E-01  0.99E+01  0.27E+05  0.15E+03
       Cl  4 4   0.28E+02  0.44E-01  0.11E+02  0.32E+05  0.18E+03
       Cl  5 5   0.77E+00  0.19E+00  0.18E+01  0.12E+03  0.22E+02
       Cl  6 5   0.80E+00  0.19E+00  0.19E+01  0.12E+03  0.23E+02
       Cl  6 6   0.83E+00  0.20E+00  0.19E+01  0.12E+03  0.23E+02
       H   1 1   0.39E+02  0.19E+00  0.29E+00  0.78E+05  0.13E+02
       H   2 1   0.41E+02  0.21E+00  0.32E+00  0.82E+05  0.14E+02
       H   2 2   0.43E+02  0.22E+00  0.36E+00  0.86E+05  0.15E+02
     ------------------------------------------------------------

     alpha_pv=     34.0524 eV

     Number of occupied bands for each k-point:
     k-point:     1    nbnd_occ=  42
     k-point:     2    nbnd_occ=  42
     k-point:     3    nbnd_occ=  42
     k-point:     4    nbnd_occ=  42
     k-point:     5    nbnd_occ=  42
     k-point:     6    nbnd_occ=  42
     k-point:     7    nbnd_occ=  42
     k-point:     8    nbnd_occ=  42
     k-point:     9    nbnd_occ=  42
     k-point:    10    nbnd_occ=  42
     k-point:    11    nbnd_occ=  42
     k-point:    12    nbnd_occ=  42
     k-point:    13    nbnd_occ=  42
     k-point:    14    nbnd_occ=  42
     k-point:    15    nbnd_occ=  42
     k-point:    16    nbnd_occ=  42


     q-space interpolation up to   110.00 Rydberg

     GIPAW job: efg                                                                             


     ELECTRIC FIELD GRADIENTS TENSORS IN Hartree/bohrradius^2:

     ----- bare term -----
     Cl   1        0.032657       -0.007305       -0.006334
     Cl   1       -0.007305       -0.079911        0.078839
     Cl   1       -0.006334        0.078839        0.047254

     C    2       -0.135865        0.148752       -0.379294
     C    2        0.148752       -0.193375       -0.392540
     C    2       -0.379294       -0.392540        0.329240

     C    3       -0.213967        0.242817       -0.269371
     C    3        0.242817       -0.164829       -0.577532
     C    3       -0.269371       -0.577532        0.378796

     H    4       -0.085266       -0.141806       -0.488915
     H    4       -0.141806        0.441368       -0.096487
     H    4       -0.488915       -0.096487       -0.356102

     C    5       -0.387277        0.310155       -0.281143
     C    5        0.310155       -0.070582       -0.381972
     C    5       -0.281143       -0.381972        0.457859

     H    6        0.253917       -0.159775       -0.163547
     H    6       -0.159775       -0.368235       -0.510744
     H    6       -0.163547       -0.510744        0.114318

     H    7        0.378920        0.038080       -0.279061
     H    7        0.038080        0.100575        0.308949
     H    7       -0.279061        0.308949       -0.479495

     C    8       -0.159935       -0.228468       -0.140975
     C    8       -0.228468       -0.391657        0.295187
     C    8       -0.140975        0.295187        0.551592

     H    9       -0.525710        0.435284       -0.151033
     H    9        0.435284        0.248061        0.046585
     H    9       -0.151033        0.046585        0.277649

     C   10       -0.376459       -0.308706       -0.303129
     C   10       -0.308706       -0.063452        0.374546
     C   10       -0.303129        0.374546        0.439911

     C   11       -0.100365        0.238225       -0.370917
     C   11        0.238225       -0.054876        0.677099
     C   11       -0.370917        0.677099        0.155241

     Cl  12       -0.145801       -0.122345        0.091904
     Cl  12       -0.122345       -0.070204        0.087839
     Cl  12        0.091904        0.087839        0.216005

     H   13        0.222896       -0.345999        0.058740
     H   13       -0.345999       -0.527815       -0.262407
     H   13        0.058740       -0.262407        0.304920

     C   14       -0.431583        0.187410       -0.362070
     C   14        0.187410       -0.106306       -0.372004
     C   14       -0.362070       -0.372004        0.537889

     H   15       -0.349641       -0.341630       -0.420405
     H   15       -0.341630        0.107135       -0.187390
     H   15       -0.420405       -0.187390        0.242506

     C   16       -0.308575        0.351177       -0.161804
     C   16        0.351177       -0.190881       -0.521949
     C   16       -0.161804       -0.521949        0.499456

     C   17       -0.172125       -0.032622       -0.365092
     C   17       -0.032622       -0.104645       -0.559208
     C   17       -0.365092       -0.559208        0.276770

     Cl  18       -0.161259        0.093968       -0.067394
     Cl  18        0.093968       -0.079625        0.067197
     Cl  18       -0.067394        0.067197        0.240884

     H   19        0.442114       -0.063548       -0.240073
     H   19       -0.063548       -0.270074        0.376101
     H   19       -0.240073        0.376101       -0.172040

     C   20       -0.722019       -0.311708       -0.251281
     C   20       -0.311708        0.353744        0.210883
     C   20       -0.251281        0.210883        0.368275

     H   21       -0.484164       -0.195988       -0.264672
     H   21       -0.195988        0.132450        0.286495
     H   21       -0.264672        0.286495        0.351714

     C   22        0.088039       -0.008318       -0.222750
     C   22       -0.008318       -0.105369        0.602078
     C   22       -0.222750        0.602078        0.017330

     C   23       -0.806934       -0.344898       -0.333611
     C   23       -0.344898        0.243903        0.003106
     C   23       -0.333611        0.003106        0.563031

     Cl  24       -0.039196        0.009130        0.046225
     Cl  24        0.009130       -0.038265       -0.027572
     Cl  24        0.046225       -0.027572        0.077461

     ----- ionic term -----
     Cl   1        0.098254       -0.190784        0.010217
     Cl   1       -0.190784        0.042714       -0.000858
     Cl   1        0.010217       -0.000858       -0.140968

     C    2        0.107121       -0.141501        0.331558
     C    2       -0.141501        0.230848        0.369246
     C    2        0.331558        0.369246       -0.337968

     C    3        0.063354       -0.191073        0.273476
     C    3       -0.191073        0.318658        0.332817
     C    3        0.273476        0.332817       -0.382012

     H    4        0.499724        0.352997        0.711730
     H    4        0.352997       -0.358875        0.280366
     H    4        0.711730        0.280366       -0.140849

     C    5        0.245326       -0.154244        0.343496
     C    5       -0.154244        0.133096        0.247725
     C    5        0.343496        0.247725       -0.378422

     H    6       -0.505039        0.182908        0.097592
     H    6        0.182908        0.676683        0.664533
     H    6        0.097592        0.664533       -0.171643

     H    7       -0.469802       -0.195643        0.223848
     H    7       -0.195643        0.175600       -0.784887
     H    7        0.223848       -0.784887        0.294202

     C    8        0.305994        0.173791        0.242894
     C    8        0.173791       -0.123005       -0.334597
     C    8        0.242894       -0.334597       -0.182989

     H    9        0.798337       -0.391974        0.458868
     H    9       -0.391974       -0.405974       -0.203766
     H    9        0.458868       -0.203766       -0.392362

     C   10        0.176263        0.166524        0.094804
     C   10        0.166524        0.101640       -0.447357
     C   10        0.094804       -0.447357       -0.277903

     C   11        0.234780        0.165411        0.281903
     C   11        0.165411        0.022381       -0.415926
     C   11        0.281903       -0.415926       -0.257161

     Cl  12        0.104512        0.199546       -0.012667
     Cl  12        0.199546        0.032648       -0.021497
     Cl  12       -0.012667       -0.021497       -0.137160

     H   13       -0.488068        0.152271        0.132298
     H   13        0.152271        0.553275        0.721618
     H   13        0.132298        0.721618       -0.065207

     C   14        0.278393       -0.232730        0.383254
     C   14       -0.232730        0.060446        0.264278
     C   14        0.383254        0.264278       -0.338839

     H   15        0.538370        0.311310        0.701003
     H   15        0.311310       -0.387402        0.275745
     H   15        0.701003        0.275745       -0.150968

     C   16        0.130495       -0.285434        0.257811
     C   16       -0.285434        0.266176        0.330980
     C   16        0.257811        0.330980       -0.396671

     C   17        0.218754       -0.179506        0.340615
     C   17       -0.179506        0.163610        0.319632
     C   17        0.340615        0.319632       -0.382364

     Cl  18        0.144874       -0.213343        0.055571
     Cl  18       -0.213343        0.023285       -0.028679
     Cl  18        0.055571       -0.028679       -0.168160

     H   19       -0.515173       -0.093719        0.095405
     H   19       -0.093719        0.496453       -0.791861
     H   19        0.095405       -0.791861        0.018720

     C   20        0.291501        0.199335        0.275829
     C   20        0.199335       -0.007225       -0.314392
     C   20        0.275829       -0.314392       -0.284276

     H   21        0.718204       -0.379619        0.534583
     H   21       -0.379619       -0.405940       -0.239942
     H   21        0.534583       -0.239942       -0.312264

     C   22        0.127566        0.226773        0.137060
     C   22        0.226773        0.085383       -0.417122
     C   22        0.137060       -0.417122       -0.212948

     C   23        0.244659        0.235328        0.220929
     C   23        0.235328       -0.050147       -0.410201
     C   23        0.220929       -0.410201       -0.194512

     Cl  24        0.138334        0.225650       -0.024307
     Cl  24        0.225650        0.002744       -0.020008
     Cl  24       -0.024307       -0.020008       -0.141079

     ----- GIPAW term -----
     Cl   1        0.065997        0.085099       -0.940296
     Cl   1        0.085099        1.099958       -1.606500
     Cl   1       -0.940296       -1.606500       -1.165955

     C    2       -0.057580        0.005524       -0.129697
     C    2        0.005524       -0.051524       -0.170263
     C    2       -0.129697       -0.170263        0.109104

     C    3       -0.136898        0.046258       -0.093334
     C    3        0.046258       -0.009258       -0.215529
     C    3       -0.093334       -0.215529        0.146156

     H    4       -0.000000        0.000000        0.000000
     H    4        0.000000        0.000000        0.000000
     H    4        0.000000        0.000000        0.000000

     C    5       -0.047182        0.038725       -0.024722
     C    5        0.038725       -0.025306       -0.087207
     C    5       -0.024722       -0.087207        0.072488

     H    6       -0.000000        0.000000        0.000000
     H    6        0.000000        0.000000        0.000000
     H    6        0.000000        0.000000        0.000000

     H    7       -0.000000        0.000000        0.000000
     H    7        0.000000        0.000000        0.000000
     H    7        0.000000        0.000000        0.000000

     C    8       -0.106178       -0.035591        0.009105
     C    8       -0.035591       -0.174428       -0.066579
     C    8        0.009105       -0.066579        0.280606

     H    9       -0.000000        0.000000        0.000000
     H    9        0.000000        0.000000        0.000000
     H    9        0.000000        0.000000        0.000000

     C   10       -0.112920       -0.054567       -0.065535
     C   10       -0.054567        0.035118        0.026760
     C   10       -0.065535        0.026760        0.077803

     C   11        0.032094        0.228722       -0.035340
     C   11        0.228722        0.061379        0.164757
     C   11       -0.035340        0.164757       -0.093473

     Cl  12        0.566757        1.856857        0.748265
     Cl  12        1.856857       -0.497945        0.732584
     Cl  12        0.748265        0.732584       -0.068811

     H   13       -0.000000        0.000000        0.000000
     H   13        0.000000        0.000000        0.000000
     H   13        0.000000        0.000000        0.000000

     C   14       -0.134540        0.059600       -0.117879
     C   14        0.059600       -0.070629       -0.181244
     C   14       -0.117879       -0.181244        0.205168

     H   15       -0.000000        0.000000        0.000000
     H   15        0.000000        0.000000        0.000000
     H   15        0.000000        0.000000        0.000000

     C   16       -0.123784        0.045060       -0.025971
     C   16        0.045060        0.004112       -0.162416
     C   16       -0.025971       -0.162416        0.119672

     C   17        0.044227       -0.151883       -0.062936
     C   17       -0.151883       -0.006678       -0.107383
     C   17       -0.062936       -0.107383       -0.037549

     Cl  18        0.246912       -1.861270       -0.547839
     Cl  18       -1.861270       -0.534871        0.605058
     Cl  18       -0.547839        0.605058        0.287959

     H   19       -0.000000        0.000000        0.000000
     H   19        0.000000        0.000000        0.000000
     H   19        0.000000        0.000000        0.000000

     C   20       -0.175184        0.090988       -0.006362
     C   20        0.090988        0.258914        0.028468
     C   20       -0.006362        0.028468       -0.083730

     H   21       -0.000000        0.000000        0.000000
     H   21        0.000000        0.000000        0.000000
     H   21        0.000000        0.000000        0.000000

     C   22       -0.106411        0.065965       -0.029688
     C   22        0.065965        0.254617       -0.004597
     C   22       -0.029688       -0.004597       -0.148206

     C   23       -0.185922        0.034171       -0.050343
     C   23        0.034171        0.082212       -0.201581
     C   23       -0.050343       -0.201581        0.103710

     Cl  24       -0.483363        1.756197       -0.206776
     Cl  24        1.756197       -0.691802       -1.624901
     Cl  24       -0.206776       -1.624901        1.175165

     ----- total EFG -----
     Cl   1        0.196908       -0.112991       -0.936413
     Cl   1       -0.112991        1.062761       -1.528519
     Cl   1       -0.936413       -1.528519       -1.259669

     C    2       -0.086324        0.012774       -0.177433
     C    2        0.012774       -0.014051       -0.193556
     C    2       -0.177433       -0.193556        0.100376

     C    3       -0.287511        0.098001       -0.089229
     C    3        0.098001        0.144571       -0.460245
     C    3       -0.089229       -0.460245        0.142940

     H    4        0.414458        0.211191        0.222815
     H    4        0.211191        0.082493        0.183879
     H    4        0.222815        0.183879       -0.496951

     C    5       -0.189133        0.194635        0.037631
     C    5        0.194635        0.037207       -0.221454
     C    5        0.037631       -0.221454        0.151925

     H    6       -0.251122        0.023132       -0.065954
     H    6        0.023132        0.308448        0.153789
     H    6       -0.065954        0.153789       -0.057326

     H    7       -0.090882       -0.157563       -0.055213
     H    7       -0.157563        0.276175       -0.475937
     H    7       -0.055213       -0.475937       -0.185293

     C    8        0.039881       -0.090268        0.111023
     C    8       -0.090268       -0.689090       -0.105989
     C    8        0.111023       -0.105989        0.649209

     H    9        0.272626        0.043311        0.307835
     H    9        0.043311       -0.157913       -0.157180
     H    9        0.307835       -0.157180       -0.114713

     C   10       -0.313117       -0.196749       -0.273860
     C   10       -0.196749        0.073306       -0.046051
     C   10       -0.273860       -0.046051        0.239811

     C   11        0.166509        0.632358       -0.124355
     C   11        0.632358        0.028885        0.425931
     C   11       -0.124355        0.425931       -0.195394

     Cl  12        0.525467        1.934059        0.827502
     Cl  12        1.934059       -0.535501        0.798926
     Cl  12        0.827502        0.798926        0.010034

     H   13       -0.265173       -0.193727        0.191038
     H   13       -0.193727        0.025459        0.459211
     H   13        0.191038        0.459211        0.239713

     C   14       -0.287730        0.014279       -0.096695
     C   14        0.014279       -0.116489       -0.288970
     C   14       -0.096695       -0.288970        0.404218

     H   15        0.188729       -0.030320        0.280598
     H   15       -0.030320       -0.280267        0.088355
     H   15        0.280598        0.088355        0.091538

     C   16       -0.301864        0.110803        0.070036
     C   16        0.110803        0.079407       -0.353385
     C   16        0.070036       -0.353385        0.222457

     C   17        0.090856       -0.364011       -0.087413
     C   17       -0.364011        0.052287       -0.346959
     C   17       -0.087413       -0.346959       -0.143143

     Cl  18        0.230527       -1.980644       -0.559661
     Cl  18       -1.980644       -0.591211        0.643576
     Cl  18       -0.559661        0.643576        0.360683

     H   19       -0.073059       -0.157267       -0.144668
     H   19       -0.157267        0.226379       -0.415760
     H   19       -0.144668       -0.415760       -0.153320

     C   20       -0.605703       -0.021385        0.018186
     C   20       -0.021385        0.605434       -0.075041
     C   20        0.018186       -0.075041        0.000269

     H   21        0.234040       -0.575607        0.269911
     H   21       -0.575607       -0.273490        0.046554
     H   21        0.269911        0.046554        0.039450

     C   22        0.109193        0.284420       -0.115378
     C   22        0.284420        0.234631        0.180359
     C   22       -0.115378        0.180359       -0.343824

     C   23       -0.748197       -0.075399       -0.163025
     C   23       -0.075399        0.275968       -0.608676
     C   23       -0.163025       -0.608676        0.472229

     Cl  24       -0.384224        1.990977       -0.184858
     Cl  24        1.990977       -0.727323       -1.672481
     Cl  24       -0.184858       -1.672481        1.111547

     ----- total EFG (symmetrized) -----
     Cl   1        0.196908       -0.112991       -0.936413
     Cl   1       -0.112991        1.062761       -1.528519
     Cl   1       -0.936413       -1.528519       -1.259669

     C    2       -0.086324        0.012774       -0.177433
     C    2        0.012774       -0.014051       -0.193556
     C    2       -0.177433       -0.193556        0.100376

     C    3       -0.287511        0.098001       -0.089229
     C    3        0.098001        0.144571       -0.460245
     C    3       -0.089229       -0.460245        0.142940

     H    4        0.414458        0.211191        0.222815
     H    4        0.211191        0.082493        0.183879
     H    4        0.222815        0.183879       -0.496951

     C    5       -0.189133        0.194635        0.037631
     C    5        0.194635        0.037207       -0.221454
     C    5        0.037631       -0.221454        0.151925

     H    6       -0.251122        0.023132       -0.065954
     H    6        0.023132        0.308448        0.153789
     H    6       -0.065954        0.153789       -0.057326

     H    7       -0.090882       -0.157563       -0.055213
     H    7       -0.157563        0.276175       -0.475937
     H    7       -0.055213       -0.475937       -0.185293

     C    8        0.039881       -0.090268        0.111023
     C    8       -0.090268       -0.689090       -0.105989
     C    8        0.111023       -0.105989        0.649209

     H    9        0.272626        0.043311        0.307835
     H    9        0.043311       -0.157913       -0.157180
     H    9        0.307835       -0.157180       -0.114713

     C   10       -0.313117       -0.196749       -0.273860
     C   10       -0.196749        0.073306       -0.046051
     C   10       -0.273860       -0.046051        0.239811

     C   11        0.166509        0.632358       -0.124355
     C   11        0.632358        0.028885        0.425931
     C   11       -0.124355        0.425931       -0.195394

     Cl  12        0.525467        1.934059        0.827502
     Cl  12        1.934059       -0.535501        0.798926
     Cl  12        0.827502        0.798926        0.010034

     H   13       -0.265173       -0.193727        0.191038
     H   13       -0.193727        0.025459        0.459211
     H   13        0.191038        0.459211        0.239713

     C   14       -0.287730        0.014279       -0.096695
     C   14        0.014279       -0.116489       -0.288970
     C   14       -0.096695       -0.288970        0.404218

     H   15        0.188729       -0.030320        0.280598
     H   15       -0.030320       -0.280267        0.088355
     H   15        0.280598        0.088355        0.091538

     C   16       -0.301864        0.110803        0.070036
     C   16        0.110803        0.079407       -0.353385
     C   16        0.070036       -0.353385        0.222457

     C   17        0.090856       -0.364011       -0.087413
     C   17       -0.364011        0.052287       -0.346959
     C   17       -0.087413       -0.346959       -0.143143

     Cl  18        0.230527       -1.980644       -0.559661
     Cl  18       -1.980644       -0.591211        0.643576
     Cl  18       -0.559661        0.643576        0.360683

     H   19       -0.073059       -0.157267       -0.144668
     H   19       -0.157267        0.226379       -0.415760
     H   19       -0.144668       -0.415760       -0.153320

     C   20       -0.605703       -0.021385        0.018186
     C   20       -0.021385        0.605434       -0.075041
     C   20        0.018186       -0.075041        0.000269

     H   21        0.234040       -0.575607        0.269911
     H   21       -0.575607       -0.273490        0.046554
     H   21        0.269911        0.046554        0.039450

     C   22        0.109193        0.284420       -0.115378
     C   22        0.284420        0.234631        0.180359
     C   22       -0.115378        0.180359       -0.343824

     C   23       -0.748197       -0.075399       -0.163025
     C   23       -0.075399        0.275968       -0.608676
     C   23       -0.163025       -0.608676        0.472229

     Cl  24       -0.384224        1.990977       -0.184858
     Cl  24        1.990977       -0.727323       -1.672481
     Cl  24       -0.184858       -1.672481        1.111547


     NQR/NMR SPECTROSCOPIC PARAMETERS:
     Cl   1    Vxx=    0.4456    axis=(  0.919538 -0.336104 -0.203676)
     Cl   1    Vyy=    1.8878    axis=( -0.206789 -0.854507  0.476504)
     Cl   1    Vzz=   -2.3334    axis=( -0.334197 -0.396046 -0.855254)
     Cl   1  Q=        -8.1650 1e-30 m^2  Cq=        44.7650 MHz  eta= 0.61805

     C    2    Vxx=   -0.0630    axis=(  0.667877 -0.730874 -0.140583)
     C    2    Vyy=   -0.2424    axis=(  0.644315  0.473222  0.600766)
     C    2    Vzz=    0.3053    axis=( -0.372557 -0.491818  0.786967)
     C    2  Q=         1.0000 1e-30 m^2  Cq=         0.7174 MHz  eta= 0.58764

     C    3    Vxx=   -0.3039    axis=(  0.892930  0.212301  0.396995)
     C    3    Vyy=   -0.3194    axis=(  0.426591 -0.680799 -0.595427)
     C    3    Vzz=    0.6232    axis=( -0.143864 -0.701029  0.698471)
     C    3  Q=         1.0000 1e-30 m^2  Cq=         1.4644 MHz  eta= 0.02485

     H    4    Vxx=   -0.0128    axis=(  0.484708 -0.868149 -0.106655)
     H    4    Vyy=   -0.5773    axis=(  0.170661  0.213460 -0.961930)
     H    4    Vzz=    0.5901    axis=(  0.857866  0.448053  0.251625)
     H    4  Q=         1.0000 1e-30 m^2  Cq=         1.3865 MHz  eta= 0.95652

     C    5    Vxx=    0.0071    axis=(  0.614605  0.502165  0.608350)
     C    5    Vyy=    0.3406    axis=( -0.188773 -0.655164  0.731522)
     C    5    Vzz=   -0.3477    axis=(  0.765914 -0.564438 -0.307872)
     C    5  Q=         1.0000 1e-30 m^2  Cq=        -0.8169 MHz  eta= 0.95891

     H    6    Vxx=   -0.0841    axis=( -0.386084 -0.316650  0.866413)
     H    6    Vyy=   -0.2804    axis=( -0.922463  0.131088 -0.363151)
     H    6    Vzz=    0.3645    axis=(  0.001416 -0.939441 -0.342709)
     H    6  Q=         1.0000 1e-30 m^2  Cq=         0.8565 MHz  eta= 0.53834

     H    7    Vxx=   -0.0670    axis=(  0.943026 -0.026949 -0.331626)
     H    7    Vyy=   -0.5237    axis=(  0.294606  0.530837  0.794619)
     H    7    Vzz=    0.5907    axis=(  0.154625 -0.847045  0.508532)
     H    7  Q=         1.0000 1e-30 m^2  Cq=         1.3878 MHz  eta= 0.77326

     C    8    Vxx=    0.0270    axis=( -0.977078  0.094967  0.190523)
     C    8    Vyy=    0.6794    axis=(  0.182413 -0.087878  0.979287)
     C    8    Vzz=   -0.7064    axis=(  0.109742  0.991594  0.068540)
     C    8  Q=         1.0000 1e-30 m^2  Cq=        -1.6598 MHz  eta= 0.92354

     H    9    Vxx=   -0.0526    axis=(  0.327570  0.824159 -0.462016)
     H    9    Vyy=   -0.3926    axis=( -0.377127  0.562404  0.735851)
     H    9    Vzz=    0.4452    axis=(  0.866298 -0.066804  0.495039)
     H    9  Q=         1.0000 1e-30 m^2  Cq=         1.0460 MHz  eta= 0.76377

     C   10    Vxx=    0.1389    axis=(  0.251273 -0.933474  0.255907)
     C   10    Vyy=    0.3570    axis=(  0.409001 -0.137226 -0.902157)
     C   10    Vzz=   -0.4959    axis=(  0.877257  0.331353  0.347311)
     C   10  Q=         1.0000 1e-30 m^2  Cq=        -1.1651 MHz  eta= 0.43979

     C   11    Vxx=    0.0325    axis=( -0.536698  0.270880  0.799111)
     C   11    Vyy=    0.7771    axis=( -0.679938 -0.699647 -0.219495)
     C   11    Vzz=   -0.8096    axis=(  0.499639 -0.661149  0.559681)
     C   11  Q=         1.0000 1e-30 m^2  Cq=        -1.9021 MHz  eta= 0.91970

     Cl  12    Vxx=   -0.5001    axis=( -0.377947 -0.187494  0.906643)
     Cl  12    Vyy=   -2.0209    axis=(  0.586815 -0.805961  0.077949)
     Cl  12    Vzz=    2.5211    axis=(  0.716104  0.561492  0.414634)
     Cl  12  Q=        -8.1650 1e-30 m^2  Cq=       -48.3657 MHz  eta= 0.60323

     H   13    Vxx=   -0.0298    axis=(  0.752112 -0.537071  0.381946)
     H   13    Vyy=   -0.5754    axis=(  0.658006  0.579580 -0.480744)
     H   13    Vzz=    0.6052    axis=(  0.036826  0.612896  0.789305)
     H   13  Q=         1.0000 1e-30 m^2  Cq=         1.4220 MHz  eta= 0.90145

     C   14    Vxx=   -0.2344    axis=( -0.375137  0.864559  0.334380)
     C   14    Vyy=   -0.3090    axis=(  0.920098  0.303446  0.247671)
     C   14    Vzz=    0.5435    axis=( -0.112660 -0.400573  0.909312)
     C   14  Q=         1.0000 1e-30 m^2  Cq=         1.2770 MHz  eta= 0.13726

     H   15    Vxx=   -0.1025    axis=( -0.600673  0.435579  0.670419)
     H   15    Vyy=   -0.3241    axis=(  0.250084  0.898841 -0.359920)
     H   15    Vzz=    0.4265    axis=( -0.759374 -0.048533 -0.648841)
     H   15  Q=         1.0000 1e-30 m^2  Cq=         1.0022 MHz  eta= 0.51957

     C   16    Vxx=   -0.1178    axis=(  0.576386  0.623213  0.528569)
     C   16    Vyy=   -0.3940    axis=( -0.816929  0.455401  0.353888)
     C   16    Vzz=    0.5118    axis=( -0.020163 -0.635779  0.771608)
     C   16  Q=         1.0000 1e-30 m^2  Cq=         1.2025 MHz  eta= 0.53954

     C   17    Vxx=    0.0554    axis=(  0.669669  0.234483 -0.704671)
     C   17    Vyy=    0.4957    axis=( -0.594498  0.737933 -0.319417)
     C   17    Vzz=   -0.5511    axis=(  0.445102  0.632829  0.633570)
     C   17  Q=         1.0000 1e-30 m^2  Cq=        -1.2949 MHz  eta= 0.79902

     Cl  18    Vxx=   -0.0107    axis=(  0.357905 -0.213290  0.909072)
     Cl  18    Vyy=   -2.2120    axis=( -0.620249 -0.782052  0.060707)
     Cl  18    Vzz=    2.2227    axis=(  0.697993 -0.585578 -0.412193)
     Cl  18  Q=        -8.1650 1e-30 m^2  Cq=       -42.6410 MHz  eta= 0.99041

     H   19    Vxx=    0.0182    axis=(  0.899852 -0.143125 -0.412047)
     H   19    Vyy=    0.4991    axis=(  0.102304 -0.849038  0.518333)
     H   19    Vzz=   -0.5173    axis=( -0.424030 -0.508577 -0.749365)
     H   19  Q=         1.0000 1e-30 m^2  Cq=        -1.2156 MHz  eta= 0.92964

     C   20    Vxx=   -0.0085    axis=(  0.025838  0.122174  0.992172)
     C   20    Vyy=   -0.6066    axis=( -0.999482 -0.015903  0.027987)
     C   20    Vzz=    0.6151    axis=(  0.019197 -0.992381  0.121700)
     C   20  Q=         1.0000 1e-30 m^2  Cq=         1.4451 MHz  eta= 0.97237

     H   21    Vxx=    0.0226    axis=( -0.123393  0.383791  0.915138)
     H   21    Vyy=    0.6754    axis=( -0.818931  0.481456 -0.312335)
     H   21    Vzz=   -0.6980    axis=( -0.560470 -0.787975  0.254890)
     H   21  Q=         1.0000 1e-30 m^2  Cq=        -1.6399 MHz  eta= 0.93530

     C   22    Vxx=   -0.0022    axis=( -0.719200  0.484003  0.498489)
     C   22    Vyy=   -0.4672    axis=(  0.352329 -0.364315  0.862055)
     C   22    Vzz=    0.4694    axis=( -0.598845 -0.795622 -0.091487)
     C   22  Q=         1.0000 1e-30 m^2  Cq=         1.1030 MHz  eta= 0.99044

     C   23    Vxx=   -0.1948    axis=( -0.280430  0.742168  0.608725)
     C   23    Vyy=   -0.7991    axis=( -0.958880 -0.187746 -0.212838)
     C   23    Vzz=    0.9939    axis=( -0.043677 -0.643380  0.764300)
     C   23  Q=         1.0000 1e-30 m^2  Cq=         2.3353 MHz  eta= 0.60806

     Cl  24    Vxx=    0.2292    axis=(  0.692455  0.275276  0.666881)
     Cl  24    Vyy=    2.6624    axis=( -0.426645 -0.589156  0.686199)
     Cl  24    Vzz=   -2.8917    axis=(  0.581791 -0.759683 -0.290518)
     Cl  24  Q=        -8.1650 1e-30 m^2  Cq=        55.4752 MHz  eta= 0.84145

     Initialization:
     gipaw_setup  :      9.22s CPU     11.04s WALL (       1 calls)

     Linear response

     Apply operators

     Induced current

     Other routines
     efg          :      9.38s CPU     12.36s WALL (       1 calls)

     General routines
     calbec       :      3.54s CPU      5.05s WALL (      16 calls)
     fft          :      1.46s CPU      2.11s WALL (      15 calls)
     ffts         :      0.04s CPU      0.05s WALL (       2 calls)
     fftw         :      3.08s CPU      3.86s WALL (     672 calls)
     davcio       :      0.02s CPU      0.30s WALL (      32 calls)

     Parallel routines
     fft_scatter  :      1.98s CPU      3.21s WALL (     689 calls)

     Plugins

     GIPAW        :     60.93s CPU     77.40s WALL (       1 calls)
