
     Program QE v.6.0 (svn rev. 13079) starts on 13Jan2017 at  8:37:54 

     This program is part of the open-source Quantum ESPRESSO suite
     for quantum simulation of materials; please cite
         "P. Giannozzi et al., J. Phys.:Condens. Matter 21 395502 (2009);
          URL http://www.quantum-espresso.org", 
     in publications or presentations arising from this work. More details at
     http://www.quantum-espresso.org/quote

     Parallel version (MPI), running on     8 processors
     R & G space division:  proc/nbgrp/npool/nimage =       8

     ***** This is GIPAW svn revision unknown      *****

     Parallelizing q-star over 1 images

     Reading data from directory:
     /users/majewski/paradichlorobenzene/pbe/9_constraint/scratch/pbe.ecut100.np8.dt60.pcl2phi-129368.save
     Message from routine read_xml_file:
     file /users/majewski/paradichlorobenzene/pbe/9_constraint/scratch/pbe.ecut100.np8.dt60.pcl2phi-129368.save not guaranteed to be safe for post-processing

   Info: using nr1, nr2, nr3 values from input

   Info: using nr1, nr2, nr3 values from input

     IMPORTANT: XC functional enforced from input :
     Exchange-correlation      =  SLA  PW   PBX  PBC ( 1  4  3  4 0 0)
     Any further DFT definition will be discarded
     Please, verify this is what you really want

               file C.pbe-n-kjpaw_psl.1.0.0.UPF: wavefunction(s)  2S 2P renormalized
               file Cl.pbe-n-kjpaw_psl.1.0.0.UPF: wavefunction(s)  3S 3P renormalized
               file H.pbe-kjpaw_psl.1.0.0.UPF: wavefunction(s)  1S renormalized

     Parallelization info
     --------------------
     sticks:   dense  smooth     PW     G-vecs:    dense   smooth      PW
     Min        3057    1223    332               144436    36536    5170
     Max        3059    1225    333               144437    36537    5171
     Sum       24467    9791   2657              1155489   292295   41363


     Subspace diagonalization in iterative solution of the eigenvalue problem:
     a serial algorithm will be used

     GIPAW projectors -----------------------------------------------
     atom=  C    l=0  rc=    1.2000  rs=    0.8000
     atom=  C    l=0  rc=    1.2000  rs=    0.8000
     atom=  C    l=1  rc=    1.4000  rs=    0.9333
     atom=  C    l=1  rc=    1.4000  rs=    0.9333
     projs nearly linearly dependent: l=1  n1,n2= 1, 2  s=  0.99951561

     atom=  Cl   l=0  rc=    1.6000  rs=    1.0667
     atom=  Cl   l=0  rc=    1.6000  rs=    1.0667
     atom=  Cl   l=1  rc=    1.6000  rs=    1.0667
     atom=  Cl   l=1  rc=    1.6000  rs=    1.0667
     atom=  Cl   l=2  rc=    1.6000  rs=    1.0667
     atom=  Cl   l=2  rc=    1.6000  rs=    1.0667
     projs nearly linearly dependent: l=2  n1,n2= 1, 2  s=  0.99993509

     atom=  H    l=0  rc=    1.0000  rs=    0.6667
     atom=  H    l=0  rc=    1.0000  rs=    0.6667
     projs nearly linearly dependent: l=0  n1,n2= 1, 2  s=  0.99968852
     -----------------------------------------------------------------

     GIPAW integrals: -------------------------------------------
     Atom  i/j   nmr_para   nmr_dia   epr_rmc  epr_para   epr_dia
       C   1 1   0.83E+03  0.17E-01  0.93E+01  0.24E+08  0.24E+03
       C   2 1   0.86E+03 -0.61E-01  0.94E+01  0.25E+08  0.25E+03
       C   2 2   0.90E+03 -0.15E+00  0.97E+01  0.26E+08  0.26E+03
       C   3 3   0.33E+01  0.34E+00  0.18E+01  0.55E+03  0.21E+02
       C   4 3   0.35E+01  0.37E+00  0.20E+01  0.59E+03  0.22E+02
       C   4 4   0.38E+01  0.39E+00  0.22E+01  0.63E+03  0.24E+02
       Cl  1 1   0.14E+04 -0.47E+00  0.84E+01  0.32E+09  0.42E+03
       Cl  2 1   0.21E+04 -0.37E+00  0.12E+02  0.49E+09  0.65E+03
       Cl  2 2   0.33E+04 -0.16E+00  0.21E+02  0.76E+09  0.10E+04
       Cl  3 3   0.21E+02  0.79E-01  0.89E+01  0.23E+05  0.13E+03
       Cl  4 3   0.24E+02  0.67E-01  0.99E+01  0.27E+05  0.15E+03
       Cl  4 4   0.28E+02  0.44E-01  0.11E+02  0.32E+05  0.18E+03
       Cl  5 5   0.77E+00  0.19E+00  0.18E+01  0.12E+03  0.22E+02
       Cl  6 5   0.80E+00  0.19E+00  0.19E+01  0.12E+03  0.23E+02
       Cl  6 6   0.83E+00  0.20E+00  0.19E+01  0.12E+03  0.23E+02
       H   1 1   0.39E+02  0.19E+00  0.29E+00  0.78E+05  0.13E+02
       H   2 1   0.41E+02  0.21E+00  0.32E+00  0.82E+05  0.14E+02
       H   2 2   0.43E+02  0.22E+00  0.36E+00  0.86E+05  0.15E+02
     ------------------------------------------------------------

     alpha_pv=     33.8401 eV

     Number of occupied bands for each k-point:
     k-point:     1    nbnd_occ=  42
     k-point:     2    nbnd_occ=  42
     k-point:     3    nbnd_occ=  42
     k-point:     4    nbnd_occ=  42
     k-point:     5    nbnd_occ=  42
     k-point:     6    nbnd_occ=  42
     k-point:     7    nbnd_occ=  42
     k-point:     8    nbnd_occ=  42
     k-point:     9    nbnd_occ=  42
     k-point:    10    nbnd_occ=  42
     k-point:    11    nbnd_occ=  42
     k-point:    12    nbnd_occ=  42
     k-point:    13    nbnd_occ=  42
     k-point:    14    nbnd_occ=  42
     k-point:    15    nbnd_occ=  42
     k-point:    16    nbnd_occ=  42


     q-space interpolation up to   110.00 Rydberg

     GIPAW job: efg                                                                             


     ELECTRIC FIELD GRADIENTS TENSORS IN Hartree/bohrradius^2:

     ----- bare term -----
     Cl   1        0.291123        0.090869       -0.203179
     Cl   1        0.090869        0.377287       -0.004009
     Cl   1       -0.203179       -0.004009       -0.668410

     C    2       -0.112986        0.287118       -0.088268
     C    2        0.287118       -0.472183       -0.398318
     C    2       -0.088268       -0.398318        0.585169

     C    3       -0.215443        0.408404       -0.351231
     C    3        0.408404       -0.252216       -0.333924
     C    3       -0.351231       -0.333924        0.467660

     H    4       -0.048167       -0.124261       -0.315206
     H    4       -0.124261        0.459594       -0.314412
     H    4       -0.315206       -0.314412       -0.411427

     C    5       -0.541891        0.230147       -0.381501
     C    5        0.230147        0.211079       -0.150377
     C    5       -0.381501       -0.150377        0.330812

     H    6       -0.160532        0.287111       -0.259640
     H    6        0.287111       -0.242354       -0.312473
     H    6       -0.259640       -0.312473        0.402886

     H    7        0.341875        0.213117        0.050250
     H    7        0.213117       -0.569453       -0.262421
     H    7        0.050250       -0.262421        0.227578

     C    8       -0.130299        0.047103       -0.181133
     C    8        0.047103       -0.089195        0.213822
     C    8       -0.181133        0.213822        0.219495

     H    9       -0.196262        0.399832        0.101556
     H    9        0.399832       -0.072816       -0.184918
     H    9        0.101556       -0.184918        0.269078

     C   10       -0.052020       -0.082322        0.177649
     C   10       -0.082322       -0.082002       -0.095407
     C   10        0.177649       -0.095407        0.134022

     C   11       -0.075626        0.011571       -0.260734
     C   11        0.011571        0.051117        0.708095
     C   11       -0.260734        0.708095        0.024509

     Cl  12       -0.198928       -0.265749       -0.022156
     Cl  12       -0.265749        0.201354        0.046719
     Cl  12       -0.022156        0.046719       -0.002426

     H   13       -0.091593        0.323325       -0.025477
     H   13        0.323325       -0.228358       -0.258778
     H   13       -0.025477       -0.258778        0.319951

     C   14       -0.064818       -0.376151       -0.485023
     C   14       -0.376151       -0.068911       -0.544902
     C   14       -0.485023       -0.544902        0.133729

     H   15        0.062809       -0.027890       -0.236559
     H   15       -0.027890       -0.011260       -0.464974
     H   15       -0.236559       -0.464974       -0.051549

     C   16       -0.589241        0.422711       -0.325645
     C   16        0.422711        0.173635       -0.111378
     C   16       -0.325645       -0.111378        0.415606

     C   17        0.160526        0.151250       -0.076824
     C   17        0.151250       -0.367988       -0.501174
     C   17       -0.076824       -0.501174        0.207463

     Cl  18        0.224252        0.054303       -0.220395
     Cl  18        0.054303       -0.126572       -0.613692
     Cl  18       -0.220395       -0.613692       -0.097680

     H   19        0.408648        0.248970        0.084805
     H   19        0.248970       -0.561057       -0.251001
     H   19        0.084805       -0.251001        0.152409

     C   20       -0.719346       -0.252199       -0.446755
     C   20       -0.252199        0.042433        0.049180
     C   20       -0.446755        0.049180        0.676913

     H   21       -0.479335        0.317044        0.236383
     H   21        0.317044        0.327851       -0.005050
     H   21        0.236383       -0.005050        0.151484

     C   22       -0.019880       -0.047904       -0.259120
     C   22       -0.047904       -0.497053        0.401280
     C   22       -0.259120        0.401280        0.516933

     C   23       -0.467371       -0.262605       -0.376324
     C   23       -0.262605        0.162310        0.349184
     C   23       -0.376324        0.349184        0.305062

     Cl  24       -0.066083        0.050993        0.013962
     Cl  24        0.050993       -0.008273       -0.130247
     Cl  24        0.013962       -0.130247        0.074356

     ----- ionic term -----
     Cl   1        0.172362       -0.220482        0.097508
     Cl   1       -0.220482       -0.039280       -0.047019
     Cl   1        0.097508       -0.047019       -0.133082

     C    2        0.069801       -0.237128        0.366106
     C    2       -0.237128        0.176390        0.342045
     C    2        0.366106        0.342045       -0.246191

     C    3        0.145808       -0.273139        0.286786
     C    3       -0.273139        0.193938        0.292146
     C    3        0.286786        0.292146       -0.339746

     H    4        0.362600        0.336356        0.742021
     H    4        0.336356       -0.344848        0.334401
     H    4        0.742021        0.334401       -0.017753

     C    5        0.261462       -0.188479        0.349796
     C    5       -0.188479        0.075354        0.245724
     C    5        0.349796        0.245724       -0.336816

     H    6       -0.458954       -0.250521       -0.077160
     H    6       -0.250521        0.823294        0.529442
     H    6       -0.077160        0.529442       -0.364340

     H    7       -0.501944       -0.169947        0.046389
     H    7       -0.169947        1.045931       -0.273854
     H    7        0.046389       -0.273854       -0.543987

     C    8        0.409247        0.063596        0.105542
     C    8        0.063596        0.169313       -0.226502
     C    8        0.105542       -0.226502       -0.578561

     H    9        0.692988       -0.509902        0.430146
     H    9       -0.509902       -0.261570       -0.223010
     H    9        0.430146       -0.223010       -0.431417

     C   10        0.212631        0.122909        0.064930
     C   10        0.122909        0.342542       -0.316578
     C   10        0.064930       -0.316578       -0.555173

     C   11        0.268245        0.014091        0.124995
     C   11        0.014091        0.329608       -0.257385
     C   11        0.124995       -0.257385       -0.597853

     Cl  12        0.136972        0.191061        0.014157
     Cl  12        0.191061        0.026856        0.015994
     Cl  12        0.014157        0.015994       -0.163828

     H   13       -0.460063       -0.288551       -0.138238
     H   13       -0.288551        0.640164        0.639451
     H   13       -0.138238        0.639451       -0.180101

     C   14        0.187393       -0.239947        0.328242
     C   14       -0.239947        0.011211        0.278774
     C   14        0.328242        0.278774       -0.198604

     H   15        0.211197        0.356203        0.709926
     H   15        0.356203       -0.297639        0.412734
     H   15        0.709926        0.412734        0.086442

     C   16        0.130690       -0.284941        0.245038
     C   16       -0.284941        0.112047        0.348356
     C   16        0.245038        0.348356       -0.242738

     C   17        0.222178       -0.197195        0.338117
     C   17       -0.197195        0.058033        0.369938
     C   17        0.338117        0.369938       -0.280211

     Cl  18        0.209572       -0.186819        0.089565
     Cl  18       -0.186819       -0.058944       -0.039432
     Cl  18        0.089565       -0.039432       -0.150628

     H   19       -0.517114       -0.179025        0.032670
     H   19       -0.179025        1.118115       -0.121475
     H   19        0.032670       -0.121475       -0.601001

     C   20        0.363134        0.024691        0.098095
     C   20        0.024691        0.241121       -0.139385
     C   20        0.098095       -0.139385       -0.604254

     H   21        0.797517       -0.519401        0.291699
     H   21       -0.519401       -0.278877       -0.155635
     H   21        0.291699       -0.155635       -0.518641

     C   22        0.225405        0.075838        0.088198
     C   22        0.075838        0.322292       -0.262047
     C   22        0.088198       -0.262047       -0.547696

     C   23        0.268347       -0.025271        0.120932
     C   23       -0.025271        0.274452       -0.315595
     C   23        0.120932       -0.315595       -0.542799

     Cl  24        0.129311        0.203257       -0.041797
     Cl  24        0.203257        0.003715       -0.019918
     Cl  24       -0.041797       -0.019918       -0.133026

     ----- GIPAW term -----
     Cl   1        0.183696       -0.551033        0.145991
     Cl   1       -0.551033       -0.129477       -0.031649
     Cl   1        0.145991       -0.031649       -0.054219

     C    2       -0.076836       -0.046034        0.068078
     C    2       -0.046034       -0.166496       -0.106029
     C    2        0.068078       -0.106029        0.243333

     C    3       -0.018946        0.054266       -0.191468
     C    3        0.054266       -0.111628       -0.032457
     C    3       -0.191468       -0.032457        0.130574

     H    4       -0.000000        0.000000        0.000000
     H    4        0.000000        0.000000        0.000000
     H    4        0.000000        0.000000        0.000000

     C    5        0.027408        0.155999        0.106883
     C    5        0.155999       -0.011386        0.094190
     C    5        0.106883        0.094190       -0.016022

     H    6       -0.000000        0.000000        0.000000
     H    6        0.000000        0.000000        0.000000
     H    6        0.000000        0.000000        0.000000

     H    7       -0.000000        0.000000        0.000000
     H    7        0.000000        0.000000        0.000000
     H    7        0.000000        0.000000        0.000000

     C    8       -0.056692       -0.004692       -0.020407
     C    8       -0.004692        0.031842        0.122589
     C    8       -0.020407        0.122589        0.024850

     H    9       -0.000000        0.000000        0.000000
     H    9        0.000000        0.000000        0.000000
     H    9        0.000000        0.000000        0.000000

     C   10        0.000386        0.009626        0.023329
     C   10        0.009626        0.008565       -0.017619
     C   10        0.023329       -0.017619       -0.008951

     C   11       -0.062683        0.022785       -0.063592
     C   11        0.022785        0.177003        0.220637
     C   11       -0.063592        0.220637       -0.114321

     Cl  12       -0.179456        0.189313       -0.272090
     Cl  12        0.189313        2.307111        0.442691
     Cl  12       -0.272090        0.442691       -2.127655

     H   13       -0.000000        0.000000        0.000000
     H   13        0.000000        0.000000        0.000000
     H   13        0.000000        0.000000        0.000000

     C   14        0.104691       -0.212166       -0.027933
     C   14       -0.212166       -0.001700       -0.091157
     C   14       -0.027933       -0.091157       -0.102991

     H   15       -0.000000        0.000000        0.000000
     H   15        0.000000        0.000000        0.000000
     H   15        0.000000        0.000000        0.000000

     C   16       -0.065745       -0.078593       -0.079630
     C   16       -0.078593        0.098625        0.067975
     C   16       -0.079630        0.067975       -0.032880

     C   17       -0.049846        0.023001        0.054401
     C   17        0.023001        0.099572        0.148710
     C   17        0.054401        0.148710       -0.049726

     Cl  18        0.398363       -0.083545        0.098770
     Cl  18       -0.083545       -0.238089       -0.420466
     Cl  18        0.098770       -0.420466       -0.160274

     H   19       -0.000000        0.000000        0.000000
     H   19        0.000000        0.000000        0.000000
     H   19        0.000000        0.000000        0.000000

     C   20       -0.196954       -0.012768       -0.127599
     C   20       -0.012768       -0.083931       -0.090423
     C   20       -0.127599       -0.090423        0.280885

     H   21       -0.000000        0.000000        0.000000
     H   21        0.000000        0.000000        0.000000
     H   21        0.000000        0.000000        0.000000

     C   22       -0.066519        0.038195       -0.163323
     C   22        0.038195       -0.168167       -0.024412
     C   22       -0.163323       -0.024412        0.234686

     C   23       -0.090396        0.058716       -0.062834
     C   23        0.058716        0.194357        0.063989
     C   23       -0.062834        0.063989       -0.103961

     Cl  24       -0.063853        2.237462       -0.288436
     Cl  24        2.237462        0.202991       -1.883244
     Cl  24       -0.288436       -1.883244       -0.139138

     ----- total EFG -----
     Cl   1        0.647180       -0.680646        0.040320
     Cl   1       -0.680646        0.208531       -0.082677
     Cl   1        0.040320       -0.082677       -0.855711

     C    2       -0.120021        0.003957        0.345916
     C    2        0.003957       -0.462289       -0.162301
     C    2        0.345916       -0.162301        0.582310

     C    3       -0.088581        0.189531       -0.255913
     C    3        0.189531       -0.169906       -0.074235
     C    3       -0.255913       -0.074235        0.258487

     H    4        0.314434        0.212095        0.426815
     H    4        0.212095        0.114747        0.019990
     H    4        0.426815        0.019990       -0.429180

     C    5       -0.253021        0.197667        0.075178
     C    5        0.197667        0.275047        0.189537
     C    5        0.075178        0.189537       -0.022026

     H    6       -0.619486        0.036591       -0.336800
     H    6        0.036591        0.580940        0.216970
     H    6       -0.336800        0.216970        0.038545

     H    7       -0.160070        0.043170        0.096639
     H    7        0.043170        0.476478       -0.536274
     H    7        0.096639       -0.536274       -0.316409

     C    8        0.222256        0.106007       -0.095997
     C    8        0.106007        0.111960        0.109909
     C    8       -0.095997        0.109909       -0.334217

     H    9        0.496726       -0.110070        0.531703
     H    9       -0.110070       -0.334387       -0.407928
     H    9        0.531703       -0.407928       -0.162339

     C   10        0.160997        0.050213        0.265907
     C   10        0.050213        0.269105       -0.429603
     C   10        0.265907       -0.429603       -0.430101

     C   11        0.129937        0.048447       -0.199331
     C   11        0.048447        0.557728        0.671348
     C   11       -0.199331        0.671348       -0.687665

     Cl  12       -0.241411        0.114625       -0.280090
     Cl  12        0.114625        2.535321        0.505405
     Cl  12       -0.280090        0.505405       -2.293910

     H   13       -0.551656        0.034774       -0.163715
     H   13        0.034774        0.411806        0.380673
     H   13       -0.163715        0.380673        0.139850

     C   14        0.227266       -0.828265       -0.184713
     C   14       -0.828265       -0.059400       -0.357285
     C   14       -0.184713       -0.357285       -0.167866

     H   15        0.274006        0.328313        0.473367
     H   15        0.328313       -0.308899       -0.052239
     H   15        0.473367       -0.052239        0.034893

     C   16       -0.524296        0.059178       -0.160238
     C   16        0.059178        0.384308        0.304953
     C   16       -0.160238        0.304953        0.139989

     C   17        0.332858       -0.022944        0.315694
     C   17       -0.022944       -0.210384        0.017473
     C   17        0.315694        0.017473       -0.122474

     Cl  18        0.832187       -0.216061       -0.032060
     Cl  18       -0.216061       -0.423605       -1.073590
     Cl  18       -0.032060       -1.073590       -0.408582

     H   19       -0.108466        0.069945        0.117475
     H   19        0.069945        0.557058       -0.372476
     H   19        0.117475       -0.372476       -0.448592

     C   20       -0.553166       -0.240276       -0.476258
     C   20       -0.240276        0.199623       -0.180629
     C   20       -0.476258       -0.180629        0.353544

     H   21        0.318182       -0.202357        0.528081
     H   21       -0.202357        0.048974       -0.160684
     H   21        0.528081       -0.160684       -0.367156

     C   22        0.139006        0.066129       -0.334245
     C   22        0.066129       -0.342928        0.114820
     C   22       -0.334245        0.114820        0.203923

     C   23       -0.289421       -0.229159       -0.318226
     C   23       -0.229159        0.631119        0.097578
     C   23       -0.318226        0.097578       -0.341698

     Cl  24       -0.000625        2.491712       -0.316271
     Cl  24        2.491712        0.198433       -2.033408
     Cl  24       -0.316271       -2.033408       -0.197808

     ----- total EFG (symmetrized) -----
     Cl   1        0.647180       -0.680646        0.040320
     Cl   1       -0.680646        0.208531       -0.082677
     Cl   1        0.040320       -0.082677       -0.855711

     C    2       -0.120021        0.003957        0.345916
     C    2        0.003957       -0.462289       -0.162301
     C    2        0.345916       -0.162301        0.582310

     C    3       -0.088581        0.189531       -0.255913
     C    3        0.189531       -0.169906       -0.074235
     C    3       -0.255913       -0.074235        0.258487

     H    4        0.314434        0.212095        0.426815
     H    4        0.212095        0.114747        0.019990
     H    4        0.426815        0.019990       -0.429180

     C    5       -0.253021        0.197667        0.075178
     C    5        0.197667        0.275047        0.189537
     C    5        0.075178        0.189537       -0.022026

     H    6       -0.619486        0.036591       -0.336800
     H    6        0.036591        0.580940        0.216970
     H    6       -0.336800        0.216970        0.038545

     H    7       -0.160070        0.043170        0.096639
     H    7        0.043170        0.476478       -0.536274
     H    7        0.096639       -0.536274       -0.316409

     C    8        0.222256        0.106007       -0.095997
     C    8        0.106007        0.111960        0.109909
     C    8       -0.095997        0.109909       -0.334217

     H    9        0.496726       -0.110070        0.531703
     H    9       -0.110070       -0.334387       -0.407928
     H    9        0.531703       -0.407928       -0.162339

     C   10        0.160997        0.050213        0.265907
     C   10        0.050213        0.269105       -0.429603
     C   10        0.265907       -0.429603       -0.430101

     C   11        0.129937        0.048447       -0.199331
     C   11        0.048447        0.557728        0.671348
     C   11       -0.199331        0.671348       -0.687665

     Cl  12       -0.241411        0.114625       -0.280090
     Cl  12        0.114625        2.535321        0.505405
     Cl  12       -0.280090        0.505405       -2.293910

     H   13       -0.551656        0.034774       -0.163715
     H   13        0.034774        0.411806        0.380673
     H   13       -0.163715        0.380673        0.139850

     C   14        0.227266       -0.828265       -0.184713
     C   14       -0.828265       -0.059400       -0.357285
     C   14       -0.184713       -0.357285       -0.167866

     H   15        0.274006        0.328313        0.473367
     H   15        0.328313       -0.308899       -0.052239
     H   15        0.473367       -0.052239        0.034893

     C   16       -0.524296        0.059178       -0.160238
     C   16        0.059178        0.384308        0.304953
     C   16       -0.160238        0.304953        0.139989

     C   17        0.332858       -0.022944        0.315694
     C   17       -0.022944       -0.210384        0.017473
     C   17        0.315694        0.017473       -0.122474

     Cl  18        0.832187       -0.216061       -0.032060
     Cl  18       -0.216061       -0.423605       -1.073590
     Cl  18       -0.032060       -1.073590       -0.408582

     H   19       -0.108466        0.069945        0.117475
     H   19        0.069945        0.557058       -0.372476
     H   19        0.117475       -0.372476       -0.448592

     C   20       -0.553166       -0.240276       -0.476258
     C   20       -0.240276        0.199623       -0.180629
     C   20       -0.476258       -0.180629        0.353544

     H   21        0.318182       -0.202357        0.528081
     H   21       -0.202357        0.048974       -0.160684
     H   21        0.528081       -0.160684       -0.367156

     C   22        0.139006        0.066129       -0.334245
     C   22        0.066129       -0.342928        0.114820
     C   22       -0.334245        0.114820        0.203923

     C   23       -0.289421       -0.229159       -0.318226
     C   23       -0.229159        0.631119        0.097578
     C   23       -0.318226        0.097578       -0.341698

     Cl  24       -0.000625        2.491712       -0.316271
     Cl  24        2.491712        0.198433       -2.033408
     Cl  24       -0.316271       -2.033408       -0.197808


     NQR/NMR SPECTROSCOPIC PARAMETERS:
     Cl   1    Vxx=   -0.2840    axis=(  0.590558  0.803544 -0.074558)
     Cl   1    Vyy=   -0.8622    axis=(  0.011322  0.084131  0.996390)
     Cl   1    Vzz=    1.1463    axis=(  0.806916 -0.589270  0.040587)
     Cl   1  Q=        -8.1650 1e-30 m^2  Cq=       -21.9906 MHz  eta= 0.50442

     C    2    Vxx=   -0.2441    axis=( -0.907673 -0.260981  0.328661)
     C    2    Vyy=   -0.4983    axis=( -0.200048  0.957489  0.207838)
     C    2    Vzz=    0.7425    axis=(  0.368931 -0.122901  0.921295)
     C    2  Q=         1.0000 1e-30 m^2  Cq=         1.7445 MHz  eta= 0.34238

     C    3    Vxx=   -0.0890    axis=(  0.499182  0.695910  0.516262)
     C    3    Vyy=   -0.3463    axis=( -0.709303  0.670398 -0.217845)
     C    3    Vzz=    0.4353    axis=( -0.497702 -0.257442  0.828261)
     C    3  Q=         1.0000 1e-30 m^2  Cq=         1.0229 MHz  eta= 0.59101

     H    4    Vxx=    0.0363    axis=(  0.315136 -0.915625  0.249638)
     H    4    Vyy=    0.5940    axis=( -0.847110 -0.389979 -0.361000)
     H    4    Vzz=   -0.6303    axis=(  0.427894 -0.097707 -0.898532)
     H    4  Q=         1.0000 1e-30 m^2  Cq=        -1.4809 MHz  eta= 0.88481

     C    5    Vxx=   -0.1128    axis=( -0.081016 -0.404027  0.911152)
     C    5    Vyy=   -0.3194    axis=(  0.952337 -0.301112 -0.048843)
     C    5    Vzz=    0.4321    axis=(  0.294093  0.863767  0.409165)
     C    5  Q=         1.0000 1e-30 m^2  Cq=         1.0153 MHz  eta= 0.47814

     H    6    Vxx=    0.1096    axis=( -0.406604 -0.355761  0.841491)
     H    6    Vyy=    0.6623    axis=( -0.068137  0.930311  0.360388)
     H    6    Vzz=   -0.7719    axis=( -0.911060  0.089199 -0.402509)
     H    6  Q=         1.0000 1e-30 m^2  Cq=        -1.8136 MHz  eta= 0.71613

     H    7    Vxx=   -0.1353    axis=(  0.973649  0.107560  0.201091)
     H    7    Vyy=   -0.6116    axis=( -0.227983  0.437699  0.869738)
     H    7    Vzz=    0.7470    axis=(  0.005532 -0.892665  0.450687)
     H    7  Q=         1.0000 1e-30 m^2  Cq=         1.7551 MHz  eta= 0.63762

     C    8    Vxx=    0.0954    axis=( -0.456777  0.831967  0.314936)
     C    8    Vyy=    0.2878    axis=(  0.868067  0.494252 -0.046639)
     C    8    Vzz=   -0.3831    axis=(  0.194460 -0.252082  0.947966)
     C    8  Q=         1.0000 1e-30 m^2  Cq=        -0.9002 MHz  eta= 0.50219

     H    9    Vxx=   -0.1396    axis=(  0.521686  0.706586 -0.478100)
     H    9    Vyy=   -0.7296    axis=( -0.247495  0.661647  0.707792)
     H    9    Vzz=    0.8692    axis=(  0.816449 -0.250918  0.520048)
     H    9  Q=         1.0000 1e-30 m^2  Cq=         2.0423 MHz  eta= 0.67871

     C   10    Vxx=    0.2221    axis=(  0.925126  0.350277  0.146453)
     C   10    Vyy=    0.4910    axis=( -0.247395  0.848781 -0.467298)
     C   10    Vzz=   -0.7131    axis=( -0.287990  0.396077  0.871886)
     C   10  Q=         1.0000 1e-30 m^2  Cq=        -1.6755 MHz  eta= 0.37707

     C   11    Vxx=    0.1638    axis=(  0.983507  0.115812 -0.138929)
     C   11    Vyy=    0.8525    axis=( -0.050378  0.913127  0.404550)
     C   11    Vzz=   -1.0163    axis=(  0.173712 -0.390878  0.903902)
     C   11  Q=         1.0000 1e-30 m^2  Cq=        -2.3879 MHz  eta= 0.67765

     Cl  12    Vxx=   -0.2046    axis=(  0.990479 -0.016220 -0.136708)
     Cl  12    Vyy=   -2.3856    axis=( -0.134302  0.104338 -0.985432)
     Cl  12    Vzz=    2.5902    axis=(  0.030247  0.994410  0.101166)
     Cl  12  Q=        -8.1650 1e-30 m^2  Cq=       -49.6921 MHz  eta= 0.84200

     H   13    Vxx=   -0.0789    axis=( -0.306027 -0.569890  0.762609)
     H   13    Vyy=   -0.6047    axis=( -0.950460  0.137004 -0.279028)
     H   13    Vzz=    0.6837    axis=(  0.054535 -0.810219 -0.583584)
     H   13  Q=         1.0000 1e-30 m^2  Cq=         1.6063 MHz  eta= 0.76911

     C   14    Vxx=    0.0212    axis=( -0.355758 -0.286855  0.889466)
     C   14    Vyy=    0.9323    axis=( -0.748813  0.656963 -0.087628)
     C   14    Vzz=   -0.9536    axis=( -0.559210 -0.697218 -0.448521)
     C   14  Q=         1.0000 1e-30 m^2  Cq=        -2.2405 MHz  eta= 0.95545

     H   15    Vxx=   -0.1116    axis=(  0.287332  0.661429 -0.692785)
     H   15    Vyy=   -0.5854    axis=( -0.527041  0.713124  0.462257)
     H   15    Vzz=    0.6970    axis=( -0.799792 -0.232305 -0.553504)
     H   15  Q=         1.0000 1e-30 m^2  Cq=         1.6376 MHz  eta= 0.67987

     C   16    Vxx=   -0.0129    axis=( -0.306944 -0.550422  0.776416)
     C   16    Vyy=   -0.5794    axis=( -0.950972  0.144869 -0.273250)
     C   16    Vzz=    0.5922    axis=(  0.037924 -0.822222 -0.567902)
     C   16  Q=         1.0000 1e-30 m^2  Cq=         1.3914 MHz  eta= 0.95659

     C   17    Vxx=   -0.2023    axis=( -0.122987  0.952751  0.277741)
     C   17    Vyy=   -0.2923    axis=( -0.438385 -0.303237  0.846089)
     C   17    Vzz=    0.4946    axis=( -0.890333  0.017699 -0.454966)
     C   17  Q=         1.0000 1e-30 m^2  Cq=         1.1622 MHz  eta= 0.18191

     Cl  18    Vxx=    0.5918    axis=(  0.452129  0.600807 -0.659249)
     Cl  18    Vyy=    0.9112    axis=(  0.888763 -0.365907  0.276065)
     Cl  18    Vzz=   -1.5030    axis=( -0.075362 -0.710734 -0.699413)
     Cl  18  Q=        -8.1650 1e-30 m^2  Cq=        28.8344 MHz  eta= 0.21248

     H   19    Vxx=   -0.0738    axis=(  0.965173  0.045134  0.257690)
     H   19    Vyy=   -0.6073    axis=( -0.258816  0.308378  0.915378)
     H   19    Vzz=    0.6811    axis=( -0.038151 -0.950192  0.309320)
     H   19  Q=         1.0000 1e-30 m^2  Cq=         1.6004 MHz  eta= 0.78321

     C   20    Vxx=    0.2656    axis=(  0.335684 -0.936128 -0.104788)
     C   20    Vyy=    0.5741    axis=( -0.338473 -0.223684  0.914003)
     C   20    Vzz=   -0.8397    axis=( -0.879063 -0.271349 -0.391942)
     C   20  Q=         1.0000 1e-30 m^2  Cq=        -1.9729 MHz  eta= 0.36747

     H   21    Vxx=   -0.0471    axis=(  0.351351  0.929386  0.113112)
     H   21    Vyy=   -0.6570    axis=( -0.464123  0.067974  0.883159)
     H   21    Vzz=    0.7041    axis=(  0.813107 -0.362796  0.455232)
     H   21  Q=         1.0000 1e-30 m^2  Cq=         1.6544 MHz  eta= 0.86627

     C   22    Vxx=   -0.0997    axis=( -0.679095 -0.456092 -0.575161)
     C   22    Vyy=   -0.4096    axis=(  0.311987 -0.888587  0.336269)
     C   22    Vzz=    0.5093    axis=( -0.664450  0.048915  0.745730)
     C   22  Q=         1.0000 1e-30 m^2  Cq=         1.1966 MHz  eta= 0.60857

     C   23    Vxx=   -0.0731    axis=(  0.666911  0.310853 -0.677200)
     C   23    Vyy=   -0.6407    axis=( -0.694448 -0.070183 -0.716112)
     C   23    Vzz=    0.7138    axis=(  0.270134 -0.947863 -0.169066)
     C   23  Q=         1.0000 1e-30 m^2  Cq=         1.6772 MHz  eta= 0.79519

     Cl  24    Vxx=   -0.4288    axis=(  0.633842 -0.010744  0.773388)
     Cl  24    Vyy=   -3.0019    axis=( -0.540720  0.708809  0.453003)
     Cl  24    Vzz=    3.4307    axis=( -0.553051 -0.705319  0.443463)
     Cl  24  Q=        -8.1650 1e-30 m^2  Cq=       -65.8165 MHz  eta= 0.75004

     Initialization:
     gipaw_setup  :      9.04s CPU     10.83s WALL (       1 calls)

     Linear response

     Apply operators

     Induced current

     Other routines
     efg          :      9.30s CPU     12.11s WALL (       1 calls)

     General routines
     calbec       :      3.21s CPU      4.12s WALL (      16 calls)
     fft          :      1.68s CPU      2.54s WALL (      15 calls)
     ffts         :      0.05s CPU      0.06s WALL (       2 calls)
     fftw         :      3.29s CPU      4.34s WALL (     672 calls)
     davcio       :      0.06s CPU      0.39s WALL (      32 calls)

     Parallel routines
     fft_scatter  :      2.30s CPU      4.07s WALL (     689 calls)

     Plugins

     GIPAW        :     60.48s CPU     72.16s WALL (       1 calls)
