
     Program QE v.6.0 (svn rev. 13079) starts on 17Jan2017 at 11:51: 8 

     This program is part of the open-source Quantum ESPRESSO suite
     for quantum simulation of materials; please cite
         "P. Giannozzi et al., J. Phys.:Condens. Matter 21 395502 (2009);
          URL http://www.quantum-espresso.org", 
     in publications or presentations arising from this work. More details at
     http://www.quantum-espresso.org/quote

     Parallel version (MPI), running on     8 processors
     R & G space division:  proc/nbgrp/npool/nimage =       8

     ***** This is GIPAW svn revision unknown      *****

     Parallelizing q-star over 1 images

     Reading data from directory:
     /users/majewski/paradichlorobenzene/pbe/9_constraint/scratch/pbe.ecut100.np8.dt60.pcl2phi-129368.save
     Message from routine read_xml_file:
     file /users/majewski/paradichlorobenzene/pbe/9_constraint/scratch/pbe.ecut100.np8.dt60.pcl2phi-129368.save not guaranteed to be safe for post-processing

   Info: using nr1, nr2, nr3 values from input

   Info: using nr1, nr2, nr3 values from input

     IMPORTANT: XC functional enforced from input :
     Exchange-correlation      =  SLA  PW   PBX  PBC ( 1  4  3  4 0 0)
     Any further DFT definition will be discarded
     Please, verify this is what you really want

               file C.pbe-n-kjpaw_psl.1.0.0.UPF: wavefunction(s)  2S 2P renormalized
               file Cl.pbe-n-kjpaw_psl.1.0.0.UPF: wavefunction(s)  3S 3P renormalized
               file H.pbe-kjpaw_psl.1.0.0.UPF: wavefunction(s)  1S renormalized

     Parallelization info
     --------------------
     sticks:   dense  smooth     PW     G-vecs:    dense   smooth      PW
     Min        3057    1223    332               144436    36536    5170
     Max        3059    1225    333               144437    36537    5171
     Sum       24467    9791   2657              1155489   292295   41363


     Subspace diagonalization in iterative solution of the eigenvalue problem:
     a serial algorithm will be used

     GIPAW projectors -----------------------------------------------
     atom=  C    l=0  rc=    1.2000  rs=    0.8000
     atom=  C    l=0  rc=    1.2000  rs=    0.8000
     atom=  C    l=1  rc=    1.4000  rs=    0.9333
     atom=  C    l=1  rc=    1.4000  rs=    0.9333
     projs nearly linearly dependent: l=1  n1,n2= 1, 2  s=  0.99951561

     atom=  Cl   l=0  rc=    1.6000  rs=    1.0667
     atom=  Cl   l=0  rc=    1.6000  rs=    1.0667
     atom=  Cl   l=1  rc=    1.6000  rs=    1.0667
     atom=  Cl   l=1  rc=    1.6000  rs=    1.0667
     atom=  Cl   l=2  rc=    1.6000  rs=    1.0667
     atom=  Cl   l=2  rc=    1.6000  rs=    1.0667
     projs nearly linearly dependent: l=2  n1,n2= 1, 2  s=  0.99993509

     atom=  H    l=0  rc=    1.0000  rs=    0.6667
     atom=  H    l=0  rc=    1.0000  rs=    0.6667
     projs nearly linearly dependent: l=0  n1,n2= 1, 2  s=  0.99968852
     -----------------------------------------------------------------

     GIPAW integrals: -------------------------------------------
     Atom  i/j   nmr_para   nmr_dia   epr_rmc  epr_para   epr_dia
       C   1 1   0.83E+03  0.17E-01  0.93E+01  0.24E+08  0.24E+03
       C   2 1   0.86E+03 -0.61E-01  0.94E+01  0.25E+08  0.25E+03
       C   2 2   0.90E+03 -0.15E+00  0.97E+01  0.26E+08  0.26E+03
       C   3 3   0.33E+01  0.34E+00  0.18E+01  0.55E+03  0.21E+02
       C   4 3   0.35E+01  0.37E+00  0.20E+01  0.59E+03  0.22E+02
       C   4 4   0.38E+01  0.39E+00  0.22E+01  0.63E+03  0.24E+02
       Cl  1 1   0.14E+04 -0.47E+00  0.84E+01  0.32E+09  0.42E+03
       Cl  2 1   0.21E+04 -0.37E+00  0.12E+02  0.49E+09  0.65E+03
       Cl  2 2   0.33E+04 -0.16E+00  0.21E+02  0.76E+09  0.10E+04
       Cl  3 3   0.21E+02  0.79E-01  0.89E+01  0.23E+05  0.13E+03
       Cl  4 3   0.24E+02  0.67E-01  0.99E+01  0.27E+05  0.15E+03
       Cl  4 4   0.28E+02  0.44E-01  0.11E+02  0.32E+05  0.18E+03
       Cl  5 5   0.77E+00  0.19E+00  0.18E+01  0.12E+03  0.22E+02
       Cl  6 5   0.80E+00  0.19E+00  0.19E+01  0.12E+03  0.23E+02
       Cl  6 6   0.83E+00  0.20E+00  0.19E+01  0.12E+03  0.23E+02
       H   1 1   0.39E+02  0.19E+00  0.29E+00  0.78E+05  0.13E+02
       H   2 1   0.41E+02  0.21E+00  0.32E+00  0.82E+05  0.14E+02
       H   2 2   0.43E+02  0.22E+00  0.36E+00  0.86E+05  0.15E+02
     ------------------------------------------------------------

     alpha_pv=     33.8495 eV

     Number of occupied bands for each k-point:
     k-point:     1    nbnd_occ=  42
     k-point:     2    nbnd_occ=  42
     k-point:     3    nbnd_occ=  42
     k-point:     4    nbnd_occ=  42
     k-point:     5    nbnd_occ=  42
     k-point:     6    nbnd_occ=  42
     k-point:     7    nbnd_occ=  42
     k-point:     8    nbnd_occ=  42
     k-point:     9    nbnd_occ=  42
     k-point:    10    nbnd_occ=  42
     k-point:    11    nbnd_occ=  42
     k-point:    12    nbnd_occ=  42
     k-point:    13    nbnd_occ=  42
     k-point:    14    nbnd_occ=  42
     k-point:    15    nbnd_occ=  42
     k-point:    16    nbnd_occ=  42


     q-space interpolation up to   110.00 Rydberg

     GIPAW job: efg                                                                             


     ELECTRIC FIELD GRADIENTS TENSORS IN Hartree/bohrradius^2:

     ----- bare term -----
     Cl   1       -0.043811        0.264483       -0.045501
     Cl   1        0.264483       -0.157983       -0.245518
     Cl   1       -0.045501       -0.245518        0.201794

     C    2        0.149583       -0.051204       -0.280031
     C    2       -0.051204       -0.108231       -0.614091
     C    2       -0.280031       -0.614091       -0.041353

     C    3       -0.606049        0.366874       -0.148026
     C    3        0.366874        0.117260       -0.135293
     C    3       -0.148026       -0.135293        0.488788

     H    4       -0.006427       -0.087470       -0.316892
     H    4       -0.087470       -0.180370       -0.497254
     H    4       -0.316892       -0.497254        0.186798

     C    5       -0.080870       -0.337552       -0.449289
     C    5       -0.337552       -0.014937       -0.518033
     C    5       -0.449289       -0.518033        0.095807

     H    6        0.049933        0.356651        0.039103
     H    6        0.356651       -0.367929       -0.309577
     H    6        0.039103       -0.309577        0.317996

     H    7        0.100258        0.074108        0.347797
     H    7        0.074108        0.016251        0.386689
     H    7        0.347797        0.386689       -0.116509

     C    8       -0.622674       -0.374032       -0.463958
     C    8       -0.374032        0.411553        0.098380
     C    8       -0.463958        0.098380        0.211121

     H    9       -0.257174        0.142439       -0.543487
     H    9        0.142439        0.226388        0.023195
     H    9       -0.543487        0.023195        0.030786

     C   10        0.080169       -0.460113       -0.105611
     C   10       -0.460113       -0.208712        0.542962
     C   10       -0.105611        0.542962        0.128543

     C   11       -0.356450       -0.330296       -0.411236
     C   11       -0.330296        0.151281        0.218304
     C   11       -0.411236        0.218304        0.205169

     Cl  12        0.050250       -0.022696       -0.076307
     Cl  12       -0.022696       -0.066643       -0.041930
     Cl  12       -0.076307       -0.041930        0.016393

     H   13        0.475510       -0.070930        0.144562
     H   13       -0.070930       -0.200767       -0.339912
     H   13        0.144562       -0.339912       -0.274743

     C   14       -0.695355        0.345520       -0.262075
     C   14        0.345520        0.408899       -0.176817
     C   14       -0.262075       -0.176817        0.286455

     H   15       -0.327448        0.059188       -0.560955
     H   15        0.059188        0.224444       -0.002228
     H   15       -0.560955       -0.002228        0.103004

     C   16       -0.080468        0.023939       -0.229246
     C   16        0.023939       -0.042957       -0.696259
     C   16       -0.229246       -0.696259        0.123426

     C   17       -0.527162        0.392009       -0.171250
     C   17        0.392009        0.122184       -0.296091
     C   17       -0.171250       -0.296091        0.404979

     Cl  18        0.137806       -0.148691       -0.061690
     Cl  18       -0.148691       -0.021961        0.010052
     Cl  18       -0.061690        0.010052       -0.115845

     H   19        0.463033        0.123290       -0.016008
     H   19        0.123290       -0.822574        0.197372
     H   19       -0.016008        0.197372        0.359541

     C   20       -0.082158       -0.152750       -0.158247
     C   20       -0.152750       -0.007341        0.445024
     C   20       -0.158247        0.445024        0.089499

     H   21       -0.041162        0.339330       -0.433054
     H   21        0.339330       -0.045704        0.459114
     H   21       -0.433054        0.459114        0.086866

     C   22       -0.784569       -0.389294       -0.353303
     C   22       -0.389294        0.336353        0.006222
     C   22       -0.353303        0.006222        0.448217

     C   23        0.081567       -0.215082       -0.075150
     C   23       -0.215082       -0.124877        0.528703
     C   23       -0.075150        0.528703        0.043309

     Cl  24       -0.200213       -0.267154        0.019058
     Cl  24       -0.267154        0.170973       -0.085317
     Cl  24        0.019058       -0.085317        0.029240

     ----- ionic term -----
     Cl   1        0.146567       -0.173802        0.069341
     Cl   1       -0.173802       -0.013856       -0.035087
     Cl   1        0.069341       -0.035087       -0.132711

     C    2        0.138232       -0.176381        0.335243
     C    2       -0.176381        0.072135        0.404791
     C    2        0.335243        0.404791       -0.210367

     C    3        0.186846       -0.331128        0.204533
     C    3       -0.331128        0.109556        0.395495
     C    3        0.204533        0.395495       -0.296402

     H    4        0.460703        0.240201        0.777735
     H    4        0.240201       -0.452518        0.265785
     H    4        0.777735        0.265785       -0.008185

     C    5        0.354231       -0.259830        0.258497
     C    5       -0.259830       -0.019077        0.310001
     C    5        0.258497        0.310001       -0.335155

     H    6       -0.467100       -0.175197       -0.093272
     H    6       -0.175197        0.588243        0.724953
     H    6       -0.093272        0.724953       -0.121143

     H    7       -0.491808        0.115320       -0.062887
     H    7        0.115320        0.464620       -0.768845
     H    7       -0.062887       -0.768845        0.027189

     C    8        0.291108        0.237065        0.334044
     C    8        0.237065       -0.033551       -0.305868
     C    8        0.334044       -0.305868       -0.257557

     H    9        0.649722       -0.392504        0.605541
     H    9       -0.392504       -0.347242       -0.257354
     H    9        0.605541       -0.257354       -0.302480

     C   10        0.222246        0.246952        0.218840
     C   10        0.246952        0.149390       -0.311912
     C   10        0.218840       -0.311912       -0.371635

     C   11        0.163598        0.186548        0.319090
     C   11        0.186548        0.108703       -0.338125
     C   11        0.319090       -0.338125       -0.272301

     Cl  12        0.149112        0.212480        0.040994
     Cl  12        0.212480       -0.014730        0.014621
     Cl  12        0.040994        0.014621       -0.134382

     H   13       -0.536805       -0.022873       -0.001685
     H   13       -0.022873        0.638587        0.735789
     H   13       -0.001685        0.735789       -0.101782

     C   14        0.262412       -0.170325        0.271253
     C   14       -0.170325       -0.018002        0.338993
     C   14        0.271253        0.338993       -0.244410

     H   15        0.605033        0.375246        0.605368
     H   15        0.375246       -0.380940        0.273569
     H   15        0.605368        0.273569       -0.224093

     C   16        0.242300       -0.239788        0.146524
     C   16       -0.239788        0.061312        0.365860
     C   16        0.146524        0.365860       -0.303613

     C   17        0.287886       -0.193491        0.230553
     C   17       -0.193491       -0.012908        0.408753
     C   17        0.230553        0.408753       -0.274977

     Cl  18        0.196034       -0.233666       -0.011297
     Cl  18       -0.233666       -0.054864        0.007910
     Cl  18       -0.011297        0.007910       -0.141170

     H   19       -0.531665        0.007494        0.015940
     H   19        0.007494        0.697409       -0.684717
     H   19        0.015940       -0.684717       -0.165744

     C   20        0.188371        0.225144        0.348869
     C   20        0.225144        0.104921       -0.242647
     C   20        0.348869       -0.242647       -0.293292

     H   21        0.540611       -0.337113        0.681821
     H   21       -0.337113       -0.435292       -0.273395
     H   21        0.681821       -0.273395       -0.105319

     C   22        0.073636        0.263383        0.250543
     C   22        0.263383        0.171797       -0.361867
     C   22        0.250543       -0.361867       -0.245433

     C   23        0.135655        0.197586        0.307180
     C   23        0.197586        0.086027       -0.451734
     C   23        0.307180       -0.451734       -0.221682

     Cl  24        0.121114        0.208736        0.010953
     Cl  24        0.208736        0.034256        0.004055
     Cl  24        0.010953        0.004055       -0.155371

     ----- GIPAW term -----
     Cl   1       -0.805424        0.152188        0.285964
     Cl   1        0.152188        0.822341        1.428575
     Cl   1        0.285964        1.428575       -0.016916

     C    2       -0.042414       -0.035404       -0.028721
     C    2       -0.035404        0.194776       -0.000343
     C    2       -0.028721       -0.000343       -0.152362

     C    3       -0.079668       -0.117996       -0.009827
     C    3       -0.117996        0.143933        0.017173
     C    3       -0.009827        0.017173       -0.064265

     H    4       -0.000000        0.000000        0.000000
     H    4        0.000000        0.000000        0.000000
     H    4        0.000000        0.000000        0.000000

     C    5       -0.005961       -0.199620       -0.047785
     C    5       -0.199620        0.127786       -0.083851
     C    5       -0.047785       -0.083851       -0.121825

     H    6       -0.000000        0.000000        0.000000
     H    6        0.000000        0.000000        0.000000
     H    6        0.000000        0.000000        0.000000

     H    7       -0.000000        0.000000        0.000000
     H    7        0.000000        0.000000        0.000000
     H    7        0.000000        0.000000        0.000000

     C    8       -0.063669       -0.195217       -0.048775
     C    8       -0.195217        0.165582       -0.012190
     C    8       -0.048775       -0.012190       -0.101913

     H    9       -0.000000        0.000000        0.000000
     H    9        0.000000        0.000000        0.000000
     H    9        0.000000        0.000000        0.000000

     C   10       -0.005806       -0.184845       -0.073171
     C   10       -0.184845        0.066226        0.155616
     C   10       -0.073171        0.155616       -0.060421

     C   11       -0.065206       -0.085948       -0.087706
     C   11       -0.085948        0.146292        0.110674
     C   11       -0.087706        0.110674       -0.081086

     Cl  12       -0.306409        0.798084       -0.714114
     Cl  12        0.798084        0.953819        2.023926
     Cl  12       -0.714114        2.023926       -0.647410

     H   13       -0.000000        0.000000        0.000000
     H   13        0.000000        0.000000        0.000000
     H   13        0.000000        0.000000        0.000000

     C   14       -0.177101        0.065215       -0.028166
     C   14        0.065215        0.226459       -0.091987
     C   14       -0.028166       -0.091987       -0.049358

     H   15       -0.000000        0.000000        0.000000
     H   15        0.000000        0.000000        0.000000
     H   15        0.000000        0.000000        0.000000

     C   16       -0.130981       -0.065558       -0.021097
     C   16       -0.065558        0.170511       -0.235087
     C   16       -0.021097       -0.235087       -0.039530

     C   17       -0.070598       -0.165834        0.021900
     C   17       -0.165834        0.180440       -0.086069
     C   17        0.021900       -0.086069       -0.109842

     Cl  18        2.655997       -3.186226       -0.592206
     Cl  18       -3.186226       -0.341537        0.118627
     Cl  18       -0.592206        0.118627       -2.314460

     H   19       -0.000000        0.000000        0.000000
     H   19        0.000000        0.000000        0.000000
     H   19        0.000000        0.000000        0.000000

     C   20       -0.083171       -0.094802       -0.011818
     C   20       -0.094802        0.225285        0.111225
     C   20       -0.011818        0.111225       -0.142114

     H   21       -0.000000        0.000000        0.000000
     H   21        0.000000        0.000000        0.000000
     H   21        0.000000        0.000000        0.000000

     C   22       -0.258772       -0.072389       -0.047423
     C   22       -0.072389        0.230407       -0.180808
     C   22       -0.047423       -0.180808        0.028365

     C   23       -0.029801       -0.077668        0.042818
     C   23       -0.077668        0.201490       -0.064792
     C   23        0.042818       -0.064792       -0.171689

     Cl  24       -0.260438        0.138145        0.244549
     Cl  24        0.138145        2.129199       -1.072205
     Cl  24        0.244549       -1.072205       -1.868761

     ----- total EFG -----
     Cl   1       -0.702668        0.242869        0.309805
     Cl   1        0.242869        0.650501        1.147970
     Cl   1        0.309805        1.147970        0.052167

     C    2        0.245402       -0.262989        0.026490
     C    2       -0.262989        0.158681       -0.209644
     C    2        0.026490       -0.209644       -0.404082

     C    3       -0.498870       -0.082250        0.046680
     C    3       -0.082250        0.370749        0.277375
     C    3        0.046680        0.277375        0.128121

     H    4        0.454275        0.152731        0.460842
     H    4        0.152731       -0.632888       -0.231469
     H    4        0.460842       -0.231469        0.178613

     C    5        0.267401       -0.797001       -0.238577
     C    5       -0.797001        0.093772       -0.291883
     C    5       -0.238577       -0.291883       -0.361173

     H    6       -0.417168        0.181454       -0.054169
     H    6        0.181454        0.220315        0.415376
     H    6       -0.054169        0.415376        0.196853

     H    7       -0.391550        0.189428        0.284910
     H    7        0.189428        0.480870       -0.382156
     H    7        0.284910       -0.382156       -0.089320

     C    8       -0.395234       -0.332184       -0.178688
     C    8       -0.332184        0.543583       -0.219678
     C    8       -0.178688       -0.219678       -0.148349

     H    9        0.392548       -0.250065        0.062054
     H    9       -0.250065       -0.120854       -0.234159
     H    9        0.062054       -0.234159       -0.271694

     C   10        0.296609       -0.398006        0.040057
     C   10       -0.398006        0.006904        0.386666
     C   10        0.040057        0.386666       -0.303513

     C   11       -0.258058       -0.229696       -0.179851
     C   11       -0.229696        0.406276       -0.009146
     C   11       -0.179851       -0.009146       -0.148218

     Cl  12       -0.107047        0.987868       -0.749427
     Cl  12        0.987868        0.872446        1.996617
     Cl  12       -0.749427        1.996617       -0.765399

     H   13       -0.061295       -0.093803        0.142877
     H   13       -0.093803        0.437820        0.395877
     H   13        0.142877        0.395877       -0.376525

     C   14       -0.610043        0.240410       -0.018988
     C   14        0.240410        0.617357        0.070189
     C   14       -0.018988        0.070189       -0.007314

     H   15        0.277585        0.434434        0.044413
     H   15        0.434434       -0.156496        0.271341
     H   15        0.044413        0.271341       -0.121089

     C   16        0.030851       -0.281408       -0.103819
     C   16       -0.281408        0.188866       -0.565485
     C   16       -0.103819       -0.565485       -0.219717

     C   17       -0.309875        0.032683        0.081203
     C   17        0.032683        0.289716        0.026594
     C   17        0.081203        0.026594        0.020159

     Cl  18        2.989838       -3.568583       -0.665193
     Cl  18       -3.568583       -0.418363        0.136589
     Cl  18       -0.665193        0.136589       -2.571475

     H   19       -0.068632        0.130784       -0.000068
     H   19        0.130784       -0.125165       -0.487346
     H   19       -0.000068       -0.487346        0.193797

     C   20        0.023042       -0.022408        0.178804
     C   20       -0.022408        0.322865        0.313602
     C   20        0.178804        0.313602       -0.345907

     H   21        0.499448        0.002217        0.248768
     H   21        0.002217       -0.480996        0.185719
     H   21        0.248768        0.185719       -0.018452

     C   22       -0.969705       -0.198301       -0.150182
     C   22       -0.198301        0.738556       -0.536452
     C   22       -0.150182       -0.536452        0.231149

     C   23        0.187421       -0.095164        0.274848
     C   23       -0.095164        0.162641        0.012177
     C   23        0.274848        0.012177       -0.350062

     Cl  24       -0.339537        0.079728        0.274560
     Cl  24        0.079728        2.334428       -1.153467
     Cl  24        0.274560       -1.153467       -1.994891

     ----- total EFG (symmetrized) -----
     Cl   1       -0.702668        0.242869        0.309805
     Cl   1        0.242869        0.650501        1.147970
     Cl   1        0.309805        1.147970        0.052167

     C    2        0.245402       -0.262989        0.026490
     C    2       -0.262989        0.158681       -0.209644
     C    2        0.026490       -0.209644       -0.404082

     C    3       -0.498870       -0.082250        0.046680
     C    3       -0.082250        0.370749        0.277375
     C    3        0.046680        0.277375        0.128121

     H    4        0.454275        0.152731        0.460842
     H    4        0.152731       -0.632888       -0.231469
     H    4        0.460842       -0.231469        0.178613

     C    5        0.267401       -0.797001       -0.238577
     C    5       -0.797001        0.093772       -0.291883
     C    5       -0.238577       -0.291883       -0.361173

     H    6       -0.417168        0.181454       -0.054169
     H    6        0.181454        0.220315        0.415376
     H    6       -0.054169        0.415376        0.196853

     H    7       -0.391550        0.189428        0.284910
     H    7        0.189428        0.480870       -0.382156
     H    7        0.284910       -0.382156       -0.089320

     C    8       -0.395234       -0.332184       -0.178688
     C    8       -0.332184        0.543583       -0.219678
     C    8       -0.178688       -0.219678       -0.148349

     H    9        0.392548       -0.250065        0.062054
     H    9       -0.250065       -0.120854       -0.234159
     H    9        0.062054       -0.234159       -0.271694

     C   10        0.296609       -0.398006        0.040057
     C   10       -0.398006        0.006904        0.386666
     C   10        0.040057        0.386666       -0.303513

     C   11       -0.258058       -0.229696       -0.179851
     C   11       -0.229696        0.406276       -0.009146
     C   11       -0.179851       -0.009146       -0.148218

     Cl  12       -0.107047        0.987868       -0.749427
     Cl  12        0.987868        0.872446        1.996617
     Cl  12       -0.749427        1.996617       -0.765399

     H   13       -0.061295       -0.093803        0.142877
     H   13       -0.093803        0.437820        0.395877
     H   13        0.142877        0.395877       -0.376525

     C   14       -0.610043        0.240410       -0.018988
     C   14        0.240410        0.617357        0.070189
     C   14       -0.018988        0.070189       -0.007314

     H   15        0.277585        0.434434        0.044413
     H   15        0.434434       -0.156496        0.271341
     H   15        0.044413        0.271341       -0.121089

     C   16        0.030851       -0.281408       -0.103819
     C   16       -0.281408        0.188866       -0.565485
     C   16       -0.103819       -0.565485       -0.219717

     C   17       -0.309875        0.032683        0.081203
     C   17        0.032683        0.289716        0.026594
     C   17        0.081203        0.026594        0.020159

     Cl  18        2.989838       -3.568583       -0.665193
     Cl  18       -3.568583       -0.418363        0.136589
     Cl  18       -0.665193        0.136589       -2.571475

     H   19       -0.068632        0.130784       -0.000068
     H   19        0.130784       -0.125165       -0.487346
     H   19       -0.000068       -0.487346        0.193797

     C   20        0.023042       -0.022408        0.178804
     C   20       -0.022408        0.322865        0.313602
     C   20        0.178804        0.313602       -0.345907

     H   21        0.499448        0.002217        0.248768
     H   21        0.002217       -0.480996        0.185719
     H   21        0.248768        0.185719       -0.018452

     C   22       -0.969705       -0.198301       -0.150182
     C   22       -0.198301        0.738556       -0.536452
     C   22       -0.150182       -0.536452        0.231149

     C   23        0.187421       -0.095164        0.274848
     C   23       -0.095164        0.162641        0.012177
     C   23        0.274848        0.012177       -0.350062

     Cl  24       -0.339537        0.079728        0.274560
     Cl  24        0.079728        2.334428       -1.153467
     Cl  24        0.274560       -1.153467       -1.994891


     NQR/NMR SPECTROSCOPIC PARAMETERS:
     Cl   1    Vxx=   -0.6991    axis=(  0.807234 -0.459927  0.369918)
     Cl   1    Vyy=   -0.9019    axis=( -0.567078 -0.430535  0.702184)
     Cl   1    Vzz=    1.6010    axis=(  0.163691  0.776599  0.608358)
     Cl   1  Q=        -8.1650 1e-30 m^2  Cq=       -30.7138 MHz  eta= 0.12668

     C    2    Vxx=   -0.0178    axis=(  0.687524  0.656948 -0.309402)
     C    2    Vyy=   -0.4789    axis=( -0.091016 -0.344759 -0.934268)
     C    2    Vzz=    0.4967    axis=( -0.720435  0.670492 -0.177238)
     C    2  Q=         1.0000 1e-30 m^2  Cq=         1.1670 MHz  eta= 0.92827

     C    3    Vxx=   -0.0381    axis=(  0.178314 -0.527634  0.830546)
     C    3    Vyy=   -0.5159    axis=(  0.983097  0.131158 -0.127743)
     C    3    Vzz=    0.5540    axis=( -0.041531  0.839286  0.542102)
     C    3  Q=         1.0000 1e-30 m^2  Cq=         1.3016 MHz  eta= 0.86256

     H    4    Vxx=   -0.0362    axis=( -0.548195 -0.420701  0.722836)
     H    4    Vyy=   -0.7615    axis=(  0.243957 -0.907124 -0.342944)
     H    4    Vzz=    0.7976    axis=(  0.799979 -0.011660  0.599914)
     H    4  Q=         1.0000 1e-30 m^2  Cq=         1.8741 MHz  eta= 0.90931

     C    5    Vxx=   -0.0930    axis=( -0.397357 -0.423374  0.814164)
     C    5    Vyy=   -0.8896    axis=(  0.539710  0.609725  0.580472)
     C    5    Vzz=    0.9825    axis=( -0.742173  0.670067 -0.013779)
     C    5  Q=         1.0000 1e-30 m^2  Cq=         2.3086 MHz  eta= 0.81079

     H    6    Vxx=   -0.1188    axis=( -0.469894 -0.572074  0.672258)
     H    6    Vyy=   -0.5138    axis=( -0.878081  0.380927 -0.289602)
     H    6    Vzz=    0.6325    axis=( -0.090407 -0.726379 -0.681323)
     H    6  Q=         1.0000 1e-30 m^2  Cq=         1.4861 MHz  eta= 0.62448

     H    7    Vxx=    0.0067    axis=(  0.645882  0.305761  0.699533)
     H    7    Vyy=    0.6744    axis=( -0.043942 -0.899886  0.433906)
     H    7    Vzz=   -0.6811    axis=(  0.762171 -0.310991 -0.567785)
     H    7  Q=         1.0000 1e-30 m^2  Cq=        -1.6003 MHz  eta= 0.98032

     C    8    Vxx=   -0.0563    axis=( -0.497630  0.041711  0.866386)
     C    8    Vyy=   -0.6238    axis=(  0.827563  0.322022  0.459828)
     C    8    Vzz=    0.6801    axis=( -0.259816  0.945813 -0.194766)
     C    8  Q=         1.0000 1e-30 m^2  Cq=         1.5979 MHz  eta= 0.83445

     H    9    Vxx=   -0.0676    axis=(  0.438416  0.653720 -0.616799)
     H    9    Vyy=   -0.4551    axis=(  0.130734  0.632586  0.763376)
     H    9    Vzz=    0.5227    axis=(  0.889213 -0.415313  0.191872)
     H    9  Q=         1.0000 1e-30 m^2  Cq=         1.2282 MHz  eta= 0.74126

     C   10    Vxx=    0.0231    axis=(  0.601954  0.478000  0.639662)
     C   10    Vyy=    0.6203    axis=( -0.743475  0.627774  0.230531)
     C   10    Vzz=   -0.6434    axis=( -0.291370 -0.614342  0.733272)
     C   10  Q=         1.0000 1e-30 m^2  Cq=        -1.5117 MHz  eta= 0.92811

     C   11    Vxx=   -0.0452    axis=( -0.475779 -0.224849  0.850340)
     C   11    Vyy=   -0.4362    axis=(  0.822171  0.229818  0.520787)
     C   11    Vzz=    0.4814    axis=( -0.312522  0.946904  0.075522)
     C   11  Q=         1.0000 1e-30 m^2  Cq=         1.1310 MHz  eta= 0.81232

     Cl  12    Vxx=    0.3625    axis=(  0.886157  0.074224 -0.457401)
     Cl  12    Vyy=    2.2895    axis=(  0.189648  0.842540  0.504142)
     Cl  12    Vzz=   -2.6520    axis=(  0.422799 -0.533494  0.732547)
     Cl  12  Q=        -8.1650 1e-30 m^2  Cq=        50.8777 MHz  eta= 0.72661

     H   13    Vxx=   -0.0098    axis=(  0.951723 -0.065734  0.299837)
     H   13    Vyy=   -0.5905    axis=(  0.302520  0.366355 -0.879924)
     H   13    Vzz=    0.6003    axis=( -0.052006  0.928150  0.368554)
     H   13  Q=         1.0000 1e-30 m^2  Cq=         1.4104 MHz  eta= 0.96734

     C   14    Vxx=   -0.0121    axis=( -0.066004 -0.085645  0.994137)
     C   14    Vyy=   -0.6570    axis=(  0.980994 -0.187762  0.048955)
     C   14    Vzz=    0.6691    axis=(  0.182469  0.978473  0.096410)
     C   14  Q=         1.0000 1e-30 m^2  Cq=         1.5721 MHz  eta= 0.96383

     H   15    Vxx=   -0.0578    axis=( -0.464440  0.272445  0.842656)
     H   15    Vyy=   -0.5367    axis=( -0.394700  0.788098 -0.472349)
     H   15    Vzz=    0.5945    axis=( -0.792785 -0.551974 -0.258490)
     H   15  Q=         1.0000 1e-30 m^2  Cq=         1.3969 MHz  eta= 0.80543

     C   16    Vxx=    0.0643    axis=( -0.898646 -0.053707  0.435374)
     C   16    Vyy=    0.6380    axis=(  0.291706 -0.814411  0.501640)
     C   16    Vzz=   -0.7023    axis=(  0.327632  0.577798  0.747534)
     C   16  Q=         1.0000 1e-30 m^2  Cq=        -1.6501 MHz  eta= 0.81680

     C   17    Vxx=    0.0347    axis=(  0.215877 -0.128621  0.967912)
     C   17    Vyy=    0.2951    axis=( -0.069129 -0.990812 -0.116246)
     C   17    Vzz=   -0.3299    axis=(  0.973970 -0.041816 -0.222785)
     C   17  Q=         1.0000 1e-30 m^2  Cq=        -0.7750 MHz  eta= 0.78938

     Cl  18    Vxx=   -2.4062    axis=( -0.306741 -0.601346  0.737762)
     Cl  18    Vyy=   -2.8855    axis=( -0.439232 -0.598222 -0.670228)
     Cl  18    Vzz=    5.2917    axis=( -0.844384  0.529635  0.080631)
     Cl  18  Q=        -8.1650 1e-30 m^2  Cq=      -101.5192 MHz  eta= 0.09057

     H   19    Vxx=   -0.0522    axis=(  0.963103  0.121168  0.240316)
     H   19    Vyy=   -0.5045    axis=( -0.238851  0.796314  0.555729)
     H   19    Vzz=    0.5567    axis=( -0.124031 -0.592624  0.795873)
     H   19  Q=         1.0000 1e-30 m^2  Cq=         1.3080 MHz  eta= 0.81248

     C   20    Vxx=    0.0737    axis=(  0.945948 -0.217584  0.240499)
     C   20    Vyy=    0.4520    axis=(  0.112731  0.915906  0.385237)
     C   20    Vzz=   -0.5257    axis=( -0.304096 -0.337302  0.890928)
     C   20  Q=         1.0000 1e-30 m^2  Cq=        -1.2351 MHz  eta= 0.71976

     H   21    Vxx=   -0.0514    axis=( -0.384476  0.364630  0.848070)
     H   21    Vyy=   -0.5531    axis=(  0.083470  0.928653 -0.361436)
     H   21    Vzz=    0.6045    axis=( -0.919354 -0.068175 -0.387481)
     H   21  Q=         1.0000 1e-30 m^2  Cq=         1.4202 MHz  eta= 0.82999

     C   22    Vxx=   -0.0500    axis=( -0.243830  0.502846  0.829272)
     C   22    Vyy=   -1.0321    axis=( -0.968846 -0.164577 -0.185074)
     C   22    Vzz=    1.0821    axis=(  0.043415 -0.848564  0.527309)
     C   22  Q=         1.0000 1e-30 m^2  Cq=         2.5424 MHz  eta= 0.90762

     C   23    Vxx=    0.1274    axis=( -0.364170 -0.901805 -0.232654)
     C   23    Vyy=    0.3421    axis=(  0.843734 -0.425226  0.327561)
     C   23    Vzz=   -0.4694    axis=( -0.394327 -0.077010  0.915738)
     C   23  Q=         1.0000 1e-30 m^2  Cq=        -1.1030 MHz  eta= 0.45743

     Cl  24    Vxx=   -0.2984    axis=(  0.989790  0.030980  0.139128)
     Cl  24    Vyy=   -2.3242    axis=(  0.142488 -0.240187 -0.960212)
     Cl  24    Vzz=    2.6226    axis=(  0.003670  0.970232 -0.242149)
     Cl  24  Q=        -8.1650 1e-30 m^2  Cq=       -50.3135 MHz  eta= 0.77240

     Initialization:
     gipaw_setup  :      9.50s CPU     11.23s WALL (       1 calls)

     Linear response

     Apply operators

     Induced current

     Other routines
     efg          :      9.43s CPU     12.09s WALL (       1 calls)

     General routines
     calbec       :      3.36s CPU      4.57s WALL (      16 calls)
     fft          :      1.46s CPU      2.03s WALL (      15 calls)
     ffts         :      0.03s CPU      0.04s WALL (       2 calls)
     fftw         :      3.29s CPU      4.10s WALL (     672 calls)
     davcio       :      0.01s CPU      0.31s WALL (      32 calls)

     Parallel routines
     fft_scatter  :      2.12s CPU      3.38s WALL (     689 calls)

     Plugins

     GIPAW        :     61.98s CPU     74.03s WALL (       1 calls)
