
     Program QE v.6.0 (svn rev. 13079) starts on 23Jan2017 at  5:15:34 

     This program is part of the open-source Quantum ESPRESSO suite
     for quantum simulation of materials; please cite
         "P. Giannozzi et al., J. Phys.:Condens. Matter 21 395502 (2009);
          URL http://www.quantum-espresso.org", 
     in publications or presentations arising from this work. More details at
     http://www.quantum-espresso.org/quote

     Parallel version (MPI), running on     8 processors
     R & G space division:  proc/nbgrp/npool/nimage =       8

     ***** This is GIPAW svn revision unknown      *****

     Parallelizing q-star over 1 images

     Reading data from directory:
     /users/majewski/paradichlorobenzene/pbe/9_constraint/scratch/pbe.ecut100.np8.dt60.pcl2phi-129368.save
     Message from routine read_xml_file:
     file /users/majewski/paradichlorobenzene/pbe/9_constraint/scratch/pbe.ecut100.np8.dt60.pcl2phi-129368.save not guaranteed to be safe for post-processing

   Info: using nr1, nr2, nr3 values from input

   Info: using nr1, nr2, nr3 values from input

     IMPORTANT: XC functional enforced from input :
     Exchange-correlation      =  SLA  PW   PBX  PBC ( 1  4  3  4 0 0)
     Any further DFT definition will be discarded
     Please, verify this is what you really want

               file C.pbe-n-kjpaw_psl.1.0.0.UPF: wavefunction(s)  2S 2P renormalized
               file Cl.pbe-n-kjpaw_psl.1.0.0.UPF: wavefunction(s)  3S 3P renormalized
               file H.pbe-kjpaw_psl.1.0.0.UPF: wavefunction(s)  1S renormalized

     Parallelization info
     --------------------
     sticks:   dense  smooth     PW     G-vecs:    dense   smooth      PW
     Min        3057    1223    332               144436    36536    5170
     Max        3059    1225    333               144437    36537    5171
     Sum       24467    9791   2657              1155489   292295   41363


     Subspace diagonalization in iterative solution of the eigenvalue problem:
     a serial algorithm will be used

     GIPAW projectors -----------------------------------------------
     atom=  C    l=0  rc=    1.2000  rs=    0.8000
     atom=  C    l=0  rc=    1.2000  rs=    0.8000
     atom=  C    l=1  rc=    1.4000  rs=    0.9333
     atom=  C    l=1  rc=    1.4000  rs=    0.9333
     projs nearly linearly dependent: l=1  n1,n2= 1, 2  s=  0.99951561

     atom=  Cl   l=0  rc=    1.6000  rs=    1.0667
     atom=  Cl   l=0  rc=    1.6000  rs=    1.0667
     atom=  Cl   l=1  rc=    1.6000  rs=    1.0667
     atom=  Cl   l=1  rc=    1.6000  rs=    1.0667
     atom=  Cl   l=2  rc=    1.6000  rs=    1.0667
     atom=  Cl   l=2  rc=    1.6000  rs=    1.0667
     projs nearly linearly dependent: l=2  n1,n2= 1, 2  s=  0.99993509

     atom=  H    l=0  rc=    1.0000  rs=    0.6667
     atom=  H    l=0  rc=    1.0000  rs=    0.6667
     projs nearly linearly dependent: l=0  n1,n2= 1, 2  s=  0.99968852
     -----------------------------------------------------------------

     GIPAW integrals: -------------------------------------------
     Atom  i/j   nmr_para   nmr_dia   epr_rmc  epr_para   epr_dia
       C   1 1   0.83E+03  0.17E-01  0.93E+01  0.24E+08  0.24E+03
       C   2 1   0.86E+03 -0.61E-01  0.94E+01  0.25E+08  0.25E+03
       C   2 2   0.90E+03 -0.15E+00  0.97E+01  0.26E+08  0.26E+03
       C   3 3   0.33E+01  0.34E+00  0.18E+01  0.55E+03  0.21E+02
       C   4 3   0.35E+01  0.37E+00  0.20E+01  0.59E+03  0.22E+02
       C   4 4   0.38E+01  0.39E+00  0.22E+01  0.63E+03  0.24E+02
       Cl  1 1   0.14E+04 -0.47E+00  0.84E+01  0.32E+09  0.42E+03
       Cl  2 1   0.21E+04 -0.37E+00  0.12E+02  0.49E+09  0.65E+03
       Cl  2 2   0.33E+04 -0.16E+00  0.21E+02  0.76E+09  0.10E+04
       Cl  3 3   0.21E+02  0.79E-01  0.89E+01  0.23E+05  0.13E+03
       Cl  4 3   0.24E+02  0.67E-01  0.99E+01  0.27E+05  0.15E+03
       Cl  4 4   0.28E+02  0.44E-01  0.11E+02  0.32E+05  0.18E+03
       Cl  5 5   0.77E+00  0.19E+00  0.18E+01  0.12E+03  0.22E+02
       Cl  6 5   0.80E+00  0.19E+00  0.19E+01  0.12E+03  0.23E+02
       Cl  6 6   0.83E+00  0.20E+00  0.19E+01  0.12E+03  0.23E+02
       H   1 1   0.39E+02  0.19E+00  0.29E+00  0.78E+05  0.13E+02
       H   2 1   0.41E+02  0.21E+00  0.32E+00  0.82E+05  0.14E+02
       H   2 2   0.43E+02  0.22E+00  0.36E+00  0.86E+05  0.15E+02
     ------------------------------------------------------------

     alpha_pv=     33.8666 eV

     Number of occupied bands for each k-point:
     k-point:     1    nbnd_occ=  42
     k-point:     2    nbnd_occ=  42
     k-point:     3    nbnd_occ=  42
     k-point:     4    nbnd_occ=  42
     k-point:     5    nbnd_occ=  42
     k-point:     6    nbnd_occ=  42
     k-point:     7    nbnd_occ=  42
     k-point:     8    nbnd_occ=  42
     k-point:     9    nbnd_occ=  42
     k-point:    10    nbnd_occ=  42
     k-point:    11    nbnd_occ=  42
     k-point:    12    nbnd_occ=  42
     k-point:    13    nbnd_occ=  42
     k-point:    14    nbnd_occ=  42
     k-point:    15    nbnd_occ=  42
     k-point:    16    nbnd_occ=  42


     q-space interpolation up to   110.00 Rydberg

     GIPAW job: efg                                                                             


     ELECTRIC FIELD GRADIENTS TENSORS IN Hartree/bohrradius^2:

     ----- bare term -----
     Cl   1       -0.000864        0.043351       -0.100526
     Cl   1        0.043351        0.017149       -0.092637
     Cl   1       -0.100526       -0.092637       -0.016285

     C    2        0.096368        0.550918        0.060347
     C    2        0.550918       -0.442798       -0.440003
     C    2        0.060347       -0.440003        0.346430

     C    3       -0.179182        0.148729       -0.280940
     C    3        0.148729       -0.065435       -0.344490
     C    3       -0.280940       -0.344490        0.244616

     H    4       -0.575539       -0.298893       -0.493434
     H    4       -0.298893        0.376254       -0.186924
     H    4       -0.493434       -0.186924        0.199285

     C    5       -0.080005        0.466852       -0.136471
     C    5        0.466852       -0.322493       -0.394511
     C    5       -0.136471       -0.394511        0.402498

     H    6        0.372289       -0.128657       -0.060853
     H    6       -0.128657       -0.546833       -0.474335
     H    6       -0.060853       -0.474335        0.174544

     H    7        0.537094        0.013497       -0.049199
     H    7        0.013497       -0.014965        0.284903
     H    7       -0.049199        0.284903       -0.522129

     C    8       -0.316461       -0.355065        0.020218
     C    8       -0.355065       -0.132019        0.445260
     C    8        0.020218        0.445260        0.448480

     H    9        0.115037        0.025586       -0.437388
     H    9        0.025586        0.325704       -0.205290
     H    9       -0.437388       -0.205290       -0.440742

     C   10       -0.105504        0.107855       -0.233835
     C   10        0.107855       -0.087100        0.681723
     C   10       -0.233835        0.681723        0.192604

     C   11       -0.217047       -0.300817       -0.212528
     C   11       -0.300817       -0.159268        0.387861
     C   11       -0.212528        0.387861        0.376315

     Cl  12       -0.024876       -0.028406       -0.093097
     Cl  12       -0.028406        0.000737        0.080527
     Cl  12       -0.093097        0.080527        0.024139

     H   13       -0.176185        0.252604       -0.030495
     H   13        0.252604       -0.183536       -0.427062
     H   13       -0.030495       -0.427062        0.359721

     C   14       -0.340800        0.002954       -0.344298
     C   14        0.002954        0.020812       -0.326616
     C   14       -0.344298       -0.326616        0.319987

     H   15       -0.364422       -0.196948       -0.502511
     H   15       -0.196948        0.139064       -0.276172
     H   15       -0.502511       -0.276172        0.225357

     C   16       -0.018583        0.489567        0.044189
     C   16        0.489567       -0.461603       -0.506057
     C   16        0.044189       -0.506057        0.480187

     C   17       -0.059546       -0.156556       -0.428219
     C   17       -0.156556       -0.098792       -0.521734
     C   17       -0.428219       -0.521734        0.158338

     Cl  18       -0.150365        0.157559       -0.139172
     Cl  18        0.157559       -0.087732        0.060217
     Cl  18       -0.139172        0.060217        0.238097

     H   19        0.272508       -0.030931        0.346007
     H   19       -0.030931        0.024108        0.433025
     H   19        0.346007        0.433025       -0.296616

     C   20       -0.165787       -0.102488       -0.478599
     C   20       -0.102488       -0.020286        0.355775
     C   20       -0.478599        0.355775        0.186073

     H   21        0.190344        0.057170       -0.223648
     H   21        0.057170        0.315375       -0.228985
     H   21       -0.223648       -0.228985       -0.505719

     C   22        0.079281       -0.265143        0.122377
     C   22       -0.265143       -0.134183       -0.001055
     C   22        0.122377       -0.001055        0.054902

     C   23        0.000862        0.042131       -0.515597
     C   23        0.042131        0.029492        0.389663
     C   23       -0.515597        0.389663       -0.030355

     Cl  24       -0.176434       -0.170248        0.085399
     Cl  24       -0.170248        0.015682       -0.050466
     Cl  24        0.085399       -0.050466        0.160753

     ----- ionic term -----
     Cl   1        0.131873       -0.183574       -0.046527
     Cl   1       -0.183574       -0.012508        0.027638
     Cl   1       -0.046527        0.027638       -0.119365

     C    2        0.193365       -0.121285        0.180763
     C    2       -0.121285        0.099037        0.461906
     C    2        0.180763        0.461906       -0.292403

     C    3        0.158491       -0.200924        0.206998
     C    3       -0.200924        0.142481        0.374811
     C    3        0.206998        0.374811       -0.300973

     H    4        0.589989        0.324411        0.671820
     H    4        0.324411       -0.455103        0.245173
     H    4        0.671820        0.245173       -0.134886

     C    5        0.294125       -0.169076        0.277948
     C    5       -0.169076        0.052171        0.288825
     C    5        0.277948        0.288825       -0.346295

     H    6       -0.525593       -0.040141       -0.001351
     H    6       -0.040141        0.705498        0.691923
     H    6       -0.001351        0.691923       -0.179905

     H    7       -0.539227        0.069318       -0.053479
     H    7        0.069318        0.372546       -0.782194
     H    7       -0.053479       -0.782194        0.166682

     C    8        0.093189        0.329091        0.309978
     C    8        0.329091       -0.049299       -0.263482
     C    8        0.309978       -0.263482       -0.043890

     H    9        0.204932       -0.143065        0.779329
     H    9       -0.143065       -0.487339       -0.224790
     H    9        0.779329       -0.224790        0.282407

     C   10       -0.015197        0.319026        0.210127
     C   10        0.319026        0.127751       -0.405256
     C   10        0.210127       -0.405256       -0.112554

     C   11       -0.011885        0.300314        0.336197
     C   11        0.300314        0.121750       -0.339996
     C   11        0.336197       -0.339996       -0.109865

     Cl  12        0.056602        0.231959        0.045048
     Cl  12        0.231959        0.083457        0.035796
     Cl  12        0.045048        0.035796       -0.140059

     H   13       -0.458053       -0.130683       -0.075795
     H   13       -0.130683        0.584564        0.714843
     H   13       -0.075795        0.714843       -0.126511

     C   14        0.332156       -0.204819        0.222115
     C   14       -0.204819        0.020147        0.301815
     C   14        0.222115        0.301815       -0.352303

     H   15        0.486180        0.385956        0.703659
     H   15        0.385956       -0.339266        0.324178
     H   15        0.703659        0.324178       -0.146914

     C   16        0.142973       -0.193212        0.210575
     C   16       -0.193212        0.204087        0.398881
     C   16        0.210575        0.398881       -0.347060

     C   17        0.227338       -0.147813        0.326542
     C   17       -0.147813        0.130746        0.374525
     C   17        0.326542        0.374525       -0.358084

     Cl  18        0.171172       -0.216300        0.063896
     Cl  18       -0.216300       -0.013024       -0.023001
     Cl  18        0.063896       -0.023001       -0.158149

     H   19       -0.545130       -0.035171        0.045050
     H   19       -0.035171        0.622037       -0.723076
     H   19        0.045050       -0.723076       -0.076907

     C   20        0.088024        0.324005        0.342572
     C   20        0.324005        0.116121       -0.214188
     C   20        0.342572       -0.214188       -0.204146

     H   21        0.456673       -0.041378        0.811356
     H   21       -0.041378       -0.515140       -0.118525
     H   21        0.811356       -0.118525        0.058466

     C   22        0.027488        0.381549        0.263936
     C   22        0.381549        0.135677       -0.294470
     C   22        0.263936       -0.294470       -0.163165

     C   23        0.034345        0.301247        0.373501
     C   23        0.301247       -0.017026       -0.328184
     C   23        0.373501       -0.328184       -0.017319

     Cl  24        0.117678        0.215962        0.039722
     Cl  24        0.215962        0.017393        0.016872
     Cl  24        0.039722        0.016872       -0.135071

     ----- GIPAW term -----
     Cl   1        1.743807       -0.673117       -1.949444
     Cl   1       -0.673117       -0.622716       -1.106277
     Cl   1       -1.949444       -1.106277       -1.121091

     C    2        0.217943        0.101637        0.145254
     C    2        0.101637       -0.140884        0.001887
     C    2        0.145254        0.001887       -0.077059

     C    3        0.108619        0.090773        0.057267
     C    3        0.090773       -0.070909       -0.001120
     C    3        0.057267       -0.001120       -0.037711

     H    4       -0.000000        0.000000        0.000000
     H    4        0.000000        0.000000        0.000000
     H    4        0.000000        0.000000        0.000000

     C    5        0.133558        0.144587        0.025620
     C    5        0.144587       -0.130870       -0.070760
     C    5        0.025620       -0.070760       -0.002688

     H    6       -0.000000        0.000000        0.000000
     H    6        0.000000        0.000000        0.000000
     H    6        0.000000        0.000000        0.000000

     H    7       -0.000000        0.000000        0.000000
     H    7        0.000000        0.000000        0.000000
     H    7        0.000000        0.000000        0.000000

     C    8       -0.023148        0.051849        0.146087
     C    8        0.051849       -0.047978        0.174868
     C    8        0.146087        0.174868        0.071126

     H    9       -0.000000        0.000000        0.000000
     H    9        0.000000        0.000000        0.000000
     H    9        0.000000        0.000000        0.000000

     C   10       -0.100725        0.145521        0.022654
     C   10        0.145521        0.084273        0.242617
     C   10        0.022654        0.242617        0.016453

     C   11        0.119476        0.154176       -0.020849
     C   11        0.154176       -0.030254        0.053349
     C   11       -0.020849        0.053349       -0.089223

     Cl  12       -0.268614        1.113911       -0.713574
     Cl  12        1.113911        0.982803        2.189325
     Cl  12       -0.713574        2.189325       -0.714189

     H   13       -0.000000        0.000000        0.000000
     H   13        0.000000        0.000000        0.000000
     H   13        0.000000        0.000000        0.000000

     C   14        0.112948        0.005767        0.121035
     C   14        0.005767       -0.114697       -0.022120
     C   14        0.121035       -0.022120        0.001749

     H   15       -0.000000        0.000000        0.000000
     H   15        0.000000        0.000000        0.000000
     H   15        0.000000        0.000000        0.000000

     C   16        0.082388        0.059212        0.123666
     C   16        0.059212       -0.143925       -0.076890
     C   16        0.123666       -0.076890        0.061538

     C   17        0.175589       -0.151172       -0.022149
     C   17       -0.151172       -0.062591       -0.070450
     C   17       -0.022149       -0.070450       -0.112998

     Cl  18        0.591467       -1.747930       -1.215537
     Cl  18       -1.747930       -0.571231        0.576353
     Cl  18       -1.215537        0.576353       -0.020236

     H   19       -0.000000        0.000000        0.000000
     H   19        0.000000        0.000000        0.000000
     H   19        0.000000        0.000000        0.000000

     C   20        0.049652       -0.062349       -0.218369
     C   20       -0.062349       -0.110858        0.109366
     C   20       -0.218369        0.109366        0.061205

     H   21       -0.000000        0.000000        0.000000
     H   21        0.000000        0.000000        0.000000
     H   21        0.000000        0.000000        0.000000

     C   22        0.027100       -0.011013       -0.000391
     C   22       -0.011013       -0.020251       -0.015155
     C   22       -0.000391       -0.015155       -0.006849

     C   23        0.148527       -0.041166       -0.131828
     C   23       -0.041166       -0.030432        0.074692
     C   23       -0.131828        0.074692       -0.118095

     Cl  24        0.701451       -0.559580       -1.624502
     Cl  24       -0.559580       -0.561698        1.078428
     Cl  24       -1.624502        1.078428       -0.139752

     ----- total EFG -----
     Cl   1        1.874816       -0.813340       -2.096497
     Cl   1       -0.813340       -0.618075       -1.171276
     Cl   1       -2.096497       -1.171276       -1.256740

     C    2        0.507676        0.531270        0.386365
     C    2        0.531270       -0.484644        0.023789
     C    2        0.386365        0.023789       -0.023032

     C    3        0.087929        0.038578       -0.016675
     C    3        0.038578        0.006138        0.029201
     C    3       -0.016675        0.029201       -0.094067

     H    4        0.014450        0.025518        0.178386
     H    4        0.025518       -0.078849        0.058248
     H    4        0.178386        0.058248        0.064398

     C    5        0.347678        0.442363        0.167097
     C    5        0.442363       -0.401192       -0.176446
     C    5        0.167097       -0.176446        0.053514

     H    6       -0.153304       -0.168798       -0.062205
     H    6       -0.168798        0.158664        0.217588
     H    6       -0.062205        0.217588       -0.005361

     H    7       -0.002133        0.082815       -0.102678
     H    7        0.082815        0.357581       -0.497291
     H    7       -0.102678       -0.497291       -0.355448

     C    8       -0.246420        0.025875        0.476282
     C    8        0.025875       -0.229296        0.356647
     C    8        0.476282        0.356647        0.475717

     H    9        0.319969       -0.117479        0.341941
     H    9       -0.117479       -0.161634       -0.430080
     H    9        0.341941       -0.430080       -0.158334

     C   10       -0.221427        0.572402       -0.001054
     C   10        0.572402        0.124924        0.519084
     C   10       -0.001054        0.519084        0.096503

     C   11       -0.109455        0.153673        0.102820
     C   11        0.153673       -0.067772        0.101214
     C   11        0.102820        0.101214        0.177228

     Cl  12       -0.236889        1.317463       -0.761624
     Cl  12        1.317463        1.066997        2.305648
     Cl  12       -0.761624        2.305648       -0.830109

     H   13       -0.634238        0.121921       -0.106291
     H   13        0.121921        0.401027        0.287780
     H   13       -0.106291        0.287780        0.233210

     C   14        0.104304       -0.196098       -0.001149
     C   14       -0.196098       -0.073738       -0.046921
     C   14       -0.001149       -0.046921       -0.030567

     H   15        0.121758        0.189009        0.201148
     H   15        0.189009       -0.200202        0.048006
     H   15        0.201148        0.048006        0.078444

     C   16        0.206777        0.355567        0.378430
     C   16        0.355567       -0.401442       -0.184065
     C   16        0.378430       -0.184065        0.194664

     C   17        0.343380       -0.455542       -0.123826
     C   17       -0.455542       -0.030636       -0.217660
     C   17       -0.123826       -0.217660       -0.312744

     Cl  18        0.612274       -1.806671       -1.290812
     Cl  18       -1.806671       -0.671986        0.613569
     Cl  18       -1.290812        0.613569        0.059712

     H   19       -0.272623       -0.066102        0.391057
     H   19       -0.066102        0.646145       -0.290051
     H   19        0.391057       -0.290051       -0.373522

     C   20       -0.028111        0.159169       -0.354396
     C   20        0.159169       -0.015022        0.250953
     C   20       -0.354396        0.250953        0.043133

     H   21        0.647017        0.015793        0.587708
     H   21        0.015793       -0.199765       -0.347510
     H   21        0.587708       -0.347510       -0.447252

     C   22        0.133869        0.105394        0.385922
     C   22        0.105394       -0.018757       -0.310681
     C   22        0.385922       -0.310681       -0.115112

     C   23        0.183734        0.302212       -0.273925
     C   23        0.302212       -0.017965        0.136170
     C   23       -0.273925        0.136170       -0.165769

     Cl  24        0.642695       -0.513866       -1.499382
     Cl  24       -0.513866       -0.528624        1.044834
     Cl  24       -1.499382        1.044834       -0.114071

     ----- total EFG (symmetrized) -----
     Cl   1        1.874816       -0.813340       -2.096497
     Cl   1       -0.813340       -0.618075       -1.171276
     Cl   1       -2.096497       -1.171276       -1.256740

     C    2        0.507676        0.531270        0.386365
     C    2        0.531270       -0.484644        0.023789
     C    2        0.386365        0.023789       -0.023032

     C    3        0.087929        0.038578       -0.016675
     C    3        0.038578        0.006138        0.029201
     C    3       -0.016675        0.029201       -0.094067

     H    4        0.014450        0.025518        0.178386
     H    4        0.025518       -0.078849        0.058248
     H    4        0.178386        0.058248        0.064398

     C    5        0.347678        0.442363        0.167097
     C    5        0.442363       -0.401192       -0.176446
     C    5        0.167097       -0.176446        0.053514

     H    6       -0.153304       -0.168798       -0.062205
     H    6       -0.168798        0.158664        0.217588
     H    6       -0.062205        0.217588       -0.005361

     H    7       -0.002133        0.082815       -0.102678
     H    7        0.082815        0.357581       -0.497291
     H    7       -0.102678       -0.497291       -0.355448

     C    8       -0.246420        0.025875        0.476282
     C    8        0.025875       -0.229296        0.356647
     C    8        0.476282        0.356647        0.475717

     H    9        0.319969       -0.117479        0.341941
     H    9       -0.117479       -0.161634       -0.430080
     H    9        0.341941       -0.430080       -0.158334

     C   10       -0.221427        0.572402       -0.001054
     C   10        0.572402        0.124924        0.519084
     C   10       -0.001054        0.519084        0.096503

     C   11       -0.109455        0.153673        0.102820
     C   11        0.153673       -0.067772        0.101214
     C   11        0.102820        0.101214        0.177228

     Cl  12       -0.236889        1.317463       -0.761624
     Cl  12        1.317463        1.066997        2.305648
     Cl  12       -0.761624        2.305648       -0.830109

     H   13       -0.634238        0.121921       -0.106291
     H   13        0.121921        0.401027        0.287780
     H   13       -0.106291        0.287780        0.233210

     C   14        0.104304       -0.196098       -0.001149
     C   14       -0.196098       -0.073738       -0.046921
     C   14       -0.001149       -0.046921       -0.030567

     H   15        0.121758        0.189009        0.201148
     H   15        0.189009       -0.200202        0.048006
     H   15        0.201148        0.048006        0.078444

     C   16        0.206777        0.355567        0.378430
     C   16        0.355567       -0.401442       -0.184065
     C   16        0.378430       -0.184065        0.194664

     C   17        0.343380       -0.455542       -0.123826
     C   17       -0.455542       -0.030636       -0.217660
     C   17       -0.123826       -0.217660       -0.312744

     Cl  18        0.612274       -1.806671       -1.290812
     Cl  18       -1.806671       -0.671986        0.613569
     Cl  18       -1.290812        0.613569        0.059712

     H   19       -0.272623       -0.066102        0.391057
     H   19       -0.066102        0.646145       -0.290051
     H   19        0.391057       -0.290051       -0.373522

     C   20       -0.028111        0.159169       -0.354396
     C   20        0.159169       -0.015022        0.250953
     C   20       -0.354396        0.250953        0.043133

     H   21        0.647017        0.015793        0.587708
     H   21        0.015793       -0.199765       -0.347510
     H   21        0.587708       -0.347510       -0.447252

     C   22        0.133869        0.105394        0.385922
     C   22        0.105394       -0.018757       -0.310681
     C   22        0.385922       -0.310681       -0.115112

     C   23        0.183734        0.302212       -0.273925
     C   23        0.302212       -0.017965        0.136170
     C   23       -0.273925        0.136170       -0.165769

     Cl  24        0.642695       -0.513866       -1.499382
     Cl  24       -0.513866       -0.528624        1.044834
     Cl  24       -1.499382        1.044834       -0.114071


     NQR/NMR SPECTROSCOPIC PARAMETERS:
     Cl   1    Vxx=    0.1710    axis=( -0.164396  0.867201 -0.470039)
     Cl   1    Vyy=    2.9386    axis=(  0.899699 -0.063523 -0.431865)
     Cl   1    Vzz=   -3.1095    axis=(  0.404372  0.493890  0.769777)
     Cl   1  Q=        -8.1650 1e-30 m^2  Cq=        59.6551 MHz  eta= 0.89004

     C    2    Vxx=   -0.1428    axis=( -0.259258 -0.339997  0.903984)
     C    2    Vyy=   -0.7431    axis=(  0.435574 -0.876555 -0.204760)
     C    2    Vzz=    0.8859    axis=(  0.862010  0.340667  0.375348)
     C    2  Q=         1.0000 1e-30 m^2  Cq=         2.0814 MHz  eta= 0.67764

     C    3    Vxx=    0.0023    axis=( -0.334830  0.884134  0.325877)
     C    3    Vyy=    0.1034    axis=( -0.931784 -0.362141  0.025136)
     C    3    Vzz=   -0.1057    axis=(  0.140237 -0.295231  0.945078)
     C    3  Q=         1.0000 1e-30 m^2  Cq=        -0.2483 MHz  eta= 0.95664

     H    4    Vxx=   -0.0846    axis=( -0.359259  0.930885  0.066226)
     H    4    Vyy=   -0.1469    axis=( -0.682456 -0.310459  0.661717)
     H    4    Vzz=    0.2315    axis=(  0.636543  0.192532  0.746823)
     H    4  Q=         1.0000 1e-30 m^2  Cq=         0.5438 MHz  eta= 0.26939

     C    5    Vxx=    0.1136    axis=( -0.023668 -0.342284  0.939298)
     C    5    Vyy=    0.5656    axis=( -0.908056 -0.385655 -0.163415)
     C    5    Vzz=   -0.6792    axis=(  0.418179 -0.856803 -0.301686)
     C    5  Q=         1.0000 1e-30 m^2  Cq=        -1.5959 MHz  eta= 0.66550

     H    6    Vxx=   -0.1332    axis=(  0.444351 -0.355924  0.822113)
     H    6    Vyy=   -0.2347    axis=( -0.837121 -0.491773  0.239555)
     H    6    Vzz=    0.3678    axis=(  0.319030 -0.794655 -0.516472)
     H    6  Q=         1.0000 1e-30 m^2  Cq=         0.8643 MHz  eta= 0.27587

     H    7    Vxx=   -0.0202    axis=(  0.978481 -0.206244  0.006251)
     H    7    Vyy=   -0.6156    axis=( -0.088588 -0.447261 -0.890005)
     H    7    Vzz=    0.6358    axis=(  0.186355  0.870299 -0.455907)
     H    7  Q=         1.0000 1e-30 m^2  Cq=         1.4939 MHz  eta= 0.93632

     C    8    Vxx=   -0.2597    axis=(  0.570417 -0.820855  0.028657)
     C    8    Vyy=   -0.5586    axis=(  0.720097  0.483008 -0.498160)
     C    8    Vzz=    0.8183    axis=(  0.395076  0.304795  0.866611)
     C    8  Q=         1.0000 1e-30 m^2  Cq=         1.9226 MHz  eta= 0.36519

     H    9    Vxx=   -0.0118    axis=(  0.644831  0.649779 -0.402467)
     H    9    Vyy=   -0.6205    axis=( -0.188480  0.645487  0.740150)
     H    9    Vzz=    0.6323    axis=(  0.740721 -0.401415  0.538701)
     H    9  Q=         1.0000 1e-30 m^2  Cq=         1.4857 MHz  eta= 0.96258

     C   10    Vxx=   -0.0391    axis=( -0.626662 -0.198195  0.753667)
     C   10    Vyy=   -0.7760    axis=( -0.663793  0.642412 -0.382996)
     C   10    Vzz=    0.8151    axis=( -0.408257 -0.740288 -0.534135)
     C   10  Q=         1.0000 1e-30 m^2  Cq=         1.9152 MHz  eta= 0.90400

     C   11    Vxx=   -0.0321    axis=(  0.520608  0.640033 -0.565088)
     C   11    Vyy=   -0.2440    axis=( -0.762019  0.646832  0.030581)
     C   11    Vzz=    0.2762    axis=(  0.385091  0.414687  0.824463)
     C   11  Q=         1.0000 1e-30 m^2  Cq=         0.6489 MHz  eta= 0.76727

     Cl  12    Vxx=    0.2749    axis=(  0.861245  0.041766 -0.506470)
     Cl  12    Vyy=    2.7809    axis=( -0.244318 -0.839856 -0.484717)
     Cl  12    Vzz=   -3.0558    axis=(  0.445607 -0.541199  0.713118)
     Cl  12  Q=        -8.1650 1e-30 m^2  Cq=        58.6245 MHz  eta= 0.82009

     H   13    Vxx=    0.0536    axis=( -0.223474 -0.574091  0.787705)
     H   13    Vyy=    0.6178    axis=( -0.027877 -0.804048 -0.593911)
     H   13    Vzz=   -0.6715    axis=( -0.974311  0.154682 -0.163680)
     H   13  Q=         1.0000 1e-30 m^2  Cq=        -1.5776 MHz  eta= 0.84027

     C   14    Vxx=   -0.0238    axis=( -0.197931 -0.134999  0.970875)
     C   14    Vyy=   -0.2091    axis=(  0.517911  0.826524  0.220513)
     C   14    Vzz=    0.2329    axis=( -0.832221  0.546474 -0.093677)
     C   14  Q=         1.0000 1e-30 m^2  Cq=         0.5473 MHz  eta= 0.79559

     H   15    Vxx=   -0.0644    axis=( -0.474064 -0.378889  0.794800)
     H   15    Vyy=   -0.2932    axis=(  0.465492 -0.874064 -0.139029)
     H   15    Vzz=    0.3576    axis=(  0.747382  0.304064  0.590732)
     H   15  Q=         1.0000 1e-30 m^2  Cq=         0.8403 MHz  eta= 0.63977

     C   16    Vxx=    0.0959    axis=( -0.457337 -0.577311  0.676428)
     C   16    Vyy=    0.5982    axis=(  0.754486  0.150747  0.638770)
     C   16    Vzz=   -0.6941    axis=(  0.470738 -0.802488 -0.366631)
     C   16  Q=         1.0000 1e-30 m^2  Cq=        -1.6309 MHz  eta= 0.72367

     C   17    Vxx=   -0.0746    axis=( -0.399849 -0.563424  0.722962)
     C   17    Vyy=   -0.5745    axis=(  0.394115  0.606436  0.690586)
     C   17    Vzz=    0.6492    axis=( -0.827523  0.561060 -0.020429)
     C   17  Q=         1.0000 1e-30 m^2  Cq=         1.5253 MHz  eta= 0.77007

     Cl  18    Vxx=   -0.6697    axis=(  0.293950 -0.408736  0.864019)
     Cl  18    Vyy=   -1.9858    axis=(  0.615078  0.772812  0.156332)
     Cl  18    Vzz=    2.6555    axis=( -0.731623  0.485485  0.478573)
     Cl  18  Q=        -8.1650 1e-30 m^2  Cq=       -50.9441 MHz  eta= 0.49561

     H   19    Vxx=   -0.0118    axis=( -0.760704 -0.324320 -0.562269)
     H   19    Vyy=   -0.7404    axis=( -0.624829  0.131212  0.769657)
     H   19    Vzz=    0.7522    axis=( -0.175839  0.936803 -0.302458)
     H   19  Q=         1.0000 1e-30 m^2  Cq=         1.7674 MHz  eta= 0.96874

     C   20    Vxx=    0.1296    axis=( -0.553145 -0.823825 -0.123871)
     C   20    Vyy=    0.3855    axis=( -0.567192  0.263507  0.780293)
     C   20    Vzz=   -0.5151    axis=(  0.610184 -0.501874  0.613024)
     C   20  Q=         1.0000 1e-30 m^2  Cq=        -1.2102 MHz  eta= 0.49684

     H   21    Vxx=   -0.0534    axis=(  0.283159  0.888403 -0.361332)
     H   21    Vyy=   -0.8641    axis=( -0.328834  0.443846  0.833588)
     H   21    Vzz=    0.9175    axis=(  0.900938 -0.117220  0.417817)
     H   21  Q=         1.0000 1e-30 m^2  Cq=         2.1558 MHz  eta= 0.88362

     C   22    Vxx=    0.1328    axis=( -0.518287 -0.824645  0.226582)
     C   22    Vyy=    0.4426    axis=(  0.714041 -0.271460  0.645333)
     C   22    Vzz=   -0.5754    axis=( -0.470662  0.496256  0.729525)
     C   22  Q=         1.0000 1e-30 m^2  Cq=        -1.3520 MHz  eta= 0.53827

     C   23    Vxx=    0.0417    axis=( -0.171212  0.704632  0.688608)
     C   23    Vyy=    0.4422    axis=( -0.839211 -0.470459  0.272750)
     C   23    Vzz=   -0.4839    axis=(  0.516150 -0.531189  0.671883)
     C   23  Q=         1.0000 1e-30 m^2  Cq=        -1.1369 MHz  eta= 0.82773

     Cl  24    Vxx=   -0.6027    axis=(  0.606763  0.756248  0.244800)
     Cl  24    Vyy=   -1.6181    axis=(  0.374565 -0.543657  0.751091)
     Cl  24    Vzz=    2.2208    axis=( -0.701099  0.364041  0.613135)
     Cl  24  Q=        -8.1650 1e-30 m^2  Cq=       -42.6045 MHz  eta= 0.45722

     Initialization:
     gipaw_setup  :      9.75s CPU     11.96s WALL (       1 calls)

     Linear response

     Apply operators

     Induced current

     Other routines
     efg          :     10.94s CPU     21.43s WALL (       1 calls)

     General routines
     calbec       :      3.14s CPU      3.81s WALL (      16 calls)
     fft          :      1.83s CPU      3.23s WALL (      15 calls)
     ffts         :      0.03s CPU      0.04s WALL (       2 calls)
     fftw         :      4.91s CPU      8.67s WALL (     672 calls)
     davcio       :      0.02s CPU      5.69s WALL (      32 calls)

     Parallel routines
     fft_scatter  :      4.02s CPU      9.06s WALL (     689 calls)

     Plugins

     GIPAW        :     64.18s CPU     86.13s WALL (       1 calls)
