
     Program QE v.6.0 (svn rev. 13079) starts on 19Dec2016 at  5:53:53 

     This program is part of the open-source Quantum ESPRESSO suite
     for quantum simulation of materials; please cite
         "P. Giannozzi et al., J. Phys.:Condens. Matter 21 395502 (2009);
          URL http://www.quantum-espresso.org", 
     in publications or presentations arising from this work. More details at
     http://www.quantum-espresso.org/quote

     Parallel version (MPI), running on     8 processors
     R & G space division:  proc/nbgrp/npool/nimage =       8

     ***** This is GIPAW svn revision unknown      *****

     Parallelizing q-star over 1 images

     Reading data from directory:
     /users/majewski/paradichlorobenzene/pbe/9_constraint/scratch/pbe.ecut100.np8.dt60.pcl2phi-129368.save
     Message from routine read_xml_file:
     file /users/majewski/paradichlorobenzene/pbe/9_constraint/scratch/pbe.ecut100.np8.dt60.pcl2phi-129368.save not guaranteed to be safe for post-processing

   Info: using nr1, nr2, nr3 values from input

   Info: using nr1, nr2, nr3 values from input

     IMPORTANT: XC functional enforced from input :
     Exchange-correlation      =  SLA  PW   PBX  PBC ( 1  4  3  4 0 0)
     Any further DFT definition will be discarded
     Please, verify this is what you really want

               file C.pbe-n-kjpaw_psl.1.0.0.UPF: wavefunction(s)  2S 2P renormalized
               file Cl.pbe-n-kjpaw_psl.1.0.0.UPF: wavefunction(s)  3S 3P renormalized
               file H.pbe-kjpaw_psl.1.0.0.UPF: wavefunction(s)  1S renormalized

     Parallelization info
     --------------------
     sticks:   dense  smooth     PW     G-vecs:    dense   smooth      PW
     Min        3057    1223    332               144436    36536    5170
     Max        3059    1225    333               144437    36537    5171
     Sum       24467    9791   2657              1155489   292295   41363


     Subspace diagonalization in iterative solution of the eigenvalue problem:
     a serial algorithm will be used

     GIPAW projectors -----------------------------------------------
     atom=  C    l=0  rc=    1.2000  rs=    0.8000
     atom=  C    l=0  rc=    1.2000  rs=    0.8000
     atom=  C    l=1  rc=    1.4000  rs=    0.9333
     atom=  C    l=1  rc=    1.4000  rs=    0.9333
     projs nearly linearly dependent: l=1  n1,n2= 1, 2  s=  0.99951561

     atom=  Cl   l=0  rc=    1.6000  rs=    1.0667
     atom=  Cl   l=0  rc=    1.6000  rs=    1.0667
     atom=  Cl   l=1  rc=    1.6000  rs=    1.0667
     atom=  Cl   l=1  rc=    1.6000  rs=    1.0667
     atom=  Cl   l=2  rc=    1.6000  rs=    1.0667
     atom=  Cl   l=2  rc=    1.6000  rs=    1.0667
     projs nearly linearly dependent: l=2  n1,n2= 1, 2  s=  0.99993509

     atom=  H    l=0  rc=    1.0000  rs=    0.6667
     atom=  H    l=0  rc=    1.0000  rs=    0.6667
     projs nearly linearly dependent: l=0  n1,n2= 1, 2  s=  0.99968852
     -----------------------------------------------------------------

     GIPAW integrals: -------------------------------------------
     Atom  i/j   nmr_para   nmr_dia   epr_rmc  epr_para   epr_dia
       C   1 1   0.83E+03  0.17E-01  0.93E+01  0.24E+08  0.24E+03
       C   2 1   0.86E+03 -0.61E-01  0.94E+01  0.25E+08  0.25E+03
       C   2 2   0.90E+03 -0.15E+00  0.97E+01  0.26E+08  0.26E+03
       C   3 3   0.33E+01  0.34E+00  0.18E+01  0.55E+03  0.21E+02
       C   4 3   0.35E+01  0.37E+00  0.20E+01  0.59E+03  0.22E+02
       C   4 4   0.38E+01  0.39E+00  0.22E+01  0.63E+03  0.24E+02
       Cl  1 1   0.14E+04 -0.47E+00  0.84E+01  0.32E+09  0.42E+03
       Cl  2 1   0.21E+04 -0.37E+00  0.12E+02  0.49E+09  0.65E+03
       Cl  2 2   0.33E+04 -0.16E+00  0.21E+02  0.76E+09  0.10E+04
       Cl  3 3   0.21E+02  0.79E-01  0.89E+01  0.23E+05  0.13E+03
       Cl  4 3   0.24E+02  0.67E-01  0.99E+01  0.27E+05  0.15E+03
       Cl  4 4   0.28E+02  0.44E-01  0.11E+02  0.32E+05  0.18E+03
       Cl  5 5   0.77E+00  0.19E+00  0.18E+01  0.12E+03  0.22E+02
       Cl  6 5   0.80E+00  0.19E+00  0.19E+01  0.12E+03  0.23E+02
       Cl  6 6   0.83E+00  0.20E+00  0.19E+01  0.12E+03  0.23E+02
       H   1 1   0.39E+02  0.19E+00  0.29E+00  0.78E+05  0.13E+02
       H   2 1   0.41E+02  0.21E+00  0.32E+00  0.82E+05  0.14E+02
       H   2 2   0.43E+02  0.22E+00  0.36E+00  0.86E+05  0.15E+02
     ------------------------------------------------------------

     alpha_pv=     34.2522 eV

     Number of occupied bands for each k-point:
     k-point:     1    nbnd_occ=  42
     k-point:     2    nbnd_occ=  42
     k-point:     3    nbnd_occ=  42
     k-point:     4    nbnd_occ=  42
     k-point:     5    nbnd_occ=  42
     k-point:     6    nbnd_occ=  42
     k-point:     7    nbnd_occ=  42
     k-point:     8    nbnd_occ=  42
     k-point:     9    nbnd_occ=  42
     k-point:    10    nbnd_occ=  42
     k-point:    11    nbnd_occ=  42
     k-point:    12    nbnd_occ=  42
     k-point:    13    nbnd_occ=  42
     k-point:    14    nbnd_occ=  42
     k-point:    15    nbnd_occ=  42
     k-point:    16    nbnd_occ=  42


     q-space interpolation up to   110.00 Rydberg

     GIPAW job: efg                                                                             


     ELECTRIC FIELD GRADIENTS TENSORS IN Hartree/bohrradius^2:

     ----- bare term -----
     Cl   1       -0.077788        0.101027       -0.018454
     Cl   1        0.101027       -0.017684        0.003755
     Cl   1       -0.018454        0.003755        0.095472

     C    2       -0.130976        0.056119       -0.434032
     C    2        0.056119       -0.243974       -0.521277
     C    2       -0.434032       -0.521277        0.374951

     C    3       -0.113516        0.427022       -0.078286
     C    3        0.427022       -0.317746       -0.445744
     C    3       -0.078286       -0.445744        0.431261

     H    4       -0.409310       -0.301468       -0.458027
     H    4       -0.301468        0.187882       -0.174014
     H    4       -0.458027       -0.174014        0.221427

     C    5       -0.510040        0.055807       -0.333842
     C    5        0.055807       -0.001000       -0.345774
     C    5       -0.333842       -0.345774        0.511041

     H    6        0.279359        0.217863       -0.255180
     H    6        0.217863       -0.540181       -0.112747
     H    6       -0.255180       -0.112747        0.260822

     H    7        0.292378       -0.101147        0.017679
     H    7       -0.101147       -0.468208        0.491766
     H    7        0.017679        0.491766        0.175830

     C    8       -0.337598       -0.217699       -0.342979
     C    8       -0.217699       -0.090333        0.424564
     C    8       -0.342979        0.424564        0.427931

     H    9       -0.382686        0.494854        0.042871
     H    9        0.494854        0.153829       -0.134216
     H    9        0.042871       -0.134216        0.228857

     C   10       -0.345472       -0.340294       -0.211399
     C   10       -0.340294       -0.132958        0.519753
     C   10       -0.211399        0.519753        0.478429

     C   11       -0.242857       -0.041650       -0.374716
     C   11       -0.041650       -0.076422        0.475864
     C   11       -0.374716        0.475864        0.319279

     Cl  12       -0.135416       -0.048419       -0.056563
     Cl  12       -0.048419       -0.072338        0.103966
     Cl  12       -0.056563        0.103966        0.207754

     H   13        0.381508        0.084697       -0.054678
     H   13        0.084697       -0.658261       -0.309231
     H   13       -0.054678       -0.309231        0.276753

     C   14       -0.311820        0.185732       -0.331836
     C   14        0.185732       -0.070405       -0.491027
     C   14       -0.331836       -0.491027        0.382225

     H   15       -0.105922       -0.201134       -0.443641
     H   15       -0.201134        0.239432       -0.422538
     H   15       -0.443641       -0.422538       -0.133510

     C   16       -0.419518        0.337279       -0.300547
     C   16        0.337279       -0.033087       -0.335136
     C   16       -0.300547       -0.335136        0.452606

     C   17       -0.076604        0.182741       -0.184692
     C   17        0.182741       -0.360115       -0.477582
     C   17       -0.184692       -0.477582        0.436719

     Cl  18       -0.031429       -0.035167       -0.011930
     Cl  18       -0.035167       -0.032816       -0.025547
     Cl  18       -0.011930       -0.025547        0.064245

     H   19        0.397990        0.316512        0.120321
     H   19        0.316512       -0.621648       -0.013191
     H   19        0.120321       -0.013191        0.223658

     C   20       -0.384522       -0.211441       -0.338339
     C   20       -0.211441       -0.121213        0.217469
     C   20       -0.338339        0.217469        0.505735

     H   21       -0.483047        0.303243        0.242849
     H   21        0.303243        0.314439       -0.002511
     H   21        0.242849       -0.002511        0.168607

     C   22       -0.042451       -0.099180       -0.032146
     C   22       -0.099180       -0.269642        0.262393
     C   22       -0.032146        0.262393        0.312093

     C   23       -0.434932       -0.160484       -0.335751
     C   23       -0.160484       -0.087551        0.386427
     C   23       -0.335751        0.386427        0.522483

     Cl  24       -0.080856        0.021503       -0.084363
     Cl  24        0.021503       -0.088498        0.034653
     Cl  24       -0.084363        0.034653        0.169354

     ----- ionic term -----
     Cl   1        0.161676       -0.206374        0.077414
     Cl   1       -0.206374       -0.010216       -0.037570
     Cl   1        0.077414       -0.037570       -0.151461

     C    2        0.178670       -0.179744        0.351506
     C    2       -0.179744        0.190375        0.301551
     C    2        0.351506        0.301551       -0.369045

     C    3        0.217611       -0.306011        0.225693
     C    3       -0.306011        0.263255        0.290116
     C    3        0.225693        0.290116       -0.480866

     H    4        0.674093        0.360525        0.608439
     H    4        0.360525       -0.346245        0.241082
     H    4        0.608439        0.241082       -0.327849

     C    5        0.347653       -0.249417        0.327097
     C    5       -0.249417        0.104428        0.246124
     C    5        0.327097        0.246124       -0.452081

     H    6       -0.486514       -0.051886        0.001557
     H    6       -0.051886        0.846017        0.558342
     H    6        0.001557        0.558342       -0.359504

     H    7       -0.501456        0.037268       -0.017073
     H    7        0.037268        0.654339       -0.706794
     H    7       -0.017073       -0.706794       -0.152882

     C    8        0.427294        0.169252        0.096163
     C    8        0.169252        0.043058       -0.305272
     C    8        0.096163       -0.305272       -0.470352

     H    9        0.771420       -0.460554        0.415889
     H    9       -0.460554       -0.347401       -0.201865
     H    9        0.415889       -0.201865       -0.424019

     C   10        0.288335        0.170895        0.057294
     C   10        0.170895        0.166430       -0.334149
     C   10        0.057294       -0.334149       -0.454765

     C   11        0.357178        0.076405        0.086526
     C   11        0.076405        0.116483       -0.328300
     C   11        0.086526       -0.328300       -0.473661

     Cl  12        0.151630        0.197172       -0.035166
     Cl  12        0.197172       -0.008576       -0.022429
     Cl  12       -0.035166       -0.022429       -0.143054

     H   13       -0.537718       -0.037593       -0.015244
     H   13       -0.037593        0.708653        0.667819
     H   13       -0.015244        0.667819       -0.170935

     C   14        0.219765       -0.205287        0.307302
     C   14       -0.205287        0.118309        0.271259
     C   14        0.307302        0.271259       -0.338074

     H   15        0.402508        0.320300        0.731484
     H   15        0.320300       -0.391025        0.305723
     H   15        0.731484        0.305723       -0.011483

     C   16        0.092231       -0.247380        0.244119
     C   16       -0.247380        0.243371        0.347475
     C   16        0.244119        0.347475       -0.335602

     C   17        0.208450       -0.164846        0.288838
     C   17       -0.164846        0.166123        0.388308
     C   17        0.288838        0.388308       -0.374573

     Cl  18        0.152723       -0.213819        0.007610
     Cl  18       -0.213819        0.011910        0.000283
     Cl  18        0.007610        0.000283       -0.164634

     H   19       -0.504061       -0.108026        0.034285
     H   19       -0.108026        0.703189       -0.669373
     H   19        0.034285       -0.669373       -0.199128

     C   20        0.398778        0.105156        0.094593
     C   20        0.105156        0.091089       -0.288280
     C   20        0.094593       -0.288280       -0.489867

     H   21        0.894105       -0.302711        0.422456
     H   21       -0.302711       -0.418104       -0.157864
     H   21        0.422456       -0.157864       -0.476001

     C   22        0.259997        0.203761        0.080616
     C   22        0.203761        0.219610       -0.330798
     C   22        0.080616       -0.330798       -0.479607

     C   23        0.297603        0.108217        0.179846
     C   23        0.108217        0.199297       -0.315765
     C   23        0.179846       -0.315765       -0.496901

     Cl  24        0.137516        0.214817        0.012958
     Cl  24        0.214817        0.031280        0.002898
     Cl  24        0.012958        0.002898       -0.168796

     ----- GIPAW term -----
     Cl   1       -0.888592       -1.160149       -0.128458
     Cl   1       -1.160149       -1.453723        0.031796
     Cl   1       -0.128458        0.031796        2.342315

     C    2        0.012773       -0.096023       -0.129924
     C    2       -0.096023       -0.078270       -0.127719
     C    2       -0.129924       -0.127719        0.065497

     C    3        0.070124       -0.000328        0.033888
     C    3       -0.000328       -0.077450       -0.070385
     C    3        0.033888       -0.070385        0.007327

     H    4       -0.000000        0.000000        0.000000
     H    4        0.000000        0.000000        0.000000
     H    4        0.000000        0.000000        0.000000

     C    5       -0.081351       -0.013285        0.059643
     C    5       -0.013285       -0.076954       -0.065407
     C    5        0.059643       -0.065407        0.158305

     H    6       -0.000000        0.000000        0.000000
     H    6        0.000000        0.000000        0.000000
     H    6        0.000000        0.000000        0.000000

     H    7       -0.000000        0.000000        0.000000
     H    7        0.000000        0.000000        0.000000
     H    7        0.000000        0.000000        0.000000

     C    8       -0.039759       -0.036683       -0.054208
     C    8       -0.036683       -0.027302        0.097690
     C    8       -0.054208        0.097690        0.067061

     H    9       -0.000000        0.000000        0.000000
     H    9        0.000000        0.000000        0.000000
     H    9        0.000000        0.000000        0.000000

     C   10       -0.146417       -0.073688       -0.074895
     C   10       -0.073688        0.031053        0.193492
     C   10       -0.074895        0.193492        0.115364

     C   11        0.032323        0.130793       -0.066589
     C   11        0.130793       -0.005999        0.066032
     C   11       -0.066589        0.066032       -0.026325

     Cl  12        0.198375        1.788230       -0.602585
     Cl  12        1.788230       -0.665415        0.949393
     Cl  12       -0.602585        0.949393        0.467041

     H   13       -0.000000        0.000000        0.000000
     H   13        0.000000        0.000000        0.000000
     H   13        0.000000        0.000000        0.000000

     C   14       -0.066372        0.044512       -0.058568
     C   14        0.044512        0.024886       -0.165556
     C   14       -0.058568       -0.165556        0.041486

     H   15       -0.000000        0.000000        0.000000
     H   15        0.000000        0.000000        0.000000
     H   15        0.000000        0.000000        0.000000

     C   16       -0.134186        0.045420       -0.074069
     C   16        0.045420        0.058457       -0.004060
     C   16       -0.074069       -0.004060        0.075729

     C   17        0.038043       -0.079416        0.038005
     C   17       -0.079416       -0.112581       -0.043711
     C   17        0.038005       -0.043711        0.074538

     Cl  18        1.120851       -2.455694       -0.033813
     Cl  18       -2.455694       -0.142874       -0.240339
     Cl  18       -0.033813       -0.240339       -0.977977

     H   19       -0.000000        0.000000        0.000000
     H   19        0.000000        0.000000        0.000000
     H   19        0.000000        0.000000        0.000000

     C   20       -0.094557       -0.062287       -0.142732
     C   20       -0.062287       -0.093714        0.111634
     C   20       -0.142732        0.111634        0.188271

     H   21       -0.000000        0.000000        0.000000
     H   21        0.000000        0.000000        0.000000
     H   21        0.000000        0.000000        0.000000

     C   22       -0.047879       -0.017391       -0.062466
     C   22       -0.017391       -0.068362        0.060380
     C   22       -0.062466        0.060380        0.116242

     C   23       -0.086679        0.041152       -0.170052
     C   23        0.041152       -0.122235        0.083365
     C   23       -0.170052        0.083365        0.208915

     Cl  24        0.578254        2.155182       -0.866882
     Cl  24        2.155182       -0.807087        0.269244
     Cl  24       -0.866882        0.269244        0.228832

     ----- total EFG -----
     Cl   1       -0.804704       -1.265496       -0.069499
     Cl   1       -1.265496       -1.481622       -0.002019
     Cl   1       -0.069499       -0.002019        2.286326

     C    2        0.060467       -0.219648       -0.212451
     C    2       -0.219648       -0.131870       -0.347445
     C    2       -0.212451       -0.347445        0.071402

     C    3        0.174219        0.120683        0.181295
     C    3        0.120683       -0.131941       -0.226014
     C    3        0.181295       -0.226014       -0.042278

     H    4        0.264784        0.059058        0.150413
     H    4        0.059058       -0.158362        0.067068
     H    4        0.150413        0.067068       -0.106422

     C    5       -0.243739       -0.206896        0.052899
     C    5       -0.206896        0.026474       -0.165056
     C    5        0.052899       -0.165056        0.217265

     H    6       -0.207155        0.165977       -0.253623
     H    6        0.165977        0.305837        0.445594
     H    6       -0.253623        0.445594       -0.098682

     H    7       -0.209078       -0.063879        0.000606
     H    7       -0.063879        0.186130       -0.215028
     H    7        0.000606       -0.215028        0.022947

     C    8        0.049937       -0.085130       -0.301024
     C    8       -0.085130       -0.074577        0.216981
     C    8       -0.301024        0.216981        0.024640

     H    9        0.388734        0.034301        0.458760
     H    9        0.034301       -0.193572       -0.336080
     H    9        0.458760       -0.336080       -0.195162

     C   10       -0.203554       -0.243087       -0.229000
     C   10       -0.243087        0.064525        0.379096
     C   10       -0.229000        0.379096        0.139028

     C   11        0.146645        0.165548       -0.354780
     C   11        0.165548        0.034062        0.213596
     C   11       -0.354780        0.213596       -0.180707

     Cl  12        0.214588        1.936983       -0.694314
     Cl  12        1.936983       -0.746329        1.030929
     Cl  12       -0.694314        1.030929        0.531741

     H   13       -0.156210        0.047104       -0.069922
     H   13        0.047104        0.050392        0.358588
     H   13       -0.069922        0.358588        0.105817

     C   14       -0.158426        0.024957       -0.083102
     C   14        0.024957        0.072789       -0.385324
     C   14       -0.083102       -0.385324        0.085637

     H   15        0.296586        0.119167        0.287843
     H   15        0.119167       -0.151593       -0.116815
     H   15        0.287843       -0.116815       -0.144993

     C   16       -0.461473        0.135319       -0.130498
     C   16        0.135319        0.268741        0.008279
     C   16       -0.130498        0.008279        0.192733

     C   17        0.169889       -0.061521        0.142151
     C   17       -0.061521       -0.306573       -0.132985
     C   17        0.142151       -0.132985        0.136684

     Cl  18        1.242145       -2.704680       -0.038134
     Cl  18       -2.704680       -0.163780       -0.265603
     Cl  18       -0.038134       -0.265603       -1.078365

     H   19       -0.106072        0.208486        0.154607
     H   19        0.208486        0.081541       -0.682565
     H   19        0.154607       -0.682565        0.024530

     C   20       -0.080301       -0.168573       -0.386477
     C   20       -0.168573       -0.123838        0.040823
     C   20       -0.386477        0.040823        0.204139

     H   21        0.411058        0.000532        0.665305
     H   21        0.000532       -0.103665       -0.160374
     H   21        0.665305       -0.160374       -0.307393

     C   22        0.169667        0.087189       -0.013996
     C   22        0.087189       -0.118394       -0.008025
     C   22       -0.013996       -0.008025       -0.051273

     C   23       -0.224008       -0.011115       -0.325958
     C   23       -0.011115       -0.010489        0.154026
     C   23       -0.325958        0.154026        0.234498

     Cl  24        0.634914        2.391501       -0.938286
     Cl  24        2.391501       -0.864304        0.306795
     Cl  24       -0.938286        0.306795        0.229390

     ----- total EFG (symmetrized) -----
     Cl   1       -0.804704       -1.265496       -0.069499
     Cl   1       -1.265496       -1.481622       -0.002019
     Cl   1       -0.069499       -0.002019        2.286326

     C    2        0.060467       -0.219648       -0.212451
     C    2       -0.219648       -0.131870       -0.347445
     C    2       -0.212451       -0.347445        0.071402

     C    3        0.174219        0.120683        0.181295
     C    3        0.120683       -0.131941       -0.226014
     C    3        0.181295       -0.226014       -0.042278

     H    4        0.264784        0.059058        0.150413
     H    4        0.059058       -0.158362        0.067068
     H    4        0.150413        0.067068       -0.106422

     C    5       -0.243739       -0.206896        0.052899
     C    5       -0.206896        0.026474       -0.165056
     C    5        0.052899       -0.165056        0.217265

     H    6       -0.207155        0.165977       -0.253623
     H    6        0.165977        0.305837        0.445594
     H    6       -0.253623        0.445594       -0.098682

     H    7       -0.209078       -0.063879        0.000606
     H    7       -0.063879        0.186130       -0.215028
     H    7        0.000606       -0.215028        0.022947

     C    8        0.049937       -0.085130       -0.301024
     C    8       -0.085130       -0.074577        0.216981
     C    8       -0.301024        0.216981        0.024640

     H    9        0.388734        0.034301        0.458760
     H    9        0.034301       -0.193572       -0.336080
     H    9        0.458760       -0.336080       -0.195162

     C   10       -0.203554       -0.243087       -0.229000
     C   10       -0.243087        0.064525        0.379096
     C   10       -0.229000        0.379096        0.139028

     C   11        0.146645        0.165548       -0.354780
     C   11        0.165548        0.034062        0.213596
     C   11       -0.354780        0.213596       -0.180707

     Cl  12        0.214588        1.936983       -0.694314
     Cl  12        1.936983       -0.746329        1.030929
     Cl  12       -0.694314        1.030929        0.531741

     H   13       -0.156210        0.047104       -0.069922
     H   13        0.047104        0.050392        0.358588
     H   13       -0.069922        0.358588        0.105817

     C   14       -0.158426        0.024957       -0.083102
     C   14        0.024957        0.072789       -0.385324
     C   14       -0.083102       -0.385324        0.085637

     H   15        0.296586        0.119167        0.287843
     H   15        0.119167       -0.151593       -0.116815
     H   15        0.287843       -0.116815       -0.144993

     C   16       -0.461473        0.135319       -0.130498
     C   16        0.135319        0.268741        0.008279
     C   16       -0.130498        0.008279        0.192733

     C   17        0.169889       -0.061521        0.142151
     C   17       -0.061521       -0.306573       -0.132985
     C   17        0.142151       -0.132985        0.136684

     Cl  18        1.242145       -2.704680       -0.038134
     Cl  18       -2.704680       -0.163780       -0.265603
     Cl  18       -0.038134       -0.265603       -1.078365

     H   19       -0.106072        0.208486        0.154607
     H   19        0.208486        0.081541       -0.682565
     H   19        0.154607       -0.682565        0.024530

     C   20       -0.080301       -0.168573       -0.386477
     C   20       -0.168573       -0.123838        0.040823
     C   20       -0.386477        0.040823        0.204139

     H   21        0.411058        0.000532        0.665305
     H   21        0.000532       -0.103665       -0.160374
     H   21        0.665305       -0.160374       -0.307393

     C   22        0.169667        0.087189       -0.013996
     C   22        0.087189       -0.118394       -0.008025
     C   22       -0.013996       -0.008025       -0.051273

     C   23       -0.224008       -0.011115       -0.325958
     C   23       -0.011115       -0.010489        0.154026
     C   23       -0.325958        0.154026        0.234498

     Cl  24        0.634914        2.391501       -0.938286
     Cl  24        2.391501       -0.864304        0.306795
     Cl  24       -0.938286        0.306795        0.229390


     NQR/NMR SPECTROSCOPIC PARAMETERS:
     Cl   1    Vxx=    0.1654    axis=(  0.792697 -0.609087  0.025396)
     Cl   1    Vyy=    2.2881    axis=( -0.025786  0.008121  0.999635)
     Cl   1    Vzz=   -2.4535    axis=( -0.609071 -0.793062 -0.009268)
     Cl   1  Q=        -8.1650 1e-30 m^2  Cq=        47.0700 MHz  eta= 0.86514

     C    2    Vxx=    0.2034    axis=( -0.861292  0.504862  0.057368)
     C    2    Vyy=    0.3412    axis=( -0.238061 -0.500699  0.832242)
     C    2    Vzz=   -0.5446    axis=( -0.448891 -0.703146 -0.551436)
     C    2  Q=         1.0000 1e-30 m^2  Cq=        -1.2795 MHz  eta= 0.25311

     C    3    Vxx=    0.1175    axis=(  0.370245  0.715683 -0.592214)
     C    3    Vyy=    0.2773    axis=(  0.861477 -0.026030  0.507128)
     C    3    Vzz=   -0.3948    axis=( -0.347528  0.697940  0.626182)
     C    3  Q=         1.0000 1e-30 m^2  Cq=        -0.9276 MHz  eta= 0.40471

     H    4    Vxx=   -0.1220    axis=(  0.359472 -0.650545 -0.669007)
     H    4    Vyy=   -0.2086    axis=(  0.116856  0.742669 -0.659385)
     H    4    Vzz=    0.3306    axis=( -0.925810 -0.158853 -0.342988)
     H    4  Q=         1.0000 1e-30 m^2  Cq=         0.7769 MHz  eta= 0.26189

     C    5    Vxx=    0.0041    axis=( -0.421655  0.663255  0.618304)
     C    5    Vyy=    0.3536    axis=(  0.264196 -0.562437  0.783496)
     C    5    Vzz=   -0.3577    axis=( -0.867414 -0.493718 -0.061925)
     C    5  Q=         1.0000 1e-30 m^2  Cq=        -0.8405 MHz  eta= 0.97688

     H    6    Vxx=    0.0195    axis=(  0.800817  0.321832 -0.505090)
     H    6    Vyy=    0.5929    axis=( -0.003060 -0.841140 -0.540808)
     H    6    Vzz=   -0.6124    axis=( -0.598901  0.434634 -0.672615)
     H    6  Q=         1.0000 1e-30 m^2  Cq=        -1.4390 MHz  eta= 0.93628

     H    7    Vxx=   -0.1129    axis=( -0.329661  0.503699  0.798506)
     H    7    Vyy=   -0.2267    axis=( -0.939158 -0.261385 -0.222847)
     H    7    Vzz=    0.3397    axis=(  0.096469 -0.823387  0.559221)
     H    7  Q=         1.0000 1e-30 m^2  Cq=         0.7981 MHz  eta= 0.33496

     C    8    Vxx=   -0.1115    axis=(  0.612824  0.782910  0.107231)
     C    8    Vyy=   -0.3184    axis=(  0.485844 -0.480313  0.730243)
     C    8    Vzz=    0.4298    axis=( -0.623220  0.395413  0.674719)
     C    8  Q=         1.0000 1e-30 m^2  Cq=         1.0100 MHz  eta= 0.48124

     H    9    Vxx=   -0.0027    axis=(  0.417157  0.807875 -0.416314)
     H    9    Vyy=   -0.6604    axis=( -0.346060  0.564764  0.749189)
     H    9    Vzz=    0.6631    axis=(  0.840370 -0.168459  0.515169)
     H    9  Q=         1.0000 1e-30 m^2  Cq=         1.5580 MHz  eta= 0.99194

     C   10    Vxx=   -0.2705    axis=(  0.308651 -0.605788  0.733318)
     C   10    Vyy=   -0.3473    axis=( -0.873729 -0.485282 -0.033139)
     C   10    Vzz=    0.6178    axis=(  0.375942 -0.630493 -0.679077)
     C   10  Q=         1.0000 1e-30 m^2  Cq=         1.4515 MHz  eta= 0.12420

     C   11    Vxx=    0.1591    axis=(  0.144252  0.898652  0.414266)
     C   11    Vyy=    0.3761    axis=( -0.855794 -0.096884  0.508163)
     C   11    Vzz=   -0.5352    axis=(  0.496797 -0.427830  0.755085)
     C   11  Q=         1.0000 1e-30 m^2  Cq=        -1.2574 MHz  eta= 0.40540

     Cl  12    Vxx=    0.9934    axis=( -0.305680  0.209987  0.928690)
     Cl  12    Vyy=    1.7393    axis=(  0.762364  0.638308  0.106605)
     Cl  12    Vzz=   -2.7327    axis=( -0.570404  0.740587 -0.355205)
     Cl  12  Q=        -8.1650 1e-30 m^2  Cq=        52.4248 MHz  eta= 0.27296

     H   13    Vxx=   -0.1162    axis=( -0.895349 -0.347231  0.278892)
     H   13    Vyy=   -0.3222    axis=(  0.444142 -0.649773  0.616874)
     H   13    Vzz=    0.4384    axis=( -0.032981  0.676185  0.735993)
     H   13  Q=         1.0000 1e-30 m^2  Cq=         1.0301 MHz  eta= 0.47006

     C   14    Vxx=   -0.1569    axis=( -0.958350  0.268300  0.097879)
     C   14    Vyy=   -0.3170    axis=( -0.258755 -0.670640 -0.695189)
     C   14    Vzz=    0.4739    axis=( -0.120878 -0.691561  0.712132)
     C   14  Q=         1.0000 1e-30 m^2  Cq=         1.1136 MHz  eta= 0.33778

     H   15    Vxx=   -0.0522    axis=(  0.161929  0.826897 -0.538535)
     H   15    Vyy=   -0.3918    axis=( -0.400995  0.553787  0.729742)
     H   15    Vzz=    0.4440    axis=(  0.901655  0.097783  0.421256)
     H   15  Q=         1.0000 1e-30 m^2  Cq=         1.0432 MHz  eta= 0.76496

     C   16    Vxx=    0.2140    axis=( -0.144471  0.211084  0.966732)
     C   16    Vyy=    0.2957    axis=( -0.203002 -0.962524  0.179828)
     C   16    Vzz=   -0.5098    axis=(  0.968462 -0.170269  0.181907)
     C   16  Q=         1.0000 1e-30 m^2  Cq=        -1.1978 MHz  eta= 0.16025

     C   17    Vxx=    0.0189    axis=( -0.709218 -0.147605  0.689364)
     C   17    Vyy=    0.3255    axis=(  0.703522 -0.211250  0.678550)
     C   17    Vzz=   -0.3444    axis=( -0.045470 -0.966223 -0.253666)
     C   17  Q=         1.0000 1e-30 m^2  Cq=        -0.8092 MHz  eta= 0.89016

     Cl  18    Vxx=   -1.0376    axis=( -0.138626 -0.130689  0.981684)
     Cl  18    Vyy=   -2.3001    axis=(  0.597314  0.779628  0.188138)
     Cl  18    Vzz=    3.3377    axis=( -0.789936  0.612455 -0.030015)
     Cl  18  Q=        -8.1650 1e-30 m^2  Cq=       -64.0320 MHz  eta= 0.37824

     H   19    Vxx=   -0.0040    axis=(  0.924305  0.222344  0.310200)
     H   19    Vyy=   -0.7345    axis=(  0.377752 -0.648917 -0.660462)
     H   19    Vzz=    0.7386    axis=(  0.054444  0.727647 -0.683788)
     H   19  Q=         1.0000 1e-30 m^2  Cq=         1.7353 MHz  eta= 0.98908

     C   20    Vxx=   -0.1003    axis=( -0.220780  0.889737 -0.399530)
     C   20    Vyy=   -0.4011    axis=( -0.782346 -0.406166 -0.472190)
     C   20    Vzz=    0.5014    axis=( -0.582400  0.208321  0.785756)
     C   20  Q=         1.0000 1e-30 m^2  Cq=         1.1781 MHz  eta= 0.59978

     H   21    Vxx=   -0.0806    axis=(  0.187039  0.972467 -0.139009)
     H   21    Vyy=   -0.7347    axis=( -0.490492  0.215054  0.844494)
     H   21    Vzz=    0.8153    axis=(  0.851137 -0.089770  0.517211)
     H   21  Q=         1.0000 1e-30 m^2  Cq=         1.9156 MHz  eta= 0.80219

     C   22    Vxx=   -0.0521    axis=(  0.072757 -0.025001  0.997036)
     C   22    Vyy=   -0.1429    axis=( -0.266619  0.962815  0.043599)
     C   22    Vzz=    0.1950    axis=( -0.961052 -0.269001  0.063385)
     C   22  Q=         1.0000 1e-30 m^2  Cq=         0.4582 MHz  eta= 0.46570

     C   23    Vxx=   -0.0446    axis=(  0.283372  0.940400 -0.188009)
     C   23    Vyy=   -0.4034    axis=( -0.861880  0.163759 -0.479944)
     C   23    Vzz=    0.4480    axis=( -0.420551  0.298044  0.856917)
     C   23  Q=         1.0000 1e-30 m^2  Cq=         1.0527 MHz  eta= 0.80077

     Cl  24    Vxx=    0.2932    axis=(  0.053711  0.358049  0.932157)
     Cl  24    Vyy=    2.5424    axis=(  0.802269  0.540336 -0.253774)
     Cl  24    Vzz=   -2.8356    axis=( -0.594541  0.761471 -0.258229)
     Cl  24  Q=        -8.1650 1e-30 m^2  Cq=        54.3992 MHz  eta= 0.79322

     Initialization:
     gipaw_setup  :      9.27s CPU     11.07s WALL (       1 calls)

     Linear response

     Apply operators

     Induced current

     Other routines
     efg          :      9.44s CPU     11.59s WALL (       1 calls)

     General routines
     calbec       :      3.31s CPU      4.39s WALL (      16 calls)
     fft          :      1.55s CPU      2.10s WALL (      15 calls)
     ffts         :      0.04s CPU      0.04s WALL (       2 calls)
     fftw         :      3.26s CPU      3.82s WALL (     672 calls)
     davcio       :      0.06s CPU      0.35s WALL (      32 calls)

     Parallel routines
     fft_scatter  :      2.12s CPU      2.94s WALL (     689 calls)

     Plugins

     GIPAW        :     61.80s CPU     78.74s WALL (       1 calls)
