
     Program QE v.6.0 (svn rev. 13079) starts on 22Jan2017 at  1:48: 1 

     This program is part of the open-source Quantum ESPRESSO suite
     for quantum simulation of materials; please cite
         "P. Giannozzi et al., J. Phys.:Condens. Matter 21 395502 (2009);
          URL http://www.quantum-espresso.org", 
     in publications or presentations arising from this work. More details at
     http://www.quantum-espresso.org/quote

     Parallel version (MPI), running on     8 processors
     R & G space division:  proc/nbgrp/npool/nimage =       8

     ***** This is GIPAW svn revision unknown      *****

     Parallelizing q-star over 1 images

     Reading data from directory:
     /users/majewski/paradichlorobenzene/pbe/9_constraint/scratch/pbe.ecut100.np8.dt60.pcl2phi-129368.save
     Message from routine read_xml_file:
     file /users/majewski/paradichlorobenzene/pbe/9_constraint/scratch/pbe.ecut100.np8.dt60.pcl2phi-129368.save not guaranteed to be safe for post-processing

   Info: using nr1, nr2, nr3 values from input

   Info: using nr1, nr2, nr3 values from input

     IMPORTANT: XC functional enforced from input :
     Exchange-correlation      =  SLA  PW   PBX  PBC ( 1  4  3  4 0 0)
     Any further DFT definition will be discarded
     Please, verify this is what you really want

               file C.pbe-n-kjpaw_psl.1.0.0.UPF: wavefunction(s)  2S 2P renormalized
               file Cl.pbe-n-kjpaw_psl.1.0.0.UPF: wavefunction(s)  3S 3P renormalized
               file H.pbe-kjpaw_psl.1.0.0.UPF: wavefunction(s)  1S renormalized

     Parallelization info
     --------------------
     sticks:   dense  smooth     PW     G-vecs:    dense   smooth      PW
     Min        3057    1223    332               144436    36536    5170
     Max        3059    1225    333               144437    36537    5171
     Sum       24467    9791   2657              1155489   292295   41363


     Subspace diagonalization in iterative solution of the eigenvalue problem:
     a serial algorithm will be used

     GIPAW projectors -----------------------------------------------
     atom=  C    l=0  rc=    1.2000  rs=    0.8000
     atom=  C    l=0  rc=    1.2000  rs=    0.8000
     atom=  C    l=1  rc=    1.4000  rs=    0.9333
     atom=  C    l=1  rc=    1.4000  rs=    0.9333
     projs nearly linearly dependent: l=1  n1,n2= 1, 2  s=  0.99951561

     atom=  Cl   l=0  rc=    1.6000  rs=    1.0667
     atom=  Cl   l=0  rc=    1.6000  rs=    1.0667
     atom=  Cl   l=1  rc=    1.6000  rs=    1.0667
     atom=  Cl   l=1  rc=    1.6000  rs=    1.0667
     atom=  Cl   l=2  rc=    1.6000  rs=    1.0667
     atom=  Cl   l=2  rc=    1.6000  rs=    1.0667
     projs nearly linearly dependent: l=2  n1,n2= 1, 2  s=  0.99993509

     atom=  H    l=0  rc=    1.0000  rs=    0.6667
     atom=  H    l=0  rc=    1.0000  rs=    0.6667
     projs nearly linearly dependent: l=0  n1,n2= 1, 2  s=  0.99968852
     -----------------------------------------------------------------

     GIPAW integrals: -------------------------------------------
     Atom  i/j   nmr_para   nmr_dia   epr_rmc  epr_para   epr_dia
       C   1 1   0.83E+03  0.17E-01  0.93E+01  0.24E+08  0.24E+03
       C   2 1   0.86E+03 -0.61E-01  0.94E+01  0.25E+08  0.25E+03
       C   2 2   0.90E+03 -0.15E+00  0.97E+01  0.26E+08  0.26E+03
       C   3 3   0.33E+01  0.34E+00  0.18E+01  0.55E+03  0.21E+02
       C   4 3   0.35E+01  0.37E+00  0.20E+01  0.59E+03  0.22E+02
       C   4 4   0.38E+01  0.39E+00  0.22E+01  0.63E+03  0.24E+02
       Cl  1 1   0.14E+04 -0.47E+00  0.84E+01  0.32E+09  0.42E+03
       Cl  2 1   0.21E+04 -0.37E+00  0.12E+02  0.49E+09  0.65E+03
       Cl  2 2   0.33E+04 -0.16E+00  0.21E+02  0.76E+09  0.10E+04
       Cl  3 3   0.21E+02  0.79E-01  0.89E+01  0.23E+05  0.13E+03
       Cl  4 3   0.24E+02  0.67E-01  0.99E+01  0.27E+05  0.15E+03
       Cl  4 4   0.28E+02  0.44E-01  0.11E+02  0.32E+05  0.18E+03
       Cl  5 5   0.77E+00  0.19E+00  0.18E+01  0.12E+03  0.22E+02
       Cl  6 5   0.80E+00  0.19E+00  0.19E+01  0.12E+03  0.23E+02
       Cl  6 6   0.83E+00  0.20E+00  0.19E+01  0.12E+03  0.23E+02
       H   1 1   0.39E+02  0.19E+00  0.29E+00  0.78E+05  0.13E+02
       H   2 1   0.41E+02  0.21E+00  0.32E+00  0.82E+05  0.14E+02
       H   2 2   0.43E+02  0.22E+00  0.36E+00  0.86E+05  0.15E+02
     ------------------------------------------------------------

     alpha_pv=     34.0020 eV

     Number of occupied bands for each k-point:
     k-point:     1    nbnd_occ=  42
     k-point:     2    nbnd_occ=  42
     k-point:     3    nbnd_occ=  42
     k-point:     4    nbnd_occ=  42
     k-point:     5    nbnd_occ=  42
     k-point:     6    nbnd_occ=  42
     k-point:     7    nbnd_occ=  42
     k-point:     8    nbnd_occ=  42
     k-point:     9    nbnd_occ=  42
     k-point:    10    nbnd_occ=  42
     k-point:    11    nbnd_occ=  42
     k-point:    12    nbnd_occ=  42
     k-point:    13    nbnd_occ=  42
     k-point:    14    nbnd_occ=  42
     k-point:    15    nbnd_occ=  42
     k-point:    16    nbnd_occ=  42


     q-space interpolation up to   110.00 Rydberg

     GIPAW job: efg                                                                             


     ELECTRIC FIELD GRADIENTS TENSORS IN Hartree/bohrradius^2:

     ----- bare term -----
     Cl   1       -0.044627        0.037874        0.061429
     Cl   1        0.037874        0.028014        0.129755
     Cl   1        0.061429        0.129755        0.016614

     C    2       -0.716441        0.314281       -0.372398
     C    2        0.314281        0.153262       -0.040105
     C    2       -0.372398       -0.040105        0.563179

     C    3        0.039283       -0.089830       -0.280644
     C    3       -0.089830       -0.381956       -0.433584
     C    3       -0.280644       -0.433584        0.342673

     H    4       -0.475401        0.200211       -0.288102
     H    4        0.200211        0.113321       -0.270330
     H    4       -0.288102       -0.270330        0.362081

     C    5       -0.836374        0.320413       -0.475500
     C    5        0.320413        0.298440        0.038115
     C    5       -0.475500        0.038115        0.537934

     H    6        0.412718       -0.055823       -0.072788
     H    6       -0.055823       -0.583223       -0.640134
     H    6       -0.072788       -0.640134        0.170505

     H    7        0.394321       -0.036222       -0.005604
     H    7       -0.036222       -0.603115        0.466984
     H    7       -0.005604        0.466984        0.208794

     C    8       -0.219656        0.022518       -0.388646
     C    8        0.022518       -0.070427        0.470728
     C    8       -0.388646        0.470728        0.290083

     H    9       -0.183162        0.163585       -0.483477
     H    9        0.163585        0.369711        0.024936
     H    9       -0.483477        0.024936       -0.186548

     C   10       -0.181398       -0.416037       -0.222960
     C   10       -0.416037       -0.248751        0.369132
     C   10       -0.222960        0.369132        0.430148

     C   11       -0.084326        0.224018       -0.399596
     C   11        0.224018       -0.104211        0.587248
     C   11       -0.399596        0.587248        0.188537

     Cl  12       -0.037691       -0.164479        0.113819
     Cl  12       -0.164479       -0.091289       -0.016186
     Cl  12        0.113819       -0.016186        0.128980

     H   13        0.454090        0.025957        0.066616
     H   13        0.025957       -0.268124       -0.650738
     H   13        0.066616       -0.650738       -0.185966

     C   14       -0.123290       -0.032560       -0.317083
     C   14       -0.032560       -0.277114       -0.274001
     C   14       -0.317083       -0.274001        0.400404

     H   15       -0.274938       -0.227861       -0.555351
     H   15       -0.227861        0.338314       -0.245869
     H   15       -0.555351       -0.245869       -0.063376

     C   16       -0.682893        0.362655       -0.346842
     C   16        0.362655        0.223053       -0.089360
     C   16       -0.346842       -0.089360        0.459841

     C   17       -0.000108       -0.118241       -0.311578
     C   17       -0.118241       -0.172587       -0.471151
     C   17       -0.311578       -0.471151        0.172695

     Cl  18       -0.175649        0.255827        0.031937
     Cl  18        0.255827        0.101560        0.096366
     Cl  18        0.031937        0.096366        0.074089

     H   19        0.402852       -0.068340       -0.332276
     H   19       -0.068340       -0.015764        0.252574
     H   19       -0.332276        0.252574       -0.387088

     C   20       -0.394878       -0.324978        0.034952
     C   20       -0.324978        0.173280        0.180351
     C   20        0.034952        0.180351        0.221598

     H   21        0.180424       -0.002458       -0.189075
     H   21       -0.002458        0.137201       -0.220187
     H   21       -0.189075       -0.220187       -0.317626

     C   22        0.310747       -0.037976       -0.026744
     C   22       -0.037976       -0.114978        0.060680
     C   22       -0.026744        0.060680       -0.195769

     C   23       -0.373947       -0.347030       -0.302490
     C   23       -0.347030        0.074405        0.247163
     C   23       -0.302490        0.247163        0.299542

     Cl  24        0.212523        0.177409        0.089395
     Cl  24        0.177409       -0.342645       -0.365434
     Cl  24        0.089395       -0.365434        0.130123

     ----- ionic term -----
     Cl   1        0.119936       -0.245842        0.011420
     Cl   1       -0.245842        0.048933        0.006346
     Cl   1        0.011420        0.006346       -0.168869

     C    2        0.158394       -0.227898        0.265130
     C    2       -0.227898        0.168401        0.418596
     C    2        0.265130        0.418596       -0.326795

     C    3        0.128550       -0.223061        0.190406
     C    3       -0.223061        0.168935        0.408761
     C    3        0.190406        0.408761       -0.297485

     H    4        0.574214        0.220906        0.719533
     H    4        0.220906       -0.463971        0.211562
     H    4        0.719533        0.211562       -0.110243

     C    5        0.298025       -0.154315        0.227876
     C    5       -0.154315        0.036628        0.318525
     C    5        0.227876        0.318525       -0.334653

     H    6       -0.525818        0.030750        0.011675
     H    6        0.030750        0.623643        0.736653
     H    6        0.011675        0.736653       -0.097824

     H    7       -0.533755       -0.075187        0.072946
     H    7       -0.075187        0.659451       -0.702816
     H    7        0.072946       -0.702816       -0.125696

     C    8        0.142238        0.301671        0.323912
     C    8        0.301671        0.046189       -0.249777
     C    8        0.323912       -0.249777       -0.188427

     H    9        0.524296       -0.093039        0.766158
     H    9       -0.093039       -0.516923       -0.140447
     H    9        0.766158       -0.140447       -0.007373

     C   10        0.096554        0.327278        0.223667
     C   10        0.327278        0.135916       -0.336111
     C   10        0.223667       -0.336111       -0.232469

     C   11        0.080509        0.285386        0.283113
     C   11        0.285386        0.078367       -0.335104
     C   11        0.283113       -0.335104       -0.158876

     Cl  12        0.111689        0.196955       -0.000412
     Cl  12        0.196955        0.028334       -0.010828
     Cl  12       -0.000412       -0.010828       -0.140022

     H   13       -0.499762        0.078425        0.074595
     H   13        0.078425        0.624846        0.717386
     H   13        0.074595        0.717386       -0.125084

     C   14        0.308993       -0.186732        0.235531
     C   14       -0.186732       -0.006829        0.320800
     C   14        0.235531        0.320800       -0.302164

     H   15        0.641022        0.149684        0.730967
     H   15        0.149684       -0.506878        0.182159
     H   15        0.730967        0.182159       -0.134144

     C   16        0.181554       -0.242092        0.165245
     C   16       -0.242092        0.124138        0.413228
     C   16        0.165245        0.413228       -0.305692

     C   17        0.251868       -0.106958        0.269456
     C   17       -0.106958        0.063806        0.418854
     C   17        0.269456        0.418854       -0.315674

     Cl  18        0.156020       -0.178100        0.013643
     Cl  18       -0.178100       -0.020318       -0.001260
     Cl  18        0.013643       -0.001260       -0.135702

     H   19       -0.502849       -0.204034        0.135631
     H   19       -0.204034        0.620885       -0.692979
     H   19        0.135631       -0.692979       -0.118035

     C   20        0.108332        0.301105        0.339178
     C   20        0.301105        0.112624       -0.211955
     C   20        0.339178       -0.211955       -0.220956

     H   21        0.113401        0.058889        0.798626
     H   21        0.058889       -0.478452       -0.017367
     H   21        0.798626       -0.017367        0.365051

     C   22       -0.083698        0.387043        0.247790
     C   22        0.387043        0.180717       -0.333603
     C   22        0.247790       -0.333603       -0.097019

     C   23       -0.003566        0.296650        0.336557
     C   23        0.296650        0.086583       -0.378183
     C   23        0.336557       -0.378183       -0.083017

     Cl  24        0.075879        0.232292        0.022665
     Cl  24        0.232292        0.059734        0.013047
     Cl  24        0.022665        0.013047       -0.135613

     ----- GIPAW term -----
     Cl   1       -0.110238       -1.100510        0.599155
     Cl   1       -1.100510        0.947118        2.096495
     Cl   1        0.599155        2.096495       -0.836880

     C    2       -0.149611       -0.093659       -0.122422
     C    2       -0.093659        0.047230        0.182532
     C    2       -0.122422        0.182532        0.102381

     C    3       -0.080561       -0.130737       -0.119818
     C    3       -0.130737        0.017376        0.148169
     C    3       -0.119818        0.148169        0.063185

     H    4       -0.000000        0.000000        0.000000
     H    4        0.000000        0.000000        0.000000
     H    4        0.000000        0.000000        0.000000

     C    5       -0.208564       -0.038649       -0.120830
     C    5       -0.038649        0.137385        0.201913
     C    5       -0.120830        0.201913        0.071179

     H    6       -0.000000        0.000000        0.000000
     H    6        0.000000        0.000000        0.000000
     H    6        0.000000        0.000000        0.000000

     H    7       -0.000000        0.000000        0.000000
     H    7        0.000000        0.000000        0.000000
     H    7        0.000000        0.000000        0.000000

     C    8       -0.022278        0.086044       -0.078027
     C    8        0.086044        0.032651        0.078562
     C    8       -0.078027        0.078562       -0.010372

     H    9       -0.000000        0.000000        0.000000
     H    9        0.000000        0.000000        0.000000
     H    9        0.000000        0.000000        0.000000

     C   10        0.036966       -0.009187       -0.075694
     C   10       -0.009187       -0.059079        0.025405
     C   10       -0.075694        0.025405        0.022113

     C   11        0.118066        0.217326       -0.019834
     C   11        0.217326       -0.035634        0.109757
     C   11       -0.019834        0.109757       -0.082432

     Cl  12        1.443678        1.383085        0.951674
     Cl  12        1.383085       -0.635972       -0.164620
     Cl  12        0.951674       -0.164620       -0.807706

     H   13       -0.000000        0.000000        0.000000
     H   13        0.000000        0.000000        0.000000
     H   13        0.000000        0.000000        0.000000

     C   14       -0.089804       -0.080406       -0.115850
     C   14       -0.080406       -0.081398        0.126866
     C   14       -0.115850        0.126866        0.171203

     H   15       -0.000000        0.000000        0.000000
     H   15        0.000000        0.000000        0.000000
     H   15        0.000000        0.000000        0.000000

     C   16       -0.245040        0.030083       -0.082338
     C   16        0.030083        0.193004        0.146948
     C   16       -0.082338        0.146948        0.052036

     C   17       -0.045341       -0.147196       -0.050867
     C   17       -0.147196        0.121285        0.109104
     C   17       -0.050867        0.109104       -0.075944

     Cl  18       -0.350740        0.188139        0.567635
     Cl  18        0.188139        1.813909        1.652643
     Cl  18        0.567635        1.652643       -1.463169

     H   19       -0.000000        0.000000        0.000000
     H   19        0.000000        0.000000        0.000000
     H   19        0.000000        0.000000        0.000000

     C   20       -0.090183        0.024665        0.056955
     C   20        0.024665        0.078276        0.107512
     C   20        0.056955        0.107512        0.011907

     H   21       -0.000000        0.000000        0.000000
     H   21        0.000000        0.000000        0.000000
     H   21        0.000000        0.000000        0.000000

     C   22        0.019309        0.006337        0.002623
     C   22        0.006337        0.014028       -0.013361
     C   22        0.002623       -0.013361       -0.033337

     C   23       -0.099101       -0.028969       -0.053417
     C   23       -0.028969        0.119554        0.143057
     C   23       -0.053417        0.143057       -0.020453

     Cl  24        0.218289        0.277468       -0.375351
     Cl  24        0.277468        0.494493        0.620734
     Cl  24       -0.375351        0.620734       -0.712783

     ----- total EFG -----
     Cl   1       -0.034930       -1.308478        0.672003
     Cl   1       -1.308478        1.024065        2.232595
     Cl   1        0.672003        2.232595       -0.989136

     C    2       -0.707657       -0.007276       -0.229689
     C    2       -0.007276        0.368893        0.561022
     C    2       -0.229689        0.561022        0.338764

     C    3        0.087273       -0.443628       -0.210056
     C    3       -0.443628       -0.195645        0.123346
     C    3       -0.210056        0.123346        0.108373

     H    4        0.098813        0.421117        0.431430
     H    4        0.421117       -0.350650       -0.058768
     H    4        0.431430       -0.058768        0.251837

     C    5       -0.746913        0.127449       -0.368453
     C    5        0.127449        0.472452        0.558553
     C    5       -0.368453        0.558553        0.274461

     H    6       -0.113100       -0.025073       -0.061113
     H    6       -0.025073        0.040419        0.096519
     H    6       -0.061113        0.096519        0.072681

     H    7       -0.139434       -0.111410        0.067342
     H    7       -0.111410        0.056336       -0.235832
     H    7        0.067342       -0.235832        0.083098

     C    8       -0.099696        0.410232       -0.142761
     C    8        0.410232        0.008412        0.299512
     C    8       -0.142761        0.299512        0.091284

     H    9        0.341134        0.070546        0.282681
     H    9        0.070546       -0.147212       -0.115511
     H    9        0.282681       -0.115511       -0.193922

     C   10       -0.047878       -0.097945       -0.074988
     C   10       -0.097945       -0.171914        0.058426
     C   10       -0.074988        0.058426        0.219792

     C   11        0.114249        0.726731       -0.136317
     C   11        0.726731       -0.061477        0.361902
     C   11       -0.136317        0.361902       -0.052771

     Cl  12        1.517676        1.415560        1.065081
     Cl  12        1.415560       -0.698927       -0.191634
     Cl  12        1.065081       -0.191634       -0.818749

     H   13       -0.045672        0.104382        0.141211
     H   13        0.104382        0.356722        0.066648
     H   13        0.141211        0.066648       -0.311050

     C   14        0.095899       -0.299697       -0.197403
     C   14       -0.299697       -0.365342        0.173665
     C   14       -0.197403        0.173665        0.269443

     H   15        0.366085       -0.078178        0.175616
     H   15       -0.078178       -0.168564       -0.063710
     H   15        0.175616       -0.063710       -0.197520

     C   16       -0.746379        0.150646       -0.263935
     C   16        0.150646        0.540195        0.470816
     C   16       -0.263935        0.470816        0.206184

     C   17        0.206419       -0.372396       -0.092989
     C   17       -0.372396        0.012504        0.056806
     C   17       -0.092989        0.056806       -0.218923

     Cl  18       -0.370368        0.265866        0.613214
     Cl  18        0.265866        1.895151        1.747749
     Cl  18        0.613214        1.747749       -1.524783

     H   19       -0.099997       -0.272374       -0.196646
     H   19       -0.272374        0.605121       -0.440405
     H   19       -0.196646       -0.440405       -0.505124

     C   20       -0.376728        0.000791        0.431085
     C   20        0.000791        0.364180        0.075908
     C   20        0.431085        0.075908        0.012548

     H   21        0.293825        0.056431        0.609552
     H   21        0.056431       -0.341251       -0.237554
     H   21        0.609552       -0.237554        0.047426

     C   22        0.246358        0.355404        0.223669
     C   22        0.355404        0.079767       -0.286283
     C   22        0.223669       -0.286283       -0.326125

     C   23       -0.476613       -0.079350       -0.019349
     C   23       -0.079350        0.280542        0.012037
     C   23       -0.019349        0.012037        0.196071

     Cl  24        0.506691        0.687169       -0.263291
     Cl  24        0.687169        0.211582        0.268347
     Cl  24       -0.263291        0.268347       -0.718273

     ----- total EFG (symmetrized) -----
     Cl   1       -0.034930       -1.308478        0.672003
     Cl   1       -1.308478        1.024065        2.232595
     Cl   1        0.672003        2.232595       -0.989136

     C    2       -0.707657       -0.007276       -0.229689
     C    2       -0.007276        0.368893        0.561022
     C    2       -0.229689        0.561022        0.338764

     C    3        0.087273       -0.443628       -0.210056
     C    3       -0.443628       -0.195645        0.123346
     C    3       -0.210056        0.123346        0.108373

     H    4        0.098813        0.421117        0.431430
     H    4        0.421117       -0.350650       -0.058768
     H    4        0.431430       -0.058768        0.251837

     C    5       -0.746913        0.127449       -0.368453
     C    5        0.127449        0.472452        0.558553
     C    5       -0.368453        0.558553        0.274461

     H    6       -0.113100       -0.025073       -0.061113
     H    6       -0.025073        0.040419        0.096519
     H    6       -0.061113        0.096519        0.072681

     H    7       -0.139434       -0.111410        0.067342
     H    7       -0.111410        0.056336       -0.235832
     H    7        0.067342       -0.235832        0.083098

     C    8       -0.099696        0.410232       -0.142761
     C    8        0.410232        0.008412        0.299512
     C    8       -0.142761        0.299512        0.091284

     H    9        0.341134        0.070546        0.282681
     H    9        0.070546       -0.147212       -0.115511
     H    9        0.282681       -0.115511       -0.193922

     C   10       -0.047878       -0.097945       -0.074988
     C   10       -0.097945       -0.171914        0.058426
     C   10       -0.074988        0.058426        0.219792

     C   11        0.114249        0.726731       -0.136317
     C   11        0.726731       -0.061477        0.361902
     C   11       -0.136317        0.361902       -0.052771

     Cl  12        1.517676        1.415560        1.065081
     Cl  12        1.415560       -0.698927       -0.191634
     Cl  12        1.065081       -0.191634       -0.818749

     H   13       -0.045672        0.104382        0.141211
     H   13        0.104382        0.356722        0.066648
     H   13        0.141211        0.066648       -0.311050

     C   14        0.095899       -0.299697       -0.197403
     C   14       -0.299697       -0.365342        0.173665
     C   14       -0.197403        0.173665        0.269443

     H   15        0.366085       -0.078178        0.175616
     H   15       -0.078178       -0.168564       -0.063710
     H   15        0.175616       -0.063710       -0.197520

     C   16       -0.746379        0.150646       -0.263935
     C   16        0.150646        0.540195        0.470816
     C   16       -0.263935        0.470816        0.206184

     C   17        0.206419       -0.372396       -0.092989
     C   17       -0.372396        0.012504        0.056806
     C   17       -0.092989        0.056806       -0.218923

     Cl  18       -0.370368        0.265866        0.613214
     Cl  18        0.265866        1.895151        1.747749
     Cl  18        0.613214        1.747749       -1.524783

     H   19       -0.099997       -0.272374       -0.196646
     H   19       -0.272374        0.605121       -0.440405
     H   19       -0.196646       -0.440405       -0.505124

     C   20       -0.376728        0.000791        0.431085
     C   20        0.000791        0.364180        0.075908
     C   20        0.431085        0.075908        0.012548

     H   21        0.293825        0.056431        0.609552
     H   21        0.056431       -0.341251       -0.237554
     H   21        0.609552       -0.237554        0.047426

     C   22        0.246358        0.355404        0.223669
     C   22        0.355404        0.079767       -0.286283
     C   22        0.223669       -0.286283       -0.326125

     C   23       -0.476613       -0.079350       -0.019349
     C   23       -0.079350        0.280542        0.012037
     C   23       -0.019349        0.012037        0.196071

     Cl  24        0.506691        0.687169       -0.263291
     Cl  24        0.687169        0.211582        0.268347
     Cl  24       -0.263291        0.268347       -0.718273


     NQR/NMR SPECTROSCOPIC PARAMETERS:
     Cl   1    Vxx=    0.3081    axis=( -0.866399 -0.028881 -0.498517)
     Cl   1    Vyy=    2.6904    axis=( -0.290919  0.840597  0.456905)
     Cl   1    Vzz=   -2.9986    axis=( -0.405856 -0.540890  0.736694)
     Cl   1  Q=        -8.1650 1e-30 m^2  Cq=        57.5257 MHz  eta= 0.79449

     C    2    Vxx=   -0.1628    axis=( -0.269134 -0.700795  0.660646)
     C    2    Vyy=   -0.7692    axis=( -0.957713  0.122268 -0.260454)
     C    2    Vzz=    0.9320    axis=(  0.101749 -0.702806 -0.704067)
     C    2  Q=         1.0000 1e-30 m^2  Cq=         2.1898 MHz  eta= 0.65067

     C    3    Vxx=   -0.0250    axis=(  0.366258 -0.320862  0.873443)
     C    3    Vyy=   -0.5209    axis=( -0.598435 -0.800019 -0.042950)
     C    3    Vzz=    0.5459    axis=(  0.712552 -0.506968 -0.485029)
     C    3  Q=         1.0000 1e-30 m^2  Cq=         1.2826 MHz  eta= 0.90833

     H    4    Vxx=    0.0211    axis=( -0.438680 -0.602319  0.666911)
     H    4    Vyy=    0.6711    axis=(  0.692484  0.246411  0.678047)
     H    4    Vzz=   -0.6922    axis=( -0.572735  0.759271  0.309001)
     H    4  Q=         1.0000 1e-30 m^2  Cq=        -1.6265 MHz  eta= 0.93896

     C    5    Vxx=   -0.0169    axis=( -0.435907 -0.625269  0.647320)
     C    5    Vyy=   -0.9360    axis=( -0.895737  0.231565 -0.379516)
     C    5    Vzz=    0.9529    axis=( -0.087403  0.745263  0.661018)
     C    5  Q=         1.0000 1e-30 m^2  Cq=         2.2390 MHz  eta= 0.96443

     H    6    Vxx=   -0.0370    axis=(  0.205516  0.788693 -0.579419)
     H    6    Vyy=   -0.1315    axis=( -0.953791  0.028811 -0.299086)
     H    6    Vzz=    0.1685    axis=( -0.219193  0.614111  0.758170)
     H    6  Q=         1.0000 1e-30 m^2  Cq=         0.3960 MHz  eta= 0.56064

     H    7    Vxx=   -0.1358    axis=(  0.650953 -0.408173 -0.640043)
     H    7    Vyy=   -0.2032    axis=( -0.715073 -0.612722 -0.336513)
     H    7    Vzz=    0.3390    axis=( -0.254813  0.676732 -0.690727)
     H    7  Q=         1.0000 1e-30 m^2  Cq=         0.7965 MHz  eta= 0.19887

     C    8    Vxx=    0.1592    axis=(  0.612958  0.114833 -0.781726)
     C    8    Vyy=    0.4386    axis=(  0.454071  0.758486  0.467460)
     C    8    Vzz=   -0.5978    axis=(  0.646608 -0.641492  0.412778)
     C    8  Q=         1.0000 1e-30 m^2  Cq=        -1.4046 MHz  eta= 0.46731

     H    9    Vxx=   -0.0737    axis=(  0.162833  0.874357 -0.457150)
     H    9    Vyy=   -0.3898    axis=( -0.355882  0.484192  0.799316)
     H    9    Vzz=    0.4634    axis=(  0.920236  0.032536  0.390010)
     H    9  Q=         1.0000 1e-30 m^2  Cq=         1.0889 MHz  eta= 0.68202

     C   10    Vxx=   -0.0292    axis=( -0.832855  0.427784 -0.351217)
     C   10    Vyy=   -0.2264    axis=( -0.468809 -0.882534  0.036775)
     C   10    Vzz=    0.2556    axis=( -0.294229  0.195282  0.935572)
     C   10  Q=         1.0000 1e-30 m^2  Cq=         0.6005 MHz  eta= 0.77155

     C   11    Vxx=    0.0842    axis=( -0.408216  0.184583  0.894030)
     C   11    Vyy=    0.7838    axis=(  0.706106  0.684563  0.181074)
     C   11    Vzz=   -0.8680    axis=( -0.578597  0.705197 -0.409785)
     C   11  Q=         1.0000 1e-30 m^2  Cq=        -2.0395 MHz  eta= 0.80602

     Cl  12    Vxx=   -0.5846    axis=(  0.050671 -0.647421  0.760447)
     Cl  12    Vyy=   -1.8640    axis=( -0.462667  0.659574  0.592370)
     Cl  12    Vzz=    2.4486    axis=(  0.885083  0.381849  0.266119)
     Cl  12  Q=        -8.1650 1e-30 m^2  Cq=       -46.9757 MHz  eta= 0.52248

     H   13    Vxx=   -0.0238    axis=(  0.880780 -0.305070  0.362158)
     H   13    Vyy=   -0.3727    axis=( -0.388573 -0.028545  0.920976)
     H   13    Vzz=    0.3965    axis=( -0.270624 -0.951902 -0.143684)
     H   13  Q=         1.0000 1e-30 m^2  Cq=         0.9315 MHz  eta= 0.88012

     C   14    Vxx=    0.0066    axis=( -0.692899  0.241048 -0.679548)
     C   14    Vyy=    0.5130    axis=( -0.592807  0.346052  0.727205)
     C   14    Vzz=   -0.5196    axis=( -0.410450 -0.906722  0.096884)
     C   14  Q=         1.0000 1e-30 m^2  Cq=        -1.2208 MHz  eta= 0.97475

     H   15    Vxx=   -0.1644    axis=(  0.254269  0.893408 -0.370364)
     H   15    Vyy=   -0.2663    axis=( -0.193717  0.422237  0.885545)
     H   15    Vzz=    0.4307    axis=(  0.947534 -0.153420  0.280430)
     H   15  Q=         1.0000 1e-30 m^2  Cq=         1.0120 MHz  eta= 0.23661

     C   16    Vxx=   -0.0034    axis=( -0.376617 -0.544661  0.749336)
     C   16    Vyy=   -0.8699    axis=( -0.926172  0.204690 -0.316714)
     C   16    Vzz=    0.8733    axis=(  0.019120 -0.813293 -0.581539)
     C   16  Q=         1.0000 1e-30 m^2  Cq=         2.0519 MHz  eta= 0.99226

     C   17    Vxx=   -0.2318    axis=( -0.047247 -0.293978  0.954644)
     C   17    Vyy=   -0.2785    axis=( -0.619007 -0.741463 -0.258966)
     C   17    Vzz=    0.5104    axis=(  0.783963 -0.603166 -0.146943)
     C   17  Q=         1.0000 1e-30 m^2  Cq=         1.1991 MHz  eta= 0.09157

     Cl  18    Vxx=   -0.3378    axis=(  0.960352 -0.233531  0.152273)
     Cl  18    Vyy=   -2.3693    axis=(  0.230299  0.356704 -0.905387)
     Cl  18    Vzz=    2.7071    axis=(  0.157120  0.904558  0.396343)
     Cl  18  Q=        -8.1650 1e-30 m^2  Cq=       -51.9349 MHz  eta= 0.75045

     H   19    Vxx=   -0.0271    axis=(  0.894388  0.078581 -0.440336)
     H   19    Vyy=   -0.7751    axis=( -0.389107 -0.348842 -0.852588)
     H   19    Vzz=    0.8022    axis=( -0.220605  0.933881 -0.281423)
     H   19  Q=         1.0000 1e-30 m^2  Cq=         1.8848 MHz  eta= 0.93240

     C   20    Vxx=    0.2541    axis=( -0.489030  0.497466 -0.716503)
     C   20    Vyy=    0.4026    axis=( -0.242229 -0.866569 -0.436329)
     C   20    Vzz=   -0.6567    axis=( -0.837959 -0.039821  0.544279)
     C   20  Q=         1.0000 1e-30 m^2  Cq=        -1.5430 MHz  eta= 0.22621

     H   21    Vxx=   -0.1771    axis=(  0.460669  0.777619 -0.427894)
     H   21    Vyy=   -0.6257    axis=( -0.459054  0.621350  0.634975)
     H   21    Vzz=    0.8028    axis=( -0.759641  0.096087 -0.643205)
     H   21  Q=         1.0000 1e-30 m^2  Cq=         1.8863 MHz  eta= 0.55879

     C   22    Vxx=    0.1045    axis=( -0.477882  0.596542 -0.644800)
     C   22    Vyy=    0.5281    axis=( -0.782455 -0.622695  0.003811)
     C   22    Vzz=   -0.6326    axis=( -0.399240  0.506348  0.764342)
     C   22  Q=         1.0000 1e-30 m^2  Cq=        -1.4864 MHz  eta= 0.66962

     C   23    Vxx=    0.1945    axis=(  0.010962  0.148413 -0.988865)
     C   23    Vyy=    0.2908    axis=( -0.105390  0.983588  0.146453)
     C   23    Vzz=   -0.4853    axis=( -0.994371 -0.102611 -0.026424)
     C   23  Q=         1.0000 1e-30 m^2  Cq=        -1.1403 MHz  eta= 0.19855

     Cl  24    Vxx=   -0.1128    axis=( -0.522280  0.672021  0.524987)
     Cl  24    Vyy=   -0.9499    axis=(  0.341981 -0.398901  0.850839)
     Cl  24    Vzz=    1.0627    axis=( -0.781199 -0.623912  0.021481)
     Cl  24  Q=        -8.1650 1e-30 m^2  Cq=       -20.3882 MHz  eta= 0.78765

     Initialization:
     gipaw_setup  :      9.27s CPU     11.00s WALL (       1 calls)

     Linear response

     Apply operators

     Induced current

     Other routines
     efg          :      9.71s CPU     12.55s WALL (       1 calls)

     General routines
     calbec       :      3.12s CPU      4.15s WALL (      16 calls)
     fft          :      1.58s CPU      2.57s WALL (      15 calls)
     ffts         :      0.05s CPU      0.13s WALL (       2 calls)
     fftw         :      3.73s CPU      4.82s WALL (     672 calls)
     davcio       :      0.05s CPU      0.34s WALL (      32 calls)

     Parallel routines
     fft_scatter  :      2.52s CPU      4.52s WALL (     689 calls)

     Plugins

     GIPAW        :     61.65s CPU     73.61s WALL (       1 calls)
