
     Program QE v.6.0 (svn rev. 13079) starts on 20Jan2017 at 15:43:49 

     This program is part of the open-source Quantum ESPRESSO suite
     for quantum simulation of materials; please cite
         "P. Giannozzi et al., J. Phys.:Condens. Matter 21 395502 (2009);
          URL http://www.quantum-espresso.org", 
     in publications or presentations arising from this work. More details at
     http://www.quantum-espresso.org/quote

     Parallel version (MPI), running on     8 processors
     R & G space division:  proc/nbgrp/npool/nimage =       8

     ***** This is GIPAW svn revision unknown      *****

     Parallelizing q-star over 1 images

     Reading data from directory:
     /users/majewski/paradichlorobenzene/pbe/9_constraint/scratch/pbe.ecut100.np8.dt60.pcl2phi-129368.save
     Message from routine read_xml_file:
     file /users/majewski/paradichlorobenzene/pbe/9_constraint/scratch/pbe.ecut100.np8.dt60.pcl2phi-129368.save not guaranteed to be safe for post-processing

   Info: using nr1, nr2, nr3 values from input

   Info: using nr1, nr2, nr3 values from input

     IMPORTANT: XC functional enforced from input :
     Exchange-correlation      =  SLA  PW   PBX  PBC ( 1  4  3  4 0 0)
     Any further DFT definition will be discarded
     Please, verify this is what you really want

               file C.pbe-n-kjpaw_psl.1.0.0.UPF: wavefunction(s)  2S 2P renormalized
               file Cl.pbe-n-kjpaw_psl.1.0.0.UPF: wavefunction(s)  3S 3P renormalized
               file H.pbe-kjpaw_psl.1.0.0.UPF: wavefunction(s)  1S renormalized

     Parallelization info
     --------------------
     sticks:   dense  smooth     PW     G-vecs:    dense   smooth      PW
     Min        3057    1223    332               144436    36536    5170
     Max        3059    1225    333               144437    36537    5171
     Sum       24467    9791   2657              1155489   292295   41363


     Subspace diagonalization in iterative solution of the eigenvalue problem:
     a serial algorithm will be used

     GIPAW projectors -----------------------------------------------
     atom=  C    l=0  rc=    1.2000  rs=    0.8000
     atom=  C    l=0  rc=    1.2000  rs=    0.8000
     atom=  C    l=1  rc=    1.4000  rs=    0.9333
     atom=  C    l=1  rc=    1.4000  rs=    0.9333
     projs nearly linearly dependent: l=1  n1,n2= 1, 2  s=  0.99951561

     atom=  Cl   l=0  rc=    1.6000  rs=    1.0667
     atom=  Cl   l=0  rc=    1.6000  rs=    1.0667
     atom=  Cl   l=1  rc=    1.6000  rs=    1.0667
     atom=  Cl   l=1  rc=    1.6000  rs=    1.0667
     atom=  Cl   l=2  rc=    1.6000  rs=    1.0667
     atom=  Cl   l=2  rc=    1.6000  rs=    1.0667
     projs nearly linearly dependent: l=2  n1,n2= 1, 2  s=  0.99993509

     atom=  H    l=0  rc=    1.0000  rs=    0.6667
     atom=  H    l=0  rc=    1.0000  rs=    0.6667
     projs nearly linearly dependent: l=0  n1,n2= 1, 2  s=  0.99968852
     -----------------------------------------------------------------

     GIPAW integrals: -------------------------------------------
     Atom  i/j   nmr_para   nmr_dia   epr_rmc  epr_para   epr_dia
       C   1 1   0.83E+03  0.17E-01  0.93E+01  0.24E+08  0.24E+03
       C   2 1   0.86E+03 -0.61E-01  0.94E+01  0.25E+08  0.25E+03
       C   2 2   0.90E+03 -0.15E+00  0.97E+01  0.26E+08  0.26E+03
       C   3 3   0.33E+01  0.34E+00  0.18E+01  0.55E+03  0.21E+02
       C   4 3   0.35E+01  0.37E+00  0.20E+01  0.59E+03  0.22E+02
       C   4 4   0.38E+01  0.39E+00  0.22E+01  0.63E+03  0.24E+02
       Cl  1 1   0.14E+04 -0.47E+00  0.84E+01  0.32E+09  0.42E+03
       Cl  2 1   0.21E+04 -0.37E+00  0.12E+02  0.49E+09  0.65E+03
       Cl  2 2   0.33E+04 -0.16E+00  0.21E+02  0.76E+09  0.10E+04
       Cl  3 3   0.21E+02  0.79E-01  0.89E+01  0.23E+05  0.13E+03
       Cl  4 3   0.24E+02  0.67E-01  0.99E+01  0.27E+05  0.15E+03
       Cl  4 4   0.28E+02  0.44E-01  0.11E+02  0.32E+05  0.18E+03
       Cl  5 5   0.77E+00  0.19E+00  0.18E+01  0.12E+03  0.22E+02
       Cl  6 5   0.80E+00  0.19E+00  0.19E+01  0.12E+03  0.23E+02
       Cl  6 6   0.83E+00  0.20E+00  0.19E+01  0.12E+03  0.23E+02
       H   1 1   0.39E+02  0.19E+00  0.29E+00  0.78E+05  0.13E+02
       H   2 1   0.41E+02  0.21E+00  0.32E+00  0.82E+05  0.14E+02
       H   2 2   0.43E+02  0.22E+00  0.36E+00  0.86E+05  0.15E+02
     ------------------------------------------------------------

     alpha_pv=     34.3605 eV

     Number of occupied bands for each k-point:
     k-point:     1    nbnd_occ=  42
     k-point:     2    nbnd_occ=  42
     k-point:     3    nbnd_occ=  42
     k-point:     4    nbnd_occ=  42
     k-point:     5    nbnd_occ=  42
     k-point:     6    nbnd_occ=  42
     k-point:     7    nbnd_occ=  42
     k-point:     8    nbnd_occ=  42
     k-point:     9    nbnd_occ=  42
     k-point:    10    nbnd_occ=  42
     k-point:    11    nbnd_occ=  42
     k-point:    12    nbnd_occ=  42
     k-point:    13    nbnd_occ=  42
     k-point:    14    nbnd_occ=  42
     k-point:    15    nbnd_occ=  42
     k-point:    16    nbnd_occ=  42


     q-space interpolation up to   110.00 Rydberg

     GIPAW job: efg                                                                             


     ELECTRIC FIELD GRADIENTS TENSORS IN Hartree/bohrradius^2:

     ----- bare term -----
     Cl   1       -0.001143        0.020123        0.039854
     Cl   1        0.020123        0.011581        0.069346
     Cl   1        0.039854        0.069346       -0.010438

     C    2       -0.713296        0.505719       -0.364186
     C    2        0.505719        0.151093       -0.084983
     C    2       -0.364186       -0.084983        0.562203

     C    3        0.383750        0.077325       -0.149524
     C    3        0.077325       -0.497497       -0.676277
     C    3       -0.149524       -0.676277        0.113747

     H    4       -0.235897        0.310050       -0.316670
     H    4        0.310050       -0.130658       -0.219976
     H    4       -0.316670       -0.219976        0.366555

     C    5       -0.675607        0.312779       -0.274392
     C    5        0.312779        0.084623       -0.070915
     C    5       -0.274392       -0.070915        0.590984

     H    6        0.490465        0.100838       -0.095582
     H    6        0.100838       -0.178756       -0.261024
     H    6       -0.095582       -0.261024       -0.311709

     H    7        0.330540        0.265606        0.057704
     H    7        0.265606       -0.622667       -0.128289
     H    7        0.057704       -0.128289        0.292127

     C    8        0.177260        0.127037       -0.093674
     C    8        0.127037       -0.261042        0.000089
     C    8       -0.093674        0.000089        0.083782

     H    9       -0.189747        0.357099        0.114549
     H    9        0.357099       -0.062478       -0.167885
     H    9        0.114549       -0.167885        0.252225

     C   10       -0.226738       -0.062161        0.128096
     C   10       -0.062161       -0.117261       -0.190701
     C   10        0.128096       -0.190701        0.343999

     C   11        0.195680        0.041920       -0.202280
     C   11        0.041920       -0.109307        0.483673
     C   11       -0.202280        0.483673       -0.086373

     Cl  12        0.097194       -0.041808        0.137851
     Cl  12       -0.041808       -0.194106       -0.382580
     Cl  12        0.137851       -0.382580        0.096912

     H   13        0.410306       -0.165231       -0.097131
     H   13       -0.165231       -0.388694       -0.567953
     H   13       -0.097131       -0.567953       -0.021612

     C   14        0.134025        0.088918       -0.074765
     C   14        0.088918       -0.343936       -0.462548
     C   14       -0.074765       -0.462548        0.209911

     H   15       -0.130694       -0.418187       -0.470523
     H   15       -0.418187        0.035842       -0.404713
     H   15       -0.470523       -0.404713        0.094852

     C   16       -0.663957        0.300217       -0.348373
     C   16        0.300217        0.173344       -0.071194
     C   16       -0.348373       -0.071194        0.490613

     C   17        0.229389        0.038802       -0.135282
     C   17        0.038802       -0.168363       -0.565158
     C   17       -0.135282       -0.565158       -0.061027

     Cl  18       -0.303718        0.287712        0.058863
     Cl  18        0.287712        0.072324       -0.145397
     Cl  18        0.058863       -0.145397        0.231394

     H   19        0.352697        0.023937       -0.051489
     H   19        0.023937       -0.588258        0.665756
     H   19       -0.051489        0.665756        0.235561

     C   20       -0.880686       -0.360991       -0.418572
     C   20       -0.360991        0.405809        0.030952
     C   20       -0.418572        0.030952        0.474877

     H   21       -0.461088        0.218134        0.269038
     H   21        0.218134        0.312346        0.086167
     H   21        0.269038        0.086167        0.148742

     C   22        0.135697        0.052013       -0.120918
     C   22        0.052013       -0.483886        0.438574
     C   22       -0.120918        0.438574        0.348189

     C   23       -0.812409       -0.462168       -0.360000
     C   23       -0.462168        0.339259        0.012227
     C   23       -0.360000        0.012227        0.473150

     Cl  24       -0.014041       -0.007630        0.046948
     Cl  24       -0.007630        0.002238       -0.079179
     Cl  24        0.046948       -0.079179        0.011804

     ----- ionic term -----
     Cl   1        0.193187       -0.240263        0.007168
     Cl   1       -0.240263       -0.030734        0.004879
     Cl   1        0.007168        0.004879       -0.162453

     C    2        0.234325       -0.173844        0.250833
     C    2       -0.173844        0.046368        0.430225
     C    2        0.250833        0.430225       -0.280693

     C    3        0.168320       -0.251874        0.131987
     C    3       -0.251874        0.137527        0.449563
     C    3        0.131987        0.449563       -0.305847

     H    4        0.701455        0.229768        0.618228
     H    4        0.229768       -0.433956        0.200278
     H    4        0.618228        0.200278       -0.267498

     C    5        0.322376       -0.240100        0.193341
     C    5       -0.240100       -0.025459        0.327226
     C    5        0.193341        0.327226       -0.296916

     H    6       -0.496393        0.063370        0.073111
     H    6        0.063370        0.471258        0.780027
     H    6        0.073111        0.780027        0.025136

     H    7       -0.491434       -0.218586        0.095361
     H    7       -0.218586        0.788236       -0.603946
     H    7        0.095361       -0.603946       -0.296802

     C    8        0.435691        0.055740        0.096641
     C    8        0.055740        0.132574       -0.255557
     C    8        0.096641       -0.255557       -0.568265

     H    9        0.950510       -0.412718        0.206268
     H    9       -0.412718       -0.352119       -0.124417
     H    9        0.206268       -0.124417       -0.598391

     C   10        0.284188        0.188095        0.041278
     C   10        0.188095        0.243620       -0.318933
     C   10        0.041278       -0.318933       -0.527808

     C   11        0.289266        0.021308        0.106876
     C   11        0.021308        0.182283       -0.360544
     C   11        0.106876       -0.360544       -0.471549

     Cl  12        0.138914        0.145607       -0.023099
     Cl  12        0.145607       -0.002442       -0.030053
     Cl  12       -0.023099       -0.030053       -0.136472

     H   13       -0.540812        0.076838        0.062143
     H   13        0.076838        0.493100        0.804784
     H   13        0.062143        0.804784        0.047712

     C   14        0.282817       -0.194580        0.224825
     C   14       -0.194580       -0.006723        0.319979
     C   14        0.224825        0.319979       -0.276094

     H   15        0.627003        0.138502        0.712689
     H   15        0.138502       -0.545919        0.151718
     H   15        0.712689        0.151718       -0.081084

     C   16        0.186652       -0.255667        0.183030
     C   16       -0.255667        0.047428        0.362144
     C   16        0.183030        0.362144       -0.234080

     C   17        0.182375       -0.202658        0.208549
     C   17       -0.202658        0.067178        0.401699
     C   17        0.208549        0.401699       -0.249553

     Cl  18        0.075523       -0.192524       -0.025014
     Cl  18       -0.192524        0.071437        0.036175
     Cl  18       -0.025014        0.036175       -0.146960

     H   19       -0.521634       -0.099445        0.024525
     H   19       -0.099445        0.780027       -0.627457
     H   19        0.024525       -0.627457       -0.258393

     C   20        0.392742        0.094580        0.049927
     C   20        0.094580        0.087403       -0.321397
     C   20        0.049927       -0.321397       -0.480144

     H   21        0.826242       -0.571731        0.168996
     H   21       -0.571731       -0.217069       -0.114957
     H   21        0.168996       -0.114957       -0.609173

     C   22        0.265750        0.098554       -0.028421
     C   22        0.098554        0.255582       -0.341307
     C   22       -0.028421       -0.341307       -0.521333

     C   23        0.345269        0.012771        0.092928
     C   23        0.012771        0.211481       -0.314544
     C   23        0.092928       -0.314544       -0.556750

     Cl  24        0.164879        0.216277       -0.008338
     Cl  24        0.216277       -0.012262       -0.009578
     Cl  24       -0.008338       -0.009578       -0.152617

     ----- GIPAW term -----
     Cl   1       -0.186061       -1.740523       -0.008872
     Cl   1       -1.740523        1.617905        1.801358
     Cl   1       -0.008872        1.801358       -1.431844

     C    2       -0.062899        0.042067       -0.006817
     C    2        0.042067        0.061334        0.046653
     C    2       -0.006817        0.046653        0.001565

     C    3       -0.020712       -0.005293       -0.002341
     C    3       -0.005293        0.078080        0.060739
     C    3       -0.002341        0.060739       -0.057368

     H    4       -0.000000        0.000000        0.000000
     H    4        0.000000        0.000000        0.000000
     H    4        0.000000        0.000000        0.000000

     C    5       -0.049526       -0.031930       -0.007880
     C    5       -0.031930        0.028447        0.011652
     C    5       -0.007880        0.011652        0.021079

     H    6       -0.000000        0.000000        0.000000
     H    6        0.000000        0.000000        0.000000
     H    6        0.000000        0.000000        0.000000

     H    7       -0.000000        0.000000        0.000000
     H    7        0.000000        0.000000        0.000000
     H    7        0.000000        0.000000        0.000000

     C    8        0.024875        0.009295        0.004043
     C    8        0.009295        0.010996       -0.008609
     C    8        0.004043       -0.008609       -0.035871

     H    9       -0.000000        0.000000        0.000000
     H    9        0.000000        0.000000        0.000000
     H    9        0.000000        0.000000        0.000000

     C   10       -0.001873        0.026395        0.022096
     C   10        0.026395       -0.003304       -0.035612
     C   10        0.022096       -0.035612        0.005177

     C   11       -0.001434        0.005584       -0.026877
     C   11        0.005584        0.102583        0.044187
     C   11       -0.026877        0.044187       -0.101149

     Cl  12       -0.098982       -0.152495       -0.474911
     Cl  12       -0.152495        0.231538        0.709638
     Cl  12       -0.474911        0.709638       -0.132556

     H   13       -0.000000        0.000000        0.000000
     H   13        0.000000        0.000000        0.000000
     H   13        0.000000        0.000000        0.000000

     C   14       -0.060143        0.034934        0.024549
     C   14        0.034934        0.098371        0.064394
     C   14        0.024549        0.064394       -0.038228

     H   15       -0.000000        0.000000        0.000000
     H   15        0.000000        0.000000        0.000000
     H   15        0.000000        0.000000        0.000000

     C   16       -0.115380        0.063611       -0.026841
     C   16        0.063611        0.115353        0.061129
     C   16       -0.026841        0.061129        0.000027

     C   17       -0.010099        0.015547       -0.002667
     C   17        0.015547        0.150401        0.006336
     C   17       -0.002667        0.006336       -0.140303

     Cl  18       -1.004102       -1.295758        0.562803
     Cl  18       -1.295758        1.222607       -2.112347
     Cl  18        0.562803       -2.112347       -0.218505

     H   19       -0.000000        0.000000        0.000000
     H   19        0.000000        0.000000        0.000000
     H   19        0.000000        0.000000        0.000000

     C   20       -0.179677        0.067361       -0.068802
     C   20        0.067361        0.223738       -0.124400
     C   20       -0.068802       -0.124400       -0.044061

     H   21       -0.000000        0.000000        0.000000
     H   21        0.000000        0.000000        0.000000
     H   21        0.000000        0.000000        0.000000

     C   22       -0.064540        0.072421       -0.047954
     C   22        0.072421       -0.018419       -0.130991
     C   22       -0.047954       -0.130991        0.082958

     C   23       -0.168619       -0.012057       -0.027617
     C   23       -0.012057        0.205366       -0.147532
     C   23       -0.027617       -0.147532       -0.036747

     Cl  24       -0.236072        1.760948        0.008466
     Cl  24        1.760948        1.158786       -2.016731
     Cl  24        0.008466       -2.016731       -0.922713

     ----- total EFG -----
     Cl   1        0.005983       -1.960663        0.038150
     Cl   1       -1.960663        1.598753        1.875583
     Cl   1        0.038150        1.875583       -1.604735

     C    2       -0.541870        0.373942       -0.120170
     C    2        0.373942        0.258795        0.391895
     C    2       -0.120170        0.391895        0.283075

     C    3        0.531358       -0.179842       -0.019877
     C    3       -0.179842       -0.281890       -0.165975
     C    3       -0.019877       -0.165975       -0.249468

     H    4        0.465557        0.539818        0.301558
     H    4        0.539818       -0.564614       -0.019697
     H    4        0.301558       -0.019697        0.099057

     C    5       -0.402757        0.040749       -0.088930
     C    5        0.040749        0.087611        0.267962
     C    5       -0.088930        0.267962        0.315147

     H    6       -0.005928        0.164208       -0.022471
     H    6        0.164208        0.292502        0.519003
     H    6       -0.022471        0.519003       -0.286573

     H    7       -0.160894        0.047020        0.153065
     H    7        0.047020        0.165569       -0.732235
     H    7        0.153065       -0.732235       -0.004675

     C    8        0.637826        0.192072        0.007010
     C    8        0.192072       -0.117472       -0.264078
     C    8        0.007010       -0.264078       -0.520354

     H    9        0.760763       -0.055620        0.320818
     H    9       -0.055620       -0.414597       -0.292302
     H    9        0.320818       -0.292302       -0.346166

     C   10        0.055577        0.152328        0.191470
     C   10        0.152328        0.123055       -0.545246
     C   10        0.191470       -0.545246       -0.178632

     C   11        0.483513        0.068812       -0.122281
     C   11        0.068812        0.175559        0.167315
     C   11       -0.122281        0.167315       -0.659071

     Cl  12        0.137126       -0.048696       -0.360159
     Cl  12       -0.048696        0.034990        0.297005
     Cl  12       -0.360159        0.297005       -0.172115

     H   13       -0.130505       -0.088393       -0.034989
     H   13       -0.088393        0.104406        0.236830
     H   13       -0.034989        0.236830        0.026100

     C   14        0.356700       -0.070728        0.174610
     C   14       -0.070728       -0.252288       -0.078175
     C   14        0.174610       -0.078175       -0.104412

     H   15        0.496310       -0.279685        0.242166
     H   15       -0.279685       -0.510077       -0.252994
     H   15        0.242166       -0.252994        0.013768

     C   16       -0.592685        0.108160       -0.192184
     C   16        0.108160        0.336125        0.352079
     C   16       -0.192184        0.352079        0.256560

     C   17        0.401665       -0.148309        0.070600
     C   17       -0.148309        0.049217       -0.157124
     C   17        0.070600       -0.157124       -0.450882

     Cl  18       -1.232298       -1.200570        0.596652
     Cl  18       -1.200570        1.366369       -2.221568
     Cl  18        0.596652       -2.221568       -0.134070

     H   19       -0.168937       -0.075508       -0.026964
     H   19       -0.075508        0.191769        0.038299
     H   19       -0.026964        0.038299       -0.022832

     C   20       -0.667622       -0.199049       -0.437447
     C   20       -0.199049        0.716949       -0.414845
     C   20       -0.437447       -0.414845       -0.049328

     H   21        0.365154       -0.353597        0.438034
     H   21       -0.353597        0.095277       -0.028790
     H   21        0.438034       -0.028790       -0.460431

     C   22        0.336907        0.222988       -0.197293
     C   22        0.222988       -0.246722       -0.033723
     C   22       -0.197293       -0.033723       -0.090185

     C   23       -0.635758       -0.461454       -0.294688
     C   23       -0.461454        0.756105       -0.449850
     C   23       -0.294688       -0.449850       -0.120347

     Cl  24       -0.085235        1.969596        0.047076
     Cl  24        1.969596        1.148761       -2.105488
     Cl  24        0.047076       -2.105488       -1.063527

     ----- total EFG (symmetrized) -----
     Cl   1        0.005983       -1.960663        0.038150
     Cl   1       -1.960663        1.598753        1.875583
     Cl   1        0.038150        1.875583       -1.604735

     C    2       -0.541870        0.373942       -0.120170
     C    2        0.373942        0.258795        0.391895
     C    2       -0.120170        0.391895        0.283075

     C    3        0.531358       -0.179842       -0.019877
     C    3       -0.179842       -0.281890       -0.165975
     C    3       -0.019877       -0.165975       -0.249468

     H    4        0.465557        0.539818        0.301558
     H    4        0.539818       -0.564614       -0.019697
     H    4        0.301558       -0.019697        0.099057

     C    5       -0.402757        0.040749       -0.088930
     C    5        0.040749        0.087611        0.267962
     C    5       -0.088930        0.267962        0.315147

     H    6       -0.005928        0.164208       -0.022471
     H    6        0.164208        0.292502        0.519003
     H    6       -0.022471        0.519003       -0.286573

     H    7       -0.160894        0.047020        0.153065
     H    7        0.047020        0.165569       -0.732235
     H    7        0.153065       -0.732235       -0.004675

     C    8        0.637826        0.192072        0.007010
     C    8        0.192072       -0.117472       -0.264078
     C    8        0.007010       -0.264078       -0.520354

     H    9        0.760763       -0.055620        0.320818
     H    9       -0.055620       -0.414597       -0.292302
     H    9        0.320818       -0.292302       -0.346166

     C   10        0.055577        0.152328        0.191470
     C   10        0.152328        0.123055       -0.545246
     C   10        0.191470       -0.545246       -0.178632

     C   11        0.483513        0.068812       -0.122281
     C   11        0.068812        0.175559        0.167315
     C   11       -0.122281        0.167315       -0.659071

     Cl  12        0.137126       -0.048696       -0.360159
     Cl  12       -0.048696        0.034990        0.297005
     Cl  12       -0.360159        0.297005       -0.172115

     H   13       -0.130505       -0.088393       -0.034989
     H   13       -0.088393        0.104406        0.236830
     H   13       -0.034989        0.236830        0.026100

     C   14        0.356700       -0.070728        0.174610
     C   14       -0.070728       -0.252288       -0.078175
     C   14        0.174610       -0.078175       -0.104412

     H   15        0.496310       -0.279685        0.242166
     H   15       -0.279685       -0.510077       -0.252994
     H   15        0.242166       -0.252994        0.013768

     C   16       -0.592685        0.108160       -0.192184
     C   16        0.108160        0.336125        0.352079
     C   16       -0.192184        0.352079        0.256560

     C   17        0.401665       -0.148309        0.070600
     C   17       -0.148309        0.049217       -0.157124
     C   17        0.070600       -0.157124       -0.450882

     Cl  18       -1.232298       -1.200570        0.596652
     Cl  18       -1.200570        1.366369       -2.221568
     Cl  18        0.596652       -2.221568       -0.134070

     H   19       -0.168937       -0.075508       -0.026964
     H   19       -0.075508        0.191769        0.038299
     H   19       -0.026964        0.038299       -0.022832

     C   20       -0.667622       -0.199049       -0.437447
     C   20       -0.199049        0.716949       -0.414845
     C   20       -0.437447       -0.414845       -0.049328

     H   21        0.365154       -0.353597        0.438034
     H   21       -0.353597        0.095277       -0.028790
     H   21        0.438034       -0.028790       -0.460431

     C   22        0.336907        0.222988       -0.197293
     C   22        0.222988       -0.246722       -0.033723
     C   22       -0.197293       -0.033723       -0.090185

     C   23       -0.635758       -0.461454       -0.294688
     C   23       -0.461454        0.756105       -0.449850
     C   23       -0.294688       -0.449850       -0.120347

     Cl  24       -0.085235        1.969596        0.047076
     Cl  24        1.969596        1.148761       -2.105488
     Cl  24        0.047076       -2.105488       -1.063527


     NQR/NMR SPECTROSCOPIC PARAMETERS:
     Cl   1    Vxx=   -0.6123    axis=(  0.805469  0.264302  0.530438)
     Cl   1    Vyy=   -2.8000    axis=(  0.357789  0.496656 -0.790772)
     Cl   1    Vzz=    3.4122    axis=( -0.472448  0.826727  0.305477)
     Cl   1  Q=        -8.1650 1e-30 m^2  Cq=       -65.4621 MHz  eta= 0.64114

     C    2    Vxx=    0.0669    axis=( -0.466598 -0.532648  0.706097)
     C    2    Vyy=    0.6910    axis=(  0.158658  0.734973  0.659274)
     C    2    Vzz=   -0.7579    axis=( -0.870123  0.419644 -0.258429)
     C    2  Q=         1.0000 1e-30 m^2  Cq=        -1.7808 MHz  eta= 0.82357

     C    3    Vxx=   -0.1147    axis=( -0.146728 -0.612905  0.776414)
     C    3    Vyy=   -0.4549    axis=(  0.151585  0.761706  0.629941)
     C    3    Vzz=    0.5696    axis=( -0.977493  0.210123 -0.018857)
     C    3  Q=         1.0000 1e-30 m^2  Cq=         1.3384 MHz  eta= 0.59732

     H    4    Vxx=    0.0155    axis=( -0.273194 -0.285411  0.918643)
     H    4    Vyy=    0.8017    axis=( -0.868315 -0.337825 -0.363185)
     H    4    Vzz=   -0.8172    axis=(  0.413998 -0.896892 -0.155535)
     H    4  Q=         1.0000 1e-30 m^2  Cq=        -1.9201 MHz  eta= 0.96207

     C    5    Vxx=   -0.0693    axis=(  0.238468  0.821747 -0.517557)
     C    5    Vyy=   -0.4262    axis=( -0.969406  0.169489 -0.177556)
     C    5    Vzz=    0.4955    axis=( -0.058186  0.544064  0.837024)
     C    5  Q=         1.0000 1e-30 m^2  Cq=         1.1642 MHz  eta= 0.72015

     H    6    Vxx=   -0.0154    axis=(  0.963649 -0.089776 -0.251637)
     H    6    Vyy=   -0.6092    axis=( -0.171405  0.514737 -0.840039)
     H    6    Vzz=    0.6245    axis=(  0.204942  0.852635  0.480638)
     H    6  Q=         1.0000 1e-30 m^2  Cq=         1.4674 MHz  eta= 0.95082

     H    7    Vxx=   -0.1257    axis=( -0.962181 -0.226216 -0.151769)
     H    7    Vyy=   -0.6965    axis=( -0.263615  0.632790  0.728069)
     H    7    Vzz=    0.8222    axis=(  0.068663 -0.740543  0.668492)
     H    7  Q=         1.0000 1e-30 m^2  Cq=         1.9318 MHz  eta= 0.69425

     C    8    Vxx=   -0.0288    axis=( -0.241065  0.853511 -0.461960)
     C    8    Vyy=   -0.6577    axis=( -0.072804  0.458753  0.885576)
     C    8    Vzz=    0.6865    axis=( -0.967774 -0.247114  0.048450)
     C    8  Q=         1.0000 1e-30 m^2  Cq=         1.6130 MHz  eta= 0.91613

     H    9    Vxx=   -0.1640    axis=(  0.269924  0.705010 -0.655821)
     H    9    Vyy=   -0.6968    axis=( -0.127613  0.701288  0.701363)
     H    9    Vzz=    0.8608    axis=(  0.954388 -0.105624  0.279263)
     H    9  Q=         1.0000 1e-30 m^2  Cq=         2.0225 MHz  eta= 0.61899

     C   10    Vxx=    0.1374    axis=(  0.948225  0.182221  0.260125)
     C   10    Vyy=    0.5380    axis=( -0.012295 -0.797360  0.603379)
     C   10    Vzz=   -0.6754    axis=(  0.317361 -0.575337 -0.753836)
     C   10  Q=         1.0000 1e-30 m^2  Cq=        -1.5869 MHz  eta= 0.59319

     C   11    Vxx=    0.2013    axis=( -0.145383  0.967107  0.208729)
     C   11    Vyy=    0.5050    axis=(  0.983086  0.164957 -0.079563)
     C   11    Vzz=   -0.7063    axis=(  0.111377 -0.193631  0.974732)
     C   11  Q=         1.0000 1e-30 m^2  Cq=        -1.6595 MHz  eta= 0.42990

     Cl  12    Vxx=    0.0271    axis=(  0.607928  0.790071  0.078814)
     Cl  12    Vyy=    0.4810    axis=(  0.672576 -0.459667 -0.579954)
     Cl  12    Vzz=   -0.5081    axis=( -0.421977  0.405579 -0.810828)
     Cl  12  Q=        -8.1650 1e-30 m^2  Cq=         9.7479 MHz  eta= 0.89314

     H   13    Vxx=   -0.1289    axis=(  0.820677 -0.223061  0.526054)
     H   13    Vyy=   -0.1943    axis=( -0.536941 -0.615907  0.576500)
     H   13    Vzz=    0.3232    axis=( -0.195405  0.755580  0.625232)
     H   13  Q=         1.0000 1e-30 m^2  Cq=         0.7595 MHz  eta= 0.20240

     C   14    Vxx=   -0.1419    axis=( -0.353299 -0.379212  0.855206)
     C   14    Vyy=   -0.2860    axis=( -0.008576  0.915435  0.402375)
     C   14    Vzz=    0.4279    axis=( -0.935471  0.134825 -0.326674)
     C   14  Q=         1.0000 1e-30 m^2  Cq=         1.0053 MHz  eta= 0.33680

     H   15    Vxx=   -0.0618    axis=( -0.470230 -0.192701  0.861249)
     H   15    Vyy=   -0.6409    axis=(  0.166782  0.938884  0.301133)
     H   15    Vzz=    0.7027    axis=( -0.866641  0.285243 -0.409352)
     H   15  Q=         1.0000 1e-30 m^2  Cq=         1.6512 MHz  eta= 0.82399

     C   16    Vxx=    0.0176    axis=( -0.330990 -0.646932  0.686968)
     C   16    Vyy=    0.6526    axis=(  0.040117 -0.736991 -0.674711)
     C   16    Vzz=   -0.6702    axis=( -0.942781  0.195763 -0.269889)
     C   16  Q=         1.0000 1e-30 m^2  Cq=        -1.5746 MHz  eta= 0.94749

     C   17    Vxx=    0.0250    axis=(  0.393931  0.888605 -0.234946)
     C   17    Vyy=    0.4720    axis=(  0.918606 -0.371909  0.133595)
     C   17    Vzz=   -0.4970    axis=( -0.031334  0.268450  0.962784)
     C   17  Q=         1.0000 1e-30 m^2  Cq=        -1.1677 MHz  eta= 0.89934

     Cl  18    Vxx=   -1.4575    axis=( -0.762372  0.167613  0.625056)
     Cl  18    Vyy=   -1.8868    axis=(  0.584266  0.593570  0.553452)
     Cl  18    Vzz=    3.3443    axis=( -0.278248  0.787135 -0.550452)
     Cl  18  Q=        -8.1650 1e-30 m^2  Cq=       -64.1593 MHz  eta= 0.12836

     H   19    Vxx=   -0.0283    axis=( -0.081120 -0.197800  0.976880)
     H   19    Vyy=   -0.1864    axis=( -0.976006 -0.182940 -0.118090)
     H   19    Vzz=    0.2147    axis=(  0.202069 -0.963020 -0.178214)
     H   19  Q=         1.0000 1e-30 m^2  Cq=         0.5045 MHz  eta= 0.73593

     C   20    Vxx=    0.0786    axis=(  0.541409 -0.332892 -0.772048)
     C   20    Vyy=    0.8986    axis=( -0.005107  0.916956 -0.398955)
     C   20    Vzz=   -0.9771    axis=(  0.840744  0.219941  0.494749)
     C   20  Q=         1.0000 1e-30 m^2  Cq=        -2.2958 MHz  eta= 0.83919

     H   21    Vxx=   -0.0650    axis=(  0.364858  0.866343  0.341070)
     H   21    Vyy=   -0.6688    axis=( -0.432433 -0.166736  0.886116)
     H   21    Vzz=    0.7338    axis=(  0.824549 -0.470796  0.313800)
     H   21  Q=         1.0000 1e-30 m^2  Cq=         1.7240 MHz  eta= 0.82290

     C   22    Vxx=   -0.1535    axis=(  0.252501  0.267474  0.929893)
     C   22    Vyy=   -0.3275    axis=( -0.357946  0.918677 -0.167052)
     C   22    Vzz=    0.4809    axis=( -0.898954 -0.290671  0.327708)
     C   22  Q=         1.0000 1e-30 m^2  Cq=         1.1300 MHz  eta= 0.36183

     C   23    Vxx=   -0.0242    axis=(  0.527844 -0.167838 -0.832593)
     C   23    Vyy=   -0.9863    axis=(  0.824657  0.335889  0.455103)
     C   23    Vzz=    1.0105    axis=( -0.203275  0.926827 -0.315706)
     C   23  Q=         1.0000 1e-30 m^2  Cq=         2.3744 MHz  eta= 0.95210

     Cl  24    Vxx=   -0.4513    axis=( -0.778424  0.159174 -0.607223)
     Cl  24    Vyy=   -2.8388    axis=(  0.425238 -0.577853 -0.696605)
     Cl  24    Vzz=    3.2901    axis=( -0.461767 -0.800468  0.382128)
     Cl  24  Q=        -8.1650 1e-30 m^2  Cq=       -63.1186 MHz  eta= 0.72569

     Initialization:
     gipaw_setup  :      9.49s CPU     11.11s WALL (       1 calls)

     Linear response

     Apply operators

     Induced current

     Other routines
     efg          :      9.52s CPU     12.53s WALL (       1 calls)

     General routines
     calbec       :      3.26s CPU      4.19s WALL (      16 calls)
     fft          :      1.41s CPU      1.75s WALL (      15 calls)
     ffts         :      0.04s CPU      0.05s WALL (       2 calls)
     fftw         :      3.42s CPU      4.86s WALL (     672 calls)
     davcio       :      0.03s CPU      0.33s WALL (      32 calls)

     Parallel routines
     fft_scatter  :      2.23s CPU      3.69s WALL (     689 calls)

     Plugins

     GIPAW        :     61.04s CPU     72.97s WALL (       1 calls)
