
     Program QE v.6.0 (svn rev. 13079) starts on 28Dec2016 at 11:52: 0 

     This program is part of the open-source Quantum ESPRESSO suite
     for quantum simulation of materials; please cite
         "P. Giannozzi et al., J. Phys.:Condens. Matter 21 395502 (2009);
          URL http://www.quantum-espresso.org", 
     in publications or presentations arising from this work. More details at
     http://www.quantum-espresso.org/quote

     Parallel version (MPI), running on     8 processors
     R & G space division:  proc/nbgrp/npool/nimage =       8

     ***** This is GIPAW svn revision unknown      *****

     Parallelizing q-star over 1 images

     Reading data from directory:
     /users/majewski/paradichlorobenzene/pbe/9_constraint/scratch/pbe.ecut100.np8.dt60.pcl2phi-129368.save
     Message from routine read_xml_file:
     file /users/majewski/paradichlorobenzene/pbe/9_constraint/scratch/pbe.ecut100.np8.dt60.pcl2phi-129368.save not guaranteed to be safe for post-processing

   Info: using nr1, nr2, nr3 values from input

   Info: using nr1, nr2, nr3 values from input

     IMPORTANT: XC functional enforced from input :
     Exchange-correlation      =  SLA  PW   PBX  PBC ( 1  4  3  4 0 0)
     Any further DFT definition will be discarded
     Please, verify this is what you really want

               file C.pbe-n-kjpaw_psl.1.0.0.UPF: wavefunction(s)  2S 2P renormalized
               file Cl.pbe-n-kjpaw_psl.1.0.0.UPF: wavefunction(s)  3S 3P renormalized
               file H.pbe-kjpaw_psl.1.0.0.UPF: wavefunction(s)  1S renormalized

     Parallelization info
     --------------------
     sticks:   dense  smooth     PW     G-vecs:    dense   smooth      PW
     Min        3057    1223    332               144436    36536    5170
     Max        3059    1225    333               144437    36537    5171
     Sum       24467    9791   2657              1155489   292295   41363


     Subspace diagonalization in iterative solution of the eigenvalue problem:
     a serial algorithm will be used

     GIPAW projectors -----------------------------------------------
     atom=  C    l=0  rc=    1.2000  rs=    0.8000
     atom=  C    l=0  rc=    1.2000  rs=    0.8000
     atom=  C    l=1  rc=    1.4000  rs=    0.9333
     atom=  C    l=1  rc=    1.4000  rs=    0.9333
     projs nearly linearly dependent: l=1  n1,n2= 1, 2  s=  0.99951561

     atom=  Cl   l=0  rc=    1.6000  rs=    1.0667
     atom=  Cl   l=0  rc=    1.6000  rs=    1.0667
     atom=  Cl   l=1  rc=    1.6000  rs=    1.0667
     atom=  Cl   l=1  rc=    1.6000  rs=    1.0667
     atom=  Cl   l=2  rc=    1.6000  rs=    1.0667
     atom=  Cl   l=2  rc=    1.6000  rs=    1.0667
     projs nearly linearly dependent: l=2  n1,n2= 1, 2  s=  0.99993509

     atom=  H    l=0  rc=    1.0000  rs=    0.6667
     atom=  H    l=0  rc=    1.0000  rs=    0.6667
     projs nearly linearly dependent: l=0  n1,n2= 1, 2  s=  0.99968852
     -----------------------------------------------------------------

     GIPAW integrals: -------------------------------------------
     Atom  i/j   nmr_para   nmr_dia   epr_rmc  epr_para   epr_dia
       C   1 1   0.83E+03  0.17E-01  0.93E+01  0.24E+08  0.24E+03
       C   2 1   0.86E+03 -0.61E-01  0.94E+01  0.25E+08  0.25E+03
       C   2 2   0.90E+03 -0.15E+00  0.97E+01  0.26E+08  0.26E+03
       C   3 3   0.33E+01  0.34E+00  0.18E+01  0.55E+03  0.21E+02
       C   4 3   0.35E+01  0.37E+00  0.20E+01  0.59E+03  0.22E+02
       C   4 4   0.38E+01  0.39E+00  0.22E+01  0.63E+03  0.24E+02
       Cl  1 1   0.14E+04 -0.47E+00  0.84E+01  0.32E+09  0.42E+03
       Cl  2 1   0.21E+04 -0.37E+00  0.12E+02  0.49E+09  0.65E+03
       Cl  2 2   0.33E+04 -0.16E+00  0.21E+02  0.76E+09  0.10E+04
       Cl  3 3   0.21E+02  0.79E-01  0.89E+01  0.23E+05  0.13E+03
       Cl  4 3   0.24E+02  0.67E-01  0.99E+01  0.27E+05  0.15E+03
       Cl  4 4   0.28E+02  0.44E-01  0.11E+02  0.32E+05  0.18E+03
       Cl  5 5   0.77E+00  0.19E+00  0.18E+01  0.12E+03  0.22E+02
       Cl  6 5   0.80E+00  0.19E+00  0.19E+01  0.12E+03  0.23E+02
       Cl  6 6   0.83E+00  0.20E+00  0.19E+01  0.12E+03  0.23E+02
       H   1 1   0.39E+02  0.19E+00  0.29E+00  0.78E+05  0.13E+02
       H   2 1   0.41E+02  0.21E+00  0.32E+00  0.82E+05  0.14E+02
       H   2 2   0.43E+02  0.22E+00  0.36E+00  0.86E+05  0.15E+02
     ------------------------------------------------------------

     alpha_pv=     34.4734 eV

     Number of occupied bands for each k-point:
     k-point:     1    nbnd_occ=  42
     k-point:     2    nbnd_occ=  42
     k-point:     3    nbnd_occ=  42
     k-point:     4    nbnd_occ=  42
     k-point:     5    nbnd_occ=  42
     k-point:     6    nbnd_occ=  42
     k-point:     7    nbnd_occ=  42
     k-point:     8    nbnd_occ=  42
     k-point:     9    nbnd_occ=  42
     k-point:    10    nbnd_occ=  42
     k-point:    11    nbnd_occ=  42
     k-point:    12    nbnd_occ=  42
     k-point:    13    nbnd_occ=  42
     k-point:    14    nbnd_occ=  42
     k-point:    15    nbnd_occ=  42
     k-point:    16    nbnd_occ=  42


     q-space interpolation up to   110.00 Rydberg

     GIPAW job: efg                                                                             


     ELECTRIC FIELD GRADIENTS TENSORS IN Hartree/bohrradius^2:

     ----- bare term -----
     Cl   1       -0.025278        0.023752       -0.003025
     Cl   1        0.023752       -0.011483       -0.004149
     Cl   1       -0.003025       -0.004149        0.036762

     C    2       -0.038352        0.221440       -0.219742
     C    2        0.221440       -0.212298       -0.534769
     C    2       -0.219742       -0.534769        0.250649

     C    3       -0.354358        0.238633       -0.299890
     C    3        0.238633       -0.164390       -0.427766
     C    3       -0.299890       -0.427766        0.518748

     H    4        0.071813       -0.090205       -0.442984
     H    4       -0.090205        0.444875        0.073930
     H    4       -0.442984        0.073930       -0.516688

     C    5       -0.214497        0.338376       -0.067843
     C    5        0.338376       -0.353242       -0.402953
     C    5       -0.067843       -0.402953        0.567739

     H    6        0.511819       -0.028555        0.002554
     H    6       -0.028555        0.033889       -0.405024
     H    6        0.002554       -0.405024       -0.545708

     H    7        0.290488        0.102360       -0.109956
     H    7        0.102360       -0.439370        0.530286
     H    7       -0.109956        0.530286        0.148882

     C    8       -0.474993       -0.326413       -0.434079
     C    8       -0.326413       -0.071821        0.185064
     C    8       -0.434079        0.185064        0.546814

     H    9       -0.493075        0.466436        0.034206
     H    9        0.466436        0.256732       -0.055364
     H    9        0.034206       -0.055364        0.236342

     C   10       -0.026969       -0.048459       -0.410575
     C   10       -0.048459       -0.378809        0.491864
     C   10       -0.410575        0.491864        0.405778

     C   11       -0.462867       -0.212448       -0.395720
     C   11       -0.212448       -0.065834        0.277368
     C   11       -0.395720        0.277368        0.528701

     Cl  12       -0.099082        0.026449       -0.059119
     Cl  12        0.026449       -0.099920        0.002598
     Cl  12       -0.059119        0.002598        0.199002

     H   13        0.336208       -0.060654        0.335505
     H   13       -0.060654        0.104088       -0.219806
     H   13        0.335505       -0.219806       -0.440296

     C   14       -0.497248        0.304154       -0.335339
     C   14        0.304154        0.323731       -0.182171
     C   14       -0.335339       -0.182171        0.173517

     H   15        0.181942       -0.028774       -0.309749
     H   15       -0.028774        0.225858        0.269670
     H   15       -0.309749        0.269670       -0.407801

     C   16        0.119693        0.292095       -0.025994
     C   16        0.292095       -0.167440       -0.333479
     C   16       -0.025994       -0.333479        0.047747

     C   17       -0.333745        0.296649       -0.490185
     C   17        0.296649        0.206972       -0.303656
     C   17       -0.490185       -0.303656        0.126774

     Cl  18       -0.122909        0.061581       -0.107400
     Cl  18        0.061581       -0.090660       -0.093249
     Cl  18       -0.107400       -0.093249        0.213569

     H   19        0.451376        0.132169       -0.018616
     H   19        0.132169       -0.756004        0.160856
     H   19       -0.018616        0.160856        0.304628

     C   20       -0.273472        0.055919       -0.358480
     C   20        0.055919       -0.007048        0.541283
     C   20       -0.358480        0.541283        0.280520

     H   21       -0.158926        0.471583       -0.159891
     H   21        0.471583       -0.236655       -0.100475
     H   21       -0.159891       -0.100475        0.395581

     C   22       -0.527605       -0.355394       -0.190522
     C   22       -0.355394        0.126028        0.372301
     C   22       -0.190522        0.372301        0.401577

     C   23        0.042018        0.354128       -0.497741
     C   23        0.354128       -0.153874        0.588322
     C   23       -0.497741        0.588322        0.111856

     Cl  24       -0.152272       -0.127184       -0.015542
     Cl  24       -0.127184        0.090359        0.087534
     Cl  24       -0.015542        0.087534        0.061913

     ----- ionic term -----
     Cl   1        0.103218       -0.235919       -0.004841
     Cl   1       -0.235919        0.046289        0.008754
     Cl   1       -0.004841        0.008754       -0.149507

     C    2        0.077697       -0.339410        0.269002
     C    2       -0.339410        0.016235        0.410519
     C    2        0.269002        0.410519       -0.093933

     C    3        0.052740       -0.361304        0.188168
     C    3       -0.361304        0.082563        0.408701
     C    3        0.188168        0.408701       -0.135302

     H    4        0.418538        0.163715        0.775782
     H    4        0.163715       -0.517450        0.206319
     H    4        0.775782        0.206319        0.098912

     C    5        0.167405       -0.321523        0.293320
     C    5       -0.321523       -0.022940        0.284231
     C    5        0.293320        0.284231       -0.144466

     H    6       -0.553525       -0.014871       -0.004058
     H    6       -0.014871        0.420473        0.805530
     H    6       -0.004058        0.805530        0.133053

     H    7       -0.527675       -0.054791        0.039198
     H    7       -0.054791        0.536144       -0.766472
     H    7        0.039198       -0.766472       -0.008470

     C    8        0.323305        0.119461        0.242517
     C    8        0.119461        0.030320       -0.347281
     C    8        0.242517       -0.347281       -0.353625

     H    9        0.654049       -0.505664        0.492417
     H    9       -0.505664       -0.281918       -0.274690
     H    9        0.492417       -0.274690       -0.372131

     C   10        0.197024        0.161981        0.132680
     C   10        0.161981        0.189017       -0.390452
     C   10        0.132680       -0.390452       -0.386040

     C   11        0.335793        0.129186        0.189287
     C   11        0.129186        0.111894       -0.389395
     C   11        0.189287       -0.389395       -0.447687

     Cl  12        0.157236        0.238704       -0.007624
     Cl  12        0.238704        0.008619       -0.011607
     Cl  12       -0.007624       -0.011607       -0.165856

     H   13       -0.511916       -0.085571       -0.025145
     H   13       -0.085571        0.393280        0.781383
     H   13       -0.025145        0.781383        0.118636

     C   14        0.225908       -0.367919        0.320419
     C   14       -0.367919       -0.065992        0.253517
     C   14        0.320419        0.253517       -0.159916

     H   15        0.376989        0.060492        0.792705
     H   15        0.060492       -0.525216        0.147561
     H   15        0.792705        0.147561        0.148227

     C   16        0.124865       -0.391947        0.229180
     C   16       -0.391947        0.011946        0.329863
     C   16        0.229180        0.329863       -0.136811

     C   17        0.187307       -0.283954        0.349443
     C   17       -0.283954       -0.106860        0.330811
     C   17        0.349443        0.330811       -0.080447

     Cl  18        0.168818       -0.224104        0.044042
     Cl  18       -0.224104       -0.033529       -0.017353
     Cl  18        0.044042       -0.017353       -0.135289

     H   19       -0.484420       -0.164741        0.082781
     H   19       -0.164741        0.783156       -0.616582
     H   19        0.082781       -0.616582       -0.298736

     C   20        0.428309        0.102617        0.221669
     C   20        0.102617        0.071935       -0.280989
     C   20        0.221669       -0.280989       -0.500245

     H   21        0.680950       -0.549097        0.436581
     H   21       -0.549097       -0.245457       -0.238727
     H   21        0.436581       -0.238727       -0.435493

     C   22        0.217616        0.125802        0.149494
     C   22        0.125802        0.237772       -0.359879
     C   22        0.149494       -0.359879       -0.455388

     C   23        0.225774        0.021955        0.263357
     C   23        0.021955        0.153435       -0.410997
     C   23        0.263357       -0.410997       -0.379209

     Cl  24        0.132357        0.174839       -0.004054
     Cl  24        0.174839       -0.001356       -0.006432
     Cl  24       -0.004054       -0.006432       -0.131001

     ----- GIPAW term -----
     Cl   1        1.328160       -2.240142       -0.044369
     Cl   1       -2.240142        0.032642       -0.032706
     Cl   1       -0.044369       -0.032706       -1.360802

     C    2        0.103267       -0.018901       -0.018051
     C    2       -0.018901       -0.012052       -0.065429
     C    2       -0.018051       -0.065429       -0.091216

     C    3       -0.171570        0.023401       -0.093198
     C    3        0.023401       -0.082593       -0.117750
     C    3       -0.093198       -0.117750        0.254163

     H    4       -0.000000        0.000000        0.000000
     H    4        0.000000        0.000000        0.000000
     H    4        0.000000        0.000000        0.000000

     C    5       -0.063046        0.059744        0.085655
     C    5        0.059744       -0.183888       -0.067279
     C    5        0.085655       -0.067279        0.246934

     H    6       -0.000000        0.000000        0.000000
     H    6        0.000000        0.000000        0.000000
     H    6        0.000000        0.000000        0.000000

     H    7       -0.000000        0.000000        0.000000
     H    7        0.000000        0.000000        0.000000
     H    7        0.000000        0.000000        0.000000

     C    8       -0.049218       -0.014510       -0.163695
     C    8       -0.014510       -0.069718       -0.029367
     C    8       -0.163695       -0.029367        0.118935

     H    9       -0.000000        0.000000        0.000000
     H    9        0.000000        0.000000        0.000000
     H    9        0.000000        0.000000        0.000000

     C   10        0.019725        0.038328       -0.227208
     C   10        0.038328       -0.136740        0.044023
     C   10       -0.227208        0.044023        0.117015

     C   11       -0.049150        0.099924       -0.177847
     C   11        0.099924       -0.078904       -0.035043
     C   11       -0.177847       -0.035043        0.128053

     Cl  12        0.359721        2.179670       -0.676718
     Cl  12        2.179670       -0.933775       -0.027194
     Cl  12       -0.676718       -0.027194        0.574054

     H   13       -0.000000        0.000000        0.000000
     H   13        0.000000        0.000000        0.000000
     H   13        0.000000        0.000000        0.000000

     C   14       -0.088927        0.127344       -0.082726
     C   14        0.127344        0.123726       -0.103044
     C   14       -0.082726       -0.103044       -0.034798

     H   15       -0.000000        0.000000        0.000000
     H   15        0.000000        0.000000        0.000000
     H   15        0.000000        0.000000        0.000000

     C   16       -0.008633        0.083659       -0.045196
     C   16        0.083659        0.024674       -0.092464
     C   16       -0.045196       -0.092464       -0.016042

     C   17        0.011176        0.123789       -0.085805
     C   17        0.123789        0.168315       -0.044240
     C   17       -0.085805       -0.044240       -0.179492

     Cl  18        0.222771       -1.676437       -0.888690
     Cl  18       -1.676437       -0.689078       -0.941230
     Cl  18       -0.888690       -0.941230        0.466307

     H   19       -0.000000        0.000000        0.000000
     H   19        0.000000        0.000000        0.000000
     H   19        0.000000        0.000000        0.000000

     C   20       -0.054215        0.094642       -0.029288
     C   20        0.094642        0.074046        0.175738
     C   20       -0.029288        0.175738       -0.019831

     H   21       -0.000000        0.000000        0.000000
     H   21        0.000000        0.000000        0.000000
     H   21        0.000000        0.000000        0.000000

     C   22       -0.188764       -0.002186       -0.025395
     C   22       -0.002186        0.208966        0.100571
     C   22       -0.025395        0.100571       -0.020202

     C   23        0.099762        0.287468       -0.128850
     C   23        0.287468        0.023529        0.024563
     C   23       -0.128850        0.024563       -0.123290

     Cl  24        0.483466        1.711456       -0.166146
     Cl  24        1.711456        0.862246        0.693383
     Cl  24       -0.166146        0.693383       -1.345711

     ----- total EFG -----
     Cl   1        1.406100       -2.452310       -0.052236
     Cl   1       -2.452310        0.067447       -0.028101
     Cl   1       -0.052236       -0.028101       -1.473547

     C    2        0.142613       -0.136870        0.031209
     C    2       -0.136870       -0.208114       -0.189679
     C    2        0.031209       -0.189679        0.065501

     C    3       -0.473189       -0.099270       -0.204921
     C    3       -0.099270       -0.164420       -0.136816
     C    3       -0.204921       -0.136816        0.637609

     H    4        0.490351        0.073510        0.332797
     H    4        0.073510       -0.072575        0.280249
     H    4        0.332797        0.280249       -0.417777

     C    5       -0.110138        0.076597        0.311132
     C    5        0.076597       -0.560069       -0.186000
     C    5        0.311132       -0.186000        0.670207

     H    6       -0.041707       -0.043426       -0.001504
     H    6       -0.043426        0.454361        0.400506
     H    6       -0.001504        0.400506       -0.412655

     H    7       -0.237187        0.047569       -0.070758
     H    7        0.047569        0.096775       -0.236185
     H    7       -0.070758       -0.236185        0.140412

     C    8       -0.200906       -0.221462       -0.355257
     C    8       -0.221462       -0.111219       -0.191584
     C    8       -0.355257       -0.191584        0.312125

     H    9        0.160974       -0.039228        0.526622
     H    9       -0.039228       -0.025185       -0.330054
     H    9        0.526622       -0.330054       -0.135788

     C   10        0.189780        0.151850       -0.505103
     C   10        0.151850       -0.326533        0.145434
     C   10       -0.505103        0.145434        0.136753

     C   11       -0.176224        0.016661       -0.384280
     C   11        0.016661       -0.032843       -0.147070
     C   11       -0.384280       -0.147070        0.209067

     Cl  12        0.417875        2.444823       -0.743461
     Cl  12        2.444823       -1.025075       -0.036203
     Cl  12       -0.743461       -0.036203        0.607200

     H   13       -0.175707       -0.146225        0.310360
     H   13       -0.146225        0.497368        0.561577
     H   13        0.310360        0.561577       -0.321660

     C   14       -0.360267        0.063580       -0.097646
     C   14        0.063580        0.381465       -0.031698
     C   14       -0.097646       -0.031698       -0.021198

     H   15        0.558931        0.031718        0.482956
     H   15        0.031718       -0.299357        0.417231
     H   15        0.482956        0.417231       -0.259574

     C   16        0.235925       -0.016192        0.157990
     C   16       -0.016192       -0.130820       -0.096080
     C   16        0.157990       -0.096080       -0.105105

     C   17       -0.135262        0.136483       -0.226546
     C   17        0.136483        0.268427       -0.017085
     C   17       -0.226546       -0.017085       -0.133166

     Cl  18        0.268680       -1.838960       -0.952048
     Cl  18       -1.838960       -0.813267       -1.051832
     Cl  18       -0.952048       -1.051832        0.544587

     H   19       -0.033044       -0.032572        0.064166
     H   19       -0.032572        0.027153       -0.455726
     H   19        0.064166       -0.455726        0.005892

     C   20        0.100623        0.253178       -0.166099
     C   20        0.253178        0.138933        0.436032
     C   20       -0.166099        0.436032       -0.239556

     H   21        0.522024       -0.077515        0.276689
     H   21       -0.077515       -0.482112       -0.339203
     H   21        0.276689       -0.339203       -0.039913

     C   22       -0.498753       -0.231778       -0.066422
     C   22       -0.231778        0.572765        0.112993
     C   22       -0.066422        0.112993       -0.074013

     C   23        0.367554        0.663552       -0.363233
     C   23        0.663552        0.023090        0.201889
     C   23       -0.363233        0.201889       -0.390644

     Cl  24        0.463551        1.759111       -0.185742
     Cl  24        1.759111        0.951249        0.774485
     Cl  24       -0.185742        0.774485       -1.414799

     ----- total EFG (symmetrized) -----
     Cl   1        1.406100       -2.452310       -0.052236
     Cl   1       -2.452310        0.067447       -0.028101
     Cl   1       -0.052236       -0.028101       -1.473547

     C    2        0.142613       -0.136870        0.031209
     C    2       -0.136870       -0.208114       -0.189679
     C    2        0.031209       -0.189679        0.065501

     C    3       -0.473189       -0.099270       -0.204921
     C    3       -0.099270       -0.164420       -0.136816
     C    3       -0.204921       -0.136816        0.637609

     H    4        0.490351        0.073510        0.332797
     H    4        0.073510       -0.072575        0.280249
     H    4        0.332797        0.280249       -0.417777

     C    5       -0.110138        0.076597        0.311132
     C    5        0.076597       -0.560069       -0.186000
     C    5        0.311132       -0.186000        0.670207

     H    6       -0.041707       -0.043426       -0.001504
     H    6       -0.043426        0.454361        0.400506
     H    6       -0.001504        0.400506       -0.412655

     H    7       -0.237187        0.047569       -0.070758
     H    7        0.047569        0.096775       -0.236185
     H    7       -0.070758       -0.236185        0.140412

     C    8       -0.200906       -0.221462       -0.355257
     C    8       -0.221462       -0.111219       -0.191584
     C    8       -0.355257       -0.191584        0.312125

     H    9        0.160974       -0.039228        0.526622
     H    9       -0.039228       -0.025185       -0.330054
     H    9        0.526622       -0.330054       -0.135788

     C   10        0.189780        0.151850       -0.505103
     C   10        0.151850       -0.326533        0.145434
     C   10       -0.505103        0.145434        0.136753

     C   11       -0.176224        0.016661       -0.384280
     C   11        0.016661       -0.032843       -0.147070
     C   11       -0.384280       -0.147070        0.209067

     Cl  12        0.417875        2.444823       -0.743461
     Cl  12        2.444823       -1.025075       -0.036203
     Cl  12       -0.743461       -0.036203        0.607200

     H   13       -0.175707       -0.146225        0.310360
     H   13       -0.146225        0.497368        0.561577
     H   13        0.310360        0.561577       -0.321660

     C   14       -0.360267        0.063580       -0.097646
     C   14        0.063580        0.381465       -0.031698
     C   14       -0.097646       -0.031698       -0.021198

     H   15        0.558931        0.031718        0.482956
     H   15        0.031718       -0.299357        0.417231
     H   15        0.482956        0.417231       -0.259574

     C   16        0.235925       -0.016192        0.157990
     C   16       -0.016192       -0.130820       -0.096080
     C   16        0.157990       -0.096080       -0.105105

     C   17       -0.135262        0.136483       -0.226546
     C   17        0.136483        0.268427       -0.017085
     C   17       -0.226546       -0.017085       -0.133166

     Cl  18        0.268680       -1.838960       -0.952048
     Cl  18       -1.838960       -0.813267       -1.051832
     Cl  18       -0.952048       -1.051832        0.544587

     H   19       -0.033044       -0.032572        0.064166
     H   19       -0.032572        0.027153       -0.455726
     H   19        0.064166       -0.455726        0.005892

     C   20        0.100623        0.253178       -0.166099
     C   20        0.253178        0.138933        0.436032
     C   20       -0.166099        0.436032       -0.239556

     H   21        0.522024       -0.077515        0.276689
     H   21       -0.077515       -0.482112       -0.339203
     H   21        0.276689       -0.339203       -0.039913

     C   22       -0.498753       -0.231778       -0.066422
     C   22       -0.231778        0.572765        0.112993
     C   22       -0.066422        0.112993       -0.074013

     C   23        0.367554        0.663552       -0.363233
     C   23        0.663552        0.023090        0.201889
     C   23       -0.363233        0.201889       -0.390644

     Cl  24        0.463551        1.759111       -0.185742
     Cl  24        1.759111        0.951249        0.774485
     Cl  24       -0.185742        0.774485       -1.414799


     NQR/NMR SPECTROSCOPIC PARAMETERS:
     Cl   1    Vxx=   -1.4651    axis=( -0.091173 -0.127782  0.987603)
     Cl   1    Vyy=   -1.8138    axis=(  0.599999  0.784466  0.156889)
     Cl   1    Vzz=    3.2789    axis=( -0.794789  0.606865  0.005147)
     Cl   1  Q=        -8.1650 1e-30 m^2  Cq=       -62.9042 MHz  eta= 0.10636

     C    2    Vxx=    0.0774    axis=(  0.674133  0.156375 -0.721867)
     C    2    Vyy=    0.2531    axis=(  0.702152 -0.438943  0.560635)
     C    2    Vzz=   -0.3305    axis=(  0.229189  0.884803  0.405705)
     C    2  Q=         1.0000 1e-30 m^2  Cq=        -0.7766 MHz  eta= 0.53140

     C    3    Vxx=   -0.1411    axis=(  0.329666 -0.940824 -0.078550)
     C    3    Vyy=   -0.5495    axis=(  0.930379  0.309618  0.196294)
     C    3    Vzz=    0.6905    axis=( -0.160358 -0.137793  0.977394)
     C    3  Q=         1.0000 1e-30 m^2  Cq=         1.6224 MHz  eta= 0.59144

     H    4    Vxx=   -0.0009    axis=(  0.346695 -0.882877 -0.316749)
     H    4    Vyy=   -0.6358    axis=(  0.234062  0.408442 -0.882264)
     H    4    Vzz=    0.6367    axis=(  0.908305  0.231738  0.348253)
     H    4  Q=         1.0000 1e-30 m^2  Cq=         1.4960 MHz  eta= 0.99718

     C    5    Vxx=   -0.1752    axis=( -0.912131 -0.310742  0.267314)
     C    5    Vyy=   -0.6207    axis=( -0.263130  0.943925  0.199422)
     C    5    Vzz=    0.7959    axis=(  0.314293 -0.111561  0.942748)
     C    5  Q=         1.0000 1e-30 m^2  Cq=         1.8701 MHz  eta= 0.55970

     H    6    Vxx=   -0.0439    axis=(  0.997673  0.048172  0.048248)
     H    6    Vyy=   -0.5697    axis=( -0.027374 -0.365089  0.930570)
     H    6    Vzz=    0.6136    axis=(  0.062442 -0.929726 -0.362920)
     H    6  Q=         1.0000 1e-30 m^2  Cq=         1.4418 MHz  eta= 0.85699

     H    7    Vxx=   -0.1174    axis=( -0.092534  0.746755  0.658631)
     H    7    Vyy=   -0.2501    axis=( -0.986073  0.023078 -0.164703)
     H    7    Vzz=    0.3676    axis=( -0.138193 -0.664699  0.734219)
     H    7  Q=         1.0000 1e-30 m^2  Cq=         0.8636 MHz  eta= 0.36100

     C    8    Vxx=    0.0602    axis=(  0.537869 -0.833798  0.124413)
     C    8    Vyy=    0.5031    axis=( -0.413142 -0.132065  0.901040)
     C    8    Vzz=   -0.5633    axis=( -0.734854 -0.536041 -0.415511)
     C    8  Q=         1.0000 1e-30 m^2  Cq=        -1.3236 MHz  eta= 0.78617

     H    9    Vxx=   -0.0094    axis=(  0.510685  0.853744 -0.101597)
     H    9    Vyy=   -0.6358    axis=( -0.494705  0.388433  0.777423)
     H    9    Vzz=    0.6452    axis=(  0.703184 -0.346758  0.620718)
     H    9  Q=         1.0000 1e-30 m^2  Cq=         1.5159 MHz  eta= 0.97094

     C   10    Vxx=   -0.1244    axis=( -0.470807 -0.720303 -0.509416)
     C   10    Vyy=   -0.5447    axis=(  0.500004 -0.693580  0.518598)
     C   10    Vzz=    0.6692    axis=( -0.726868 -0.010551  0.686696)
     C   10  Q=         1.0000 1e-30 m^2  Cq=         1.5723 MHz  eta= 0.62812

     C   11    Vxx=   -0.0573    axis=(  0.276597 -0.952568 -0.126917)
     C   11    Vyy=   -0.4242    axis=(  0.825045  0.167671  0.539617)
     C   11    Vzz=    0.4815    axis=( -0.492742 -0.253969  0.832289)
     C   11  Q=         1.0000 1e-30 m^2  Cq=         1.1312 MHz  eta= 0.76207

     Cl  12    Vxx=    0.4478    axis=(  0.187344  0.287888  0.939161)
     Cl  12    Vyy=    2.4553    axis=(  0.773190  0.546489 -0.321755)
     Cl  12    Vzz=   -2.9031    axis=( -0.605871  0.786429 -0.120211)
     Cl  12  Q=        -8.1650 1e-30 m^2  Cq=        55.6936 MHz  eta= 0.69150

     H   13    Vxx=    0.0136    axis=(  0.875260 -0.229591  0.425685)
     H   13    Vyy=    0.7830    axis=( -0.011797 -0.890019 -0.455771)
     H   13    Vzz=   -0.7966    axis=(  0.483509  0.393896 -0.781707)
     H   13  Q=         1.0000 1e-30 m^2  Cq=        -1.8717 MHz  eta= 0.96587

     C   14    Vxx=   -0.0008    axis=( -0.240431  0.119871  0.963236)
     C   14    Vyy=   -0.3901    axis=(  0.965836 -0.069332  0.249708)
     C   14    Vzz=    0.3908    axis=(  0.096716  0.990366 -0.099107)
     C   14  Q=         1.0000 1e-30 m^2  Cq=         0.9183 MHz  eta= 0.99606

     H   15    Vxx=   -0.0452    axis=(  0.433375 -0.754683 -0.492585)
     H   15    Vyy=   -0.7783    axis=(  0.251663  0.626178 -0.737948)
     H   15    Vzz=    0.8236    axis=(  0.865362  0.195842  0.461296)
     H   15  Q=         1.0000 1e-30 m^2  Cq=         1.9350 MHz  eta= 0.89013

     C   16    Vxx=   -0.0676    axis=( -0.330737 -0.761636  0.557247)
     C   16    Vyy=   -0.2363    axis=(  0.224827 -0.637066 -0.737292)
     C   16    Vzz=    0.3039    axis=(  0.916551 -0.118566  0.381937)
     C   16  Q=         1.0000 1e-30 m^2  Cq=         0.7139 MHz  eta= 0.55535

     C   17    Vxx=    0.0438    axis=(  0.581281 -0.406866 -0.704678)
     C   17    Vyy=    0.3286    axis=(  0.371034  0.903275 -0.215470)
     C   17    Vzz=   -0.3724    axis=(  0.724186 -0.136211  0.676019)
     C   17  Q=         1.0000 1e-30 m^2  Cq=        -0.8750 MHz  eta= 0.76453

     Cl  18    Vxx=    1.1154    axis=( -0.050281 -0.440815  0.896188)
     Cl  18    Vyy=    1.6731    axis=(  0.826441 -0.522197 -0.210489)
     Cl  18    Vzz=   -2.7885    axis=(  0.560774  0.730063  0.390564)
     Cl  18  Q=        -8.1650 1e-30 m^2  Cq=        53.4961 MHz  eta= 0.20002

     H   19    Vxx=   -0.0407    axis=( -0.989661 -0.134150  0.050745)
     H   19    Vyy=   -0.4407    axis=( -0.057383  0.694592  0.717112)
     H   19    Vzz=    0.4814    axis=(  0.131447 -0.706785  0.695109)
     H   19  Q=         1.0000 1e-30 m^2  Cq=         1.1311 MHz  eta= 0.83071

     C   20    Vxx=    0.1588    axis=( -0.854435  0.133257  0.502179)
     C   20    Vyy=    0.4741    axis=( -0.374865 -0.827362 -0.418269)
     C   20    Vzz=   -0.6328    axis=(  0.359747 -0.545633  0.756880)
     C   20  Q=         1.0000 1e-30 m^2  Cq=        -1.4869 MHz  eta= 0.49826

     H   21    Vxx=   -0.0037    axis=(  0.465627  0.460438 -0.755770)
     H   21    Vyy=   -0.6696    axis=( -0.058026  0.868042  0.493088)
     H   21    Vzz=    0.6733    axis=( -0.883077  0.185741 -0.430901)
     H   21  Q=         1.0000 1e-30 m^2  Cq=         1.5821 MHz  eta= 0.98893

     C   22    Vxx=   -0.0917    axis=( -0.054317 -0.185774  0.981090)
     C   22    Vyy=   -0.5506    axis=( -0.977111 -0.192499 -0.090547)
     C   22    Vzz=    0.6423    axis=(  0.205681 -0.963552 -0.171066)
     C   22  Q=         1.0000 1e-30 m^2  Cq=         1.5092 MHz  eta= 0.71437

     C   23    Vxx=   -0.0709    axis=( -0.308928  0.605589  0.733366)
     C   23    Vyy=   -0.8325    axis=(  0.505099 -0.548892  0.666028)
     C   23    Vzz=    0.9034    axis=( -0.805878 -0.576177  0.136314)
     C   23  Q=         1.0000 1e-30 m^2  Cq=         2.1227 MHz  eta= 0.84300

     Cl  24    Vxx=   -0.5951    axis=( -0.664660  0.462014  0.587171)
     Cl  24    Vyy=   -1.9438    axis=(  0.392571 -0.452707  0.800590)
     Cl  24    Vzz=    2.5390    axis=(  0.635701  0.762626  0.119523)
     Cl  24  Q=        -8.1650 1e-30 m^2  Cq=       -48.7088 MHz  eta= 0.53119

     Initialization:
     gipaw_setup  :      9.06s CPU     10.81s WALL (       1 calls)

     Linear response

     Apply operators

     Induced current

     Other routines
     efg          :      9.31s CPU     11.55s WALL (       1 calls)

     General routines
     calbec       :      3.33s CPU      4.30s WALL (      16 calls)
     fft          :      1.32s CPU      1.52s WALL (      15 calls)
     ffts         :      0.04s CPU      0.04s WALL (       2 calls)
     fftw         :      3.27s CPU      3.87s WALL (     672 calls)
     davcio       :      0.02s CPU      0.32s WALL (      32 calls)

     Parallel routines
     fft_scatter  :      2.01s CPU      2.58s WALL (     689 calls)

     Plugins

     GIPAW        :     61.03s CPU     74.78s WALL (       1 calls)
