
     Program QE v.6.0 (svn rev. 13079) starts on 23Jan2017 at 15: 3:27 

     This program is part of the open-source Quantum ESPRESSO suite
     for quantum simulation of materials; please cite
         "P. Giannozzi et al., J. Phys.:Condens. Matter 21 395502 (2009);
          URL http://www.quantum-espresso.org", 
     in publications or presentations arising from this work. More details at
     http://www.quantum-espresso.org/quote

     Parallel version (MPI), running on     8 processors
     R & G space division:  proc/nbgrp/npool/nimage =       8

     ***** This is GIPAW svn revision unknown      *****

     Parallelizing q-star over 1 images

     Reading data from directory:
     /users/majewski/paradichlorobenzene/pbe/9_constraint/scratch/pbe.ecut100.np8.dt60.pcl2phi-129368.save
     Message from routine read_xml_file:
     file /users/majewski/paradichlorobenzene/pbe/9_constraint/scratch/pbe.ecut100.np8.dt60.pcl2phi-129368.save not guaranteed to be safe for post-processing

   Info: using nr1, nr2, nr3 values from input

   Info: using nr1, nr2, nr3 values from input

     IMPORTANT: XC functional enforced from input :
     Exchange-correlation      =  SLA  PW   PBX  PBC ( 1  4  3  4 0 0)
     Any further DFT definition will be discarded
     Please, verify this is what you really want

               file C.pbe-n-kjpaw_psl.1.0.0.UPF: wavefunction(s)  2S 2P renormalized
               file Cl.pbe-n-kjpaw_psl.1.0.0.UPF: wavefunction(s)  3S 3P renormalized
               file H.pbe-kjpaw_psl.1.0.0.UPF: wavefunction(s)  1S renormalized

     Parallelization info
     --------------------
     sticks:   dense  smooth     PW     G-vecs:    dense   smooth      PW
     Min        3057    1223    332               144436    36536    5170
     Max        3059    1225    333               144437    36537    5171
     Sum       24467    9791   2657              1155489   292295   41363


     Subspace diagonalization in iterative solution of the eigenvalue problem:
     a serial algorithm will be used

     GIPAW projectors -----------------------------------------------
     atom=  C    l=0  rc=    1.2000  rs=    0.8000
     atom=  C    l=0  rc=    1.2000  rs=    0.8000
     atom=  C    l=1  rc=    1.4000  rs=    0.9333
     atom=  C    l=1  rc=    1.4000  rs=    0.9333
     projs nearly linearly dependent: l=1  n1,n2= 1, 2  s=  0.99951561

     atom=  Cl   l=0  rc=    1.6000  rs=    1.0667
     atom=  Cl   l=0  rc=    1.6000  rs=    1.0667
     atom=  Cl   l=1  rc=    1.6000  rs=    1.0667
     atom=  Cl   l=1  rc=    1.6000  rs=    1.0667
     atom=  Cl   l=2  rc=    1.6000  rs=    1.0667
     atom=  Cl   l=2  rc=    1.6000  rs=    1.0667
     projs nearly linearly dependent: l=2  n1,n2= 1, 2  s=  0.99993509

     atom=  H    l=0  rc=    1.0000  rs=    0.6667
     atom=  H    l=0  rc=    1.0000  rs=    0.6667
     projs nearly linearly dependent: l=0  n1,n2= 1, 2  s=  0.99968852
     -----------------------------------------------------------------

     GIPAW integrals: -------------------------------------------
     Atom  i/j   nmr_para   nmr_dia   epr_rmc  epr_para   epr_dia
       C   1 1   0.83E+03  0.17E-01  0.93E+01  0.24E+08  0.24E+03
       C   2 1   0.86E+03 -0.61E-01  0.94E+01  0.25E+08  0.25E+03
       C   2 2   0.90E+03 -0.15E+00  0.97E+01  0.26E+08  0.26E+03
       C   3 3   0.33E+01  0.34E+00  0.18E+01  0.55E+03  0.21E+02
       C   4 3   0.35E+01  0.37E+00  0.20E+01  0.59E+03  0.22E+02
       C   4 4   0.38E+01  0.39E+00  0.22E+01  0.63E+03  0.24E+02
       Cl  1 1   0.14E+04 -0.47E+00  0.84E+01  0.32E+09  0.42E+03
       Cl  2 1   0.21E+04 -0.37E+00  0.12E+02  0.49E+09  0.65E+03
       Cl  2 2   0.33E+04 -0.16E+00  0.21E+02  0.76E+09  0.10E+04
       Cl  3 3   0.21E+02  0.79E-01  0.89E+01  0.23E+05  0.13E+03
       Cl  4 3   0.24E+02  0.67E-01  0.99E+01  0.27E+05  0.15E+03
       Cl  4 4   0.28E+02  0.44E-01  0.11E+02  0.32E+05  0.18E+03
       Cl  5 5   0.77E+00  0.19E+00  0.18E+01  0.12E+03  0.22E+02
       Cl  6 5   0.80E+00  0.19E+00  0.19E+01  0.12E+03  0.23E+02
       Cl  6 6   0.83E+00  0.20E+00  0.19E+01  0.12E+03  0.23E+02
       H   1 1   0.39E+02  0.19E+00  0.29E+00  0.78E+05  0.13E+02
       H   2 1   0.41E+02  0.21E+00  0.32E+00  0.82E+05  0.14E+02
       H   2 2   0.43E+02  0.22E+00  0.36E+00  0.86E+05  0.15E+02
     ------------------------------------------------------------

     alpha_pv=     34.0671 eV

     Number of occupied bands for each k-point:
     k-point:     1    nbnd_occ=  42
     k-point:     2    nbnd_occ=  42
     k-point:     3    nbnd_occ=  42
     k-point:     4    nbnd_occ=  42
     k-point:     5    nbnd_occ=  42
     k-point:     6    nbnd_occ=  42
     k-point:     7    nbnd_occ=  42
     k-point:     8    nbnd_occ=  42
     k-point:     9    nbnd_occ=  42
     k-point:    10    nbnd_occ=  42
     k-point:    11    nbnd_occ=  42
     k-point:    12    nbnd_occ=  42
     k-point:    13    nbnd_occ=  42
     k-point:    14    nbnd_occ=  42
     k-point:    15    nbnd_occ=  42
     k-point:    16    nbnd_occ=  42


     q-space interpolation up to   110.00 Rydberg

     GIPAW job: efg                                                                             


     ELECTRIC FIELD GRADIENTS TENSORS IN Hartree/bohrradius^2:

     ----- bare term -----
     Cl   1        0.043783        0.112094       -0.038861
     Cl   1        0.112094        0.070232       -0.025903
     Cl   1       -0.038861       -0.025903       -0.114014

     C    2        0.072400        0.519463       -0.101901
     C    2        0.519463       -0.288940       -0.512838
     C    2       -0.101901       -0.512838        0.216540

     C    3       -0.105181        0.023029       -0.112879
     C    3        0.023029       -0.070641       -0.184243
     C    3       -0.112879       -0.184243        0.175822

     H    4       -0.357766       -0.376133        0.170258
     H    4       -0.376133        0.125442        0.110016
     H    4        0.170258        0.110016        0.232324

     C    5       -0.167873        0.288701       -0.249124
     C    5        0.288701       -0.209050       -0.239788
     C    5       -0.249124       -0.239788        0.376924

     H    6        0.393521       -0.260839        0.080517
     H    6       -0.260839       -0.609957        0.243817
     H    6        0.080517        0.243817        0.216436

     H    7        0.534457       -0.002486       -0.100251
     H    7       -0.002486       -0.111820        0.289634
     H    7       -0.100251        0.289634       -0.422637

     C    8       -0.417740       -0.321299       -0.051117
     C    8       -0.321299        0.032739        0.365985
     C    8       -0.051117        0.365985        0.385002

     H    9        0.100170        0.023589       -0.463760
     H    9        0.023589        0.349350       -0.181611
     H    9       -0.463760       -0.181611       -0.449520

     C   10       -0.014807        0.086011       -0.220961
     C   10        0.086011       -0.070454        0.574025
     C   10       -0.220961        0.574025        0.085261

     C   11       -0.316981       -0.374808       -0.069419
     C   11       -0.374808       -0.110286        0.401801
     C   11       -0.069419        0.401801        0.427267

     Cl  12       -0.027302        0.113513       -0.017936
     Cl  12        0.113513        0.053189        0.111553
     Cl  12       -0.017936        0.111553       -0.025887

     H   13        0.388900        0.130637       -0.257543
     H   13        0.130637       -0.568677        0.006144
     H   13       -0.257543        0.006144        0.179777

     C   14       -0.668749        0.026414       -0.269999
     C   14        0.026414        0.040281       -0.202010
     C   14       -0.269999       -0.202010        0.628468

     H   15       -0.374141       -0.436231        0.084536
     H   15       -0.436231        0.240757        0.119349
     H   15        0.084536        0.119349        0.133384

     C   16       -0.113906        0.366637        0.085135
     C   16        0.366637       -0.505594       -0.485939
     C   16        0.085135       -0.485939        0.619501

     C   17       -0.222125       -0.031883       -0.378037
     C   17       -0.031883       -0.029851       -0.426027
     C   17       -0.378037       -0.426027        0.251976

     Cl  18        0.044800        0.295780       -0.054175
     Cl  18        0.295780       -0.065150       -0.029280
     Cl  18       -0.054175       -0.029280        0.020349

     H   19        0.118975       -0.075788        0.395739
     H   19       -0.075788        0.102379        0.387047
     H   19        0.395739        0.387047       -0.221354

     C   20        0.010035        0.215054       -0.551833
     C   20        0.215054       -0.075350        0.447235
     C   20       -0.551833        0.447235        0.065315

     H   21       -0.058277        0.095888       -0.228383
     H   21        0.095888        0.524659        0.228312
     H   21       -0.228383        0.228312       -0.466382

     C   22        0.038076       -0.490479       -0.197429
     C   22       -0.490479       -0.327160        0.197260
     C   22       -0.197429        0.197260        0.289084

     C   23        0.125611        0.322907       -0.592338
     C   23        0.322907       -0.204903        0.585246
     C   23       -0.592338        0.585246        0.079292

     Cl  24       -0.068464       -0.332435       -0.155726
     Cl  24       -0.332435       -0.136499        0.028037
     Cl  24       -0.155726        0.028037        0.204963

     ----- ionic term -----
     Cl   1        0.145016       -0.188504       -0.005588
     Cl   1       -0.188504        0.013324       -0.002242
     Cl   1       -0.005588       -0.002242       -0.158340

     C    2        0.304325       -0.046105        0.143206
     C    2       -0.046105        0.258688        0.291936
     C    2        0.143206        0.291936       -0.563013

     C    3        0.239307       -0.113657        0.070766
     C    3       -0.113657        0.316005        0.292501
     C    3        0.070766        0.292501       -0.555312

     H    4        0.822233        0.514761        0.278158
     H    4        0.514761       -0.273827        0.173610
     H    4        0.278158        0.173610       -0.548406

     C    5        0.406264       -0.107998        0.126138
     C    5       -0.107998        0.163892        0.205153
     C    5        0.126138        0.205153       -0.570156

     H    6       -0.495954        0.042784        0.021085
     H    6        0.042784        1.018293        0.340222
     H    6        0.021085        0.340222       -0.522339

     H    7       -0.533057        0.072217       -0.031612
     H    7        0.072217        0.424008       -0.782631
     H    7       -0.031612       -0.782631        0.109049

     C    8        0.123282        0.273062        0.351733
     C    8        0.273062        0.005452       -0.277122
     C    8        0.351733       -0.277122       -0.128734

     H    9        0.266292       -0.267423        0.759860
     H    9       -0.267423       -0.432144       -0.316016
     H    9        0.759860       -0.316016        0.165852

     C   10       -0.018320        0.302873        0.226877
     C   10        0.302873        0.156429       -0.396295
     C   10        0.226877       -0.396295       -0.138109

     C   11        0.067447        0.313360        0.300560
     C   11        0.313360        0.059835       -0.403631
     C   11        0.300560       -0.403631       -0.127281

     Cl  12        0.130256        0.254176        0.003108
     Cl  12        0.254176        0.033582        0.008595
     Cl  12        0.003108        0.008595       -0.163838

     H   13       -0.508075        0.009971       -0.012298
     H   13        0.009971        0.861267        0.536271
     H   13       -0.012298        0.536271       -0.353192

     C   14        0.400842       -0.135479        0.125861
     C   14       -0.135479        0.146303        0.236904
     C   14        0.125861        0.236904       -0.547145

     H   15        0.775710        0.462122        0.447023
     H   15        0.462122       -0.291930        0.194280
     H   15        0.447023        0.194280       -0.483780

     C   16        0.239548       -0.150714        0.122465
     C   16       -0.150714        0.301452        0.302637
     C   16        0.122465        0.302637       -0.541000

     C   17        0.270696       -0.097962        0.180003
     C   17       -0.097962        0.305498        0.285219
     C   17        0.180003        0.285219       -0.576194

     Cl  18        0.147763       -0.224328        0.036732
     Cl  18       -0.224328        0.034280       -0.015117
     Cl  18        0.036732       -0.015117       -0.182044

     H   19       -0.532103        0.052347       -0.031125
     H   19        0.052347        0.307049       -0.790601
     H   19       -0.031125       -0.790601        0.225054

     C   20        0.125408        0.249200        0.328967
     C   20        0.249200       -0.039930       -0.279002
     C   20        0.328967       -0.279002       -0.085478

     H   21        0.490613       -0.321128        0.736827
     H   21       -0.321128       -0.413376       -0.291639
     H   21        0.736827       -0.291639       -0.077236

     C   22        0.004861        0.212806        0.242771
     C   22        0.212806        0.151062       -0.445626
     C   22        0.242771       -0.445626       -0.155923

     C   23        0.020150        0.209127        0.359267
     C   23        0.209127        0.060361       -0.462468
     C   23        0.359267       -0.462468       -0.080512

     Cl  24        0.118473        0.198018        0.028766
     Cl  24        0.198018        0.016908        0.004830
     Cl  24        0.028766        0.004830       -0.135380

     ----- GIPAW term -----
     Cl   1        2.498559        0.195341       -0.586923
     Cl   1        0.195341        0.174930       -0.355623
     Cl   1       -0.586923       -0.355623       -2.673489

     C    2        0.223559        0.141284       -0.023834
     C    2        0.141284       -0.070678       -0.072381
     C    2       -0.023834       -0.072381       -0.152881

     C    3        0.001228        0.041482       -0.082656
     C    3        0.041482       -0.008237       -0.052483
     C    3       -0.082656       -0.052483        0.007008

     H    4       -0.000000        0.000000        0.000000
     H    4        0.000000        0.000000        0.000000
     H    4        0.000000        0.000000        0.000000

     C    5        0.006341        0.115911       -0.140170
     C    5        0.115911       -0.068124       -0.122538
     C    5       -0.140170       -0.122538        0.061784

     H    6       -0.000000        0.000000        0.000000
     H    6        0.000000        0.000000        0.000000
     H    6        0.000000        0.000000        0.000000

     H    7       -0.000000        0.000000        0.000000
     H    7        0.000000        0.000000        0.000000
     H    7        0.000000        0.000000        0.000000

     C    8       -0.028712        0.116324        0.098040
     C    8        0.116324        0.063446        0.130967
     C    8        0.098040        0.130967       -0.034734

     H    9       -0.000000        0.000000        0.000000
     H    9        0.000000        0.000000        0.000000
     H    9        0.000000        0.000000        0.000000

     C   10       -0.095657        0.098143        0.011624
     C   10        0.098143        0.089565        0.199924
     C   10        0.011624        0.199924        0.006092

     C   11        0.034987        0.180725        0.086594
     C   11        0.180725        0.036096        0.129923
     C   11        0.086594        0.129923       -0.071083

     Cl  12        0.598487        2.953257        0.294522
     Cl  12        2.953257        0.901504        1.416470
     Cl  12        0.294522        1.416470       -1.499991

     H   13       -0.000000        0.000000        0.000000
     H   13        0.000000        0.000000        0.000000
     H   13        0.000000        0.000000        0.000000

     C   14       -0.160699       -0.010719        0.108921
     C   14       -0.010719       -0.112688       -0.008950
     C   14        0.108921       -0.008950        0.273387

     H   15       -0.000000        0.000000        0.000000
     H   15        0.000000        0.000000        0.000000
     H   15        0.000000        0.000000        0.000000

     C   16       -0.109878        0.028794        0.091368
     C   16        0.028794       -0.166085       -0.114640
     C   16        0.091368       -0.114640        0.275964

     C   17        0.084448       -0.094798        0.008668
     C   17       -0.094798       -0.028982       -0.023929
     C   17        0.008668       -0.023929       -0.055466

     Cl  18        2.280925       -0.148006       -0.493707
     Cl  18       -0.148006       -0.365323       -0.265083
     Cl  18       -0.493707       -0.265083       -1.915602

     H   19       -0.000000        0.000000        0.000000
     H   19        0.000000        0.000000        0.000000
     H   19        0.000000        0.000000        0.000000

     C   20        0.216821        0.112051       -0.179276
     C   20        0.112051       -0.134352        0.042568
     C   20       -0.179276        0.042568       -0.082469

     H   21       -0.000000        0.000000        0.000000
     H   21        0.000000        0.000000        0.000000
     H   21        0.000000        0.000000        0.000000

     C   22        0.117512       -0.076399       -0.157980
     C   22       -0.076399       -0.135686        0.019351
     C   22       -0.157980        0.019351        0.018174

     C   23        0.207955        0.170338       -0.183808
     C   23        0.170338       -0.108738        0.039817
     C   23       -0.183808        0.039817       -0.099217

     Cl  24        1.894242        0.148324       -2.068366
     Cl  24        0.148324       -1.355320        0.424192
     Cl  24       -2.068366        0.424192       -0.538922

     ----- total EFG -----
     Cl   1        2.687358        0.118932       -0.631372
     Cl   1        0.118932        0.258486       -0.383769
     Cl   1       -0.631372       -0.383769       -2.945844

     C    2        0.600284        0.614643        0.017472
     C    2        0.614643       -0.100931       -0.293284
     C    2        0.017472       -0.293284       -0.499353

     C    3        0.135354       -0.049146       -0.124769
     C    3       -0.049146        0.237127        0.055775
     C    3       -0.124769        0.055775       -0.372481

     H    4        0.464467        0.138628        0.448415
     H    4        0.138628       -0.148384        0.283626
     H    4        0.448415        0.283626       -0.316082

     C    5        0.244731        0.296615       -0.263156
     C    5        0.296615       -0.113283       -0.157173
     C    5       -0.263156       -0.157173       -0.131448

     H    6       -0.102433       -0.218056        0.101602
     H    6       -0.218056        0.408335        0.584039
     H    6        0.101602        0.584039       -0.305903

     H    7        0.001400        0.069731       -0.131863
     H    7        0.069731        0.312188       -0.492997
     H    7       -0.131863       -0.492997       -0.313588

     C    8       -0.323170        0.068086        0.398656
     C    8        0.068086        0.101637        0.219830
     C    8        0.398656        0.219830        0.221533

     H    9        0.366462       -0.243834        0.296099
     H    9       -0.243834       -0.082794       -0.497627
     H    9        0.296099       -0.497627       -0.283668

     C   10       -0.128784        0.487027        0.017540
     C   10        0.487027        0.175540        0.377654
     C   10        0.017540        0.377654       -0.046756

     C   11       -0.214547        0.119278        0.317735
     C   11        0.119278       -0.014356        0.128093
     C   11        0.317735        0.128093        0.228903

     Cl  12        0.701440        3.320946        0.279695
     Cl  12        3.320946        0.988275        1.536619
     Cl  12        0.279695        1.536619       -1.689716

     H   13       -0.119175        0.140608       -0.269841
     H   13        0.140608        0.292589        0.542415
     H   13       -0.269841        0.542415       -0.173415

     C   14       -0.428606       -0.119785       -0.035217
     C   14       -0.119785        0.073896        0.025944
     C   14       -0.035217        0.025944        0.354710

     H   15        0.401569        0.025891        0.531559
     H   15        0.025891       -0.051173        0.313628
     H   15        0.531559        0.313628       -0.350396

     C   16        0.015763        0.244718        0.298967
     C   16        0.244718       -0.370228       -0.297941
     C   16        0.298967       -0.297941        0.354465

     C   17        0.133019       -0.224643       -0.189366
     C   17       -0.224643        0.246665       -0.164737
     C   17       -0.189366       -0.164737       -0.379684

     Cl  18        2.473489       -0.076553       -0.511151
     Cl  18       -0.076553       -0.396192       -0.309480
     Cl  18       -0.511151       -0.309480       -2.077297

     H   19       -0.413128       -0.023441        0.364613
     H   19       -0.023441        0.409428       -0.403553
     H   19        0.364613       -0.403553        0.003700

     C   20        0.352264        0.576305       -0.402142
     C   20        0.576305       -0.249632        0.210801
     C   20       -0.402142        0.210801       -0.102632

     H   21        0.432336       -0.225240        0.508444
     H   21       -0.225240        0.111283       -0.063328
     H   21        0.508444       -0.063328       -0.543619

     C   22        0.160449       -0.354073       -0.112638
     C   22       -0.354073       -0.311783       -0.229015
     C   22       -0.112638       -0.229015        0.151335

     C   23        0.353717        0.702372       -0.416878
     C   23        0.702372       -0.253280        0.162595
     C   23       -0.416878        0.162595       -0.100436

     Cl  24        1.944251        0.013907       -2.195327
     Cl  24        0.013907       -1.474912        0.457059
     Cl  24       -2.195327        0.457059       -0.469339

     ----- total EFG (symmetrized) -----
     Cl   1        2.687358        0.118932       -0.631372
     Cl   1        0.118932        0.258486       -0.383769
     Cl   1       -0.631372       -0.383769       -2.945844

     C    2        0.600284        0.614643        0.017472
     C    2        0.614643       -0.100931       -0.293284
     C    2        0.017472       -0.293284       -0.499353

     C    3        0.135354       -0.049146       -0.124769
     C    3       -0.049146        0.237127        0.055775
     C    3       -0.124769        0.055775       -0.372481

     H    4        0.464467        0.138628        0.448415
     H    4        0.138628       -0.148384        0.283626
     H    4        0.448415        0.283626       -0.316082

     C    5        0.244731        0.296615       -0.263156
     C    5        0.296615       -0.113283       -0.157173
     C    5       -0.263156       -0.157173       -0.131448

     H    6       -0.102433       -0.218056        0.101602
     H    6       -0.218056        0.408335        0.584039
     H    6        0.101602        0.584039       -0.305903

     H    7        0.001400        0.069731       -0.131863
     H    7        0.069731        0.312188       -0.492997
     H    7       -0.131863       -0.492997       -0.313588

     C    8       -0.323170        0.068086        0.398656
     C    8        0.068086        0.101637        0.219830
     C    8        0.398656        0.219830        0.221533

     H    9        0.366462       -0.243834        0.296099
     H    9       -0.243834       -0.082794       -0.497627
     H    9        0.296099       -0.497627       -0.283668

     C   10       -0.128784        0.487027        0.017540
     C   10        0.487027        0.175540        0.377654
     C   10        0.017540        0.377654       -0.046756

     C   11       -0.214547        0.119278        0.317735
     C   11        0.119278       -0.014356        0.128093
     C   11        0.317735        0.128093        0.228903

     Cl  12        0.701440        3.320946        0.279695
     Cl  12        3.320946        0.988275        1.536619
     Cl  12        0.279695        1.536619       -1.689716

     H   13       -0.119175        0.140608       -0.269841
     H   13        0.140608        0.292589        0.542415
     H   13       -0.269841        0.542415       -0.173415

     C   14       -0.428606       -0.119785       -0.035217
     C   14       -0.119785        0.073896        0.025944
     C   14       -0.035217        0.025944        0.354710

     H   15        0.401569        0.025891        0.531559
     H   15        0.025891       -0.051173        0.313628
     H   15        0.531559        0.313628       -0.350396

     C   16        0.015763        0.244718        0.298967
     C   16        0.244718       -0.370228       -0.297941
     C   16        0.298967       -0.297941        0.354465

     C   17        0.133019       -0.224643       -0.189366
     C   17       -0.224643        0.246665       -0.164737
     C   17       -0.189366       -0.164737       -0.379684

     Cl  18        2.473489       -0.076553       -0.511151
     Cl  18       -0.076553       -0.396192       -0.309480
     Cl  18       -0.511151       -0.309480       -2.077297

     H   19       -0.413128       -0.023441        0.364613
     H   19       -0.023441        0.409428       -0.403553
     H   19        0.364613       -0.403553        0.003700

     C   20        0.352264        0.576305       -0.402142
     C   20        0.576305       -0.249632        0.210801
     C   20       -0.402142        0.210801       -0.102632

     H   21        0.432336       -0.225240        0.508444
     H   21       -0.225240        0.111283       -0.063328
     H   21        0.508444       -0.063328       -0.543619

     C   22        0.160449       -0.354073       -0.112638
     C   22       -0.354073       -0.311783       -0.229015
     C   22       -0.112638       -0.229015        0.151335

     C   23        0.353717        0.702372       -0.416878
     C   23        0.702372       -0.253280        0.162595
     C   23       -0.416878        0.162595       -0.100436

     Cl  24        1.944251        0.013907       -2.195327
     Cl  24        0.013907       -1.474912        0.457059
     Cl  24       -2.195327        0.457059       -0.469339


     NQR/NMR SPECTROSCOPIC PARAMETERS:
     Cl   1    Vxx=    0.2891    axis=(  0.076241 -0.991778  0.102776)
     Cl   1    Vyy=    2.7676    axis=(  0.991404  0.064411 -0.113883)
     Cl   1    Vzz=   -3.0567    axis=(  0.106327  0.110575  0.988164)
     Cl   1  Q=        -8.1650 1e-30 m^2  Cq=        58.6417 MHz  eta= 0.81083

     C    2    Vxx=   -0.2222    axis=(  0.437143 -0.603885  0.666505)
     C    2    Vyy=   -0.7474    axis=(  0.287139 -0.608573 -0.739723)
     C    2    Vzz=    0.9696    axis=( -0.852324 -0.514745  0.092635)
     C    2  Q=         1.0000 1e-30 m^2  Cq=         2.2781 MHz  eta= 0.54173

     C    3    Vxx=    0.1310    axis=(  0.861067  0.482691 -0.159919)
     C    3    Vyy=    0.2734    axis=( -0.458999  0.873158  0.164059)
     C    3    Vzz=   -0.4044    axis=(  0.218824 -0.067863  0.973402)
     C    3  Q=         1.0000 1e-30 m^2  Cq=        -0.9502 MHz  eta= 0.35227

     H    4    Vxx=   -0.1223    axis=(  0.421313 -0.860926 -0.285136)
     H    4    Vyy=   -0.6159    axis=(  0.298886  0.428646 -0.852602)
     H    4    Vzz=    0.7382    axis=(  0.856249  0.273989  0.437912)
     H    4  Q=         1.0000 1e-30 m^2  Cq=         1.7344 MHz  eta= 0.66867

     C    5    Vxx=   -0.2661    axis=(  0.532759 -0.184733  0.825858)
     C    5    Vyy=   -0.2839    axis=( -0.297150  0.872911  0.386949)
     C    5    Vzz=    0.5500    axis=( -0.792382 -0.451554  0.410158)
     C    5  Q=         1.0000 1e-30 m^2  Cq=         1.2922 MHz  eta= 0.03250

     H    6    Vxx=   -0.0606    axis=(  0.933572 -0.011995  0.358189)
     H    6    Vyy=   -0.6988    axis=(  0.317629  0.490607 -0.811429)
     H    6    Vzz=    0.7594    axis=( -0.165997  0.871298  0.461827)
     H    6  Q=         1.0000 1e-30 m^2  Cq=         1.7844 MHz  eta= 0.84028

     H    7    Vxx=   -0.0129    axis=(  0.969338 -0.244542 -0.024150)
     H    7    Vyy=   -0.5961    axis=(  0.138891  0.464155  0.874797)
     H    7    Vzz=    0.6090    axis=( -0.202715 -0.851328  0.483888)
     H    7  Q=         1.0000 1e-30 m^2  Cq=         1.4309 MHz  eta= 0.95762

     C    8    Vxx=   -0.0105    axis=(  0.275611 -0.888114  0.367820)
     C    8    Vyy=   -0.5367    axis=(  0.874024  0.072243 -0.480481)
     C    8    Vzz=    0.5472    axis=(  0.400150  0.453910  0.796144)
     C    8  Q=         1.0000 1e-30 m^2  Cq=         1.2858 MHz  eta= 0.96149

     H    9    Vxx=   -0.0274    axis=(  0.681034  0.612151 -0.401826)
     H    9    Vyy=   -0.6969    axis=( -0.080507  0.608023  0.789827)
     H    9    Vzz=    0.7243    axis=(  0.727813 -0.505549  0.463366)
     H    9  Q=         1.0000 1e-30 m^2  Cq=         1.7019 MHz  eta= 0.92431

     C   10    Vxx=   -0.0932    axis=( -0.586107 -0.071938  0.807034)
     C   10    Vyy=   -0.5846    axis=( -0.655078  0.628239 -0.419748)
     C   10    Vzz=    0.6778    axis=( -0.476814 -0.774688 -0.415340)
     C   10  Q=         1.0000 1e-30 m^2  Cq=         1.5925 MHz  eta= 0.72511

     C   11    Vxx=   -0.0688    axis=(  0.033433 -0.930541  0.364657)
     C   11    Vyy=   -0.3867    axis=(  0.891569 -0.137113 -0.431631)
     C   11    Vzz=    0.4556    axis=(  0.451650  0.339548  0.825057)
     C   11  Q=         1.0000 1e-30 m^2  Cq=         1.0704 MHz  eta= 0.69778

     Cl  12    Vxx=   -1.3446    axis=( -0.556986  0.277222  0.782888)
     Cl  12    Vyy=   -3.1058    axis=( -0.508153  0.631857 -0.585267)
     Cl  12    Vzz=    4.4504    axis=(  0.656922  0.723813  0.211065)
     Cl  12  Q=        -8.1650 1e-30 m^2  Cq=       -85.3787 MHz  eta= 0.39575

     H   13    Vxx=    0.0398    axis=(  0.882500  0.295042 -0.366256)
     H   13    Vyy=    0.6513    axis=(  0.044734 -0.827879 -0.559120)
     H   13    Vzz=   -0.6911    axis=( -0.468180  0.477039 -0.743802)
     H   13  Q=         1.0000 1e-30 m^2  Cq=        -1.6239 MHz  eta= 0.88476

     C   14    Vxx=    0.0968    axis=( -0.212442  0.968955 -0.126467)
     C   14    Vyy=    0.3599    axis=( -0.061869  0.115824  0.991341)
     C   14    Vzz=   -0.4567    axis=(  0.975213  0.218426  0.035342)
     C   14  Q=         1.0000 1e-30 m^2  Cq=        -1.0731 MHz  eta= 0.57622

     H   15    Vxx=    0.0171    axis=(  0.373927 -0.899338 -0.226650)
     H   15    Vyy=    0.7158    axis=(  0.843033  0.227713  0.487280)
     H   15    Vzz=   -0.7329    axis=( -0.386618 -0.373280  0.843320)
     H   15  Q=         1.0000 1e-30 m^2  Cq=        -1.7220 MHz  eta= 0.95333

     C   16    Vxx=    0.0978    axis=(  0.782885  0.569229 -0.251137)
     C   16    Vyy=    0.5531    axis=(  0.415421 -0.177767  0.892090)
     C   16    Vzz=   -0.6508    axis=(  0.463159 -0.802731 -0.375641)
     C   16  Q=         1.0000 1e-30 m^2  Cq=        -1.5292 MHz  eta= 0.69950

     C   17    Vxx=    0.0913    axis=(  0.708556  0.527054 -0.469214)
     C   17    Vyy=    0.4218    axis=( -0.605411  0.795649 -0.020497)
     C   17    Vzz=   -0.5132    axis=(  0.362527  0.298591  0.882847)
     C   17  Q=         1.0000 1e-30 m^2  Cq=        -1.2057 MHz  eta= 0.64409

     Cl  18    Vxx=   -0.3411    axis=(  0.004835 -0.984716  0.174103)
     Cl  18    Vyy=   -2.1897    axis=( -0.110123 -0.173571 -0.978645)
     Cl  18    Vzz=    2.5308    axis=(  0.993906 -0.014440 -0.109279)
     Cl  18  Q=        -8.1650 1e-30 m^2  Cq=       -48.5521 MHz  eta= 0.73044

     H   19    Vxx=   -0.0412    axis=(  0.556549  0.570121  0.604331)
     H   19    Vyy=   -0.6607    axis=(  0.805833 -0.193398 -0.559670)
     H   19    Vzz=    0.7020    axis=(  0.202203 -0.798473  0.567057)
     H   19  Q=         1.0000 1e-30 m^2  Cq=         1.6493 MHz  eta= 0.88255

     C   20    Vxx=    0.0471    axis=( -0.004188  0.573733  0.819032)
     C   20    Vyy=    0.7734    axis=(  0.857775  0.423058 -0.291966)
     C   20    Vzz=   -0.8205    axis=( -0.514009  0.701322 -0.493905)
     C   20  Q=         1.0000 1e-30 m^2  Cq=        -1.9278 MHz  eta= 0.88521

     H   21    Vxx=    0.0260    axis=(  0.306788  0.936524  0.169715)
     H   21    Vyy=    0.7354    axis=( -0.864872  0.348749 -0.361069)
     H   21    Vzz=   -0.7614    axis=( -0.397338 -0.036010  0.916966)
     H   21  Q=         1.0000 1e-30 m^2  Cq=        -1.7891 MHz  eta= 0.93165

     C   22    Vxx=    0.2386    axis=( -0.218584 -0.251687  0.942801)
     C   22    Vyy=    0.3505    axis=( -0.869264  0.489232 -0.070931)
     C   22    Vzz=   -0.5891    axis=( -0.443397 -0.835048 -0.325721)
     C   22  Q=         1.0000 1e-30 m^2  Cq=        -1.3842 MHz  eta= 0.19003

     C   23    Vxx=    0.0025    axis=( -0.011118  0.514472  0.857435)
     C   23    Vyy=    0.8894    axis=( -0.836196 -0.474988  0.274157)
     C   23    Vzz=   -0.8919    axis=(  0.548318 -0.713936  0.435480)
     C   23  Q=         1.0000 1e-30 m^2  Cq=        -2.0956 MHz  eta= 0.99433

     Cl  24    Vxx=   -1.2022    axis=(  0.328823  0.815393  0.476455)
     Cl  24    Vyy=   -2.0508    axis=(  0.394881 -0.577001  0.714940)
     Cl  24    Vzz=    3.2530    axis=( -0.857872  0.046945  0.511714)
     Cl  24  Q=        -8.1650 1e-30 m^2  Cq=       -62.4069 MHz  eta= 0.26084

     Initialization:
     gipaw_setup  :      9.04s CPU     10.90s WALL (       1 calls)

     Linear response

     Apply operators

     Induced current

     Other routines
     efg          :      9.38s CPU     11.77s WALL (       1 calls)

     General routines
     calbec       :      3.28s CPU      4.33s WALL (      16 calls)
     fft          :      1.48s CPU      2.08s WALL (      15 calls)
     ffts         :      0.04s CPU      0.04s WALL (       2 calls)
     fftw         :      3.25s CPU      3.96s WALL (     672 calls)
     davcio       :      0.02s CPU      0.33s WALL (      32 calls)

     Parallel routines
     fft_scatter  :      2.12s CPU      3.24s WALL (     689 calls)

     Plugins

     GIPAW        :     61.89s CPU     74.44s WALL (       1 calls)
