
     Program QE v.6.0 (svn rev. 13079) starts on  6Jan2017 at  6:59:21 

     This program is part of the open-source Quantum ESPRESSO suite
     for quantum simulation of materials; please cite
         "P. Giannozzi et al., J. Phys.:Condens. Matter 21 395502 (2009);
          URL http://www.quantum-espresso.org", 
     in publications or presentations arising from this work. More details at
     http://www.quantum-espresso.org/quote

     Parallel version (MPI), running on     8 processors
     R & G space division:  proc/nbgrp/npool/nimage =       8

     ***** This is GIPAW svn revision unknown      *****

     Parallelizing q-star over 1 images

     Reading data from directory:
     /users/majewski/paradichlorobenzene/pbe/9_constraint/scratch/pbe.ecut100.np8.dt60.pcl2phi-129368.save
     Message from routine read_xml_file:
     file /users/majewski/paradichlorobenzene/pbe/9_constraint/scratch/pbe.ecut100.np8.dt60.pcl2phi-129368.save not guaranteed to be safe for post-processing

   Info: using nr1, nr2, nr3 values from input

   Info: using nr1, nr2, nr3 values from input

     IMPORTANT: XC functional enforced from input :
     Exchange-correlation      =  SLA  PW   PBX  PBC ( 1  4  3  4 0 0)
     Any further DFT definition will be discarded
     Please, verify this is what you really want

               file C.pbe-n-kjpaw_psl.1.0.0.UPF: wavefunction(s)  2S 2P renormalized
               file Cl.pbe-n-kjpaw_psl.1.0.0.UPF: wavefunction(s)  3S 3P renormalized
               file H.pbe-kjpaw_psl.1.0.0.UPF: wavefunction(s)  1S renormalized

     Parallelization info
     --------------------
     sticks:   dense  smooth     PW     G-vecs:    dense   smooth      PW
     Min        3057    1223    332               144436    36536    5170
     Max        3059    1225    333               144437    36537    5171
     Sum       24467    9791   2657              1155489   292295   41363


     Subspace diagonalization in iterative solution of the eigenvalue problem:
     a serial algorithm will be used

     GIPAW projectors -----------------------------------------------
     atom=  C    l=0  rc=    1.2000  rs=    0.8000
     atom=  C    l=0  rc=    1.2000  rs=    0.8000
     atom=  C    l=1  rc=    1.4000  rs=    0.9333
     atom=  C    l=1  rc=    1.4000  rs=    0.9333
     projs nearly linearly dependent: l=1  n1,n2= 1, 2  s=  0.99951561

     atom=  Cl   l=0  rc=    1.6000  rs=    1.0667
     atom=  Cl   l=0  rc=    1.6000  rs=    1.0667
     atom=  Cl   l=1  rc=    1.6000  rs=    1.0667
     atom=  Cl   l=1  rc=    1.6000  rs=    1.0667
     atom=  Cl   l=2  rc=    1.6000  rs=    1.0667
     atom=  Cl   l=2  rc=    1.6000  rs=    1.0667
     projs nearly linearly dependent: l=2  n1,n2= 1, 2  s=  0.99993509

     atom=  H    l=0  rc=    1.0000  rs=    0.6667
     atom=  H    l=0  rc=    1.0000  rs=    0.6667
     projs nearly linearly dependent: l=0  n1,n2= 1, 2  s=  0.99968852
     -----------------------------------------------------------------

     GIPAW integrals: -------------------------------------------
     Atom  i/j   nmr_para   nmr_dia   epr_rmc  epr_para   epr_dia
       C   1 1   0.83E+03  0.17E-01  0.93E+01  0.24E+08  0.24E+03
       C   2 1   0.86E+03 -0.61E-01  0.94E+01  0.25E+08  0.25E+03
       C   2 2   0.90E+03 -0.15E+00  0.97E+01  0.26E+08  0.26E+03
       C   3 3   0.33E+01  0.34E+00  0.18E+01  0.55E+03  0.21E+02
       C   4 3   0.35E+01  0.37E+00  0.20E+01  0.59E+03  0.22E+02
       C   4 4   0.38E+01  0.39E+00  0.22E+01  0.63E+03  0.24E+02
       Cl  1 1   0.14E+04 -0.47E+00  0.84E+01  0.32E+09  0.42E+03
       Cl  2 1   0.21E+04 -0.37E+00  0.12E+02  0.49E+09  0.65E+03
       Cl  2 2   0.33E+04 -0.16E+00  0.21E+02  0.76E+09  0.10E+04
       Cl  3 3   0.21E+02  0.79E-01  0.89E+01  0.23E+05  0.13E+03
       Cl  4 3   0.24E+02  0.67E-01  0.99E+01  0.27E+05  0.15E+03
       Cl  4 4   0.28E+02  0.44E-01  0.11E+02  0.32E+05  0.18E+03
       Cl  5 5   0.77E+00  0.19E+00  0.18E+01  0.12E+03  0.22E+02
       Cl  6 5   0.80E+00  0.19E+00  0.19E+01  0.12E+03  0.23E+02
       Cl  6 6   0.83E+00  0.20E+00  0.19E+01  0.12E+03  0.23E+02
       H   1 1   0.39E+02  0.19E+00  0.29E+00  0.78E+05  0.13E+02
       H   2 1   0.41E+02  0.21E+00  0.32E+00  0.82E+05  0.14E+02
       H   2 2   0.43E+02  0.22E+00  0.36E+00  0.86E+05  0.15E+02
     ------------------------------------------------------------

     alpha_pv=     33.7954 eV

     Number of occupied bands for each k-point:
     k-point:     1    nbnd_occ=  42
     k-point:     2    nbnd_occ=  42
     k-point:     3    nbnd_occ=  42
     k-point:     4    nbnd_occ=  42
     k-point:     5    nbnd_occ=  42
     k-point:     6    nbnd_occ=  42
     k-point:     7    nbnd_occ=  42
     k-point:     8    nbnd_occ=  42
     k-point:     9    nbnd_occ=  42
     k-point:    10    nbnd_occ=  42
     k-point:    11    nbnd_occ=  42
     k-point:    12    nbnd_occ=  42
     k-point:    13    nbnd_occ=  42
     k-point:    14    nbnd_occ=  42
     k-point:    15    nbnd_occ=  42
     k-point:    16    nbnd_occ=  42


     q-space interpolation up to   110.00 Rydberg

     GIPAW job: efg                                                                             


     ELECTRIC FIELD GRADIENTS TENSORS IN Hartree/bohrradius^2:

     ----- bare term -----
     Cl   1       -0.036310        0.038530       -0.066597
     Cl   1        0.038530        0.140351       -0.089511
     Cl   1       -0.066597       -0.089511       -0.104041

     C    2       -0.298146        0.212874       -0.320014
     C    2        0.212874       -0.088780       -0.499682
     C    2       -0.320014       -0.499682        0.386926

     C    3       -0.122658       -0.036125       -0.258013
     C    3       -0.036125       -0.124044       -0.664574
     C    3       -0.258013       -0.664574        0.246702

     H    4       -0.271707        0.178278       -0.550145
     H    4        0.178278        0.132499        0.067602
     H    4       -0.550145        0.067602        0.139207

     C    5       -0.203982        0.382183       -0.013804
     C    5        0.382183       -0.330773       -0.429691
     C    5       -0.013804       -0.429691        0.534755

     H    6        0.334315       -0.109921       -0.315396
     H    6       -0.109921       -0.093303       -0.481683
     H    6       -0.315396       -0.481683       -0.241012

     H    7        0.414428        0.310418        0.058748
     H    7        0.310418       -0.735132       -0.008297
     H    7        0.058748       -0.008297        0.320705

     C    8       -0.090860       -0.459428       -0.177415
     C    8       -0.459428       -0.216421        0.442972
     C    8       -0.177415        0.442972        0.307281

     H    9       -0.581284        0.344437       -0.286052
     H    9        0.344437        0.305628        0.137310
     H    9       -0.286052        0.137310        0.275657

     C   10       -0.425752       -0.371578       -0.317388
     C   10       -0.371578        0.069019        0.404082
     C   10       -0.317388        0.404082        0.356733

     C   11       -0.064122       -0.000615       -0.324100
     C   11       -0.000615       -0.172786        0.547599
     C   11       -0.324100        0.547599        0.236908

     Cl  12       -0.088418       -0.070119       -0.075115
     Cl  12       -0.070119       -0.055658       -0.011024
     Cl  12       -0.075115       -0.011024        0.144077

     H   13        0.379370       -0.124466       -0.041138
     H   13       -0.124466       -0.598669       -0.394512
     H   13       -0.041138       -0.394512        0.219299

     C   14       -0.367605        0.153085       -0.366344
     C   14        0.153085       -0.054224       -0.433358
     C   14       -0.366344       -0.433358        0.421829

     H   15       -0.406933       -0.149503       -0.530885
     H   15       -0.149503        0.288304       -0.160929
     H   15       -0.530885       -0.160929        0.118629

     C   16       -0.062099        0.363556       -0.132029
     C   16        0.363556       -0.361502       -0.516446
     C   16       -0.132029       -0.516446        0.423601

     C   17       -0.373657        0.014485       -0.322815
     C   17        0.014485        0.006798       -0.338003
     C   17       -0.322815       -0.338003        0.366859

     Cl  18       -0.014410        0.067375       -0.007351
     Cl  18        0.067375       -0.017558       -0.004603
     Cl  18       -0.007351       -0.004603        0.031968

     H   19        0.481002       -0.028452       -0.164517
     H   19       -0.028452       -0.613289       -0.025433
     H   19       -0.164517       -0.025433        0.132287

     C   20       -0.617261       -0.248414       -0.406382
     C   20       -0.248414        0.040247        0.224026
     C   20       -0.406382        0.224026        0.577014

     H   21       -0.516215        0.370875       -0.191656
     H   21        0.370875        0.290924        0.072354
     H   21       -0.191656        0.072354        0.225290

     C   22       -0.171776       -0.261798       -0.247742
     C   22       -0.261798       -0.347764        0.516067
     C   22       -0.247742        0.516067        0.519540

     C   23       -0.280373       -0.116743       -0.434708
     C   23       -0.116743        0.045704        0.392812
     C   23       -0.434708        0.392812        0.234669

     Cl  24       -0.033740       -0.125104        0.071413
     Cl  24       -0.125104        0.040422       -0.111269
     Cl  24        0.071413       -0.111269       -0.006681

     ----- ionic term -----
     Cl   1        0.091253       -0.196979        0.003172
     Cl   1       -0.196979        0.042502        0.004781
     Cl   1        0.003172        0.004781       -0.133755

     C    2        0.109479       -0.152301        0.310645
     C    2       -0.152301        0.164190        0.403746
     C    2        0.310645        0.403746       -0.273669

     C    3        0.083589       -0.213578        0.203135
     C    3       -0.213578        0.217943        0.395808
     C    3        0.203135        0.395808       -0.301532

     H    4        0.624186        0.170387        0.708294
     H    4        0.170387       -0.472162        0.179568
     H    4        0.708294        0.179568       -0.152025

     C    5        0.226684       -0.152077        0.283962
     C    5       -0.152077        0.045430        0.310386
     C    5        0.283962        0.310386       -0.272114

     H    6       -0.517270        0.145640        0.096970
     H    6        0.145640        0.552500        0.744546
     H    6        0.096970        0.744546       -0.035230

     H    7       -0.508655       -0.089104        0.030015
     H    7       -0.089104        0.912759       -0.478115
     H    7        0.030015       -0.478115       -0.404105

     C    8        0.295457        0.227866        0.208907
     C    8        0.227866        0.174376       -0.255842
     C    8        0.208907       -0.255842       -0.469833

     H    9        0.682906       -0.217897        0.667467
     H    9       -0.217897       -0.455295       -0.187069
     H    9        0.667467       -0.187069       -0.227612

     C   10        0.198009        0.272245        0.184003
     C   10        0.272245        0.242448       -0.342933
     C   10        0.184003       -0.342933       -0.440457

     C   11        0.233133        0.104552        0.295741
     C   11        0.104552        0.195243       -0.359226
     C   11        0.295741       -0.359226       -0.428376

     Cl  12        0.125202        0.202879        0.022972
     Cl  12        0.202879        0.035525        0.010307
     Cl  12        0.022972        0.010307       -0.160727

     H   13       -0.503039        0.134348        0.091903
     H   13        0.134348        0.680685        0.673973
     H   13        0.091903        0.673973       -0.177645

     C   14        0.219273       -0.181326        0.297302
     C   14       -0.181326        0.075053        0.284502
     C   14        0.297302        0.284502       -0.294326

     H   15        0.544939        0.245424        0.715632
     H   15        0.245424       -0.440950        0.240333
     H   15        0.715632        0.240333       -0.103988

     C   16        0.089737       -0.225614        0.210963
     C   16       -0.225614        0.177147        0.391000
     C   16        0.210963        0.391000       -0.266884

     C   17        0.227893       -0.178785        0.326475
     C   17       -0.178785        0.053056        0.367782
     C   17        0.326475        0.367782       -0.280949

     Cl  18        0.152527       -0.208470        0.026521
     Cl  18       -0.208470        0.000863       -0.004925
     Cl  18        0.026521       -0.004925       -0.153389

     H   19       -0.496563        0.001773        0.019888
     H   19        0.001773        0.957606       -0.417129
     H   19        0.019888       -0.417129       -0.461043

     C   20        0.371057        0.173696        0.251428
     C   20        0.173696        0.108544       -0.242927
     C   20        0.251428       -0.242927       -0.479601

     H   21        0.658218       -0.376082        0.616048
     H   21       -0.376082       -0.385052       -0.238389
     H   21        0.616048       -0.238389       -0.273166

     C   22        0.239439        0.166582        0.186863
     C   22        0.166582        0.190785       -0.314086
     C   22        0.186863       -0.314086       -0.430223

     C   23        0.211243        0.117669        0.230485
     C   23        0.117669        0.194376       -0.343182
     C   23        0.230485       -0.343182       -0.405620

     Cl  24        0.130582        0.200849       -0.004395
     Cl  24        0.200849        0.022144       -0.010618
     Cl  24       -0.004395       -0.010618       -0.152726

     ----- GIPAW term -----
     Cl   1        0.214266       -1.280238       -0.440812
     Cl   1       -1.280238        2.116828       -1.171720
     Cl   1       -0.440812       -1.171720       -2.331095

     C    2       -0.050995       -0.084726       -0.044798
     C    2       -0.084726        0.042156       -0.175693
     C    2       -0.044798       -0.175693        0.008839

     C    3       -0.076994       -0.120170       -0.008632
     C    3       -0.120170        0.064630       -0.202641
     C    3       -0.008632       -0.202641        0.012364

     H    4       -0.000000        0.000000        0.000000
     H    4        0.000000        0.000000        0.000000
     H    4        0.000000        0.000000        0.000000

     C    5       -0.013126        0.051709        0.131502
     C    5        0.051709       -0.168826       -0.104089
     C    5        0.131502       -0.104089        0.181952

     H    6       -0.000000        0.000000        0.000000
     H    6        0.000000        0.000000        0.000000
     H    6        0.000000        0.000000        0.000000

     H    7       -0.000000        0.000000        0.000000
     H    7        0.000000        0.000000        0.000000
     H    7        0.000000        0.000000        0.000000

     C    8        0.053740       -0.220097       -0.024941
     C    8       -0.220097        0.003747        0.109337
     C    8       -0.024941        0.109337       -0.057486

     H    9       -0.000000        0.000000        0.000000
     H    9        0.000000        0.000000        0.000000
     H    9        0.000000        0.000000        0.000000

     C   10       -0.132428       -0.135391       -0.104264
     C   10       -0.135391        0.142451        0.111564
     C   10       -0.104264        0.111564       -0.010023

     C   11        0.051205        0.130124       -0.053079
     C   11        0.130124        0.018243        0.054219
     C   11       -0.053079        0.054219       -0.069448

     Cl  12        0.904935        2.021443       -0.587016
     Cl  12        2.021443       -0.296814       -0.096530
     Cl  12       -0.587016       -0.096530       -0.608122

     H   13       -0.000000        0.000000        0.000000
     H   13        0.000000        0.000000        0.000000
     H   13        0.000000        0.000000        0.000000

     C   14       -0.049373        0.008900       -0.047928
     C   14        0.008900       -0.021202       -0.110901
     C   14       -0.047928       -0.110901        0.070576

     H   15       -0.000000        0.000000        0.000000
     H   15        0.000000        0.000000        0.000000
     H   15        0.000000        0.000000        0.000000

     C   16       -0.031036        0.080054        0.004695
     C   16        0.080054       -0.040542       -0.028419
     C   16        0.004695       -0.028419        0.071579

     C   17       -0.004502       -0.076441        0.046327
     C   17       -0.076441       -0.033192        0.030495
     C   17        0.046327        0.030495        0.037694

     Cl  18        1.476227       -2.012268       -0.071482
     Cl  18       -2.012268        0.004488       -0.031821
     Cl  18       -0.071482       -0.031821       -1.480715

     H   19       -0.000000        0.000000        0.000000
     H   19        0.000000        0.000000        0.000000
     H   19        0.000000        0.000000        0.000000

     C   20       -0.150120       -0.037274       -0.061822
     C   20       -0.037274       -0.028005       -0.017862
     C   20       -0.061822       -0.017862        0.178125

     H   21       -0.000000        0.000000        0.000000
     H   21        0.000000        0.000000        0.000000
     H   21        0.000000        0.000000        0.000000

     C   22       -0.079736       -0.035749       -0.097908
     C   22       -0.035749       -0.099309        0.095887
     C   22       -0.097908        0.095887        0.179045

     C   23        0.038150        0.035615       -0.064419
     C   23        0.035615        0.062419        0.035635
     C   23       -0.064419        0.035635       -0.100569

     Cl  24        1.016073        1.015167        0.641410
     Cl  24        1.015167        0.534812       -0.998170
     Cl  24        0.641410       -0.998170       -1.550884

     ----- total EFG -----
     Cl   1        0.269210       -1.438687       -0.504237
     Cl   1       -1.438687        2.299681       -1.256450
     Cl   1       -0.504237       -1.256450       -2.568891

     C    2       -0.239662       -0.024153       -0.054167
     C    2       -0.024153        0.117567       -0.271629
     C    2       -0.054167       -0.271629        0.122095

     C    3       -0.116063       -0.369873       -0.063509
     C    3       -0.369873        0.158529       -0.471407
     C    3       -0.063509       -0.471407       -0.042466

     H    4        0.352480        0.348665        0.158149
     H    4        0.348665       -0.339662        0.247170
     H    4        0.158149        0.247170       -0.012818

     C    5        0.009576        0.281815        0.401660
     C    5        0.281815       -0.454169       -0.223394
     C    5        0.401660       -0.223394        0.444594

     H    6       -0.182955        0.035719       -0.218427
     H    6        0.035719        0.459197        0.262863
     H    6       -0.218427        0.262863       -0.276243

     H    7       -0.094227        0.221314        0.088762
     H    7        0.221314        0.177627       -0.486412
     H    7        0.088762       -0.486412       -0.083400

     C    8        0.258337       -0.451659        0.006551
     C    8       -0.451659       -0.038298        0.296467
     C    8        0.006551        0.296467       -0.220039

     H    9        0.101622        0.126540        0.381415
     H    9        0.126540       -0.149667       -0.049759
     H    9        0.381415       -0.049759        0.048045

     C   10       -0.360171       -0.234724       -0.237650
     C   10       -0.234724        0.453918        0.172713
     C   10       -0.237650        0.172713       -0.093747

     C   11        0.220216        0.234061       -0.081439
     C   11        0.234061        0.040700        0.242591
     C   11       -0.081439        0.242591       -0.260916

     Cl  12        0.941719        2.154203       -0.639159
     Cl  12        2.154203       -0.316947       -0.097248
     Cl  12       -0.639159       -0.097248       -0.624772

     H   13       -0.123670        0.009882        0.050765
     H   13        0.009882        0.082016        0.279461
     H   13        0.050765        0.279461        0.041654

     C   14       -0.197705       -0.019341       -0.116970
     C   14       -0.019341       -0.000373       -0.259757
     C   14       -0.116970       -0.259757        0.198078

     H   15        0.138006        0.095921        0.184748
     H   15        0.095921       -0.152647        0.079404
     H   15        0.184748        0.079404        0.014641

     C   16       -0.003398        0.217997        0.083629
     C   16        0.217997       -0.224898       -0.153865
     C   16        0.083629       -0.153865        0.228296

     C   17       -0.150266       -0.240741        0.049987
     C   17       -0.240741        0.026661        0.060275
     C   17        0.049987        0.060275        0.123604

     Cl  18        1.614344       -2.153363       -0.052313
     Cl  18       -2.153363       -0.012208       -0.041349
     Cl  18       -0.052313       -0.041349       -1.602136

     H   19       -0.015561       -0.026679       -0.144629
     H   19       -0.026679        0.344317       -0.442562
     H   19       -0.144629       -0.442562       -0.328756

     C   20       -0.396325       -0.111991       -0.216775
     C   20       -0.111991        0.120786       -0.036764
     C   20       -0.216775       -0.036764        0.275539

     H   21        0.142003       -0.005206        0.424392
     H   21       -0.005206       -0.094127       -0.166035
     H   21        0.424392       -0.166035       -0.047876

     C   22       -0.012073       -0.130965       -0.158787
     C   22       -0.130965       -0.256288        0.297868
     C   22       -0.158787        0.297868        0.268361

     C   23       -0.030979        0.036541       -0.268641
     C   23        0.036541        0.302500        0.085266
     C   23       -0.268641        0.085266       -0.271520

     Cl  24        1.112914        1.090912        0.708428
     Cl  24        1.090912        0.597377       -1.120057
     Cl  24        0.708428       -1.120057       -1.710292

     ----- total EFG (symmetrized) -----
     Cl   1        0.269210       -1.438687       -0.504237
     Cl   1       -1.438687        2.299681       -1.256450
     Cl   1       -0.504237       -1.256450       -2.568891

     C    2       -0.239662       -0.024153       -0.054167
     C    2       -0.024153        0.117567       -0.271629
     C    2       -0.054167       -0.271629        0.122095

     C    3       -0.116063       -0.369873       -0.063509
     C    3       -0.369873        0.158529       -0.471407
     C    3       -0.063509       -0.471407       -0.042466

     H    4        0.352480        0.348665        0.158149
     H    4        0.348665       -0.339662        0.247170
     H    4        0.158149        0.247170       -0.012818

     C    5        0.009576        0.281815        0.401660
     C    5        0.281815       -0.454169       -0.223394
     C    5        0.401660       -0.223394        0.444594

     H    6       -0.182955        0.035719       -0.218427
     H    6        0.035719        0.459197        0.262863
     H    6       -0.218427        0.262863       -0.276243

     H    7       -0.094227        0.221314        0.088762
     H    7        0.221314        0.177627       -0.486412
     H    7        0.088762       -0.486412       -0.083400

     C    8        0.258337       -0.451659        0.006551
     C    8       -0.451659       -0.038298        0.296467
     C    8        0.006551        0.296467       -0.220039

     H    9        0.101622        0.126540        0.381415
     H    9        0.126540       -0.149667       -0.049759
     H    9        0.381415       -0.049759        0.048045

     C   10       -0.360171       -0.234724       -0.237650
     C   10       -0.234724        0.453918        0.172713
     C   10       -0.237650        0.172713       -0.093747

     C   11        0.220216        0.234061       -0.081439
     C   11        0.234061        0.040700        0.242591
     C   11       -0.081439        0.242591       -0.260916

     Cl  12        0.941719        2.154203       -0.639159
     Cl  12        2.154203       -0.316947       -0.097248
     Cl  12       -0.639159       -0.097248       -0.624772

     H   13       -0.123670        0.009882        0.050765
     H   13        0.009882        0.082016        0.279461
     H   13        0.050765        0.279461        0.041654

     C   14       -0.197705       -0.019341       -0.116970
     C   14       -0.019341       -0.000373       -0.259757
     C   14       -0.116970       -0.259757        0.198078

     H   15        0.138006        0.095921        0.184748
     H   15        0.095921       -0.152647        0.079404
     H   15        0.184748        0.079404        0.014641

     C   16       -0.003398        0.217997        0.083629
     C   16        0.217997       -0.224898       -0.153865
     C   16        0.083629       -0.153865        0.228296

     C   17       -0.150266       -0.240741        0.049987
     C   17       -0.240741        0.026661        0.060275
     C   17        0.049987        0.060275        0.123604

     Cl  18        1.614344       -2.153363       -0.052313
     Cl  18       -2.153363       -0.012208       -0.041349
     Cl  18       -0.052313       -0.041349       -1.602136

     H   19       -0.015561       -0.026679       -0.144629
     H   19       -0.026679        0.344317       -0.442562
     H   19       -0.144629       -0.442562       -0.328756

     C   20       -0.396325       -0.111991       -0.216775
     C   20       -0.111991        0.120786       -0.036764
     C   20       -0.216775       -0.036764        0.275539

     H   21        0.142003       -0.005206        0.424392
     H   21       -0.005206       -0.094127       -0.166035
     H   21        0.424392       -0.166035       -0.047876

     C   22       -0.012073       -0.130965       -0.158787
     C   22       -0.130965       -0.256288        0.297868
     C   22       -0.158787        0.297868        0.268361

     C   23       -0.030979        0.036541       -0.268641
     C   23        0.036541        0.302500        0.085266
     C   23       -0.268641        0.085266       -0.271520

     Cl  24        1.112914        1.090912        0.708428
     Cl  24        1.090912        0.597377       -1.120057
     Cl  24        0.708428       -1.120057       -1.710292


     NQR/NMR SPECTROSCOPIC PARAMETERS:
     Cl   1    Vxx=   -0.0905    axis=(  0.872373  0.340929 -0.350332)
     Cl   1    Vyy=   -3.0974    axis=(  0.259634  0.284079  0.922979)
     Cl   1    Vzz=    3.1880    axis=(  0.414192 -0.896140  0.159306)
     Cl   1  Q=        -8.1650 1e-30 m^2  Cq=       -61.1600 MHz  eta= 0.94320

     C    2    Vxx=   -0.1253    axis=( -0.432428  0.652742  0.622040)
     C    2    Vyy=   -0.2669    axis=( -0.901018 -0.286625 -0.325595)
     C    2    Vzz=    0.3922    axis=( -0.034237 -0.701266  0.712077)
     C    2  Q=         1.0000 1e-30 m^2  Cq=         0.9215 MHz  eta= 0.36113

     C    3    Vxx=   -0.0251    axis=( -0.768802  0.080176  0.634441)
     C    3    Vyy=   -0.6062    axis=(  0.538917  0.615314  0.575289)
     C    3    Vzz=    0.6312    axis=(  0.344256 -0.784194  0.516263)
     C    3  Q=         1.0000 1e-30 m^2  Cq=         1.4832 MHz  eta= 0.92054

     H    4    Vxx=   -0.0533    axis=( -0.477330  0.163967  0.863291)
     H    4    Vyy=   -0.5438    axis=( -0.290741  0.897633 -0.331246)
     H    4    Vzz=    0.5971    axis=( -0.829232 -0.409108 -0.380795)
     H    4  Q=         1.0000 1e-30 m^2  Cq=         1.4030 MHz  eta= 0.82143

     C    5    Vxx=    0.0306    axis=(  0.715239  0.589121 -0.375992)
     C    5    Vyy=    0.6861    axis=( -0.495197  0.047562 -0.867478)
     C    5    Vzz=   -0.7167    axis=( -0.493167  0.806644  0.325749)
     C    5  Q=         1.0000 1e-30 m^2  Cq=        -1.6839 MHz  eta= 0.91474

     H    6    Vxx=   -0.0368    axis=(  0.827508  0.215234 -0.518561)
     H    6    Vyy=   -0.5083    axis=( -0.559368  0.236505 -0.794464)
     H    6    Vzz=    0.5451    axis=( -0.048353  0.947491  0.316105)
     H    6  Q=         1.0000 1e-30 m^2  Cq=         1.2807 MHz  eta= 0.86502

     H    7    Vxx=   -0.0229    axis=(  0.887790  0.106352  0.447792)
     H    7    Vyy=   -0.5513    axis=( -0.419188  0.588546  0.691299)
     H    7    Vzz=    0.5743    axis=( -0.190025 -0.801438  0.567087)
     H    7  Q=         1.0000 1e-30 m^2  Cq=         1.3493 MHz  eta= 0.92009

     C    8    Vxx=   -0.0653    axis=(  0.522370  0.385383  0.760664)
     C    8    Vyy=   -0.5564    axis=( -0.386434 -0.688200  0.614044)
     C    8    Vzz=    0.6218    axis=( -0.760131  0.614704  0.210570)
     C    8  Q=         1.0000 1e-30 m^2  Cq=         1.4609 MHz  eta= 0.78983

     H    9    Vxx=   -0.0876    axis=(  0.262232  0.869518 -0.418537)
     H    9    Vyy=   -0.3754    axis=( -0.621170  0.484009  0.616346)
     H    9    Vzz=    0.4630    axis=( -0.738500 -0.098357 -0.667041)
     H    9  Q=         1.0000 1e-30 m^2  Cq=         1.0878 MHz  eta= 0.62178

     C   10    Vxx=   -0.0810    axis=( -0.353132 -0.424217  0.833869)
     C   10    Vyy=   -0.5152    axis=( -0.885743 -0.135407 -0.443987)
     C   10    Vzz=    0.5961    axis=( -0.301259  0.895380  0.327931)
     C   10  Q=         1.0000 1e-30 m^2  Cq=         1.4007 MHz  eta= 0.72835

     C   11    Vxx=    0.0599    axis=( -0.559060  0.586825  0.585738)
     C   11    Vyy=    0.3904    axis=( -0.779672 -0.612415 -0.130610)
     C   11    Vzz=   -0.4503    axis=(  0.282069 -0.529702  0.799908)
     C   11  Q=         1.0000 1e-30 m^2  Cq=        -1.0580 MHz  eta= 0.73414

     Cl  12    Vxx=   -0.6529    axis=( -0.001223  0.285279  0.958444)
     Cl  12    Vyy=   -2.0033    axis=(  0.606591 -0.761765  0.227512)
     Cl  12    Vzz=    2.6562    axis=(  0.795013  0.581661 -0.172116)
     Cl  12  Q=        -8.1650 1e-30 m^2  Cq=       -50.9576 MHz  eta= 0.50839

     H   13    Vxx=   -0.1182    axis=(  0.953187 -0.260746  0.153119)
     H   13    Vyy=   -0.2275    axis=( -0.288977 -0.636412  0.715173)
     H   13    Vzz=    0.3458    axis=(  0.089032  0.725941  0.681970)
     H   13  Q=         1.0000 1e-30 m^2  Cq=         0.8124 MHz  eta= 0.31619

     C   14    Vxx=   -0.1120    axis=( -0.629030  0.696169  0.345933)
     C   14    Vyy=   -0.2776    axis=( -0.763406 -0.469191 -0.443926)
     C   14    Vzz=    0.3896    axis=( -0.146739 -0.543330  0.826595)
     C   14  Q=         1.0000 1e-30 m^2  Cq=         0.9154 MHz  eta= 0.42517

     H   15    Vxx=   -0.1175    axis=( -0.609311  0.110931  0.785133)
     H   15    Vyy=   -0.1873    axis=(  0.142795 -0.958627  0.246261)
     H   15    Vzz=    0.3048    axis=(  0.779968  0.262162  0.568262)
     H   15  Q=         1.0000 1e-30 m^2  Cq=         0.7163 MHz  eta= 0.22902

     C   16    Vxx=    0.1298    axis=(  0.861435  0.504662  0.056970)
     C   16    Vyy=    0.2770    axis=( -0.087053  0.257241 -0.962418)
     C   16    Vzz=   -0.4068    axis=( -0.500351  0.824102  0.265529)
     C   16  Q=         1.0000 1e-30 m^2  Cq=        -0.9559 MHz  eta= 0.36168

     C   17    Vxx=    0.1297    axis=(  0.302271 -0.156222  0.940334)
     C   17    Vyy=    0.2012    axis=(  0.510226 -0.806747 -0.298041)
     C   17    Vzz=   -0.3308    axis=(  0.805172  0.569871 -0.164148)
     C   17  Q=         1.0000 1e-30 m^2  Cq=        -0.7774 MHz  eta= 0.21619

     Cl  18    Vxx=   -1.4700    axis=(  0.510656  0.741986 -0.434382)
     Cl  18    Vyy=   -1.6330    axis=(  0.250059  0.355212  0.900719)
     Cl  18    Vzz=    3.1030    axis=( -0.822618  0.568579  0.004149)
     Cl  18  Q=        -8.1650 1e-30 m^2  Cq=       -59.5290 MHz  eta= 0.05252

     H   19    Vxx=    0.0169    axis=(  0.967603 -0.171538 -0.185255)
     H   19    Vyy=    0.5666    axis=(  0.071319  0.889570 -0.451197)
     H   19    Vzz=   -0.5835    axis=(  0.242195  0.423368  0.872984)
     H   19  Q=         1.0000 1e-30 m^2  Cq=        -1.3710 MHz  eta= 0.94222

     C   20    Vxx=    0.1437    axis=(  0.188766 -0.981335  0.036730)
     C   20    Vyy=    0.3395    axis=(  0.280043  0.017943 -0.959820)
     C   20    Vzz=   -0.4832    axis=(  0.941246  0.191467  0.278203)
     C   20  Q=         1.0000 1e-30 m^2  Cq=        -1.1353 MHz  eta= 0.40517

     H   21    Vxx=   -0.0658    axis=(  0.365318  0.915662 -0.167649)
     H   21    Vyy=   -0.4363    axis=( -0.550419  0.357717  0.754373)
     H   21    Vzz=    0.5021    axis=( -0.750721  0.183309 -0.634678)
     H   21  Q=         1.0000 1e-30 m^2  Cq=         1.1797 MHz  eta= 0.73786

     C   22    Vxx=   -0.0837    axis=(  0.913835  0.007299  0.406019)
     C   22    Vyy=   -0.3995    axis=( -0.157433 -0.915275  0.370792)
     C   22    Vzz=    0.4832    axis=( -0.374326  0.402764  0.835261)
     C   22  Q=         1.0000 1e-30 m^2  Cq=         1.1352 MHz  eta= 0.65366

     C   23    Vxx=    0.1417    axis=( -0.843357 -0.089312  0.529880)
     C   23    Vyy=    0.3149    axis=(  0.011172 -0.988792 -0.148882)
     C   23    Vzz=   -0.4566    axis=(  0.537238 -0.119641  0.834902)
     C   23  Q=         1.0000 1e-30 m^2  Cq=        -1.0728 MHz  eta= 0.37943

     Cl  24    Vxx=    0.5114    axis=( -0.571745  0.644742 -0.507361)
     Cl  24    Vyy=    1.9828    axis=( -0.765669 -0.641466  0.047673)
     Cl  24    Vzz=   -2.4941    axis=( -0.294719  0.415727  0.860414)
     Cl  24  Q=        -8.1650 1e-30 m^2  Cq=        47.8486 MHz  eta= 0.58994

     Initialization:
     gipaw_setup  :     11.46s CPU     15.15s WALL (       1 calls)

     Linear response

     Apply operators

     Induced current

     Other routines
     efg          :      9.16s CPU     12.17s WALL (       1 calls)

     General routines
     calbec       :      3.21s CPU      4.74s WALL (      16 calls)
     fft          :      1.46s CPU      2.09s WALL (      15 calls)
     ffts         :      0.06s CPU      0.12s WALL (       2 calls)
     fftw         :      3.12s CPU      3.95s WALL (     672 calls)
     davcio       :      0.02s CPU      0.33s WALL (      32 calls)

     Parallel routines
     fft_scatter  :      2.14s CPU      3.40s WALL (     689 calls)

     Plugins

     GIPAW        :     66.46s CPU     79.60s WALL (       1 calls)
