
     Program QE v.6.0 (svn rev. 13079) starts on 29Dec2016 at 16:24:40 

     This program is part of the open-source Quantum ESPRESSO suite
     for quantum simulation of materials; please cite
         "P. Giannozzi et al., J. Phys.:Condens. Matter 21 395502 (2009);
          URL http://www.quantum-espresso.org", 
     in publications or presentations arising from this work. More details at
     http://www.quantum-espresso.org/quote

     Parallel version (MPI), running on     8 processors
     R & G space division:  proc/nbgrp/npool/nimage =       8

     ***** This is GIPAW svn revision unknown      *****

     Parallelizing q-star over 1 images

     Reading data from directory:
     /users/majewski/paradichlorobenzene/pbe/9_constraint/scratch/pbe.ecut100.np8.dt60.pcl2phi-129368.save
     Message from routine read_xml_file:
     file /users/majewski/paradichlorobenzene/pbe/9_constraint/scratch/pbe.ecut100.np8.dt60.pcl2phi-129368.save not guaranteed to be safe for post-processing

   Info: using nr1, nr2, nr3 values from input

   Info: using nr1, nr2, nr3 values from input

     IMPORTANT: XC functional enforced from input :
     Exchange-correlation      =  SLA  PW   PBX  PBC ( 1  4  3  4 0 0)
     Any further DFT definition will be discarded
     Please, verify this is what you really want

               file C.pbe-n-kjpaw_psl.1.0.0.UPF: wavefunction(s)  2S 2P renormalized
               file Cl.pbe-n-kjpaw_psl.1.0.0.UPF: wavefunction(s)  3S 3P renormalized
               file H.pbe-kjpaw_psl.1.0.0.UPF: wavefunction(s)  1S renormalized

     Parallelization info
     --------------------
     sticks:   dense  smooth     PW     G-vecs:    dense   smooth      PW
     Min        3057    1223    332               144436    36536    5170
     Max        3059    1225    333               144437    36537    5171
     Sum       24467    9791   2657              1155489   292295   41363


     Subspace diagonalization in iterative solution of the eigenvalue problem:
     a serial algorithm will be used

     GIPAW projectors -----------------------------------------------
     atom=  C    l=0  rc=    1.2000  rs=    0.8000
     atom=  C    l=0  rc=    1.2000  rs=    0.8000
     atom=  C    l=1  rc=    1.4000  rs=    0.9333
     atom=  C    l=1  rc=    1.4000  rs=    0.9333
     projs nearly linearly dependent: l=1  n1,n2= 1, 2  s=  0.99951561

     atom=  Cl   l=0  rc=    1.6000  rs=    1.0667
     atom=  Cl   l=0  rc=    1.6000  rs=    1.0667
     atom=  Cl   l=1  rc=    1.6000  rs=    1.0667
     atom=  Cl   l=1  rc=    1.6000  rs=    1.0667
     atom=  Cl   l=2  rc=    1.6000  rs=    1.0667
     atom=  Cl   l=2  rc=    1.6000  rs=    1.0667
     projs nearly linearly dependent: l=2  n1,n2= 1, 2  s=  0.99993509

     atom=  H    l=0  rc=    1.0000  rs=    0.6667
     atom=  H    l=0  rc=    1.0000  rs=    0.6667
     projs nearly linearly dependent: l=0  n1,n2= 1, 2  s=  0.99968852
     -----------------------------------------------------------------

     GIPAW integrals: -------------------------------------------
     Atom  i/j   nmr_para   nmr_dia   epr_rmc  epr_para   epr_dia
       C   1 1   0.83E+03  0.17E-01  0.93E+01  0.24E+08  0.24E+03
       C   2 1   0.86E+03 -0.61E-01  0.94E+01  0.25E+08  0.25E+03
       C   2 2   0.90E+03 -0.15E+00  0.97E+01  0.26E+08  0.26E+03
       C   3 3   0.33E+01  0.34E+00  0.18E+01  0.55E+03  0.21E+02
       C   4 3   0.35E+01  0.37E+00  0.20E+01  0.59E+03  0.22E+02
       C   4 4   0.38E+01  0.39E+00  0.22E+01  0.63E+03  0.24E+02
       Cl  1 1   0.14E+04 -0.47E+00  0.84E+01  0.32E+09  0.42E+03
       Cl  2 1   0.21E+04 -0.37E+00  0.12E+02  0.49E+09  0.65E+03
       Cl  2 2   0.33E+04 -0.16E+00  0.21E+02  0.76E+09  0.10E+04
       Cl  3 3   0.21E+02  0.79E-01  0.89E+01  0.23E+05  0.13E+03
       Cl  4 3   0.24E+02  0.67E-01  0.99E+01  0.27E+05  0.15E+03
       Cl  4 4   0.28E+02  0.44E-01  0.11E+02  0.32E+05  0.18E+03
       Cl  5 5   0.77E+00  0.19E+00  0.18E+01  0.12E+03  0.22E+02
       Cl  6 5   0.80E+00  0.19E+00  0.19E+01  0.12E+03  0.23E+02
       Cl  6 6   0.83E+00  0.20E+00  0.19E+01  0.12E+03  0.23E+02
       H   1 1   0.39E+02  0.19E+00  0.29E+00  0.78E+05  0.13E+02
       H   2 1   0.41E+02  0.21E+00  0.32E+00  0.82E+05  0.14E+02
       H   2 2   0.43E+02  0.22E+00  0.36E+00  0.86E+05  0.15E+02
     ------------------------------------------------------------

     alpha_pv=     33.5175 eV

     Number of occupied bands for each k-point:
     k-point:     1    nbnd_occ=  42
     k-point:     2    nbnd_occ=  42
     k-point:     3    nbnd_occ=  42
     k-point:     4    nbnd_occ=  42
     k-point:     5    nbnd_occ=  42
     k-point:     6    nbnd_occ=  42
     k-point:     7    nbnd_occ=  42
     k-point:     8    nbnd_occ=  42
     k-point:     9    nbnd_occ=  42
     k-point:    10    nbnd_occ=  42
     k-point:    11    nbnd_occ=  42
     k-point:    12    nbnd_occ=  42
     k-point:    13    nbnd_occ=  42
     k-point:    14    nbnd_occ=  42
     k-point:    15    nbnd_occ=  42
     k-point:    16    nbnd_occ=  42


     q-space interpolation up to   110.00 Rydberg

     GIPAW job: efg                                                                             


     ELECTRIC FIELD GRADIENTS TENSORS IN Hartree/bohrradius^2:

     ----- bare term -----
     Cl   1       -0.153576        0.144874       -0.060846
     Cl   1        0.144874        0.062842       -0.157209
     Cl   1       -0.060846       -0.157209        0.090734

     C    2        0.076335        0.265876       -0.014375
     C    2        0.265876       -0.069040       -0.560829
     C    2       -0.014375       -0.560829       -0.007295

     C    3       -0.291749        0.049575       -0.136419
     C    3        0.049575        0.027503        0.022835
     C    3       -0.136419        0.022835        0.264246

     H    4       -0.353179       -0.460517        0.061972
     H    4       -0.460517        0.042776        0.085754
     H    4        0.061972        0.085754        0.310403

     C    5        0.032111        0.078003        0.099139
     C    5        0.078003       -0.283138       -0.151852
     C    5        0.099139       -0.151852        0.251027

     H    6        0.224814       -0.427023        0.065614
     H    6       -0.427023       -0.570855       -0.002093
     H    6        0.065614       -0.002093        0.346040

     H    7        0.125416       -0.087584       -0.403974
     H    7       -0.087584       -0.159323        0.402675
     H    7       -0.403974        0.402675        0.033907

     C    8       -0.537787       -0.353901       -0.093787
     C    8       -0.353901        0.163576        0.211105
     C    8       -0.093787        0.211105        0.374211

     H    9       -0.476079       -0.293983       -0.288222
     H    9       -0.293983        0.108446        0.151634
     H    9       -0.288222        0.151634        0.367633

     C   10        0.103433        0.192457       -0.353047
     C   10        0.192457       -0.125340        0.632844
     C   10       -0.353047        0.632844        0.021906

     C   11       -0.665947       -0.427785       -0.260481
     C   11       -0.427785        0.241869        0.161414
     C   11       -0.260481        0.161414        0.424078

     Cl  12        0.023113       -0.065389        0.011561
     Cl  12       -0.065389       -0.012102       -0.025428
     Cl  12        0.011561       -0.025428       -0.011011

     H   13        0.416779       -0.054138       -0.051806
     H   13       -0.054138       -0.552662       -0.650985
     H   13       -0.051806       -0.650985        0.135883

     C   14       -0.837854        0.430950       -0.448243
     C   14        0.430950        0.485889       -0.043991
     C   14       -0.448243       -0.043991        0.351965

     H   15       -0.437921       -0.103395       -0.512184
     H   15       -0.103395        0.205313       -0.267716
     H   15       -0.512184       -0.267716        0.232607

     C   16        0.086804        0.365620       -0.029295
     C   16        0.365620       -0.238581       -0.538361
     C   16       -0.029295       -0.538361        0.151777

     C   17       -0.377299        0.280084       -0.472247
     C   17        0.280084        0.192796       -0.059724
     C   17       -0.472247       -0.059724        0.184503

     Cl  18       -0.033283        0.101483       -0.077994
     Cl  18        0.101483        0.121051       -0.091704
     Cl  18       -0.077994       -0.091704       -0.087768

     H   19        0.455394       -0.027376        0.073326
     H   19       -0.027376       -0.238578        0.649439
     H   19        0.073326        0.649439       -0.216816

     C   20       -0.096436        0.259741       -0.427417
     C   20        0.259741       -0.082691        0.399645
     C   20       -0.427417        0.399645        0.179126

     H   21        0.008297        0.066227       -0.231284
     H   21        0.066227        0.448625        0.366334
     H   21       -0.231284        0.366334       -0.456922

     C   22       -0.366684       -0.376508       -0.366692
     C   22       -0.376508       -0.024318        0.051901
     C   22       -0.366692        0.051901        0.391002

     C   23        0.023907        0.374869       -0.466671
     C   23        0.374869       -0.091109        0.615316
     C   23       -0.466671        0.615316        0.067202

     Cl  24       -0.286121       -0.228155       -0.083794
     Cl  24       -0.228155        0.074978       -0.129723
     Cl  24       -0.083794       -0.129723        0.211143

     ----- ionic term -----
     Cl   1        0.083970       -0.187494       -0.016279
     Cl   1       -0.187494        0.079797        0.014792
     Cl   1       -0.016279        0.014792       -0.163767

     C    2        0.175170       -0.106237        0.214083
     C    2       -0.106237        0.270531        0.379749
     C    2        0.214083        0.379749       -0.445702

     C    3        0.222585       -0.201792        0.142874
     C    3       -0.201792        0.260500        0.346641
     C    3        0.142874        0.346641       -0.483085

     H    4        0.832238        0.357255        0.460819
     H    4        0.357255       -0.402274        0.193766
     H    4        0.460819        0.193766       -0.429964

     C    5        0.355532       -0.162117        0.218870
     C    5       -0.162117        0.108400        0.285153
     C    5        0.218870        0.285153       -0.463932

     H    6       -0.521943        0.130477        0.051957
     H    6        0.130477        0.746805        0.645440
     H    6        0.051957        0.645440       -0.224862

     H    7       -0.513496       -0.156142        0.109173
     H    7       -0.156142        0.574726       -0.738562
     H    7        0.109173       -0.738562       -0.061230

     C    8        0.210670        0.212405        0.251429
     C    8        0.212405        0.060118       -0.284389
     C    8        0.251429       -0.284389       -0.270788

     H    9        0.734961       -0.322779        0.546353
     H    9       -0.322779       -0.406949       -0.199880
     H    9        0.546353       -0.199880       -0.328011

     C   10        0.130737        0.226045        0.166381
     C   10        0.226045        0.182361       -0.393122
     C   10        0.166381       -0.393122       -0.313098

     C   11        0.113318        0.202606        0.273612
     C   11        0.202606        0.112693       -0.412101
     C   11        0.273612       -0.412101       -0.226012

     Cl  12        0.126143        0.219876       -0.012697
     Cl  12        0.219876        0.024019       -0.011257
     Cl  12       -0.012697       -0.011257       -0.150162

     H   13       -0.479690        0.129386        0.091038
     H   13        0.129386        0.677944        0.665959
     H   13        0.091038        0.665959       -0.198255

     C   14        0.340744       -0.137268        0.232216
     C   14       -0.137268        0.086156        0.285870
     C   14        0.232216        0.285870       -0.426900

     H   15        0.595987        0.409192        0.619869
     H   15        0.409192       -0.319999        0.281650
     H   15        0.619869        0.281650       -0.275989

     C   16        0.180559       -0.145077        0.192643
     C   16       -0.145077        0.232388        0.351894
     C   16        0.192643        0.351894       -0.412947

     C   17        0.315974       -0.053798        0.275928
     C   17       -0.053798        0.112522        0.331133
     C   17        0.275928        0.331133       -0.428496

     Cl  18        0.168384       -0.198711        0.031048
     Cl  18       -0.198711       -0.025818       -0.005201
     Cl  18        0.031048       -0.005201       -0.142565

     H   19       -0.504085       -0.113346        0.119235
     H   19       -0.113346        0.445601       -0.772302
     H   19        0.119235       -0.772302        0.058485

     C   20        0.213836        0.235634        0.310907
     C   20        0.235634        0.021267       -0.285235
     C   20        0.310907       -0.285235       -0.235102

     H   21        0.405756       -0.151254        0.807995
     H   21       -0.151254       -0.505477       -0.210478
     H   21        0.807995       -0.210478        0.099721

     C   22        0.082756        0.330751        0.215572
     C   22        0.330751        0.123558       -0.360346
     C   22        0.215572       -0.360346       -0.206314

     C   23        0.190297        0.253393        0.252148
     C   23        0.253393        0.035402       -0.341992
     C   23        0.252148       -0.341992       -0.225699

     Cl  24        0.142272        0.195861        0.024881
     Cl  24        0.195861        0.002410        0.006264
     Cl  24        0.024881        0.006264       -0.144682

     ----- GIPAW term -----
     Cl   1        0.227446       -1.234323       -0.610042
     Cl   1       -1.234323        0.633677       -1.416921
     Cl   1       -0.610042       -1.416921       -0.861124

     C    2        0.012859        0.112410        0.003094
     C    2        0.112410        0.154205       -0.056989
     C    2        0.003094       -0.056989       -0.167064

     C    3       -0.017718        0.042423       -0.031924
     C    3        0.042423        0.042225        0.003386
     C    3       -0.031924        0.003386       -0.024507

     H    4       -0.000000        0.000000        0.000000
     H    4        0.000000        0.000000        0.000000
     H    4        0.000000        0.000000        0.000000

     C    5        0.011878        0.045241        0.020083
     C    5        0.045241        0.020089       -0.025974
     C    5        0.020083       -0.025974       -0.031966

     H    6       -0.000000        0.000000        0.000000
     H    6        0.000000        0.000000        0.000000
     H    6        0.000000        0.000000        0.000000

     H    7       -0.000000        0.000000        0.000000
     H    7        0.000000        0.000000        0.000000
     H    7        0.000000        0.000000        0.000000

     C    8       -0.034476        0.165531        0.048221
     C    8        0.165531        0.140054        0.036560
     C    8        0.048221        0.036560       -0.105579

     H    9       -0.000000        0.000000        0.000000
     H    9        0.000000        0.000000        0.000000
     H    9        0.000000        0.000000        0.000000

     C   10       -0.037494        0.164015       -0.043282
     C   10        0.164015        0.153863        0.066838
     C   10       -0.043282        0.066838       -0.116369

     C   11       -0.109596        0.138109       -0.029833
     C   11        0.138109        0.226938       -0.013554
     C   11       -0.029833       -0.013554       -0.117342

     Cl  12       -0.076600        1.848342       -0.125881
     Cl  12        1.848342        2.202224       -0.915852
     Cl  12       -0.125881       -0.915852       -2.125624

     H   13       -0.000000        0.000000        0.000000
     H   13        0.000000        0.000000        0.000000
     H   13        0.000000        0.000000        0.000000

     C   14       -0.170917        0.178207       -0.009027
     C   14        0.178207        0.239206        0.109078
     C   14       -0.009027        0.109078       -0.068289

     H   15       -0.000000        0.000000        0.000000
     H   15        0.000000        0.000000        0.000000
     H   15        0.000000        0.000000        0.000000

     C   16       -0.086547        0.129887        0.047111
     C   16        0.129887        0.196466        0.066199
     C   16        0.047111        0.066199       -0.109919

     C   17        0.015464        0.118870       -0.030021
     C   17        0.118870        0.098638        0.030830
     C   17       -0.030021        0.030830       -0.114101

     Cl  18        0.408166       -0.598439       -0.652579
     Cl  18       -0.598439        1.866856       -1.212619
     Cl  18       -0.652579       -1.212619       -2.275022

     H   19       -0.000000        0.000000        0.000000
     H   19        0.000000        0.000000        0.000000
     H   19        0.000000        0.000000        0.000000

     C   20       -0.047211        0.193317       -0.129256
     C   20        0.193317        0.089078       -0.072272
     C   20       -0.129256       -0.072272       -0.041868

     H   21       -0.000000        0.000000        0.000000
     H   21        0.000000        0.000000        0.000000
     H   21        0.000000        0.000000        0.000000

     C   22        0.002976        0.112667       -0.178764
     C   22        0.112667        0.003511       -0.130758
     C   22       -0.178764       -0.130758       -0.006487

     C   23        0.047531        0.289969       -0.101381
     C   23        0.289969        0.105264        0.021846
     C   23       -0.101381        0.021846       -0.152794

     Cl  24       -0.378634        1.762572       -0.796398
     Cl  24        1.762572        1.020012       -1.472820
     Cl  24       -0.796398       -1.472820       -0.641378

     ----- total EFG -----
     Cl   1        0.157840       -1.276943       -0.687168
     Cl   1       -1.276943        0.776317       -1.559338
     Cl   1       -0.687168       -1.559338       -0.934157

     C    2        0.264364        0.272048        0.202802
     C    2        0.272048        0.355697       -0.238068
     C    2        0.202802       -0.238068       -0.620061

     C    3       -0.086882       -0.109794       -0.025470
     C    3       -0.109794        0.330228        0.372861
     C    3       -0.025470        0.372861       -0.243346

     H    4        0.479059       -0.103262        0.522791
     H    4       -0.103262       -0.359499        0.279520
     H    4        0.522791        0.279520       -0.119561

     C    5        0.399521       -0.038872        0.338092
     C    5       -0.038872       -0.154650        0.107327
     C    5        0.338092        0.107327       -0.244872

     H    6       -0.297129       -0.296546        0.117571
     H    6       -0.296546        0.175951        0.643347
     H    6        0.117571        0.643347        0.121178

     H    7       -0.388080       -0.243726       -0.294801
     H    7       -0.243726        0.415403       -0.335887
     H    7       -0.294801       -0.335887       -0.027323

     C    8       -0.361593        0.024035        0.205864
     C    8        0.024035        0.363748       -0.036724
     C    8        0.205864       -0.036724       -0.002156

     H    9        0.258882       -0.616762        0.258131
     H    9       -0.616762       -0.298503       -0.048246
     H    9        0.258131       -0.048246        0.039621

     C   10        0.196676        0.582517       -0.229948
     C   10        0.582517        0.210884        0.306561
     C   10       -0.229948        0.306561       -0.407560

     C   11       -0.662225       -0.087070       -0.016702
     C   11       -0.087070        0.581501       -0.264241
     C   11       -0.016702       -0.264241        0.080724

     Cl  12        0.072656        2.002829       -0.127016
     Cl  12        2.002829        2.214140       -0.952537
     Cl  12       -0.127016       -0.952537       -2.286797

     H   13       -0.062910        0.075248        0.039232
     H   13        0.075248        0.125282        0.014974
     H   13        0.039232        0.014974       -0.062372

     C   14       -0.668027        0.471889       -0.225054
     C   14        0.471889        0.811251        0.350957
     C   14       -0.225054        0.350957       -0.143225

     H   15        0.158066        0.305797        0.107685
     H   15        0.305797       -0.114685        0.013934
     H   15        0.107685        0.013934       -0.043381

     C   16        0.180816        0.350430        0.210459
     C   16        0.350430        0.190273       -0.120268
     C   16        0.210459       -0.120268       -0.371088

     C   17       -0.045861        0.345156       -0.226340
     C   17        0.345156        0.403955        0.302239
     C   17       -0.226340        0.302239       -0.358094

     Cl  18        0.543267       -0.695667       -0.699525
     Cl  18       -0.695667        1.962089       -1.309525
     Cl  18       -0.699525       -1.309525       -2.505355

     H   19       -0.048691       -0.140721        0.192561
     H   19       -0.140721        0.207023       -0.122863
     H   19        0.192561       -0.122863       -0.158331

     C   20        0.070189        0.688692       -0.245767
     C   20        0.688692        0.027654        0.042139
     C   20       -0.245767        0.042139       -0.097844

     H   21        0.414053       -0.085027        0.576711
     H   21       -0.085027       -0.056852        0.155856
     H   21        0.576711        0.155856       -0.357201

     C   22       -0.280952        0.066909       -0.329884
     C   22        0.066909        0.102751       -0.439202
     C   22       -0.329884       -0.439202        0.178201

     C   23        0.261734        0.918231       -0.315905
     C   23        0.918231        0.049557        0.295171
     C   23       -0.315905        0.295171       -0.311291

     Cl  24       -0.522482        1.730279       -0.855311
     Cl  24        1.730279        1.097399       -1.596279
     Cl  24       -0.855311       -1.596279       -0.574917

     ----- total EFG (symmetrized) -----
     Cl   1        0.157840       -1.276943       -0.687168
     Cl   1       -1.276943        0.776317       -1.559338
     Cl   1       -0.687168       -1.559338       -0.934157

     C    2        0.264364        0.272048        0.202802
     C    2        0.272048        0.355697       -0.238068
     C    2        0.202802       -0.238068       -0.620061

     C    3       -0.086882       -0.109794       -0.025470
     C    3       -0.109794        0.330228        0.372861
     C    3       -0.025470        0.372861       -0.243346

     H    4        0.479059       -0.103262        0.522791
     H    4       -0.103262       -0.359499        0.279520
     H    4        0.522791        0.279520       -0.119561

     C    5        0.399521       -0.038872        0.338092
     C    5       -0.038872       -0.154650        0.107327
     C    5        0.338092        0.107327       -0.244872

     H    6       -0.297129       -0.296546        0.117571
     H    6       -0.296546        0.175951        0.643347
     H    6        0.117571        0.643347        0.121178

     H    7       -0.388080       -0.243726       -0.294801
     H    7       -0.243726        0.415403       -0.335887
     H    7       -0.294801       -0.335887       -0.027323

     C    8       -0.361593        0.024035        0.205864
     C    8        0.024035        0.363748       -0.036724
     C    8        0.205864       -0.036724       -0.002156

     H    9        0.258882       -0.616762        0.258131
     H    9       -0.616762       -0.298503       -0.048246
     H    9        0.258131       -0.048246        0.039621

     C   10        0.196676        0.582517       -0.229948
     C   10        0.582517        0.210884        0.306561
     C   10       -0.229948        0.306561       -0.407560

     C   11       -0.662225       -0.087070       -0.016702
     C   11       -0.087070        0.581501       -0.264241
     C   11       -0.016702       -0.264241        0.080724

     Cl  12        0.072656        2.002829       -0.127016
     Cl  12        2.002829        2.214140       -0.952537
     Cl  12       -0.127016       -0.952537       -2.286797

     H   13       -0.062910        0.075248        0.039232
     H   13        0.075248        0.125282        0.014974
     H   13        0.039232        0.014974       -0.062372

     C   14       -0.668027        0.471889       -0.225054
     C   14        0.471889        0.811251        0.350957
     C   14       -0.225054        0.350957       -0.143225

     H   15        0.158066        0.305797        0.107685
     H   15        0.305797       -0.114685        0.013934
     H   15        0.107685        0.013934       -0.043381

     C   16        0.180816        0.350430        0.210459
     C   16        0.350430        0.190273       -0.120268
     C   16        0.210459       -0.120268       -0.371088

     C   17       -0.045861        0.345156       -0.226340
     C   17        0.345156        0.403955        0.302239
     C   17       -0.226340        0.302239       -0.358094

     Cl  18        0.543267       -0.695667       -0.699525
     Cl  18       -0.695667        1.962089       -1.309525
     Cl  18       -0.699525       -1.309525       -2.505355

     H   19       -0.048691       -0.140721        0.192561
     H   19       -0.140721        0.207023       -0.122863
     H   19        0.192561       -0.122863       -0.158331

     C   20        0.070189        0.688692       -0.245767
     C   20        0.688692        0.027654        0.042139
     C   20       -0.245767        0.042139       -0.097844

     H   21        0.414053       -0.085027        0.576711
     H   21       -0.085027       -0.056852        0.155856
     H   21        0.576711        0.155856       -0.357201

     C   22       -0.280952        0.066909       -0.329884
     C   22        0.066909        0.102751       -0.439202
     C   22       -0.329884       -0.439202        0.178201

     C   23        0.261734        0.918231       -0.315905
     C   23        0.918231        0.049557        0.295171
     C   23       -0.315905        0.295171       -0.311291

     Cl  24       -0.522482        1.730279       -0.855311
     Cl  24        1.730279        1.097399       -1.596279
     Cl  24       -0.855311       -1.596279       -0.574917


     NQR/NMR SPECTROSCOPIC PARAMETERS:
     Cl   1    Vxx=    0.4059    axis=(  0.781816  0.170808 -0.599657)
     Cl   1    Vyy=    2.0688    axis=( -0.438040  0.834887 -0.333294)
     Cl   1    Vzz=   -2.4747    axis=(  0.443716  0.523248  0.727549)
     Cl   1  Q=        -8.1650 1e-30 m^2  Cq=        47.4761 MHz  eta= 0.67195

     C    2    Vxx=    0.1560    axis=( -0.737397  0.567235 -0.366728)
     C    2    Vyy=    0.5884    axis=(  0.624144  0.779779 -0.048876)
     C    2    Vzz=   -0.7443    axis=( -0.258243  0.264932  0.929043)
     C    2  Q=         1.0000 1e-30 m^2  Cq=        -1.7489 MHz  eta= 0.58095

     C    3    Vxx=   -0.1043    axis=(  0.981598  0.121865  0.147016)
     C    3    Vyy=   -0.4290    axis=(  0.077669  0.448533 -0.890385)
     C    3    Vzz=    0.5333    axis=( -0.174449  0.885419  0.430814)
     C    3  Q=         1.0000 1e-30 m^2  Cq=         1.2530 MHz  eta= 0.60873

     H    4    Vxx=   -0.0974    axis=(  0.372881 -0.741616 -0.557644)
     H    4    Vyy=   -0.6872    axis=(  0.352509  0.669151 -0.654198)
     H    4    Vzz=    0.7846    axis=(  0.858311  0.047363  0.510939)
     H    4  Q=         1.0000 1e-30 m^2  Cq=         1.8434 MHz  eta= 0.75171

     C    5    Vxx=   -0.1085    axis=(  0.156425 -0.926733 -0.341610)
     C    5    Vyy=   -0.4359    axis=(  0.362641  0.375600 -0.852887)
     C    5    Vzz=    0.5444    axis=(  0.918707  0.009531  0.394824)
     C    5  Q=         1.0000 1e-30 m^2  Cq=         1.2792 MHz  eta= 0.60131

     H    6    Vxx=   -0.1026    axis=( -0.798746  0.322619 -0.507860)
     H    6    Vyy=   -0.7068    axis=( -0.588257 -0.595971  0.546601)
     H    6    Vzz=    0.8094    axis=( -0.126326  0.735347  0.665812)
     H    6  Q=         1.0000 1e-30 m^2  Cq=         1.9018 MHz  eta= 0.74649

     H    7    Vxx=    0.0834    axis=(  0.611389 -0.294357 -0.734546)
     H    7    Vyy=    0.6032    axis=(  0.090991 -0.895935  0.434766)
     H    7    Vzz=   -0.6866    axis=(  0.786082  0.332648  0.520980)
     H    7  Q=         1.0000 1e-30 m^2  Cq=        -1.6132 MHz  eta= 0.75692

     C    8    Vxx=    0.0894    axis=(  0.417485  0.084533  0.904743)
     C    8    Vyy=    0.3674    axis=( -0.005799 -0.995395  0.095679)
     C    8    Vzz=   -0.4568    axis=(  0.908665 -0.045192 -0.415072)
     C    8  Q=         1.0000 1e-30 m^2  Cq=        -1.0734 MHz  eta= 0.60857

     H    9    Vxx=   -0.0313    axis=( -0.201295  0.296068  0.933715)
     H    9    Vyy=   -0.7106    axis=( -0.557661 -0.818306  0.139250)
     H    9    Vzz=    0.7419    axis=(  0.805292 -0.492666  0.329826)
     H    9  Q=         1.0000 1e-30 m^2  Cq=         1.7432 MHz  eta= 0.91556

     C   10    Vxx=   -0.0158    axis=( -0.547366  0.472345  0.690855)
     C   10    Vyy=   -0.7735    axis=(  0.474195 -0.505152  0.721083)
     C   10    Vzz=    0.7893    axis=( -0.689587 -0.722296 -0.052519)
     C   10  Q=         1.0000 1e-30 m^2  Cq=         1.8546 MHz  eta= 0.96003

     C   11    Vxx=   -0.0291    axis=( -0.077413  0.386675  0.918961)
     C   11    Vyy=   -0.6701    axis=( -0.995538 -0.079870 -0.050257)
     C   11    Vzz=    0.6991    axis=(  0.053964 -0.918751  0.391133)
     C   11  Q=         1.0000 1e-30 m^2  Cq=         1.6426 MHz  eta= 0.91688

     Cl  12    Vxx=   -1.0267    axis=(  0.854158 -0.452611  0.256042)
     Cl  12    Vyy=   -2.5219    axis=(  0.150704 -0.255789 -0.954914)
     Cl  12    Vzz=    3.5486    axis=(  0.497698  0.854234 -0.150273)
     Cl  12  Q=        -8.1650 1e-30 m^2  Cq=       -68.0782 MHz  eta= 0.42135

     H   13    Vxx=   -0.0436    axis=(  0.501401 -0.295467  0.813201)
     H   13    Vyy=   -0.1115    axis=( -0.793959  0.216391  0.568159)
     H   13    Vzz=    0.1551    axis=( -0.343841 -0.930524 -0.126090)
     H   13  Q=         1.0000 1e-30 m^2  Cq=         0.3645 MHz  eta= 0.43755

     C   14    Vxx=   -0.0800    axis=( -0.437111 -0.119594  0.891421)
     C   14    Vyy=   -0.9368    axis=( -0.868990  0.311733 -0.384289)
     C   14    Vzz=    1.0168    axis=( -0.231927 -0.942613 -0.240188)
     C   14  Q=         1.0000 1e-30 m^2  Cq=         2.3890 MHz  eta= 0.84273

     H   15    Vxx=   -0.0579    axis=( -0.093984 -0.270979  0.957986)
     H   15    Vyy=   -0.3215    axis=(  0.557003 -0.811864 -0.175001)
     H   15    Vzz=    0.3794    axis=(  0.825176  0.517154  0.227239)
     H   15  Q=         1.0000 1e-30 m^2  Cq=         0.8914 MHz  eta= 0.69483

     C   16    Vxx=   -0.0141    axis=( -0.554576  0.632940 -0.540215)
     C   16    Vyy=   -0.5265    axis=( -0.421069  0.346498  0.838236)
     C   16    Vzz=    0.5406    axis=( -0.717737 -0.692334 -0.074351)
     C   16  Q=         1.0000 1e-30 m^2  Cq=         1.2703 MHz  eta= 0.94776

     C   17    Vxx=    0.0354    axis=( -0.764243  0.217997  0.606968)
     C   17    Vyy=    0.6207    axis=( -0.402001 -0.896958 -0.184017)
     C   17    Vzz=   -0.6561    axis=(  0.504309 -0.384636  0.773128)
     C   17  Q=         1.0000 1e-30 m^2  Cq=        -1.5416 MHz  eta= 0.89195

     Cl  18    Vxx=    0.6149    axis=(  0.935355  0.198274 -0.292912)
     Cl  18    Vyy=    2.4522    axis=(  0.265499 -0.940732  0.211030)
     Cl  18    Vzz=   -3.0670    axis=(  0.233710  0.275156  0.932560)
     Cl  18  Q=        -8.1650 1e-30 m^2  Cq=        58.8397 MHz  eta= 0.59905

     H   19    Vxx=   -0.0422    axis=(  0.657763  0.597456  0.458687)
     H   19    Vyy=   -0.3041    axis=( -0.590639  0.031209  0.806332)
     H   19    Vzz=    0.3464    axis=(  0.467433 -0.801294  0.373409)
     H   19  Q=         1.0000 1e-30 m^2  Cq=         0.8138 MHz  eta= 0.75616

     C   20    Vxx=   -0.0557    axis=( -0.099427  0.350513  0.931265)
     C   20    Vyy=   -0.7082    axis=( -0.682458  0.657069 -0.320173)
     C   20    Vzz=    0.7639    axis=( -0.724130 -0.667384  0.173880)
     C   20  Q=         1.0000 1e-30 m^2  Cq=         1.7949 MHz  eta= 0.85406

     H   21    Vxx=   -0.0088    axis=(  0.121218 -0.965323 -0.231210)
     H   21    Vyy=   -0.7133    axis=(  0.455156  0.261051 -0.851285)
     H   21    Vzz=    0.7222    axis=(  0.882122 -0.002046  0.471016)
     H   21  Q=         1.0000 1e-30 m^2  Cq=         1.6969 MHz  eta= 0.97551

     C   22    Vxx=   -0.1665    axis=( -0.594012  0.722999  0.352735)
     C   22    Vyy=   -0.5050    axis=( -0.747153 -0.333308 -0.575038)
     C   22    Vzz=    0.6715    axis=( -0.298182 -0.605126  0.738180)
     C   22  Q=         1.0000 1e-30 m^2  Cq=         1.5777 MHz  eta= 0.50409

     C   23    Vxx=   -0.0535    axis=( -0.320701  0.404715  0.856362)
     C   23    Vyy=   -1.0277    axis=( -0.577265  0.633289 -0.515472)
     C   23    Vzz=    1.0812    axis=( -0.750944 -0.659660  0.030531)
     C   23  Q=         1.0000 1e-30 m^2  Cq=         2.5404 MHz  eta= 0.90105

     Cl  24    Vxx=   -1.3998    axis=(  0.613027  0.077815  0.786221)
     Cl  24    Vyy=   -1.6892    axis=( -0.634652  0.641188  0.431386)
     Cl  24    Vzz=    3.0890    axis=( -0.470547 -0.763428  0.442451)
     Cl  24  Q=        -8.1650 1e-30 m^2  Cq=       -59.2611 MHz  eta= 0.09369

     Initialization:
     gipaw_setup  :      9.20s CPU     10.84s WALL (       1 calls)

     Linear response

     Apply operators

     Induced current

     Other routines
     efg          :      9.54s CPU     12.06s WALL (       1 calls)

     General routines
     calbec       :      3.43s CPU      4.55s WALL (      16 calls)
     fft          :      1.41s CPU      1.84s WALL (      15 calls)
     ffts         :      0.04s CPU      0.05s WALL (       2 calls)
     fftw         :      3.36s CPU      4.16s WALL (     672 calls)
     davcio       :      0.04s CPU      0.31s WALL (      32 calls)

     Parallel routines
     fft_scatter  :      2.22s CPU      3.26s WALL (     689 calls)

     Plugins

     GIPAW        :     61.26s CPU     74.34s WALL (       1 calls)
