
     Program QE v.6.0 (svn rev. 13079) starts on 18Jan2017 at  2:45:22 

     This program is part of the open-source Quantum ESPRESSO suite
     for quantum simulation of materials; please cite
         "P. Giannozzi et al., J. Phys.:Condens. Matter 21 395502 (2009);
          URL http://www.quantum-espresso.org", 
     in publications or presentations arising from this work. More details at
     http://www.quantum-espresso.org/quote

     Parallel version (MPI), running on     8 processors
     R & G space division:  proc/nbgrp/npool/nimage =       8

     ***** This is GIPAW svn revision unknown      *****

     Parallelizing q-star over 1 images

     Reading data from directory:
     /users/majewski/paradichlorobenzene/pbe/9_constraint/scratch/pbe.ecut100.np8.dt60.pcl2phi-129368.save
     Message from routine read_xml_file:
     file /users/majewski/paradichlorobenzene/pbe/9_constraint/scratch/pbe.ecut100.np8.dt60.pcl2phi-129368.save not guaranteed to be safe for post-processing

   Info: using nr1, nr2, nr3 values from input

   Info: using nr1, nr2, nr3 values from input

     IMPORTANT: XC functional enforced from input :
     Exchange-correlation      =  SLA  PW   PBX  PBC ( 1  4  3  4 0 0)
     Any further DFT definition will be discarded
     Please, verify this is what you really want

               file C.pbe-n-kjpaw_psl.1.0.0.UPF: wavefunction(s)  2S 2P renormalized
               file Cl.pbe-n-kjpaw_psl.1.0.0.UPF: wavefunction(s)  3S 3P renormalized
               file H.pbe-kjpaw_psl.1.0.0.UPF: wavefunction(s)  1S renormalized

     Parallelization info
     --------------------
     sticks:   dense  smooth     PW     G-vecs:    dense   smooth      PW
     Min        3057    1223    332               144436    36536    5170
     Max        3059    1225    333               144437    36537    5171
     Sum       24467    9791   2657              1155489   292295   41363


     Subspace diagonalization in iterative solution of the eigenvalue problem:
     a serial algorithm will be used

     GIPAW projectors -----------------------------------------------
     atom=  C    l=0  rc=    1.2000  rs=    0.8000
     atom=  C    l=0  rc=    1.2000  rs=    0.8000
     atom=  C    l=1  rc=    1.4000  rs=    0.9333
     atom=  C    l=1  rc=    1.4000  rs=    0.9333
     projs nearly linearly dependent: l=1  n1,n2= 1, 2  s=  0.99951561

     atom=  Cl   l=0  rc=    1.6000  rs=    1.0667
     atom=  Cl   l=0  rc=    1.6000  rs=    1.0667
     atom=  Cl   l=1  rc=    1.6000  rs=    1.0667
     atom=  Cl   l=1  rc=    1.6000  rs=    1.0667
     atom=  Cl   l=2  rc=    1.6000  rs=    1.0667
     atom=  Cl   l=2  rc=    1.6000  rs=    1.0667
     projs nearly linearly dependent: l=2  n1,n2= 1, 2  s=  0.99993509

     atom=  H    l=0  rc=    1.0000  rs=    0.6667
     atom=  H    l=0  rc=    1.0000  rs=    0.6667
     projs nearly linearly dependent: l=0  n1,n2= 1, 2  s=  0.99968852
     -----------------------------------------------------------------

     GIPAW integrals: -------------------------------------------
     Atom  i/j   nmr_para   nmr_dia   epr_rmc  epr_para   epr_dia
       C   1 1   0.83E+03  0.17E-01  0.93E+01  0.24E+08  0.24E+03
       C   2 1   0.86E+03 -0.61E-01  0.94E+01  0.25E+08  0.25E+03
       C   2 2   0.90E+03 -0.15E+00  0.97E+01  0.26E+08  0.26E+03
       C   3 3   0.33E+01  0.34E+00  0.18E+01  0.55E+03  0.21E+02
       C   4 3   0.35E+01  0.37E+00  0.20E+01  0.59E+03  0.22E+02
       C   4 4   0.38E+01  0.39E+00  0.22E+01  0.63E+03  0.24E+02
       Cl  1 1   0.14E+04 -0.47E+00  0.84E+01  0.32E+09  0.42E+03
       Cl  2 1   0.21E+04 -0.37E+00  0.12E+02  0.49E+09  0.65E+03
       Cl  2 2   0.33E+04 -0.16E+00  0.21E+02  0.76E+09  0.10E+04
       Cl  3 3   0.21E+02  0.79E-01  0.89E+01  0.23E+05  0.13E+03
       Cl  4 3   0.24E+02  0.67E-01  0.99E+01  0.27E+05  0.15E+03
       Cl  4 4   0.28E+02  0.44E-01  0.11E+02  0.32E+05  0.18E+03
       Cl  5 5   0.77E+00  0.19E+00  0.18E+01  0.12E+03  0.22E+02
       Cl  6 5   0.80E+00  0.19E+00  0.19E+01  0.12E+03  0.23E+02
       Cl  6 6   0.83E+00  0.20E+00  0.19E+01  0.12E+03  0.23E+02
       H   1 1   0.39E+02  0.19E+00  0.29E+00  0.78E+05  0.13E+02
       H   2 1   0.41E+02  0.21E+00  0.32E+00  0.82E+05  0.14E+02
       H   2 2   0.43E+02  0.22E+00  0.36E+00  0.86E+05  0.15E+02
     ------------------------------------------------------------

     alpha_pv=     33.9755 eV

     Number of occupied bands for each k-point:
     k-point:     1    nbnd_occ=  42
     k-point:     2    nbnd_occ=  42
     k-point:     3    nbnd_occ=  42
     k-point:     4    nbnd_occ=  42
     k-point:     5    nbnd_occ=  42
     k-point:     6    nbnd_occ=  42
     k-point:     7    nbnd_occ=  42
     k-point:     8    nbnd_occ=  42
     k-point:     9    nbnd_occ=  42
     k-point:    10    nbnd_occ=  42
     k-point:    11    nbnd_occ=  42
     k-point:    12    nbnd_occ=  42
     k-point:    13    nbnd_occ=  42
     k-point:    14    nbnd_occ=  42
     k-point:    15    nbnd_occ=  42
     k-point:    16    nbnd_occ=  42


     q-space interpolation up to   110.00 Rydberg

     GIPAW job: efg                                                                             


     ELECTRIC FIELD GRADIENTS TENSORS IN Hartree/bohrradius^2:

     ----- bare term -----
     Cl   1       -0.182344        0.256400       -0.021591
     Cl   1        0.256400       -0.032103        0.017093
     Cl   1       -0.021591        0.017093        0.214447

     C    2        0.024435       -0.072467       -0.256417
     C    2       -0.072467       -0.276794       -0.409204
     C    2       -0.256417       -0.409204        0.252359

     C    3       -0.324183        0.392110       -0.291790
     C    3        0.392110        0.085268       -0.008074
     C    3       -0.291790       -0.008074        0.238916

     H    4        0.122376       -0.064082       -0.206983
     H    4       -0.064082        0.448128       -0.209248
     H    4       -0.206983       -0.209248       -0.570503

     C    5       -0.055006       -0.211028       -0.378345
     C    5       -0.211028       -0.166063       -0.332934
     C    5       -0.378345       -0.332934        0.221070

     H    6        0.163480        0.158004        0.329383
     H    6        0.158004       -0.001320       -0.468986
     H    6        0.329383       -0.468986       -0.162160

     H    7        0.379029        0.077903       -0.048890
     H    7        0.077903       -0.561279        0.441599
     H    7       -0.048890        0.441599        0.182250

     C    8       -0.487531       -0.310823       -0.364597
     C    8       -0.310823        0.078034        0.397380
     C    8       -0.364597        0.397380        0.409497

     H    9       -0.167498       -0.032303       -0.554615
     H    9       -0.032303        0.115186       -0.089935
     H    9       -0.554615       -0.089935        0.052313

     C   10       -0.115646       -0.352748       -0.238554
     C   10       -0.352748       -0.219287        0.585079
     C   10       -0.238554        0.585079        0.334933

     C   11       -0.065411       -0.075424       -0.414433
     C   11       -0.075424       -0.121323        0.334576
     C   11       -0.414433        0.334576        0.186734

     Cl  12       -0.034137       -0.050363       -0.010414
     Cl  12       -0.050363       -0.024441       -0.024717
     Cl  12       -0.010414       -0.024717        0.058578

     H   13       -0.066559       -0.014811        0.227513
     H   13       -0.014811       -0.068808       -0.498067
     H   13        0.227513       -0.498067        0.135367

     C   14       -0.637716        0.406367       -0.463729
     C   14        0.406367        0.425078       -0.134539
     C   14       -0.463729       -0.134539        0.212638

     H   15        0.017866       -0.092659       -0.450595
     H   15       -0.092659        0.246296        0.210150
     H   15       -0.450595        0.210150       -0.264162

     C   16        0.023965        0.452176       -0.150452
     C   16        0.452176       -0.180391       -0.614139
     C   16       -0.150452       -0.614139        0.156426

     C   17       -0.461851        0.280679       -0.279648
     C   17        0.280679        0.101299       -0.338337
     C   17       -0.279648       -0.338337        0.360553

     Cl  18       -0.032548       -0.029567        0.048966
     Cl  18       -0.029567       -0.063572        0.049716
     Cl  18        0.048966        0.049716        0.096120

     H   19        0.446202        0.187237        0.028761
     H   19        0.187237       -0.671736       -0.219664
     H   19        0.028761       -0.219664        0.225534

     C   20       -0.211838       -0.271301       -0.274428
     C   20       -0.271301       -0.147887        0.373627
     C   20       -0.274428        0.373627        0.359725

     H   21       -0.189984        0.275297       -0.481016
     H   21        0.275297        0.164481        0.370320
     H   21       -0.481016        0.370320        0.025503

     C   22       -0.447475       -0.376704       -0.305608
     C   22       -0.376704        0.084228        0.397492
     C   22       -0.305608        0.397492        0.363247

     C   23       -0.084441       -0.120588       -0.286446
     C   23       -0.120588       -0.136366        0.581245
     C   23       -0.286446        0.581245        0.220807

     Cl  24       -0.090160       -0.028909       -0.035380
     Cl  24       -0.028909       -0.060608       -0.012717
     Cl  24       -0.035380       -0.012717        0.150767

     ----- ionic term -----
     Cl   1        0.127511       -0.220716        0.062306
     Cl   1       -0.220716        0.007145       -0.031339
     Cl   1        0.062306       -0.031339       -0.134656

     C    2        0.092920       -0.273149        0.366365
     C    2       -0.273149       -0.030665        0.409690
     C    2        0.366365        0.409690       -0.062255

     C    3        0.080706       -0.346976        0.208105
     C    3       -0.346976        0.036845        0.378028
     C    3        0.208105        0.378028       -0.117551

     H    4        0.347057        0.162155        0.829193
     H    4        0.162155       -0.518691        0.225144
     H    4        0.829193        0.225144        0.171634

     C    5        0.140288       -0.278527        0.276797
     C    5       -0.278527       -0.006173        0.287000
     C    5        0.276797        0.287000       -0.134115

     H    6       -0.537159       -0.106016       -0.070854
     H    6       -0.106016        0.546534        0.756243
     H    6       -0.070854        0.756243       -0.009374

     H    7       -0.509994       -0.147852        0.059621
     H    7       -0.147852        0.870737       -0.509168
     H    7        0.059621       -0.509168       -0.360743

     C    8        0.246114        0.198269        0.272000
     C    8        0.198269        0.151842       -0.250910
     C    8        0.272000       -0.250910       -0.397955

     H    9        0.617018       -0.167833        0.750521
     H    9       -0.167833       -0.451059       -0.175138
     H    9        0.750521       -0.175138       -0.165959

     C   10        0.148484        0.215021        0.234360
     C   10        0.215021        0.300079       -0.308143
     C   10        0.234360       -0.308143       -0.448563

     C   11        0.101623        0.090264        0.324418
     C   11        0.090264        0.281943       -0.361917
     C   11        0.324418       -0.361917       -0.383566

     Cl  12        0.115991        0.200401        0.019363
     Cl  12        0.200401        0.029890       -0.000588
     Cl  12        0.019363       -0.000588       -0.145881

     H   13       -0.502421       -0.168552       -0.060310
     H   13       -0.168552        0.622704        0.711972
     H   13       -0.060310        0.711972       -0.120283

     C   14        0.229075       -0.275171        0.352823
     C   14       -0.275171       -0.069997        0.297409
     C   14        0.352823        0.297409       -0.159078

     H   15        0.429055        0.189297        0.769018
     H   15        0.189297       -0.475913        0.250230
     H   15        0.769018        0.250230        0.046858

     C   16        0.170899       -0.356873        0.202621
     C   16       -0.356873        0.039642        0.357814
     C   16        0.202621        0.357814       -0.210540

     C   17        0.122413       -0.270181        0.309710
     C   17       -0.270181       -0.018933        0.365232
     C   17        0.309710        0.365232       -0.103480

     Cl  18        0.171150       -0.206384        0.059841
     Cl  18       -0.206384       -0.051641       -0.027872
     Cl  18        0.059841       -0.027872       -0.119509

     H   19       -0.494165       -0.004284        0.032166
     H   19       -0.004284        0.938246       -0.431149
     H   19        0.032166       -0.431149       -0.444081

     C   20        0.231147        0.251598        0.350650
     C   20        0.251598        0.180721       -0.192618
     C   20        0.350650       -0.192618       -0.411868

     H   21        0.354899       -0.250825        0.797739
     H   21       -0.250825       -0.468871       -0.268037
     H   21        0.797739       -0.268037        0.113972

     C   22        0.090249        0.279292        0.291506
     C   22        0.279292        0.227645       -0.301149
     C   22        0.291506       -0.301149       -0.317894

     C   23        0.152542        0.182202        0.308817
     C   23        0.182202        0.187517       -0.326044
     C   23        0.308817       -0.326044       -0.340059

     Cl  24        0.105232        0.206788        0.033521
     Cl  24        0.206788        0.056264        0.025706
     Cl  24        0.033521        0.025706       -0.161496

     ----- GIPAW term -----
     Cl   1       -1.084504       -0.915053       -0.665099
     Cl   1       -0.915053       -0.836678        1.517376
     Cl   1       -0.665099        1.517376        1.921182

     C    2       -0.074003       -0.110453       -0.027474
     C    2       -0.110453        0.077261        0.173623
     C    2       -0.027474        0.173623       -0.003259

     C    3       -0.034652       -0.021814       -0.127712
     C    3       -0.021814       -0.021712        0.081120
     C    3       -0.127712        0.081120        0.056364

     H    4       -0.000000        0.000000        0.000000
     H    4        0.000000        0.000000        0.000000
     H    4        0.000000        0.000000        0.000000

     C    5        0.010092       -0.123617       -0.164367
     C    5       -0.123617       -0.096534        0.052641
     C    5       -0.164367        0.052641        0.086442

     H    6       -0.000000        0.000000        0.000000
     H    6        0.000000        0.000000        0.000000
     H    6        0.000000        0.000000        0.000000

     H    7       -0.000000        0.000000        0.000000
     H    7        0.000000        0.000000        0.000000
     H    7        0.000000        0.000000        0.000000

     C    8       -0.106132       -0.081472       -0.076132
     C    8       -0.081472        0.043495        0.130300
     C    8       -0.076132        0.130300        0.062636

     H    9       -0.000000        0.000000        0.000000
     H    9        0.000000        0.000000        0.000000
     H    9        0.000000        0.000000        0.000000

     C   10       -0.057260       -0.096359       -0.079854
     C   10       -0.096359        0.021386        0.155657
     C   10       -0.079854        0.155657        0.035874

     C   11       -0.001557       -0.020526       -0.145865
     C   11       -0.020526       -0.037303        0.128341
     C   11       -0.145865        0.128341        0.038860

     Cl  12        0.262876       -0.333078       -1.221821
     Cl  12       -0.333078        0.743451        1.682224
     Cl  12       -1.221821        1.682224       -1.006327

     H   13       -0.000000        0.000000        0.000000
     H   13        0.000000        0.000000        0.000000
     H   13        0.000000        0.000000        0.000000

     C   14       -0.079367        0.215533       -0.054505
     C   14        0.215533        0.189403        0.003985
     C   14       -0.054505        0.003985       -0.110035

     H   15       -0.000000        0.000000        0.000000
     H   15        0.000000        0.000000        0.000000
     H   15        0.000000        0.000000        0.000000

     C   16       -0.035877        0.186576       -0.069704
     C   16        0.186576        0.103932       -0.174083
     C   16       -0.069704       -0.174083       -0.068056

     C   17       -0.060292       -0.153792       -0.029751
     C   17       -0.153792        0.163947       -0.060410
     C   17       -0.029751       -0.060410       -0.103655

     Cl  18        1.038164       -2.018856        1.777540
     Cl  18       -2.018856       -1.265047       -0.032069
     Cl  18        1.777540       -0.032069        0.226883

     H   19       -0.000000        0.000000        0.000000
     H   19        0.000000        0.000000        0.000000
     H   19        0.000000        0.000000        0.000000

     C   20       -0.044388       -0.131907       -0.126003
     C   20       -0.131907       -0.010785        0.193029
     C   20       -0.126003        0.193029        0.055173

     H   21       -0.000000        0.000000        0.000000
     H   21        0.000000        0.000000        0.000000
     H   21        0.000000        0.000000        0.000000

     C   22       -0.146606       -0.127360       -0.096617
     C   22       -0.127360        0.154477        0.110364
     C   22       -0.096617        0.110364       -0.007871

     C   23        0.063109        0.055942       -0.057361
     C   23        0.055942        0.030789        0.104466
     C   23       -0.057361        0.104466       -0.093898

     Cl  24        0.754014        2.145208       -0.238458
     Cl  24        2.145208       -0.357259       -0.086802
     Cl  24       -0.238458       -0.086802       -0.396755

     ----- total EFG -----
     Cl   1       -1.139337       -0.879369       -0.624384
     Cl   1       -0.879369       -0.861637        1.503130
     Cl   1       -0.624384        1.503130        2.000974

     C    2        0.043352       -0.456069        0.082474
     C    2       -0.456069       -0.230198        0.174108
     C    2        0.082474        0.174108        0.186845

     C    3       -0.278130        0.023321       -0.211397
     C    3        0.023321        0.100401        0.451074
     C    3       -0.211397        0.451074        0.177729

     H    4        0.469433        0.098073        0.622210
     H    4        0.098073       -0.070563        0.015896
     H    4        0.622210        0.015896       -0.398869

     C    5        0.095374       -0.613172       -0.265914
     C    5       -0.613172       -0.268771        0.006708
     C    5       -0.265914        0.006708        0.173397

     H    6       -0.373679        0.051988        0.258530
     H    6        0.051988        0.545214        0.287257
     H    6        0.258530        0.287257       -0.171535

     H    7       -0.130965       -0.069948        0.010731
     H    7       -0.069948        0.309458       -0.067569
     H    7        0.010731       -0.067569       -0.178493

     C    8       -0.347550       -0.194025       -0.168728
     C    8       -0.194025        0.273371        0.276769
     C    8       -0.168728        0.276769        0.074178

     H    9        0.449519       -0.200136        0.195905
     H    9       -0.200136       -0.335873       -0.265073
     H    9        0.195905       -0.265073       -0.113646

     C   10       -0.024421       -0.234086       -0.084048
     C   10       -0.234086        0.102178        0.432593
     C   10       -0.084048        0.432593       -0.077757

     C   11        0.034656       -0.005686       -0.235880
     C   11       -0.005686        0.123316        0.101000
     C   11       -0.235880        0.101000       -0.157972

     Cl  12        0.344730       -0.183040       -1.212872
     Cl  12       -0.183040        0.748900        1.656919
     Cl  12       -1.212872        1.656919       -1.093630

     H   13       -0.568980       -0.183363        0.167203
     H   13       -0.183363        0.553896        0.213904
     H   13        0.167203        0.213904        0.015084

     C   14       -0.488008        0.346729       -0.165411
     C   14        0.346729        0.544484        0.166855
     C   14       -0.165411        0.166855       -0.056476

     H   15        0.446922        0.096637        0.318423
     H   15        0.096637       -0.229618        0.460381
     H   15        0.318423        0.460381       -0.217304

     C   16        0.158987        0.281879       -0.017535
     C   16        0.281879       -0.036818       -0.430408
     C   16       -0.017535       -0.430408       -0.122170

     C   17       -0.399730       -0.143295        0.000311
     C   17       -0.143295        0.246312       -0.033515
     C   17        0.000311       -0.033515        0.153418

     Cl  18        1.176765       -2.254807        1.886347
     Cl  18       -2.254807       -1.380259       -0.010224
     Cl  18        1.886347       -0.010224        0.203494

     H   19       -0.047963        0.182954        0.060927
     H   19        0.182954        0.266509       -0.650813
     H   19        0.060927       -0.650813       -0.218546

     C   20       -0.025078       -0.151610       -0.049781
     C   20       -0.151610        0.022048        0.374038
     C   20       -0.049781        0.374038        0.003030

     H   21        0.164915        0.024472        0.316723
     H   21        0.024472       -0.304390        0.102283
     H   21        0.316723        0.102283        0.139475

     C   22       -0.503832       -0.224772       -0.110719
     C   22       -0.224772        0.466350        0.206707
     C   22       -0.110719        0.206707        0.037483

     C   23        0.131210        0.117556       -0.034989
     C   23        0.117556        0.081940        0.359668
     C   23       -0.034989        0.359668       -0.213150

     Cl  24        0.769085        2.323087       -0.240317
     Cl  24        2.323087       -0.361603       -0.073813
     Cl  24       -0.240317       -0.073813       -0.407483

     ----- total EFG (symmetrized) -----
     Cl   1       -1.139337       -0.879369       -0.624384
     Cl   1       -0.879369       -0.861637        1.503130
     Cl   1       -0.624384        1.503130        2.000974

     C    2        0.043352       -0.456069        0.082474
     C    2       -0.456069       -0.230198        0.174108
     C    2        0.082474        0.174108        0.186845

     C    3       -0.278130        0.023321       -0.211397
     C    3        0.023321        0.100401        0.451074
     C    3       -0.211397        0.451074        0.177729

     H    4        0.469433        0.098073        0.622210
     H    4        0.098073       -0.070563        0.015896
     H    4        0.622210        0.015896       -0.398869

     C    5        0.095374       -0.613172       -0.265914
     C    5       -0.613172       -0.268771        0.006708
     C    5       -0.265914        0.006708        0.173397

     H    6       -0.373679        0.051988        0.258530
     H    6        0.051988        0.545214        0.287257
     H    6        0.258530        0.287257       -0.171535

     H    7       -0.130965       -0.069948        0.010731
     H    7       -0.069948        0.309458       -0.067569
     H    7        0.010731       -0.067569       -0.178493

     C    8       -0.347550       -0.194025       -0.168728
     C    8       -0.194025        0.273371        0.276769
     C    8       -0.168728        0.276769        0.074178

     H    9        0.449519       -0.200136        0.195905
     H    9       -0.200136       -0.335873       -0.265073
     H    9        0.195905       -0.265073       -0.113646

     C   10       -0.024421       -0.234086       -0.084048
     C   10       -0.234086        0.102178        0.432593
     C   10       -0.084048        0.432593       -0.077757

     C   11        0.034656       -0.005686       -0.235880
     C   11       -0.005686        0.123316        0.101000
     C   11       -0.235880        0.101000       -0.157972

     Cl  12        0.344730       -0.183040       -1.212872
     Cl  12       -0.183040        0.748900        1.656919
     Cl  12       -1.212872        1.656919       -1.093630

     H   13       -0.568980       -0.183363        0.167203
     H   13       -0.183363        0.553896        0.213904
     H   13        0.167203        0.213904        0.015084

     C   14       -0.488008        0.346729       -0.165411
     C   14        0.346729        0.544484        0.166855
     C   14       -0.165411        0.166855       -0.056476

     H   15        0.446922        0.096637        0.318423
     H   15        0.096637       -0.229618        0.460381
     H   15        0.318423        0.460381       -0.217304

     C   16        0.158987        0.281879       -0.017535
     C   16        0.281879       -0.036818       -0.430408
     C   16       -0.017535       -0.430408       -0.122170

     C   17       -0.399730       -0.143295        0.000311
     C   17       -0.143295        0.246312       -0.033515
     C   17        0.000311       -0.033515        0.153418

     Cl  18        1.176765       -2.254807        1.886347
     Cl  18       -2.254807       -1.380259       -0.010224
     Cl  18        1.886347       -0.010224        0.203494

     H   19       -0.047963        0.182954        0.060927
     H   19        0.182954        0.266509       -0.650813
     H   19        0.060927       -0.650813       -0.218546

     C   20       -0.025078       -0.151610       -0.049781
     C   20       -0.151610        0.022048        0.374038
     C   20       -0.049781        0.374038        0.003030

     H   21        0.164915        0.024472        0.316723
     H   21        0.024472       -0.304390        0.102283
     H   21        0.316723        0.102283        0.139475

     C   22       -0.503832       -0.224772       -0.110719
     C   22       -0.224772        0.466350        0.206707
     C   22       -0.110719        0.206707        0.037483

     C   23        0.131210        0.117556       -0.034989
     C   23        0.117556        0.081940        0.359668
     C   23       -0.034989        0.359668       -0.213150

     Cl  24        0.769085        2.323087       -0.240317
     Cl  24        2.323087       -0.361603       -0.073813
     Cl  24       -0.240317       -0.073813       -0.407483


     NQR/NMR SPECTROSCOPIC PARAMETERS:
     Cl   1    Vxx=   -0.8771    axis=( -0.731717  0.526017 -0.433471)
     Cl   1    Vyy=   -1.9838    axis=(  0.642333  0.744906 -0.180342)
     Cl   1    Vzz=    2.8609    axis=( -0.228032  0.410392  0.882938)
     Cl   1  Q=        -8.1650 1e-30 m^2  Cq=       -54.8847 MHz  eta= 0.38686

     C    2    Vxx=    0.2229    axis=(  0.314709  0.047502  0.947999)
     C    2    Vyy=    0.3912    axis=( -0.755993  0.616474  0.220078)
     C    2    Vzz=   -0.6142    axis=( -0.573962 -0.785941  0.229921)
     C    2  Q=         1.0000 1e-30 m^2  Cq=        -1.4431 MHz  eta= 0.27401

     C    3    Vxx=   -0.1489    axis=(  0.710570  0.599621 -0.368164)
     C    3    Vyy=   -0.4655    axis=( -0.685268  0.470997 -0.555490)
     C    3    Vzz=    0.6144    axis=( -0.159679  0.647006  0.745578)
     C    3  Q=         1.0000 1e-30 m^2  Cq=         1.4437 MHz  eta= 0.51527

     H    4    Vxx=   -0.0792    axis=(  0.072802 -0.993063  0.092331)
     H    4    Vyy=   -0.7249    axis=(  0.464591 -0.048151 -0.884215)
     H    4    Vzz=    0.8042    axis=(  0.882528  0.107269  0.457863)
     H    4  Q=         1.0000 1e-30 m^2  Cq=         1.8895 MHz  eta= 0.80295

     C    5    Vxx=    0.0983    axis=(  0.241467 -0.387071  0.889871)
     C    5    Vyy=    0.6545    axis=( -0.753282  0.503336  0.423342)
     C    5    Vzz=   -0.7529    axis=( -0.611767 -0.772547 -0.170035)
     C    5  Q=         1.0000 1e-30 m^2  Cq=        -1.7689 MHz  eta= 0.73880

     H    6    Vxx=   -0.1000    axis=(  0.601847 -0.364779  0.710434)
     H    6    Vyy=   -0.5646    axis=( -0.787003 -0.119784  0.605209)
     H    6    Vzz=    0.6646    axis=(  0.135669  0.923357  0.359174)
     H    6  Q=         1.0000 1e-30 m^2  Cq=         1.5615 MHz  eta= 0.69902

     H    7    Vxx=   -0.1418    axis=(  0.988061  0.153969  0.005440)
     H    7    Vyy=   -0.1877    axis=( -0.025878  0.131050  0.991038)
     H    7    Vzz=    0.3295    axis=(  0.151877 -0.979346  0.133469)
     H    7  Q=         1.0000 1e-30 m^2  Cq=         0.7742 MHz  eta= 0.13930

     C    8    Vxx=   -0.1183    axis=( -0.077361 -0.600626  0.795778)
     C    8    Vyy=   -0.4233    axis=(  0.957828  0.176771  0.226535)
     C    8    Vzz=    0.5416    axis=( -0.276733  0.779744  0.561621)
     C    8  Q=         1.0000 1e-30 m^2  Cq=         1.2725 MHz  eta= 0.56307

     H    9    Vxx=   -0.0776    axis=( -0.454981 -0.441320  0.773453)
     H    9    Vyy=   -0.5162    axis=(  0.069342  0.848364  0.524853)
     H    9    Vzz=    0.5939    axis=(  0.887797 -0.292431  0.355387)
     H    9  Q=         1.0000 1e-30 m^2  Cq=         1.3953 MHz  eta= 0.73852

     C   10    Vxx=   -0.1025    axis=(  0.897542  0.150661  0.414391)
     C   10    Vyy=   -0.4484    axis=( -0.221304 -0.658942  0.718902)
     C   10    Vzz=    0.5509    axis=( -0.381370  0.736951  0.558086)
     C   10  Q=         1.0000 1e-30 m^2  Cq=         1.2944 MHz  eta= 0.62782

     C   11    Vxx=    0.0993    axis=(  0.536225  0.827425 -0.166827)
     C   11    Vyy=    0.2317    axis=( -0.655695  0.532794  0.534972)
     C   11    Vzz=   -0.3310    axis=(  0.531533 -0.177478  0.828235)
     C   11  Q=         1.0000 1e-30 m^2  Cq=        -0.7777 MHz  eta= 0.40018

     Cl  12    Vxx=    0.3059    axis=(  0.828141  0.557552 -0.057600)
     Cl  12    Vyy=    2.1093    axis=(  0.444457 -0.715800 -0.538599)
     Cl  12    Vzz=   -2.4151    axis=( -0.341527  0.420436 -0.840591)
     Cl  12  Q=        -8.1650 1e-30 m^2  Cq=        46.3334 MHz  eta= 0.74672

     H   13    Vxx=    0.0185    axis=(  0.335986 -0.247971  0.908638)
     H   13    Vyy=    0.6407    axis=(  0.102830 -0.949296 -0.297090)
     H   13    Vzz=   -0.6592    axis=(  0.936237  0.193253 -0.293451)
     H   13  Q=         1.0000 1e-30 m^2  Cq=        -1.5489 MHz  eta= 0.94377

     C   14    Vxx=   -0.0030    axis=( -0.358505 -0.056930  0.931790)
     C   14    Vyy=   -0.6651    axis=( -0.895820  0.301800 -0.326226)
     C   14    Vzz=    0.6681    axis=( -0.262642 -0.951670 -0.159196)
     C   14  Q=         1.0000 1e-30 m^2  Cq=         1.5697 MHz  eta= 0.99093

     H   15    Vxx=    0.0399    axis=(  0.552220 -0.663754 -0.504464)
     H   15    Vyy=    0.6666    axis=( -0.821129 -0.328351 -0.466832)
     H   15    Vzz=   -0.7065    axis=( -0.144221 -0.672024  0.726350)
     H   15  Q=         1.0000 1e-30 m^2  Cq=        -1.6599 MHz  eta= 0.88710

     C   16    Vxx=    0.0522    axis=(  0.781912 -0.261126  0.566063)
     C   16    Vyy=    0.5066    axis=( -0.568437 -0.671431  0.475458)
     C   16    Vzz=   -0.5588    axis=(  0.255918 -0.693537 -0.673433)
     C   16  Q=         1.0000 1e-30 m^2  Cq=        -1.3129 MHz  eta= 0.81331

     C   17    Vxx=    0.1453    axis=( -0.061224  0.234963  0.970074)
     C   17    Vyy=    0.2849    axis=( -0.198857  0.949542 -0.242540)
     C   17    Vzz=   -0.4302    axis=( -0.978114 -0.207756 -0.011411)
     C   17  Q=         1.0000 1e-30 m^2  Cq=        -1.0107 MHz  eta= 0.32453

     Cl  18    Vxx=   -0.3569    axis=( -0.240382  0.521441  0.818728)
     Cl  18    Vyy=   -3.0173    axis=( -0.556840 -0.764950  0.323700)
     Cl  18    Vzz=    3.3742    axis=(  0.795076 -0.378089  0.474239)
     Cl  18  Q=        -8.1650 1e-30 m^2  Cq=       -64.7316 MHz  eta= 0.78848

     H   19    Vxx=   -0.0287    axis=(  0.961465  0.009853  0.274751)
     H   19    Vyy=   -0.7072    axis=( -0.231104  0.570274  0.788276)
     H   19    Vzz=    0.7359    axis=( -0.148917 -0.821396  0.550575)
     H   19  Q=         1.0000 1e-30 m^2  Cq=         1.7291 MHz  eta= 0.92206

     C   20    Vxx=   -0.0554    axis=(  0.929435  0.066979  0.362855)
     C   20    Vyy=   -0.3768    axis=( -0.211050 -0.710145  0.671679)
     C   20    Vzz=    0.4322    axis=( -0.302668  0.700862  0.645898)
     C   20  Q=         1.0000 1e-30 m^2  Cq=         1.0156 MHz  eta= 0.74347

     H   21    Vxx=   -0.1459    axis=( -0.689491  0.314627  0.652389)
     H   21    Vyy=   -0.3333    axis=(  0.145139  0.942472 -0.301132)
     H   21    Vzz=    0.4792    axis=( -0.709603 -0.112940 -0.695491)
     H   21  Q=         1.0000 1e-30 m^2  Cq=         1.1260 MHz  eta= 0.39098

     C   22    Vxx=   -0.0453    axis=( -0.032933 -0.386778  0.921584)
     C   22    Vyy=   -0.5607    axis=(  0.975004  0.190291  0.114705)
     C   22    Vzz=    0.6060    axis=( -0.219734  0.902326  0.370844)
     C   22  Q=         1.0000 1e-30 m^2  Cq=         1.4240 MHz  eta= 0.85046

     C   23    Vxx=    0.1172    axis=(  0.923978 -0.206043 -0.322196)
     C   23    Vyy=    0.3522    axis=(  0.348540  0.800456  0.487637)
     C   23    Vzz=   -0.4694    axis=(  0.157430 -0.562864  0.811418)
     C   23  Q=         1.0000 1e-30 m^2  Cq=        -1.1030 MHz  eta= 0.50069

     Cl  24    Vxx=   -0.4211    axis=(  0.029385  0.087947  0.995692)
     Cl  24    Vyy=   -2.1918    axis=(  0.619035 -0.783709  0.050954)
     Cl  24    Vzz=    2.6129    axis=(  0.784813  0.614871 -0.077471)
     Cl  24  Q=        -8.1650 1e-30 m^2  Cq=       -50.1263 MHz  eta= 0.67767

     Initialization:
     gipaw_setup  :      9.17s CPU     11.14s WALL (       1 calls)

     Linear response

     Apply operators

     Induced current

     Other routines
     efg          :      9.26s CPU     12.66s WALL (       1 calls)

     General routines
     calbec       :      3.13s CPU      4.22s WALL (      16 calls)
     fft          :      1.57s CPU      2.55s WALL (      15 calls)
     ffts         :      0.05s CPU      0.11s WALL (       2 calls)
     fftw         :      3.44s CPU      4.97s WALL (     672 calls)
     davcio       :      0.02s CPU      0.34s WALL (      32 calls)

     Parallel routines
     fft_scatter  :      2.53s CPU      4.83s WALL (     689 calls)

     Plugins

     GIPAW        :     61.71s CPU     74.46s WALL (       1 calls)
