
     Program QE v.6.0 (svn rev. 13079) starts on  8Jan2017 at  6: 4: 1 

     This program is part of the open-source Quantum ESPRESSO suite
     for quantum simulation of materials; please cite
         "P. Giannozzi et al., J. Phys.:Condens. Matter 21 395502 (2009);
          URL http://www.quantum-espresso.org", 
     in publications or presentations arising from this work. More details at
     http://www.quantum-espresso.org/quote

     Parallel version (MPI), running on     8 processors
     R & G space division:  proc/nbgrp/npool/nimage =       8

     ***** This is GIPAW svn revision unknown      *****

     Parallelizing q-star over 1 images

     Reading data from directory:
     /users/majewski/paradichlorobenzene/pbe/9_constraint/scratch/pbe.ecut100.np8.dt60.pcl2phi-129368.save
     Message from routine read_xml_file:
     file /users/majewski/paradichlorobenzene/pbe/9_constraint/scratch/pbe.ecut100.np8.dt60.pcl2phi-129368.save not guaranteed to be safe for post-processing

   Info: using nr1, nr2, nr3 values from input

   Info: using nr1, nr2, nr3 values from input

     IMPORTANT: XC functional enforced from input :
     Exchange-correlation      =  SLA  PW   PBX  PBC ( 1  4  3  4 0 0)
     Any further DFT definition will be discarded
     Please, verify this is what you really want

               file C.pbe-n-kjpaw_psl.1.0.0.UPF: wavefunction(s)  2S 2P renormalized
               file Cl.pbe-n-kjpaw_psl.1.0.0.UPF: wavefunction(s)  3S 3P renormalized
               file H.pbe-kjpaw_psl.1.0.0.UPF: wavefunction(s)  1S renormalized

     Parallelization info
     --------------------
     sticks:   dense  smooth     PW     G-vecs:    dense   smooth      PW
     Min        3057    1223    332               144436    36536    5170
     Max        3059    1225    333               144437    36537    5171
     Sum       24467    9791   2657              1155489   292295   41363


     Subspace diagonalization in iterative solution of the eigenvalue problem:
     a serial algorithm will be used

     GIPAW projectors -----------------------------------------------
     atom=  C    l=0  rc=    1.2000  rs=    0.8000
     atom=  C    l=0  rc=    1.2000  rs=    0.8000
     atom=  C    l=1  rc=    1.4000  rs=    0.9333
     atom=  C    l=1  rc=    1.4000  rs=    0.9333
     projs nearly linearly dependent: l=1  n1,n2= 1, 2  s=  0.99951561

     atom=  Cl   l=0  rc=    1.6000  rs=    1.0667
     atom=  Cl   l=0  rc=    1.6000  rs=    1.0667
     atom=  Cl   l=1  rc=    1.6000  rs=    1.0667
     atom=  Cl   l=1  rc=    1.6000  rs=    1.0667
     atom=  Cl   l=2  rc=    1.6000  rs=    1.0667
     atom=  Cl   l=2  rc=    1.6000  rs=    1.0667
     projs nearly linearly dependent: l=2  n1,n2= 1, 2  s=  0.99993509

     atom=  H    l=0  rc=    1.0000  rs=    0.6667
     atom=  H    l=0  rc=    1.0000  rs=    0.6667
     projs nearly linearly dependent: l=0  n1,n2= 1, 2  s=  0.99968852
     -----------------------------------------------------------------

     GIPAW integrals: -------------------------------------------
     Atom  i/j   nmr_para   nmr_dia   epr_rmc  epr_para   epr_dia
       C   1 1   0.83E+03  0.17E-01  0.93E+01  0.24E+08  0.24E+03
       C   2 1   0.86E+03 -0.61E-01  0.94E+01  0.25E+08  0.25E+03
       C   2 2   0.90E+03 -0.15E+00  0.97E+01  0.26E+08  0.26E+03
       C   3 3   0.33E+01  0.34E+00  0.18E+01  0.55E+03  0.21E+02
       C   4 3   0.35E+01  0.37E+00  0.20E+01  0.59E+03  0.22E+02
       C   4 4   0.38E+01  0.39E+00  0.22E+01  0.63E+03  0.24E+02
       Cl  1 1   0.14E+04 -0.47E+00  0.84E+01  0.32E+09  0.42E+03
       Cl  2 1   0.21E+04 -0.37E+00  0.12E+02  0.49E+09  0.65E+03
       Cl  2 2   0.33E+04 -0.16E+00  0.21E+02  0.76E+09  0.10E+04
       Cl  3 3   0.21E+02  0.79E-01  0.89E+01  0.23E+05  0.13E+03
       Cl  4 3   0.24E+02  0.67E-01  0.99E+01  0.27E+05  0.15E+03
       Cl  4 4   0.28E+02  0.44E-01  0.11E+02  0.32E+05  0.18E+03
       Cl  5 5   0.77E+00  0.19E+00  0.18E+01  0.12E+03  0.22E+02
       Cl  6 5   0.80E+00  0.19E+00  0.19E+01  0.12E+03  0.23E+02
       Cl  6 6   0.83E+00  0.20E+00  0.19E+01  0.12E+03  0.23E+02
       H   1 1   0.39E+02  0.19E+00  0.29E+00  0.78E+05  0.13E+02
       H   2 1   0.41E+02  0.21E+00  0.32E+00  0.82E+05  0.14E+02
       H   2 2   0.43E+02  0.22E+00  0.36E+00  0.86E+05  0.15E+02
     ------------------------------------------------------------

     alpha_pv=     34.1504 eV

     Number of occupied bands for each k-point:
     k-point:     1    nbnd_occ=  42
     k-point:     2    nbnd_occ=  42
     k-point:     3    nbnd_occ=  42
     k-point:     4    nbnd_occ=  42
     k-point:     5    nbnd_occ=  42
     k-point:     6    nbnd_occ=  42
     k-point:     7    nbnd_occ=  42
     k-point:     8    nbnd_occ=  42
     k-point:     9    nbnd_occ=  42
     k-point:    10    nbnd_occ=  42
     k-point:    11    nbnd_occ=  42
     k-point:    12    nbnd_occ=  42
     k-point:    13    nbnd_occ=  42
     k-point:    14    nbnd_occ=  42
     k-point:    15    nbnd_occ=  42
     k-point:    16    nbnd_occ=  42


     q-space interpolation up to   110.00 Rydberg

     GIPAW job: efg                                                                             


     ELECTRIC FIELD GRADIENTS TENSORS IN Hartree/bohrradius^2:

     ----- bare term -----
     Cl   1        0.032035        0.128536        0.087200
     Cl   1        0.128536       -0.206041        0.282436
     Cl   1        0.087200        0.282436        0.174006

     C    2        0.017438       -0.000138       -0.225681
     C    2       -0.000138        0.044250       -0.655640
     C    2       -0.225681       -0.655640       -0.061688

     C    3       -0.410342        0.217851        0.033872
     C    3        0.217851        0.028610       -0.068374
     C    3        0.033872       -0.068374        0.381732

     H    4       -0.162317       -0.453236       -0.003549
     H    4       -0.453236       -0.182306        0.167610
     H    4       -0.003549        0.167610        0.344623

     C    5       -0.069947       -0.160296       -0.314139
     C    5       -0.160296        0.008441       -0.453419
     C    5       -0.314139       -0.453419        0.061506

     H    6        0.442740       -0.143021        0.001464
     H    6       -0.143021       -0.781372        0.041426
     H    6        0.001464        0.041426        0.338632

     H    7        0.180334        0.067934        0.268873
     H    7        0.067934       -0.136644        0.455175
     H    7        0.268873        0.455175       -0.043690

     C    8       -0.495826       -0.363553       -0.482238
     C    8       -0.363553        0.347177        0.206909
     C    8       -0.482238        0.206909        0.148649

     H    9        0.126686        0.093026       -0.233046
     H    9        0.093026        0.471465       -0.048237
     H    9       -0.233046       -0.048237       -0.598151

     C   10        0.087989       -0.279810       -0.042611
     C   10       -0.279810       -0.153829        0.255730
     C   10       -0.042611        0.255730        0.065841

     C   11       -0.270740       -0.251373       -0.368117
     C   11       -0.251373       -0.077974        0.432010
     C   11       -0.368117        0.432010        0.348714

     Cl  12        0.026437       -0.026787       -0.060859
     Cl  12       -0.026787       -0.013343       -0.070403
     Cl  12       -0.060859       -0.070403       -0.013094

     H   13        0.434736       -0.099577       -0.029698
     H   13       -0.099577       -0.579468       -0.468102
     H   13       -0.029698       -0.468102        0.144733

     C   14       -0.846050        0.309757       -0.454316
     C   14        0.309757        0.226533        0.014336
     C   14       -0.454316        0.014336        0.619517

     H   15       -0.385173       -0.452397        0.075749
     H   15       -0.452397        0.228096        0.123536
     H   15        0.075749        0.123536        0.157078

     C   16        0.041488        0.088000       -0.093871
     C   16        0.088000       -0.522472       -0.338962
     C   16       -0.093871       -0.338962        0.480983

     C   17       -0.663949        0.291525       -0.387319
     C   17        0.291525        0.131248       -0.075341
     C   17       -0.387319       -0.075341        0.532701

     Cl  18       -0.045116       -0.003990       -0.076736
     Cl  18       -0.003990       -0.022263       -0.075707
     Cl  18       -0.076736       -0.075707        0.067379

     H   19        0.147925       -0.339479        0.073709
     H   19       -0.339479       -0.449616        0.411558
     H   19        0.073709        0.411558        0.301691

     C   20       -0.155964        0.260306       -0.411075
     C   20        0.260306        0.026237        0.531733
     C   20       -0.411075        0.531733        0.129727

     H   21        0.094379        0.078514       -0.254350
     H   21        0.078514        0.446877        0.320168
     H   21       -0.254350        0.320168       -0.541255

     C   22       -0.638941       -0.345662       -0.410516
     C   22       -0.345662        0.176575       -0.007376
     C   22       -0.410516       -0.007376        0.462367

     C   23        0.016829       -0.168073       -0.120581
     C   23       -0.168073       -0.279573        0.397628
     C   23       -0.120581        0.397628        0.262743

     Cl  24       -0.016203       -0.179906       -0.040359
     Cl  24       -0.179906       -0.002833        0.151358
     Cl  24       -0.040359        0.151358        0.019036

     ----- ionic term -----
     Cl   1        0.177826       -0.179061       -0.039759
     Cl   1       -0.179061       -0.029523        0.026136
     Cl   1       -0.039759        0.026136       -0.148303

     C    2        0.342811       -0.061321        0.069571
     C    2       -0.061321        0.135419        0.379296
     C    2        0.069571        0.379296       -0.478230

     C    3        0.234359       -0.167065        0.055348
     C    3       -0.167065        0.202299        0.365781
     C    3        0.055348        0.365781       -0.436658

     H    4        0.746319        0.449022        0.438436
     H    4        0.449022       -0.330505        0.219583
     H    4        0.438436        0.219583       -0.415814

     C    5        0.372075       -0.014795        0.122867
     C    5       -0.014795        0.117593        0.291689
     C    5        0.122867        0.291689       -0.489668

     H    6       -0.516048        0.190870        0.070506
     H    6        0.190870        0.842082        0.566875
     H    6        0.070506        0.566875       -0.326034

     H    7       -0.534229        0.006254        0.016581
     H    7        0.006254        0.643452       -0.716744
     H    7        0.016581       -0.716744       -0.109223

     C    8        0.153150        0.232831        0.393713
     C    8        0.232831        0.026167       -0.250650
     C    8        0.393713       -0.250650       -0.179316

     H    9        0.290933       -0.317100        0.741287
     H    9       -0.317100       -0.362253       -0.344391
     H    9        0.741287       -0.344391        0.071320

     C   10        0.030504        0.296135        0.255601
     C   10        0.296135        0.152496       -0.365499
     C   10        0.255601       -0.365499       -0.183000

     C   11        0.073300        0.244627        0.344770
     C   11        0.244627        0.053998       -0.412923
     C   11        0.344770       -0.412923       -0.127298

     Cl  12        0.163204        0.230527        0.055291
     Cl  12        0.230527       -0.022711        0.025316
     Cl  12        0.055291        0.025316       -0.140493

     H   13       -0.513244        0.090079        0.029458
     H   13        0.090079        0.742253        0.650404
     H   13        0.029458        0.650404       -0.229009

     C   14        0.406243       -0.049228        0.070396
     C   14       -0.049228        0.070127        0.315459
     C   14        0.070396        0.315459       -0.476371

     H   15        0.542669        0.534842        0.511525
     H   15        0.534842       -0.224072        0.325279
     H   15        0.511525        0.325279       -0.318597

     C   16        0.203743       -0.134705        0.047083
     C   16       -0.134705        0.246052        0.374349
     C   16        0.047083        0.374349       -0.449795

     C   17        0.355124       -0.041341        0.114511
     C   17       -0.041341        0.155807        0.338367
     C   17        0.114511        0.338367       -0.510931

     Cl  18        0.195852       -0.215031       -0.023421
     Cl  18       -0.215031       -0.044483        0.010063
     Cl  18       -0.023421        0.010063       -0.151369

     H   19       -0.516688        0.120248       -0.052206
     H   19        0.120248        0.609823       -0.715028
     H   19       -0.052206       -0.715028       -0.093135

     C   20        0.158368        0.248037        0.371790
     C   20        0.248037        0.010982       -0.272466
     C   20        0.371790       -0.272466       -0.169350

     H   21        0.254854       -0.133927        0.789240
     H   21       -0.133927       -0.504317       -0.217363
     H   21        0.789240       -0.217363        0.249463

     C   22        0.075461        0.341072        0.266166
     C   22        0.341072        0.105011       -0.306012
     C   22        0.266166       -0.306012       -0.180473

     C   23        0.144840        0.274110        0.373547
     C   23        0.274110        0.028277       -0.337726
     C   23        0.373547       -0.337726       -0.173117

     Cl  24        0.159420        0.221082        0.066948
     Cl  24        0.221082       -0.003782        0.035575
     Cl  24        0.066948        0.035575       -0.155637

     ----- GIPAW term -----
     Cl   1       -0.407181        0.269079       -0.470576
     Cl   1        0.269079        0.665493       -1.048747
     Cl   1       -0.470576       -1.048747       -0.258313

     C    2       -0.050843       -0.003874       -0.044128
     C    2       -0.003874        0.207690       -0.150754
     C    2       -0.044128       -0.150754       -0.156847

     C    3       -0.084373       -0.018299        0.020662
     C    3       -0.018299        0.090555       -0.045495
     C    3        0.020662       -0.045495       -0.006182

     H    4       -0.000000        0.000000        0.000000
     H    4        0.000000        0.000000        0.000000
     H    4        0.000000        0.000000        0.000000

     C    5       -0.072363       -0.076514       -0.022306
     C    5       -0.076514        0.194911       -0.120213
     C    5       -0.022306       -0.120213       -0.122548

     H    6       -0.000000        0.000000        0.000000
     H    6        0.000000        0.000000        0.000000
     H    6        0.000000        0.000000        0.000000

     H    7       -0.000000        0.000000        0.000000
     H    7        0.000000        0.000000        0.000000
     H    7        0.000000        0.000000        0.000000

     C    8       -0.020358       -0.216372       -0.098698
     C    8       -0.216372        0.127504        0.054124
     C    8       -0.098698        0.054124       -0.107146

     H    9       -0.000000        0.000000        0.000000
     H    9        0.000000        0.000000        0.000000
     H    9        0.000000        0.000000        0.000000

     C   10       -0.007390       -0.067656       -0.055658
     C   10       -0.067656       -0.004224        0.078775
     C   10       -0.055658        0.078775        0.011614

     C   11       -0.096537       -0.014479       -0.102762
     C   11       -0.014479        0.033196        0.217869
     C   11       -0.102762        0.217869        0.063341

     Cl  12       -0.586273        1.161742       -0.458247
     Cl  12        1.161742       -0.549621        1.655076
     Cl  12       -0.458247        1.655076        1.135894

     H   13       -0.000000        0.000000        0.000000
     H   13        0.000000        0.000000        0.000000
     H   13        0.000000        0.000000        0.000000

     C   14       -0.236247        0.022235       -0.082199
     C   14        0.022235        0.057791        0.190498
     C   14       -0.082199        0.190498        0.178456

     H   15       -0.000000        0.000000        0.000000
     H   15        0.000000        0.000000        0.000000
     H   15        0.000000        0.000000        0.000000

     C   16       -0.073356       -0.016799       -0.072335
     C   16       -0.016799       -0.147841        0.036230
     C   16       -0.072335        0.036230        0.221197

     C   17       -0.126967       -0.116631       -0.135995
     C   17       -0.116631        0.058099        0.167467
     C   17       -0.135995        0.167467        0.068867

     Cl  18        0.827670       -1.362264       -2.041262
     Cl  18       -1.362264       -1.178918       -0.795772
     Cl  18       -2.041262       -0.795772        0.351249

     H   19       -0.000000        0.000000        0.000000
     H   19        0.000000        0.000000        0.000000
     H   19        0.000000        0.000000        0.000000

     C   20       -0.024191        0.210045       -0.059771
     C   20        0.210045        0.144316        0.106527
     C   20       -0.059771        0.106527       -0.120125

     H   21       -0.000000        0.000000        0.000000
     H   21        0.000000        0.000000        0.000000
     H   21        0.000000        0.000000        0.000000

     C   22       -0.180653        0.062154       -0.152617
     C   22        0.062154        0.103887       -0.187890
     C   22       -0.152617       -0.187890        0.076765

     C   23       -0.033532       -0.005384        0.058604
     C   23       -0.005384        0.062300       -0.147276
     C   23        0.058604       -0.147276       -0.028768

     Cl  24       -0.717960        0.281058        0.611100
     Cl  24        0.281058       -0.256749       -1.552327
     Cl  24        0.611100       -1.552327        0.974708

     ----- total EFG -----
     Cl   1       -0.197320        0.218554       -0.423135
     Cl   1        0.218554        0.429929       -0.740176
     Cl   1       -0.423135       -0.740176       -0.232609

     C    2        0.309406       -0.065334       -0.200238
     C    2       -0.065334        0.387360       -0.427098
     C    2       -0.200238       -0.427098       -0.696766

     C    3       -0.260356        0.032487        0.109882
     C    3        0.032487        0.321464        0.251913
     C    3        0.109882        0.251913       -0.061108

     H    4        0.584002       -0.004214        0.434887
     H    4       -0.004214       -0.512811        0.387193
     H    4        0.434887        0.387193       -0.071191

     C    5        0.229764       -0.251605       -0.213577
     C    5       -0.251605        0.320945       -0.281943
     C    5       -0.213577       -0.281943       -0.550709

     H    6       -0.073308        0.047850        0.071969
     H    6        0.047850        0.060710        0.608301
     H    6        0.071969        0.608301        0.012598

     H    7       -0.353895        0.074188        0.285454
     H    7        0.074188        0.506808       -0.261569
     H    7        0.285454       -0.261569       -0.152913

     C    8       -0.363034       -0.347094       -0.187224
     C    8       -0.347094        0.500847        0.010383
     C    8       -0.187224        0.010383       -0.137813

     H    9        0.417619       -0.224074        0.508242
     H    9       -0.224074        0.109212       -0.392628
     H    9        0.508242       -0.392628       -0.526831

     C   10        0.111103       -0.051331        0.157331
     C   10       -0.051331       -0.005557       -0.030993
     C   10        0.157331       -0.030993       -0.105546

     C   11       -0.293977       -0.021225       -0.126110
     C   11       -0.021225        0.009220        0.236956
     C   11       -0.126110        0.236956        0.284757

     Cl  12       -0.396633        1.365482       -0.463815
     Cl  12        1.365482       -0.585675        1.609989
     Cl  12       -0.463815        1.609989        0.982307

     H   13       -0.078508       -0.009499       -0.000240
     H   13       -0.009499        0.162785        0.182302
     H   13       -0.000240        0.182302       -0.084277

     C   14       -0.676053        0.282765       -0.466119
     C   14        0.282765        0.354451        0.520293
     C   14       -0.466119        0.520293        0.321602

     H   15        0.157496        0.082445        0.587273
     H   15        0.082445        0.004024        0.448816
     H   15        0.587273        0.448816       -0.161520

     C   16        0.171875       -0.063503       -0.119123
     C   16       -0.063503       -0.424260        0.071618
     C   16       -0.119123        0.071618        0.252385

     C   17       -0.435791        0.133553       -0.408803
     C   17        0.133553        0.345154        0.430493
     C   17       -0.408803        0.430493        0.090637

     Cl  18        0.978405       -1.581285       -2.141419
     Cl  18       -1.581285       -1.245664       -0.861416
     Cl  18       -2.141419       -0.861416        0.267259

     H   19       -0.368764       -0.219230        0.021503
     H   19       -0.219230        0.160208       -0.303470
     H   19        0.021503       -0.303470        0.208556

     C   20       -0.021787        0.718387       -0.099055
     C   20        0.718387        0.181535        0.365793
     C   20       -0.099055        0.365793       -0.159748

     H   21        0.349233       -0.055413        0.534890
     H   21       -0.055413       -0.057440        0.102806
     H   21        0.534890        0.102806       -0.291792

     C   22       -0.744133        0.057564       -0.296967
     C   22        0.057564        0.385474       -0.501278
     C   22       -0.296967       -0.501278        0.358659

     C   23        0.128137        0.100653        0.311571
     C   23        0.100653       -0.188996       -0.087374
     C   23        0.311571       -0.087374        0.060858

     Cl  24       -0.574743        0.322233        0.637689
     Cl  24        0.322233       -0.263364       -1.365394
     Cl  24        0.637689       -1.365394        0.838107

     ----- total EFG (symmetrized) -----
     Cl   1       -0.197320        0.218554       -0.423135
     Cl   1        0.218554        0.429929       -0.740176
     Cl   1       -0.423135       -0.740176       -0.232609

     C    2        0.309406       -0.065334       -0.200238
     C    2       -0.065334        0.387360       -0.427098
     C    2       -0.200238       -0.427098       -0.696766

     C    3       -0.260356        0.032487        0.109882
     C    3        0.032487        0.321464        0.251913
     C    3        0.109882        0.251913       -0.061108

     H    4        0.584002       -0.004214        0.434887
     H    4       -0.004214       -0.512811        0.387193
     H    4        0.434887        0.387193       -0.071191

     C    5        0.229764       -0.251605       -0.213577
     C    5       -0.251605        0.320945       -0.281943
     C    5       -0.213577       -0.281943       -0.550709

     H    6       -0.073308        0.047850        0.071969
     H    6        0.047850        0.060710        0.608301
     H    6        0.071969        0.608301        0.012598

     H    7       -0.353895        0.074188        0.285454
     H    7        0.074188        0.506808       -0.261569
     H    7        0.285454       -0.261569       -0.152913

     C    8       -0.363034       -0.347094       -0.187224
     C    8       -0.347094        0.500847        0.010383
     C    8       -0.187224        0.010383       -0.137813

     H    9        0.417619       -0.224074        0.508242
     H    9       -0.224074        0.109212       -0.392628
     H    9        0.508242       -0.392628       -0.526831

     C   10        0.111103       -0.051331        0.157331
     C   10       -0.051331       -0.005557       -0.030993
     C   10        0.157331       -0.030993       -0.105546

     C   11       -0.293977       -0.021225       -0.126110
     C   11       -0.021225        0.009220        0.236956
     C   11       -0.126110        0.236956        0.284757

     Cl  12       -0.396633        1.365482       -0.463815
     Cl  12        1.365482       -0.585675        1.609989
     Cl  12       -0.463815        1.609989        0.982307

     H   13       -0.078508       -0.009499       -0.000240
     H   13       -0.009499        0.162785        0.182302
     H   13       -0.000240        0.182302       -0.084277

     C   14       -0.676053        0.282765       -0.466119
     C   14        0.282765        0.354451        0.520293
     C   14       -0.466119        0.520293        0.321602

     H   15        0.157496        0.082445        0.587273
     H   15        0.082445        0.004024        0.448816
     H   15        0.587273        0.448816       -0.161520

     C   16        0.171875       -0.063503       -0.119123
     C   16       -0.063503       -0.424260        0.071618
     C   16       -0.119123        0.071618        0.252385

     C   17       -0.435791        0.133553       -0.408803
     C   17        0.133553        0.345154        0.430493
     C   17       -0.408803        0.430493        0.090637

     Cl  18        0.978405       -1.581285       -2.141419
     Cl  18       -1.581285       -1.245664       -0.861416
     Cl  18       -2.141419       -0.861416        0.267259

     H   19       -0.368764       -0.219230        0.021503
     H   19       -0.219230        0.160208       -0.303470
     H   19        0.021503       -0.303470        0.208556

     C   20       -0.021787        0.718387       -0.099055
     C   20        0.718387        0.181535        0.365793
     C   20       -0.099055        0.365793       -0.159748

     H   21        0.349233       -0.055413        0.534890
     H   21       -0.055413       -0.057440        0.102806
     H   21        0.534890        0.102806       -0.291792

     C   22       -0.744133        0.057564       -0.296967
     C   22        0.057564        0.385474       -0.501278
     C   22       -0.296967       -0.501278        0.358659

     C   23        0.128137        0.100653        0.311571
     C   23        0.100653       -0.188996       -0.087374
     C   23        0.311571       -0.087374        0.060858

     Cl  24       -0.574743        0.322233        0.637689
     Cl  24        0.322233       -0.263364       -1.365394
     Cl  24        0.637689       -1.365394        0.838107


     NQR/NMR SPECTROSCOPIC PARAMETERS:
     Cl   1    Vxx=   -0.2312    axis=(  0.853562 -0.487606 -0.183501)
     Cl   1    Vyy=   -0.8190    axis=(  0.409815  0.410915  0.814371)
     Cl   1    Vzz=    1.0502    axis=( -0.321689 -0.770318  0.550569)
     Cl   1  Q=        -8.1650 1e-30 m^2  Cq=       -20.1480 MHz  eta= 0.55970

     C    2    Vxx=    0.3466    axis=(  0.984536 -0.075954 -0.157863)
     C    2    Vyy=    0.5355    axis=(  0.019840  0.943667 -0.330301)
     C    2    Vzz=   -0.8820    axis=(  0.174058  0.322061  0.930581)
     C    2  Q=         1.0000 1e-30 m^2  Cq=        -2.0724 MHz  eta= 0.21419

     C    3    Vxx=   -0.1344    axis=(  0.523019 -0.440480  0.729677)
     C    3    Vyy=   -0.3207    axis=(  0.845197  0.157583 -0.510695)
     C    3    Vzz=    0.4551    axis=(  0.109966  0.883824  0.454711)
     C    3  Q=         1.0000 1e-30 m^2  Cq=         1.0693 MHz  eta= 0.40930

     H    4    Vxx=   -0.0457    axis=( -0.465365  0.567364  0.679363)
     H    4    Vyy=   -0.7784    axis=(  0.179711  0.812117 -0.555130)
     H    4    Vzz=    0.8241    axis=(  0.866683  0.136249  0.479893)
     H    4  Q=         1.0000 1e-30 m^2  Cq=         1.9364 MHz  eta= 0.88903

     C    5    Vxx=    0.1786    axis=(  0.754201  0.507270 -0.416963)
     C    5    Vyy=    0.5384    axis=(  0.590214 -0.802002  0.091875)
     C    5    Vzz=   -0.7170    axis=(  0.287800  0.315390  0.904268)
     C    5  Q=         1.0000 1e-30 m^2  Cq=        -1.6847 MHz  eta= 0.50179

     H    6    Vxx=   -0.0824    axis=( -0.992632  0.109262  0.052381)
     H    6    Vyy=   -0.5728    axis=( -0.037904 -0.690602  0.722241)
     H    6    Vzz=    0.6552    axis=( -0.115088 -0.714934 -0.689655)
     H    6  Q=         1.0000 1e-30 m^2  Cq=         1.5395 MHz  eta= 0.74856

     H    7    Vxx=   -0.0003    axis=(  0.638068  0.277189  0.718356)
     H    7    Vyy=   -0.5983    axis=(  0.769469 -0.195565 -0.608007)
     H    7    Vzz=    0.5986    axis=(  0.028048 -0.940702  0.338072)
     H    7  Q=         1.0000 1e-30 m^2  Cq=         1.4065 MHz  eta= 0.99902

     C    8    Vxx=   -0.0726    axis=( -0.331826 -0.217470  0.917931)
     C    8    Vyy=   -0.5574    axis=( -0.878149 -0.284243 -0.384786)
     C    8    Vzz=    0.6300    axis=(  0.344594 -0.933763 -0.096652)
     C    8  Q=         1.0000 1e-30 m^2  Cq=         1.4803 MHz  eta= 0.76955

     H    9    Vxx=    0.0011    axis=(  0.551474  0.829729 -0.086178)
     H    9    Vyy=    0.8329    axis=(  0.773632 -0.470058  0.424899)
     H    9    Vzz=   -0.8340    axis=(  0.312042 -0.300990 -0.901130)
     H    9  Q=         1.0000 1e-30 m^2  Cq=        -1.9595 MHz  eta= 0.99745

     C   10    Vxx=   -0.0221    axis=(  0.246053  0.963437  0.106050)
     C   10    Vyy=   -0.1883    axis=( -0.462304  0.020488  0.886485)
     C   10    Vzz=    0.2104    axis=(  0.851900 -0.267149  0.450442)
     C   10  Q=         1.0000 1e-30 m^2  Cq=         0.4943 MHz  eta= 0.79012

     C   11    Vxx=   -0.1174    axis=(  0.213541  0.869499 -0.445389)
     C   11    Vyy=   -0.3234    axis=(  0.963444 -0.111931  0.243407)
     C   11    Vzz=    0.4407    axis=( -0.161789  0.481085  0.861616)
     C   11  Q=         1.0000 1e-30 m^2  Cq=         1.0356 MHz  eta= 0.46740

     Cl  12    Vxx=    0.4811    axis=(  0.814768  0.372930 -0.443933)
     Cl  12    Vyy=    2.0466    axis=(  0.170949  0.577121  0.798566)
     Cl  12    Vzz=   -2.5276    axis=(  0.554012 -0.726536  0.406467)
     Cl  12  Q=        -8.1650 1e-30 m^2  Cq=        48.4913 MHz  eta= 0.61934

     H   13    Vxx=   -0.0785    axis=(  0.998829  0.002834  0.048292)
     H   13    Vyy=   -0.1811    axis=(  0.041328  0.468834 -0.882319)
     H   13    Vzz=    0.2597    axis=( -0.025141  0.883282  0.468168)
     H   13  Q=         1.0000 1e-30 m^2  Cq=         0.6101 MHz  eta= 0.39505

     C   14    Vxx=    0.1508    axis=(  0.529077  0.652218 -0.542853)
     C   14    Vyy=    0.8701    axis=( -0.094385  0.680985  0.726189)
     C   14    Vzz=   -1.0209    axis=(  0.843308 -0.332973  0.421853)
     C   14  Q=         1.0000 1e-30 m^2  Cq=        -2.3986 MHz  eta= 0.70460

     H   15    Vxx=   -0.0196    axis=(  0.595536 -0.800511 -0.067226)
     H   15    Vyy=   -0.7506    axis=(  0.467656  0.413516 -0.781219)
     H   15    Vzz=    0.7703    axis=(  0.653173  0.433805  0.620627)
     H   15  Q=         1.0000 1e-30 m^2  Cq=         1.8098 MHz  eta= 0.94906

     C   16    Vxx=    0.0866    axis=( -0.808324  0.017985 -0.588463)
     C   16    Vyy=    0.3496    axis=( -0.582371  0.122169  0.803690)
     C   16    Vzz=   -0.4362    axis=( -0.086346 -0.992346  0.088279)
     C   16  Q=         1.0000 1e-30 m^2  Cq=        -1.0248 MHz  eta= 0.60305

     C   17    Vxx=    0.0749    axis=(  0.594615  0.584871 -0.551687)
     C   17    Vyy=    0.6869    axis=(  0.144360 -0.752682 -0.642363)
     C   17    Vzz=   -0.7618    axis=( -0.790944  0.302317 -0.531988)
     C   17  Q=         1.0000 1e-30 m^2  Cq=        -1.7899 MHz  eta= 0.80346

     Cl  18    Vxx=    0.2029    axis=(  0.304733 -0.710112  0.634727)
     Cl  18    Vyy=    2.9131    axis=(  0.792457 -0.180648 -0.582562)
     Cl  18    Vzz=   -3.1160    axis=( -0.528346 -0.680520 -0.507684)
     Cl  18  Q=        -8.1650 1e-30 m^2  Cq=        59.7787 MHz  eta= 0.86978

     H   19    Vxx=   -0.0601    axis=( -0.376281  0.599072  0.706771)
     H   19    Vyy=   -0.4603    axis=( -0.907098 -0.393522 -0.149378)
     H   19    Vzz=    0.5204    axis=(  0.188642 -0.697319  0.691492)
     H   19  Q=         1.0000 1e-30 m^2  Cq=         1.2228 MHz  eta= 0.76897

     C   20    Vxx=   -0.0468    axis=( -0.483533  0.136062  0.864687)
     C   20    Vyy=   -0.8058    axis=( -0.632810  0.628174 -0.452713)
     C   20    Vzz=    0.8526    axis=( -0.604771 -0.766084 -0.217641)
     C   20  Q=         1.0000 1e-30 m^2  Cq=         2.0032 MHz  eta= 0.89022

     H   21    Vxx=   -0.0332    axis=(  0.103395 -0.979062 -0.175348)
     H   21    Vyy=   -0.6191    axis=(  0.482289  0.203532 -0.852040)
     H   21    Vzz=    0.6523    axis=(  0.869889  0.003528  0.493235)
     H   21  Q=         1.0000 1e-30 m^2  Cq=         1.5326 MHz  eta= 0.89828

     C   22    Vxx=   -0.0880    axis=( -0.232635  0.720215  0.653584)
     C   22    Vyy=   -0.8234    axis=( -0.960789 -0.065929 -0.269330)
     C   22    Vzz=    0.9115    axis=( -0.150885 -0.690611  0.707312)
     C   22  Q=         1.0000 1e-30 m^2  Cq=         2.1415 MHz  eta= 0.80685

     C   23    Vxx=   -0.0712    axis=( -0.426360 -0.744792  0.513324)
     C   23    Vyy=   -0.3372    axis=(  0.508859 -0.666666 -0.544628)
     C   23    Vzz=    0.4084    axis=(  0.747850  0.029002  0.663234)
     C   23  Q=         1.0000 1e-30 m^2  Cq=         0.9595 MHz  eta= 0.65150

     Cl  24    Vxx=   -0.2287    axis=(  0.828642  0.529319  0.182137)
     Cl  24    Vyy=   -1.5846    axis=( -0.538648  0.665420  0.516792)
     Cl  24    Vzz=    1.8134    axis=(  0.152350 -0.526344  0.836512)
     Cl  24  Q=        -8.1650 1e-30 m^2  Cq=       -34.7886 MHz  eta= 0.74772

     Initialization:
     gipaw_setup  :      9.57s CPU     11.54s WALL (       1 calls)

     Linear response

     Apply operators

     Induced current

     Other routines
     efg          :      9.31s CPU     11.48s WALL (       1 calls)

     General routines
     calbec       :      3.19s CPU      4.06s WALL (      16 calls)
     fft          :      1.86s CPU      3.06s WALL (      15 calls)
     ffts         :      0.02s CPU      0.04s WALL (       2 calls)
     fftw         :      3.35s CPU      3.94s WALL (     672 calls)
     davcio       :      0.01s CPU      0.31s WALL (      32 calls)

     Parallel routines
     fft_scatter  :      2.48s CPU      4.09s WALL (     689 calls)

     Plugins

     GIPAW        :     63.41s CPU     74.58s WALL (       1 calls)
