
     Program QE v.6.0 (svn rev. 13079) starts on 20Dec2016 at 23:51:53 

     This program is part of the open-source Quantum ESPRESSO suite
     for quantum simulation of materials; please cite
         "P. Giannozzi et al., J. Phys.:Condens. Matter 21 395502 (2009);
          URL http://www.quantum-espresso.org", 
     in publications or presentations arising from this work. More details at
     http://www.quantum-espresso.org/quote

     Parallel version (MPI), running on     8 processors
     R & G space division:  proc/nbgrp/npool/nimage =       8

     ***** This is GIPAW svn revision unknown      *****

     Parallelizing q-star over 1 images

     Reading data from directory:
     /users/majewski/paradichlorobenzene/pbe/9_constraint/scratch/pbe.ecut100.np8.dt60.pcl2phi-129368.save
     Message from routine read_xml_file:
     file /users/majewski/paradichlorobenzene/pbe/9_constraint/scratch/pbe.ecut100.np8.dt60.pcl2phi-129368.save not guaranteed to be safe for post-processing

   Info: using nr1, nr2, nr3 values from input

   Info: using nr1, nr2, nr3 values from input

     IMPORTANT: XC functional enforced from input :
     Exchange-correlation      =  SLA  PW   PBX  PBC ( 1  4  3  4 0 0)
     Any further DFT definition will be discarded
     Please, verify this is what you really want

               file C.pbe-n-kjpaw_psl.1.0.0.UPF: wavefunction(s)  2S 2P renormalized
               file Cl.pbe-n-kjpaw_psl.1.0.0.UPF: wavefunction(s)  3S 3P renormalized
               file H.pbe-kjpaw_psl.1.0.0.UPF: wavefunction(s)  1S renormalized

     Parallelization info
     --------------------
     sticks:   dense  smooth     PW     G-vecs:    dense   smooth      PW
     Min        3057    1223    332               144436    36536    5170
     Max        3059    1225    333               144437    36537    5171
     Sum       24467    9791   2657              1155489   292295   41363


     Subspace diagonalization in iterative solution of the eigenvalue problem:
     a serial algorithm will be used

     GIPAW projectors -----------------------------------------------
     atom=  C    l=0  rc=    1.2000  rs=    0.8000
     atom=  C    l=0  rc=    1.2000  rs=    0.8000
     atom=  C    l=1  rc=    1.4000  rs=    0.9333
     atom=  C    l=1  rc=    1.4000  rs=    0.9333
     projs nearly linearly dependent: l=1  n1,n2= 1, 2  s=  0.99951561

     atom=  Cl   l=0  rc=    1.6000  rs=    1.0667
     atom=  Cl   l=0  rc=    1.6000  rs=    1.0667
     atom=  Cl   l=1  rc=    1.6000  rs=    1.0667
     atom=  Cl   l=1  rc=    1.6000  rs=    1.0667
     atom=  Cl   l=2  rc=    1.6000  rs=    1.0667
     atom=  Cl   l=2  rc=    1.6000  rs=    1.0667
     projs nearly linearly dependent: l=2  n1,n2= 1, 2  s=  0.99993509

     atom=  H    l=0  rc=    1.0000  rs=    0.6667
     atom=  H    l=0  rc=    1.0000  rs=    0.6667
     projs nearly linearly dependent: l=0  n1,n2= 1, 2  s=  0.99968852
     -----------------------------------------------------------------

     GIPAW integrals: -------------------------------------------
     Atom  i/j   nmr_para   nmr_dia   epr_rmc  epr_para   epr_dia
       C   1 1   0.83E+03  0.17E-01  0.93E+01  0.24E+08  0.24E+03
       C   2 1   0.86E+03 -0.61E-01  0.94E+01  0.25E+08  0.25E+03
       C   2 2   0.90E+03 -0.15E+00  0.97E+01  0.26E+08  0.26E+03
       C   3 3   0.33E+01  0.34E+00  0.18E+01  0.55E+03  0.21E+02
       C   4 3   0.35E+01  0.37E+00  0.20E+01  0.59E+03  0.22E+02
       C   4 4   0.38E+01  0.39E+00  0.22E+01  0.63E+03  0.24E+02
       Cl  1 1   0.14E+04 -0.47E+00  0.84E+01  0.32E+09  0.42E+03
       Cl  2 1   0.21E+04 -0.37E+00  0.12E+02  0.49E+09  0.65E+03
       Cl  2 2   0.33E+04 -0.16E+00  0.21E+02  0.76E+09  0.10E+04
       Cl  3 3   0.21E+02  0.79E-01  0.89E+01  0.23E+05  0.13E+03
       Cl  4 3   0.24E+02  0.67E-01  0.99E+01  0.27E+05  0.15E+03
       Cl  4 4   0.28E+02  0.44E-01  0.11E+02  0.32E+05  0.18E+03
       Cl  5 5   0.77E+00  0.19E+00  0.18E+01  0.12E+03  0.22E+02
       Cl  6 5   0.80E+00  0.19E+00  0.19E+01  0.12E+03  0.23E+02
       Cl  6 6   0.83E+00  0.20E+00  0.19E+01  0.12E+03  0.23E+02
       H   1 1   0.39E+02  0.19E+00  0.29E+00  0.78E+05  0.13E+02
       H   2 1   0.41E+02  0.21E+00  0.32E+00  0.82E+05  0.14E+02
       H   2 2   0.43E+02  0.22E+00  0.36E+00  0.86E+05  0.15E+02
     ------------------------------------------------------------

     alpha_pv=     33.9342 eV

     Number of occupied bands for each k-point:
     k-point:     1    nbnd_occ=  42
     k-point:     2    nbnd_occ=  42
     k-point:     3    nbnd_occ=  42
     k-point:     4    nbnd_occ=  42
     k-point:     5    nbnd_occ=  42
     k-point:     6    nbnd_occ=  42
     k-point:     7    nbnd_occ=  42
     k-point:     8    nbnd_occ=  42
     k-point:     9    nbnd_occ=  42
     k-point:    10    nbnd_occ=  42
     k-point:    11    nbnd_occ=  42
     k-point:    12    nbnd_occ=  42
     k-point:    13    nbnd_occ=  42
     k-point:    14    nbnd_occ=  42
     k-point:    15    nbnd_occ=  42
     k-point:    16    nbnd_occ=  42


     q-space interpolation up to   110.00 Rydberg

     GIPAW job: efg                                                                             


     ELECTRIC FIELD GRADIENTS TENSORS IN Hartree/bohrradius^2:

     ----- bare term -----
     Cl   1       -0.131813        0.300194       -0.040620
     Cl   1        0.300194       -0.056637       -0.016839
     Cl   1       -0.040620       -0.016839        0.188450

     C    2        0.019132       -0.280327       -0.460249
     C    2       -0.280327       -0.212768       -0.505153
     C    2       -0.460249       -0.505153        0.193636

     C    3       -0.554010        0.276401       -0.333738
     C    3        0.276401       -0.032926       -0.148486
     C    3       -0.333738       -0.148486        0.586936

     H    4        0.029377       -0.096344       -0.507063
     H    4       -0.096344        0.466915       -0.014099
     H    4       -0.507063       -0.014099       -0.496292

     C    5       -0.078055        0.199313       -0.117404
     C    5        0.199313       -0.294848       -0.271344
     C    5       -0.117404       -0.271344        0.372903

     H    6        0.420367       -0.140384       -0.210265
     H    6       -0.140384       -0.072302       -0.567635
     H    6       -0.210265       -0.567635       -0.348065

     H    7        0.540953        0.013162       -0.024902
     H    7        0.013162       -0.206512        0.313306
     H    7       -0.024902        0.313306       -0.334441

     C    8       -0.721032       -0.369567       -0.287983
     C    8       -0.369567        0.415615        0.277567
     C    8       -0.287983        0.277567        0.305417

     H    9       -0.517791       -0.017613       -0.257702
     H    9       -0.017613        0.258449        0.350575
     H    9       -0.257702        0.350575        0.259342

     C   10        0.027101       -0.309483       -0.110954
     C   10       -0.309483       -0.132753        0.588572
     C   10       -0.110954        0.588572        0.105651

     C   11       -0.619948       -0.425641       -0.412787
     C   11       -0.425641        0.357989        0.134455
     C   11       -0.412787        0.134455        0.261960

     Cl  12       -0.076502       -0.033437        0.065828
     Cl  12       -0.033437        0.018612       -0.163028
     Cl  12        0.065828       -0.163028        0.057890

     H   13        0.348495        0.143216       -0.311604
     H   13        0.143216       -0.277369       -0.399257
     H   13       -0.311604       -0.399257       -0.071126

     C   14       -0.760601        0.362740       -0.241199
     C   14        0.362740        0.309303       -0.113151
     C   14       -0.241199       -0.113151        0.451298

     H   15        0.055543        0.175520       -0.436856
     H   15        0.175520       -0.083971        0.164151
     H   15       -0.436856        0.164151        0.028428

     C   16        0.276458        0.091584       -0.126834
     C   16        0.091584       -0.215193       -0.536281
     C   16       -0.126834       -0.536281       -0.061265

     C   17       -0.573560        0.423200       -0.415046
     C   17        0.423200        0.224074       -0.040063
     C   17       -0.415046       -0.040063        0.349486

     Cl  18        0.154102        0.011662       -0.031384
     Cl  18        0.011662       -0.246781        0.050135
     Cl  18       -0.031384        0.050135        0.092679

     H   19        0.292238        0.420517        0.089538
     H   19        0.420517       -0.646694       -0.026846
     H   19        0.089538       -0.026846        0.354456

     C   20       -0.053928       -0.092011       -0.105237
     C   20       -0.092011       -0.136046        0.239533
     C   20       -0.105237        0.239533        0.189974

     H   21       -0.459696        0.403444        0.169471
     H   21        0.403444        0.211298       -0.077439
     H   21        0.169471       -0.077439        0.248398

     C   22       -0.213100       -0.064630       -0.052673
     C   22       -0.064630       -0.005043        0.055406
     C   22       -0.052673        0.055406        0.218143

     C   23       -0.063240       -0.044319       -0.184867
     C   23       -0.044319        0.009242        0.582275
     C   23       -0.184867        0.582275        0.053999

     Cl  24       -0.173682       -0.094928       -0.039401
     Cl  24       -0.094928       -0.049776        0.143265
     Cl  24       -0.039401        0.143265        0.223457

     ----- ionic term -----
     Cl   1        0.031090       -0.191655        0.012158
     Cl   1       -0.191655        0.118415       -0.005243
     Cl   1        0.012158       -0.005243       -0.149504

     C    2        0.040627       -0.241533        0.322586
     C    2       -0.241533        0.159575        0.359763
     C    2        0.322586        0.359763       -0.200202

     C    3        0.035227       -0.236518        0.257610
     C    3       -0.236518        0.156993        0.375085
     C    3        0.257610        0.375085       -0.192220

     H    4        0.559461        0.136146        0.767056
     H    4        0.136146       -0.513940        0.159335
     H    4        0.767056        0.159335       -0.045521

     C    5        0.121289       -0.206776        0.348925
     C    5       -0.206776        0.020798        0.274128
     C    5        0.348925        0.274128       -0.142087

     H    6       -0.532360        0.146600        0.113455
     H    6        0.146600        0.389423        0.779403
     H    6        0.113455        0.779403        0.142936

     H    7       -0.520245       -0.085342        0.072281
     H    7       -0.085342        0.561161       -0.764379
     H    7        0.072281       -0.764379       -0.040917

     C    8        0.345715        0.186918        0.184675
     C    8        0.186918        0.037278       -0.335190
     C    8        0.184675       -0.335190       -0.382993

     H    9        0.791327       -0.396657        0.462756
     H    9       -0.396657       -0.364280       -0.209474
     H    9        0.462756       -0.209474       -0.427047

     C   10        0.223987        0.225958        0.076520
     C   10        0.225958        0.180506       -0.394621
     C   10        0.076520       -0.394621       -0.404493

     C   11        0.351094        0.121390        0.129322
     C   11        0.121390        0.067803       -0.396830
     C   11        0.129322       -0.396830       -0.418897

     Cl  12        0.164242        0.210584       -0.031878
     Cl  12        0.210584       -0.031917       -0.029600
     Cl  12       -0.031878       -0.029600       -0.132325

     H   13       -0.518359        0.099513        0.102121
     H   13        0.099513        0.512719        0.755103
     H   13        0.102121        0.755103        0.005640

     C   14        0.187628       -0.344712        0.317054
     C   14       -0.344712        0.107214        0.242207
     C   14        0.317054        0.242207       -0.294842

     H   15        0.468851        0.070947        0.781890
     H   15        0.070947       -0.480870        0.133560
     H   15        0.781890        0.133560        0.012019

     C   16        0.045944       -0.343920        0.267255
     C   16       -0.343920        0.229226        0.352692
     C   16        0.267255        0.352692       -0.275170

     C   17        0.080738       -0.197474        0.371987
     C   17       -0.197474        0.082454        0.369041
     C   17        0.371987        0.369041       -0.163192

     Cl  18        0.124332       -0.202238        0.016872
     Cl  18       -0.202238        0.019315       -0.006229
     Cl  18        0.016872       -0.006229       -0.143647

     H   19       -0.484018       -0.189026        0.087234
     H   19       -0.189026        0.653532       -0.689033
     H   19        0.087234       -0.689033       -0.169514

     C   20        0.400670        0.066426        0.184244
     C   20        0.066426        0.039544       -0.295299
     C   20        0.184244       -0.295299       -0.440214

     H   21        0.880391       -0.247395        0.478190
     H   21       -0.247395       -0.459880       -0.151511
     H   21        0.478190       -0.151511       -0.420511

     C   22        0.241922        0.151163        0.146753
     C   22        0.151163        0.166779       -0.337614
     C   22        0.146753       -0.337614       -0.408701

     C   23        0.220019        0.083536        0.257593
     C   23        0.083536        0.177019       -0.361608
     C   23        0.257593       -0.361608       -0.397038

     Cl  24        0.090054        0.175214        0.005401
     Cl  24        0.175214        0.063745       -0.005362
     Cl  24        0.005401       -0.005362       -0.153799

     ----- GIPAW term -----
     Cl   1        1.865690        0.880506       -1.615996
     Cl   1        0.880506       -0.810866       -0.811445
     Cl   1       -1.615996       -0.811445       -1.054824

     C    2        0.026800       -0.246220       -0.136747
     C    2       -0.246220        0.024137        0.057598
     C    2       -0.136747        0.057598       -0.050937

     C    3       -0.226640        0.013656       -0.097090
     C    3        0.013656       -0.073890        0.073813
     C    3       -0.097090        0.073813        0.300529

     H    4       -0.000000        0.000000        0.000000
     H    4        0.000000        0.000000        0.000000
     H    4        0.000000        0.000000        0.000000

     C    5       -0.111435        0.058259        0.030028
     C    5        0.058259        0.011487        0.161541
     C    5        0.030028        0.161541        0.099948

     H    6       -0.000000        0.000000        0.000000
     H    6        0.000000        0.000000        0.000000
     H    6        0.000000        0.000000        0.000000

     H    7       -0.000000        0.000000        0.000000
     H    7        0.000000        0.000000        0.000000
     H    7        0.000000        0.000000        0.000000

     C    8       -0.214229       -0.073338       -0.035695
     C    8       -0.073338        0.261032        0.133377
     C    8       -0.035695        0.133377       -0.046803

     H    9       -0.000000        0.000000        0.000000
     H    9        0.000000        0.000000        0.000000
     H    9        0.000000        0.000000        0.000000

     C   10       -0.098305       -0.102864        0.002875
     C   10       -0.102864        0.231349        0.031180
     C   10        0.002875        0.031180       -0.133044

     C   11       -0.134613       -0.091647       -0.040933
     C   11       -0.091647        0.283058       -0.034387
     C   11       -0.040933       -0.034387       -0.148445

     Cl  12        0.107355        1.405913        0.576588
     Cl  12        1.405913        0.443981       -1.880195
     Cl  12        0.576588       -1.880195       -0.551336

     H   13       -0.000000        0.000000        0.000000
     H   13        0.000000        0.000000        0.000000
     H   13        0.000000        0.000000        0.000000

     C   14       -0.122439       -0.111972       -0.010865
     C   14       -0.111972        0.198924        0.026660
     C   14       -0.010865        0.026660       -0.076485

     H   15       -0.000000        0.000000        0.000000
     H   15        0.000000        0.000000        0.000000
     H   15        0.000000        0.000000        0.000000

     C   16       -0.039813        0.002451       -0.001954
     C   16        0.002451        0.155462       -0.001027
     C   16       -0.001954       -0.001027       -0.115648

     C   17       -0.070051        0.094284       -0.023301
     C   17        0.094284        0.151984        0.040707
     C   17       -0.023301        0.040707       -0.081933

     Cl  18        0.037530       -0.189569       -0.260125
     Cl  18       -0.189569        2.005551       -0.469340
     Cl  18       -0.260125       -0.469340       -2.043081

     H   19       -0.000000        0.000000        0.000000
     H   19        0.000000        0.000000        0.000000
     H   19        0.000000        0.000000        0.000000

     C   20       -0.028529       -0.066954       -0.033880
     C   20       -0.066954        0.054910        0.114804
     C   20       -0.033880        0.114804       -0.026381

     H   21       -0.000000        0.000000        0.000000
     H   21        0.000000        0.000000        0.000000
     H   21        0.000000        0.000000        0.000000

     C   22       -0.028115       -0.037276       -0.039611
     C   22       -0.037276        0.032739        0.034395
     C   22       -0.039611        0.034395       -0.004624

     C   23       -0.042136       -0.018764       -0.071353
     C   23       -0.018764        0.090238        0.187993
     C   23       -0.071353        0.187993       -0.048102

     Cl  24       -0.132799        1.542607       -0.455076
     Cl  24        1.542607       -0.466971        1.413301
     Cl  24       -0.455076        1.413301        0.599770

     ----- total EFG -----
     Cl   1        1.764966        0.989045       -1.644458
     Cl   1        0.989045       -0.749088       -0.833527
     Cl   1       -1.644458       -0.833527       -1.015878

     C    2        0.086559       -0.768080       -0.274410
     C    2       -0.768080       -0.029055       -0.087792
     C    2       -0.274410       -0.087792       -0.057504

     C    3       -0.745422        0.053539       -0.173217
     C    3        0.053539        0.050177        0.300413
     C    3       -0.173217        0.300413        0.695245

     H    4        0.588838        0.039801        0.259993
     H    4        0.039801       -0.047025        0.145237
     H    4        0.259993        0.145237       -0.541813

     C    5       -0.068201        0.050795        0.261549
     C    5        0.050795       -0.262563        0.164325
     C    5        0.261549        0.164325        0.330764

     H    6       -0.111992        0.006216       -0.096810
     H    6        0.006216        0.317121        0.211768
     H    6       -0.096810        0.211768       -0.205129

     H    7        0.020709       -0.072181        0.047379
     H    7       -0.072181        0.354649       -0.451074
     H    7        0.047379       -0.451074       -0.375358

     C    8       -0.589546       -0.255988       -0.139003
     C    8       -0.255988        0.713925        0.075754
     C    8       -0.139003        0.075754       -0.124379

     H    9        0.273536       -0.414271        0.205054
     H    9       -0.414271       -0.105831        0.141101
     H    9        0.205054        0.141101       -0.167705

     C   10        0.152784       -0.186388       -0.031560
     C   10       -0.186388        0.279103        0.225131
     C   10       -0.031560        0.225131       -0.431887

     C   11       -0.403467       -0.395898       -0.324398
     C   11       -0.395898        0.708850       -0.296762
     C   11       -0.324398       -0.296762       -0.305383

     Cl  12        0.195094        1.583060        0.610537
     Cl  12        1.583060        0.430676       -2.072823
     Cl  12        0.610537       -2.072823       -0.625771

     H   13       -0.169864        0.242729       -0.209483
     H   13        0.242729        0.235350        0.355846
     H   13       -0.209483        0.355846       -0.065486

     C   14       -0.695411       -0.093944        0.064990
     C   14       -0.093944        0.615441        0.155717
     C   14        0.064990        0.155717        0.079971

     H   15        0.524394        0.246467        0.345034
     H   15        0.246467       -0.564841        0.297712
     H   15        0.345034        0.297712        0.040447

     C   16        0.282589       -0.249884        0.138467
     C   16       -0.249884        0.169495       -0.184616
     C   16        0.138467       -0.184616       -0.452084

     C   17       -0.562874        0.320010       -0.066359
     C   17        0.320010        0.458512        0.369684
     C   17       -0.066359        0.369684        0.104361

     Cl  18        0.315964       -0.380146       -0.274636
     Cl  18       -0.380146        1.778085       -0.425434
     Cl  18       -0.274636       -0.425434       -2.094049

     H   19       -0.191781        0.231492        0.176772
     H   19        0.231492        0.006839       -0.715879
     H   19        0.176772       -0.715879        0.184942

     C   20        0.318213       -0.092539        0.045126
     C   20       -0.092539       -0.041591        0.059038
     C   20        0.045126        0.059038       -0.276622

     H   21        0.420695        0.156049        0.647662
     H   21        0.156049       -0.248582       -0.228950
     H   21        0.647662       -0.228950       -0.172113

     C   22        0.000708        0.049257        0.054470
     C   22        0.049257        0.194475       -0.247813
     C   22        0.054470       -0.247813       -0.195183

     C   23        0.114642        0.020453        0.001374
     C   23        0.020453        0.276499        0.408660
     C   23        0.001374        0.408660       -0.391141

     Cl  24       -0.216427        1.622893       -0.489076
     Cl  24        1.622893       -0.453001        1.551205
     Cl  24       -0.489076        1.551205        0.669428

     ----- total EFG (symmetrized) -----
     Cl   1        1.764966        0.989045       -1.644458
     Cl   1        0.989045       -0.749088       -0.833527
     Cl   1       -1.644458       -0.833527       -1.015878

     C    2        0.086559       -0.768080       -0.274410
     C    2       -0.768080       -0.029055       -0.087792
     C    2       -0.274410       -0.087792       -0.057504

     C    3       -0.745422        0.053539       -0.173217
     C    3        0.053539        0.050177        0.300413
     C    3       -0.173217        0.300413        0.695245

     H    4        0.588838        0.039801        0.259993
     H    4        0.039801       -0.047025        0.145237
     H    4        0.259993        0.145237       -0.541813

     C    5       -0.068201        0.050795        0.261549
     C    5        0.050795       -0.262563        0.164325
     C    5        0.261549        0.164325        0.330764

     H    6       -0.111992        0.006216       -0.096810
     H    6        0.006216        0.317121        0.211768
     H    6       -0.096810        0.211768       -0.205129

     H    7        0.020709       -0.072181        0.047379
     H    7       -0.072181        0.354649       -0.451074
     H    7        0.047379       -0.451074       -0.375358

     C    8       -0.589546       -0.255988       -0.139003
     C    8       -0.255988        0.713925        0.075754
     C    8       -0.139003        0.075754       -0.124379

     H    9        0.273536       -0.414271        0.205054
     H    9       -0.414271       -0.105831        0.141101
     H    9        0.205054        0.141101       -0.167705

     C   10        0.152784       -0.186388       -0.031560
     C   10       -0.186388        0.279103        0.225131
     C   10       -0.031560        0.225131       -0.431887

     C   11       -0.403467       -0.395898       -0.324398
     C   11       -0.395898        0.708850       -0.296762
     C   11       -0.324398       -0.296762       -0.305383

     Cl  12        0.195094        1.583060        0.610537
     Cl  12        1.583060        0.430676       -2.072823
     Cl  12        0.610537       -2.072823       -0.625771

     H   13       -0.169864        0.242729       -0.209483
     H   13        0.242729        0.235350        0.355846
     H   13       -0.209483        0.355846       -0.065486

     C   14       -0.695411       -0.093944        0.064990
     C   14       -0.093944        0.615441        0.155717
     C   14        0.064990        0.155717        0.079971

     H   15        0.524394        0.246467        0.345034
     H   15        0.246467       -0.564841        0.297712
     H   15        0.345034        0.297712        0.040447

     C   16        0.282589       -0.249884        0.138467
     C   16       -0.249884        0.169495       -0.184616
     C   16        0.138467       -0.184616       -0.452084

     C   17       -0.562874        0.320010       -0.066359
     C   17        0.320010        0.458512        0.369684
     C   17       -0.066359        0.369684        0.104361

     Cl  18        0.315964       -0.380146       -0.274636
     Cl  18       -0.380146        1.778085       -0.425434
     Cl  18       -0.274636       -0.425434       -2.094049

     H   19       -0.191781        0.231492        0.176772
     H   19        0.231492        0.006839       -0.715879
     H   19        0.176772       -0.715879        0.184942

     C   20        0.318213       -0.092539        0.045126
     C   20       -0.092539       -0.041591        0.059038
     C   20        0.045126        0.059038       -0.276622

     H   21        0.420695        0.156049        0.647662
     H   21        0.156049       -0.248582       -0.228950
     H   21        0.647662       -0.228950       -0.172113

     C   22        0.000708        0.049257        0.054470
     C   22        0.049257        0.194475       -0.247813
     C   22        0.054470       -0.247813       -0.195183

     C   23        0.114642        0.020453        0.001374
     C   23        0.020453        0.276499        0.408660
     C   23        0.001374        0.408660       -0.391141

     Cl  24       -0.216427        1.622893       -0.489076
     Cl  24        1.622893       -0.453001        1.551205
     Cl  24       -0.489076        1.551205        0.669428


     NQR/NMR SPECTROSCOPIC PARAMETERS:
     Cl   1    Vxx=   -1.0320    axis=( -0.441795  0.867163 -0.229881)
     Cl   1    Vyy=   -1.9197    axis=(  0.289820  0.380464  0.878209)
     Cl   1    Vzz=    2.9517    axis=( -0.849012 -0.321365  0.419408)
     Cl   1  Q=        -8.1650 1e-30 m^2  Cq=       -56.6267 MHz  eta= 0.30073

     C    2    Vxx=    0.0021    axis=( -0.092848 -0.344026  0.934358)
     C    2    Vyy=    0.8228    axis=( -0.740836  0.650845  0.166020)
     C    2    Vzz=   -0.8249    axis=( -0.665237 -0.676792 -0.315297)
     C    2  Q=         1.0000 1e-30 m^2  Cq=        -1.9382 MHz  eta= 0.99494

     C    3    Vxx=   -0.0502    axis=(  0.155671  0.928220 -0.337897)
     C    3    Vyy=   -0.7761    axis=(  0.983652 -0.114317  0.139139)
     C    3    Vzz=    0.8263    axis=( -0.090524  0.354033  0.930842)
     C    3  Q=         1.0000 1e-30 m^2  Cq=         1.9416 MHz  eta= 0.87850

     H    4    Vxx=   -0.0234    axis=(  0.146998 -0.969157 -0.197801)
     H    4    Vyy=   -0.6295    axis=(  0.196351  0.224585 -0.954467)
     H    4    Vzz=    0.6529    axis=(  0.969452  0.101467  0.223308)
     H    4  Q=         1.0000 1e-30 m^2  Cq=         1.5340 MHz  eta= 0.92826

     C    5    Vxx=   -0.1912    axis=( -0.897149  0.229895  0.377188)
     C    5    Vyy=   -0.3070    axis=(  0.119666  0.948454 -0.293453)
     C    5    Vzz=    0.4982    axis=(  0.425209  0.218135  0.878416)
     C    5  Q=         1.0000 1e-30 m^2  Cq=         1.1705 MHz  eta= 0.23248

     H    6    Vxx=   -0.0717    axis=(  0.911488  0.185393 -0.367177)
     H    6    Vyy=   -0.3219    axis=( -0.407808  0.290800 -0.865522)
     H    6    Vzz=    0.3936    axis=( -0.053687  0.938651  0.340665)
     H    6  Q=         1.0000 1e-30 m^2  Cq=         0.9249 MHz  eta= 0.63554

     H    7    Vxx=    0.0079    axis=(  0.988427  0.144098 -0.047402)
     H    7    Vyy=    0.5829    axis=(  0.150463 -0.891588  0.427121)
     H    7    Vzz=   -0.5908    axis=(  0.019284 -0.429310 -0.902951)
     H    7  Q=         1.0000 1e-30 m^2  Cq=        -1.3882 MHz  eta= 0.97321

     C    8    Vxx=   -0.1077    axis=( -0.198944 -0.151267  0.968266)
     C    8    Vyy=   -0.6661    axis=( -0.960530 -0.165920 -0.223275)
     C    8    Vzz=    0.7737    axis=(  0.194429 -0.974469 -0.112287)
     C    8  Q=         1.0000 1e-30 m^2  Cq=         1.8180 MHz  eta= 0.72173

     H    9    Vxx=   -0.0299    axis=(  0.181142  0.539643  0.822176)
     H    9    Vyy=   -0.5235    axis=(  0.492071  0.674101 -0.550866)
     H    9    Vzz=    0.5535    axis=( -0.851501  0.504354 -0.143434)
     H    9  Q=         1.0000 1e-30 m^2  Cq=         1.3004 MHz  eta= 0.89190

     C   10    Vxx=    0.0384    axis=(  0.851782  0.492510  0.178611)
     C   10    Vyy=    0.4595    axis=( -0.522695  0.821991  0.226098)
     C   10    Vzz=   -0.4979    axis=( -0.035461 -0.285945  0.957590)
     C   10  Q=         1.0000 1e-30 m^2  Cq=        -1.1700 MHz  eta= 0.84579

     C   11    Vxx=   -0.0273    axis=(  0.634563  0.029932 -0.772291)
     C   11    Vyy=   -0.8400    axis=(  0.730285  0.303895  0.611826)
     C   11    Vzz=    0.8673    axis=( -0.253009  0.952235 -0.170982)
     C   11  Q=         1.0000 1e-30 m^2  Cq=         2.0379 MHz  eta= 0.93697

     Cl  12    Vxx=    0.4813    axis=(  0.790384 -0.090770  0.605850)
     Cl  12    Vyy=    2.4629    axis=( -0.429913 -0.786724  0.442990)
     Cl  12    Vzz=   -2.9442    axis=(  0.436426 -0.610595 -0.660837)
     Cl  12  Q=        -8.1650 1e-30 m^2  Cq=        56.4832 MHz  eta= 0.67306

     H   13    Vxx=    0.0689    axis=(  0.757806  0.213233 -0.616654)
     H   13    Vyy=    0.4853    axis=( -0.159684 -0.855743 -0.492143)
     H   13    Vzz=   -0.5542    axis=(  0.632639 -0.471418  0.614437)
     H   13  Q=         1.0000 1e-30 m^2  Cq=        -1.3021 MHz  eta= 0.75135

     C   14    Vxx=    0.0481    axis=(  0.115119 -0.245144  0.962628)
     C   14    Vyy=    0.6615    axis=(  0.054786 -0.966029 -0.252562)
     C   14    Vzz=   -0.7096    axis=(  0.991840  0.081813 -0.097778)
     C   14  Q=         1.0000 1e-30 m^2  Cq=        -1.6672 MHz  eta= 0.86446

     H   15    Vxx=   -0.1025    axis=( -0.537899  0.234635  0.809698)
     H   15    Vyy=   -0.6960    axis=( -0.094742  0.937575 -0.334630)
     H   15    Vzz=    0.7985    axis=( -0.837668 -0.256709 -0.482091)
     H   15  Q=         1.0000 1e-30 m^2  Cq=         1.8762 MHz  eta= 0.74328

     C   16    Vxx=   -0.0238    axis=(  0.657341  0.745681 -0.108916)
     C   16    Vyy=   -0.5094    axis=(  0.097597 -0.227549 -0.968863)
     C   16    Vzz=    0.5332    axis=( -0.747247  0.626243 -0.222353)
     C   16  Q=         1.0000 1e-30 m^2  Cq=         1.2528 MHz  eta= 0.91065

     C   17    Vxx=   -0.0423    axis=( -0.353138 -0.399024  0.846211)
     C   17    Vyy=   -0.6938    axis=( -0.916820  0.327776 -0.228044)
     C   17    Vzz=    0.7361    axis=( -0.186373 -0.856354 -0.481583)
     C   17  Q=         1.0000 1e-30 m^2  Cq=         1.7294 MHz  eta= 0.88515

     Cl  18    Vxx=    0.2783    axis=(  0.967816  0.203190 -0.148479)
     Cl  18    Vyy=    1.9020    axis=(  0.217650 -0.972004  0.088526)
     Cl  18    Vzz=   -2.1802    axis=(  0.126334  0.117993  0.984945)
     Cl  18  Q=        -8.1650 1e-30 m^2  Cq=        41.8268 MHz  eta= 0.74472

     H   19    Vxx=   -0.0465    axis=(  0.893587  0.321826  0.312936)
     H   19    Vyy=   -0.7712    axis=( -0.448358  0.673792  0.587349)
     H   19    Vzz=    0.8177    axis=( -0.021830 -0.665155  0.746386)
     H   19  Q=         1.0000 1e-30 m^2  Cq=         1.9214 MHz  eta= 0.88627

     C   20    Vxx=   -0.0443    axis=(  0.204910  0.938394  0.278259)
     C   20    Vyy=   -0.2978    axis=( -0.109409 -0.260549  0.959241)
     C   20    Vzz=    0.3421    axis=(  0.972647 -0.227003  0.049280)
     C   20  Q=         1.0000 1e-30 m^2  Cq=         0.8038 MHz  eta= 0.74106

     H   21    Vxx=   -0.0935    axis=(  0.258030  0.872434 -0.415065)
     H   21    Vyy=   -0.7431    axis=( -0.473375  0.488676  0.732879)
     H   21    Vzz=    0.8366    axis=(  0.842221  0.007376  0.539082)
     H   21  Q=         1.0000 1e-30 m^2  Cq=         1.9657 MHz  eta= 0.77647

     C   22    Vxx=    0.0144    axis=(  0.975747  0.031252  0.216660)
     C   22    Vyy=    0.3162    axis=(  0.066487  0.900687 -0.429351)
     C   22    Vzz=   -0.3306    axis=( -0.208561  0.433343  0.876765)
     C   22  Q=         1.0000 1e-30 m^2  Cq=        -0.7768 MHz  eta= 0.91301

     C   23    Vxx=    0.1137    axis=(  0.998516 -0.043626 -0.032597)
     C   23    Vyy=    0.4714    axis=(  0.053386  0.902375  0.427632)
     C   23    Vzz=   -0.5851    axis=(  0.010758 -0.428737  0.903365)
     C   23  Q=         1.0000 1e-30 m^2  Cq=        -1.3747 MHz  eta= 0.61132

     Cl  24    Vxx=    0.6841    axis=(  0.752016  0.231268 -0.617242)
     Cl  24    Vyy=    1.9554    axis=( -0.343921 -0.661185 -0.666748)
     Cl  24    Vzz=   -2.6395    axis=(  0.562309 -0.713687  0.417684)
     Cl  24  Q=        -8.1650 1e-30 m^2  Cq=        50.6376 MHz  eta= 0.48165

     Initialization:
     gipaw_setup  :      9.34s CPU     10.92s WALL (       1 calls)

     Linear response

     Apply operators

     Induced current

     Other routines
     efg          :      9.91s CPU     13.04s WALL (       1 calls)

     General routines
     calbec       :      3.60s CPU      5.08s WALL (      16 calls)
     fft          :      1.38s CPU      1.66s WALL (      15 calls)
     ffts         :      0.05s CPU      0.05s WALL (       2 calls)
     fftw         :      3.49s CPU      4.63s WALL (     672 calls)
     davcio       :      0.02s CPU      0.31s WALL (      32 calls)

     Parallel routines
     fft_scatter  :      2.20s CPU      3.48s WALL (     689 calls)

     Plugins

     GIPAW        :     61.07s CPU     72.35s WALL (       1 calls)
