
     Program QE v.6.0 (svn rev. 13079) starts on 26Dec2016 at  0:16:31 

     This program is part of the open-source Quantum ESPRESSO suite
     for quantum simulation of materials; please cite
         "P. Giannozzi et al., J. Phys.:Condens. Matter 21 395502 (2009);
          URL http://www.quantum-espresso.org", 
     in publications or presentations arising from this work. More details at
     http://www.quantum-espresso.org/quote

     Parallel version (MPI), running on     8 processors
     R & G space division:  proc/nbgrp/npool/nimage =       8

     ***** This is GIPAW svn revision unknown      *****

     Parallelizing q-star over 1 images

     Reading data from directory:
     /users/majewski/paradichlorobenzene/pbe/9_constraint/scratch/pbe.ecut100.np8.dt60.pcl2phi-129368.save
     Message from routine read_xml_file:
     file /users/majewski/paradichlorobenzene/pbe/9_constraint/scratch/pbe.ecut100.np8.dt60.pcl2phi-129368.save not guaranteed to be safe for post-processing

   Info: using nr1, nr2, nr3 values from input

   Info: using nr1, nr2, nr3 values from input

     IMPORTANT: XC functional enforced from input :
     Exchange-correlation      =  SLA  PW   PBX  PBC ( 1  4  3  4 0 0)
     Any further DFT definition will be discarded
     Please, verify this is what you really want

               file C.pbe-n-kjpaw_psl.1.0.0.UPF: wavefunction(s)  2S 2P renormalized
               file Cl.pbe-n-kjpaw_psl.1.0.0.UPF: wavefunction(s)  3S 3P renormalized
               file H.pbe-kjpaw_psl.1.0.0.UPF: wavefunction(s)  1S renormalized

     Parallelization info
     --------------------
     sticks:   dense  smooth     PW     G-vecs:    dense   smooth      PW
     Min        3057    1223    332               144436    36536    5170
     Max        3059    1225    333               144437    36537    5171
     Sum       24467    9791   2657              1155489   292295   41363


     Subspace diagonalization in iterative solution of the eigenvalue problem:
     a serial algorithm will be used

     GIPAW projectors -----------------------------------------------
     atom=  C    l=0  rc=    1.2000  rs=    0.8000
     atom=  C    l=0  rc=    1.2000  rs=    0.8000
     atom=  C    l=1  rc=    1.4000  rs=    0.9333
     atom=  C    l=1  rc=    1.4000  rs=    0.9333
     projs nearly linearly dependent: l=1  n1,n2= 1, 2  s=  0.99951561

     atom=  Cl   l=0  rc=    1.6000  rs=    1.0667
     atom=  Cl   l=0  rc=    1.6000  rs=    1.0667
     atom=  Cl   l=1  rc=    1.6000  rs=    1.0667
     atom=  Cl   l=1  rc=    1.6000  rs=    1.0667
     atom=  Cl   l=2  rc=    1.6000  rs=    1.0667
     atom=  Cl   l=2  rc=    1.6000  rs=    1.0667
     projs nearly linearly dependent: l=2  n1,n2= 1, 2  s=  0.99993509

     atom=  H    l=0  rc=    1.0000  rs=    0.6667
     atom=  H    l=0  rc=    1.0000  rs=    0.6667
     projs nearly linearly dependent: l=0  n1,n2= 1, 2  s=  0.99968852
     -----------------------------------------------------------------

     GIPAW integrals: -------------------------------------------
     Atom  i/j   nmr_para   nmr_dia   epr_rmc  epr_para   epr_dia
       C   1 1   0.83E+03  0.17E-01  0.93E+01  0.24E+08  0.24E+03
       C   2 1   0.86E+03 -0.61E-01  0.94E+01  0.25E+08  0.25E+03
       C   2 2   0.90E+03 -0.15E+00  0.97E+01  0.26E+08  0.26E+03
       C   3 3   0.33E+01  0.34E+00  0.18E+01  0.55E+03  0.21E+02
       C   4 3   0.35E+01  0.37E+00  0.20E+01  0.59E+03  0.22E+02
       C   4 4   0.38E+01  0.39E+00  0.22E+01  0.63E+03  0.24E+02
       Cl  1 1   0.14E+04 -0.47E+00  0.84E+01  0.32E+09  0.42E+03
       Cl  2 1   0.21E+04 -0.37E+00  0.12E+02  0.49E+09  0.65E+03
       Cl  2 2   0.33E+04 -0.16E+00  0.21E+02  0.76E+09  0.10E+04
       Cl  3 3   0.21E+02  0.79E-01  0.89E+01  0.23E+05  0.13E+03
       Cl  4 3   0.24E+02  0.67E-01  0.99E+01  0.27E+05  0.15E+03
       Cl  4 4   0.28E+02  0.44E-01  0.11E+02  0.32E+05  0.18E+03
       Cl  5 5   0.77E+00  0.19E+00  0.18E+01  0.12E+03  0.22E+02
       Cl  6 5   0.80E+00  0.19E+00  0.19E+01  0.12E+03  0.23E+02
       Cl  6 6   0.83E+00  0.20E+00  0.19E+01  0.12E+03  0.23E+02
       H   1 1   0.39E+02  0.19E+00  0.29E+00  0.78E+05  0.13E+02
       H   2 1   0.41E+02  0.21E+00  0.32E+00  0.82E+05  0.14E+02
       H   2 2   0.43E+02  0.22E+00  0.36E+00  0.86E+05  0.15E+02
     ------------------------------------------------------------

     alpha_pv=     33.8666 eV

     Number of occupied bands for each k-point:
     k-point:     1    nbnd_occ=  42
     k-point:     2    nbnd_occ=  42
     k-point:     3    nbnd_occ=  42
     k-point:     4    nbnd_occ=  42
     k-point:     5    nbnd_occ=  42
     k-point:     6    nbnd_occ=  42
     k-point:     7    nbnd_occ=  42
     k-point:     8    nbnd_occ=  42
     k-point:     9    nbnd_occ=  42
     k-point:    10    nbnd_occ=  42
     k-point:    11    nbnd_occ=  42
     k-point:    12    nbnd_occ=  42
     k-point:    13    nbnd_occ=  42
     k-point:    14    nbnd_occ=  42
     k-point:    15    nbnd_occ=  42
     k-point:    16    nbnd_occ=  42


     q-space interpolation up to   110.00 Rydberg

     GIPAW job: efg                                                                             


     ELECTRIC FIELD GRADIENTS TENSORS IN Hartree/bohrradius^2:

     ----- bare term -----
     Cl   1       -0.020041        0.012149       -0.100585
     Cl   1        0.012149       -0.049451        0.017722
     Cl   1       -0.100585        0.017722        0.069492

     C    2       -0.524381        0.412239       -0.212305
     C    2        0.412239        0.140754       -0.292125
     C    2       -0.212305       -0.292125        0.383627

     C    3        0.314159        0.053899        0.096823
     C    3        0.053899       -0.123575       -0.021601
     C    3        0.096823       -0.021601       -0.190585

     H    4        0.190131       -0.044951       -0.215217
     H    4       -0.044951        0.280788        0.206267
     H    4       -0.215217        0.206267       -0.470919

     C    5       -0.285592        0.089747       -0.088438
     C    5        0.089747        0.184911        0.176215
     C    5       -0.088438        0.176215        0.100681

     H    6        0.267151       -0.049622        0.338685
     H    6       -0.049622        0.210816       -0.108561
     H    6        0.338685       -0.108561       -0.477967

     H    7        0.453586       -0.016704       -0.009250
     H    7       -0.016704       -0.770425        0.352299
     H    7       -0.009250        0.352299        0.316839

     C    8       -0.108786       -0.091537       -0.203380
     C    8       -0.091537        0.029523        0.467757
     C    8       -0.203380        0.467757        0.079263

     H    9       -0.199699        0.527425       -0.230779
     H    9        0.527425       -0.201186        0.079453
     H    9       -0.230779        0.079453        0.400885

     C   10       -0.743274       -0.384301       -0.307077
     C   10       -0.384301        0.370481        0.111927
     C   10       -0.307077        0.111927        0.372793

     C   11        0.015702        0.050881       -0.258096
     C   11        0.050881       -0.084496        0.519429
     C   11       -0.258096        0.519429        0.068794

     Cl  12       -0.156165       -0.238642        0.024558
     Cl  12       -0.238642        0.159095       -0.086811
     Cl  12        0.024558       -0.086811       -0.002930

     H   13        0.224759        0.191288        0.289246
     H   13        0.191288       -0.137320       -0.562317
     H   13        0.289246       -0.562317       -0.087439

     C   14       -0.073305       -0.331787       -0.504679
     C   14       -0.331787       -0.073309       -0.455510
     C   14       -0.504679       -0.455510        0.146614

     H   15       -0.006496       -0.084858       -0.287499
     H   15       -0.084858        0.349996       -0.458000
     H   15       -0.287499       -0.458000       -0.343500

     C   16       -0.557088        0.328599       -0.346373
     C   16        0.328599        0.147385       -0.064894
     C   16       -0.346373       -0.064894        0.409703

     C   17        0.052246        0.073306       -0.185590
     C   17        0.073306        0.014407       -0.623905
     C   17       -0.185590       -0.623905       -0.066653

     Cl  18       -0.324425        0.288940        0.006631
     Cl  18        0.288940        0.200615       -0.086866
     Cl  18        0.006631       -0.086866        0.123810

     H   19        0.442634        0.105659       -0.008944
     H   19        0.105659       -0.589846        0.488496
     H   19       -0.008944        0.488496        0.147212

     C   20       -0.842100       -0.350093       -0.484752
     C   20       -0.350093        0.304709       -0.047535
     C   20       -0.484752       -0.047535        0.537391

     H   21       -0.556857       -0.039551        0.070210
     H   21       -0.039551        0.317832        0.352018
     H   21        0.070210        0.352018        0.239026

     C   22        0.122939       -0.042810       -0.139278
     C   22       -0.042810       -0.458930        0.462244
     C   22       -0.139278        0.462244        0.335990

     C   23       -0.729380       -0.483722       -0.377187
     C   23       -0.483722        0.298111        0.039729
     C   23       -0.377187        0.039729        0.431269

     Cl  24        0.134586       -0.008719        0.020516
     Cl  24       -0.008719       -0.154900        0.139292
     Cl  24        0.020516        0.139292        0.020313

     ----- ionic term -----
     Cl   1        0.161050       -0.233079        0.041636
     Cl   1       -0.233079       -0.039767       -0.022222
     Cl   1        0.041636       -0.022222       -0.121283

     C    2        0.157277       -0.317237        0.291794
     C    2       -0.317237       -0.115548        0.350530
     C    2        0.291794        0.350530       -0.041729

     C    3        0.079889       -0.359374        0.176071
     C    3       -0.359374       -0.020225        0.375782
     C    3        0.176071        0.375782       -0.059664

     H    4        0.204135        0.212577        0.772880
     H    4        0.212577       -0.462501        0.298971
     H    4        0.772880        0.298971        0.258366

     C    5        0.195273       -0.327355        0.301603
     C    5       -0.327355       -0.110437        0.268142
     C    5        0.301603        0.268142       -0.084836

     H    6       -0.490446       -0.159019       -0.096094
     H    6       -0.159019        0.354848        0.767954
     H    6       -0.096094        0.767954        0.135598

     H    7       -0.487162        0.016534        0.020113
     H    7        0.016534        0.589155       -0.730537
     H    7        0.020113       -0.730537       -0.101994

     C    8        0.404835        0.210510        0.303326
     C    8        0.210510        0.020373       -0.270626
     C    8        0.303326       -0.270626       -0.425208

     H    9        0.708889       -0.390073        0.559429
     H    9       -0.390073       -0.402371       -0.221036
     H    9        0.559429       -0.221036       -0.306519

     C   10        0.196411        0.195511        0.205409
     C   10        0.195511        0.208273       -0.338532
     C   10        0.205409       -0.338532       -0.404685

     C   11        0.253560        0.073713        0.225604
     C   11        0.073713        0.148611       -0.371280
     C   11        0.225604       -0.371280       -0.402171

     Cl  12        0.113481        0.165315        0.002249
     Cl  12        0.165315        0.026235        0.002444
     Cl  12        0.002249        0.002444       -0.139716

     H   13       -0.544041       -0.024796       -0.006797
     H   13       -0.024796        0.450514        0.789629
     H   13       -0.006797        0.789629        0.093527

     C   14        0.199860       -0.273603        0.297093
     C   14       -0.273603       -0.095155        0.287114
     C   14        0.297093        0.287114       -0.104705

     H   15        0.409457        0.178214        0.770665
     H   15        0.178214       -0.514775        0.224890
     H   15        0.770665        0.224890        0.105317

     C   16        0.105313       -0.347546        0.164795
     C   16       -0.347546        0.024404        0.408429
     C   16        0.164795        0.408429       -0.129717

     C   17        0.081675       -0.364856        0.246140
     C   17       -0.364856       -0.004231        0.432846
     C   17        0.246140        0.432846       -0.077444

     Cl  18        0.148986       -0.232148        0.010908
     Cl  18       -0.232148        0.011274        0.009502
     Cl  18        0.010908        0.009502       -0.160259

     H   19       -0.524457       -0.054395        0.014887
     H   19       -0.054395        0.772354       -0.636177
     H   19        0.014887       -0.636177       -0.247897

     C   20        0.314951        0.167925        0.199332
     C   20        0.167925        0.147748       -0.278445
     C   20        0.199332       -0.278445       -0.462698

     H   21        0.801247       -0.376631        0.486789
     H   21       -0.376631       -0.358599       -0.183661
     H   21        0.486789       -0.183661       -0.442648

     C   22        0.196422        0.185362        0.149626
     C   22        0.185362        0.293836       -0.309440
     C   22        0.149626       -0.309440       -0.490258

     C   23        0.302764        0.132629        0.254362
     C   23        0.132629        0.157452       -0.348917
     C   23        0.254362       -0.348917       -0.460216

     Cl  24        0.146691        0.226555       -0.021695
     Cl  24        0.226555        0.006269       -0.023158
     Cl  24       -0.021695       -0.023158       -0.152960

     ----- GIPAW term -----
     Cl   1       -0.149791       -2.113198        0.482507
     Cl   1       -2.113198       -0.132085       -1.728162
     Cl   1        0.482507       -1.728162        0.281876

     C    2       -0.132500       -0.051454        0.002296
     C    2       -0.051454        0.188681       -0.143145
     C    2        0.002296       -0.143145       -0.056181

     C    3        0.023149       -0.006841        0.017240
     C    3       -0.006841        0.008798        0.024127
     C    3        0.017240        0.024127       -0.031947

     H    4       -0.000000        0.000000        0.000000
     H    4        0.000000        0.000000        0.000000
     H    4        0.000000        0.000000        0.000000

     C    5       -0.008407       -0.002422        0.005649
     C    5       -0.002422        0.013246        0.028595
     C    5        0.005649        0.028595       -0.004839

     H    6       -0.000000        0.000000        0.000000
     H    6        0.000000        0.000000        0.000000
     H    6        0.000000        0.000000        0.000000

     H    7       -0.000000        0.000000        0.000000
     H    7        0.000000        0.000000        0.000000
     H    7        0.000000        0.000000        0.000000

     C    8       -0.102117       -0.054547       -0.016671
     C    8       -0.054547        0.252494        0.107146
     C    8       -0.016671        0.107146       -0.150377

     H    9       -0.000000        0.000000        0.000000
     H    9        0.000000        0.000000        0.000000
     H    9        0.000000        0.000000        0.000000

     C   10       -0.241611       -0.085761       -0.050873
     C   10       -0.085761        0.315162       -0.057037
     C   10       -0.050873       -0.057037       -0.073551

     C   11       -0.064587        0.085572       -0.021238
     C   11        0.085572        0.215509       -0.084157
     C   11       -0.021238       -0.084157       -0.150923

     Cl  12        0.188705        0.350388        0.262252
     Cl  12        0.350388        1.725087       -0.936562
     Cl  12        0.262252       -0.936562       -1.913792

     H   13       -0.000000        0.000000        0.000000
     H   13        0.000000        0.000000        0.000000
     H   13        0.000000        0.000000        0.000000

     C   14        0.053254       -0.244355       -0.149856
     C   14       -0.244355        0.025314        0.000632
     C   14       -0.149856        0.000632       -0.078568

     H   15       -0.000000        0.000000        0.000000
     H   15        0.000000        0.000000        0.000000
     H   15        0.000000        0.000000        0.000000

     C   16       -0.115142       -0.124304       -0.132082
     C   16       -0.124304        0.143423        0.138186
     C   16       -0.132082        0.138186       -0.028281

     C   17       -0.047731        0.020529       -0.015523
     C   17        0.020529        0.258515       -0.050086
     C   17       -0.015523       -0.050086       -0.210785

     Cl  18       -1.061964       -0.903546       -0.049942
     Cl  18       -0.903546        2.688735       -0.949315
     Cl  18       -0.049942       -0.949315       -1.626771

     H   19       -0.000000        0.000000        0.000000
     H   19        0.000000        0.000000        0.000000
     H   19        0.000000        0.000000        0.000000

     C   20       -0.176610        0.034404       -0.115609
     C   20        0.034404        0.094300       -0.189277
     C   20       -0.115609       -0.189277        0.082309

     H   21       -0.000000        0.000000        0.000000
     H   21        0.000000        0.000000        0.000000
     H   21        0.000000        0.000000        0.000000

     C   22       -0.096506        0.049491       -0.028084
     C   22        0.049491        0.044133       -0.170567
     C   22       -0.028084       -0.170567        0.052372

     C   23       -0.129394       -0.054567       -0.019714
     C   23       -0.054567        0.200443       -0.076766
     C   23       -0.019714       -0.076766       -0.071048

     Cl  24       -0.153431        0.529934        0.535801
     Cl  24        0.529934        0.966461       -1.635801
     Cl  24        0.535801       -1.635801       -0.813030

     ----- total EFG -----
     Cl   1       -0.008782       -2.334128        0.423558
     Cl   1       -2.334128       -0.221303       -1.732662
     Cl   1        0.423558       -1.732662        0.230085

     C    2       -0.499604        0.043548        0.081785
     C    2        0.043548        0.213887       -0.084740
     C    2        0.081785       -0.084740        0.285717

     C    3        0.417197       -0.312316        0.290135
     C    3       -0.312316       -0.135002        0.378308
     C    3        0.290135        0.378308       -0.282195

     H    4        0.394266        0.167627        0.557663
     H    4        0.167627       -0.181713        0.505239
     H    4        0.557663        0.505239       -0.212553

     C    5       -0.098727       -0.240030        0.218814
     C    5       -0.240030        0.087721        0.472952
     C    5        0.218814        0.472952        0.011006

     H    6       -0.223294       -0.208641        0.242591
     H    6       -0.208641        0.565664        0.659393
     H    6        0.242591        0.659393       -0.342369

     H    7       -0.033575       -0.000170        0.010862
     H    7       -0.000170       -0.181270       -0.378238
     H    7        0.010862       -0.378238        0.214845

     C    8        0.193931        0.064425        0.083275
     C    8        0.064425        0.302390        0.304277
     C    8        0.083275        0.304277       -0.496322

     H    9        0.509191        0.137353        0.328650
     H    9        0.137353       -0.603556       -0.141584
     H    9        0.328650       -0.141584        0.094366

     C   10       -0.788473       -0.274550       -0.152541
     C   10       -0.274550        0.893916       -0.283642
     C   10       -0.152541       -0.283642       -0.105443

     C   11        0.204676        0.210166       -0.053730
     C   11        0.210166        0.279624        0.063991
     C   11       -0.053730        0.063991       -0.484300

     Cl  12        0.146021        0.277061        0.289059
     Cl  12        0.277061        1.910417       -1.020930
     Cl  12        0.289059       -1.020930       -2.056438

     H   13       -0.319282        0.166493        0.282450
     H   13        0.166493        0.313194        0.227312
     H   13        0.282450        0.227312        0.006088

     C   14        0.179809       -0.849745       -0.357442
     C   14       -0.849745       -0.143151       -0.167763
     C   14       -0.357442       -0.167763       -0.036659

     H   15        0.402961        0.093356        0.483167
     H   15        0.093356       -0.164778       -0.233110
     H   15        0.483167       -0.233110       -0.238183

     C   16       -0.566918       -0.143251       -0.313659
     C   16       -0.143251        0.315213        0.481721
     C   16       -0.313659        0.481721        0.251705

     C   17        0.086190       -0.271021        0.045027
     C   17       -0.271021        0.268691       -0.241145
     C   17        0.045027       -0.241145       -0.354881

     Cl  18       -1.237403       -0.846754       -0.032404
     Cl  18       -0.846754        2.900623       -1.026679
     Cl  18       -0.032404       -1.026679       -1.663220

     H   19       -0.081824        0.051265        0.005942
     H   19        0.051265        0.182509       -0.147681
     H   19        0.005942       -0.147681       -0.100685

     C   20       -0.703759       -0.147764       -0.401029
     C   20       -0.147764        0.546758       -0.515257
     C   20       -0.401029       -0.515257        0.157001

     H   21        0.244390       -0.416182        0.556999
     H   21       -0.416182       -0.040768        0.168357
     H   21        0.556999        0.168357       -0.203622

     C   22        0.222856        0.192044       -0.017736
     C   22        0.192044       -0.120960       -0.017762
     C   22       -0.017736       -0.017762       -0.101896

     C   23       -0.556011       -0.405660       -0.142539
     C   23       -0.405660        0.656006       -0.385954
     C   23       -0.142539       -0.385954       -0.099995

     Cl  24        0.127846        0.747770        0.534622
     Cl  24        0.747770        0.817830       -1.519667
     Cl  24        0.534622       -1.519667       -0.945677

     ----- total EFG (symmetrized) -----
     Cl   1       -0.008782       -2.334128        0.423558
     Cl   1       -2.334128       -0.221303       -1.732662
     Cl   1        0.423558       -1.732662        0.230085

     C    2       -0.499604        0.043548        0.081785
     C    2        0.043548        0.213887       -0.084740
     C    2        0.081785       -0.084740        0.285717

     C    3        0.417197       -0.312316        0.290135
     C    3       -0.312316       -0.135002        0.378308
     C    3        0.290135        0.378308       -0.282195

     H    4        0.394266        0.167627        0.557663
     H    4        0.167627       -0.181713        0.505239
     H    4        0.557663        0.505239       -0.212553

     C    5       -0.098727       -0.240030        0.218814
     C    5       -0.240030        0.087721        0.472952
     C    5        0.218814        0.472952        0.011006

     H    6       -0.223294       -0.208641        0.242591
     H    6       -0.208641        0.565664        0.659393
     H    6        0.242591        0.659393       -0.342369

     H    7       -0.033575       -0.000170        0.010862
     H    7       -0.000170       -0.181270       -0.378238
     H    7        0.010862       -0.378238        0.214845

     C    8        0.193931        0.064425        0.083275
     C    8        0.064425        0.302390        0.304277
     C    8        0.083275        0.304277       -0.496322

     H    9        0.509191        0.137353        0.328650
     H    9        0.137353       -0.603556       -0.141584
     H    9        0.328650       -0.141584        0.094366

     C   10       -0.788473       -0.274550       -0.152541
     C   10       -0.274550        0.893916       -0.283642
     C   10       -0.152541       -0.283642       -0.105443

     C   11        0.204676        0.210166       -0.053730
     C   11        0.210166        0.279624        0.063991
     C   11       -0.053730        0.063991       -0.484300

     Cl  12        0.146021        0.277061        0.289059
     Cl  12        0.277061        1.910417       -1.020930
     Cl  12        0.289059       -1.020930       -2.056438

     H   13       -0.319282        0.166493        0.282450
     H   13        0.166493        0.313194        0.227312
     H   13        0.282450        0.227312        0.006088

     C   14        0.179809       -0.849745       -0.357442
     C   14       -0.849745       -0.143151       -0.167763
     C   14       -0.357442       -0.167763       -0.036659

     H   15        0.402961        0.093356        0.483167
     H   15        0.093356       -0.164778       -0.233110
     H   15        0.483167       -0.233110       -0.238183

     C   16       -0.566918       -0.143251       -0.313659
     C   16       -0.143251        0.315213        0.481721
     C   16       -0.313659        0.481721        0.251705

     C   17        0.086190       -0.271021        0.045027
     C   17       -0.271021        0.268691       -0.241145
     C   17        0.045027       -0.241145       -0.354881

     Cl  18       -1.237403       -0.846754       -0.032404
     Cl  18       -0.846754        2.900623       -1.026679
     Cl  18       -0.032404       -1.026679       -1.663220

     H   19       -0.081824        0.051265        0.005942
     H   19        0.051265        0.182509       -0.147681
     H   19        0.005942       -0.147681       -0.100685

     C   20       -0.703759       -0.147764       -0.401029
     C   20       -0.147764        0.546758       -0.515257
     C   20       -0.401029       -0.515257        0.157001

     H   21        0.244390       -0.416182        0.556999
     H   21       -0.416182       -0.040768        0.168357
     H   21        0.556999        0.168357       -0.203622

     C   22        0.222856        0.192044       -0.017736
     C   22        0.192044       -0.120960       -0.017762
     C   22       -0.017736       -0.017762       -0.101896

     C   23       -0.556011       -0.405660       -0.142539
     C   23       -0.405660        0.656006       -0.385954
     C   23       -0.142539       -0.385954       -0.099995

     Cl  24        0.127846        0.747770        0.534622
     Cl  24        0.747770        0.817830       -1.519667
     Cl  24        0.534622       -1.519667       -0.945677


     NQR/NMR SPECTROSCOPIC PARAMETERS:
     Cl   1    Vxx=   -0.2599    axis=( -0.593191  0.081508  0.800925)
     Cl   1    Vyy=   -2.8077    axis=(  0.569497  0.745671  0.345902)
     Cl   1    Vzz=    3.0677    axis=( -0.569033  0.661310 -0.488744)
     Cl   1  Q=        -8.1650 1e-30 m^2  Cq=       -58.8515 MHz  eta= 0.83053

     C    2    Vxx=    0.1675    axis=( -0.119187 -0.844075 -0.522811)
     C    2    Vyy=    0.3442    axis=(  0.054516 -0.531334  0.845407)
     C    2    Vzz=   -0.5118    axis=( -0.991374  0.072260  0.109343)
     C    2  Q=         1.0000 1e-30 m^2  Cq=        -1.2025 MHz  eta= 0.34525

     C    3    Vxx=    0.1702    axis=( -0.116451 -0.723859 -0.680049)
     C    3    Vyy=    0.5775    axis=( -0.932531  0.315321 -0.175950)
     C    3    Vzz=   -0.7477    axis=(  0.341797  0.613678 -0.711741)
     C    3  Q=         1.0000 1e-30 m^2  Cq=        -1.7568 MHz  eta= 0.54483

     H    4    Vxx=   -0.1021    axis=(  0.602075 -0.733513 -0.315380)
     H    4    Vyy=   -0.7876    axis=(  0.284667  0.566241 -0.773522)
     H    4    Vzz=    0.8897    axis=(  0.745969  0.375940  0.549726)
     H    4  Q=         1.0000 1e-30 m^2  Cq=         2.0904 MHz  eta= 0.77055

     C    5    Vxx=    0.0991    axis=( -0.849620  0.314154 -0.423619)
     C    5    Vyy=    0.5254    axis=( -0.054608  0.746509  0.663130)
     C    5    Vzz=   -0.6245    axis=( -0.524560 -0.586542  0.617094)
     C    5  Q=         1.0000 1e-30 m^2  Cq=        -1.4674 MHz  eta= 0.68256

     H    6    Vxx=   -0.0712    axis=(  0.890841 -0.151592  0.428278)
     H    6    Vyy=   -0.8458    axis=(  0.449442  0.431766 -0.782036)
     H    6    Vzz=    0.9170    axis=( -0.066366  0.889156  0.452767)
     H    6  Q=         1.0000 1e-30 m^2  Cq=         2.1546 MHz  eta= 0.84479

     H    7    Vxx=   -0.0337    axis=(  0.999701  0.022616 -0.009274)
     H    7    Vyy=   -0.4102    axis=( -0.014547  0.855363  0.517825)
     H    7    Vzz=    0.4439    axis=(  0.019644 -0.517535  0.855436)
     H    7  Q=         1.0000 1e-30 m^2  Cq=         1.0431 MHz  eta= 0.84826

     C    8    Vxx=    0.1662    axis=(  0.936387 -0.348410 -0.042317)
     C    8    Vyy=    0.4371    axis=(  0.343161  0.883580  0.318632)
     C    8    Vzz=   -0.6033    axis=( -0.073624 -0.312884  0.946934)
     C    8  Q=         1.0000 1e-30 m^2  Cq=        -1.4176 MHz  eta= 0.44907

     H    9    Vxx=   -0.0247    axis=( -0.439138 -0.310408  0.843092)
     H    9    Vyy=   -0.6679    axis=( -0.181983  0.949697  0.254868)
     H    9    Vzz=    0.6926    axis=( -0.879795 -0.041506 -0.473537)
     H    9  Q=         1.0000 1e-30 m^2  Cq=         1.6272 MHz  eta= 0.92870

     C   10    Vxx=   -0.1147    axis=( -0.288326  0.185683  0.939356)
     C   10    Vyy=   -0.8835    axis=(  0.948860  0.187141  0.254251)
     C   10    Vzz=    0.9982    axis=( -0.128582  0.964624 -0.230145)
     C   10  Q=         1.0000 1e-30 m^2  Cq=         2.3453 MHz  eta= 0.77020

     C   11    Vxx=    0.0415    axis=( -0.760938  0.630175  0.154443)
     C   11    Vyy=    0.4559    axis=(  0.639643  0.768511  0.015752)
     C   11    Vzz=   -0.4974    axis=(  0.108764 -0.110775  0.987876)
     C   11  Q=         1.0000 1e-30 m^2  Cq=        -1.1687 MHz  eta= 0.83300

     Cl  12    Vxx=    0.1740    axis=(  0.985422 -0.064726  0.157336)
     Cl  12    Vyy=    2.1779    axis=(  0.099842  0.968817 -0.226771)
     Cl  12    Vzz=   -2.3519    axis=( -0.137752  0.239174  0.961156)
     Cl  12  Q=        -8.1650 1e-30 m^2  Cq=        45.1203 MHz  eta= 0.85206

     H   13    Vxx=   -0.0471    axis=(  0.358698 -0.610952  0.705744)
     H   13    Vyy=   -0.4839    axis=( -0.874358  0.044832  0.483207)
     H   13    Vzz=    0.5310    axis=(  0.326856  0.790397  0.518109)
     H   13  Q=         1.0000 1e-30 m^2  Cq=         1.2478 MHz  eta= 0.82248

     C   14    Vxx=    0.0680    axis=( -0.082272 -0.395599  0.914731)
     C   14    Vyy=    0.9155    axis=(  0.780289 -0.596552 -0.187814)
     C   14    Vzz=   -0.9835    axis=(  0.619984  0.698303  0.357761)
     C   14  Q=         1.0000 1e-30 m^2  Cq=        -2.3109 MHz  eta= 0.86164

     H   15    Vxx=   -0.0321    axis=(  0.254563  0.880733 -0.399384)
     H   15    Vyy=   -0.6312    axis=( -0.407764  0.472237  0.781486)
     H   15    Vzz=    0.6632    axis=(  0.876884 -0.036083  0.479345)
     H   15  Q=         1.0000 1e-30 m^2  Cq=         1.5584 MHz  eta= 0.90324

     C   16    Vxx=   -0.1657    axis=( -0.247809 -0.721510  0.646540)
     C   16    Vyy=   -0.6738    axis=( -0.942656  0.025556 -0.332786)
     C   16    Vzz=    0.8394    axis=(  0.223586 -0.691932 -0.686469)
     C   16  Q=         1.0000 1e-30 m^2  Cq=         1.9723 MHz  eta= 0.60531

     C   17    Vxx=   -0.0790    axis=(  0.841263  0.467581 -0.271374)
     C   17    Vyy=   -0.4419    axis=( -0.102724 -0.354567 -0.929371)
     C   17    Vzz=    0.5209    axis=( -0.530776  0.809722 -0.250252)
     C   17  Q=         1.0000 1e-30 m^2  Cq=         1.2238 MHz  eta= 0.69678

     Cl  18    Vxx=   -1.3127    axis=(  0.924978  0.096315 -0.367613)
     Cl  18    Vyy=   -1.9581    axis=(  0.334950  0.250320  0.908377)
     Cl  18    Vzz=    3.2708    axis=(  0.179512 -0.963360  0.199279)
     Cl  18  Q=        -8.1650 1e-30 m^2  Cq=       -62.7483 MHz  eta= 0.19732

     H   19    Vxx=   -0.0802    axis=(  0.947989 -0.006090  0.318245)
     H   19    Vyy=   -0.1714    axis=( -0.288787  0.404018  0.867970)
     H   19    Vzz=    0.2516    axis=( -0.133862 -0.914731  0.381246)
     H   19  Q=         1.0000 1e-30 m^2  Cq=         0.5911 MHz  eta= 0.36272

     C   20    Vxx=    0.0303    axis=( -0.483803  0.544892  0.684856)
     C   20    Vyy=    0.9105    axis=( -0.072659 -0.804840  0.589027)
     C   20    Vzz=   -0.9409    axis=(  0.872156  0.235212  0.428975)
     C   20  Q=         1.0000 1e-30 m^2  Cq=        -2.2106 MHz  eta= 0.93549

     H   21    Vxx=    0.0626    axis=( -0.038316 -0.806447 -0.590063)
     H   21    Vyy=    0.7172    axis=( -0.826647  0.357339 -0.434700)
     H   21    Vzz=   -0.7798    axis=(  0.561415  0.471118 -0.680339)
     H   21  Q=         1.0000 1e-30 m^2  Cq=        -1.8323 MHz  eta= 0.83935

     C   22    Vxx=   -0.1025    axis=(  0.086704 -0.055008  0.994714)
     C   22    Vyy=   -0.2076    axis=( -0.403022  0.911186  0.085518)
     C   22    Vzz=    0.3100    axis=( -0.911074 -0.408307  0.056834)
     C   22  Q=         1.0000 1e-30 m^2  Cq=         0.7284 MHz  eta= 0.33903

     C   23    Vxx=   -0.1118    axis=( -0.456628  0.195080  0.868006)
     C   23    Vyy=   -0.7803    axis=(  0.860652  0.343963  0.375456)
     C   23    Vzz=    0.8921    axis=( -0.225318  0.918495 -0.324959)
     C   23  Q=         1.0000 1e-30 m^2  Cq=         2.0960 MHz  eta= 0.74946

     Cl  24    Vxx=    0.3435    axis=( -0.901984  0.046794 -0.429225)
     Cl  24    Vyy=    1.7918    axis=(  0.250529  0.866370 -0.432016)
     Cl  24    Vzz=   -2.1353    axis=( -0.351652  0.497205  0.793175)
     Cl  24  Q=        -8.1650 1e-30 m^2  Cq=        40.9648 MHz  eta= 0.67830

     Initialization:
     gipaw_setup  :      9.15s CPU     10.82s WALL (       1 calls)

     Linear response

     Apply operators

     Induced current

     Other routines
     efg          :      9.51s CPU     12.56s WALL (       1 calls)

     General routines
     calbec       :      3.49s CPU      5.16s WALL (      16 calls)
     fft          :      1.89s CPU      3.21s WALL (      15 calls)
     ffts         :      0.06s CPU      0.10s WALL (       2 calls)
     fftw         :      3.26s CPU      3.91s WALL (     672 calls)
     davcio       :      0.03s CPU      0.34s WALL (      32 calls)

     Parallel routines
     fft_scatter  :      2.49s CPU      4.38s WALL (     689 calls)

     Plugins

     GIPAW        :     61.07s CPU     72.58s WALL (       1 calls)
