
     Program QE v.6.0 (svn rev. 13079) starts on 16Jan2017 at  7:37:22 

     This program is part of the open-source Quantum ESPRESSO suite
     for quantum simulation of materials; please cite
         "P. Giannozzi et al., J. Phys.:Condens. Matter 21 395502 (2009);
          URL http://www.quantum-espresso.org", 
     in publications or presentations arising from this work. More details at
     http://www.quantum-espresso.org/quote

     Parallel version (MPI), running on     8 processors
     R & G space division:  proc/nbgrp/npool/nimage =       8

     ***** This is GIPAW svn revision unknown      *****

     Parallelizing q-star over 1 images

     Reading data from directory:
     /users/majewski/paradichlorobenzene/pbe/9_constraint/scratch/pbe.ecut100.np8.dt60.pcl2phi-129368.save
     Message from routine read_xml_file:
     file /users/majewski/paradichlorobenzene/pbe/9_constraint/scratch/pbe.ecut100.np8.dt60.pcl2phi-129368.save not guaranteed to be safe for post-processing

   Info: using nr1, nr2, nr3 values from input

   Info: using nr1, nr2, nr3 values from input

     IMPORTANT: XC functional enforced from input :
     Exchange-correlation      =  SLA  PW   PBX  PBC ( 1  4  3  4 0 0)
     Any further DFT definition will be discarded
     Please, verify this is what you really want

               file C.pbe-n-kjpaw_psl.1.0.0.UPF: wavefunction(s)  2S 2P renormalized
               file Cl.pbe-n-kjpaw_psl.1.0.0.UPF: wavefunction(s)  3S 3P renormalized
               file H.pbe-kjpaw_psl.1.0.0.UPF: wavefunction(s)  1S renormalized

     Parallelization info
     --------------------
     sticks:   dense  smooth     PW     G-vecs:    dense   smooth      PW
     Min        3057    1223    332               144436    36536    5170
     Max        3059    1225    333               144437    36537    5171
     Sum       24467    9791   2657              1155489   292295   41363


     Subspace diagonalization in iterative solution of the eigenvalue problem:
     a serial algorithm will be used

     GIPAW projectors -----------------------------------------------
     atom=  C    l=0  rc=    1.2000  rs=    0.8000
     atom=  C    l=0  rc=    1.2000  rs=    0.8000
     atom=  C    l=1  rc=    1.4000  rs=    0.9333
     atom=  C    l=1  rc=    1.4000  rs=    0.9333
     projs nearly linearly dependent: l=1  n1,n2= 1, 2  s=  0.99951561

     atom=  Cl   l=0  rc=    1.6000  rs=    1.0667
     atom=  Cl   l=0  rc=    1.6000  rs=    1.0667
     atom=  Cl   l=1  rc=    1.6000  rs=    1.0667
     atom=  Cl   l=1  rc=    1.6000  rs=    1.0667
     atom=  Cl   l=2  rc=    1.6000  rs=    1.0667
     atom=  Cl   l=2  rc=    1.6000  rs=    1.0667
     projs nearly linearly dependent: l=2  n1,n2= 1, 2  s=  0.99993509

     atom=  H    l=0  rc=    1.0000  rs=    0.6667
     atom=  H    l=0  rc=    1.0000  rs=    0.6667
     projs nearly linearly dependent: l=0  n1,n2= 1, 2  s=  0.99968852
     -----------------------------------------------------------------

     GIPAW integrals: -------------------------------------------
     Atom  i/j   nmr_para   nmr_dia   epr_rmc  epr_para   epr_dia
       C   1 1   0.83E+03  0.17E-01  0.93E+01  0.24E+08  0.24E+03
       C   2 1   0.86E+03 -0.61E-01  0.94E+01  0.25E+08  0.25E+03
       C   2 2   0.90E+03 -0.15E+00  0.97E+01  0.26E+08  0.26E+03
       C   3 3   0.33E+01  0.34E+00  0.18E+01  0.55E+03  0.21E+02
       C   4 3   0.35E+01  0.37E+00  0.20E+01  0.59E+03  0.22E+02
       C   4 4   0.38E+01  0.39E+00  0.22E+01  0.63E+03  0.24E+02
       Cl  1 1   0.14E+04 -0.47E+00  0.84E+01  0.32E+09  0.42E+03
       Cl  2 1   0.21E+04 -0.37E+00  0.12E+02  0.49E+09  0.65E+03
       Cl  2 2   0.33E+04 -0.16E+00  0.21E+02  0.76E+09  0.10E+04
       Cl  3 3   0.21E+02  0.79E-01  0.89E+01  0.23E+05  0.13E+03
       Cl  4 3   0.24E+02  0.67E-01  0.99E+01  0.27E+05  0.15E+03
       Cl  4 4   0.28E+02  0.44E-01  0.11E+02  0.32E+05  0.18E+03
       Cl  5 5   0.77E+00  0.19E+00  0.18E+01  0.12E+03  0.22E+02
       Cl  6 5   0.80E+00  0.19E+00  0.19E+01  0.12E+03  0.23E+02
       Cl  6 6   0.83E+00  0.20E+00  0.19E+01  0.12E+03  0.23E+02
       H   1 1   0.39E+02  0.19E+00  0.29E+00  0.78E+05  0.13E+02
       H   2 1   0.41E+02  0.21E+00  0.32E+00  0.82E+05  0.14E+02
       H   2 2   0.43E+02  0.22E+00  0.36E+00  0.86E+05  0.15E+02
     ------------------------------------------------------------

     alpha_pv=     34.2898 eV

     Number of occupied bands for each k-point:
     k-point:     1    nbnd_occ=  42
     k-point:     2    nbnd_occ=  42
     k-point:     3    nbnd_occ=  42
     k-point:     4    nbnd_occ=  42
     k-point:     5    nbnd_occ=  42
     k-point:     6    nbnd_occ=  42
     k-point:     7    nbnd_occ=  42
     k-point:     8    nbnd_occ=  42
     k-point:     9    nbnd_occ=  42
     k-point:    10    nbnd_occ=  42
     k-point:    11    nbnd_occ=  42
     k-point:    12    nbnd_occ=  42
     k-point:    13    nbnd_occ=  42
     k-point:    14    nbnd_occ=  42
     k-point:    15    nbnd_occ=  42
     k-point:    16    nbnd_occ=  42


     q-space interpolation up to   110.00 Rydberg

     GIPAW job: efg                                                                             


     ELECTRIC FIELD GRADIENTS TENSORS IN Hartree/bohrradius^2:

     ----- bare term -----
     Cl   1        0.139163        0.233794        0.050068
     Cl   1        0.233794       -0.013336        0.429461
     Cl   1        0.050068        0.429461       -0.125827

     C    2       -0.036785       -0.012418       -0.261786
     C    2       -0.012418        0.069124       -0.700140
     C    2       -0.261786       -0.700140       -0.032339

     C    3       -0.421102        0.237529       -0.151288
     C    3        0.237529        0.108734       -0.179427
     C    3       -0.151288       -0.179427        0.312368

     H    4       -0.487791       -0.413552        0.179720
     H    4       -0.413552        0.263146        0.070184
     H    4        0.179720        0.070184        0.224644

     C    5       -0.033300        0.274042       -0.075766
     C    5        0.274042       -0.099444       -0.410007
     C    5       -0.075766       -0.410007        0.132744

     H    6        0.326127       -0.368863        0.062365
     H    6       -0.368863       -0.671858        0.031654
     H    6        0.062365        0.031654        0.345732

     H    7        0.491515       -0.083431       -0.197897
     H    7       -0.083431       -0.302961        0.363045
     H    7       -0.197897        0.363045       -0.188555

     C    8       -0.671072       -0.318702       -0.143960
     C    8       -0.318702        0.292344        0.081851
     C    8       -0.143960        0.081851        0.378729

     H    9       -0.009020       -0.178119       -0.480160
     H    9       -0.178119       -0.071164       -0.157991
     H    9       -0.480160       -0.157991        0.080183

     C   10        0.087236       -0.008615       -0.220913
     C   10       -0.008615       -0.086973        0.612367
     C   10       -0.220913        0.612367       -0.000263

     C   11       -0.732284       -0.471216       -0.339994
     C   11       -0.471216        0.326015        0.089471
     C   11       -0.339994        0.089471        0.406268

     Cl  12       -0.006723       -0.008005       -0.033583
     Cl  12       -0.008005        0.104413        0.006547
     Cl  12       -0.033583        0.006547       -0.097690

     H   13        0.367679       -0.052020       -0.050981
     H   13       -0.052020       -0.572372       -0.631905
     H   13       -0.050981       -0.631905        0.204694

     C   14       -0.858896        0.333576       -0.440506
     C   14        0.333576        0.384110        0.007634
     C   14       -0.440506        0.007634        0.474785

     H   15       -0.548563       -0.014540        0.118841
     H   15       -0.014540        0.336140       -0.332178
     H   15        0.118841       -0.332178        0.212423

     C   16        0.194687        0.074841       -0.070730
     C   16        0.074841       -0.553632       -0.443215
     C   16       -0.070730       -0.443215        0.358944

     C   17       -0.791018        0.392985       -0.302640
     C   17        0.392985        0.282549       -0.069721
     C   17       -0.302640       -0.069721        0.508469

     Cl  18        0.254671       -0.026296       -0.038375
     Cl  18       -0.026296       -0.112024       -0.390736
     Cl  18       -0.038375       -0.390736       -0.142647

     H   19        0.401880        0.161090        0.014727
     H   19        0.161090       -0.716205       -0.080182
     H   19        0.014727       -0.080182        0.314325

     C   20       -0.005003        0.054204       -0.238663
     C   20        0.054204       -0.033798        0.412011
     C   20       -0.238663        0.412011        0.038802

     H   21       -0.139109        0.386566       -0.378134
     H   21        0.386566       -0.175258        0.276801
     H   21       -0.378134        0.276801        0.314367

     C   22       -0.702477       -0.318716       -0.195627
     C   22       -0.318716        0.309108        0.172713
     C   22       -0.195627        0.172713        0.393369

     C   23       -0.013227        0.056920       -0.276314
     C   23        0.056920        0.061039        0.669693
     C   23       -0.276314        0.669693       -0.047813

     Cl  24       -0.328302       -0.257676       -0.009478
     Cl  24       -0.257676        0.210417        0.000318
     Cl  24       -0.009478        0.000318        0.117885

     ----- ionic term -----
     Cl   1        0.128949       -0.179473       -0.088352
     Cl   1       -0.179473       -0.007869        0.066993
     Cl   1       -0.088352        0.066993       -0.121079

     C    2        0.295312       -0.077676        0.068857
     C    2       -0.077676        0.117153        0.432832
     C    2        0.068857        0.432832       -0.412465

     C    3        0.262738       -0.229612        0.051824
     C    3       -0.229612        0.187462        0.364826
     C    3        0.051824        0.364826       -0.450200

     H    4        0.966982        0.193652        0.381099
     H    4        0.193652       -0.502072        0.145373
     H    4        0.381099        0.145373       -0.464909

     C    5        0.419188       -0.132029        0.098299
     C    5       -0.132029        0.115994        0.272236
     C    5        0.098299        0.272236       -0.535183

     H    6       -0.505365        0.192498        0.061929
     H    6        0.192498        0.908193        0.519505
     H    6        0.061929        0.519505       -0.402828

     H    7       -0.510085       -0.119612        0.084763
     H    7       -0.119612        0.664885       -0.698481
     H    7        0.084763       -0.698481       -0.154800

     C    8        0.307426        0.254949        0.220790
     C    8        0.254949       -0.000723       -0.304973
     C    8        0.220790       -0.304973       -0.306703

     H    9        0.447985       -0.085756        0.767505
     H    9       -0.085756       -0.472773       -0.147095
     H    9        0.767505       -0.147095        0.024788

     C   10        0.170750        0.302915        0.152446
     C   10        0.302915        0.123702       -0.386169
     C   10        0.152446       -0.386169       -0.294452

     C   11        0.257290        0.146690        0.270833
     C   11        0.146690        0.083818       -0.381803
     C   11        0.270833       -0.381803       -0.341108

     Cl  12        0.173135        0.229986        0.017737
     Cl  12        0.229986       -0.018389        0.005245
     Cl  12        0.017737        0.005245       -0.154746

     H   13       -0.517992        0.119291        0.039117
     H   13        0.119291        0.703607        0.692112
     H   13        0.039117        0.692112       -0.185615

     C   14        0.338883       -0.127317        0.085159
     C   14       -0.127317        0.081882        0.344853
     C   14        0.085159        0.344853       -0.420765

     H   15        0.803207        0.357613        0.492150
     H   15        0.357613       -0.389670        0.190762
     H   15        0.492150        0.190762       -0.413538

     C   16        0.194687       -0.163401        0.059618
     C   16       -0.163401        0.217183        0.407589
     C   16        0.059618        0.407589       -0.411870

     C   17        0.299948       -0.082637        0.124289
     C   17       -0.082637        0.164178        0.369699
     C   17        0.124289        0.369699       -0.464126

     Cl  18        0.118500       -0.208710       -0.023785
     Cl  18       -0.208710        0.024543        0.024115
     Cl  18       -0.023785        0.024115       -0.143043

     H   19       -0.493004       -0.188584        0.060435
     H   19       -0.188584        0.923670       -0.465392
     H   19        0.060435       -0.465392       -0.430666

     C   20        0.303448        0.128949        0.268933
     C   20        0.128949        0.123611       -0.247431
     C   20        0.268933       -0.247431       -0.427059

     H   21        0.599681       -0.213755        0.707328
     H   21       -0.213755       -0.456473       -0.211373
     H   21        0.707328       -0.211373       -0.143208

     C   22        0.153892        0.260350        0.202798
     C   22        0.260350        0.171674       -0.341927
     C   22        0.202798       -0.341927       -0.325566

     C   23        0.210888        0.269514        0.282616
     C   23        0.269514        0.103730       -0.323121
     C   23        0.282616       -0.323121       -0.314618

     Cl  24        0.147291        0.212433        0.021260
     Cl  24        0.212433        0.024877       -0.000501
     Cl  24        0.021260       -0.000501       -0.172168

     ----- GIPAW term -----
     Cl   1       -0.305231       -0.031158       -0.228840
     Cl   1       -0.031158       -0.090399       -0.601025
     Cl   1       -0.228840       -0.601025        0.395630

     C    2       -0.058436       -0.030379       -0.049079
     C    2       -0.030379        0.236409       -0.168609
     C    2       -0.049079       -0.168609       -0.177973

     C    3       -0.112440        0.080749       -0.056272
     C    3        0.080749        0.134006       -0.094457
     C    3       -0.056272       -0.094457       -0.021567

     H    4       -0.000000        0.000000        0.000000
     H    4        0.000000        0.000000        0.000000
     H    4        0.000000        0.000000        0.000000

     C    5       -0.038962        0.163267        0.006362
     C    5        0.163267        0.170730       -0.081098
     C    5        0.006362       -0.081098       -0.131768

     H    6       -0.000000        0.000000        0.000000
     H    6        0.000000        0.000000        0.000000
     H    6        0.000000        0.000000        0.000000

     H    7       -0.000000        0.000000        0.000000
     H    7        0.000000        0.000000        0.000000
     H    7        0.000000        0.000000        0.000000

     C    8       -0.124728        0.032733        0.016167
     C    8        0.032733        0.157344        0.033675
     C    8        0.016167        0.033675       -0.032616

     H    9       -0.000000        0.000000        0.000000
     H    9        0.000000        0.000000        0.000000
     H    9        0.000000        0.000000        0.000000

     C   10       -0.105864        0.064171       -0.027730
     C   10        0.064171        0.260061        0.021253
     C   10       -0.027730        0.021253       -0.154197

     C   11       -0.156477        0.003644       -0.031439
     C   11        0.003644        0.258218       -0.038049
     C   11       -0.031439       -0.038049       -0.101742

     Cl  12        0.033270        1.949341       -0.144625
     Cl  12        1.949341        2.576501        0.239790
     Cl  12       -0.144625        0.239790       -2.609772

     H   13       -0.000000        0.000000        0.000000
     H   13        0.000000        0.000000        0.000000
     H   13        0.000000        0.000000        0.000000

     C   14       -0.211045       -0.057013       -0.095562
     C   14       -0.057013        0.220775        0.171651
     C   14       -0.095562        0.171651       -0.009730

     H   15       -0.000000        0.000000        0.000000
     H   15        0.000000        0.000000        0.000000
     H   15        0.000000        0.000000        0.000000

     C   16       -0.066858       -0.027269       -0.007257
     C   16       -0.027269       -0.015693        0.149437
     C   16       -0.007257        0.149437        0.082551

     C   17       -0.123623        0.044143        0.027743
     C   17        0.044143        0.065984        0.133402
     C   17        0.027743        0.133402        0.057639

     Cl  18        0.020948       -0.565615        0.392308
     Cl  18       -0.565615        0.080599        0.914322
     Cl  18        0.392308        0.914322       -0.101547

     H   19       -0.000000        0.000000        0.000000
     H   19        0.000000        0.000000        0.000000
     H   19        0.000000        0.000000        0.000000

     C   20       -0.072632        0.018495       -0.018604
     C   20        0.018495        0.212580        0.053901
     C   20       -0.018604        0.053901       -0.139948

     H   21       -0.000000        0.000000        0.000000
     H   21        0.000000        0.000000        0.000000
     H   21        0.000000        0.000000        0.000000

     C   22       -0.215281        0.007178       -0.024726
     C   22        0.007178        0.292689        0.029519
     C   22       -0.024726        0.029519       -0.077408

     C   23       -0.061560        0.062648       -0.038145
     C   23        0.062648        0.267222        0.101518
     C   23       -0.038145        0.101518       -0.205662

     Cl  24       -0.770326        1.435624       -0.136756
     Cl  24        1.435624        2.451524       -0.143777
     Cl  24       -0.136756       -0.143777       -1.681198

     ----- total EFG -----
     Cl   1       -0.037119        0.023163       -0.267124
     Cl   1        0.023163       -0.111604       -0.104571
     Cl   1       -0.267124       -0.104571        0.148723

     C    2        0.200091       -0.120473       -0.242008
     C    2       -0.120473        0.422685       -0.435917
     C    2       -0.242008       -0.435917       -0.622777

     C    3       -0.270804        0.088666       -0.155736
     C    3        0.088666        0.430202        0.090942
     C    3       -0.155736        0.090942       -0.159399

     H    4        0.479191       -0.219900        0.560819
     H    4       -0.219900       -0.238926        0.215556
     H    4        0.560819        0.215556       -0.240265

     C    5        0.346927        0.305280        0.028895
     C    5        0.305280        0.187280       -0.218869
     C    5        0.028895       -0.218869       -0.534206

     H    6       -0.179238       -0.176365        0.124294
     H    6       -0.176365        0.236335        0.551159
     H    6        0.124294        0.551159       -0.057097

     H    7       -0.018570       -0.203043       -0.113134
     H    7       -0.203043        0.361925       -0.335436
     H    7       -0.113134       -0.335436       -0.343355

     C    8       -0.488374       -0.031020        0.092997
     C    8       -0.031020        0.448964       -0.189446
     C    8        0.092997       -0.189446        0.039409

     H    9        0.438965       -0.263875        0.287345
     H    9       -0.263875       -0.543937       -0.305086
     H    9        0.287345       -0.305086        0.104972

     C   10        0.152122        0.358471       -0.096197
     C   10        0.358471        0.296790        0.247452
     C   10       -0.096197        0.247452       -0.448912

     C   11       -0.631470       -0.320882       -0.100599
     C   11       -0.320882        0.668052       -0.330381
     C   11       -0.100599       -0.330381       -0.036582

     Cl  12        0.199683        2.171323       -0.160471
     Cl  12        2.171323        2.662526        0.251583
     Cl  12       -0.160471        0.251583       -2.862208

     H   13       -0.150313        0.067271       -0.011863
     H   13        0.067271        0.131235        0.060207
     H   13       -0.011863        0.060207        0.019079

     C   14       -0.731058        0.149246       -0.450909
     C   14        0.149246        0.686768        0.524138
     C   14       -0.450909        0.524138        0.044290

     H   15        0.254644        0.343073        0.610992
     H   15        0.343073       -0.053530       -0.141417
     H   15        0.610992       -0.141417       -0.201114

     C   16        0.322517       -0.115828       -0.018369
     C   16       -0.115828       -0.352142        0.113810
     C   16       -0.018369        0.113810        0.029625

     C   17       -0.614693        0.354490       -0.150608
     C   17        0.354490        0.512712        0.433381
     C   17       -0.150608        0.433381        0.101981

     Cl  18        0.394119       -0.800621        0.330148
     Cl  18       -0.800621       -0.006881        0.547701
     Cl  18        0.330148        0.547701       -0.387237

     H   19       -0.091125       -0.027493        0.075162
     H   19       -0.027493        0.207465       -0.545574
     H   19        0.075162       -0.545574       -0.116340

     C   20        0.225813        0.201648        0.011667
     C   20        0.201648        0.302393        0.218481
     C   20        0.011667        0.218481       -0.528206

     H   21        0.460572        0.172812        0.329194
     H   21        0.172812       -0.631732        0.065428
     H   21        0.329194        0.065428        0.171160

     C   22       -0.763866       -0.051188       -0.017555
     C   22       -0.051188        0.773471       -0.139694
     C   22       -0.017555       -0.139694       -0.009605

     C   23        0.136101        0.389082       -0.031843
     C   23        0.389082        0.431991        0.448090
     C   23       -0.031843        0.448090       -0.568093

     Cl  24       -0.951337        1.390381       -0.124974
     Cl  24        1.390381        2.686818       -0.143960
     Cl  24       -0.124974       -0.143960       -1.735481

     ----- total EFG (symmetrized) -----
     Cl   1       -0.037119        0.023163       -0.267124
     Cl   1        0.023163       -0.111604       -0.104571
     Cl   1       -0.267124       -0.104571        0.148723

     C    2        0.200091       -0.120473       -0.242008
     C    2       -0.120473        0.422685       -0.435917
     C    2       -0.242008       -0.435917       -0.622777

     C    3       -0.270804        0.088666       -0.155736
     C    3        0.088666        0.430202        0.090942
     C    3       -0.155736        0.090942       -0.159399

     H    4        0.479191       -0.219900        0.560819
     H    4       -0.219900       -0.238926        0.215556
     H    4        0.560819        0.215556       -0.240265

     C    5        0.346927        0.305280        0.028895
     C    5        0.305280        0.187280       -0.218869
     C    5        0.028895       -0.218869       -0.534206

     H    6       -0.179238       -0.176365        0.124294
     H    6       -0.176365        0.236335        0.551159
     H    6        0.124294        0.551159       -0.057097

     H    7       -0.018570       -0.203043       -0.113134
     H    7       -0.203043        0.361925       -0.335436
     H    7       -0.113134       -0.335436       -0.343355

     C    8       -0.488374       -0.031020        0.092997
     C    8       -0.031020        0.448964       -0.189446
     C    8        0.092997       -0.189446        0.039409

     H    9        0.438965       -0.263875        0.287345
     H    9       -0.263875       -0.543937       -0.305086
     H    9        0.287345       -0.305086        0.104972

     C   10        0.152122        0.358471       -0.096197
     C   10        0.358471        0.296790        0.247452
     C   10       -0.096197        0.247452       -0.448912

     C   11       -0.631470       -0.320882       -0.100599
     C   11       -0.320882        0.668052       -0.330381
     C   11       -0.100599       -0.330381       -0.036582

     Cl  12        0.199683        2.171323       -0.160471
     Cl  12        2.171323        2.662526        0.251583
     Cl  12       -0.160471        0.251583       -2.862208

     H   13       -0.150313        0.067271       -0.011863
     H   13        0.067271        0.131235        0.060207
     H   13       -0.011863        0.060207        0.019079

     C   14       -0.731058        0.149246       -0.450909
     C   14        0.149246        0.686768        0.524138
     C   14       -0.450909        0.524138        0.044290

     H   15        0.254644        0.343073        0.610992
     H   15        0.343073       -0.053530       -0.141417
     H   15        0.610992       -0.141417       -0.201114

     C   16        0.322517       -0.115828       -0.018369
     C   16       -0.115828       -0.352142        0.113810
     C   16       -0.018369        0.113810        0.029625

     C   17       -0.614693        0.354490       -0.150608
     C   17        0.354490        0.512712        0.433381
     C   17       -0.150608        0.433381        0.101981

     Cl  18        0.394119       -0.800621        0.330148
     Cl  18       -0.800621       -0.006881        0.547701
     Cl  18        0.330148        0.547701       -0.387237

     H   19       -0.091125       -0.027493        0.075162
     H   19       -0.027493        0.207465       -0.545574
     H   19        0.075162       -0.545574       -0.116340

     C   20        0.225813        0.201648        0.011667
     C   20        0.201648        0.302393        0.218481
     C   20        0.011667        0.218481       -0.528206

     H   21        0.460572        0.172812        0.329194
     H   21        0.172812       -0.631732        0.065428
     H   21        0.329194        0.065428        0.171160

     C   22       -0.763866       -0.051188       -0.017555
     C   22       -0.051188        0.773471       -0.139694
     C   22       -0.017555       -0.139694       -0.009605

     C   23        0.136101        0.389082       -0.031843
     C   23        0.389082        0.431991        0.448090
     C   23       -0.031843        0.448090       -0.568093

     Cl  24       -0.951337        1.390381       -0.124974
     Cl  24        1.390381        2.686818       -0.143960
     Cl  24       -0.124974       -0.143960       -1.735481


     NQR/NMR SPECTROSCOPIC PARAMETERS:
     Cl   1    Vxx=   -0.1171    axis=(  0.398394 -0.916348  0.039863)
     Cl   1    Vyy=   -0.2423    axis=(  0.730284  0.343196  0.590679)
     Cl   1    Vzz=    0.3594    axis=( -0.554948 -0.206212  0.805921)
     Cl   1  Q=        -8.1650 1e-30 m^2  Cq=        -6.8953 MHz  eta= 0.34825

     C    2    Vxx=    0.2660    axis=(  0.964282  0.004615 -0.264837)
     C    2    Vyy=    0.5835    axis=(  0.092907 -0.942218  0.321861)
     C    2    Vzz=   -0.8495    axis=(  0.248049  0.334970  0.908992)
     C    2  Q=         1.0000 1e-30 m^2  Cq=        -1.9959 MHz  eta= 0.37376

     C    3    Vxx=   -0.0507    axis=( -0.588852 -0.044045  0.807040)
     C    3    Vyy=   -0.3993    axis=( -0.802651  0.149105 -0.577511)
     C    3    Vzz=    0.4501    axis=( -0.094897 -0.987840 -0.123154)
     C    3  Q=         1.0000 1e-30 m^2  Cq=         1.0575 MHz  eta= 0.77456

     H    4    Vxx=   -0.0673    axis=(  0.171902 -0.848635 -0.500268)
     H    4    Vyy=   -0.7267    axis=(  0.436222  0.520900 -0.733740)
     H    4    Vzz=    0.7940    axis=(  0.883267 -0.092096  0.459737)
     H    4  Q=         1.0000 1e-30 m^2  Cq=         1.8656 MHz  eta= 0.83045

     C    5    Vxx=    0.0154    axis=( -0.627484  0.711470 -0.316344)
     C    5    Vyy=    0.5941    axis=(  0.768256  0.631821 -0.102884)
     C    5    Vzz=   -0.6095    axis=( -0.126674  0.307592  0.943049)
     C    5  Q=         1.0000 1e-30 m^2  Cq=        -1.4320 MHz  eta= 0.94962

     H    6    Vxx=   -0.0791    axis=(  0.887124 -0.216340  0.407687)
     H    6    Vyy=   -0.5860    axis=( -0.454698 -0.561125  0.691656)
     H    6    Vzz=    0.6651    axis=( -0.079131  0.798959  0.596157)
     H    6  Q=         1.0000 1e-30 m^2  Cq=         1.5626 MHz  eta= 0.76210

     H    7    Vxx=    0.0051    axis=(  0.902062  0.124942 -0.413126)
     H    7    Vyy=    0.5370    axis=( -0.269286  0.910954 -0.312485)
     H    7    Vzz=   -0.5421    axis=(  0.337297  0.393130  0.855383)
     H    7  Q=         1.0000 1e-30 m^2  Cq=        -1.2738 MHz  eta= 0.98111

     C    8    Vxx=   -0.0228    axis=(  0.157218  0.376900  0.912814)
     C    8    Vyy=   -0.5043    axis=( -0.985595  0.001538  0.169119)
     C    8    Vzz=    0.5271    axis=(  0.062337 -0.926253  0.371712)
     C    8  Q=         1.0000 1e-30 m^2  Cq=         1.2384 MHz  eta= 0.91350

     H    9    Vxx=   -0.0363    axis=( -0.579303 -0.177067  0.795648)
     H    9    Vyy=   -0.6847    axis=(  0.140943  0.939658  0.311734)
     H    9    Vzz=    0.7211    axis=( -0.802835  0.292729 -0.519390)
     H    9  Q=         1.0000 1e-30 m^2  Cq=         1.6942 MHz  eta= 0.89919

     C   10    Vxx=   -0.0234    axis=( -0.747175  0.487117  0.452158)
     C   10    Vyy=   -0.5841    axis=(  0.294247 -0.367569  0.882220)
     C   10    Vzz=    0.6075    axis=(  0.595943  0.792219  0.131306)
     C   10  Q=         1.0000 1e-30 m^2  Cq=         1.4273 MHz  eta= 0.92307

     C   11    Vxx=   -0.0943    axis=( -0.324461  0.257829  0.910082)
     C   11    Vyy=   -0.7521    axis=(  0.928762  0.269152  0.254870)
     C   11    Vzz=    0.8464    axis=( -0.179237  0.927945 -0.326791)
     C   11  Q=         1.0000 1e-30 m^2  Cq=         1.9887 MHz  eta= 0.77714

     Cl  12    Vxx=   -1.0268    axis=( -0.857217  0.494768  0.142769)
     Cl  12    Vyy=   -2.9032    axis=(  0.113447 -0.088988  0.989551)
     Cl  12    Vzz=    3.9301    axis=( -0.502303 -0.864457 -0.020152)
     Cl  12  Q=        -8.1650 1e-30 m^2  Cq=       -75.3963 MHz  eta= 0.47745

     H   13    Vxx=    0.0011    axis=( -0.213323 -0.317324  0.924012)
     H   13    Vyy=    0.1679    axis=(  0.180506  0.916698  0.356485)
     H   13    Vzz=   -0.1690    axis=( -0.960162  0.242836 -0.138274)
     H   13  Q=         1.0000 1e-30 m^2  Cq=        -0.3972 MHz  eta= 0.98650

     C   14    Vxx=    0.0325    axis=( -0.516395 -0.460546  0.721966)
     C   14    Vyy=    0.9855    axis=(  0.058369 -0.860041 -0.506876)
     C   14    Vzz=   -1.0180    axis=( -0.854359  0.219607 -0.471002)
     C   14  Q=         1.0000 1e-30 m^2  Cq=        -2.3919 MHz  eta= 0.93623

     H   15    Vxx=    0.0319    axis=( -0.013235 -0.869803  0.493221)
     H   15    Vyy=    0.7353    axis=(  0.824624  0.269484  0.497367)
     H   15    Vzz=   -0.7672    axis=( -0.565526  0.413305  0.713694)
     H   15  Q=         1.0000 1e-30 m^2  Cq=        -1.8025 MHz  eta= 0.91689

     C   16    Vxx=    0.0530    axis=(  0.161685  0.223757  0.961140)
     C   16    Vyy=    0.3464    axis=(  0.975782 -0.181659 -0.121858)
     C   16    Vzz=   -0.3994    axis=(  0.147333  0.957566 -0.247709)
     C   16  Q=         1.0000 1e-30 m^2  Cq=        -0.9384 MHz  eta= 0.73445

     C   17    Vxx=   -0.0190    axis=( -0.432310 -0.378746  0.818327)
     C   17    Vyy=   -0.8038    axis=( -0.887145  0.341180 -0.310757)
     C   17    Vzz=    0.8228    axis=( -0.161499 -0.860318 -0.483498)
     C   17  Q=         1.0000 1e-30 m^2  Cq=         1.9333 MHz  eta= 0.95373

     Cl  18    Vxx=    0.1331    axis=(  0.444507  0.461493  0.767749)
     Cl  18    Vyy=    1.0240    axis=( -0.770928  0.633543  0.065525)
     Cl  18    Vzz=   -1.1571    axis=( -0.456162 -0.621005  0.637392)
     Cl  18  Q=        -8.1650 1e-30 m^2  Cq=        22.1990 MHz  eta= 0.76989

     H   19    Vxx=   -0.0930    axis=(  0.990484  0.135401  0.024659)
     H   19    Vyy=   -0.5280    axis=( -0.100639  0.590349  0.800850)
     H   19    Vzz=    0.6210    axis=(  0.093879 -0.795710  0.598358)
     H   19  Q=         1.0000 1e-30 m^2  Cq=         1.4590 MHz  eta= 0.70043

     C   20    Vxx=    0.0834    axis=(  0.807832 -0.559776 -0.184550)
     C   20    Vyy=    0.5005    axis=(  0.587442  0.790232  0.174489)
     C   20    Vzz=   -0.5840    axis=(  0.048163 -0.249370  0.967210)
     C   20  Q=         1.0000 1e-30 m^2  Cq=        -1.3721 MHz  eta= 0.71430

     H   21    Vxx=   -0.0413    axis=( -0.532364 -0.062259  0.844223)
     H   21    Vyy=   -0.6587    axis=( -0.146897  0.988956 -0.019700)
     H   21    Vzz=    0.7000    axis=( -0.833673 -0.134501 -0.535630)
     H   21  Q=         1.0000 1e-30 m^2  Cq=         1.6446 MHz  eta= 0.88212

     C   22    Vxx=   -0.0329    axis=( -0.035449  0.168412  0.985079)
     C   22    Vyy=   -0.7662    axis=( -0.998910 -0.035914 -0.029807)
     C   22    Vzz=    0.7991    axis=(  0.030358 -0.985062  0.169502)
     C   22  Q=         1.0000 1e-30 m^2  Cq=         1.8775 MHz  eta= 0.91777

     C   23    Vxx=   -0.0223    axis=(  0.853754 -0.376908 -0.359227)
     C   23    Vyy=   -0.7742    axis=( -0.201214  0.397493 -0.895272)
     C   23    Vzz=    0.7965    axis=(  0.480225  0.836624  0.263522)
     C   23  Q=         1.0000 1e-30 m^2  Cq=         1.8714 MHz  eta= 0.94408

     Cl  24    Vxx=   -1.4063    axis=(  0.923438 -0.321071 -0.210180)
     Cl  24    Vyy=   -1.7574    axis=( -0.210480  0.034201 -0.977000)
     Cl  24    Vzz=    3.1637    axis=(  0.320875  0.946437 -0.035996)
     Cl  24  Q=        -8.1650 1e-30 m^2  Cq=       -60.6936 MHz  eta= 0.11096

     Initialization:
     gipaw_setup  :      9.81s CPU     11.69s WALL (       1 calls)

     Linear response

     Apply operators

     Induced current

     Other routines
     efg          :     10.24s CPU     14.07s WALL (       1 calls)

     General routines
     calbec       :      3.46s CPU      4.81s WALL (      16 calls)
     fft          :      1.96s CPU      3.27s WALL (      15 calls)
     ffts         :      0.04s CPU      0.07s WALL (       2 calls)
     fftw         :      3.75s CPU      5.58s WALL (     672 calls)
     davcio       :      0.04s CPU      0.32s WALL (      32 calls)

     Parallel routines
     fft_scatter  :      3.16s CPU      6.01s WALL (     689 calls)

     Plugins

     GIPAW        :     63.70s CPU     76.04s WALL (       1 calls)
