
     Program QE v.6.0 (svn rev. 13079) starts on 24Dec2016 at 18:46:17 

     This program is part of the open-source Quantum ESPRESSO suite
     for quantum simulation of materials; please cite
         "P. Giannozzi et al., J. Phys.:Condens. Matter 21 395502 (2009);
          URL http://www.quantum-espresso.org", 
     in publications or presentations arising from this work. More details at
     http://www.quantum-espresso.org/quote

     Parallel version (MPI), running on     8 processors
     R & G space division:  proc/nbgrp/npool/nimage =       8

     ***** This is GIPAW svn revision unknown      *****

     Parallelizing q-star over 1 images

     Reading data from directory:
     /users/majewski/paradichlorobenzene/pbe/9_constraint/scratch/pbe.ecut100.np8.dt60.pcl2phi-129368.save
     Message from routine read_xml_file:
     file /users/majewski/paradichlorobenzene/pbe/9_constraint/scratch/pbe.ecut100.np8.dt60.pcl2phi-129368.save not guaranteed to be safe for post-processing

   Info: using nr1, nr2, nr3 values from input

   Info: using nr1, nr2, nr3 values from input

     IMPORTANT: XC functional enforced from input :
     Exchange-correlation      =  SLA  PW   PBX  PBC ( 1  4  3  4 0 0)
     Any further DFT definition will be discarded
     Please, verify this is what you really want

               file C.pbe-n-kjpaw_psl.1.0.0.UPF: wavefunction(s)  2S 2P renormalized
               file Cl.pbe-n-kjpaw_psl.1.0.0.UPF: wavefunction(s)  3S 3P renormalized
               file H.pbe-kjpaw_psl.1.0.0.UPF: wavefunction(s)  1S renormalized

     Parallelization info
     --------------------
     sticks:   dense  smooth     PW     G-vecs:    dense   smooth      PW
     Min        3057    1223    332               144436    36536    5170
     Max        3059    1225    333               144437    36537    5171
     Sum       24467    9791   2657              1155489   292295   41363


     Subspace diagonalization in iterative solution of the eigenvalue problem:
     a serial algorithm will be used

     GIPAW projectors -----------------------------------------------
     atom=  C    l=0  rc=    1.2000  rs=    0.8000
     atom=  C    l=0  rc=    1.2000  rs=    0.8000
     atom=  C    l=1  rc=    1.4000  rs=    0.9333
     atom=  C    l=1  rc=    1.4000  rs=    0.9333
     projs nearly linearly dependent: l=1  n1,n2= 1, 2  s=  0.99951561

     atom=  Cl   l=0  rc=    1.6000  rs=    1.0667
     atom=  Cl   l=0  rc=    1.6000  rs=    1.0667
     atom=  Cl   l=1  rc=    1.6000  rs=    1.0667
     atom=  Cl   l=1  rc=    1.6000  rs=    1.0667
     atom=  Cl   l=2  rc=    1.6000  rs=    1.0667
     atom=  Cl   l=2  rc=    1.6000  rs=    1.0667
     projs nearly linearly dependent: l=2  n1,n2= 1, 2  s=  0.99993509

     atom=  H    l=0  rc=    1.0000  rs=    0.6667
     atom=  H    l=0  rc=    1.0000  rs=    0.6667
     projs nearly linearly dependent: l=0  n1,n2= 1, 2  s=  0.99968852
     -----------------------------------------------------------------

     GIPAW integrals: -------------------------------------------
     Atom  i/j   nmr_para   nmr_dia   epr_rmc  epr_para   epr_dia
       C   1 1   0.83E+03  0.17E-01  0.93E+01  0.24E+08  0.24E+03
       C   2 1   0.86E+03 -0.61E-01  0.94E+01  0.25E+08  0.25E+03
       C   2 2   0.90E+03 -0.15E+00  0.97E+01  0.26E+08  0.26E+03
       C   3 3   0.33E+01  0.34E+00  0.18E+01  0.55E+03  0.21E+02
       C   4 3   0.35E+01  0.37E+00  0.20E+01  0.59E+03  0.22E+02
       C   4 4   0.38E+01  0.39E+00  0.22E+01  0.63E+03  0.24E+02
       Cl  1 1   0.14E+04 -0.47E+00  0.84E+01  0.32E+09  0.42E+03
       Cl  2 1   0.21E+04 -0.37E+00  0.12E+02  0.49E+09  0.65E+03
       Cl  2 2   0.33E+04 -0.16E+00  0.21E+02  0.76E+09  0.10E+04
       Cl  3 3   0.21E+02  0.79E-01  0.89E+01  0.23E+05  0.13E+03
       Cl  4 3   0.24E+02  0.67E-01  0.99E+01  0.27E+05  0.15E+03
       Cl  4 4   0.28E+02  0.44E-01  0.11E+02  0.32E+05  0.18E+03
       Cl  5 5   0.77E+00  0.19E+00  0.18E+01  0.12E+03  0.22E+02
       Cl  6 5   0.80E+00  0.19E+00  0.19E+01  0.12E+03  0.23E+02
       Cl  6 6   0.83E+00  0.20E+00  0.19E+01  0.12E+03  0.23E+02
       H   1 1   0.39E+02  0.19E+00  0.29E+00  0.78E+05  0.13E+02
       H   2 1   0.41E+02  0.21E+00  0.32E+00  0.82E+05  0.14E+02
       H   2 2   0.43E+02  0.22E+00  0.36E+00  0.86E+05  0.15E+02
     ------------------------------------------------------------

     alpha_pv=     34.3033 eV

     Number of occupied bands for each k-point:
     k-point:     1    nbnd_occ=  42
     k-point:     2    nbnd_occ=  42
     k-point:     3    nbnd_occ=  42
     k-point:     4    nbnd_occ=  42
     k-point:     5    nbnd_occ=  42
     k-point:     6    nbnd_occ=  42
     k-point:     7    nbnd_occ=  42
     k-point:     8    nbnd_occ=  42
     k-point:     9    nbnd_occ=  42
     k-point:    10    nbnd_occ=  42
     k-point:    11    nbnd_occ=  42
     k-point:    12    nbnd_occ=  42
     k-point:    13    nbnd_occ=  42
     k-point:    14    nbnd_occ=  42
     k-point:    15    nbnd_occ=  42
     k-point:    16    nbnd_occ=  42


     q-space interpolation up to   110.00 Rydberg

     GIPAW job: efg                                                                             


     ELECTRIC FIELD GRADIENTS TENSORS IN Hartree/bohrradius^2:

     ----- bare term -----
     Cl   1        0.007055        0.064642        0.028131
     Cl   1        0.064642        0.051556        0.066380
     Cl   1        0.028131        0.066380       -0.058611

     C    2       -0.784514        0.357733       -0.339112
     C    2        0.357733        0.297295       -0.002171
     C    2       -0.339112       -0.002171        0.487219

     C    3        0.190793       -0.062377        0.033482
     C    3       -0.062377       -0.429207       -0.340377
     C    3        0.033482       -0.340377        0.238414

     H    4       -0.458181       -0.182657        0.262852
     H    4       -0.182657        0.282825       -0.106785
     H    4        0.262852       -0.106785        0.175357

     C    5       -0.506236        0.328573       -0.336311
     C    5        0.328573        0.122647        0.036582
     C    5       -0.336311        0.036582        0.383589

     H    6        0.097271       -0.411316        0.253011
     H    6       -0.411316       -0.430701        0.072533
     H    6        0.253011        0.072533        0.333430

     H    7        0.441236        0.044752       -0.019681
     H    7        0.044752       -0.447960        0.614635
     H    7       -0.019681        0.614635        0.006725

     C    8       -0.179038       -0.114651       -0.266485
     C    8       -0.114651       -0.143189        0.373115
     C    8       -0.266485        0.373115        0.322227

     H    9       -0.293145        0.429887       -0.354694
     H    9        0.429887       -0.019489        0.159947
     H    9       -0.354694        0.159947        0.312634

     C   10       -0.419524       -0.336586       -0.304594
     C   10       -0.336586       -0.045270        0.325697
     C   10       -0.304594        0.325697        0.464794

     C   11       -0.059567       -0.034004       -0.283217
     C   11       -0.034004       -0.044194        0.631346
     C   11       -0.283217        0.631346        0.103762

     Cl  12       -0.232248       -0.219277       -0.023815
     Cl  12       -0.219277        0.171427        0.128594
     Cl  12       -0.023815        0.128594        0.060821

     H   13        0.280706       -0.438775        0.072266
     H   13       -0.438775       -0.650738       -0.031035
     H   13        0.072266       -0.031035        0.370032

     C   14       -0.124487        0.260224       -0.186261
     C   14        0.260224       -0.052592       -0.468969
     C   14       -0.186261       -0.468969        0.177079

     H   15       -0.222807       -0.511375       -0.038217
     H   15       -0.511375       -0.138666        0.116323
     H   15       -0.038217        0.116323        0.361474

     C   16       -0.347886        0.272920       -0.219627
     C   16        0.272920        0.044242       -0.316791
     C   16       -0.219627       -0.316791        0.303644

     C   17       -0.033582       -0.210477       -0.363992
     C   17       -0.210477       -0.016978       -0.645694
     C   17       -0.363992       -0.645694        0.050560

     Cl  18       -0.204775        0.220268        0.141884
     Cl  18        0.220268       -0.086289       -0.115581
     Cl  18        0.141884       -0.115581        0.291064

     H   19        0.520264        0.005307        0.064776
     H   19        0.005307        0.064995        0.152543
     H   19        0.064776        0.152543       -0.585259

     C   20       -0.626609       -0.350223       -0.241955
     C   20       -0.350223        0.322655        0.327472
     C   20       -0.241955        0.327472        0.303955

     H   21       -0.045387       -0.125622       -0.525424
     H   21       -0.125622        0.024013       -0.187583
     H   21       -0.525424       -0.187583        0.021374

     C   22       -0.006893       -0.085850       -0.205158
     C   22       -0.085850       -0.018756        0.665858
     C   22       -0.205158        0.665858        0.025649

     C   23       -0.632306       -0.278947       -0.375990
     C   23       -0.278947        0.245376        0.132891
     C   23       -0.375990        0.132891        0.386930

     Cl  24       -0.027594       -0.114077       -0.053305
     Cl  24       -0.114077        0.147300        0.051914
     Cl  24       -0.053305        0.051914       -0.119706

     ----- ionic term -----
     Cl   1        0.121921       -0.209943        0.013646
     Cl   1       -0.209943        0.052504       -0.012929
     Cl   1        0.013646       -0.012929       -0.174425

     C    2        0.285021       -0.037278        0.210308
     C    2       -0.037278        0.291085        0.272753
     C    2        0.210308        0.272753       -0.576106

     C    3        0.218886       -0.114653        0.077494
     C    3       -0.114653        0.358638        0.294191
     C    3        0.077494        0.294191       -0.577523

     H    4        0.920163        0.436662        0.299054
     H    4        0.436662       -0.325401        0.126227
     H    4        0.299054        0.126227       -0.594763

     C    5        0.391066       -0.062964        0.095060
     C    5       -0.062964        0.185628        0.222951
     C    5        0.095060        0.222951       -0.576694

     H    6       -0.403440        0.381533        0.086393
     H    6        0.381533        0.879435        0.406356
     H    6        0.086393        0.406356       -0.475995

     H    7       -0.524076       -0.068160        0.063958
     H    7       -0.068160        0.610676       -0.744900
     H    7        0.063958       -0.744900       -0.086600

     C    8        0.263196        0.173302        0.280604
     C    8        0.173302        0.025515       -0.316348
     C    8        0.280604       -0.316348       -0.288711

     H    9        0.661560       -0.435374        0.535144
     H    9       -0.435374       -0.338366       -0.273966
     H    9        0.535144       -0.273966       -0.323194

     C   10        0.097713        0.217918        0.136236
     C   10        0.217918        0.169950       -0.454901
     C   10        0.136236       -0.454901       -0.267663

     C   11        0.156241        0.259774        0.238945
     C   11        0.259774        0.050017       -0.448614
     C   11        0.238945       -0.448614       -0.206258

     Cl  12        0.166583        0.218591       -0.009574
     Cl  12        0.218591       -0.004336       -0.019739
     Cl  12       -0.009574       -0.019739       -0.162248

     H   13       -0.484928        0.224704        0.106860
     H   13        0.224704        0.775071        0.590307
     H   13        0.106860        0.590307       -0.290144

     C   14        0.407780       -0.077939        0.163825
     C   14       -0.077939        0.111030        0.266303
     C   14        0.163825        0.266303       -0.518810

     H   15        0.629687        0.492484        0.523306
     H   15        0.492484       -0.272083        0.274095
     H   15        0.523306        0.274095       -0.357605

     C   16        0.162414       -0.059246        0.128851
     C   16       -0.059246        0.312661        0.363796
     C   16        0.128851        0.363796       -0.475075

     C   17        0.261408       -0.040900        0.076772
     C   17       -0.040900        0.277627        0.358693
     C   17        0.076772        0.358693       -0.539035

     Cl  18        0.096846       -0.198589       -0.051519
     Cl  18       -0.198589        0.049487        0.038453
     Cl  18       -0.051519        0.038453       -0.146332

     H   19       -0.528820       -0.025944        0.028527
     H   19       -0.025944        0.270729       -0.802065
     H   19        0.028527       -0.802065        0.258091

     C   20        0.217581        0.214762        0.242278
     C   20        0.214762       -0.079729       -0.323796
     C   20        0.242278       -0.323796       -0.137852

     H   21        0.538224       -0.160220        0.737604
     H   21       -0.160220       -0.483424       -0.189815
     H   21        0.737604       -0.189815       -0.054800

     C   22        0.121605        0.250603        0.183246
     C   22        0.250603        0.051542       -0.411941
     C   22        0.183246       -0.411941       -0.173147

     C   23        0.195067        0.190151        0.327239
     C   23        0.190151        0.019065       -0.393834
     C   23        0.327239       -0.393834       -0.214132

     Cl  24        0.124691        0.230830        0.035221
     Cl  24        0.230830        0.028030        0.011245
     Cl  24        0.035221        0.011245       -0.152722

     ----- GIPAW term -----
     Cl   1        0.045521       -0.510466        0.388163
     Cl   1       -0.510466        2.158970        1.341836
     Cl   1        0.388163        1.341836       -2.204492

     C    2       -0.185124        0.015674       -0.004978
     C    2        0.015674        0.149750        0.209526
     C    2       -0.004978        0.209526        0.035375

     C    3       -0.019066       -0.040920       -0.007830
     C    3       -0.040920       -0.034615        0.067210
     C    3       -0.007830        0.067210        0.053682

     H    4       -0.000000        0.000000        0.000000
     H    4        0.000000        0.000000        0.000000
     H    4        0.000000        0.000000        0.000000

     C    5       -0.046772       -0.009584       -0.111188
     C    5       -0.009584       -0.023370        0.079353
     C    5       -0.111188        0.079353        0.070142

     H    6       -0.000000        0.000000        0.000000
     H    6        0.000000        0.000000        0.000000
     H    6        0.000000        0.000000        0.000000

     H    7       -0.000000        0.000000        0.000000
     H    7        0.000000        0.000000        0.000000
     H    7        0.000000        0.000000        0.000000

     C    8       -0.086102       -0.002536       -0.038323
     C    8       -0.002536        0.059737       -0.042712
     C    8       -0.038323       -0.042712        0.026366

     H    9       -0.000000        0.000000        0.000000
     H    9        0.000000        0.000000        0.000000
     H    9        0.000000        0.000000        0.000000

     C   10       -0.134001       -0.039008       -0.079081
     C   10       -0.039008        0.046741       -0.001995
     C   10       -0.079081       -0.001995        0.087259

     C   11        0.006177        0.063642       -0.048054
     C   11        0.063642        0.146967        0.106008
     C   11       -0.048054        0.106008       -0.153145

     Cl  12       -0.286777        0.949831       -0.296885
     Cl  12        0.949831        1.778868        1.202187
     Cl  12       -0.296885        1.202187       -1.492091

     H   13       -0.000000        0.000000        0.000000
     H   13        0.000000        0.000000        0.000000
     H   13        0.000000        0.000000        0.000000

     C   14       -0.058335        0.151872       -0.047686
     C   14        0.151872        0.152488       -0.178588
     C   14       -0.047686       -0.178588       -0.094153

     H   15       -0.000000        0.000000        0.000000
     H   15        0.000000        0.000000        0.000000
     H   15        0.000000        0.000000        0.000000

     C   16       -0.102827        0.121744       -0.110350
     C   16        0.121744        0.097467       -0.150863
     C   16       -0.110350       -0.150863        0.005360

     C   17       -0.009382       -0.199583       -0.058697
     C   17       -0.199583        0.180384       -0.076357
     C   17       -0.058697       -0.076357       -0.171002

     Cl  18        0.123326       -1.535783        1.540735
     Cl  18       -1.535783       -0.873694       -1.234597
     Cl  18        1.540735       -1.234597        0.750369

     H   19       -0.000000        0.000000        0.000000
     H   19        0.000000        0.000000        0.000000
     H   19        0.000000        0.000000        0.000000

     C   20       -0.193081       -0.069993       -0.035967
     C   20       -0.069993        0.188675        0.183774
     C   20       -0.035967        0.183774        0.004406

     H   21       -0.000000        0.000000        0.000000
     H   21        0.000000        0.000000        0.000000
     H   21        0.000000        0.000000        0.000000

     C   22       -0.124897        0.021686       -0.026900
     C   22        0.021686        0.247139        0.161603
     C   22       -0.026900        0.161603       -0.122242

     C   23       -0.142030        0.027824       -0.040814
     C   23        0.027824        0.180883       -0.132452
     C   23       -0.040814       -0.132452       -0.038853

     Cl  24        0.612205        0.617803       -0.408756
     Cl  24        0.617803        1.939926        0.645855
     Cl  24       -0.408756        0.645855       -2.552132

     ----- total EFG -----
     Cl   1        0.174498       -0.655767        0.429941
     Cl   1       -0.655767        2.263030        1.395287
     Cl   1        0.429941        1.395287       -2.437528

     C    2       -0.684617        0.336130       -0.133781
     C    2        0.336130        0.738130        0.480109
     C    2       -0.133781        0.480109       -0.053513

     C    3        0.390612       -0.217950        0.103146
     C    3       -0.217950       -0.105185        0.021024
     C    3        0.103146        0.021024       -0.285428

     H    4        0.461982        0.254005        0.561906
     H    4        0.254005       -0.042576        0.019441
     H    4        0.561906        0.019441       -0.419406

     C    5       -0.161942        0.256026       -0.352440
     C    5        0.256026        0.284905        0.338886
     C    5       -0.352440        0.338886       -0.122963

     H    6       -0.306169       -0.029783        0.339405
     H    6       -0.029783        0.448734        0.478889
     H    6        0.339405        0.478889       -0.142565

     H    7       -0.082841       -0.023408        0.044277
     H    7       -0.023408        0.162715       -0.130265
     H    7        0.044277       -0.130265       -0.079875

     C    8       -0.001945        0.056114       -0.024203
     C    8        0.056114       -0.057937        0.014055
     C    8       -0.024203        0.014055        0.059882

     H    9        0.368415       -0.005487        0.180450
     H    9       -0.005487       -0.357854       -0.114019
     H    9        0.180450       -0.114019       -0.010561

     C   10       -0.455812       -0.157677       -0.247439
     C   10       -0.157677        0.171421       -0.131199
     C   10       -0.247439       -0.131199        0.284390

     C   11        0.102851        0.289412       -0.092326
     C   11        0.289412        0.152791        0.288739
     C   11       -0.092326        0.288739       -0.255642

     Cl  12       -0.352441        0.949145       -0.330273
     Cl  12        0.949145        1.945959        1.311042
     Cl  12       -0.330273        1.311042       -1.593518

     H   13       -0.204222       -0.214071        0.179126
     H   13       -0.214071        0.124334        0.559271
     H   13        0.179126        0.559271        0.079888

     C   14        0.224958        0.334157       -0.070122
     C   14        0.334157        0.210926       -0.381254
     C   14       -0.070122       -0.381254       -0.435884

     H   15        0.406880       -0.018891        0.485089
     H   15       -0.018891       -0.410749        0.390418
     H   15        0.485089        0.390418        0.003869

     C   16       -0.288299        0.335417       -0.201126
     C   16        0.335417        0.454370       -0.103859
     C   16       -0.201126       -0.103859       -0.166071

     C   17        0.218444       -0.450959       -0.345917
     C   17       -0.450959        0.441034       -0.363358
     C   17       -0.345917       -0.363358       -0.659477

     Cl  18        0.015397       -1.514104        1.631100
     Cl  18       -1.514104       -0.910497       -1.311724
     Cl  18        1.631100       -1.311724        0.895100

     H   19       -0.008556       -0.020637        0.093303
     H   19       -0.020637        0.335724       -0.649523
     H   19        0.093303       -0.649523       -0.327168

     C   20       -0.602110       -0.205454       -0.035644
     C   20       -0.205454        0.431601        0.187449
     C   20       -0.035644        0.187449        0.170508

     H   21        0.492837       -0.285842        0.212180
     H   21       -0.285842       -0.459411       -0.377398
     H   21        0.212180       -0.377398       -0.033426

     C   22       -0.010185        0.186440       -0.048812
     C   22        0.186440        0.279925        0.415520
     C   22       -0.048812        0.415520       -0.269740

     C   23       -0.579268       -0.060972       -0.089564
     C   23       -0.060972        0.445324       -0.393395
     C   23       -0.089564       -0.393395        0.133944

     Cl  24        0.709302        0.734556       -0.426840
     Cl  24        0.734556        2.115257        0.709014
     Cl  24       -0.426840        0.709014       -2.824559

     ----- total EFG (symmetrized) -----
     Cl   1        0.174498       -0.655767        0.429941
     Cl   1       -0.655767        2.263030        1.395287
     Cl   1        0.429941        1.395287       -2.437528

     C    2       -0.684617        0.336130       -0.133781
     C    2        0.336130        0.738130        0.480109
     C    2       -0.133781        0.480109       -0.053513

     C    3        0.390612       -0.217950        0.103146
     C    3       -0.217950       -0.105185        0.021024
     C    3        0.103146        0.021024       -0.285428

     H    4        0.461982        0.254005        0.561906
     H    4        0.254005       -0.042576        0.019441
     H    4        0.561906        0.019441       -0.419406

     C    5       -0.161942        0.256026       -0.352440
     C    5        0.256026        0.284905        0.338886
     C    5       -0.352440        0.338886       -0.122963

     H    6       -0.306169       -0.029783        0.339405
     H    6       -0.029783        0.448734        0.478889
     H    6        0.339405        0.478889       -0.142565

     H    7       -0.082841       -0.023408        0.044277
     H    7       -0.023408        0.162715       -0.130265
     H    7        0.044277       -0.130265       -0.079875

     C    8       -0.001945        0.056114       -0.024203
     C    8        0.056114       -0.057937        0.014055
     C    8       -0.024203        0.014055        0.059882

     H    9        0.368415       -0.005487        0.180450
     H    9       -0.005487       -0.357854       -0.114019
     H    9        0.180450       -0.114019       -0.010561

     C   10       -0.455812       -0.157677       -0.247439
     C   10       -0.157677        0.171421       -0.131199
     C   10       -0.247439       -0.131199        0.284390

     C   11        0.102851        0.289412       -0.092326
     C   11        0.289412        0.152791        0.288739
     C   11       -0.092326        0.288739       -0.255642

     Cl  12       -0.352441        0.949145       -0.330273
     Cl  12        0.949145        1.945959        1.311042
     Cl  12       -0.330273        1.311042       -1.593518

     H   13       -0.204222       -0.214071        0.179126
     H   13       -0.214071        0.124334        0.559271
     H   13        0.179126        0.559271        0.079888

     C   14        0.224958        0.334157       -0.070122
     C   14        0.334157        0.210926       -0.381254
     C   14       -0.070122       -0.381254       -0.435884

     H   15        0.406880       -0.018891        0.485089
     H   15       -0.018891       -0.410749        0.390418
     H   15        0.485089        0.390418        0.003869

     C   16       -0.288299        0.335417       -0.201126
     C   16        0.335417        0.454370       -0.103859
     C   16       -0.201126       -0.103859       -0.166071

     C   17        0.218444       -0.450959       -0.345917
     C   17       -0.450959        0.441034       -0.363358
     C   17       -0.345917       -0.363358       -0.659477

     Cl  18        0.015397       -1.514104        1.631100
     Cl  18       -1.514104       -0.910497       -1.311724
     Cl  18        1.631100       -1.311724        0.895100

     H   19       -0.008556       -0.020637        0.093303
     H   19       -0.020637        0.335724       -0.649523
     H   19        0.093303       -0.649523       -0.327168

     C   20       -0.602110       -0.205454       -0.035644
     C   20       -0.205454        0.431601        0.187449
     C   20       -0.035644        0.187449        0.170508

     H   21        0.492837       -0.285842        0.212180
     H   21       -0.285842       -0.459411       -0.377398
     H   21        0.212180       -0.377398       -0.033426

     C   22       -0.010185        0.186440       -0.048812
     C   22        0.186440        0.279925        0.415520
     C   22       -0.048812        0.415520       -0.269740

     C   23       -0.579268       -0.060972       -0.089564
     C   23       -0.060972        0.445324       -0.393395
     C   23       -0.089564       -0.393395        0.133944

     Cl  24        0.709302        0.734556       -0.426840
     Cl  24        0.734556        2.115257        0.709014
     Cl  24       -0.426840        0.709014       -2.824559


     NQR/NMR SPECTROSCOPIC PARAMETERS:
     Cl   1    Vxx=    0.1807    axis=(  0.961069  0.145098  0.235144)
     Cl   1    Vyy=    2.7529    axis=( -0.201801  0.949909  0.238639)
     Cl   1    Vzz=   -2.9336    axis=( -0.188739 -0.276801  0.942209)
     Cl   1  Q=        -8.1650 1e-30 m^2  Cq=        56.2788 MHz  eta= 0.87681

     C    2    Vxx=   -0.1593    axis=( -0.413311 -0.304324  0.858231)
     C    2    Vyy=   -0.8426    axis=( -0.898226  0.291042 -0.329371)
     C    2    Vzz=    1.0019    axis=( -0.149546 -0.907018 -0.393642)
     C    2  Q=         1.0000 1e-30 m^2  Cq=         2.3541 MHz  eta= 0.68195

     C    3    Vxx=   -0.1639    axis=( -0.274546 -0.880937 -0.385453)
     C    3    Vyy=   -0.3193    axis=(  0.233630  0.327733 -0.915428)
     C    3    Vzz=    0.4832    axis=(  0.932760 -0.341381  0.115836)
     C    3  Q=         1.0000 1e-30 m^2  Cq=         1.1353 MHz  eta= 0.32155

     H    4    Vxx=   -0.0954    axis=(  0.178588 -0.950922  0.252692)
     H    4    Vyy=   -0.7068    axis=(  0.454452 -0.148067 -0.878379)
     H    4    Vzz=    0.8023    axis=(  0.872685  0.271704  0.405706)
     H    4  Q=         1.0000 1e-30 m^2  Cq=         1.8851 MHz  eta= 0.76207

     C    5    Vxx=    0.1961    axis=(  0.756073  0.199294 -0.623407)
     C    5    Vyy=    0.4825    axis=(  0.119622  0.894387  0.431001)
     C    5    Vzz=   -0.6786    axis=(  0.643463 -0.400441  0.652382)
     C    5  Q=         1.0000 1e-30 m^2  Cq=        -1.5944 MHz  eta= 0.42192

     H    6    Vxx=   -0.0571    axis=(  0.743282 -0.436314  0.507111)
     H    6    Vyy=   -0.6790    axis=(  0.653333  0.310460 -0.690486)
     H    6    Vzz=    0.7362    axis=(  0.143831  0.844539  0.515817)
     H    6  Q=         1.0000 1e-30 m^2  Cq=         1.7297 MHz  eta= 0.84480

     H    7    Vxx=   -0.0728    axis=(  0.891605  0.283808  0.352836)
     H    7    Vyy=   -0.1517    axis=( -0.434514  0.316963  0.843049)
     H    7    Vzz=    0.2244    axis=(  0.127428 -0.904979  0.405925)
     H    7  Q=         1.0000 1e-30 m^2  Cq=         0.5273 MHz  eta= 0.35155

     C    8    Vxx=    0.0281    axis=(  0.762718  0.552636  0.335939)
     C    8    Vyy=    0.0685    axis=( -0.366117 -0.059236  0.928681)
     C    8    Vzz=   -0.0966    axis=(  0.533122 -0.831315  0.157149)
     C    8  Q=         1.0000 1e-30 m^2  Cq=        -0.2269 MHz  eta= 0.41908

     H    9    Vxx=   -0.0484    axis=( -0.380699 -0.313755  0.869842)
     H    9    Vyy=   -0.3951    axis=( -0.067038  0.947566  0.312450)
     H    9    Vzz=    0.4435    axis=( -0.922266  0.060637 -0.381771)
     H    9  Q=         1.0000 1e-30 m^2  Cq=         1.0420 MHz  eta= 0.78168

     C   10    Vxx=    0.1849    axis=(  0.340775 -0.884453 -0.318771)
     C   10    Vyy=    0.3941    axis=(  0.188099  0.396352 -0.898623)
     C   10    Vzz=   -0.5789    axis=(  0.921136  0.246268  0.301432)
     C   10  Q=         1.0000 1e-30 m^2  Cq=        -1.3603 MHz  eta= 0.36129

     C   11    Vxx=    0.0353    axis=( -0.728410  0.356604  0.585023)
     C   11    Vyy=    0.4560    axis=( -0.576410 -0.780533 -0.241908)
     C   11    Vzz=   -0.4913    axis=(  0.370364 -0.513421  0.774099)
     C   11  Q=         1.0000 1e-30 m^2  Cq=        -1.1544 MHz  eta= 0.85624

     Cl  12    Vxx=   -0.3606    axis=(  0.905566 -0.146321 -0.398170)
     Cl  12    Vyy=   -2.2397    axis=( -0.329244  0.349422 -0.877213)
     Cl  12    Vzz=    2.6003    axis=(  0.267484  0.925470  0.268249)
     Cl  12  Q=        -8.1650 1e-30 m^2  Cq=       -49.8853 MHz  eta= 0.72266

     H   13    Vxx=   -0.0268    axis=(  0.840118 -0.348390  0.415723)
     H   13    Vyy=   -0.6362    axis=(  0.541083  0.591750 -0.597546)
     H   13    Vzz=    0.6630    axis=( -0.037825  0.726950  0.685648)
     H   13  Q=         1.0000 1e-30 m^2  Cq=         1.5577 MHz  eta= 0.91912

     C   14    Vxx=   -0.0300    axis=(  0.777938 -0.519440  0.353545)
     C   14    Vyy=   -0.6204    axis=(  0.103752 -0.448751 -0.887614)
     C   14    Vzz=    0.6505    axis=(  0.619716  0.727190 -0.295207)
     C   14  Q=         1.0000 1e-30 m^2  Cq=         1.5283 MHz  eta= 0.90766

     H   15    Vxx=   -0.0485    axis=(  0.559185 -0.621076 -0.549160)
     H   15    Vyy=   -0.7197    axis=(  0.266849  0.761989 -0.590055)
     H   15    Vzz=    0.7682    axis=( -0.784923 -0.183408 -0.591826)
     H   15  Q=         1.0000 1e-30 m^2  Cq=         1.8050 MHz  eta= 0.87366

     C   16    Vxx=   -0.1281    axis=( -0.347164  0.354723  0.868129)
     C   16    Vyy=   -0.4927    axis=(  0.857524 -0.254672  0.446984)
     C   16    Vzz=    0.6208    axis=( -0.379644 -0.899619  0.215770)
     C   16  Q=         1.0000 1e-30 m^2  Cq=         1.4587 MHz  eta= 0.58740

     C   17    Vxx=    0.1621    axis=(  0.710853  0.481822 -0.512382)
     C   17    Vyy=    0.7987    axis=( -0.589686  0.805341 -0.060793)
     C   17    Vzz=   -0.9608    axis=(  0.383351  0.345359  0.856603)
     C   17  Q=         1.0000 1e-30 m^2  Cq=        -2.2574 MHz  eta= 0.66253

     Cl  18    Vxx=   -1.0755    axis=( -0.589271  0.356487  0.725036)
     Cl  18    Vyy=   -2.0354    axis=(  0.564826  0.823428  0.054196)
     Cl  18    Vzz=    3.1109    axis=( -0.577695  0.441455 -0.686576)
     Cl  18  Q=        -8.1650 1e-30 m^2  Cq=       -59.6819 MHz  eta= 0.30856

     H   19    Vxx=   -0.0079    axis=(  0.991506  0.125323  0.034797)
     H   19    Vyy=   -0.7315    axis=( -0.095117  0.516194  0.851173)
     H   19    Vzz=    0.7394    axis=(  0.088710 -0.847253  0.523730)
     H   19  Q=         1.0000 1e-30 m^2  Cq=         1.7373 MHz  eta= 0.97866

     C   20    Vxx=    0.0779    axis=(  0.082421 -0.428860  0.899603)
     C   20    Vyy=    0.5636    axis=( -0.169086  0.883570  0.436709)
     C   20    Vzz=   -0.6414    axis=( -0.982149 -0.188104  0.000310)
     C   20  Q=         1.0000 1e-30 m^2  Cq=        -1.5071 MHz  eta= 0.75717

     H   21    Vxx=   -0.0132    axis=(  0.518550  0.333680 -0.787251)
     H   21    Vyy=   -0.6981    axis=(  0.129479  0.879449  0.458044)
     H   21    Vzz=    0.7113    axis=(  0.845187 -0.339451  0.412834)
     H   21  Q=         1.0000 1e-30 m^2  Cq=         1.6712 MHz  eta= 0.96282

     C   22    Vxx=   -0.0129    axis=(  0.932725 -0.103883 -0.345301)
     C   22    Vyy=   -0.5277    axis=( -0.254640  0.488257 -0.834724)
     C   22    Vzz=    0.5406    axis=(  0.255309  0.866495  0.428957)
     C   22  Q=         1.0000 1e-30 m^2  Cq=         1.2701 MHz  eta= 0.95235

     C   23    Vxx=   -0.1085    axis=( -0.224294  0.547804  0.805980)
     C   23    Vyy=   -0.6042    axis=( -0.974522 -0.126134 -0.185467)
     C   23    Vzz=    0.7127    axis=(  0.000061 -0.827044  0.562137)
     C   23  Q=         1.0000 1e-30 m^2  Cq=         1.6746 MHz  eta= 0.69550

     Cl  24    Vxx=    0.5252    axis=( -0.920808  0.340891  0.189487)
     Cl  24    Vyy=    2.4752    axis=(  0.362718  0.927063  0.094812)
     Cl  24    Vzz=   -3.0004    axis=(  0.143345 -0.156034  0.977295)
     Cl  24  Q=        -8.1650 1e-30 m^2  Cq=        57.5605 MHz  eta= 0.64991

     Initialization:
     gipaw_setup  :      9.12s CPU     11.14s WALL (       1 calls)

     Linear response

     Apply operators

     Induced current

     Other routines
     efg          :      9.26s CPU     11.70s WALL (       1 calls)

     General routines
     calbec       :      3.30s CPU      4.29s WALL (      16 calls)
     fft          :      1.66s CPU      2.65s WALL (      15 calls)
     ffts         :      0.04s CPU      0.04s WALL (       2 calls)
     fftw         :      3.24s CPU      4.02s WALL (     672 calls)
     davcio       :      0.02s CPU      0.33s WALL (      32 calls)

     Parallel routines
     fft_scatter  :      2.25s CPU      3.94s WALL (     689 calls)

     Plugins

     GIPAW        :     61.74s CPU     74.63s WALL (       1 calls)
