
     Program QE v.6.0 (svn rev. 13079) starts on 22Jan2017 at 21:37: 7 

     This program is part of the open-source Quantum ESPRESSO suite
     for quantum simulation of materials; please cite
         "P. Giannozzi et al., J. Phys.:Condens. Matter 21 395502 (2009);
          URL http://www.quantum-espresso.org", 
     in publications or presentations arising from this work. More details at
     http://www.quantum-espresso.org/quote

     Parallel version (MPI), running on     8 processors
     R & G space division:  proc/nbgrp/npool/nimage =       8

     ***** This is GIPAW svn revision unknown      *****

     Parallelizing q-star over 1 images

     Reading data from directory:
     /users/majewski/paradichlorobenzene/pbe/9_constraint/scratch/pbe.ecut100.np8.dt60.pcl2phi-129368.save
     Message from routine read_xml_file:
     file /users/majewski/paradichlorobenzene/pbe/9_constraint/scratch/pbe.ecut100.np8.dt60.pcl2phi-129368.save not guaranteed to be safe for post-processing

   Info: using nr1, nr2, nr3 values from input

   Info: using nr1, nr2, nr3 values from input

     IMPORTANT: XC functional enforced from input :
     Exchange-correlation      =  SLA  PW   PBX  PBC ( 1  4  3  4 0 0)
     Any further DFT definition will be discarded
     Please, verify this is what you really want

               file C.pbe-n-kjpaw_psl.1.0.0.UPF: wavefunction(s)  2S 2P renormalized
               file Cl.pbe-n-kjpaw_psl.1.0.0.UPF: wavefunction(s)  3S 3P renormalized
               file H.pbe-kjpaw_psl.1.0.0.UPF: wavefunction(s)  1S renormalized

     Parallelization info
     --------------------
     sticks:   dense  smooth     PW     G-vecs:    dense   smooth      PW
     Min        3057    1223    332               144436    36536    5170
     Max        3059    1225    333               144437    36537    5171
     Sum       24467    9791   2657              1155489   292295   41363


     Subspace diagonalization in iterative solution of the eigenvalue problem:
     a serial algorithm will be used

     GIPAW projectors -----------------------------------------------
     atom=  C    l=0  rc=    1.2000  rs=    0.8000
     atom=  C    l=0  rc=    1.2000  rs=    0.8000
     atom=  C    l=1  rc=    1.4000  rs=    0.9333
     atom=  C    l=1  rc=    1.4000  rs=    0.9333
     projs nearly linearly dependent: l=1  n1,n2= 1, 2  s=  0.99951561

     atom=  Cl   l=0  rc=    1.6000  rs=    1.0667
     atom=  Cl   l=0  rc=    1.6000  rs=    1.0667
     atom=  Cl   l=1  rc=    1.6000  rs=    1.0667
     atom=  Cl   l=1  rc=    1.6000  rs=    1.0667
     atom=  Cl   l=2  rc=    1.6000  rs=    1.0667
     atom=  Cl   l=2  rc=    1.6000  rs=    1.0667
     projs nearly linearly dependent: l=2  n1,n2= 1, 2  s=  0.99993509

     atom=  H    l=0  rc=    1.0000  rs=    0.6667
     atom=  H    l=0  rc=    1.0000  rs=    0.6667
     projs nearly linearly dependent: l=0  n1,n2= 1, 2  s=  0.99968852
     -----------------------------------------------------------------

     GIPAW integrals: -------------------------------------------
     Atom  i/j   nmr_para   nmr_dia   epr_rmc  epr_para   epr_dia
       C   1 1   0.83E+03  0.17E-01  0.93E+01  0.24E+08  0.24E+03
       C   2 1   0.86E+03 -0.61E-01  0.94E+01  0.25E+08  0.25E+03
       C   2 2   0.90E+03 -0.15E+00  0.97E+01  0.26E+08  0.26E+03
       C   3 3   0.33E+01  0.34E+00  0.18E+01  0.55E+03  0.21E+02
       C   4 3   0.35E+01  0.37E+00  0.20E+01  0.59E+03  0.22E+02
       C   4 4   0.38E+01  0.39E+00  0.22E+01  0.63E+03  0.24E+02
       Cl  1 1   0.14E+04 -0.47E+00  0.84E+01  0.32E+09  0.42E+03
       Cl  2 1   0.21E+04 -0.37E+00  0.12E+02  0.49E+09  0.65E+03
       Cl  2 2   0.33E+04 -0.16E+00  0.21E+02  0.76E+09  0.10E+04
       Cl  3 3   0.21E+02  0.79E-01  0.89E+01  0.23E+05  0.13E+03
       Cl  4 3   0.24E+02  0.67E-01  0.99E+01  0.27E+05  0.15E+03
       Cl  4 4   0.28E+02  0.44E-01  0.11E+02  0.32E+05  0.18E+03
       Cl  5 5   0.77E+00  0.19E+00  0.18E+01  0.12E+03  0.22E+02
       Cl  6 5   0.80E+00  0.19E+00  0.19E+01  0.12E+03  0.23E+02
       Cl  6 6   0.83E+00  0.20E+00  0.19E+01  0.12E+03  0.23E+02
       H   1 1   0.39E+02  0.19E+00  0.29E+00  0.78E+05  0.13E+02
       H   2 1   0.41E+02  0.21E+00  0.32E+00  0.82E+05  0.14E+02
       H   2 2   0.43E+02  0.22E+00  0.36E+00  0.86E+05  0.15E+02
     ------------------------------------------------------------

     alpha_pv=     33.9692 eV

     Number of occupied bands for each k-point:
     k-point:     1    nbnd_occ=  42
     k-point:     2    nbnd_occ=  42
     k-point:     3    nbnd_occ=  42
     k-point:     4    nbnd_occ=  42
     k-point:     5    nbnd_occ=  42
     k-point:     6    nbnd_occ=  42
     k-point:     7    nbnd_occ=  42
     k-point:     8    nbnd_occ=  42
     k-point:     9    nbnd_occ=  42
     k-point:    10    nbnd_occ=  42
     k-point:    11    nbnd_occ=  42
     k-point:    12    nbnd_occ=  42
     k-point:    13    nbnd_occ=  42
     k-point:    14    nbnd_occ=  42
     k-point:    15    nbnd_occ=  42
     k-point:    16    nbnd_occ=  42


     q-space interpolation up to   110.00 Rydberg

     GIPAW job: efg                                                                             


     ELECTRIC FIELD GRADIENTS TENSORS IN Hartree/bohrradius^2:

     ----- bare term -----
     Cl   1        0.067091        0.087391       -0.117742
     Cl   1        0.087391        0.018149       -0.086216
     Cl   1       -0.117742       -0.086216       -0.085240

     C    2       -0.272674        0.317787       -0.372119
     C    2        0.317787       -0.174689       -0.344924
     C    2       -0.372119       -0.344924        0.447363

     C    3       -0.059406       -0.030387       -0.296100
     C    3       -0.030387       -0.159775       -0.625643
     C    3       -0.296100       -0.625643        0.219181

     H    4       -0.173620       -0.021939       -0.578241
     H    4       -0.021939        0.288584        0.066726
     H    4       -0.578241        0.066726       -0.114964

     C    5       -0.774527        0.343532       -0.296083
     C    5        0.343532        0.424844       -0.231363
     C    5       -0.296083       -0.231363        0.349683

     H    6        0.475246       -0.067835        0.191489
     H    6       -0.067835       -0.069984       -0.257340
     H    6        0.191489       -0.257340       -0.405262

     H    7        0.360827        0.104448       -0.081484
     H    7        0.104448       -0.441078        0.527935
     H    7       -0.081484        0.527935        0.080251

     C    8       -0.228991       -0.388843       -0.310653
     C    8       -0.388843       -0.203642        0.396010
     C    8       -0.310653        0.396010        0.432633

     H    9        0.045799        0.077062       -0.460120
     H    9        0.077062        0.374922       -0.151131
     H    9       -0.460120       -0.151131       -0.420721

     C   10       -0.133665       -0.168784       -0.229944
     C   10       -0.168784       -0.096011        0.660874
     C   10       -0.229944        0.660874        0.229676

     C   11       -0.196950       -0.086443       -0.377979
     C   11       -0.086443       -0.117991        0.490797
     C   11       -0.377979        0.490797        0.314941

     Cl  12       -0.017106       -0.064577       -0.072812
     Cl  12       -0.064577       -0.001366        0.045921
     Cl  12       -0.072812        0.045921        0.018472

     H   13        0.152695        0.116268        0.377993
     H   13        0.116268        0.045221       -0.454091
     H   13        0.377993       -0.454091       -0.197916

     C   14       -0.118831       -0.044569       -0.481103
     C   14       -0.044569       -0.216244       -0.357218
     C   14       -0.481103       -0.357218        0.335075

     H   15       -0.010931       -0.119818       -0.336362
     H   15       -0.119818        0.391887       -0.400496
     H   15       -0.336362       -0.400496       -0.380956

     C   16       -0.369089        0.371333       -0.413631
     C   16        0.371333       -0.129267       -0.132521
     C   16       -0.413631       -0.132521        0.498356

     C   17        0.020387       -0.280378       -0.461220
     C   17       -0.280378       -0.189857       -0.536517
     C   17       -0.461220       -0.536517        0.169470

     Cl  18       -0.114561        0.096209       -0.047837
     Cl  18        0.096209        0.007273        0.045926
     Cl  18       -0.047837        0.045926        0.107289

     H   19        0.328757        0.026350        0.312992
     H   19        0.026350        0.159572        0.206661
     H   19        0.312992        0.206661       -0.488330

     C   20       -0.285559       -0.209363       -0.375093
     C   20       -0.209363        0.017186        0.357797
     C   20       -0.375093        0.357797        0.268372

     H   21        0.148837        0.082265       -0.259909
     H   21        0.082265        0.427161       -0.114811
     H   21       -0.259909       -0.114811       -0.575998

     C   22        0.134471       -0.181491        0.064547
     C   22       -0.181491       -0.077907        0.039773
     C   22        0.064547        0.039773       -0.056564

     C   23       -0.053382       -0.046393       -0.388274
     C   23       -0.046393       -0.032263        0.257182
     C   23       -0.388274        0.257182        0.085645

     Cl  24       -0.148423        0.133087        0.278196
     Cl  24        0.133087        0.000951       -0.260704
     Cl  24        0.278196       -0.260704        0.147472

     ----- ionic term -----
     Cl   1        0.180389       -0.218903        0.010153
     Cl   1       -0.218903       -0.035009       -0.002451
     Cl   1        0.010153       -0.002451       -0.145380

     C    2        0.234724       -0.233360        0.231321
     C    2       -0.233360       -0.050727        0.434861
     C    2        0.231321        0.434861       -0.183996

     C    3        0.180425       -0.311004        0.165149
     C    3       -0.311004       -0.018594        0.433374
     C    3        0.165149        0.433374       -0.161832

     H    4        0.417181        0.233035        0.770282
     H    4        0.233035       -0.503627        0.267069
     H    4        0.770282        0.267069        0.086446

     C    5        0.322839       -0.289007        0.267789
     C    5       -0.289007       -0.155797        0.321874
     C    5        0.267789        0.321874       -0.167042

     H    6       -0.501853       -0.128481       -0.085651
     H    6       -0.128481        0.307929        0.787804
     H    6       -0.085651        0.787804        0.193924

     H    7       -0.530192       -0.000546        0.010248
     H    7       -0.000546        0.497560       -0.745520
     H    7        0.010248       -0.745520        0.032631

     C    8        0.050057        0.224361        0.383274
     C    8        0.224361        0.081377       -0.229247
     C    8        0.383274       -0.229247       -0.131435

     H    9        0.356725       -0.255291        0.764026
     H    9       -0.255291       -0.435630       -0.268081
     H    9        0.764026       -0.268081        0.078905

     C   10       -0.110894        0.217016        0.276933
     C   10        0.217016        0.219434       -0.396011
     C   10        0.276933       -0.396011       -0.108540

     C   11       -0.092620        0.230568        0.374093
     C   11        0.230568        0.129695       -0.402792
     C   11        0.374093       -0.402792       -0.037075

     Cl  12        0.058870        0.200554        0.037995
     Cl  12        0.200554        0.075907        0.030534
     Cl  12        0.037995        0.030534       -0.134777

     H   13       -0.503449       -0.108042       -0.066780
     H   13       -0.108042        0.524992        0.766914
     H   13       -0.066780        0.766914       -0.021543

     C   14        0.280452       -0.241150        0.217590
     C   14       -0.241150       -0.019011        0.320845
     C   14        0.217590        0.320845       -0.261441

     H   15        0.538054        0.320008        0.743516
     H   15        0.320008       -0.441397        0.277439
     H   15        0.743516        0.277439       -0.096657

     C   16        0.151555       -0.245594        0.192831
     C   16       -0.245594        0.063727        0.428042
     C   16        0.192831        0.428042       -0.215282

     C   17        0.148951       -0.206915        0.314360
     C   17       -0.206915       -0.014188        0.426861
     C   17        0.314360        0.426861       -0.134763

     Cl  18        0.126132       -0.193983        0.022707
     Cl  18       -0.193983       -0.003491       -0.003119
     Cl  18        0.022707       -0.003119       -0.122641

     H   19       -0.542188        0.107301       -0.101116
     H   19        0.107301        0.248081       -0.779720
     H   19       -0.101116       -0.779720        0.294107

     C   20        0.052781        0.307447        0.339291
     C   20        0.307447        0.002218       -0.239515
     C   20        0.339291       -0.239515       -0.054998

     H   21        0.452351       -0.301335        0.766301
     H   21       -0.301335       -0.415304       -0.288593
     H   21        0.766301       -0.288593       -0.037047

     C   22       -0.010789        0.259198        0.260515
     C   22        0.259198        0.199488       -0.368470
     C   22        0.260515       -0.368470       -0.188699

     C   23        0.018991        0.282100        0.357523
     C   23        0.282100        0.121293       -0.384076
     C   23        0.357523       -0.384076       -0.140284

     Cl  24        0.097542        0.234681        0.036292
     Cl  24        0.234681        0.057547        0.009598
     Cl  24        0.036292        0.009598       -0.155089

     ----- GIPAW term -----
     Cl   1        2.188127       -0.682292       -1.383114
     Cl   1       -0.682292       -0.192372       -0.845375
     Cl   1       -1.383114       -0.845375       -1.995755

     C    2        0.082258       -0.056205       -0.214988
     C    2       -0.056205       -0.125829       -0.023296
     C    2       -0.214988       -0.023296        0.043571

     C    3       -0.038654       -0.126051       -0.058209
     C    3       -0.126051        0.080713       -0.117303
     C    3       -0.058209       -0.117303       -0.042059

     H    4       -0.000000        0.000000        0.000000
     H    4        0.000000        0.000000        0.000000
     H    4        0.000000        0.000000        0.000000

     C    5       -0.225242       -0.001806       -0.020506
     C    5       -0.001806        0.296743       -0.055170
     C    5       -0.020506       -0.055170       -0.071501

     H    6       -0.000000        0.000000        0.000000
     H    6        0.000000        0.000000        0.000000
     H    6        0.000000        0.000000        0.000000

     H    7       -0.000000        0.000000        0.000000
     H    7        0.000000        0.000000        0.000000
     H    7        0.000000        0.000000        0.000000

     C    8        0.038770       -0.127457       -0.097944
     C    8       -0.127457       -0.078696        0.110041
     C    8       -0.097944        0.110041        0.039926

     H    9       -0.000000        0.000000        0.000000
     H    9        0.000000        0.000000        0.000000
     H    9        0.000000        0.000000        0.000000

     C   10       -0.138914       -0.018178       -0.054898
     C   10       -0.018178        0.098951        0.251843
     C   10       -0.054898        0.251843        0.039963

     C   11        0.039463        0.117361       -0.074218
     C   11        0.117361       -0.002351        0.090953
     C   11       -0.074218        0.090953       -0.037112

     Cl  12        0.020033        0.205008       -1.093079
     Cl  12        0.205008        1.092916        1.967495
     Cl  12       -1.093079        1.967495       -1.112949

     H   13       -0.000000        0.000000        0.000000
     H   13        0.000000        0.000000        0.000000
     H   13        0.000000        0.000000        0.000000

     C   14        0.020369       -0.060138       -0.232142
     C   14       -0.060138       -0.172673       -0.017031
     C   14       -0.232142       -0.017031        0.152304

     H   15       -0.000000        0.000000        0.000000
     H   15        0.000000        0.000000        0.000000
     H   15        0.000000        0.000000        0.000000

     C   16       -0.084119       -0.007460       -0.222456
     C   16       -0.007460       -0.094037        0.077890
     C   16       -0.222456        0.077890        0.178156

     C   17        0.048254       -0.252750       -0.129847
     C   17       -0.252750        0.029134        0.023075
     C   17       -0.129847        0.023075       -0.077387

     Cl  18        0.830050       -2.033476       -0.388438
     Cl  18       -2.033476        0.219688        0.396039
     Cl  18       -0.388438        0.396039       -1.049738

     H   19       -0.000000        0.000000        0.000000
     H   19        0.000000        0.000000        0.000000
     H   19        0.000000        0.000000        0.000000

     C   20       -0.053307       -0.087711       -0.167676
     C   20       -0.087711       -0.064156        0.158043
     C   20       -0.167676        0.158043        0.117464

     H   21       -0.000000        0.000000        0.000000
     H   21        0.000000        0.000000        0.000000
     H   21        0.000000        0.000000        0.000000

     C   22        0.010092       -0.015359       -0.006916
     C   22       -0.015359       -0.003156        0.005156
     C   22       -0.006916        0.005156       -0.006935

     C   23        0.023828       -0.028892       -0.115710
     C   23       -0.028892       -0.008157        0.090927
     C   23       -0.115710        0.090927       -0.015671

     Cl  24        0.112871       -0.173238       -0.514945
     Cl  24       -0.173238        0.227893        0.691564
     Cl  24       -0.514945        0.691564       -0.340765

     ----- total EFG -----
     Cl   1        2.435608       -0.813804       -1.490702
     Cl   1       -0.813804       -0.209232       -0.934043
     Cl   1       -1.490702       -0.934043       -2.226376

     C    2        0.044308        0.028223       -0.355786
     C    2        0.028223       -0.351245        0.066641
     C    2       -0.355786        0.066641        0.306937

     C    3        0.082365       -0.467441       -0.189160
     C    3       -0.467441       -0.097655       -0.309572
     C    3       -0.189160       -0.309572        0.015290

     H    4        0.243561        0.211096        0.192041
     H    4        0.211096       -0.215043        0.333795
     H    4        0.192041        0.333795       -0.028518

     C    5       -0.676930        0.052718       -0.048800
     C    5        0.052718        0.565790        0.035341
     C    5       -0.048800        0.035341        0.111140

     H    6       -0.026608       -0.196316        0.105838
     H    6       -0.196316        0.237946        0.530464
     H    6        0.105838        0.530464       -0.211338

     H    7       -0.169365        0.103901       -0.071236
     H    7        0.103901        0.056482       -0.217585
     H    7       -0.071236       -0.217585        0.112883

     C    8       -0.140164       -0.291939       -0.025324
     C    8       -0.291939       -0.200961        0.276803
     C    8       -0.025324        0.276803        0.341124

     H    9        0.402524       -0.178229        0.303906
     H    9       -0.178229       -0.060708       -0.419212
     H    9        0.303906       -0.419212       -0.341816

     C   10       -0.383473        0.030054       -0.007909
     C   10        0.030054        0.222375        0.516706
     C   10       -0.007909        0.516706        0.161098

     C   11       -0.250107        0.261486       -0.078104
     C   11        0.261486        0.009354        0.178958
     C   11       -0.078104        0.178958        0.240753

     Cl  12        0.061797        0.340985       -1.127896
     Cl  12        0.340985        1.167458        2.043950
     Cl  12       -1.127896        2.043950       -1.229255

     H   13       -0.350754        0.008226        0.311213
     H   13        0.008226        0.570212        0.312823
     H   13        0.311213        0.312823       -0.219459

     C   14        0.181989       -0.345857       -0.495655
     C   14       -0.345857       -0.407928       -0.053403
     C   14       -0.495655       -0.053403        0.225939

     H   15        0.527123        0.200190        0.407154
     H   15        0.200190       -0.049510       -0.123057
     H   15        0.407154       -0.123057       -0.477613

     C   16       -0.301653        0.118279       -0.443256
     C   16        0.118279       -0.159576        0.373411
     C   16       -0.443256        0.373411        0.461229

     C   17        0.217592       -0.740043       -0.276707
     C   17       -0.740043       -0.174911       -0.086581
     C   17       -0.276707       -0.086581       -0.042681

     Cl  18        0.841621       -2.131249       -0.413569
     Cl  18       -2.131249        0.223470        0.438846
     Cl  18       -0.413569        0.438846       -1.065091

     H   19       -0.213431        0.133651        0.211876
     H   19        0.133651        0.407654       -0.573060
     H   19        0.211876       -0.573060       -0.194223

     C   20       -0.286085        0.010372       -0.203478
     C   20        0.010372       -0.044752        0.276325
     C   20       -0.203478        0.276325        0.330838

     H   21        0.601189       -0.219070        0.506392
     H   21       -0.219070        0.011857       -0.403404
     H   21        0.506392       -0.403404       -0.613045

     C   22        0.133773        0.062349        0.318146
     C   22        0.062349        0.118424       -0.323540
     C   22        0.318146       -0.323540       -0.252198

     C   23       -0.010563        0.206815       -0.146462
     C   23        0.206815        0.080872       -0.035967
     C   23       -0.146462       -0.035967       -0.070310

     Cl  24        0.061990        0.194530       -0.200457
     Cl  24        0.194530        0.286391        0.440457
     Cl  24       -0.200457        0.440457       -0.348381

     ----- total EFG (symmetrized) -----
     Cl   1        2.435608       -0.813804       -1.490702
     Cl   1       -0.813804       -0.209232       -0.934043
     Cl   1       -1.490702       -0.934043       -2.226376

     C    2        0.044308        0.028223       -0.355786
     C    2        0.028223       -0.351245        0.066641
     C    2       -0.355786        0.066641        0.306937

     C    3        0.082365       -0.467441       -0.189160
     C    3       -0.467441       -0.097655       -0.309572
     C    3       -0.189160       -0.309572        0.015290

     H    4        0.243561        0.211096        0.192041
     H    4        0.211096       -0.215043        0.333795
     H    4        0.192041        0.333795       -0.028518

     C    5       -0.676930        0.052718       -0.048800
     C    5        0.052718        0.565790        0.035341
     C    5       -0.048800        0.035341        0.111140

     H    6       -0.026608       -0.196316        0.105838
     H    6       -0.196316        0.237946        0.530464
     H    6        0.105838        0.530464       -0.211338

     H    7       -0.169365        0.103901       -0.071236
     H    7        0.103901        0.056482       -0.217585
     H    7       -0.071236       -0.217585        0.112883

     C    8       -0.140164       -0.291939       -0.025324
     C    8       -0.291939       -0.200961        0.276803
     C    8       -0.025324        0.276803        0.341124

     H    9        0.402524       -0.178229        0.303906
     H    9       -0.178229       -0.060708       -0.419212
     H    9        0.303906       -0.419212       -0.341816

     C   10       -0.383473        0.030054       -0.007909
     C   10        0.030054        0.222375        0.516706
     C   10       -0.007909        0.516706        0.161098

     C   11       -0.250107        0.261486       -0.078104
     C   11        0.261486        0.009354        0.178958
     C   11       -0.078104        0.178958        0.240753

     Cl  12        0.061797        0.340985       -1.127896
     Cl  12        0.340985        1.167458        2.043950
     Cl  12       -1.127896        2.043950       -1.229255

     H   13       -0.350754        0.008226        0.311213
     H   13        0.008226        0.570212        0.312823
     H   13        0.311213        0.312823       -0.219459

     C   14        0.181989       -0.345857       -0.495655
     C   14       -0.345857       -0.407928       -0.053403
     C   14       -0.495655       -0.053403        0.225939

     H   15        0.527123        0.200190        0.407154
     H   15        0.200190       -0.049510       -0.123057
     H   15        0.407154       -0.123057       -0.477613

     C   16       -0.301653        0.118279       -0.443256
     C   16        0.118279       -0.159576        0.373411
     C   16       -0.443256        0.373411        0.461229

     C   17        0.217592       -0.740043       -0.276707
     C   17       -0.740043       -0.174911       -0.086581
     C   17       -0.276707       -0.086581       -0.042681

     Cl  18        0.841621       -2.131249       -0.413569
     Cl  18       -2.131249        0.223470        0.438846
     Cl  18       -0.413569        0.438846       -1.065091

     H   19       -0.213431        0.133651        0.211876
     H   19        0.133651        0.407654       -0.573060
     H   19        0.211876       -0.573060       -0.194223

     C   20       -0.286085        0.010372       -0.203478
     C   20        0.010372       -0.044752        0.276325
     C   20       -0.203478        0.276325        0.330838

     H   21        0.601189       -0.219070        0.506392
     H   21       -0.219070        0.011857       -0.403404
     H   21        0.506392       -0.403404       -0.613045

     C   22        0.133773        0.062349        0.318146
     C   22        0.062349        0.118424       -0.323540
     C   22        0.318146       -0.323540       -0.252198

     C   23       -0.010563        0.206815       -0.146462
     C   23        0.206815        0.080872       -0.035967
     C   23       -0.146462       -0.035967       -0.070310

     Cl  24        0.061990        0.194530       -0.200457
     Cl  24        0.194530        0.286391        0.440457
     Cl  24       -0.200457        0.440457       -0.348381


     NQR/NMR SPECTROSCOPIC PARAMETERS:
     Cl   1    Vxx=    0.1431    axis=(  0.063998  0.914030 -0.400567)
     Cl   1    Vyy=    2.9629    axis=(  0.954424 -0.173310 -0.242979)
     Cl   1    Vzz=   -3.1060    axis=(  0.291512  0.366761  0.883463)
     Cl   1  Q=        -8.1650 1e-30 m^2  Cq=        59.5873 MHz  eta= 0.90784

     C    2    Vxx=   -0.1817    axis=( -0.782585 -0.336286 -0.523902)
     C    2    Vyy=   -0.3748    axis=(  0.253967 -0.940794  0.224516)
     C    2    Vzz=    0.5565    axis=( -0.568385  0.042649  0.821656)
     C    2  Q=         1.0000 1e-30 m^2  Cq=         1.3076 MHz  eta= 0.34684

     C    3    Vxx=    0.1956    axis=( -0.419977 -0.251203  0.872076)
     C    3    Vyy=    0.4764    axis=(  0.723616 -0.672636  0.154727)
     C    3    Vzz=   -0.6720    axis=(  0.547722  0.696031  0.464266)
     C    3  Q=         1.0000 1e-30 m^2  Cq=        -1.5789 MHz  eta= 0.41797

     H    4    Vxx=   -0.0435    axis=(  0.688637 -0.368148 -0.624697)
     H    4    Vyy=   -0.4729    axis=( -0.085888  0.814047 -0.574414)
     H    4    Vzz=    0.5164    axis=( -0.720002 -0.449216 -0.528963)
     H    4  Q=         1.0000 1e-30 m^2  Cq=         1.2132 MHz  eta= 0.83150

     C    5    Vxx=    0.1119    axis=( -0.066241 -0.069810  0.995359)
     C    5    Vyy=    0.5704    axis=(  0.039283  0.996594  0.072511)
     C    5    Vzz=   -0.6823    axis=( -0.997030  0.043904 -0.063273)
     C    5  Q=         1.0000 1e-30 m^2  Cq=        -1.6032 MHz  eta= 0.67199

     H    6    Vxx=    0.0203    axis=(  0.933341 -0.030026  0.357734)
     H    6    Vyy=    0.6078    axis=(  0.172261 -0.836821 -0.519671)
     H    6    Vzz=   -0.6281    axis=(  0.314963  0.546653 -0.775866)
     H    6  Q=         1.0000 1e-30 m^2  Cq=        -1.4757 MHz  eta= 0.93544

     H    7    Vxx=   -0.1229    axis=(  0.354382  0.631396  0.689748)
     H    7    Vyy=   -0.2109    axis=( -0.904652  0.418191  0.081984)
     H    7    Vzz=    0.3338    axis=( -0.236682 -0.653036  0.719393)
     H    7  Q=         1.0000 1e-30 m^2  Cq=         0.7844 MHz  eta= 0.26374

     C    8    Vxx=    0.0180    axis=(  0.768212 -0.455212  0.450147)
     C    8    Vyy=    0.4915    axis=( -0.240755  0.446104  0.861991)
     C    8    Vzz=   -0.5094    axis=( -0.593202 -0.770566  0.233108)
     C    8  Q=         1.0000 1e-30 m^2  Cq=        -1.1970 MHz  eta= 0.92938

     H    9    Vxx=    0.0012    axis=(  0.591849  0.722095 -0.358180)
     H    9    Vyy=    0.6636    axis=( -0.792375  0.439708 -0.422846)
     H    9    Vzz=   -0.6648    axis=( -0.147840  0.534074  0.832411)
     H    9  Q=         1.0000 1e-30 m^2  Cq=        -1.5619 MHz  eta= 0.99653

     C   10    Vxx=   -0.3157    axis=( -0.361200 -0.635326  0.682565)
     C   10    Vyy=   -0.3939    axis=(  0.932367 -0.257879  0.253358)
     C   10    Vzz=    0.7096    axis=(  0.015054  0.727914  0.685503)
     C   10  Q=         1.0000 1e-30 m^2  Cq=         1.6673 MHz  eta= 0.11030

     C   11    Vxx=    0.1052    axis=(  0.580460  0.637302 -0.506866)
     C   11    Vyy=    0.3455    axis=(  0.129286  0.542440  0.830087)
     C   11    Vzz=   -0.4507    axis=(  0.803960 -0.547363  0.232470)
     C   11  Q=         1.0000 1e-30 m^2  Cq=        -1.0590 MHz  eta= 0.53325

     Cl  12    Vxx=    0.4815    axis=(  0.920933  0.296355 -0.253094)
     Cl  12    Vyy=    2.3729    axis=( -0.128984  0.844598  0.519632)
     Cl  12    Vzz=   -2.8544    axis=(  0.367758 -0.445901  0.816043)
     Cl  12  Q=        -8.1650 1e-30 m^2  Cq=        54.7603 MHz  eta= 0.66263

     H   13    Vxx=   -0.0559    axis=(  0.679604 -0.334977  0.652632)
     H   13    Vyy=   -0.6358    axis=(  0.724676  0.168379 -0.668202)
     H   13    Vzz=    0.6917    axis=(  0.113943  0.927059  0.357181)
     H   13  Q=         1.0000 1e-30 m^2  Cq=         1.6253 MHz  eta= 0.83825

     C   14    Vxx=   -0.0771    axis=( -0.465612  0.592846 -0.657069)
     C   14    Vyy=   -0.6607    axis=(  0.520684  0.783869  0.338286)
     C   14    Vzz=    0.7378    axis=(  0.715607 -0.184615 -0.673664)
     C   14  Q=         1.0000 1e-30 m^2  Cq=         1.7336 MHz  eta= 0.79098

     H   15    Vxx=   -0.0248    axis=( -0.091402  0.937109 -0.336856)
     H   15    Vyy=   -0.6766    axis=(  0.349396 -0.286588 -0.892070)
     H   15    Vzz=    0.7014    axis=( -0.932506 -0.199234 -0.301228)
     H   15  Q=         1.0000 1e-30 m^2  Cq=         1.6481 MHz  eta= 0.92928

     C   16    Vxx=   -0.0991    axis=(  0.597783  0.799420 -0.059860)
     C   16    Vyy=   -0.6626    axis=( -0.728435  0.510488 -0.456930)
     C   16    Vzz=    0.7617    axis=( -0.334721  0.316749  0.887486)
     C   16  Q=         1.0000 1e-30 m^2  Cq=         1.7896 MHz  eta= 0.73981

     C   17    Vxx=   -0.0019    axis=( -0.025849 -0.356826  0.933813)
     C   17    Vyy=   -0.8185    axis=(  0.606217  0.737169  0.298466)
     C   17    Vzz=    0.8205    axis=( -0.794879  0.573808  0.197259)
     C   17  Q=         1.0000 1e-30 m^2  Cq=         1.9278 MHz  eta= 0.99528

     Cl  18    Vxx=   -1.1509    axis=(  0.199324 -0.003804  0.979926)
     Cl  18    Vyy=   -1.6288    axis=(  0.635769  0.761466 -0.126364)
     Cl  18    Vzz=    2.7797    axis=( -0.745700  0.648194  0.154197)
     Cl  18  Q=        -8.1650 1e-30 m^2  Cq=       -53.3274 MHz  eta= 0.17192

     H   19    Vxx=   -0.0779    axis=(  0.879405  0.241891  0.410043)
     H   19    Vyy=   -0.6761    axis=( -0.476046  0.456233  0.751819)
     H   19    Vzz=    0.7540    axis=( -0.005217 -0.856353  0.516365)
     H   19  Q=         1.0000 1e-30 m^2  Cq=         1.7716 MHz  eta= 0.79343

     C   20    Vxx=   -0.1365    axis=(  0.459537  0.837654 -0.295232)
     C   20    Vyy=   -0.3796    axis=( -0.861244  0.339060 -0.378546)
     C   20    Vzz=    0.5161    axis=( -0.216989  0.428223  0.877235)
     C   20  Q=         1.0000 1e-30 m^2  Cq=         1.2125 MHz  eta= 0.47117

     H   21    Vxx=   -0.0164    axis=(  0.463734  0.865075 -0.191299)
     H   21    Vyy=   -0.9060    axis=( -0.255415  0.337287  0.906091)
     H   21    Vzz=    0.9223    axis=(  0.848359 -0.371325  0.377365)
     H   21  Q=         1.0000 1e-30 m^2  Cq=         2.1671 MHz  eta= 0.96450

     C   22    Vxx=    0.1884    axis=(  0.699193  0.714656 -0.019914)
     C   22    Vyy=    0.3863    axis=(  0.590773 -0.561854  0.579057)
     C   22    Vzz=   -0.5748    axis=(  0.402638 -0.416637 -0.815044)
     C   22  Q=         1.0000 1e-30 m^2  Cq=        -1.3504 MHz  eta= 0.34428

     C   23    Vxx=   -0.0513    axis=( -0.244899  0.592020  0.767813)
     C   23    Vyy=   -0.2377    axis=(  0.728032 -0.410715  0.548892)
     C   23    Vzz=    0.2890    axis=( -0.640307 -0.693416  0.330425)
     C   23  Q=         1.0000 1e-30 m^2  Cq=         0.6790 MHz  eta= 0.64478

     Cl  24    Vxx=    0.1433    axis=(  0.917496 -0.025523 -0.396925)
     Cl  24    Vyy=    0.5286    axis=( -0.199232 -0.893210 -0.403091)
     Cl  24    Vzz=   -0.6719    axis=(  0.344249 -0.448914  0.824602)
     Cl  24  Q=        -8.1650 1e-30 m^2  Cq=        12.8891 MHz  eta= 0.57342

     Initialization:
     gipaw_setup  :      9.11s CPU     10.91s WALL (       1 calls)

     Linear response

     Apply operators

     Induced current

     Other routines
     efg          :      9.29s CPU     11.76s WALL (       1 calls)

     General routines
     calbec       :      3.28s CPU      4.36s WALL (      16 calls)
     fft          :      1.75s CPU      2.85s WALL (      15 calls)
     ffts         :      0.03s CPU      0.05s WALL (       2 calls)
     fftw         :      3.29s CPU      4.04s WALL (     672 calls)
     davcio       :      0.02s CPU      0.34s WALL (      32 calls)

     Parallel routines
     fft_scatter  :      2.38s CPU      4.06s WALL (     689 calls)

     Plugins

     GIPAW        :     61.02s CPU     74.22s WALL (       1 calls)
