
     Program QE v.6.0 (svn rev. 13079) starts on 12Jan2017 at  3:46:17 

     This program is part of the open-source Quantum ESPRESSO suite
     for quantum simulation of materials; please cite
         "P. Giannozzi et al., J. Phys.:Condens. Matter 21 395502 (2009);
          URL http://www.quantum-espresso.org", 
     in publications or presentations arising from this work. More details at
     http://www.quantum-espresso.org/quote

     Parallel version (MPI), running on     8 processors
     R & G space division:  proc/nbgrp/npool/nimage =       8

     ***** This is GIPAW svn revision unknown      *****

     Parallelizing q-star over 1 images

     Reading data from directory:
     /users/majewski/paradichlorobenzene/pbe/9_constraint/scratch/pbe.ecut100.np8.dt60.pcl2phi-129368.save
     Message from routine read_xml_file:
     file /users/majewski/paradichlorobenzene/pbe/9_constraint/scratch/pbe.ecut100.np8.dt60.pcl2phi-129368.save not guaranteed to be safe for post-processing

   Info: using nr1, nr2, nr3 values from input

   Info: using nr1, nr2, nr3 values from input

     IMPORTANT: XC functional enforced from input :
     Exchange-correlation      =  SLA  PW   PBX  PBC ( 1  4  3  4 0 0)
     Any further DFT definition will be discarded
     Please, verify this is what you really want

               file C.pbe-n-kjpaw_psl.1.0.0.UPF: wavefunction(s)  2S 2P renormalized
               file Cl.pbe-n-kjpaw_psl.1.0.0.UPF: wavefunction(s)  3S 3P renormalized
               file H.pbe-kjpaw_psl.1.0.0.UPF: wavefunction(s)  1S renormalized

     Parallelization info
     --------------------
     sticks:   dense  smooth     PW     G-vecs:    dense   smooth      PW
     Min        3057    1223    332               144436    36536    5170
     Max        3059    1225    333               144437    36537    5171
     Sum       24467    9791   2657              1155489   292295   41363


     Subspace diagonalization in iterative solution of the eigenvalue problem:
     a serial algorithm will be used

     GIPAW projectors -----------------------------------------------
     atom=  C    l=0  rc=    1.2000  rs=    0.8000
     atom=  C    l=0  rc=    1.2000  rs=    0.8000
     atom=  C    l=1  rc=    1.4000  rs=    0.9333
     atom=  C    l=1  rc=    1.4000  rs=    0.9333
     projs nearly linearly dependent: l=1  n1,n2= 1, 2  s=  0.99951561

     atom=  Cl   l=0  rc=    1.6000  rs=    1.0667
     atom=  Cl   l=0  rc=    1.6000  rs=    1.0667
     atom=  Cl   l=1  rc=    1.6000  rs=    1.0667
     atom=  Cl   l=1  rc=    1.6000  rs=    1.0667
     atom=  Cl   l=2  rc=    1.6000  rs=    1.0667
     atom=  Cl   l=2  rc=    1.6000  rs=    1.0667
     projs nearly linearly dependent: l=2  n1,n2= 1, 2  s=  0.99993509

     atom=  H    l=0  rc=    1.0000  rs=    0.6667
     atom=  H    l=0  rc=    1.0000  rs=    0.6667
     projs nearly linearly dependent: l=0  n1,n2= 1, 2  s=  0.99968852
     -----------------------------------------------------------------

     GIPAW integrals: -------------------------------------------
     Atom  i/j   nmr_para   nmr_dia   epr_rmc  epr_para   epr_dia
       C   1 1   0.83E+03  0.17E-01  0.93E+01  0.24E+08  0.24E+03
       C   2 1   0.86E+03 -0.61E-01  0.94E+01  0.25E+08  0.25E+03
       C   2 2   0.90E+03 -0.15E+00  0.97E+01  0.26E+08  0.26E+03
       C   3 3   0.33E+01  0.34E+00  0.18E+01  0.55E+03  0.21E+02
       C   4 3   0.35E+01  0.37E+00  0.20E+01  0.59E+03  0.22E+02
       C   4 4   0.38E+01  0.39E+00  0.22E+01  0.63E+03  0.24E+02
       Cl  1 1   0.14E+04 -0.47E+00  0.84E+01  0.32E+09  0.42E+03
       Cl  2 1   0.21E+04 -0.37E+00  0.12E+02  0.49E+09  0.65E+03
       Cl  2 2   0.33E+04 -0.16E+00  0.21E+02  0.76E+09  0.10E+04
       Cl  3 3   0.21E+02  0.79E-01  0.89E+01  0.23E+05  0.13E+03
       Cl  4 3   0.24E+02  0.67E-01  0.99E+01  0.27E+05  0.15E+03
       Cl  4 4   0.28E+02  0.44E-01  0.11E+02  0.32E+05  0.18E+03
       Cl  5 5   0.77E+00  0.19E+00  0.18E+01  0.12E+03  0.22E+02
       Cl  6 5   0.80E+00  0.19E+00  0.19E+01  0.12E+03  0.23E+02
       Cl  6 6   0.83E+00  0.20E+00  0.19E+01  0.12E+03  0.23E+02
       H   1 1   0.39E+02  0.19E+00  0.29E+00  0.78E+05  0.13E+02
       H   2 1   0.41E+02  0.21E+00  0.32E+00  0.82E+05  0.14E+02
       H   2 2   0.43E+02  0.22E+00  0.36E+00  0.86E+05  0.15E+02
     ------------------------------------------------------------

     alpha_pv=     34.6773 eV

     Number of occupied bands for each k-point:
     k-point:     1    nbnd_occ=  42
     k-point:     2    nbnd_occ=  42
     k-point:     3    nbnd_occ=  42
     k-point:     4    nbnd_occ=  42
     k-point:     5    nbnd_occ=  42
     k-point:     6    nbnd_occ=  42
     k-point:     7    nbnd_occ=  42
     k-point:     8    nbnd_occ=  42
     k-point:     9    nbnd_occ=  42
     k-point:    10    nbnd_occ=  42
     k-point:    11    nbnd_occ=  42
     k-point:    12    nbnd_occ=  42
     k-point:    13    nbnd_occ=  42
     k-point:    14    nbnd_occ=  42
     k-point:    15    nbnd_occ=  42
     k-point:    16    nbnd_occ=  42


     q-space interpolation up to   110.00 Rydberg

     GIPAW job: efg                                                                             


     ELECTRIC FIELD GRADIENTS TENSORS IN Hartree/bohrradius^2:

     ----- bare term -----
     Cl   1       -0.008455        0.020324       -0.086700
     Cl   1        0.020324       -0.003930        0.057287
     Cl   1       -0.086700        0.057287        0.012386

     C    2       -0.254562        0.266217       -0.231212
     C    2        0.266217       -0.223939       -0.458983
     C    2       -0.231212       -0.458983        0.478502

     C    3        0.074376        0.504272       -0.171741
     C    3        0.504272       -0.318380       -0.388436
     C    3       -0.171741       -0.388436        0.244004

     H    4        0.067932       -0.083646       -0.180322
     H    4       -0.083646        0.517898       -0.089405
     H    4       -0.180322       -0.089405       -0.585829

     C    5       -0.550900        0.337801       -0.472389
     C    5        0.337801        0.339162       -0.117453
     C    5       -0.472389       -0.117453        0.211738

     H    6       -0.253311        0.118615        0.097729
     H    6        0.118615       -0.025854       -0.488608
     H    6        0.097729       -0.488608        0.279165

     H    7        0.404259        0.258782       -0.030840
     H    7        0.258782       -0.733084        0.292201
     H    7       -0.030840        0.292201        0.328825

     C    8       -0.175799       -0.220964       -0.220373
     C    8       -0.220964       -0.131626        0.407323
     C    8       -0.220373        0.407323        0.307425

     H    9       -0.276845        0.392594        0.183113
     H    9        0.392594        0.080215       -0.168115
     H    9        0.183113       -0.168115        0.196631

     C   10       -0.278233       -0.263001       -0.050709
     C   10       -0.263001       -0.137284        0.381033
     C   10       -0.050709        0.381033        0.415517

     C   11       -0.153952        0.213964       -0.283097
     C   11        0.213964       -0.015951        0.633963
     C   11       -0.283097        0.633963        0.169903

     Cl  12        0.296907       -0.128871        0.135577
     Cl  12       -0.128871        0.067116       -0.597743
     Cl  12        0.135577       -0.597743       -0.364023

     H   13        0.374711        0.151035       -0.090348
     H   13        0.151035       -0.714563        0.018414
     H   13       -0.090348        0.018414        0.339852

     C   14       -0.111555       -0.262762       -0.358594
     C   14       -0.262762       -0.024878       -0.469227
     C   14       -0.358594       -0.469227        0.136433

     H   15        0.042500       -0.179575       -0.339281
     H   15       -0.179575       -0.156829       -0.506725
     H   15       -0.339281       -0.506725        0.114330

     C   16       -0.747157        0.335464       -0.328131
     C   16        0.335464        0.321106       -0.056340
     C   16       -0.328131       -0.056340        0.426050

     C   17        0.129295        0.127073       -0.095947
     C   17        0.127073       -0.431648       -0.411706
     C   17       -0.095947       -0.411706        0.302354

     Cl  18        0.169403        0.205916       -0.052623
     Cl  18        0.205916        0.125254       -0.343925
     Cl  18       -0.052623       -0.343925       -0.294657

     H   19        0.249961       -0.049402       -0.371536
     H   19       -0.049402       -0.166384        0.392865
     H   19       -0.371536        0.392865       -0.083577

     C   20       -0.455920       -0.311151       -0.107133
     C   20       -0.311151        0.088940        0.291515
     C   20       -0.107133        0.291515        0.366980

     H   21       -0.633657        0.192332        0.144534
     H   21        0.192332        0.432422        0.140383
     H   21        0.144534        0.140383        0.201236

     C   22        0.052825        0.173556       -0.356460
     C   22        0.173556       -0.384558        0.447560
     C   22       -0.356460        0.447560        0.331734

     C   23       -0.703246       -0.169607       -0.279916
     C   23       -0.169607        0.083670        0.131083
     C   23       -0.279916        0.131083        0.619575

     Cl  24        0.195976       -0.066799       -0.010661
     Cl  24       -0.066799        0.238121        0.087458
     Cl  24       -0.010661        0.087458       -0.434097

     ----- ionic term -----
     Cl   1        0.200506       -0.223624        0.061767
     Cl   1       -0.223624       -0.052177       -0.026624
     Cl   1        0.061767       -0.026624       -0.148328

     C    2        0.146724       -0.223774        0.293035
     C    2       -0.223774        0.139986        0.401229
     C    2        0.293035        0.401229       -0.286710

     C    3        0.076038       -0.352678        0.273453
     C    3       -0.352678        0.184034        0.330410
     C    3        0.273453        0.330410       -0.260072

     H    4        0.192462        0.285401        0.744700
     H    4        0.285401       -0.363606        0.358759
     H    4        0.744700        0.358759        0.171144

     C    5        0.203646       -0.279466        0.394236
     C    5       -0.279466        0.024190        0.257563
     C    5        0.394236        0.257563       -0.227836

     H    6       -0.481687       -0.235597       -0.110547
     H    6       -0.235597        0.610936        0.679567
     H    6       -0.110547        0.679567       -0.129249

     H    7       -0.502384       -0.162690        0.064883
     H    7       -0.162690        0.815622       -0.623714
     H    7        0.064883       -0.623714       -0.313237

     C    8        0.375371        0.070529        0.064816
     C    8        0.070529        0.021761       -0.349319
     C    8        0.064816       -0.349319       -0.397132

     H    9        0.855964       -0.535942        0.116782
     H    9       -0.535942       -0.323039       -0.135984
     H    9        0.116782       -0.135984       -0.532925

     C   10        0.200263        0.075794       -0.058638
     C   10        0.075794        0.154383       -0.460600
     C   10       -0.058638       -0.460600       -0.354646

     C   11        0.273897        0.031537        0.080180
     C   11        0.031537        0.064813       -0.464749
     C   11        0.080180       -0.464749       -0.338710

     Cl  12        0.134255        0.165137       -0.077152
     Cl  12        0.165137       -0.024437       -0.046052
     Cl  12       -0.077152       -0.046052       -0.109817

     H   13       -0.521089        0.031696        0.019668
     H   13        0.031696        0.801369        0.608408
     H   13        0.019668        0.608408       -0.280280

     C   14        0.178077       -0.116727        0.367544
     C   14       -0.116727        0.115262        0.270410
     C   14        0.367544        0.270410       -0.293339

     H   15        0.445052        0.355465        0.704594
     H   15        0.355465       -0.327717        0.316982
     H   15        0.704594        0.316982       -0.117335

     C   16        0.064258       -0.230702        0.276009
     C   16       -0.230702        0.279174        0.326634
     C   16        0.276009        0.326634       -0.343432

     C   17        0.068026       -0.224233        0.405985
     C   17       -0.224233        0.203669        0.355038
     C   17        0.405985        0.355038       -0.271694

     Cl  18        0.153591       -0.215527        0.093379
     Cl  18       -0.215527       -0.002288       -0.048543
     Cl  18        0.093379       -0.048543       -0.151303

     H   19       -0.524148       -0.130618        0.074617
     H   19       -0.130618        0.549793       -0.789953
     H   19        0.074617       -0.789953       -0.025645

     C   20        0.332396        0.102890        0.076772
     C   20        0.102890       -0.001148       -0.374941
     C   20        0.076772       -0.374941       -0.331249

     H   21        0.694151       -0.473698        0.489680
     H   21       -0.473698       -0.368358       -0.264709
     H   21        0.489680       -0.264709       -0.325793

     C   22        0.177106        0.103212        0.056544
     C   22        0.103212        0.105018       -0.480103
     C   22        0.056544       -0.480103       -0.282124

     C   23        0.286774        0.071661        0.118897
     C   23        0.071661        0.051450       -0.468403
     C   23        0.118897       -0.468403       -0.338224

     Cl  24        0.113460        0.231297       -0.065911
     Cl  24        0.231297        0.022396       -0.044408
     Cl  24       -0.065911       -0.044408       -0.135856

     ----- GIPAW term -----
     Cl   1       -0.506127       -1.587015        0.479710
     Cl   1       -1.587015       -1.154863       -0.894826
     Cl   1        0.479710       -0.894826        1.660989

     C    2       -0.111454       -0.038876       -0.021325
     C    2       -0.038876       -0.037977       -0.215915
     C    2       -0.021325       -0.215915        0.149431

     C    3        0.074412        0.158417       -0.143005
     C    3        0.158417       -0.083219       -0.108992
     C    3       -0.143005       -0.108992        0.008807

     H    4       -0.000000        0.000000        0.000000
     H    4        0.000000        0.000000        0.000000
     H    4        0.000000        0.000000        0.000000

     C    5        0.022276        0.222387        0.015519
     C    5        0.222387        0.084726        0.073407
     C    5        0.015519        0.073407       -0.107002

     H    6       -0.000000        0.000000        0.000000
     H    6        0.000000        0.000000        0.000000
     H    6        0.000000        0.000000        0.000000

     H    7       -0.000000        0.000000        0.000000
     H    7        0.000000        0.000000        0.000000
     H    7        0.000000        0.000000        0.000000

     C    8       -0.068000       -0.072625       -0.007930
     C    8       -0.072625        0.076587        0.006052
     C    8       -0.007930        0.006052       -0.008587

     H    9       -0.000000        0.000000        0.000000
     H    9        0.000000        0.000000        0.000000
     H    9        0.000000        0.000000        0.000000

     C   10       -0.131773       -0.047308       -0.038531
     C   10       -0.047308        0.010220        0.177007
     C   10       -0.038531        0.177007        0.121552

     C   11       -0.075582        0.114654       -0.012722
     C   11        0.114654        0.044153        0.219611
     C   11       -0.012722        0.219611        0.031429

     Cl  12        0.370868        0.027181       -0.166173
     Cl  12        0.027181       -0.142709       -0.430074
     Cl  12       -0.166173       -0.430074       -0.228159

     H   13       -0.000000        0.000000        0.000000
     H   13        0.000000        0.000000        0.000000
     H   13        0.000000        0.000000        0.000000

     C   14       -0.040956       -0.135376        0.002092
     C   14       -0.135376        0.115158       -0.154235
     C   14        0.002092       -0.154235       -0.074202

     H   15       -0.000000        0.000000        0.000000
     H   15        0.000000        0.000000        0.000000
     H   15        0.000000        0.000000        0.000000

     C   16       -0.208924       -0.061879       -0.077162
     C   16       -0.061879        0.255858        0.118286
     C   16       -0.077162        0.118286       -0.046935

     C   17       -0.061569       -0.003774        0.052653
     C   17       -0.003774        0.034200        0.181988
     C   17        0.052653        0.181988        0.027369

     Cl  18       -0.264818       -0.213106        0.305499
     Cl  18       -0.213106       -0.313992        0.414931
     Cl  18        0.305499        0.414931        0.578809

     H   19       -0.000000        0.000000        0.000000
     H   19        0.000000        0.000000        0.000000
     H   19        0.000000        0.000000        0.000000

     C   20       -0.016732        0.148844        0.058625
     C   20        0.148844        0.098200        0.075114
     C   20        0.058625        0.075114       -0.081469

     H   21       -0.000000        0.000000        0.000000
     H   21        0.000000        0.000000        0.000000
     H   21        0.000000        0.000000        0.000000

     C   22       -0.015721        0.159955       -0.182530
     C   22        0.159955       -0.051513       -0.097157
     C   22       -0.182530       -0.097157        0.067234

     C   23       -0.179070        0.055144       -0.045588
     C   23        0.055144       -0.070344       -0.111195
     C   23       -0.045588       -0.111195        0.249413

     Cl  24       -0.299763        0.773520        0.009906
     Cl  24        0.773520       -0.693392       -0.373445
     Cl  24        0.009906       -0.373445        0.993154

     ----- total EFG -----
     Cl   1       -0.314076       -1.790316        0.454777
     Cl   1       -1.790316       -1.210971       -0.864163
     Cl   1        0.454777       -0.864163        1.525047

     C    2       -0.219292        0.003566        0.040498
     C    2        0.003566       -0.121931       -0.273669
     C    2        0.040498       -0.273669        0.341223

     C    3        0.224826        0.310012       -0.041293
     C    3        0.310012       -0.217565       -0.167018
     C    3       -0.041293       -0.167018       -0.007261

     H    4        0.260394        0.201754        0.564378
     H    4        0.201754        0.154291        0.269354
     H    4        0.564378        0.269354       -0.414685

     C    5       -0.324978        0.280722       -0.062634
     C    5        0.280722        0.448078        0.213516
     C    5       -0.062634        0.213516       -0.123100

     H    6       -0.734998       -0.116983       -0.012819
     H    6       -0.116983        0.585082        0.190959
     H    6       -0.012819        0.190959        0.149915

     H    7       -0.098125        0.096092        0.034043
     H    7        0.096092        0.082538       -0.331513
     H    7        0.034043       -0.331513        0.015587

     C    8        0.131572       -0.223060       -0.163488
     C    8       -0.223060       -0.033278        0.064056
     C    8       -0.163488        0.064056       -0.098294

     H    9        0.579119       -0.143347        0.299896
     H    9       -0.143347       -0.242824       -0.304098
     H    9        0.299896       -0.304098       -0.336294

     C   10       -0.209743       -0.234514       -0.147878
     C   10       -0.234514        0.027320        0.097440
     C   10       -0.147878        0.097440        0.182423

     C   11        0.044362        0.360155       -0.215639
     C   11        0.360155        0.093015        0.388825
     C   11       -0.215639        0.388825       -0.137377

     Cl  12        0.802030        0.063447       -0.107748
     Cl  12        0.063447       -0.100030       -1.073869
     Cl  12       -0.107748       -1.073869       -0.701999

     H   13       -0.146378        0.182731       -0.070680
     H   13        0.182731        0.086806        0.626823
     H   13       -0.070680        0.626823        0.059572

     C   14        0.025566       -0.514865        0.011041
     C   14       -0.514865        0.205541       -0.353052
     C   14        0.011041       -0.353052       -0.231108

     H   15        0.487551        0.175889        0.365313
     H   15        0.175889       -0.484546       -0.189743
     H   15        0.365313       -0.189743       -0.003005

     C   16       -0.891823        0.042883       -0.129285
     C   16        0.042883        0.856139        0.388580
     C   16       -0.129285        0.388580        0.035684

     C   17        0.135751       -0.100933        0.362691
     C   17       -0.100933       -0.193780        0.125320
     C   17        0.362691        0.125320        0.058028

     Cl  18        0.058176       -0.222718        0.346255
     Cl  18       -0.222718       -0.191026        0.022463
     Cl  18        0.346255        0.022463        0.132850

     H   19       -0.274187       -0.180020       -0.296919
     H   19       -0.180020        0.383409       -0.397088
     H   19       -0.296919       -0.397088       -0.109222

     C   20       -0.140256       -0.059417        0.028264
     C   20       -0.059417        0.185993       -0.008313
     C   20        0.028264       -0.008313       -0.045737

     H   21        0.060493       -0.281366        0.634214
     H   21       -0.281366        0.064064       -0.124325
     H   21        0.634214       -0.124325       -0.124557

     C   22        0.214209        0.436723       -0.482446
     C   22        0.436723       -0.331053       -0.129699
     C   22       -0.482446       -0.129699        0.116844

     C   23       -0.595541       -0.042802       -0.206606
     C   23       -0.042802        0.064777       -0.448515
     C   23       -0.206606       -0.448515        0.530764

     Cl  24        0.009674        0.938018       -0.066666
     Cl  24        0.938018       -0.432875       -0.330396
     Cl  24       -0.066666       -0.330396        0.423201

     ----- total EFG (symmetrized) -----
     Cl   1       -0.314076       -1.790316        0.454777
     Cl   1       -1.790316       -1.210971       -0.864163
     Cl   1        0.454777       -0.864163        1.525047

     C    2       -0.219292        0.003566        0.040498
     C    2        0.003566       -0.121931       -0.273669
     C    2        0.040498       -0.273669        0.341223

     C    3        0.224826        0.310012       -0.041293
     C    3        0.310012       -0.217565       -0.167018
     C    3       -0.041293       -0.167018       -0.007261

     H    4        0.260394        0.201754        0.564378
     H    4        0.201754        0.154291        0.269354
     H    4        0.564378        0.269354       -0.414685

     C    5       -0.324978        0.280722       -0.062634
     C    5        0.280722        0.448078        0.213516
     C    5       -0.062634        0.213516       -0.123100

     H    6       -0.734998       -0.116983       -0.012819
     H    6       -0.116983        0.585082        0.190959
     H    6       -0.012819        0.190959        0.149915

     H    7       -0.098125        0.096092        0.034043
     H    7        0.096092        0.082538       -0.331513
     H    7        0.034043       -0.331513        0.015587

     C    8        0.131572       -0.223060       -0.163488
     C    8       -0.223060       -0.033278        0.064056
     C    8       -0.163488        0.064056       -0.098294

     H    9        0.579119       -0.143347        0.299896
     H    9       -0.143347       -0.242824       -0.304098
     H    9        0.299896       -0.304098       -0.336294

     C   10       -0.209743       -0.234514       -0.147878
     C   10       -0.234514        0.027320        0.097440
     C   10       -0.147878        0.097440        0.182423

     C   11        0.044362        0.360155       -0.215639
     C   11        0.360155        0.093015        0.388825
     C   11       -0.215639        0.388825       -0.137377

     Cl  12        0.802030        0.063447       -0.107748
     Cl  12        0.063447       -0.100030       -1.073869
     Cl  12       -0.107748       -1.073869       -0.701999

     H   13       -0.146378        0.182731       -0.070680
     H   13        0.182731        0.086806        0.626823
     H   13       -0.070680        0.626823        0.059572

     C   14        0.025566       -0.514865        0.011041
     C   14       -0.514865        0.205541       -0.353052
     C   14        0.011041       -0.353052       -0.231108

     H   15        0.487551        0.175889        0.365313
     H   15        0.175889       -0.484546       -0.189743
     H   15        0.365313       -0.189743       -0.003005

     C   16       -0.891823        0.042883       -0.129285
     C   16        0.042883        0.856139        0.388580
     C   16       -0.129285        0.388580        0.035684

     C   17        0.135751       -0.100933        0.362691
     C   17       -0.100933       -0.193780        0.125320
     C   17        0.362691        0.125320        0.058028

     Cl  18        0.058176       -0.222718        0.346255
     Cl  18       -0.222718       -0.191026        0.022463
     Cl  18        0.346255        0.022463        0.132850

     H   19       -0.274187       -0.180020       -0.296919
     H   19       -0.180020        0.383409       -0.397088
     H   19       -0.296919       -0.397088       -0.109222

     C   20       -0.140256       -0.059417        0.028264
     C   20       -0.059417        0.185993       -0.008313
     C   20        0.028264       -0.008313       -0.045737

     H   21        0.060493       -0.281366        0.634214
     H   21       -0.281366        0.064064       -0.124325
     H   21        0.634214       -0.124325       -0.124557

     C   22        0.214209        0.436723       -0.482446
     C   22        0.436723       -0.331053       -0.129699
     C   22       -0.482446       -0.129699        0.116844

     C   23       -0.595541       -0.042802       -0.206606
     C   23       -0.042802        0.064777       -0.448515
     C   23       -0.206606       -0.448515        0.530764

     Cl  24        0.009674        0.938018       -0.066666
     Cl  24        0.938018       -0.432875       -0.330396
     Cl  24       -0.066666       -0.330396        0.423201


     NQR/NMR SPECTROSCOPIC PARAMETERS:
     Cl   1    Vxx=    0.4068    axis=( -0.675104  0.425007  0.602995)
     Cl   1    Vyy=    2.2420    axis=(  0.438891 -0.425603  0.791351)
     Cl   1    Vzz=   -2.6488    axis=( -0.592966 -0.798894 -0.100795)
     Cl   1  Q=        -8.1650 1e-30 m^2  Cq=        50.8166 MHz  eta= 0.69285

     C    2    Vxx=   -0.2104    axis=(  0.883528  0.442166  0.154494)
     C    2    Vyy=   -0.2595    axis=( -0.465583  0.793114  0.392687)
     C    2    Vzz=    0.4699    axis=(  0.051102 -0.418880  0.906603)
     C    2  Q=         1.0000 1e-30 m^2  Cq=         1.1042 MHz  eta= 0.10447

     C    3    Vxx=    0.0033    axis=(  0.382633 -0.152070  0.911300)
     C    3    Vyy=    0.4163    axis=(  0.834787  0.479552 -0.270483)
     C    3    Vzz=   -0.4196    axis=( -0.395883  0.864236  0.310439)
     C    3  Q=         1.0000 1e-30 m^2  Cq=        -0.9858 MHz  eta= 0.98441

     H    4    Vxx=    0.0115    axis=(  0.486711 -0.868299  0.095755)
     H    4    Vyy=    0.7449    axis=( -0.745728 -0.470074 -0.472144)
     H    4    Vzz=   -0.7564    axis=(  0.454974  0.158390 -0.876306)
     H    4  Q=         1.0000 1e-30 m^2  Cq=        -1.7772 MHz  eta= 0.96960

     C    5    Vxx=   -0.1209    axis=( -0.437104 -0.118901  0.891517)
     C    5    Vyy=   -0.4669    axis=( -0.858505  0.350688 -0.374148)
     C    5    Vzz=    0.5878    axis=(  0.268158  0.928913  0.255365)
     C    5  Q=         1.0000 1e-30 m^2  Cq=         1.3811 MHz  eta= 0.58875

     H    6    Vxx=    0.0790    axis=(  0.034923 -0.345755  0.937675)
     H    6    Vyy=    0.6663    axis=( -0.081166  0.934166  0.347485)
     H    6    Vzz=   -0.7453    axis=( -0.996089 -0.088242  0.004560)
     H    6  Q=         1.0000 1e-30 m^2  Cq=        -1.7512 MHz  eta= 0.78794

     H    7    Vxx=   -0.0664    axis=(  0.920041  0.180493  0.347775)
     H    7    Vyy=   -0.3208    axis=(  0.378365 -0.639882 -0.668872)
     H    7    Vzz=    0.3872    axis=( -0.101808 -0.746976  0.657010)
     H    7  Q=         1.0000 1e-30 m^2  Cq=         0.9098 MHz  eta= 0.65701

     C    8    Vxx=   -0.1357    axis=(  0.082828  0.651783 -0.753869)
     C    8    Vyy=   -0.2164    axis=(  0.618101  0.559789  0.551895)
     C    8    Vzz=    0.3521    axis=(  0.781723 -0.511679 -0.356501)
     C    8  Q=         1.0000 1e-30 m^2  Cq=         0.8274 MHz  eta= 0.22919

     H    9    Vxx=   -0.1094    axis=(  0.384419  0.764867 -0.516914)
     H    9    Vyy=   -0.6144    axis=( -0.126899  0.598408  0.791078)
     H    9    Vzz=    0.7238    axis=(  0.914395 -0.238510  0.327100)
     H    9  Q=         1.0000 1e-30 m^2  Cq=         1.7006 MHz  eta= 0.69783

     C   10    Vxx=    0.0234    axis=(  0.267874 -0.690218  0.672192)
     C   10    Vyy=    0.3418    axis=(  0.424801 -0.541597 -0.725408)
     C   10    Vzz=   -0.3652    axis=( -0.864747 -0.479866 -0.148125)
     C   10  Q=         1.0000 1e-30 m^2  Cq=        -0.8581 MHz  eta= 0.87164

     C   11    Vxx=    0.1736    axis=( -0.707848  0.158112  0.688441)
     C   11    Vyy=    0.4784    axis=(  0.500076  0.800507  0.330323)
     C   11    Vzz=   -0.6521    axis=( -0.498874  0.578091 -0.645706)
     C   11  Q=         1.0000 1e-30 m^2  Cq=        -1.5322 MHz  eta= 0.46743

     Cl  12    Vxx=    0.6348    axis=( -0.566287  0.664238 -0.487962)
     Cl  12    Vyy=    0.8825    axis=( -0.823952 -0.441481  0.355242)
     Cl  12    Vzz=   -1.5172    axis=(  0.020539  0.603226  0.797306)
     Cl  12  Q=        -8.1650 1e-30 m^2  Cq=        29.1075 MHz  eta= 0.16327

     H   13    Vxx=   -0.0867    axis=( -0.929930 -0.179714  0.320832)
     H   13    Vyy=   -0.6214    axis=( -0.354601  0.669328 -0.652885)
     H   13    Vzz=    0.7081    axis=( -0.097409 -0.720904 -0.686155)
     H   13  Q=         1.0000 1e-30 m^2  Cq=         1.6638 MHz  eta= 0.75518

     C   14    Vxx=   -0.1460    axis=( -0.642819 -0.198384  0.739883)
     C   14    Vyy=   -0.5766    axis=(  0.510143  0.609662  0.606685)
     C   14    Vzz=    0.7226    axis=(  0.571435 -0.767435  0.290698)
     C   14  Q=         1.0000 1e-30 m^2  Cq=         1.6979 MHz  eta= 0.59582

     H   15    Vxx=   -0.0543    axis=(  0.368377  0.497029 -0.785659)
     H   15    Vyy=   -0.6320    axis=(  0.272944 -0.865668 -0.419668)
     H   15    Vzz=    0.6862    axis=( -0.888707 -0.059845 -0.454553)
     H   15  Q=         1.0000 1e-30 m^2  Cq=         1.6124 MHz  eta= 0.84188

     C   16    Vxx=   -0.0959    axis=( -0.168390 -0.365980  0.915261)
     C   16    Vyy=   -0.9151    axis=( -0.985711  0.058517 -0.157952)
     C   16    Vzz=    1.0110    axis=(  0.004249 -0.928781 -0.370605)
     C   16  Q=         1.0000 1e-30 m^2  Cq=         2.3754 MHz  eta= 0.81027

     C   17    Vxx=   -0.0660    axis=( -0.425802  0.782326  0.454598)
     C   17    Vyy=   -0.3958    axis=(  0.518265  0.622712 -0.586200)
     C   17    Vzz=    0.4618    axis=( -0.741683 -0.014003 -0.670604)
     C   17  Q=         1.0000 1e-30 m^2  Cq=         1.0850 MHz  eta= 0.71405

     Cl  18    Vxx=   -0.0580    axis=( -0.370452  0.719658  0.587246)
     Cl  18    Vyy=   -0.4140    axis=(  0.620477  0.662207 -0.420107)
     Cl  18    Vzz=    0.4720    axis=( -0.691212  0.208743 -0.691847)
     Cl  18  Q=        -8.1650 1e-30 m^2  Cq=        -9.0553 MHz  eta= 0.75403

     H   19    Vxx=    0.0458    axis=(  0.734742 -0.314881 -0.600836)
     H   19    Vyy=    0.6046    axis=( -0.017236  0.876784 -0.480575)
     H   19    Vzz=   -0.6504    axis=(  0.678128  0.363455  0.638783)
     H   19  Q=         1.0000 1e-30 m^2  Cq=        -1.5281 MHz  eta= 0.85926

     C   20    Vxx=   -0.0402    axis=(  0.218930  0.093218  0.971278)
     C   20    Vyy=   -0.1570    axis=( -0.959448 -0.160579  0.231675)
     C   20    Vzz=    0.1972    axis=(  0.177563 -0.982611  0.054282)
     C   20  Q=         1.0000 1e-30 m^2  Cq=         0.4633 MHz  eta= 0.59263

     H   21    Vxx=   -0.0535    axis=(  0.218245  0.905985  0.362713)
     H   21    Vyy=   -0.6848    axis=( -0.670660 -0.130759  0.730149)
     H   21    Vzz=    0.7383    axis=(  0.708931 -0.402608  0.579071)
     H   21  Q=         1.0000 1e-30 m^2  Cq=         1.7348 MHz  eta= 0.85511

     C   22    Vxx=   -0.2014    axis=(  0.379555  0.499254  0.778899)
     C   22    Vyy=   -0.6025    axis=( -0.562412  0.792989 -0.234224)
     C   22    Vzz=    0.8039    axis=( -0.734595 -0.349161  0.581770)
     C   22  Q=         1.0000 1e-30 m^2  Cq=         1.8888 MHz  eta= 0.49896

     C   23    Vxx=   -0.1625    axis=( -0.299430  0.839297  0.453787)
     C   23    Vyy=   -0.6578    axis=(  0.947766  0.206850  0.242803)
     C   23    Vzz=    0.8203    axis=( -0.109918 -0.502786  0.857394)
     C   23  Q=         1.0000 1e-30 m^2  Cq=         1.9273 MHz  eta= 0.60390

     Cl  24    Vxx=    0.3066    axis=(  0.467305  0.208961  0.859047)
     Cl  24    Vyy=    0.8985    axis=( -0.648492 -0.579406  0.493706)
     Cl  24    Vzz=   -1.2051    axis=(  0.600903 -0.787797 -0.135250)
     Cl  24  Q=        -8.1650 1e-30 m^2  Cq=        23.1189 MHz  eta= 0.49121

     Initialization:
     gipaw_setup  :      9.28s CPU     10.96s WALL (       1 calls)

     Linear response

     Apply operators

     Induced current

     Other routines
     efg          :      9.84s CPU     12.23s WALL (       1 calls)

     General routines
     calbec       :      3.25s CPU      4.35s WALL (      16 calls)
     fft          :      1.53s CPU      2.15s WALL (      15 calls)
     ffts         :      0.04s CPU      0.05s WALL (       2 calls)
     fftw         :      3.70s CPU      4.40s WALL (     672 calls)
     davcio       :      0.08s CPU      0.34s WALL (      32 calls)

     Parallel routines
     fft_scatter  :      2.30s CPU      3.49s WALL (     689 calls)

     Plugins

     GIPAW        :     63.19s CPU     75.52s WALL (       1 calls)
