
     Program QE v.6.0 (svn rev. 13079) starts on  2Jan2017 at  5:42:27 

     This program is part of the open-source Quantum ESPRESSO suite
     for quantum simulation of materials; please cite
         "P. Giannozzi et al., J. Phys.:Condens. Matter 21 395502 (2009);
          URL http://www.quantum-espresso.org", 
     in publications or presentations arising from this work. More details at
     http://www.quantum-espresso.org/quote

     Parallel version (MPI), running on     8 processors
     R & G space division:  proc/nbgrp/npool/nimage =       8

     ***** This is GIPAW svn revision unknown      *****

     Parallelizing q-star over 1 images

     Reading data from directory:
     /users/majewski/paradichlorobenzene/pbe/9_constraint/scratch/pbe.ecut100.np8.dt60.pcl2phi-129368.save
     Message from routine read_xml_file:
     file /users/majewski/paradichlorobenzene/pbe/9_constraint/scratch/pbe.ecut100.np8.dt60.pcl2phi-129368.save not guaranteed to be safe for post-processing

   Info: using nr1, nr2, nr3 values from input

   Info: using nr1, nr2, nr3 values from input

     IMPORTANT: XC functional enforced from input :
     Exchange-correlation      =  SLA  PW   PBX  PBC ( 1  4  3  4 0 0)
     Any further DFT definition will be discarded
     Please, verify this is what you really want

               file C.pbe-n-kjpaw_psl.1.0.0.UPF: wavefunction(s)  2S 2P renormalized
               file Cl.pbe-n-kjpaw_psl.1.0.0.UPF: wavefunction(s)  3S 3P renormalized
               file H.pbe-kjpaw_psl.1.0.0.UPF: wavefunction(s)  1S renormalized

     Parallelization info
     --------------------
     sticks:   dense  smooth     PW     G-vecs:    dense   smooth      PW
     Min        3057    1223    332               144436    36536    5170
     Max        3059    1225    333               144437    36537    5171
     Sum       24467    9791   2657              1155489   292295   41363


     Subspace diagonalization in iterative solution of the eigenvalue problem:
     a serial algorithm will be used

     GIPAW projectors -----------------------------------------------
     atom=  C    l=0  rc=    1.2000  rs=    0.8000
     atom=  C    l=0  rc=    1.2000  rs=    0.8000
     atom=  C    l=1  rc=    1.4000  rs=    0.9333
     atom=  C    l=1  rc=    1.4000  rs=    0.9333
     projs nearly linearly dependent: l=1  n1,n2= 1, 2  s=  0.99951561

     atom=  Cl   l=0  rc=    1.6000  rs=    1.0667
     atom=  Cl   l=0  rc=    1.6000  rs=    1.0667
     atom=  Cl   l=1  rc=    1.6000  rs=    1.0667
     atom=  Cl   l=1  rc=    1.6000  rs=    1.0667
     atom=  Cl   l=2  rc=    1.6000  rs=    1.0667
     atom=  Cl   l=2  rc=    1.6000  rs=    1.0667
     projs nearly linearly dependent: l=2  n1,n2= 1, 2  s=  0.99993509

     atom=  H    l=0  rc=    1.0000  rs=    0.6667
     atom=  H    l=0  rc=    1.0000  rs=    0.6667
     projs nearly linearly dependent: l=0  n1,n2= 1, 2  s=  0.99968852
     -----------------------------------------------------------------

     GIPAW integrals: -------------------------------------------
     Atom  i/j   nmr_para   nmr_dia   epr_rmc  epr_para   epr_dia
       C   1 1   0.83E+03  0.17E-01  0.93E+01  0.24E+08  0.24E+03
       C   2 1   0.86E+03 -0.61E-01  0.94E+01  0.25E+08  0.25E+03
       C   2 2   0.90E+03 -0.15E+00  0.97E+01  0.26E+08  0.26E+03
       C   3 3   0.33E+01  0.34E+00  0.18E+01  0.55E+03  0.21E+02
       C   4 3   0.35E+01  0.37E+00  0.20E+01  0.59E+03  0.22E+02
       C   4 4   0.38E+01  0.39E+00  0.22E+01  0.63E+03  0.24E+02
       Cl  1 1   0.14E+04 -0.47E+00  0.84E+01  0.32E+09  0.42E+03
       Cl  2 1   0.21E+04 -0.37E+00  0.12E+02  0.49E+09  0.65E+03
       Cl  2 2   0.33E+04 -0.16E+00  0.21E+02  0.76E+09  0.10E+04
       Cl  3 3   0.21E+02  0.79E-01  0.89E+01  0.23E+05  0.13E+03
       Cl  4 3   0.24E+02  0.67E-01  0.99E+01  0.27E+05  0.15E+03
       Cl  4 4   0.28E+02  0.44E-01  0.11E+02  0.32E+05  0.18E+03
       Cl  5 5   0.77E+00  0.19E+00  0.18E+01  0.12E+03  0.22E+02
       Cl  6 5   0.80E+00  0.19E+00  0.19E+01  0.12E+03  0.23E+02
       Cl  6 6   0.83E+00  0.20E+00  0.19E+01  0.12E+03  0.23E+02
       H   1 1   0.39E+02  0.19E+00  0.29E+00  0.78E+05  0.13E+02
       H   2 1   0.41E+02  0.21E+00  0.32E+00  0.82E+05  0.14E+02
       H   2 2   0.43E+02  0.22E+00  0.36E+00  0.86E+05  0.15E+02
     ------------------------------------------------------------

     alpha_pv=     33.9964 eV

     Number of occupied bands for each k-point:
     k-point:     1    nbnd_occ=  42
     k-point:     2    nbnd_occ=  42
     k-point:     3    nbnd_occ=  42
     k-point:     4    nbnd_occ=  42
     k-point:     5    nbnd_occ=  42
     k-point:     6    nbnd_occ=  42
     k-point:     7    nbnd_occ=  42
     k-point:     8    nbnd_occ=  42
     k-point:     9    nbnd_occ=  42
     k-point:    10    nbnd_occ=  42
     k-point:    11    nbnd_occ=  42
     k-point:    12    nbnd_occ=  42
     k-point:    13    nbnd_occ=  42
     k-point:    14    nbnd_occ=  42
     k-point:    15    nbnd_occ=  42
     k-point:    16    nbnd_occ=  42


     q-space interpolation up to   110.00 Rydberg

     GIPAW job: efg                                                                             


     ELECTRIC FIELD GRADIENTS TENSORS IN Hartree/bohrradius^2:

     ----- bare term -----
     Cl   1        0.096279       -0.023646       -0.022027
     Cl   1       -0.023646       -0.007138       -0.001763
     Cl   1       -0.022027       -0.001763       -0.089141

     C    2       -0.057517        0.373068       -0.254497
     C    2        0.373068       -0.256067       -0.474148
     C    2       -0.254497       -0.474148        0.313585

     C    3       -0.060300        0.077261       -0.372480
     C    3        0.077261       -0.178169       -0.491869
     C    3       -0.372480       -0.491869        0.238469

     H    4       -0.319709       -0.314395       -0.539792
     H    4       -0.314395        0.279179       -0.286942
     H    4       -0.539792       -0.286942        0.040530

     C    5       -0.242846        0.362611       -0.095826
     C    5        0.362611       -0.263524       -0.426369
     C    5       -0.095826       -0.426369        0.506369

     H    6        0.174453       -0.091476       -0.426396
     H    6       -0.091476       -0.040833       -0.420543
     H    6       -0.426396       -0.420543       -0.133620

     H    7        0.347136        0.144255       -0.167500
     H    7        0.144255       -0.318880        0.550745
     H    7       -0.167500        0.550745       -0.028256

     C    8       -0.234975       -0.356101       -0.141364
     C    8       -0.356101       -0.262602        0.415381
     C    8       -0.141364        0.415381        0.497578

     H    9       -0.511445        0.504510       -0.212362
     H    9        0.504510        0.168033        0.085375
     H    9       -0.212362        0.085375        0.343412

     C   10       -0.273774       -0.232305       -0.318577
     C   10       -0.232305       -0.056083        0.376991
     C   10       -0.318577        0.376991        0.329856

     C   11       -0.037696       -0.248060       -0.153878
     C   11       -0.248060       -0.317865        0.482211
     C   11       -0.153878        0.482211        0.355561

     Cl  12        0.027038       -0.031233       -0.060491
     Cl  12       -0.031233        0.017398        0.040356
     Cl  12       -0.060491        0.040356       -0.044437

     H   13        0.380496        0.031464       -0.052569
     H   13        0.031464       -0.618760       -0.358007
     H   13       -0.052569       -0.358007        0.238263

     C   14       -0.230111       -0.014332       -0.448317
     C   14       -0.014332       -0.052963       -0.445559
     C   14       -0.448317       -0.445559        0.283074

     H   15       -0.394956       -0.306499       -0.467419
     H   15       -0.306499        0.145041       -0.090721
     H   15       -0.467419       -0.090721        0.249915

     C   16        0.043635        0.530824        0.123943
     C   16        0.530824       -0.537775       -0.513320
     C   16        0.123943       -0.513320        0.494140

     C   17       -0.322906       -0.110789       -0.309518
     C   17       -0.110789       -0.072782       -0.494740
     C   17       -0.309518       -0.494740        0.395688

     Cl  18        0.076239        0.113569        0.083305
     Cl  18        0.113569        0.017751        0.271649
     Cl  18        0.083305        0.271649       -0.093990

     H   19        0.289124        0.028242       -0.202128
     H   19        0.028242       -0.355352        0.512115
     H   19       -0.202128        0.512115        0.066228

     C   20       -0.614620       -0.222255       -0.387601
     C   20       -0.222255        0.069864        0.236110
     C   20       -0.387601        0.236110        0.544756

     H   21       -0.520389        0.255064       -0.244401
     H   21        0.255064        0.386308        0.185630
     H   21       -0.244401        0.185630        0.134081

     C   22       -0.072492       -0.396029        0.016970
     C   22       -0.396029       -0.554624        0.477713
     C   22        0.016970        0.477713        0.627116

     C   23       -0.603410       -0.027976       -0.258503
     C   23       -0.027976       -0.001356        0.268006
     C   23       -0.258503        0.268006        0.604766

     Cl  24       -0.061645       -0.049426        0.046050
     Cl  24       -0.049426       -0.031826       -0.054187
     Cl  24        0.046050       -0.054187        0.093471

     ----- ionic term -----
     Cl   1        0.136823       -0.236005        0.009387
     Cl   1       -0.236005        0.021474       -0.004664
     Cl   1        0.009387       -0.004664       -0.158297

     C    2        0.236273       -0.181926        0.237858
     C    2       -0.181926        0.090901        0.389159
     C    2        0.237858        0.389159       -0.327175

     C    3        0.122888       -0.180738        0.145934
     C    3       -0.180738        0.120862        0.445858
     C    3        0.145934        0.445858       -0.243750

     H    4        0.411292        0.354097        0.688053
     H    4        0.354097       -0.389164        0.337292
     H    4        0.688053        0.337292       -0.022128

     C    5        0.343657       -0.075007        0.254730
     C    5       -0.075007       -0.062654        0.343596
     C    5        0.254730        0.343596       -0.281003

     H    6       -0.459980        0.226154        0.170523
     H    6        0.226154        0.465259        0.755469
     H    6        0.170523        0.755469       -0.005279

     H    7       -0.487639       -0.094448        0.076033
     H    7       -0.094448        0.648708       -0.715256
     H    7        0.076033       -0.715256       -0.161069

     C    8        0.424859        0.148304        0.223780
     C    8        0.148304       -0.006485       -0.310294
     C    8        0.223780       -0.310294       -0.418374

     H    9        0.695472       -0.462768        0.488847
     H    9       -0.462768       -0.348054       -0.252035
     H    9        0.488847       -0.252035       -0.347418

     C   10        0.211527        0.163923        0.128496
     C   10        0.163923        0.169908       -0.396265
     C   10        0.128496       -0.396265       -0.381435

     C   11        0.234034        0.156949        0.212447
     C   11        0.156949        0.114931       -0.404253
     C   11        0.212447       -0.404253       -0.348965

     Cl  12        0.132920        0.216222       -0.021672
     Cl  12        0.216222        0.010303       -0.015965
     Cl  12       -0.021672       -0.015965       -0.143223

     H   13       -0.512550        0.149034        0.088091
     H   13        0.149034        0.788995        0.638358
     H   13        0.088091        0.638358       -0.276445

     C   14        0.296289       -0.168157        0.201278
     C   14       -0.168157        0.089596        0.312370
     C   14        0.201278        0.312370       -0.385886

     H   15        0.645631        0.410950        0.566497
     H   15        0.410950       -0.353796        0.286420
     H   15        0.566497        0.286420       -0.291835

     C   16        0.150503       -0.259762        0.090678
     C   16       -0.259762        0.167183        0.445581
     C   16        0.090678        0.445581       -0.317686

     C   17        0.306564       -0.137343        0.147069
     C   17       -0.137343       -0.032489        0.451422
     C   17        0.147069        0.451422       -0.274075

     Cl  18        0.206387       -0.174564       -0.047089
     Cl  18       -0.174564       -0.088926        0.029355
     Cl  18       -0.047089        0.029355       -0.117461

     H   19       -0.488518       -0.195617        0.168034
     H   19       -0.195617        0.392804       -0.795406
     H   19        0.168034       -0.795406        0.095714

     C   20        0.333058        0.161971        0.238588
     C   20        0.161971       -0.018355       -0.336435
     C   20        0.238588       -0.336435       -0.314703

     H   21        0.713040       -0.323582        0.610357
     H   21       -0.323582       -0.426655       -0.223509
     H   21        0.610357       -0.223509       -0.286384

     C   22        0.199260        0.249112        0.129940
     C   22        0.249112        0.134547       -0.406017
     C   22        0.129940       -0.406017       -0.333806

     C   23        0.260382        0.147697        0.207534
     C   23        0.147697        0.088596       -0.397402
     C   23        0.207534       -0.397402       -0.348978

     Cl  24        0.109869        0.213462        0.001337
     Cl  24        0.213462        0.034836       -0.008331
     Cl  24        0.001337       -0.008331       -0.144705

     ----- GIPAW term -----
     Cl   1        2.122667       -2.196885       -0.166937
     Cl   1       -2.196885       -0.062130       -0.032417
     Cl   1       -0.166937       -0.032417       -2.060537

     C    2        0.193519        0.003724       -0.110133
     C    2        0.003724       -0.109638       -0.079202
     C    2       -0.110133       -0.079202       -0.083881

     C    3        0.120561        0.003546       -0.085690
     C    3        0.003546       -0.073743       -0.077932
     C    3       -0.085690       -0.077932       -0.046817

     H    4       -0.000000        0.000000        0.000000
     H    4        0.000000        0.000000        0.000000
     H    4        0.000000        0.000000        0.000000

     C    5       -0.010440        0.050871        0.082940
     C    5        0.050871       -0.129435       -0.104696
     C    5        0.082940       -0.104696        0.139875

     H    6       -0.000000        0.000000        0.000000
     H    6        0.000000        0.000000        0.000000
     H    6        0.000000        0.000000        0.000000

     H    7       -0.000000        0.000000        0.000000
     H    7        0.000000        0.000000        0.000000
     H    7        0.000000        0.000000        0.000000

     C    8       -0.011180       -0.070593        0.052402
     C    8       -0.070593       -0.120873        0.079964
     C    8        0.052402        0.079964        0.132053

     H    9       -0.000000        0.000000        0.000000
     H    9        0.000000        0.000000        0.000000
     H    9        0.000000        0.000000        0.000000

     C   10       -0.001996       -0.087090       -0.026084
     C   10       -0.087090       -0.006652        0.025813
     C   10       -0.026084        0.025813        0.008648

     C   11        0.098176        0.039776        0.047181
     C   11        0.039776       -0.081814        0.033989
     C   11        0.047181        0.033989       -0.016362

     Cl  12        1.633629        1.897899       -0.509086
     Cl  12        1.897899        0.156305        0.316585
     Cl  12       -0.509086        0.316585       -1.789934

     H   13       -0.000000        0.000000        0.000000
     H   13        0.000000        0.000000        0.000000
     H   13        0.000000        0.000000        0.000000

     C   14        0.086454       -0.059855       -0.067985
     C   14       -0.059855       -0.068485       -0.091200
     C   14       -0.067985       -0.091200       -0.017969

     H   15       -0.000000        0.000000        0.000000
     H   15        0.000000        0.000000        0.000000
     H   15        0.000000        0.000000        0.000000

     C   16        0.112564        0.073069        0.177545
     C   16        0.073069       -0.180577       -0.066869
     C   16        0.177545       -0.066869        0.068012

     C   17       -0.022303       -0.153651        0.027940
     C   17       -0.153651       -0.073862       -0.085591
     C   17        0.027940       -0.085591        0.096165

     Cl  18       -0.415472       -0.186793       -0.648011
     Cl  18       -0.186793       -0.192303       -1.190328
     Cl  18       -0.648011       -1.190328        0.607775

     H   19       -0.000000        0.000000        0.000000
     H   19        0.000000        0.000000        0.000000
     H   19        0.000000        0.000000        0.000000

     C   20       -0.136894       -0.045929       -0.015896
     C   20       -0.045929       -0.019428       -0.017675
     C   20       -0.015896       -0.017675        0.156322

     H   21       -0.000000        0.000000        0.000000
     H   21        0.000000        0.000000        0.000000
     H   21        0.000000        0.000000        0.000000

     C   22       -0.077430       -0.067553        0.090337
     C   22       -0.067553       -0.177395        0.012478
     C   22        0.090337        0.012478        0.254825

     C   23       -0.162996        0.081230        0.003267
     C   23        0.081230       -0.113199       -0.026573
     C   23        0.003267       -0.026573        0.276196

     Cl  24       -0.449761        1.012816        0.883842
     Cl  24        1.012816       -0.696788       -1.733726
     Cl  24        0.883842       -1.733726        1.146549

     ----- total EFG -----
     Cl   1        2.355770       -2.456535       -0.179578
     Cl   1       -2.456535       -0.047794       -0.038843
     Cl   1       -0.179578       -0.038843       -2.307975

     C    2        0.372274        0.194866       -0.126772
     C    2        0.194866       -0.274804       -0.164191
     C    2       -0.126772       -0.164191       -0.097471

     C    3        0.183149       -0.099931       -0.312236
     C    3       -0.099931       -0.131050       -0.123944
     C    3       -0.312236       -0.123944       -0.052098

     H    4        0.091583        0.039701        0.148261
     H    4        0.039701       -0.109985        0.050350
     H    4        0.148261        0.050350        0.018402

     C    5        0.090372        0.338476        0.241844
     C    5        0.338476       -0.455612       -0.187468
     C    5        0.241844       -0.187468        0.365241

     H    6       -0.285527        0.134678       -0.255873
     H    6        0.134678        0.424426        0.334926
     H    6       -0.255873        0.334926       -0.138899

     H    7       -0.140503        0.049807       -0.091466
     H    7        0.049807        0.329828       -0.164511
     H    7       -0.091466       -0.164511       -0.189324

     C    8        0.178703       -0.278391        0.134818
     C    8       -0.278391       -0.389960        0.185050
     C    8        0.134818        0.185050        0.211257

     H    9        0.184027        0.041743        0.276485
     H    9        0.041743       -0.180021       -0.166661
     H    9        0.276485       -0.166661       -0.004006

     C   10       -0.064242       -0.155472       -0.216165
     C   10       -0.155472        0.107173        0.006538
     C   10       -0.216165        0.006538       -0.042931

     C   11        0.294514       -0.051334        0.105750
     C   11       -0.051334       -0.284747        0.111948
     C   11        0.105750        0.111948       -0.009766

     Cl  12        1.793587        2.082888       -0.591249
     Cl  12        2.082888        0.184007        0.340977
     Cl  12       -0.591249        0.340977       -1.977594

     H   13       -0.132054        0.180498        0.035522
     H   13        0.180498        0.170236        0.280351
     H   13        0.035522        0.280351       -0.038182

     C   14        0.152633       -0.242344       -0.315024
     C   14       -0.242344       -0.031852       -0.224389
     C   14       -0.315024       -0.224389       -0.120781

     H   15        0.250675        0.104452        0.099078
     H   15        0.104452       -0.208755        0.195698
     H   15        0.099078        0.195698       -0.041920

     C   16        0.306702        0.344131        0.392167
     C   16        0.344131       -0.551169       -0.134608
     C   16        0.392167       -0.134608        0.244466

     C   17       -0.038645       -0.401783       -0.134510
     C   17       -0.401783       -0.179133       -0.128909
     C   17       -0.134510       -0.128909        0.217778

     Cl  18       -0.132846       -0.247787       -0.611795
     Cl  18       -0.247787       -0.263478       -0.889324
     Cl  18       -0.611795       -0.889324        0.396324

     H   19       -0.199393       -0.167375       -0.034094
     H   19       -0.167375        0.037452       -0.283291
     H   19       -0.034094       -0.283291        0.161941

     C   20       -0.418456       -0.106213       -0.164909
     C   20       -0.106213        0.032081       -0.118001
     C   20       -0.164909       -0.118001        0.386375

     H   21        0.192650       -0.068518        0.365956
     H   21       -0.068518       -0.040348       -0.037879
     H   21        0.365956       -0.037879       -0.152303

     C   22        0.049338       -0.214471        0.237246
     C   22       -0.214471       -0.597472        0.084174
     C   22        0.237246        0.084174        0.548135

     C   23       -0.506024        0.200951       -0.047702
     C   23        0.200951       -0.025960       -0.155969
     C   23       -0.047702       -0.155969        0.531984

     Cl  24       -0.401537        1.176852        0.931229
     Cl  24        1.176852       -0.693778       -1.796243
     Cl  24        0.931229       -1.796243        1.095315

     ----- total EFG (symmetrized) -----
     Cl   1        2.355770       -2.456535       -0.179578
     Cl   1       -2.456535       -0.047794       -0.038843
     Cl   1       -0.179578       -0.038843       -2.307975

     C    2        0.372274        0.194866       -0.126772
     C    2        0.194866       -0.274804       -0.164191
     C    2       -0.126772       -0.164191       -0.097471

     C    3        0.183149       -0.099931       -0.312236
     C    3       -0.099931       -0.131050       -0.123944
     C    3       -0.312236       -0.123944       -0.052098

     H    4        0.091583        0.039701        0.148261
     H    4        0.039701       -0.109985        0.050350
     H    4        0.148261        0.050350        0.018402

     C    5        0.090372        0.338476        0.241844
     C    5        0.338476       -0.455612       -0.187468
     C    5        0.241844       -0.187468        0.365241

     H    6       -0.285527        0.134678       -0.255873
     H    6        0.134678        0.424426        0.334926
     H    6       -0.255873        0.334926       -0.138899

     H    7       -0.140503        0.049807       -0.091466
     H    7        0.049807        0.329828       -0.164511
     H    7       -0.091466       -0.164511       -0.189324

     C    8        0.178703       -0.278391        0.134818
     C    8       -0.278391       -0.389960        0.185050
     C    8        0.134818        0.185050        0.211257

     H    9        0.184027        0.041743        0.276485
     H    9        0.041743       -0.180021       -0.166661
     H    9        0.276485       -0.166661       -0.004006

     C   10       -0.064242       -0.155472       -0.216165
     C   10       -0.155472        0.107173        0.006538
     C   10       -0.216165        0.006538       -0.042931

     C   11        0.294514       -0.051334        0.105750
     C   11       -0.051334       -0.284747        0.111948
     C   11        0.105750        0.111948       -0.009766

     Cl  12        1.793587        2.082888       -0.591249
     Cl  12        2.082888        0.184007        0.340977
     Cl  12       -0.591249        0.340977       -1.977594

     H   13       -0.132054        0.180498        0.035522
     H   13        0.180498        0.170236        0.280351
     H   13        0.035522        0.280351       -0.038182

     C   14        0.152633       -0.242344       -0.315024
     C   14       -0.242344       -0.031852       -0.224389
     C   14       -0.315024       -0.224389       -0.120781

     H   15        0.250675        0.104452        0.099078
     H   15        0.104452       -0.208755        0.195698
     H   15        0.099078        0.195698       -0.041920

     C   16        0.306702        0.344131        0.392167
     C   16        0.344131       -0.551169       -0.134608
     C   16        0.392167       -0.134608        0.244466

     C   17       -0.038645       -0.401783       -0.134510
     C   17       -0.401783       -0.179133       -0.128909
     C   17       -0.134510       -0.128909        0.217778

     Cl  18       -0.132846       -0.247787       -0.611795
     Cl  18       -0.247787       -0.263478       -0.889324
     Cl  18       -0.611795       -0.889324        0.396324

     H   19       -0.199393       -0.167375       -0.034094
     H   19       -0.167375        0.037452       -0.283291
     H   19       -0.034094       -0.283291        0.161941

     C   20       -0.418456       -0.106213       -0.164909
     C   20       -0.106213        0.032081       -0.118001
     C   20       -0.164909       -0.118001        0.386375

     H   21        0.192650       -0.068518        0.365956
     H   21       -0.068518       -0.040348       -0.037879
     H   21        0.365956       -0.037879       -0.152303

     C   22        0.049338       -0.214471        0.237246
     C   22       -0.214471       -0.597472        0.084174
     C   22        0.237246        0.084174        0.548135

     C   23       -0.506024        0.200951       -0.047702
     C   23        0.200951       -0.025960       -0.155969
     C   23       -0.047702       -0.155969        0.531984

     Cl  24       -0.401537        1.176852        0.931229
     Cl  24        1.176852       -0.693778       -1.796243
     Cl  24        0.931229       -1.796243        1.095315


     NQR/NMR SPECTROSCOPIC PARAMETERS:
     Cl   1    Vxx=   -1.5590    axis=( -0.518457 -0.838481  0.167786)
     Cl   1    Vyy=   -2.3326    axis=( -0.106565 -0.131332 -0.985594)
     Cl   1    Vzz=    3.8915    axis=(  0.848437 -0.528869 -0.021263)
     Cl   1  Q=        -8.1650 1e-30 m^2  Cq=       -74.6572 MHz  eta= 0.19879

     C    2    Vxx=   -0.0873    axis=(  0.383928 -0.349414  0.854698)
     C    2    Vyy=   -0.3889    axis=(  0.155264 -0.888027 -0.432783)
     C    2    Vzz=    0.4762    axis=( -0.910216 -0.298861  0.286687)
     C    2  Q=         1.0000 1e-30 m^2  Cq=         1.1188 MHz  eta= 0.63337

     C    3    Vxx=   -0.0269    axis=(  0.293927 -0.835107  0.464977)
     C    3    Vyy=   -0.3726    axis=(  0.482151  0.549579  0.682271)
     C    3    Vzz=    0.3995    axis=( -0.825311  0.023651  0.564183)
     C    3  Q=         1.0000 1e-30 m^2  Cq=         0.9386 MHz  eta= 0.86548

     H    4    Vxx=   -0.0906    axis=( -0.625691  0.422382  0.655823)
     H    4    Vyy=   -0.1289    axis=(  0.136735  0.887091 -0.440877)
     H    4    Vzz=    0.2195    axis=( -0.767994 -0.186179 -0.612799)
     H    4  Q=         1.0000 1e-30 m^2  Cq=         0.5158 MHz  eta= 0.17434

     C    5    Vxx=    0.1836    axis=(  0.732835  0.517551 -0.441694)
     C    5    Vyy=    0.5061    axis=( -0.510021 -0.011846 -0.860080)
     C    5    Vzz=   -0.6897    axis=( -0.450367  0.855571  0.255281)
     C    5  Q=         1.0000 1e-30 m^2  Cq=        -1.6206 MHz  eta= 0.46747

     H    6    Vxx=   -0.0015    axis=(  0.712479  0.280480 -0.643198)
     H    6    Vyy=   -0.5791    axis=(  0.701455 -0.308552  0.642461)
     H    6    Vzz=    0.5806    axis=( -0.018263 -0.908915 -0.416581)
     H    6  Q=         1.0000 1e-30 m^2  Cq=         1.3643 MHz  eta= 0.99477

     H    7    Vxx=   -0.1089    axis=(  0.858871 -0.262446 -0.439845)
     H    7    Vyy=   -0.2790    axis=(  0.492774  0.189178  0.849344)
     H    7    Vzz=    0.3879    axis=( -0.139698 -0.946221  0.291805)
     H    7  Q=         1.0000 1e-30 m^2  Cq=         0.9114 MHz  eta= 0.43863

     C    8    Vxx=    0.2301    axis=(  0.513949 -0.448900 -0.730989)
     C    8    Vyy=    0.3372    axis=( -0.769353  0.135686 -0.624248)
     C    8    Vzz=   -0.5673    axis=( -0.379410 -0.883220  0.275627)
     C    8  Q=         1.0000 1e-30 m^2  Cq=        -1.3329 MHz  eta= 0.18876

     H    9    Vxx=   -0.0359    axis=(  0.489209  0.716531 -0.497251)
     H    9    Vyy=   -0.3537    axis=( -0.373599  0.687339  0.622888)
     H    9    Vzz=    0.3896    axis=( -0.788098  0.118950 -0.603948)
     H    9  Q=         1.0000 1e-30 m^2  Cq=         0.9154 MHz  eta= 0.81590

     C   10    Vxx=    0.0415    axis=(  0.273857  0.712309 -0.646234)
     C   10    Vyy=    0.2592    axis=(  0.613569 -0.646821 -0.452941)
     C   10    Vzz=   -0.3007    axis=(  0.740632  0.272468  0.614187)
     C   10  Q=         1.0000 1e-30 m^2  Cq=        -0.7065 MHz  eta= 0.72419

     C   11    Vxx=    0.0080    axis=( -0.258257  0.384289  0.886355)
     C   11    Vyy=    0.3281    axis=( -0.956512  0.027068 -0.290434)
     C   11    Vzz=   -0.3360    axis=( -0.135603 -0.922816  0.360587)
     C   11  Q=         1.0000 1e-30 m^2  Cq=        -0.7895 MHz  eta= 0.95264

     Cl  12    Vxx=   -0.8994    axis=( -0.464295  0.738911  0.488304)
     Cl  12    Vyy=   -2.3392    axis=(  0.314880 -0.377598  0.870787)
     Cl  12    Vzz=    3.2387    axis=( -0.827817 -0.558059  0.057351)
     Cl  12  Q=        -8.1650 1e-30 m^2  Cq=       -62.1327 MHz  eta= 0.44456

     H   13    Vxx=   -0.1339    axis=(  0.774079  0.114542 -0.622641)
     H   13    Vyy=   -0.2836    axis=( -0.559071  0.585149 -0.587402)
     H   13    Vzz=    0.4176    axis=( -0.297056 -0.802796 -0.516988)
     H   13  Q=         1.0000 1e-30 m^2  Cq=         0.9811 MHz  eta= 0.35858

     C   14    Vxx=    0.1520    axis=( -0.036549  0.792036 -0.609379)
     C   14    Vyy=    0.3828    axis=( -0.864973  0.280321  0.416224)
     C   14    Vzz=   -0.5347    axis=(  0.500486  0.542309  0.674844)
     C   14  Q=         1.0000 1e-30 m^2  Cq=        -1.2564 MHz  eta= 0.43160

     H   15    Vxx=    0.0075    axis=(  0.494400 -0.439713 -0.749814)
     H   15    Vyy=    0.3325    axis=( -0.867189 -0.308647 -0.390793)
     H   15    Vzz=   -0.3400    axis=( -0.059591  0.843439 -0.533910)
     H   15  Q=         1.0000 1e-30 m^2  Cq=        -0.7989 MHz  eta= 0.95580

     C   16    Vxx=    0.0531    axis=( -0.511795 -0.453968  0.729369)
     C   16    Vyy=    0.6925    axis=(  0.765672  0.144011  0.626903)
     C   16    Vzz=   -0.7456    axis=(  0.389631 -0.879303 -0.273887)
     C   16  Q=         1.0000 1e-30 m^2  Cq=        -1.7518 MHz  eta= 0.85765

     C   17    Vxx=    0.2535    axis=(  0.163176 -0.417853  0.893741)
     C   17    Vyy=    0.3074    axis=( -0.759274  0.525256  0.384200)
     C   17    Vzz=   -0.5609    axis=( -0.629981 -0.741286 -0.231555)
     C   17  Q=         1.0000 1e-30 m^2  Cq=        -1.3178 MHz  eta= 0.09606

     Cl  18    Vxx=    0.0568    axis=(  0.819684 -0.572383 -0.022253)
     Cl  18    Vyy=    1.1319    axis=( -0.307218 -0.472078  0.826293)
     Cl  18    Vzz=   -1.1887    axis=( -0.483461 -0.670463 -0.562801)
     Cl  18  Q=        -8.1650 1e-30 m^2  Cq=        22.8041 MHz  eta= 0.90444

     H   19    Vxx=   -0.0496    axis=( -0.674934  0.491938  0.549965)
     H   19    Vyy=   -0.3511    axis=(  0.724829  0.581567  0.369328)
     H   19    Vzz=    0.4007    axis=(  0.138155 -0.647902  0.749090)
     H   19  Q=         1.0000 1e-30 m^2  Cq=         0.9414 MHz  eta= 0.75233

     C   20    Vxx=    0.0409    axis=(  0.284152 -0.940636 -0.185637)
     C   20    Vyy=    0.4420    axis=(  0.154720  0.236067 -0.959341)
     C   20    Vzz=   -0.4829    axis=(  0.946213  0.243876  0.212614)
     C   20  Q=         1.0000 1e-30 m^2  Cq=        -1.1346 MHz  eta= 0.83069

     H   21    Vxx=   -0.0531    axis=(  0.128791  0.986789  0.098284)
     H   21    Vyy=   -0.3845    axis=( -0.536659 -0.013988  0.843683)
     H   21    Vzz=    0.4375    axis=(  0.833912 -0.161404  0.527768)
     H   21  Q=         1.0000 1e-30 m^2  Cq=         1.0280 MHz  eta= 0.75744

     C   22    Vxx=    0.0380    axis=(  0.872688 -0.340822 -0.349651)
     C   22    Vyy=    0.6430    axis=(  0.371503 -0.001231  0.928431)
     C   22    Vzz=   -0.6810    axis=( -0.316860 -0.940127  0.125542)
     C   22  Q=         1.0000 1e-30 m^2  Cq=        -1.6001 MHz  eta= 0.88827

     C   23    Vxx=   -0.0026    axis=(  0.330671  0.897628  0.291413)
     C   23    Vyy=   -0.5791    axis=( -0.939153  0.343408  0.007885)
     C   23    Vzz=    0.5817    axis=( -0.092996 -0.276289  0.956565)
     C   23  Q=         1.0000 1e-30 m^2  Cq=         1.3667 MHz  eta= 0.99117

     Cl  24    Vxx=    0.5316    axis=(  0.839970  0.500935  0.208602)
     Cl  24    Vyy=    2.2218    axis=( -0.082830  0.498284 -0.863048)
     Cl  24    Vzz=   -2.7533    axis=( -0.536274  0.707656  0.460036)
     Cl  24  Q=        -8.1650 1e-30 m^2  Cq=        52.8212 MHz  eta= 0.61387

     Initialization:
     gipaw_setup  :      9.16s CPU     10.98s WALL (       1 calls)

     Linear response

     Apply operators

     Induced current

     Other routines
     efg          :      9.12s CPU     11.32s WALL (       1 calls)

     General routines
     calbec       :      3.12s CPU      4.06s WALL (      16 calls)
     fft          :      1.51s CPU      2.26s WALL (      15 calls)
     ffts         :      0.03s CPU      0.03s WALL (       2 calls)
     fftw         :      3.20s CPU      3.81s WALL (     672 calls)
     davcio       :      0.02s CPU      0.33s WALL (      32 calls)

     Parallel routines
     fft_scatter  :      2.16s CPU      3.22s WALL (     689 calls)

     Plugins

     GIPAW        :     59.88s CPU     76.60s WALL (       1 calls)
