
     Program QE v.6.0 (svn rev. 13079) starts on 21Dec2016 at 15: 2:54 

     This program is part of the open-source Quantum ESPRESSO suite
     for quantum simulation of materials; please cite
         "P. Giannozzi et al., J. Phys.:Condens. Matter 21 395502 (2009);
          URL http://www.quantum-espresso.org", 
     in publications or presentations arising from this work. More details at
     http://www.quantum-espresso.org/quote

     Parallel version (MPI), running on     8 processors
     R & G space division:  proc/nbgrp/npool/nimage =       8

     ***** This is GIPAW svn revision unknown      *****

     Parallelizing q-star over 1 images

     Reading data from directory:
     /users/majewski/paradichlorobenzene/pbe/9_constraint/scratch/pbe.ecut100.np8.dt60.pcl2phi-129368.save
     Message from routine read_xml_file:
     file /users/majewski/paradichlorobenzene/pbe/9_constraint/scratch/pbe.ecut100.np8.dt60.pcl2phi-129368.save not guaranteed to be safe for post-processing

   Info: using nr1, nr2, nr3 values from input

   Info: using nr1, nr2, nr3 values from input

     IMPORTANT: XC functional enforced from input :
     Exchange-correlation      =  SLA  PW   PBX  PBC ( 1  4  3  4 0 0)
     Any further DFT definition will be discarded
     Please, verify this is what you really want

               file C.pbe-n-kjpaw_psl.1.0.0.UPF: wavefunction(s)  2S 2P renormalized
               file Cl.pbe-n-kjpaw_psl.1.0.0.UPF: wavefunction(s)  3S 3P renormalized
               file H.pbe-kjpaw_psl.1.0.0.UPF: wavefunction(s)  1S renormalized

     Parallelization info
     --------------------
     sticks:   dense  smooth     PW     G-vecs:    dense   smooth      PW
     Min        3057    1223    332               144436    36536    5170
     Max        3059    1225    333               144437    36537    5171
     Sum       24467    9791   2657              1155489   292295   41363


     Subspace diagonalization in iterative solution of the eigenvalue problem:
     a serial algorithm will be used

     GIPAW projectors -----------------------------------------------
     atom=  C    l=0  rc=    1.2000  rs=    0.8000
     atom=  C    l=0  rc=    1.2000  rs=    0.8000
     atom=  C    l=1  rc=    1.4000  rs=    0.9333
     atom=  C    l=1  rc=    1.4000  rs=    0.9333
     projs nearly linearly dependent: l=1  n1,n2= 1, 2  s=  0.99951561

     atom=  Cl   l=0  rc=    1.6000  rs=    1.0667
     atom=  Cl   l=0  rc=    1.6000  rs=    1.0667
     atom=  Cl   l=1  rc=    1.6000  rs=    1.0667
     atom=  Cl   l=1  rc=    1.6000  rs=    1.0667
     atom=  Cl   l=2  rc=    1.6000  rs=    1.0667
     atom=  Cl   l=2  rc=    1.6000  rs=    1.0667
     projs nearly linearly dependent: l=2  n1,n2= 1, 2  s=  0.99993509

     atom=  H    l=0  rc=    1.0000  rs=    0.6667
     atom=  H    l=0  rc=    1.0000  rs=    0.6667
     projs nearly linearly dependent: l=0  n1,n2= 1, 2  s=  0.99968852
     -----------------------------------------------------------------

     GIPAW integrals: -------------------------------------------
     Atom  i/j   nmr_para   nmr_dia   epr_rmc  epr_para   epr_dia
       C   1 1   0.83E+03  0.17E-01  0.93E+01  0.24E+08  0.24E+03
       C   2 1   0.86E+03 -0.61E-01  0.94E+01  0.25E+08  0.25E+03
       C   2 2   0.90E+03 -0.15E+00  0.97E+01  0.26E+08  0.26E+03
       C   3 3   0.33E+01  0.34E+00  0.18E+01  0.55E+03  0.21E+02
       C   4 3   0.35E+01  0.37E+00  0.20E+01  0.59E+03  0.22E+02
       C   4 4   0.38E+01  0.39E+00  0.22E+01  0.63E+03  0.24E+02
       Cl  1 1   0.14E+04 -0.47E+00  0.84E+01  0.32E+09  0.42E+03
       Cl  2 1   0.21E+04 -0.37E+00  0.12E+02  0.49E+09  0.65E+03
       Cl  2 2   0.33E+04 -0.16E+00  0.21E+02  0.76E+09  0.10E+04
       Cl  3 3   0.21E+02  0.79E-01  0.89E+01  0.23E+05  0.13E+03
       Cl  4 3   0.24E+02  0.67E-01  0.99E+01  0.27E+05  0.15E+03
       Cl  4 4   0.28E+02  0.44E-01  0.11E+02  0.32E+05  0.18E+03
       Cl  5 5   0.77E+00  0.19E+00  0.18E+01  0.12E+03  0.22E+02
       Cl  6 5   0.80E+00  0.19E+00  0.19E+01  0.12E+03  0.23E+02
       Cl  6 6   0.83E+00  0.20E+00  0.19E+01  0.12E+03  0.23E+02
       H   1 1   0.39E+02  0.19E+00  0.29E+00  0.78E+05  0.13E+02
       H   2 1   0.41E+02  0.21E+00  0.32E+00  0.82E+05  0.14E+02
       H   2 2   0.43E+02  0.22E+00  0.36E+00  0.86E+05  0.15E+02
     ------------------------------------------------------------

     alpha_pv=     33.6609 eV

     Number of occupied bands for each k-point:
     k-point:     1    nbnd_occ=  42
     k-point:     2    nbnd_occ=  42
     k-point:     3    nbnd_occ=  42
     k-point:     4    nbnd_occ=  42
     k-point:     5    nbnd_occ=  42
     k-point:     6    nbnd_occ=  42
     k-point:     7    nbnd_occ=  42
     k-point:     8    nbnd_occ=  42
     k-point:     9    nbnd_occ=  42
     k-point:    10    nbnd_occ=  42
     k-point:    11    nbnd_occ=  42
     k-point:    12    nbnd_occ=  42
     k-point:    13    nbnd_occ=  42
     k-point:    14    nbnd_occ=  42
     k-point:    15    nbnd_occ=  42
     k-point:    16    nbnd_occ=  42


     q-space interpolation up to   110.00 Rydberg

     GIPAW job: efg                                                                             


     ELECTRIC FIELD GRADIENTS TENSORS IN Hartree/bohrradius^2:

     ----- bare term -----
     Cl   1       -0.174477        0.197504        0.000012
     Cl   1        0.197504        0.160158        0.052876
     Cl   1        0.000012        0.052876        0.014319

     C    2       -0.014938       -0.141834       -0.361012
     C    2       -0.141834       -0.182610       -0.499722
     C    2       -0.361012       -0.499722        0.197548

     C    3       -0.531379        0.297071       -0.359010
     C    3        0.297071       -0.024374       -0.109484
     C    3       -0.359010       -0.109484        0.555753

     H    4        0.101301       -0.105502       -0.397877
     H    4       -0.105502        0.493179       -0.053309
     H    4       -0.397877       -0.053309       -0.594480

     C    5       -0.112872        0.054772       -0.238363
     C    5        0.054772       -0.347566       -0.253477
     C    5       -0.238363       -0.253477        0.460438

     H    6        0.391163        0.074358        0.222079
     H    6        0.074358       -0.041651       -0.557421
     H    6        0.222079       -0.557421       -0.349512

     H    7        0.378896        0.043936       -0.014324
     H    7        0.043936       -0.456666        0.573060
     H    7       -0.014324        0.573060        0.077770

     C    8       -0.701699       -0.325659       -0.304784
     C    8       -0.325659        0.309399        0.224390
     C    8       -0.304784        0.224390        0.392300

     H    9       -0.258836       -0.029528       -0.552397
     H    9       -0.029528        0.148572       -0.012070
     H    9       -0.552397       -0.012070        0.110265

     C   10       -0.016087        0.004869       -0.295789
     C   10        0.004869       -0.255567        0.514034
     C   10       -0.295789        0.514034        0.271655

     C   11       -0.470960       -0.308686       -0.276355
     C   11       -0.308686        0.084285        0.254291
     C   11       -0.276355        0.254291        0.386676

     Cl  12        0.021601       -0.036543       -0.087183
     Cl  12       -0.036543       -0.017629        0.029696
     Cl  12       -0.087183        0.029696       -0.003972

     H   13        0.541090        0.004318       -0.051312
     H   13        0.004318       -0.287003       -0.344726
     H   13       -0.051312       -0.344726       -0.254087

     C   14       -0.856991        0.374413       -0.340109
     C   14        0.374413        0.507727       -0.147595
     C   14       -0.340109       -0.147595        0.349264

     H   15        0.023166        0.066485       -0.499427
     H   15        0.066485       -0.010401        0.210687
     H   15       -0.499427        0.210687       -0.012765

     C   16        0.153355        0.185312       -0.095899
     C   16        0.185312       -0.120909       -0.586443
     C   16       -0.095899       -0.586443       -0.032446

     C   17       -0.662036        0.377215       -0.386155
     C   17        0.377215        0.343904       -0.083818
     C   17       -0.386155       -0.083818        0.318132

     Cl  18        0.032896        0.067945       -0.021764
     Cl  18        0.067945        0.024236        0.008818
     Cl  18       -0.021764        0.008818       -0.057132

     H   19        0.458850       -0.030397       -0.062095
     H   19       -0.030397       -0.786487       -0.033699
     H   19       -0.062095       -0.033699        0.327637

     C   20       -0.222173        0.048801       -0.316298
     C   20        0.048801        0.062507        0.552904
     C   20       -0.316298        0.552904        0.159666

     H   21       -0.354678        0.448296       -0.310460
     H   21        0.448296        0.044143        0.102173
     H   21       -0.310460        0.102173        0.310535

     C   22       -0.604549       -0.357918       -0.200319
     C   22       -0.357918        0.229483        0.334731
     C   22       -0.200319        0.334731        0.375065

     C   23       -0.046411        0.264858       -0.395476
     C   23        0.264858       -0.051565        0.657319
     C   23       -0.395476        0.657319        0.097976

     Cl  24       -0.232103       -0.232751       -0.026737
     Cl  24       -0.232751        0.181080        0.120087
     Cl  24       -0.026737        0.120087        0.051022

     ----- ionic term -----
     Cl   1        0.135540       -0.186151       -0.006712
     Cl   1       -0.186151       -0.005178        0.006405
     Cl   1       -0.006712        0.006405       -0.130362

     C    2        0.200324       -0.221223        0.300963
     C    2       -0.221223       -0.060895        0.396552
     C    2        0.300963        0.396552       -0.139429

     C    3        0.105601       -0.301572        0.216414
     C    3       -0.301572        0.036906        0.378901
     C    3        0.216414        0.378901       -0.142508

     H    4        0.456884        0.130049        0.813744
     H    4        0.130049       -0.556957        0.175124
     H    4        0.813744        0.175124        0.100073

     C    5        0.177437       -0.280507        0.310935
     C    5       -0.280507       -0.021236        0.296964
     C    5        0.310935        0.296964       -0.156202

     H    6       -0.533114       -0.052665        0.000716
     H    6       -0.052665        0.552064        0.758218
     H    6        0.000716        0.758218       -0.018949

     H    7       -0.498317        0.035845       -0.016681
     H    7        0.035845        0.667340       -0.690630
     H    7       -0.016681       -0.690630       -0.169023

     C    8        0.343985        0.207029        0.240656
     C    8        0.207029        0.013053       -0.322898
     C    8        0.240656       -0.322898       -0.357038

     H    9        0.406062       -0.217128        0.767080
     H    9       -0.217128       -0.435726       -0.248594
     H    9        0.767080       -0.248594        0.029664

     C   10        0.123386        0.271495        0.161701
     C   10        0.271495        0.211769       -0.400857
     C   10        0.161701       -0.400857       -0.335156

     C   11        0.126723        0.187826        0.235044
     C   11        0.187826        0.245514       -0.339393
     C   11        0.235044       -0.339393       -0.372238

     Cl  12        0.101843        0.216521        0.051366
     Cl  12        0.216521        0.040153        0.027904
     Cl  12        0.051366        0.027904       -0.141996

     H   13       -0.527961        0.062057        0.056204
     H   13        0.062057        0.473257        0.788151
     H   13        0.056204        0.788151        0.054704

     C   14        0.214741       -0.248280        0.316083
     C   14       -0.248280       -0.004732        0.296858
     C   14        0.316083        0.296858       -0.210009

     H   15        0.447331        0.196606        0.764280
     H   15        0.196606       -0.463451        0.227351
     H   15        0.764280        0.227351        0.016120

     C   16        0.030442       -0.281118        0.227424
     C   16       -0.281118        0.141321        0.439187
     C   16        0.227424        0.439187       -0.171763

     C   17        0.036327       -0.229366        0.360545
     C   17       -0.229366        0.055448        0.437325
     C   17        0.360545        0.437325       -0.091774

     Cl  18        0.105595       -0.221853        0.027131
     Cl  18       -0.221853        0.034221       -0.010567
     Cl  18        0.027131       -0.010567       -0.139816

     H   19       -0.508602       -0.033367        0.031686
     H   19       -0.033367        0.878021       -0.528152
     H   19        0.031686       -0.528152       -0.369419

     C   20        0.292724        0.196847        0.209556
     C   20        0.196847        0.134763       -0.244276
     C   20        0.209556       -0.244276       -0.427487

     H   21        0.686029       -0.254035        0.648214
     H   21       -0.254035       -0.453244       -0.203712
     H   21        0.648214       -0.203712       -0.232785

     C   22        0.212526        0.218769        0.191969
     C   22        0.218769        0.157595       -0.328940
     C   22        0.191969       -0.328940       -0.370121

     C   23        0.297929        0.111670        0.296462
     C   23        0.111670        0.042281       -0.367632
     C   23        0.296462       -0.367632       -0.340210

     Cl  24        0.166007        0.179043        0.000857
     Cl  24        0.179043       -0.019778       -0.011201
     Cl  24        0.000857       -0.011201       -0.146229

     ----- GIPAW term -----
     Cl   1        0.220401       -1.054309       -0.010096
     Cl   1       -1.054309        1.557868        0.518318
     Cl   1       -0.010096        0.518318       -1.778269

     C    2        0.000490       -0.181499       -0.076373
     C    2       -0.181499        0.064743        0.048976
     C    2       -0.076373        0.048976       -0.065233

     C    3       -0.204708        0.005566       -0.134633
     C    3        0.005566       -0.075221        0.086380
     C    3       -0.134633        0.086380        0.279929

     H    4       -0.000000        0.000000        0.000000
     H    4        0.000000        0.000000        0.000000
     H    4        0.000000        0.000000        0.000000

     C    5       -0.098925       -0.033551       -0.081166
     C    5       -0.033551       -0.152704        0.100195
     C    5       -0.081166        0.100195        0.251628

     H    6       -0.000000        0.000000        0.000000
     H    6        0.000000        0.000000        0.000000
     H    6        0.000000        0.000000        0.000000

     H    7       -0.000000        0.000000        0.000000
     H    7        0.000000        0.000000        0.000000
     H    7        0.000000        0.000000        0.000000

     C    8       -0.179971        0.035769       -0.029527
     C    8        0.035769        0.226934        0.019409
     C    8       -0.029527        0.019409       -0.046963

     H    9       -0.000000        0.000000        0.000000
     H    9        0.000000        0.000000        0.000000
     H    9        0.000000        0.000000        0.000000

     C   10       -0.064662        0.112733       -0.100032
     C   10        0.112733        0.075452       -0.042194
     C   10       -0.100032       -0.042194       -0.010790

     C   11       -0.017233        0.192323       -0.055005
     C   11        0.192323        0.130079       -0.006749
     C   11       -0.055005       -0.006749       -0.112846

     Cl  12       -0.218700        1.507360       -0.286743
     Cl  12        1.507360        1.797221        1.717153
     Cl  12       -0.286743        1.717153       -1.578521

     H   13       -0.000000        0.000000        0.000000
     H   13        0.000000        0.000000        0.000000
     H   13        0.000000        0.000000        0.000000

     C   14       -0.239547        0.035786       -0.030304
     C   14        0.035786        0.327395       -0.002238
     C   14       -0.030304       -0.002238       -0.087848

     H   15       -0.000000        0.000000        0.000000
     H   15        0.000000        0.000000        0.000000
     H   15        0.000000        0.000000        0.000000

     C   16       -0.081198        0.046850        0.002517
     C   16        0.046850        0.228734       -0.040340
     C   16        0.002517       -0.040340       -0.147536

     C   17       -0.143064        0.070467       -0.011822
     C   17        0.070467        0.244643        0.132664
     C   17       -0.011822        0.132664       -0.101579

     Cl  18        0.131170       -0.147001       -0.113361
     Cl  18       -0.147001        2.529858       -0.031079
     Cl  18       -0.113361       -0.031079       -2.661029

     H   19       -0.000000        0.000000        0.000000
     H   19        0.000000        0.000000        0.000000
     H   19        0.000000        0.000000        0.000000

     C   20       -0.105402        0.063508       -0.032214
     C   20        0.063508        0.207335        0.178265
     C   20       -0.032214        0.178265       -0.101934

     H   21       -0.000000        0.000000        0.000000
     H   21        0.000000        0.000000        0.000000
     H   21        0.000000        0.000000        0.000000

     C   22       -0.224072       -0.026491       -0.033554
     C   22       -0.026491        0.272457        0.104369
     C   22       -0.033554        0.104369       -0.048385

     C   23        0.036002        0.243745       -0.059716
     C   23        0.243745        0.105088        0.113328
     C   23       -0.059716        0.113328       -0.141090

     Cl  24       -0.332306        0.786907       -0.323672
     Cl  24        0.786907        1.932748        1.154743
     Cl  24       -0.323672        1.154743       -1.600442

     ----- total EFG -----
     Cl   1        0.181463       -1.042955       -0.016796
     Cl   1       -1.042955        1.712848        0.577598
     Cl   1       -0.016796        0.577598       -1.894312

     C    2        0.185876       -0.544556       -0.136422
     C    2       -0.544556       -0.178762       -0.054194
     C    2       -0.136422       -0.054194       -0.007114

     C    3       -0.630486        0.001066       -0.277229
     C    3        0.001066       -0.062689        0.355797
     C    3       -0.277229        0.355797        0.693175

     H    4        0.558186        0.024548        0.415867
     H    4        0.024548       -0.063779        0.121815
     H    4        0.415867        0.121815       -0.494407

     C    5       -0.034359       -0.259285       -0.008594
     C    5       -0.259285       -0.521506        0.143682
     C    5       -0.008594        0.143682        0.555864

     H    6       -0.141951        0.021693        0.222795
     H    6        0.021693        0.510413        0.200797
     H    6        0.222795        0.200797       -0.368461

     H    7       -0.119421        0.079781       -0.031005
     H    7        0.079781        0.210674       -0.117570
     H    7       -0.031005       -0.117570       -0.091253

     C    8       -0.537685       -0.082861       -0.093656
     C    8       -0.082861        0.549387       -0.079099
     C    8       -0.093656       -0.079099       -0.011702

     H    9        0.147226       -0.246656        0.214683
     H    9       -0.246656       -0.287155       -0.260664
     H    9        0.214683       -0.260664        0.139929

     C   10        0.042637        0.389097       -0.234120
     C   10        0.389097        0.031654        0.070983
     C   10       -0.234120        0.070983       -0.074291

     C   11       -0.361470        0.071463       -0.096316
     C   11        0.071463        0.459878       -0.091852
     C   11       -0.096316       -0.091852       -0.098408

     Cl  12       -0.095256        1.687338       -0.322559
     Cl  12        1.687338        1.819744        1.774753
     Cl  12       -0.322559        1.774753       -1.724489

     H   13        0.013129        0.066375        0.004891
     H   13        0.066375        0.186254        0.443425
     H   13        0.004891        0.443425       -0.199382

     C   14       -0.881796        0.161919       -0.054330
     C   14        0.161919        0.830389        0.147025
     C   14       -0.054330        0.147025        0.051407

     H   15        0.470497        0.263092        0.264853
     H   15        0.263092       -0.473852        0.438038
     H   15        0.264853        0.438038        0.003355

     C   16        0.102600       -0.048956        0.134042
     C   16       -0.048956        0.249146       -0.187596
     C   16        0.134042       -0.187596       -0.351745

     C   17       -0.768773        0.218316       -0.037432
     C   17        0.218316        0.643995        0.486171
     C   17       -0.037432        0.486171        0.124779

     Cl  18        0.269662       -0.300909       -0.107995
     Cl  18       -0.300909        2.588315       -0.032828
     Cl  18       -0.107995       -0.032828       -2.857977

     H   19       -0.049753       -0.063764       -0.030409
     H   19       -0.063764        0.091534       -0.561851
     H   19       -0.030409       -0.561851       -0.041782

     C   20       -0.034851        0.309156       -0.138955
     C   20        0.309156        0.404606        0.486893
     C   20       -0.138955        0.486893       -0.369754

     H   21        0.331351        0.194262        0.337754
     H   21        0.194262       -0.409101       -0.101538
     H   21        0.337754       -0.101538        0.077750

     C   22       -0.616094       -0.165641       -0.041903
     C   22       -0.165641        0.659535        0.110160
     C   22       -0.041903        0.110160       -0.043440

     C   23        0.287520        0.620274       -0.158731
     C   23        0.620274        0.095804        0.403015
     C   23       -0.158731        0.403015       -0.383324

     Cl  24       -0.398402        0.733199       -0.349552
     Cl  24        0.733199        2.094051        1.263629
     Cl  24       -0.349552        1.263629       -1.695649

     ----- total EFG (symmetrized) -----
     Cl   1        0.181463       -1.042955       -0.016796
     Cl   1       -1.042955        1.712848        0.577598
     Cl   1       -0.016796        0.577598       -1.894312

     C    2        0.185876       -0.544556       -0.136422
     C    2       -0.544556       -0.178762       -0.054194
     C    2       -0.136422       -0.054194       -0.007114

     C    3       -0.630486        0.001066       -0.277229
     C    3        0.001066       -0.062689        0.355797
     C    3       -0.277229        0.355797        0.693175

     H    4        0.558186        0.024548        0.415867
     H    4        0.024548       -0.063779        0.121815
     H    4        0.415867        0.121815       -0.494407

     C    5       -0.034359       -0.259285       -0.008594
     C    5       -0.259285       -0.521506        0.143682
     C    5       -0.008594        0.143682        0.555864

     H    6       -0.141951        0.021693        0.222795
     H    6        0.021693        0.510413        0.200797
     H    6        0.222795        0.200797       -0.368461

     H    7       -0.119421        0.079781       -0.031005
     H    7        0.079781        0.210674       -0.117570
     H    7       -0.031005       -0.117570       -0.091253

     C    8       -0.537685       -0.082861       -0.093656
     C    8       -0.082861        0.549387       -0.079099
     C    8       -0.093656       -0.079099       -0.011702

     H    9        0.147226       -0.246656        0.214683
     H    9       -0.246656       -0.287155       -0.260664
     H    9        0.214683       -0.260664        0.139929

     C   10        0.042637        0.389097       -0.234120
     C   10        0.389097        0.031654        0.070983
     C   10       -0.234120        0.070983       -0.074291

     C   11       -0.361470        0.071463       -0.096316
     C   11        0.071463        0.459878       -0.091852
     C   11       -0.096316       -0.091852       -0.098408

     Cl  12       -0.095256        1.687338       -0.322559
     Cl  12        1.687338        1.819744        1.774753
     Cl  12       -0.322559        1.774753       -1.724489

     H   13        0.013129        0.066375        0.004891
     H   13        0.066375        0.186254        0.443425
     H   13        0.004891        0.443425       -0.199382

     C   14       -0.881796        0.161919       -0.054330
     C   14        0.161919        0.830389        0.147025
     C   14       -0.054330        0.147025        0.051407

     H   15        0.470497        0.263092        0.264853
     H   15        0.263092       -0.473852        0.438038
     H   15        0.264853        0.438038        0.003355

     C   16        0.102600       -0.048956        0.134042
     C   16       -0.048956        0.249146       -0.187596
     C   16        0.134042       -0.187596       -0.351745

     C   17       -0.768773        0.218316       -0.037432
     C   17        0.218316        0.643995        0.486171
     C   17       -0.037432        0.486171        0.124779

     Cl  18        0.269662       -0.300909       -0.107995
     Cl  18       -0.300909        2.588315       -0.032828
     Cl  18       -0.107995       -0.032828       -2.857977

     H   19       -0.049753       -0.063764       -0.030409
     H   19       -0.063764        0.091534       -0.561851
     H   19       -0.030409       -0.561851       -0.041782

     C   20       -0.034851        0.309156       -0.138955
     C   20        0.309156        0.404606        0.486893
     C   20       -0.138955        0.486893       -0.369754

     H   21        0.331351        0.194262        0.337754
     H   21        0.194262       -0.409101       -0.101538
     H   21        0.337754       -0.101538        0.077750

     C   22       -0.616094       -0.165641       -0.041903
     C   22       -0.165641        0.659535        0.110160
     C   22       -0.041903        0.110160       -0.043440

     C   23        0.287520        0.620274       -0.158731
     C   23        0.620274        0.095804        0.403015
     C   23       -0.158731        0.403015       -0.383324

     Cl  24       -0.398402        0.733199       -0.349552
     Cl  24        0.733199        2.094051        1.263629
     Cl  24       -0.349552        1.263629       -1.695649


     NQR/NMR SPECTROSCOPIC PARAMETERS:
     Cl   1    Vxx=   -0.3109    axis=(  0.895774  0.420569  0.143914)
     Cl   1    Vyy=   -1.9955    axis=(  0.075912  0.174265 -0.981768)
     Cl   1    Vzz=    2.3064    axis=( -0.437980  0.890367  0.124176)
     Cl   1  Q=        -8.1650 1e-30 m^2  Cq=       -44.2479 MHz  eta= 0.73040

     C    2    Vxx=    0.0083    axis=( -0.011721 -0.246588  0.969050)
     C    2    Vyy=    0.5886    axis=( -0.812552  0.567160  0.134493)
     C    2    Vzz=   -0.5969    axis=( -0.582770 -0.785827 -0.207013)
     C    2  Q=         1.0000 1e-30 m^2  Cq=        -1.4024 MHz  eta= 0.97210

     C    3    Vxx=   -0.1830    axis=( -0.197162 -0.928505  0.314651)
     C    3    Vyy=   -0.6954    axis=( -0.965670  0.128558 -0.225731)
     C    3    Vzz=    0.8785    axis=( -0.169142  0.348354  0.921976)
     C    3  Q=         1.0000 1e-30 m^2  Cq=         2.0640 MHz  eta= 0.58329

     H    4    Vxx=   -0.0496    axis=(  0.136210 -0.980565 -0.141204)
     H    4    Vyy=   -0.6582    axis=( -0.315108 -0.178013  0.932211)
     H    4    Vzz=    0.7079    axis=( -0.939230 -0.082481 -0.333231)
     H    4  Q=         1.0000 1e-30 m^2  Cq=         1.6633 MHz  eta= 0.85973

     C    5    Vxx=    0.0695    axis=(  0.919354 -0.372598  0.126330)
     C    5    Vyy=    0.5779    axis=(  0.076018 -0.146818 -0.986238)
     C    5    Vzz=   -0.6475    axis=(  0.386018  0.916305 -0.106653)
     C    5  Q=         1.0000 1e-30 m^2  Cq=        -1.5213 MHz  eta= 0.78518

     H    6    Vxx=   -0.0309    axis=( -0.868385  0.202683 -0.452579)
     H    6    Vyy=   -0.5304    axis=( -0.484894 -0.155919  0.860562)
     H    6    Vzz=    0.5613    axis=(  0.103855  0.966752  0.233678)
     H    6  Q=         1.0000 1e-30 m^2  Cq=         1.3188 MHz  eta= 0.88989

     H    7    Vxx=   -0.1302    axis=( -0.376152  0.379526  0.845263)
     H    7    Vyy=   -0.1396    axis=(  0.901362 -0.061410  0.428690)
     H    7    Vzz=    0.2698    axis=(  0.214607  0.923141 -0.318991)
     H    7  Q=         1.0000 1e-30 m^2  Cq=         0.6340 MHz  eta= 0.03468

     C    8    Vxx=   -0.0027    axis=( -0.188102  0.111574  0.975791)
     C    8    Vyy=   -0.5621    axis=(  0.980078  0.085815  0.179117)
     C    8    Vzz=    0.5647    axis=( -0.063753  0.990044 -0.125493)
     C    8  Q=         1.0000 1e-30 m^2  Cq=         1.3269 MHz  eta= 0.99047

     H    9    Vxx=   -0.0708    axis=( -0.715648 -0.025084  0.698011)
     H    9    Vyy=   -0.4473    axis=( -0.267836 -0.913104 -0.307417)
     H    9    Vzz=    0.5181    axis=(  0.645067 -0.406955  0.646742)
     H    9  Q=         1.0000 1e-30 m^2  Cq=         1.2173 MHz  eta= 0.72664

     C   10    Vxx=    0.0174    axis=( -0.172030  0.516061  0.839098)
     C   10    Vyy=    0.4552    axis=(  0.734633  0.634697 -0.239738)
     C   10    Vzz=   -0.4726    axis=( -0.656293  0.575187 -0.488303)
     C   10  Q=         1.0000 1e-30 m^2  Cq=        -1.1103 MHz  eta= 0.92651

     C   11    Vxx=   -0.0886    axis=( -0.280933  0.194014  0.939912)
     C   11    Vyy=   -0.3949    axis=(  0.954245 -0.048066  0.295139)
     C   11    Vzz=    0.4834    axis=( -0.102439 -0.979820  0.171634)
     C   11  Q=         1.0000 1e-30 m^2  Cq=         1.1359 MHz  eta= 0.63354

     Cl  12    Vxx=   -0.3719    axis=(  0.831971 -0.232668 -0.503676)
     Cl  12    Vyy=   -2.8380    axis=( -0.369550  0.444743 -0.815866)
     Cl  12    Vzz=    3.2099    axis=(  0.413832  0.864910  0.284031)
     Cl  12  Q=        -8.1650 1e-30 m^2  Cq=       -61.5803 MHz  eta= 0.76831

     H   13    Vxx=    0.0080    axis=(  0.990341 -0.067555 -0.121085)
     H   13    Vyy=    0.4842    axis=( -0.122878 -0.832181 -0.540718)
     H   13    Vzz=   -0.4922    axis=( -0.064237  0.550373 -0.832444)
     H   13  Q=         1.0000 1e-30 m^2  Cq=        -1.1564 MHz  eta= 0.96748

     C   14    Vxx=    0.0318    axis=( -0.087366 -0.163214  0.982715)
     C   14    Vyy=    0.8700    axis=(  0.085438  0.981624  0.170628)
     C   14    Vzz=   -0.9019    axis=( -0.992506  0.098868 -0.071816)
     C   14  Q=         1.0000 1e-30 m^2  Cq=        -2.1190 MHz  eta= 0.92944

     H   15    Vxx=   -0.0055    axis=(  0.594756 -0.344994 -0.726116)
     H   15    Vyy=   -0.7417    axis=( -0.083722  0.871742 -0.482760)
     H   15    Vzz=    0.7472    axis=( -0.799535 -0.347916 -0.489590)
     H   15  Q=         1.0000 1e-30 m^2  Cq=         1.7555 MHz  eta= 0.98538

     C   16    Vxx=    0.0952    axis=(  0.906614  0.409987  0.099812)
     C   16    Vyy=    0.3357    axis=( -0.363082  0.878489 -0.310529)
     C   16    Vzz=   -0.4309    axis=( -0.214997  0.245290  0.945309)
     C   16  Q=         1.0000 1e-30 m^2  Cq=        -1.0125 MHz  eta= 0.55806

     C   17    Vxx=   -0.1352    axis=( -0.213594 -0.473375  0.854572)
     C   17    Vyy=   -0.8169    axis=( -0.971975  0.190903 -0.137191)
     C   17    Vzz=    0.9521    axis=( -0.098198 -0.859926 -0.500884)
     C   17  Q=         1.0000 1e-30 m^2  Cq=         2.2371 MHz  eta= 0.71606

     Cl  18    Vxx=    0.2352    axis=(  0.991344  0.126271 -0.035951)
     Cl  18    Vyy=    2.6268    axis=(  0.126475 -0.991964  0.003447)
     Cl  18    Vzz=   -2.8620    axis=(  0.035227  0.007964  0.999348)
     Cl  18  Q=        -8.1650 1e-30 m^2  Cq=        54.9069 MHz  eta= 0.83561

     H   19    Vxx=   -0.0424    axis=( -0.990667  0.053767  0.125251)
     H   19    Vyy=   -0.5494    axis=(  0.129333  0.660897  0.739248)
     H   19    Vzz=    0.5919    axis=(  0.043031 -0.748548  0.661683)
     H   19  Q=         1.0000 1e-30 m^2  Cq=         1.3906 MHz  eta= 0.85656

     C   20    Vxx=    0.0016    axis=(  0.877041 -0.106964 -0.468357)
     C   20    Vyy=    0.7082    axis=( -0.300107 -0.883262 -0.360256)
     C   20    Vzz=   -0.7099    axis=( -0.375148  0.456516 -0.806757)
     C   20  Q=         1.0000 1e-30 m^2  Cq=        -1.6679 MHz  eta= 0.99536

     H   21    Vxx=   -0.0547    axis=( -0.440738 -0.462092  0.769559)
     H   21    Vyy=   -0.5217    axis=( -0.333966  0.880186  0.337252)
     H   21    Vzz=    0.5764    axis=( -0.833197 -0.108367 -0.542254)
     H   21  Q=         1.0000 1e-30 m^2  Cq=         1.3544 MHz  eta= 0.81015

     C   22    Vxx=   -0.0598    axis=( -0.027466 -0.157485  0.987139)
     C   22    Vyy=   -0.6386    axis=(  0.991349  0.122500  0.047127)
     C   22    Vzz=    0.6984    axis=( -0.128347  0.979894  0.152758)
     C   22  Q=         1.0000 1e-30 m^2  Cq=         1.6410 MHz  eta= 0.82861

     C   23    Vxx=   -0.0122    axis=(  0.541238 -0.444244 -0.713939)
     C   23    Vyy=   -0.8255    axis=( -0.425575  0.587556 -0.688232)
     C   23    Vzz=    0.8378    axis=( -0.725223 -0.676332 -0.128948)
     C   23  Q=         1.0000 1e-30 m^2  Cq=         1.9684 MHz  eta= 0.97084

     Cl  24    Vxx=   -0.3524    axis=(  0.934332 -0.103930 -0.340914)
     Cl  24    Vyy=   -2.2472    axis=( -0.294710  0.312616 -0.903005)
     Cl  24    Vzz=    2.5996    axis=(  0.200425  0.944177  0.261458)
     Cl  24  Q=        -8.1650 1e-30 m^2  Cq=       -49.8722 MHz  eta= 0.72887

     Initialization:
     gipaw_setup  :      9.21s CPU     11.20s WALL (       1 calls)

     Linear response

     Apply operators

     Induced current

     Other routines
     efg          :      9.46s CPU     12.18s WALL (       1 calls)

     General routines
     calbec       :      3.36s CPU      4.54s WALL (      16 calls)
     fft          :      1.83s CPU      2.77s WALL (      15 calls)
     ffts         :      0.05s CPU      0.08s WALL (       2 calls)
     fftw         :      3.30s CPU      4.14s WALL (     672 calls)
     davcio       :      0.05s CPU      0.34s WALL (      32 calls)

     Parallel routines
     fft_scatter  :      2.59s CPU      4.13s WALL (     689 calls)

     Plugins

     GIPAW        :     61.79s CPU     76.39s WALL (       1 calls)
