
     Program QE v.6.0 (svn rev. 13079) starts on 22Dec2016 at  5:56:51 

     This program is part of the open-source Quantum ESPRESSO suite
     for quantum simulation of materials; please cite
         "P. Giannozzi et al., J. Phys.:Condens. Matter 21 395502 (2009);
          URL http://www.quantum-espresso.org", 
     in publications or presentations arising from this work. More details at
     http://www.quantum-espresso.org/quote

     Parallel version (MPI), running on     8 processors
     R & G space division:  proc/nbgrp/npool/nimage =       8

     ***** This is GIPAW svn revision unknown      *****

     Parallelizing q-star over 1 images

     Reading data from directory:
     /users/majewski/paradichlorobenzene/pbe/9_constraint/scratch/pbe.ecut100.np8.dt60.pcl2phi-129368.save
     Message from routine read_xml_file:
     file /users/majewski/paradichlorobenzene/pbe/9_constraint/scratch/pbe.ecut100.np8.dt60.pcl2phi-129368.save not guaranteed to be safe for post-processing

   Info: using nr1, nr2, nr3 values from input

   Info: using nr1, nr2, nr3 values from input

     IMPORTANT: XC functional enforced from input :
     Exchange-correlation      =  SLA  PW   PBX  PBC ( 1  4  3  4 0 0)
     Any further DFT definition will be discarded
     Please, verify this is what you really want

               file C.pbe-n-kjpaw_psl.1.0.0.UPF: wavefunction(s)  2S 2P renormalized
               file Cl.pbe-n-kjpaw_psl.1.0.0.UPF: wavefunction(s)  3S 3P renormalized
               file H.pbe-kjpaw_psl.1.0.0.UPF: wavefunction(s)  1S renormalized

     Parallelization info
     --------------------
     sticks:   dense  smooth     PW     G-vecs:    dense   smooth      PW
     Min        3057    1223    332               144436    36536    5170
     Max        3059    1225    333               144437    36537    5171
     Sum       24467    9791   2657              1155489   292295   41363


     Subspace diagonalization in iterative solution of the eigenvalue problem:
     a serial algorithm will be used

     GIPAW projectors -----------------------------------------------
     atom=  C    l=0  rc=    1.2000  rs=    0.8000
     atom=  C    l=0  rc=    1.2000  rs=    0.8000
     atom=  C    l=1  rc=    1.4000  rs=    0.9333
     atom=  C    l=1  rc=    1.4000  rs=    0.9333
     projs nearly linearly dependent: l=1  n1,n2= 1, 2  s=  0.99951561

     atom=  Cl   l=0  rc=    1.6000  rs=    1.0667
     atom=  Cl   l=0  rc=    1.6000  rs=    1.0667
     atom=  Cl   l=1  rc=    1.6000  rs=    1.0667
     atom=  Cl   l=1  rc=    1.6000  rs=    1.0667
     atom=  Cl   l=2  rc=    1.6000  rs=    1.0667
     atom=  Cl   l=2  rc=    1.6000  rs=    1.0667
     projs nearly linearly dependent: l=2  n1,n2= 1, 2  s=  0.99993509

     atom=  H    l=0  rc=    1.0000  rs=    0.6667
     atom=  H    l=0  rc=    1.0000  rs=    0.6667
     projs nearly linearly dependent: l=0  n1,n2= 1, 2  s=  0.99968852
     -----------------------------------------------------------------

     GIPAW integrals: -------------------------------------------
     Atom  i/j   nmr_para   nmr_dia   epr_rmc  epr_para   epr_dia
       C   1 1   0.83E+03  0.17E-01  0.93E+01  0.24E+08  0.24E+03
       C   2 1   0.86E+03 -0.61E-01  0.94E+01  0.25E+08  0.25E+03
       C   2 2   0.90E+03 -0.15E+00  0.97E+01  0.26E+08  0.26E+03
       C   3 3   0.33E+01  0.34E+00  0.18E+01  0.55E+03  0.21E+02
       C   4 3   0.35E+01  0.37E+00  0.20E+01  0.59E+03  0.22E+02
       C   4 4   0.38E+01  0.39E+00  0.22E+01  0.63E+03  0.24E+02
       Cl  1 1   0.14E+04 -0.47E+00  0.84E+01  0.32E+09  0.42E+03
       Cl  2 1   0.21E+04 -0.37E+00  0.12E+02  0.49E+09  0.65E+03
       Cl  2 2   0.33E+04 -0.16E+00  0.21E+02  0.76E+09  0.10E+04
       Cl  3 3   0.21E+02  0.79E-01  0.89E+01  0.23E+05  0.13E+03
       Cl  4 3   0.24E+02  0.67E-01  0.99E+01  0.27E+05  0.15E+03
       Cl  4 4   0.28E+02  0.44E-01  0.11E+02  0.32E+05  0.18E+03
       Cl  5 5   0.77E+00  0.19E+00  0.18E+01  0.12E+03  0.22E+02
       Cl  6 5   0.80E+00  0.19E+00  0.19E+01  0.12E+03  0.23E+02
       Cl  6 6   0.83E+00  0.20E+00  0.19E+01  0.12E+03  0.23E+02
       H   1 1   0.39E+02  0.19E+00  0.29E+00  0.78E+05  0.13E+02
       H   2 1   0.41E+02  0.21E+00  0.32E+00  0.82E+05  0.14E+02
       H   2 2   0.43E+02  0.22E+00  0.36E+00  0.86E+05  0.15E+02
     ------------------------------------------------------------

     alpha_pv=     34.0593 eV

     Number of occupied bands for each k-point:
     k-point:     1    nbnd_occ=  42
     k-point:     2    nbnd_occ=  42
     k-point:     3    nbnd_occ=  42
     k-point:     4    nbnd_occ=  42
     k-point:     5    nbnd_occ=  42
     k-point:     6    nbnd_occ=  42
     k-point:     7    nbnd_occ=  42
     k-point:     8    nbnd_occ=  42
     k-point:     9    nbnd_occ=  42
     k-point:    10    nbnd_occ=  42
     k-point:    11    nbnd_occ=  42
     k-point:    12    nbnd_occ=  42
     k-point:    13    nbnd_occ=  42
     k-point:    14    nbnd_occ=  42
     k-point:    15    nbnd_occ=  42
     k-point:    16    nbnd_occ=  42


     q-space interpolation up to   110.00 Rydberg

     GIPAW job: efg                                                                             


     ELECTRIC FIELD GRADIENTS TENSORS IN Hartree/bohrradius^2:

     ----- bare term -----
     Cl   1       -0.100167        0.207290       -0.003587
     Cl   1        0.207290        0.065506        0.001917
     Cl   1       -0.003587        0.001917        0.034660

     C    2        0.000603        0.243467       -0.165301
     C    2        0.243467       -0.011120       -0.632485
     C    2       -0.165301       -0.632485        0.010516

     C    3       -0.504502        0.303755       -0.152737
     C    3        0.303755        0.155670       -0.290341
     C    3       -0.152737       -0.290341        0.348832

     H    4       -0.372233       -0.529193        0.024059
     H    4       -0.529193        0.077411        0.123478
     H    4        0.024059        0.123478        0.294822

     C    5       -0.249715        0.088142       -0.276747
     C    5        0.088142       -0.008596       -0.518786
     C    5       -0.276747       -0.518786        0.258311

     H    6        0.419147        0.125866       -0.089279
     H    6        0.125866       -0.752647       -0.083885
     H    6       -0.089279       -0.083885        0.333500

     H    7        0.546426       -0.032924       -0.112943
     H    7       -0.032924       -0.110906        0.234692
     H    7       -0.112943        0.234692       -0.435520

     C    8       -0.731697       -0.328462       -0.215455
     C    8       -0.328462        0.380599        0.268656
     C    8       -0.215455        0.268656        0.351099

     H    9       -0.218369       -0.067866       -0.586206
     H    9       -0.067866        0.220327       -0.083702
     H    9       -0.586206       -0.083702       -0.001958

     C   10        0.013275        0.058469       -0.235694
     C   10        0.058469       -0.034718        0.650781
     C   10       -0.235694        0.650781        0.021443

     C   11       -0.570502       -0.371603       -0.260024
     C   11       -0.371603        0.214492        0.317726
     C   11       -0.260024        0.317726        0.356010

     Cl  12       -0.028619        0.098205       -0.031805
     Cl  12        0.098205        0.090645        0.102955
     Cl  12       -0.031805        0.102955       -0.062026

     H   13        0.354649       -0.028572        0.004050
     H   13       -0.028572       -0.420398       -0.553463
     H   13        0.004050       -0.553463        0.065749

     C   14       -0.519873        0.363821       -0.468739
     C   14        0.363821        0.265375       -0.299568
     C   14       -0.468739       -0.299568        0.254498

     H   15       -0.402295       -0.152335       -0.542790
     H   15       -0.152335        0.269126       -0.163956
     H   15       -0.542790       -0.163956        0.133170

     C   16        0.033073        0.517049       -0.134054
     C   16        0.517049       -0.276289       -0.583229
     C   16       -0.134054       -0.583229        0.243216

     C   17       -0.347735        0.201319       -0.437035
     C   17        0.201319        0.109749       -0.374342
     C   17       -0.437035       -0.374342        0.237986

     Cl  18        0.002516       -0.123501       -0.059432
     Cl  18       -0.123501        0.005029        0.071934
     Cl  18       -0.059432        0.071934       -0.007545

     H   19        0.163064       -0.269858        0.241661
     H   19       -0.269858       -0.239657        0.538850
     H   19        0.241661        0.538850        0.076593

     C   20       -0.102406        0.319242       -0.458538
     C   20        0.319242       -0.012269        0.480822
     C   20       -0.458538        0.480822        0.114676

     H   21       -0.089701        0.141926       -0.328885
     H   21        0.141926        0.496480        0.166633
     H   21       -0.328885        0.166633       -0.406779

     C   22       -0.247039       -0.386848       -0.334005
     C   22       -0.386848       -0.153412        0.147817
     C   22       -0.334005        0.147817        0.400452

     C   23       -0.020041        0.082069       -0.302369
     C   23        0.082069       -0.085437        0.535656
     C   23       -0.302369        0.535656        0.105478

     Cl  24       -0.215443       -0.161049       -0.008782
     Cl  24       -0.161049        0.023471       -0.157406
     Cl  24       -0.008782       -0.157406        0.191972

     ----- ionic term -----
     Cl   1        0.168101       -0.194239        0.017057
     Cl   1       -0.194239       -0.003227       -0.005340
     Cl   1        0.017057       -0.005340       -0.164874

     C    2        0.247692       -0.150673        0.271677
     C    2       -0.150673        0.143974        0.377495
     C    2        0.271677        0.377495       -0.391666

     C    3        0.269200       -0.263185        0.145633
     C    3       -0.263185        0.187488        0.346365
     C    3        0.145633        0.346365       -0.456688

     H    4        0.791460        0.313659        0.514482
     H    4        0.313659       -0.418318        0.208897
     H    4        0.514482        0.208897       -0.373142

     C    5        0.403359       -0.159412        0.221791
     C    5       -0.159412        0.040012        0.322894
     C    5        0.221791        0.322894       -0.443371

     H    6       -0.494057       -0.082840       -0.047645
     H    6       -0.082840        0.676405        0.697618
     H    6       -0.047645        0.697618       -0.182348

     H    7       -0.521596       -0.020740        0.036245
     H    7       -0.020740        0.377141       -0.791137
     H    7        0.036245       -0.791137        0.144455

     C    8        0.200707        0.224544        0.277396
     C    8        0.224544       -0.000524       -0.287035
     C    8        0.277396       -0.287035       -0.200183

     H    9        0.525306       -0.394972        0.637086
     H    9       -0.394972       -0.347123       -0.302060
     H    9        0.637086       -0.302060       -0.178183

     C   10        0.095936        0.213966        0.205034
     C   10        0.213966        0.173433       -0.393414
     C   10        0.205034       -0.393414       -0.269369

     C   11        0.152643        0.201797        0.332396
     C   11        0.201797        0.055748       -0.405943
     C   11        0.332396       -0.405943       -0.208391

     Cl  12        0.155031        0.242061        0.012008
     Cl  12        0.242061       -0.002431        0.004965
     Cl  12        0.012008        0.004965       -0.152600

     H   13       -0.524487        0.126401        0.076761
     H   13        0.126401        0.744934        0.662067
     H   13        0.076761        0.662067       -0.220447

     C   14        0.277688       -0.143274        0.263274
     C   14       -0.143274        0.085811        0.314253
     C   14        0.263274        0.314253       -0.363498

     H   15        0.650384        0.359259        0.621443
     H   15        0.359259       -0.399916        0.259915
     H   15        0.621443        0.259915       -0.250468

     C   16        0.171660       -0.234464        0.164178
     C   16       -0.234464        0.161859        0.411988
     C   16        0.164178        0.411988       -0.333520

     C   17        0.269551       -0.057447        0.218425
     C   17       -0.057447        0.072942        0.458458
     C   17        0.218425        0.458458       -0.342493

     Cl  18        0.153601       -0.192366       -0.005732
     Cl  18       -0.192366       -0.030171        0.007652
     Cl  18       -0.005732        0.007652       -0.123430

     H   19       -0.516602        0.074549       -0.034876
     H   19        0.074549        0.460133       -0.773848
     H   19       -0.034876       -0.773848        0.056470

     C   20        0.179968        0.231838        0.317778
     C   20        0.231838        0.016553       -0.299876
     C   20        0.317778       -0.299876       -0.196521

     H   21        0.470657       -0.110435        0.777479
     H   21       -0.110435       -0.510965       -0.183086
     H   21        0.777479       -0.183086        0.040308

     C   22        0.053611        0.354965        0.202328
     C   22        0.354965        0.154362       -0.386071
     C   22        0.202328       -0.386071       -0.207973

     C   23        0.113827        0.275795        0.239560
     C   23        0.275795        0.091752       -0.401848
     C   23        0.239560       -0.401848       -0.205579

     Cl  24        0.129188        0.199545        0.033058
     Cl  24        0.199545        0.012129        0.012665
     Cl  24        0.033058        0.012665       -0.141317

     ----- GIPAW term -----
     Cl   1        0.281550        0.938109       -0.002894
     Cl   1        0.938109        2.049529        0.177648
     Cl   1       -0.002894        0.177648       -2.331078

     C    2        0.009603        0.096458       -0.034031
     C    2        0.096458        0.190572       -0.111471
     C    2       -0.034031       -0.111471       -0.200176

     C    3       -0.172584        0.074379       -0.048703
     C    3        0.074379        0.191390       -0.144767
     C    3       -0.048703       -0.144767       -0.018806

     H    4       -0.000000        0.000000        0.000000
     H    4        0.000000        0.000000        0.000000
     H    4        0.000000        0.000000        0.000000

     C    5       -0.115522        0.049739       -0.055425
     C    5        0.049739        0.120419       -0.249503
     C    5       -0.055425       -0.249503       -0.004897

     H    6       -0.000000        0.000000        0.000000
     H    6        0.000000        0.000000        0.000000
     H    6        0.000000        0.000000        0.000000

     H    7       -0.000000        0.000000        0.000000
     H    7        0.000000        0.000000        0.000000
     H    7        0.000000        0.000000        0.000000

     C    8       -0.205386        0.046542        0.010506
     C    8        0.046542        0.272770        0.097056
     C    8        0.010506        0.097056       -0.067384

     H    9       -0.000000        0.000000        0.000000
     H    9        0.000000        0.000000        0.000000
     H    9        0.000000        0.000000        0.000000

     C   10       -0.105274        0.095811       -0.010955
     C   10        0.095811        0.185289        0.189363
     C   10       -0.010955        0.189363       -0.080015

     C   11       -0.143786        0.086456       -0.010398
     C   11        0.086456        0.247108        0.120936
     C   11       -0.010398        0.120936       -0.103322

     Cl  12        0.491322        2.831326        0.108371
     Cl  12        2.831326        1.379838        1.308048
     Cl  12        0.108371        1.308048       -1.871160

     H   13       -0.000000        0.000000        0.000000
     H   13        0.000000        0.000000        0.000000
     H   13        0.000000        0.000000        0.000000

     C   14       -0.056123        0.189081       -0.102240
     C   14        0.189081        0.116572       -0.076743
     C   14       -0.102240       -0.076743       -0.060449

     H   15       -0.000000        0.000000        0.000000
     H   15        0.000000        0.000000        0.000000
     H   15        0.000000        0.000000        0.000000

     C   16        0.016796        0.205082       -0.040485
     C   16        0.205082        0.043097       -0.115128
     C   16       -0.040485       -0.115128       -0.059894

     C   17       -0.014181       -0.004839       -0.078326
     C   17       -0.004839        0.129031       -0.051353
     C   17       -0.078326       -0.051353       -0.114849

     Cl  18        1.211489       -2.901928       -0.571040
     Cl  18       -2.901928        0.120207        0.624383
     Cl  18       -0.571040        0.624383       -1.331696

     H   19       -0.000000        0.000000        0.000000
     H   19        0.000000        0.000000        0.000000
     H   19        0.000000        0.000000        0.000000

     C   20       -0.006789        0.236391       -0.106128
     C   20        0.236391        0.121269        0.020597
     C   20       -0.106128        0.020597       -0.114481

     H   21       -0.000000        0.000000        0.000000
     H   21        0.000000        0.000000        0.000000
     H   21        0.000000        0.000000        0.000000

     C   22        0.059436        0.087838       -0.172713
     C   22        0.087838       -0.050652       -0.086668
     C   22       -0.172713       -0.086668       -0.008784

     C   23       -0.028972        0.127416       -0.041677
     C   23        0.127416        0.167199       -0.033553
     C   23       -0.041677       -0.033553       -0.138227

     Cl  24       -0.212843        1.421048       -0.037382
     Cl  24        1.421048        0.391308       -1.545066
     Cl  24       -0.037382       -1.545066       -0.178465

     ----- total EFG -----
     Cl   1        0.349484        0.951161        0.010576
     Cl   1        0.951161        2.111808        0.174225
     Cl   1        0.010576        0.174225       -2.461292

     C    2        0.257899        0.189253        0.072345
     C    2        0.189253        0.323426       -0.366461
     C    2        0.072345       -0.366461       -0.581325

     C    3       -0.407887        0.114949       -0.055807
     C    3        0.114949        0.534548       -0.088744
     C    3       -0.055807       -0.088744       -0.126661

     H    4        0.419227       -0.215534        0.538541
     H    4       -0.215534       -0.340907        0.332374
     H    4        0.538541        0.332374       -0.078320

     C    5        0.038122       -0.021531       -0.110381
     C    5       -0.021531        0.151835       -0.445394
     C    5       -0.110381       -0.445394       -0.189958

     H    6       -0.074911        0.043026       -0.136924
     H    6        0.043026       -0.076242        0.613733
     H    6       -0.136924        0.613733        0.151152

     H    7        0.024830       -0.053664       -0.076698
     H    7       -0.053664        0.266235       -0.556445
     H    7       -0.076698       -0.556445       -0.291065

     C    8       -0.736376       -0.057377        0.072447
     C    8       -0.057377        0.652844        0.078677
     C    8        0.072447        0.078677        0.083532

     H    9        0.306937       -0.462838        0.050880
     H    9       -0.462838       -0.126796       -0.385762
     H    9        0.050880       -0.385762       -0.180141

     C   10        0.003937        0.368246       -0.041615
     C   10        0.368246        0.324005        0.446730
     C   10       -0.041615        0.446730       -0.327941

     C   11       -0.561644       -0.083350        0.061974
     C   11       -0.083350        0.517348        0.032719
     C   11        0.061974        0.032719        0.044296

     Cl  12        0.617733        3.171591        0.088574
     Cl  12        3.171591        1.468053        1.415967
     Cl  12        0.088574        1.415967       -2.085786

     H   13       -0.169838        0.097829        0.080811
     H   13        0.097829        0.324536        0.108605
     H   13        0.080811        0.108605       -0.154698

     C   14       -0.298309        0.409628       -0.307705
     C   14        0.409628        0.467758       -0.062058
     C   14       -0.307705       -0.062058       -0.169449

     H   15        0.248089        0.206924        0.078653
     H   15        0.206924       -0.130790        0.095958
     H   15        0.078653        0.095958       -0.117298

     C   16        0.221530        0.487668       -0.010361
     C   16        0.487668       -0.071332       -0.286369
     C   16       -0.010361       -0.286369       -0.150197

     C   17       -0.092365        0.139033       -0.296936
     C   17        0.139033        0.311722        0.032763
     C   17       -0.296936        0.032763       -0.219356

     Cl  18        1.367607       -3.217795       -0.636205
     Cl  18       -3.217795        0.095065        0.703969
     Cl  18       -0.636205        0.703969       -1.462671

     H   19       -0.353538       -0.195309        0.206785
     H   19       -0.195309        0.220476       -0.234998
     H   19        0.206785       -0.234998        0.133062

     C   20        0.070773        0.787471       -0.246889
     C   20        0.787471        0.125552        0.201543
     C   20       -0.246889        0.201543       -0.196326

     H   21        0.380956        0.031491        0.448594
     H   21        0.031491       -0.014484       -0.016454
     H   21        0.448594       -0.016454       -0.366471

     C   22       -0.133992        0.055955       -0.304390
     C   22        0.055955       -0.049702       -0.324922
     C   22       -0.304390       -0.324922        0.183694

     C   23        0.064815        0.485279       -0.104486
     C   23        0.485279        0.173514        0.100255
     C   23       -0.104486        0.100255       -0.238329

     Cl  24       -0.299097        1.459545       -0.013106
     Cl  24        1.459545        0.426908       -1.689808
     Cl  24       -0.013106       -1.689808       -0.127811

     ----- total EFG (symmetrized) -----
     Cl   1        0.349484        0.951161        0.010576
     Cl   1        0.951161        2.111808        0.174225
     Cl   1        0.010576        0.174225       -2.461292

     C    2        0.257899        0.189253        0.072345
     C    2        0.189253        0.323426       -0.366461
     C    2        0.072345       -0.366461       -0.581325

     C    3       -0.407887        0.114949       -0.055807
     C    3        0.114949        0.534548       -0.088744
     C    3       -0.055807       -0.088744       -0.126661

     H    4        0.419227       -0.215534        0.538541
     H    4       -0.215534       -0.340907        0.332374
     H    4        0.538541        0.332374       -0.078320

     C    5        0.038122       -0.021531       -0.110381
     C    5       -0.021531        0.151835       -0.445394
     C    5       -0.110381       -0.445394       -0.189958

     H    6       -0.074911        0.043026       -0.136924
     H    6        0.043026       -0.076242        0.613733
     H    6       -0.136924        0.613733        0.151152

     H    7        0.024830       -0.053664       -0.076698
     H    7       -0.053664        0.266235       -0.556445
     H    7       -0.076698       -0.556445       -0.291065

     C    8       -0.736376       -0.057377        0.072447
     C    8       -0.057377        0.652844        0.078677
     C    8        0.072447        0.078677        0.083532

     H    9        0.306937       -0.462838        0.050880
     H    9       -0.462838       -0.126796       -0.385762
     H    9        0.050880       -0.385762       -0.180141

     C   10        0.003937        0.368246       -0.041615
     C   10        0.368246        0.324005        0.446730
     C   10       -0.041615        0.446730       -0.327941

     C   11       -0.561644       -0.083350        0.061974
     C   11       -0.083350        0.517348        0.032719
     C   11        0.061974        0.032719        0.044296

     Cl  12        0.617733        3.171591        0.088574
     Cl  12        3.171591        1.468053        1.415967
     Cl  12        0.088574        1.415967       -2.085786

     H   13       -0.169838        0.097829        0.080811
     H   13        0.097829        0.324536        0.108605
     H   13        0.080811        0.108605       -0.154698

     C   14       -0.298309        0.409628       -0.307705
     C   14        0.409628        0.467758       -0.062058
     C   14       -0.307705       -0.062058       -0.169449

     H   15        0.248089        0.206924        0.078653
     H   15        0.206924       -0.130790        0.095958
     H   15        0.078653        0.095958       -0.117298

     C   16        0.221530        0.487668       -0.010361
     C   16        0.487668       -0.071332       -0.286369
     C   16       -0.010361       -0.286369       -0.150197

     C   17       -0.092365        0.139033       -0.296936
     C   17        0.139033        0.311722        0.032763
     C   17       -0.296936        0.032763       -0.219356

     Cl  18        1.367607       -3.217795       -0.636205
     Cl  18       -3.217795        0.095065        0.703969
     Cl  18       -0.636205        0.703969       -1.462671

     H   19       -0.353538       -0.195309        0.206785
     H   19       -0.195309        0.220476       -0.234998
     H   19        0.206785       -0.234998        0.133062

     C   20        0.070773        0.787471       -0.246889
     C   20        0.787471        0.125552        0.201543
     C   20       -0.246889        0.201543       -0.196326

     H   21        0.380956        0.031491        0.448594
     H   21        0.031491       -0.014484       -0.016454
     H   21        0.448594       -0.016454       -0.366471

     C   22       -0.133992        0.055955       -0.304390
     C   22        0.055955       -0.049702       -0.324922
     C   22       -0.304390       -0.324922        0.183694

     C   23        0.064815        0.485279       -0.104486
     C   23        0.485279        0.173514        0.100255
     C   23       -0.104486        0.100255       -0.238329

     Cl  24       -0.299097        1.459545       -0.013106
     Cl  24        1.459545        0.426908       -1.689808
     Cl  24       -0.013106       -1.689808       -0.127811


     NQR/NMR SPECTROSCOPIC PARAMETERS:
     Cl   1    Vxx=   -0.0644    axis=(  0.916751 -0.398681 -0.024935)
     Cl   1    Vyy=   -2.4682    axis=( -0.009765  0.040036 -0.999151)
     Cl   1    Vzz=    2.5326    axis=(  0.399341  0.916215  0.032810)
     Cl   1  Q=        -8.1650 1e-30 m^2  Cq=       -48.5870 MHz  eta= 0.94910

     C    2    Vxx=    0.1876    axis=( -0.857992  0.427646 -0.284550)
     C    2    Vyy=    0.5414    axis=(  0.495703  0.834543 -0.240450)
     C    2    Vzz=   -0.7290    axis=( -0.134641  0.347357  0.928017)
     C    2  Q=         1.0000 1e-30 m^2  Cq=        -1.7128 MHz  eta= 0.48541

     C    3    Vxx=   -0.1329    axis=( -0.134573  0.153341  0.978967)
     C    3    Vyy=   -0.4286    axis=(  0.983062 -0.103386  0.151329)
     C    3    Vzz=    0.5615    axis=(  0.124416  0.982750 -0.136831)
     C    3  Q=         1.0000 1e-30 m^2  Cq=         1.3192 MHz  eta= 0.52662

     H    4    Vxx=    0.0164    axis=(  0.358811 -0.742551 -0.565573)
     H    4    Vyy=    0.7637    axis=( -0.842881  0.002554 -0.538094)
     H    4    Vzz=   -0.7801    axis=(  0.401007  0.669785 -0.624966)
     H    4  Q=         1.0000 1e-30 m^2  Cq=        -1.8329 MHz  eta= 0.95796

     C    5    Vxx=    0.0526    axis=(  0.977040 -0.192997 -0.090244)
     C    5    Vyy=    0.4628    axis=(  0.107636  0.812683 -0.572679)
     C    5    Vzz=   -0.5154    axis=(  0.183865  0.549817  0.814797)
     C    5  Q=         1.0000 1e-30 m^2  Cq=        -1.2110 MHz  eta= 0.79601

     H    6    Vxx=   -0.0559    axis=(  0.969734  0.236641 -0.060147)
     H    6    Vyy=   -0.6140    axis=( -0.220219  0.741287 -0.634033)
     H    6    Vzz=    0.6699    axis=( -0.105452  0.628089  0.770963)
     H    6  Q=         1.0000 1e-30 m^2  Cq=         1.5739 MHz  eta= 0.83305

     H    7    Vxx=    0.0378    axis=(  0.990439 -0.064437 -0.121975)
     H    7    Vyy=    0.6100    axis=(  0.009263 -0.851141  0.524856)
     H    7    Vzz=   -0.6477    axis=( -0.137638 -0.520967 -0.842406)
     H    7  Q=         1.0000 1e-30 m^2  Cq=        -1.5219 MHz  eta= 0.88338

     C    8    Vxx=    0.0806    axis=( -0.096412  0.126071 -0.987325)
     C    8    Vyy=    0.6651    axis=( -0.033858  0.990957  0.129840)
     C    8    Vzz=   -0.7457    axis=( -0.994765 -0.045947  0.091272)
     C    8  Q=         1.0000 1e-30 m^2  Cq=        -1.7520 MHz  eta= 0.78393

     H    9    Vxx=   -0.0423    axis=(  0.563748  0.342807 -0.751447)
     H    9    Vyy=   -0.6389    axis=(  0.330643  0.740050  0.585662)
     H    9    Vzz=    0.6812    axis=(  0.756877 -0.578627  0.303855)
     H    9  Q=         1.0000 1e-30 m^2  Cq=         1.6005 MHz  eta= 0.87572

     C   10    Vxx=   -0.0661    axis=(  0.837589 -0.216050 -0.501763)
     C   10    Vyy=   -0.6302    axis=( -0.344562  0.503823 -0.792111)
     C   10    Vzz=    0.6963    axis=(  0.423936  0.836352  0.347554)
     C   10  Q=         1.0000 1e-30 m^2  Cq=         1.6360 MHz  eta= 0.81008

     C   11    Vxx=    0.0494    axis=(  0.107570 -0.050261  0.992926)
     C   11    Vyy=    0.5254    axis=( -0.073018  0.995625  0.058308)
     C   11    Vzz=   -0.5747    axis=( -0.991513 -0.078774  0.103429)
     C   11  Q=         1.0000 1e-30 m^2  Cq=        -1.3504 MHz  eta= 0.82825

     Cl  12    Vxx=   -1.3650    axis=( -0.638530  0.380490  0.668960)
     Cl  12    Vyy=   -3.0749    axis=(  0.440080 -0.532573  0.722977)
     Cl  12    Vzz=    4.4399    axis=(  0.631355  0.756038  0.172618)
     Cl  12  Q=        -8.1650 1e-30 m^2  Cq=       -85.1770 MHz  eta= 0.38514

     H   13    Vxx=   -0.1283    axis=(  0.642340 -0.307182  0.702167)
     H   13    Vyy=   -0.2434    axis=( -0.738237 -0.001826  0.674539)
     H   13    Vzz=    0.3717    axis=(  0.205924  0.951649  0.227946)
     H   13  Q=         1.0000 1e-30 m^2  Cq=         0.8734 MHz  eta= 0.30978

     C   14    Vxx=   -0.0570    axis=(  0.384673 -0.398734 -0.832489)
     C   14    Vyy=   -0.6289    axis=(  0.815450 -0.275798  0.508897)
     C   14    Vzz=    0.6859    axis=(  0.432513  0.874612 -0.219056)
     C   14  Q=         1.0000 1e-30 m^2  Cq=         1.6115 MHz  eta= 0.83382

     H   15    Vxx=   -0.1148    axis=( -0.375993  0.330391  0.865720)
     H   15    Vyy=   -0.2500    axis=( -0.282193  0.849069 -0.446597)
     H   15    Vzz=    0.3649    axis=(  0.882608  0.412217  0.226010)
     H   15  Q=         1.0000 1e-30 m^2  Cq=         0.8573 MHz  eta= 0.37054

     C   16    Vxx=   -0.0645    axis=(  0.485209 -0.266856  0.832682)
     C   16    Vyy=   -0.5637    axis=(  0.452075 -0.738581 -0.500126)
     C   16    Vzz=    0.6282    axis=( -0.748466 -0.619100  0.237727)
     C   16  Q=         1.0000 1e-30 m^2  Cq=         1.4760 MHz  eta= 0.79478

     C   17    Vxx=    0.1131    axis=( -0.675421  0.367358  0.639417)
     C   17    Vyy=    0.3628    axis=( -0.370040 -0.918855  0.137025)
     C   17    Vzz=   -0.4759    axis=(  0.637869 -0.144060  0.756552)
     C   17  Q=         1.0000 1e-30 m^2  Cq=        -1.1183 MHz  eta= 0.52464

     Cl  18    Vxx=   -1.5990    axis=(  0.217505  0.007551  0.976030)
     Cl  18    Vyy=   -2.5689    axis=(  0.612515  0.777506 -0.142512)
     Cl  18    Vzz=    4.1679    axis=( -0.759945  0.628830  0.164486)
     Cl  18  Q=        -8.1650 1e-30 m^2  Cq=       -79.9597 MHz  eta= 0.23271

     H   19    Vxx=   -0.0597    axis=(  0.073802  0.670543  0.738191)
     H   19    Vyy=   -0.4488    axis=( -0.947243 -0.184372  0.262178)
     H   19    Vzz=    0.5085    axis=(  0.311903 -0.718596  0.621560)
     H   19  Q=         1.0000 1e-30 m^2  Cq=         1.1948 MHz  eta= 0.76509

     C   20    Vxx=   -0.0415    axis=( -0.298495  0.324012  0.897729)
     C   20    Vyy=   -0.8453    axis=( -0.650666  0.619054 -0.439778)
     C   20    Vzz=    0.8868    axis=( -0.698236 -0.715394  0.026039)
     C   20  Q=         1.0000 1e-30 m^2  Cq=         2.0836 MHz  eta= 0.90642

     H   21    Vxx=   -0.0138    axis=( -0.010917  0.998111 -0.060459)
     H   21    Vyy=   -0.5780    axis=( -0.424526  0.050116  0.904027)
     H   21    Vzz=    0.5919    axis=(  0.905350  0.035536  0.423177)
     H   21  Q=         1.0000 1e-30 m^2  Cq=         1.3907 MHz  eta= 0.95326

     C   22    Vxx=   -0.1474    axis=(  0.669722 -0.735058 -0.105653)
     C   22    Vyy=   -0.3869    axis=(  0.627332  0.483866  0.610187)
     C   22    Vzz=    0.5343    axis=( -0.397401 -0.474935  0.785181)
     C   22  Q=         1.0000 1e-30 m^2  Cq=         1.2554 MHz  eta= 0.44829

     C   23    Vxx=   -0.1450    axis=( -0.408030  0.357271  0.840160)
     C   23    Vyy=   -0.4626    axis=( -0.624569  0.561979 -0.542304)
     C   23    Vzz=    0.6075    axis=( -0.665902 -0.746014 -0.006164)
     C   23  Q=         1.0000 1e-30 m^2  Cq=         1.4274 MHz  eta= 0.52280

     Cl  24    Vxx=   -0.2380    axis=(  0.748950  0.037314  0.661575)
     Cl  24    Vyy=   -2.1366    axis=(  0.517525 -0.656455 -0.548849)
     Cl  24    Vzz=    2.3745    axis=( -0.413814 -0.753442  0.510963)
     Cl  24  Q=        -8.1650 1e-30 m^2  Cq=       -45.5539 MHz  eta= 0.79957

     Initialization:
     gipaw_setup  :      9.00s CPU     10.67s WALL (       1 calls)

     Linear response

     Apply operators

     Induced current

     Other routines
     efg          :      9.25s CPU     11.18s WALL (       1 calls)

     General routines
     calbec       :      3.23s CPU      4.12s WALL (      16 calls)
     fft          :      1.56s CPU      2.52s WALL (      15 calls)
     ffts         :      0.04s CPU      0.04s WALL (       2 calls)
     fftw         :      3.18s CPU      3.72s WALL (     672 calls)
     davcio       :      0.02s CPU      0.32s WALL (      32 calls)

     Parallel routines
     fft_scatter  :      2.03s CPU      3.45s WALL (     689 calls)

     Plugins

     GIPAW        :     60.48s CPU     73.21s WALL (       1 calls)
