
     Program QE v.6.0 (svn rev. 13079) starts on 20Jan2017 at  4: 2:31 

     This program is part of the open-source Quantum ESPRESSO suite
     for quantum simulation of materials; please cite
         "P. Giannozzi et al., J. Phys.:Condens. Matter 21 395502 (2009);
          URL http://www.quantum-espresso.org", 
     in publications or presentations arising from this work. More details at
     http://www.quantum-espresso.org/quote

     Parallel version (MPI), running on     8 processors
     R & G space division:  proc/nbgrp/npool/nimage =       8

     ***** This is GIPAW svn revision unknown      *****

     Parallelizing q-star over 1 images

     Reading data from directory:
     /users/majewski/paradichlorobenzene/pbe/9_constraint/scratch/pbe.ecut100.np8.dt60.pcl2phi-129368.save
     Message from routine read_xml_file:
     file /users/majewski/paradichlorobenzene/pbe/9_constraint/scratch/pbe.ecut100.np8.dt60.pcl2phi-129368.save not guaranteed to be safe for post-processing

   Info: using nr1, nr2, nr3 values from input

   Info: using nr1, nr2, nr3 values from input

     IMPORTANT: XC functional enforced from input :
     Exchange-correlation      =  SLA  PW   PBX  PBC ( 1  4  3  4 0 0)
     Any further DFT definition will be discarded
     Please, verify this is what you really want

               file C.pbe-n-kjpaw_psl.1.0.0.UPF: wavefunction(s)  2S 2P renormalized
               file Cl.pbe-n-kjpaw_psl.1.0.0.UPF: wavefunction(s)  3S 3P renormalized
               file H.pbe-kjpaw_psl.1.0.0.UPF: wavefunction(s)  1S renormalized

     Parallelization info
     --------------------
     sticks:   dense  smooth     PW     G-vecs:    dense   smooth      PW
     Min        3057    1223    332               144436    36536    5170
     Max        3059    1225    333               144437    36537    5171
     Sum       24467    9791   2657              1155489   292295   41363


     Subspace diagonalization in iterative solution of the eigenvalue problem:
     a serial algorithm will be used

     GIPAW projectors -----------------------------------------------
     atom=  C    l=0  rc=    1.2000  rs=    0.8000
     atom=  C    l=0  rc=    1.2000  rs=    0.8000
     atom=  C    l=1  rc=    1.4000  rs=    0.9333
     atom=  C    l=1  rc=    1.4000  rs=    0.9333
     projs nearly linearly dependent: l=1  n1,n2= 1, 2  s=  0.99951561

     atom=  Cl   l=0  rc=    1.6000  rs=    1.0667
     atom=  Cl   l=0  rc=    1.6000  rs=    1.0667
     atom=  Cl   l=1  rc=    1.6000  rs=    1.0667
     atom=  Cl   l=1  rc=    1.6000  rs=    1.0667
     atom=  Cl   l=2  rc=    1.6000  rs=    1.0667
     atom=  Cl   l=2  rc=    1.6000  rs=    1.0667
     projs nearly linearly dependent: l=2  n1,n2= 1, 2  s=  0.99993509

     atom=  H    l=0  rc=    1.0000  rs=    0.6667
     atom=  H    l=0  rc=    1.0000  rs=    0.6667
     projs nearly linearly dependent: l=0  n1,n2= 1, 2  s=  0.99968852
     -----------------------------------------------------------------

     GIPAW integrals: -------------------------------------------
     Atom  i/j   nmr_para   nmr_dia   epr_rmc  epr_para   epr_dia
       C   1 1   0.83E+03  0.17E-01  0.93E+01  0.24E+08  0.24E+03
       C   2 1   0.86E+03 -0.61E-01  0.94E+01  0.25E+08  0.25E+03
       C   2 2   0.90E+03 -0.15E+00  0.97E+01  0.26E+08  0.26E+03
       C   3 3   0.33E+01  0.34E+00  0.18E+01  0.55E+03  0.21E+02
       C   4 3   0.35E+01  0.37E+00  0.20E+01  0.59E+03  0.22E+02
       C   4 4   0.38E+01  0.39E+00  0.22E+01  0.63E+03  0.24E+02
       Cl  1 1   0.14E+04 -0.47E+00  0.84E+01  0.32E+09  0.42E+03
       Cl  2 1   0.21E+04 -0.37E+00  0.12E+02  0.49E+09  0.65E+03
       Cl  2 2   0.33E+04 -0.16E+00  0.21E+02  0.76E+09  0.10E+04
       Cl  3 3   0.21E+02  0.79E-01  0.89E+01  0.23E+05  0.13E+03
       Cl  4 3   0.24E+02  0.67E-01  0.99E+01  0.27E+05  0.15E+03
       Cl  4 4   0.28E+02  0.44E-01  0.11E+02  0.32E+05  0.18E+03
       Cl  5 5   0.77E+00  0.19E+00  0.18E+01  0.12E+03  0.22E+02
       Cl  6 5   0.80E+00  0.19E+00  0.19E+01  0.12E+03  0.23E+02
       Cl  6 6   0.83E+00  0.20E+00  0.19E+01  0.12E+03  0.23E+02
       H   1 1   0.39E+02  0.19E+00  0.29E+00  0.78E+05  0.13E+02
       H   2 1   0.41E+02  0.21E+00  0.32E+00  0.82E+05  0.14E+02
       H   2 2   0.43E+02  0.22E+00  0.36E+00  0.86E+05  0.15E+02
     ------------------------------------------------------------

     alpha_pv=     34.3789 eV

     Number of occupied bands for each k-point:
     k-point:     1    nbnd_occ=  42
     k-point:     2    nbnd_occ=  42
     k-point:     3    nbnd_occ=  42
     k-point:     4    nbnd_occ=  42
     k-point:     5    nbnd_occ=  42
     k-point:     6    nbnd_occ=  42
     k-point:     7    nbnd_occ=  42
     k-point:     8    nbnd_occ=  42
     k-point:     9    nbnd_occ=  42
     k-point:    10    nbnd_occ=  42
     k-point:    11    nbnd_occ=  42
     k-point:    12    nbnd_occ=  42
     k-point:    13    nbnd_occ=  42
     k-point:    14    nbnd_occ=  42
     k-point:    15    nbnd_occ=  42
     k-point:    16    nbnd_occ=  42


     q-space interpolation up to   110.00 Rydberg

     GIPAW job: efg                                                                             


     ELECTRIC FIELD GRADIENTS TENSORS IN Hartree/bohrradius^2:

     ----- bare term -----
     Cl   1        0.138351        0.022673        0.024305
     Cl   1        0.022673       -0.182217       -0.102348
     Cl   1        0.024305       -0.102348        0.043866

     C    2       -0.665052        0.456444       -0.300730
     C    2        0.456444        0.279540       -0.152995
     C    2       -0.300730       -0.152995        0.385512

     C    3        0.327448        0.032995       -0.183634
     C    3        0.032995       -0.195917       -0.341813
     C    3       -0.183634       -0.341813       -0.131530

     H    4        0.028595        0.102124       -0.501110
     H    4        0.102124        0.078374        0.238523
     H    4       -0.501110        0.238523       -0.106969

     C    5       -0.411003        0.309620        0.023266
     C    5        0.309620        0.182040       -0.015153
     C    5        0.023266       -0.015153        0.228963

     H    6        0.504123        0.053679       -0.132479
     H    6        0.053679        0.040330       -0.149800
     H    6       -0.132479       -0.149800       -0.544453

     H    7        0.416081        0.039430       -0.014034
     H    7        0.039430       -0.748537        0.014393
     H    7       -0.014034        0.014393        0.332457

     C    8        0.141291        0.075118       -0.125593
     C    8        0.075118       -0.207496        0.187929
     C    8       -0.125593        0.187929        0.066205

     H    9       -0.153231        0.369808        0.051931
     H    9        0.369808       -0.147556       -0.150453
     H    9        0.051931       -0.150453        0.300788

     C   10       -0.303889       -0.064572        0.056764
     C   10       -0.064572       -0.098046       -0.142009
     C   10        0.056764       -0.142009        0.401935

     C   11        0.186874       -0.031537       -0.095308
     C   11       -0.031537       -0.100570        0.502802
     C   11       -0.095308        0.502802       -0.086303

     Cl  12        0.045271       -0.222355        0.064591
     Cl  12       -0.222355       -0.131094       -0.331268
     Cl  12        0.064591       -0.331268        0.085824

     H   13        0.488040       -0.043915       -0.036189
     H   13       -0.043915       -0.068460       -0.563467
     H   13       -0.036189       -0.563467       -0.419580

     C   14       -0.159094       -0.074161       -0.375366
     C   14       -0.074161       -0.125666       -0.368003
     C   14       -0.375366       -0.368003        0.284760

     H   15       -0.128415       -0.157708       -0.458472
     H   15       -0.157708        0.434166       -0.144368
     H   15       -0.458472       -0.144368       -0.305750

     C   16       -0.425211        0.352692       -0.348487
     C   16        0.352692       -0.035111       -0.176061
     C   16       -0.348487       -0.176061        0.460322

     C   17       -0.088728       -0.232023       -0.329706
     C   17       -0.232023        0.036760       -0.745352
     C   17       -0.329706       -0.745352        0.051968

     Cl  18       -0.219311        0.298324        0.003122
     Cl  18        0.298324        0.037787       -0.028562
     Cl  18        0.003122       -0.028562        0.181524

     H   19        0.192515       -0.022176       -0.097716
     H   19       -0.022176       -0.492983        0.624018
     H   19       -0.097716        0.624018        0.300468

     C   20       -0.885628       -0.367979       -0.456018
     C   20       -0.367979        0.389805        0.004879
     C   20       -0.456018        0.004879        0.495823

     H   21       -0.485875        0.214132        0.254931
     H   21        0.214132        0.345502        0.111327
     H   21        0.254931        0.111327        0.140373

     C   22        0.203499       -0.004824       -0.042240
     C   22       -0.004824       -0.522309        0.416352
     C   22       -0.042240        0.416352        0.318810

     C   23       -0.824293       -0.382559       -0.324465
     C   23       -0.382559        0.288237        0.000058
     C   23       -0.324465        0.000058        0.536055

     Cl  24       -0.024313       -0.002553        0.056209
     Cl  24       -0.002553       -0.032410       -0.044969
     Cl  24        0.056209       -0.044969        0.056723

     ----- ionic term -----
     Cl   1        0.112904       -0.234827       -0.032881
     Cl   1       -0.234827        0.023372        0.031649
     Cl   1       -0.032881        0.031649       -0.136276

     C    2        0.087175       -0.284166        0.228403
     C    2       -0.284166        0.024628        0.449361
     C    2        0.228403        0.449361       -0.111803

     C    3        0.050381       -0.231320        0.164158
     C    3       -0.231320        0.112152        0.455562
     C    3        0.164158        0.455562       -0.162533

     H    4        0.498541        0.336917        0.682538
     H    4        0.336917       -0.389303        0.285104
     H    4        0.682538        0.285104       -0.109238

     C    5        0.196878       -0.234948        0.254326
     C    5       -0.234948       -0.009326        0.307557
     C    5        0.254326        0.307557       -0.187552

     H    6       -0.543520        0.098295        0.078358
     H    6        0.098295        0.511835        0.802093
     H    6        0.078358        0.802093        0.031684

     H    7       -0.513315        0.000680       -0.021407
     H    7        0.000680        0.724810       -0.679419
     H    7       -0.021407       -0.679419       -0.211495

     C    8        0.399799        0.084089        0.049759
     C    8        0.084089        0.121001       -0.289415
     C    8        0.049759       -0.289415       -0.520799

     H    9        0.820540       -0.503289        0.301911
     H    9       -0.503289       -0.275823       -0.174298
     H    9        0.301911       -0.174298       -0.544717

     C   10        0.253707        0.162602        0.031402
     C   10        0.162602        0.234178       -0.344343
     C   10        0.031402       -0.344343       -0.487885

     C   11        0.256457        0.146130        0.029306
     C   11        0.146130        0.205208       -0.374557
     C   11        0.029306       -0.374557       -0.461665

     Cl  12        0.133577        0.191195       -0.045436
     Cl  12        0.191195        0.011055       -0.045433
     Cl  12       -0.045436       -0.045433       -0.144632

     H   13       -0.501170        0.093261        0.129442
     H   13        0.093261        0.345754        0.788214
     H   13        0.129442        0.788214        0.155416

     C   14        0.225076       -0.293948        0.304820
     C   14       -0.293948       -0.064148        0.280230
     C   14        0.304820        0.280230       -0.160928

     H   15        0.550749        0.098632        0.728238
     H   15        0.098632       -0.547991        0.160864
     H   15        0.728238        0.160864       -0.002758

     C   16        0.122519       -0.351765        0.177602
     C   16       -0.351765        0.013456        0.384306
     C   16        0.177602        0.384306       -0.135975

     C   17        0.230602       -0.254481        0.269805
     C   17       -0.254481       -0.114140        0.384216
     C   17        0.269805        0.384216       -0.116463

     Cl  18        0.182207       -0.198713        0.006998
     Cl  18       -0.198713       -0.033899        0.010254
     Cl  18        0.006998        0.010254       -0.148308

     H   19       -0.495113       -0.180914        0.083119
     H   19       -0.180914        0.637589       -0.700427
     H   19        0.083119       -0.700427       -0.142476

     C   20        0.375743        0.121723        0.021643
     C   20        0.121723        0.065865       -0.332094
     C   20        0.021643       -0.332094       -0.441609

     H   21        0.803490       -0.543445        0.317875
     H   21       -0.543445       -0.256400       -0.188046
     H   21        0.317875       -0.188046       -0.547090

     C   22        0.221188        0.118065       -0.007826
     C   22        0.118065        0.280326       -0.411858
     C   22       -0.007826       -0.411858       -0.501514

     C   23        0.277784        0.008837        0.090389
     C   23        0.008837        0.262807       -0.375151
     C   23        0.090389       -0.375151       -0.540591

     Cl  24        0.162619        0.234178       -0.009797
     Cl  24        0.234178       -0.001664       -0.010335
     Cl  24       -0.009797       -0.010335       -0.160955

     ----- GIPAW term -----
     Cl   1       -0.110686       -0.485258        0.436263
     Cl   1       -0.485258        1.388274        1.476998
     Cl   1        0.436263        1.476998       -1.277588

     C    2       -0.148046       -0.017752       -0.024728
     C    2       -0.017752        0.251064       -0.031805
     C    2       -0.024728       -0.031805       -0.103018

     C    3       -0.000247       -0.011941       -0.014917
     C    3       -0.011941        0.066742       -0.008309
     C    3       -0.014917       -0.008309       -0.066495

     H    4       -0.000000        0.000000        0.000000
     H    4        0.000000        0.000000        0.000000
     H    4        0.000000        0.000000        0.000000

     C    5       -0.055431       -0.029222        0.040563
     C    5       -0.029222        0.069956       -0.027558
     C    5        0.040563       -0.027558       -0.014525

     H    6       -0.000000        0.000000        0.000000
     H    6        0.000000        0.000000        0.000000
     H    6        0.000000        0.000000        0.000000

     H    7       -0.000000        0.000000        0.000000
     H    7        0.000000        0.000000        0.000000
     H    7        0.000000        0.000000        0.000000

     C    8       -0.000189       -0.001259        0.000543
     C    8       -0.001259        0.072893        0.020416
     C    8        0.000543        0.020416       -0.072704

     H    9       -0.000000        0.000000        0.000000
     H    9        0.000000        0.000000        0.000000
     H    9        0.000000        0.000000        0.000000

     C   10       -0.018037        0.023923        0.013881
     C   10        0.023923        0.007309       -0.024896
     C   10        0.013881       -0.024896        0.010729

     C   11        0.000544       -0.020209       -0.010983
     C   11       -0.020209        0.123000        0.038971
     C   11       -0.010983        0.038971       -0.123545

     Cl  12       -0.563770       -0.063107       -0.307026
     Cl  12       -0.063107        0.374508        1.101324
     Cl  12       -0.307026        1.101324        0.189261

     H   13       -0.000000        0.000000        0.000000
     H   13        0.000000        0.000000        0.000000
     H   13        0.000000        0.000000        0.000000

     C   14       -0.067646       -0.111853       -0.109479
     C   14       -0.111853        0.046199        0.061390
     C   14       -0.109479        0.061390        0.021446

     H   15       -0.000000        0.000000        0.000000
     H   15        0.000000        0.000000        0.000000
     H   15        0.000000        0.000000        0.000000

     C   16       -0.090198       -0.050272       -0.149626
     C   16       -0.050272        0.032955        0.089393
     C   16       -0.149626        0.089393        0.057243

     C   17       -0.060980       -0.157737       -0.026486
     C   17       -0.157737        0.163084       -0.224799
     C   17       -0.026486       -0.224799       -0.102104

     Cl  18       -1.113741        0.194357       -0.284649
     Cl  18        0.194357        2.619227       -1.137200
     Cl  18       -0.284649       -1.137200       -1.505486

     H   19       -0.000000        0.000000        0.000000
     H   19        0.000000        0.000000        0.000000
     H   19        0.000000        0.000000        0.000000

     C   20       -0.178936        0.053292       -0.083717
     C   20        0.053292        0.190181       -0.153486
     C   20       -0.083717       -0.153486       -0.011244

     H   21       -0.000000        0.000000        0.000000
     H   21        0.000000        0.000000        0.000000
     H   21        0.000000        0.000000        0.000000

     C   22       -0.044639        0.041494       -0.014210
     C   22        0.041494       -0.031365       -0.114073
     C   22       -0.014210       -0.114073        0.076004

     C   23       -0.179766       -0.004329       -0.014635
     C   23       -0.004329        0.109936       -0.195253
     C   23       -0.014635       -0.195253        0.069830

     Cl  24       -0.453924        1.563508        0.147226
     Cl  24        1.563508       -0.090955       -2.016546
     Cl  24        0.147226       -2.016546        0.544879

     ----- total EFG -----
     Cl   1        0.140569       -0.697412        0.427686
     Cl   1       -0.697412        1.229429        1.406298
     Cl   1        0.427686        1.406298       -1.369998

     C    2       -0.725923        0.154526       -0.097055
     C    2        0.154526        0.555231        0.264561
     C    2       -0.097055        0.264561        0.170691

     C    3        0.377582       -0.210266       -0.034393
     C    3       -0.210266       -0.017023        0.105440
     C    3       -0.034393        0.105440       -0.360559

     H    4        0.527136        0.439041        0.181428
     H    4        0.439041       -0.310930        0.523627
     H    4        0.181428        0.523627       -0.216207

     C    5       -0.269556        0.045451        0.318155
     C    5        0.045451        0.242670        0.264845
     C    5        0.318155        0.264845        0.026886

     H    6       -0.039397        0.151974       -0.054121
     H    6        0.151974        0.552165        0.652293
     H    6       -0.054121        0.652293       -0.512768

     H    7       -0.097234        0.040109       -0.035441
     H    7        0.040109       -0.023727       -0.665026
     H    7       -0.035441       -0.665026        0.120961

     C    8        0.540901        0.157947       -0.075291
     C    8        0.157947       -0.013602       -0.081069
     C    8       -0.075291       -0.081069       -0.527299

     H    9        0.667309       -0.133482        0.353841
     H    9       -0.133482       -0.423379       -0.324751
     H    9        0.353841       -0.324751       -0.243930

     C   10       -0.068220        0.121953        0.102047
     C   10        0.121953        0.143441       -0.511248
     C   10        0.102047       -0.511248       -0.075221

     C   11        0.443875        0.094384       -0.076985
     C   11        0.094384        0.227638        0.167216
     C   11       -0.076985        0.167216       -0.671513

     Cl  12       -0.384922       -0.094266       -0.287872
     Cl  12       -0.094266        0.254469        0.724623
     Cl  12       -0.287872        0.724623        0.130453

     H   13       -0.013130        0.049346        0.093254
     H   13        0.049346        0.277294        0.224747
     H   13        0.093254        0.224747       -0.264164

     C   14       -0.001664       -0.479962       -0.180025
     C   14       -0.479962       -0.143615       -0.026383
     C   14       -0.180025       -0.026383        0.145278

     H   15        0.422334       -0.059075        0.269766
     H   15       -0.059075       -0.113825        0.016496
     H   15        0.269766        0.016496       -0.308509

     C   16       -0.392890       -0.049345       -0.320511
     C   16       -0.049345        0.011299        0.297639
     C   16       -0.320511        0.297639        0.381591

     C   17        0.080894       -0.644241       -0.086387
     C   17       -0.644241        0.085705       -0.585935
     C   17       -0.086387       -0.585935       -0.166599

     Cl  18       -1.150844        0.293968       -0.274529
     Cl  18        0.293968        2.623114       -1.155508
     Cl  18       -0.274529       -1.155508       -1.472270

     H   19       -0.302598       -0.203089       -0.014598
     H   19       -0.203089        0.144606       -0.076409
     H   19       -0.014598       -0.076409        0.157992

     C   20       -0.688821       -0.192964       -0.518093
     C   20       -0.192964        0.645851       -0.480701
     C   20       -0.518093       -0.480701        0.042970

     H   21        0.317616       -0.329313        0.572806
     H   21       -0.329313        0.089102       -0.076720
     H   21        0.572806       -0.076720       -0.406718

     C   22        0.380047        0.154736       -0.064276
     C   22        0.154736       -0.273348       -0.109580
     C   22       -0.064276       -0.109580       -0.106699

     C   23       -0.726275       -0.378052       -0.248710
     C   23       -0.378052        0.660981       -0.570346
     C   23       -0.248710       -0.570346        0.065294

     Cl  24       -0.315619        1.795132        0.193637
     Cl  24        1.795132       -0.125029       -2.071851
     Cl  24        0.193637       -2.071851        0.440647

     ----- total EFG (symmetrized) -----
     Cl   1        0.140569       -0.697412        0.427686
     Cl   1       -0.697412        1.229429        1.406298
     Cl   1        0.427686        1.406298       -1.369998

     C    2       -0.725923        0.154526       -0.097055
     C    2        0.154526        0.555231        0.264561
     C    2       -0.097055        0.264561        0.170691

     C    3        0.377582       -0.210266       -0.034393
     C    3       -0.210266       -0.017023        0.105440
     C    3       -0.034393        0.105440       -0.360559

     H    4        0.527136        0.439041        0.181428
     H    4        0.439041       -0.310930        0.523627
     H    4        0.181428        0.523627       -0.216207

     C    5       -0.269556        0.045451        0.318155
     C    5        0.045451        0.242670        0.264845
     C    5        0.318155        0.264845        0.026886

     H    6       -0.039397        0.151974       -0.054121
     H    6        0.151974        0.552165        0.652293
     H    6       -0.054121        0.652293       -0.512768

     H    7       -0.097234        0.040109       -0.035441
     H    7        0.040109       -0.023727       -0.665026
     H    7       -0.035441       -0.665026        0.120961

     C    8        0.540901        0.157947       -0.075291
     C    8        0.157947       -0.013602       -0.081069
     C    8       -0.075291       -0.081069       -0.527299

     H    9        0.667309       -0.133482        0.353841
     H    9       -0.133482       -0.423379       -0.324751
     H    9        0.353841       -0.324751       -0.243930

     C   10       -0.068220        0.121953        0.102047
     C   10        0.121953        0.143441       -0.511248
     C   10        0.102047       -0.511248       -0.075221

     C   11        0.443875        0.094384       -0.076985
     C   11        0.094384        0.227638        0.167216
     C   11       -0.076985        0.167216       -0.671513

     Cl  12       -0.384922       -0.094266       -0.287872
     Cl  12       -0.094266        0.254469        0.724623
     Cl  12       -0.287872        0.724623        0.130453

     H   13       -0.013130        0.049346        0.093254
     H   13        0.049346        0.277294        0.224747
     H   13        0.093254        0.224747       -0.264164

     C   14       -0.001664       -0.479962       -0.180025
     C   14       -0.479962       -0.143615       -0.026383
     C   14       -0.180025       -0.026383        0.145278

     H   15        0.422334       -0.059075        0.269766
     H   15       -0.059075       -0.113825        0.016496
     H   15        0.269766        0.016496       -0.308509

     C   16       -0.392890       -0.049345       -0.320511
     C   16       -0.049345        0.011299        0.297639
     C   16       -0.320511        0.297639        0.381591

     C   17        0.080894       -0.644241       -0.086387
     C   17       -0.644241        0.085705       -0.585935
     C   17       -0.086387       -0.585935       -0.166599

     Cl  18       -1.150844        0.293968       -0.274529
     Cl  18        0.293968        2.623114       -1.155508
     Cl  18       -0.274529       -1.155508       -1.472270

     H   19       -0.302598       -0.203089       -0.014598
     H   19       -0.203089        0.144606       -0.076409
     H   19       -0.014598       -0.076409        0.157992

     C   20       -0.688821       -0.192964       -0.518093
     C   20       -0.192964        0.645851       -0.480701
     C   20       -0.518093       -0.480701        0.042970

     H   21        0.317616       -0.329313        0.572806
     H   21       -0.329313        0.089102       -0.076720
     H   21        0.572806       -0.076720       -0.406718

     C   22        0.380047        0.154736       -0.064276
     C   22        0.154736       -0.273348       -0.109580
     C   22       -0.064276       -0.109580       -0.106699

     C   23       -0.726275       -0.378052       -0.248710
     C   23       -0.378052        0.660981       -0.570346
     C   23       -0.248710       -0.570346        0.065294

     Cl  24       -0.315619        1.795132        0.193637
     Cl  24        1.795132       -0.125029       -2.071851
     Cl  24        0.193637       -2.071851        0.440647


     NQR/NMR SPECTROSCOPIC PARAMETERS:
     Cl   1    Vxx=    0.2118    axis=(  0.922389  0.129009  0.364081)
     Cl   1    Vyy=    1.9719    axis=(  0.262406 -0.900965 -0.345550)
     Cl   1    Vzz=   -2.1838    axis=(  0.283446  0.414269 -0.864893)
     Cl   1  Q=        -8.1650 1e-30 m^2  Cq=        41.8942 MHz  eta= 0.80599

     C    2    Vxx=    0.0663    axis=( -0.190603 -0.419921  0.887320)
     C    2    Vyy=    0.6963    axis=( -0.067437 -0.896155 -0.438587)
     C    2    Vzz=   -0.7627    axis=(  0.979348 -0.143434  0.142492)
     C    2  Q=         1.0000 1e-30 m^2  Cq=        -1.7920 MHz  eta= 0.82604

     C    3    Vxx=   -0.0839    axis=(  0.415293  0.866015  0.278477)
     C    3    Vyy=   -0.3912    axis=( -0.036532 -0.290000  0.956329)
     C    3    Vzz=    0.4752    axis=(  0.908954 -0.407330 -0.088797)
     C    3  Q=         1.0000 1e-30 m^2  Cq=         1.1165 MHz  eta= 0.64665

     H    4    Vxx=   -0.0370    axis=(  0.564487 -0.435565 -0.701169)
     H    4    Vyy=   -0.8238    axis=(  0.168073 -0.771001  0.614255)
     H    4    Vzz=    0.8608    axis=( -0.808150 -0.464587 -0.362013)
     H    4  Q=         1.0000 1e-30 m^2  Cq=         2.0225 MHz  eta= 0.91405

     C    5    Vxx=   -0.0008    axis=(  0.514458 -0.673479  0.530810)
     C    5    Vyy=   -0.4891    axis=( -0.801943 -0.158648  0.575949)
     C    5    Vzz=    0.4899    axis=( -0.303678 -0.721981 -0.621710)
     C    5  Q=         1.0000 1e-30 m^2  Cq=         1.1510 MHz  eta= 0.99678

     H    6    Vxx=   -0.0373    axis=(  0.981897 -0.051414 -0.182304)
     H    6    Vyy=   -0.8388    axis=(  0.142580 -0.432982  0.890055)
     H    6    Vzz=    0.8761    axis=( -0.124696 -0.899935 -0.417813)
     H    6  Q=         1.0000 1e-30 m^2  Cq=         2.0584 MHz  eta= 0.91483

     H    7    Vxx=   -0.1006    axis=(  0.997825 -0.034452  0.056198)
     H    7    Vyy=   -0.6204    axis=( -0.011877  0.744623  0.667379)
     H    7    Vzz=    0.7210    axis=( -0.064839 -0.666595  0.742595)
     H    7  Q=         1.0000 1e-30 m^2  Cq=         1.6941 MHz  eta= 0.72091

     C    8    Vxx=   -0.0484    axis=(  0.271228 -0.955126  0.119033)
     C    8    Vyy=   -0.5422    axis=( -0.048772 -0.137148 -0.989349)
     C    8    Vzz=    0.5906    axis=(  0.961279  0.262534 -0.083781)
     C    8  Q=         1.0000 1e-30 m^2  Cq=         1.3877 MHz  eta= 0.83626

     H    9    Vxx=   -0.1526    axis=( -0.393810 -0.619904  0.678699)
     H    9    Vyy=   -0.6807    axis=( -0.092996  0.761446  0.641523)
     H    9    Vzz=    0.8333    axis=(  0.914476 -0.189521  0.357514)
     H    9  Q=         1.0000 1e-30 m^2  Cq=         1.9579 MHz  eta= 0.63369

     C   10    Vxx=   -0.0181    axis=(  0.947970  0.158370  0.276175)
     C   10    Vyy=   -0.5404    axis=( -0.314293  0.603774  0.732582)
     C   10    Vzz=    0.5585    axis=( -0.050728 -0.781265  0.622135)
     C   10  Q=         1.0000 1e-30 m^2  Cq=         1.3122 MHz  eta= 0.93512

     C   11    Vxx=    0.2296    axis=( -0.334118  0.921180  0.199481)
     C   11    Vyy=    0.4794    axis=(  0.939095  0.343414 -0.012921)
     C   11    Vzz=   -0.7091    axis=(  0.080407 -0.183014  0.979817)
     C   11  Q=         1.0000 1e-30 m^2  Cq=        -1.6660 MHz  eta= 0.35234

     Cl  12    Vxx=   -0.3321    axis=(  0.795575  0.517343 -0.315305)
     Cl  12    Vyy=   -0.6396    axis=( -0.574269  0.478080 -0.664571)
     Cl  12    Vzz=    0.9717    axis=(  0.193070 -0.709786 -0.677443)
     Cl  12  Q=        -8.1650 1e-30 m^2  Cq=       -18.6419 MHz  eta= 0.31640

     H   13    Vxx=   -0.0143    axis=(  0.957897 -0.258472  0.125002)
     H   13    Vyy=   -0.3602    axis=( -0.205084 -0.311279  0.927926)
     H   13    Vzz=    0.3744    axis=( -0.200932 -0.914493 -0.351182)
     H   13  Q=         1.0000 1e-30 m^2  Cq=         0.8798 MHz  eta= 0.92375

     C   14    Vxx=    0.1239    axis=( -0.163974  0.383767 -0.908755)
     C   14    Vyy=    0.4603    axis=(  0.734506 -0.567445 -0.372165)
     C   14    Vzz=   -0.5843    axis=(  0.658493  0.728511  0.188833)
     C   14  Q=         1.0000 1e-30 m^2  Cq=        -1.3728 MHz  eta= 0.57577

     H   15    Vxx=   -0.1139    axis=( -0.039375 -0.989587 -0.138442)
     H   15    Vyy=   -0.4014    axis=(  0.316717  0.119045 -0.941020)
     H   15    Vzz=    0.5153    axis=(  0.947702 -0.080900  0.308732)
     H   15  Q=         1.0000 1e-30 m^2  Cq=         1.2107 MHz  eta= 0.55802

     C   16    Vxx=   -0.1230    axis=( -0.264033 -0.894785  0.360065)
     C   16    Vyy=   -0.5151    axis=( -0.920889  0.122864 -0.369956)
     C   16    Vzz=    0.6381    axis=( -0.286792  0.429261  0.856438)
     C   16  Q=         1.0000 1e-30 m^2  Cq=         1.4993 MHz  eta= 0.61438

     C   17    Vxx=    0.0326    axis=(  0.672091  0.147639 -0.725600)
     C   17    Vyy=    0.8702    axis=( -0.562587  0.738948 -0.370745)
     C   17    Vzz=   -0.9028    axis=(  0.481444  0.657388  0.579700)
     C   17  Q=         1.0000 1e-30 m^2  Cq=        -2.1212 MHz  eta= 0.92770

     Cl  18    Vxx=   -1.1258    axis=(  0.956153 -0.152116 -0.250266)
     Cl  18    Vyy=   -1.8315    axis=(  0.279948  0.223697  0.933589)
     Cl  18    Vzz=    2.9572    axis=( -0.086030 -0.962715  0.256473)
     Cl  18  Q=        -8.1650 1e-30 m^2  Cq=       -56.7327 MHz  eta= 0.23864

     H   19    Vxx=    0.1194    axis=(  0.257610 -0.474741 -0.841581)
     H   19    Vyy=    0.2649    axis=(  0.272527 -0.799918  0.534660)
     H   19    Vzz=   -0.3842    axis=( -0.927020 -0.367087 -0.076687)
     H   19  Q=         1.0000 1e-30 m^2  Cq=        -0.9028 MHz  eta= 0.37871

     C   20    Vxx=    0.1358    axis=(  0.547688 -0.454700 -0.702343)
     C   20    Vyy=    0.9168    axis=( -0.060880 -0.858871  0.508562)
     C   20    Vzz=   -1.0526    axis=(  0.834465  0.235774  0.498075)
     C   20  Q=         1.0000 1e-30 m^2  Cq=        -2.4731 MHz  eta= 0.74202

     H   21    Vxx=   -0.0528    axis=(  0.313394  0.896617  0.312831)
     H   21    Vyy=   -0.7335    axis=( -0.504139 -0.122082  0.854950)
     H   21    Vzz=    0.7863    axis=(  0.804753 -0.425646  0.413760)
     H   21  Q=         1.0000 1e-30 m^2  Cq=         1.8475 MHz  eta= 0.86578

     C   22    Vxx=   -0.0835    axis=( -0.237678  0.332913 -0.912512)
     C   22    Vyy=   -0.3457    axis=( -0.161400  0.912837  0.375071)
     C   22    Vzz=    0.4292    axis=(  0.957841  0.236426 -0.163230)
     C   22  Q=         1.0000 1e-30 m^2  Cq=         1.0084 MHz  eta= 0.61107

     C   23    Vxx=   -0.0469    axis=(  0.493963 -0.370121 -0.786772)
     C   23    Vyy=   -0.9829    axis=( -0.861374 -0.331600 -0.384806)
     C   23    Vzz=    1.0298    axis=( -0.118468  0.867786 -0.482611)
     C   23  Q=         1.0000 1e-30 m^2  Cq=         2.4196 MHz  eta= 0.90898

     Cl  24    Vxx=    0.1934    axis=( -0.758647 -0.146652 -0.634781)
     Cl  24    Vyy=    2.6744    axis=( -0.377625 -0.694990  0.611873)
     Cl  24    Vzz=   -2.8678    axis=( -0.530899  0.703905  0.471873)
     Cl  24  Q=        -8.1650 1e-30 m^2  Cq=        55.0182 MHz  eta= 0.86512

     Initialization:
     gipaw_setup  :      9.21s CPU     11.02s WALL (       1 calls)

     Linear response

     Apply operators

     Induced current

     Other routines
     efg          :      9.44s CPU     12.53s WALL (       1 calls)

     General routines
     calbec       :      3.41s CPU      4.73s WALL (      16 calls)
     fft          :      1.40s CPU      1.74s WALL (      15 calls)
     ffts         :      0.04s CPU      0.04s WALL (       2 calls)
     fftw         :      3.41s CPU      4.50s WALL (     672 calls)
     davcio       :      0.02s CPU      0.30s WALL (      32 calls)

     Parallel routines
     fft_scatter  :      2.18s CPU      3.42s WALL (     689 calls)

     Plugins

     GIPAW        :     62.10s CPU     74.13s WALL (       1 calls)
