
     Program QE v.6.0 (svn rev. 13079) starts on 18Dec2016 at 12:30:21 

     This program is part of the open-source Quantum ESPRESSO suite
     for quantum simulation of materials; please cite
         "P. Giannozzi et al., J. Phys.:Condens. Matter 21 395502 (2009);
          URL http://www.quantum-espresso.org", 
     in publications or presentations arising from this work. More details at
     http://www.quantum-espresso.org/quote

     Parallel version (MPI), running on     8 processors
     R & G space division:  proc/nbgrp/npool/nimage =       8

     ***** This is GIPAW svn revision unknown      *****

     Parallelizing q-star over 1 images

     Reading data from directory:
     /users/majewski/paradichlorobenzene/pbe/9_constraint/scratch/pbe.ecut100.np8.dt60.pcl2phi-129368.save
     Message from routine read_xml_file:
     file /users/majewski/paradichlorobenzene/pbe/9_constraint/scratch/pbe.ecut100.np8.dt60.pcl2phi-129368.save not guaranteed to be safe for post-processing

   Info: using nr1, nr2, nr3 values from input

   Info: using nr1, nr2, nr3 values from input

     IMPORTANT: XC functional enforced from input :
     Exchange-correlation      =  SLA  PW   PBX  PBC ( 1  4  3  4 0 0)
     Any further DFT definition will be discarded
     Please, verify this is what you really want

               file C.pbe-n-kjpaw_psl.1.0.0.UPF: wavefunction(s)  2S 2P renormalized
               file Cl.pbe-n-kjpaw_psl.1.0.0.UPF: wavefunction(s)  3S 3P renormalized
               file H.pbe-kjpaw_psl.1.0.0.UPF: wavefunction(s)  1S renormalized

     Parallelization info
     --------------------
     sticks:   dense  smooth     PW     G-vecs:    dense   smooth      PW
     Min        3057    1223    332               144436    36536    5170
     Max        3059    1225    333               144437    36537    5171
     Sum       24467    9791   2657              1155489   292295   41363


     Subspace diagonalization in iterative solution of the eigenvalue problem:
     a serial algorithm will be used

     GIPAW projectors -----------------------------------------------
     atom=  C    l=0  rc=    1.2000  rs=    0.8000
     atom=  C    l=0  rc=    1.2000  rs=    0.8000
     atom=  C    l=1  rc=    1.4000  rs=    0.9333
     atom=  C    l=1  rc=    1.4000  rs=    0.9333
     projs nearly linearly dependent: l=1  n1,n2= 1, 2  s=  0.99951561

     atom=  Cl   l=0  rc=    1.6000  rs=    1.0667
     atom=  Cl   l=0  rc=    1.6000  rs=    1.0667
     atom=  Cl   l=1  rc=    1.6000  rs=    1.0667
     atom=  Cl   l=1  rc=    1.6000  rs=    1.0667
     atom=  Cl   l=2  rc=    1.6000  rs=    1.0667
     atom=  Cl   l=2  rc=    1.6000  rs=    1.0667
     projs nearly linearly dependent: l=2  n1,n2= 1, 2  s=  0.99993509

     atom=  H    l=0  rc=    1.0000  rs=    0.6667
     atom=  H    l=0  rc=    1.0000  rs=    0.6667
     projs nearly linearly dependent: l=0  n1,n2= 1, 2  s=  0.99968852
     -----------------------------------------------------------------

     GIPAW integrals: -------------------------------------------
     Atom  i/j   nmr_para   nmr_dia   epr_rmc  epr_para   epr_dia
       C   1 1   0.83E+03  0.17E-01  0.93E+01  0.24E+08  0.24E+03
       C   2 1   0.86E+03 -0.61E-01  0.94E+01  0.25E+08  0.25E+03
       C   2 2   0.90E+03 -0.15E+00  0.97E+01  0.26E+08  0.26E+03
       C   3 3   0.33E+01  0.34E+00  0.18E+01  0.55E+03  0.21E+02
       C   4 3   0.35E+01  0.37E+00  0.20E+01  0.59E+03  0.22E+02
       C   4 4   0.38E+01  0.39E+00  0.22E+01  0.63E+03  0.24E+02
       Cl  1 1   0.14E+04 -0.47E+00  0.84E+01  0.32E+09  0.42E+03
       Cl  2 1   0.21E+04 -0.37E+00  0.12E+02  0.49E+09  0.65E+03
       Cl  2 2   0.33E+04 -0.16E+00  0.21E+02  0.76E+09  0.10E+04
       Cl  3 3   0.21E+02  0.79E-01  0.89E+01  0.23E+05  0.13E+03
       Cl  4 3   0.24E+02  0.67E-01  0.99E+01  0.27E+05  0.15E+03
       Cl  4 4   0.28E+02  0.44E-01  0.11E+02  0.32E+05  0.18E+03
       Cl  5 5   0.77E+00  0.19E+00  0.18E+01  0.12E+03  0.22E+02
       Cl  6 5   0.80E+00  0.19E+00  0.19E+01  0.12E+03  0.23E+02
       Cl  6 6   0.83E+00  0.20E+00  0.19E+01  0.12E+03  0.23E+02
       H   1 1   0.39E+02  0.19E+00  0.29E+00  0.78E+05  0.13E+02
       H   2 1   0.41E+02  0.21E+00  0.32E+00  0.82E+05  0.14E+02
       H   2 2   0.43E+02  0.22E+00  0.36E+00  0.86E+05  0.15E+02
     ------------------------------------------------------------

     alpha_pv=     33.9414 eV

     Number of occupied bands for each k-point:
     k-point:     1    nbnd_occ=  42
     k-point:     2    nbnd_occ=  42
     k-point:     3    nbnd_occ=  42
     k-point:     4    nbnd_occ=  42
     k-point:     5    nbnd_occ=  42
     k-point:     6    nbnd_occ=  42
     k-point:     7    nbnd_occ=  42
     k-point:     8    nbnd_occ=  42
     k-point:     9    nbnd_occ=  42
     k-point:    10    nbnd_occ=  42
     k-point:    11    nbnd_occ=  42
     k-point:    12    nbnd_occ=  42
     k-point:    13    nbnd_occ=  42
     k-point:    14    nbnd_occ=  42
     k-point:    15    nbnd_occ=  42
     k-point:    16    nbnd_occ=  42


     q-space interpolation up to   110.00 Rydberg

     GIPAW job: efg                                                                             


     ELECTRIC FIELD GRADIENTS TENSORS IN Hartree/bohrradius^2:

     ----- bare term -----
     Cl   1       -0.007752        0.012283        0.071855
     Cl   1        0.012283       -0.030858        0.087337
     Cl   1        0.071855        0.087337        0.038610

     C    2       -0.097268        0.335617       -0.054339
     C    2        0.335617       -0.350057       -0.473430
     C    2       -0.054339       -0.473430        0.447325

     C    3       -0.346128        0.302082       -0.295019
     C    3        0.302082       -0.093806       -0.399634
     C    3       -0.295019       -0.399634        0.439934

     H    4       -0.086250       -0.227295       -0.405958
     H    4       -0.227295       -0.027458       -0.454801
     H    4       -0.405958       -0.454801        0.113708

     C    5       -0.518759        0.141031       -0.370875
     C    5        0.141031        0.010591       -0.330710
     C    5       -0.370875       -0.330710        0.508168

     H    6        0.191661        0.153967       -0.096171
     H    6        0.153967       -0.454327       -0.418512
     H    6       -0.096171       -0.418512        0.262666

     H    7        0.413934        0.139268       -0.038229
     H    7        0.139268       -0.684143        0.366774
     H    7       -0.038229        0.366774        0.270209

     C    8       -0.237095       -0.235928       -0.285033
     C    8       -0.235928       -0.066072        0.507001
     C    8       -0.285033        0.507001        0.303168

     H    9       -0.246439        0.552755       -0.171582
     H    9        0.552755       -0.151782        0.029111
     H    9       -0.171582        0.029111        0.398221

     C   10       -0.601675       -0.418000       -0.328338
     C   10       -0.418000        0.298468        0.180115
     C   10       -0.328338        0.180115        0.303206

     C   11        0.022511       -0.340251       -0.126123
     C   11       -0.340251       -0.088563        0.586724
     C   11       -0.126123        0.586724        0.066051

     Cl  12        0.001190       -0.174368        0.039327
     Cl  12       -0.174368        0.083306       -0.066713
     Cl  12        0.039327       -0.066713       -0.084496

     H   13        0.276916        0.252381       -0.158481
     H   13        0.252381       -0.615040        0.000770
     H   13       -0.158481        0.000770        0.338124

     C   14       -0.187516       -0.307169       -0.369191
     C   14       -0.307169        0.011588       -0.577218
     C   14       -0.369191       -0.577218        0.175928

     H   15       -0.115059       -0.376838       -0.301141
     H   15       -0.376838       -0.310034       -0.062085
     H   15       -0.301141       -0.062085        0.425092

     C   16       -0.598427        0.307230       -0.119867
     C   16        0.307230        0.208771       -0.230768
     C   16       -0.119867       -0.230768        0.389656

     C   17       -0.005701       -0.056893       -0.278623
     C   17       -0.056893       -0.165719       -0.474259
     C   17       -0.278623       -0.474259        0.171420

     Cl  18       -0.238823        0.270460        0.014443
     Cl  18        0.270460        0.088560        0.116811
     Cl  18        0.014443        0.116811        0.150263

     H   19        0.250972       -0.015271        0.041342
     H   19       -0.015271       -0.373496        0.547071
     H   19        0.041342        0.547071        0.122524

     C   20       -0.523543       -0.314145       -0.445619
     C   20       -0.314145        0.204815        0.271811
     C   20       -0.445619        0.271811        0.318728

     H   21       -0.385274        0.344749       -0.394774
     H   21        0.344749        0.145208        0.069037
     H   21       -0.394774        0.069037        0.240066

     C   22       -0.028515       -0.488444       -0.041498
     C   22       -0.488444       -0.418311        0.491384
     C   22       -0.041498        0.491384        0.446826

     C   23       -0.428304       -0.192343       -0.396031
     C   23       -0.192343        0.117843        0.315354
     C   23       -0.396031        0.315354        0.310461

     Cl  24        0.004124        0.028863       -0.023100
     Cl  24        0.028863        0.010640        0.004231
     Cl  24       -0.023100        0.004231       -0.014764

     ----- ionic term -----
     Cl   1        0.170128       -0.200314        0.030439
     Cl   1       -0.200314       -0.032652       -0.016529
     Cl   1        0.030439       -0.016529       -0.137476

     C    2        0.225084       -0.149165        0.251124
     C    2       -0.149165        0.127082        0.337424
     C    2        0.251124        0.337424       -0.352166

     C    3        0.146874       -0.211023        0.219991
     C    3       -0.211023        0.192807        0.331716
     C    3        0.219991        0.331716       -0.339681

     H    4        0.348488        0.449498        0.658492
     H    4        0.449498       -0.262510        0.383660
     H    4        0.658492        0.383660       -0.085978

     C    5        0.281146       -0.130502        0.296756
     C    5       -0.130502        0.073064        0.290624
     C    5        0.296756        0.290624       -0.354209

     H    6       -0.508701       -0.074690       -0.032529
     H    6       -0.074690        0.664335        0.682543
     H    6       -0.032529        0.682543       -0.155634

     H    7       -0.501821       -0.035660        0.039670
     H    7       -0.035660        0.652163       -0.709502
     H    7        0.039670       -0.709502       -0.150341

     C    8        0.403534        0.161169        0.273176
     C    8        0.161169       -0.007461       -0.293318
     C    8        0.273176       -0.293318       -0.396073

     H    9        0.658255       -0.458976        0.509697
     H    9       -0.458976       -0.358297       -0.254220
     H    9        0.509697       -0.254220       -0.299958

     C   10        0.254672        0.195334        0.165992
     C   10        0.195334        0.119560       -0.351534
     C   10        0.165992       -0.351534       -0.374233

     C   11        0.208974        0.136596        0.245584
     C   11        0.136596        0.120287       -0.371245
     C   11        0.245584       -0.371245       -0.329261

     Cl  12        0.117807        0.198187        0.014325
     Cl  12        0.198187        0.029578        0.010651
     Cl  12        0.014325        0.010651       -0.147385

     H   13       -0.517552       -0.069883       -0.023065
     H   13       -0.069883        0.889432        0.516393
     H   13       -0.023065        0.516393       -0.371880

     C   14        0.303348       -0.214533        0.239834
     C   14       -0.214533        0.125680        0.251659
     C   14        0.239834        0.251659       -0.429029

     H   15        0.683263        0.390615        0.570586
     H   15        0.390615       -0.346938        0.246559
     H   15        0.570586        0.246559       -0.336324

     C   16        0.247407       -0.271742        0.175341
     C   16       -0.271742        0.212429        0.311589
     C   16        0.175341        0.311589       -0.459836

     C   17        0.226760       -0.143032        0.269206
     C   17       -0.143032        0.177365        0.370294
     C   17        0.269206        0.370294       -0.404125

     Cl  18        0.191442       -0.203366        0.036592
     Cl  18       -0.203366       -0.025600       -0.009440
     Cl  18        0.036592       -0.009440       -0.165842

     H   19       -0.516423       -0.016096        0.018847
     H   19       -0.016096        0.673947       -0.705619
     H   19        0.018847       -0.705619       -0.157524

     C   20        0.357752        0.215881        0.205375
     C   20        0.215881        0.037854       -0.320541
     C   20        0.205375       -0.320541       -0.395605

     H   21        0.663052       -0.466027        0.527377
     H   21       -0.466027       -0.310048       -0.267101
     H   21        0.527377       -0.267101       -0.353004

     C   22        0.283556        0.262116        0.112710
     C   22        0.262116        0.144682       -0.352849
     C   22        0.112710       -0.352849       -0.428239

     C   23        0.324993        0.179894        0.245375
     C   23        0.179894        0.060440       -0.334755
     C   23        0.245375       -0.334755       -0.385433

     Cl  24        0.177593        0.228353        0.016572
     Cl  24        0.228353       -0.018247        0.005122
     Cl  24        0.016572        0.005122       -0.159347

     ----- GIPAW term -----
     Cl   1        1.649695       -1.333959        1.913665
     Cl   1       -1.333959       -1.089933        0.676712
     Cl   1        1.913665        0.676712       -0.559761

     C    2        0.110835       -0.094856        0.116396
     C    2       -0.094856       -0.120761       -0.101646
     C    2        0.116396       -0.101646        0.009926

     C    3       -0.103082        0.045997       -0.068811
     C    3        0.045997        0.023560       -0.039767
     C    3       -0.068811       -0.039767        0.079523

     H    4       -0.000000        0.000000        0.000000
     H    4        0.000000        0.000000        0.000000
     H    4        0.000000        0.000000        0.000000

     C    5       -0.096287        0.016287       -0.001179
     C    5        0.016287       -0.046409       -0.050343
     C    5       -0.001179       -0.050343        0.142696

     H    6       -0.000000        0.000000        0.000000
     H    6        0.000000        0.000000        0.000000
     H    6        0.000000        0.000000        0.000000

     H    7       -0.000000        0.000000        0.000000
     H    7        0.000000        0.000000        0.000000
     H    7        0.000000        0.000000        0.000000

     C    8       -0.061564       -0.095288       -0.053038
     C    8       -0.095288        0.086378        0.165827
     C    8       -0.053038        0.165827       -0.024814

     H    9       -0.000000        0.000000        0.000000
     H    9        0.000000        0.000000        0.000000
     H    9        0.000000        0.000000        0.000000

     C   10       -0.171765       -0.187021       -0.062912
     C   10       -0.187021        0.260408       -0.011154
     C   10       -0.062912       -0.011154       -0.088642

     C   11        0.057626       -0.131163       -0.010094
     C   11       -0.131163        0.136978        0.072258
     C   11       -0.010094        0.072258       -0.194604

     Cl  12        1.477711        0.422680        0.424788
     Cl  12        0.422680        0.756238       -0.630095
     Cl  12        0.424788       -0.630095       -2.233949

     H   13       -0.000000        0.000000        0.000000
     H   13        0.000000        0.000000        0.000000
     H   13        0.000000        0.000000        0.000000

     C   14       -0.012995       -0.215312        0.016142
     C   14       -0.215312        0.092015       -0.197356
     C   14        0.016142       -0.197356       -0.079020

     H   15       -0.000000        0.000000        0.000000
     H   15        0.000000        0.000000        0.000000
     H   15        0.000000        0.000000        0.000000

     C   16       -0.148697       -0.126931        0.007727
     C   16       -0.126931        0.244536       -0.034371
     C   16        0.007727       -0.034371       -0.095839

     C   17       -0.038344       -0.116428       -0.031708
     C   17       -0.116428        0.123280        0.095400
     C   17       -0.031708        0.095400       -0.084936

     Cl  18       -0.889538       -0.294819        0.324810
     Cl  18       -0.294819        1.668408        2.045069
     Cl  18        0.324810        2.045069       -0.778870

     H   19       -0.000000        0.000000        0.000000
     H   19        0.000000        0.000000        0.000000
     H   19        0.000000        0.000000        0.000000

     C   20       -0.045177       -0.149536       -0.053574
     C   20       -0.149536        0.074340        0.018327
     C   20       -0.053574        0.018327       -0.029164

     H   21       -0.000000        0.000000        0.000000
     H   21        0.000000        0.000000        0.000000
     H   21        0.000000        0.000000        0.000000

     C   22        0.074415       -0.088452        0.062074
     C   22       -0.088452       -0.117586        0.061428
     C   22        0.062074        0.061428        0.043171

     C   23       -0.049396        0.053520       -0.058726
     C   23        0.053520        0.124404       -0.007663
     C   23       -0.058726       -0.007663       -0.075008

     Cl  24        1.451088        2.473707       -0.171986
     Cl  24        2.473707        0.191216        0.048267
     Cl  24       -0.171986        0.048267       -1.642304

     ----- total EFG -----
     Cl   1        1.812071       -1.521990        2.015959
     Cl   1       -1.521990       -1.153443        0.747520
     Cl   1        2.015959        0.747520       -0.658627

     C    2        0.238651        0.091596        0.313180
     C    2        0.091596       -0.343736       -0.237652
     C    2        0.313180       -0.237652        0.105085

     C    3       -0.302336        0.137056       -0.143839
     C    3        0.137056        0.122561       -0.107685
     C    3       -0.143839       -0.107685        0.179775

     H    4        0.262238        0.222203        0.252534
     H    4        0.222203       -0.289968       -0.071141
     H    4        0.252534       -0.071141        0.027730

     C    5       -0.333900        0.026816       -0.075298
     C    5        0.026816        0.037246       -0.090429
     C    5       -0.075298       -0.090429        0.296654

     H    6       -0.317040        0.079277       -0.128700
     H    6        0.079277        0.210008        0.264031
     H    6       -0.128700        0.264031        0.107032

     H    7       -0.087888        0.103608        0.001440
     H    7        0.103608       -0.031980       -0.342728
     H    7        0.001440       -0.342728        0.119868

     C    8        0.104875       -0.170047       -0.064896
     C    8       -0.170047        0.012845        0.379510
     C    8       -0.064896        0.379510       -0.117719

     H    9        0.411816        0.093779        0.338114
     H    9        0.093779       -0.510079       -0.225109
     H    9        0.338114       -0.225109        0.098263

     C   10       -0.518767       -0.409687       -0.225258
     C   10       -0.409687        0.678436       -0.182572
     C   10       -0.225258       -0.182572       -0.159669

     C   11        0.289112       -0.334818        0.109367
     C   11       -0.334818        0.168702        0.287737
     C   11        0.109367        0.287737       -0.457814

     Cl  12        1.596708        0.446498        0.478439
     Cl  12        0.446498        0.869122       -0.686157
     Cl  12        0.478439       -0.686157       -2.465830

     H   13       -0.240636        0.182498       -0.181546
     H   13        0.182498        0.274392        0.517162
     H   13       -0.181546        0.517162       -0.033756

     C   14        0.102838       -0.737014       -0.113215
     C   14       -0.737014        0.229283       -0.522915
     C   14       -0.113215       -0.522915       -0.332121

     H   15        0.568204        0.013776        0.269445
     H   15        0.013776       -0.656972        0.184474
     H   15        0.269445        0.184474        0.088768

     C   16       -0.499717       -0.091443        0.063201
     C   16       -0.091443        0.665737        0.046450
     C   16        0.063201        0.046450       -0.166020

     C   17        0.182715       -0.316354       -0.041125
     C   17       -0.316354        0.134926       -0.008565
     C   17       -0.041125       -0.008565       -0.317640

     Cl  18       -0.936919       -0.227725        0.375845
     Cl  18       -0.227725        1.731368        2.152440
     Cl  18        0.375845        2.152440       -0.794450

     H   19       -0.265451       -0.031367        0.060189
     H   19       -0.031367        0.300451       -0.158548
     H   19        0.060189       -0.158548       -0.035000

     C   20       -0.210968       -0.247799       -0.293818
     C   20       -0.247799        0.317009       -0.030403
     C   20       -0.293818       -0.030403       -0.106041

     H   21        0.277778       -0.121278        0.132602
     H   21       -0.121278       -0.164840       -0.198065
     H   21        0.132602       -0.198065       -0.112938

     C   22        0.329456       -0.314780        0.133286
     C   22       -0.314780       -0.391214        0.199963
     C   22        0.133286        0.199963        0.061758

     C   23       -0.152707        0.041070       -0.209381
     C   23        0.041070        0.302687       -0.027065
     C   23       -0.209381       -0.027065       -0.149980

     Cl  24        1.632806        2.730923       -0.178514
     Cl  24        2.730923        0.183609        0.057620
     Cl  24       -0.178514        0.057620       -1.816415

     ----- total EFG (symmetrized) -----
     Cl   1        1.812071       -1.521990        2.015959
     Cl   1       -1.521990       -1.153443        0.747520
     Cl   1        2.015959        0.747520       -0.658627

     C    2        0.238651        0.091596        0.313180
     C    2        0.091596       -0.343736       -0.237652
     C    2        0.313180       -0.237652        0.105085

     C    3       -0.302336        0.137056       -0.143839
     C    3        0.137056        0.122561       -0.107685
     C    3       -0.143839       -0.107685        0.179775

     H    4        0.262238        0.222203        0.252534
     H    4        0.222203       -0.289968       -0.071141
     H    4        0.252534       -0.071141        0.027730

     C    5       -0.333900        0.026816       -0.075298
     C    5        0.026816        0.037246       -0.090429
     C    5       -0.075298       -0.090429        0.296654

     H    6       -0.317040        0.079277       -0.128700
     H    6        0.079277        0.210008        0.264031
     H    6       -0.128700        0.264031        0.107032

     H    7       -0.087888        0.103608        0.001440
     H    7        0.103608       -0.031980       -0.342728
     H    7        0.001440       -0.342728        0.119868

     C    8        0.104875       -0.170047       -0.064896
     C    8       -0.170047        0.012845        0.379510
     C    8       -0.064896        0.379510       -0.117719

     H    9        0.411816        0.093779        0.338114
     H    9        0.093779       -0.510079       -0.225109
     H    9        0.338114       -0.225109        0.098263

     C   10       -0.518767       -0.409687       -0.225258
     C   10       -0.409687        0.678436       -0.182572
     C   10       -0.225258       -0.182572       -0.159669

     C   11        0.289112       -0.334818        0.109367
     C   11       -0.334818        0.168702        0.287737
     C   11        0.109367        0.287737       -0.457814

     Cl  12        1.596708        0.446498        0.478439
     Cl  12        0.446498        0.869122       -0.686157
     Cl  12        0.478439       -0.686157       -2.465830

     H   13       -0.240636        0.182498       -0.181546
     H   13        0.182498        0.274392        0.517162
     H   13       -0.181546        0.517162       -0.033756

     C   14        0.102838       -0.737014       -0.113215
     C   14       -0.737014        0.229283       -0.522915
     C   14       -0.113215       -0.522915       -0.332121

     H   15        0.568204        0.013776        0.269445
     H   15        0.013776       -0.656972        0.184474
     H   15        0.269445        0.184474        0.088768

     C   16       -0.499717       -0.091443        0.063201
     C   16       -0.091443        0.665737        0.046450
     C   16        0.063201        0.046450       -0.166020

     C   17        0.182715       -0.316354       -0.041125
     C   17       -0.316354        0.134926       -0.008565
     C   17       -0.041125       -0.008565       -0.317640

     Cl  18       -0.936919       -0.227725        0.375845
     Cl  18       -0.227725        1.731368        2.152440
     Cl  18        0.375845        2.152440       -0.794450

     H   19       -0.265451       -0.031367        0.060189
     H   19       -0.031367        0.300451       -0.158548
     H   19        0.060189       -0.158548       -0.035000

     C   20       -0.210968       -0.247799       -0.293818
     C   20       -0.247799        0.317009       -0.030403
     C   20       -0.293818       -0.030403       -0.106041

     H   21        0.277778       -0.121278        0.132602
     H   21       -0.121278       -0.164840       -0.198065
     H   21        0.132602       -0.198065       -0.112938

     C   22        0.329456       -0.314780        0.133286
     C   22       -0.314780       -0.391214        0.199963
     C   22        0.133286        0.199963        0.061758

     C   23       -0.152707        0.041070       -0.209381
     C   23        0.041070        0.302687       -0.027065
     C   23       -0.209381       -0.027065       -0.149980

     Cl  24        1.632806        2.730923       -0.178514
     Cl  24        2.730923        0.183609        0.057620
     Cl  24       -0.178514        0.057620       -1.816415


     NQR/NMR SPECTROSCOPIC PARAMETERS:
     Cl   1    Vxx=   -0.2113    axis=( -0.121338  0.729824  0.672780)
     Cl   1    Vyy=   -2.9651    axis=(  0.462636  0.641249 -0.612182)
     Cl   1    Vzz=    3.1764    axis=(  0.878205 -0.236972  0.415451)
     Cl   1  Q=        -8.1650 1e-30 m^2  Cq=       -60.9385 MHz  eta= 0.86695

     C    2    Vxx=    0.0113    axis=( -0.592572 -0.548006  0.590379)
     C    2    Vyy=    0.5002    axis=( -0.748331  0.103290 -0.655234)
     C    2    Vzz=   -0.5116    axis=(  0.298092 -0.830072 -0.471297)
     C    2  Q=         1.0000 1e-30 m^2  Cq=        -1.2020 MHz  eta= 0.95568

     C    3    Vxx=    0.0406    axis=(  0.040342  0.769657  0.637182)
     C    3    Vyy=    0.3250    axis=( -0.301007 -0.598715  0.742250)
     C    3    Vzz=   -0.3656    axis=(  0.952768 -0.221740  0.207519)
     C    3  Q=         1.0000 1e-30 m^2  Cq=        -0.8589 MHz  eta= 0.77790

     H    4    Vxx=   -0.0294    axis=( -0.321922 -0.494847  0.807151)
     H    4    Vyy=   -0.4262    axis=( -0.402809  0.843112  0.356239)
     H    4    Vzz=    0.4556    axis=( -0.856803 -0.210446 -0.470746)
     H    4  Q=         1.0000 1e-30 m^2  Cq=         1.0704 MHz  eta= 0.87104

     C    5    Vxx=    0.0089    axis=(  0.008302  0.953357  0.301729)
     C    5    Vyy=    0.3346    axis=( -0.118642 -0.298669  0.946953)
     C    5    Vzz=   -0.3435    axis=(  0.992902 -0.043659  0.110628)
     C    5  Q=         1.0000 1e-30 m^2  Cq=        -0.8070 MHz  eta= 0.94841

     H    6    Vxx=   -0.0321    axis=( -0.463857 -0.579228  0.670322)
     H    6    Vyy=   -0.3961    axis=( -0.885425  0.278062 -0.372431)
     H    6    Vzz=    0.4281    axis=(  0.029331 -0.766274 -0.641844)
     H    6  Q=         1.0000 1e-30 m^2  Cq=         1.0059 MHz  eta= 0.85023

     H    7    Vxx=   -0.0687    axis=(  0.938109  0.169941  0.301780)
     H    7    Vyy=   -0.3348    axis=( -0.320569  0.755883  0.570856)
     H    7    Vzz=    0.4034    axis=( -0.131098 -0.632267  0.763579)
     H    7  Q=         1.0000 1e-30 m^2  Cq=         0.9479 MHz  eta= 0.65963

     C    8    Vxx=    0.0187    axis=(  0.871417  0.290961  0.394935)
     C    8    Vyy=    0.4259    axis=(  0.476535 -0.693134 -0.540813)
     C    8    Vzz=   -0.4445    axis=(  0.116387  0.659474 -0.742663)
     C    8  Q=         1.0000 1e-30 m^2  Cq=        -1.0445 MHz  eta= 0.91594

     H    9    Vxx=   -0.0042    axis=( -0.510456 -0.426830  0.746492)
     H    9    Vyy=   -0.6252    axis=(  0.204535 -0.903464 -0.376721)
     H    9    Vzz=    0.6294    axis=(  0.835225 -0.039616  0.548480)
     H    9  Q=         1.0000 1e-30 m^2  Cq=         1.4788 MHz  eta= 0.98657

     C   10    Vxx=   -0.0513    axis=( -0.425281 -0.012345  0.904977)
     C   10    Vyy=   -0.7664    axis=(  0.862815  0.296397  0.409510)
     C   10    Vzz=    0.8177    axis=( -0.273288  0.954985 -0.115401)
     C   10  Q=         1.0000 1e-30 m^2  Cq=         1.9214 MHz  eta= 0.87448

     C   11    Vxx=    0.0494    axis=(  0.630629  0.608774  0.481353)
     C   11    Vyy=    0.5802    axis=( -0.732261  0.672214  0.109189)
     C   11    Vzz=   -0.6295    axis=( -0.257101 -0.421334  0.869699)
     C   11  Q=         1.0000 1e-30 m^2  Cq=        -1.4792 MHz  eta= 0.84314

     Cl  12    Vxx=    0.8604    axis=( -0.385055  0.891341 -0.239256)
     Cl  12    Vyy=    1.8140    axis=(  0.913686  0.404709  0.037256)
     Cl  12    Vzz=   -2.6744    axis=( -0.130037  0.204260  0.970241)
     Cl  12  Q=        -8.1650 1e-30 m^2  Cq=        51.3071 MHz  eta= 0.35655

     H   13    Vxx=   -0.0614    axis=(  0.814056  0.311995 -0.489870)
     H   13    Vyy=   -0.6002    axis=( -0.579054  0.501111 -0.643105)
     H   13    Vzz=    0.6616    axis=( -0.044834 -0.807184 -0.588594)
     H   13  Q=         1.0000 1e-30 m^2  Cq=         1.5546 MHz  eta= 0.81427

     C   14    Vxx=   -0.0594    axis=(  0.623611  0.251035 -0.740331)
     C   14    Vyy=   -0.9261    axis=(  0.499165  0.600961  0.624244)
     C   14    Vzz=    0.9855    axis=( -0.601617  0.758833 -0.249459)
     C   14  Q=         1.0000 1e-30 m^2  Cq=         2.3155 MHz  eta= 0.87937

     H   15    Vxx=    0.0070    axis=( -0.425471  0.234044  0.874184)
     H   15    Vyy=    0.6950    axis=( -0.904070 -0.066809 -0.422130)
     H   15    Vzz=   -0.7020    axis=( -0.040393 -0.969928  0.240018)
     H   15  Q=         1.0000 1e-30 m^2  Cq=        -1.6495 MHz  eta= 0.98001

     C   16    Vxx=   -0.1555    axis=(  0.189299 -0.034428  0.981316)
     C   16    Vyy=   -0.5195    axis=(  0.979060  0.082827 -0.185958)
     C   16    Vzz=    0.6749    axis=( -0.074877  0.995969  0.049386)
     C   16  Q=         1.0000 1e-30 m^2  Cq=         1.5858 MHz  eta= 0.53933

     C   17    Vxx=   -0.1514    axis=(  0.660399  0.723604 -0.200675)
     C   17    Vyy=   -0.3254    axis=(  0.158345  0.127039  0.979177)
     C   17    Vzz=    0.4768    axis=(  0.734030 -0.678423 -0.030683)
     C   17  Q=         1.0000 1e-30 m^2  Cq=         1.1203 MHz  eta= 0.36488

     Cl  18    Vxx=   -0.7820    axis=(  0.943024 -0.162980  0.290076)
     Cl  18    Vyy=   -2.1821    axis=(  0.332714  0.469257 -0.817985)
     Cl  18    Vzz=    2.9641    axis=( -0.002805  0.867892  0.496746)
     Cl  18  Q=        -8.1650 1e-30 m^2  Cq=       -56.8643 MHz  eta= 0.47238

     H   19    Vxx=   -0.0874    axis=(  0.234240  0.384042  0.893109)
     H   19    Vyy=   -0.2803    axis=( -0.968762  0.015251  0.247524)
     H   19    Vzz=    0.3677    axis=(  0.081439 -0.923190  0.375618)
     H   19  Q=         1.0000 1e-30 m^2  Cq=         0.8640 MHz  eta= 0.52470

     C   20    Vxx=    0.0818    axis=( -0.467104 -0.389438  0.793821)
     C   20    Vyy=    0.4300    axis=(  0.426505 -0.885669 -0.183532)
     C   20    Vzz=   -0.5118    axis=(  0.774537  0.252840  0.579797)
     C   20  Q=         1.0000 1e-30 m^2  Cq=        -1.2025 MHz  eta= 0.68049

     H   21    Vxx=   -0.0405    axis=( -0.491478 -0.569826  0.658595)
     H   21    Vyy=   -0.3387    axis=(  0.006899  0.753661  0.657227)
     H   21    Vzz=    0.3792    axis=(  0.870863 -0.327556  0.366476)
     H   21  Q=         1.0000 1e-30 m^2  Cq=         0.8910 MHz  eta= 0.78626

     C   22    Vxx=    0.1369    axis=( -0.034432  0.371751  0.927694)
     C   22    Vyy=    0.4564    axis=( -0.937154  0.310480 -0.159201)
     C   22    Vzz=   -0.5933    axis=( -0.347214 -0.874873  0.337698)
     C   22  Q=         1.0000 1e-30 m^2  Cq=        -1.3941 MHz  eta= 0.53840

     C   23    Vxx=    0.0489    axis=(  0.689220 -0.186222 -0.700212)
     C   23    Vyy=    0.3120    axis=(  0.141706  0.982389 -0.121787)
     C   23    Vzz=   -0.3609    axis=(  0.710559 -0.015286  0.703471)
     C   23  Q=         1.0000 1e-30 m^2  Cq=        -0.8479 MHz  eta= 0.72891

     Cl  24    Vxx=   -1.7056    axis=(  0.347056 -0.477045 -0.807453)
     Cl  24    Vyy=   -2.0300    axis=(  0.501047 -0.633482  0.589621)
     Cl  24    Vzz=    3.7357    axis=( -0.792782 -0.609203  0.019168)
     Cl  24  Q=        -8.1650 1e-30 m^2  Cq=       -71.6668 MHz  eta= 0.08683

     Initialization:
     gipaw_setup  :      9.44s CPU     12.44s WALL (       1 calls)

     Linear response

     Apply operators

     Induced current

     Other routines
     efg          :     11.12s CPU     25.08s WALL (       1 calls)

     General routines
     calbec       :      3.37s CPU      4.49s WALL (      16 calls)
     fft          :      1.42s CPU      1.92s WALL (      15 calls)
     ffts         :      0.04s CPU      0.04s WALL (       2 calls)
     fftw         :      4.95s CPU      9.06s WALL (     672 calls)
     davcio       :      0.07s CPU      8.34s WALL (      32 calls)

     Parallel routines
     fft_scatter  :      3.81s CPU      8.23s WALL (     689 calls)

     Plugins

     GIPAW        :     63.25s CPU     89.31s WALL (       1 calls)
