
     Program QE v.6.0 (svn rev. 13079) starts on  7Jan2017 at 19:39:44 

     This program is part of the open-source Quantum ESPRESSO suite
     for quantum simulation of materials; please cite
         "P. Giannozzi et al., J. Phys.:Condens. Matter 21 395502 (2009);
          URL http://www.quantum-espresso.org", 
     in publications or presentations arising from this work. More details at
     http://www.quantum-espresso.org/quote

     Parallel version (MPI), running on     8 processors
     R & G space division:  proc/nbgrp/npool/nimage =       8

     ***** This is GIPAW svn revision unknown      *****

     Parallelizing q-star over 1 images

     Reading data from directory:
     /users/majewski/paradichlorobenzene/pbe/9_constraint/scratch/pbe.ecut100.np8.dt60.pcl2phi-129368.save
     Message from routine read_xml_file:
     file /users/majewski/paradichlorobenzene/pbe/9_constraint/scratch/pbe.ecut100.np8.dt60.pcl2phi-129368.save not guaranteed to be safe for post-processing

   Info: using nr1, nr2, nr3 values from input

   Info: using nr1, nr2, nr3 values from input

     IMPORTANT: XC functional enforced from input :
     Exchange-correlation      =  SLA  PW   PBX  PBC ( 1  4  3  4 0 0)
     Any further DFT definition will be discarded
     Please, verify this is what you really want

               file C.pbe-n-kjpaw_psl.1.0.0.UPF: wavefunction(s)  2S 2P renormalized
               file Cl.pbe-n-kjpaw_psl.1.0.0.UPF: wavefunction(s)  3S 3P renormalized
               file H.pbe-kjpaw_psl.1.0.0.UPF: wavefunction(s)  1S renormalized

     Parallelization info
     --------------------
     sticks:   dense  smooth     PW     G-vecs:    dense   smooth      PW
     Min        3057    1223    332               144436    36536    5170
     Max        3059    1225    333               144437    36537    5171
     Sum       24467    9791   2657              1155489   292295   41363


     Subspace diagonalization in iterative solution of the eigenvalue problem:
     a serial algorithm will be used

     GIPAW projectors -----------------------------------------------
     atom=  C    l=0  rc=    1.2000  rs=    0.8000
     atom=  C    l=0  rc=    1.2000  rs=    0.8000
     atom=  C    l=1  rc=    1.4000  rs=    0.9333
     atom=  C    l=1  rc=    1.4000  rs=    0.9333
     projs nearly linearly dependent: l=1  n1,n2= 1, 2  s=  0.99951561

     atom=  Cl   l=0  rc=    1.6000  rs=    1.0667
     atom=  Cl   l=0  rc=    1.6000  rs=    1.0667
     atom=  Cl   l=1  rc=    1.6000  rs=    1.0667
     atom=  Cl   l=1  rc=    1.6000  rs=    1.0667
     atom=  Cl   l=2  rc=    1.6000  rs=    1.0667
     atom=  Cl   l=2  rc=    1.6000  rs=    1.0667
     projs nearly linearly dependent: l=2  n1,n2= 1, 2  s=  0.99993509

     atom=  H    l=0  rc=    1.0000  rs=    0.6667
     atom=  H    l=0  rc=    1.0000  rs=    0.6667
     projs nearly linearly dependent: l=0  n1,n2= 1, 2  s=  0.99968852
     -----------------------------------------------------------------

     GIPAW integrals: -------------------------------------------
     Atom  i/j   nmr_para   nmr_dia   epr_rmc  epr_para   epr_dia
       C   1 1   0.83E+03  0.17E-01  0.93E+01  0.24E+08  0.24E+03
       C   2 1   0.86E+03 -0.61E-01  0.94E+01  0.25E+08  0.25E+03
       C   2 2   0.90E+03 -0.15E+00  0.97E+01  0.26E+08  0.26E+03
       C   3 3   0.33E+01  0.34E+00  0.18E+01  0.55E+03  0.21E+02
       C   4 3   0.35E+01  0.37E+00  0.20E+01  0.59E+03  0.22E+02
       C   4 4   0.38E+01  0.39E+00  0.22E+01  0.63E+03  0.24E+02
       Cl  1 1   0.14E+04 -0.47E+00  0.84E+01  0.32E+09  0.42E+03
       Cl  2 1   0.21E+04 -0.37E+00  0.12E+02  0.49E+09  0.65E+03
       Cl  2 2   0.33E+04 -0.16E+00  0.21E+02  0.76E+09  0.10E+04
       Cl  3 3   0.21E+02  0.79E-01  0.89E+01  0.23E+05  0.13E+03
       Cl  4 3   0.24E+02  0.67E-01  0.99E+01  0.27E+05  0.15E+03
       Cl  4 4   0.28E+02  0.44E-01  0.11E+02  0.32E+05  0.18E+03
       Cl  5 5   0.77E+00  0.19E+00  0.18E+01  0.12E+03  0.22E+02
       Cl  6 5   0.80E+00  0.19E+00  0.19E+01  0.12E+03  0.23E+02
       Cl  6 6   0.83E+00  0.20E+00  0.19E+01  0.12E+03  0.23E+02
       H   1 1   0.39E+02  0.19E+00  0.29E+00  0.78E+05  0.13E+02
       H   2 1   0.41E+02  0.21E+00  0.32E+00  0.82E+05  0.14E+02
       H   2 2   0.43E+02  0.22E+00  0.36E+00  0.86E+05  0.15E+02
     ------------------------------------------------------------

     alpha_pv=     34.6289 eV

     Number of occupied bands for each k-point:
     k-point:     1    nbnd_occ=  42
     k-point:     2    nbnd_occ=  42
     k-point:     3    nbnd_occ=  42
     k-point:     4    nbnd_occ=  42
     k-point:     5    nbnd_occ=  42
     k-point:     6    nbnd_occ=  42
     k-point:     7    nbnd_occ=  42
     k-point:     8    nbnd_occ=  42
     k-point:     9    nbnd_occ=  42
     k-point:    10    nbnd_occ=  42
     k-point:    11    nbnd_occ=  42
     k-point:    12    nbnd_occ=  42
     k-point:    13    nbnd_occ=  42
     k-point:    14    nbnd_occ=  42
     k-point:    15    nbnd_occ=  42
     k-point:    16    nbnd_occ=  42


     q-space interpolation up to   110.00 Rydberg

     GIPAW job: efg                                                                             


     ELECTRIC FIELD GRADIENTS TENSORS IN Hartree/bohrradius^2:

     ----- bare term -----
     Cl   1       -0.228590        0.299819        0.007010
     Cl   1        0.299819        0.043576       -0.045032
     Cl   1        0.007010       -0.045032        0.185014

     C    2       -0.077643       -0.294195       -0.343973
     C    2       -0.294195       -0.043542       -0.640011
     C    2       -0.343973       -0.640011        0.121185

     C    3       -0.259915        0.313357        0.144883
     C    3        0.313357       -0.051635       -0.132923
     C    3        0.144883       -0.132923        0.311550

     H    4       -0.144615       -0.439291       -0.024727
     H    4       -0.439291       -0.205170        0.203338
     H    4       -0.024727        0.203338        0.349784

     C    5       -0.178922       -0.306717       -0.349866
     C    5       -0.306717       -0.008270       -0.536257
     C    5       -0.349866       -0.536257        0.187192

     H    6        0.432386        0.104894       -0.081905
     H    6        0.104894       -0.772330       -0.031481
     H    6       -0.081905       -0.031481        0.339945

     H    7        0.061806        0.016244        0.373532
     H    7        0.016244        0.230822        0.197625
     H    7        0.373532        0.197625       -0.292627

     C    8       -0.282944        0.131231       -0.235271
     C    8        0.131231        0.347457       -0.098759
     C    8       -0.235271       -0.098759       -0.064513

     H    9        0.189436        0.039031       -0.053860
     H    9        0.039031        0.320354       -0.152155
     H    9       -0.053860       -0.152155       -0.509790

     C   10        0.082775       -0.221861        0.193076
     C   10       -0.221861       -0.112232       -0.054817
     C   10        0.193076       -0.054817        0.029457

     C   11       -0.054750       -0.049447       -0.574483
     C   11       -0.049447       -0.166246        0.492441
     C   11       -0.574483        0.492441        0.220995

     Cl  12       -0.162941       -0.088321       -0.062682
     Cl  12       -0.088321       -0.113559        0.015604
     Cl  12       -0.062682        0.015604        0.276500

     H   13        0.116902       -0.040821       -0.387186
     H   13       -0.040821       -0.133364       -0.431759
     H   13       -0.387186       -0.431759        0.016462

     C   14       -0.430740        0.334412       -0.018802
     C   14        0.334412        0.011455       -0.435284
     C   14       -0.018802       -0.435284        0.419285

     H   15       -0.640958       -0.415965       -0.054208
     H   15       -0.415965        0.324203       -0.048920
     H   15       -0.054208       -0.048920        0.316754

     C   16        0.094583       -0.163550       -0.409838
     C   16       -0.163550       -0.249237       -0.576740
     C   16       -0.409838       -0.576740        0.154653

     C   17       -0.223928        0.409034       -0.307070
     C   17        0.409034       -0.198040       -0.263113
     C   17       -0.307070       -0.263113        0.421968

     Cl  18       -0.061972       -0.023283        0.311398
     Cl  18       -0.023283        0.239836        0.013919
     Cl  18        0.311398        0.013919       -0.177865

     H   19        0.204152       -0.287497        0.154976
     H   19       -0.287497       -0.391568        0.512123
     H   19        0.154976        0.512123        0.187415

     C   20       -0.140621        0.145806       -0.424577
     C   20        0.145806       -0.120882        0.380912
     C   20       -0.424577        0.380912        0.261503

     H   21        0.125374        0.094537       -0.300903
     H   21        0.094537        0.357664        0.359146
     H   21       -0.300903        0.359146       -0.483038

     C   22       -0.746215       -0.351287       -0.338244
     C   22       -0.351287        0.242561       -0.006201
     C   22       -0.338244       -0.006201        0.503654

     C   23        0.079023       -0.412789        0.055193
     C   23       -0.412789       -0.336514        0.480740
     C   23        0.055193        0.480740        0.257491

     Cl  24       -0.036422       -0.100756       -0.050522
     Cl  24       -0.100756        0.004016        0.067907
     Cl  24       -0.050522        0.067907        0.032407

     ----- ionic term -----
     Cl   1        0.166446       -0.181515        0.022020
     Cl   1       -0.181515       -0.014991       -0.003230
     Cl   1        0.022020       -0.003230       -0.151455

     C    2        0.269779       -0.057179        0.257057
     C    2       -0.057179        0.112796        0.379876
     C    2        0.257057        0.379876       -0.382575

     C    3        0.249805       -0.157031        0.064940
     C    3       -0.157031        0.181759        0.390809
     C    3        0.064940        0.390809       -0.431564

     H    4        0.723169        0.473914        0.469028
     H    4        0.473914       -0.311050        0.241534
     H    4        0.469028        0.241534       -0.412119

     C    5        0.384936       -0.086077        0.071340
     C    5       -0.086077        0.058230        0.320443
     C    5        0.071340        0.320443       -0.443166

     H    6       -0.497240        0.115870        0.038453
     H    6        0.115870        0.727080        0.662074
     H    6        0.038453        0.662074       -0.229840

     H    7       -0.527137        0.123524       -0.074633
     H    7        0.123524        0.354467       -0.778835
     H    7       -0.074633       -0.778835        0.172669

     C    8        0.163281        0.284806        0.363695
     C    8        0.284806       -0.159638       -0.271839
     C    8        0.363695       -0.271839       -0.003644

     H    9        0.019330       -0.063222        0.732592
     H    9       -0.063222       -0.540273       -0.138891
     H    9        0.732592       -0.138891        0.520943

     C   10        0.079469        0.374002        0.212573
     C   10        0.374002       -0.070781       -0.324858
     C   10        0.212573       -0.324858       -0.008688

     C   11        0.079531        0.258708        0.277472
     C   11        0.258708       -0.083177       -0.441735
     C   11        0.277472       -0.441735        0.003645

     Cl  12        0.189093        0.216928        0.053986
     Cl  12        0.216928       -0.062309        0.023259
     Cl  12        0.053986        0.023259       -0.126784

     H   13       -0.493103        0.212691        0.133526
     H   13        0.212691        0.682862        0.689004
     H   13        0.133526        0.689004       -0.189759

     C   14        0.335851       -0.038600        0.207875
     C   14       -0.038600        0.006016        0.350503
     C   14        0.207875        0.350503       -0.341867

     H   15        0.607787        0.537536        0.454715
     H   15        0.537536       -0.295197        0.291696
     H   15        0.454715        0.291696       -0.312590

     C   16        0.206348       -0.135025        0.047084
     C   16       -0.135025        0.089193        0.422142
     C   16        0.047084        0.422142       -0.295541

     C   17        0.290427       -0.074009        0.025134
     C   17       -0.074009        0.031631        0.423275
     C   17        0.025134        0.423275       -0.322058

     Cl  18        0.142475       -0.206586       -0.068654
     Cl  18       -0.206586       -0.030534        0.025282
     Cl  18       -0.068654        0.025282       -0.111942

     H   19       -0.524809        0.104731       -0.045104
     H   19        0.104731        0.686634       -0.690419
     H   19       -0.045104       -0.690419       -0.161824

     C   20        0.126343        0.200633        0.312917
     C   20        0.200633       -0.024310       -0.305578
     C   20        0.312917       -0.305578       -0.102033

     H   21        0.173300       -0.220256        0.744427
     H   21       -0.220256       -0.482622       -0.297908
     H   21        0.744427       -0.297908        0.309322

     C   22        0.052446        0.288549        0.201421
     C   22        0.288549        0.042574       -0.395535
     C   22        0.201421       -0.395535       -0.095020

     C   23        0.010757        0.330548        0.329783
     C   23        0.330548        0.026425       -0.392406
     C   23        0.329783       -0.392406       -0.037182

     Cl  24        0.111683        0.242430        0.059033
     Cl  24        0.242430        0.032244        0.041463
     Cl  24        0.059033        0.041463       -0.143926

     ----- GIPAW term -----
     Cl   1       -1.200817       -0.102316       -0.269446
     Cl   1       -0.102316        2.204989       -1.744338
     Cl   1       -0.269446       -1.744338       -1.004172

     C    2       -0.037431       -0.150300        0.008263
     C    2       -0.150300        0.056308       -0.182255
     C    2        0.008263       -0.182255       -0.018877

     C    3       -0.045073       -0.031285        0.060048
     C    3       -0.031285        0.050704       -0.054471
     C    3        0.060048       -0.054471       -0.005631

     H    4       -0.000000        0.000000        0.000000
     H    4        0.000000        0.000000        0.000000
     H    4        0.000000        0.000000        0.000000

     C    5       -0.037304       -0.178119        0.029478
     C    5       -0.178119        0.089436       -0.199666
     C    5        0.029478       -0.199666       -0.052132

     H    6       -0.000000        0.000000        0.000000
     H    6        0.000000        0.000000        0.000000
     H    6        0.000000        0.000000        0.000000

     H    7       -0.000000        0.000000        0.000000
     H    7        0.000000        0.000000        0.000000
     H    7        0.000000        0.000000        0.000000

     C    8        0.026229        0.012565        0.024379
     C    8        0.012565        0.008994       -0.047701
     C    8        0.024379       -0.047701       -0.035223

     H    9       -0.000000        0.000000        0.000000
     H    9        0.000000        0.000000        0.000000
     H    9        0.000000        0.000000        0.000000

     C   10        0.019733        0.005182        0.021742
     C   10        0.005182       -0.009098       -0.026804
     C   10        0.021742       -0.026804       -0.010635

     C   11        0.062853       -0.002997       -0.228859
     C   11       -0.002997       -0.072208        0.157913
     C   11       -0.228859        0.157913        0.009355

     Cl  12       -0.613868        1.450268       -0.654175
     Cl  12        1.450268       -1.423293        0.276518
     Cl  12       -0.654175        0.276518        2.037160

     H   13       -0.000000        0.000000        0.000000
     H   13        0.000000        0.000000        0.000000
     H   13        0.000000        0.000000        0.000000

     C   14       -0.090817       -0.061683        0.113428
     C   14       -0.061683        0.038739       -0.194688
     C   14        0.113428       -0.194688        0.052078

     H   15       -0.000000        0.000000        0.000000
     H   15        0.000000        0.000000        0.000000
     H   15        0.000000        0.000000        0.000000

     C   16        0.176003       -0.163240       -0.116396
     C   16       -0.163240       -0.082528       -0.081069
     C   16       -0.116396       -0.081069       -0.093475

     C   17        0.167325       -0.099490       -0.175042
     C   17       -0.099490       -0.117332        0.022838
     C   17       -0.175042        0.022838       -0.049993

     Cl  18        0.284050       -0.786235       -1.092588
     Cl  18       -0.786235       -0.659817       -0.583830
     Cl  18       -1.092588       -0.583830        0.375767

     H   19       -0.000000        0.000000        0.000000
     H   19        0.000000        0.000000        0.000000
     H   19        0.000000        0.000000        0.000000

     C   20       -0.039420        0.153766       -0.138015
     C   20        0.153766        0.029523       -0.053130
     C   20       -0.138015       -0.053130        0.009897

     H   21       -0.000000        0.000000        0.000000
     H   21        0.000000        0.000000        0.000000
     H   21        0.000000        0.000000        0.000000

     C   22       -0.243723       -0.051520       -0.030221
     C   22       -0.051520        0.083554       -0.191681
     C   22       -0.030221       -0.191681        0.160169

     C   23        0.003929       -0.119258        0.097035
     C   23       -0.119258        0.063076       -0.092639
     C   23        0.097035       -0.092639       -0.067005

     Cl  24       -0.327321        0.255277        1.124164
     Cl  24        0.255277       -0.314876       -1.657509
     Cl  24        1.124164       -1.657509        0.642197

     ----- total EFG -----
     Cl   1       -1.262961        0.015988       -0.240416
     Cl   1        0.015988        2.233574       -1.792601
     Cl   1       -0.240416       -1.792601       -0.970613

     C    2        0.154705       -0.501673       -0.078653
     C    2       -0.501673        0.125562       -0.442389
     C    2       -0.078653       -0.442389       -0.280267

     C    3       -0.055182        0.125040        0.269871
     C    3        0.125040        0.180828        0.203415
     C    3        0.269871        0.203415       -0.125645

     H    4        0.578555        0.034623        0.444301
     H    4        0.034623       -0.516220        0.444872
     H    4        0.444301        0.444872       -0.062335

     C    5        0.168710       -0.570913       -0.249047
     C    5       -0.570913        0.139395       -0.415480
     C    5       -0.249047       -0.415480       -0.308106

     H    6       -0.064854        0.220764       -0.043452
     H    6        0.220764       -0.045251        0.630593
     H    6       -0.043452        0.630593        0.110105

     H    7       -0.465331        0.139769        0.298900
     H    7        0.139769        0.585289       -0.581210
     H    7        0.298900       -0.581210       -0.119958

     C    8       -0.093433        0.428603        0.152803
     C    8        0.428603        0.196813       -0.418299
     C    8        0.152803       -0.418299       -0.103380

     H    9        0.208766       -0.024191        0.678732
     H    9       -0.024191       -0.219919       -0.291047
     H    9        0.678732       -0.291047        0.011153

     C   10        0.181977        0.157323        0.427391
     C   10        0.157323       -0.192110       -0.406479
     C   10        0.427391       -0.406479        0.010134

     C   11        0.087634        0.206264       -0.525869
     C   11        0.206264       -0.321630        0.208619
     C   11       -0.525869        0.208619        0.233995

     Cl  12       -0.587716        1.578874       -0.662871
     Cl  12        1.578874       -1.599161        0.315381
     Cl  12       -0.662871        0.315381        2.186877

     H   13       -0.376201        0.171869       -0.253661
     H   13        0.171869        0.549498        0.257245
     H   13       -0.253661        0.257245       -0.173297

     C   14       -0.185706        0.234129        0.302501
     C   14        0.234129        0.056209       -0.279469
     C   14        0.302501       -0.279469        0.129496

     H   15       -0.033171        0.121571        0.400507
     H   15        0.121571        0.029007        0.242775
     H   15        0.400507        0.242775        0.004164

     C   16        0.476935       -0.461814       -0.479151
     C   16       -0.461814       -0.242572       -0.235666
     C   16       -0.479151       -0.235666       -0.234362

     C   17        0.233823        0.235534       -0.456978
     C   17        0.235534       -0.283740        0.183001
     C   17       -0.456978        0.183001        0.049917

     Cl  18        0.364553       -1.016105       -0.849844
     Cl  18       -1.016105       -0.450514       -0.544629
     Cl  18       -0.849844       -0.544629        0.085961

     H   19       -0.320657       -0.182767        0.109873
     H   19       -0.182767        0.295066       -0.178297
     H   19        0.109873       -0.178297        0.025591

     C   20       -0.053698        0.500204       -0.249675
     C   20        0.500204       -0.115669        0.022204
     C   20       -0.249675        0.022204        0.169366

     H   21        0.298675       -0.125719        0.443524
     H   21       -0.125719       -0.124958        0.061238
     H   21        0.443524        0.061238       -0.173716

     C   22       -0.937492       -0.114259       -0.167044
     C   22       -0.114259        0.368689       -0.593417
     C   22       -0.167044       -0.593417        0.568803

     C   23        0.093709       -0.201499        0.482010
     C   23       -0.201499       -0.247013       -0.004304
     C   23        0.482010       -0.004304        0.153303

     Cl  24       -0.252061        0.396951        1.132675
     Cl  24        0.396951       -0.278616       -1.548140
     Cl  24        1.132675       -1.548140        0.530678

     ----- total EFG (symmetrized) -----
     Cl   1       -1.262961        0.015988       -0.240416
     Cl   1        0.015988        2.233574       -1.792601
     Cl   1       -0.240416       -1.792601       -0.970613

     C    2        0.154705       -0.501673       -0.078653
     C    2       -0.501673        0.125562       -0.442389
     C    2       -0.078653       -0.442389       -0.280267

     C    3       -0.055182        0.125040        0.269871
     C    3        0.125040        0.180828        0.203415
     C    3        0.269871        0.203415       -0.125645

     H    4        0.578555        0.034623        0.444301
     H    4        0.034623       -0.516220        0.444872
     H    4        0.444301        0.444872       -0.062335

     C    5        0.168710       -0.570913       -0.249047
     C    5       -0.570913        0.139395       -0.415480
     C    5       -0.249047       -0.415480       -0.308106

     H    6       -0.064854        0.220764       -0.043452
     H    6        0.220764       -0.045251        0.630593
     H    6       -0.043452        0.630593        0.110105

     H    7       -0.465331        0.139769        0.298900
     H    7        0.139769        0.585289       -0.581210
     H    7        0.298900       -0.581210       -0.119958

     C    8       -0.093433        0.428603        0.152803
     C    8        0.428603        0.196813       -0.418299
     C    8        0.152803       -0.418299       -0.103380

     H    9        0.208766       -0.024191        0.678732
     H    9       -0.024191       -0.219919       -0.291047
     H    9        0.678732       -0.291047        0.011153

     C   10        0.181977        0.157323        0.427391
     C   10        0.157323       -0.192110       -0.406479
     C   10        0.427391       -0.406479        0.010134

     C   11        0.087634        0.206264       -0.525869
     C   11        0.206264       -0.321630        0.208619
     C   11       -0.525869        0.208619        0.233995

     Cl  12       -0.587716        1.578874       -0.662871
     Cl  12        1.578874       -1.599161        0.315381
     Cl  12       -0.662871        0.315381        2.186877

     H   13       -0.376201        0.171869       -0.253661
     H   13        0.171869        0.549498        0.257245
     H   13       -0.253661        0.257245       -0.173297

     C   14       -0.185706        0.234129        0.302501
     C   14        0.234129        0.056209       -0.279469
     C   14        0.302501       -0.279469        0.129496

     H   15       -0.033171        0.121571        0.400507
     H   15        0.121571        0.029007        0.242775
     H   15        0.400507        0.242775        0.004164

     C   16        0.476935       -0.461814       -0.479151
     C   16       -0.461814       -0.242572       -0.235666
     C   16       -0.479151       -0.235666       -0.234362

     C   17        0.233823        0.235534       -0.456978
     C   17        0.235534       -0.283740        0.183001
     C   17       -0.456978        0.183001        0.049917

     Cl  18        0.364553       -1.016105       -0.849844
     Cl  18       -1.016105       -0.450514       -0.544629
     Cl  18       -0.849844       -0.544629        0.085961

     H   19       -0.320657       -0.182767        0.109873
     H   19       -0.182767        0.295066       -0.178297
     H   19        0.109873       -0.178297        0.025591

     C   20       -0.053698        0.500204       -0.249675
     C   20        0.500204       -0.115669        0.022204
     C   20       -0.249675        0.022204        0.169366

     H   21        0.298675       -0.125719        0.443524
     H   21       -0.125719       -0.124958        0.061238
     H   21        0.443524        0.061238       -0.173716

     C   22       -0.937492       -0.114259       -0.167044
     C   22       -0.114259        0.368689       -0.593417
     C   22       -0.167044       -0.593417        0.568803

     C   23        0.093709       -0.201499        0.482010
     C   23       -0.201499       -0.247013       -0.004304
     C   23        0.482010       -0.004304        0.153303

     Cl  24       -0.252061        0.396951        1.132675
     Cl  24        0.396951       -0.278616       -1.548140
     Cl  24        1.132675       -1.548140        0.530678


     NQR/NMR SPECTROSCOPIC PARAMETERS:
     Cl   1    Vxx=   -1.1884    axis=(  0.939271 -0.162680 -0.302168)
     Cl   1    Vyy=   -1.8502    axis=(  0.342170  0.376549  0.860889)
     Cl   1    Vzz=    3.0386    axis=(  0.026268  0.912001 -0.409346)
     Cl   1  Q=        -8.1650 1e-30 m^2  Cq=       -58.2946 MHz  eta= 0.21781

     C    2    Vxx=    0.0017    axis=(  0.670710  0.310186 -0.673746)
     C    2    Vyy=    0.7152    axis=( -0.618786  0.734844 -0.277684)
     C    2    Vzz=   -0.7169    axis=(  0.408964  0.603150  0.684805)
     C    2  Q=         1.0000 1e-30 m^2  Cq=        -1.6844 MHz  eta= 0.99525

     C    3    Vxx=   -0.0393    axis=(  0.632420 -0.688018  0.355915)
     C    3    Vyy=   -0.3733    axis=(  0.604341  0.150805 -0.782324)
     C    3    Vzz=    0.4127    axis=(  0.484579  0.709852  0.511169)
     C    3  Q=         1.0000 1e-30 m^2  Cq=         0.9696 MHz  eta= 0.80935

     H    4    Vxx=   -0.0283    axis=( -0.510169  0.559450  0.653256)
     H    4    Vyy=   -0.8216    axis=(  0.159961  0.808001 -0.567051)
     H    4    Vzz=    0.8499    axis=(  0.845068  0.184796  0.501707)
     H    4  Q=         1.0000 1e-30 m^2  Cq=         1.9969 MHz  eta= 0.93334

     C    5    Vxx=    0.1009    axis=( -0.559630 -0.386312  0.733196)
     C    5    Vyy=    0.7397    axis=( -0.672378  0.728847 -0.129189)
     C    5    Vzz=   -0.8406    axis=( -0.484481 -0.565283 -0.667633)
     C    5  Q=         1.0000 1e-30 m^2  Cq=        -1.9751 MHz  eta= 0.75995

     H    6    Vxx=   -0.0191    axis=(  0.937410  0.130728 -0.322758)
     H    6    Vyy=   -0.6666    axis=( -0.311497  0.729122 -0.609385)
     H    6    Vzz=    0.6857    axis=(  0.155666  0.671782  0.724208)
     H    6  Q=         1.0000 1e-30 m^2  Cq=         1.6111 MHz  eta= 0.94427

     H    7    Vxx=   -0.1274    axis=(  0.696854  0.366241  0.616653)
     H    7    Vyy=   -0.7856    axis=(  0.716958 -0.332801 -0.612548)
     H    7    Vzz=    0.9130    axis=(  0.019117 -0.868971  0.494493)
     H    7  Q=         1.0000 1e-30 m^2  Cq=         2.1451 MHz  eta= 0.72096

     C    8    Vxx=    0.0543    axis=(  0.700594 -0.012937  0.713442)
     C    8    Vyy=    0.6123    axis=(  0.414129  0.821591 -0.391773)
     C    8    Vzz=   -0.6666    axis=(  0.581089 -0.569931 -0.580960)
     C    8  Q=         1.0000 1e-30 m^2  Cq=        -1.5662 MHz  eta= 0.83721

     H    9    Vxx=   -0.1640    axis=(  0.429905  0.879351 -0.204752)
     H    9    Vyy=   -0.6742    axis=( -0.541949  0.432706  0.720456)
     H    9    Vzz=    0.8382    axis=( -0.722131  0.198763 -0.662586)
     H    9  Q=         1.0000 1e-30 m^2  Cq=         1.9694 MHz  eta= 0.60874

     C   10    Vxx=    0.1284    axis=( -0.596144 -0.726364  0.342063)
     C   10    Vyy=    0.5645    axis=(  0.680911 -0.231658  0.694763)
     C   10    Vzz=   -0.6930    axis=(  0.425409 -0.647093 -0.632691)
     C   10  Q=         1.0000 1e-30 m^2  Cq=        -1.6282 MHz  eta= 0.62933

     C   11    Vxx=   -0.0527    axis=(  0.525248  0.735185  0.428505)
     C   11    Vyy=   -0.6396    axis=( -0.547418  0.677459 -0.491307)
     C   11    Vzz=    0.6923    axis=( -0.651496  0.023487  0.758288)
     C   11  Q=         1.0000 1e-30 m^2  Cq=         1.6266 MHz  eta= 0.84783

     Cl  12    Vxx=    0.4972    axis=(  0.770597  0.608750  0.188690)
     Cl  12    Vyy=    2.3377    axis=(  0.227833  0.013377 -0.973608)
     Cl  12    Vzz=   -2.8349    axis=( -0.595208  0.793249 -0.128385)
     Cl  12  Q=        -8.1650 1e-30 m^2  Cq=        54.3861 MHz  eta= 0.64920

     H   13    Vxx=   -0.0203    axis=(  0.622622  0.158184 -0.766368)
     H   13    Vyy=   -0.6195    axis=( -0.776903  0.242115 -0.581207)
     H   13    Vzz=    0.6398    axis=( -0.093611 -0.957266 -0.273639)
     H   13  Q=         1.0000 1e-30 m^2  Cq=         1.5034 MHz  eta= 0.93651

     C   14    Vxx=    0.1750    axis=(  0.674566  0.685595  0.273717)
     C   14    Vyy=    0.3907    axis=(  0.211899 -0.535006  0.817843)
     C   14    Vzz=   -0.5657    axis=( -0.707149  0.493689  0.506173)
     C   14  Q=         1.0000 1e-30 m^2  Cq=        -1.3291 MHz  eta= 0.38130

     H   15    Vxx=   -0.0921    axis=(  0.474874 -0.859106  0.190869)
     H   15    Vyy=   -0.4322    axis=( -0.661441 -0.205353  0.721336)
     H   15    Vzz=    0.5243    axis=(  0.580509  0.468793  0.665765)
     H   15  Q=         1.0000 1e-30 m^2  Cq=         1.2320 MHz  eta= 0.64858

     C   16    Vxx=   -0.0030    axis=(  0.012718 -0.713559  0.700480)
     C   16    Vyy=   -0.8164    axis=( -0.457475 -0.627071 -0.630474)
     C   16    Vzz=    0.8194    axis=( -0.889131  0.312434  0.334410)
     C   16  Q=         1.0000 1e-30 m^2  Cq=         1.9253 MHz  eta= 0.99269

     C   17    Vxx=   -0.0162    axis=(  0.374046  0.724986  0.578346)
     C   17    Vyy=   -0.5972    axis=(  0.490715 -0.683883  0.539911)
     C   17    Vzz=    0.6135    axis=( -0.786949 -0.081851  0.611565)
     C   17  Q=         1.0000 1e-30 m^2  Cq=         1.4414 MHz  eta= 0.94707

     Cl  18    Vxx=    0.4006    axis=(  0.128645 -0.638911  0.758448)
     Cl  18    Vyy=    1.2497    axis=( -0.826480  0.353604  0.438057)
     Cl  18    Vzz=   -1.6503    axis=( -0.548070 -0.683196 -0.482558)
     Cl  18  Q=        -8.1650 1e-30 m^2  Cq=        31.6608 MHz  eta= 0.51452

     H   19    Vxx=   -0.0624    axis=(  0.047000  0.465031  0.884046)
     H   19    Vyy=   -0.3807    axis=(  0.962178  0.216671 -0.165128)
     H   19    Vzz=    0.4430    axis=( -0.268337  0.858371 -0.437259)
     H   19  Q=         1.0000 1e-30 m^2  Cq=         1.0409 MHz  eta= 0.71850

     C   20    Vxx=    0.1238    axis=(  0.198497  0.493192  0.846971)
     C   20    Vyy=    0.5073    axis=( -0.693592 -0.539882  0.476925)
     C   20    Vzz=   -0.6311    axis=( -0.692480  0.682121 -0.234910)
     C   20  Q=         1.0000 1e-30 m^2  Cq=        -1.4829 MHz  eta= 0.60774

     H   21    Vxx=   -0.0941    axis=(  0.070807 -0.941474 -0.329565)
     H   21    Vyy=   -0.4794    axis=(  0.507755  0.318405 -0.800502)
     H   21    Vzz=    0.5735    axis=(  0.858587 -0.110658  0.500583)
     H   21  Q=         1.0000 1e-30 m^2  Cq=         1.3474 MHz  eta= 0.67194

     C   22    Vxx=   -0.0884    axis=( -0.223295  0.750999  0.621401)
     C   22    Vyy=   -0.9837    axis=( -0.974372 -0.154193 -0.163781)
     C   22    Vzz=    1.0720    axis=( -0.027184 -0.642047  0.766183)
     C   22  Q=         1.0000 1e-30 m^2  Cq=         2.5188 MHz  eta= 0.83517

     C   23    Vxx=   -0.1659    axis=(  0.330637 -0.794078 -0.510019)
     C   23    Vyy=   -0.4638    axis=( -0.640794 -0.585639  0.496398)
     C   23    Vzz=    0.6297    axis=( -0.692865  0.162690 -0.702474)
     C   23  Q=         1.0000 1e-30 m^2  Cq=         1.4796 MHz  eta= 0.47317

     Cl  24    Vxx=    0.1182    axis=(  0.799392  0.598595  0.051536)
     Cl  24    Vyy=    1.9504    axis=(  0.322929 -0.500415  0.803306)
     Cl  24    Vzz=   -2.0686    axis=(  0.506645 -0.625514 -0.593332)
     Cl  24  Q=        -8.1650 1e-30 m^2  Cq=        39.6855 MHz  eta= 0.88572

     Initialization:
     gipaw_setup  :      9.63s CPU     11.80s WALL (       1 calls)

     Linear response

     Apply operators

     Induced current

     Other routines
     efg          :     10.27s CPU     13.93s WALL (       1 calls)

     General routines
     calbec       :      3.75s CPU      5.51s WALL (      16 calls)
     fft          :      2.00s CPU      3.49s WALL (      15 calls)
     ffts         :      0.06s CPU      0.11s WALL (       2 calls)
     fftw         :      3.74s CPU      4.89s WALL (     672 calls)
     davcio       :      0.04s CPU      0.32s WALL (      32 calls)

     Parallel routines
     fft_scatter  :      3.24s CPU      5.72s WALL (     689 calls)

     Plugins

     GIPAW        :     64.44s CPU     80.37s WALL (       1 calls)
