
     Program QE v.6.0 (svn rev. 13079) starts on  9Jan2017 at 19:30:31 

     This program is part of the open-source Quantum ESPRESSO suite
     for quantum simulation of materials; please cite
         "P. Giannozzi et al., J. Phys.:Condens. Matter 21 395502 (2009);
          URL http://www.quantum-espresso.org", 
     in publications or presentations arising from this work. More details at
     http://www.quantum-espresso.org/quote

     Parallel version (MPI), running on     8 processors
     R & G space division:  proc/nbgrp/npool/nimage =       8

     ***** This is GIPAW svn revision unknown      *****

     Parallelizing q-star over 1 images

     Reading data from directory:
     /users/majewski/paradichlorobenzene/pbe/9_constraint/scratch/pbe.ecut100.np8.dt60.pcl2phi-129368.save
     Message from routine read_xml_file:
     file /users/majewski/paradichlorobenzene/pbe/9_constraint/scratch/pbe.ecut100.np8.dt60.pcl2phi-129368.save not guaranteed to be safe for post-processing

   Info: using nr1, nr2, nr3 values from input

   Info: using nr1, nr2, nr3 values from input

     IMPORTANT: XC functional enforced from input :
     Exchange-correlation      =  SLA  PW   PBX  PBC ( 1  4  3  4 0 0)
     Any further DFT definition will be discarded
     Please, verify this is what you really want

               file C.pbe-n-kjpaw_psl.1.0.0.UPF: wavefunction(s)  2S 2P renormalized
               file Cl.pbe-n-kjpaw_psl.1.0.0.UPF: wavefunction(s)  3S 3P renormalized
               file H.pbe-kjpaw_psl.1.0.0.UPF: wavefunction(s)  1S renormalized

     Parallelization info
     --------------------
     sticks:   dense  smooth     PW     G-vecs:    dense   smooth      PW
     Min        3057    1223    332               144436    36536    5170
     Max        3059    1225    333               144437    36537    5171
     Sum       24467    9791   2657              1155489   292295   41363


     Subspace diagonalization in iterative solution of the eigenvalue problem:
     a serial algorithm will be used

     GIPAW projectors -----------------------------------------------
     atom=  C    l=0  rc=    1.2000  rs=    0.8000
     atom=  C    l=0  rc=    1.2000  rs=    0.8000
     atom=  C    l=1  rc=    1.4000  rs=    0.9333
     atom=  C    l=1  rc=    1.4000  rs=    0.9333
     projs nearly linearly dependent: l=1  n1,n2= 1, 2  s=  0.99951561

     atom=  Cl   l=0  rc=    1.6000  rs=    1.0667
     atom=  Cl   l=0  rc=    1.6000  rs=    1.0667
     atom=  Cl   l=1  rc=    1.6000  rs=    1.0667
     atom=  Cl   l=1  rc=    1.6000  rs=    1.0667
     atom=  Cl   l=2  rc=    1.6000  rs=    1.0667
     atom=  Cl   l=2  rc=    1.6000  rs=    1.0667
     projs nearly linearly dependent: l=2  n1,n2= 1, 2  s=  0.99993509

     atom=  H    l=0  rc=    1.0000  rs=    0.6667
     atom=  H    l=0  rc=    1.0000  rs=    0.6667
     projs nearly linearly dependent: l=0  n1,n2= 1, 2  s=  0.99968852
     -----------------------------------------------------------------

     GIPAW integrals: -------------------------------------------
     Atom  i/j   nmr_para   nmr_dia   epr_rmc  epr_para   epr_dia
       C   1 1   0.83E+03  0.17E-01  0.93E+01  0.24E+08  0.24E+03
       C   2 1   0.86E+03 -0.61E-01  0.94E+01  0.25E+08  0.25E+03
       C   2 2   0.90E+03 -0.15E+00  0.97E+01  0.26E+08  0.26E+03
       C   3 3   0.33E+01  0.34E+00  0.18E+01  0.55E+03  0.21E+02
       C   4 3   0.35E+01  0.37E+00  0.20E+01  0.59E+03  0.22E+02
       C   4 4   0.38E+01  0.39E+00  0.22E+01  0.63E+03  0.24E+02
       Cl  1 1   0.14E+04 -0.47E+00  0.84E+01  0.32E+09  0.42E+03
       Cl  2 1   0.21E+04 -0.37E+00  0.12E+02  0.49E+09  0.65E+03
       Cl  2 2   0.33E+04 -0.16E+00  0.21E+02  0.76E+09  0.10E+04
       Cl  3 3   0.21E+02  0.79E-01  0.89E+01  0.23E+05  0.13E+03
       Cl  4 3   0.24E+02  0.67E-01  0.99E+01  0.27E+05  0.15E+03
       Cl  4 4   0.28E+02  0.44E-01  0.11E+02  0.32E+05  0.18E+03
       Cl  5 5   0.77E+00  0.19E+00  0.18E+01  0.12E+03  0.22E+02
       Cl  6 5   0.80E+00  0.19E+00  0.19E+01  0.12E+03  0.23E+02
       Cl  6 6   0.83E+00  0.20E+00  0.19E+01  0.12E+03  0.23E+02
       H   1 1   0.39E+02  0.19E+00  0.29E+00  0.78E+05  0.13E+02
       H   2 1   0.41E+02  0.21E+00  0.32E+00  0.82E+05  0.14E+02
       H   2 2   0.43E+02  0.22E+00  0.36E+00  0.86E+05  0.15E+02
     ------------------------------------------------------------

     alpha_pv=     34.1053 eV

     Number of occupied bands for each k-point:
     k-point:     1    nbnd_occ=  42
     k-point:     2    nbnd_occ=  42
     k-point:     3    nbnd_occ=  42
     k-point:     4    nbnd_occ=  42
     k-point:     5    nbnd_occ=  42
     k-point:     6    nbnd_occ=  42
     k-point:     7    nbnd_occ=  42
     k-point:     8    nbnd_occ=  42
     k-point:     9    nbnd_occ=  42
     k-point:    10    nbnd_occ=  42
     k-point:    11    nbnd_occ=  42
     k-point:    12    nbnd_occ=  42
     k-point:    13    nbnd_occ=  42
     k-point:    14    nbnd_occ=  42
     k-point:    15    nbnd_occ=  42
     k-point:    16    nbnd_occ=  42


     q-space interpolation up to   110.00 Rydberg

     GIPAW job: efg                                                                             


     ELECTRIC FIELD GRADIENTS TENSORS IN Hartree/bohrradius^2:

     ----- bare term -----
     Cl   1       -0.034355        0.118527        0.083788
     Cl   1        0.118527       -0.040589        0.063968
     Cl   1        0.083788        0.063968        0.074944

     C    2       -0.274168       -0.060726       -0.335864
     C    2       -0.060726       -0.075623       -0.610391
     C    2       -0.335864       -0.610391        0.349791

     C    3       -0.143124        0.196965       -0.368448
     C    3        0.196965       -0.288309       -0.509565
     C    3       -0.368448       -0.509565        0.431433

     H    4       -0.665955       -0.006099       -0.155867
     H    4       -0.006099        0.363771       -0.227519
     H    4       -0.155867       -0.227519        0.302184

     C    5        0.057701        0.540760       -0.117398
     C    5        0.540760       -0.378834       -0.367803
     C    5       -0.117398       -0.367803        0.321133

     H    6       -0.120634       -0.399549       -0.217036
     H    6       -0.399549       -0.201027       -0.374837
     H    6       -0.217036       -0.374837        0.321661

     H    7        0.474775        0.052317        0.206912
     H    7        0.052317        0.005733        0.251868
     H    7        0.206912        0.251868       -0.480509

     C    8       -0.470400       -0.292414       -0.224009
     C    8       -0.292414        0.251898        0.241492
     C    8       -0.224009        0.241492        0.218502

     H    9        0.170104        0.037024       -0.312833
     H    9        0.037024        0.289069       -0.219973
     H    9       -0.312833       -0.219973       -0.459172

     C   10        0.036209       -0.161406       -0.128665
     C   10       -0.161406       -0.089853        0.402830
     C   10       -0.128665        0.402830        0.053644

     C   11       -0.407043       -0.255818       -0.313223
     C   11       -0.255818        0.059135        0.422484
     C   11       -0.313223        0.422484        0.347908

     Cl  12       -0.026781        0.078484       -0.032739
     Cl  12        0.078484        0.051689        0.098599
     Cl  12       -0.032739        0.098599       -0.024907

     H   13        0.449755        0.009035       -0.277687
     H   13        0.009035        0.013223       -0.292258
     H   13       -0.277687       -0.292258       -0.462978

     C   14       -0.386107        0.323220       -0.027272
     C   14        0.323220        0.005054       -0.401662
     C   14       -0.027272       -0.401662        0.381054

     H   15        0.014106        0.034863       -0.506908
     H   15        0.034863        0.066766        0.227792
     H   15       -0.506908        0.227792       -0.080872

     C   16        0.072185        0.257564       -0.114985
     C   16        0.257564       -0.079203       -0.592693
     C   16       -0.114985       -0.592693        0.007018

     C   17       -0.360218        0.323453       -0.478848
     C   17        0.323453        0.253341       -0.184912
     C   17       -0.478848       -0.184912        0.106877

     Cl  18       -0.063199        0.140708        0.081219
     Cl  18        0.140708       -0.002664        0.104923
     Cl  18        0.081219        0.104923        0.065863

     H   19        0.118026       -0.209684        0.309439
     H   19       -0.209684       -0.107540        0.527990
     H   19        0.309439        0.527990       -0.010486

     C   20       -0.049636        0.181096       -0.556054
     C   20        0.181096       -0.163582        0.404734
     C   20       -0.556054        0.404734        0.213218

     H   21        0.133686        0.059398       -0.181728
     H   21        0.059398        0.452924        0.099751
     H   21       -0.181728        0.099751       -0.586610

     C   22       -0.310670       -0.372923       -0.366721
     C   22       -0.372923       -0.092205        0.082873
     C   22       -0.366721        0.082873        0.402875

     C   23       -0.001669        0.172953       -0.433180
     C   23        0.172953       -0.369193        0.429907
     C   23       -0.433180        0.429907        0.370862

     Cl  24       -0.165180       -0.195021       -0.169113
     Cl  24       -0.195021       -0.133303       -0.020182
     Cl  24       -0.169113       -0.020182        0.298483

     ----- ionic term -----
     Cl   1        0.068096       -0.203042        0.008047
     Cl   1       -0.203042        0.081600       -0.000641
     Cl   1        0.008047       -0.000641       -0.149697

     C    2        0.076746       -0.183094        0.296162
     C    2       -0.183094        0.205544        0.378575
     C    2        0.296162        0.378575       -0.282291

     C    3        0.117332       -0.276503        0.180677
     C    3       -0.276503        0.243821        0.408376
     C    3        0.180677        0.408376       -0.361153

     H    4        0.682906        0.116400        0.688719
     H    4        0.116400       -0.503013        0.147638
     H    4        0.688719        0.147638       -0.179893

     C    5        0.297053       -0.203314        0.244795
     C    5       -0.203314        0.049620        0.329990
     C    5        0.244795        0.329990       -0.346673

     H    6       -0.479606        0.230879        0.156131
     H    6        0.230879        0.484313        0.752051
     H    6        0.156131        0.752051       -0.004707

     H    7       -0.542612        0.010201        0.018382
     H    7        0.010201        0.574743       -0.741804
     H    7        0.018382       -0.741804       -0.032132

     C    8        0.088066        0.313914        0.265432
     C    8        0.313914       -0.010089       -0.245081
     C    8        0.265432       -0.245081       -0.077977

     H    9        0.273973       -0.125079        0.794086
     H    9       -0.125079       -0.517770       -0.192097
     H    9        0.794086       -0.192097        0.243797

     C   10        0.052890        0.339257        0.197093
     C   10        0.339257        0.011039       -0.372139
     C   10        0.197093       -0.372139       -0.063928

     C   11        0.114335        0.275955        0.321370
     C   11        0.275955       -0.069281       -0.415617
     C   11        0.321370       -0.415617       -0.045055

     Cl  12        0.155015        0.232043        0.021785
     Cl  12        0.232043       -0.015815        0.006756
     Cl  12        0.021785        0.006756       -0.139201

     H   13       -0.527469        0.169280        0.135036
     H   13        0.169280        0.579039        0.755933
     H   13        0.135036        0.755933       -0.051570

     C   14        0.148922       -0.228865        0.238166
     C   14       -0.228865        0.104252        0.322038
     C   14        0.238166        0.322038       -0.253174

     H   15        0.575064        0.206445        0.738517
     H   15        0.206445       -0.481597        0.215975
     H   15        0.738517        0.215975       -0.093467

     C   16        0.071256       -0.246514        0.182804
     C   16       -0.246514        0.151192        0.429454
     C   16        0.182804        0.429454       -0.222447

     C   17        0.263373       -0.164629        0.226369
     C   17       -0.164629       -0.007660        0.421453
     C   17        0.226369        0.421453       -0.255712

     Cl  18        0.119528       -0.207591       -0.036778
     Cl  18       -0.207591        0.000347        0.033189
     Cl  18       -0.036778        0.033189       -0.119875

     H   19       -0.524892        0.039086       -0.000570
     H   19        0.039086        0.605552       -0.736173
     H   19       -0.000570       -0.736173       -0.080660

     C   20        0.169498        0.240367        0.368513
     C   20        0.240367       -0.030107       -0.268381
     C   20        0.368513       -0.268381       -0.139390

     H   21        0.149242       -0.131766        0.792187
     H   21       -0.131766       -0.513363       -0.212219
     H   21        0.792187       -0.212219        0.364121

     C   22        0.007282        0.302163        0.242198
     C   22        0.302163        0.082839       -0.354954
     C   22        0.242198       -0.354954       -0.090121

     C   23       -0.017500        0.329298        0.267785
     C   23        0.329298        0.075232       -0.366011
     C   23        0.267785       -0.366011       -0.057732

     Cl  24        0.118152        0.219153        0.036535
     Cl  24        0.219153        0.021394        0.013437
     Cl  24        0.036535        0.013437       -0.139546

     ----- GIPAW term -----
     Cl   1        1.240475       -1.435504        0.687589
     Cl   1       -1.435504       -0.203631        0.539419
     Cl   1        0.687589        0.539419       -1.036845

     C    2       -0.041517       -0.134961       -0.057793
     C    2       -0.134961       -0.026463       -0.178388
     C    2       -0.057793       -0.178388        0.067980

     C    3       -0.032581        0.060042       -0.202896
     C    3        0.060042       -0.096962       -0.133179
     C    3       -0.202896       -0.133179        0.129543

     H    4       -0.000000        0.000000        0.000000
     H    4        0.000000        0.000000        0.000000
     H    4        0.000000        0.000000        0.000000

     C    5        0.186158        0.233111       -0.043076
     C    5        0.233111       -0.103558       -0.089003
     C    5       -0.043076       -0.089003       -0.082599

     H    6       -0.000000        0.000000        0.000000
     H    6        0.000000        0.000000        0.000000
     H    6        0.000000        0.000000        0.000000

     H    7       -0.000000        0.000000        0.000000
     H    7        0.000000        0.000000        0.000000
     H    7        0.000000        0.000000        0.000000

     C    8       -0.124662       -0.080165       -0.057939
     C    8       -0.080165        0.098481        0.150245
     C    8       -0.057939        0.150245        0.026181

     H    9       -0.000000        0.000000        0.000000
     H    9        0.000000        0.000000        0.000000
     H    9        0.000000        0.000000        0.000000

     C   10       -0.072292       -0.035359       -0.044343
     C   10       -0.035359        0.049193        0.147906
     C   10       -0.044343        0.147906        0.023099

     C   11       -0.072651        0.100276       -0.036335
     C   11        0.100276        0.141514        0.128429
     C   11       -0.036335        0.128429       -0.068863

     Cl  12        0.930637        2.581589       -0.132938
     Cl  12        2.581589        0.601239        0.906626
     Cl  12       -0.132938        0.906626       -1.531875

     H   13       -0.000000        0.000000        0.000000
     H   13        0.000000        0.000000        0.000000
     H   13        0.000000        0.000000        0.000000

     C   14       -0.141413        0.006267        0.052842
     C   14        0.006267       -0.005604       -0.210284
     C   14        0.052842       -0.210284        0.147018

     H   15       -0.000000        0.000000        0.000000
     H   15        0.000000        0.000000        0.000000
     H   15        0.000000        0.000000        0.000000

     C   16       -0.082552        0.089568       -0.031799
     C   16        0.089568        0.181550       -0.155191
     C   16       -0.031799       -0.155191       -0.098997

     C   17        0.029460        0.167536       -0.037947
     C   17        0.167536        0.157168        0.024295
     C   17       -0.037947        0.024295       -0.186628

     Cl  18        0.440216       -0.072215        1.394643
     Cl  18       -0.072215        0.202240        1.804495
     Cl  18        1.394643        1.804495       -0.642456

     H   19       -0.000000        0.000000        0.000000
     H   19        0.000000        0.000000        0.000000
     H   19        0.000000        0.000000        0.000000

     C   20        0.116165        0.135503       -0.235008
     C   20        0.135503       -0.137593        0.009936
     C   20       -0.235008        0.009936        0.021428

     H   21       -0.000000        0.000000        0.000000
     H   21        0.000000        0.000000        0.000000
     H   21        0.000000        0.000000        0.000000

     C   22       -0.064569       -0.005108       -0.200425
     C   22       -0.005108       -0.101374       -0.055063
     C   22       -0.200425       -0.055063        0.165943

     C   23       -0.011740        0.183072       -0.147859
     C   23        0.183072       -0.098059       -0.073532
     C   23       -0.147859       -0.073532        0.109799

     Cl  24        0.298073        1.319607       -1.740717
     Cl  24        1.319607       -1.185060       -0.233097
     Cl  24       -1.740717       -0.233097        0.886987

     ----- total EFG -----
     Cl   1        1.274216       -1.520019        0.779424
     Cl   1       -1.520019       -0.162619        0.602746
     Cl   1        0.779424        0.602746       -1.111597

     C    2       -0.238939       -0.378781       -0.097495
     C    2       -0.378781        0.103459       -0.410204
     C    2       -0.097495       -0.410204        0.135480

     C    3       -0.058373       -0.019497       -0.390667
     C    3       -0.019497       -0.141449       -0.234368
     C    3       -0.390667       -0.234368        0.199822

     H    4        0.016951        0.110302        0.532851
     H    4        0.110302       -0.139242       -0.079881
     H    4        0.532851       -0.079881        0.122291

     C    5        0.540911        0.570557        0.084321
     C    5        0.570557       -0.432773       -0.126816
     C    5        0.084321       -0.126816       -0.108139

     H    6       -0.600240       -0.168670       -0.060905
     H    6       -0.168670        0.283285        0.377215
     H    6       -0.060905        0.377215        0.316954

     H    7       -0.067836        0.062517        0.225293
     H    7        0.062517        0.580477       -0.489936
     H    7        0.225293       -0.489936       -0.512640

     C    8       -0.506996       -0.058665       -0.016516
     C    8       -0.058665        0.340290        0.146656
     C    8       -0.016516        0.146656        0.166706

     H    9        0.444076       -0.088055        0.481253
     H    9       -0.088055       -0.228701       -0.412070
     H    9        0.481253       -0.412070       -0.215375

     C   10        0.016807        0.142492        0.024085
     C   10        0.142492       -0.029621        0.178598
     C   10        0.024085        0.178598        0.012814

     C   11       -0.365358        0.120413       -0.028189
     C   11        0.120413        0.131368        0.135296
     C   11       -0.028189        0.135296        0.233991

     Cl  12        1.058870        2.892115       -0.143893
     Cl  12        2.892115        0.637112        1.011981
     Cl  12       -0.143893        1.011981       -1.695983

     H   13       -0.077714        0.178315       -0.142651
     H   13        0.178315        0.592262        0.463675
     H   13       -0.142651        0.463675       -0.514548

     C   14       -0.378599        0.100622        0.263736
     C   14        0.100622        0.103702       -0.289908
     C   14        0.263736       -0.289908        0.274897

     H   15        0.589170        0.241308        0.231609
     H   15        0.241308       -0.414831        0.443767
     H   15        0.231609        0.443767       -0.174339

     C   16        0.060888        0.100618        0.036019
     C   16        0.100618        0.253538       -0.318430
     C   16        0.036019       -0.318430       -0.314426

     C   17       -0.067386        0.326360       -0.290426
     C   17        0.326360        0.402849        0.260836
     C   17       -0.290426        0.260836       -0.335463

     Cl  18        0.496546       -0.139098        1.439084
     Cl  18       -0.139098        0.199922        1.942607
     Cl  18        1.439084        1.942607       -0.696468

     H   19       -0.406866       -0.170598        0.308869
     H   19       -0.170598        0.498012       -0.208183
     H   19        0.308869       -0.208183       -0.091146

     C   20        0.236026        0.556965       -0.422550
     C   20        0.556965       -0.331282        0.146289
     C   20       -0.422550        0.146289        0.095255

     H   21        0.282928       -0.072368        0.610459
     H   21       -0.072368       -0.060439       -0.112468
     H   21        0.610459       -0.112468       -0.222489

     C   22       -0.367957       -0.075868       -0.324948
     C   22       -0.075868       -0.110740       -0.327144
     C   22       -0.324948       -0.327144        0.478696

     C   23       -0.030910        0.685322       -0.313254
     C   23        0.685322       -0.392020       -0.009636
     C   23       -0.313254       -0.009636        0.422930

     Cl  24        0.251045        1.343739       -1.873295
     Cl  24        1.343739       -1.296969       -0.239842
     Cl  24       -1.873295       -0.239842        1.045924

     ----- total EFG (symmetrized) -----
     Cl   1        1.274216       -1.520019        0.779424
     Cl   1       -1.520019       -0.162619        0.602746
     Cl   1        0.779424        0.602746       -1.111597

     C    2       -0.238939       -0.378781       -0.097495
     C    2       -0.378781        0.103459       -0.410204
     C    2       -0.097495       -0.410204        0.135480

     C    3       -0.058373       -0.019497       -0.390667
     C    3       -0.019497       -0.141449       -0.234368
     C    3       -0.390667       -0.234368        0.199822

     H    4        0.016951        0.110302        0.532851
     H    4        0.110302       -0.139242       -0.079881
     H    4        0.532851       -0.079881        0.122291

     C    5        0.540911        0.570557        0.084321
     C    5        0.570557       -0.432773       -0.126816
     C    5        0.084321       -0.126816       -0.108139

     H    6       -0.600240       -0.168670       -0.060905
     H    6       -0.168670        0.283285        0.377215
     H    6       -0.060905        0.377215        0.316954

     H    7       -0.067836        0.062517        0.225293
     H    7        0.062517        0.580477       -0.489936
     H    7        0.225293       -0.489936       -0.512640

     C    8       -0.506996       -0.058665       -0.016516
     C    8       -0.058665        0.340290        0.146656
     C    8       -0.016516        0.146656        0.166706

     H    9        0.444076       -0.088055        0.481253
     H    9       -0.088055       -0.228701       -0.412070
     H    9        0.481253       -0.412070       -0.215375

     C   10        0.016807        0.142492        0.024085
     C   10        0.142492       -0.029621        0.178598
     C   10        0.024085        0.178598        0.012814

     C   11       -0.365358        0.120413       -0.028189
     C   11        0.120413        0.131368        0.135296
     C   11       -0.028189        0.135296        0.233991

     Cl  12        1.058870        2.892115       -0.143893
     Cl  12        2.892115        0.637112        1.011981
     Cl  12       -0.143893        1.011981       -1.695983

     H   13       -0.077714        0.178315       -0.142651
     H   13        0.178315        0.592262        0.463675
     H   13       -0.142651        0.463675       -0.514548

     C   14       -0.378599        0.100622        0.263736
     C   14        0.100622        0.103702       -0.289908
     C   14        0.263736       -0.289908        0.274897

     H   15        0.589170        0.241308        0.231609
     H   15        0.241308       -0.414831        0.443767
     H   15        0.231609        0.443767       -0.174339

     C   16        0.060888        0.100618        0.036019
     C   16        0.100618        0.253538       -0.318430
     C   16        0.036019       -0.318430       -0.314426

     C   17       -0.067386        0.326360       -0.290426
     C   17        0.326360        0.402849        0.260836
     C   17       -0.290426        0.260836       -0.335463

     Cl  18        0.496546       -0.139098        1.439084
     Cl  18       -0.139098        0.199922        1.942607
     Cl  18        1.439084        1.942607       -0.696468

     H   19       -0.406866       -0.170598        0.308869
     H   19       -0.170598        0.498012       -0.208183
     H   19        0.308869       -0.208183       -0.091146

     C   20        0.236026        0.556965       -0.422550
     C   20        0.556965       -0.331282        0.146289
     C   20       -0.422550        0.146289        0.095255

     H   21        0.282928       -0.072368        0.610459
     H   21       -0.072368       -0.060439       -0.112468
     H   21        0.610459       -0.112468       -0.222489

     C   22       -0.367957       -0.075868       -0.324948
     C   22       -0.075868       -0.110740       -0.327144
     C   22       -0.324948       -0.327144        0.478696

     C   23       -0.030910        0.685322       -0.313254
     C   23        0.685322       -0.392020       -0.009636
     C   23       -0.313254       -0.009636        0.422930

     Cl  24        0.251045        1.343739       -1.873295
     Cl  24        1.343739       -1.296969       -0.239842
     Cl  24       -1.873295       -0.239842        1.045924


     NQR/NMR SPECTROSCOPIC PARAMETERS:
     Cl   1    Vxx=   -0.2151    axis=( -0.299161 -0.650901 -0.697733)
     Cl   1    Vyy=   -2.0579    axis=(  0.423333  0.564784 -0.708384)
     Cl   1    Vzz=    2.2731    axis=( -0.855156  0.507294 -0.106586)
     Cl   1  Q=        -8.1650 1e-30 m^2  Cq=       -43.6076 MHz  eta= 0.81072

     C    2    Vxx=    0.0382    axis=( -0.670704  0.318288  0.669962)
     C    2    Vyy=    0.5836    axis=(  0.267040 -0.739059  0.618451)
     C    2    Vzz=   -0.6218    axis=( -0.691987 -0.593704 -0.410694)
     C    2  Q=         1.0000 1e-30 m^2  Cq=        -1.4609 MHz  eta= 0.87712

     C    3    Vxx=   -0.0992    axis=(  0.567092 -0.817549  0.100106)
     C    3    Vyy=   -0.4323    axis=(  0.633706  0.510714  0.581023)
     C    3    Vzz=    0.5315    axis=( -0.526140 -0.266056  0.807707)
     C    3  Q=         1.0000 1e-30 m^2  Cq=         1.2488 MHz  eta= 0.62661

     H    4    Vxx=   -0.0907    axis=(  0.238021  0.940433 -0.242761)
     H    4    Vyy=   -0.5147    axis=( -0.700106  0.339366  0.628237)
     H    4    Vzz=    0.6054    axis=(  0.673200  0.020425  0.739179)
     H    4  Q=         1.0000 1e-30 m^2  Cq=         1.4224 MHz  eta= 0.70034

     C    5    Vxx=   -0.0725    axis=(  0.074630 -0.223842  0.971764)
     C    5    Vyy=   -0.7323    axis=( -0.410438  0.881219  0.234506)
     C    5    Vzz=    0.8047    axis=( -0.908829 -0.416350 -0.026108)
     C    5  Q=         1.0000 1e-30 m^2  Cq=         1.8908 MHz  eta= 0.81993

     H    6    Vxx=   -0.0663    axis=( -0.138916  0.694637 -0.705820)
     H    6    Vyy=   -0.6314    axis=( -0.982567 -0.185602  0.010722)
     H    6    Vzz=    0.6977    axis=( -0.123554  0.695004  0.708310)
     H    6  Q=         1.0000 1e-30 m^2  Cq=         1.6393 MHz  eta= 0.81003

     H    7    Vxx=    0.0080    axis=(  0.949632  0.137352  0.281661)
     H    7    Vyy=    0.7685    axis=( -0.027651  0.932045 -0.361287)
     H    7    Vzz=   -0.7766    axis=( -0.312144  0.335301  0.888898)
     H    7  Q=         1.0000 1e-30 m^2  Cq=        -1.8246 MHz  eta= 0.97932

     C    8    Vxx=    0.0834    axis=(  0.024481 -0.491480  0.870545)
     C    8    Vyy=    0.4277    axis=( -0.063194  0.868303  0.491992)
     C    8    Vzz=   -0.5111    axis=( -0.997701 -0.067058 -0.009802)
     C    8  Q=         1.0000 1e-30 m^2  Cq=        -1.2009 MHz  eta= 0.67347

     H    9    Vxx=   -0.0652    axis=(  0.516532  0.752311 -0.408930)
     H    9    Vyy=   -0.7117    axis=( -0.269503  0.596137  0.756299)
     H    9    Vzz=    0.7768    axis=(  0.812750 -0.280445  0.510674)
     H    9  Q=         1.0000 1e-30 m^2  Cq=         1.8253 MHz  eta= 0.83221

     C   10    Vxx=   -0.0083    axis=( -0.779478  0.031323  0.625646)
     C   10    Vyy=   -0.2269    axis=( -0.390506  0.756641 -0.524404)
     C   10    Vzz=    0.2352    axis=( -0.489815 -0.653079 -0.577554)
     C   10  Q=         1.0000 1e-30 m^2  Cq=         0.5526 MHz  eta= 0.92984

     C   11    Vxx=    0.0680    axis=(  0.252185  0.770596 -0.585307)
     C   11    Vyy=    0.3305    axis=(  0.069288  0.588925  0.805212)
     C   11    Vzz=   -0.3985    axis=( -0.965195  0.243617 -0.095125)
     C   11  Q=         1.0000 1e-30 m^2  Cq=        -0.9364 MHz  eta= 0.65870

     Cl  12    Vxx=   -1.0582    axis=(  0.505121 -0.407606 -0.760730)
     Cl  12    Vyy=   -2.7528    axis=( -0.479599  0.600246 -0.640070)
     Cl  12    Vzz=    3.8110    axis=( -0.717522 -0.688158 -0.107709)
     Cl  12  Q=        -8.1650 1e-30 m^2  Cq=       -73.1127 MHz  eta= 0.44466

     H   13    Vxx=   -0.0366    axis=(  0.947802 -0.035075 -0.316923)
     H   13    Vyy=   -0.7412    axis=( -0.285598  0.348592 -0.892702)
     H   13    Vzz=    0.7779    axis=(  0.141789  0.936618  0.320379)
     H   13  Q=         1.0000 1e-30 m^2  Cq=         1.8277 MHz  eta= 0.90586

     C   14    Vxx=    0.0157    axis=(  0.469422  0.786289  0.401737)
     C   14    Vyy=    0.5198    axis=( -0.183165  0.531799 -0.826825)
     C   14    Vzz=   -0.5354    axis=( -0.863767  0.314546  0.393659)
     C   14  Q=         1.0000 1e-30 m^2  Cq=        -1.2581 MHz  eta= 0.94153

     H   15    Vxx=   -0.0147    axis=(  0.477774 -0.507312 -0.717194)
     H   15    Vyy=   -0.7565    axis=( -0.041451  0.802473 -0.595247)
     H   15    Vzz=    0.7712    axis=( -0.877504 -0.314122 -0.362372)
     H   15  Q=         1.0000 1e-30 m^2  Cq=         1.8120 MHz  eta= 0.96180

     C   16    Vxx=    0.0542    axis=(  0.965940 -0.141533  0.216630)
     C   16    Vyy=    0.4134    axis=(  0.217318  0.898161 -0.382204)
     C   16    Vzz=   -0.4676    axis=( -0.140474  0.416264  0.898327)
     C   16  Q=         1.0000 1e-30 m^2  Cq=        -1.0987 MHz  eta= 0.76809

     C   17    Vxx=    0.0870    axis=( -0.732116  0.225693  0.642704)
     C   17    Vyy=    0.5833    axis=( -0.396439 -0.908437 -0.132582)
     C   17    Vzz=   -0.6703    axis=(  0.553933 -0.351858  0.754555)
     C   17  Q=         1.0000 1e-30 m^2  Cq=        -1.5749 MHz  eta= 0.74053

     Cl  18    Vxx=    0.5222    axis=(  0.788952 -0.612792 -0.045169)
     Cl  18    Vyy=    2.1976    axis=( -0.493661 -0.588370 -0.640405)
     Cl  18    Vzz=   -2.7198    axis=(  0.365860  0.527547 -0.766708)
     Cl  18  Q=        -8.1650 1e-30 m^2  Cq=        52.1784 MHz  eta= 0.61601

     H   19    Vxx=   -0.0349    axis=( -0.442064 -0.445610 -0.778467)
     H   19    Vyy=   -0.5972    axis=( -0.859715 -0.037080  0.509426)
     H   19    Vzz=    0.6322    axis=( -0.255871  0.894459 -0.366706)
     H   19  Q=         1.0000 1e-30 m^2  Cq=         1.4853 MHz  eta= 0.88953

     C   20    Vxx=    0.0878    axis=( -0.206711 -0.555836 -0.805181)
     C   20    Vyy=    0.7253    axis=( -0.810512 -0.363681  0.459137)
     C   20    Vzz=   -0.8131    axis=(  0.548034 -0.747518  0.375334)
     C   20  Q=         1.0000 1e-30 m^2  Cq=        -1.9104 MHz  eta= 0.78412

     H   21    Vxx=   -0.0750    axis=(  0.183298  0.983016  0.009070)
     H   21    Vyy=   -0.6355    axis=( -0.545935  0.094116  0.832524)
     H   21    Vzz=    0.7105    axis=(  0.817531 -0.157552  0.553914)
     H   21  Q=         1.0000 1e-30 m^2  Cq=         1.6694 MHz  eta= 0.78896

     C   22    Vxx=   -0.1328    axis=(  0.514069 -0.839510 -0.175942)
     C   22    Vyy=   -0.5609    axis=(  0.819823  0.420572  0.388599)
     C   22    Vzz=    0.6937    axis=( -0.252237 -0.344008  0.904453)
     C   22  Q=         1.0000 1e-30 m^2  Cq=         1.6300 MHz  eta= 0.61702

     C   23    Vxx=    0.2199    axis=(  0.459224  0.502794  0.732333)
     C   23    Vyy=    0.7258    axis=( -0.632634 -0.393628  0.666957)
     C   23    Vzz=   -0.9456    axis=( -0.623608  0.769582 -0.137321)
     C   23  Q=         1.0000 1e-30 m^2  Cq=        -2.2219 MHz  eta= 0.53495

     Cl  24    Vxx=   -0.5409    axis=(  0.461070  0.617153  0.637602)
     Cl  24    Vyy=   -2.2933    axis=( -0.603201  0.744974 -0.284889)
     Cl  24    Vzz=    2.8341    axis=( -0.650817 -0.253249  0.715753)
     Cl  24  Q=        -8.1650 1e-30 m^2  Cq=       -54.3713 MHz  eta= 0.61832

     Initialization:
     gipaw_setup  :      9.27s CPU     10.88s WALL (       1 calls)

     Linear response

     Apply operators

     Induced current

     Other routines
     efg          :      9.50s CPU     11.73s WALL (       1 calls)

     General routines
     calbec       :      3.18s CPU      4.25s WALL (      16 calls)
     fft          :      1.47s CPU      2.07s WALL (      15 calls)
     ffts         :      0.05s CPU      0.09s WALL (       2 calls)
     fftw         :      3.50s CPU      4.04s WALL (     672 calls)
     davcio       :      0.03s CPU      0.33s WALL (      32 calls)

     Parallel routines
     fft_scatter  :      2.18s CPU      3.17s WALL (     689 calls)

     Plugins

     GIPAW        :     61.63s CPU     72.33s WALL (       1 calls)
