
     Program QE v.6.0 (svn rev. 13079) starts on  6Jan2017 at 22:22: 9 

     This program is part of the open-source Quantum ESPRESSO suite
     for quantum simulation of materials; please cite
         "P. Giannozzi et al., J. Phys.:Condens. Matter 21 395502 (2009);
          URL http://www.quantum-espresso.org", 
     in publications or presentations arising from this work. More details at
     http://www.quantum-espresso.org/quote

     Parallel version (MPI), running on     8 processors
     R & G space division:  proc/nbgrp/npool/nimage =       8

     ***** This is GIPAW svn revision unknown      *****

     Parallelizing q-star over 1 images

     Reading data from directory:
     /users/majewski/paradichlorobenzene/pbe/9_constraint/scratch/pbe.ecut100.np8.dt60.pcl2phi-129368.save
     Message from routine read_xml_file:
     file /users/majewski/paradichlorobenzene/pbe/9_constraint/scratch/pbe.ecut100.np8.dt60.pcl2phi-129368.save not guaranteed to be safe for post-processing

   Info: using nr1, nr2, nr3 values from input

   Info: using nr1, nr2, nr3 values from input

     IMPORTANT: XC functional enforced from input :
     Exchange-correlation      =  SLA  PW   PBX  PBC ( 1  4  3  4 0 0)
     Any further DFT definition will be discarded
     Please, verify this is what you really want

               file C.pbe-n-kjpaw_psl.1.0.0.UPF: wavefunction(s)  2S 2P renormalized
               file Cl.pbe-n-kjpaw_psl.1.0.0.UPF: wavefunction(s)  3S 3P renormalized
               file H.pbe-kjpaw_psl.1.0.0.UPF: wavefunction(s)  1S renormalized

     Parallelization info
     --------------------
     sticks:   dense  smooth     PW     G-vecs:    dense   smooth      PW
     Min        3057    1223    332               144436    36536    5170
     Max        3059    1225    333               144437    36537    5171
     Sum       24467    9791   2657              1155489   292295   41363


     Subspace diagonalization in iterative solution of the eigenvalue problem:
     a serial algorithm will be used

     GIPAW projectors -----------------------------------------------
     atom=  C    l=0  rc=    1.2000  rs=    0.8000
     atom=  C    l=0  rc=    1.2000  rs=    0.8000
     atom=  C    l=1  rc=    1.4000  rs=    0.9333
     atom=  C    l=1  rc=    1.4000  rs=    0.9333
     projs nearly linearly dependent: l=1  n1,n2= 1, 2  s=  0.99951561

     atom=  Cl   l=0  rc=    1.6000  rs=    1.0667
     atom=  Cl   l=0  rc=    1.6000  rs=    1.0667
     atom=  Cl   l=1  rc=    1.6000  rs=    1.0667
     atom=  Cl   l=1  rc=    1.6000  rs=    1.0667
     atom=  Cl   l=2  rc=    1.6000  rs=    1.0667
     atom=  Cl   l=2  rc=    1.6000  rs=    1.0667
     projs nearly linearly dependent: l=2  n1,n2= 1, 2  s=  0.99993509

     atom=  H    l=0  rc=    1.0000  rs=    0.6667
     atom=  H    l=0  rc=    1.0000  rs=    0.6667
     projs nearly linearly dependent: l=0  n1,n2= 1, 2  s=  0.99968852
     -----------------------------------------------------------------

     GIPAW integrals: -------------------------------------------
     Atom  i/j   nmr_para   nmr_dia   epr_rmc  epr_para   epr_dia
       C   1 1   0.83E+03  0.17E-01  0.93E+01  0.24E+08  0.24E+03
       C   2 1   0.86E+03 -0.61E-01  0.94E+01  0.25E+08  0.25E+03
       C   2 2   0.90E+03 -0.15E+00  0.97E+01  0.26E+08  0.26E+03
       C   3 3   0.33E+01  0.34E+00  0.18E+01  0.55E+03  0.21E+02
       C   4 3   0.35E+01  0.37E+00  0.20E+01  0.59E+03  0.22E+02
       C   4 4   0.38E+01  0.39E+00  0.22E+01  0.63E+03  0.24E+02
       Cl  1 1   0.14E+04 -0.47E+00  0.84E+01  0.32E+09  0.42E+03
       Cl  2 1   0.21E+04 -0.37E+00  0.12E+02  0.49E+09  0.65E+03
       Cl  2 2   0.33E+04 -0.16E+00  0.21E+02  0.76E+09  0.10E+04
       Cl  3 3   0.21E+02  0.79E-01  0.89E+01  0.23E+05  0.13E+03
       Cl  4 3   0.24E+02  0.67E-01  0.99E+01  0.27E+05  0.15E+03
       Cl  4 4   0.28E+02  0.44E-01  0.11E+02  0.32E+05  0.18E+03
       Cl  5 5   0.77E+00  0.19E+00  0.18E+01  0.12E+03  0.22E+02
       Cl  6 5   0.80E+00  0.19E+00  0.19E+01  0.12E+03  0.23E+02
       Cl  6 6   0.83E+00  0.20E+00  0.19E+01  0.12E+03  0.23E+02
       H   1 1   0.39E+02  0.19E+00  0.29E+00  0.78E+05  0.13E+02
       H   2 1   0.41E+02  0.21E+00  0.32E+00  0.82E+05  0.14E+02
       H   2 2   0.43E+02  0.22E+00  0.36E+00  0.86E+05  0.15E+02
     ------------------------------------------------------------

     alpha_pv=     33.9756 eV

     Number of occupied bands for each k-point:
     k-point:     1    nbnd_occ=  42
     k-point:     2    nbnd_occ=  42
     k-point:     3    nbnd_occ=  42
     k-point:     4    nbnd_occ=  42
     k-point:     5    nbnd_occ=  42
     k-point:     6    nbnd_occ=  42
     k-point:     7    nbnd_occ=  42
     k-point:     8    nbnd_occ=  42
     k-point:     9    nbnd_occ=  42
     k-point:    10    nbnd_occ=  42
     k-point:    11    nbnd_occ=  42
     k-point:    12    nbnd_occ=  42
     k-point:    13    nbnd_occ=  42
     k-point:    14    nbnd_occ=  42
     k-point:    15    nbnd_occ=  42
     k-point:    16    nbnd_occ=  42


     q-space interpolation up to   110.00 Rydberg

     GIPAW job: efg                                                                             


     ELECTRIC FIELD GRADIENTS TENSORS IN Hartree/bohrradius^2:

     ----- bare term -----
     Cl   1       -0.238506        0.170723        0.057583
     Cl   1        0.170723       -0.012547       -0.170505
     Cl   1        0.057583       -0.170505        0.251053

     C    2        0.035107       -0.036683       -0.587317
     C    2       -0.036683       -0.100018       -0.499351
     C    2       -0.587317       -0.499351        0.064911

     C    3       -0.111418        0.427393       -0.183796
     C    3        0.427393       -0.310854       -0.473141
     C    3       -0.183796       -0.473141        0.422272

     H    4       -0.557537       -0.149968       -0.258928
     H    4       -0.149968        0.360355       -0.252128
     H    4       -0.258928       -0.252128        0.197183

     C    5       -0.338434        0.197470       -0.479927
     C    5        0.197470        0.034763       -0.388955
     C    5       -0.479927       -0.388955        0.303672

     H    6        0.298431        0.061982       -0.030605
     H    6        0.061982       -0.487451       -0.476837
     H    6       -0.030605       -0.476837        0.189021

     H    7        0.195631       -0.131755        0.165003
     H    7       -0.131755       -0.268169        0.536560
     H    7        0.165003        0.536560        0.072537

     C    8       -0.194990        0.198886       -0.396388
     C    8        0.198886       -0.052760        0.510217
     C    8       -0.396388        0.510217        0.247750

     H    9       -0.247665        0.212394       -0.454358
     H    9        0.212394        0.144338        0.356190
     H    9       -0.454358        0.356190        0.103327

     C   10       -0.321651       -0.363771       -0.231291
     C   10       -0.363771       -0.098087        0.297018
     C   10       -0.231291        0.297018        0.419738

     C   11        0.064217        0.305646       -0.543138
     C   11        0.305646       -0.218117        0.559343
     C   11       -0.543138        0.559343        0.153899

     Cl  12       -0.142698       -0.190820       -0.164911
     Cl  12       -0.190820       -0.126289        0.044657
     Cl  12       -0.164911        0.044657        0.268987

     H   13        0.148718       -0.454020        0.116090
     H   13       -0.454020       -0.508950       -0.139027
     H   13        0.116090       -0.139027        0.360232

     C   14       -0.078015        0.431027       -0.280912
     C   14        0.431027       -0.327622       -0.237083
     C   14       -0.280912       -0.237083        0.405637

     H   15       -0.669105       -0.283543        0.143617
     H   15       -0.283543        0.391625       -0.057246
     H   15        0.143617       -0.057246        0.277481

     C   16        0.042973       -0.052406       -0.362541
     C   16       -0.052406       -0.252768       -0.420232
     C   16       -0.362541       -0.420232        0.209795

     C   17       -0.285750        0.343766       -0.331050
     C   17        0.343766       -0.159346       -0.343514
     C   17       -0.331050       -0.343514        0.445096

     Cl  18        0.022155       -0.132409       -0.107987
     Cl  18       -0.132409       -0.041845        0.048866
     Cl  18       -0.107987        0.048866        0.019690

     H   19        0.476727        0.152330        0.000517
     H   19        0.152330       -0.692910        0.036901
     H   19        0.000517        0.036901        0.216183

     C   20       -0.375886       -0.293649       -0.392496
     C   20       -0.293649       -0.142415        0.377828
     C   20       -0.392496        0.377828        0.518301

     H   21       -0.514521        0.490814        0.054702
     H   21        0.490814        0.221089       -0.057255
     H   21        0.054702       -0.057255        0.293432

     C   22       -0.222590       -0.292446       -0.396718
     C   22       -0.292446       -0.050387        0.425149
     C   22       -0.396718        0.425149        0.272978

     C   23        0.005367       -0.341564       -0.100975
     C   23       -0.341564       -0.333407        0.477661
     C   23       -0.100975        0.477661        0.328041

     Cl  24        0.000347       -0.103359        0.102898
     Cl  24       -0.103359       -0.001532       -0.117628
     Cl  24        0.102898       -0.117628        0.001185

     ----- ionic term -----
     Cl   1        0.173849       -0.180357       -0.047925
     Cl   1       -0.180357       -0.053711        0.033042
     Cl   1       -0.047925        0.033042       -0.120139

     C    2        0.313131       -0.051858        0.180345
     C    2       -0.051858        0.056210        0.408576
     C    2        0.180345        0.408576       -0.369340

     C    3        0.268200       -0.210326        0.134240
     C    3       -0.210326        0.148688        0.344454
     C    3        0.134240        0.344454       -0.416888

     H    4        0.850655        0.276369        0.484789
     H    4        0.276369       -0.451959        0.179154
     H    4        0.484789        0.179154       -0.398696

     C    5        0.402913       -0.186180        0.212989
     C    5       -0.186180        0.058336        0.267181
     C    5        0.212989        0.267181       -0.461249

     H    6       -0.500925        0.100106        0.071411
     H    6        0.100106        0.803321        0.614289
     H    6        0.071411        0.614289       -0.302396

     H    7       -0.522034       -0.020756        0.014497
     H    7       -0.020756        0.460000       -0.769335
     H    7        0.014497       -0.769335        0.062033

     C    8        0.269556        0.134193        0.285623
     C    8        0.134193        0.045168       -0.313150
     C    8        0.285623       -0.313150       -0.314724

     H    9        0.577726       -0.333570        0.687322
     H    9       -0.333570       -0.389828       -0.258364
     H    9        0.687322       -0.258364       -0.187898

     C   10        0.159131        0.192521        0.238007
     C   10        0.192521        0.208707       -0.355236
     C   10        0.238007       -0.355236       -0.367838

     C   11        0.170527        0.057193        0.316599
     C   11        0.057193        0.209630       -0.398357
     C   11        0.316599       -0.398357       -0.380156

     Cl  12        0.130692        0.199621        0.050854
     Cl  12        0.199621        0.018009        0.022367
     Cl  12        0.050854        0.022367       -0.148701

     H   13       -0.510567        0.111878        0.045400
     H   13        0.111878        0.694412        0.672437
     H   13        0.045400        0.672437       -0.183845

     C   14        0.303316       -0.100210        0.211840
     C   14       -0.100210        0.077791        0.306265
     C   14        0.211840        0.306265       -0.381107

     H   15        0.718810        0.362148        0.535227
     H   15        0.362148       -0.416126        0.217871
     H   15        0.535227        0.217871       -0.302684

     C   16        0.163691       -0.151040        0.159445
     C   16       -0.151040        0.193437        0.382281
     C   16        0.159445        0.382281       -0.357128

     C   17        0.258495       -0.138341        0.247362
     C   17       -0.138341        0.147715        0.351387
     C   17        0.247362        0.351387       -0.406210

     Cl  18        0.109365       -0.222716        0.001370
     Cl  18       -0.222716        0.057859       -0.006285
     Cl  18        0.001370       -0.006285       -0.167224

     H   19       -0.513131       -0.007127        0.017511
     H   19       -0.007127        0.802437       -0.604623
     H   19        0.017511       -0.604623       -0.289307

     C   20        0.309160        0.115116        0.294864
     C   20        0.115116        0.114523       -0.284568
     C   20        0.294864       -0.284568       -0.423684

     H   21        0.792092       -0.451714        0.410728
     H   21       -0.451714       -0.327678       -0.206829
     H   21        0.410728       -0.206829       -0.464414

     C   22        0.219163        0.176357        0.177385
     C   22        0.176357        0.236902       -0.321396
     C   22        0.177385       -0.321396       -0.456065

     C   23        0.208522        0.117614        0.287699
     C   23        0.117614        0.193958       -0.379472
     C   23        0.287699       -0.379472       -0.402481

     Cl  24        0.170318        0.214005        0.018688
     Cl  24        0.214005       -0.001830        0.007888
     Cl  24        0.018688        0.007888       -0.168488

     ----- GIPAW term -----
     Cl   1       -0.392078       -1.581535        0.498372
     Cl   1       -1.581535       -0.031236       -1.733221
     Cl   1        0.498372       -1.733221        0.423313

     C    2        0.223854       -0.023788       -0.169786
     C    2       -0.023788       -0.070318       -0.092914
     C    2       -0.169786       -0.092914       -0.153536

     C    3        0.027449        0.076318       -0.041937
     C    3        0.076318       -0.070105       -0.068516
     C    3       -0.041937       -0.068516        0.042656

     H    4       -0.000000        0.000000        0.000000
     H    4        0.000000        0.000000        0.000000
     H    4        0.000000        0.000000        0.000000

     C    5        0.029167        0.083469       -0.121144
     C    5        0.083469       -0.030216       -0.090180
     C    5       -0.121144       -0.090180        0.001049

     H    6       -0.000000        0.000000        0.000000
     H    6        0.000000        0.000000        0.000000
     H    6        0.000000        0.000000        0.000000

     H    7       -0.000000        0.000000        0.000000
     H    7        0.000000        0.000000        0.000000
     H    7        0.000000        0.000000        0.000000

     C    8        0.098973        0.163705        0.015980
     C    8        0.163705       -0.055666        0.137243
     C    8        0.015980        0.137243       -0.043306

     H    9       -0.000000        0.000000        0.000000
     H    9        0.000000        0.000000        0.000000
     H    9        0.000000        0.000000        0.000000

     C   10       -0.027153        0.060224       -0.069871
     C   10        0.060224        0.036441       -0.005697
     C   10       -0.069871       -0.005697       -0.009289

     C   11        0.141096        0.252583       -0.170856
     C   11        0.252583       -0.055463        0.028090
     C   11       -0.170856        0.028090       -0.085633

     Cl  12        0.308337        0.979732       -1.860240
     Cl  12        0.979732       -1.251603        0.526171
     Cl  12       -1.860240        0.526171        0.943266

     H   13       -0.000000        0.000000        0.000000
     H   13        0.000000        0.000000        0.000000
     H   13        0.000000        0.000000        0.000000

     C   14        0.126042        0.137397       -0.171715
     C   14        0.137397       -0.141220       -0.080319
     C   14       -0.171715       -0.080319        0.015178

     H   15       -0.000000        0.000000        0.000000
     H   15        0.000000        0.000000        0.000000
     H   15        0.000000        0.000000        0.000000

     C   16        0.101546       -0.004645       -0.212527
     C   16       -0.004645       -0.113371       -0.056039
     C   16       -0.212527       -0.056039        0.011824

     C   17        0.048744       -0.003005       -0.222402
     C   17       -0.003005       -0.135302       -0.054229
     C   17       -0.222402       -0.054229        0.086558

     Cl  18        1.392646       -2.927132       -1.114799
     Cl  18       -2.927132       -0.379084        0.529807
     Cl  18       -1.114799        0.529807       -1.013562

     H   19       -0.000000        0.000000        0.000000
     H   19        0.000000        0.000000        0.000000
     H   19        0.000000        0.000000        0.000000

     C   20       -0.072347       -0.094891       -0.151739
     C   20       -0.094891       -0.079985        0.149951
     C   20       -0.151739        0.149951        0.152331

     H   21       -0.000000        0.000000        0.000000
     H   21        0.000000        0.000000        0.000000
     H   21        0.000000        0.000000        0.000000

     C   22        0.016878       -0.147991       -0.151648
     C   22       -0.147991        0.021395        0.099353
     C   22       -0.151648        0.099353       -0.038273

     C   23        0.147606       -0.010970        0.067290
     C   23       -0.010970       -0.090731        0.029727
     C   23        0.067290        0.029727       -0.056876

     Cl  24        1.409323        0.940404        1.162177
     Cl  24        0.940404       -0.088256       -1.078384
     Cl  24        1.162177       -1.078384       -1.321068

     ----- total EFG -----
     Cl   1       -0.456735       -1.591169        0.508029
     Cl   1       -1.591169       -0.097493       -1.870683
     Cl   1        0.508029       -1.870683        0.554228

     C    2        0.572092       -0.112329       -0.576758
     C    2       -0.112329       -0.114127       -0.183689
     C    2       -0.576758       -0.183689       -0.457965

     C    3        0.184230        0.293385       -0.091493
     C    3        0.293385       -0.232271       -0.197203
     C    3       -0.091493       -0.197203        0.048041

     H    4        0.293118        0.126401        0.225861
     H    4        0.126401       -0.091604       -0.072973
     H    4        0.225861       -0.072973       -0.201514

     C    5        0.093645        0.094759       -0.388082
     C    5        0.094759        0.062883       -0.211954
     C    5       -0.388082       -0.211954       -0.156528

     H    6       -0.202494        0.162087        0.040807
     H    6        0.162087        0.315869        0.137452
     H    6        0.040807        0.137452       -0.113375

     H    7       -0.326403       -0.152512        0.179500
     H    7       -0.152512        0.191832       -0.232775
     H    7        0.179500       -0.232775        0.134571

     C    8        0.173538        0.496785       -0.094785
     C    8        0.496785       -0.063258        0.334310
     C    8       -0.094785        0.334310       -0.110280

     H    9        0.330061       -0.121176        0.232965
     H    9       -0.121176       -0.245491        0.097826
     H    9        0.232965        0.097826       -0.084570

     C   10       -0.189673       -0.111027       -0.063155
     C   10       -0.111027        0.147061       -0.063915
     C   10       -0.063155       -0.063915        0.042612

     C   11        0.375840        0.615423       -0.397395
     C   11        0.615423       -0.063950        0.189076
     C   11       -0.397395        0.189076       -0.311890

     Cl  12        0.296331        0.988533       -1.974297
     Cl  12        0.988533       -1.359883        0.593195
     Cl  12       -1.974297        0.593195        1.063551

     H   13       -0.361849       -0.342142        0.161489
     H   13       -0.342142        0.185462        0.533410
     H   13        0.161489        0.533410        0.176387

     C   14        0.351342        0.468214       -0.240787
     C   14        0.468214       -0.391051       -0.011137
     C   14       -0.240787       -0.011137        0.039708

     H   15        0.049704        0.078605        0.678844
     H   15        0.078605       -0.024501        0.160625
     H   15        0.678844        0.160625       -0.025203

     C   16        0.308210       -0.208092       -0.415622
     C   16       -0.208092       -0.172702       -0.093990
     C   16       -0.415622       -0.093990       -0.135509

     C   17        0.021489        0.202421       -0.306090
     C   17        0.202421       -0.146932       -0.046357
     C   17       -0.306090       -0.046357        0.125444

     Cl  18        1.524166       -3.282257       -1.221416
     Cl  18       -3.282257       -0.363070        0.572388
     Cl  18       -1.221416        0.572388       -1.161096

     H   19       -0.036404        0.145204        0.018027
     H   19        0.145204        0.109528       -0.567722
     H   19        0.018027       -0.567722       -0.073124

     C   20       -0.139072       -0.273423       -0.249371
     C   20       -0.273423       -0.107876        0.243212
     C   20       -0.249371        0.243212        0.246948

     H   21        0.277571        0.039100        0.465430
     H   21        0.039100       -0.106589       -0.264084
     H   21        0.465430       -0.264084       -0.170983

     C   22        0.013450       -0.264079       -0.370980
     C   22       -0.264079        0.207909        0.203105
     C   22       -0.370980        0.203105       -0.221360

     C   23        0.361495       -0.234920        0.254014
     C   23       -0.234920       -0.230180        0.127916
     C   23        0.254014        0.127916       -0.131316

     Cl  24        1.579989        1.051050        1.283763
     Cl  24        1.051050       -0.091617       -1.188123
     Cl  24        1.283763       -1.188123       -1.488372

     ----- total EFG (symmetrized) -----
     Cl   1       -0.456735       -1.591169        0.508029
     Cl   1       -1.591169       -0.097493       -1.870683
     Cl   1        0.508029       -1.870683        0.554228

     C    2        0.572092       -0.112329       -0.576758
     C    2       -0.112329       -0.114127       -0.183689
     C    2       -0.576758       -0.183689       -0.457965

     C    3        0.184230        0.293385       -0.091493
     C    3        0.293385       -0.232271       -0.197203
     C    3       -0.091493       -0.197203        0.048041

     H    4        0.293118        0.126401        0.225861
     H    4        0.126401       -0.091604       -0.072973
     H    4        0.225861       -0.072973       -0.201514

     C    5        0.093645        0.094759       -0.388082
     C    5        0.094759        0.062883       -0.211954
     C    5       -0.388082       -0.211954       -0.156528

     H    6       -0.202494        0.162087        0.040807
     H    6        0.162087        0.315869        0.137452
     H    6        0.040807        0.137452       -0.113375

     H    7       -0.326403       -0.152512        0.179500
     H    7       -0.152512        0.191832       -0.232775
     H    7        0.179500       -0.232775        0.134571

     C    8        0.173538        0.496785       -0.094785
     C    8        0.496785       -0.063258        0.334310
     C    8       -0.094785        0.334310       -0.110280

     H    9        0.330061       -0.121176        0.232965
     H    9       -0.121176       -0.245491        0.097826
     H    9        0.232965        0.097826       -0.084570

     C   10       -0.189673       -0.111027       -0.063155
     C   10       -0.111027        0.147061       -0.063915
     C   10       -0.063155       -0.063915        0.042612

     C   11        0.375840        0.615423       -0.397395
     C   11        0.615423       -0.063950        0.189076
     C   11       -0.397395        0.189076       -0.311890

     Cl  12        0.296331        0.988533       -1.974297
     Cl  12        0.988533       -1.359883        0.593195
     Cl  12       -1.974297        0.593195        1.063551

     H   13       -0.361849       -0.342142        0.161489
     H   13       -0.342142        0.185462        0.533410
     H   13        0.161489        0.533410        0.176387

     C   14        0.351342        0.468214       -0.240787
     C   14        0.468214       -0.391051       -0.011137
     C   14       -0.240787       -0.011137        0.039708

     H   15        0.049704        0.078605        0.678844
     H   15        0.078605       -0.024501        0.160625
     H   15        0.678844        0.160625       -0.025203

     C   16        0.308210       -0.208092       -0.415622
     C   16       -0.208092       -0.172702       -0.093990
     C   16       -0.415622       -0.093990       -0.135509

     C   17        0.021489        0.202421       -0.306090
     C   17        0.202421       -0.146932       -0.046357
     C   17       -0.306090       -0.046357        0.125444

     Cl  18        1.524166       -3.282257       -1.221416
     Cl  18       -3.282257       -0.363070        0.572388
     Cl  18       -1.221416        0.572388       -1.161096

     H   19       -0.036404        0.145204        0.018027
     H   19        0.145204        0.109528       -0.567722
     H   19        0.018027       -0.567722       -0.073124

     C   20       -0.139072       -0.273423       -0.249371
     C   20       -0.273423       -0.107876        0.243212
     C   20       -0.249371        0.243212        0.246948

     H   21        0.277571        0.039100        0.465430
     H   21        0.039100       -0.106589       -0.264084
     H   21        0.465430       -0.264084       -0.170983

     C   22        0.013450       -0.264079       -0.370980
     C   22       -0.264079        0.207909        0.203105
     C   22       -0.370980        0.203105       -0.221360

     C   23        0.361495       -0.234920        0.254014
     C   23       -0.234920       -0.230180        0.127916
     C   23        0.254014        0.127916       -0.131316

     Cl  24        1.579989        1.051050        1.283763
     Cl  24        1.051050       -0.091617       -1.188123
     Cl  24        1.283763       -1.188123       -1.488372


     NQR/NMR SPECTROSCOPIC PARAMETERS:
     Cl   1    Vxx=   -0.5205    axis=( -0.728375  0.181737  0.660638)
     Cl   1    Vyy=   -2.2594    axis=(  0.542970  0.741187  0.394746)
     Cl   1    Vzz=    2.7799    axis=( -0.417916  0.646230 -0.638540)
     Cl   1  Q=        -8.1650 1e-30 m^2  Cq=       -53.3317 MHz  eta= 0.62553

     C    2    Vxx=   -0.0469    axis=(  0.096935 -0.952261  0.289487)
     C    2    Vyy=   -0.7843    axis=(  0.394014  0.303810  0.867440)
     C    2    Vzz=    0.8311    axis=( -0.913978  0.029977  0.404654)
     C    2  Q=         1.0000 1e-30 m^2  Cq=         1.9528 MHz  eta= 0.88726

     C    3    Vxx=    0.0046    axis=(  0.525064 -0.056627  0.849177)
     C    3    Vyy=    0.4201    axis=( -0.762040 -0.475562  0.439472)
     C    3    Vzz=   -0.4247    axis=(  0.378950 -0.877858 -0.292853)
     C    3  Q=         1.0000 1e-30 m^2  Cq=        -0.9979 MHz  eta= 0.97825

     H    4    Vxx=   -0.0554    axis=( -0.017205  0.883590 -0.467946)
     H    4    Vyy=   -0.3431    axis=( -0.376702  0.427800  0.821635)
     H    4    Vzz=    0.3985    axis=(  0.926175  0.190412  0.325489)
     H    4  Q=         1.0000 1e-30 m^2  Cq=         0.9363 MHz  eta= 0.72185

     C    5    Vxx=   -0.0107    axis=(  0.499836 -0.862760 -0.076218)
     C    5    Vyy=   -0.4669    axis=(  0.526651  0.232888  0.817558)
     C    5    Vzz=    0.4776    axis=( -0.687606 -0.448786  0.570780)
     C    5  Q=         1.0000 1e-30 m^2  Cq=         1.1223 MHz  eta= 0.95503

     H    6    Vxx=   -0.1532    axis=( -0.061194 -0.261135  0.963361)
     H    6    Vyy=   -0.2490    axis=( -0.961959  0.272890  0.012866)
     H    6    Vzz=    0.4022    axis=( -0.266251 -0.925927 -0.267900)
     H    6  Q=         1.0000 1e-30 m^2  Cq=         0.9451 MHz  eta= 0.23815

     H    7    Vxx=   -0.0683    axis=(  0.088712  0.692515  0.715928)
     H    7    Vyy=   -0.3981    axis=( -0.955079 -0.144902  0.258509)
     H    7    Vzz=    0.4665    axis=(  0.282761 -0.706701  0.648553)
     H    7  Q=         1.0000 1e-30 m^2  Cq=         1.0960 MHz  eta= 0.70695

     C    8    Vxx=    0.0565    axis=( -0.490781  0.273485  0.827248)
     C    8    Vyy=    0.5949    axis=(  0.724638  0.655300  0.213266)
     C    8    Vzz=   -0.6514    axis=( -0.483771  0.704122 -0.519787)
     C    8  Q=         1.0000 1e-30 m^2  Cq=        -1.5305 MHz  eta= 0.82660

     H    9    Vxx=   -0.0794    axis=( -0.242780  0.617695  0.748005)
     H    9    Vyy=   -0.3628    axis=(  0.317928  0.779152 -0.540226)
     H    9    Vzz=    0.4422    axis=(  0.916504 -0.106656  0.385544)
     H    9  Q=         1.0000 1e-30 m^2  Cq=         1.0389 MHz  eta= 0.64086

     C   10    Vxx=    0.0510    axis=( -0.339903  0.216086  0.915299)
     C   10    Vyy=    0.1940    axis=( -0.219164  0.928250 -0.300532)
     C   10    Vzz=   -0.2449    axis=( -0.914567 -0.302752 -0.268157)
     C   10  Q=         1.0000 1e-30 m^2  Cq=        -0.5755 MHz  eta= 0.58378

     C   11    Vxx=   -0.0431    axis=( -0.209274  0.626997  0.750386)
     C   11    Vyy=   -0.8105    axis=(  0.513320 -0.582704  0.630047)
     C   11    Vzz=    0.8536    axis=( -0.832290 -0.517040  0.199905)
     C   11  Q=         1.0000 1e-30 m^2  Cq=         2.0056 MHz  eta= 0.89907

     Cl  12    Vxx=   -0.2104    axis=(  0.523468  0.700484  0.485081)
     Cl  12    Vyy=   -2.4886    axis=(  0.556306 -0.712201  0.428128)
     Cl  12    Vzz=    2.6990    axis=( -0.645372 -0.045742  0.762497)
     Cl  12  Q=        -8.1650 1e-30 m^2  Cq=       -51.7789 MHz  eta= 0.84411

     H   13    Vxx=   -0.0127    axis=(  0.685715 -0.418686  0.595396)
     H   13    Vyy=   -0.7187    axis=( -0.715970 -0.535297  0.448156)
     H   13    Vzz=    0.7315    axis=( -0.131077  0.733593  0.666829)
     H   13  Q=         1.0000 1e-30 m^2  Cq=         1.7186 MHz  eta= 0.96521

     C   14    Vxx=   -0.0264    axis=(  0.241894  0.282253  0.928343)
     C   14    Vyy=   -0.6316    axis=( -0.454695  0.878176 -0.148523)
     C   14    Vzz=    0.6580    axis=( -0.857170 -0.386186  0.340765)
     C   14  Q=         1.0000 1e-30 m^2  Cq=         1.5461 MHz  eta= 0.91970

     H   15    Vxx=   -0.0556    axis=( -0.226286  0.970987 -0.077327)
     H   15    Vyy=   -0.6739    axis=( -0.675092 -0.099110  0.731046)
     H   15    Vzz=    0.7295    axis=( -0.702172 -0.217628 -0.677932)
     H   15  Q=         1.0000 1e-30 m^2  Cq=         1.7140 MHz  eta= 0.84753

     C   16    Vxx=   -0.0826    axis=(  0.121454 -0.837134  0.533344)
     C   16    Vyy=   -0.4985    axis=(  0.493659  0.517100  0.699220)
     C   16    Vzz=    0.5811    axis=( -0.861133  0.178366  0.476062)
     C   16  Q=         1.0000 1e-30 m^2  Cq=         1.3653 MHz  eta= 0.71560

     C   17    Vxx=   -0.0950    axis=(  0.325187  0.727147  0.604575)
     C   17    Vyy=   -0.3385    axis=( -0.679177  0.624444 -0.385731)
     C   17    Vzz=    0.4334    axis=( -0.658006 -0.285179  0.696923)
     C   17  Q=         1.0000 1e-30 m^2  Cq=         1.0183 MHz  eta= 0.56185

     Cl  18    Vxx=   -1.4277    axis=(  0.072335 -0.290058  0.954272)
     Cl  18    Vyy=   -2.8869    axis=( -0.619117 -0.763186 -0.185046)
     Cl  18    Vzz=    4.3146    axis=(  0.781960 -0.577420 -0.234784)
     Cl  18  Q=        -8.1650 1e-30 m^2  Cq=       -82.7735 MHz  eta= 0.33822

     H   19    Vxx=   -0.0300    axis=(  0.968053  0.011707  0.250472)
     H   19    Vyy=   -0.5786    axis=( -0.198056  0.648305  0.735170)
     H   19    Vzz=    0.6086    axis=( -0.153776 -0.761291  0.629912)
     H   19  Q=         1.0000 1e-30 m^2  Cq=         1.4300 MHz  eta= 0.90147

     C   20    Vxx=   -0.1523    axis=( -0.489941  0.574339 -0.655815)
     C   20    Vyy=   -0.3978    axis=( -0.741059 -0.670595 -0.033658)
     C   20    Vzz=    0.5502    axis=( -0.459117  0.469507  0.754171)
     C   20  Q=         1.0000 1e-30 m^2  Cq=         1.2927 MHz  eta= 0.44619

     H   21    Vxx=    0.0016    axis=(  0.383777  0.873031 -0.300886)
     H   21    Vyy=    0.5880    axis=(  0.813904 -0.165882  0.556815)
     H   21    Vzz=   -0.5896    axis=(  0.436205 -0.458585 -0.774225)
     H   21  Q=         1.0000 1e-30 m^2  Cq=        -1.3854 MHz  eta= 0.99452

     C   22    Vxx=   -0.0887    axis=(  0.545142  0.746574 -0.381376)
     C   22    Vyy=   -0.4932    axis=( -0.585979  0.013996 -0.810205)
     C   22    Vzz=    0.5819    axis=( -0.599540  0.665156  0.445106)
     C   22  Q=         1.0000 1e-30 m^2  Cq=         1.3671 MHz  eta= 0.69521

     C   23    Vxx=   -0.0506    axis=(  0.090495 -0.653666 -0.751353)
     C   23    Vyy=   -0.4590    axis=( -0.384999 -0.718755  0.578936)
     C   23    Vzz=    0.5097    axis=( -0.918470  0.236879 -0.316704)
     C   23  Q=         1.0000 1e-30 m^2  Cq=         1.1975 MHz  eta= 0.80134

     Cl  24    Vxx=    0.5507    axis=( -0.134719  0.816910 -0.560812)
     Cl  24    Vyy=    2.2340    axis=( -0.926078 -0.305121 -0.221993)
     Cl  24    Vzz=   -2.7847    axis=( -0.352463  0.489449  0.797628)
     Cl  24  Q=        -8.1650 1e-30 m^2  Cq=        53.4235 MHz  eta= 0.60448

     Initialization:
     gipaw_setup  :      9.00s CPU     11.01s WALL (       1 calls)

     Linear response

     Apply operators

     Induced current

     Other routines
     efg          :      9.26s CPU     11.98s WALL (       1 calls)

     General routines
     calbec       :      3.22s CPU      4.29s WALL (      16 calls)
     fft          :      1.38s CPU      1.70s WALL (      15 calls)
     ffts         :      0.04s CPU      0.04s WALL (       2 calls)
     fftw         :      3.24s CPU      4.17s WALL (     672 calls)
     davcio       :      0.06s CPU      0.39s WALL (      32 calls)

     Parallel routines
     fft_scatter  :      2.07s CPU      2.97s WALL (     689 calls)

     Plugins

     GIPAW        :     60.64s CPU     71.96s WALL (       1 calls)
