
     Program QE v.6.0 (svn rev. 13079) starts on 16Jan2017 at 21:19:14 

     This program is part of the open-source Quantum ESPRESSO suite
     for quantum simulation of materials; please cite
         "P. Giannozzi et al., J. Phys.:Condens. Matter 21 395502 (2009);
          URL http://www.quantum-espresso.org", 
     in publications or presentations arising from this work. More details at
     http://www.quantum-espresso.org/quote

     Parallel version (MPI), running on     8 processors
     R & G space division:  proc/nbgrp/npool/nimage =       8

     ***** This is GIPAW svn revision unknown      *****

     Parallelizing q-star over 1 images

     Reading data from directory:
     /users/majewski/paradichlorobenzene/pbe/9_constraint/scratch/pbe.ecut100.np8.dt60.pcl2phi-129368.save
     Message from routine read_xml_file:
     file /users/majewski/paradichlorobenzene/pbe/9_constraint/scratch/pbe.ecut100.np8.dt60.pcl2phi-129368.save not guaranteed to be safe for post-processing

   Info: using nr1, nr2, nr3 values from input

   Info: using nr1, nr2, nr3 values from input

     IMPORTANT: XC functional enforced from input :
     Exchange-correlation      =  SLA  PW   PBX  PBC ( 1  4  3  4 0 0)
     Any further DFT definition will be discarded
     Please, verify this is what you really want

               file C.pbe-n-kjpaw_psl.1.0.0.UPF: wavefunction(s)  2S 2P renormalized
               file Cl.pbe-n-kjpaw_psl.1.0.0.UPF: wavefunction(s)  3S 3P renormalized
               file H.pbe-kjpaw_psl.1.0.0.UPF: wavefunction(s)  1S renormalized

     Parallelization info
     --------------------
     sticks:   dense  smooth     PW     G-vecs:    dense   smooth      PW
     Min        3057    1223    332               144436    36536    5170
     Max        3059    1225    333               144437    36537    5171
     Sum       24467    9791   2657              1155489   292295   41363


     Subspace diagonalization in iterative solution of the eigenvalue problem:
     a serial algorithm will be used

     GIPAW projectors -----------------------------------------------
     atom=  C    l=0  rc=    1.2000  rs=    0.8000
     atom=  C    l=0  rc=    1.2000  rs=    0.8000
     atom=  C    l=1  rc=    1.4000  rs=    0.9333
     atom=  C    l=1  rc=    1.4000  rs=    0.9333
     projs nearly linearly dependent: l=1  n1,n2= 1, 2  s=  0.99951561

     atom=  Cl   l=0  rc=    1.6000  rs=    1.0667
     atom=  Cl   l=0  rc=    1.6000  rs=    1.0667
     atom=  Cl   l=1  rc=    1.6000  rs=    1.0667
     atom=  Cl   l=1  rc=    1.6000  rs=    1.0667
     atom=  Cl   l=2  rc=    1.6000  rs=    1.0667
     atom=  Cl   l=2  rc=    1.6000  rs=    1.0667
     projs nearly linearly dependent: l=2  n1,n2= 1, 2  s=  0.99993509

     atom=  H    l=0  rc=    1.0000  rs=    0.6667
     atom=  H    l=0  rc=    1.0000  rs=    0.6667
     projs nearly linearly dependent: l=0  n1,n2= 1, 2  s=  0.99968852
     -----------------------------------------------------------------

     GIPAW integrals: -------------------------------------------
     Atom  i/j   nmr_para   nmr_dia   epr_rmc  epr_para   epr_dia
       C   1 1   0.83E+03  0.17E-01  0.93E+01  0.24E+08  0.24E+03
       C   2 1   0.86E+03 -0.61E-01  0.94E+01  0.25E+08  0.25E+03
       C   2 2   0.90E+03 -0.15E+00  0.97E+01  0.26E+08  0.26E+03
       C   3 3   0.33E+01  0.34E+00  0.18E+01  0.55E+03  0.21E+02
       C   4 3   0.35E+01  0.37E+00  0.20E+01  0.59E+03  0.22E+02
       C   4 4   0.38E+01  0.39E+00  0.22E+01  0.63E+03  0.24E+02
       Cl  1 1   0.14E+04 -0.47E+00  0.84E+01  0.32E+09  0.42E+03
       Cl  2 1   0.21E+04 -0.37E+00  0.12E+02  0.49E+09  0.65E+03
       Cl  2 2   0.33E+04 -0.16E+00  0.21E+02  0.76E+09  0.10E+04
       Cl  3 3   0.21E+02  0.79E-01  0.89E+01  0.23E+05  0.13E+03
       Cl  4 3   0.24E+02  0.67E-01  0.99E+01  0.27E+05  0.15E+03
       Cl  4 4   0.28E+02  0.44E-01  0.11E+02  0.32E+05  0.18E+03
       Cl  5 5   0.77E+00  0.19E+00  0.18E+01  0.12E+03  0.22E+02
       Cl  6 5   0.80E+00  0.19E+00  0.19E+01  0.12E+03  0.23E+02
       Cl  6 6   0.83E+00  0.20E+00  0.19E+01  0.12E+03  0.23E+02
       H   1 1   0.39E+02  0.19E+00  0.29E+00  0.78E+05  0.13E+02
       H   2 1   0.41E+02  0.21E+00  0.32E+00  0.82E+05  0.14E+02
       H   2 2   0.43E+02  0.22E+00  0.36E+00  0.86E+05  0.15E+02
     ------------------------------------------------------------

     alpha_pv=     33.9373 eV

     Number of occupied bands for each k-point:
     k-point:     1    nbnd_occ=  42
     k-point:     2    nbnd_occ=  42
     k-point:     3    nbnd_occ=  42
     k-point:     4    nbnd_occ=  42
     k-point:     5    nbnd_occ=  42
     k-point:     6    nbnd_occ=  42
     k-point:     7    nbnd_occ=  42
     k-point:     8    nbnd_occ=  42
     k-point:     9    nbnd_occ=  42
     k-point:    10    nbnd_occ=  42
     k-point:    11    nbnd_occ=  42
     k-point:    12    nbnd_occ=  42
     k-point:    13    nbnd_occ=  42
     k-point:    14    nbnd_occ=  42
     k-point:    15    nbnd_occ=  42
     k-point:    16    nbnd_occ=  42


     q-space interpolation up to   110.00 Rydberg

     GIPAW job: efg                                                                             


     ELECTRIC FIELD GRADIENTS TENSORS IN Hartree/bohrradius^2:

     ----- bare term -----
     Cl   1       -0.084071        0.225582        0.037895
     Cl   1        0.225582       -0.197425        0.110827
     Cl   1        0.037895        0.110827        0.281496

     C    2        0.171744        0.027481       -0.184925
     C    2        0.027481       -0.170966       -0.595929
     C    2       -0.184925       -0.595929       -0.000778

     C    3       -0.366501        0.069470       -0.006089
     C    3        0.069470       -0.145305        0.125252
     C    3       -0.006089        0.125252        0.511807

     H    4       -0.138012       -0.392898        0.004715
     H    4       -0.392898       -0.193334        0.124368
     H    4        0.004715        0.124368        0.331345

     C    5        0.178000       -0.107404       -0.160619
     C    5       -0.107404       -0.243947       -0.129579
     C    5       -0.160619       -0.129579        0.065947

     H    6        0.361402       -0.060968       -0.011752
     H    6       -0.060968       -0.643133        0.108325
     H    6       -0.011752        0.108325        0.281730

     H    7        0.402557        0.046725        0.265513
     H    7        0.046725        0.127715        0.130349
     H    7        0.265513        0.130349       -0.530272

     C    8       -0.459624       -0.188400       -0.181753
     C    8       -0.188400        0.217692       -0.076574
     C    8       -0.181753       -0.076574        0.241932

     H    9        0.044119        0.014882       -0.483496
     H    9        0.014882        0.175074       -0.246847
     H    9       -0.483496       -0.246847       -0.219193

     C   10        0.167465       -0.129009       -0.110427
     C   10       -0.129009       -0.097883        0.500926
     C   10       -0.110427        0.500926       -0.069581

     C   11       -0.640242       -0.444450       -0.256986
     C   11       -0.444450        0.246681        0.197525
     C   11       -0.256986        0.197525        0.393561

     Cl  12       -0.014999       -0.018914       -0.058626
     Cl  12       -0.018914        0.108847        0.058990
     Cl  12       -0.058626        0.058990       -0.093848

     H   13        0.380819       -0.176794        0.064849
     H   13       -0.176794       -0.533276       -0.191730
     H   13        0.064849       -0.191730        0.152457

     C   14       -0.747147        0.373405       -0.409534
     C   14        0.373405        0.338652       -0.161028
     C   14       -0.409534       -0.161028        0.408495

     H   15       -0.486461       -0.180997        0.258580
     H   15       -0.180997        0.322417       -0.132555
     H   15        0.258580       -0.132555        0.164044

     C   16        0.229198       -0.017140        0.018917
     C   16       -0.017140       -0.485309       -0.369986
     C   16        0.018917       -0.369986        0.256111

     C   17       -0.794751        0.424491       -0.355887
     C   17        0.424491        0.293212       -0.014676
     C   17       -0.355887       -0.014676        0.501539

     Cl  18       -0.004132       -0.126907       -0.038097
     Cl  18       -0.126907        0.083752        0.074113
     Cl  18       -0.038097        0.074113       -0.079620

     H   19        0.450056        0.007922       -0.013018
     H   19        0.007922       -0.801375        0.202075
     H   19       -0.013018        0.202075        0.351319

     C   20       -0.057829        0.130839       -0.315319
     C   20        0.130839        0.009962        0.455735
     C   20       -0.315319        0.455735        0.047868

     H   21       -0.056148        0.321456       -0.401854
     H   21        0.321456       -0.139339        0.417941
     H   21       -0.401854        0.417941        0.195487

     C   22       -0.754766       -0.330984       -0.304486
     C   22       -0.330984        0.302576        0.073704
     C   22       -0.304486        0.073704        0.452190

     C   23        0.160723        0.005090       -0.214766
     C   23        0.005090       -0.090213        0.595988
     C   23       -0.214766        0.595988       -0.070510

     Cl  24       -0.153706       -0.251594        0.003326
     Cl  24       -0.251594        0.060718       -0.013090
     Cl  24        0.003326       -0.013090        0.092988

     ----- ionic term -----
     Cl   1        0.157682       -0.164832       -0.042134
     Cl   1       -0.164832       -0.010103        0.029327
     Cl   1       -0.042134        0.029327       -0.147579

     C    2        0.376729       -0.030344        0.097904
     C    2       -0.030344        0.165457        0.315385
     C    2        0.097904        0.315385       -0.542186

     C    3        0.282200       -0.152835        0.101809
     C    3       -0.152835        0.246344        0.263427
     C    3        0.101809        0.263427       -0.528544

     H    4        0.814958        0.451931        0.365987
     H    4        0.451931       -0.315559        0.175708
     H    4        0.365987        0.175708       -0.499399

     C    5        0.372671       -0.114911        0.111013
     C    5       -0.114911        0.180405        0.220313
     C    5        0.111013        0.220313       -0.553076

     H    6       -0.527648        0.012813        0.000934
     H    6        0.012813        0.908129        0.510714
     H    6        0.000934        0.510714       -0.380481

     H    7       -0.527027        0.048459       -0.030708
     H    7        0.048459        0.395612       -0.797162
     H    7       -0.030708       -0.797162        0.131415

     C    8        0.246085        0.203102        0.288997
     C    8        0.203102       -0.108829       -0.343693
     C    8        0.288997       -0.343693       -0.137256

     H    9        0.448161       -0.333379        0.697373
     H    9       -0.333379       -0.378360       -0.306517
     H    9        0.697373       -0.306517       -0.069802

     C   10        0.153113        0.252882        0.152153
     C   10        0.252882        0.073515       -0.415472
     C   10        0.152153       -0.415472       -0.226628

     C   11        0.201233        0.282180        0.233841
     C   11        0.282180        0.059354       -0.395932
     C   11        0.233841       -0.395932       -0.260587

     Cl  12        0.174816        0.265353        0.015958
     Cl  12        0.265353       -0.006401        0.003402
     Cl  12        0.015958        0.003402       -0.168415

     H   13       -0.493910        0.149080        0.051258
     H   13        0.149080        0.865628        0.535161
     H   13        0.051258        0.535161       -0.371718

     C   14        0.485902       -0.071267        0.125783
     C   14       -0.071267        0.085065        0.257203
     C   14        0.125783        0.257203       -0.570967

     H   15        0.830789        0.476530        0.359999
     H   15        0.476530       -0.284898        0.169843
     H   15        0.359999        0.169843       -0.545891

     C   16        0.282740       -0.158349        0.069953
     C   16       -0.158349        0.298024        0.290999
     C   16        0.069953        0.290999       -0.580764

     C   17        0.265359       -0.058902        0.137746
     C   17       -0.058902        0.310648        0.275262
     C   17        0.137746        0.275262       -0.576007

     Cl  18        0.176840       -0.227320        0.021255
     Cl  18       -0.227320       -0.007707       -0.010791
     Cl  18        0.021255       -0.010791       -0.169134

     H   19       -0.506204       -0.077880        0.064961
     H   19       -0.077880        0.740284       -0.661509
     H   19        0.064961       -0.661509       -0.234080

     C   20        0.275474        0.212144        0.297223
     C   20        0.212144        0.047630       -0.264733
     C   20        0.297223       -0.264733       -0.323104

     H   21        0.622201       -0.213925        0.686146
     H   21       -0.213925       -0.499747       -0.204364
     H   21        0.686146       -0.204364       -0.122454

     C   22        0.179010        0.291436        0.216246
     C   22        0.291436        0.065199       -0.355389
     C   22        0.216246       -0.355389       -0.244209

     C   23        0.132912        0.163618        0.341450
     C   23        0.163618       -0.012631       -0.416566
     C   23        0.341450       -0.416566       -0.120281

     Cl  24        0.134602        0.162917        0.022535
     Cl  24        0.162917        0.008543        0.006014
     Cl  24        0.022535        0.006014       -0.143145

     ----- GIPAW term -----
     Cl   1       -0.807325        0.410832       -0.323991
     Cl   1        0.410832        1.688634       -1.045373
     Cl   1       -0.323991       -1.045373       -0.881308

     C    2       -0.043869       -0.004165       -0.000616
     C    2       -0.004165        0.194097        0.051800
     C    2       -0.000616        0.051800       -0.150228

     C    3       -0.015900       -0.030140        0.007741
     C    3       -0.030140       -0.007082        0.026692
     C    3        0.007741        0.026692        0.022983

     H    4       -0.000000        0.000000        0.000000
     H    4        0.000000        0.000000        0.000000
     H    4        0.000000        0.000000        0.000000

     C    5        0.015121       -0.006915       -0.003785
     C    5       -0.006915        0.043317       -0.002963
     C    5       -0.003785       -0.002963       -0.058439

     H    6       -0.000000        0.000000        0.000000
     H    6        0.000000        0.000000        0.000000
     H    6        0.000000        0.000000        0.000000

     H    7       -0.000000        0.000000        0.000000
     H    7        0.000000        0.000000        0.000000
     H    7        0.000000        0.000000        0.000000

     C    8       -0.046241       -0.017251       -0.007084
     C    8       -0.017251        0.052061       -0.005415
     C    8       -0.007084       -0.005415       -0.005820

     H    9       -0.000000        0.000000        0.000000
     H    9        0.000000        0.000000        0.000000
     H    9        0.000000        0.000000        0.000000

     C   10       -0.059078       -0.025337       -0.013630
     C   10       -0.025337        0.152564        0.099192
     C   10       -0.013630        0.099192       -0.093486

     C   11       -0.141563        0.056101       -0.012265
     C   11        0.056101        0.241022        0.062117
     C   11       -0.012265        0.062117       -0.099459

     Cl  12       -0.001602        1.541219       -0.288762
     Cl  12        1.541219        2.415765        1.058204
     Cl  12       -0.288762        1.058204       -2.414163

     H   13       -0.000000        0.000000        0.000000
     H   13        0.000000        0.000000        0.000000
     H   13        0.000000        0.000000        0.000000

     C   14       -0.077574        0.014426       -0.029219
     C   14        0.014426        0.046618        0.049096
     C   14       -0.029219        0.049096        0.030956

     H   15       -0.000000        0.000000        0.000000
     H   15        0.000000        0.000000        0.000000
     H   15        0.000000        0.000000        0.000000

     C   16       -0.022253       -0.036112       -0.002538
     C   16       -0.036112       -0.032772        0.084738
     C   16       -0.002538        0.084738        0.055026

     C   17       -0.160023       -0.071919       -0.074224
     C   17       -0.071919        0.177514        0.164421
     C   17       -0.074224        0.164421       -0.017491

     Cl  18        0.884952       -3.248576       -0.536589
     Cl  18       -3.248576        1.218302        0.870140
     Cl  18       -0.536589        0.870140       -2.103254

     H   19       -0.000000        0.000000        0.000000
     H   19        0.000000        0.000000        0.000000
     H   19        0.000000        0.000000        0.000000

     C   20       -0.086346        0.079411       -0.038075
     C   20        0.079411        0.233364        0.043856
     C   20       -0.038075        0.043856       -0.147019

     H   21       -0.000000        0.000000        0.000000
     H   21        0.000000        0.000000        0.000000
     H   21        0.000000        0.000000        0.000000

     C   22       -0.190728        0.039587       -0.054000
     C   22        0.039587        0.239368       -0.078502
     C   22       -0.054000       -0.078502       -0.048640

     C   23       -0.032834        0.006097       -0.019251
     C   23        0.006097        0.193162        0.018207
     C   23       -0.019251        0.018207       -0.160328

     Cl  24       -0.374903       -0.716678        0.194610
     Cl  24       -0.716678        2.401891       -0.702321
     Cl  24        0.194610       -0.702321       -2.026987

     ----- total EFG -----
     Cl   1       -0.733714        0.471582       -0.328230
     Cl   1        0.471582        1.481105       -0.905218
     Cl   1       -0.328230       -0.905218       -0.747391

     C    2        0.504603       -0.007028       -0.087637
     C    2       -0.007028        0.188588       -0.228744
     C    2       -0.087637       -0.228744       -0.693192

     C    3       -0.100202       -0.113505        0.103461
     C    3       -0.113505        0.093956        0.415371
     C    3        0.103461        0.415371        0.006245

     H    4        0.676946        0.059033        0.370702
     H    4        0.059033       -0.508893        0.300076
     H    4        0.370702        0.300076       -0.168053

     C    5        0.565793       -0.229230       -0.053391
     C    5       -0.229230       -0.020225        0.087772
     C    5       -0.053391        0.087772       -0.545568

     H    6       -0.166245       -0.048156       -0.010819
     H    6       -0.048156        0.264996        0.619040
     H    6       -0.010819        0.619040       -0.098751

     H    7       -0.124470        0.095184        0.234805
     H    7        0.095184        0.523327       -0.666813
     H    7        0.234805       -0.666813       -0.398857

     C    8       -0.259779       -0.002549        0.100160
     C    8       -0.002549        0.160924       -0.425683
     C    8        0.100160       -0.425683        0.098856

     H    9        0.492280       -0.318497        0.213876
     H    9       -0.318497       -0.203286       -0.553364
     H    9        0.213876       -0.553364       -0.288994

     C   10        0.261500        0.098536        0.028096
     C   10        0.098536        0.128195        0.184646
     C   10        0.028096        0.184646       -0.389695

     C   11       -0.580572       -0.106170       -0.035410
     C   11       -0.106170        0.547057       -0.136291
     C   11       -0.035410       -0.136291        0.033515

     Cl  12        0.158215        1.787659       -0.331430
     Cl  12        1.787659        2.518211        1.120595
     Cl  12       -0.331430        1.120595       -2.676426

     H   13       -0.113091       -0.027715        0.116107
     H   13       -0.027715        0.332353        0.343431
     H   13        0.116107        0.343431       -0.219261

     C   14       -0.338818        0.316565       -0.312970
     C   14        0.316565        0.470334        0.145271
     C   14       -0.312970        0.145271       -0.131516

     H   15        0.344328        0.295533        0.618579
     H   15        0.295533        0.037519        0.037289
     H   15        0.618579        0.037289       -0.381847

     C   16        0.489684       -0.211601        0.086332
     C   16       -0.211601       -0.220058        0.005751
     C   16        0.086332        0.005751       -0.269626

     C   17       -0.689416        0.293670       -0.292365
     C   17        0.293670        0.781374        0.425007
     C   17       -0.292365        0.425007       -0.091958

     Cl  18        1.057660       -3.602803       -0.553430
     Cl  18       -3.602803        1.294348        0.933463
     Cl  18       -0.553430        0.933463       -2.352008

     H   19       -0.056148       -0.069958        0.051943
     H   19       -0.069958       -0.061092       -0.459434
     H   19        0.051943       -0.459434        0.117239

     C   20        0.131299        0.422394       -0.056171
     C   20        0.422394        0.290956        0.234858
     C   20       -0.056171        0.234858       -0.422255

     H   21        0.566053        0.107531        0.284292
     H   21        0.107531       -0.639086        0.213577
     H   21        0.284292        0.213577        0.073033

     C   22       -0.766484        0.000039       -0.142240
     C   22        0.000039        0.607143       -0.360186
     C   22       -0.142240       -0.360186        0.159341

     C   23        0.260801        0.174805        0.107433
     C   23        0.174805        0.090318        0.197629
     C   23        0.107433        0.197629       -0.351119

     Cl  24       -0.394007       -0.805355        0.220470
     Cl  24       -0.805355        2.471151       -0.709397
     Cl  24        0.220470       -0.709397       -2.077145

     ----- total EFG (symmetrized) -----
     Cl   1       -0.733714        0.471582       -0.328230
     Cl   1        0.471582        1.481105       -0.905218
     Cl   1       -0.328230       -0.905218       -0.747391

     C    2        0.504603       -0.007028       -0.087637
     C    2       -0.007028        0.188588       -0.228744
     C    2       -0.087637       -0.228744       -0.693192

     C    3       -0.100202       -0.113505        0.103461
     C    3       -0.113505        0.093956        0.415371
     C    3        0.103461        0.415371        0.006245

     H    4        0.676946        0.059033        0.370702
     H    4        0.059033       -0.508893        0.300076
     H    4        0.370702        0.300076       -0.168053

     C    5        0.565793       -0.229230       -0.053391
     C    5       -0.229230       -0.020225        0.087772
     C    5       -0.053391        0.087772       -0.545568

     H    6       -0.166245       -0.048156       -0.010819
     H    6       -0.048156        0.264996        0.619040
     H    6       -0.010819        0.619040       -0.098751

     H    7       -0.124470        0.095184        0.234805
     H    7        0.095184        0.523327       -0.666813
     H    7        0.234805       -0.666813       -0.398857

     C    8       -0.259779       -0.002549        0.100160
     C    8       -0.002549        0.160924       -0.425683
     C    8        0.100160       -0.425683        0.098856

     H    9        0.492280       -0.318497        0.213876
     H    9       -0.318497       -0.203286       -0.553364
     H    9        0.213876       -0.553364       -0.288994

     C   10        0.261500        0.098536        0.028096
     C   10        0.098536        0.128195        0.184646
     C   10        0.028096        0.184646       -0.389695

     C   11       -0.580572       -0.106170       -0.035410
     C   11       -0.106170        0.547057       -0.136291
     C   11       -0.035410       -0.136291        0.033515

     Cl  12        0.158215        1.787659       -0.331430
     Cl  12        1.787659        2.518211        1.120595
     Cl  12       -0.331430        1.120595       -2.676426

     H   13       -0.113091       -0.027715        0.116107
     H   13       -0.027715        0.332353        0.343431
     H   13        0.116107        0.343431       -0.219261

     C   14       -0.338818        0.316565       -0.312970
     C   14        0.316565        0.470334        0.145271
     C   14       -0.312970        0.145271       -0.131516

     H   15        0.344328        0.295533        0.618579
     H   15        0.295533        0.037519        0.037289
     H   15        0.618579        0.037289       -0.381847

     C   16        0.489684       -0.211601        0.086332
     C   16       -0.211601       -0.220058        0.005751
     C   16        0.086332        0.005751       -0.269626

     C   17       -0.689416        0.293670       -0.292365
     C   17        0.293670        0.781374        0.425007
     C   17       -0.292365        0.425007       -0.091958

     Cl  18        1.057660       -3.602803       -0.553430
     Cl  18       -3.602803        1.294348        0.933463
     Cl  18       -0.553430        0.933463       -2.352008

     H   19       -0.056148       -0.069958        0.051943
     H   19       -0.069958       -0.061092       -0.459434
     H   19        0.051943       -0.459434        0.117239

     C   20        0.131299        0.422394       -0.056171
     C   20        0.422394        0.290956        0.234858
     C   20       -0.056171        0.234858       -0.422255

     H   21        0.566053        0.107531        0.284292
     H   21        0.107531       -0.639086        0.213577
     H   21        0.284292        0.213577        0.073033

     C   22       -0.766484        0.000039       -0.142240
     C   22        0.000039        0.607143       -0.360186
     C   22       -0.142240       -0.360186        0.159341

     C   23        0.260801        0.174805        0.107433
     C   23        0.174805        0.090318        0.197629
     C   23        0.107433        0.197629       -0.351119

     Cl  24       -0.394007       -0.805355        0.220470
     Cl  24       -0.805355        2.471151       -0.709397
     Cl  24        0.220470       -0.709397       -2.077145


     NQR/NMR SPECTROSCOPIC PARAMETERS:
     Cl   1    Vxx=   -0.7748    axis=(  0.873041 -0.327491 -0.361315)
     Cl   1    Vyy=   -1.1438    axis=(  0.442419  0.220307  0.869327)
     Cl   1    Vzz=    1.9186    axis=(  0.205097  0.918811 -0.337226)
     Cl   1  Q=        -8.1650 1e-30 m^2  Cq=       -36.8075 MHz  eta= 0.19236

     C    2    Vxx=    0.2437    axis=( -0.051858  0.971263 -0.232292)
     C    2    Vyy=    0.5113    axis=(  0.996284  0.034299 -0.079001)
     C    2    Vzz=   -0.7550    axis=(  0.068764  0.235526  0.969432)
     C    2  Q=         1.0000 1e-30 m^2  Cq=        -1.7739 MHz  eta= 0.35450

     C    3    Vxx=   -0.0312    axis=(  0.910078 -0.256073  0.325859)
     C    3    Vyy=   -0.4370    axis=( -0.413487 -0.614222  0.672131)
     C    3    Vzz=    0.4682    axis=( -0.028035  0.746430  0.664873)
     C    3  Q=         1.0000 1e-30 m^2  Cq=         1.1001 MHz  eta= 0.86664

     H    4    Vxx=   -0.1378    axis=( -0.379732  0.544434  0.747927)
     H    4    Vyy=   -0.6988    axis=(  0.111818  0.829570 -0.547092)
     H    4    Vzz=    0.8367    axis=(  0.918314  0.124117  0.375892)
     H    4  Q=         1.0000 1e-30 m^2  Cq=         1.9658 MHz  eta= 0.67052

     C    5    Vxx=   -0.0900    axis=(  0.336868  0.931100  0.139902)
     C    5    Vyy=   -0.5601    axis=( -0.015486  0.154045 -0.987942)
     C    5    Vzz=    0.6501    axis=( -0.941425  0.330639  0.066312)
     C    5  Q=         1.0000 1e-30 m^2  Cq=         1.5274 MHz  eta= 0.72319

     H    6    Vxx=   -0.1675    axis=(  0.997437  0.009559  0.070913)
     H    6    Vyy=   -0.5631    axis=( -0.051019 -0.599857  0.798479)
     H    6    Vzz=    0.7306    axis=( -0.050170  0.800050  0.597832)
     H    6  Q=         1.0000 1e-30 m^2  Cq=         1.7166 MHz  eta= 0.54153

     H    7    Vxx=   -0.0359    axis=(  0.942405  0.177570  0.283446)
     H    7    Vyy=   -0.8377    axis=( -0.333479  0.433496  0.837182)
     H    7    Vzz=    0.8736    axis=(  0.025786 -0.883487  0.467745)
     H    7  Q=         1.0000 1e-30 m^2  Cq=         2.0526 MHz  eta= 0.91778

     C    8    Vxx=   -0.2083    axis=(  0.775768  0.478973  0.410815)
     C    8    Vyy=   -0.3544    axis=(  0.625199 -0.495208 -0.603237)
     C    8    Vzz=    0.5627    axis=(  0.085495 -0.724813  0.683620)
     C    8  Q=         1.0000 1e-30 m^2  Cq=         1.3222 MHz  eta= 0.25962

     H    9    Vxx=    0.0123    axis=(  0.615659  0.546852 -0.567377)
     H    9    Vyy=    0.7919    axis=(  0.786374 -0.472765  0.397630)
     H    9    Vzz=   -0.8042    axis=(  0.050791  0.690975  0.721092)
     H    9  Q=         1.0000 1e-30 m^2  Cq=        -1.8895 MHz  eta= 0.96947

     C   10    Vxx=    0.1155    axis=(  0.574132 -0.778783 -0.252725)
     C   10    Vyy=    0.3333    axis=( -0.818749 -0.547867 -0.171731)
     C   10    Vzz=   -0.4488    axis=(  0.004719 -0.305514  0.952176)
     C   10  Q=         1.0000 1e-30 m^2  Cq=        -1.0545 MHz  eta= 0.48542

     C   11    Vxx=    0.0056    axis=( -0.099234  0.224539  0.969399)
     C   11    Vyy=    0.5887    axis=( -0.080953  0.969157 -0.232769)
     C   11    Vzz=   -0.5942    axis=( -0.991766 -0.101574 -0.077996)
     C   11  Q=         1.0000 1e-30 m^2  Cq=        -1.3962 MHz  eta= 0.98125

     Cl  12    Vxx=   -0.5138    axis=(  0.861200 -0.385211 -0.331583)
     Cl  12    Vyy=   -3.0790    axis=( -0.241424  0.264060 -0.933802)
     Cl  12    Vzz=    3.5928    axis=(  0.447269  0.884242  0.134409)
     Cl  12  Q=        -8.1650 1e-30 m^2  Cq=       -68.9257 MHz  eta= 0.71399

     H   13    Vxx=   -0.0707    axis=(  0.936271 -0.188288  0.296554)
     H   13    Vyy=   -0.4273    axis=(  0.348726  0.396604 -0.849174)
     H   13    Vzz=    0.4981    axis=(  0.042274  0.898473  0.436989)
     H   13  Q=         1.0000 1e-30 m^2  Cq=         1.1703 MHz  eta= 0.71594

     C   14    Vxx=    0.0864    axis=( -0.529618  0.118908  0.839860)
     C   14    Vyy=    0.5816    axis=( -0.306714 -0.949977 -0.058916)
     C   14    Vzz=   -0.6680    axis=(  0.790842 -0.288800  0.539596)
     C   14  Q=         1.0000 1e-30 m^2  Cq=        -1.5694 MHz  eta= 0.74127

     H   15    Vxx=   -0.0452    axis=(  0.221085 -0.926804  0.303573)
     H   15    Vyy=   -0.7538    axis=(  0.515965 -0.152989 -0.842837)
     H   15    Vzz=    0.7990    axis=(  0.827587  0.342972  0.444375)
     H   15  Q=         1.0000 1e-30 m^2  Cq=         1.8772 MHz  eta= 0.88687

     C   16    Vxx=   -0.2497    axis=(  0.116867  0.697007  0.707477)
     C   16    Vyy=   -0.3064    axis=(  0.253416  0.667849 -0.699827)
     C   16    Vzz=    0.5561    axis=(  0.960272 -0.261073  0.098583)
     C   16  Q=         1.0000 1e-30 m^2  Cq=         1.3066 MHz  eta= 0.10192

     C   17    Vxx=   -0.0471    axis=(  0.493929  0.251861 -0.832226)
     C   17    Vyy=   -0.9240    axis=(  0.863213 -0.256945  0.434559)
     C   17    Vzz=    0.9711    axis=( -0.104388 -0.933030 -0.344322)
     C   17  Q=         1.0000 1e-30 m^2  Cq=         2.2816 MHz  eta= 0.90308

     Cl  18    Vxx=   -2.2152    axis=( -0.612767 -0.457694 -0.644231)
     Cl  18    Vyy=   -2.7187    axis=( -0.394647 -0.529052  0.751238)
     Cl  18    Vzz=    4.9339    axis=( -0.684668  0.714577  0.143558)
     Cl  18  Q=        -8.1650 1e-30 m^2  Cq=       -94.6541 MHz  eta= 0.10203

     H   19    Vxx=   -0.0677    axis=(  0.987406  0.051420 -0.149618)
     H   19    Vyy=   -0.4411    axis=(  0.055384  0.773518  0.631350)
     H   19    Vzz=    0.5088    axis=(  0.148196 -0.631685  0.760928)
     H   19  Q=         1.0000 1e-30 m^2  Cq=         1.1954 MHz  eta= 0.73401

     C   20    Vxx=   -0.1094    axis=( -0.727431  0.479699  0.490645)
     C   20    Vyy=   -0.5518    axis=(  0.317332 -0.398802  0.860382)
     C   20    Vzz=    0.6612    axis=(  0.608395  0.781566  0.137877)
     C   20  Q=         1.0000 1e-30 m^2  Cq=         1.5535 MHz  eta= 0.66921

     H   21    Vxx=   -0.0230    axis=( -0.456229  0.219353  0.862403)
     H   21    Vyy=   -0.6989    axis=( -0.024033  0.965752 -0.258353)
     H   21    Vzz=    0.7219    axis=( -0.889538 -0.138594 -0.435332)
     H   21  Q=         1.0000 1e-30 m^2  Cq=         1.6963 MHz  eta= 0.93617

     C   22    Vxx=   -0.0203    axis=( -0.163085  0.491189  0.855650)
     C   22    Vyy=   -0.7901    axis=( -0.985617 -0.042160 -0.163654)
     C   22    Vzz=    0.8104    axis=( -0.044311 -0.870032  0.490999)
     C   22  Q=         1.0000 1e-30 m^2  Cq=         1.9042 MHz  eta= 0.94987

     C   23    Vxx=    0.0074    axis=(  0.616880 -0.752693 -0.230027)
     C   23    Vyy=    0.4215    axis=(  0.784696  0.565556  0.253766)
     C   23    Vzz=   -0.4290    axis=( -0.060915 -0.337045  0.939516)
     C   23  Q=         1.0000 1e-30 m^2  Cq=        -1.0079 MHz  eta= 0.96527

     Cl  24    Vxx=   -0.6042    axis=(  0.966008  0.257699  0.020479)
     Cl  24    Vyy=   -2.1909    axis=(  0.058384 -0.140312 -0.988384)
     Cl  24    Vzz=    2.7950    axis=( -0.251832  0.955983 -0.150588)
     Cl  24  Q=        -8.1650 1e-30 m^2  Cq=       -53.6216 MHz  eta= 0.56768

     Initialization:
     gipaw_setup  :      9.39s CPU     11.72s WALL (       1 calls)

     Linear response

     Apply operators

     Induced current

     Other routines
     efg          :      9.44s CPU     11.89s WALL (       1 calls)

     General routines
     calbec       :      3.22s CPU      4.14s WALL (      16 calls)
     fft          :      1.56s CPU      2.15s WALL (      15 calls)
     ffts         :      0.05s CPU      0.10s WALL (       2 calls)
     fftw         :      3.44s CPU      4.29s WALL (     672 calls)
     davcio       :      0.03s CPU      0.32s WALL (      32 calls)

     Parallel routines
     fft_scatter  :      2.27s CPU      3.61s WALL (     689 calls)

     Plugins

     GIPAW        :     61.95s CPU     74.07s WALL (       1 calls)
