
     Program QE v.6.0 (svn rev. 13079) starts on  8Jan2017 at 10:34:29 

     This program is part of the open-source Quantum ESPRESSO suite
     for quantum simulation of materials; please cite
         "P. Giannozzi et al., J. Phys.:Condens. Matter 21 395502 (2009);
          URL http://www.quantum-espresso.org", 
     in publications or presentations arising from this work. More details at
     http://www.quantum-espresso.org/quote

     Parallel version (MPI), running on     8 processors
     R & G space division:  proc/nbgrp/npool/nimage =       8

     ***** This is GIPAW svn revision unknown      *****

     Parallelizing q-star over 1 images

     Reading data from directory:
     /users/majewski/paradichlorobenzene/pbe/9_constraint/scratch/pbe.ecut100.np8.dt60.pcl2phi-129368.save
     Message from routine read_xml_file:
     file /users/majewski/paradichlorobenzene/pbe/9_constraint/scratch/pbe.ecut100.np8.dt60.pcl2phi-129368.save not guaranteed to be safe for post-processing

   Info: using nr1, nr2, nr3 values from input

   Info: using nr1, nr2, nr3 values from input

     IMPORTANT: XC functional enforced from input :
     Exchange-correlation      =  SLA  PW   PBX  PBC ( 1  4  3  4 0 0)
     Any further DFT definition will be discarded
     Please, verify this is what you really want

               file C.pbe-n-kjpaw_psl.1.0.0.UPF: wavefunction(s)  2S 2P renormalized
               file Cl.pbe-n-kjpaw_psl.1.0.0.UPF: wavefunction(s)  3S 3P renormalized
               file H.pbe-kjpaw_psl.1.0.0.UPF: wavefunction(s)  1S renormalized

     Parallelization info
     --------------------
     sticks:   dense  smooth     PW     G-vecs:    dense   smooth      PW
     Min        3057    1223    332               144436    36536    5170
     Max        3059    1225    333               144437    36537    5171
     Sum       24467    9791   2657              1155489   292295   41363


     Subspace diagonalization in iterative solution of the eigenvalue problem:
     a serial algorithm will be used

     GIPAW projectors -----------------------------------------------
     atom=  C    l=0  rc=    1.2000  rs=    0.8000
     atom=  C    l=0  rc=    1.2000  rs=    0.8000
     atom=  C    l=1  rc=    1.4000  rs=    0.9333
     atom=  C    l=1  rc=    1.4000  rs=    0.9333
     projs nearly linearly dependent: l=1  n1,n2= 1, 2  s=  0.99951561

     atom=  Cl   l=0  rc=    1.6000  rs=    1.0667
     atom=  Cl   l=0  rc=    1.6000  rs=    1.0667
     atom=  Cl   l=1  rc=    1.6000  rs=    1.0667
     atom=  Cl   l=1  rc=    1.6000  rs=    1.0667
     atom=  Cl   l=2  rc=    1.6000  rs=    1.0667
     atom=  Cl   l=2  rc=    1.6000  rs=    1.0667
     projs nearly linearly dependent: l=2  n1,n2= 1, 2  s=  0.99993509

     atom=  H    l=0  rc=    1.0000  rs=    0.6667
     atom=  H    l=0  rc=    1.0000  rs=    0.6667
     projs nearly linearly dependent: l=0  n1,n2= 1, 2  s=  0.99968852
     -----------------------------------------------------------------

     GIPAW integrals: -------------------------------------------
     Atom  i/j   nmr_para   nmr_dia   epr_rmc  epr_para   epr_dia
       C   1 1   0.83E+03  0.17E-01  0.93E+01  0.24E+08  0.24E+03
       C   2 1   0.86E+03 -0.61E-01  0.94E+01  0.25E+08  0.25E+03
       C   2 2   0.90E+03 -0.15E+00  0.97E+01  0.26E+08  0.26E+03
       C   3 3   0.33E+01  0.34E+00  0.18E+01  0.55E+03  0.21E+02
       C   4 3   0.35E+01  0.37E+00  0.20E+01  0.59E+03  0.22E+02
       C   4 4   0.38E+01  0.39E+00  0.22E+01  0.63E+03  0.24E+02
       Cl  1 1   0.14E+04 -0.47E+00  0.84E+01  0.32E+09  0.42E+03
       Cl  2 1   0.21E+04 -0.37E+00  0.12E+02  0.49E+09  0.65E+03
       Cl  2 2   0.33E+04 -0.16E+00  0.21E+02  0.76E+09  0.10E+04
       Cl  3 3   0.21E+02  0.79E-01  0.89E+01  0.23E+05  0.13E+03
       Cl  4 3   0.24E+02  0.67E-01  0.99E+01  0.27E+05  0.15E+03
       Cl  4 4   0.28E+02  0.44E-01  0.11E+02  0.32E+05  0.18E+03
       Cl  5 5   0.77E+00  0.19E+00  0.18E+01  0.12E+03  0.22E+02
       Cl  6 5   0.80E+00  0.19E+00  0.19E+01  0.12E+03  0.23E+02
       Cl  6 6   0.83E+00  0.20E+00  0.19E+01  0.12E+03  0.23E+02
       H   1 1   0.39E+02  0.19E+00  0.29E+00  0.78E+05  0.13E+02
       H   2 1   0.41E+02  0.21E+00  0.32E+00  0.82E+05  0.14E+02
       H   2 2   0.43E+02  0.22E+00  0.36E+00  0.86E+05  0.15E+02
     ------------------------------------------------------------

     alpha_pv=     34.3616 eV

     Number of occupied bands for each k-point:
     k-point:     1    nbnd_occ=  42
     k-point:     2    nbnd_occ=  42
     k-point:     3    nbnd_occ=  42
     k-point:     4    nbnd_occ=  42
     k-point:     5    nbnd_occ=  42
     k-point:     6    nbnd_occ=  42
     k-point:     7    nbnd_occ=  42
     k-point:     8    nbnd_occ=  42
     k-point:     9    nbnd_occ=  42
     k-point:    10    nbnd_occ=  42
     k-point:    11    nbnd_occ=  42
     k-point:    12    nbnd_occ=  42
     k-point:    13    nbnd_occ=  42
     k-point:    14    nbnd_occ=  42
     k-point:    15    nbnd_occ=  42
     k-point:    16    nbnd_occ=  42


     q-space interpolation up to   110.00 Rydberg

     GIPAW job: efg                                                                             


     ELECTRIC FIELD GRADIENTS TENSORS IN Hartree/bohrradius^2:

     ----- bare term -----
     Cl   1        0.114079        0.008115        0.159097
     Cl   1        0.008115       -0.211480        0.414321
     Cl   1        0.159097        0.414321        0.097401

     C    2        0.066259        0.205073       -0.100336
     C    2        0.205073       -0.054693       -0.566618
     C    2       -0.100336       -0.566618       -0.011566

     C    3       -0.385108        0.137419       -0.057729
     C    3        0.137419        0.027859       -0.004927
     C    3       -0.057729       -0.004927        0.357249

     H    4       -0.160481       -0.384679        0.046242
     H    4       -0.384679       -0.145496        0.148007
     H    4        0.046242        0.148007        0.305977

     C    5       -0.051146        0.100232       -0.157512
     C    5        0.100232       -0.018228       -0.425434
     C    5       -0.157512       -0.425434        0.069375

     H    6        0.421784       -0.143367        0.006280
     H    6       -0.143367       -0.737341        0.098822
     H    6        0.006280        0.098822        0.315557

     H    7        0.267635        0.087033        0.316026
     H    7        0.087033       -0.060863        0.365848
     H    7        0.316026        0.365848       -0.206772

     C    8       -0.682058       -0.376777       -0.429016
     C    8       -0.376777        0.330901        0.188156
     C    8       -0.429016        0.188156        0.351157

     H    9        0.071700        0.118831       -0.298470
     H    9        0.118831        0.503145        0.012531
     H    9       -0.298470        0.012531       -0.574845

     C   10       -0.084474       -0.296025       -0.217108
     C   10       -0.296025       -0.133614        0.596856
     C   10       -0.217108        0.596856        0.218087

     C   11       -0.278248       -0.247022       -0.274081
     C   11       -0.247022       -0.191791        0.500539
     C   11       -0.274081        0.500539        0.470039

     Cl  12        0.129996       -0.005774        0.017850
     Cl  12       -0.005774        0.008056       -0.232574
     Cl  12        0.017850       -0.232574       -0.138052

     H   13        0.440470       -0.229668        0.103214
     H   13       -0.229668       -0.563443       -0.100279
     H   13        0.103214       -0.100279        0.122973

     C   14       -0.848595        0.254588       -0.387762
     C   14        0.254588        0.232333        0.003932
     C   14       -0.387762        0.003932        0.616262

     H   15       -0.366625       -0.411951        0.190282
     H   15       -0.411951        0.213667        0.125663
     H   15        0.190282        0.125663        0.152958

     C   16        0.090566        0.079320       -0.036755
     C   16        0.079320       -0.494162       -0.306828
     C   16       -0.036755       -0.306828        0.403596

     C   17       -0.736261        0.229658       -0.316361
     C   17        0.229658        0.124540       -0.076275
     C   17       -0.316361       -0.076275        0.611721

     Cl  18        0.012100       -0.043549       -0.144518
     Cl  18       -0.043549       -0.065926       -0.051319
     Cl  18       -0.144518       -0.051319        0.053826

     H   19        0.174341       -0.339671       -0.079031
     H   19       -0.339671       -0.547143        0.172012
     H   19       -0.079031        0.172012        0.372802

     C   20       -0.137436        0.324446       -0.397596
     C   20        0.324446        0.027493        0.558925
     C   20       -0.397596        0.558925        0.109943

     H   21        0.025376        0.206166       -0.332625
     H   21        0.206166       -0.268541        0.431013
     H   21       -0.332625        0.431013        0.243165

     C   22       -0.674751       -0.344860       -0.378377
     C   22       -0.344860        0.248473        0.015446
     C   22       -0.378377        0.015446        0.426277

     C   23        0.043586        0.166553       -0.306782
     C   23        0.166553       -0.290184        0.451374
     C   23       -0.306782        0.451374        0.246599

     Cl  24       -0.133557       -0.272038       -0.005082
     Cl  24       -0.272038       -0.013435        0.050016
     Cl  24       -0.005082        0.050016        0.146992

     ----- ionic term -----
     Cl   1        0.157081       -0.160946       -0.082674
     Cl   1       -0.160946       -0.039032        0.043302
     Cl   1       -0.082674        0.043302       -0.118049

     C    2        0.299598       -0.035425        0.017178
     C    2       -0.035425        0.178495        0.361733
     C    2        0.017178        0.361733       -0.478093

     C    3        0.230028       -0.121936        0.009735
     C    3       -0.121936        0.275016        0.326621
     C    3        0.009735        0.326621       -0.505043

     H    4        0.721234        0.570565        0.267928
     H    4        0.570565       -0.207131        0.171934
     H    4        0.267928        0.171934       -0.514103

     C    5        0.354828       -0.095996        0.058257
     C    5       -0.095996        0.164895        0.248784
     C    5        0.058257        0.248784       -0.519723

     H    6       -0.542789        0.048267        0.010027
     H    6        0.048267        0.974797        0.444376
     H    6        0.010027        0.444376       -0.432008

     H    7       -0.517100        0.121393       -0.110693
     H    7        0.121393        0.325733       -0.780851
     H    7       -0.110693       -0.780851        0.191367

     C    8        0.143689        0.193890        0.350184
     C    8        0.193890        0.013322       -0.306354
     C    8        0.350184       -0.306354       -0.157011

     H    9        0.244704       -0.325563        0.741065
     H    9       -0.325563       -0.339120       -0.360377
     H    9        0.741065       -0.360377        0.094416

     C   10       -0.015289        0.250402        0.269401
     C   10        0.250402        0.256298       -0.402810
     C   10        0.269401       -0.402810       -0.241008

     C   11        0.015912        0.200448        0.354413
     C   11        0.200448        0.228246       -0.436604
     C   11        0.354413       -0.436604       -0.244159

     Cl  12        0.130033        0.237409        0.067181
     Cl  12        0.237409        0.022917        0.036166
     Cl  12        0.067181        0.036166       -0.152950

     H   13       -0.481760        0.199442        0.075108
     H   13        0.199442        0.831613        0.538598
     H   13        0.075108        0.538598       -0.349853

     C   14        0.409691       -0.034950        0.105201
     C   14       -0.034950        0.093505        0.261108
     C   14        0.105201        0.261108       -0.503196

     H   15        0.642573        0.580674        0.392222
     H   15        0.580674       -0.182063        0.247821
     H   15        0.392222        0.247821       -0.460509

     C   16        0.235012       -0.102973        0.077672
     C   16       -0.102973        0.241123        0.341466
     C   16        0.077672        0.341466       -0.476135

     C   17        0.305231       -0.021222        0.134899
     C   17       -0.021222        0.179077        0.307579
     C   17        0.134899        0.307579       -0.484309

     Cl  18        0.179975       -0.194554        0.010183
     Cl  18       -0.194554       -0.032527       -0.004499
     Cl  18        0.010183       -0.004499       -0.147448

     H   19       -0.505108        0.130823       -0.036878
     H   19        0.130823        0.730874       -0.639581
     H   19       -0.036878       -0.639581       -0.225766

     C   20        0.188342        0.206934        0.369988
     C   20        0.206934        0.081944       -0.268204
     C   20        0.369988       -0.268204       -0.270286

     H   21        0.557343       -0.458066        0.596837
     H   21       -0.458066       -0.299172       -0.298452
     H   21        0.596837       -0.298452       -0.258171

     C   22        0.122204        0.192015        0.263177
     C   22        0.192015        0.209962       -0.336846
     C   22        0.263177       -0.336846       -0.332166

     C   23        0.085996        0.152809        0.368057
     C   23        0.152809        0.148742       -0.409086
     C   23        0.368057       -0.409086       -0.234738

     Cl  24        0.147136        0.195342        0.050533
     Cl  24        0.195342        0.006639        0.023092
     Cl  24        0.050533        0.023092       -0.153775

     ----- GIPAW term -----
     Cl   1        0.007093        0.120861       -0.427045
     Cl   1        0.120861        0.133831       -0.532080
     Cl   1       -0.427045       -0.532080       -0.140924

     C    2       -0.024596        0.080793        0.020019
     C    2        0.080793        0.226300        0.008489
     C    2        0.020019        0.008489       -0.201704

     C    3       -0.067089        0.017707       -0.013417
     C    3        0.017707        0.074057       -0.022064
     C    3       -0.013417       -0.022064       -0.006969

     H    4       -0.000000        0.000000        0.000000
     H    4        0.000000        0.000000        0.000000
     H    4        0.000000        0.000000        0.000000

     C    5       -0.078847        0.072018       -0.008270
     C    5        0.072018        0.221206       -0.093736
     C    5       -0.008270       -0.093736       -0.142359

     H    6       -0.000000        0.000000        0.000000
     H    6        0.000000        0.000000        0.000000
     H    6        0.000000        0.000000        0.000000

     H    7       -0.000000        0.000000        0.000000
     H    7        0.000000        0.000000        0.000000
     H    7        0.000000        0.000000        0.000000

     C    8       -0.139137       -0.159357       -0.039037
     C    8       -0.159357        0.173130       -0.031765
     C    8       -0.039037       -0.031765       -0.033992

     H    9       -0.000000        0.000000        0.000000
     H    9        0.000000        0.000000        0.000000
     H    9        0.000000        0.000000        0.000000

     C   10       -0.105879       -0.095488       -0.094490
     C   10       -0.095488        0.061312        0.232714
     C   10       -0.094490        0.232714        0.044567

     C   11       -0.106672        0.048587       -0.036120
     C   11        0.048587       -0.021042        0.228322
     C   11       -0.036120        0.228322        0.127714

     Cl  12       -0.338794        0.703797       -0.584838
     Cl  12        0.703797       -0.198412        1.350331
     Cl  12       -0.584838        1.350331        0.537206

     H   13       -0.000000        0.000000        0.000000
     H   13        0.000000        0.000000        0.000000
     H   13        0.000000        0.000000        0.000000

     C   14       -0.208131        0.027902       -0.020012
     C   14        0.027902       -0.014709        0.144434
     C   14       -0.020012        0.144434        0.222840

     H   15       -0.000000        0.000000        0.000000
     H   15        0.000000        0.000000        0.000000
     H   15        0.000000        0.000000        0.000000

     C   16       -0.054054       -0.014889       -0.045598
     C   16       -0.014889       -0.119639        0.038573
     C   16       -0.045598        0.038573        0.173693

     C   17       -0.184336       -0.055332       -0.058815
     C   17       -0.055332       -0.019878        0.164349
     C   17       -0.058815        0.164349        0.204214

     Cl  18        1.490605       -2.008558       -1.908031
     Cl  18       -2.008558       -1.049250       -0.313498
     Cl  18       -1.908031       -0.313498       -0.441355

     H   19       -0.000000        0.000000        0.000000
     H   19        0.000000        0.000000        0.000000
     H   19        0.000000        0.000000        0.000000

     C   20       -0.021436        0.216955       -0.016628
     C   20        0.216955        0.143131        0.155313
     C   20       -0.016628        0.155313       -0.121696

     H   21       -0.000000        0.000000        0.000000
     H   21        0.000000        0.000000        0.000000
     H   21        0.000000        0.000000        0.000000

     C   22       -0.168185        0.087253       -0.120607
     C   22        0.087253        0.173162       -0.159737
     C   22       -0.120607       -0.159737       -0.004977

     C   23       -0.073472        0.142765       -0.059059
     C   23        0.142765        0.070886       -0.161555
     C   23       -0.059059       -0.161555        0.002586

     Cl  24       -1.138450        0.582662       -0.077514
     Cl  24        0.582662       -0.270615       -1.839644
     Cl  24       -0.077514       -1.839644        1.409065

     ----- total EFG -----
     Cl   1        0.278254       -0.031971       -0.350622
     Cl   1       -0.031971       -0.116682       -0.074456
     Cl   1       -0.350622       -0.074456       -0.161572

     C    2        0.341261        0.250441       -0.063139
     C    2        0.250441        0.350102       -0.196396
     C    2       -0.063139       -0.196396       -0.691363

     C    3       -0.222169        0.033191       -0.061411
     C    3        0.033191        0.376932        0.299630
     C    3       -0.061411        0.299630       -0.154763

     H    4        0.560753        0.185886        0.314170
     H    4        0.185886       -0.352627        0.319941
     H    4        0.314170        0.319941       -0.208126

     C    5        0.224835        0.076254       -0.107525
     C    5        0.076254        0.367873       -0.270387
     C    5       -0.107525       -0.270387       -0.592708

     H    6       -0.121005       -0.095100        0.016307
     H    6       -0.095100        0.237456        0.543198
     H    6        0.016307        0.543198       -0.116451

     H    7       -0.249465        0.208426        0.205332
     H    7        0.208426        0.264870       -0.415004
     H    7        0.205332       -0.415004       -0.015405

     C    8       -0.677506       -0.342244       -0.117868
     C    8       -0.342244        0.517353       -0.149963
     C    8       -0.117868       -0.149963        0.160153

     H    9        0.316404       -0.206731        0.442595
     H    9       -0.206731        0.164025       -0.347846
     H    9        0.442595       -0.347846       -0.480429

     C   10       -0.205642       -0.141111       -0.042198
     C   10       -0.141111        0.183996        0.426760
     C   10       -0.042198        0.426760        0.021646

     C   11       -0.369007        0.002013        0.044212
     C   11        0.002013        0.015413        0.292257
     C   11        0.044212        0.292257        0.353594

     Cl  12       -0.078766        0.935433       -0.499807
     Cl  12        0.935433       -0.167439        1.153924
     Cl  12       -0.499807        1.153924        0.246205

     H   13       -0.041290       -0.030226        0.178322
     H   13       -0.030226        0.268171        0.438319
     H   13        0.178322        0.438319       -0.226881

     C   14       -0.647035        0.247540       -0.302573
     C   14        0.247540        0.311128        0.409475
     C   14       -0.302573        0.409475        0.335907

     H   15        0.275948        0.168723        0.582504
     H   15        0.168723        0.031604        0.373484
     H   15        0.582504        0.373484       -0.307552

     C   16        0.271524       -0.038542       -0.004681
     C   16       -0.038542       -0.372678        0.073211
     C   16       -0.004681        0.073211        0.101154

     C   17       -0.615366        0.153104       -0.240277
     C   17        0.153104        0.283739        0.395654
     C   17       -0.240277        0.395654        0.331627

     Cl  18        1.682680       -2.246661       -2.042366
     Cl  18       -2.246661       -1.147703       -0.369316
     Cl  18       -2.042366       -0.369316       -0.534977

     H   19       -0.330767       -0.208847       -0.115909
     H   19       -0.208847        0.183731       -0.467569
     H   19       -0.115909       -0.467569        0.147036

     C   20        0.029470        0.748335       -0.044236
     C   20        0.748335        0.252569        0.446034
     C   20       -0.044236        0.446034       -0.282039

     H   21        0.582719       -0.251901        0.264211
     H   21       -0.251901       -0.567713        0.132561
     H   21        0.264211        0.132561       -0.015007

     C   22       -0.720731       -0.065592       -0.235808
     C   22       -0.065592        0.631597       -0.481137
     C   22       -0.235808       -0.481137        0.089135

     C   23        0.056109        0.462127        0.002215
     C   23        0.462127       -0.070556       -0.119267
     C   23        0.002215       -0.119267        0.014447

     Cl  24       -1.124871        0.505966       -0.032063
     Cl  24        0.505966       -0.277411       -1.766536
     Cl  24       -0.032063       -1.766536        1.402282

     ----- total EFG (symmetrized) -----
     Cl   1        0.278254       -0.031971       -0.350622
     Cl   1       -0.031971       -0.116682       -0.074456
     Cl   1       -0.350622       -0.074456       -0.161572

     C    2        0.341261        0.250441       -0.063139
     C    2        0.250441        0.350102       -0.196396
     C    2       -0.063139       -0.196396       -0.691363

     C    3       -0.222169        0.033191       -0.061411
     C    3        0.033191        0.376932        0.299630
     C    3       -0.061411        0.299630       -0.154763

     H    4        0.560753        0.185886        0.314170
     H    4        0.185886       -0.352627        0.319941
     H    4        0.314170        0.319941       -0.208126

     C    5        0.224835        0.076254       -0.107525
     C    5        0.076254        0.367873       -0.270387
     C    5       -0.107525       -0.270387       -0.592708

     H    6       -0.121005       -0.095100        0.016307
     H    6       -0.095100        0.237456        0.543198
     H    6        0.016307        0.543198       -0.116451

     H    7       -0.249465        0.208426        0.205332
     H    7        0.208426        0.264870       -0.415004
     H    7        0.205332       -0.415004       -0.015405

     C    8       -0.677506       -0.342244       -0.117868
     C    8       -0.342244        0.517353       -0.149963
     C    8       -0.117868       -0.149963        0.160153

     H    9        0.316404       -0.206731        0.442595
     H    9       -0.206731        0.164025       -0.347846
     H    9        0.442595       -0.347846       -0.480429

     C   10       -0.205642       -0.141111       -0.042198
     C   10       -0.141111        0.183996        0.426760
     C   10       -0.042198        0.426760        0.021646

     C   11       -0.369007        0.002013        0.044212
     C   11        0.002013        0.015413        0.292257
     C   11        0.044212        0.292257        0.353594

     Cl  12       -0.078766        0.935433       -0.499807
     Cl  12        0.935433       -0.167439        1.153924
     Cl  12       -0.499807        1.153924        0.246205

     H   13       -0.041290       -0.030226        0.178322
     H   13       -0.030226        0.268171        0.438319
     H   13        0.178322        0.438319       -0.226881

     C   14       -0.647035        0.247540       -0.302573
     C   14        0.247540        0.311128        0.409475
     C   14       -0.302573        0.409475        0.335907

     H   15        0.275948        0.168723        0.582504
     H   15        0.168723        0.031604        0.373484
     H   15        0.582504        0.373484       -0.307552

     C   16        0.271524       -0.038542       -0.004681
     C   16       -0.038542       -0.372678        0.073211
     C   16       -0.004681        0.073211        0.101154

     C   17       -0.615366        0.153104       -0.240277
     C   17        0.153104        0.283739        0.395654
     C   17       -0.240277        0.395654        0.331627

     Cl  18        1.682680       -2.246661       -2.042366
     Cl  18       -2.246661       -1.147703       -0.369316
     Cl  18       -2.042366       -0.369316       -0.534977

     H   19       -0.330767       -0.208847       -0.115909
     H   19       -0.208847        0.183731       -0.467569
     H   19       -0.115909       -0.467569        0.147036

     C   20        0.029470        0.748335       -0.044236
     C   20        0.748335        0.252569        0.446034
     C   20       -0.044236        0.446034       -0.282039

     H   21        0.582719       -0.251901        0.264211
     H   21       -0.251901       -0.567713        0.132561
     H   21        0.264211        0.132561       -0.015007

     C   22       -0.720731       -0.065592       -0.235808
     C   22       -0.065592        0.631597       -0.481137
     C   22       -0.235808       -0.481137        0.089135

     C   23        0.056109        0.462127        0.002215
     C   23        0.462127       -0.070556       -0.119267
     C   23        0.002215       -0.119267        0.014447

     Cl  24       -1.124871        0.505966       -0.032063
     Cl  24        0.505966       -0.277411       -1.766536
     Cl  24       -0.032063       -1.766536        1.402282


     NQR/NMR SPECTROSCOPIC PARAMETERS:
     Cl   1    Vxx=   -0.0921    axis=(  0.153624 -0.956122  0.249459)
     Cl   1    Vyy=   -0.3802    axis=(  0.460459  0.292638  0.838058)
     Cl   1    Vzz=    0.4723    axis=( -0.874287 -0.013880  0.485211)
     Cl   1  Q=        -8.1650 1e-30 m^2  Cq=        -9.0615 MHz  eta= 0.60994

     C    2    Vxx=    0.1051    axis=(  0.736670 -0.667848  0.106282)
     C    2    Vyy=    0.6224    axis=(  0.676037  0.723324 -0.140626)
     C    2    Vzz=   -0.7275    axis=(  0.017040  0.175445  0.984342)
     C    2  Q=         1.0000 1e-30 m^2  Cq=        -1.7092 MHz  eta= 0.71103

     C    3    Vxx=   -0.1785    axis=(  0.847047  0.212250 -0.487300)
     C    3    Vyy=   -0.3332    axis=( -0.531472  0.350280 -0.771259)
     C    3    Vzz=    0.5117    axis=( -0.006991 -0.912279 -0.409509)
     C    3  Q=         1.0000 1e-30 m^2  Cq=         1.2023 MHz  eta= 0.30222

     H    4    Vxx=   -0.1379    axis=( -0.456100  0.593400  0.663211)
     H    4    Vyy=   -0.6110    axis=(  0.052264  0.761816 -0.645682)
     H    4    Vzz=    0.7490    axis=(  0.888392  0.259834  0.378478)
     H    4  Q=         1.0000 1e-30 m^2  Cq=         1.7598 MHz  eta= 0.63170

     C    5    Vxx=    0.1919    axis=(  0.921646 -0.387960  0.007392)
     C    5    Vyy=    0.4798    axis=(  0.376223  0.888776 -0.261787)
     C    5    Vzz=   -0.6717    axis=(  0.094993  0.244056  0.965097)
     C    5  Q=         1.0000 1e-30 m^2  Cq=        -1.5782 MHz  eta= 0.42866

     H    6    Vxx=   -0.1150    axis=(  0.981244 -0.028959  0.190582)
     H    6    Vyy=   -0.5228    axis=(  0.171032  0.586868 -0.791412)
     H    6    Vzz=    0.6378    axis=( -0.088928  0.809164  0.580814)
     H    6  Q=         1.0000 1e-30 m^2  Cq=         1.4986 MHz  eta= 0.63930

     H    7    Vxx=    0.0063    axis=(  0.740834  0.336153  0.581521)
     H    7    Vyy=    0.5662    axis=( -0.068587 -0.823376  0.563336)
     H    7    Vzz=   -0.5725    axis=(  0.668177 -0.457223 -0.586929)
     H    7  Q=         1.0000 1e-30 m^2  Cq=        -1.3450 MHz  eta= 0.97804

     C    8    Vxx=    0.1562    axis=(  0.214893 -0.193848 -0.957206)
     C    8    Vyy=    0.6370    axis=(  0.224165 -0.944147  0.241528)
     C    8    Vzz=   -0.7932    axis=(  0.950564  0.266475  0.159437)
     C    8  Q=         1.0000 1e-30 m^2  Cq=        -1.8637 MHz  eta= 0.60605

     H    9    Vxx=    0.0207    axis=(  0.599064  0.800266 -0.026392)
     H    9    Vyy=    0.7233    axis=(  0.731889 -0.533915  0.423407)
     H    9    Vzz=   -0.7440    axis=(  0.324747 -0.272964 -0.905555)
     H    9  Q=         1.0000 1e-30 m^2  Cq=        -1.7481 MHz  eta= 0.94424

     C   10    Vxx=   -0.2045    axis=(  0.898834 -0.132476  0.417790)
     C   10    Vyy=   -0.3569    axis=( -0.401872 -0.629533  0.664972)
     C   10    Vzz=    0.5613    axis=( -0.174920  0.765597  0.619084)
     C   10  Q=         1.0000 1e-30 m^2  Cq=         1.3189 MHz  eta= 0.27152

     C   11    Vxx=   -0.1513    axis=( -0.092068  0.865246 -0.492821)
     C   11    Vyy=   -0.3726    axis=( -0.994780 -0.058050  0.083925)
     C   11    Vzz=    0.5239    axis=(  0.044007  0.497975  0.866074)
     C   11  Q=         1.0000 1e-30 m^2  Cq=         1.2309 MHz  eta= 0.42253

     Cl  12    Vxx=    0.5101    axis=(  0.817899  0.234055 -0.525603)
     Cl  12    Vyy=    1.2644    axis=( -0.234716 -0.698318 -0.676211)
     Cl  12    Vzz=   -1.7745    axis=(  0.525308 -0.676440  0.516217)
     Cl  12  Q=        -8.1650 1e-30 m^2  Cq=        34.0425 MHz  eta= 0.42506

     H   13    Vxx=    0.0091    axis=(  0.939153 -0.263402  0.220478)
     H   13    Vyy=    0.5315    axis=(  0.116328  0.847821  0.517366)
     H   13    Vzz=   -0.5405    axis=( -0.323201 -0.460238  0.826875)
     H   13  Q=         1.0000 1e-30 m^2  Cq=        -1.2701 MHz  eta= 0.96651

     C   14    Vxx=    0.1118    axis=(  0.453820  0.661903 -0.596600)
     C   14    Vyy=    0.7349    axis=(  0.037352 -0.683057 -0.729410)
     C   14    Vzz=   -0.8466    axis=( -0.890310  0.308737 -0.334708)
     C   14  Q=         1.0000 1e-30 m^2  Cq=        -1.9892 MHz  eta= 0.73596

     H   15    Vxx=   -0.0513    axis=(  0.524052 -0.850328 -0.048077)
     H   15    Vyy=   -0.7432    axis=(  0.431475  0.313737 -0.845812)
     H   15    Vzz=    0.7945    axis=(  0.734302  0.422505  0.531310)
     H   15  Q=         1.0000 1e-30 m^2  Cq=         1.8668 MHz  eta= 0.87096

     C   16    Vxx=    0.1115    axis=(  0.063645  0.144236  0.987494)
     C   16    Vyy=    0.2743    axis=(  0.996353 -0.065537 -0.054644)
     C   16    Vzz=   -0.3859    axis=(  0.056835  0.987371 -0.147881)
     C   16  Q=         1.0000 1e-30 m^2  Cq=        -0.9066 MHz  eta= 0.42184

     C   17    Vxx=    0.0285    axis=( -0.390182 -0.697505  0.601036)
     C   17    Vyy=    0.7081    axis=( -0.056929  0.669804  0.740353)
     C   17    Vzz=   -0.7365    axis=( -0.918976  0.254656 -0.301053)
     C   17  Q=         1.0000 1e-30 m^2  Cq=        -1.7305 MHz  eta= 0.92274

     Cl  18    Vxx=   -0.4305    axis=(  0.074689 -0.631408  0.771845)
     Cl  18    Vyy=   -3.1661    axis=( -0.528856 -0.681273 -0.506140)
     Cl  18    Vzz=    3.5966    axis=( -0.845419  0.370392  0.384808)
     Cl  18  Q=        -8.1650 1e-30 m^2  Cq=       -68.9990 MHz  eta= 0.76061

     H   19    Vxx=   -0.0911    axis=( -0.678059  0.460027  0.573247)
     H   19    Vyy=   -0.5476    axis=( -0.731009 -0.503319 -0.460755)
     H   19    Vzz=    0.6387    axis=(  0.076566 -0.731468  0.677564)
     H   19  Q=         1.0000 1e-30 m^2  Cq=         1.5007 MHz  eta= 0.71479

     C   20    Vxx=   -0.1479    axis=(  0.573805 -0.183179 -0.798244)
     C   20    Vyy=   -0.8297    axis=(  0.565304 -0.616660  0.547870)
     C   20    Vzz=    0.9776    axis=( -0.592603 -0.765621 -0.250292)
     C   20  Q=         1.0000 1e-30 m^2  Cq=         2.2970 MHz  eta= 0.69745

     H   21    Vxx=   -0.0368    axis=( -0.246869  0.343362  0.906178)
     H   21    Vyy=   -0.6751    axis=(  0.245342  0.926800 -0.284338)
     H   21    Vzz=    0.7118    axis=( -0.937477  0.152129 -0.313039)
     H   21  Q=         1.0000 1e-30 m^2  Cq=         1.6725 MHz  eta= 0.89673

     C   22    Vxx=   -0.1020    axis=( -0.355278  0.490245  0.795887)
     C   22    Vyy=   -0.8132    axis=(  0.933935  0.150388  0.324267)
     C   22    Vzz=    0.9151    axis=(  0.039278  0.858512 -0.511287)
     C   22  Q=         1.0000 1e-30 m^2  Cq=         2.1502 MHz  eta= 0.77715

     C   23    Vxx=    0.0181    axis=(  0.245349 -0.024844  0.969116)
     C   23    Vyy=    0.4723    axis=(  0.732032  0.660128 -0.168404)
     C   23    Vzz=   -0.4904    axis=( -0.635557  0.750742  0.180148)
     C   23  Q=         1.0000 1e-30 m^2  Cq=        -1.1522 MHz  eta= 0.92632

     Cl  24    Vxx=   -0.8442    axis=(  0.798968  0.467134  0.378729)
     Cl  24    Vyy=   -1.6986    axis=(  0.595790 -0.700478 -0.392894)
     Cl  24    Vzz=    2.5428    axis=( -0.081758 -0.539553  0.837973)
     Cl  24  Q=        -8.1650 1e-30 m^2  Cq=       -48.7832 MHz  eta= 0.33598

     Initialization:
     gipaw_setup  :      9.32s CPU     11.13s WALL (       1 calls)

     Linear response

     Apply operators

     Induced current

     Other routines
     efg          :      9.23s CPU     11.81s WALL (       1 calls)

     General routines
     calbec       :      3.28s CPU      4.48s WALL (      16 calls)
     fft          :      1.29s CPU      1.60s WALL (      15 calls)
     ffts         :      0.04s CPU      0.10s WALL (       2 calls)
     fftw         :      3.12s CPU      3.79s WALL (     672 calls)
     davcio       :      0.02s CPU      0.32s WALL (      32 calls)

     Parallel routines
     fft_scatter  :      1.88s CPU      2.66s WALL (     689 calls)

     Plugins

     GIPAW        :     61.74s CPU     74.55s WALL (       1 calls)
