
     Program QE v.6.0 (svn rev. 13079) starts on 22Dec2016 at 23:45:51 

     This program is part of the open-source Quantum ESPRESSO suite
     for quantum simulation of materials; please cite
         "P. Giannozzi et al., J. Phys.:Condens. Matter 21 395502 (2009);
          URL http://www.quantum-espresso.org", 
     in publications or presentations arising from this work. More details at
     http://www.quantum-espresso.org/quote

     Parallel version (MPI), running on     8 processors
     R & G space division:  proc/nbgrp/npool/nimage =       8

     ***** This is GIPAW svn revision unknown      *****

     Parallelizing q-star over 1 images

     Reading data from directory:
     /users/majewski/paradichlorobenzene/pbe/9_constraint/scratch/pbe.ecut100.np8.dt60.pcl2phi-129368.save
     Message from routine read_xml_file:
     file /users/majewski/paradichlorobenzene/pbe/9_constraint/scratch/pbe.ecut100.np8.dt60.pcl2phi-129368.save not guaranteed to be safe for post-processing

   Info: using nr1, nr2, nr3 values from input

   Info: using nr1, nr2, nr3 values from input

     IMPORTANT: XC functional enforced from input :
     Exchange-correlation      =  SLA  PW   PBX  PBC ( 1  4  3  4 0 0)
     Any further DFT definition will be discarded
     Please, verify this is what you really want

               file C.pbe-n-kjpaw_psl.1.0.0.UPF: wavefunction(s)  2S 2P renormalized
               file Cl.pbe-n-kjpaw_psl.1.0.0.UPF: wavefunction(s)  3S 3P renormalized
               file H.pbe-kjpaw_psl.1.0.0.UPF: wavefunction(s)  1S renormalized

     Parallelization info
     --------------------
     sticks:   dense  smooth     PW     G-vecs:    dense   smooth      PW
     Min        3057    1223    332               144436    36536    5170
     Max        3059    1225    333               144437    36537    5171
     Sum       24467    9791   2657              1155489   292295   41363


     Subspace diagonalization in iterative solution of the eigenvalue problem:
     a serial algorithm will be used

     GIPAW projectors -----------------------------------------------
     atom=  C    l=0  rc=    1.2000  rs=    0.8000
     atom=  C    l=0  rc=    1.2000  rs=    0.8000
     atom=  C    l=1  rc=    1.4000  rs=    0.9333
     atom=  C    l=1  rc=    1.4000  rs=    0.9333
     projs nearly linearly dependent: l=1  n1,n2= 1, 2  s=  0.99951561

     atom=  Cl   l=0  rc=    1.6000  rs=    1.0667
     atom=  Cl   l=0  rc=    1.6000  rs=    1.0667
     atom=  Cl   l=1  rc=    1.6000  rs=    1.0667
     atom=  Cl   l=1  rc=    1.6000  rs=    1.0667
     atom=  Cl   l=2  rc=    1.6000  rs=    1.0667
     atom=  Cl   l=2  rc=    1.6000  rs=    1.0667
     projs nearly linearly dependent: l=2  n1,n2= 1, 2  s=  0.99993509

     atom=  H    l=0  rc=    1.0000  rs=    0.6667
     atom=  H    l=0  rc=    1.0000  rs=    0.6667
     projs nearly linearly dependent: l=0  n1,n2= 1, 2  s=  0.99968852
     -----------------------------------------------------------------

     GIPAW integrals: -------------------------------------------
     Atom  i/j   nmr_para   nmr_dia   epr_rmc  epr_para   epr_dia
       C   1 1   0.83E+03  0.17E-01  0.93E+01  0.24E+08  0.24E+03
       C   2 1   0.86E+03 -0.61E-01  0.94E+01  0.25E+08  0.25E+03
       C   2 2   0.90E+03 -0.15E+00  0.97E+01  0.26E+08  0.26E+03
       C   3 3   0.33E+01  0.34E+00  0.18E+01  0.55E+03  0.21E+02
       C   4 3   0.35E+01  0.37E+00  0.20E+01  0.59E+03  0.22E+02
       C   4 4   0.38E+01  0.39E+00  0.22E+01  0.63E+03  0.24E+02
       Cl  1 1   0.14E+04 -0.47E+00  0.84E+01  0.32E+09  0.42E+03
       Cl  2 1   0.21E+04 -0.37E+00  0.12E+02  0.49E+09  0.65E+03
       Cl  2 2   0.33E+04 -0.16E+00  0.21E+02  0.76E+09  0.10E+04
       Cl  3 3   0.21E+02  0.79E-01  0.89E+01  0.23E+05  0.13E+03
       Cl  4 3   0.24E+02  0.67E-01  0.99E+01  0.27E+05  0.15E+03
       Cl  4 4   0.28E+02  0.44E-01  0.11E+02  0.32E+05  0.18E+03
       Cl  5 5   0.77E+00  0.19E+00  0.18E+01  0.12E+03  0.22E+02
       Cl  6 5   0.80E+00  0.19E+00  0.19E+01  0.12E+03  0.23E+02
       Cl  6 6   0.83E+00  0.20E+00  0.19E+01  0.12E+03  0.23E+02
       H   1 1   0.39E+02  0.19E+00  0.29E+00  0.78E+05  0.13E+02
       H   2 1   0.41E+02  0.21E+00  0.32E+00  0.82E+05  0.14E+02
       H   2 2   0.43E+02  0.22E+00  0.36E+00  0.86E+05  0.15E+02
     ------------------------------------------------------------

     alpha_pv=     33.5153 eV

     Number of occupied bands for each k-point:
     k-point:     1    nbnd_occ=  42
     k-point:     2    nbnd_occ=  42
     k-point:     3    nbnd_occ=  42
     k-point:     4    nbnd_occ=  42
     k-point:     5    nbnd_occ=  42
     k-point:     6    nbnd_occ=  42
     k-point:     7    nbnd_occ=  42
     k-point:     8    nbnd_occ=  42
     k-point:     9    nbnd_occ=  42
     k-point:    10    nbnd_occ=  42
     k-point:    11    nbnd_occ=  42
     k-point:    12    nbnd_occ=  42
     k-point:    13    nbnd_occ=  42
     k-point:    14    nbnd_occ=  42
     k-point:    15    nbnd_occ=  42
     k-point:    16    nbnd_occ=  42


     q-space interpolation up to   110.00 Rydberg

     GIPAW job: efg                                                                             


     ELECTRIC FIELD GRADIENTS TENSORS IN Hartree/bohrradius^2:

     ----- bare term -----
     Cl   1       -0.070498        0.102540       -0.028871
     Cl   1        0.102540        0.022947       -0.040349
     Cl   1       -0.028871       -0.040349        0.047551

     C    2       -0.080844        0.008189       -0.127457
     C    2        0.008189        0.000481       -0.424132
     C    2       -0.127457       -0.424132        0.080363

     C    3       -0.001487        0.029364        0.210729
     C    3        0.029364       -0.080802        0.180315
     C    3        0.210729        0.180315        0.082289

     H    4       -0.141682       -0.337083        0.099174
     H    4       -0.337083       -0.118752        0.175387
     H    4        0.099174        0.175387        0.260435

     C    5       -0.075226       -0.127906       -0.160706
     C    5       -0.127906       -0.099603       -0.038606
     C    5       -0.160706       -0.038606        0.174829

     H    6        0.386344       -0.245023        0.063892
     H    6       -0.245023       -0.631986        0.228421
     H    6        0.063892        0.228421        0.245642

     H    7        0.142887        0.027293        0.033113
     H    7        0.027293       -0.337274        0.584059
     H    7        0.033113        0.584059        0.194387

     C    8       -0.815266       -0.353555       -0.409228
     C    8       -0.353555        0.329269        0.047178
     C    8       -0.409228        0.047178        0.485998

     H    9       -0.103386        0.062662       -0.527828
     H    9        0.062662        0.133081       -0.129060
     H    9       -0.527828       -0.129060       -0.029695

     C   10        0.036897       -0.432453       -0.114049
     C   10       -0.432453       -0.158302        0.618091
     C   10       -0.114049        0.618091        0.121404

     C   11       -0.535903       -0.282483       -0.392058
     C   11       -0.282483        0.233085        0.248683
     C   11       -0.392058        0.248683        0.302818

     Cl  12       -0.011392        0.091735       -0.031392
     Cl  12        0.091735        0.112940        0.053879
     Cl  12       -0.031392        0.053879       -0.101548

     H   13        0.422816       -0.015031       -0.079273
     H   13       -0.015031       -0.626170       -0.266295
     H   13       -0.079273       -0.266295        0.203354

     C   14       -0.473590        0.200039       -0.386617
     C   14        0.200039        0.018118       -0.343575
     C   14       -0.386617       -0.343575        0.455472

     H   15       -0.399916       -0.451639        0.103906
     H   15       -0.451639        0.233281        0.119190
     H   15        0.103906        0.119190        0.166636

     C   16       -0.262428        0.331557       -0.110721
     C   16        0.331557       -0.310932       -0.544993
     C   16       -0.110721       -0.544993        0.573359

     C   17       -0.229767        0.240003       -0.205843
     C   17        0.240003       -0.179598       -0.481155
     C   17       -0.205843       -0.481155        0.409365

     Cl  18        0.012502        0.164626       -0.063668
     Cl  18        0.164626        0.084681       -0.058893
     Cl  18       -0.063668       -0.058893       -0.097183

     H   19        0.395069        0.187749       -0.213810
     H   19        0.187749       -0.224253        0.613531
     H   19       -0.213810        0.613531       -0.170816

     C   20       -0.147370       -0.168256       -0.191815
     C   20       -0.168256       -0.269035        0.290290
     C   20       -0.191815        0.290290        0.416405

     H   21       -0.065844        0.182171       -0.508597
     H   21        0.182171        0.396633        0.297310
     H   21       -0.508597        0.297310       -0.330789

     C   22       -0.538127       -0.300898       -0.354946
     C   22       -0.300898       -0.050011        0.165669
     C   22       -0.354946        0.165669        0.588139

     C   23       -0.020427       -0.009352       -0.262247
     C   23       -0.009352       -0.503036        0.354345
     C   23       -0.262247        0.354345        0.523462

     Cl  24       -0.143437       -0.069790       -0.067114
     Cl  24       -0.069790       -0.102176        0.042731
     Cl  24       -0.067114        0.042731        0.245613

     ----- ionic term -----
     Cl   1        0.150336       -0.172473        0.012943
     Cl   1       -0.172473        0.009228       -0.002864
     Cl   1        0.012943       -0.002864       -0.159565

     C    2        0.277799       -0.018141        0.114971
     C    2       -0.018141        0.237245        0.293786
     C    2        0.114971        0.293786       -0.515045

     C    3        0.221554       -0.091651        0.049415
     C    3       -0.091651        0.270923        0.320889
     C    3        0.049415        0.320889       -0.492477

     H    4        0.670433        0.589094        0.325580
     H    4        0.589094       -0.139763        0.213275
     H    4        0.325580        0.213275       -0.530670

     C    5        0.355330       -0.007271        0.092689
     C    5       -0.007271        0.131400        0.263616
     C    5        0.092689        0.263616       -0.486730

     H    6       -0.503976        0.197082        0.069836
     H    6        0.197082        0.806448        0.559964
     H    6        0.069836        0.559964       -0.302472

     H    7       -0.512019        0.097477       -0.028905
     H    7        0.097477        0.536622       -0.744942
     H    7       -0.028905       -0.744942       -0.024603

     C    8        0.191944        0.257107        0.374984
     C    8        0.257107        0.026677       -0.260507
     C    8        0.374984       -0.260507       -0.218621

     H    9        0.522836       -0.239863        0.715930
     H    9       -0.239863       -0.446133       -0.231092
     H    9        0.715930       -0.231092       -0.076704

     C   10        0.081512        0.297847        0.249119
     C   10        0.297847        0.148359       -0.345282
     C   10        0.249119       -0.345282       -0.229871

     C   11        0.134711        0.234197        0.270674
     C   11        0.234197        0.074386       -0.396582
     C   11        0.270674       -0.396582       -0.209097

     Cl  12        0.163219        0.216424        0.024390
     Cl  12        0.216424       -0.007081        0.008912
     Cl  12        0.024390        0.008912       -0.156137

     H   13       -0.524773        0.074384        0.026832
     H   13        0.074384        0.860692        0.548212
     H   13        0.026832        0.548212       -0.335919

     C   14        0.397235       -0.078021        0.056082
     C   14       -0.078021        0.138935        0.265381
     C   14        0.056082        0.265381       -0.536171

     H   15        0.790554        0.454224        0.354147
     H   15        0.454224       -0.299368        0.192006
     H   15        0.354147        0.192006       -0.491185

     C   16        0.301952       -0.212422        0.014144
     C   16       -0.212422        0.228922        0.289174
     C   16        0.014144        0.289174       -0.530874

     C   17        0.361304       -0.059074        0.058886
     C   17       -0.059074        0.159798        0.287477
     C   17        0.058886        0.287477       -0.521102

     Cl  18        0.209139       -0.182877       -0.030382
     Cl  18       -0.182877       -0.068917        0.013207
     Cl  18       -0.030382        0.013207       -0.140221

     H   19       -0.502272       -0.169441        0.116431
     H   19       -0.169441        0.554499       -0.723885
     H   19        0.116431       -0.723885       -0.052226

     C   20        0.166284        0.180152        0.303181
     C   20        0.180152        0.079434       -0.286829
     C   20        0.303181       -0.286829       -0.245717

     H   21        0.568544       -0.311979        0.687213
     H   21       -0.311979       -0.422058       -0.259767
     H   21        0.687213       -0.259767       -0.146486

     C   22        0.050954        0.225738        0.223308
     C   22        0.225738        0.262224       -0.404752
     C   22        0.223308       -0.404752       -0.313179

     C   23        0.065142        0.178417        0.362420
     C   23        0.178417        0.164649       -0.411052
     C   23        0.362420       -0.411052       -0.229791

     Cl  24        0.098756        0.207844        0.020385
     Cl  24        0.207844        0.044048        0.012986
     Cl  24        0.020385        0.012986       -0.142804

     ----- GIPAW term -----
     Cl   1        0.115596        0.050177       -1.463261
     Cl   1        0.050177        0.298881       -1.901810
     Cl   1       -1.463261       -1.901810       -0.414477

     C    2       -0.032618       -0.000924       -0.055234
     C    2       -0.000924        0.025380       -0.130788
     C    2       -0.055234       -0.130788        0.007238

     C    3        0.013949       -0.014255        0.025067
     C    3       -0.014255        0.004150        0.035561
     C    3        0.025067        0.035561       -0.018099

     H    4       -0.000000        0.000000        0.000000
     H    4        0.000000        0.000000        0.000000
     H    4        0.000000        0.000000        0.000000

     C    5       -0.018900       -0.017384        0.000511
     C    5       -0.017384        0.000668       -0.043842
     C    5        0.000511       -0.043842        0.018232

     H    6       -0.000000        0.000000        0.000000
     H    6        0.000000        0.000000        0.000000
     H    6        0.000000        0.000000        0.000000

     H    7       -0.000000        0.000000        0.000000
     H    7        0.000000        0.000000        0.000000
     H    7        0.000000        0.000000        0.000000

     C    8       -0.196243       -0.128364        0.012040
     C    8       -0.128364        0.133174       -0.158610
     C    8        0.012040       -0.158610        0.063069

     H    9       -0.000000        0.000000        0.000000
     H    9        0.000000        0.000000        0.000000
     H    9        0.000000        0.000000        0.000000

     C   10       -0.051596       -0.179073       -0.030069
     C   10       -0.179073        0.162861        0.129720
     C   10       -0.030069        0.129720       -0.111265

     C   11       -0.109107        0.026103       -0.057142
     C   11        0.026103        0.218122       -0.025293
     C   11       -0.057142       -0.025293       -0.109015

     Cl  12        0.996807        2.657055       -0.157298
     Cl  12        2.657055        1.138239        0.517003
     Cl  12       -0.157298        0.517003       -2.135046

     H   13       -0.000000        0.000000        0.000000
     H   13        0.000000        0.000000        0.000000
     H   13        0.000000        0.000000        0.000000

     C   14       -0.069139        0.035817       -0.036468
     C   14        0.035817       -0.017858       -0.052038
     C   14       -0.036468       -0.052038        0.086998

     H   15       -0.000000        0.000000        0.000000
     H   15        0.000000        0.000000        0.000000
     H   15        0.000000        0.000000        0.000000

     C   16       -0.141359        0.045321       -0.020691
     C   16        0.045321       -0.073996       -0.185460
     C   16       -0.020691       -0.185460        0.215355

     C   17        0.026363       -0.128420        0.023879
     C   17       -0.128420       -0.016837       -0.129111
     C   17        0.023879       -0.129111       -0.009525

     Cl  18        1.731187        0.290648       -0.851466
     Cl  18        0.290648        0.723396       -0.724601
     Cl  18       -0.851466       -0.724601       -2.454583

     H   19       -0.000000        0.000000        0.000000
     H   19        0.000000        0.000000        0.000000
     H   19        0.000000        0.000000        0.000000

     C   20       -0.107256       -0.025652       -0.009776
     C   20       -0.025652       -0.025219       -0.123748
     C   20       -0.009776       -0.123748        0.132476

     H   21       -0.000000        0.000000        0.000000
     H   21        0.000000        0.000000        0.000000
     H   21        0.000000        0.000000        0.000000

     C   22       -0.215790       -0.016492       -0.116794
     C   22       -0.016492       -0.069011       -0.067524
     C   22       -0.116794       -0.067524        0.284801

     C   23       -0.073565        0.098942       -0.045888
     C   23        0.098942       -0.162600       -0.083450
     C   23       -0.045888       -0.083450        0.236166

     Cl  24       -0.595274        1.443560       -0.673792
     Cl  24        1.443560       -1.330042        0.756829
     Cl  24       -0.673792        0.756829        1.925316

     ----- total EFG -----
     Cl   1        0.195434       -0.019756       -1.479189
     Cl   1       -0.019756        0.331056       -1.945023
     Cl   1       -1.479189       -1.945023       -0.526490

     C    2        0.164337       -0.010875       -0.067719
     C    2       -0.010875        0.263107       -0.261134
     C    2       -0.067719       -0.261134       -0.427444

     C    3        0.234017       -0.076541        0.285212
     C    3       -0.076541        0.194270        0.536764
     C    3        0.285212        0.536764       -0.428287

     H    4        0.528750        0.252011        0.424755
     H    4        0.252011       -0.258515        0.388663
     H    4        0.424755        0.388663       -0.270235

     C    5        0.261204       -0.152561       -0.067506
     C    5       -0.152561        0.032465        0.181168
     C    5       -0.067506        0.181168       -0.293670

     H    6       -0.117632       -0.047941        0.133727
     H    6       -0.047941        0.174462        0.788385
     H    6        0.133727        0.788385       -0.056830

     H    7       -0.369132        0.124770        0.004208
     H    7        0.124770        0.199348       -0.160883
     H    7        0.004208       -0.160883        0.169784

     C    8       -0.819565       -0.224811       -0.022203
     C    8       -0.224811        0.489119       -0.371939
     C    8       -0.022203       -0.371939        0.330446

     H    9        0.419451       -0.177201        0.188102
     H    9       -0.177201       -0.313052       -0.360152
     H    9        0.188102       -0.360152       -0.106399

     C   10        0.066813       -0.313680        0.105001
     C   10       -0.313680        0.152919        0.402529
     C   10        0.105001        0.402529       -0.219732

     C   11       -0.510300       -0.022182       -0.178527
     C   11       -0.022182        0.525593       -0.173191
     C   11       -0.178527       -0.173191       -0.015293

     Cl  12        1.148634        2.965214       -0.164299
     Cl  12        2.965214        1.244098        0.579794
     Cl  12       -0.164299        0.579794       -2.392732

     H   13       -0.101957        0.059353       -0.052442
     H   13        0.059353        0.234522        0.281918
     H   13       -0.052442        0.281918       -0.132565

     C   14       -0.145494        0.157835       -0.367003
     C   14        0.157835        0.139195       -0.130232
     C   14       -0.367003       -0.130232        0.006299

     H   15        0.390637        0.002586        0.458053
     H   15        0.002586       -0.066088        0.311196
     H   15        0.458053        0.311196       -0.324550

     C   16       -0.101835        0.164457       -0.117268
     C   16        0.164457       -0.156005       -0.441279
     C   16       -0.117268       -0.441279        0.257840

     C   17        0.157900        0.052509       -0.123078
     C   17        0.052509       -0.036637       -0.322788
     C   17       -0.123078       -0.322788       -0.121262

     Cl  18        1.952827        0.272397       -0.945516
     Cl  18        0.272397        0.739160       -0.770287
     Cl  18       -0.945516       -0.770287       -2.691987

     H   19       -0.107203        0.018308       -0.097379
     H   19        0.018308        0.330245       -0.110354
     H   19       -0.097379       -0.110354       -0.223042

     C   20       -0.088342       -0.013756        0.101589
     C   20       -0.013756       -0.214821       -0.120287
     C   20        0.101589       -0.120287        0.303163

     H   21        0.502701       -0.129808        0.178616
     H   21       -0.129808       -0.025425        0.037542
     H   21        0.178616        0.037542       -0.477275

     C   22       -0.702963       -0.091652       -0.248432
     C   22       -0.091652        0.143202       -0.306608
     C   22       -0.248432       -0.306608        0.559762

     C   23       -0.028850        0.268007        0.054285
     C   23        0.268007       -0.500987       -0.140157
     C   23        0.054285       -0.140157        0.529837

     Cl  24       -0.639955        1.581614       -0.720520
     Cl  24        1.581614       -1.388170        0.812546
     Cl  24       -0.720520        0.812546        2.028125

     ----- total EFG (symmetrized) -----
     Cl   1        0.195434       -0.019756       -1.479189
     Cl   1       -0.019756        0.331056       -1.945023
     Cl   1       -1.479189       -1.945023       -0.526490

     C    2        0.164337       -0.010875       -0.067719
     C    2       -0.010875        0.263107       -0.261134
     C    2       -0.067719       -0.261134       -0.427444

     C    3        0.234017       -0.076541        0.285212
     C    3       -0.076541        0.194270        0.536764
     C    3        0.285212        0.536764       -0.428287

     H    4        0.528750        0.252011        0.424755
     H    4        0.252011       -0.258515        0.388663
     H    4        0.424755        0.388663       -0.270235

     C    5        0.261204       -0.152561       -0.067506
     C    5       -0.152561        0.032465        0.181168
     C    5       -0.067506        0.181168       -0.293670

     H    6       -0.117632       -0.047941        0.133727
     H    6       -0.047941        0.174462        0.788385
     H    6        0.133727        0.788385       -0.056830

     H    7       -0.369132        0.124770        0.004208
     H    7        0.124770        0.199348       -0.160883
     H    7        0.004208       -0.160883        0.169784

     C    8       -0.819565       -0.224811       -0.022203
     C    8       -0.224811        0.489119       -0.371939
     C    8       -0.022203       -0.371939        0.330446

     H    9        0.419451       -0.177201        0.188102
     H    9       -0.177201       -0.313052       -0.360152
     H    9        0.188102       -0.360152       -0.106399

     C   10        0.066813       -0.313680        0.105001
     C   10       -0.313680        0.152919        0.402529
     C   10        0.105001        0.402529       -0.219732

     C   11       -0.510300       -0.022182       -0.178527
     C   11       -0.022182        0.525593       -0.173191
     C   11       -0.178527       -0.173191       -0.015293

     Cl  12        1.148634        2.965214       -0.164299
     Cl  12        2.965214        1.244098        0.579794
     Cl  12       -0.164299        0.579794       -2.392732

     H   13       -0.101957        0.059353       -0.052442
     H   13        0.059353        0.234522        0.281918
     H   13       -0.052442        0.281918       -0.132565

     C   14       -0.145494        0.157835       -0.367003
     C   14        0.157835        0.139195       -0.130232
     C   14       -0.367003       -0.130232        0.006299

     H   15        0.390637        0.002586        0.458053
     H   15        0.002586       -0.066088        0.311196
     H   15        0.458053        0.311196       -0.324550

     C   16       -0.101835        0.164457       -0.117268
     C   16        0.164457       -0.156005       -0.441279
     C   16       -0.117268       -0.441279        0.257840

     C   17        0.157900        0.052509       -0.123078
     C   17        0.052509       -0.036637       -0.322788
     C   17       -0.123078       -0.322788       -0.121262

     Cl  18        1.952827        0.272397       -0.945516
     Cl  18        0.272397        0.739160       -0.770287
     Cl  18       -0.945516       -0.770287       -2.691987

     H   19       -0.107203        0.018308       -0.097379
     H   19        0.018308        0.330245       -0.110354
     H   19       -0.097379       -0.110354       -0.223042

     C   20       -0.088342       -0.013756        0.101589
     C   20       -0.013756       -0.214821       -0.120287
     C   20        0.101589       -0.120287        0.303163

     H   21        0.502701       -0.129808        0.178616
     H   21       -0.129808       -0.025425        0.037542
     H   21        0.178616        0.037542       -0.477275

     C   22       -0.702963       -0.091652       -0.248432
     C   22       -0.091652        0.143202       -0.306608
     C   22       -0.248432       -0.306608        0.559762

     C   23       -0.028850        0.268007        0.054285
     C   23        0.268007       -0.500987       -0.140157
     C   23        0.054285       -0.140157        0.529837

     Cl  24       -0.639955        1.581614       -0.720520
     Cl  24        1.581614       -1.388170        0.812546
     Cl  24       -0.720520        0.812546        2.028125


     NQR/NMR SPECTROSCOPIC PARAMETERS:
     Cl   1    Vxx=    0.2635    axis=(  0.801258 -0.597621 -0.028893)
     Cl   1    Vyy=    2.3445    axis=(  0.440248  0.621586 -0.647929)
     Cl   1    Vzz=   -2.6080    axis=(  0.405176  0.506438  0.761152)
     Cl   1  Q=        -8.1650 1e-30 m^2  Cq=        50.0336 MHz  eta= 0.79793

     C    2    Vxx=    0.1703    axis=(  0.993258 -0.089826 -0.073283)
     C    2    Vyy=    0.3514    axis=(  0.061670  0.944698 -0.322092)
     C    2    Vzz=   -0.5217    axis=(  0.098163  0.315401  0.943868)
     C    2  Q=         1.0000 1e-30 m^2  Cq=        -1.2259 MHz  eta= 0.34713

     C    3    Vxx=    0.2868    axis=(  0.912573 -0.404428  0.060402)
     C    3    Vyy=    0.5286    axis=(  0.312803  0.785563  0.533897)
     C    3    Vzz=   -0.8154    axis=( -0.263373 -0.468326  0.843390)
     C    3  Q=         1.0000 1e-30 m^2  Cq=        -1.9159 MHz  eta= 0.29651

     H    4    Vxx=   -0.1821    axis=(  0.534474 -0.693622 -0.482935)
     H    4    Vyy=   -0.6704    axis=(  0.136114  0.634576 -0.760780)
     H    4    Vzz=    0.8525    axis=(  0.834153  0.340882  0.433576)
     H    4  Q=         1.0000 1e-30 m^2  Cq=         2.0031 MHz  eta= 0.57280

     C    5    Vxx=    0.0047    axis=(  0.545158  0.765594  0.341569)
     C    5    Vyy=    0.3697    axis=( -0.838333  0.498189  0.221370)
     C    5    Vzz=   -0.3743    axis=( -0.000686 -0.407031  0.913414)
     C    5  Q=         1.0000 1e-30 m^2  Cq=        -0.8796 MHz  eta= 0.97511

     H    6    Vxx=   -0.0932    axis=(  0.978164 -0.171338  0.117641)
     H    6    Vyy=   -0.7652    axis=( -0.200982 -0.635630  0.745373)
     H    6    Vzz=    0.8583    axis=(  0.052934  0.752740  0.656186)
     H    6  Q=         1.0000 1e-30 m^2  Cq=         2.0168 MHz  eta= 0.78295

     H    7    Vxx=    0.0405    axis=(  0.195928  0.617489  0.761787)
     H    7    Vyy=    0.3575    axis=(  0.125847  0.754587 -0.644019)
     H    7    Vzz=   -0.3979    axis=( -0.972510  0.222050  0.070136)
     H    7  Q=         1.0000 1e-30 m^2  Cq=        -0.9350 MHz  eta= 0.79666

     C    8    Vxx=    0.0571    axis=( -0.171304  0.590080  0.788961)
     C    8    Vyy=    0.8063    axis=( -0.100378  0.786178 -0.609793)
     C    8    Vzz=   -0.8634    axis=( -0.980091 -0.183655 -0.075445)
     C    8  Q=         1.0000 1e-30 m^2  Cq=        -2.0286 MHz  eta= 0.86776

     H    9    Vxx=    0.0059    axis=(  0.526232  0.491302 -0.694048)
     H    9    Vyy=    0.5794    axis=( -0.849780  0.333490 -0.408239)
     H    9    Vzz=   -0.5853    axis=(  0.030890  0.804616  0.592991)
     H    9  Q=         1.0000 1e-30 m^2  Cq=        -1.3752 MHz  eta= 0.97975

     C   10    Vxx=    0.0644    axis=(  0.793773  0.198651  0.574859)
     C   10    Vyy=    0.5214    axis=( -0.468443  0.802509  0.369514)
     C   10    Vzz=   -0.5857    axis=( -0.387925 -0.562599  0.730066)
     C   10  Q=         1.0000 1e-30 m^2  Cq=        -1.3762 MHz  eta= 0.78026

     C   11    Vxx=   -0.0039    axis=( -0.330021  0.280942  0.901198)
     C   11    Vyy=   -0.5732    axis=(  0.943564  0.070069  0.323692)
     C   11    Vzz=    0.5771    axis=(  0.027793  0.957163 -0.288211)
     C   11  Q=         1.0000 1e-30 m^2  Cq=         1.3560 MHz  eta= 0.98646

     Cl  12    Vxx=   -1.4753    axis=( -0.639503  0.593002  0.489270)
     Cl  12    Vyy=   -2.7003    axis=(  0.322685 -0.370598  0.870937)
     Cl  12    Vzz=    4.1756    axis=( -0.697790 -0.714847 -0.045646)
     Cl  12  Q=        -8.1650 1e-30 m^2  Cq=       -80.1064 MHz  eta= 0.29338

     H   13    Vxx=   -0.0770    axis=(  0.940380  0.111597 -0.321296)
     H   13    Vyy=   -0.3119    axis=( -0.335445  0.460452 -0.821864)
     H   13    Vzz=    0.3889    axis=(  0.056224  0.880642  0.470434)
     H   13  Q=         1.0000 1e-30 m^2  Cq=         0.9138 MHz  eta= 0.60404

     C   14    Vxx=    0.0075    axis=( -0.295026  0.826960  0.478641)
     C   14    Vyy=    0.4399    axis=( -0.543716 -0.557224  0.627594)
     C   14    Vzz=   -0.4474    axis=( -0.785705  0.075088 -0.614027)
     C   14  Q=         1.0000 1e-30 m^2  Cq=        -1.0512 MHz  eta= 0.96644

     H   15    Vxx=    0.0340    axis=(  0.374622 -0.881738 -0.286701)
     H   15    Vyy=    0.6440    axis=(  0.856012  0.210111  0.472331)
     H   15    Vzz=   -0.6780    axis=( -0.356233 -0.422365  0.833490)
     H   15  Q=         1.0000 1e-30 m^2  Cq=        -1.5931 MHz  eta= 0.89971

     C   16    Vxx=   -0.1348    axis=( -0.936329 -0.059132 -0.346110)
     C   16    Vyy=   -0.4546    axis=(  0.232271 -0.843540 -0.484243)
     C   16    Vzz=    0.5894    axis=( -0.263323 -0.533801  0.803565)
     C   16  Q=         1.0000 1e-30 m^2  Cq=         1.3849 MHz  eta= 0.54260

     C   17    Vxx=    0.0783    axis=(  0.808860 -0.499876  0.309629)
     C   17    Vyy=    0.3323    axis=( -0.578492 -0.582191  0.571315)
     C   17    Vzz=   -0.4106    axis=( -0.105323 -0.641231 -0.760085)
     C   17  Q=         1.0000 1e-30 m^2  Cq=        -0.9648 MHz  eta= 0.61846

     Cl  18    Vxx=    0.7512    axis=(  0.311911 -0.941846  0.125051)
     Cl  18    Vyy=    2.2591    axis=(  0.934040  0.279861 -0.221916)
     Cl  18    Vzz=   -3.0103    axis=(  0.174014  0.186020  0.967014)
     Cl  18  Q=        -8.1650 1e-30 m^2  Cq=        57.7513 MHz  eta= 0.50090

     H   19    Vxx=   -0.0634    axis=(  0.888232 -0.161840 -0.429944)
     H   19    Vyy=   -0.2910    axis=(  0.452203  0.143058  0.880368)
     H   19    Vzz=    0.3544    axis=( -0.080971 -0.976393  0.200253)
     H   19  Q=         1.0000 1e-30 m^2  Cq=         0.8327 MHz  eta= 0.64219

     C   20    Vxx=   -0.1114    axis=( -0.972257 -0.110513  0.206163)
     C   20    Vyy=   -0.2419    axis=( -0.062535  0.972079  0.226169)
     C   20    Vzz=    0.3534    axis=(  0.225401 -0.207002  0.952021)
     C   20  Q=         1.0000 1e-30 m^2  Cq=         0.8303 MHz  eta= 0.36923

     H   21    Vxx=   -0.0433    axis=( -0.179254 -0.971069 -0.157778)
     H   21    Vyy=   -0.5163    axis=(  0.186624  0.123900 -0.974587)
     H   21    Vzz=    0.5595    axis=(  0.965940 -0.204144  0.159015)
     H   21  Q=         1.0000 1e-30 m^2  Cq=         1.3147 MHz  eta= 0.84528

     C   22    Vxx=    0.0308    axis=(  0.245034 -0.884291 -0.397476)
     C   22    Vyy=    0.7445    axis=(  0.125429  0.435443 -0.891435)
     C   22    Vzz=   -0.7753    axis=(  0.961367  0.168577  0.217614)
     C   22  Q=         1.0000 1e-30 m^2  Cq=        -1.8216 MHz  eta= 0.92059

     C   23    Vxx=    0.0921    axis=(  0.912684  0.408290  0.017544)
     C   23    Vyy=    0.5492    axis=( -0.036031  0.123159 -0.991733)
     C   23    Vzz=   -0.6413    axis=( -0.407076  0.904506  0.127117)
     C   23  Q=         1.0000 1e-30 m^2  Cq=        -1.5068 MHz  eta= 0.71281

     Cl  24    Vxx=    0.6091    axis=(  0.776682  0.628963  0.034216)
     Cl  24    Vyy=    2.2698    axis=(  0.161853 -0.146780 -0.975838)
     Cl  24    Vzz=   -2.8790    axis=( -0.608744  0.763453 -0.215801)
     Cl  24  Q=        -8.1650 1e-30 m^2  Cq=        55.2313 MHz  eta= 0.57686

     Initialization:
     gipaw_setup  :      8.94s CPU     10.63s WALL (       1 calls)

     Linear response

     Apply operators

     Induced current

     Other routines
     efg          :      9.49s CPU     12.17s WALL (       1 calls)

     General routines
     calbec       :      3.30s CPU      4.72s WALL (      16 calls)
     fft          :      1.84s CPU      3.54s WALL (      15 calls)
     ffts         :      0.04s CPU      0.05s WALL (       2 calls)
     fftw         :      3.33s CPU      4.10s WALL (     672 calls)
     davcio       :      0.04s CPU      0.32s WALL (      32 calls)

     Parallel routines
     fft_scatter  :      2.66s CPU      4.94s WALL (     689 calls)

     Plugins

     GIPAW        :     62.44s CPU     74.45s WALL (       1 calls)
