
     Program QE v.6.0 (svn rev. 13079) starts on 22Dec2016 at 13:23:44 

     This program is part of the open-source Quantum ESPRESSO suite
     for quantum simulation of materials; please cite
         "P. Giannozzi et al., J. Phys.:Condens. Matter 21 395502 (2009);
          URL http://www.quantum-espresso.org", 
     in publications or presentations arising from this work. More details at
     http://www.quantum-espresso.org/quote

     Parallel version (MPI), running on     8 processors
     R & G space division:  proc/nbgrp/npool/nimage =       8

     ***** This is GIPAW svn revision unknown      *****

     Parallelizing q-star over 1 images

     Reading data from directory:
     /users/majewski/paradichlorobenzene/pbe/9_constraint/scratch/pbe.ecut100.np8.dt60.pcl2phi-129368.save
     Message from routine read_xml_file:
     file /users/majewski/paradichlorobenzene/pbe/9_constraint/scratch/pbe.ecut100.np8.dt60.pcl2phi-129368.save not guaranteed to be safe for post-processing

   Info: using nr1, nr2, nr3 values from input

   Info: using nr1, nr2, nr3 values from input

     IMPORTANT: XC functional enforced from input :
     Exchange-correlation      =  SLA  PW   PBX  PBC ( 1  4  3  4 0 0)
     Any further DFT definition will be discarded
     Please, verify this is what you really want

               file C.pbe-n-kjpaw_psl.1.0.0.UPF: wavefunction(s)  2S 2P renormalized
               file Cl.pbe-n-kjpaw_psl.1.0.0.UPF: wavefunction(s)  3S 3P renormalized
               file H.pbe-kjpaw_psl.1.0.0.UPF: wavefunction(s)  1S renormalized

     Parallelization info
     --------------------
     sticks:   dense  smooth     PW     G-vecs:    dense   smooth      PW
     Min        3057    1223    332               144436    36536    5170
     Max        3059    1225    333               144437    36537    5171
     Sum       24467    9791   2657              1155489   292295   41363


     Subspace diagonalization in iterative solution of the eigenvalue problem:
     a serial algorithm will be used

     GIPAW projectors -----------------------------------------------
     atom=  C    l=0  rc=    1.2000  rs=    0.8000
     atom=  C    l=0  rc=    1.2000  rs=    0.8000
     atom=  C    l=1  rc=    1.4000  rs=    0.9333
     atom=  C    l=1  rc=    1.4000  rs=    0.9333
     projs nearly linearly dependent: l=1  n1,n2= 1, 2  s=  0.99951561

     atom=  Cl   l=0  rc=    1.6000  rs=    1.0667
     atom=  Cl   l=0  rc=    1.6000  rs=    1.0667
     atom=  Cl   l=1  rc=    1.6000  rs=    1.0667
     atom=  Cl   l=1  rc=    1.6000  rs=    1.0667
     atom=  Cl   l=2  rc=    1.6000  rs=    1.0667
     atom=  Cl   l=2  rc=    1.6000  rs=    1.0667
     projs nearly linearly dependent: l=2  n1,n2= 1, 2  s=  0.99993509

     atom=  H    l=0  rc=    1.0000  rs=    0.6667
     atom=  H    l=0  rc=    1.0000  rs=    0.6667
     projs nearly linearly dependent: l=0  n1,n2= 1, 2  s=  0.99968852
     -----------------------------------------------------------------

     GIPAW integrals: -------------------------------------------
     Atom  i/j   nmr_para   nmr_dia   epr_rmc  epr_para   epr_dia
       C   1 1   0.83E+03  0.17E-01  0.93E+01  0.24E+08  0.24E+03
       C   2 1   0.86E+03 -0.61E-01  0.94E+01  0.25E+08  0.25E+03
       C   2 2   0.90E+03 -0.15E+00  0.97E+01  0.26E+08  0.26E+03
       C   3 3   0.33E+01  0.34E+00  0.18E+01  0.55E+03  0.21E+02
       C   4 3   0.35E+01  0.37E+00  0.20E+01  0.59E+03  0.22E+02
       C   4 4   0.38E+01  0.39E+00  0.22E+01  0.63E+03  0.24E+02
       Cl  1 1   0.14E+04 -0.47E+00  0.84E+01  0.32E+09  0.42E+03
       Cl  2 1   0.21E+04 -0.37E+00  0.12E+02  0.49E+09  0.65E+03
       Cl  2 2   0.33E+04 -0.16E+00  0.21E+02  0.76E+09  0.10E+04
       Cl  3 3   0.21E+02  0.79E-01  0.89E+01  0.23E+05  0.13E+03
       Cl  4 3   0.24E+02  0.67E-01  0.99E+01  0.27E+05  0.15E+03
       Cl  4 4   0.28E+02  0.44E-01  0.11E+02  0.32E+05  0.18E+03
       Cl  5 5   0.77E+00  0.19E+00  0.18E+01  0.12E+03  0.22E+02
       Cl  6 5   0.80E+00  0.19E+00  0.19E+01  0.12E+03  0.23E+02
       Cl  6 6   0.83E+00  0.20E+00  0.19E+01  0.12E+03  0.23E+02
       H   1 1   0.39E+02  0.19E+00  0.29E+00  0.78E+05  0.13E+02
       H   2 1   0.41E+02  0.21E+00  0.32E+00  0.82E+05  0.14E+02
       H   2 2   0.43E+02  0.22E+00  0.36E+00  0.86E+05  0.15E+02
     ------------------------------------------------------------

     alpha_pv=     34.1650 eV

     Number of occupied bands for each k-point:
     k-point:     1    nbnd_occ=  42
     k-point:     2    nbnd_occ=  42
     k-point:     3    nbnd_occ=  42
     k-point:     4    nbnd_occ=  42
     k-point:     5    nbnd_occ=  42
     k-point:     6    nbnd_occ=  42
     k-point:     7    nbnd_occ=  42
     k-point:     8    nbnd_occ=  42
     k-point:     9    nbnd_occ=  42
     k-point:    10    nbnd_occ=  42
     k-point:    11    nbnd_occ=  42
     k-point:    12    nbnd_occ=  42
     k-point:    13    nbnd_occ=  42
     k-point:    14    nbnd_occ=  42
     k-point:    15    nbnd_occ=  42
     k-point:    16    nbnd_occ=  42


     q-space interpolation up to   110.00 Rydberg

     GIPAW job: efg                                                                             


     ELECTRIC FIELD GRADIENTS TENSORS IN Hartree/bohrradius^2:

     ----- bare term -----
     Cl   1       -0.098062        0.186463       -0.004703
     Cl   1        0.186463        0.030547       -0.002468
     Cl   1       -0.004703       -0.002468        0.067516

     C    2       -0.062028        0.109989       -0.152049
     C    2        0.109989       -0.004665       -0.552452
     C    2       -0.152049       -0.552452        0.066692

     C    3       -0.040384        0.057028        0.196601
     C    3        0.057028       -0.083775        0.170221
     C    3        0.196601        0.170221        0.124159

     H    4       -0.150356       -0.412897        0.036912
     H    4       -0.412897       -0.170068        0.177338
     H    4        0.036912        0.177338        0.320424

     C    5       -0.121752       -0.104927       -0.132124
     C    5       -0.104927       -0.057356        0.019785
     C    5       -0.132124        0.019785        0.179108

     H    6        0.409067       -0.195028        0.033398
     H    6       -0.195028       -0.627516        0.252109
     H    6        0.033398        0.252109        0.218449

     H    7        0.255752        0.066665        0.371194
     H    7        0.066665        0.076499        0.282799
     H    7        0.371194        0.282799       -0.332252

     C    8       -0.648421       -0.376524       -0.337067
     C    8       -0.376524        0.358320        0.318272
     C    8       -0.337067        0.318272        0.290101

     H    9        0.118694        0.099621       -0.316426
     H    9        0.099621        0.448794       -0.099068
     H    9       -0.316426       -0.099068       -0.567488

     C   10       -0.036673       -0.173218       -0.185010
     C   10       -0.173218       -0.068893        0.607867
     C   10       -0.185010        0.607867        0.105566

     C   11       -0.351574       -0.236279       -0.302635
     C   11       -0.236279       -0.018283        0.363434
     C   11       -0.302635        0.363434        0.369857

     Cl  12       -0.024377        0.052668       -0.035257
     Cl  12        0.052668        0.148670        0.037896
     Cl  12       -0.035257        0.037896       -0.124293

     H   13        0.428795        0.029744       -0.127489
     H   13        0.029744       -0.611047       -0.213047
     H   13       -0.127489       -0.213047        0.182252

     C   14       -0.430203        0.267289       -0.436838
     C   14        0.267289        0.075832       -0.376109
     C   14       -0.436838       -0.376109        0.354371

     H   15       -0.232408       -0.500027       -0.101815
     H   15       -0.500027       -0.097257        0.149878
     H   15       -0.101815        0.149878        0.329665

     C   16       -0.239342        0.298559       -0.267794
     C   16        0.298559       -0.202505       -0.496712
     C   16       -0.267794       -0.496712        0.441847

     C   17       -0.277129        0.235073       -0.235386
     C   17        0.235073       -0.159434       -0.508465
     C   17       -0.235386       -0.508465        0.436562

     Cl  18       -0.066634        0.013211       -0.083910
     Cl  18        0.013211       -0.049620       -0.075994
     Cl  18       -0.083910       -0.075994        0.116254

     H   19        0.299599       -0.142462        0.214799
     H   19       -0.142462       -0.219132        0.586327
     H   19        0.214799        0.586327       -0.080467

     C   20       -0.119720        0.166541       -0.494893
     C   20        0.166541       -0.131275        0.423818
     C   20       -0.494893        0.423818        0.250995

     H   21       -0.044434        0.124022       -0.356428
     H   21        0.124022        0.119699        0.517561
     H   21       -0.356428        0.517561       -0.075264

     C   22       -0.506963       -0.336915       -0.356071
     C   22       -0.336915        0.069927        0.105332
     C   22       -0.356071        0.105332        0.437036

     C   23        0.010415        0.234044       -0.387024
     C   23        0.234044       -0.189917        0.480323
     C   23       -0.387024        0.480323        0.179502

     Cl  24       -0.240997       -0.228945       -0.099467
     Cl  24       -0.228945       -0.077304       -0.094706
     Cl  24       -0.099467       -0.094706        0.318300

     ----- ionic term -----
     Cl   1        0.175410       -0.187899        0.059706
     Cl   1       -0.187899       -0.003961       -0.030416
     Cl   1        0.059706       -0.030416       -0.171449

     C    2        0.285672       -0.097900        0.234719
     C    2       -0.097900        0.217398        0.266834
     C    2        0.234719        0.266834       -0.503070

     C    3        0.270449       -0.208682        0.122389
     C    3       -0.208682        0.248196        0.308199
     C    3        0.122389        0.308199       -0.518645

     H    4        0.605374        0.470079        0.547350
     H    4        0.470079       -0.248273        0.293499
     H    4        0.547350        0.293499       -0.357101

     C    5        0.462613       -0.104022        0.123564
     C    5       -0.104022        0.087353        0.252306
     C    5        0.123564        0.252306       -0.549966

     H    6       -0.492868        0.112958        0.036729
     H    6        0.112958        0.830632        0.563784
     H    6        0.036729        0.563784       -0.337763

     H    7       -0.496684        0.194280       -0.139901
     H    7        0.194280        0.368056       -0.768110
     H    7       -0.139901       -0.768110        0.128628

     C    8        0.153633        0.276720        0.281212
     C    8        0.276720       -0.043179       -0.309853
     C    8        0.281212       -0.309853       -0.110454

     H    9        0.202397       -0.291858        0.753600
     H    9       -0.291858       -0.414781       -0.358103
     H    9        0.753600       -0.358103        0.212384

     C   10        0.024200        0.277082        0.197085
     C   10        0.277082        0.054345       -0.437774
     C   10        0.197085       -0.437774       -0.078545

     C   11        0.132697        0.252884        0.257490
     C   11        0.252884        0.016552       -0.441818
     C   11        0.257490       -0.441818       -0.149249

     Cl  12        0.134230        0.246986        0.013287
     Cl  12        0.246986        0.024871        0.007658
     Cl  12        0.013287        0.007658       -0.159101

     H   13       -0.532942        0.094195        0.032567
     H   13        0.094195        1.001719        0.385773
     H   13        0.032567        0.385773       -0.468777

     C   14        0.354950       -0.062774        0.146719
     C   14       -0.062774        0.138254        0.246375
     C   14        0.146719        0.246375       -0.493203

     H   15        0.593366        0.627455        0.353053
     H   15        0.627455       -0.120795        0.238050
     H   15        0.353053        0.238050       -0.472571

     C   16        0.225144       -0.102258        0.051021
     C   16       -0.102258        0.249433        0.324170
     C   16        0.051021        0.324170       -0.474577

     C   17        0.350771       -0.091379        0.043779
     C   17       -0.091379        0.149657        0.343299
     C   17        0.043779        0.343299       -0.500428

     Cl  18        0.181801       -0.212497       -0.056973
     Cl  18       -0.212497       -0.044719        0.031574
     Cl  18       -0.056973        0.031574       -0.137082

     H   19       -0.515283       -0.002946        0.019506
     H   19       -0.002946        0.545665       -0.762653
     H   19        0.019506       -0.762653       -0.030382

     C   20        0.288534        0.238258        0.285816
     C   20        0.238258       -0.020525       -0.321353
     C   20        0.285816       -0.321353       -0.268009

     H   21        0.491007       -0.334963        0.719508
     H   21       -0.334963       -0.405846       -0.303504
     H   21        0.719508       -0.303504       -0.085162

     C   22        0.124122        0.259905        0.204963
     C   22        0.259905        0.184926       -0.442621
     C   22        0.204963       -0.442621       -0.309048

     C   23        0.013368        0.224737        0.342968
     C   23        0.224737        0.158892       -0.432726
     C   23        0.342968       -0.432726       -0.172260

     Cl  24        0.115910        0.214629        0.047232
     Cl  24        0.214629        0.029791        0.022554
     Cl  24        0.047232        0.022554       -0.145701

     ----- GIPAW term -----
     Cl   1        0.202581        0.986278       -0.041956
     Cl   1        0.986278        2.042831        0.104857
     Cl   1       -0.041956        0.104857       -2.245412

     C    2       -0.025498        0.042545       -0.078707
     C    2        0.042545        0.070869       -0.174847
     C    2       -0.078707       -0.174847       -0.045371

     C    3        0.010355       -0.014415        0.025257
     C    3       -0.014415        0.004540        0.033416
     C    3        0.025257        0.033416       -0.014895

     H    4       -0.000000        0.000000        0.000000
     H    4        0.000000        0.000000        0.000000
     H    4        0.000000        0.000000        0.000000

     C    5       -0.020026       -0.013672        0.001686
     C    5       -0.013672       -0.008296       -0.025539
     C    5        0.001686       -0.025539        0.028322

     H    6       -0.000000        0.000000        0.000000
     H    6        0.000000        0.000000        0.000000
     H    6        0.000000        0.000000        0.000000

     H    7       -0.000000        0.000000        0.000000
     H    7        0.000000        0.000000        0.000000
     H    7        0.000000        0.000000        0.000000

     C    8       -0.185068       -0.120602       -0.070599
     C    8       -0.120602        0.209912        0.158421
     C    8       -0.070599        0.158421       -0.024844

     H    9       -0.000000        0.000000        0.000000
     H    9        0.000000        0.000000        0.000000
     H    9        0.000000        0.000000        0.000000

     C   10       -0.118893       -0.038162       -0.049578
     C   10       -0.038162        0.126173        0.225955
     C   10       -0.049578        0.225955       -0.007280

     C   11        0.010458        0.149765       -0.055599
     C   11        0.149765        0.061969        0.038136
     C   11       -0.055599        0.038136       -0.072427

     Cl  12        0.806837        2.315957       -0.203862
     Cl  12        2.315957        1.530672        0.392484
     Cl  12       -0.203862        0.392484       -2.337509

     H   13       -0.000000        0.000000        0.000000
     H   13        0.000000        0.000000        0.000000
     H   13        0.000000        0.000000        0.000000

     C   14       -0.039369        0.097641       -0.100982
     C   14        0.097641        0.015580       -0.094875
     C   14       -0.100982       -0.094875        0.023788

     H   15       -0.000000        0.000000        0.000000
     H   15        0.000000        0.000000        0.000000
     H   15        0.000000        0.000000        0.000000

     C   16       -0.069415        0.049698       -0.078716
     C   16        0.049698       -0.015104       -0.098836
     C   16       -0.078716       -0.098836        0.084519

     C   17       -0.042724       -0.106672        0.008165
     C   17       -0.106672        0.002991       -0.181176
     C   17        0.008165       -0.181176        0.039734

     Cl  18        0.831374       -2.019188       -0.780771
     Cl  18       -2.019188       -0.404781       -0.621889
     Cl  18       -0.780771       -0.621889       -0.426594

     H   19       -0.000000        0.000000        0.000000
     H   19        0.000000        0.000000        0.000000
     H   19        0.000000        0.000000        0.000000

     C   20        0.046665        0.164506       -0.169767
     C   20        0.164506       -0.046741        0.008149
     C   20       -0.169767        0.008149        0.000076

     H   21       -0.000000        0.000000        0.000000
     H   21        0.000000        0.000000        0.000000
     H   21        0.000000        0.000000        0.000000

     C   22       -0.114995        0.087540       -0.144470
     C   22        0.087540        0.096873       -0.125389
     C   22       -0.144470       -0.125389        0.018122

     C   23       -0.039064        0.203110       -0.093931
     C   23        0.203110        0.097624       -0.114479
     C   23       -0.093931       -0.114479       -0.058561

     Cl  24       -0.656201        1.334977       -1.245077
     Cl  24        1.334977       -0.809385       -1.427503
     Cl  24       -1.245077       -1.427503        1.465585

     ----- total EFG -----
     Cl   1        0.279929        0.984842        0.013047
     Cl   1        0.984842        2.069417        0.071973
     Cl   1        0.013047        0.071973       -2.349346

     C    2        0.198146        0.054634        0.003963
     C    2        0.054634        0.283603       -0.460465
     C    2        0.003963       -0.460465       -0.481749

     C    3        0.240420       -0.166070        0.344248
     C    3       -0.166070        0.168961        0.511836
     C    3        0.344248        0.511836       -0.409381

     H    4        0.455018        0.057183        0.584262
     H    4        0.057183       -0.418341        0.470837
     H    4        0.584262        0.470837       -0.036677

     C    5        0.320836       -0.222621       -0.006875
     C    5       -0.222621        0.021701        0.246553
     C    5       -0.006875        0.246553       -0.342537

     H    6       -0.083802       -0.082070        0.070127
     H    6       -0.082070        0.203116        0.815892
     H    6        0.070127        0.815892       -0.119315

     H    7       -0.240931        0.260945        0.231293
     H    7        0.260945        0.444555       -0.485311
     H    7        0.231293       -0.485311       -0.203624

     C    8       -0.679856       -0.220406       -0.126455
     C    8       -0.220406        0.525053        0.166840
     C    8       -0.126455        0.166840        0.154803

     H    9        0.321091       -0.192237        0.437174
     H    9       -0.192237        0.034013       -0.457171
     H    9        0.437174       -0.457171       -0.355104

     C   10       -0.131365        0.065702       -0.037504
     C   10        0.065702        0.111625        0.396048
     C   10       -0.037504        0.396048        0.019741

     C   11       -0.208419        0.166370       -0.100745
     C   11        0.166370        0.060238       -0.040248
     C   11       -0.100745       -0.040248        0.148181

     Cl  12        0.916690        2.615612       -0.225831
     Cl  12        2.615612        1.704213        0.438038
     Cl  12       -0.225831        0.438038       -2.620903

     H   13       -0.104147        0.123939       -0.094922
     H   13        0.123939        0.390672        0.172725
     H   13       -0.094922        0.172725       -0.286525

     C   14       -0.114622        0.302156       -0.391102
     C   14        0.302156        0.229666       -0.224609
     C   14       -0.391102       -0.224609       -0.115044

     H   15        0.360958        0.127428        0.251238
     H   15        0.127428       -0.218052        0.387928
     H   15        0.251238        0.387928       -0.142906

     C   16       -0.083613        0.245998       -0.295489
     C   16        0.245998        0.031824       -0.271379
     C   16       -0.295489       -0.271379        0.051789

     C   17        0.030918        0.037022       -0.183442
     C   17        0.037022       -0.006785       -0.346342
     C   17       -0.183442       -0.346342       -0.024132

     Cl  18        0.946542       -2.218474       -0.921654
     Cl  18       -2.218474       -0.499119       -0.666309
     Cl  18       -0.921654       -0.666309       -0.447422

     H   19       -0.215684       -0.145409        0.234305
     H   19       -0.145409        0.326533       -0.176326
     H   19        0.234305       -0.176326       -0.110849

     C   20        0.215480        0.569305       -0.378844
     C   20        0.569305       -0.198542        0.110614
     C   20       -0.378844        0.110614       -0.016938

     H   21        0.446573       -0.210941        0.363080
     H   21       -0.210941       -0.286147        0.214057
     H   21        0.363080        0.214057       -0.160426

     C   22       -0.497836        0.010530       -0.295578
     C   22        0.010530        0.351726       -0.462678
     C   22       -0.295578       -0.462678        0.146111

     C   23       -0.015281        0.661891       -0.137988
     C   23        0.661891        0.066599       -0.066882
     C   23       -0.137988       -0.066882       -0.051318

     Cl  24       -0.781287        1.320661       -1.297312
     Cl  24        1.320661       -0.856897       -1.499655
     Cl  24       -1.297312       -1.499655        1.638184

     ----- total EFG (symmetrized) -----
     Cl   1        0.279929        0.984842        0.013047
     Cl   1        0.984842        2.069417        0.071973
     Cl   1        0.013047        0.071973       -2.349346

     C    2        0.198146        0.054634        0.003963
     C    2        0.054634        0.283603       -0.460465
     C    2        0.003963       -0.460465       -0.481749

     C    3        0.240420       -0.166070        0.344248
     C    3       -0.166070        0.168961        0.511836
     C    3        0.344248        0.511836       -0.409381

     H    4        0.455018        0.057183        0.584262
     H    4        0.057183       -0.418341        0.470837
     H    4        0.584262        0.470837       -0.036677

     C    5        0.320836       -0.222621       -0.006875
     C    5       -0.222621        0.021701        0.246553
     C    5       -0.006875        0.246553       -0.342537

     H    6       -0.083802       -0.082070        0.070127
     H    6       -0.082070        0.203116        0.815892
     H    6        0.070127        0.815892       -0.119315

     H    7       -0.240931        0.260945        0.231293
     H    7        0.260945        0.444555       -0.485311
     H    7        0.231293       -0.485311       -0.203624

     C    8       -0.679856       -0.220406       -0.126455
     C    8       -0.220406        0.525053        0.166840
     C    8       -0.126455        0.166840        0.154803

     H    9        0.321091       -0.192237        0.437174
     H    9       -0.192237        0.034013       -0.457171
     H    9        0.437174       -0.457171       -0.355104

     C   10       -0.131365        0.065702       -0.037504
     C   10        0.065702        0.111625        0.396048
     C   10       -0.037504        0.396048        0.019741

     C   11       -0.208419        0.166370       -0.100745
     C   11        0.166370        0.060238       -0.040248
     C   11       -0.100745       -0.040248        0.148181

     Cl  12        0.916690        2.615612       -0.225831
     Cl  12        2.615612        1.704213        0.438038
     Cl  12       -0.225831        0.438038       -2.620903

     H   13       -0.104147        0.123939       -0.094922
     H   13        0.123939        0.390672        0.172725
     H   13       -0.094922        0.172725       -0.286525

     C   14       -0.114622        0.302156       -0.391102
     C   14        0.302156        0.229666       -0.224609
     C   14       -0.391102       -0.224609       -0.115044

     H   15        0.360958        0.127428        0.251238
     H   15        0.127428       -0.218052        0.387928
     H   15        0.251238        0.387928       -0.142906

     C   16       -0.083613        0.245998       -0.295489
     C   16        0.245998        0.031824       -0.271379
     C   16       -0.295489       -0.271379        0.051789

     C   17        0.030918        0.037022       -0.183442
     C   17        0.037022       -0.006785       -0.346342
     C   17       -0.183442       -0.346342       -0.024132

     Cl  18        0.946542       -2.218474       -0.921654
     Cl  18       -2.218474       -0.499119       -0.666309
     Cl  18       -0.921654       -0.666309       -0.447422

     H   19       -0.215684       -0.145409        0.234305
     H   19       -0.145409        0.326533       -0.176326
     H   19        0.234305       -0.176326       -0.110849

     C   20        0.215480        0.569305       -0.378844
     C   20        0.569305       -0.198542        0.110614
     C   20       -0.378844        0.110614       -0.016938

     H   21        0.446573       -0.210941        0.363080
     H   21       -0.210941       -0.286147        0.214057
     H   21        0.363080        0.214057       -0.160426

     C   22       -0.497836        0.010530       -0.295578
     C   22        0.010530        0.351726       -0.462678
     C   22       -0.295578       -0.462678        0.146111

     C   23       -0.015281        0.661891       -0.137988
     C   23        0.661891        0.066599       -0.066882
     C   23       -0.137988       -0.066882       -0.051318

     Cl  24       -0.781287        1.320661       -1.297312
     Cl  24        1.320661       -0.856897       -1.499655
     Cl  24       -1.297312       -1.499655        1.638184


     NQR/NMR SPECTROSCOPIC PARAMETERS:
     Cl   1    Vxx=   -0.1558    axis=(  0.914507 -0.404494 -0.007833)
     Cl   1    Vyy=   -2.3505    axis=( -0.001240  0.016558 -0.999862)
     Cl   1    Vzz=    2.5063    axis=(  0.404568  0.914391  0.014641)
     Cl   1  Q=        -8.1650 1e-30 m^2  Cq=       -48.0823 MHz  eta= 0.87568

     C    2    Vxx=    0.1915    axis=(  0.987752 -0.126024  0.092001)
     C    2    Vyy=    0.5071    axis=(  0.153136  0.896068 -0.416667)
     C    2    Vzz=   -0.6986    axis=( -0.029930  0.425652  0.904392)
     C    2  Q=         1.0000 1e-30 m^2  Cq=        -1.6414 MHz  eta= 0.45163

     C    3    Vxx=    0.3666    axis=(  0.907499 -0.395399  0.141795)
     C    3    Vyy=    0.4757    axis=(  0.257145  0.789854  0.556783)
     C    3    Vzz=   -0.8423    axis=( -0.332148 -0.468818  0.818466)
     C    3  Q=         1.0000 1e-30 m^2  Cq=        -1.9790 MHz  eta= 0.12957

     H    4    Vxx=   -0.1078    axis=(  0.580628 -0.645498 -0.496189)
     H    4    Vyy=   -0.8117    axis=(  0.261252  0.724929 -0.637358)
     H    4    Vzz=    0.9195    axis=( -0.771115 -0.240438 -0.589552)
     H    4  Q=         1.0000 1e-30 m^2  Cq=         2.1606 MHz  eta= 0.76543

     C    5    Vxx=    0.0189    axis=(  0.530430  0.704952  0.470837)
     C    5    Vyy=    0.4601    axis=(  0.838161 -0.519325 -0.166696)
     C    5    Vzz=   -0.4790    axis=( -0.127004 -0.483058  0.866329)
     C    5  Q=         1.0000 1e-30 m^2  Cq=        -1.1255 MHz  eta= 0.92123

     H    6    Vxx=   -0.0685    axis=(  0.989121 -0.077221  0.125204)
     H    6    Vyy=   -0.8054    axis=(  0.145756  0.629369 -0.763315)
     H    6    Vzz=    0.8739    axis=( -0.019855  0.773260  0.633778)
     H    6  Q=         1.0000 1e-30 m^2  Cq=         2.0534 MHz  eta= 0.84320

     H    7    Vxx=   -0.0199    axis=( -0.797493 -0.159837 -0.581771)
     H    7    Vyy=   -0.7010    axis=(  0.587453 -0.425466 -0.688388)
     H    7    Vzz=    0.7209    axis=( -0.137493 -0.890747  0.433203)
     H    7  Q=         1.0000 1e-30 m^2  Cq=         1.6937 MHz  eta= 0.94478

     C    8    Vxx=    0.0924    axis=( -0.043334 -0.378606  0.924543)
     C    8    Vyy=    0.6371    axis=(  0.187652 -0.912026 -0.364685)
     C    8    Vzz=   -0.7295    axis=(  0.981279  0.157689  0.110568)
     C    8  Q=         1.0000 1e-30 m^2  Cq=        -1.7141 MHz  eta= 0.74666

     H    9    Vxx=   -0.0226    axis=(  0.643192  0.744675 -0.178221)
     H    9    Vyy=   -0.7316    axis=(  0.274237 -0.441347 -0.854405)
     H    9    Vzz=    0.7542    axis=( -0.714911  0.500671 -0.488088)
     H    9  Q=         1.0000 1e-30 m^2  Cq=         1.7720 MHz  eta= 0.94003

     C   10    Vxx=   -0.1094    axis=(  0.951486  0.173051 -0.254417)
     C   10    Vyy=   -0.3560    axis=( -0.304972  0.640102 -0.705167)
     C   10    Vzz=    0.4654    axis=( -0.040823 -0.748547 -0.661824)
     C   10  Q=         1.0000 1e-30 m^2  Cq=         1.0934 MHz  eta= 0.52989

     C   11    Vxx=    0.0709    axis=(  0.203672  0.734149  0.647721)
     C   11    Vyy=    0.2295    axis=( -0.380115 -0.550392  0.743358)
     C   11    Vzz=   -0.3004    axis=(  0.902236 -0.397609  0.166962)
     C   11  Q=         1.0000 1e-30 m^2  Cq=        -0.7058 MHz  eta= 0.52804

     Cl  12    Vxx=   -1.1895    axis=( -0.729377  0.613453  0.302793)
     Cl  12    Vyy=   -2.7713    axis=(  0.212571 -0.217471  0.952638)
     Cl  12    Vzz=    3.9607    axis=( -0.650248 -0.759198 -0.028216)
     Cl  12  Q=        -8.1650 1e-30 m^2  Cq=       -75.9850 MHz  eta= 0.39938

     H   13    Vxx=   -0.0672    axis=(  0.892714 -0.073967 -0.444512)
     H   13    Vyy=   -0.3831    axis=( -0.412882  0.260926 -0.872609)
     H   13    Vzz=    0.4502    axis=(  0.180529  0.962521  0.202393)
     H   13  Q=         1.0000 1e-30 m^2  Cq=         1.0579 MHz  eta= 0.70171

     C   14    Vxx=   -0.1162    axis=(  0.412774 -0.721582 -0.555821)
     C   14    Vyy=   -0.5112    axis=(  0.735128 -0.096369  0.671044)
     C   14    Vzz=    0.6274    axis=(  0.537777  0.685589 -0.490676)
     C   14  Q=         1.0000 1e-30 m^2  Cq=         1.4742 MHz  eta= 0.62963

     H   15    Vxx=    0.0065    axis=(  0.596290 -0.594144 -0.539843)
     H   15    Vyy=    0.5703    axis=( -0.797939 -0.365013 -0.479645)
     H   15    Vzz=   -0.5768    axis=( -0.087928 -0.716770  0.691744)
     H   15  Q=         1.0000 1e-30 m^2  Cq=        -1.3553 MHz  eta= 0.97734

     C   16    Vxx=   -0.2239    axis=(  0.202900 -0.797758 -0.567814)
     C   16    Vyy=   -0.3230    axis=(  0.829645 -0.167953  0.532430)
     C   16    Vzz=    0.5469    axis=(  0.520116  0.579114 -0.627778)
     C   16  Q=         1.0000 1e-30 m^2  Cq=         1.2851 MHz  eta= 0.18127

     C   17    Vxx=   -0.0081    axis=(  0.878176 -0.469391  0.092083)
     C   17    Vyy=   -0.3906    axis=(  0.261692  0.632594  0.728933)
     C   17    Vzz=    0.3987    axis=( -0.400405 -0.616034  0.678364)
     C   17  Q=         1.0000 1e-30 m^2  Cq=         0.9367 MHz  eta= 0.95934

     Cl  18    Vxx=    0.0447    axis=( -0.160091 -0.433505  0.886817)
     Cl  18    Vyy=    2.6018    axis=( -0.819430  0.559278  0.125467)
     Cl  18    Vzz=   -2.6465    axis=( -0.550368 -0.706598 -0.444763)
     Cl  18  Q=        -8.1650 1e-30 m^2  Cq=        50.7715 MHz  eta= 0.96624

     H   19    Vxx=   -0.0587    axis=(  0.533934  0.510145  0.674290)
     H   19    Vyy=   -0.4034    axis=(  0.782033  0.005241 -0.623215)
     H   19    Vzz=    0.4621    axis=(  0.321464 -0.860073  0.396152)
     H   19  Q=         1.0000 1e-30 m^2  Cq=         1.0857 MHz  eta= 0.74587

     C   20    Vxx=    0.0300    axis=(  0.054033  0.540926  0.839332)
     C   20    Vyy=    0.7077    axis=( -0.811109 -0.466476  0.352847)
     C   20    Vzz=   -0.7377    axis=(  0.582393 -0.699856  0.413545)
     C   20  Q=         1.0000 1e-30 m^2  Cq=        -1.7332 MHz  eta= 0.91877

     H   21    Vxx=   -0.0323    axis=(  0.188988 -0.720101 -0.667636)
     H   21    Vyy=   -0.5961    axis=( -0.359504 -0.683424  0.635365)
     H   21    Vzz=    0.6284    axis=( -0.913805  0.119942 -0.388039)
     H   21  Q=         1.0000 1e-30 m^2  Cq=         1.4766 MHz  eta= 0.89713

     C   22    Vxx=   -0.1093    axis=( -0.456531  0.635420  0.622753)
     C   22    Vyy=   -0.6447    axis=( -0.875430 -0.195925 -0.441854)
     C   22    Vzz=    0.7540    axis=( -0.158750 -0.746897  0.645712)
     C   22  Q=         1.0000 1e-30 m^2  Cq=         1.7715 MHz  eta= 0.71008

     C   23    Vxx=   -0.0729    axis=(  0.056902  0.199003  0.978346)
     C   23    Vyy=   -0.6427    axis=(  0.732272 -0.674412  0.094590)
     C   23    Vzz=    0.7156    axis=(  0.678631  0.711032 -0.184100)
     C   23  Q=         1.0000 1e-30 m^2  Cq=         1.6815 MHz  eta= 0.79613

     Cl  24    Vxx=   -0.9763    axis=(  0.633185  0.492795  0.596850)
     Cl  24    Vyy=   -2.1529    axis=( -0.654758  0.752255  0.073513)
     Cl  24    Vzz=    3.1293    axis=( -0.412756 -0.437340  0.798978)
     Cl  24  Q=        -8.1650 1e-30 m^2  Cq=       -60.0332 MHz  eta= 0.37601

     Initialization:
     gipaw_setup  :      9.08s CPU     10.97s WALL (       1 calls)

     Linear response

     Apply operators

     Induced current

     Other routines
     efg          :      9.16s CPU     11.60s WALL (       1 calls)

     General routines
     calbec       :      3.24s CPU      4.30s WALL (      16 calls)
     fft          :      1.55s CPU      2.24s WALL (      15 calls)
     ffts         :      0.04s CPU      0.05s WALL (       2 calls)
     fftw         :      3.16s CPU      4.02s WALL (     672 calls)
     davcio       :      0.03s CPU      0.33s WALL (      32 calls)

     Parallel routines
     fft_scatter  :      2.22s CPU      3.50s WALL (     689 calls)

     Plugins

     GIPAW        :     61.21s CPU     74.64s WALL (       1 calls)
