
     Program QE v.6.0 (svn rev. 13079) starts on 18Jan2017 at  3:13:12 

     This program is part of the open-source Quantum ESPRESSO suite
     for quantum simulation of materials; please cite
         "P. Giannozzi et al., J. Phys.:Condens. Matter 21 395502 (2009);
          URL http://www.quantum-espresso.org", 
     in publications or presentations arising from this work. More details at
     http://www.quantum-espresso.org/quote

     Parallel version (MPI), running on     8 processors
     R & G space division:  proc/nbgrp/npool/nimage =       8

     ***** This is GIPAW svn revision unknown      *****

     Parallelizing q-star over 1 images

     Reading data from directory:
     /users/majewski/paradichlorobenzene/pbe/9_constraint/scratch/pbe.ecut100.np8.dt60.pcl2phi-129368.save
     Message from routine read_xml_file:
     file /users/majewski/paradichlorobenzene/pbe/9_constraint/scratch/pbe.ecut100.np8.dt60.pcl2phi-129368.save not guaranteed to be safe for post-processing

   Info: using nr1, nr2, nr3 values from input

   Info: using nr1, nr2, nr3 values from input

     IMPORTANT: XC functional enforced from input :
     Exchange-correlation      =  SLA  PW   PBX  PBC ( 1  4  3  4 0 0)
     Any further DFT definition will be discarded
     Please, verify this is what you really want

               file C.pbe-n-kjpaw_psl.1.0.0.UPF: wavefunction(s)  2S 2P renormalized
               file Cl.pbe-n-kjpaw_psl.1.0.0.UPF: wavefunction(s)  3S 3P renormalized
               file H.pbe-kjpaw_psl.1.0.0.UPF: wavefunction(s)  1S renormalized

     Parallelization info
     --------------------
     sticks:   dense  smooth     PW     G-vecs:    dense   smooth      PW
     Min        3057    1223    332               144436    36536    5170
     Max        3059    1225    333               144437    36537    5171
     Sum       24467    9791   2657              1155489   292295   41363


     Subspace diagonalization in iterative solution of the eigenvalue problem:
     a serial algorithm will be used

     GIPAW projectors -----------------------------------------------
     atom=  C    l=0  rc=    1.2000  rs=    0.8000
     atom=  C    l=0  rc=    1.2000  rs=    0.8000
     atom=  C    l=1  rc=    1.4000  rs=    0.9333
     atom=  C    l=1  rc=    1.4000  rs=    0.9333
     projs nearly linearly dependent: l=1  n1,n2= 1, 2  s=  0.99951561

     atom=  Cl   l=0  rc=    1.6000  rs=    1.0667
     atom=  Cl   l=0  rc=    1.6000  rs=    1.0667
     atom=  Cl   l=1  rc=    1.6000  rs=    1.0667
     atom=  Cl   l=1  rc=    1.6000  rs=    1.0667
     atom=  Cl   l=2  rc=    1.6000  rs=    1.0667
     atom=  Cl   l=2  rc=    1.6000  rs=    1.0667
     projs nearly linearly dependent: l=2  n1,n2= 1, 2  s=  0.99993509

     atom=  H    l=0  rc=    1.0000  rs=    0.6667
     atom=  H    l=0  rc=    1.0000  rs=    0.6667
     projs nearly linearly dependent: l=0  n1,n2= 1, 2  s=  0.99968852
     -----------------------------------------------------------------

     GIPAW integrals: -------------------------------------------
     Atom  i/j   nmr_para   nmr_dia   epr_rmc  epr_para   epr_dia
       C   1 1   0.83E+03  0.17E-01  0.93E+01  0.24E+08  0.24E+03
       C   2 1   0.86E+03 -0.61E-01  0.94E+01  0.25E+08  0.25E+03
       C   2 2   0.90E+03 -0.15E+00  0.97E+01  0.26E+08  0.26E+03
       C   3 3   0.33E+01  0.34E+00  0.18E+01  0.55E+03  0.21E+02
       C   4 3   0.35E+01  0.37E+00  0.20E+01  0.59E+03  0.22E+02
       C   4 4   0.38E+01  0.39E+00  0.22E+01  0.63E+03  0.24E+02
       Cl  1 1   0.14E+04 -0.47E+00  0.84E+01  0.32E+09  0.42E+03
       Cl  2 1   0.21E+04 -0.37E+00  0.12E+02  0.49E+09  0.65E+03
       Cl  2 2   0.33E+04 -0.16E+00  0.21E+02  0.76E+09  0.10E+04
       Cl  3 3   0.21E+02  0.79E-01  0.89E+01  0.23E+05  0.13E+03
       Cl  4 3   0.24E+02  0.67E-01  0.99E+01  0.27E+05  0.15E+03
       Cl  4 4   0.28E+02  0.44E-01  0.11E+02  0.32E+05  0.18E+03
       Cl  5 5   0.77E+00  0.19E+00  0.18E+01  0.12E+03  0.22E+02
       Cl  6 5   0.80E+00  0.19E+00  0.19E+01  0.12E+03  0.23E+02
       Cl  6 6   0.83E+00  0.20E+00  0.19E+01  0.12E+03  0.23E+02
       H   1 1   0.39E+02  0.19E+00  0.29E+00  0.78E+05  0.13E+02
       H   2 1   0.41E+02  0.21E+00  0.32E+00  0.82E+05  0.14E+02
       H   2 2   0.43E+02  0.22E+00  0.36E+00  0.86E+05  0.15E+02
     ------------------------------------------------------------

     alpha_pv=     33.9983 eV

     Number of occupied bands for each k-point:
     k-point:     1    nbnd_occ=  42
     k-point:     2    nbnd_occ=  42
     k-point:     3    nbnd_occ=  42
     k-point:     4    nbnd_occ=  42
     k-point:     5    nbnd_occ=  42
     k-point:     6    nbnd_occ=  42
     k-point:     7    nbnd_occ=  42
     k-point:     8    nbnd_occ=  42
     k-point:     9    nbnd_occ=  42
     k-point:    10    nbnd_occ=  42
     k-point:    11    nbnd_occ=  42
     k-point:    12    nbnd_occ=  42
     k-point:    13    nbnd_occ=  42
     k-point:    14    nbnd_occ=  42
     k-point:    15    nbnd_occ=  42
     k-point:    16    nbnd_occ=  42


     q-space interpolation up to   110.00 Rydberg

     GIPAW job: efg                                                                             


     ELECTRIC FIELD GRADIENTS TENSORS IN Hartree/bohrradius^2:

     ----- bare term -----
     Cl   1       -0.178984        0.246218       -0.021335
     Cl   1        0.246218       -0.034476        0.018611
     Cl   1       -0.021335        0.018611        0.213459

     C    2        0.026927       -0.099517       -0.272481
     C    2       -0.099517       -0.300511       -0.404758
     C    2       -0.272481       -0.404758        0.273584

     C    3       -0.297588        0.399626       -0.287408
     C    3        0.399626        0.055889       -0.006541
     C    3       -0.287408       -0.006541        0.241699

     H    4        0.110939       -0.071833       -0.218776
     H    4       -0.071833        0.466903       -0.233120
     H    4       -0.218776       -0.233120       -0.577842

     C    5       -0.053051       -0.205803       -0.370006
     C    5       -0.205803       -0.160065       -0.331512
     C    5       -0.370006       -0.331512        0.213116

     H    6        0.101505        0.197898        0.317459
     H    6        0.197898       -0.032802       -0.467645
     H    6        0.317459       -0.467645       -0.068703

     H    7        0.365316        0.053300       -0.049138
     H    7        0.053300       -0.497326        0.515392
     H    7       -0.049138        0.515392        0.132010

     C    8       -0.505958       -0.312981       -0.362844
     C    8       -0.312981        0.093661        0.375155
     C    8       -0.362844        0.375155        0.412297

     H    9       -0.226205       -0.008446       -0.559444
     H    9       -0.008446        0.172054       -0.040778
     H    9       -0.559444       -0.040778        0.054150

     C   10       -0.128345       -0.340292       -0.248068
     C   10       -0.340292       -0.205626        0.592830
     C   10       -0.248068        0.592830        0.333972

     C   11       -0.087313       -0.104499       -0.397308
     C   11       -0.104499       -0.137156        0.337344
     C   11       -0.397308        0.337344        0.224469

     Cl  12       -0.043492       -0.064425       -0.014694
     Cl  12       -0.064425       -0.018503       -0.013853
     Cl  12       -0.014694       -0.013853        0.061994

     H   13        0.074470       -0.059992        0.248216
     H   13       -0.059992       -0.127618       -0.486237
     H   13        0.248216       -0.486237        0.053148

     C   14       -0.598521        0.400701       -0.475139
     C   14        0.400701        0.400376       -0.144569
     C   14       -0.475139       -0.144569        0.198144

     H   15        0.015651       -0.087741       -0.456636
     H   15       -0.087741        0.234974        0.211807
     H   15       -0.456636        0.211807       -0.250624

     C   16        0.019997        0.444148       -0.149508
     C   16        0.444148       -0.173202       -0.619969
     C   16       -0.149508       -0.619969        0.153205

     C   17       -0.416320        0.270892       -0.268881
     C   17        0.270892        0.049622       -0.354600
     C   17       -0.268881       -0.354600        0.366698

     Cl  18       -0.036698       -0.033796        0.048503
     Cl  18       -0.033796       -0.069611        0.042833
     Cl  18        0.048503        0.042833        0.106309

     H   19        0.459886        0.198118        0.032678
     H   19        0.198118       -0.708343       -0.178219
     H   19        0.032678       -0.178219        0.248457

     C   20       -0.194232       -0.262250       -0.255856
     C   20       -0.262250       -0.141339        0.375467
     C   20       -0.255856        0.375467        0.335572

     H   21       -0.258791        0.279924       -0.496782
     H   21        0.279924        0.210815        0.314179
     H   21       -0.496782        0.314179        0.047975

     C   22       -0.413953       -0.366141       -0.302098
     C   22       -0.366141        0.037310        0.427960
     C   22       -0.302098        0.427960        0.376643

     C   23       -0.087450       -0.081135       -0.297786
     C   23       -0.081135       -0.121940        0.590344
     C   23       -0.297786        0.590344        0.209390

     Cl  24       -0.075141       -0.009468       -0.031458
     Cl  24       -0.009468       -0.057773        0.008188
     Cl  24       -0.031458        0.008188        0.132914

     ----- ionic term -----
     Cl   1        0.128434       -0.217009        0.060623
     Cl   1       -0.217009        0.003990       -0.029622
     Cl   1        0.060623       -0.029622       -0.132423

     C    2        0.074062       -0.259370        0.369623
     C    2       -0.259370       -0.020006        0.436357
     C    2        0.369623        0.436357       -0.054056

     C    3        0.091901       -0.349017        0.200422
     C    3       -0.349017        0.054621        0.393171
     C    3        0.200422        0.393171       -0.146522

     H    4        0.423324        0.185504        0.816350
     H    4        0.185504       -0.505934        0.233079
     H    4        0.816350        0.233079        0.082610

     C    5        0.138736       -0.292966        0.261809
     C    5       -0.292966        0.019355        0.284099
     C    5        0.261809        0.284099       -0.158091

     H    6       -0.528435       -0.138012       -0.081226
     H    6       -0.138012        0.613596        0.725059
     H    6       -0.081226        0.725059       -0.085161

     H    7       -0.516465       -0.110450        0.053594
     H    7       -0.110450        0.785966       -0.596444
     H    7        0.053594       -0.596444       -0.269501

     C    8        0.251357        0.198915        0.289291
     C    8        0.198915        0.137839       -0.260944
     C    8        0.289291       -0.260944       -0.389197

     H    9        0.642697       -0.226922        0.721997
     H    9       -0.226922       -0.437283       -0.199516
     H    9        0.721997       -0.199516       -0.205414

     C   10        0.146122        0.217049        0.237832
     C   10        0.217049        0.306316       -0.309148
     C   10        0.237832       -0.309148       -0.452438

     C   11        0.094392        0.125884        0.296805
     C   11        0.125884        0.295190       -0.361929
     C   11        0.296805       -0.361929       -0.389581

     Cl  12        0.116073        0.210000        0.016274
     Cl  12        0.210000        0.034700       -0.002997
     Cl  12        0.016274       -0.002997       -0.150773

     H   13       -0.525508       -0.078697       -0.019039
     H   13       -0.078697        0.591519        0.742256
     H   13       -0.019039        0.742256       -0.066011

     C   14        0.195265       -0.225231        0.372559
     C   14       -0.225231       -0.073443        0.319134
     C   14        0.372559        0.319134       -0.121822

     H   15        0.421662        0.186186        0.769814
     H   15        0.186186       -0.475451        0.251088
     H   15        0.769814        0.251088        0.053789

     C   16        0.143193       -0.345295        0.200470
     C   16       -0.345295        0.051834        0.371948
     C   16        0.200470        0.371948       -0.195027

     C   17        0.105317       -0.277557        0.303674
     C   17       -0.277557       -0.000590        0.377970
     C   17        0.303674        0.377970       -0.104727

     Cl  18        0.166344       -0.208781        0.060581
     Cl  18       -0.208781       -0.045160       -0.028612
     Cl  18        0.060581       -0.028612       -0.121184

     H   19       -0.496710       -0.000338        0.023615
     H   19       -0.000338        0.863279       -0.514789
     H   19        0.023615       -0.514789       -0.366569

     C   20        0.210205        0.247915        0.323512
     C   20        0.247915        0.183947       -0.211371
     C   20        0.323512       -0.211371       -0.394152

     H   21        0.382671       -0.233768        0.796267
     H   21       -0.233768       -0.475173       -0.251150
     H   21        0.796267       -0.251150        0.092501

     C   22        0.073923        0.266105        0.286261
     C   22        0.266105        0.247869       -0.313899
     C   22        0.286261       -0.313899       -0.321792

     C   23        0.143817        0.152301        0.314973
     C   23        0.152301        0.196797       -0.342661
     C   23        0.314973       -0.342661       -0.340613

     Cl  24        0.100235        0.198215        0.031552
     Cl  24        0.198215        0.054989        0.023992
     Cl  24        0.031552        0.023992       -0.155225

     ----- GIPAW term -----
     Cl   1       -1.076355       -0.929593       -0.640231
     Cl   1       -0.929593       -0.902672        1.455453
     Cl   1       -0.640231        1.455453        1.979027

     C    2       -0.074604       -0.123665       -0.039540
     C    2       -0.123665        0.056724        0.175805
     C    2       -0.039540        0.175805        0.017880

     C    3       -0.021155       -0.022569       -0.133675
     C    3       -0.022569       -0.030198        0.079904
     C    3       -0.133675        0.079904        0.051353

     H    4       -0.000000        0.000000        0.000000
     H    4        0.000000        0.000000        0.000000
     H    4        0.000000        0.000000        0.000000

     C    5        0.012469       -0.117657       -0.161621
     C    5       -0.117657       -0.098747        0.047611
     C    5       -0.161621        0.047611        0.086277

     H    6       -0.000000        0.000000        0.000000
     H    6        0.000000        0.000000        0.000000
     H    6        0.000000        0.000000        0.000000

     H    7       -0.000000        0.000000        0.000000
     H    7        0.000000        0.000000        0.000000
     H    7        0.000000        0.000000        0.000000

     C    8       -0.107478       -0.075826       -0.066199
     C    8       -0.075826        0.057096        0.108139
     C    8       -0.066199        0.108139        0.050382

     H    9       -0.000000        0.000000        0.000000
     H    9        0.000000        0.000000        0.000000
     H    9        0.000000        0.000000        0.000000

     C   10       -0.070738       -0.092580       -0.087657
     C   10       -0.092580        0.023326        0.173224
     C   10       -0.087657        0.173224        0.047412

     C   11       -0.020577       -0.018447       -0.138302
     C   11       -0.018447       -0.036744        0.138575
     C   11       -0.138302        0.138575        0.057320

     Cl  12        0.325017       -0.388136       -1.264729
     Cl  12       -0.388136        0.696835        1.671067
     Cl  12       -1.264729        1.671067       -1.021852

     H   13       -0.000000        0.000000        0.000000
     H   13        0.000000        0.000000        0.000000
     H   13        0.000000        0.000000        0.000000

     C   14       -0.048779        0.228480       -0.051400
     C   14        0.228480        0.164919        0.011006
     C   14       -0.051400        0.011006       -0.116140

     H   15       -0.000000        0.000000        0.000000
     H   15        0.000000        0.000000        0.000000
     H   15        0.000000        0.000000        0.000000

     C   16       -0.041449        0.182774       -0.064431
     C   16        0.182774        0.114525       -0.171491
     C   16       -0.064431       -0.171491       -0.073076

     C   17       -0.030662       -0.162171       -0.027158
     C   17       -0.162171        0.126696       -0.062554
     C   17       -0.027158       -0.062554       -0.096034

     Cl  18        0.910059       -2.070167        1.719110
     Cl  18       -2.070167       -1.266260       -0.110287
     Cl  18        1.719110       -0.110287        0.356202

     H   19       -0.000000        0.000000        0.000000
     H   19        0.000000        0.000000        0.000000
     H   19        0.000000        0.000000        0.000000

     C   20       -0.043602       -0.132235       -0.115687
     C   20       -0.132235        0.004514        0.193374
     C   20       -0.115687        0.193374        0.039088

     H   21       -0.000000        0.000000        0.000000
     H   21        0.000000        0.000000        0.000000
     H   21        0.000000        0.000000        0.000000

     C   22       -0.136189       -0.120542       -0.102516
     C   22       -0.120542        0.125201        0.128961
     C   22       -0.102516        0.128961        0.010988

     C   23        0.051700        0.073419       -0.057849
     C   23        0.073419        0.044465        0.106350
     C   23       -0.057849        0.106350       -0.096165

     Cl  24        0.831662        2.223895       -0.195603
     Cl  24        2.223895       -0.336344        0.093496
     Cl  24       -0.195603        0.093496       -0.495319

     ----- total EFG -----
     Cl   1       -1.126905       -0.900384       -0.600943
     Cl   1       -0.900384       -0.933158        1.444442
     Cl   1       -0.600943        1.444442        2.060063

     C    2        0.026386       -0.482551        0.057602
     C    2       -0.482551       -0.263793        0.207404
     C    2        0.057602        0.207404        0.237408

     C    3       -0.226842        0.028040       -0.220661
     C    3        0.028040        0.080311        0.466535
     C    3       -0.220661        0.466535        0.146531

     H    4        0.534263        0.113671        0.597574
     H    4        0.113671       -0.039031       -0.000042
     H    4        0.597574       -0.000042       -0.495232

     C    5        0.098154       -0.616426       -0.269817
     C    5       -0.616426       -0.239457        0.000198
     C    5       -0.269817        0.000198        0.141303

     H    6       -0.426930        0.059886        0.236234
     H    6        0.059886        0.580795        0.257414
     H    6        0.236234        0.257414       -0.153865

     H    7       -0.151150       -0.057150        0.004456
     H    7       -0.057150        0.288641       -0.081051
     H    7        0.004456       -0.081051       -0.137491

     C    8       -0.362079       -0.189892       -0.139751
     C    8       -0.189892        0.288596        0.222351
     C    8       -0.139751        0.222351        0.073483

     H    9        0.416492       -0.235368        0.162553
     H    9       -0.235368       -0.265229       -0.240294
     H    9        0.162553       -0.240294       -0.151264

     C   10       -0.052961       -0.215823       -0.097892
     C   10       -0.215823        0.124015        0.456907
     C   10       -0.097892        0.456907       -0.071055

     C   11       -0.013498        0.002938       -0.238805
     C   11        0.002938        0.121290        0.113990
     C   11       -0.238805        0.113990       -0.107792

     Cl  12        0.397598       -0.242560       -1.263149
     Cl  12       -0.242560        0.713032        1.654217
     Cl  12       -1.263149        1.654217       -1.110631

     H   13       -0.451038       -0.138689        0.229177
     H   13       -0.138689        0.463902        0.256020
     H   13        0.229177        0.256020       -0.012863

     C   14       -0.452035        0.403950       -0.153980
     C   14        0.403950        0.491852        0.185570
     C   14       -0.153980        0.185570       -0.039817

     H   15        0.437312        0.098446        0.313177
     H   15        0.098446       -0.240477        0.462895
     H   15        0.313177        0.462895       -0.196835

     C   16        0.121740        0.281627       -0.013469
     C   16        0.281627       -0.006843       -0.419512
     C   16       -0.013469       -0.419512       -0.114898

     C   17       -0.341665       -0.168835        0.007636
     C   17       -0.168835        0.175728       -0.039184
     C   17        0.007636       -0.039184        0.165937

     Cl  18        1.039704       -2.312745        1.828193
     Cl  18       -2.312745       -1.381031       -0.096066
     Cl  18        1.828193       -0.096066        0.341327

     H   19       -0.036824        0.197780        0.056293
     H   19        0.197780        0.154936       -0.693008
     H   19        0.056293       -0.693008       -0.118112

     C   20       -0.027630       -0.146571       -0.048032
     C   20       -0.146571        0.047121        0.357471
     C   20       -0.048032        0.357471       -0.019492

     H   21        0.123881        0.046155        0.299486
     H   21        0.046155       -0.264357        0.063029
     H   21        0.299486        0.063029        0.140477

     C   22       -0.476218       -0.220578       -0.118353
     C   22       -0.220578        0.410379        0.243022
     C   22       -0.118353        0.243022        0.065839

     C   23        0.108067        0.144585       -0.040662
     C   23        0.144585        0.119321        0.354034
     C   23       -0.040662        0.354034       -0.227388

     Cl  24        0.856757        2.412641       -0.195509
     Cl  24        2.412641       -0.339127        0.125675
     Cl  24       -0.195509        0.125675       -0.517630

     ----- total EFG (symmetrized) -----
     Cl   1       -1.126905       -0.900384       -0.600943
     Cl   1       -0.900384       -0.933158        1.444442
     Cl   1       -0.600943        1.444442        2.060063

     C    2        0.026386       -0.482551        0.057602
     C    2       -0.482551       -0.263793        0.207404
     C    2        0.057602        0.207404        0.237408

     C    3       -0.226842        0.028040       -0.220661
     C    3        0.028040        0.080311        0.466535
     C    3       -0.220661        0.466535        0.146531

     H    4        0.534263        0.113671        0.597574
     H    4        0.113671       -0.039031       -0.000042
     H    4        0.597574       -0.000042       -0.495232

     C    5        0.098154       -0.616426       -0.269817
     C    5       -0.616426       -0.239457        0.000198
     C    5       -0.269817        0.000198        0.141303

     H    6       -0.426930        0.059886        0.236234
     H    6        0.059886        0.580795        0.257414
     H    6        0.236234        0.257414       -0.153865

     H    7       -0.151150       -0.057150        0.004456
     H    7       -0.057150        0.288641       -0.081051
     H    7        0.004456       -0.081051       -0.137491

     C    8       -0.362079       -0.189892       -0.139751
     C    8       -0.189892        0.288596        0.222351
     C    8       -0.139751        0.222351        0.073483

     H    9        0.416492       -0.235368        0.162553
     H    9       -0.235368       -0.265229       -0.240294
     H    9        0.162553       -0.240294       -0.151264

     C   10       -0.052961       -0.215823       -0.097892
     C   10       -0.215823        0.124015        0.456907
     C   10       -0.097892        0.456907       -0.071055

     C   11       -0.013498        0.002938       -0.238805
     C   11        0.002938        0.121290        0.113990
     C   11       -0.238805        0.113990       -0.107792

     Cl  12        0.397598       -0.242560       -1.263149
     Cl  12       -0.242560        0.713032        1.654217
     Cl  12       -1.263149        1.654217       -1.110631

     H   13       -0.451038       -0.138689        0.229177
     H   13       -0.138689        0.463902        0.256020
     H   13        0.229177        0.256020       -0.012863

     C   14       -0.452035        0.403950       -0.153980
     C   14        0.403950        0.491852        0.185570
     C   14       -0.153980        0.185570       -0.039817

     H   15        0.437312        0.098446        0.313177
     H   15        0.098446       -0.240477        0.462895
     H   15        0.313177        0.462895       -0.196835

     C   16        0.121740        0.281627       -0.013469
     C   16        0.281627       -0.006843       -0.419512
     C   16       -0.013469       -0.419512       -0.114898

     C   17       -0.341665       -0.168835        0.007636
     C   17       -0.168835        0.175728       -0.039184
     C   17        0.007636       -0.039184        0.165937

     Cl  18        1.039704       -2.312745        1.828193
     Cl  18       -2.312745       -1.381031       -0.096066
     Cl  18        1.828193       -0.096066        0.341327

     H   19       -0.036824        0.197780        0.056293
     H   19        0.197780        0.154936       -0.693008
     H   19        0.056293       -0.693008       -0.118112

     C   20       -0.027630       -0.146571       -0.048032
     C   20       -0.146571        0.047121        0.357471
     C   20       -0.048032        0.357471       -0.019492

     H   21        0.123881        0.046155        0.299486
     H   21        0.046155       -0.264357        0.063029
     H   21        0.299486        0.063029        0.140477

     C   22       -0.476218       -0.220578       -0.118353
     C   22       -0.220578        0.410379        0.243022
     C   22       -0.118353        0.243022        0.065839

     C   23        0.108067        0.144585       -0.040662
     C   23        0.144585        0.119321        0.354034
     C   23       -0.040662        0.354034       -0.227388

     Cl  24        0.856757        2.412641       -0.195509
     Cl  24        2.412641       -0.339127        0.125675
     Cl  24       -0.195509        0.125675       -0.517630


     NQR/NMR SPECTROSCOPIC PARAMETERS:
     Cl   1    Vxx=   -0.8221    axis=( -0.737625  0.529395 -0.419106)
     Cl   1    Vyy=   -2.0269    axis=(  0.636999  0.751449 -0.171920)
     Cl   1    Vzz=    2.8490    axis=( -0.223924  0.393783  0.891512)
     Cl   1  Q=        -8.1650 1e-30 m^2  Cq=       -54.6569 MHz  eta= 0.42286

     C    2    Vxx=    0.2420    axis=(  0.493853 -0.117876  0.861519)
     C    2    Vyy=    0.4254    axis=(  0.657202 -0.598160 -0.458574)
     C    2    Vzz=   -0.6674    axis=(  0.569381  0.792660 -0.217935)
     C    2  Q=         1.0000 1e-30 m^2  Cq=        -1.5682 MHz  eta= 0.27470

     C    3    Vxx=   -0.1270    axis=(  0.789167  0.542285 -0.288344)
     C    3    Vyy=   -0.4794    axis=( -0.588866  0.534680 -0.606097)
     C    3    Vzz=    0.6064    axis=( -0.174505  0.648108  0.741285)
     C    3  Q=         1.0000 1e-30 m^2  Cq=         1.4247 MHz  eta= 0.58128

     H    4    Vxx=   -0.0484    axis=( -0.081460  0.990695 -0.109027)
     H    4    Vyy=   -0.7723    axis=( -0.419726  0.065119  0.905312)
     H    4    Vzz=    0.8207    axis=(  0.903988  0.119508  0.410516)
     H    4  Q=         1.0000 1e-30 m^2  Cq=         1.9282 MHz  eta= 0.88211

     C    5    Vxx=    0.0807    axis=(  0.201762 -0.387932  0.899334)
     C    5    Vyy=    0.6606    axis=( -0.758235  0.519362  0.394136)
     C    5    Vzz=   -0.7413    axis=( -0.619978 -0.761428 -0.189356)
     C    5  Q=         1.0000 1e-30 m^2  Cq=        -1.7418 MHz  eta= 0.78232

     H    6    Vxx=   -0.1086    axis=(  0.518958 -0.338210  0.785046)
     H    6    Vyy=   -0.5690    axis=( -0.846292 -0.074032  0.527550)
     H    6    Vzz=    0.6776    axis=(  0.120305  0.938154  0.324644)
     H    6  Q=         1.0000 1e-30 m^2  Cq=         1.5920 MHz  eta= 0.67944

     H    7    Vxx=   -0.1487    axis=( -0.524483  0.088399  0.846819)
     H    7    Vyy=   -0.1619    axis=(  0.842552  0.197068  0.501269)
     H    7    Vzz=    0.3106    axis=( -0.122569  0.976396 -0.177840)
     H    7  Q=         1.0000 1e-30 m^2  Cq=         0.7297 MHz  eta= 0.04235

     C    8    Vxx=   -0.0652    axis=( -0.042762 -0.547966  0.835407)
     C    8    Vyy=   -0.4275    axis=(  0.963203  0.199472  0.180143)
     C    8    Vzz=    0.4928    axis=( -0.265353  0.812370  0.519272)
     C    8  Q=         1.0000 1e-30 m^2  Cq=         1.1578 MHz  eta= 0.73532

     H    9    Vxx=   -0.1006    axis=( -0.451297 -0.465786  0.761166)
     H    9    Vyy=   -0.4648    axis=(  0.113439  0.816104  0.566662)
     H    9    Vzz=    0.5654    axis=(  0.885134 -0.342079  0.315467)
     H    9  Q=         1.0000 1e-30 m^2  Cq=         1.3284 MHz  eta= 0.64415

     C   10    Vxx=   -0.1265    axis=(  0.923393  0.155263  0.351053)
     C   10    Vyy=   -0.4511    axis=( -0.171430 -0.651471  0.739052)
     C   10    Vzz=    0.5776    axis=( -0.343448  0.742617  0.574947)
     C   10  Q=         1.0000 1e-30 m^2  Cq=         1.3571 MHz  eta= 0.56208

     C   11    Vxx=    0.0893    axis=(  0.570171  0.786986 -0.235707)
     C   11    Vyy=    0.2334    axis=(  0.561394 -0.582720 -0.587601)
     C   11    Vzz=   -0.3227    axis=( -0.599785  0.202708 -0.774059)
     C   11  Q=         1.0000 1e-30 m^2  Cq=        -0.7582 MHz  eta= 0.44665

     Cl  12    Vxx=    0.2777    axis=(  0.808609  0.587245 -0.035989)
     Cl  12    Vyy=    2.1596    axis=(  0.480134 -0.694001 -0.536502)
     Cl  12    Vzz=   -2.4373    axis=( -0.340034  0.416541 -0.843131)
     Cl  12  Q=        -8.1650 1e-30 m^2  Cq=        46.7585 MHz  eta= 0.77216

     H   13    Vxx=    0.0235    axis=( -0.486192  0.319681 -0.813278)
     H   13    Vyy=    0.5767    axis=( -0.038473  0.921949  0.385396)
     H   13    Vzz=   -0.6002    axis=(  0.873004  0.218666 -0.435946)
     H   13  Q=         1.0000 1e-30 m^2  Cq=        -1.4103 MHz  eta= 0.92167

     C   14    Vxx=    0.0086    axis=( -0.360504 -0.056188  0.931064)
     C   14    Vyy=    0.6629    axis=( -0.313435 -0.932843 -0.177656)
     C   14    Vzz=   -0.6715    axis=(  0.878519 -0.355874  0.318682)
     C   14  Q=         1.0000 1e-30 m^2  Cq=        -1.5778 MHz  eta= 0.97437

     H   15    Vxx=    0.0409    axis=(  0.565495 -0.645923 -0.512834)
     H   15    Vyy=    0.6613    axis=( -0.813310 -0.333523 -0.476749)
     H   15    Vzz=   -0.7021    axis=( -0.136901 -0.686692  0.713942)
     H   15  Q=         1.0000 1e-30 m^2  Cq=        -1.6497 MHz  eta= 0.88363

     C   16    Vxx=    0.0337    axis=( -0.799192  0.223276 -0.558068)
     C   16    Vyy=    0.5015    axis=(  0.532174  0.694462 -0.484265)
     C   16    Vzz=   -0.5352    axis=( -0.279433  0.684010  0.673830)
     C   16  Q=         1.0000 1e-30 m^2  Cq=        -1.2574 MHz  eta= 0.87422

     C   17    Vxx=    0.1462    axis=( -0.133251  0.425503  0.895093)
     C   17    Vyy=    0.2457    axis=( -0.252618  0.858734 -0.445826)
     C   17    Vzz=   -0.3919    axis=( -0.958347 -0.285524 -0.006937)
     C   17  Q=         1.0000 1e-30 m^2  Cq=        -0.9208 MHz  eta= 0.25405

     Cl  18    Vxx=   -0.3054    axis=( -0.265856  0.497904  0.825477)
     Cl  18    Vyy=   -3.0383    axis=( -0.566219 -0.773673  0.284299)
     Cl  18    Vzz=    3.3437    axis=(  0.780203 -0.391818  0.487608)
     Cl  18  Q=        -8.1650 1e-30 m^2  Cq=       -64.1480 MHz  eta= 0.81732

     H   19    Vxx=   -0.0130    axis=(  0.958736  0.035095  0.282123)
     H   19    Vyy=   -0.7297    axis=( -0.240105  0.631324  0.737414)
     H   19    Vzz=    0.7428    axis=( -0.152232 -0.774725  0.613700)
     H   19  Q=         1.0000 1e-30 m^2  Cq=         1.7452 MHz  eta= 0.96494

     C   20    Vxx=   -0.0594    axis=(  0.930540  0.085236  0.356133)
     C   20    Vyy=   -0.3584    axis=( -0.203642 -0.687831  0.696720)
     C   20    Vzz=    0.4178    axis=( -0.304345  0.720849  0.622697)
     C   20  Q=         1.0000 1e-30 m^2  Cq=         0.9817 MHz  eta= 0.71547

     H   21    Vxx=   -0.1663    axis=(  0.722198 -0.100021 -0.684417)
     H   21    Vyy=   -0.2739    axis=( -0.003309  0.988979 -0.148021)
     H   21    Vzz=    0.4403    axis=(  0.691679  0.109165  0.713907)
     H   21  Q=         1.0000 1e-30 m^2  Cq=         1.0345 MHz  eta= 0.24443

     C   22    Vxx=   -0.0597    axis=( -0.007387 -0.461922  0.886890)
     C   22    Vyy=   -0.5348    axis=(  0.973720  0.198571  0.111532)
     C   22    Vzz=    0.5945    axis=( -0.227629  0.864406  0.448316)
     C   22  Q=         1.0000 1e-30 m^2  Cq=         1.3969 MHz  eta= 0.79899

     C   23    Vxx=    0.0901    axis=(  0.910555 -0.213059 -0.354253)
     C   23    Vyy=    0.3800    axis=(  0.365776  0.814518  0.450298)
     C   23    Vzz=   -0.4700    axis=(  0.192605 -0.539598  0.819596)
     C   23  Q=         1.0000 1e-30 m^2  Cq=        -1.1044 MHz  eta= 0.61681

     Cl  24    Vxx=   -0.4917    axis=( -0.058825  0.113251  0.991824)
     Cl  24    Vyy=   -2.2546    axis=( -0.612859  0.780173 -0.125432)
     Cl  24    Vzz=    2.7462    axis=( -0.787999 -0.615227  0.023513)
     Cl  24  Q=        -8.1650 1e-30 m^2  Cq=       -52.6854 MHz  eta= 0.64192

     Initialization:
     gipaw_setup  :      9.32s CPU     11.59s WALL (       1 calls)

     Linear response

     Apply operators

     Induced current

     Other routines
     efg          :      9.11s CPU     11.35s WALL (       1 calls)

     General routines
     calbec       :      3.18s CPU      4.04s WALL (      16 calls)
     fft          :      2.00s CPU      3.49s WALL (      15 calls)
     ffts         :      0.03s CPU      0.05s WALL (       2 calls)
     fftw         :      3.19s CPU      3.95s WALL (     672 calls)
     davcio       :      0.02s CPU      0.31s WALL (      32 calls)

     Parallel routines
     fft_scatter  :      2.64s CPU      4.71s WALL (     689 calls)

     Plugins

     GIPAW        :     60.52s CPU     73.73s WALL (       1 calls)
