
     Program QE v.6.0 (svn rev. 13079) starts on 21Dec2016 at 14: 2:40 

     This program is part of the open-source Quantum ESPRESSO suite
     for quantum simulation of materials; please cite
         "P. Giannozzi et al., J. Phys.:Condens. Matter 21 395502 (2009);
          URL http://www.quantum-espresso.org", 
     in publications or presentations arising from this work. More details at
     http://www.quantum-espresso.org/quote

     Parallel version (MPI), running on     8 processors
     R & G space division:  proc/nbgrp/npool/nimage =       8

     ***** This is GIPAW svn revision unknown      *****

     Parallelizing q-star over 1 images

     Reading data from directory:
     /users/majewski/paradichlorobenzene/pbe/9_constraint/scratch/pbe.ecut100.np8.dt60.pcl2phi-129368.save
     Message from routine read_xml_file:
     file /users/majewski/paradichlorobenzene/pbe/9_constraint/scratch/pbe.ecut100.np8.dt60.pcl2phi-129368.save not guaranteed to be safe for post-processing

   Info: using nr1, nr2, nr3 values from input

   Info: using nr1, nr2, nr3 values from input

     IMPORTANT: XC functional enforced from input :
     Exchange-correlation      =  SLA  PW   PBX  PBC ( 1  4  3  4 0 0)
     Any further DFT definition will be discarded
     Please, verify this is what you really want

               file C.pbe-n-kjpaw_psl.1.0.0.UPF: wavefunction(s)  2S 2P renormalized
               file Cl.pbe-n-kjpaw_psl.1.0.0.UPF: wavefunction(s)  3S 3P renormalized
               file H.pbe-kjpaw_psl.1.0.0.UPF: wavefunction(s)  1S renormalized

     Parallelization info
     --------------------
     sticks:   dense  smooth     PW     G-vecs:    dense   smooth      PW
     Min        3057    1223    332               144436    36536    5170
     Max        3059    1225    333               144437    36537    5171
     Sum       24467    9791   2657              1155489   292295   41363


     Subspace diagonalization in iterative solution of the eigenvalue problem:
     a serial algorithm will be used

     GIPAW projectors -----------------------------------------------
     atom=  C    l=0  rc=    1.2000  rs=    0.8000
     atom=  C    l=0  rc=    1.2000  rs=    0.8000
     atom=  C    l=1  rc=    1.4000  rs=    0.9333
     atom=  C    l=1  rc=    1.4000  rs=    0.9333
     projs nearly linearly dependent: l=1  n1,n2= 1, 2  s=  0.99951561

     atom=  Cl   l=0  rc=    1.6000  rs=    1.0667
     atom=  Cl   l=0  rc=    1.6000  rs=    1.0667
     atom=  Cl   l=1  rc=    1.6000  rs=    1.0667
     atom=  Cl   l=1  rc=    1.6000  rs=    1.0667
     atom=  Cl   l=2  rc=    1.6000  rs=    1.0667
     atom=  Cl   l=2  rc=    1.6000  rs=    1.0667
     projs nearly linearly dependent: l=2  n1,n2= 1, 2  s=  0.99993509

     atom=  H    l=0  rc=    1.0000  rs=    0.6667
     atom=  H    l=0  rc=    1.0000  rs=    0.6667
     projs nearly linearly dependent: l=0  n1,n2= 1, 2  s=  0.99968852
     -----------------------------------------------------------------

     GIPAW integrals: -------------------------------------------
     Atom  i/j   nmr_para   nmr_dia   epr_rmc  epr_para   epr_dia
       C   1 1   0.83E+03  0.17E-01  0.93E+01  0.24E+08  0.24E+03
       C   2 1   0.86E+03 -0.61E-01  0.94E+01  0.25E+08  0.25E+03
       C   2 2   0.90E+03 -0.15E+00  0.97E+01  0.26E+08  0.26E+03
       C   3 3   0.33E+01  0.34E+00  0.18E+01  0.55E+03  0.21E+02
       C   4 3   0.35E+01  0.37E+00  0.20E+01  0.59E+03  0.22E+02
       C   4 4   0.38E+01  0.39E+00  0.22E+01  0.63E+03  0.24E+02
       Cl  1 1   0.14E+04 -0.47E+00  0.84E+01  0.32E+09  0.42E+03
       Cl  2 1   0.21E+04 -0.37E+00  0.12E+02  0.49E+09  0.65E+03
       Cl  2 2   0.33E+04 -0.16E+00  0.21E+02  0.76E+09  0.10E+04
       Cl  3 3   0.21E+02  0.79E-01  0.89E+01  0.23E+05  0.13E+03
       Cl  4 3   0.24E+02  0.67E-01  0.99E+01  0.27E+05  0.15E+03
       Cl  4 4   0.28E+02  0.44E-01  0.11E+02  0.32E+05  0.18E+03
       Cl  5 5   0.77E+00  0.19E+00  0.18E+01  0.12E+03  0.22E+02
       Cl  6 5   0.80E+00  0.19E+00  0.19E+01  0.12E+03  0.23E+02
       Cl  6 6   0.83E+00  0.20E+00  0.19E+01  0.12E+03  0.23E+02
       H   1 1   0.39E+02  0.19E+00  0.29E+00  0.78E+05  0.13E+02
       H   2 1   0.41E+02  0.21E+00  0.32E+00  0.82E+05  0.14E+02
       H   2 2   0.43E+02  0.22E+00  0.36E+00  0.86E+05  0.15E+02
     ------------------------------------------------------------

     alpha_pv=     33.7768 eV

     Number of occupied bands for each k-point:
     k-point:     1    nbnd_occ=  42
     k-point:     2    nbnd_occ=  42
     k-point:     3    nbnd_occ=  42
     k-point:     4    nbnd_occ=  42
     k-point:     5    nbnd_occ=  42
     k-point:     6    nbnd_occ=  42
     k-point:     7    nbnd_occ=  42
     k-point:     8    nbnd_occ=  42
     k-point:     9    nbnd_occ=  42
     k-point:    10    nbnd_occ=  42
     k-point:    11    nbnd_occ=  42
     k-point:    12    nbnd_occ=  42
     k-point:    13    nbnd_occ=  42
     k-point:    14    nbnd_occ=  42
     k-point:    15    nbnd_occ=  42
     k-point:    16    nbnd_occ=  42


     q-space interpolation up to   110.00 Rydberg

     GIPAW job: efg                                                                             


     ELECTRIC FIELD GRADIENTS TENSORS IN Hartree/bohrradius^2:

     ----- bare term -----
     Cl   1       -0.174618        0.188142        0.004629
     Cl   1        0.188142        0.142366        0.079058
     Cl   1        0.004629        0.079058        0.032252

     C    2       -0.010868       -0.182575       -0.378038
     C    2       -0.182575       -0.150292       -0.519927
     C    2       -0.378038       -0.519927        0.161160

     C    3       -0.367508        0.358289       -0.400116
     C    3        0.358289       -0.113988       -0.116414
     C    3       -0.400116       -0.116414        0.481496

     H    4        0.097116       -0.106775       -0.287201
     H    4       -0.106775        0.510337       -0.117212
     H    4       -0.287201       -0.117212       -0.607453

     C    5       -0.152732        0.050990       -0.303224
     C    5        0.050990       -0.327829       -0.292549
     C    5       -0.303224       -0.292549        0.480561

     H    6        0.411021        0.058442        0.200898
     H    6        0.058442       -0.055578       -0.563418
     H    6        0.200898       -0.563418       -0.355443

     H    7        0.418958       -0.009585       -0.180702
     H    7       -0.009585       -0.343257        0.460643
     H    7       -0.180702        0.460643       -0.075701

     C    8       -0.702390       -0.329675       -0.319997
     C    8       -0.329675        0.303957        0.220800
     C    8       -0.319997        0.220800        0.398434

     H    9       -0.414133       -0.090615       -0.506734
     H    9       -0.090615        0.205945        0.066403
     H    9       -0.506734        0.066403        0.208188

     C   10        0.003474        0.101523       -0.352882
     C   10        0.101523       -0.226824        0.560725
     C   10       -0.352882        0.560725        0.223350

     C   11       -0.605994       -0.302978       -0.350557
     C   11       -0.302978        0.222894        0.182606
     C   11       -0.350557        0.182606        0.383099

     Cl  12        0.025962       -0.042414       -0.084003
     Cl  12       -0.042414       -0.019687        0.024421
     Cl  12       -0.084003        0.024421       -0.006275

     H   13        0.420653        0.106820       -0.303227
     H   13        0.106820       -0.179019       -0.309596
     H   13       -0.303227       -0.309596       -0.241634

     C   14       -0.820456        0.358299       -0.312882
     C   14        0.358299        0.470762       -0.190243
     C   14       -0.312882       -0.190243        0.349694

     H   15        0.076495        0.032040       -0.466631
     H   15        0.032040        0.043332        0.254114
     H   15       -0.466631        0.254114       -0.119827

     C   16        0.134945        0.186591       -0.104622
     C   16        0.186591       -0.113149       -0.594777
     C   16       -0.104622       -0.594777       -0.021796

     C   17       -0.660494        0.409868       -0.399046
     C   17        0.409868        0.365797       -0.096576
     C   17       -0.399046       -0.096576        0.294698

     Cl  18        0.052751        0.045207       -0.015058
     Cl  18        0.045207       -0.042218        0.011432
     Cl  18       -0.015058        0.011432       -0.010533

     H   19        0.473772        0.100504       -0.016637
     H   19        0.100504       -0.786308       -0.085433
     H   19       -0.016637       -0.085433        0.312536

     C   20       -0.223095        0.008233       -0.300657
     C   20        0.008233        0.061234        0.552464
     C   20       -0.300657        0.552464        0.161861

     H   21       -0.390136        0.458444       -0.221097
     H   21        0.458444        0.104113        0.010221
     H   21       -0.221097        0.010221        0.286023

     C   22       -0.531332       -0.348940       -0.135186
     C   22       -0.348940        0.125227        0.417450
     C   22       -0.135186        0.417450        0.406105

     C   23       -0.080317        0.094636       -0.350347
     C   23        0.094636       -0.081889        0.619139
     C   23       -0.350347        0.619139        0.162206

     Cl  24       -0.233803       -0.239524       -0.028097
     Cl  24       -0.239524        0.181352        0.122373
     Cl  24       -0.028097        0.122373        0.052451

     ----- ionic term -----
     Cl   1        0.134388       -0.182643       -0.001036
     Cl   1       -0.182643       -0.006578        0.001365
     Cl   1       -0.001036        0.001365       -0.127810

     C    2        0.172326       -0.231683        0.273652
     C    2       -0.231683       -0.037076        0.417971
     C    2        0.273652        0.417971       -0.135249

     C    3        0.091892       -0.370740        0.205683
     C    3       -0.370740        0.064454        0.404418
     C    3        0.205683        0.404418       -0.156347

     H    4        0.409159        0.147396        0.822902
     H    4        0.147396       -0.543266        0.201585
     H    4        0.822902        0.201585        0.134107

     C    5        0.200192       -0.343703        0.343764
     C    5       -0.343703       -0.018142        0.283133
     C    5        0.343764        0.283133       -0.182050

     H    6       -0.535261       -0.015652        0.036151
     H    6       -0.015652        0.570323        0.757001
     H    6        0.036151        0.757001       -0.035063

     H    7       -0.497380       -0.100696        0.071303
     H    7       -0.100696        0.519050       -0.750784
     H    7        0.071303       -0.750784       -0.021670

     C    8        0.341197        0.158910        0.258879
     C    8        0.158910       -0.024070       -0.314282
     C    8        0.258879       -0.314282       -0.317126

     H    9        0.510188       -0.251896        0.723132
     H    9       -0.251896       -0.430693       -0.234009
     H    9        0.723132       -0.234009       -0.079495

     C   10        0.173593        0.202973        0.185024
     C   10        0.202973        0.149743       -0.360557
     C   10        0.185024       -0.360557       -0.323335

     C   11        0.207520        0.106031        0.278814
     C   11        0.106031        0.152365       -0.320628
     C   11        0.278814       -0.320628       -0.359885

     Cl  12        0.103897        0.199998        0.049385
     Cl  12        0.199998        0.031329        0.025417
     Cl  12        0.049385        0.025417       -0.135225

     H   13       -0.504348        0.188316        0.158324
     H   13        0.188316        0.404313        0.783005
     H   13        0.158324        0.783005        0.100036

     C   14        0.196714       -0.196036        0.325617
     C   14       -0.196036        0.002638        0.311386
     C   14        0.325617        0.311386       -0.199352

     H   15        0.344088        0.152175        0.790987
     H   15        0.152175       -0.473206        0.214772
     H   15        0.790987        0.214772        0.129118

     C   16       -0.002869       -0.280712        0.230842
     C   16       -0.280712        0.175959        0.436554
     C   16        0.230842        0.436554       -0.173090

     C   17        0.049699       -0.260494        0.377444
     C   17       -0.260494        0.071187        0.410702
     C   17        0.377444        0.410702       -0.120886

     Cl  18        0.102846       -0.229942        0.018507
     Cl  18       -0.229942        0.043618       -0.007024
     Cl  18        0.018507       -0.007024       -0.146464

     H   19       -0.507191       -0.109061        0.053784
     H   19       -0.109061        0.906432       -0.502250
     H   19        0.053784       -0.502250       -0.399241

     C   20        0.321977        0.167162        0.225683
     C   20        0.167162        0.133041       -0.251020
     C   20        0.225683       -0.251020       -0.455018

     H   21        0.723633       -0.263274        0.612225
     H   21       -0.263274       -0.433205       -0.206212
     H   21        0.612225       -0.206212       -0.290428

     C   22        0.203617        0.254119        0.159717
     C   22        0.254119        0.203474       -0.335349
     C   22        0.159717       -0.335349       -0.407091

     C   23        0.304142        0.180666        0.248841
     C   23        0.180666        0.073556       -0.349243
     C   23        0.248841       -0.349243       -0.377698

     Cl  24        0.181153        0.197480       -0.004378
     Cl  24        0.197480       -0.022503       -0.014311
     Cl  24       -0.004378       -0.014311       -0.158650

     ----- GIPAW term -----
     Cl   1        0.218691       -1.140183        0.037407
     Cl   1       -1.140183        1.398813        0.746647
     Cl   1        0.037407        0.746647       -1.617504

     C    2        0.000807       -0.199675       -0.082783
     C    2       -0.199675        0.090290        0.040150
     C    2       -0.082783        0.040150       -0.091096

     C    3       -0.093988       -0.001474       -0.215495
     C    3       -0.001474       -0.102318        0.068733
     C    3       -0.215495        0.068733        0.196306

     H    4       -0.000000        0.000000        0.000000
     H    4        0.000000        0.000000        0.000000
     H    4        0.000000        0.000000        0.000000

     C    5       -0.088539       -0.036990       -0.119582
     C    5       -0.036990       -0.173537        0.055704
     C    5       -0.119582        0.055704        0.262076

     H    6       -0.000000        0.000000        0.000000
     H    6        0.000000        0.000000        0.000000
     H    6        0.000000        0.000000        0.000000

     H    7       -0.000000        0.000000        0.000000
     H    7        0.000000        0.000000        0.000000
     H    7        0.000000        0.000000        0.000000

     C    8       -0.181680        0.021573       -0.035857
     C    8        0.021573        0.220213        0.012440
     C    8       -0.035857        0.012440       -0.038532

     H    9       -0.000000        0.000000        0.000000
     H    9        0.000000        0.000000        0.000000
     H    9        0.000000        0.000000        0.000000

     C   10       -0.008987        0.168964       -0.120193
     C   10        0.168964        0.054313        0.017087
     C   10       -0.120193        0.017087       -0.045326

     C   11       -0.117333        0.128912       -0.074217
     C   11        0.128912        0.210561       -0.066419
     C   11       -0.074217       -0.066419       -0.093228

     Cl  12       -0.199537        1.531692       -0.255605
     Cl  12        1.531692        1.920098        1.584817
     Cl  12       -0.255605        1.584817       -1.720561

     H   13       -0.000000        0.000000        0.000000
     H   13        0.000000        0.000000        0.000000
     H   13        0.000000        0.000000        0.000000

     C   14       -0.236096        0.009348       -0.025401
     C   14        0.009348        0.318586       -0.027625
     C   14       -0.025401       -0.027625       -0.082490

     H   15       -0.000000        0.000000        0.000000
     H   15        0.000000        0.000000        0.000000
     H   15        0.000000        0.000000        0.000000

     C   16       -0.089475        0.045774        0.001808
     C   16        0.045774        0.241998       -0.035990
     C   16        0.001808       -0.035990       -0.152523

     C   17       -0.144984        0.081073       -0.024521
     C   17        0.081073        0.273553        0.095762
     C   17       -0.024521        0.095762       -0.128569

     Cl  18        0.178183        0.110619       -0.019533
     Cl  18        0.110619        2.352184        0.156862
     Cl  18       -0.019533        0.156862       -2.530367

     H   19       -0.000000        0.000000        0.000000
     H   19        0.000000        0.000000        0.000000
     H   19        0.000000        0.000000        0.000000

     C   20       -0.112084        0.032572       -0.032142
     C   20        0.032572        0.211282        0.189592
     C   20       -0.032142        0.189592       -0.099198

     H   21       -0.000000        0.000000        0.000000
     H   21        0.000000        0.000000        0.000000
     H   21        0.000000        0.000000        0.000000

     C   22       -0.203661       -0.008712       -0.006915
     C   22       -0.008712        0.210208        0.165923
     C   22       -0.006915        0.165923       -0.006547

     C   23        0.030468        0.161329       -0.061090
     C   23        0.161329        0.080224        0.106964
     C   23       -0.061090        0.106964       -0.110692

     Cl  24       -0.385140        0.694943       -0.347431
     Cl  24        0.694943        1.987230        1.212427
     Cl  24       -0.347431        1.212427       -1.602090

     ----- total EFG -----
     Cl   1        0.178461       -1.134684        0.041001
     Cl   1       -1.134684        1.534602        0.827070
     Cl   1        0.041001        0.827070       -1.713063

     C    2        0.162265       -0.613933       -0.187169
     C    2       -0.613933       -0.097079       -0.061805
     C    2       -0.187169       -0.061805       -0.065186

     C    3       -0.369604       -0.013926       -0.409928
     C    3       -0.013926       -0.151852        0.356736
     C    3       -0.409928        0.356736        0.521455

     H    4        0.506275        0.040621        0.535700
     H    4        0.040621       -0.032929        0.084373
     H    4        0.535700        0.084373       -0.473346

     C    5       -0.041079       -0.329703       -0.079041
     C    5       -0.329703       -0.519508        0.046288
     C    5       -0.079041        0.046288        0.560587

     H    6       -0.124240        0.042790        0.237049
     H    6        0.042790        0.514745        0.193584
     H    6        0.237049        0.193584       -0.390505

     H    7       -0.078422       -0.110281       -0.109399
     H    7       -0.110281        0.175793       -0.290141
     H    7       -0.109399       -0.290141       -0.097371

     C    8       -0.542874       -0.149193       -0.096974
     C    8       -0.149193        0.500099       -0.081042
     C    8       -0.096974       -0.081042        0.042775

     H    9        0.096055       -0.342511        0.216397
     H    9       -0.342511       -0.224748       -0.167606
     H    9        0.216397       -0.167606        0.128693

     C   10        0.168080        0.473461       -0.288050
     C   10        0.473461       -0.022768        0.217255
     C   10       -0.288050        0.217255       -0.145312

     C   11       -0.515807       -0.068035       -0.145961
     C   11       -0.068035        0.585820       -0.204441
     C   11       -0.145961       -0.204441       -0.070013

     Cl  12       -0.069679        1.689276       -0.290223
     Cl  12        1.689276        1.931740        1.634656
     Cl  12       -0.290223        1.634656       -1.862061

     H   13       -0.083696        0.295136       -0.144903
     H   13        0.295136        0.225294        0.473409
     H   13       -0.144903        0.473409       -0.141598

     C   14       -0.859839        0.171612       -0.012666
     C   14        0.171612        0.791986        0.093518
     C   14       -0.012666        0.093518        0.067853

     H   15        0.420582        0.184215        0.324357
     H   15        0.184215       -0.429874        0.468885
     H   15        0.324357        0.468885        0.009291

     C   16        0.042600       -0.048347        0.128028
     C   16       -0.048347        0.304809       -0.194213
     C   16        0.128028       -0.194213       -0.347409

     C   17       -0.755779        0.230447       -0.046123
     C   17        0.230447        0.710537        0.409889
     C   17       -0.046123        0.409889        0.045243

     Cl  18        0.333781       -0.074116       -0.016084
     Cl  18       -0.074116        2.353584        0.161271
     Cl  18       -0.016084        0.161271       -2.687365

     H   19       -0.033418       -0.008556        0.037147
     H   19       -0.008556        0.120123       -0.587683
     H   19        0.037147       -0.587683       -0.086705

     C   20       -0.013202        0.207966       -0.107116
     C   20        0.207966        0.405557        0.491037
     C   20       -0.107116        0.491037       -0.392355

     H   21        0.333497        0.195170        0.391128
     H   21        0.195170       -0.329092       -0.195991
     H   21        0.391128       -0.195991       -0.004405

     C   22       -0.531376       -0.103534        0.017616
     C   22       -0.103534        0.538909        0.248023
     C   22        0.017616        0.248023       -0.007533

     C   23        0.254292        0.436631       -0.162596
     C   23        0.436631        0.071891        0.376860
     C   23       -0.162596        0.376860       -0.326183

     Cl  24       -0.437790        0.652900       -0.379907
     Cl  24        0.652900        2.146079        1.320489
     Cl  24       -0.379907        1.320489       -1.708289

     ----- total EFG (symmetrized) -----
     Cl   1        0.178461       -1.134684        0.041001
     Cl   1       -1.134684        1.534602        0.827070
     Cl   1        0.041001        0.827070       -1.713063

     C    2        0.162265       -0.613933       -0.187169
     C    2       -0.613933       -0.097079       -0.061805
     C    2       -0.187169       -0.061805       -0.065186

     C    3       -0.369604       -0.013926       -0.409928
     C    3       -0.013926       -0.151852        0.356736
     C    3       -0.409928        0.356736        0.521455

     H    4        0.506275        0.040621        0.535700
     H    4        0.040621       -0.032929        0.084373
     H    4        0.535700        0.084373       -0.473346

     C    5       -0.041079       -0.329703       -0.079041
     C    5       -0.329703       -0.519508        0.046288
     C    5       -0.079041        0.046288        0.560587

     H    6       -0.124240        0.042790        0.237049
     H    6        0.042790        0.514745        0.193584
     H    6        0.237049        0.193584       -0.390505

     H    7       -0.078422       -0.110281       -0.109399
     H    7       -0.110281        0.175793       -0.290141
     H    7       -0.109399       -0.290141       -0.097371

     C    8       -0.542874       -0.149193       -0.096974
     C    8       -0.149193        0.500099       -0.081042
     C    8       -0.096974       -0.081042        0.042775

     H    9        0.096055       -0.342511        0.216397
     H    9       -0.342511       -0.224748       -0.167606
     H    9        0.216397       -0.167606        0.128693

     C   10        0.168080        0.473461       -0.288050
     C   10        0.473461       -0.022768        0.217255
     C   10       -0.288050        0.217255       -0.145312

     C   11       -0.515807       -0.068035       -0.145961
     C   11       -0.068035        0.585820       -0.204441
     C   11       -0.145961       -0.204441       -0.070013

     Cl  12       -0.069679        1.689276       -0.290223
     Cl  12        1.689276        1.931740        1.634656
     Cl  12       -0.290223        1.634656       -1.862061

     H   13       -0.083696        0.295136       -0.144903
     H   13        0.295136        0.225294        0.473409
     H   13       -0.144903        0.473409       -0.141598

     C   14       -0.859839        0.171612       -0.012666
     C   14        0.171612        0.791986        0.093518
     C   14       -0.012666        0.093518        0.067853

     H   15        0.420582        0.184215        0.324357
     H   15        0.184215       -0.429874        0.468885
     H   15        0.324357        0.468885        0.009291

     C   16        0.042600       -0.048347        0.128028
     C   16       -0.048347        0.304809       -0.194213
     C   16        0.128028       -0.194213       -0.347409

     C   17       -0.755779        0.230447       -0.046123
     C   17        0.230447        0.710537        0.409889
     C   17       -0.046123        0.409889        0.045243

     Cl  18        0.333781       -0.074116       -0.016084
     Cl  18       -0.074116        2.353584        0.161271
     Cl  18       -0.016084        0.161271       -2.687365

     H   19       -0.033418       -0.008556        0.037147
     H   19       -0.008556        0.120123       -0.587683
     H   19        0.037147       -0.587683       -0.086705

     C   20       -0.013202        0.207966       -0.107116
     C   20        0.207966        0.405557        0.491037
     C   20       -0.107116        0.491037       -0.392355

     H   21        0.333497        0.195170        0.391128
     H   21        0.195170       -0.329092       -0.195991
     H   21        0.391128       -0.195991       -0.004405

     C   22       -0.531376       -0.103534        0.017616
     C   22       -0.103534        0.538909        0.248023
     C   22        0.017616        0.248023       -0.007533

     C   23        0.254292        0.436631       -0.162596
     C   23        0.436631        0.071891        0.376860
     C   23       -0.162596        0.376860       -0.326183

     Cl  24       -0.437790        0.652900       -0.379907
     Cl  24        0.652900        2.146079        1.320489
     Cl  24       -0.379907        1.320489       -1.708289


     NQR/NMR SPECTROSCOPIC PARAMETERS:
     Cl   1    Vxx=   -0.3397    axis=(  0.871701  0.407860  0.271640)
     Cl   1    Vyy=   -1.9626    axis=( -0.165138 -0.277408  0.946453)
     Cl   1    Vzz=    2.3023    axis=(  0.461375 -0.869882 -0.174464)
     Cl   1  Q=        -8.1650 1e-30 m^2  Cq=       -44.1685 MHz  eta= 0.70493

     C    2    Vxx=   -0.0326    axis=( -0.063043 -0.309293  0.948875)
     C    2    Vyy=   -0.6432    axis=(  0.622260  0.731149  0.279666)
     C    2    Vzz=    0.6758    axis=( -0.780268  0.608078  0.146367)
     C    2  Q=         1.0000 1e-30 m^2  Cq=         1.5879 MHz  eta= 0.90351

     C    3    Vxx=   -0.2310    axis=(  0.439011  0.880609 -0.178319)
     C    3    Vyy=   -0.5710    axis=( -0.841621  0.333566 -0.424744)
     C    3    Vzz=    0.8020    axis=( -0.314552  0.336544  0.887578)
     C    3  Q=         1.0000 1e-30 m^2  Cq=         1.8844 MHz  eta= 0.42386

     H    4    Vxx=   -0.0340    axis=(  0.119257 -0.991840 -0.045061)
     H    4    Vyy=   -0.7149    axis=( -0.397636 -0.089299  0.913188)
     H    4    Vzz=    0.7488    axis=( -0.909760 -0.090986 -0.405041)
     H    4  Q=         1.0000 1e-30 m^2  Cq=         1.7595 MHz  eta= 0.90925

     C    5    Vxx=    0.1086    axis=( -0.873776  0.444081 -0.198259)
     C    5    Vyy=    0.5791    axis=( -0.174751  0.093740  0.980140)
     C    5    Vzz=   -0.6877    axis=( -0.453847 -0.891069  0.004304)
     C    5  Q=         1.0000 1e-30 m^2  Cq=        -1.6157 MHz  eta= 0.68428

     H    6    Vxx=   -0.0172    axis=( -0.871140  0.228301 -0.434734)
     H    6    Vyy=   -0.5497    axis=( -0.471181 -0.139446  0.870944)
     H    6    Vzz=    0.5669    axis=(  0.138215  0.963553  0.229048)
     H    6  Q=         1.0000 1e-30 m^2  Cq=         1.3320 MHz  eta= 0.93947

     H    7    Vxx=   -0.0002    axis=(  0.877363 -0.182105 -0.443929)
     H    7    Vyy=   -0.3626    axis=(  0.472286  0.491137  0.731936)
     H    7    Vzz=    0.3628    axis=(  0.084741 -0.851834  0.516911)
     H    7  Q=         1.0000 1e-30 m^2  Cq=         0.8525 MHz  eta= 0.99902

     C    8    Vxx=    0.0520    axis=( -0.187634  0.113963  0.975605)
     C    8    Vyy=    0.5304    axis=( -0.124058  0.982543 -0.138633)
     C    8    Vzz=   -0.5823    axis=( -0.974373 -0.147044 -0.170220)
     C    8  Q=         1.0000 1e-30 m^2  Cq=        -1.3682 MHz  eta= 0.82155

     H    9    Vxx=   -0.0654    axis=( -0.520868  0.266731  0.810895)
     H    9    Vyy=   -0.4439    axis=( -0.519586 -0.852757 -0.053248)
     H    9    Vzz=    0.5093    axis=(  0.677293 -0.449065  0.582764)
     H    9  Q=         1.0000 1e-30 m^2  Cq=         1.1968 MHz  eta= 0.74305

     C   10    Vxx=    0.0865    axis=( -0.247506  0.534344  0.808219)
     C   10    Vyy=    0.5680    axis=( -0.797332 -0.586252  0.143421)
     C   10    Vzz=   -0.6545    axis=(  0.550456 -0.608922  0.571150)
     C   10  Q=         1.0000 1e-30 m^2  Cq=        -1.5379 MHz  eta= 0.73559

     C   11    Vxx=   -0.0717    axis=( -0.336523  0.247671  0.908521)
     C   11    Vyy=   -0.5732    axis=(  0.941409  0.111411  0.318333)
     C   11    Vzz=    0.6449    axis=( -0.022377  0.962417 -0.270653)
     C   11  Q=         1.0000 1e-30 m^2  Cq=         1.5152 MHz  eta= 0.77770

     Cl  12    Vxx=   -0.4420    axis=(  0.836998 -0.266561 -0.477890)
     Cl  12    Vyy=   -2.7899    axis=( -0.347648  0.415395 -0.840588)
     Cl  12    Vzz=    3.2319    axis=(  0.422581  0.869708  0.255016)
     Cl  12  Q=        -8.1650 1e-30 m^2  Cq=       -62.0015 MHz  eta= 0.72650

     H   13    Vxx=    0.0310    axis=(  0.836459  0.057366 -0.545019)
     H   13    Vyy=    0.5931    axis=( -0.259676 -0.834287 -0.486346)
     H   13    Vzz=   -0.6241    axis=(  0.482602 -0.548337  0.682951)
     H   13  Q=         1.0000 1e-30 m^2  Cq=        -1.4664 MHz  eta= 0.90078

     C   14    Vxx=    0.0572    axis=( -0.035779 -0.117945  0.992375)
     C   14    Vyy=    0.8208    axis=(  0.099934  0.987612  0.120982)
     C   14    Vzz=   -0.8780    axis=( -0.994351  0.103500 -0.023549)
     C   14  Q=         1.0000 1e-30 m^2  Cq=        -2.0630 MHz  eta= 0.86972

     H   15    Vxx=   -0.0126    axis=(  0.651549 -0.421270 -0.630885)
     H   15    Vyy=   -0.7284    axis=(  0.018327  0.840135 -0.542068)
     H   15    Vzz=    0.7410    axis=( -0.758385 -0.341621 -0.555110)
     H   15  Q=         1.0000 1e-30 m^2  Cq=         1.7410 MHz  eta= 0.96601

     C   16    Vxx=    0.0488    axis=(  0.941419  0.297826  0.158206)
     C   16    Vyy=    0.3785    axis=( -0.243887  0.925258 -0.290546)
     C   16    Vzz=   -0.4274    axis=( -0.232914  0.234941  0.943692)
     C   16  Q=         1.0000 1e-30 m^2  Cq=        -1.0041 MHz  eta= 0.77153

     C   17    Vxx=   -0.1204    axis=( -0.205463 -0.386520  0.899104)
     C   17    Vyy=   -0.8066    axis=(  0.972194 -0.186080  0.142171)
     C   17    Vzz=    0.9271    axis=(  0.112353  0.903314  0.414005)
     C   17  Q=         1.0000 1e-30 m^2  Cq=         2.1782 MHz  eta= 0.74020

     Cl  18    Vxx=    0.3311    axis=(  0.999314  0.036888 -0.003354)
     Cl  18    Vyy=    2.3615    axis=( -0.036762  0.998811  0.032021)
     Cl  18    Vzz=   -2.6926    axis=(  0.004531 -0.031876  0.999482)
     Cl  18  Q=        -8.1650 1e-30 m^2  Cq=        51.6558 MHz  eta= 0.75407

     H   19    Vxx=   -0.0339    axis=(  0.998017  0.062908  0.001955)
     H   19    Vyy=   -0.5810    axis=( -0.041939  0.641536  0.765946)
     H   19    Vzz=    0.6149    axis=(  0.046930 -0.764509  0.642902)
     H   19  Q=         1.0000 1e-30 m^2  Cq=         1.4447 MHz  eta= 0.88978

     C   20    Vxx=    0.0094    axis=(  0.938068 -0.072541 -0.338771)
     C   20    Vyy=    0.6699    axis=(  0.210989  0.895205  0.392544)
     C   20    Vzz=   -0.6793    axis=(  0.274794 -0.439710  0.855069)
     C   20  Q=         1.0000 1e-30 m^2  Cq=        -1.5961 MHz  eta= 0.97233

     H   21    Vxx=   -0.0244    axis=(  0.363150  0.657353 -0.660309)
     H   21    Vyy=   -0.5699    axis=( -0.392328  0.750685  0.531555)
     H   21    Vzz=    0.5943    axis=( -0.845104 -0.066024 -0.530509)
     H   21  Q=         1.0000 1e-30 m^2  Cq=         1.3963 MHz  eta= 0.91788

     C   22    Vxx=   -0.0968    axis=(  0.119685 -0.343860  0.931362)
     C   22    Vyy=   -0.5448    axis=(  0.989825  0.114038 -0.085095)
     C   22    Vzz=    0.6417    axis=( -0.076950  0.932071  0.354010)
     C   22  Q=         1.0000 1e-30 m^2  Cq=         1.5076 MHz  eta= 0.69816

     C   23    Vxx=    0.0801    axis=( -0.569267  0.476593  0.669921)
     C   23    Vyy=    0.6251    axis=( -0.727984 -0.670866 -0.141342)
     C   23    Vzz=   -0.7052    axis=(  0.382065 -0.568153  0.728855)
     C   23  Q=         1.0000 1e-30 m^2  Cq=        -1.6569 MHz  eta= 0.77286

     Cl  24    Vxx=   -0.3525    axis=(  0.940637 -0.070309 -0.332051)
     Cl  24    Vyy=   -2.2893    axis=( -0.295386  0.312289 -0.902897)
     Cl  24    Vzz=    2.6418    axis=(  0.167178  0.947382  0.272983)
     Cl  24  Q=        -8.1650 1e-30 m^2  Cq=       -50.6813 MHz  eta= 0.73315

     Initialization:
     gipaw_setup  :      9.16s CPU     11.10s WALL (       1 calls)

     Linear response

     Apply operators

     Induced current

     Other routines
     efg          :      9.27s CPU     11.79s WALL (       1 calls)

     General routines
     calbec       :      3.37s CPU      4.30s WALL (      16 calls)
     fft          :      1.82s CPU      3.00s WALL (      15 calls)
     ffts         :      0.04s CPU      0.05s WALL (       2 calls)
     fftw         :      3.20s CPU      4.14s WALL (     672 calls)
     davcio       :      0.03s CPU      0.32s WALL (      32 calls)

     Parallel routines
     fft_scatter  :      2.52s CPU      4.29s WALL (     689 calls)

     Plugins

     GIPAW        :     63.66s CPU     75.89s WALL (       1 calls)
