
     Program QE v.6.0 (svn rev. 13079) starts on  7Jan2017 at  2:21:49 

     This program is part of the open-source Quantum ESPRESSO suite
     for quantum simulation of materials; please cite
         "P. Giannozzi et al., J. Phys.:Condens. Matter 21 395502 (2009);
          URL http://www.quantum-espresso.org", 
     in publications or presentations arising from this work. More details at
     http://www.quantum-espresso.org/quote

     Parallel version (MPI), running on     8 processors
     R & G space division:  proc/nbgrp/npool/nimage =       8

     ***** This is GIPAW svn revision unknown      *****

     Parallelizing q-star over 1 images

     Reading data from directory:
     /users/majewski/paradichlorobenzene/pbe/9_constraint/scratch/pbe.ecut100.np8.dt60.pcl2phi-129368.save
     Message from routine read_xml_file:
     file /users/majewski/paradichlorobenzene/pbe/9_constraint/scratch/pbe.ecut100.np8.dt60.pcl2phi-129368.save not guaranteed to be safe for post-processing

   Info: using nr1, nr2, nr3 values from input

   Info: using nr1, nr2, nr3 values from input

     IMPORTANT: XC functional enforced from input :
     Exchange-correlation      =  SLA  PW   PBX  PBC ( 1  4  3  4 0 0)
     Any further DFT definition will be discarded
     Please, verify this is what you really want

               file C.pbe-n-kjpaw_psl.1.0.0.UPF: wavefunction(s)  2S 2P renormalized
               file Cl.pbe-n-kjpaw_psl.1.0.0.UPF: wavefunction(s)  3S 3P renormalized
               file H.pbe-kjpaw_psl.1.0.0.UPF: wavefunction(s)  1S renormalized

     Parallelization info
     --------------------
     sticks:   dense  smooth     PW     G-vecs:    dense   smooth      PW
     Min        3057    1223    332               144436    36536    5170
     Max        3059    1225    333               144437    36537    5171
     Sum       24467    9791   2657              1155489   292295   41363


     Subspace diagonalization in iterative solution of the eigenvalue problem:
     a serial algorithm will be used

     GIPAW projectors -----------------------------------------------
     atom=  C    l=0  rc=    1.2000  rs=    0.8000
     atom=  C    l=0  rc=    1.2000  rs=    0.8000
     atom=  C    l=1  rc=    1.4000  rs=    0.9333
     atom=  C    l=1  rc=    1.4000  rs=    0.9333
     projs nearly linearly dependent: l=1  n1,n2= 1, 2  s=  0.99951561

     atom=  Cl   l=0  rc=    1.6000  rs=    1.0667
     atom=  Cl   l=0  rc=    1.6000  rs=    1.0667
     atom=  Cl   l=1  rc=    1.6000  rs=    1.0667
     atom=  Cl   l=1  rc=    1.6000  rs=    1.0667
     atom=  Cl   l=2  rc=    1.6000  rs=    1.0667
     atom=  Cl   l=2  rc=    1.6000  rs=    1.0667
     projs nearly linearly dependent: l=2  n1,n2= 1, 2  s=  0.99993509

     atom=  H    l=0  rc=    1.0000  rs=    0.6667
     atom=  H    l=0  rc=    1.0000  rs=    0.6667
     projs nearly linearly dependent: l=0  n1,n2= 1, 2  s=  0.99968852
     -----------------------------------------------------------------

     GIPAW integrals: -------------------------------------------
     Atom  i/j   nmr_para   nmr_dia   epr_rmc  epr_para   epr_dia
       C   1 1   0.83E+03  0.17E-01  0.93E+01  0.24E+08  0.24E+03
       C   2 1   0.86E+03 -0.61E-01  0.94E+01  0.25E+08  0.25E+03
       C   2 2   0.90E+03 -0.15E+00  0.97E+01  0.26E+08  0.26E+03
       C   3 3   0.33E+01  0.34E+00  0.18E+01  0.55E+03  0.21E+02
       C   4 3   0.35E+01  0.37E+00  0.20E+01  0.59E+03  0.22E+02
       C   4 4   0.38E+01  0.39E+00  0.22E+01  0.63E+03  0.24E+02
       Cl  1 1   0.14E+04 -0.47E+00  0.84E+01  0.32E+09  0.42E+03
       Cl  2 1   0.21E+04 -0.37E+00  0.12E+02  0.49E+09  0.65E+03
       Cl  2 2   0.33E+04 -0.16E+00  0.21E+02  0.76E+09  0.10E+04
       Cl  3 3   0.21E+02  0.79E-01  0.89E+01  0.23E+05  0.13E+03
       Cl  4 3   0.24E+02  0.67E-01  0.99E+01  0.27E+05  0.15E+03
       Cl  4 4   0.28E+02  0.44E-01  0.11E+02  0.32E+05  0.18E+03
       Cl  5 5   0.77E+00  0.19E+00  0.18E+01  0.12E+03  0.22E+02
       Cl  6 5   0.80E+00  0.19E+00  0.19E+01  0.12E+03  0.23E+02
       Cl  6 6   0.83E+00  0.20E+00  0.19E+01  0.12E+03  0.23E+02
       H   1 1   0.39E+02  0.19E+00  0.29E+00  0.78E+05  0.13E+02
       H   2 1   0.41E+02  0.21E+00  0.32E+00  0.82E+05  0.14E+02
       H   2 2   0.43E+02  0.22E+00  0.36E+00  0.86E+05  0.15E+02
     ------------------------------------------------------------

     alpha_pv=     34.2806 eV

     Number of occupied bands for each k-point:
     k-point:     1    nbnd_occ=  42
     k-point:     2    nbnd_occ=  42
     k-point:     3    nbnd_occ=  42
     k-point:     4    nbnd_occ=  42
     k-point:     5    nbnd_occ=  42
     k-point:     6    nbnd_occ=  42
     k-point:     7    nbnd_occ=  42
     k-point:     8    nbnd_occ=  42
     k-point:     9    nbnd_occ=  42
     k-point:    10    nbnd_occ=  42
     k-point:    11    nbnd_occ=  42
     k-point:    12    nbnd_occ=  42
     k-point:    13    nbnd_occ=  42
     k-point:    14    nbnd_occ=  42
     k-point:    15    nbnd_occ=  42
     k-point:    16    nbnd_occ=  42


     q-space interpolation up to   110.00 Rydberg

     GIPAW job: efg                                                                             


     ELECTRIC FIELD GRADIENTS TENSORS IN Hartree/bohrradius^2:

     ----- bare term -----
     Cl   1       -0.233932        0.178298        0.075789
     Cl   1        0.178298       -0.047903       -0.150585
     Cl   1        0.075789       -0.150585        0.281835

     C    2       -0.131106       -0.252949       -0.355583
     C    2       -0.252949       -0.091847       -0.611081
     C    2       -0.355583       -0.611081        0.222954

     C    3       -0.119971        0.402479       -0.049790
     C    3        0.402479       -0.277677       -0.401577
     C    3       -0.049790       -0.401577        0.397648

     H    4       -0.463753       -0.296312       -0.460044
     H    4       -0.296312        0.271071       -0.173206
     H    4       -0.460044       -0.173206        0.192682

     C    5       -0.093442       -0.149453       -0.538154
     C    5       -0.149453       -0.130135       -0.440871
     C    5       -0.538154       -0.440871        0.223576

     H    6        0.176860        0.198086        0.210035
     H    6        0.198086       -0.248216       -0.546417
     H    6        0.210035       -0.546417        0.071357

     H    7        0.104124       -0.306553       -0.248797
     H    7       -0.306553       -0.443674        0.179664
     H    7       -0.248797        0.179664        0.339549

     C    8       -0.088315        0.062813       -0.486176
     C    8        0.062813        0.008325        0.393840
     C    8       -0.486176        0.393840        0.079989

     H    9       -0.195929        0.133569       -0.411297
     H    9        0.133569        0.036840        0.419674
     H    9       -0.411297        0.419674        0.159090

     C   10       -0.133615       -0.439578       -0.323909
     C   10       -0.439578       -0.285760        0.260973
     C   10       -0.323909        0.260973        0.419375

     C   11        0.033789        0.177554       -0.555730
     C   11        0.177554       -0.346492        0.484537
     C   11       -0.555730        0.484537        0.312703

     Cl  12       -0.133848       -0.203526       -0.177174
     Cl  12       -0.203526       -0.132162        0.034323
     Cl  12       -0.177174        0.034323        0.266010

     H   13        0.068890       -0.312425       -0.043811
     H   13       -0.312425       -0.391130       -0.396808
     H   13       -0.043811       -0.396808        0.322240

     C   14       -0.133839        0.435819       -0.349849
     C   14        0.435819       -0.309723       -0.230338
     C   14       -0.349849       -0.230338        0.443562

     H   15       -0.590351       -0.239964        0.215050
     H   15       -0.239964        0.368104       -0.066440
     H   15        0.215050       -0.066440        0.222247

     C   16        0.023118       -0.067529       -0.253930
     C   16       -0.067529       -0.313000       -0.376209
     C   16       -0.253930       -0.376209        0.289882

     C   17       -0.329839        0.333327       -0.377016
     C   17        0.333327       -0.150079       -0.278567
     C   17       -0.377016       -0.278567        0.479918

     Cl  18        0.039403       -0.056534       -0.129243
     Cl  18       -0.056534       -0.049742       -0.034649
     Cl  18       -0.129243       -0.034649        0.010339

     H   19        0.386443        0.068564       -0.042218
     H   19        0.068564       -0.599012        0.399407
     H   19       -0.042218        0.399407        0.212569

     C   20       -0.412728       -0.191718       -0.366027
     C   20       -0.191718       -0.076681        0.445633
     C   20       -0.366027        0.445633        0.489409

     H   21       -0.212745        0.255866       -0.516709
     H   21        0.255866        0.265193        0.326681
     H   21       -0.516709        0.326681       -0.052448

     C   22       -0.367934       -0.342167       -0.332772
     C   22       -0.342167        0.007031        0.399963
     C   22       -0.332772        0.399963        0.360903

     C   23        0.094387       -0.552563       -0.003553
     C   23       -0.552563       -0.312635        0.486433
     C   23       -0.003553        0.486433        0.218249

     Cl  24       -0.027145       -0.091044        0.077669
     Cl  24       -0.091044        0.005454       -0.108992
     Cl  24        0.077669       -0.108992        0.021691

     ----- ionic term -----
     Cl   1        0.159694       -0.204503       -0.023500
     Cl   1       -0.204503       -0.020412        0.023795
     Cl   1       -0.023500        0.023795       -0.139282

     C    2        0.307277       -0.147673        0.109221
     C    2       -0.147673        0.058790        0.395779
     C    2        0.109221        0.395779       -0.366066

     C    3        0.245070       -0.273688        0.092596
     C    3       -0.273688        0.106425        0.384784
     C    3        0.092596        0.384784       -0.351495

     H    4        0.765184        0.268291        0.585399
     H    4        0.268291       -0.459570        0.202181
     H    4        0.585399        0.202181       -0.305613

     C    5        0.348750       -0.176226        0.191912
     C    5       -0.176226        0.031573        0.338780
     C    5        0.191912        0.338780       -0.380322

     H    6       -0.527243        0.022984        0.024650
     H    6        0.022984        0.637820        0.740775
     H    6        0.024650        0.740775       -0.110577

     H    7       -0.511814       -0.071343        0.036640
     H    7       -0.071343        0.950397       -0.457449
     H    7        0.036640       -0.457449       -0.438584

     C    8        0.279661        0.097665        0.329542
     C    8        0.097665        0.102260       -0.260475
     C    8        0.329542       -0.260475       -0.381922

     H    9        0.560037       -0.482556        0.597608
     H    9       -0.482556       -0.271170       -0.303991
     H    9        0.597608       -0.303991       -0.288868

     C   10        0.138999        0.140280        0.225384
     C   10        0.140280        0.234198       -0.377895
     C   10        0.225384       -0.377895       -0.373197

     C   11        0.126910        0.135367        0.332781
     C   11        0.135367        0.195068       -0.443567
     C   11        0.332781       -0.443567       -0.321978

     Cl  12        0.156847        0.217153        0.037234
     Cl  12        0.217153       -0.001950        0.009278
     Cl  12        0.037234        0.009278       -0.154897

     H   13       -0.504806        0.099188        0.051275
     H   13        0.099188        0.594469        0.732082
     H   13        0.051275        0.732082       -0.089663

     C   14        0.336034       -0.099584        0.115043
     C   14       -0.099584        0.045903        0.336824
     C   14        0.115043        0.336824       -0.381937

     H   15        0.808171        0.374316        0.438603
     H   15        0.374316       -0.406995        0.195420
     H   15        0.438603        0.195420       -0.401176

     C   16        0.201236       -0.147358        0.079159
     C   16       -0.147358        0.219438        0.389681
     C   16        0.079159        0.389681       -0.420674

     C   17        0.253678       -0.085042        0.254083
     C   17       -0.085042        0.157512        0.373675
     C   17        0.254083        0.373675       -0.411190

     Cl  18        0.132041       -0.217087       -0.004736
     Cl  18       -0.217087        0.023631        0.001883
     Cl  18       -0.004736        0.001883       -0.155672

     H   19       -0.522154       -0.011597        0.027805
     H   19       -0.011597        0.591088       -0.730532
     H   19        0.027805       -0.730532       -0.068935

     C   20        0.256554        0.157825        0.348045
     C   20        0.157825        0.025977       -0.327909
     C   20        0.348045       -0.327909       -0.282531

     H   21        0.376143       -0.251966        0.738335
     H   21       -0.251966       -0.444001       -0.289752
     H   21        0.738335       -0.289752        0.067858

     C   22        0.102942        0.297064        0.221784
     C   22        0.297064        0.199626       -0.401459
     C   22        0.221784       -0.401459       -0.302568

     C   23        0.166401        0.180015        0.300523
     C   23        0.180015        0.175944       -0.434177
     C   23        0.300523       -0.434177       -0.342345

     Cl  24        0.159292        0.220279        0.034844
     Cl  24        0.220279        0.007052        0.020807
     Cl  24        0.034844        0.020807       -0.166344

     ----- GIPAW term -----
     Cl   1       -0.453057       -1.536107        0.751114
     Cl   1       -1.536107       -0.450350       -1.661935
     Cl   1        0.751114       -1.661935        0.903408

     C    2        0.078948       -0.226477        0.019766
     C    2       -0.226477       -0.038214       -0.137185
     C    2        0.019766       -0.137185       -0.040735

     C    3        0.106562       -0.076002        0.046739
     C    3       -0.076002       -0.056900       -0.060511
     C    3        0.046739       -0.060511       -0.049662

     H    4       -0.000000        0.000000        0.000000
     H    4        0.000000        0.000000        0.000000
     H    4        0.000000        0.000000        0.000000

     C    5        0.121855       -0.133164       -0.184476
     C    5       -0.133164       -0.103781       -0.045520
     C    5       -0.184476       -0.045520       -0.018075

     H    6       -0.000000        0.000000        0.000000
     H    6        0.000000        0.000000        0.000000
     H    6        0.000000        0.000000        0.000000

     H    7       -0.000000        0.000000        0.000000
     H    7        0.000000        0.000000        0.000000
     H    7        0.000000        0.000000        0.000000

     C    8        0.280619       -0.000639       -0.012639
     C    8       -0.000639       -0.135492        0.044169
     C    8       -0.012639        0.044169       -0.145127

     H    9       -0.000000        0.000000        0.000000
     H    9        0.000000        0.000000        0.000000
     H    9        0.000000        0.000000        0.000000

     C   10        0.088554       -0.004173       -0.182676
     C   10       -0.004173       -0.122565       -0.020867
     C   10       -0.182676       -0.020867        0.034011

     C   11        0.061465        0.143627       -0.234512
     C   11        0.143627       -0.151848        0.033410
     C   11       -0.234512        0.033410        0.090383

     Cl  12        0.524518        1.011662       -1.901496
     Cl  12        1.011662       -1.225751        0.377802
     Cl  12       -1.901496        0.377802        0.701233

     H   13       -0.000000        0.000000        0.000000
     H   13        0.000000        0.000000        0.000000
     H   13        0.000000        0.000000        0.000000

     C   14        0.155982        0.081366       -0.183785
     C   14        0.081366       -0.171375       -0.033492
     C   14       -0.183785       -0.033492        0.015394

     H   15       -0.000000        0.000000        0.000000
     H   15        0.000000        0.000000        0.000000
     H   15        0.000000        0.000000        0.000000

     C   16        0.026388       -0.025631       -0.174002
     C   16       -0.025631       -0.111863       -0.027504
     C   16       -0.174002       -0.027504        0.085476

     C   17        0.060968       -0.066804       -0.226137
     C   17       -0.066804       -0.125914        0.011292
     C   17       -0.226137        0.011292        0.064945

     Cl  18        1.979568       -2.206259       -1.887011
     Cl  18       -2.206259       -1.020882       -0.065020
     Cl  18       -1.887011       -0.065020       -0.958686

     H   19       -0.000000        0.000000        0.000000
     H   19        0.000000        0.000000        0.000000
     H   19        0.000000        0.000000        0.000000

     C   20       -0.104473       -0.044663       -0.079454
     C   20       -0.044663       -0.031861        0.170106
     C   20       -0.079454        0.170106        0.136334

     H   21       -0.000000        0.000000        0.000000
     H   21        0.000000        0.000000        0.000000
     H   21        0.000000        0.000000        0.000000

     C   22       -0.092319       -0.119699       -0.098012
     C   22       -0.119699        0.087614        0.076436
     C   22       -0.098012        0.076436        0.004705

     C   23        0.195403       -0.171390        0.063343
     C   23       -0.171390       -0.044101        0.017708
     C   23        0.063343        0.017708       -0.151301

     Cl  24        1.241961        0.374655        1.666891
     Cl  24        0.374655       -0.324367       -1.415596
     Cl  24        1.666891       -1.415596       -0.917594

     ----- total EFG -----
     Cl   1       -0.527295       -1.562312        0.803403
     Cl   1       -1.562312       -0.518666       -1.788725
     Cl   1        0.803403       -1.788725        1.045961

     C    2        0.255118       -0.627098       -0.226596
     C    2       -0.627098       -0.071271       -0.352487
     C    2       -0.226596       -0.352487       -0.183847

     C    3        0.231661        0.052789        0.089545
     C    3        0.052789       -0.228152       -0.077304
     C    3        0.089545       -0.077304       -0.003509

     H    4        0.301430       -0.028021        0.125354
     H    4       -0.028021       -0.188499        0.028975
     H    4        0.125354        0.028975       -0.112931

     C    5        0.377163       -0.458843       -0.530718
     C    5       -0.458843       -0.202342       -0.147610
     C    5       -0.530718       -0.147610       -0.174821

     H    6       -0.350384        0.221070        0.234686
     H    6        0.221070        0.389604        0.194358
     H    6        0.234686        0.194358       -0.039220

     H    7       -0.407689       -0.377896       -0.212157
     H    7       -0.377896        0.506724       -0.277784
     H    7       -0.212157       -0.277784       -0.099035

     C    8        0.471966        0.159839       -0.169273
     C    8        0.159839       -0.024906        0.177534
     C    8       -0.169273        0.177534       -0.447059

     H    9        0.364108       -0.348987        0.186311
     H    9       -0.348987       -0.234330        0.115683
     H    9        0.186311        0.115683       -0.129778

     C   10        0.093938       -0.303471       -0.281201
     C   10       -0.303471       -0.174127       -0.137788
     C   10       -0.281201       -0.137788        0.080189

     C   11        0.222163        0.456547       -0.457461
     C   11        0.456547       -0.303272        0.074381
     C   11       -0.457461        0.074381        0.081109

     Cl  12        0.547516        1.025290       -2.041436
     Cl  12        1.025290       -1.359863        0.421403
     Cl  12       -2.041436        0.421403        0.812347

     H   13       -0.435916       -0.213237        0.007464
     H   13       -0.213237        0.203340        0.335274
     H   13        0.007464        0.335274        0.232576

     C   14        0.358177        0.417601       -0.418592
     C   14        0.417601       -0.435195        0.072993
     C   14       -0.418592        0.072993        0.077018

     H   15        0.217820        0.134353        0.653653
     H   15        0.134353       -0.038891        0.128980
     H   15        0.653653        0.128980       -0.178929

     C   16        0.250742       -0.240518       -0.348773
     C   16       -0.240518       -0.205425       -0.014032
     C   16       -0.348773       -0.014032       -0.045316

     C   17       -0.015193        0.181480       -0.349069
     C   17        0.181480       -0.118480        0.106400
     C   17       -0.349069        0.106400        0.133673

     Cl  18        2.151012       -2.479880       -2.020990
     Cl  18       -2.479880       -1.046993       -0.097786
     Cl  18       -2.020990       -0.097786       -1.104019

     H   19       -0.135710        0.056967       -0.014413
     H   19        0.056967       -0.007924       -0.331126
     H   19       -0.014413       -0.331126        0.143634

     C   20       -0.260648       -0.078556       -0.097436
     C   20       -0.078556       -0.082565        0.287830
     C   20       -0.097436        0.287830        0.343213

     H   21        0.163398        0.003900        0.221626
     H   21        0.003900       -0.178807        0.036929
     H   21        0.221626        0.036929        0.015410

     C   22       -0.357312       -0.164802       -0.209000
     C   22       -0.164802        0.294271        0.074940
     C   22       -0.209000        0.074940        0.063041

     C   23        0.456190       -0.543939        0.360313
     C   23       -0.543939       -0.180792        0.069964
     C   23        0.360313        0.069964       -0.275398

     Cl  24        1.374109        0.503890        1.779404
     Cl  24        0.503890       -0.311861       -1.503781
     Cl  24        1.779404       -1.503781       -1.062248

     ----- total EFG (symmetrized) -----
     Cl   1       -0.527295       -1.562312        0.803403
     Cl   1       -1.562312       -0.518666       -1.788725
     Cl   1        0.803403       -1.788725        1.045961

     C    2        0.255118       -0.627098       -0.226596
     C    2       -0.627098       -0.071271       -0.352487
     C    2       -0.226596       -0.352487       -0.183847

     C    3        0.231661        0.052789        0.089545
     C    3        0.052789       -0.228152       -0.077304
     C    3        0.089545       -0.077304       -0.003509

     H    4        0.301430       -0.028021        0.125354
     H    4       -0.028021       -0.188499        0.028975
     H    4        0.125354        0.028975       -0.112931

     C    5        0.377163       -0.458843       -0.530718
     C    5       -0.458843       -0.202342       -0.147610
     C    5       -0.530718       -0.147610       -0.174821

     H    6       -0.350384        0.221070        0.234686
     H    6        0.221070        0.389604        0.194358
     H    6        0.234686        0.194358       -0.039220

     H    7       -0.407689       -0.377896       -0.212157
     H    7       -0.377896        0.506724       -0.277784
     H    7       -0.212157       -0.277784       -0.099035

     C    8        0.471966        0.159839       -0.169273
     C    8        0.159839       -0.024906        0.177534
     C    8       -0.169273        0.177534       -0.447059

     H    9        0.364108       -0.348987        0.186311
     H    9       -0.348987       -0.234330        0.115683
     H    9        0.186311        0.115683       -0.129778

     C   10        0.093938       -0.303471       -0.281201
     C   10       -0.303471       -0.174127       -0.137788
     C   10       -0.281201       -0.137788        0.080189

     C   11        0.222163        0.456547       -0.457461
     C   11        0.456547       -0.303272        0.074381
     C   11       -0.457461        0.074381        0.081109

     Cl  12        0.547516        1.025290       -2.041436
     Cl  12        1.025290       -1.359863        0.421403
     Cl  12       -2.041436        0.421403        0.812347

     H   13       -0.435916       -0.213237        0.007464
     H   13       -0.213237        0.203340        0.335274
     H   13        0.007464        0.335274        0.232576

     C   14        0.358177        0.417601       -0.418592
     C   14        0.417601       -0.435195        0.072993
     C   14       -0.418592        0.072993        0.077018

     H   15        0.217820        0.134353        0.653653
     H   15        0.134353       -0.038891        0.128980
     H   15        0.653653        0.128980       -0.178929

     C   16        0.250742       -0.240518       -0.348773
     C   16       -0.240518       -0.205425       -0.014032
     C   16       -0.348773       -0.014032       -0.045316

     C   17       -0.015193        0.181480       -0.349069
     C   17        0.181480       -0.118480        0.106400
     C   17       -0.349069        0.106400        0.133673

     Cl  18        2.151012       -2.479880       -2.020990
     Cl  18       -2.479880       -1.046993       -0.097786
     Cl  18       -2.020990       -0.097786       -1.104019

     H   19       -0.135710        0.056967       -0.014413
     H   19        0.056967       -0.007924       -0.331126
     H   19       -0.014413       -0.331126        0.143634

     C   20       -0.260648       -0.078556       -0.097436
     C   20       -0.078556       -0.082565        0.287830
     C   20       -0.097436        0.287830        0.343213

     H   21        0.163398        0.003900        0.221626
     H   21        0.003900       -0.178807        0.036929
     H   21        0.221626        0.036929        0.015410

     C   22       -0.357312       -0.164802       -0.209000
     C   22       -0.164802        0.294271        0.074940
     C   22       -0.209000        0.074940        0.063041

     C   23        0.456190       -0.543939        0.360313
     C   23       -0.543939       -0.180792        0.069964
     C   23        0.360313        0.069964       -0.275398

     Cl  24        1.374109        0.503890        1.779404
     Cl  24        0.503890       -0.311861       -1.503781
     Cl  24        1.779404       -1.503781       -1.062248


     NQR/NMR SPECTROSCOPIC PARAMETERS:
     Cl   1    Vxx=   -0.6331    axis=( -0.713716  0.281493  0.641382)
     Cl   1    Vyy=   -2.2922    axis=( -0.560645 -0.778483 -0.282209)
     Cl   1    Vzz=    2.9253    axis=(  0.419866 -0.561004  0.713433)
     Cl   1  Q=        -8.1650 1e-30 m^2  Cq=       -56.1210 MHz  eta= 0.56717

     C    2    Vxx=    0.0857    axis=( -0.369916 -0.402508  0.837347)
     C    2    Vyy=    0.7416    axis=( -0.781214  0.622577 -0.045850)
     C    2    Vzz=   -0.8273    axis=( -0.502858 -0.671108 -0.544746)
     C    2  Q=         1.0000 1e-30 m^2  Cq=        -1.9438 MHz  eta= 0.79282

     C    3    Vxx=    0.0013    axis=( -0.264504 -0.362001  0.893864)
     C    3    Vyy=    0.2633    axis=(  0.951263  0.054439  0.303536)
     C    3    Vzz=   -0.2646    axis=( -0.158542  0.930587  0.329959)
     C    3  Q=         1.0000 1e-30 m^2  Cq=        -0.6216 MHz  eta= 0.99017

     H    4    Vxx=   -0.1276    axis=( -0.213154  0.497744  0.840724)
     H    4    Vyy=   -0.2095    axis=(  0.163226  0.866547 -0.471649)
     H    4    Vzz=    0.3371    axis=( -0.963287  0.036694 -0.265953)
     H    4  Q=         1.0000 1e-30 m^2  Cq=         0.7921 MHz  eta= 0.24321

     C    5    Vxx=   -0.0437    axis=(  0.039900 -0.740001  0.671422)
     C    5    Vyy=   -0.7652    axis=( -0.522878 -0.588072 -0.617065)
     C    5    Vzz=    0.8089    axis=( -0.851473  0.326451  0.410394)
     C    5  Q=         1.0000 1e-30 m^2  Cq=         1.9005 MHz  eta= 0.89202

     H    6    Vxx=   -0.0699    axis=( -0.298840  0.490114 -0.818831)
     H    6    Vyy=   -0.4905    axis=( -0.901721  0.135865  0.410414)
     H    6    Vzz=    0.5604    axis=(  0.312399  0.861005  0.401344)
     H    6  Q=         1.0000 1e-30 m^2  Cq=         1.3167 MHz  eta= 0.75053

     H    7    Vxx=    0.0027    axis=( -0.516541  0.082438  0.852285)
     H    7    Vyy=    0.6925    axis=( -0.270147  0.928829 -0.253569)
     H    7    Vzz=   -0.6951    axis=( -0.812531 -0.361221 -0.457508)
     H    7  Q=         1.0000 1e-30 m^2  Cq=        -1.6333 MHz  eta= 0.99230

     C    8    Vxx=    0.0239    axis=( -0.169905  0.900411  0.400491)
     C    8    Vyy=    0.5329    axis=(  0.963671  0.236797 -0.123554)
     C    8    Vzz=   -0.5568    axis=(  0.206085 -0.364949  0.907932)
     C    8  Q=         1.0000 1e-30 m^2  Cq=        -1.3084 MHz  eta= 0.91417

     H    9    Vxx=   -0.0561    axis=( -0.031566 -0.500034 -0.865431)
     H    9    Vyy=   -0.4912    axis=(  0.419382  0.779328 -0.465582)
     H    9    Vzz=    0.5474    axis=( -0.907261  0.377642 -0.185105)
     H    9  Q=         1.0000 1e-30 m^2  Cq=         1.2861 MHz  eta= 0.79487

     C   10    Vxx=    0.0996    axis=(  0.273105 -0.656597  0.703061)
     C   10    Vyy=    0.4035    axis=(  0.780367 -0.276156 -0.561039)
     C   10    Vzz=   -0.5031    axis=( -0.562531 -0.701868 -0.436967)
     C   10  Q=         1.0000 1e-30 m^2  Cq=        -1.1822 MHz  eta= 0.60393

     C   11    Vxx=   -0.0177    axis=( -0.260788 -0.611506 -0.747027)
     C   11    Vyy=   -0.6961    axis=(  0.559838 -0.726200  0.399017)
     C   11    Vzz=    0.7138    axis=( -0.786493 -0.314156  0.531729)
     C   11  Q=         1.0000 1e-30 m^2  Cq=         1.6772 MHz  eta= 0.95039

     Cl  12    Vxx=   -0.3515    axis=( -0.458402 -0.696704 -0.551789)
     Cl  12    Vyy=   -2.4142    axis=(  0.549341 -0.710173  0.440316)
     Cl  12    Vzz=    2.7657    axis=( -0.698636 -0.101278  0.708273)
     Cl  12  Q=        -8.1650 1e-30 m^2  Cq=       -53.0594 MHz  eta= 0.74581

     H   13    Vxx=   -0.0562    axis=( -0.358572  0.613832 -0.703304)
     H   13    Vyy=   -0.5180    axis=( -0.922279 -0.349422  0.165244)
     H   13    Vzz=    0.5743    axis=( -0.144317  0.707894  0.691418)
     H   13  Q=         1.0000 1e-30 m^2  Cq=         1.3493 MHz  eta= 0.80414

     C   14    Vxx=   -0.0454    axis=(  0.322373  0.496367  0.806037)
     C   14    Vyy=   -0.6950    axis=( -0.457631  0.827101 -0.326310)
     C   14    Vzz=    0.7405    axis=( -0.828643 -0.263674  0.493788)
     C   14  Q=         1.0000 1e-30 m^2  Cq=         1.7399 MHz  eta= 0.87725

     H   15    Vxx=   -0.0815    axis=(  0.207549 -0.972587  0.104875)
     H   15    Vyy=   -0.6646    axis=(  0.590925  0.039215 -0.805773)
     H   15    Vzz=    0.7460    axis=(  0.779571  0.229211  0.582865)
     H   15  Q=         1.0000 1e-30 m^2  Cq=         1.7529 MHz  eta= 0.78159

     C   16    Vxx=   -0.1268    axis=(  0.188929 -0.700848  0.687836)
     C   16    Vyy=   -0.4069    axis=( -0.525142 -0.663986 -0.532305)
     C   16    Vzz=    0.5337    axis=( -0.829778  0.260644  0.493491)
     C   16  Q=         1.0000 1e-30 m^2  Cq=         1.2540 MHz  eta= 0.52478

     C   17    Vxx=    0.0167    axis=(  0.386820  0.832169  0.397323)
     C   17    Vyy=    0.4182    axis=(  0.642467  0.065885 -0.763476)
     C   17    Vzz=   -0.4349    axis=( -0.661518  0.550595 -0.509155)
     C   17  Q=         1.0000 1e-30 m^2  Cq=        -1.0219 MHz  eta= 0.92330

     Cl  18    Vxx=   -0.9848    axis=( -0.014114 -0.642339  0.766290)
     Cl  18    Vyy=   -3.1114    axis=( -0.519366 -0.650167 -0.554565)
     Cl  18    Vzz=    4.0962    axis=( -0.854435  0.405812  0.324433)
     Cl  18  Q=        -8.1650 1e-30 m^2  Cq=       -78.5836 MHz  eta= 0.51915

     H   19    Vxx=   -0.1308    axis=(  0.966216  0.138233  0.217528)
     H   19    Vyy=   -0.2807    axis=( -0.243157  0.768731  0.591547)
     H   19    Vzz=    0.4116    axis=( -0.085449 -0.624456  0.776372)
     H   19  Q=         1.0000 1e-30 m^2  Cq=         0.9670 MHz  eta= 0.36433

     C   20    Vxx=   -0.2170    axis=( -0.374799  0.796531 -0.474409)
     C   20    Vyy=   -0.2908    axis=(  0.913640  0.404232 -0.043103)
     C   20    Vzz=    0.5078    axis=( -0.157438  0.449594  0.879249)
     C   20  Q=         1.0000 1e-30 m^2  Cq=         1.1932 MHz  eta= 0.14528

     H   21    Vxx=   -0.1292    axis=( -0.534620  0.477238  0.697442)
     H   21    Vyy=   -0.1951    axis=(  0.245359  0.877390 -0.412293)
     H   21    Vzz=    0.3243    axis=( -0.808690 -0.049297 -0.586165)
     H   21  Q=         1.0000 1e-30 m^2  Cq=         0.7619 MHz  eta= 0.20310

     C   22    Vxx=    0.0782    axis=( -0.230438 -0.470984  0.851512)
     C   22    Vyy=    0.3864    axis=(  0.303516 -0.866196 -0.396967)
     C   22    Vzz=   -0.4645    axis=(  0.924541  0.166971  0.342556)
     C   22  Q=         1.0000 1e-30 m^2  Cq=        -1.0914 MHz  eta= 0.66352

     C   23    Vxx=   -0.1756    axis=(  0.093928  0.623332  0.776296)
     C   23    Vyy=   -0.6644    axis=(  0.499170  0.645166 -0.578438)
     C   23    Vzz=    0.8400    axis=(  0.861398 -0.441835  0.250549)
     C   23  Q=         1.0000 1e-30 m^2  Cq=         1.9737 MHz  eta= 0.58184

     Cl  24    Vxx=    0.5943    axis=( -0.350793 -0.849407  0.394275)
     Cl  24    Vyy=    2.3436    axis=(  0.856817 -0.121223  0.501169)
     Cl  24    Vzz=   -2.9379    axis=( -0.377901  0.513628  0.770310)
     Cl  24  Q=        -8.1650 1e-30 m^2  Cq=        56.3618 MHz  eta= 0.59545

     Initialization:
     gipaw_setup  :      9.06s CPU     11.23s WALL (       1 calls)

     Linear response

     Apply operators

     Induced current

     Other routines
     efg          :      9.39s CPU     11.63s WALL (       1 calls)

     General routines
     calbec       :      3.08s CPU      3.88s WALL (      16 calls)
     fft          :      1.55s CPU      2.15s WALL (      15 calls)
     ffts         :      0.04s CPU      0.04s WALL (       2 calls)
     fftw         :      3.48s CPU      4.20s WALL (     672 calls)
     davcio       :      0.06s CPU      0.37s WALL (      32 calls)

     Parallel routines
     fft_scatter  :      2.36s CPU      3.59s WALL (     689 calls)

     Plugins

     GIPAW        :     60.58s CPU     71.90s WALL (       1 calls)
