
     Program QE v.6.0 (svn rev. 13079) starts on  6Jan2017 at 11:32:31 

     This program is part of the open-source Quantum ESPRESSO suite
     for quantum simulation of materials; please cite
         "P. Giannozzi et al., J. Phys.:Condens. Matter 21 395502 (2009);
          URL http://www.quantum-espresso.org", 
     in publications or presentations arising from this work. More details at
     http://www.quantum-espresso.org/quote

     Parallel version (MPI), running on     8 processors
     R & G space division:  proc/nbgrp/npool/nimage =       8

     ***** This is GIPAW svn revision unknown      *****

     Parallelizing q-star over 1 images

     Reading data from directory:
     /users/majewski/paradichlorobenzene/pbe/9_constraint/scratch/pbe.ecut100.np8.dt60.pcl2phi-129368.save
     Message from routine read_xml_file:
     file /users/majewski/paradichlorobenzene/pbe/9_constraint/scratch/pbe.ecut100.np8.dt60.pcl2phi-129368.save not guaranteed to be safe for post-processing

   Info: using nr1, nr2, nr3 values from input

   Info: using nr1, nr2, nr3 values from input

     IMPORTANT: XC functional enforced from input :
     Exchange-correlation      =  SLA  PW   PBX  PBC ( 1  4  3  4 0 0)
     Any further DFT definition will be discarded
     Please, verify this is what you really want

               file C.pbe-n-kjpaw_psl.1.0.0.UPF: wavefunction(s)  2S 2P renormalized
               file Cl.pbe-n-kjpaw_psl.1.0.0.UPF: wavefunction(s)  3S 3P renormalized
               file H.pbe-kjpaw_psl.1.0.0.UPF: wavefunction(s)  1S renormalized

     Parallelization info
     --------------------
     sticks:   dense  smooth     PW     G-vecs:    dense   smooth      PW
     Min        3057    1223    332               144436    36536    5170
     Max        3059    1225    333               144437    36537    5171
     Sum       24467    9791   2657              1155489   292295   41363


     Subspace diagonalization in iterative solution of the eigenvalue problem:
     a serial algorithm will be used

     GIPAW projectors -----------------------------------------------
     atom=  C    l=0  rc=    1.2000  rs=    0.8000
     atom=  C    l=0  rc=    1.2000  rs=    0.8000
     atom=  C    l=1  rc=    1.4000  rs=    0.9333
     atom=  C    l=1  rc=    1.4000  rs=    0.9333
     projs nearly linearly dependent: l=1  n1,n2= 1, 2  s=  0.99951561

     atom=  Cl   l=0  rc=    1.6000  rs=    1.0667
     atom=  Cl   l=0  rc=    1.6000  rs=    1.0667
     atom=  Cl   l=1  rc=    1.6000  rs=    1.0667
     atom=  Cl   l=1  rc=    1.6000  rs=    1.0667
     atom=  Cl   l=2  rc=    1.6000  rs=    1.0667
     atom=  Cl   l=2  rc=    1.6000  rs=    1.0667
     projs nearly linearly dependent: l=2  n1,n2= 1, 2  s=  0.99993509

     atom=  H    l=0  rc=    1.0000  rs=    0.6667
     atom=  H    l=0  rc=    1.0000  rs=    0.6667
     projs nearly linearly dependent: l=0  n1,n2= 1, 2  s=  0.99968852
     -----------------------------------------------------------------

     GIPAW integrals: -------------------------------------------
     Atom  i/j   nmr_para   nmr_dia   epr_rmc  epr_para   epr_dia
       C   1 1   0.83E+03  0.17E-01  0.93E+01  0.24E+08  0.24E+03
       C   2 1   0.86E+03 -0.61E-01  0.94E+01  0.25E+08  0.25E+03
       C   2 2   0.90E+03 -0.15E+00  0.97E+01  0.26E+08  0.26E+03
       C   3 3   0.33E+01  0.34E+00  0.18E+01  0.55E+03  0.21E+02
       C   4 3   0.35E+01  0.37E+00  0.20E+01  0.59E+03  0.22E+02
       C   4 4   0.38E+01  0.39E+00  0.22E+01  0.63E+03  0.24E+02
       Cl  1 1   0.14E+04 -0.47E+00  0.84E+01  0.32E+09  0.42E+03
       Cl  2 1   0.21E+04 -0.37E+00  0.12E+02  0.49E+09  0.65E+03
       Cl  2 2   0.33E+04 -0.16E+00  0.21E+02  0.76E+09  0.10E+04
       Cl  3 3   0.21E+02  0.79E-01  0.89E+01  0.23E+05  0.13E+03
       Cl  4 3   0.24E+02  0.67E-01  0.99E+01  0.27E+05  0.15E+03
       Cl  4 4   0.28E+02  0.44E-01  0.11E+02  0.32E+05  0.18E+03
       Cl  5 5   0.77E+00  0.19E+00  0.18E+01  0.12E+03  0.22E+02
       Cl  6 5   0.80E+00  0.19E+00  0.19E+01  0.12E+03  0.23E+02
       Cl  6 6   0.83E+00  0.20E+00  0.19E+01  0.12E+03  0.23E+02
       H   1 1   0.39E+02  0.19E+00  0.29E+00  0.78E+05  0.13E+02
       H   2 1   0.41E+02  0.21E+00  0.32E+00  0.82E+05  0.14E+02
       H   2 2   0.43E+02  0.22E+00  0.36E+00  0.86E+05  0.15E+02
     ------------------------------------------------------------

     alpha_pv=     33.7399 eV

     Number of occupied bands for each k-point:
     k-point:     1    nbnd_occ=  42
     k-point:     2    nbnd_occ=  42
     k-point:     3    nbnd_occ=  42
     k-point:     4    nbnd_occ=  42
     k-point:     5    nbnd_occ=  42
     k-point:     6    nbnd_occ=  42
     k-point:     7    nbnd_occ=  42
     k-point:     8    nbnd_occ=  42
     k-point:     9    nbnd_occ=  42
     k-point:    10    nbnd_occ=  42
     k-point:    11    nbnd_occ=  42
     k-point:    12    nbnd_occ=  42
     k-point:    13    nbnd_occ=  42
     k-point:    14    nbnd_occ=  42
     k-point:    15    nbnd_occ=  42
     k-point:    16    nbnd_occ=  42


     q-space interpolation up to   110.00 Rydberg

     GIPAW job: efg                                                                             


     ELECTRIC FIELD GRADIENTS TENSORS IN Hartree/bohrradius^2:

     ----- bare term -----
     Cl   1       -0.012141        0.063352       -0.007275
     Cl   1        0.063352        0.091493        0.023372
     Cl   1       -0.007275        0.023372       -0.079351

     C    2       -0.251471        0.159647       -0.397979
     C    2        0.159647       -0.085903       -0.498909
     C    2       -0.397979       -0.498909        0.337374

     C    3       -0.227319        0.100394       -0.259348
     C    3        0.100394       -0.154954       -0.582293
     C    3       -0.259348       -0.582293        0.382273

     H    4       -0.460981       -0.041240       -0.534097
     H    4       -0.041240        0.329352       -0.097105
     H    4       -0.534097       -0.097105        0.131629

     C    5       -0.410867        0.306037       -0.228702
     C    5        0.306037       -0.076138       -0.454166
     C    5       -0.228702       -0.454166        0.487005

     H    6        0.308940       -0.124383       -0.176022
     H    6       -0.124383       -0.328464       -0.522400
     H    6       -0.176022       -0.522400        0.019524

     H    7        0.493085        0.067216       -0.050967
     H    7        0.067216       -0.713713       -0.013995
     H    7       -0.050967       -0.013995        0.220627

     C    8       -0.444012       -0.112473       -0.350809
     C    8       -0.112473       -0.063028        0.463816
     C    8       -0.350809        0.463816        0.507040

     H    9       -0.403179        0.450426       -0.188178
     H    9        0.450426        0.150595       -0.014188
     H    9       -0.188178       -0.014188        0.252584

     C   10       -0.313266       -0.356050       -0.157379
     C   10       -0.356050       -0.181405        0.513076
     C   10       -0.157379        0.513076        0.494671

     C   11       -0.089949        0.063090       -0.401509
     C   11        0.063090       -0.158587        0.545310
     C   11       -0.401509        0.545310        0.248536

     Cl  12       -0.136192       -0.037644       -0.058694
     Cl  12       -0.037644       -0.109235        0.027361
     Cl  12       -0.058694        0.027361        0.245427

     H   13        0.351537       -0.142857       -0.055920
     H   13       -0.142857       -0.542684       -0.449226
     H   13       -0.055920       -0.449226        0.191147

     C   14       -0.362162        0.287618       -0.367664
     C   14        0.287618       -0.121861       -0.406276
     C   14       -0.367664       -0.406276        0.484022

     H   15       -0.547180       -0.106066       -0.384083
     H   15       -0.106066        0.320243       -0.194848
     H   15       -0.384083       -0.194848        0.226938

     C   16       -0.130695        0.189225       -0.302528
     C   16        0.189225       -0.393869       -0.500063
     C   16       -0.302528       -0.500063        0.524563

     C   17       -0.445670        0.040386       -0.335257
     C   17        0.040386       -0.082478       -0.443448
     C   17       -0.335257       -0.443448        0.528148

     Cl  18       -0.004648        0.007746       -0.010518
     Cl  18        0.007746        0.032590        0.016795
     Cl  18       -0.010518        0.016795       -0.027941

     H   19        0.471867        0.205031        0.048561
     H   19        0.205031       -0.632516        0.027363
     H   19        0.048561        0.027363        0.160649

     C   20       -0.567335       -0.232139       -0.421847
     C   20       -0.232139       -0.072650        0.254351
     C   20       -0.421847        0.254351        0.639986

     H   21       -0.457847        0.475961       -0.143605
     H   21        0.475961        0.169863        0.002140
     H   21       -0.143605        0.002140        0.287983

     C   22       -0.115856       -0.170239       -0.371991
     C   22       -0.170239       -0.302936        0.510001
     C   22       -0.371991        0.510001        0.418791

     C   23       -0.278608       -0.176201       -0.332458
     C   23       -0.176201       -0.073389        0.463472
     C   23       -0.332458        0.463472        0.351996

     Cl  24       -0.019387        0.027901       -0.001521
     Cl  24        0.027901        0.062457       -0.067196
     Cl  24       -0.001521       -0.067196       -0.043070

     ----- ionic term -----
     Cl   1        0.118146       -0.210841       -0.016935
     Cl   1       -0.210841        0.024990        0.017587
     Cl   1       -0.016935        0.017587       -0.143136

     C    2        0.205327       -0.161602        0.241975
     C    2       -0.161602        0.107120        0.399048
     C    2        0.241975        0.399048       -0.312446

     C    3        0.185839       -0.191117        0.179531
     C    3       -0.191117        0.142652        0.374193
     C    3        0.179531        0.374193       -0.328490

     H    4        0.680480        0.318087        0.629078
     H    4        0.318087       -0.442437        0.226340
     H    4        0.629078        0.226340       -0.238043

     C    5        0.342238       -0.146284        0.280845
     C    5       -0.146284        0.036433        0.279597
     C    5        0.280845        0.279597       -0.378671

     H    6       -0.492290        0.187463        0.110220
     H    6        0.187463        0.743951        0.637010
     H    6        0.110220        0.637010       -0.251661

     H    7       -0.491525       -0.071416        0.041417
     H    7       -0.071416        0.814128       -0.580033
     H    7        0.041417       -0.580033       -0.322603

     C    8        0.361166        0.182028        0.273436
     C    8        0.182028        0.122032       -0.250867
     C    8        0.273436       -0.250867       -0.483198

     H    9        0.701708       -0.390960        0.569255
     H    9       -0.390960       -0.343458       -0.232360
     H    9        0.569255       -0.232360       -0.358251

     C   10        0.182574        0.212813        0.201244
     C   10        0.212813        0.288536       -0.331866
     C   10        0.201244       -0.331866       -0.471110

     C   11        0.263104        0.066626        0.302653
     C   11        0.066626        0.202856       -0.339563
     C   11        0.302653       -0.339563       -0.465960

     Cl  12        0.134624        0.191358        0.046598
     Cl  12        0.191358        0.013952        0.024395
     Cl  12        0.046598        0.024395       -0.148576

     H   13       -0.505144        0.061673        0.045111
     H   13        0.061673        0.551439        0.744386
     H   13        0.045111        0.744386       -0.046296

     C   14        0.290775       -0.179313        0.226133
     C   14       -0.179313        0.019950        0.319338
     C   14        0.226133        0.319338       -0.310725

     H   15        0.499990        0.161904        0.752135
     H   15        0.161904       -0.484597        0.192819
     H   15        0.752135        0.192819       -0.015394

     C   16        0.123125       -0.221081        0.193741
     C   16       -0.221081        0.162222        0.388971
     C   16        0.193741        0.388971       -0.285347

     C   17        0.218813       -0.147900        0.322854
     C   17       -0.147900        0.118704        0.348993
     C   17        0.322854        0.348993       -0.337518

     Cl  18        0.110390       -0.203894        0.033329
     Cl  18       -0.203894        0.044650       -0.016763
     Cl  18        0.033329       -0.016763       -0.155040

     H   19       -0.513012       -0.112427        0.055863
     H   19       -0.112427        0.832198       -0.571440
     H   19        0.055863       -0.571440       -0.319187

     C   20        0.368088        0.084127        0.287110
     C   20        0.084127        0.110357       -0.255056
     C   20        0.287110       -0.255056       -0.478445

     H   21        0.595371       -0.454717        0.580598
     H   21       -0.454717       -0.303155       -0.275928
     H   21        0.580598       -0.275928       -0.292216

     C   22        0.167021        0.126951        0.207543
     C   22        0.126951        0.270709       -0.313466
     C   22        0.207543       -0.313466       -0.437730

     C   23        0.263103        0.110436        0.242030
     C   23        0.110436        0.200316       -0.348310
     C   23        0.242030       -0.348310       -0.463419

     Cl  24        0.140692        0.207810       -0.013032
     Cl  24        0.207810        0.018050       -0.013245
     Cl  24       -0.013032       -0.013245       -0.158742

     ----- GIPAW term -----
     Cl   1        1.171892       -1.578938       -0.040118
     Cl   1       -1.578938        0.934843        0.167656
     Cl   1       -0.040118        0.167656       -2.106734

     C    2       -0.016736       -0.069779       -0.091483
     C    2       -0.069779        0.029055       -0.151252
     C    2       -0.091483       -0.151252       -0.012319

     C    3       -0.107101       -0.042834       -0.021046
     C    3       -0.042834       -0.008340       -0.174781
     C    3       -0.021046       -0.174781        0.115441

     H    4       -0.000000        0.000000        0.000000
     H    4        0.000000        0.000000        0.000000
     H    4        0.000000        0.000000        0.000000

     C    5       -0.118894        0.043569       -0.016252
     C    5        0.043569       -0.044109       -0.177772
     C    5       -0.016252       -0.177772        0.163003

     H    6       -0.000000        0.000000        0.000000
     H    6        0.000000        0.000000        0.000000
     H    6        0.000000        0.000000        0.000000

     H    7       -0.000000        0.000000        0.000000
     H    7        0.000000        0.000000        0.000000
     H    7        0.000000        0.000000        0.000000

     C    8       -0.137847       -0.014757       -0.054685
     C    8       -0.014757       -0.030999        0.202480
     C    8       -0.054685        0.202480        0.168847

     H    9       -0.000000        0.000000        0.000000
     H    9        0.000000        0.000000        0.000000
     H    9        0.000000        0.000000        0.000000

     C   10       -0.119504       -0.039466       -0.018453
     C   10       -0.039466        0.011620        0.155527
     C   10       -0.018453        0.155527        0.107884

     C   11        0.075051        0.167679       -0.084535
     C   11        0.167679       -0.017050        0.078360
     C   11       -0.084535        0.078360       -0.058001

     Cl  12        0.178904        1.941367       -0.426340
     Cl  12        1.941367       -0.861615        0.292977
     Cl  12       -0.426340        0.292977        0.682711

     H   13       -0.000000        0.000000        0.000000
     H   13        0.000000        0.000000        0.000000
     H   13        0.000000        0.000000        0.000000

     C   14       -0.056437        0.082334       -0.109669
     C   14        0.082334       -0.054288       -0.133988
     C   14       -0.109669       -0.133988        0.110725

     H   15       -0.000000        0.000000        0.000000
     H   15        0.000000        0.000000        0.000000
     H   15        0.000000        0.000000        0.000000

     C   16       -0.071499        0.028755       -0.170548
     C   16        0.028755       -0.142247       -0.099857
     C   16       -0.170548       -0.099857        0.213745

     C   17       -0.107476       -0.095732       -0.092171
     C   17       -0.095732       -0.103387       -0.086838
     C   17       -0.092171       -0.086838        0.210863

     Cl  18        1.352192       -2.166315       -0.084570
     Cl  18       -2.166315        0.382809        0.115615
     Cl  18       -0.084570        0.115615       -1.735000

     H   19       -0.000000        0.000000        0.000000
     H   19        0.000000        0.000000        0.000000
     H   19        0.000000        0.000000        0.000000

     C   20       -0.155652       -0.038752       -0.126255
     C   20       -0.038752       -0.104340        0.055777
     C   20       -0.126255        0.055777        0.259992

     H   21       -0.000000        0.000000        0.000000
     H   21        0.000000        0.000000        0.000000
     H   21        0.000000        0.000000        0.000000

     C   22       -0.011705       -0.020758       -0.183015
     C   22       -0.020758       -0.096840        0.091556
     C   22       -0.183015        0.091556        0.108545

     C   23       -0.001297        0.110897       -0.049695
     C   23        0.110897        0.037885        0.108080
     C   23       -0.049695        0.108080       -0.036588

     Cl  24        1.090475        2.263570       -0.025799
     Cl  24        2.263570        0.643276       -0.527479
     Cl  24       -0.025799       -0.527479       -1.733751

     ----- total EFG -----
     Cl   1        1.277896       -1.726428       -0.064328
     Cl   1       -1.726428        1.051325        0.208616
     Cl   1       -0.064328        0.208616       -2.329221

     C    2       -0.062881       -0.071733       -0.247487
     C    2       -0.071733        0.050272       -0.251113
     C    2       -0.247487       -0.251113        0.012609

     C    3       -0.148582       -0.133557       -0.100863
     C    3       -0.133557       -0.020643       -0.382881
     C    3       -0.100863       -0.382881        0.169224

     H    4        0.219499        0.276847        0.094981
     H    4        0.276847       -0.113085        0.129235
     H    4        0.094981        0.129235       -0.106414

     C    5       -0.187523        0.203322        0.035891
     C    5        0.203322       -0.083814       -0.352340
     C    5        0.035891       -0.352340        0.271337

     H    6       -0.183351        0.063080       -0.065802
     H    6        0.063080        0.415487        0.114610
     H    6       -0.065802        0.114610       -0.232137

     H    7        0.001560       -0.004200       -0.009550
     H    7       -0.004200        0.100416       -0.594028
     H    7       -0.009550       -0.594028       -0.101975

     C    8       -0.220694        0.054799       -0.132057
     C    8        0.054799        0.028004        0.415429
     C    8       -0.132057        0.415429        0.192689

     H    9        0.298529        0.059467        0.381077
     H    9        0.059467       -0.192862       -0.246548
     H    9        0.381077       -0.246548       -0.105667

     C   10       -0.250196       -0.182702        0.025413
     C   10       -0.182702        0.118752        0.336737
     C   10        0.025413        0.336737        0.131444

     C   11        0.248206        0.297395       -0.183391
     C   11        0.297395        0.027219        0.284106
     C   11       -0.183391        0.284106       -0.275425

     Cl  12        0.177336        2.095082       -0.438436
     Cl  12        2.095082       -0.956897        0.344733
     Cl  12       -0.438436        0.344733        0.779562

     H   13       -0.153607       -0.081184       -0.010808
     H   13       -0.081184        0.008756        0.295160
     H   13       -0.010808        0.295160        0.144851

     C   14       -0.127824        0.190639       -0.251200
     C   14        0.190639       -0.156198       -0.220926
     C   14       -0.251200       -0.220926        0.284022

     H   15       -0.047190        0.055839        0.368052
     H   15        0.055839       -0.164354       -0.002028
     H   15        0.368052       -0.002028        0.211544

     C   16       -0.079068       -0.003101       -0.279335
     C   16       -0.003101       -0.373894       -0.210949
     C   16       -0.279335       -0.210949        0.452962

     C   17       -0.334333       -0.203246       -0.104574
     C   17       -0.203246       -0.067161       -0.181294
     C   17       -0.104574       -0.181294        0.401493

     Cl  18        1.457933       -2.362464       -0.061760
     Cl  18       -2.362464        0.460049        0.115647
     Cl  18       -0.061760        0.115647       -1.917982

     H   19       -0.041145        0.092604        0.104423
     H   19        0.092604        0.199682       -0.544077
     H   19        0.104423       -0.544077       -0.158537

     C   20       -0.354900       -0.186765       -0.260993
     C   20       -0.186765       -0.066634        0.055071
     C   20       -0.260993        0.055071        0.421534

     H   21        0.137524        0.021244        0.436993
     H   21        0.021244       -0.133291       -0.273789
     H   21        0.436993       -0.273789       -0.004232

     C   22        0.039461       -0.064046       -0.347464
     C   22       -0.064046       -0.129067        0.288091
     C   22       -0.347464        0.288091        0.089606

     C   23       -0.016802        0.045133       -0.140123
     C   23        0.045133        0.164812        0.223241
     C   23       -0.140123        0.223241       -0.148011

     Cl  24        1.211781        2.499281       -0.040352
     Cl  24        2.499281        0.723782       -0.607920
     Cl  24       -0.040352       -0.607920       -1.935563

     ----- total EFG (symmetrized) -----
     Cl   1        1.277896       -1.726428       -0.064328
     Cl   1       -1.726428        1.051325        0.208616
     Cl   1       -0.064328        0.208616       -2.329221

     C    2       -0.062881       -0.071733       -0.247487
     C    2       -0.071733        0.050272       -0.251113
     C    2       -0.247487       -0.251113        0.012609

     C    3       -0.148582       -0.133557       -0.100863
     C    3       -0.133557       -0.020643       -0.382881
     C    3       -0.100863       -0.382881        0.169224

     H    4        0.219499        0.276847        0.094981
     H    4        0.276847       -0.113085        0.129235
     H    4        0.094981        0.129235       -0.106414

     C    5       -0.187523        0.203322        0.035891
     C    5        0.203322       -0.083814       -0.352340
     C    5        0.035891       -0.352340        0.271337

     H    6       -0.183351        0.063080       -0.065802
     H    6        0.063080        0.415487        0.114610
     H    6       -0.065802        0.114610       -0.232137

     H    7        0.001560       -0.004200       -0.009550
     H    7       -0.004200        0.100416       -0.594028
     H    7       -0.009550       -0.594028       -0.101975

     C    8       -0.220694        0.054799       -0.132057
     C    8        0.054799        0.028004        0.415429
     C    8       -0.132057        0.415429        0.192689

     H    9        0.298529        0.059467        0.381077
     H    9        0.059467       -0.192862       -0.246548
     H    9        0.381077       -0.246548       -0.105667

     C   10       -0.250196       -0.182702        0.025413
     C   10       -0.182702        0.118752        0.336737
     C   10        0.025413        0.336737        0.131444

     C   11        0.248206        0.297395       -0.183391
     C   11        0.297395        0.027219        0.284106
     C   11       -0.183391        0.284106       -0.275425

     Cl  12        0.177336        2.095082       -0.438436
     Cl  12        2.095082       -0.956897        0.344733
     Cl  12       -0.438436        0.344733        0.779562

     H   13       -0.153607       -0.081184       -0.010808
     H   13       -0.081184        0.008756        0.295160
     H   13       -0.010808        0.295160        0.144851

     C   14       -0.127824        0.190639       -0.251200
     C   14        0.190639       -0.156198       -0.220926
     C   14       -0.251200       -0.220926        0.284022

     H   15       -0.047190        0.055839        0.368052
     H   15        0.055839       -0.164354       -0.002028
     H   15        0.368052       -0.002028        0.211544

     C   16       -0.079068       -0.003101       -0.279335
     C   16       -0.003101       -0.373894       -0.210949
     C   16       -0.279335       -0.210949        0.452962

     C   17       -0.334333       -0.203246       -0.104574
     C   17       -0.203246       -0.067161       -0.181294
     C   17       -0.104574       -0.181294        0.401493

     Cl  18        1.457933       -2.362464       -0.061760
     Cl  18       -2.362464        0.460049        0.115647
     Cl  18       -0.061760        0.115647       -1.917982

     H   19       -0.041145        0.092604        0.104423
     H   19        0.092604        0.199682       -0.544077
     H   19        0.104423       -0.544077       -0.158537

     C   20       -0.354900       -0.186765       -0.260993
     C   20       -0.186765       -0.066634        0.055071
     C   20       -0.260993        0.055071        0.421534

     H   21        0.137524        0.021244        0.436993
     H   21        0.021244       -0.133291       -0.273789
     H   21        0.436993       -0.273789       -0.004232

     C   22        0.039461       -0.064046       -0.347464
     C   22       -0.064046       -0.129067        0.288091
     C   22       -0.347464        0.288091        0.089606

     C   23       -0.016802        0.045133       -0.140123
     C   23        0.045133        0.164812        0.223241
     C   23       -0.140123        0.223241       -0.148011

     Cl  24        1.211781        2.499281       -0.040352
     Cl  24        2.499281        0.723782       -0.607920
     Cl  24       -0.040352       -0.607920       -1.935563


     NQR/NMR SPECTROSCOPIC PARAMETERS:
     Cl   1    Vxx=   -0.5589    axis=(  0.684732  0.726262  0.060704)
     Cl   1    Vyy=   -2.3427    axis=(  0.015200  0.069044 -0.997498)
     Cl   1    Vzz=    2.9016    axis=( -0.728636  0.683942  0.036237)
     Cl   1  Q=        -8.1650 1e-30 m^2  Cq=       -55.6662 MHz  eta= 0.61474

     C    2    Vxx=    0.0632    axis=( -0.718743  0.673994  0.170707)
     C    2    Vyy=    0.3287    axis=( -0.361015 -0.571608  0.736840)
     C    2    Vzz=   -0.3918    axis=( -0.594203 -0.467970 -0.654161)
     C    2  Q=         1.0000 1e-30 m^2  Cq=        -0.9207 MHz  eta= 0.67758

     C    3    Vxx=   -0.0463    axis=(  0.853285 -0.407766 -0.325010)
     C    3    Vyy=   -0.4224    axis=(  0.521422  0.673094  0.524465)
     C    3    Vzz=    0.4688    axis=(  0.004903 -0.616986  0.786959)
     C    3  Q=         1.0000 1e-30 m^2  Cq=         1.1014 MHz  eta= 0.80230

     H    4    Vxx=   -0.1206    axis=( -0.418182  0.210528  0.883630)
     H    4    Vyy=   -0.2969    axis=( -0.381376  0.842189 -0.381143)
     H    4    Vzz=    0.4175    axis=( -0.824425 -0.496382 -0.271898)
     H    4  Q=         1.0000 1e-30 m^2  Cq=         0.9810 MHz  eta= 0.42242

     C    5    Vxx=   -0.0508    axis=(  0.788200  0.457095  0.412073)
     C    5    Vyy=   -0.4465    axis=(  0.603963 -0.703121 -0.375300)
     C    5    Vzz=    0.4974    axis=( -0.118189 -0.544688  0.830269)
     C    5  Q=         1.0000 1e-30 m^2  Cq=         1.1686 MHz  eta= 0.79553

     H    6    Vxx=   -0.1378    axis=(  0.831295  0.020284 -0.555461)
     H    6    Vyy=   -0.3016    axis=( -0.549636  0.178785 -0.816049)
     H    6    Vzz=    0.4394    axis=(  0.082756  0.983679  0.159772)
     H    6  Q=         1.0000 1e-30 m^2  Cq=         1.0324 MHz  eta= 0.37260

     H    7    Vxx=    0.0017    axis=(  0.999851 -0.014422 -0.009466)
     H    7    Vyy=    0.6018    axis=( -0.004915 -0.764142  0.645029)
     H    7    Vzz=   -0.6035    axis=( -0.016536 -0.644887 -0.764099)
     H    7  Q=         1.0000 1e-30 m^2  Cq=        -1.4181 MHz  eta= 0.99433

     C    8    Vxx=   -0.1371    axis=(  0.810236  0.500128 -0.305596)
     C    8    Vyy=   -0.4029    axis=( -0.579107  0.602808 -0.548870)
     C    8    Vzz=    0.5400    axis=( -0.090289  0.621687  0.778044)
     C    8  Q=         1.0000 1e-30 m^2  Cq=         1.2687 MHz  eta= 0.49233

     H    9    Vxx=   -0.0185    axis=(  0.405502  0.789583 -0.460572)
     H    9    Vyy=   -0.5180    axis=( -0.373024  0.602931  0.705214)
     H    9    Vzz=    0.5365    axis=(  0.834518 -0.114161  0.539023)
     H    9  Q=         1.0000 1e-30 m^2  Cq=         1.2606 MHz  eta= 0.93101

     C   10    Vxx=   -0.0906    axis=( -0.627728  0.461015 -0.627234)
     C   10    Vyy=   -0.3886    axis=( -0.762756 -0.525172  0.377357)
     C   10    Vzz=    0.4792    axis=( -0.155438  0.715304  0.681307)
     C   10  Q=         1.0000 1e-30 m^2  Cq=         1.1259 MHz  eta= 0.62176

     C   11    Vxx=    0.1137    axis=( -0.449354  0.607289  0.655195)
     C   11    Vyy=    0.4552    axis=( -0.814422 -0.579890 -0.021068)
     C   11    Vzz=   -0.5689    axis=(  0.367147 -0.543072  0.755166)
     C   11  Q=         1.0000 1e-30 m^2  Cq=        -1.3367 MHz  eta= 0.60034

     Cl  12    Vxx=    0.8447    axis=(  0.020745  0.211115  0.977241)
     Cl  12    Vyy=    1.8008    axis=( -0.796577 -0.587195  0.143762)
     Cl  12    Vzz=   -2.6456    axis=(  0.604181 -0.781430  0.155988)
     Cl  12  Q=        -8.1650 1e-30 m^2  Cq=        50.7540 MHz  eta= 0.36140

     H   13    Vxx=   -0.1277    axis=( -0.861741  0.326789 -0.388087)
     H   13    Vyy=   -0.2585    axis=( -0.495345 -0.707334  0.504293)
     H   13    Vzz=    0.3862    axis=( -0.109710  0.626807  0.771412)
     H   13  Q=         1.0000 1e-30 m^2  Cq=         0.9075 MHz  eta= 0.33878

     C   14    Vxx=   -0.1877    axis=(  0.573426  0.581053  0.577546)
     C   14    Vyy=   -0.3334    axis=( -0.697615  0.715939 -0.027648)
     C   14    Vzz=    0.5211    axis=( -0.429553 -0.387050  0.815890)
     C   14  Q=         1.0000 1e-30 m^2  Cq=         1.2243 MHz  eta= 0.27975

     H   15    Vxx=   -0.1519    axis=(  0.206649  0.956923 -0.203949)
     H   15    Vyy=   -0.3219    axis=( -0.788135  0.286323  0.544850)
     H   15    Vzz=    0.4738    axis=(  0.579775  0.048147  0.813353)
     H   15  Q=         1.0000 1e-30 m^2  Cq=         1.1132 MHz  eta= 0.35893

     C   16    Vxx=   -0.1697    axis=(  0.900346 -0.319239  0.295743)
     C   16    Vyy=   -0.4410    axis=( -0.233097 -0.927663 -0.291733)
     C   16    Vzz=    0.6107    axis=( -0.367482 -0.193724  0.909631)
     C   16  Q=         1.0000 1e-30 m^2  Cq=         1.4350 MHz  eta= 0.44420

     C   17    Vxx=    0.0159    axis=(  0.539326 -0.808916 -0.234056)
     C   17    Vyy=    0.4650    axis=(  0.046549  0.306157 -0.950842)
     C   17    Vzz=   -0.4809    axis=(  0.840810  0.501918  0.202773)
     C   17  Q=         1.0000 1e-30 m^2  Cq=        -1.1299 MHz  eta= 0.93390

     Cl  18    Vxx=   -1.4501    axis=(  0.628265  0.770535  0.107518)
     Cl  18    Vyy=   -1.9262    axis=( -0.050141 -0.097809  0.993941)
     Cl  18    Vzz=    3.3763    axis=(  0.776382 -0.629849 -0.022815)
     Cl  18  Q=        -8.1650 1e-30 m^2  Cq=       -64.7731 MHz  eta= 0.14103

     H   19    Vxx=   -0.0061    axis=(  0.968906  0.126377  0.212720)
     H   19    Vyy=   -0.5875    axis=( -0.246418  0.570475  0.783477)
     H   19    Vzz=    0.5937    axis=( -0.022338 -0.811534  0.583879)
     H   19  Q=         1.0000 1e-30 m^2  Cq=         1.3949 MHz  eta= 0.97931

     C   20    Vxx=   -0.0241    axis=( -0.291788  0.913415 -0.283782)
     C   20    Vyy=   -0.4975    axis=( -0.902484 -0.361197 -0.234647)
     C   20    Vzz=    0.5216    axis=( -0.316832  0.187641  0.929736)
     C   20  Q=         1.0000 1e-30 m^2  Cq=         1.2255 MHz  eta= 0.90766

     H   21    Vxx=   -0.0358    axis=(  0.527091  0.812652 -0.248539)
     H   21    Vyy=   -0.5148    axis=( -0.484562  0.527668  0.697686)
     H   21    Vzz=    0.5506    axis=( -0.698122  0.247312 -0.671909)
     H   21  Q=         1.0000 1e-30 m^2  Cq=         1.2937 MHz  eta= 0.87004

     C   22    Vxx=   -0.1173    axis=( -0.689556 -0.701016 -0.181904)
     C   22    Vyy=   -0.4003    axis=(  0.438193 -0.603817  0.665877)
     C   22    Vzz=    0.5176    axis=( -0.576627  0.379450  0.723546)
     C   22  Q=         1.0000 1e-30 m^2  Cq=         1.2162 MHz  eta= 0.54671

     C   23    Vxx=    0.0481    axis=(  0.902676  0.278419 -0.328114)
     C   23    Vyy=    0.2833    axis=( -0.093761  0.871421  0.481492)
     C   23    Vzz=   -0.3314    axis=(  0.419982 -0.403867  0.812716)
     C   23  Q=         1.0000 1e-30 m^2  Cq=        -0.7786 MHz  eta= 0.70997

     Cl  24    Vxx=   -1.2844    axis=( -0.607958  0.598793 -0.521377)
     Cl  24    Vyy=   -2.2300    axis=(  0.303441 -0.431587 -0.849503)
     Cl  24    Vzz=    3.5144    axis=( -0.733696 -0.674670  0.080688)
     Cl  24  Q=        -8.1650 1e-30 m^2  Cq=       -67.4226 MHz  eta= 0.26905

     Initialization:
     gipaw_setup  :      9.25s CPU     10.96s WALL (       1 calls)

     Linear response

     Apply operators

     Induced current

     Other routines
     efg          :      9.24s CPU     11.84s WALL (       1 calls)

     General routines
     calbec       :      3.30s CPU      4.53s WALL (      16 calls)
     fft          :      1.56s CPU      2.46s WALL (      15 calls)
     ffts         :      0.05s CPU      0.06s WALL (       2 calls)
     fftw         :      3.25s CPU      3.97s WALL (     672 calls)
     davcio       :      0.02s CPU      0.33s WALL (      32 calls)

     Parallel routines
     fft_scatter  :      2.19s CPU      3.66s WALL (     689 calls)

     Plugins

     GIPAW        :     61.14s CPU     73.05s WALL (       1 calls)
