
     Program QE v.6.0 (svn rev. 13079) starts on 20Jan2017 at 22:32:14 

     This program is part of the open-source Quantum ESPRESSO suite
     for quantum simulation of materials; please cite
         "P. Giannozzi et al., J. Phys.:Condens. Matter 21 395502 (2009);
          URL http://www.quantum-espresso.org", 
     in publications or presentations arising from this work. More details at
     http://www.quantum-espresso.org/quote

     Parallel version (MPI), running on     8 processors
     R & G space division:  proc/nbgrp/npool/nimage =       8

     ***** This is GIPAW svn revision unknown      *****

     Parallelizing q-star over 1 images

     Reading data from directory:
     /users/majewski/paradichlorobenzene/pbe/9_constraint/scratch/pbe.ecut100.np8.dt60.pcl2phi-129368.save
     Message from routine read_xml_file:
     file /users/majewski/paradichlorobenzene/pbe/9_constraint/scratch/pbe.ecut100.np8.dt60.pcl2phi-129368.save not guaranteed to be safe for post-processing

   Info: using nr1, nr2, nr3 values from input

   Info: using nr1, nr2, nr3 values from input

     IMPORTANT: XC functional enforced from input :
     Exchange-correlation      =  SLA  PW   PBX  PBC ( 1  4  3  4 0 0)
     Any further DFT definition will be discarded
     Please, verify this is what you really want

               file C.pbe-n-kjpaw_psl.1.0.0.UPF: wavefunction(s)  2S 2P renormalized
               file Cl.pbe-n-kjpaw_psl.1.0.0.UPF: wavefunction(s)  3S 3P renormalized
               file H.pbe-kjpaw_psl.1.0.0.UPF: wavefunction(s)  1S renormalized

     Parallelization info
     --------------------
     sticks:   dense  smooth     PW     G-vecs:    dense   smooth      PW
     Min        3057    1223    332               144436    36536    5170
     Max        3059    1225    333               144437    36537    5171
     Sum       24467    9791   2657              1155489   292295   41363


     Subspace diagonalization in iterative solution of the eigenvalue problem:
     a serial algorithm will be used

     GIPAW projectors -----------------------------------------------
     atom=  C    l=0  rc=    1.2000  rs=    0.8000
     atom=  C    l=0  rc=    1.2000  rs=    0.8000
     atom=  C    l=1  rc=    1.4000  rs=    0.9333
     atom=  C    l=1  rc=    1.4000  rs=    0.9333
     projs nearly linearly dependent: l=1  n1,n2= 1, 2  s=  0.99951561

     atom=  Cl   l=0  rc=    1.6000  rs=    1.0667
     atom=  Cl   l=0  rc=    1.6000  rs=    1.0667
     atom=  Cl   l=1  rc=    1.6000  rs=    1.0667
     atom=  Cl   l=1  rc=    1.6000  rs=    1.0667
     atom=  Cl   l=2  rc=    1.6000  rs=    1.0667
     atom=  Cl   l=2  rc=    1.6000  rs=    1.0667
     projs nearly linearly dependent: l=2  n1,n2= 1, 2  s=  0.99993509

     atom=  H    l=0  rc=    1.0000  rs=    0.6667
     atom=  H    l=0  rc=    1.0000  rs=    0.6667
     projs nearly linearly dependent: l=0  n1,n2= 1, 2  s=  0.99968852
     -----------------------------------------------------------------

     GIPAW integrals: -------------------------------------------
     Atom  i/j   nmr_para   nmr_dia   epr_rmc  epr_para   epr_dia
       C   1 1   0.83E+03  0.17E-01  0.93E+01  0.24E+08  0.24E+03
       C   2 1   0.86E+03 -0.61E-01  0.94E+01  0.25E+08  0.25E+03
       C   2 2   0.90E+03 -0.15E+00  0.97E+01  0.26E+08  0.26E+03
       C   3 3   0.33E+01  0.34E+00  0.18E+01  0.55E+03  0.21E+02
       C   4 3   0.35E+01  0.37E+00  0.20E+01  0.59E+03  0.22E+02
       C   4 4   0.38E+01  0.39E+00  0.22E+01  0.63E+03  0.24E+02
       Cl  1 1   0.14E+04 -0.47E+00  0.84E+01  0.32E+09  0.42E+03
       Cl  2 1   0.21E+04 -0.37E+00  0.12E+02  0.49E+09  0.65E+03
       Cl  2 2   0.33E+04 -0.16E+00  0.21E+02  0.76E+09  0.10E+04
       Cl  3 3   0.21E+02  0.79E-01  0.89E+01  0.23E+05  0.13E+03
       Cl  4 3   0.24E+02  0.67E-01  0.99E+01  0.27E+05  0.15E+03
       Cl  4 4   0.28E+02  0.44E-01  0.11E+02  0.32E+05  0.18E+03
       Cl  5 5   0.77E+00  0.19E+00  0.18E+01  0.12E+03  0.22E+02
       Cl  6 5   0.80E+00  0.19E+00  0.19E+01  0.12E+03  0.23E+02
       Cl  6 6   0.83E+00  0.20E+00  0.19E+01  0.12E+03  0.23E+02
       H   1 1   0.39E+02  0.19E+00  0.29E+00  0.78E+05  0.13E+02
       H   2 1   0.41E+02  0.21E+00  0.32E+00  0.82E+05  0.14E+02
       H   2 2   0.43E+02  0.22E+00  0.36E+00  0.86E+05  0.15E+02
     ------------------------------------------------------------

     alpha_pv=     34.3251 eV

     Number of occupied bands for each k-point:
     k-point:     1    nbnd_occ=  42
     k-point:     2    nbnd_occ=  42
     k-point:     3    nbnd_occ=  42
     k-point:     4    nbnd_occ=  42
     k-point:     5    nbnd_occ=  42
     k-point:     6    nbnd_occ=  42
     k-point:     7    nbnd_occ=  42
     k-point:     8    nbnd_occ=  42
     k-point:     9    nbnd_occ=  42
     k-point:    10    nbnd_occ=  42
     k-point:    11    nbnd_occ=  42
     k-point:    12    nbnd_occ=  42
     k-point:    13    nbnd_occ=  42
     k-point:    14    nbnd_occ=  42
     k-point:    15    nbnd_occ=  42
     k-point:    16    nbnd_occ=  42


     q-space interpolation up to   110.00 Rydberg

     GIPAW job: efg                                                                             


     ELECTRIC FIELD GRADIENTS TENSORS IN Hartree/bohrradius^2:

     ----- bare term -----
     Cl   1        0.196699        0.060142        0.050317
     Cl   1        0.060142       -0.256719       -0.196054
     Cl   1        0.050317       -0.196054        0.060020

     C    2       -0.741713        0.475520       -0.375820
     C    2        0.475520        0.267320       -0.037898
     C    2       -0.375820       -0.037898        0.474392

     C    3        0.188864        0.021200       -0.183339
     C    3        0.021200       -0.337039       -0.606640
     C    3       -0.183339       -0.606640        0.148174

     H    4       -0.362005        0.243587       -0.337892
     H    4        0.243587       -0.022786       -0.260106
     H    4       -0.337892       -0.260106        0.384791

     C    5       -0.799148        0.392715       -0.387494
     C    5        0.392715        0.304671       -0.075388
     C    5       -0.387494       -0.075388        0.494477

     H    6        0.418747       -0.001857       -0.101465
     H    6       -0.001857       -0.598256       -0.677134
     H    6       -0.101465       -0.677134        0.179508

     H    7        0.390053        0.312558       -0.004544
     H    7        0.312558       -0.752659        0.159833
     H    7       -0.004544        0.159833        0.362606

     C    8        0.057744        0.007139       -0.104501
     C    8        0.007139       -0.138519        0.262662
     C    8       -0.104501        0.262662        0.080776

     H    9       -0.197959        0.360861        0.099768
     H    9        0.360861       -0.066605       -0.155148
     H    9        0.099768       -0.155148        0.264564

     C   10       -0.214107       -0.018106        0.110359
     C   10       -0.018106       -0.106089       -0.189779
     C   10        0.110359       -0.189779        0.320196

     C   11        0.183563        0.071025       -0.187503
     C   11        0.071025       -0.105541        0.390746
     C   11       -0.187503        0.390746       -0.078022

     Cl  12       -0.024888       -0.266989        0.051878
     Cl  12       -0.266989       -0.162709       -0.251536
     Cl  12        0.051878       -0.251536        0.187597

     H   13        0.406847       -0.264706       -0.024922
     H   13       -0.264706       -0.743752       -0.242347
     H   13       -0.024922       -0.242347        0.336905

     C   14        0.019003        0.106976       -0.095354
     C   14        0.106976       -0.100014       -0.383483
     C   14       -0.095354       -0.383483        0.081011

     H   15       -0.230311       -0.541889       -0.126286
     H   15       -0.541889       -0.163711        0.024817
     H   15       -0.126286        0.024817        0.394022

     C   16       -0.619229        0.305108       -0.224939
     C   16        0.305108        0.248929       -0.127879
     C   16       -0.224939       -0.127879        0.370300

     C   17        0.079084       -0.104592       -0.299052
     C   17       -0.104592       -0.076947       -0.607114
     C   17       -0.299052       -0.607114       -0.002137

     Cl  18       -0.335570        0.316963        0.015472
     Cl  18        0.316963        0.167634       -0.081661
     Cl  18        0.015472       -0.081661        0.167936

     H   19        0.339810        0.070324       -0.004009
     H   19        0.070324       -0.476295        0.631452
     H   19       -0.004009        0.631452        0.136485

     C   20       -0.886802       -0.351547       -0.359459
     C   20       -0.351547        0.492996        0.090210
     C   20       -0.359459        0.090210        0.393806

     H   21       -0.582990        0.126867        0.008074
     H   21        0.126867        0.425277        0.249350
     H   21        0.008074        0.249350        0.157713

     C   22        0.028031       -0.023417       -0.225004
     C   22       -0.023417       -0.103549        0.579265
     C   22       -0.225004        0.579265        0.075518

     C   23       -0.759988       -0.455342       -0.351547
     C   23       -0.455342        0.354956        0.076861
     C   23       -0.351547        0.076861        0.405032

     Cl  24       -0.008076       -0.017550        0.042611
     Cl  24       -0.017550        0.021454       -0.084196
     Cl  24        0.042611       -0.084196       -0.013378

     ----- ionic term -----
     Cl   1        0.145333       -0.202054       -0.005752
     Cl   1       -0.202054       -0.000740        0.010186
     Cl   1       -0.005752        0.010186       -0.144592

     C    2        0.268521       -0.074829        0.242222
     C    2       -0.074829        0.111410        0.411535
     C    2        0.242222        0.411535       -0.379930

     C    3        0.150054       -0.228957        0.202627
     C    3       -0.228957        0.224855        0.388777
     C    3        0.202627        0.388777       -0.374909

     H    4        0.621099        0.310005        0.663520
     H    4        0.310005       -0.400319        0.229136
     H    4        0.663520        0.229136       -0.220780

     C    5        0.301547       -0.250557        0.200363
     C    5       -0.250557        0.123052        0.295670
     C    5        0.200363        0.295670       -0.424599

     H    6       -0.510880       -0.022892       -0.007002
     H    6       -0.022892        0.662390        0.711514
     H    6       -0.007002        0.711514       -0.151510

     H    7       -0.513791       -0.115521        0.065290
     H    7       -0.115521        0.555729       -0.753745
     H    7        0.065290       -0.753745       -0.041939

     C    8        0.382689        0.144754        0.096340
     C    8        0.144754        0.021414       -0.335784
     C    8        0.096340       -0.335784       -0.404102

     H    9        0.898347       -0.433008        0.275547
     H    9       -0.433008       -0.334701       -0.151472
     H    9        0.275547       -0.151472       -0.563646

     C   10        0.289585        0.158062        0.018741
     C   10        0.158062        0.179827       -0.366692
     C   10        0.018741       -0.366692       -0.469412

     C   11        0.322434        0.050047        0.160859
     C   11        0.050047        0.158906       -0.377547
     C   11        0.160859       -0.377547       -0.481340

     Cl  12        0.159746        0.188547       -0.008794
     Cl  12        0.188547        0.009751       -0.028382
     Cl  12       -0.008794       -0.028382       -0.169497

     H   13       -0.509211        0.111688        0.064970
     H   13        0.111688        0.682619        0.697027
     H   13        0.064970        0.697027       -0.173408

     C   14        0.370273       -0.153061        0.225266
     C   14       -0.153061        0.069209        0.309446
     C   14        0.225266        0.309446       -0.439482

     H   15        0.763229        0.347855        0.549892
     H   15        0.347855       -0.410821        0.220155
     H   15        0.549892        0.220155       -0.352408

     C   16        0.188750       -0.165810        0.166715
     C   16       -0.165810        0.251939        0.386020
     C   16        0.166715        0.386020       -0.440689

     C   17        0.224081       -0.102205        0.224430
     C   17       -0.102205        0.193742        0.403617
     C   17        0.224430        0.403617       -0.417824

     Cl  18        0.129594       -0.185844       -0.020915
     Cl  18       -0.185844        0.025016        0.027408
     Cl  18       -0.020915        0.027408       -0.154609

     H   19       -0.483361        0.079455       -0.047111
     H   19        0.079455        0.711998       -0.674428
     H   19       -0.047111       -0.674428       -0.228637

     C   20        0.395105        0.150736        0.136150
     C   20        0.150736        0.099590       -0.288401
     C   20        0.136150       -0.288401       -0.494694

     H   21        0.743240       -0.551962        0.337726
     H   21       -0.551962       -0.236249       -0.194671
     H   21        0.337726       -0.194671       -0.506991

     C   22        0.229011        0.178206        0.088299
     C   22        0.178206        0.197635       -0.347444
     C   22        0.088299       -0.347444       -0.426646

     C   23        0.277887        0.148275        0.122277
     C   23        0.148275        0.120577       -0.373182
     C   23        0.122277       -0.373182       -0.398464

     Cl  24        0.159578        0.224348       -0.020390
     Cl  24        0.224348       -0.010766       -0.016931
     Cl  24       -0.020390       -0.016931       -0.148813

     ----- GIPAW term -----
     Cl   1       -0.098010       -0.637547        0.336560
     Cl   1       -0.637547        0.985961        1.327779
     Cl   1        0.336560        1.327779       -0.887952

     C    2       -0.109857        0.066129       -0.001613
     C    2        0.066129        0.140353        0.101884
     C    2       -0.001613        0.101884       -0.030496

     C    3       -0.081815       -0.046175       -0.020079
     C    3       -0.046175        0.153769        0.095344
     C    3       -0.020079        0.095344       -0.071954

     H    4       -0.000000        0.000000        0.000000
     H    4        0.000000        0.000000        0.000000
     H    4        0.000000        0.000000        0.000000

     C    5       -0.113937       -0.086643       -0.064995
     C    5       -0.086643        0.157758        0.089294
     C    5       -0.064995        0.089294       -0.043821

     H    6       -0.000000        0.000000        0.000000
     H    6        0.000000        0.000000        0.000000
     H    6        0.000000        0.000000        0.000000

     H    7       -0.000000        0.000000        0.000000
     H    7        0.000000        0.000000        0.000000
     H    7        0.000000        0.000000        0.000000

     C    8       -0.026057       -0.028421       -0.001453
     C    8       -0.028421        0.112123        0.063407
     C    8       -0.001453        0.063407       -0.086066

     H    9       -0.000000        0.000000        0.000000
     H    9        0.000000        0.000000        0.000000
     H    9        0.000000        0.000000        0.000000

     C   10       -0.004001        0.023237        0.017937
     C   10        0.023237       -0.001601       -0.033439
     C   10        0.017937       -0.033439        0.005602

     C   11        0.008456        0.010902       -0.026484
     C   11        0.010902        0.058931        0.041818
     C   11       -0.026484        0.041818       -0.067387

     Cl  12       -0.786553       -0.088756       -0.231199
     Cl  12       -0.088756        0.823468        1.291076
     Cl  12       -0.231199        1.291076       -0.036914

     H   13       -0.000000        0.000000        0.000000
     H   13        0.000000        0.000000        0.000000
     H   13        0.000000        0.000000        0.000000

     C   14       -0.061835        0.070481        0.013254
     C   14        0.070481        0.193812       -0.029003
     C   14        0.013254       -0.029003       -0.131976

     H   15       -0.000000        0.000000        0.000000
     H   15        0.000000        0.000000        0.000000
     H   15        0.000000        0.000000        0.000000

     C   16       -0.167380        0.077727       -0.042728
     C   16        0.077727        0.230122       -0.031334
     C   16       -0.042728       -0.031334       -0.062742

     C   17       -0.066145       -0.084614       -0.033284
     C   17       -0.084614        0.232409        0.037804
     C   17       -0.033284        0.037804       -0.166265

     Cl  18       -1.267010       -0.867857        0.018247
     Cl  18       -0.867857        2.781240       -1.070217
     Cl  18        0.018247       -1.070217       -1.514230

     H   19       -0.000000        0.000000        0.000000
     H   19        0.000000        0.000000        0.000000
     H   19        0.000000        0.000000        0.000000

     C   20       -0.233815        0.026303       -0.038748
     C   20        0.026303        0.317093       -0.060722
     C   20       -0.038748       -0.060722       -0.083279

     H   21       -0.000000        0.000000        0.000000
     H   21        0.000000        0.000000        0.000000
     H   21        0.000000        0.000000        0.000000

     C   22       -0.118214        0.071955       -0.037807
     C   22        0.071955        0.252865       -0.020316
     C   22       -0.037807       -0.020316       -0.134651

     C   23       -0.170697        0.016562       -0.037632
     C   23        0.016562        0.274241       -0.071319
     C   23       -0.037632       -0.071319       -0.103544

     Cl  24       -0.202671        1.577301        0.117571
     Cl  24        1.577301        1.565937       -1.898746
     Cl  24        0.117571       -1.898746       -1.363266

     ----- total EFG -----
     Cl   1        0.244022       -0.779458        0.381125
     Cl   1       -0.779458        0.728502        1.141911
     Cl   1        0.381125        1.141911       -0.972524

     C    2       -0.583049        0.466820       -0.135211
     C    2        0.466820        0.519083        0.475521
     C    2       -0.135211        0.475521        0.063965

     C    3        0.257104       -0.253932       -0.000791
     C    3       -0.253932        0.041586       -0.122519
     C    3       -0.000791       -0.122519       -0.298689

     H    4        0.259094        0.553592        0.325627
     H    4        0.553592       -0.423105       -0.030970
     H    4        0.325627       -0.030970        0.164011

     C    5       -0.611538        0.055515       -0.252126
     C    5        0.055515        0.585480        0.309576
     C    5       -0.252126        0.309576        0.026058

     H    6       -0.092133       -0.024749       -0.108467
     H    6       -0.024749        0.064134        0.034381
     H    6       -0.108467        0.034381        0.027999

     H    7       -0.123738        0.197037        0.060746
     H    7        0.197037       -0.196930       -0.593912
     H    7        0.060746       -0.593912        0.320667

     C    8        0.414375        0.123472       -0.009614
     C    8        0.123472       -0.004982       -0.009714
     C    8       -0.009614       -0.009714       -0.409393

     H    9        0.700388       -0.072148        0.375315
     H    9       -0.072148       -0.401306       -0.306619
     H    9        0.375315       -0.306619       -0.299081

     C   10        0.071477        0.163194        0.147037
     C   10        0.163194        0.072136       -0.589910
     C   10        0.147037       -0.589910       -0.143613

     C   11        0.514453        0.131974       -0.053128
     C   11        0.131974        0.112296        0.055018
     C   11       -0.053128        0.055018       -0.626749

     Cl  12       -0.651695       -0.167198       -0.188116
     Cl  12       -0.167198        0.670510        1.011158
     Cl  12       -0.188116        1.011158       -0.018815

     H   13       -0.102364       -0.153018        0.040048
     H   13       -0.153018       -0.061134        0.454680
     H   13        0.040048        0.454680        0.163498

     C   14        0.327441        0.024396        0.143166
     C   14        0.024396        0.163006       -0.103040
     C   14        0.143166       -0.103040       -0.490447

     H   15        0.532917       -0.194034        0.423606
     H   15       -0.194034       -0.574532        0.244973
     H   15        0.423606        0.244973        0.041615

     C   16       -0.597860        0.217025       -0.100953
     C   16        0.217025        0.730990        0.226807
     C   16       -0.100953        0.226807       -0.133130

     C   17        0.237021       -0.291412       -0.107906
     C   17       -0.291412        0.349204       -0.165694
     C   17       -0.107906       -0.165694       -0.586225

     Cl  18       -1.472987       -0.736738        0.012804
     Cl  18       -0.736738        2.973890       -1.124470
     Cl  18        0.012804       -1.124470       -1.500903

     H   19       -0.143551        0.149780       -0.051121
     H   19        0.149780        0.235703       -0.042975
     H   19       -0.051121       -0.042975       -0.092152

     C   20       -0.725512       -0.174508       -0.262058
     C   20       -0.174508        0.909678       -0.258913
     C   20       -0.262058       -0.258913       -0.184167

     H   21        0.160251       -0.425095        0.345800
     H   21       -0.425095        0.189028        0.054680
     H   21        0.345800        0.054680       -0.349278

     C   22        0.138828        0.226743       -0.174511
     C   22        0.226743        0.346952        0.211505
     C   22       -0.174511        0.211505       -0.485779

     C   23       -0.652798       -0.290504       -0.266901
     C   23       -0.290504        0.749775       -0.367640
     C   23       -0.266901       -0.367640       -0.096976

     Cl  24       -0.051169        1.784100        0.139792
     Cl  24        1.784100        1.576625       -1.999873
     Cl  24        0.139792       -1.999873       -1.525456

     ----- total EFG (symmetrized) -----
     Cl   1        0.244022       -0.779458        0.381125
     Cl   1       -0.779458        0.728502        1.141911
     Cl   1        0.381125        1.141911       -0.972524

     C    2       -0.583049        0.466820       -0.135211
     C    2        0.466820        0.519083        0.475521
     C    2       -0.135211        0.475521        0.063965

     C    3        0.257104       -0.253932       -0.000791
     C    3       -0.253932        0.041586       -0.122519
     C    3       -0.000791       -0.122519       -0.298689

     H    4        0.259094        0.553592        0.325627
     H    4        0.553592       -0.423105       -0.030970
     H    4        0.325627       -0.030970        0.164011

     C    5       -0.611538        0.055515       -0.252126
     C    5        0.055515        0.585480        0.309576
     C    5       -0.252126        0.309576        0.026058

     H    6       -0.092133       -0.024749       -0.108467
     H    6       -0.024749        0.064134        0.034381
     H    6       -0.108467        0.034381        0.027999

     H    7       -0.123738        0.197037        0.060746
     H    7        0.197037       -0.196930       -0.593912
     H    7        0.060746       -0.593912        0.320667

     C    8        0.414375        0.123472       -0.009614
     C    8        0.123472       -0.004982       -0.009714
     C    8       -0.009614       -0.009714       -0.409393

     H    9        0.700388       -0.072148        0.375315
     H    9       -0.072148       -0.401306       -0.306619
     H    9        0.375315       -0.306619       -0.299081

     C   10        0.071477        0.163194        0.147037
     C   10        0.163194        0.072136       -0.589910
     C   10        0.147037       -0.589910       -0.143613

     C   11        0.514453        0.131974       -0.053128
     C   11        0.131974        0.112296        0.055018
     C   11       -0.053128        0.055018       -0.626749

     Cl  12       -0.651695       -0.167198       -0.188116
     Cl  12       -0.167198        0.670510        1.011158
     Cl  12       -0.188116        1.011158       -0.018815

     H   13       -0.102364       -0.153018        0.040048
     H   13       -0.153018       -0.061134        0.454680
     H   13        0.040048        0.454680        0.163498

     C   14        0.327441        0.024396        0.143166
     C   14        0.024396        0.163006       -0.103040
     C   14        0.143166       -0.103040       -0.490447

     H   15        0.532917       -0.194034        0.423606
     H   15       -0.194034       -0.574532        0.244973
     H   15        0.423606        0.244973        0.041615

     C   16       -0.597860        0.217025       -0.100953
     C   16        0.217025        0.730990        0.226807
     C   16       -0.100953        0.226807       -0.133130

     C   17        0.237021       -0.291412       -0.107906
     C   17       -0.291412        0.349204       -0.165694
     C   17       -0.107906       -0.165694       -0.586225

     Cl  18       -1.472987       -0.736738        0.012804
     Cl  18       -0.736738        2.973890       -1.124470
     Cl  18        0.012804       -1.124470       -1.500903

     H   19       -0.143551        0.149780       -0.051121
     H   19        0.149780        0.235703       -0.042975
     H   19       -0.051121       -0.042975       -0.092152

     C   20       -0.725512       -0.174508       -0.262058
     C   20       -0.174508        0.909678       -0.258913
     C   20       -0.262058       -0.258913       -0.184167

     H   21        0.160251       -0.425095        0.345800
     H   21       -0.425095        0.189028        0.054680
     H   21        0.345800        0.054680       -0.349278

     C   22        0.138828        0.226743       -0.174511
     C   22        0.226743        0.346952        0.211505
     C   22       -0.174511        0.211505       -0.485779

     C   23       -0.652798       -0.290504       -0.266901
     C   23       -0.290504        0.749775       -0.367640
     C   23       -0.266901       -0.367640       -0.096976

     Cl  24       -0.051169        1.784100        0.139792
     Cl  24        1.784100        1.576625       -1.999873
     Cl  24        0.139792       -1.999873       -1.525456


     NQR/NMR SPECTROSCOPIC PARAMETERS:
     Cl   1    Vxx=    0.2477    axis=( -0.846140 -0.230886 -0.480353)
     Cl   1    Vyy=    1.5431    axis=( -0.415423  0.850331  0.323048)
     Cl   1    Vzz=   -1.7908    axis=( -0.333872 -0.472894  0.815415)
     Cl   1  Q=        -8.1650 1e-30 m^2  Cq=        34.3559 MHz  eta= 0.72337

     C    2    Vxx=   -0.0378    axis=( -0.470702 -0.310584  0.825819)
     C    2    Vyy=   -0.8574    axis=( -0.851758  0.404069 -0.333520)
     C    2    Vzz=    0.8953    axis=( -0.230102 -0.860387 -0.454739)
     C    2  Q=         1.0000 1e-30 m^2  Cq=         2.1035 MHz  eta= 0.91554

     C    3    Vxx=   -0.0802    axis=(  0.547755  0.728886 -0.410719)
     C    3    Vyy=   -0.3513    axis=(  0.163269  0.388351  0.906933)
     C    3    Vzz=    0.4315    axis=(  0.820554 -0.563834  0.093717)
     C    3  Q=         1.0000 1e-30 m^2  Cq=         1.0139 MHz  eta= 0.62825

     H    4    Vxx=    0.0637    axis=( -0.304235 -0.400920  0.864121)
     H    4    Vyy=    0.7077    axis=(  0.802779  0.380436  0.459146)
     H    4    Vzz=   -0.7714    axis=(  0.512823 -0.833386 -0.206108)
     H    4  Q=         1.0000 1e-30 m^2  Cq=        -1.8125 MHz  eta= 0.83476

     C    5    Vxx=   -0.0064    axis=( -0.383535 -0.399548  0.832624)
     C    5    Vyy=   -0.7187    axis=( -0.922619  0.125818 -0.364614)
     C    5    Vzz=    0.7251    axis=(  0.040922 -0.908037 -0.416886)
     C    5  Q=         1.0000 1e-30 m^2  Cq=         1.7037 MHz  eta= 0.98246

     H    6    Vxx=    0.0337    axis=( -0.283522 -0.809833  0.513601)
     H    6    Vyy=    0.1225    axis=(  0.418260 -0.586380 -0.693698)
     H    6    Vzz=   -0.1561    axis=( -0.862945 -0.018140 -0.504972)
     H    6  Q=         1.0000 1e-30 m^2  Cq=        -0.3668 MHz  eta= 0.56874

     H    7    Vxx=   -0.0542    axis=(  0.934789  0.252989  0.249332)
     H    7    Vyy=   -0.6596    axis=( -0.348114  0.792049  0.501472)
     H    7    Vzz=    0.7138    axis=( -0.070616 -0.555567  0.828468)
     H    7  Q=         1.0000 1e-30 m^2  Cq=         1.6771 MHz  eta= 0.84810

     C    8    Vxx=   -0.0385    axis=(  0.263353 -0.964523  0.018437)
     C    8    Vyy=   -0.4097    axis=( -0.008455 -0.021418 -0.999735)
     C    8    Vzz=    0.4482    axis=(  0.964662  0.263128 -0.013796)
     C    8  Q=         1.0000 1e-30 m^2  Cq=         1.0531 MHz  eta= 0.82816

     H    9    Vxx=   -0.1587    axis=(  0.334758  0.699050 -0.631875)
     H    9    Vyy=   -0.6899    axis=( -0.151503  0.701768  0.696110)
     H    9    Vzz=    0.8486    axis=(  0.930045 -0.137297  0.340831)
     H    9  Q=         1.0000 1e-30 m^2  Cq=         1.9938 MHz  eta= 0.62596

     C   10    Vxx=    0.1309    axis=( -0.959725 -0.121279 -0.253413)
     C   10    Vyy=    0.5661    axis=( -0.068341 -0.774142  0.629312)
     C   10    Vzz=   -0.6970    axis=( -0.272500  0.621286  0.734675)
     C   10  Q=         1.0000 1e-30 m^2  Cq=        -1.6377 MHz  eta= 0.62433

     C   11    Vxx=    0.0794    axis=( -0.278258  0.955757  0.095405)
     C   11    Vyy=    0.5549    axis=(  0.958898  0.282164 -0.029974)
     C   11    Vzz=   -0.6343    axis=(  0.055568 -0.083143  0.994987)
     C   11  Q=         1.0000 1e-30 m^2  Cq=        -1.4904 MHz  eta= 0.74976

     Cl  12    Vxx=   -0.6483    axis=(  0.856229  0.378295 -0.351804)
     Cl  12    Vyy=   -0.7749    axis=( -0.503045  0.455587 -0.734429)
     Cl  12    Vzz=    1.4232    axis=(  0.117554 -0.805812 -0.580386)
     Cl  12  Q=        -8.1650 1e-30 m^2  Cq=       -27.3031 MHz  eta= 0.08898

     H   13    Vxx=   -0.0516    axis=(  0.924579 -0.226410  0.306420)
     H   13    Vyy=   -0.4744    axis=(  0.366785  0.746530 -0.555123)
     H   13    Vzz=    0.5260    axis=( -0.103066  0.625645  0.773269)
     H   13  Q=         1.0000 1e-30 m^2  Cq=         1.2360 MHz  eta= 0.80374

     C   14    Vxx=    0.1788    axis=( -0.012980  0.987851 -0.154861)
     C   14    Vyy=    0.3520    axis=( -0.985903 -0.038481 -0.162831)
     C   14    Vzz=   -0.5309    axis=( -0.166812  0.150564  0.974425)
     C   14  Q=         1.0000 1e-30 m^2  Cq=        -1.2473 MHz  eta= 0.32625

     H   15    Vxx=   -0.0283    axis=( -0.410557  0.490557  0.768633)
     H   15    Vyy=   -0.7503    axis=(  0.267849  0.870645 -0.412595)
     H   15    Vzz=    0.7786    axis=( -0.871608  0.036484 -0.488844)
     H   15  Q=         1.0000 1e-30 m^2  Cq=         1.8294 MHz  eta= 0.92730

     C   16    Vxx=   -0.1433    axis=( -0.291095 -0.171882  0.941127)
     C   16    Vyy=   -0.6687    axis=( -0.947371  0.188792 -0.258546)
     C   16    Vzz=    0.8120    axis=( -0.133238 -0.966858 -0.217792)
     C   16  Q=         1.0000 1e-30 m^2  Cq=         1.9078 MHz  eta= 0.64697

     C   17    Vxx=    0.0516    axis=(  0.759232  0.587060 -0.280941)
     C   17    Vyy=    0.5930    axis=(  0.622969 -0.780472  0.052660)
     C   17    Vzz=   -0.6446    axis=(  0.188352  0.214999  0.958279)
     C   17  Q=         1.0000 1e-30 m^2  Cq=        -1.5146 MHz  eta= 0.83984

     Cl  18    Vxx=   -1.4923    axis=(  0.860449  0.013697 -0.509352)
     Cl  18    Vyy=   -1.8558    axis=(  0.487627  0.267847  0.830950)
     Cl  18    Vzz=    3.3481    axis=(  0.147810 -0.963364  0.223790)
     Cl  18  Q=        -8.1650 1e-30 m^2  Cq=       -64.2324 MHz  eta= 0.10858

     H   19    Vxx=   -0.0898    axis=( -0.240671  0.235066  0.941712)
     H   19    Vyy=   -0.2064    axis=(  0.911275 -0.279294  0.302609)
     H   19    Vzz=    0.2962    axis=( -0.334148 -0.930988  0.146992)
     H   19  Q=         1.0000 1e-30 m^2  Cq=         0.6961 MHz  eta= 0.39365

     C   20    Vxx=   -0.1056    axis=(  0.421432 -0.155408 -0.893445)
     C   20    Vyy=   -0.8701    axis=( -0.904230 -0.146990 -0.400951)
     C   20    Vzz=    0.9757    axis=( -0.069016  0.976853 -0.202471)
     C   20  Q=         1.0000 1e-30 m^2  Cq=         2.2924 MHz  eta= 0.78355

     H   21    Vxx=   -0.0340    axis=(  0.432699  0.679588  0.592395)
     H   21    Vyy=   -0.6108    axis=( -0.533557 -0.336620  0.775889)
     H   21    Vzz=    0.6448    axis=(  0.726697 -0.651803  0.216943)
     H   21  Q=         1.0000 1e-30 m^2  Cq=         1.5149 MHz  eta= 0.89463

     C   22    Vxx=    0.1053    axis=( -0.816789  0.422872  0.392472)
     C   22    Vyy=    0.5006    axis=(  0.494211  0.863825  0.097788)
     C   22    Vzz=   -0.6059    axis=(  0.297676 -0.273837  0.914551)
     C   22  Q=         1.0000 1e-30 m^2  Cq=        -1.4236 MHz  eta= 0.65245

     C   23    Vxx=   -0.0425    axis=(  0.476875 -0.220036 -0.850985)
     C   23    Vyy=   -0.8666    axis=( -0.870471 -0.252539 -0.422497)
     C   23    Vzz=    0.9091    axis=( -0.121942  0.942236 -0.311964)
     C   23  Q=         1.0000 1e-30 m^2  Cq=         2.1360 MHz  eta= 0.90657

     Cl  24    Vxx=   -0.4413    axis=(  0.827967 -0.221425  0.515211)
     Cl  24    Vyy=   -2.8557    axis=( -0.357294  0.499821  0.788999)
     Cl  24    Vzz=    3.2970    axis=( -0.432217 -0.837347  0.334721)
     Cl  24  Q=        -8.1650 1e-30 m^2  Cq=       -63.2506 MHz  eta= 0.73229

     Initialization:
     gipaw_setup  :      9.04s CPU     10.73s WALL (       1 calls)

     Linear response

     Apply operators

     Induced current

     Other routines
     efg          :      9.45s CPU     11.59s WALL (       1 calls)

     General routines
     calbec       :      3.32s CPU      4.18s WALL (      16 calls)
     fft          :      1.41s CPU      1.77s WALL (      15 calls)
     ffts         :      0.04s CPU      0.05s WALL (       2 calls)
     fftw         :      3.32s CPU      3.94s WALL (     672 calls)
     davcio       :      0.04s CPU      0.33s WALL (      32 calls)

     Parallel routines
     fft_scatter  :      2.12s CPU      2.94s WALL (     689 calls)

     Plugins

     GIPAW        :     60.40s CPU     70.15s WALL (       1 calls)
