
     Program QE v.6.0 (svn rev. 13079) starts on 20Dec2016 at  7: 4:54 

     This program is part of the open-source Quantum ESPRESSO suite
     for quantum simulation of materials; please cite
         "P. Giannozzi et al., J. Phys.:Condens. Matter 21 395502 (2009);
          URL http://www.quantum-espresso.org", 
     in publications or presentations arising from this work. More details at
     http://www.quantum-espresso.org/quote

     Parallel version (MPI), running on     8 processors
     R & G space division:  proc/nbgrp/npool/nimage =       8

     ***** This is GIPAW svn revision unknown      *****

     Parallelizing q-star over 1 images

     Reading data from directory:
     /users/majewski/paradichlorobenzene/pbe/9_constraint/scratch/pbe.ecut100.np8.dt60.pcl2phi-129368.save
     Message from routine read_xml_file:
     file /users/majewski/paradichlorobenzene/pbe/9_constraint/scratch/pbe.ecut100.np8.dt60.pcl2phi-129368.save not guaranteed to be safe for post-processing

   Info: using nr1, nr2, nr3 values from input

   Info: using nr1, nr2, nr3 values from input

     IMPORTANT: XC functional enforced from input :
     Exchange-correlation      =  SLA  PW   PBX  PBC ( 1  4  3  4 0 0)
     Any further DFT definition will be discarded
     Please, verify this is what you really want

               file C.pbe-n-kjpaw_psl.1.0.0.UPF: wavefunction(s)  2S 2P renormalized
               file Cl.pbe-n-kjpaw_psl.1.0.0.UPF: wavefunction(s)  3S 3P renormalized
               file H.pbe-kjpaw_psl.1.0.0.UPF: wavefunction(s)  1S renormalized

     Parallelization info
     --------------------
     sticks:   dense  smooth     PW     G-vecs:    dense   smooth      PW
     Min        3057    1223    332               144436    36536    5170
     Max        3059    1225    333               144437    36537    5171
     Sum       24467    9791   2657              1155489   292295   41363


     Subspace diagonalization in iterative solution of the eigenvalue problem:
     a serial algorithm will be used

     GIPAW projectors -----------------------------------------------
     atom=  C    l=0  rc=    1.2000  rs=    0.8000
     atom=  C    l=0  rc=    1.2000  rs=    0.8000
     atom=  C    l=1  rc=    1.4000  rs=    0.9333
     atom=  C    l=1  rc=    1.4000  rs=    0.9333
     projs nearly linearly dependent: l=1  n1,n2= 1, 2  s=  0.99951561

     atom=  Cl   l=0  rc=    1.6000  rs=    1.0667
     atom=  Cl   l=0  rc=    1.6000  rs=    1.0667
     atom=  Cl   l=1  rc=    1.6000  rs=    1.0667
     atom=  Cl   l=1  rc=    1.6000  rs=    1.0667
     atom=  Cl   l=2  rc=    1.6000  rs=    1.0667
     atom=  Cl   l=2  rc=    1.6000  rs=    1.0667
     projs nearly linearly dependent: l=2  n1,n2= 1, 2  s=  0.99993509

     atom=  H    l=0  rc=    1.0000  rs=    0.6667
     atom=  H    l=0  rc=    1.0000  rs=    0.6667
     projs nearly linearly dependent: l=0  n1,n2= 1, 2  s=  0.99968852
     -----------------------------------------------------------------

     GIPAW integrals: -------------------------------------------
     Atom  i/j   nmr_para   nmr_dia   epr_rmc  epr_para   epr_dia
       C   1 1   0.83E+03  0.17E-01  0.93E+01  0.24E+08  0.24E+03
       C   2 1   0.86E+03 -0.61E-01  0.94E+01  0.25E+08  0.25E+03
       C   2 2   0.90E+03 -0.15E+00  0.97E+01  0.26E+08  0.26E+03
       C   3 3   0.33E+01  0.34E+00  0.18E+01  0.55E+03  0.21E+02
       C   4 3   0.35E+01  0.37E+00  0.20E+01  0.59E+03  0.22E+02
       C   4 4   0.38E+01  0.39E+00  0.22E+01  0.63E+03  0.24E+02
       Cl  1 1   0.14E+04 -0.47E+00  0.84E+01  0.32E+09  0.42E+03
       Cl  2 1   0.21E+04 -0.37E+00  0.12E+02  0.49E+09  0.65E+03
       Cl  2 2   0.33E+04 -0.16E+00  0.21E+02  0.76E+09  0.10E+04
       Cl  3 3   0.21E+02  0.79E-01  0.89E+01  0.23E+05  0.13E+03
       Cl  4 3   0.24E+02  0.67E-01  0.99E+01  0.27E+05  0.15E+03
       Cl  4 4   0.28E+02  0.44E-01  0.11E+02  0.32E+05  0.18E+03
       Cl  5 5   0.77E+00  0.19E+00  0.18E+01  0.12E+03  0.22E+02
       Cl  6 5   0.80E+00  0.19E+00  0.19E+01  0.12E+03  0.23E+02
       Cl  6 6   0.83E+00  0.20E+00  0.19E+01  0.12E+03  0.23E+02
       H   1 1   0.39E+02  0.19E+00  0.29E+00  0.78E+05  0.13E+02
       H   2 1   0.41E+02  0.21E+00  0.32E+00  0.82E+05  0.14E+02
       H   2 2   0.43E+02  0.22E+00  0.36E+00  0.86E+05  0.15E+02
     ------------------------------------------------------------

     alpha_pv=     34.6093 eV

     Number of occupied bands for each k-point:
     k-point:     1    nbnd_occ=  42
     k-point:     2    nbnd_occ=  42
     k-point:     3    nbnd_occ=  42
     k-point:     4    nbnd_occ=  42
     k-point:     5    nbnd_occ=  42
     k-point:     6    nbnd_occ=  42
     k-point:     7    nbnd_occ=  42
     k-point:     8    nbnd_occ=  42
     k-point:     9    nbnd_occ=  42
     k-point:    10    nbnd_occ=  42
     k-point:    11    nbnd_occ=  42
     k-point:    12    nbnd_occ=  42
     k-point:    13    nbnd_occ=  42
     k-point:    14    nbnd_occ=  42
     k-point:    15    nbnd_occ=  42
     k-point:    16    nbnd_occ=  42


     q-space interpolation up to   110.00 Rydberg

     GIPAW job: efg                                                                             


     ELECTRIC FIELD GRADIENTS TENSORS IN Hartree/bohrradius^2:

     ----- bare term -----
     Cl   1       -0.145523        0.271571       -0.093687
     Cl   1        0.271571       -0.079486       -0.023693
     Cl   1       -0.093687       -0.023693        0.225008

     C    2        0.085315       -0.112117       -0.589355
     C    2       -0.112117       -0.092544       -0.496586
     C    2       -0.589355       -0.496586        0.007228

     C    3        0.061758        0.400574        0.045850
     C    3        0.400574       -0.288894       -0.128907
     C    3        0.045850       -0.128907        0.227136

     H    4        0.155498       -0.077686       -0.181152
     H    4       -0.077686        0.417186        0.143067
     H    4       -0.181152        0.143067       -0.572684

     C    5       -0.061895       -0.063185       -0.552218
     C    5       -0.063185       -0.104383       -0.392152
     C    5       -0.552218       -0.392152        0.166278

     H    6        0.227608        0.062494        0.369938
     H    6        0.062494        0.050392       -0.441785
     H    6        0.369938       -0.441785       -0.278000

     H    7        0.340887        0.057499       -0.164490
     H    7        0.057499       -0.351941        0.514452
     H    7       -0.164490        0.514452        0.011054

     C    8       -0.564979       -0.335994       -0.347288
     C    8       -0.335994        0.163762        0.359533
     C    8       -0.347288        0.359533        0.401218

     H    9       -0.541016        0.200888       -0.004254
     H    9        0.200888        0.438822        0.222904
     H    9       -0.004254        0.222904        0.102195

     C   10       -0.002801       -0.439256       -0.044875
     C   10       -0.439256       -0.421737        0.491376
     C   10       -0.044875        0.491376        0.424538

     C   11       -0.539886       -0.284784       -0.371902
     C   11       -0.284784        0.246500        0.136103
     C   11       -0.371902        0.136103        0.293386

     Cl  12       -0.068451       -0.086460        0.043677
     Cl  12       -0.086460       -0.022181       -0.055301
     Cl  12        0.043677       -0.055301        0.090632

     H   13        0.363355        0.079383       -0.356582
     H   13        0.079383        0.008944       -0.241803
     H   13       -0.356582       -0.241803       -0.372299

     C   14       -0.458283        0.351053        0.037050
     C   14        0.351053        0.125047       -0.319265
     C   14        0.037050       -0.319265        0.333236

     H   15        0.113429        0.098102       -0.355083
     H   15        0.098102        0.063639        0.204243
     H   15       -0.355083        0.204243       -0.177067

     C   16        0.121905       -0.042714       -0.223091
     C   16       -0.042714       -0.087981       -0.466815
     C   16       -0.223091       -0.466815       -0.033924

     C   17       -0.534089        0.324345       -0.259229
     C   17        0.324345        0.171111       -0.309034
     C   17       -0.259229       -0.309034        0.362978

     Cl  18        0.161603       -0.043198       -0.019232
     Cl  18       -0.043198       -0.296342        0.065810
     Cl  18       -0.019232        0.065810        0.134739

     H   19       -0.015352        0.377633       -0.199901
     H   19        0.377633       -0.279348        0.422129
     H   19       -0.199901        0.422129        0.294700

     C   20        0.054269       -0.554411       -0.101727
     C   20       -0.554411       -0.416395        0.366832
     C   20       -0.101727        0.366832        0.362126

     H   21       -0.643472        0.432856       -0.008676
     H   21        0.432856        0.312122        0.027029
     H   21       -0.008676        0.027029        0.331350

     C   22       -0.072580       -0.165623       -0.409796
     C   22       -0.165623       -0.124752        0.406129
     C   22       -0.409796        0.406129        0.197332

     C   23       -0.204480       -0.154697       -0.177401
     C   23       -0.154697       -0.036430        0.449943
     C   23       -0.177401        0.449943        0.240910

     Cl  24        0.105245       -0.031130        0.148265
     Cl  24       -0.031130        0.133810       -0.218114
     Cl  24        0.148265       -0.218114       -0.239055

     ----- ionic term -----
     Cl   1        0.139419       -0.203489        0.043806
     Cl   1       -0.203489       -0.002891       -0.016424
     Cl   1        0.043806       -0.016424       -0.136528

     C    2        0.037532       -0.327828        0.337198
     C    2       -0.327828        0.025244        0.336509
     C    2        0.337198        0.336509       -0.062776

     C    3       -0.036404       -0.391744        0.233049
     C    3       -0.391744        0.182597        0.374665
     C    3        0.233049        0.374665       -0.146193

     H    4        0.338031        0.069660        0.807619
     H    4        0.069660       -0.508267        0.162105
     H    4        0.807619        0.162105        0.170237

     C    5        0.091422       -0.339094        0.368350
     C    5       -0.339094        0.052007        0.243006
     C    5        0.368350        0.243006       -0.143429

     H    6       -0.538822        0.014506        0.049018
     H    6        0.014506        0.488095        0.764233
     H    6        0.049018        0.764233        0.050727

     H    7       -0.497560       -0.197760        0.100489
     H    7       -0.197760        0.663987       -0.715787
     H    7        0.100489       -0.715787       -0.166427

     C    8        0.370722        0.155885        0.105379
     C    8        0.155885        0.064888       -0.327565
     C    8        0.105379       -0.327565       -0.435610

     H    9        0.876710       -0.388183        0.370062
     H    9       -0.388183       -0.394129       -0.169081
     H    9        0.370062       -0.169081       -0.482581

     C   10        0.260083        0.232397        0.041506
     C   10        0.232397        0.157181       -0.375476
     C   10        0.041506       -0.375476       -0.417264

     C   11        0.267272        0.204527        0.154280
     C   11        0.204527        0.083605       -0.363179
     C   11        0.154280       -0.363179       -0.350878

     Cl  12        0.117964        0.210656       -0.033353
     Cl  12        0.210656        0.016126       -0.033557
     Cl  12       -0.033353       -0.033557       -0.134090

     H   13       -0.554085        0.119398        0.093040
     H   13        0.119398        0.413835        0.792561
     H   13        0.093040        0.792561        0.140249

     C   14        0.072414       -0.314432        0.335424
     C   14       -0.314432        0.011317        0.234510
     C   14        0.335424        0.234510       -0.083731

     H   15        0.328170       -0.059918        0.784264
     H   15       -0.059918       -0.494728        0.017295
     H   15        0.784264        0.017295        0.166558

     C   16       -0.012496       -0.373163        0.236720
     C   16       -0.373163        0.121305        0.337876
     C   16        0.236720        0.337876       -0.108809

     C   17       -0.029663       -0.298790        0.357850
     C   17       -0.298790        0.078670        0.382427
     C   17        0.357850        0.382427       -0.049007

     Cl  18        0.052057       -0.225084        0.015003
     Cl  18       -0.225084        0.093372       -0.009271
     Cl  18        0.015003       -0.009271       -0.145429

     H   19       -0.498236       -0.141450        0.105726
     H   19       -0.141450        0.614555       -0.742227
     H   19        0.105726       -0.742227       -0.116319

     C   20        0.369884        0.210568        0.166361
     C   20        0.210568       -0.010039       -0.316112
     C   20        0.166361       -0.316112       -0.359845

     H   21        0.679122       -0.311918        0.612703
     H   21       -0.311918       -0.462208       -0.235446
     H   21        0.612703       -0.235446       -0.216914

     C   22        0.209161        0.212213        0.110867
     C   22        0.212213        0.059046       -0.429787
     C   22        0.110867       -0.429787       -0.268208

     C   23        0.292533        0.131427        0.100227
     C   23        0.131427        0.025641       -0.424818
     C   23        0.100227       -0.424818       -0.318175

     Cl  24        0.129204        0.198204       -0.045346
     Cl  24        0.198204        0.008439       -0.038826
     Cl  24       -0.045346       -0.038826       -0.137643

     ----- GIPAW term -----
     Cl   1        0.601751       -0.216354       -2.245600
     Cl   1       -0.216354       -1.362150       -0.652061
     Cl   1       -2.245600       -0.652061        0.760400

     C    2        0.218907       -0.013868       -0.180373
     C    2       -0.013868       -0.091098       -0.083200
     C    2       -0.180373       -0.083200       -0.127809

     C    3        0.071916        0.040991       -0.037205
     C    3        0.040991       -0.066366        0.000104
     C    3       -0.037205        0.000104       -0.005550

     H    4       -0.000000        0.000000        0.000000
     H    4        0.000000        0.000000        0.000000
     H    4        0.000000        0.000000        0.000000

     C    5        0.133586       -0.029858       -0.242241
     C    5       -0.029858       -0.154838       -0.059149
     C    5       -0.242241       -0.059149        0.021252

     H    6       -0.000000        0.000000        0.000000
     H    6        0.000000        0.000000        0.000000
     H    6        0.000000        0.000000        0.000000

     H    7       -0.000000        0.000000        0.000000
     H    7        0.000000        0.000000        0.000000
     H    7        0.000000        0.000000        0.000000

     C    8       -0.139289       -0.074677       -0.056380
     C    8       -0.074677        0.108853        0.111724
     C    8       -0.056380        0.111724        0.030436

     H    9       -0.000000        0.000000        0.000000
     H    9        0.000000        0.000000        0.000000
     H    9        0.000000        0.000000        0.000000

     C   10       -0.020153       -0.127295        0.060481
     C   10       -0.127295       -0.043817       -0.021464
     C   10        0.060481       -0.021464        0.063970

     C   11       -0.070459       -0.074955        0.022433
     C   11       -0.074955        0.150901       -0.130151
     C   11        0.022433       -0.130151       -0.080442

     Cl  12       -0.162104        0.546704        1.310098
     Cl  12        0.546704       -0.521938       -1.785319
     Cl  12        1.310098       -1.785319        0.684042

     H   13       -0.000000        0.000000        0.000000
     H   13        0.000000        0.000000        0.000000
     H   13        0.000000        0.000000        0.000000

     C   14       -0.066588       -0.114286        0.112652
     C   14       -0.114286        0.106100       -0.137066
     C   14        0.112652       -0.137066       -0.039512

     H   15       -0.000000        0.000000        0.000000
     H   15        0.000000        0.000000        0.000000
     H   15        0.000000        0.000000        0.000000

     C   16       -0.056393       -0.058190       -0.008213
     C   16       -0.058190        0.095990       -0.119883
     C   16       -0.008213       -0.119883       -0.039596

     C   17       -0.097154       -0.150247       -0.016481
     C   17       -0.150247        0.215878       -0.068367
     C   17       -0.016481       -0.068367       -0.118724

     Cl  18        0.143124       -0.001583       -0.260298
     Cl  18       -0.001583        1.752041       -0.423180
     Cl  18       -0.260298       -0.423180       -1.895165

     H   19       -0.000000        0.000000        0.000000
     H   19        0.000000        0.000000        0.000000
     H   19        0.000000        0.000000        0.000000

     C   20        0.232594       -0.189957        0.005600
     C   20       -0.189957       -0.166030        0.065296
     C   20        0.005600        0.065296       -0.066564

     H   21       -0.000000        0.000000        0.000000
     H   21        0.000000        0.000000        0.000000
     H   21        0.000000        0.000000        0.000000

     C   22        0.089158       -0.119379       -0.212318
     C   22       -0.119379       -0.052083        0.110743
     C   22       -0.212318        0.110743       -0.037076

     C   23       -0.032642       -0.027308       -0.116515
     C   23       -0.027308       -0.028759        0.152320
     C   23       -0.116515        0.152320        0.061401

     Cl  24       -0.192200        0.473201       -0.795976
     Cl  24        0.473201       -0.554947        0.849674
     Cl  24       -0.795976        0.849674        0.747147

     ----- total EFG -----
     Cl   1        0.595647       -0.148272       -2.295481
     Cl   1       -0.148272       -1.444527       -0.692178
     Cl   1       -2.295481       -0.692178        0.848880

     C    2        0.341754       -0.453813       -0.432530
     C    2       -0.453813       -0.158398       -0.243278
     C    2       -0.432530       -0.243278       -0.183356

     C    3        0.097270        0.049821        0.241693
     C    3        0.049821       -0.172663        0.245863
     C    3        0.241693        0.245863        0.075393

     H    4        0.493528       -0.008026        0.626468
     H    4       -0.008026       -0.091081        0.305172
     H    4        0.626468        0.305172       -0.402447

     C    5        0.163113       -0.432137       -0.426109
     C    5       -0.432137       -0.207214       -0.208295
     C    5       -0.426109       -0.208295        0.044101

     H    6       -0.311214        0.077000        0.418955
     H    6        0.077000        0.538487        0.322448
     H    6        0.418955        0.322448       -0.227273

     H    7       -0.156673       -0.140262       -0.064001
     H    7       -0.140262        0.312046       -0.201335
     H    7       -0.064001       -0.201335       -0.155373

     C    8       -0.333546       -0.254786       -0.298288
     C    8       -0.254786        0.337503        0.143691
     C    8       -0.298288        0.143691       -0.003957

     H    9        0.335694       -0.187294        0.365809
     H    9       -0.187294        0.044693        0.053823
     H    9        0.365809        0.053823       -0.380387

     C   10        0.237129       -0.334155        0.057113
     C   10       -0.334155       -0.308373        0.094436
     C   10        0.057113        0.094436        0.071244

     C   11       -0.343073       -0.155213       -0.195189
     C   11       -0.155213        0.481007       -0.357227
     C   11       -0.195189       -0.357227       -0.137934

     Cl  12       -0.112591        0.670899        1.320421
     Cl  12        0.670899       -0.527994       -1.874177
     Cl  12        1.320421       -1.874177        0.640585

     H   13       -0.190730        0.198781       -0.263542
     H   13        0.198781        0.422780        0.550759
     H   13       -0.263542        0.550759       -0.232050

     C   14       -0.452456       -0.077666        0.485126
     C   14       -0.077666        0.242464       -0.221821
     C   14        0.485126       -0.221821        0.209993

     H   15        0.441598        0.038184        0.429180
     H   15        0.038184       -0.431089        0.221538
     H   15        0.429180        0.221538       -0.010509

     C   16        0.053016       -0.474067        0.005415
     C   16       -0.474067        0.129314       -0.248823
     C   16        0.005415       -0.248823       -0.182330

     C   17       -0.660906       -0.124691        0.082139
     C   17       -0.124691        0.465659        0.005026
     C   17        0.082139        0.005026        0.195247

     Cl  18        0.356784       -0.269864       -0.264528
     Cl  18       -0.269864        1.549070       -0.366641
     Cl  18       -0.264528       -0.366641       -1.905855

     H   19       -0.513588        0.236183       -0.094174
     H   19        0.236183        0.335207       -0.320098
     H   19       -0.094174       -0.320098        0.178381

     C   20        0.656747       -0.533800        0.070233
     C   20       -0.533800       -0.592465        0.116016
     C   20        0.070233        0.116016       -0.064283

     H   21        0.035650        0.120937        0.604027
     H   21        0.120937       -0.150085       -0.208417
     H   21        0.604027       -0.208417        0.114435

     C   22        0.225740       -0.072789       -0.511248
     C   22       -0.072789       -0.117788        0.087085
     C   22       -0.511248        0.087085       -0.107952

     C   23        0.055412       -0.050579       -0.193690
     C   23       -0.050579       -0.039548        0.177445
     C   23       -0.193690        0.177445       -0.015864

     Cl  24        0.042249        0.640275       -0.693057
     Cl  24        0.640275       -0.412698        0.592734
     Cl  24       -0.693057        0.592734        0.370449

     ----- total EFG (symmetrized) -----
     Cl   1        0.595647       -0.148272       -2.295481
     Cl   1       -0.148272       -1.444527       -0.692178
     Cl   1       -2.295481       -0.692178        0.848880

     C    2        0.341754       -0.453813       -0.432530
     C    2       -0.453813       -0.158398       -0.243278
     C    2       -0.432530       -0.243278       -0.183356

     C    3        0.097270        0.049821        0.241693
     C    3        0.049821       -0.172663        0.245863
     C    3        0.241693        0.245863        0.075393

     H    4        0.493528       -0.008026        0.626468
     H    4       -0.008026       -0.091081        0.305172
     H    4        0.626468        0.305172       -0.402447

     C    5        0.163113       -0.432137       -0.426109
     C    5       -0.432137       -0.207214       -0.208295
     C    5       -0.426109       -0.208295        0.044101

     H    6       -0.311214        0.077000        0.418955
     H    6        0.077000        0.538487        0.322448
     H    6        0.418955        0.322448       -0.227273

     H    7       -0.156673       -0.140262       -0.064001
     H    7       -0.140262        0.312046       -0.201335
     H    7       -0.064001       -0.201335       -0.155373

     C    8       -0.333546       -0.254786       -0.298288
     C    8       -0.254786        0.337503        0.143691
     C    8       -0.298288        0.143691       -0.003957

     H    9        0.335694       -0.187294        0.365809
     H    9       -0.187294        0.044693        0.053823
     H    9        0.365809        0.053823       -0.380387

     C   10        0.237129       -0.334155        0.057113
     C   10       -0.334155       -0.308373        0.094436
     C   10        0.057113        0.094436        0.071244

     C   11       -0.343073       -0.155213       -0.195189
     C   11       -0.155213        0.481007       -0.357227
     C   11       -0.195189       -0.357227       -0.137934

     Cl  12       -0.112591        0.670899        1.320421
     Cl  12        0.670899       -0.527994       -1.874177
     Cl  12        1.320421       -1.874177        0.640585

     H   13       -0.190730        0.198781       -0.263542
     H   13        0.198781        0.422780        0.550759
     H   13       -0.263542        0.550759       -0.232050

     C   14       -0.452456       -0.077666        0.485126
     C   14       -0.077666        0.242464       -0.221821
     C   14        0.485126       -0.221821        0.209993

     H   15        0.441598        0.038184        0.429180
     H   15        0.038184       -0.431089        0.221538
     H   15        0.429180        0.221538       -0.010509

     C   16        0.053016       -0.474067        0.005415
     C   16       -0.474067        0.129314       -0.248823
     C   16        0.005415       -0.248823       -0.182330

     C   17       -0.660906       -0.124691        0.082139
     C   17       -0.124691        0.465659        0.005026
     C   17        0.082139        0.005026        0.195247

     Cl  18        0.356784       -0.269864       -0.264528
     Cl  18       -0.269864        1.549070       -0.366641
     Cl  18       -0.264528       -0.366641       -1.905855

     H   19       -0.513588        0.236183       -0.094174
     H   19        0.236183        0.335207       -0.320098
     H   19       -0.094174       -0.320098        0.178381

     C   20        0.656747       -0.533800        0.070233
     C   20       -0.533800       -0.592465        0.116016
     C   20        0.070233        0.116016       -0.064283

     H   21        0.035650        0.120937        0.604027
     H   21        0.120937       -0.150085       -0.208417
     H   21        0.604027       -0.208417        0.114435

     C   22        0.225740       -0.072789       -0.511248
     C   22       -0.072789       -0.117788        0.087085
     C   22       -0.511248        0.087085       -0.107952

     C   23        0.055412       -0.050579       -0.193690
     C   23       -0.050579       -0.039548        0.177445
     C   23       -0.193690        0.177445       -0.015864

     Cl  24        0.042249        0.640275       -0.693057
     Cl  24        0.640275       -0.412698        0.592734
     Cl  24       -0.693057        0.592734        0.370449


     NQR/NMR SPECTROSCOPIC PARAMETERS:
     Cl   1    Vxx=   -0.9456    axis=(  0.542568 -0.732263  0.411594)
     Cl   1    Vyy=   -2.1119    axis=(  0.498270  0.675031  0.544115)
     Cl   1    Vzz=    3.0575    axis=( -0.676274 -0.090135  0.731115)
     Cl   1  Q=        -8.1650 1e-30 m^2  Cq=       -58.6568 MHz  eta= 0.38146

     C    2    Vxx=    0.0718    axis=( -0.028870 -0.698586  0.714943)
     C    2    Vyy=    0.6963    axis=( -0.870301  0.369378  0.325784)
     C    2    Vzz=   -0.7681    axis=( -0.491673 -0.612810 -0.618645)
     C    2  Q=         1.0000 1e-30 m^2  Cq=        -1.8047 MHz  eta= 0.81299

     C    3    Vxx=   -0.0620    axis=( -0.756179  0.525553  0.389857)
     C    3    Vyy=   -0.3444    axis=(  0.234588  0.773902 -0.588255)
     C    3    Vzz=    0.4064    axis=( -0.610870 -0.353370 -0.708496)
     C    3  Q=         1.0000 1e-30 m^2  Cq=         0.9549 MHz  eta= 0.69506

     H    4    Vxx=   -0.0070    axis=(  0.294045 -0.923391 -0.246752)
     H    4    Vyy=   -0.8287    axis=(  0.402239  0.353742 -0.844435)
     H    4    Vzz=    0.8357    axis=(  0.867030  0.149049  0.475440)
     H    4  Q=         1.0000 1e-30 m^2  Cq=         1.9635 MHz  eta= 0.98330

     C    5    Vxx=    0.1298    axis=(  0.191183 -0.681659  0.706250)
     C    5    Vyy=    0.5945    axis=(  0.805743 -0.301926 -0.509529)
     C    5    Vzz=   -0.7243    axis=( -0.560560 -0.666469 -0.491519)
     C    5  Q=         1.0000 1e-30 m^2  Cq=        -1.7018 MHz  eta= 0.64160

     H    6    Vxx=    0.0038    axis=( -0.671481  0.451196 -0.587822)
     H    6    Vyy=    0.7085    axis=(  0.234605  0.881896  0.408925)
     H    6    Vzz=   -0.7123    axis=( -0.702904 -0.136679  0.698030)
     H    6  Q=         1.0000 1e-30 m^2  Cq=        -1.6736 MHz  eta= 0.98932

     H    7    Vxx=   -0.0943    axis=(  0.768494 -0.050769 -0.637839)
     H    7    Vyy=   -0.3143    axis=(  0.609175  0.363033  0.705062)
     H    7    Vzz=    0.4086    axis=(  0.195761 -0.930392  0.309917)
     H    7  Q=         1.0000 1e-30 m^2  Cq=         0.9601 MHz  eta= 0.53851

     C    8    Vxx=    0.0021    axis=(  0.281025  0.550300 -0.786254)
     C    8    Vyy=    0.5348    axis=(  0.387323 -0.814618 -0.431715)
     C    8    Vzz=   -0.5369    axis=(  0.878069  0.183212  0.442072)
     C    8  Q=         1.0000 1e-30 m^2  Cq=        -1.2615 MHz  eta= 0.99222

     H    9    Vxx=    0.0222    axis=( -0.199500 -0.930988 -0.305716)
     H    9    Vyy=    0.5376    axis=( -0.891570  0.301905 -0.337573)
     H    9    Vzz=   -0.5599    axis=(  0.406573  0.205221 -0.890271)
     H    9  Q=         1.0000 1e-30 m^2  Cq=        -1.3154 MHz  eta= 0.92058

     C   10    Vxx=    0.0924    axis=(  0.050097  0.189307  0.980639)
     C   10    Vyy=    0.3961    axis=( -0.904783  0.424375 -0.035701)
     C   10    Vzz=   -0.4885    axis=( -0.422917 -0.885477  0.192541)
     C   10  Q=         1.0000 1e-30 m^2  Cq=        -1.1478 MHz  eta= 0.62174

     C   11    Vxx=   -0.0814    axis=( -0.671069  0.256606  0.695571)
     C   11    Vyy=   -0.5666    axis=(  0.738583  0.313017  0.597089)
     C   11    Vzz=    0.6481    axis=(  0.064509 -0.914425  0.399581)
     C   11  Q=         1.0000 1e-30 m^2  Cq=         1.5227 MHz  eta= 0.74877

     Cl  12    Vxx=    0.3814    axis=(  0.816621  0.577042  0.012328)
     Cl  12    Vyy=    2.2481    axis=(  0.323048 -0.474664  0.818739)
     Cl  12    Vzz=   -2.6295    axis=(  0.478298 -0.664617 -0.574033)
     Cl  12  Q=        -8.1650 1e-30 m^2  Cq=        50.4466 MHz  eta= 0.70990

     H   13    Vxx=    0.0024    axis=(  0.857348  0.210201 -0.469862)
     H   13    Vyy=    0.7382    axis=( -0.050160 -0.874356 -0.482686)
     H   13    Vzz=   -0.7407    axis=( -0.512288  0.437398 -0.739083)
     H   13  Q=         1.0000 1e-30 m^2  Cq=        -1.7403 MHz  eta= 0.99342

     C   14    Vxx=    0.0975    axis=(  0.281218  0.845391  0.454125)
     C   14    Vyy=    0.6125    axis=( -0.382684  0.532760 -0.754798)
     C   14    Vzz=   -0.7100    axis=( -0.880039  0.038477  0.473339)
     C   14  Q=         1.0000 1e-30 m^2  Cq=        -1.6682 MHz  eta= 0.72543

     H   15    Vxx=   -0.1689    axis=(  0.516537 -0.507535 -0.689636)
     H   15    Vyy=   -0.5510    axis=(  0.179984  0.851762 -0.492043)
     H   15    Vzz=    0.7199    axis=( -0.837135 -0.130035 -0.531315)
     H   15  Q=         1.0000 1e-30 m^2  Cq=         1.6915 MHz  eta= 0.53071

     C   16    Vxx=   -0.1270    axis=( -0.536185 -0.194249  0.821446)
     C   16    Vyy=   -0.4851    axis=(  0.562044  0.643902  0.519130)
     C   16    Vzz=    0.6121    axis=(  0.629771 -0.740039  0.236074)
     C   16  Q=         1.0000 1e-30 m^2  Cq=         1.4382 MHz  eta= 0.58497

     C   17    Vxx=    0.2029    axis=(  0.091170  0.024220  0.995541)
     C   17    Vyy=    0.4794    axis=( -0.109701  0.993864 -0.014133)
     C   17    Vzz=   -0.6822    axis=( -0.989775 -0.107923  0.093268)
     C   17  Q=         1.0000 1e-30 m^2  Cq=        -1.6030 MHz  eta= 0.40522

     Cl  18    Vxx=    0.3471    axis=(  0.974125  0.175122 -0.142877)
     Cl  18    Vyy=    1.6338    axis=(  0.188641 -0.978165  0.087221)
     Cl  18    Vzz=   -1.9809    axis=(  0.124483  0.111917  0.985890)
     Cl  18  Q=        -8.1650 1e-30 m^2  Cq=        38.0021 MHz  eta= 0.64958

     H   19    Vxx=   -0.0633    axis=(  0.131008  0.572502  0.809369)
     H   19    Vyy=   -0.5751    axis=( -0.969233  0.245568 -0.016817)
     H   19    Vzz=    0.6383    axis=( -0.208384 -0.782264  0.587059)
     H   19  Q=         1.0000 1e-30 m^2  Cq=         1.4999 MHz  eta= 0.80173

     C   20    Vxx=   -0.0413    axis=(  0.034124  0.174111  0.984135)
     C   20    Vyy=   -0.8132    axis=(  0.343444  0.922696 -0.175150)
     C   20    Vzz=    0.8545    axis=( -0.938553  0.343972 -0.028311)
     C   20  Q=         1.0000 1e-30 m^2  Cq=         2.0077 MHz  eta= 0.90328

     H   21    Vxx=   -0.0466    axis=(  0.371773  0.899208 -0.230674)
     H   21    Vyy=   -0.6398    axis=( -0.643661  0.428743  0.633940)
     H   21    Vzz=    0.6864    axis=(  0.668943 -0.087206  0.738180)
     H   21  Q=         1.0000 1e-30 m^2  Cq=         1.6128 MHz  eta= 0.86417

     C   22    Vxx=   -0.1322    axis=( -0.166787 -0.985711  0.023572)
     C   22    Vyy=   -0.4811    axis=(  0.578936 -0.078551  0.811581)
     C   22    Vzz=    0.6133    axis=(  0.798132 -0.149008 -0.583765)
     C   22  Q=         1.0000 1e-30 m^2  Cq=         1.4409 MHz  eta= 0.56891

     C   23    Vxx=   -0.0458    axis=(  0.679859  0.713656  0.168778)
     C   23    Vyy=   -0.2463    axis=(  0.386672 -0.544405  0.744384)
     C   23    Vzz=    0.2920    axis=( -0.623118  0.440815  0.646069)
     C   23  Q=         1.0000 1e-30 m^2  Cq=         0.6861 MHz  eta= 0.68655

     Cl  24    Vxx=    0.4071    axis=( -0.597785 -0.720691 -0.351081)
     Cl  24    Vyy=    0.9242    axis=( -0.577543  0.083447  0.812084)
     Cl  24    Vzz=   -1.3314    axis=(  0.555965 -0.688216  0.466113)
     Cl  24  Q=        -8.1650 1e-30 m^2  Cq=        25.5419 MHz  eta= 0.38841

     Initialization:
     gipaw_setup  :      9.28s CPU     11.23s WALL (       1 calls)

     Linear response

     Apply operators

     Induced current

     Other routines
     efg          :      9.59s CPU     11.74s WALL (       1 calls)

     General routines
     calbec       :      3.26s CPU      4.13s WALL (      16 calls)
     fft          :      1.70s CPU      2.68s WALL (      15 calls)
     ffts         :      0.04s CPU      0.04s WALL (       2 calls)
     fftw         :      3.50s CPU      4.26s WALL (     672 calls)
     davcio       :      0.01s CPU      0.33s WALL (      32 calls)

     Parallel routines
     fft_scatter  :      2.34s CPU      4.04s WALL (     689 calls)

     Plugins

     GIPAW        :     61.66s CPU     75.48s WALL (       1 calls)
