
     Program QE v.6.0 (svn rev. 13079) starts on  2Jan2017 at 18: 4:42 

     This program is part of the open-source Quantum ESPRESSO suite
     for quantum simulation of materials; please cite
         "P. Giannozzi et al., J. Phys.:Condens. Matter 21 395502 (2009);
          URL http://www.quantum-espresso.org", 
     in publications or presentations arising from this work. More details at
     http://www.quantum-espresso.org/quote

     Parallel version (MPI), running on     8 processors
     R & G space division:  proc/nbgrp/npool/nimage =       8

     ***** This is GIPAW svn revision unknown      *****

     Parallelizing q-star over 1 images

     Reading data from directory:
     /users/majewski/paradichlorobenzene/pbe/9_constraint/scratch/pbe.ecut100.np8.dt60.pcl2phi-129368.save
     Message from routine read_xml_file:
     file /users/majewski/paradichlorobenzene/pbe/9_constraint/scratch/pbe.ecut100.np8.dt60.pcl2phi-129368.save not guaranteed to be safe for post-processing

   Info: using nr1, nr2, nr3 values from input

   Info: using nr1, nr2, nr3 values from input

     IMPORTANT: XC functional enforced from input :
     Exchange-correlation      =  SLA  PW   PBX  PBC ( 1  4  3  4 0 0)
     Any further DFT definition will be discarded
     Please, verify this is what you really want

               file C.pbe-n-kjpaw_psl.1.0.0.UPF: wavefunction(s)  2S 2P renormalized
               file Cl.pbe-n-kjpaw_psl.1.0.0.UPF: wavefunction(s)  3S 3P renormalized
               file H.pbe-kjpaw_psl.1.0.0.UPF: wavefunction(s)  1S renormalized

     Parallelization info
     --------------------
     sticks:   dense  smooth     PW     G-vecs:    dense   smooth      PW
     Min        3057    1223    332               144436    36536    5170
     Max        3059    1225    333               144437    36537    5171
     Sum       24467    9791   2657              1155489   292295   41363


     Subspace diagonalization in iterative solution of the eigenvalue problem:
     a serial algorithm will be used

     GIPAW projectors -----------------------------------------------
     atom=  C    l=0  rc=    1.2000  rs=    0.8000
     atom=  C    l=0  rc=    1.2000  rs=    0.8000
     atom=  C    l=1  rc=    1.4000  rs=    0.9333
     atom=  C    l=1  rc=    1.4000  rs=    0.9333
     projs nearly linearly dependent: l=1  n1,n2= 1, 2  s=  0.99951561

     atom=  Cl   l=0  rc=    1.6000  rs=    1.0667
     atom=  Cl   l=0  rc=    1.6000  rs=    1.0667
     atom=  Cl   l=1  rc=    1.6000  rs=    1.0667
     atom=  Cl   l=1  rc=    1.6000  rs=    1.0667
     atom=  Cl   l=2  rc=    1.6000  rs=    1.0667
     atom=  Cl   l=2  rc=    1.6000  rs=    1.0667
     projs nearly linearly dependent: l=2  n1,n2= 1, 2  s=  0.99993509

     atom=  H    l=0  rc=    1.0000  rs=    0.6667
     atom=  H    l=0  rc=    1.0000  rs=    0.6667
     projs nearly linearly dependent: l=0  n1,n2= 1, 2  s=  0.99968852
     -----------------------------------------------------------------

     GIPAW integrals: -------------------------------------------
     Atom  i/j   nmr_para   nmr_dia   epr_rmc  epr_para   epr_dia
       C   1 1   0.83E+03  0.17E-01  0.93E+01  0.24E+08  0.24E+03
       C   2 1   0.86E+03 -0.61E-01  0.94E+01  0.25E+08  0.25E+03
       C   2 2   0.90E+03 -0.15E+00  0.97E+01  0.26E+08  0.26E+03
       C   3 3   0.33E+01  0.34E+00  0.18E+01  0.55E+03  0.21E+02
       C   4 3   0.35E+01  0.37E+00  0.20E+01  0.59E+03  0.22E+02
       C   4 4   0.38E+01  0.39E+00  0.22E+01  0.63E+03  0.24E+02
       Cl  1 1   0.14E+04 -0.47E+00  0.84E+01  0.32E+09  0.42E+03
       Cl  2 1   0.21E+04 -0.37E+00  0.12E+02  0.49E+09  0.65E+03
       Cl  2 2   0.33E+04 -0.16E+00  0.21E+02  0.76E+09  0.10E+04
       Cl  3 3   0.21E+02  0.79E-01  0.89E+01  0.23E+05  0.13E+03
       Cl  4 3   0.24E+02  0.67E-01  0.99E+01  0.27E+05  0.15E+03
       Cl  4 4   0.28E+02  0.44E-01  0.11E+02  0.32E+05  0.18E+03
       Cl  5 5   0.77E+00  0.19E+00  0.18E+01  0.12E+03  0.22E+02
       Cl  6 5   0.80E+00  0.19E+00  0.19E+01  0.12E+03  0.23E+02
       Cl  6 6   0.83E+00  0.20E+00  0.19E+01  0.12E+03  0.23E+02
       H   1 1   0.39E+02  0.19E+00  0.29E+00  0.78E+05  0.13E+02
       H   2 1   0.41E+02  0.21E+00  0.32E+00  0.82E+05  0.14E+02
       H   2 2   0.43E+02  0.22E+00  0.36E+00  0.86E+05  0.15E+02
     ------------------------------------------------------------

     alpha_pv=     33.9721 eV

     Number of occupied bands for each k-point:
     k-point:     1    nbnd_occ=  42
     k-point:     2    nbnd_occ=  42
     k-point:     3    nbnd_occ=  42
     k-point:     4    nbnd_occ=  42
     k-point:     5    nbnd_occ=  42
     k-point:     6    nbnd_occ=  42
     k-point:     7    nbnd_occ=  42
     k-point:     8    nbnd_occ=  42
     k-point:     9    nbnd_occ=  42
     k-point:    10    nbnd_occ=  42
     k-point:    11    nbnd_occ=  42
     k-point:    12    nbnd_occ=  42
     k-point:    13    nbnd_occ=  42
     k-point:    14    nbnd_occ=  42
     k-point:    15    nbnd_occ=  42
     k-point:    16    nbnd_occ=  42


     q-space interpolation up to   110.00 Rydberg

     GIPAW job: efg                                                                             


     ELECTRIC FIELD GRADIENTS TENSORS IN Hartree/bohrradius^2:

     ----- bare term -----
     Cl   1        0.028022       -0.021269       -0.152063
     Cl   1       -0.021269       -0.056934       -0.069724
     Cl   1       -0.152063       -0.069724        0.028912

     C    2       -0.498205        0.237727       -0.365042
     C    2        0.237727        0.094264       -0.239529
     C    2       -0.365042       -0.239529        0.403941

     C    3       -0.033608        0.038692       -0.358279
     C    3        0.038692       -0.353271       -0.504582
     C    3       -0.358279       -0.504582        0.386878

     H    4       -0.664248       -0.129679       -0.081033
     H    4       -0.129679        0.409006       -0.200247
     H    4       -0.081033       -0.200247        0.255242

     C    5       -0.805666        0.364624       -0.398562
     C    5        0.364624        0.411092       -0.135036
     C    5       -0.398562       -0.135036        0.394574

     H    6        0.250107       -0.010851       -0.069317
     H    6       -0.010851       -0.449746       -0.589625
     H    6       -0.069317       -0.589625        0.199638

     H    7        0.212029        0.408169       -0.169722
     H    7        0.408169       -0.461247        0.451021
     H    7       -0.169722        0.451021        0.249218

     C    8       -0.010954       -0.522602        0.012820
     C    8       -0.522602       -0.330634        0.366948
     C    8        0.012820        0.366948        0.341588

     H    9       -0.529013        0.495668        0.031731
     H    9        0.495668        0.225123       -0.042287
     H    9        0.031731       -0.042287        0.303890

     C   10       -0.209289       -0.283798       -0.400647
     C   10       -0.283798       -0.061201        0.432416
     C   10       -0.400647        0.432416        0.270490

     C   11       -0.118706       -0.113350       -0.288030
     C   11       -0.113350       -0.026032        0.691595
     C   11       -0.288030        0.691595        0.144739

     Cl  12       -0.041910       -0.143327        0.012694
     Cl  12       -0.143327        0.016496       -0.073601
     Cl  12        0.012694       -0.073601        0.025415

     H   13        0.421893       -0.006484       -0.062684
     H   13       -0.006484       -0.699655        0.165056
     H   13       -0.062684        0.165056        0.277761

     C   14       -0.158216       -0.019117       -0.231155
     C   14       -0.019117       -0.026729       -0.409304
     C   14       -0.231155       -0.409304        0.184945

     H   15       -0.311111       -0.482749        0.092401
     H   15       -0.482749        0.048924        0.168425
     H   15        0.092401        0.168425        0.262187

     C   16       -0.334285        0.197609        0.037179
     C   16        0.197609        0.007567       -0.104322
     C   16        0.037179       -0.104322        0.326718

     C   17       -0.000035       -0.017126       -0.254550
     C   17       -0.017126        0.052671       -0.660026
     C   17       -0.254550       -0.660026       -0.052636

     Cl  18       -0.194986        0.206817       -0.022535
     Cl  18        0.206817        0.180341       -0.062162
     Cl  18       -0.022535       -0.062162        0.014644

     H   19        0.522408        0.035828        0.077185
     H   19        0.035828       -0.107312        0.298088
     H   19        0.077185        0.298088       -0.415096

     C   20       -0.630164       -0.351320       -0.302772
     C   20       -0.351320        0.247174        0.352589
     C   20       -0.302772        0.352589        0.382990

     H   21       -0.382491       -0.139672       -0.425930
     H   21       -0.139672        0.065039        0.194848
     H   21       -0.425930        0.194848        0.317452

     C   22       -0.013722       -0.219934       -0.161174
     C   22       -0.219934       -0.177937        0.544805
     C   22       -0.161174        0.544805        0.191660

     C   23       -0.657536       -0.210266       -0.297870
     C   23       -0.210266        0.181047        0.088743
     C   23       -0.297870        0.088743        0.476489

     Cl  24       -0.104645        0.008545        0.003942
     Cl  24        0.008545       -0.083883       -0.040122
     Cl  24        0.003942       -0.040122        0.188527

     ----- ionic term -----
     Cl   1        0.192378       -0.202706       -0.019867
     Cl   1       -0.202706       -0.052215        0.011837
     Cl   1       -0.019867        0.011837       -0.140163

     C    2        0.333658       -0.049782        0.117073
     C    2       -0.049782        0.099925        0.369645
     C    2        0.117073        0.369645       -0.433583

     C    3        0.278073       -0.172515        0.121448
     C    3       -0.172515        0.118700        0.355523
     C    3        0.121448        0.355523       -0.396773

     H    4        0.727809        0.360264        0.556997
     H    4        0.360264       -0.396891        0.224766
     H    4        0.556997        0.224766       -0.330918

     C    5        0.366029       -0.152404        0.191599
     C    5       -0.152404        0.038207        0.312860
     C    5        0.191599        0.312860       -0.404236

     H    6       -0.501680       -0.078225       -0.020429
     H    6       -0.078225        0.746132        0.638064
     H    6       -0.020429        0.638064       -0.244452

     H    7       -0.520999       -0.151639        0.083718
     H    7       -0.151639        0.709377       -0.698049
     H    7        0.083718       -0.698049       -0.188378

     C    8        0.275807        0.136334        0.166828
     C    8        0.136334        0.074452       -0.324972
     C    8        0.166828       -0.324972       -0.350259

     H    9        0.810435       -0.441475        0.425890
     H    9       -0.441475       -0.402244       -0.226824
     H    9        0.425890       -0.226824       -0.408191

     C   10        0.144369        0.147055        0.093472
     C   10        0.147055        0.169748       -0.457150
     C   10        0.093472       -0.457150       -0.314117

     C   11        0.203269        0.134587        0.162871
     C   11        0.134587        0.073528       -0.482248
     C   11        0.162871       -0.482248       -0.276797

     Cl  12        0.125678        0.208985       -0.059620
     Cl  12        0.208985        0.008378       -0.046605
     Cl  12       -0.059620       -0.046605       -0.134056

     H   13       -0.502819       -0.020645       -0.033448
     H   13       -0.020645        0.891902        0.519905
     H   13       -0.033448        0.519905       -0.389083

     C   14        0.382159       -0.144867        0.098308
     C   14       -0.144867        0.143498        0.264939
     C   14        0.098308        0.264939       -0.525657

     H   15        0.875690        0.333749        0.480223
     H   15        0.333749       -0.401637        0.176743
     H   15        0.480223        0.176743       -0.474054

     C   16        0.256549       -0.192702        0.110227
     C   16       -0.192702        0.280936        0.326622
     C   16        0.110227        0.326622       -0.537485

     C   17        0.183124       -0.071195        0.253473
     C   17       -0.071195        0.280765        0.359821
     C   17        0.253473        0.359821       -0.463889

     Cl  18        0.132136       -0.188356        0.017855
     Cl  18       -0.188356        0.025382       -0.000143
     Cl  18        0.017855       -0.000143       -0.157518

     H   19       -0.511378       -0.009000        0.015459
     H   19       -0.009000        0.405833       -0.806585
     H   19        0.015459       -0.806585        0.105545

     C   20        0.278604        0.197520        0.172669
     C   20        0.197520       -0.005879       -0.343768
     C   20        0.172669       -0.343768       -0.272725

     H   21        0.681645       -0.230495        0.635153
     H   21       -0.230495       -0.476570       -0.196804
     H   21        0.635153       -0.196804       -0.205075

     C   22        0.168679        0.235269        0.139967
     C   22        0.235269        0.079464       -0.408829
     C   22        0.139967       -0.408829       -0.248143

     C   23        0.263960        0.118383        0.185626
     C   23        0.118383       -0.003448       -0.414733
     C   23        0.185626       -0.414733       -0.260512

     Cl  24        0.156498        0.198277       -0.021574
     Cl  24        0.198277       -0.022656       -0.018874
     Cl  24       -0.021574       -0.018874       -0.133842

     ----- GIPAW term -----
     Cl   1        1.667253       -1.785983       -1.877720
     Cl   1       -1.785983       -0.935290       -0.541945
     Cl   1       -1.877720       -0.541945       -0.731963

     C    2       -0.065277       -0.132096       -0.093868
     C    2       -0.132096        0.105529        0.059219
     C    2       -0.093868        0.059219       -0.040252

     C    3       -0.009391       -0.074076       -0.163740
     C    3       -0.074076       -0.077328       -0.009268
     C    3       -0.163740       -0.009268        0.086718

     H    4       -0.000000        0.000000        0.000000
     H    4        0.000000        0.000000        0.000000
     H    4        0.000000        0.000000        0.000000

     C    5       -0.225831        0.061666       -0.048536
     C    5        0.061666        0.262589        0.060426
     C    5       -0.048536        0.060426       -0.036758

     H    6       -0.000000        0.000000        0.000000
     H    6        0.000000        0.000000        0.000000
     H    6        0.000000        0.000000        0.000000

     H    7       -0.000000        0.000000        0.000000
     H    7        0.000000        0.000000        0.000000
     H    7        0.000000        0.000000        0.000000

     C    8        0.046722       -0.241344        0.111599
     C    8       -0.241344       -0.022948       -0.026084
     C    8        0.111599       -0.026084       -0.023774

     H    9       -0.000000        0.000000        0.000000
     H    9        0.000000        0.000000        0.000000
     H    9        0.000000        0.000000        0.000000

     C   10        0.024285       -0.146686       -0.156609
     C   10       -0.146686        0.015367        0.103038
     C   10       -0.156609        0.103038       -0.039651

     C   11       -0.009407       -0.000547       -0.095505
     C   11       -0.000547        0.103568        0.213298
     C   11       -0.095505        0.213298       -0.094161

     Cl  12       -0.753671        0.495800       -0.699299
     Cl  12        0.495800       -0.462494        1.706436
     Cl  12       -0.699299        1.706436        1.216165

     H   13       -0.000000        0.000000        0.000000
     H   13        0.000000        0.000000        0.000000
     H   13        0.000000        0.000000        0.000000

     C   14       -0.091045        0.008113       -0.026506
     C   14        0.008113        0.116392       -0.195072
     C   14       -0.026506       -0.195072       -0.025348

     H   15       -0.000000        0.000000        0.000000
     H   15        0.000000        0.000000        0.000000
     H   15        0.000000        0.000000        0.000000

     C   16       -0.084291        0.006990        0.006831
     C   16        0.006990        0.074897       -0.067967
     C   16        0.006831       -0.067967        0.009394

     C   17       -0.058196       -0.039878       -0.033502
     C   17       -0.039878        0.269285       -0.088455
     C   17       -0.033502       -0.088455       -0.211089

     Cl  18        0.069216       -1.012246       -0.244979
     Cl  18       -1.012246        1.749038       -0.512753
     Cl  18       -0.244979       -0.512753       -1.818254

     H   19       -0.000000        0.000000        0.000000
     H   19        0.000000        0.000000        0.000000
     H   19        0.000000        0.000000        0.000000

     C   20       -0.178953       -0.052206       -0.034532
     C   20       -0.052206        0.173036        0.131013
     C   20       -0.034532        0.131013        0.005917

     H   21       -0.000000        0.000000        0.000000
     H   21        0.000000        0.000000        0.000000
     H   21        0.000000        0.000000        0.000000

     C   22       -0.105050       -0.033504       -0.013366
     C   22       -0.033504        0.184316       -0.019557
     C   22       -0.013366       -0.019557       -0.079266

     C   23       -0.134975       -0.012155        0.056501
     C   23       -0.012155        0.047325       -0.181578
     C   23        0.056501       -0.181578        0.087650

     Cl  24       -0.454761        1.826174       -0.334580
     Cl  24        1.826174       -1.292997       -0.797677
     Cl  24       -0.334580       -0.797677        1.747758

     ----- total EFG -----
     Cl   1        1.887653       -2.009958       -2.049650
     Cl   1       -2.009958       -1.044439       -0.599832
     Cl   1       -2.049650       -0.599832       -0.843215

     C    2       -0.229824        0.055849       -0.341837
     C    2        0.055849        0.299718        0.189335
     C    2       -0.341837        0.189335       -0.069894

     C    3        0.235074       -0.207898       -0.400571
     C    3       -0.207898       -0.311898       -0.158328
     C    3       -0.400571       -0.158328        0.076823

     H    4        0.063561        0.230585        0.475964
     H    4        0.230585        0.012115        0.024519
     H    4        0.475964        0.024519       -0.075676

     C    5       -0.665468        0.273886       -0.255499
     C    5        0.273886        0.711888        0.238250
     C    5       -0.255499        0.238250       -0.046420

     H    6       -0.251572       -0.089077       -0.089746
     H    6       -0.089077        0.296386        0.048439
     H    6       -0.089746        0.048439       -0.044814

     H    7       -0.308970        0.256530       -0.086003
     H    7        0.256530        0.248130       -0.247028
     H    7       -0.086003       -0.247028        0.060840

     C    8        0.311574       -0.627613        0.291247
     C    8       -0.627613       -0.279130        0.015892
     C    8        0.291247        0.015892       -0.032445

     H    9        0.281422        0.054193        0.457622
     H    9        0.054193       -0.177121       -0.269111
     H    9        0.457622       -0.269111       -0.104301

     C   10       -0.040635       -0.283429       -0.463784
     C   10       -0.283429        0.123914        0.078304
     C   10       -0.463784        0.078304       -0.083278

     C   11        0.075155        0.020690       -0.220665
     C   11        0.020690        0.151064        0.422645
     C   11       -0.220665        0.422645       -0.226219

     Cl  12       -0.669903        0.561458       -0.746226
     Cl  12        0.561458       -0.437620        1.586230
     Cl  12       -0.746226        1.586230        1.107523

     H   13       -0.080926       -0.027129       -0.096131
     H   13       -0.027129        0.192247        0.684960
     H   13       -0.096131        0.684960       -0.111322

     C   14        0.132898       -0.155871       -0.159353
     C   14       -0.155871        0.233162       -0.339437
     C   14       -0.159353       -0.339437       -0.366060

     H   15        0.564580       -0.149000        0.572624
     H   15       -0.149000       -0.352713        0.345169
     H   15        0.572624        0.345169       -0.211867

     C   16       -0.162027        0.011897        0.154237
     C   16        0.011897        0.363400        0.154333
     C   16        0.154237        0.154333       -0.201374

     C   17        0.124893       -0.128200       -0.034579
     C   17       -0.128200        0.602721       -0.388659
     C   17       -0.034579       -0.388659       -0.727614

     Cl  18        0.006366       -0.993785       -0.249659
     Cl  18       -0.993785        1.954761       -0.575058
     Cl  18       -0.249659       -0.575058       -1.961127

     H   19        0.011030        0.026827        0.092644
     H   19        0.026827        0.298521       -0.508497
     H   19        0.092644       -0.508497       -0.309551

     C   20       -0.530513       -0.206006       -0.164635
     C   20       -0.206006        0.414332        0.139834
     C   20       -0.164635        0.139834        0.116181

     H   21        0.299154       -0.370168        0.209223
     H   21       -0.370168       -0.411531       -0.001956
     H   21        0.209223       -0.001956        0.112377

     C   22        0.049907       -0.018168       -0.034573
     C   22       -0.018168        0.085842        0.116420
     C   22       -0.034573        0.116420       -0.135749

     C   23       -0.528551       -0.104038       -0.055743
     C   23       -0.104038        0.224924       -0.507568
     C   23       -0.055743       -0.507568        0.303627

     Cl  24       -0.402908        2.032997       -0.352211
     Cl  24        2.032997       -1.399536       -0.856673
     Cl  24       -0.352211       -0.856673        1.802444

     ----- total EFG (symmetrized) -----
     Cl   1        1.887653       -2.009958       -2.049650
     Cl   1       -2.009958       -1.044439       -0.599832
     Cl   1       -2.049650       -0.599832       -0.843215

     C    2       -0.229824        0.055849       -0.341837
     C    2        0.055849        0.299718        0.189335
     C    2       -0.341837        0.189335       -0.069894

     C    3        0.235074       -0.207898       -0.400571
     C    3       -0.207898       -0.311898       -0.158328
     C    3       -0.400571       -0.158328        0.076823

     H    4        0.063561        0.230585        0.475964
     H    4        0.230585        0.012115        0.024519
     H    4        0.475964        0.024519       -0.075676

     C    5       -0.665468        0.273886       -0.255499
     C    5        0.273886        0.711888        0.238250
     C    5       -0.255499        0.238250       -0.046420

     H    6       -0.251572       -0.089077       -0.089746
     H    6       -0.089077        0.296386        0.048439
     H    6       -0.089746        0.048439       -0.044814

     H    7       -0.308970        0.256530       -0.086003
     H    7        0.256530        0.248130       -0.247028
     H    7       -0.086003       -0.247028        0.060840

     C    8        0.311574       -0.627613        0.291247
     C    8       -0.627613       -0.279130        0.015892
     C    8        0.291247        0.015892       -0.032445

     H    9        0.281422        0.054193        0.457622
     H    9        0.054193       -0.177121       -0.269111
     H    9        0.457622       -0.269111       -0.104301

     C   10       -0.040635       -0.283429       -0.463784
     C   10       -0.283429        0.123914        0.078304
     C   10       -0.463784        0.078304       -0.083278

     C   11        0.075155        0.020690       -0.220665
     C   11        0.020690        0.151064        0.422645
     C   11       -0.220665        0.422645       -0.226219

     Cl  12       -0.669903        0.561458       -0.746226
     Cl  12        0.561458       -0.437620        1.586230
     Cl  12       -0.746226        1.586230        1.107523

     H   13       -0.080926       -0.027129       -0.096131
     H   13       -0.027129        0.192247        0.684960
     H   13       -0.096131        0.684960       -0.111322

     C   14        0.132898       -0.155871       -0.159353
     C   14       -0.155871        0.233162       -0.339437
     C   14       -0.159353       -0.339437       -0.366060

     H   15        0.564580       -0.149000        0.572624
     H   15       -0.149000       -0.352713        0.345169
     H   15        0.572624        0.345169       -0.211867

     C   16       -0.162027        0.011897        0.154237
     C   16        0.011897        0.363400        0.154333
     C   16        0.154237        0.154333       -0.201374

     C   17        0.124893       -0.128200       -0.034579
     C   17       -0.128200        0.602721       -0.388659
     C   17       -0.034579       -0.388659       -0.727614

     Cl  18        0.006366       -0.993785       -0.249659
     Cl  18       -0.993785        1.954761       -0.575058
     Cl  18       -0.249659       -0.575058       -1.961127

     H   19        0.011030        0.026827        0.092644
     H   19        0.026827        0.298521       -0.508497
     H   19        0.092644       -0.508497       -0.309551

     C   20       -0.530513       -0.206006       -0.164635
     C   20       -0.206006        0.414332        0.139834
     C   20       -0.164635        0.139834        0.116181

     H   21        0.299154       -0.370168        0.209223
     H   21       -0.370168       -0.411531       -0.001956
     H   21        0.209223       -0.001956        0.112377

     C   22        0.049907       -0.018168       -0.034573
     C   22       -0.018168        0.085842        0.116420
     C   22       -0.034573        0.116420       -0.135749

     C   23       -0.528551       -0.104038       -0.055743
     C   23       -0.104038        0.224924       -0.507568
     C   23       -0.055743       -0.507568        0.303627

     Cl  24       -0.402908        2.032997       -0.352211
     Cl  24        2.032997       -1.399536       -0.856673
     Cl  24       -0.352211       -0.856673        1.802444


     NQR/NMR SPECTROSCOPIC PARAMETERS:
     Cl   1    Vxx=   -0.3435    axis=(  0.029523 -0.697421  0.716053)
     Cl   1    Vyy=   -3.1741    axis=( -0.493027 -0.633321 -0.596514)
     Cl   1    Vzz=    3.5176    axis=( -0.869513  0.335423  0.362545)
     Cl   1  Q=        -8.1650 1e-30 m^2  Cq=       -67.4837 MHz  eta= 0.80470

     C    2    Vxx=    0.1376    axis=(  0.634118  0.484889 -0.602310)
     C    2    Vyy=    0.3953    axis=(  0.189889 -0.852747 -0.486586)
     C    2    Vzz=   -0.5329    axis=(  0.749558 -0.194181  0.632817)
     C    2  Q=         1.0000 1e-30 m^2  Cq=        -1.2521 MHz  eta= 0.48368

     C    3    Vxx=   -0.0287    axis=( -0.424158  0.658844 -0.621301)
     C    3    Vyy=   -0.5400    axis=(  0.451664  0.748560  0.485445)
     C    3    Vzz=    0.5688    axis=(  0.784914 -0.074714 -0.615084)
     C    3  Q=         1.0000 1e-30 m^2  Cq=         1.3364 MHz  eta= 0.89891

     H    4    Vxx=   -0.0231    axis=(  0.092969 -0.902587  0.420349)
     H    4    Vyy=   -0.5222    axis=(  0.668321 -0.256370 -0.698299)
     H    4    Vzz=    0.5453    axis=(  0.738041  0.345848  0.579384)
     H    4  Q=         1.0000 1e-30 m^2  Cq=         1.2811 MHz  eta= 0.91544

     C    5    Vxx=    0.0246    axis=( -0.396672 -0.155547  0.904686)
     C    5    Vyy=    0.8077    axis=( -0.139811 -0.963804 -0.227013)
     C    5    Vzz=   -0.8324    axis=(  0.907251 -0.216535  0.360567)
     C    5  Q=         1.0000 1e-30 m^2  Cq=        -1.9558 MHz  eta= 0.94079

     H    6    Vxx=   -0.0284    axis=( -0.287988 -0.218041  0.932481)
     H    6    Vyy=   -0.2929    axis=( -0.941025 -0.116130 -0.317782)
     H    6    Vzz=    0.3213    axis=(  0.177578 -0.969006 -0.171738)
     H    6  Q=         1.0000 1e-30 m^2  Cq=         0.7549 MHz  eta= 0.82307

     H    7    Vxx=   -0.0935    axis=(  0.209732  0.464581  0.860335)
     H    7    Vyy=   -0.4093    axis=( -0.928012  0.371676  0.025526)
     H    7    Vzz=    0.5029    axis=( -0.307907 -0.803755  0.509089)
     H    7  Q=         1.0000 1e-30 m^2  Cq=         1.1815 MHz  eta= 0.62805

     C    8    Vxx=   -0.0593    axis=( -0.105109  0.366834  0.924329)
     C    8    Vyy=   -0.7216    axis=(  0.553325  0.793885 -0.252145)
     C    8    Vzz=    0.7809    axis=( -0.826307  0.484952 -0.286423)
     C    8  Q=         1.0000 1e-30 m^2  Cq=         1.8347 MHz  eta= 0.84823

     H    9    Vxx=   -0.0257    axis=(  0.419747  0.824556 -0.379368)
     H    9    Vyy=   -0.5745    axis=( -0.421314  0.547218  0.723220)
     H    9    Vzz=    0.6002    axis=(  0.803932 -0.143737  0.577090)
     H    9  Q=         1.0000 1e-30 m^2  Cq=         1.4103 MHz  eta= 0.91430

     C   10    Vxx=   -0.0041    axis=(  0.227795  0.822761 -0.520744)
     C   10    Vyy=   -0.5579    axis=( -0.715468 -0.221325 -0.662662)
     C   10    Vzz=    0.5620    axis=( -0.660466  0.523527  0.538242)
     C   10  Q=         1.0000 1e-30 m^2  Cq=         1.3204 MHz  eta= 0.98534

     C   11    Vxx=    0.1057    axis=(  0.909708  0.405805 -0.088048)
     C   11    Vyy=    0.4562    axis=(  0.288160 -0.769608 -0.569796)
     C   11    Vzz=   -0.5620    axis=( -0.298989  0.492976 -0.817056)
     C   11  Q=         1.0000 1e-30 m^2  Cq=        -1.3204 MHz  eta= 0.62368

     Cl  12    Vxx=   -0.1337    axis=(  0.823353  0.535166 -0.188911)
     Cl  12    Vyy=   -2.0088    axis=( -0.552961  0.681532 -0.479321)
     Cl  12    Vzz=    2.1425    axis=( -0.127768  0.499111  0.857067)
     Cl  12  Q=        -8.1650 1e-30 m^2  Cq=       -41.1029 MHz  eta= 0.87515

     H   13    Vxx=   -0.0831    axis=(  0.990254  0.138304 -0.016381)
     H   13    Vyy=   -0.6669    axis=( -0.099264  0.618390 -0.779577)
     H   13    Vzz=    0.7500    axis=( -0.097688  0.773606  0.626092)
     H   13  Q=         1.0000 1e-30 m^2  Cq=         1.7623 MHz  eta= 0.77834

     C   14    Vxx=    0.1695    axis=(  0.906444  0.178424 -0.382785)
     C   14    Vyy=    0.4116    axis=(  0.313021 -0.892289  0.325328)
     C   14    Vzz=   -0.5811    axis=(  0.283508  0.414712  0.864660)
     C   14  Q=         1.0000 1e-30 m^2  Cq=        -1.3654 MHz  eta= 0.41660

     H   15    Vxx=   -0.0512    axis=(  0.316579 -0.777880 -0.542845)
     H   15    Vyy=   -0.8178    axis=(  0.354670  0.627841 -0.692838)
     H   15    Vzz=    0.8690    axis=(  0.879765  0.026807  0.474652)
     H   15  Q=         1.0000 1e-30 m^2  Cq=         2.0418 MHz  eta= 0.88217

     C   16    Vxx=   -0.0531    axis=(  0.785415 -0.234667  0.572761)
     C   16    Vyy=   -0.3543    axis=(  0.612057  0.156540 -0.775165)
     C   16    Vzz=    0.4074    axis=(  0.092245  0.959389  0.266579)
     C   16  Q=         1.0000 1e-30 m^2  Cq=         0.9573 MHz  eta= 0.73932

     C   17    Vxx=    0.1077    axis=(  0.979837  0.162543 -0.116187)
     C   17    Vyy=    0.7298    axis=( -0.187158  0.950255 -0.248971)
     C   17    Vzz=   -0.8375    axis=(  0.069939  0.265696  0.961517)
     C   17  Q=         1.0000 1e-30 m^2  Cq=        -1.9679 MHz  eta= 0.74275

     Cl  18    Vxx=   -0.2931    axis=(  0.907305  0.336686 -0.251873)
     Cl  18    Vyy=   -2.1228    axis=(  0.198853  0.184216  0.962560)
     Cl  18    Vzz=    2.4159    axis=(  0.370480 -0.923421  0.100189)
     Cl  18  Q=        -8.1650 1e-30 m^2  Cq=       -46.3471 MHz  eta= 0.75735

     H   19    Vxx=    0.0243    axis=(  0.988061  0.107671  0.110196)
     H   19    Vyy=    0.5878    axis=(  0.039263 -0.867613  0.495687)
     H   19    Vzz=   -0.6121    axis=(  0.148978 -0.485442 -0.861482)
     H   19  Q=         1.0000 1e-30 m^2  Cq=        -1.4382 MHz  eta= 0.92065

     C   20    Vxx=    0.0687    axis=( -0.101282 -0.424450  0.899769)
     C   20    Vyy=    0.5303    axis=(  0.233712 -0.889260 -0.393186)
     C   20    Vzz=   -0.5991    axis=(  0.967016  0.170464  0.189265)
     C   20  Q=         1.0000 1e-30 m^2  Cq=        -1.4075 MHz  eta= 0.77047

     H   21    Vxx=    0.0346    axis=( -0.332967  0.272303  0.902765)
     H   21    Vyy=    0.5445    axis=( -0.849167  0.329631 -0.412626)
     H   21    Vzz=   -0.5791    axis=( -0.409938 -0.903988  0.121475)
     H   21  Q=         1.0000 1e-30 m^2  Cq=        -1.3607 MHz  eta= 0.88045

     C   22    Vxx=    0.0427    axis=(  0.945862  0.323382  0.027722)
     C   22    Vyy=    0.1456    axis=( -0.307443  0.865304  0.395888)
     C   22    Vzz=   -0.1882    axis=(  0.104035 -0.382979  0.917880)
     C   22  Q=         1.0000 1e-30 m^2  Cq=        -0.4423 MHz  eta= 0.54652

     C   23    Vxx=   -0.2047    axis=( -0.331722  0.685476  0.648139)
     C   23    Vyy=   -0.5694    axis=( -0.943095 -0.257759 -0.210075)
     C   23    Vzz=    0.7741    axis=(  0.023062 -0.680943  0.731973)
     C   23  Q=         1.0000 1e-30 m^2  Cq=         1.8187 MHz  eta= 0.47122

     Cl  24    Vxx=    0.6535    axis=(  0.695437  0.457388  0.554224)
     Cl  24    Vyy=    2.3854    axis=( -0.395908 -0.399770  0.826705)
     Cl  24    Vzz=   -3.0389    axis=( -0.599687  0.794343  0.096931)
     Cl  24  Q=        -8.1650 1e-30 m^2  Cq=        58.2993 MHz  eta= 0.56991

     Initialization:
     gipaw_setup  :      9.12s CPU     10.92s WALL (       1 calls)

     Linear response

     Apply operators

     Induced current

     Other routines
     efg          :      9.19s CPU     11.72s WALL (       1 calls)

     General routines
     calbec       :      3.28s CPU      4.45s WALL (      16 calls)
     fft          :      1.76s CPU      2.76s WALL (      15 calls)
     ffts         :      0.04s CPU      0.05s WALL (       2 calls)
     fftw         :      3.11s CPU      3.79s WALL (     672 calls)
     davcio       :      0.04s CPU      0.33s WALL (      32 calls)

     Parallel routines
     fft_scatter  :      2.36s CPU      3.75s WALL (     689 calls)

     Plugins

     GIPAW        :     62.06s CPU     83.48s WALL (       1 calls)
