
     Program QE v.6.0 (svn rev. 13079) starts on 27Dec2016 at 14:31:14 

     This program is part of the open-source Quantum ESPRESSO suite
     for quantum simulation of materials; please cite
         "P. Giannozzi et al., J. Phys.:Condens. Matter 21 395502 (2009);
          URL http://www.quantum-espresso.org", 
     in publications or presentations arising from this work. More details at
     http://www.quantum-espresso.org/quote

     Parallel version (MPI), running on     8 processors
     R & G space division:  proc/nbgrp/npool/nimage =       8

     ***** This is GIPAW svn revision unknown      *****

     Parallelizing q-star over 1 images

     Reading data from directory:
     /users/majewski/paradichlorobenzene/pbe/9_constraint/scratch/pbe.ecut100.np8.dt60.pcl2phi-129368.save
     Message from routine read_xml_file:
     file /users/majewski/paradichlorobenzene/pbe/9_constraint/scratch/pbe.ecut100.np8.dt60.pcl2phi-129368.save not guaranteed to be safe for post-processing

   Info: using nr1, nr2, nr3 values from input

   Info: using nr1, nr2, nr3 values from input

     IMPORTANT: XC functional enforced from input :
     Exchange-correlation      =  SLA  PW   PBX  PBC ( 1  4  3  4 0 0)
     Any further DFT definition will be discarded
     Please, verify this is what you really want

               file C.pbe-n-kjpaw_psl.1.0.0.UPF: wavefunction(s)  2S 2P renormalized
               file Cl.pbe-n-kjpaw_psl.1.0.0.UPF: wavefunction(s)  3S 3P renormalized
               file H.pbe-kjpaw_psl.1.0.0.UPF: wavefunction(s)  1S renormalized

     Parallelization info
     --------------------
     sticks:   dense  smooth     PW     G-vecs:    dense   smooth      PW
     Min        3057    1223    332               144436    36536    5170
     Max        3059    1225    333               144437    36537    5171
     Sum       24467    9791   2657              1155489   292295   41363


     Subspace diagonalization in iterative solution of the eigenvalue problem:
     a serial algorithm will be used

     GIPAW projectors -----------------------------------------------
     atom=  C    l=0  rc=    1.2000  rs=    0.8000
     atom=  C    l=0  rc=    1.2000  rs=    0.8000
     atom=  C    l=1  rc=    1.4000  rs=    0.9333
     atom=  C    l=1  rc=    1.4000  rs=    0.9333
     projs nearly linearly dependent: l=1  n1,n2= 1, 2  s=  0.99951561

     atom=  Cl   l=0  rc=    1.6000  rs=    1.0667
     atom=  Cl   l=0  rc=    1.6000  rs=    1.0667
     atom=  Cl   l=1  rc=    1.6000  rs=    1.0667
     atom=  Cl   l=1  rc=    1.6000  rs=    1.0667
     atom=  Cl   l=2  rc=    1.6000  rs=    1.0667
     atom=  Cl   l=2  rc=    1.6000  rs=    1.0667
     projs nearly linearly dependent: l=2  n1,n2= 1, 2  s=  0.99993509

     atom=  H    l=0  rc=    1.0000  rs=    0.6667
     atom=  H    l=0  rc=    1.0000  rs=    0.6667
     projs nearly linearly dependent: l=0  n1,n2= 1, 2  s=  0.99968852
     -----------------------------------------------------------------

     GIPAW integrals: -------------------------------------------
     Atom  i/j   nmr_para   nmr_dia   epr_rmc  epr_para   epr_dia
       C   1 1   0.83E+03  0.17E-01  0.93E+01  0.24E+08  0.24E+03
       C   2 1   0.86E+03 -0.61E-01  0.94E+01  0.25E+08  0.25E+03
       C   2 2   0.90E+03 -0.15E+00  0.97E+01  0.26E+08  0.26E+03
       C   3 3   0.33E+01  0.34E+00  0.18E+01  0.55E+03  0.21E+02
       C   4 3   0.35E+01  0.37E+00  0.20E+01  0.59E+03  0.22E+02
       C   4 4   0.38E+01  0.39E+00  0.22E+01  0.63E+03  0.24E+02
       Cl  1 1   0.14E+04 -0.47E+00  0.84E+01  0.32E+09  0.42E+03
       Cl  2 1   0.21E+04 -0.37E+00  0.12E+02  0.49E+09  0.65E+03
       Cl  2 2   0.33E+04 -0.16E+00  0.21E+02  0.76E+09  0.10E+04
       Cl  3 3   0.21E+02  0.79E-01  0.89E+01  0.23E+05  0.13E+03
       Cl  4 3   0.24E+02  0.67E-01  0.99E+01  0.27E+05  0.15E+03
       Cl  4 4   0.28E+02  0.44E-01  0.11E+02  0.32E+05  0.18E+03
       Cl  5 5   0.77E+00  0.19E+00  0.18E+01  0.12E+03  0.22E+02
       Cl  6 5   0.80E+00  0.19E+00  0.19E+01  0.12E+03  0.23E+02
       Cl  6 6   0.83E+00  0.20E+00  0.19E+01  0.12E+03  0.23E+02
       H   1 1   0.39E+02  0.19E+00  0.29E+00  0.78E+05  0.13E+02
       H   2 1   0.41E+02  0.21E+00  0.32E+00  0.82E+05  0.14E+02
       H   2 2   0.43E+02  0.22E+00  0.36E+00  0.86E+05  0.15E+02
     ------------------------------------------------------------

     alpha_pv=     34.1401 eV

     Number of occupied bands for each k-point:
     k-point:     1    nbnd_occ=  42
     k-point:     2    nbnd_occ=  42
     k-point:     3    nbnd_occ=  42
     k-point:     4    nbnd_occ=  42
     k-point:     5    nbnd_occ=  42
     k-point:     6    nbnd_occ=  42
     k-point:     7    nbnd_occ=  42
     k-point:     8    nbnd_occ=  42
     k-point:     9    nbnd_occ=  42
     k-point:    10    nbnd_occ=  42
     k-point:    11    nbnd_occ=  42
     k-point:    12    nbnd_occ=  42
     k-point:    13    nbnd_occ=  42
     k-point:    14    nbnd_occ=  42
     k-point:    15    nbnd_occ=  42
     k-point:    16    nbnd_occ=  42


     q-space interpolation up to   110.00 Rydberg

     GIPAW job: efg                                                                             


     ELECTRIC FIELD GRADIENTS TENSORS IN Hartree/bohrradius^2:

     ----- bare term -----
     Cl   1       -0.063068        0.201159       -0.052991
     Cl   1        0.201159        0.003362       -0.040165
     Cl   1       -0.052991       -0.040165        0.059706

     C    2       -0.059569        0.053494       -0.544900
     C    2        0.053494       -0.172334       -0.468236
     C    2       -0.544900       -0.468236        0.231903

     C    3       -0.015558        0.510962       -0.271682
     C    3        0.510962       -0.344938       -0.448005
     C    3       -0.271682       -0.448005        0.360496

     H    4       -0.117132       -0.172252       -0.392487
     H    4       -0.172252        0.456581       -0.062810
     H    4       -0.392487       -0.062810       -0.339449

     C    5       -0.298260        0.152948       -0.470420
     C    5        0.152948       -0.039955       -0.416888
     C    5       -0.470420       -0.416888        0.338215

     H    6        0.360996       -0.020881       -0.026422
     H    6       -0.020881       -0.486954       -0.508858
     H    6       -0.026422       -0.508858        0.125958

     H    7        0.388874       -0.148946       -0.053642
     H    7       -0.148946       -0.722036        0.237069
     H    7       -0.053642        0.237069        0.333162

     C    8       -0.248924        0.077247       -0.348303
     C    8        0.077247        0.021034        0.553330
     C    8       -0.348303        0.553330        0.227890

     H    9       -0.382629        0.322098       -0.442457
     H    9        0.322098        0.183967        0.216145
     H    9       -0.442457        0.216145        0.198662

     C   10       -0.395505       -0.357869       -0.193592
     C   10       -0.357869       -0.058797        0.487300
     C   10       -0.193592        0.487300        0.454302

     C   11       -0.200520        0.216584       -0.330949
     C   11        0.216584       -0.067117        0.657727
     C   11       -0.330949        0.657727        0.267636

     Cl  12       -0.243300       -0.197364        0.096054
     Cl  12       -0.197364       -0.025991        0.160613
     Cl  12        0.096054        0.160613        0.269292

     H   13        0.423201       -0.043171       -0.052469
     H   13       -0.043171       -0.661995       -0.262395
     H   13       -0.052469       -0.262395        0.238794

     C   14       -0.333830        0.316809       -0.372779
     C   14        0.316809       -0.149192       -0.400399
     C   14       -0.372779       -0.400399        0.483022

     H   15       -0.252881       -0.196017       -0.519003
     H   15       -0.196017        0.350302       -0.227925
     H   15       -0.519003       -0.227925       -0.097420

     C   16       -0.264160        0.308036       -0.269316
     C   16        0.308036       -0.169260       -0.474268
     C   16       -0.269316       -0.474268        0.433419

     C   17       -0.106258        0.167720       -0.273677
     C   17        0.167720       -0.201285       -0.517094
     C   17       -0.273677       -0.517094        0.307543

     Cl  18       -0.128288        0.050451        0.017974
     Cl  18        0.050451       -0.093524        0.047929
     Cl  18        0.017974        0.047929        0.221812

     H   19        0.114397        0.313898        0.074089
     H   19        0.313898       -0.436868        0.338516
     H   19        0.074089        0.338516        0.322471

     C   20       -0.412495       -0.338225       -0.319051
     C   20       -0.338225       -0.041291        0.239663
     C   20       -0.319051        0.239663        0.453785

     H   21       -0.641784        0.183105        0.134297
     H   21        0.183105        0.433873        0.147231
     H   21        0.134297        0.147231        0.207911

     C   22        0.029032        0.110575       -0.398714
     C   22        0.110575       -0.353237        0.478207
     C   22       -0.398714        0.478207        0.324205

     C   23       -0.511407       -0.248369       -0.359182
     C   23       -0.248369        0.130517        0.249004
     C   23       -0.359182        0.249004        0.380890

     Cl  24        0.019777        0.008558       -0.109080
     Cl  24        0.008558       -0.016516        0.068162
     Cl  24       -0.109080        0.068162       -0.003260

     ----- ionic term -----
     Cl   1        0.117125       -0.216864        0.009225
     Cl   1       -0.216864        0.035115        0.005887
     Cl   1        0.009225        0.005887       -0.152241

     C    2        0.102347       -0.188301        0.325267
     C    2       -0.188301        0.211301        0.408204
     C    2        0.325267        0.408204       -0.313648

     C    3        0.086176       -0.252865        0.243839
     C    3       -0.252865        0.278447        0.358961
     C    3        0.243839        0.358961       -0.364624

     H    4        0.514766        0.270634        0.745035
     H    4        0.270634       -0.417569        0.246552
     H    4        0.745035        0.246552       -0.097197

     C    5        0.214484       -0.182100        0.328225
     C    5       -0.182100        0.127344        0.277415
     C    5        0.328225        0.277415       -0.341828

     H    6       -0.530164        0.163890        0.073460
     H    6        0.163890        0.764300        0.630271
     H    6        0.073460        0.630271       -0.234136

     H    7       -0.529670       -0.032012        0.011993
     H    7       -0.032012        0.737993       -0.670710
     H    7        0.011993       -0.670710       -0.208323

     C    8        0.312475        0.110043        0.236297
     C    8        0.110043        0.068173       -0.306113
     C    8        0.236297       -0.306113       -0.380648

     H    9        0.545795       -0.249587        0.733909
     H    9       -0.249587       -0.460874       -0.233674
     H    9        0.733909       -0.233674       -0.084921

     C   10        0.143832        0.185515        0.194560
     C   10        0.185515        0.143441       -0.372162
     C   10        0.194560       -0.372162       -0.287273

     C   11        0.340539        0.148198        0.209509
     C   11        0.148198        0.065301       -0.391148
     C   11        0.209509       -0.391148       -0.405840

     Cl  12        0.163082        0.222300       -0.015969
     Cl  12        0.222300       -0.003011       -0.023677
     Cl  12       -0.015969       -0.023677       -0.160070

     H   13       -0.496987       -0.049560        0.006308
     H   13       -0.049560        0.664577        0.683315
     H   13        0.006308        0.683315       -0.167590

     C   14        0.249822       -0.280640        0.354805
     C   14       -0.280640        0.080546        0.272945
     C   14        0.354805        0.272945       -0.330368

     H   15        0.417973        0.236281        0.749179
     H   15        0.236281       -0.441082        0.264184
     H   15        0.749179        0.264184        0.023109

     C   16        0.093559       -0.319649        0.257495
     C   16       -0.319649        0.238244        0.354648
     C   16        0.257495        0.354648       -0.331803

     C   17        0.156056       -0.184758        0.373203
     C   17       -0.184758        0.142551        0.345308
     C   17        0.373203        0.345308       -0.298608

     Cl  18        0.128266       -0.212592        0.063583
     Cl  18       -0.212592        0.024419       -0.040283
     Cl  18        0.063583       -0.040283       -0.152685

     H   19       -0.479638       -0.212627        0.101548
     H   19       -0.212627        0.813907       -0.570453
     H   19        0.101548       -0.570453       -0.334269

     C   20        0.367553        0.098724        0.213532
     C   20        0.098724        0.072475       -0.289390
     C   20        0.213532       -0.289390       -0.440029

     H   21        0.762910       -0.427821        0.432658
     H   21       -0.427821       -0.361187       -0.221536
     H   21        0.432658       -0.221536       -0.401723

     C   22        0.184355        0.148775        0.110315
     C   22        0.148775        0.228322       -0.390317
     C   22        0.110315       -0.390317       -0.412677

     C   23        0.284134        0.019771        0.244548
     C   23        0.019771        0.093660       -0.404218
     C   23        0.244548       -0.404218       -0.377794

     Cl  24        0.157735        0.178881       -0.027261
     Cl  24        0.178881       -0.030597       -0.013075
     Cl  24       -0.027261       -0.013075       -0.127139

     ----- GIPAW term -----
     Cl   1        1.241044        0.970149       -1.152253
     Cl   1        0.970149        0.551949       -1.118019
     Cl   1       -1.152253       -1.118019       -1.792993

     C    2        0.038361        0.009392       -0.218538
     C    2        0.009392       -0.073370       -0.158362
     C    2       -0.218538       -0.158362        0.035009

     C    3        0.075288        0.147503       -0.167220
     C    3        0.147503       -0.115842       -0.105106
     C    3       -0.167220       -0.105106        0.040554

     H    4       -0.000000        0.000000        0.000000
     H    4        0.000000        0.000000        0.000000
     H    4        0.000000        0.000000        0.000000

     C    5        0.022639        0.041665       -0.135537
     C    5        0.041665       -0.062903       -0.097585
     C    5       -0.135537       -0.097585        0.040263

     H    6       -0.000000        0.000000        0.000000
     H    6        0.000000        0.000000        0.000000
     H    6        0.000000        0.000000        0.000000

     H    7       -0.000000        0.000000        0.000000
     H    7        0.000000        0.000000        0.000000
     H    7        0.000000        0.000000        0.000000

     C    8       -0.074138        0.098292       -0.033356
     C    8        0.098292        0.132658        0.176685
     C    8       -0.033356        0.176685       -0.058520

     H    9       -0.000000        0.000000        0.000000
     H    9        0.000000        0.000000        0.000000
     H    9        0.000000        0.000000        0.000000

     C   10       -0.153736       -0.052999       -0.042920
     C   10       -0.052999        0.087258        0.166163
     C   10       -0.042920        0.166163        0.066478

     C   11       -0.004079        0.205723        0.001963
     C   11        0.205723       -0.006561        0.189996
     C   11        0.001963        0.189996        0.010641

     Cl  12       -0.315034        1.629753        0.932136
     Cl  12        1.629753       -0.185949        1.702325
     Cl  12        0.932136        1.702325        0.500983

     H   13       -0.000000        0.000000        0.000000
     H   13        0.000000        0.000000        0.000000
     H   13        0.000000        0.000000        0.000000

     C   14       -0.043820        0.104157       -0.135708
     C   14        0.104157       -0.067338       -0.145927
     C   14       -0.135708       -0.145927        0.111158

     H   15       -0.000000        0.000000        0.000000
     H   15        0.000000        0.000000        0.000000
     H   15        0.000000        0.000000        0.000000

     C   16       -0.073352        0.048717       -0.070500
     C   16        0.048717        0.001775       -0.084466
     C   16       -0.070500       -0.084466        0.071577

     C   17        0.092952       -0.082488       -0.040893
     C   17       -0.082488       -0.037525       -0.078184
     C   17       -0.040893       -0.078184       -0.055427

     Cl  18       -0.494574       -1.513569        0.701834
     Cl  18       -1.513569       -1.395873        0.538334
     Cl  18        0.701834        0.538334        1.890447

     H   19       -0.000000        0.000000        0.000000
     H   19        0.000000        0.000000        0.000000
     H   19        0.000000        0.000000        0.000000

     C   20        0.002304        0.027529       -0.076960
     C   20        0.027529       -0.014812       -0.000413
     C   20       -0.076960       -0.000413        0.012508

     H   21       -0.000000        0.000000        0.000000
     H   21        0.000000        0.000000        0.000000
     H   21        0.000000        0.000000        0.000000

     C   22        0.005788        0.153273       -0.195479
     C   22        0.153273       -0.055676       -0.052024
     C   22       -0.195479       -0.052024        0.049888

     C   23       -0.076003        0.128641       -0.080271
     C   23        0.128641        0.143728       -0.040795
     C   23       -0.080271       -0.040795       -0.067725

     Cl  24        2.078321        1.545216       -1.997543
     Cl  24        1.545216       -1.041316        0.494872
     Cl  24       -1.997543        0.494872       -1.037005

     ----- total EFG -----
     Cl   1        1.295102        0.954444       -1.196019
     Cl   1        0.954444        0.590426       -1.152296
     Cl   1       -1.196019       -1.152296       -1.885528

     C    2        0.081139       -0.125416       -0.438171
     C    2       -0.125416       -0.034403       -0.218394
     C    2       -0.438171       -0.218394       -0.046736

     C    3        0.145906        0.405601       -0.195064
     C    3        0.405601       -0.182333       -0.194150
     C    3       -0.195064       -0.194150        0.036426

     H    4        0.397634        0.098382        0.352548
     H    4        0.098382        0.039012        0.183742
     H    4        0.352548        0.183742       -0.436646

     C    5       -0.061137        0.012513       -0.277732
     C    5        0.012513        0.024487       -0.237058
     C    5       -0.277732       -0.237058        0.036650

     H    6       -0.169169        0.143009        0.047038
     H    6        0.143009        0.277346        0.121412
     H    6        0.047038        0.121412       -0.108178

     H    7       -0.140795       -0.180957       -0.041648
     H    7       -0.180957        0.015957       -0.433641
     H    7       -0.041648       -0.433641        0.124839

     C    8       -0.010587        0.285581       -0.145363
     C    8        0.285581        0.221865        0.423902
     C    8       -0.145363        0.423902       -0.211278

     H    9        0.163166        0.072510        0.291453
     H    9        0.072510       -0.276907       -0.017529
     H    9        0.291453       -0.017529        0.113742

     C   10       -0.405409       -0.225353       -0.041952
     C   10       -0.225353        0.171902        0.281301
     C   10       -0.041952        0.281301        0.233507

     C   11        0.135940        0.570506       -0.119477
     C   11        0.570506       -0.008377        0.456574
     C   11       -0.119477        0.456574       -0.127563

     Cl  12       -0.395253        1.654689        1.012222
     Cl  12        1.654689       -0.214952        1.839261
     Cl  12        1.012222        1.839261        0.610205

     H   13       -0.073786       -0.092731       -0.046161
     H   13       -0.092731        0.002582        0.420920
     H   13       -0.046161        0.420920        0.071204

     C   14       -0.127828        0.140327       -0.153682
     C   14        0.140327       -0.135984       -0.273382
     C   14       -0.153682       -0.273382        0.263812

     H   15        0.165092        0.040264        0.230177
     H   15        0.040264       -0.090780        0.036260
     H   15        0.230177        0.036260       -0.074312

     C   16       -0.243954        0.037104       -0.082322
     C   16        0.037104        0.070760       -0.204086
     C   16       -0.082322       -0.204086        0.173194

     C   17        0.142751       -0.099526        0.058633
     C   17       -0.099526       -0.096259       -0.249969
     C   17        0.058633       -0.249969       -0.046492

     Cl  18       -0.494596       -1.675710        0.783390
     Cl  18       -1.675710       -1.464978        0.545980
     Cl  18        0.783390        0.545980        1.959574

     H   19       -0.365240        0.101271        0.175637
     H   19        0.101271        0.377039       -0.231937
     H   19        0.175637       -0.231937       -0.011798

     C   20       -0.042637       -0.211972       -0.182479
     C   20       -0.211972        0.016373       -0.050141
     C   20       -0.182479       -0.050141        0.026264

     H   21        0.121126       -0.244716        0.566955
     H   21       -0.244716        0.072686       -0.074306
     H   21        0.566955       -0.074306       -0.193812

     C   22        0.219175        0.412623       -0.483877
     C   22        0.412623       -0.180591        0.035866
     C   22       -0.483877        0.035866       -0.038584

     C   23       -0.303276       -0.099958       -0.194906
     C   23       -0.099958        0.367905       -0.196009
     C   23       -0.194906       -0.196009       -0.064629

     Cl  24        2.255833        1.732654       -2.133884
     Cl  24        1.732654       -1.088429        0.549959
     Cl  24       -2.133884        0.549959       -1.167404

     ----- total EFG (symmetrized) -----
     Cl   1        1.295102        0.954444       -1.196019
     Cl   1        0.954444        0.590426       -1.152296
     Cl   1       -1.196019       -1.152296       -1.885528

     C    2        0.081139       -0.125416       -0.438171
     C    2       -0.125416       -0.034403       -0.218394
     C    2       -0.438171       -0.218394       -0.046736

     C    3        0.145906        0.405601       -0.195064
     C    3        0.405601       -0.182333       -0.194150
     C    3       -0.195064       -0.194150        0.036426

     H    4        0.397634        0.098382        0.352548
     H    4        0.098382        0.039012        0.183742
     H    4        0.352548        0.183742       -0.436646

     C    5       -0.061137        0.012513       -0.277732
     C    5        0.012513        0.024487       -0.237058
     C    5       -0.277732       -0.237058        0.036650

     H    6       -0.169169        0.143009        0.047038
     H    6        0.143009        0.277346        0.121412
     H    6        0.047038        0.121412       -0.108178

     H    7       -0.140795       -0.180957       -0.041648
     H    7       -0.180957        0.015957       -0.433641
     H    7       -0.041648       -0.433641        0.124839

     C    8       -0.010587        0.285581       -0.145363
     C    8        0.285581        0.221865        0.423902
     C    8       -0.145363        0.423902       -0.211278

     H    9        0.163166        0.072510        0.291453
     H    9        0.072510       -0.276907       -0.017529
     H    9        0.291453       -0.017529        0.113742

     C   10       -0.405409       -0.225353       -0.041952
     C   10       -0.225353        0.171902        0.281301
     C   10       -0.041952        0.281301        0.233507

     C   11        0.135940        0.570506       -0.119477
     C   11        0.570506       -0.008377        0.456574
     C   11       -0.119477        0.456574       -0.127563

     Cl  12       -0.395253        1.654689        1.012222
     Cl  12        1.654689       -0.214952        1.839261
     Cl  12        1.012222        1.839261        0.610205

     H   13       -0.073786       -0.092731       -0.046161
     H   13       -0.092731        0.002582        0.420920
     H   13       -0.046161        0.420920        0.071204

     C   14       -0.127828        0.140327       -0.153682
     C   14        0.140327       -0.135984       -0.273382
     C   14       -0.153682       -0.273382        0.263812

     H   15        0.165092        0.040264        0.230177
     H   15        0.040264       -0.090780        0.036260
     H   15        0.230177        0.036260       -0.074312

     C   16       -0.243954        0.037104       -0.082322
     C   16        0.037104        0.070760       -0.204086
     C   16       -0.082322       -0.204086        0.173194

     C   17        0.142751       -0.099526        0.058633
     C   17       -0.099526       -0.096259       -0.249969
     C   17        0.058633       -0.249969       -0.046492

     Cl  18       -0.494596       -1.675710        0.783390
     Cl  18       -1.675710       -1.464978        0.545980
     Cl  18        0.783390        0.545980        1.959574

     H   19       -0.365240        0.101271        0.175637
     H   19        0.101271        0.377039       -0.231937
     H   19        0.175637       -0.231937       -0.011798

     C   20       -0.042637       -0.211972       -0.182479
     C   20       -0.211972        0.016373       -0.050141
     C   20       -0.182479       -0.050141        0.026264

     H   21        0.121126       -0.244716        0.566955
     H   21       -0.244716        0.072686       -0.074306
     H   21        0.566955       -0.074306       -0.193812

     C   22        0.219175        0.412623       -0.483877
     C   22        0.412623       -0.180591        0.035866
     C   22       -0.483877        0.035866       -0.038584

     C   23       -0.303276       -0.099958       -0.194906
     C   23       -0.099958        0.367905       -0.196009
     C   23       -0.194906       -0.196009       -0.064629

     Cl  24        2.255833        1.732654       -2.133884
     Cl  24        1.732654       -1.088429        0.549959
     Cl  24       -2.133884        0.549959       -1.167404


     NQR/NMR SPECTROSCOPIC PARAMETERS:
     Cl   1    Vxx=   -0.0530    axis=(  0.623370 -0.777604  0.082111)
     Cl   1    Vyy=   -2.5147    axis=( -0.223648 -0.277935 -0.934202)
     Cl   1    Vzz=    2.5677    axis=(  0.749261  0.563989 -0.347166)
     Cl   1  Q=        -8.1650 1e-30 m^2  Cq=       -49.2602 MHz  eta= 0.95869

     C    2    Vxx=    0.0803    axis=(  0.370657 -0.892735  0.256197)
     C    2    Vyy=    0.4654    axis=( -0.731379 -0.110540  0.672953)
     C    2    Vzz=   -0.5457    axis=( -0.572449 -0.436812 -0.693901)
     C    2  Q=         1.0000 1e-30 m^2  Cq=        -1.2822 MHz  eta= 0.70554

     C    3    Vxx=   -0.0974    axis=(  0.452385  0.151309  0.878893)
     C    3    Vyy=   -0.4623    axis=(  0.522774 -0.843422 -0.123880)
     C    3    Vzz=    0.5597    axis=(  0.722534  0.515504 -0.460652)
     C    3  Q=         1.0000 1e-30 m^2  Cq=         1.3150 MHz  eta= 0.65192

     H    4    Vxx=    0.0236    axis=(  0.346050 -0.932090 -0.107043)
     H    4    Vyy=    0.5734    axis=(  0.886748  0.287662  0.361839)
     H    4    Vzz=   -0.5970    axis=( -0.306475 -0.220135  0.926075)
     H    4  Q=         1.0000 1e-30 m^2  Cq=        -1.4027 MHz  eta= 0.92098

     C    5    Vxx=   -0.0231    axis=(  0.629298 -0.767715 -0.120823)
     C    5    Vyy=   -0.3571    axis=(  0.618030  0.400098  0.676728)
     C    5    Vzz=    0.3802    axis=( -0.471193 -0.500536  0.726252)
     C    5  Q=         1.0000 1e-30 m^2  Cq=         0.8934 MHz  eta= 0.87861

     H    6    Vxx=   -0.1428    axis=(  0.072467 -0.299558  0.951322)
     H    6    Vyy=   -0.2127    axis=( -0.958524  0.242693  0.149437)
     H    6    Vzz=    0.3555    axis=( -0.275645 -0.922694 -0.269546)
     H    6  Q=         1.0000 1e-30 m^2  Cq=         0.8354 MHz  eta= 0.19656

     H    7    Vxx=   -0.0659    axis=( -0.870924  0.265496  0.413525)
     H    7    Vyy=   -0.4540    axis=( -0.471372 -0.689226 -0.550251)
     H    7    Vzz=    0.5199    axis=(  0.138923 -0.674151  0.725411)
     H    7  Q=         1.0000 1e-30 m^2  Cq=         1.2215 MHz  eta= 0.74664

     C    8    Vxx=    0.0622    axis=(  0.838405 -0.061887 -0.541523)
     C    8    Vyy=    0.5403    axis=( -0.330285 -0.848027 -0.414443)
     C    8    Vzz=   -0.6025    axis=(  0.433578 -0.526328  0.731430)
     C    8  Q=         1.0000 1e-30 m^2  Cq=        -1.4156 MHz  eta= 0.79345

     H    9    Vxx=   -0.1287    axis=( -0.605163 -0.378811  0.700200)
     H    9    Vyy=   -0.3047    axis=(  0.295362 -0.923597 -0.244396)
     H    9    Vzz=    0.4334    axis=(  0.739283  0.058913  0.670813)
     H    9  Q=         1.0000 1e-30 m^2  Cq=         1.0183 MHz  eta= 0.40624

     C   10    Vxx=   -0.0352    axis=( -0.305132  0.633612 -0.710936)
     C   10    Vyy=   -0.4873    axis=( -0.931372 -0.354238  0.084033)
     C   10    Vzz=    0.5225    axis=( -0.198596  0.687787  0.698218)
     C   10  Q=         1.0000 1e-30 m^2  Cq=         1.2278 MHz  eta= 0.86526

     C   11    Vxx=    0.0875    axis=( -0.588356  0.213343  0.779950)
     C   11    Vyy=    0.7045    axis=( -0.645470 -0.704893 -0.294099)
     C   11    Vzz=   -0.7920    axis=(  0.487037 -0.676469  0.552434)
     C   11  Q=         1.0000 1e-30 m^2  Cq=        -1.8608 MHz  eta= 0.77915

     Cl  12    Vxx=   -0.9282    axis=( -0.686614 -0.205453  0.697388)
     Cl  12    Vyy=   -2.1410    axis=( -0.550668  0.773271 -0.314352)
     Cl  12    Vzz=    3.0692    axis=( -0.474685 -0.599868 -0.644075)
     Cl  12  Q=        -8.1650 1e-30 m^2  Cq=       -58.8817 MHz  eta= 0.39514

     H   13    Vxx=   -0.0864    axis=( -0.977439 -0.028846 -0.209237)
     H   13    Vyy=   -0.3899    axis=( -0.120058 -0.739159  0.662745)
     H   13    Vzz=    0.4763    axis=( -0.173777  0.672913  0.719019)
     H   13  Q=         1.0000 1e-30 m^2  Cq=         1.1191 MHz  eta= 0.63718

     C   14    Vxx=   -0.1690    axis=(  0.845397  0.261828  0.465564)
     C   14    Vyy=   -0.3013    axis=(  0.427814 -0.853786 -0.296689)
     C   14    Vzz=    0.4703    axis=( -0.319810 -0.449995  0.833802)
     C   14  Q=         1.0000 1e-30 m^2  Cq=         1.1050 MHz  eta= 0.28131

     H   15    Vxx=   -0.0970    axis=( -0.156080  0.987732  0.004913)
     H   15    Vyy=   -0.2149    axis=( -0.509637 -0.084791  0.856201)
     H   15    Vzz=    0.3119    axis=( -0.846114 -0.131132 -0.516619)
     H   15  Q=         1.0000 1e-30 m^2  Cq=         0.7328 MHz  eta= 0.37820

     C   16    Vxx=   -0.0858    axis=( -0.120194  0.798021  0.590522)
     C   16    Vyy=   -0.2596    axis=( -0.981736 -0.007184 -0.190113)
     C   16    Vzz=    0.3455    axis=( -0.147472 -0.602587  0.784309)
     C   16  Q=         1.0000 1e-30 m^2  Cq=         0.8117 MHz  eta= 0.50301

     C   17    Vxx=    0.0513    axis=(  0.757093  0.384303 -0.528319)
     C   17    Vyy=    0.2739    axis=( -0.648717  0.537917 -0.538342)
     C   17    Vzz=   -0.3252    axis=(  0.077305  0.750305  0.656557)
     C   17  Q=         1.0000 1e-30 m^2  Cq=        -0.7642 MHz  eta= 0.68446

     Cl  18    Vxx=    0.7052    axis=(  0.751842 -0.629704 -0.195464)
     Cl  18    Vyy=    2.1895    axis=( -0.268007 -0.021010 -0.963188)
     Cl  18    Vzz=   -2.8947    axis=(  0.602417  0.776551 -0.184561)
     Cl  18  Q=        -8.1650 1e-30 m^2  Cq=        55.5332 MHz  eta= 0.51274

     H   19    Vxx=   -0.0065    axis=(  0.489893  0.352755  0.797225)
     H   19    Vyy=   -0.4792    axis=(  0.871496 -0.221591 -0.437483)
     H   19    Vzz=    0.4857    axis=( -0.022333 -0.909099  0.415981)
     H   19  Q=         1.0000 1e-30 m^2  Cq=         1.1411 MHz  eta= 0.97325

     C   20    Vxx=    0.0716    axis=(  0.010753  0.649042 -0.760677)
     C   20    Vyy=    0.2440    axis=(  0.698374 -0.549318 -0.458829)
     C   20    Vzz=   -0.3156    axis=( -0.715653 -0.526303 -0.459181)
     C   20  Q=         1.0000 1e-30 m^2  Cq=        -0.7416 MHz  eta= 0.54611

     H   21    Vxx=   -0.0156    axis=(  0.226353  0.912973  0.339476)
     H   21    Vyy=   -0.6367    axis=( -0.620922 -0.133282  0.772458)
     H   21    Vzz=    0.6523    axis=(  0.750480 -0.385637  0.536716)
     H   21  Q=         1.0000 1e-30 m^2  Cq=         1.5327 MHz  eta= 0.95212

     C   22    Vxx=   -0.0813    axis=(  0.113776  0.719980  0.684605)
     C   22    Vyy=   -0.6240    axis=(  0.598363 -0.599743  0.531290)
     C   22    Vzz=    0.7053    axis=( -0.793106 -0.349195  0.499046)
     C   22  Q=         1.0000 1e-30 m^2  Cq=         1.6572 MHz  eta= 0.76952

     C   23    Vxx=    0.0104    axis=(  0.568582 -0.267540 -0.777905)
     C   23    Vyy=    0.4443    axis=( -0.034662  0.937005 -0.347593)
     C   23    Vzz=   -0.4547    axis=(  0.821896  0.224599  0.523491)
     C   23  Q=         1.0000 1e-30 m^2  Cq=        -1.0684 MHz  eta= 0.95418

     Cl  24    Vxx=   -0.5801    axis=(  0.019148  0.763568  0.645444)
     Cl  24    Vyy=   -3.0899    axis=(  0.457127 -0.580822  0.673558)
     Cl  24    Vzz=    3.6700    axis=( -0.889195 -0.282152  0.360169)
     Cl  24  Q=        -8.1650 1e-30 m^2  Cq=       -70.4063 MHz  eta= 0.68387

     Initialization:
     gipaw_setup  :      9.06s CPU     10.78s WALL (       1 calls)

     Linear response

     Apply operators

     Induced current

     Other routines
     efg          :      8.87s CPU     11.12s WALL (       1 calls)

     General routines
     calbec       :      3.01s CPU      3.77s WALL (      16 calls)
     fft          :      1.35s CPU      1.64s WALL (      15 calls)
     ffts         :      0.02s CPU      0.04s WALL (       2 calls)
     fftw         :      3.15s CPU      3.78s WALL (     672 calls)
     davcio       :      0.03s CPU      0.33s WALL (      32 calls)

     Parallel routines
     fft_scatter  :      1.92s CPU      2.60s WALL (     689 calls)

     Plugins

     GIPAW        :     59.92s CPU     71.00s WALL (       1 calls)
