
     Program QE v.6.0 (svn rev. 13079) starts on 22Dec2016 at 20:47:59 

     This program is part of the open-source Quantum ESPRESSO suite
     for quantum simulation of materials; please cite
         "P. Giannozzi et al., J. Phys.:Condens. Matter 21 395502 (2009);
          URL http://www.quantum-espresso.org", 
     in publications or presentations arising from this work. More details at
     http://www.quantum-espresso.org/quote

     Parallel version (MPI), running on     8 processors
     R & G space division:  proc/nbgrp/npool/nimage =       8

     ***** This is GIPAW svn revision unknown      *****

     Parallelizing q-star over 1 images

     Reading data from directory:
     /users/majewski/paradichlorobenzene/pbe/9_constraint/scratch/pbe.ecut100.np8.dt60.pcl2phi-129368.save
     Message from routine read_xml_file:
     file /users/majewski/paradichlorobenzene/pbe/9_constraint/scratch/pbe.ecut100.np8.dt60.pcl2phi-129368.save not guaranteed to be safe for post-processing

   Info: using nr1, nr2, nr3 values from input

   Info: using nr1, nr2, nr3 values from input

     IMPORTANT: XC functional enforced from input :
     Exchange-correlation      =  SLA  PW   PBX  PBC ( 1  4  3  4 0 0)
     Any further DFT definition will be discarded
     Please, verify this is what you really want

               file C.pbe-n-kjpaw_psl.1.0.0.UPF: wavefunction(s)  2S 2P renormalized
               file Cl.pbe-n-kjpaw_psl.1.0.0.UPF: wavefunction(s)  3S 3P renormalized
               file H.pbe-kjpaw_psl.1.0.0.UPF: wavefunction(s)  1S renormalized

     Parallelization info
     --------------------
     sticks:   dense  smooth     PW     G-vecs:    dense   smooth      PW
     Min        3057    1223    332               144436    36536    5170
     Max        3059    1225    333               144437    36537    5171
     Sum       24467    9791   2657              1155489   292295   41363


     Subspace diagonalization in iterative solution of the eigenvalue problem:
     a serial algorithm will be used

     GIPAW projectors -----------------------------------------------
     atom=  C    l=0  rc=    1.2000  rs=    0.8000
     atom=  C    l=0  rc=    1.2000  rs=    0.8000
     atom=  C    l=1  rc=    1.4000  rs=    0.9333
     atom=  C    l=1  rc=    1.4000  rs=    0.9333
     projs nearly linearly dependent: l=1  n1,n2= 1, 2  s=  0.99951561

     atom=  Cl   l=0  rc=    1.6000  rs=    1.0667
     atom=  Cl   l=0  rc=    1.6000  rs=    1.0667
     atom=  Cl   l=1  rc=    1.6000  rs=    1.0667
     atom=  Cl   l=1  rc=    1.6000  rs=    1.0667
     atom=  Cl   l=2  rc=    1.6000  rs=    1.0667
     atom=  Cl   l=2  rc=    1.6000  rs=    1.0667
     projs nearly linearly dependent: l=2  n1,n2= 1, 2  s=  0.99993509

     atom=  H    l=0  rc=    1.0000  rs=    0.6667
     atom=  H    l=0  rc=    1.0000  rs=    0.6667
     projs nearly linearly dependent: l=0  n1,n2= 1, 2  s=  0.99968852
     -----------------------------------------------------------------

     GIPAW integrals: -------------------------------------------
     Atom  i/j   nmr_para   nmr_dia   epr_rmc  epr_para   epr_dia
       C   1 1   0.83E+03  0.17E-01  0.93E+01  0.24E+08  0.24E+03
       C   2 1   0.86E+03 -0.61E-01  0.94E+01  0.25E+08  0.25E+03
       C   2 2   0.90E+03 -0.15E+00  0.97E+01  0.26E+08  0.26E+03
       C   3 3   0.33E+01  0.34E+00  0.18E+01  0.55E+03  0.21E+02
       C   4 3   0.35E+01  0.37E+00  0.20E+01  0.59E+03  0.22E+02
       C   4 4   0.38E+01  0.39E+00  0.22E+01  0.63E+03  0.24E+02
       Cl  1 1   0.14E+04 -0.47E+00  0.84E+01  0.32E+09  0.42E+03
       Cl  2 1   0.21E+04 -0.37E+00  0.12E+02  0.49E+09  0.65E+03
       Cl  2 2   0.33E+04 -0.16E+00  0.21E+02  0.76E+09  0.10E+04
       Cl  3 3   0.21E+02  0.79E-01  0.89E+01  0.23E+05  0.13E+03
       Cl  4 3   0.24E+02  0.67E-01  0.99E+01  0.27E+05  0.15E+03
       Cl  4 4   0.28E+02  0.44E-01  0.11E+02  0.32E+05  0.18E+03
       Cl  5 5   0.77E+00  0.19E+00  0.18E+01  0.12E+03  0.22E+02
       Cl  6 5   0.80E+00  0.19E+00  0.19E+01  0.12E+03  0.23E+02
       Cl  6 6   0.83E+00  0.20E+00  0.19E+01  0.12E+03  0.23E+02
       H   1 1   0.39E+02  0.19E+00  0.29E+00  0.78E+05  0.13E+02
       H   2 1   0.41E+02  0.21E+00  0.32E+00  0.82E+05  0.14E+02
       H   2 2   0.43E+02  0.22E+00  0.36E+00  0.86E+05  0.15E+02
     ------------------------------------------------------------

     alpha_pv=     34.1074 eV

     Number of occupied bands for each k-point:
     k-point:     1    nbnd_occ=  42
     k-point:     2    nbnd_occ=  42
     k-point:     3    nbnd_occ=  42
     k-point:     4    nbnd_occ=  42
     k-point:     5    nbnd_occ=  42
     k-point:     6    nbnd_occ=  42
     k-point:     7    nbnd_occ=  42
     k-point:     8    nbnd_occ=  42
     k-point:     9    nbnd_occ=  42
     k-point:    10    nbnd_occ=  42
     k-point:    11    nbnd_occ=  42
     k-point:    12    nbnd_occ=  42
     k-point:    13    nbnd_occ=  42
     k-point:    14    nbnd_occ=  42
     k-point:    15    nbnd_occ=  42
     k-point:    16    nbnd_occ=  42


     q-space interpolation up to   110.00 Rydberg

     GIPAW job: efg                                                                             


     ELECTRIC FIELD GRADIENTS TENSORS IN Hartree/bohrradius^2:

     ----- bare term -----
     Cl   1       -0.097020        0.180166       -0.063310
     Cl   1        0.180166        0.068312       -0.095763
     Cl   1       -0.063310       -0.095763        0.028708

     C    2       -0.037089        0.060573       -0.127860
     C    2        0.060573       -0.004270       -0.497728
     C    2       -0.127860       -0.497728        0.041359

     C    3        0.088017       -0.012472        0.264616
     C    3       -0.012472       -0.066948        0.275479
     C    3        0.264616        0.275479       -0.021069

     H    4       -0.184351       -0.333301        0.137731
     H    4       -0.333301       -0.040071        0.168207
     H    4        0.137731        0.168207        0.224422

     C    5       -0.072717       -0.128181       -0.124452
     C    5       -0.128181       -0.073844        0.058770
     C    5       -0.124452        0.058770        0.146560

     H    6        0.373588       -0.079720       -0.045589
     H    6       -0.079720       -0.592565        0.257491
     H    6       -0.045589        0.257491        0.218978

     H    7        0.359090        0.066688       -0.078316
     H    7        0.066688       -0.502889        0.566234
     H    7       -0.078316        0.566234        0.143800

     C    8       -0.657381       -0.373537       -0.427800
     C    8       -0.373537        0.315204        0.226518
     C    8       -0.427800        0.226518        0.342177

     H    9       -0.069704        0.068397       -0.516352
     H    9        0.068397        0.101597       -0.152938
     H    9       -0.516352       -0.152938       -0.031894

     C   10        0.077234       -0.391247       -0.057117
     C   10       -0.391247       -0.154673        0.590312
     C   10       -0.057117        0.590312        0.077439

     C   11       -0.451493       -0.360559       -0.449758
     C   11       -0.360559        0.249518        0.307252
     C   11       -0.449758        0.307252        0.201974

     Cl  12        0.011927        0.123640       -0.023171
     Cl  12        0.123640        0.083369        0.037660
     Cl  12       -0.023171        0.037660       -0.095296

     H   13        0.401613        0.082068       -0.246879
     H   13        0.082068       -0.547001       -0.202130
     H   13       -0.246879       -0.202130        0.145388

     C   14       -0.729166        0.354641       -0.413559
     C   14        0.354641        0.305847       -0.129685
     C   14       -0.413559       -0.129685        0.423319

     H   15       -0.347851       -0.460503        0.114187
     H   15       -0.460503        0.162230        0.158898
     H   15        0.114187        0.158898        0.185621

     C   16       -0.166978        0.277342       -0.195323
     C   16        0.277342       -0.402916       -0.518519
     C   16       -0.195323       -0.518519        0.569894

     C   17       -0.192749        0.157209       -0.297229
     C   17        0.157209       -0.174155       -0.493088
     C   17       -0.297229       -0.493088        0.366905

     Cl  18       -0.018758        0.186102       -0.079636
     Cl  18        0.186102        0.096285       -0.086289
     Cl  18       -0.079636       -0.086289       -0.077527

     H   19        0.420517       -0.062416        0.119870
     H   19       -0.062416       -0.239693        0.629280
     H   19        0.119870        0.629280       -0.180823

     C   20       -0.170065       -0.151404       -0.233520
     C   20       -0.151404       -0.220963        0.329291
     C   20       -0.233520        0.329291        0.391028

     H   21        0.137835        0.090148       -0.313119
     H   21        0.090148        0.475727        0.117568
     H   21       -0.313119        0.117568       -0.613562

     C   22       -0.570190       -0.274802       -0.322321
     C   22       -0.274802       -0.003174        0.122215
     C   22       -0.322321        0.122215        0.573364

     C   23       -0.045206       -0.028894       -0.277220
     C   23       -0.028894       -0.365455        0.431380
     C   23       -0.277220        0.431380        0.410661

     Cl  24       -0.188129       -0.167660       -0.092284
     Cl  24       -0.167660       -0.109756       -0.013984
     Cl  24       -0.092284       -0.013984        0.297886

     ----- ionic term -----
     Cl   1        0.150448       -0.183244        0.023393
     Cl   1       -0.183244        0.020809       -0.010214
     Cl   1        0.023393       -0.010214       -0.171257

     C    2        0.318431       -0.040517        0.162547
     C    2       -0.040517        0.272018        0.248441
     C    2        0.162547        0.248441       -0.590449

     C    3        0.289445       -0.124518        0.034904
     C    3       -0.124518        0.272017        0.278690
     C    3        0.034904        0.278690       -0.561462

     H    4        0.799336        0.478852        0.396498
     H    4        0.478852       -0.280297        0.196496
     H    4        0.396498        0.196496       -0.519039

     C    5        0.403498       -0.049361        0.021112
     C    5       -0.049361        0.148776        0.263576
     C    5        0.021112        0.263576       -0.552274

     H    6       -0.525381       -0.003928       -0.038262
     H    6       -0.003928        0.924069        0.486864
     H    6       -0.038262        0.486864       -0.398687

     H    7       -0.492952       -0.214269        0.134992
     H    7       -0.214269        0.708407       -0.643711
     H    7        0.134992       -0.643711       -0.215455

     C    8        0.171862        0.172624        0.348473
     C    8        0.172624        0.072633       -0.271755
     C    8        0.348473       -0.271755       -0.244495

     H    9        0.439660       -0.234120        0.740670
     H    9       -0.234120       -0.428050       -0.258919
     H    9        0.740670       -0.258919       -0.011610

     C   10        0.006633        0.249940        0.220917
     C   10        0.249940        0.272480       -0.421383
     C   10        0.220917       -0.421383       -0.279113

     C   11        0.093011        0.190335        0.307892
     C   11        0.190335        0.123646       -0.423173
     C   11        0.307892       -0.423173       -0.216658

     Cl  12        0.182800        0.207604        0.005421
     Cl  12        0.207604       -0.031969       -0.002169
     Cl  12        0.005421       -0.002169       -0.150831

     H   13       -0.515654        0.005441        0.003857
     H   13        0.005441        1.015286        0.383070
     H   13        0.003857        0.383070       -0.499632

     C   14        0.475222       -0.090707        0.099023
     C   14       -0.090707        0.112409        0.232038
     C   14        0.099023        0.232038       -0.587631

     H   15        0.723111        0.599862        0.252679
     H   15        0.599862       -0.176779        0.180558
     H   15        0.252679        0.180558       -0.546332

     C   16        0.270317       -0.128260        0.019810
     C   16       -0.128260        0.278314        0.344081
     C   16        0.019810        0.344081       -0.548632

     C   17        0.326848       -0.010072        0.049041
     C   17       -0.010072        0.229332        0.356654
     C   17        0.049041        0.356654       -0.556181

     Cl  18        0.202768       -0.196597       -0.024590
     Cl  18       -0.196597       -0.062909        0.010890
     Cl  18       -0.024590        0.010890       -0.139859

     H   19       -0.524871        0.038086       -0.015889
     H   19        0.038086        0.530073       -0.748916
     H   19       -0.015889       -0.748916       -0.005202

     C   20        0.148064        0.243171        0.338617
     C   20        0.243171        0.032558       -0.262838
     C   20        0.338617       -0.262838       -0.180622

     H   21        0.236448       -0.161541        0.811093
     H   21       -0.161541       -0.500140       -0.229872
     H   21        0.811093       -0.229872        0.263692

     C   22        0.022137        0.279384        0.266071
     C   22        0.279384        0.126345       -0.332124
     C   22        0.266071       -0.332124       -0.148482

     C   23        0.139082        0.259833        0.360705
     C   23        0.259833        0.067388       -0.340495
     C   23        0.360705       -0.340495       -0.206471

     Cl  24        0.114781        0.241786        0.039467
     Cl  24        0.241786        0.047640        0.025746
     Cl  24        0.039467        0.025746       -0.162420

     ----- GIPAW term -----
     Cl   1        0.242365        0.295773       -1.188072
     Cl   1        0.295773        1.120357       -1.727240
     Cl   1       -1.188072       -1.727240       -1.362722

     C    2       -0.024532        0.024458       -0.061438
     C    2        0.024458        0.063172       -0.148027
     C    2       -0.061438       -0.148027       -0.038641

     C    3        0.020457       -0.011819        0.020187
     C    3       -0.011819        0.002579        0.037027
     C    3        0.020187        0.037027       -0.023036

     H    4       -0.000000        0.000000        0.000000
     H    4        0.000000        0.000000        0.000000
     H    4        0.000000        0.000000        0.000000

     C    5       -0.006085       -0.016172        0.005227
     C    5       -0.016172       -0.006595       -0.010070
     C    5        0.005227       -0.010070        0.012680

     H    6       -0.000000        0.000000        0.000000
     H    6        0.000000        0.000000        0.000000
     H    6        0.000000        0.000000        0.000000

     H    7       -0.000000        0.000000        0.000000
     H    7        0.000000        0.000000        0.000000
     H    7        0.000000        0.000000        0.000000

     C    8       -0.136432       -0.152668       -0.053902
     C    8       -0.152668        0.172075        0.003228
     C    8       -0.053902        0.003228       -0.035643

     H    9       -0.000000        0.000000        0.000000
     H    9        0.000000        0.000000        0.000000
     H    9        0.000000        0.000000        0.000000

     C   10       -0.070877       -0.155972        0.013917
     C   10       -0.155972        0.215493        0.044794
     C   10        0.013917        0.044794       -0.144616

     C   11       -0.093067       -0.090528       -0.092430
     C   11       -0.090528        0.234754        0.104872
     C   11       -0.092430        0.104872       -0.141687

     Cl  12        1.249280        2.919313       -0.106325
     Cl  12        2.919313        0.828019        0.363016
     Cl  12       -0.106325        0.363016       -2.077299

     H   13       -0.000000        0.000000        0.000000
     H   13        0.000000        0.000000        0.000000
     H   13        0.000000        0.000000        0.000000

     C   14       -0.161964        0.132850       -0.012919
     C   14        0.132850        0.142807        0.091961
     C   14       -0.012919        0.091961        0.019157

     H   15       -0.000000        0.000000        0.000000
     H   15        0.000000        0.000000        0.000000
     H   15        0.000000        0.000000        0.000000

     C   16       -0.098661        0.037305       -0.071288
     C   16        0.037305       -0.126269       -0.097814
     C   16       -0.071288       -0.097814        0.224930

     C   17        0.035376       -0.116230       -0.032631
     C   17       -0.116230       -0.022962       -0.102867
     C   17       -0.032631       -0.102867       -0.012414

     Cl  18        1.292722       -0.052280       -0.896945
     Cl  18       -0.052280        0.907589       -0.907067
     Cl  18       -0.896945       -0.907067       -2.200311

     H   19       -0.000000        0.000000        0.000000
     H   19        0.000000        0.000000        0.000000
     H   19        0.000000        0.000000        0.000000

     C   20       -0.092872       -0.015485       -0.027355
     C   20       -0.015485       -0.005390       -0.082492
     C   20       -0.027355       -0.082492        0.098262

     H   21       -0.000000        0.000000        0.000000
     H   21        0.000000        0.000000        0.000000
     H   21        0.000000        0.000000        0.000000

     C   22       -0.230376       -0.014098       -0.080854
     C   22       -0.014098       -0.075044       -0.077006
     C   22       -0.080854       -0.077006        0.305420

     C   23       -0.013532        0.112584       -0.030827
     C   23        0.112584       -0.088028       -0.049068
     C   23       -0.030827       -0.049068        0.101560

     Cl  24       -0.577813        1.214496       -1.266375
     Cl  24        1.214496       -1.433338       -0.247504
     Cl  24       -1.266375       -0.247504        2.011150

     ----- total EFG -----
     Cl   1        0.295793        0.292695       -1.227988
     Cl   1        0.292695        1.209478       -1.833216
     Cl   1       -1.227988       -1.833216       -1.505271

     C    2        0.256810        0.044514       -0.026751
     C    2        0.044514        0.330921       -0.397315
     C    2       -0.026751       -0.397315       -0.587731

     C    3        0.397920       -0.148810        0.319707
     C    3       -0.148810        0.207647        0.591196
     C    3        0.319707        0.591196       -0.605567

     H    4        0.614985        0.145551        0.534230
     H    4        0.145551       -0.320368        0.364702
     H    4        0.534230        0.364702       -0.294617

     C    5        0.324697       -0.193713       -0.098113
     C    5       -0.193713        0.068338        0.312276
     C    5       -0.098113        0.312276       -0.393034

     H    6       -0.151794       -0.083648       -0.083851
     H    6       -0.083648        0.331503        0.744355
     H    6       -0.083851        0.744355       -0.179710

     H    7       -0.133862       -0.147582        0.056676
     H    7       -0.147582        0.205518       -0.077477
     H    7        0.056676       -0.077477       -0.071656

     C    8       -0.621951       -0.353581       -0.133229
     C    8       -0.353581        0.559911       -0.042009
     C    8       -0.133229       -0.042009        0.062040

     H    9        0.369956       -0.165723        0.224318
     H    9       -0.165723       -0.326453       -0.411857
     H    9        0.224318       -0.411857       -0.043503

     C   10        0.012990       -0.297279        0.177717
     C   10       -0.297279        0.333300        0.213723
     C   10        0.177717        0.213723       -0.346290

     C   11       -0.451548       -0.260753       -0.234297
     C   11       -0.260753        0.607919       -0.011050
     C   11       -0.234297       -0.011050       -0.156371

     Cl  12        1.444008        3.250557       -0.124075
     Cl  12        3.250557        0.879419        0.398507
     Cl  12       -0.124075        0.398507       -2.323427

     H   13       -0.114041        0.087509       -0.243021
     H   13        0.087509        0.468285        0.180940
     H   13       -0.243021        0.180940       -0.354244

     C   14       -0.415908        0.396785       -0.327456
     C   14        0.396785        0.561063        0.194313
     C   14       -0.327456        0.194313       -0.145155

     H   15        0.375260        0.139358        0.366865
     H   15        0.139358       -0.014549        0.339457
     H   15        0.366865        0.339457       -0.360711

     C   16        0.004678        0.186387       -0.246801
     C   16        0.186387       -0.250870       -0.272252
     C   16       -0.246801       -0.272252        0.246192

     C   17        0.169474        0.030907       -0.280819
     C   17        0.030907        0.032216       -0.239301
     C   17       -0.280819       -0.239301       -0.201690

     Cl  18        1.476732       -0.062774       -1.001172
     Cl  18       -0.062774        0.940965       -0.982466
     Cl  18       -1.001172       -0.982466       -2.417697

     H   19       -0.104354       -0.024330        0.103981
     H   19       -0.024330        0.290379       -0.119636
     H   19        0.103981       -0.119636       -0.186025

     C   20       -0.114873        0.076283        0.077742
     C   20        0.076283       -0.193795       -0.016039
     C   20        0.077742       -0.016039        0.308668

     H   21        0.374283       -0.071393        0.497974
     H   21       -0.071393       -0.024412       -0.112304
     H   21        0.497974       -0.112304       -0.349871

     C   22       -0.778429       -0.009516       -0.137104
     C   22       -0.009516        0.048126       -0.286915
     C   22       -0.137104       -0.286915        0.730302

     C   23        0.080343        0.343523        0.052658
     C   23        0.343523       -0.386094        0.041817
     C   23        0.052658        0.041817        0.305751

     Cl  24       -0.651161        1.288623       -1.319192
     Cl  24        1.288623       -1.495454       -0.235743
     Cl  24       -1.319192       -0.235743        2.146615

     ----- total EFG (symmetrized) -----
     Cl   1        0.295793        0.292695       -1.227988
     Cl   1        0.292695        1.209478       -1.833216
     Cl   1       -1.227988       -1.833216       -1.505271

     C    2        0.256810        0.044514       -0.026751
     C    2        0.044514        0.330921       -0.397315
     C    2       -0.026751       -0.397315       -0.587731

     C    3        0.397920       -0.148810        0.319707
     C    3       -0.148810        0.207647        0.591196
     C    3        0.319707        0.591196       -0.605567

     H    4        0.614985        0.145551        0.534230
     H    4        0.145551       -0.320368        0.364702
     H    4        0.534230        0.364702       -0.294617

     C    5        0.324697       -0.193713       -0.098113
     C    5       -0.193713        0.068338        0.312276
     C    5       -0.098113        0.312276       -0.393034

     H    6       -0.151794       -0.083648       -0.083851
     H    6       -0.083648        0.331503        0.744355
     H    6       -0.083851        0.744355       -0.179710

     H    7       -0.133862       -0.147582        0.056676
     H    7       -0.147582        0.205518       -0.077477
     H    7        0.056676       -0.077477       -0.071656

     C    8       -0.621951       -0.353581       -0.133229
     C    8       -0.353581        0.559911       -0.042009
     C    8       -0.133229       -0.042009        0.062040

     H    9        0.369956       -0.165723        0.224318
     H    9       -0.165723       -0.326453       -0.411857
     H    9        0.224318       -0.411857       -0.043503

     C   10        0.012990       -0.297279        0.177717
     C   10       -0.297279        0.333300        0.213723
     C   10        0.177717        0.213723       -0.346290

     C   11       -0.451548       -0.260753       -0.234297
     C   11       -0.260753        0.607919       -0.011050
     C   11       -0.234297       -0.011050       -0.156371

     Cl  12        1.444008        3.250557       -0.124075
     Cl  12        3.250557        0.879419        0.398507
     Cl  12       -0.124075        0.398507       -2.323427

     H   13       -0.114041        0.087509       -0.243021
     H   13        0.087509        0.468285        0.180940
     H   13       -0.243021        0.180940       -0.354244

     C   14       -0.415908        0.396785       -0.327456
     C   14        0.396785        0.561063        0.194313
     C   14       -0.327456        0.194313       -0.145155

     H   15        0.375260        0.139358        0.366865
     H   15        0.139358       -0.014549        0.339457
     H   15        0.366865        0.339457       -0.360711

     C   16        0.004678        0.186387       -0.246801
     C   16        0.186387       -0.250870       -0.272252
     C   16       -0.246801       -0.272252        0.246192

     C   17        0.169474        0.030907       -0.280819
     C   17        0.030907        0.032216       -0.239301
     C   17       -0.280819       -0.239301       -0.201690

     Cl  18        1.476732       -0.062774       -1.001172
     Cl  18       -0.062774        0.940965       -0.982466
     Cl  18       -1.001172       -0.982466       -2.417697

     H   19       -0.104354       -0.024330        0.103981
     H   19       -0.024330        0.290379       -0.119636
     H   19        0.103981       -0.119636       -0.186025

     C   20       -0.114873        0.076283        0.077742
     C   20        0.076283       -0.193795       -0.016039
     C   20        0.077742       -0.016039        0.308668

     H   21        0.374283       -0.071393        0.497974
     H   21       -0.071393       -0.024412       -0.112304
     H   21        0.497974       -0.112304       -0.349871

     C   22       -0.778429       -0.009516       -0.137104
     C   22       -0.009516        0.048126       -0.286915
     C   22       -0.137104       -0.286915        0.730302

     C   23        0.080343        0.343523        0.052658
     C   23        0.343523       -0.386094        0.041817
     C   23        0.052658        0.041817        0.305751

     Cl  24       -0.651161        1.288623       -1.319192
     Cl  24        1.288623       -1.495454       -0.235743
     Cl  24       -1.319192       -0.235743        2.146615


     NQR/NMR SPECTROSCOPIC PARAMETERS:
     Cl   1    Vxx=    0.2815    axis=(  0.870396 -0.481120 -0.104567)
     Cl   1    Vyy=    2.4675    axis=( -0.378898 -0.790167  0.481739)
     Cl   1    Vzz=   -2.7490    axis=( -0.314399 -0.379684 -0.870054)
     Cl   1  Q=        -8.1650 1e-30 m^2  Cq=        52.7384 MHz  eta= 0.79518

     C    2    Vxx=    0.2457    axis=(  0.976820 -0.203713  0.065759)
     C    2    Vyy=    0.4901    axis=(  0.213847  0.914841 -0.342543)
     C    2    Vzz=   -0.7358    axis=(  0.009622  0.348665  0.937198)
     C    2  Q=         1.0000 1e-30 m^2  Cq=        -1.7289 MHz  eta= 0.33210

     C    3    Vxx=    0.4793    axis=(  0.893041 -0.449609  0.018162)
     C    3    Vyy=    0.5256    axis=(  0.378366  0.772156  0.510504)
     C    3    Vzz=   -1.0049    axis=( -0.243551 -0.449029  0.859684)
     C    3  Q=         1.0000 1e-30 m^2  Cq=        -2.3612 MHz  eta= 0.04602

     H    4    Vxx=   -0.1901    axis=(  0.440590 -0.775170 -0.452760)
     H    4    Vyy=   -0.7394    axis=(  0.241307  0.588054 -0.771986)
     H    4    Vzz=    0.9295    axis=(  0.864668  0.230876  0.446145)
     H    4  Q=         1.0000 1e-30 m^2  Cq=         2.1839 MHz  eta= 0.59100

     C    5    Vxx=    0.0526    axis=(  0.623764  0.697980  0.351771)
     C    5    Vyy=    0.4980    axis=( -0.781613  0.556783  0.281201)
     C    5    Vzz=   -0.5506    axis=(  0.000413 -0.450352  0.892851)
     C    5  Q=         1.0000 1e-30 m^2  Cq=        -1.2937 MHz  eta= 0.80892

     H    6    Vxx=   -0.1644    axis=(  0.992966  0.112610  0.036568)
     H    6    Vyy=   -0.7118    axis=( -0.035599  0.578524 -0.814888)
     H    6    Vzz=    0.8762    axis=( -0.112920  0.807855  0.578463)
     H    6  Q=         1.0000 1e-30 m^2  Cq=         2.0587 MHz  eta= 0.62481

     H    7    Vxx=   -0.0893    axis=(  0.141683  0.317329  0.937672)
     H    7    Vyy=   -0.1955    axis=( -0.925250 -0.294281  0.239397)
     H    7    Vzz=    0.2848    axis=(  0.351907 -0.901499  0.251914)
     H    7  Q=         1.0000 1e-30 m^2  Cq=         0.6691 MHz  eta= 0.37276

     C    8    Vxx=    0.0862    axis=( -0.166827 -0.037144  0.985286)
     C    8    Vyy=    0.6577    axis=( -0.265496  0.964074 -0.008609)
     C    8    Vzz=   -0.7438    axis=( -0.949569 -0.263025 -0.170695)
     C    8  Q=         1.0000 1e-30 m^2  Cq=        -1.7477 MHz  eta= 0.76828

     H    9    Vxx=    0.0251    axis=(  0.628686  0.448206 -0.635504)
     H    9    Vyy=    0.5954    axis=( -0.777643  0.367646 -0.510008)
     H    9    Vzz=   -0.6205    axis=(  0.005052  0.814830  0.579678)
     H    9  Q=         1.0000 1e-30 m^2  Cq=        -1.4579 MHz  eta= 0.91923

     C   10    Vxx=    0.0164    axis=(  0.756816  0.329029  0.564774)
     C   10    Vyy=    0.5219    axis=( -0.469385  0.874899  0.119288)
     C   10    Vzz=   -0.5383    axis=( -0.454871 -0.355376  0.816578)
     C   10  Q=         1.0000 1e-30 m^2  Cq=        -1.2648 MHz  eta= 0.93919

     C   11    Vxx=   -0.0450    axis=( -0.418520 -0.151993  0.895399)
     C   11    Vyy=   -0.6259    axis=(  0.876836  0.189263  0.441971)
     C   11    Vzz=    0.6709    axis=( -0.236642  0.970092  0.054063)
     C   11  Q=         1.0000 1e-30 m^2  Cq=         1.5764 MHz  eta= 0.86591

     Cl  12    Vxx=   -1.8205    axis=(  0.554865 -0.580005 -0.596421)
     Cl  12    Vyy=   -2.6087    axis=( -0.388285  0.453487 -0.802237)
     Cl  12    Vzz=    4.4292    axis=( -0.735771 -0.676715 -0.026417)
     Cl  12  Q=        -8.1650 1e-30 m^2  Cq=       -84.9721 MHz  eta= 0.17798

     H   13    Vxx=    0.0361    axis=( -0.856721 -0.041756  0.514087)
     H   13    Vyy=    0.5086    axis=(  0.064637  0.980168  0.187330)
     H   13    Vzz=   -0.5447    axis=(  0.511714 -0.193719  0.837032)
     H   13  Q=         1.0000 1e-30 m^2  Cq=        -1.2798 MHz  eta= 0.86762

     C   14    Vxx=    0.0692    axis=( -0.513799  0.076930  0.854454)
     C   14    Vyy=    0.7092    axis=( -0.305395 -0.947132 -0.098365)
     C   14    Vzz=   -0.7784    axis=(  0.801714 -0.311486  0.510129)
     C   14  Q=         1.0000 1e-30 m^2  Cq=        -1.8290 MHz  eta= 0.82209

     H   15    Vxx=   -0.0059    axis=(  0.526471 -0.816532 -0.236861)
     H   15    Vyy=   -0.6333    axis=(  0.258645  0.419213 -0.870266)
     H   15    Vzz=    0.6392    axis=(  0.809895  0.396907  0.431896)
     H   15  Q=         1.0000 1e-30 m^2  Cq=         1.5019 MHz  eta= 0.98144

     C   16    Vxx=   -0.1487    axis=(  0.832321  0.046574  0.552334)
     C   16    Vyy=   -0.3893    axis=( -0.249279  0.921461  0.297943)
     C   16    Vzz=    0.5380    axis=( -0.495078 -0.385669  0.778561)
     C   16  Q=         1.0000 1e-30 m^2  Cq=         1.2641 MHz  eta= 0.44731

     C   17    Vxx=    0.0531    axis=(  0.563060 -0.813816  0.143760)
     C   17    Vyy=    0.3860    axis=( -0.740582 -0.419688  0.524785)
     C   17    Vzz=   -0.4391    axis=( -0.366744 -0.401952 -0.839007)
     C   17  Q=         1.0000 1e-30 m^2  Cq=        -1.0317 MHz  eta= 0.75811

     Cl  18    Vxx=    1.1386    axis=( -0.321460  0.932081 -0.166998)
     Cl  18    Vyy=    1.7662    axis=( -0.921178 -0.266974  0.283118)
     Cl  18    Vzz=   -2.9049    axis=(  0.219305  0.244846  0.944434)
     Cl  18  Q=        -8.1650 1e-30 m^2  Cq=        55.7287 MHz  eta= 0.21605

     H   19    Vxx=   -0.0536    axis=(  0.854408  0.223547  0.469057)
     H   19    Vyy=   -0.2706    axis=( -0.506723  0.158731  0.847370)
     H   19    Vzz=    0.3243    axis=(  0.114974 -0.961681  0.248898)
     H   19  Q=         1.0000 1e-30 m^2  Cq=         0.7619 MHz  eta= 0.66917

     C   20    Vxx=   -0.0768    axis=( -0.820083 -0.554262  0.142331)
     C   20    Vyy=   -0.2457    axis=( -0.545092  0.832328  0.100524)
     C   20    Vzz=    0.3225    axis=(  0.174183 -0.004854  0.984701)
     C   20  Q=         1.0000 1e-30 m^2  Cq=         0.7577 MHz  eta= 0.52367

     H   21    Vxx=   -0.0361    axis=(  0.203471  0.978698 -0.027374)
     H   21    Vyy=   -0.6114    axis=( -0.441100  0.116593  0.889852)
     H   21    Vzz=    0.6475    axis=(  0.874088 -0.168984  0.455427)
     H   21  Q=         1.0000 1e-30 m^2  Cq=         1.5215 MHz  eta= 0.88846

     C   22    Vxx=   -0.0523    axis=( -0.074945  0.940422  0.331646)
     C   22    Vyy=   -0.7924    axis=(  0.994188  0.044690  0.097940)
     C   22    Vzz=    0.8447    axis=( -0.077284 -0.337058  0.938306)
     C   22  Q=         1.0000 1e-30 m^2  Cq=         1.9846 MHz  eta= 0.87617

     C   23    Vxx=    0.2145    axis=(  0.720325  0.371190 -0.585961)
     C   23    Vyy=    0.3537    axis=(  0.512789  0.283898  0.810216)
     C   23    Vzz=   -0.5683    axis=( -0.467097  0.884093 -0.014157)
     C   23  Q=         1.0000 1e-30 m^2  Cq=        -1.3352 MHz  eta= 0.24496

     Cl  24    Vxx=   -0.2804    axis=(  0.662057  0.620612  0.420144)
     Cl  24    Vyy=   -2.5115    axis=(  0.628726 -0.765042  0.139338)
     Cl  24    Vzz=    2.7919    axis=( -0.407903 -0.171906  0.896696)
     Cl  24  Q=        -8.1650 1e-30 m^2  Cq=       -53.5613 MHz  eta= 0.79915

     Initialization:
     gipaw_setup  :      9.27s CPU     11.38s WALL (       1 calls)

     Linear response

     Apply operators

     Induced current

     Other routines
     efg          :      9.56s CPU     12.55s WALL (       1 calls)

     General routines
     calbec       :      3.58s CPU      5.11s WALL (      16 calls)
     fft          :      1.66s CPU      2.47s WALL (      15 calls)
     ffts         :      0.04s CPU      0.04s WALL (       2 calls)
     fftw         :      3.16s CPU      3.95s WALL (     672 calls)
     davcio       :      0.06s CPU      0.35s WALL (      32 calls)

     Parallel routines
     fft_scatter  :      2.35s CPU      3.60s WALL (     689 calls)

     Plugins

     GIPAW        :     62.28s CPU     76.59s WALL (       1 calls)
