
     Program QE v.6.0 (svn rev. 13079) starts on 12Jan2017 at  9:25:18 

     This program is part of the open-source Quantum ESPRESSO suite
     for quantum simulation of materials; please cite
         "P. Giannozzi et al., J. Phys.:Condens. Matter 21 395502 (2009);
          URL http://www.quantum-espresso.org", 
     in publications or presentations arising from this work. More details at
     http://www.quantum-espresso.org/quote

     Parallel version (MPI), running on     8 processors
     R & G space division:  proc/nbgrp/npool/nimage =       8

     ***** This is GIPAW svn revision unknown      *****

     Parallelizing q-star over 1 images

     Reading data from directory:
     /users/majewski/paradichlorobenzene/pbe/9_constraint/scratch/pbe.ecut100.np8.dt60.pcl2phi-129368.save
     Message from routine read_xml_file:
     file /users/majewski/paradichlorobenzene/pbe/9_constraint/scratch/pbe.ecut100.np8.dt60.pcl2phi-129368.save not guaranteed to be safe for post-processing

   Info: using nr1, nr2, nr3 values from input

   Info: using nr1, nr2, nr3 values from input

     IMPORTANT: XC functional enforced from input :
     Exchange-correlation      =  SLA  PW   PBX  PBC ( 1  4  3  4 0 0)
     Any further DFT definition will be discarded
     Please, verify this is what you really want

               file C.pbe-n-kjpaw_psl.1.0.0.UPF: wavefunction(s)  2S 2P renormalized
               file Cl.pbe-n-kjpaw_psl.1.0.0.UPF: wavefunction(s)  3S 3P renormalized
               file H.pbe-kjpaw_psl.1.0.0.UPF: wavefunction(s)  1S renormalized

     Parallelization info
     --------------------
     sticks:   dense  smooth     PW     G-vecs:    dense   smooth      PW
     Min        3057    1223    332               144436    36536    5170
     Max        3059    1225    333               144437    36537    5171
     Sum       24467    9791   2657              1155489   292295   41363


     Subspace diagonalization in iterative solution of the eigenvalue problem:
     a serial algorithm will be used

     GIPAW projectors -----------------------------------------------
     atom=  C    l=0  rc=    1.2000  rs=    0.8000
     atom=  C    l=0  rc=    1.2000  rs=    0.8000
     atom=  C    l=1  rc=    1.4000  rs=    0.9333
     atom=  C    l=1  rc=    1.4000  rs=    0.9333
     projs nearly linearly dependent: l=1  n1,n2= 1, 2  s=  0.99951561

     atom=  Cl   l=0  rc=    1.6000  rs=    1.0667
     atom=  Cl   l=0  rc=    1.6000  rs=    1.0667
     atom=  Cl   l=1  rc=    1.6000  rs=    1.0667
     atom=  Cl   l=1  rc=    1.6000  rs=    1.0667
     atom=  Cl   l=2  rc=    1.6000  rs=    1.0667
     atom=  Cl   l=2  rc=    1.6000  rs=    1.0667
     projs nearly linearly dependent: l=2  n1,n2= 1, 2  s=  0.99993509

     atom=  H    l=0  rc=    1.0000  rs=    0.6667
     atom=  H    l=0  rc=    1.0000  rs=    0.6667
     projs nearly linearly dependent: l=0  n1,n2= 1, 2  s=  0.99968852
     -----------------------------------------------------------------

     GIPAW integrals: -------------------------------------------
     Atom  i/j   nmr_para   nmr_dia   epr_rmc  epr_para   epr_dia
       C   1 1   0.83E+03  0.17E-01  0.93E+01  0.24E+08  0.24E+03
       C   2 1   0.86E+03 -0.61E-01  0.94E+01  0.25E+08  0.25E+03
       C   2 2   0.90E+03 -0.15E+00  0.97E+01  0.26E+08  0.26E+03
       C   3 3   0.33E+01  0.34E+00  0.18E+01  0.55E+03  0.21E+02
       C   4 3   0.35E+01  0.37E+00  0.20E+01  0.59E+03  0.22E+02
       C   4 4   0.38E+01  0.39E+00  0.22E+01  0.63E+03  0.24E+02
       Cl  1 1   0.14E+04 -0.47E+00  0.84E+01  0.32E+09  0.42E+03
       Cl  2 1   0.21E+04 -0.37E+00  0.12E+02  0.49E+09  0.65E+03
       Cl  2 2   0.33E+04 -0.16E+00  0.21E+02  0.76E+09  0.10E+04
       Cl  3 3   0.21E+02  0.79E-01  0.89E+01  0.23E+05  0.13E+03
       Cl  4 3   0.24E+02  0.67E-01  0.99E+01  0.27E+05  0.15E+03
       Cl  4 4   0.28E+02  0.44E-01  0.11E+02  0.32E+05  0.18E+03
       Cl  5 5   0.77E+00  0.19E+00  0.18E+01  0.12E+03  0.22E+02
       Cl  6 5   0.80E+00  0.19E+00  0.19E+01  0.12E+03  0.23E+02
       Cl  6 6   0.83E+00  0.20E+00  0.19E+01  0.12E+03  0.23E+02
       H   1 1   0.39E+02  0.19E+00  0.29E+00  0.78E+05  0.13E+02
       H   2 1   0.41E+02  0.21E+00  0.32E+00  0.82E+05  0.14E+02
       H   2 2   0.43E+02  0.22E+00  0.36E+00  0.86E+05  0.15E+02
     ------------------------------------------------------------

     alpha_pv=     34.8224 eV

     Number of occupied bands for each k-point:
     k-point:     1    nbnd_occ=  42
     k-point:     2    nbnd_occ=  42
     k-point:     3    nbnd_occ=  42
     k-point:     4    nbnd_occ=  42
     k-point:     5    nbnd_occ=  42
     k-point:     6    nbnd_occ=  42
     k-point:     7    nbnd_occ=  42
     k-point:     8    nbnd_occ=  42
     k-point:     9    nbnd_occ=  42
     k-point:    10    nbnd_occ=  42
     k-point:    11    nbnd_occ=  42
     k-point:    12    nbnd_occ=  42
     k-point:    13    nbnd_occ=  42
     k-point:    14    nbnd_occ=  42
     k-point:    15    nbnd_occ=  42
     k-point:    16    nbnd_occ=  42


     q-space interpolation up to   110.00 Rydberg

     GIPAW job: efg                                                                             


     ELECTRIC FIELD GRADIENTS TENSORS IN Hartree/bohrradius^2:

     ----- bare term -----
     Cl   1       -0.048032        0.018369       -0.047094
     Cl   1        0.018369       -0.019795        0.040392
     Cl   1       -0.047094        0.040392        0.067827

     C    2       -0.075727        0.261117       -0.151928
     C    2        0.261117       -0.209105       -0.180551
     C    2       -0.151928       -0.180551        0.284832

     C    3       -0.091519        0.322477       -0.205679
     C    3        0.322477       -0.150761       -0.244460
     C    3       -0.205679       -0.244460        0.242280

     H    4        0.091618       -0.096549       -0.245290
     H    4       -0.096549        0.509718       -0.154966
     H    4       -0.245290       -0.154966       -0.601336

     C    5       -0.559628        0.382967       -0.483999
     C    5        0.382967        0.379230       -0.151463
     C    5       -0.483999       -0.151463        0.180398

     H    6        0.042084        0.012215        0.015058
     H    6        0.012215       -0.285643       -0.568614
     H    6        0.015058       -0.568614        0.243558

     H    7        0.248726        0.306454       -0.272714
     H    7        0.306454       -0.285172        0.554768
     H    7       -0.272714        0.554768        0.036446

     C    8       -0.104929       -0.380733       -0.066060
     C    8       -0.380733       -0.296745        0.336844
     C    8       -0.066060        0.336844        0.401674

     H    9       -0.574590        0.410861        0.098874
     H    9        0.410861        0.334595       -0.012944
     H    9        0.098874       -0.012944        0.239995

     C   10       -0.359518       -0.295530       -0.224640
     C   10       -0.295530        0.019103        0.374817
     C   10       -0.224640        0.374817        0.340415

     C   11        0.006119        0.140838       -0.158650
     C   11        0.140838       -0.017442        0.244305
     C   11       -0.158650        0.244305        0.011322

     Cl  12        0.278395       -0.067524        0.181988
     Cl  12       -0.067524        0.049462       -0.578950
     Cl  12        0.181988       -0.578950       -0.327858

     H   13        0.162096        0.299649       -0.124093
     H   13        0.299649       -0.516950       -0.076516
     H   13       -0.124093       -0.076516        0.354853

     C   14       -0.063419       -0.226274       -0.341000
     C   14       -0.226274       -0.109064       -0.312236
     C   14       -0.341000       -0.312236        0.172484

     H   15        0.025514       -0.077573       -0.299556
     H   15       -0.077573       -0.137361       -0.520862
     H   15       -0.299556       -0.520862        0.111847

     C   16       -0.646548        0.328211       -0.155598
     C   16        0.328211        0.155754       -0.124768
     C   16       -0.155598       -0.124768        0.490795

     C   17        0.144397        0.078870       -0.133900
     C   17        0.078870       -0.234845       -0.546700
     C   17       -0.133900       -0.546700        0.090448

     Cl  18        0.306641        0.169213       -0.127904
     Cl  18        0.169213        0.192323       -0.492821
     Cl  18       -0.127904       -0.492821       -0.498964

     H   19        0.291823       -0.052215       -0.304456
     H   19       -0.052215       -0.267155        0.436385
     H   19       -0.304456        0.436385       -0.024668

     C   20       -0.678619       -0.315763       -0.195330
     C   20       -0.315763        0.317059        0.282129
     C   20       -0.195330        0.282129        0.361560

     H   21       -0.585490        0.125271        0.179804
     H   21        0.125271        0.405316        0.200844
     H   21        0.179804        0.200844        0.180174

     C   22        0.012528       -0.000872       -0.252585
     C   22       -0.000872       -0.494105        0.386942
     C   22       -0.252585        0.386942        0.481577

     C   23       -0.742974       -0.250389       -0.325038
     C   23       -0.250389        0.133298        0.063931
     C   23       -0.325038        0.063931        0.609676

     Cl  24        0.224080       -0.056405        0.130857
     Cl  24       -0.056405        0.230949        0.176212
     Cl  24        0.130857        0.176212       -0.455029

     ----- ionic term -----
     Cl   1        0.228208       -0.223801        0.035670
     Cl   1       -0.223801       -0.082794       -0.010495
     Cl   1        0.035670       -0.010495       -0.145414

     C    2        0.208546       -0.194158        0.297931
     C    2       -0.194158        0.066989        0.378466
     C    2        0.297931        0.378466       -0.275535

     C    3        0.144566       -0.269516        0.301806
     C    3       -0.269516        0.154411        0.272312
     C    3        0.301806        0.272312       -0.298977

     H    4        0.356250        0.374857        0.701564
     H    4        0.374857       -0.315544        0.344909
     H    4        0.701564        0.344909       -0.040706

     C    5        0.199483       -0.168399        0.428838
     C    5       -0.168399        0.070602        0.251465
     C    5        0.428838        0.251465       -0.270085

     H    6       -0.544816       -0.024757        0.012145
     H    6       -0.024757        0.812693        0.610198
     H    6        0.012145        0.610198       -0.267877

     H    7       -0.494814       -0.184313        0.121543
     H    7       -0.184313        0.604949       -0.738009
     H    7        0.121543       -0.738009       -0.110135

     C    8        0.326153        0.120056        0.076845
     C    8        0.120056       -0.028801       -0.353852
     C    8        0.076845       -0.353852       -0.297352

     H    9        0.792324       -0.217170        0.545973
     H    9       -0.217170       -0.553556       -0.180729
     H    9        0.545973       -0.180729       -0.238768

     C   10        0.233538        0.174219        0.042353
     C   10        0.174219       -0.034496       -0.450235
     C   10        0.042353       -0.450235       -0.199042

     C   11        0.360680        0.013176        0.096238
     C   11        0.013176       -0.070568       -0.427294
     C   11        0.096238       -0.427294       -0.290113

     Cl  12        0.125892        0.178006       -0.051008
     Cl  12        0.178006       -0.002854       -0.032118
     Cl  12       -0.051008       -0.032118       -0.123037

     H   13       -0.475976       -0.187013       -0.104697
     H   13       -0.187013        0.615039        0.689285
     H   13       -0.104697        0.689285       -0.139063

     C   14        0.223852       -0.235606        0.356010
     C   14       -0.235606        0.050435        0.274575
     C   14        0.356010        0.274575       -0.274287

     H   15        0.332746        0.240349        0.769905
     H   15        0.240349       -0.394692        0.293981
     H   15        0.769905        0.293981        0.061946

     C   16        0.103527       -0.324196        0.298876
     C   16       -0.324196        0.227222        0.301440
     C   16        0.298876        0.301440       -0.330749

     C   17        0.058923       -0.159235        0.415446
     C   17       -0.159235        0.186691        0.339887
     C   17        0.415446        0.339887       -0.245613

     Cl  18        0.127496       -0.172292        0.116644
     Cl  18       -0.172292       -0.006728       -0.065989
     Cl  18        0.116644       -0.065989       -0.120768

     H   19       -0.499139       -0.190339        0.101092
     H   19       -0.190339        0.620268       -0.757716
     H   19        0.101092       -0.757716       -0.121129

     C   20        0.426102        0.041978        0.034666
     C   20        0.041978       -0.034260       -0.373948
     C   20        0.034666       -0.373948       -0.391842

     H   21        0.807215       -0.384817        0.429565
     H   21       -0.384817       -0.422271       -0.208007
     H   21        0.429565       -0.208007       -0.384944

     C   22        0.247998        0.152611       -0.014021
     C   22        0.152611        0.084455       -0.441131
     C   22       -0.014021       -0.441131       -0.332453

     C   23        0.219289        0.128886        0.098249
     C   23        0.128886        0.083743       -0.413238
     C   23        0.098249       -0.413238       -0.303032

     Cl  24        0.109685        0.211213       -0.054985
     Cl  24        0.211213        0.011909       -0.035137
     Cl  24       -0.054985       -0.035137       -0.121594

     ----- GIPAW term -----
     Cl   1       -0.378083       -1.543120        0.970631
     Cl   1       -1.543120       -1.424537       -0.107508
     Cl   1        0.970631       -0.107508        1.802620

     C    2       -0.043135       -0.007338       -0.018555
     C    2       -0.007338       -0.033790       -0.080165
     C    2       -0.018555       -0.080165        0.076925

     C    3       -0.044001        0.064441       -0.132288
     C    3        0.064441       -0.073793       -0.084230
     C    3       -0.132288       -0.084230        0.117794

     H    4       -0.000000        0.000000        0.000000
     H    4        0.000000        0.000000        0.000000
     H    4        0.000000        0.000000        0.000000

     C    5       -0.023708        0.231346       -0.050113
     C    5        0.231346        0.144025        0.012879
     C    5       -0.050113        0.012879       -0.120316

     H    6       -0.000000        0.000000        0.000000
     H    6        0.000000        0.000000        0.000000
     H    6        0.000000        0.000000        0.000000

     H    7       -0.000000        0.000000        0.000000
     H    7        0.000000        0.000000        0.000000
     H    7        0.000000        0.000000        0.000000

     C    8       -0.040836       -0.151934        0.082017
     C    8       -0.151934       -0.027242       -0.066810
     C    8        0.082017       -0.066810        0.068078

     H    9       -0.000000        0.000000        0.000000
     H    9        0.000000        0.000000        0.000000
     H    9        0.000000        0.000000        0.000000

     C   10       -0.122476       -0.119545       -0.114684
     C   10       -0.119545        0.092123        0.177872
     C   10       -0.114684        0.177872        0.030352

     C   11       -0.004352        0.034915       -0.016849
     C   11        0.034915       -0.000088        0.046025
     C   11       -0.016849        0.046025        0.004439

     Cl  12        0.337112        0.106133       -0.189356
     Cl  12        0.106133       -0.166886       -0.287986
     Cl  12       -0.189356       -0.287986       -0.170225

     H   13       -0.000000        0.000000        0.000000
     H   13        0.000000        0.000000        0.000000
     H   13        0.000000        0.000000        0.000000

     C   14       -0.018185       -0.081294        0.004522
     C   14       -0.081294        0.046478       -0.102475
     C   14        0.004522       -0.102475       -0.028292

     H   15       -0.000000        0.000000        0.000000
     H   15        0.000000        0.000000        0.000000
     H   15        0.000000        0.000000        0.000000

     C   16       -0.112798       -0.099115       -0.010336
     C   16       -0.099115        0.169747        0.012173
     C   16       -0.010336        0.012173       -0.056949

     C   17       -0.055533        0.005380        0.025949
     C   17        0.005380        0.174317        0.112627
     C   17        0.025949        0.112627       -0.118784

     Cl  18        0.395130       -0.088034        0.181963
     Cl  18       -0.088034        0.015343       -0.452189
     Cl  18        0.181963       -0.452189       -0.410473

     H   19       -0.000000        0.000000        0.000000
     H   19        0.000000        0.000000        0.000000
     H   19        0.000000        0.000000        0.000000

     C   20       -0.173107        0.077458        0.021360
     C   20        0.077458        0.237705        0.093566
     C   20        0.021360        0.093566       -0.064598

     H   21       -0.000000        0.000000        0.000000
     H   21        0.000000        0.000000        0.000000
     H   21        0.000000        0.000000        0.000000

     C   22       -0.080967        0.079743       -0.133860
     C   22        0.079743       -0.107717       -0.118551
     C   22       -0.133860       -0.118551        0.188685

     C   23       -0.180867        0.058493       -0.073105
     C   23        0.058493       -0.012058       -0.167403
     C   23       -0.073105       -0.167403        0.192924

     Cl  24       -0.158757        0.888400       -0.098347
     Cl  24        0.888400       -0.572513       -0.346744
     Cl  24       -0.098347       -0.346744        0.731270

     ----- total EFG -----
     Cl   1       -0.197907       -1.748551        0.959207
     Cl   1       -1.748551       -1.527125       -0.077611
     Cl   1        0.959207       -0.077611        1.725032

     C    2        0.089684        0.059621        0.127448
     C    2        0.059621       -0.175906        0.117750
     C    2        0.127448        0.117750        0.086222

     C    3        0.009046        0.117402       -0.036161
     C    3        0.117402       -0.070144       -0.056378
     C    3       -0.036161       -0.056378        0.061097

     H    4        0.447868        0.278309        0.456274
     H    4        0.278309        0.194174        0.189943
     H    4        0.456274        0.189943       -0.642042

     C    5       -0.383853        0.445914       -0.105274
     C    5        0.445914        0.593856        0.112881
     C    5       -0.105274        0.112881       -0.210003

     H    6       -0.502731       -0.012542        0.027203
     H    6       -0.012542        0.527050        0.041584
     H    6        0.027203        0.041584       -0.024319

     H    7       -0.246087        0.122141       -0.151171
     H    7        0.122141        0.319777       -0.183241
     H    7       -0.151171       -0.183241       -0.073690

     C    8        0.180388       -0.412611        0.092802
     C    8       -0.412611       -0.352788       -0.083818
     C    8        0.092802       -0.083818        0.172400

     H    9        0.217735        0.193691        0.644847
     H    9        0.193691       -0.218962       -0.193673
     H    9        0.644847       -0.193673        0.001227

     C   10       -0.248455       -0.240856       -0.296971
     C   10       -0.240856        0.076730        0.102454
     C   10       -0.296971        0.102454        0.171725

     C   11        0.362448        0.188929       -0.079261
     C   11        0.188929       -0.088097       -0.136964
     C   11       -0.079261       -0.136964       -0.274351

     Cl  12        0.741399        0.216615       -0.058376
     Cl  12        0.216615       -0.120278       -0.899054
     Cl  12       -0.058376       -0.899054       -0.621121

     H   13       -0.313879        0.112636       -0.228790
     H   13        0.112636        0.098089        0.612769
     H   13       -0.228790        0.612769        0.215790

     C   14        0.142247       -0.543173        0.019532
     C   14       -0.543173       -0.012151       -0.140137
     C   14        0.019532       -0.140137       -0.130096

     H   15        0.358260        0.162776        0.470349
     H   15        0.162776       -0.532053       -0.226881
     H   15        0.470349       -0.226881        0.173793

     C   16       -0.655819       -0.095100        0.132942
     C   16       -0.095100        0.552722        0.188844
     C   16        0.132942        0.188844        0.103097

     C   17        0.147787       -0.074985        0.307495
     C   17       -0.074985        0.126163       -0.094187
     C   17        0.307495       -0.094187       -0.273950

     Cl  18        0.829267       -0.091113        0.170703
     Cl  18       -0.091113        0.200938       -1.010998
     Cl  18        0.170703       -1.010998       -1.030205

     H   19       -0.207316       -0.242554       -0.203363
     H   19       -0.242554        0.353113       -0.321331
     H   19       -0.203363       -0.321331       -0.145797

     C   20       -0.425623       -0.196327       -0.139303
     C   20       -0.196327        0.520504        0.001747
     C   20       -0.139303        0.001747       -0.094881

     H   21        0.221724       -0.259547        0.609369
     H   21       -0.259547       -0.016954       -0.007163
     H   21        0.609369       -0.007163       -0.204770

     C   22        0.179559        0.231482       -0.400467
     C   22        0.231482       -0.517367       -0.172739
     C   22       -0.400467       -0.172739        0.337808

     C   23       -0.704552       -0.063010       -0.299894
     C   23       -0.063010        0.204983       -0.516709
     C   23       -0.299894       -0.516709        0.499569

     Cl  24        0.175007        1.043207       -0.022475
     Cl  24        1.043207       -0.329655       -0.205669
     Cl  24       -0.022475       -0.205669        0.154647

     ----- total EFG (symmetrized) -----
     Cl   1       -0.197907       -1.748551        0.959207
     Cl   1       -1.748551       -1.527125       -0.077611
     Cl   1        0.959207       -0.077611        1.725032

     C    2        0.089684        0.059621        0.127448
     C    2        0.059621       -0.175906        0.117750
     C    2        0.127448        0.117750        0.086222

     C    3        0.009046        0.117402       -0.036161
     C    3        0.117402       -0.070144       -0.056378
     C    3       -0.036161       -0.056378        0.061097

     H    4        0.447868        0.278309        0.456274
     H    4        0.278309        0.194174        0.189943
     H    4        0.456274        0.189943       -0.642042

     C    5       -0.383853        0.445914       -0.105274
     C    5        0.445914        0.593856        0.112881
     C    5       -0.105274        0.112881       -0.210003

     H    6       -0.502731       -0.012542        0.027203
     H    6       -0.012542        0.527050        0.041584
     H    6        0.027203        0.041584       -0.024319

     H    7       -0.246087        0.122141       -0.151171
     H    7        0.122141        0.319777       -0.183241
     H    7       -0.151171       -0.183241       -0.073690

     C    8        0.180388       -0.412611        0.092802
     C    8       -0.412611       -0.352788       -0.083818
     C    8        0.092802       -0.083818        0.172400

     H    9        0.217735        0.193691        0.644847
     H    9        0.193691       -0.218962       -0.193673
     H    9        0.644847       -0.193673        0.001227

     C   10       -0.248455       -0.240856       -0.296971
     C   10       -0.240856        0.076730        0.102454
     C   10       -0.296971        0.102454        0.171725

     C   11        0.362448        0.188929       -0.079261
     C   11        0.188929       -0.088097       -0.136964
     C   11       -0.079261       -0.136964       -0.274351

     Cl  12        0.741399        0.216615       -0.058376
     Cl  12        0.216615       -0.120278       -0.899054
     Cl  12       -0.058376       -0.899054       -0.621121

     H   13       -0.313879        0.112636       -0.228790
     H   13        0.112636        0.098089        0.612769
     H   13       -0.228790        0.612769        0.215790

     C   14        0.142247       -0.543173        0.019532
     C   14       -0.543173       -0.012151       -0.140137
     C   14        0.019532       -0.140137       -0.130096

     H   15        0.358260        0.162776        0.470349
     H   15        0.162776       -0.532053       -0.226881
     H   15        0.470349       -0.226881        0.173793

     C   16       -0.655819       -0.095100        0.132942
     C   16       -0.095100        0.552722        0.188844
     C   16        0.132942        0.188844        0.103097

     C   17        0.147787       -0.074985        0.307495
     C   17       -0.074985        0.126163       -0.094187
     C   17        0.307495       -0.094187       -0.273950

     Cl  18        0.829267       -0.091113        0.170703
     Cl  18       -0.091113        0.200938       -1.010998
     Cl  18        0.170703       -1.010998       -1.030205

     H   19       -0.207316       -0.242554       -0.203363
     H   19       -0.242554        0.353113       -0.321331
     H   19       -0.203363       -0.321331       -0.145797

     C   20       -0.425623       -0.196327       -0.139303
     C   20       -0.196327        0.520504        0.001747
     C   20       -0.139303        0.001747       -0.094881

     H   21        0.221724       -0.259547        0.609369
     H   21       -0.259547       -0.016954       -0.007163
     H   21        0.609369       -0.007163       -0.204770

     C   22        0.179559        0.231482       -0.400467
     C   22        0.231482       -0.517367       -0.172739
     C   22       -0.400467       -0.172739        0.337808

     C   23       -0.704552       -0.063010       -0.299894
     C   23       -0.063010        0.204983       -0.516709
     C   23       -0.299894       -0.516709        0.499569

     Cl  24        0.175007        1.043207       -0.022475
     Cl  24        1.043207       -0.329655       -0.205669
     Cl  24       -0.022475       -0.205669        0.154647


     NQR/NMR SPECTROSCOPIC PARAMETERS:
     Cl   1    Vxx=    0.4802    axis=( -0.647998  0.543834  0.533238)
     Cl   1    Vyy=    2.3063    axis=(  0.488819 -0.239949  0.838737)
     Cl   1    Vzz=   -2.7865    axis=( -0.584084 -0.804157  0.110350)
     Cl   1  Q=        -8.1650 1e-30 m^2  Cq=        53.4576 MHz  eta= 0.65531

     C    2    Vxx=   -0.0311    axis=( -0.756025  0.196388  0.624386)
     C    2    Vyy=   -0.2214    axis=( -0.039392  0.938546 -0.342899)
     C    2    Vzz=    0.2525    axis=( -0.653356 -0.283836 -0.701828)
     C    2  Q=         1.0000 1e-30 m^2  Cq=         0.5932 MHz  eta= 0.75397

     C    3    Vxx=    0.0151    axis=( -0.568664 -0.268946 -0.777361)
     C    3    Vyy=    0.1423    axis=(  0.607654  0.499611 -0.617370)
     C    3    Vzz=   -0.1575    axis=( -0.554417  0.823442  0.120685)
     C    3  Q=         1.0000 1e-30 m^2  Cq=        -0.3700 MHz  eta= 0.80770

     H    4    Vxx=    0.0223    axis=(  0.482447 -0.872078  0.082004)
     H    4    Vyy=    0.7929    axis=(  0.814987  0.481220  0.322835)
     H    4    Vzz=   -0.8153    axis=( -0.320999 -0.088919  0.942896)
     H    4  Q=         1.0000 1e-30 m^2  Cq=        -1.9156 MHz  eta= 0.94518

     C    5    Vxx=   -0.1655    axis=( -0.335877  0.057480  0.940150)
     C    5    Vyy=   -0.6059    axis=( -0.872960  0.355855 -0.333629)
     C    5    Vzz=    0.7714    axis=( -0.353734 -0.932772 -0.069346)
     C    5  Q=         1.0000 1e-30 m^2  Cq=         1.8124 MHz  eta= 0.57091

     H    6    Vxx=   -0.0258    axis=(  0.058716 -0.073553  0.995561)
     H    6    Vyy=   -0.5045    axis=(  0.998223  0.014468 -0.057804)
     H    6    Vzz=    0.5303    axis=( -0.010152  0.997186  0.074272)
     H    6  Q=         1.0000 1e-30 m^2  Cq=         1.2459 MHz  eta= 0.90274

     H    7    Vxx=   -0.1006    axis=(  0.421909 -0.462514 -0.779791)
     H    7    Vyy=   -0.3343    axis=( -0.872599  0.026311 -0.487729)
     H    7    Vzz=    0.4348    axis=(  0.246098  0.886222 -0.392488)
     H    7  Q=         1.0000 1e-30 m^2  Cq=         1.0217 MHz  eta= 0.53739

     C    8    Vxx=    0.1215    axis=( -0.364231  0.154567  0.918393)
     C    8    Vyy=    0.4571    axis=( -0.801962  0.449308 -0.393674)
     C    8    Vzz=   -0.5786    axis=( -0.473490 -0.879904 -0.039695)
     C    8  Q=         1.0000 1e-30 m^2  Cq=        -1.3595 MHz  eta= 0.58006

     H    9    Vxx=   -0.0644    axis=(  0.300952  0.869035 -0.392690)
     H    9    Vyy=   -0.6995    axis=( -0.567406  0.494139  0.658694)
     H    9    Vzz=    0.7639    axis=( -0.766471 -0.024579 -0.641808)
     H    9  Q=         1.0000 1e-30 m^2  Cq=         1.7949 MHz  eta= 0.83147

     C   10    Vxx=    0.0134    axis=(  0.047380 -0.795821  0.603675)
     C   10    Vyy=    0.4462    axis=( -0.481566  0.511283  0.711817)
     C   10    Vzz=   -0.4596    axis=( -0.875128 -0.324435 -0.359016)
     C   10  Q=         1.0000 1e-30 m^2  Cq=        -1.0798 MHz  eta= 0.94189

     C   11    Vxx=   -0.1045    axis=(  0.399255 -0.795750  0.455387)
     C   11    Vyy=   -0.3474    axis=( -0.031352  0.484552  0.874201)
     C   11    Vzz=    0.4519    axis=( -0.916304 -0.363306  0.168511)
     C   11  Q=         1.0000 1e-30 m^2  Cq=         1.0619 MHz  eta= 0.53751

     Cl  12    Vxx=    0.4270    axis=( -0.546212  0.650582 -0.527632)
     Cl  12    Vyy=    0.8805    axis=( -0.836609 -0.455056  0.304975)
     Cl  12    Vzz=   -1.3075    axis=( -0.041690  0.608002  0.792840)
     Cl  12  Q=        -8.1650 1e-30 m^2  Cq=        25.0838 MHz  eta= 0.34684

     H   13    Vxx=   -0.1444    axis=(  0.795515  0.499032 -0.343689)
     H   13    Vyy=   -0.6365    axis=( -0.599388  0.564942 -0.567076)
     H   13    Vzz=    0.7809    axis=( -0.088825  0.657121  0.748534)
     H   13  Q=         1.0000 1e-30 m^2  Cq=         1.8347 MHz  eta= 0.63022

     C   14    Vxx=   -0.1216    axis=( -0.266603 -0.095034  0.959110)
     C   14    Vyy=   -0.5072    axis=(  0.617548  0.747174  0.245693)
     C   14    Vzz=    0.6288    axis=(  0.739971 -0.657799  0.140511)
     C   14  Q=         1.0000 1e-30 m^2  Cq=         1.4775 MHz  eta= 0.61311

     H   15    Vxx=   -0.0518    axis=( -0.558706 -0.501438  0.660611)
     H   15    Vyy=   -0.6938    axis=(  0.310129 -0.865056 -0.394333)
     H   15    Vzz=    0.7456    axis=(  0.769199 -0.015442  0.638823)
     H   15  Q=         1.0000 1e-30 m^2  Cq=         1.7519 MHz  eta= 0.86109

     C   16    Vxx=    0.0684    axis=(  0.211466 -0.318728  0.923956)
     C   16    Vyy=    0.6231    axis=(  0.035434 -0.942213 -0.333136)
     C   16    Vzz=   -0.6914    axis=(  0.976743  0.103187 -0.187952)
     C   16  Q=         1.0000 1e-30 m^2  Cq=        -1.6246 MHz  eta= 0.80221

     C   17    Vxx=    0.0782    axis=(  0.418424  0.899646  0.124734)
     C   17    Vyy=    0.3620    axis=( -0.787306  0.427742 -0.444057)
     C   17    Vzz=   -0.4402    axis=( -0.452848  0.087600  0.887274)
     C   17  Q=         1.0000 1e-30 m^2  Cq=        -1.0343 MHz  eta= 0.64457

     Cl  18    Vxx=    0.6353    axis=(  0.633847  0.688288 -0.352841)
     Cl  18    Vyy=    0.9675    axis=(  0.772262 -0.537819  0.338174)
     Cl  18    Vzz=   -1.6028    axis=( -0.042997  0.486836  0.872435)
     Cl  18  Q=        -8.1650 1e-30 m^2  Cq=        30.7484 MHz  eta= 0.20724

     H   19    Vxx=    0.0190    axis=(  0.730306 -0.117081 -0.673012)
     H   19    Vyy=    0.5361    axis=( -0.195204  0.908355 -0.369845)
     H   19    Vzz=   -0.5550    axis=(  0.654636  0.401475  0.640523)
     H   19  Q=         1.0000 1e-30 m^2  Cq=        -1.3041 MHz  eta= 0.93162

     C   20    Vxx=   -0.0513    axis=( -0.297937 -0.105189  0.948772)
     C   20    Vyy=   -0.5096    axis=( -0.933157 -0.177318 -0.312692)
     C   20    Vzz=    0.5609    axis=(  0.201126 -0.978516 -0.045328)
     C   20  Q=         1.0000 1e-30 m^2  Cq=         1.3180 MHz  eta= 0.81699

     H   21    Vxx=   -0.0479    axis=(  0.101409  0.930671  0.351521)
     H   21    Vyy=   -0.6708    axis=( -0.593305 -0.227052  0.772293)
     H   21    Vzz=    0.7187    axis=(  0.798565 -0.286877  0.529147)
     H   21  Q=         1.0000 1e-30 m^2  Cq=         1.6888 MHz  eta= 0.86660

     C   22    Vxx=   -0.1395    axis=(  0.731847  0.143801  0.666124)
     C   22    Vyy=   -0.5907    axis=( -0.253448  0.964800  0.070175)
     C   22    Vzz=    0.7302    axis=( -0.632586 -0.220185  0.742532)
     C   22  Q=         1.0000 1e-30 m^2  Cq=         1.7157 MHz  eta= 0.61802

     C   23    Vxx=   -0.1021    axis=( -0.337088  0.790706  0.511033)
     C   23    Vyy=   -0.8133    axis=(  0.932857  0.207249  0.294662)
     C   23    Vzz=    0.9154    axis=( -0.127080 -0.576048  0.807477)
     C   23  Q=         1.0000 1e-30 m^2  Cq=         2.1508 MHz  eta= 0.77692

     Cl  24    Vxx=    0.1468    axis=( -0.200292 -0.015682 -0.979611)
     Cl  24    Vyy=    1.0205    axis=(  0.767751  0.618636 -0.166878)
     Cl  24    Vzz=   -1.1672    axis=( -0.608639  0.785521  0.111868)
     Cl  24  Q=        -8.1650 1e-30 m^2  Cq=        22.3930 MHz  eta= 0.74854

     Initialization:
     gipaw_setup  :      9.23s CPU     11.06s WALL (       1 calls)

     Linear response

     Apply operators

     Induced current

     Other routines
     efg          :      9.28s CPU     11.40s WALL (       1 calls)

     General routines
     calbec       :      3.29s CPU      4.26s WALL (      16 calls)
     fft          :      1.91s CPU      3.44s WALL (      15 calls)
     ffts         :      0.03s CPU      0.05s WALL (       2 calls)
     fftw         :      3.23s CPU      3.83s WALL (     672 calls)
     davcio       :      0.02s CPU      0.31s WALL (      32 calls)

     Parallel routines
     fft_scatter  :      2.48s CPU      4.46s WALL (     689 calls)

     Plugins

     GIPAW        :     61.46s CPU     74.41s WALL (       1 calls)
