
     Program QE v.6.0 (svn rev. 13079) starts on 17Dec2016 at 20:11:11 

     This program is part of the open-source Quantum ESPRESSO suite
     for quantum simulation of materials; please cite
         "P. Giannozzi et al., J. Phys.:Condens. Matter 21 395502 (2009);
          URL http://www.quantum-espresso.org", 
     in publications or presentations arising from this work. More details at
     http://www.quantum-espresso.org/quote

     Parallel version (MPI), running on     8 processors
     R & G space division:  proc/nbgrp/npool/nimage =       8

     ***** This is GIPAW svn revision unknown      *****

     Parallelizing q-star over 1 images

     Reading data from directory:
     /users/majewski/paradichlorobenzene/pbe/9_constraint/scratch/pbe.ecut100.np8.dt60.pcl2phi-129368.save
     Message from routine read_xml_file:
     file /users/majewski/paradichlorobenzene/pbe/9_constraint/scratch/pbe.ecut100.np8.dt60.pcl2phi-129368.save not guaranteed to be safe for post-processing

   Info: using nr1, nr2, nr3 values from input

   Info: using nr1, nr2, nr3 values from input

     IMPORTANT: XC functional enforced from input :
     Exchange-correlation      =  SLA  PW   PBX  PBC ( 1  4  3  4 0 0)
     Any further DFT definition will be discarded
     Please, verify this is what you really want

               file C.pbe-n-kjpaw_psl.1.0.0.UPF: wavefunction(s)  2S 2P renormalized
               file Cl.pbe-n-kjpaw_psl.1.0.0.UPF: wavefunction(s)  3S 3P renormalized
               file H.pbe-kjpaw_psl.1.0.0.UPF: wavefunction(s)  1S renormalized

     Parallelization info
     --------------------
     sticks:   dense  smooth     PW     G-vecs:    dense   smooth      PW
     Min        3057    1223    332               144436    36536    5170
     Max        3059    1225    333               144437    36537    5171
     Sum       24467    9791   2657              1155489   292295   41363


     Subspace diagonalization in iterative solution of the eigenvalue problem:
     a serial algorithm will be used

     GIPAW projectors -----------------------------------------------
     atom=  C    l=0  rc=    1.2000  rs=    0.8000
     atom=  C    l=0  rc=    1.2000  rs=    0.8000
     atom=  C    l=1  rc=    1.4000  rs=    0.9333
     atom=  C    l=1  rc=    1.4000  rs=    0.9333
     projs nearly linearly dependent: l=1  n1,n2= 1, 2  s=  0.99951561

     atom=  Cl   l=0  rc=    1.6000  rs=    1.0667
     atom=  Cl   l=0  rc=    1.6000  rs=    1.0667
     atom=  Cl   l=1  rc=    1.6000  rs=    1.0667
     atom=  Cl   l=1  rc=    1.6000  rs=    1.0667
     atom=  Cl   l=2  rc=    1.6000  rs=    1.0667
     atom=  Cl   l=2  rc=    1.6000  rs=    1.0667
     projs nearly linearly dependent: l=2  n1,n2= 1, 2  s=  0.99993509

     atom=  H    l=0  rc=    1.0000  rs=    0.6667
     atom=  H    l=0  rc=    1.0000  rs=    0.6667
     projs nearly linearly dependent: l=0  n1,n2= 1, 2  s=  0.99968852
     -----------------------------------------------------------------

     GIPAW integrals: -------------------------------------------
     Atom  i/j   nmr_para   nmr_dia   epr_rmc  epr_para   epr_dia
       C   1 1   0.83E+03  0.17E-01  0.93E+01  0.24E+08  0.24E+03
       C   2 1   0.86E+03 -0.61E-01  0.94E+01  0.25E+08  0.25E+03
       C   2 2   0.90E+03 -0.15E+00  0.97E+01  0.26E+08  0.26E+03
       C   3 3   0.33E+01  0.34E+00  0.18E+01  0.55E+03  0.21E+02
       C   4 3   0.35E+01  0.37E+00  0.20E+01  0.59E+03  0.22E+02
       C   4 4   0.38E+01  0.39E+00  0.22E+01  0.63E+03  0.24E+02
       Cl  1 1   0.14E+04 -0.47E+00  0.84E+01  0.32E+09  0.42E+03
       Cl  2 1   0.21E+04 -0.37E+00  0.12E+02  0.49E+09  0.65E+03
       Cl  2 2   0.33E+04 -0.16E+00  0.21E+02  0.76E+09  0.10E+04
       Cl  3 3   0.21E+02  0.79E-01  0.89E+01  0.23E+05  0.13E+03
       Cl  4 3   0.24E+02  0.67E-01  0.99E+01  0.27E+05  0.15E+03
       Cl  4 4   0.28E+02  0.44E-01  0.11E+02  0.32E+05  0.18E+03
       Cl  5 5   0.77E+00  0.19E+00  0.18E+01  0.12E+03  0.22E+02
       Cl  6 5   0.80E+00  0.19E+00  0.19E+01  0.12E+03  0.23E+02
       Cl  6 6   0.83E+00  0.20E+00  0.19E+01  0.12E+03  0.23E+02
       H   1 1   0.39E+02  0.19E+00  0.29E+00  0.78E+05  0.13E+02
       H   2 1   0.41E+02  0.21E+00  0.32E+00  0.82E+05  0.14E+02
       H   2 2   0.43E+02  0.22E+00  0.36E+00  0.86E+05  0.15E+02
     ------------------------------------------------------------

     alpha_pv=     33.7554 eV

     Number of occupied bands for each k-point:
     k-point:     1    nbnd_occ=  42
     k-point:     2    nbnd_occ=  42
     k-point:     3    nbnd_occ=  42
     k-point:     4    nbnd_occ=  42
     k-point:     5    nbnd_occ=  42
     k-point:     6    nbnd_occ=  42
     k-point:     7    nbnd_occ=  42
     k-point:     8    nbnd_occ=  42
     k-point:     9    nbnd_occ=  42
     k-point:    10    nbnd_occ=  42
     k-point:    11    nbnd_occ=  42
     k-point:    12    nbnd_occ=  42
     k-point:    13    nbnd_occ=  42
     k-point:    14    nbnd_occ=  42
     k-point:    15    nbnd_occ=  42
     k-point:    16    nbnd_occ=  42


     q-space interpolation up to   110.00 Rydberg

     GIPAW job: efg                                                                             


     ELECTRIC FIELD GRADIENTS TENSORS IN Hartree/bohrradius^2:

     ----- bare term -----
     Cl   1       -0.002249        0.048512       -0.081297
     Cl   1        0.048512        0.038509       -0.082421
     Cl   1       -0.081297       -0.082421       -0.036260

     C    2       -0.264302        0.319808       -0.202003
     C    2        0.319808       -0.117455       -0.349554
     C    2       -0.202003       -0.349554        0.381757

     C    3       -0.084135       -0.033375       -0.214948
     C    3       -0.033375       -0.061668       -0.644602
     C    3       -0.214948       -0.644602        0.145803

     H    4        0.000618       -0.057603       -0.531854
     H    4       -0.057603        0.397020        0.098000
     H    4       -0.531854        0.098000       -0.397638

     C    5       -0.538849        0.295806       -0.282683
     C    5        0.295806        0.336868       -0.137761
     C    5       -0.282683       -0.137761        0.201982

     H    6        0.317414       -0.074583        0.340288
     H    6       -0.074583        0.068608       -0.252484
     H    6        0.340288       -0.252484       -0.386022

     H    7        0.366425       -0.176535       -0.058959
     H    7       -0.176535       -0.699012        0.242580
     H    7       -0.058959        0.242580        0.332586

     C    8       -0.272616       -0.062543       -0.297856
     C    8       -0.062543        0.016295        0.558781
     C    8       -0.297856        0.558781        0.256321

     H    9       -0.083342        0.353726       -0.414586
     H    9        0.353726       -0.106688        0.407241
     H    9       -0.414586        0.407241        0.190030

     C   10       -0.544182       -0.410002       -0.325323
     C   10       -0.410002        0.232389        0.275527
     C   10       -0.325323        0.275527        0.311793

     C   11        0.034086       -0.280257       -0.108044
     C   11       -0.280257       -0.048196        0.581735
     C   11       -0.108044        0.581735        0.014110

     Cl  12       -0.111453       -0.160811        0.072335
     Cl  12       -0.160811        0.041932       -0.148470
     Cl  12        0.072335       -0.148470        0.069521

     H   13       -0.054930        0.204033        0.290314
     H   13        0.204033        0.018184       -0.401413
     H   13        0.290314       -0.401413        0.036745

     C   14       -0.023103       -0.315247       -0.531425
     C   14       -0.315247       -0.110813       -0.444014
     C   14       -0.531425       -0.444014        0.133916

     H   15        0.031429       -0.007126       -0.206884
     H   15       -0.007126        0.279765       -0.488140
     H   15       -0.206884       -0.488140       -0.311194

     C   16       -0.551623        0.357196       -0.280729
     C   16        0.357196        0.150399       -0.088555
     C   16       -0.280729       -0.088555        0.401224

     C   17        0.074579       -0.031776       -0.246452
     C   17       -0.031776        0.001418       -0.634310
     C   17       -0.246452       -0.634310       -0.075998

     Cl  18       -0.135669        0.231655       -0.005438
     Cl  18        0.231655       -0.029806       -0.022046
     Cl  18       -0.005438       -0.022046        0.165475

     H   19        0.045915        0.001403        0.401361
     H   19        0.001403        0.159428        0.304305
     H   19        0.401361        0.304305       -0.205344

     C   20       -0.282492       -0.132806       -0.297354
     C   20       -0.132806        0.265195        0.082608
     C   20       -0.297354        0.082608        0.017297

     H   21        0.165634        0.071387       -0.260943
     H   21        0.071387        0.349918       -0.208879
     H   21       -0.260943       -0.208879       -0.515553

     C   22        0.083836       -0.385281       -0.078953
     C   22       -0.385281       -0.215397        0.360958
     C   22       -0.078953        0.360958        0.131562

     C   23       -0.322088       -0.250582       -0.426214
     C   23       -0.250582        0.006646        0.480433
     C   23       -0.426214        0.480433        0.315442

     Cl  24       -0.097626        0.023811       -0.056540
     Cl  24        0.023811       -0.046105        0.131465
     Cl  24       -0.056540        0.131465        0.143731

     ----- ionic term -----
     Cl   1        0.206101       -0.216928       -0.034480
     Cl   1       -0.216928       -0.077312        0.009211
     Cl   1       -0.034480        0.009211       -0.128789

     C    2        0.240872       -0.200045        0.199271
     C    2       -0.200045       -0.135383        0.471253
     C    2        0.199271        0.471253       -0.105490

     C    3        0.132791       -0.190825        0.154790
     C    3       -0.190825       -0.034126        0.426126
     C    3        0.154790        0.426126       -0.098665

     H    4        0.380918        0.380172        0.699732
     H    4        0.380172       -0.404164        0.345272
     H    4        0.699732        0.345272        0.023246

     C    5        0.231797       -0.158613        0.279350
     C    5       -0.158613       -0.101416        0.335833
     C    5        0.279350        0.335833       -0.130381

     H    6       -0.520616       -0.107873       -0.056147
     H    6       -0.107873        0.511147        0.764619
     H    6       -0.056147        0.764619        0.009469

     H    7       -0.499531        0.084934       -0.039738
     H    7        0.084934        0.614491       -0.726053
     H    7       -0.039738       -0.726053       -0.114961

     C    8        0.280011        0.173959        0.297216
     C    8        0.173959        0.009735       -0.304072
     C    8        0.297216       -0.304072       -0.289746

     H    9        0.393495       -0.364362        0.700844
     H    9       -0.364362       -0.396049       -0.339216
     H    9        0.700844       -0.339216        0.002554

     C   10        0.067913        0.191546        0.231558
     C   10        0.191546        0.193047       -0.432485
     C   10        0.231558       -0.432485       -0.260960

     C   11        0.022080        0.203148        0.347056
     C   11        0.203148        0.159837       -0.433974
     C   11        0.347056       -0.433974       -0.181917

     Cl  12        0.099851        0.220081        0.045403
     Cl  12        0.220081        0.046978        0.029354
     Cl  12        0.045403        0.029354       -0.146829

     H   13       -0.440480       -0.231784       -0.160764
     H   13       -0.231784        0.418648        0.755449
     H   13       -0.160764        0.755449        0.021833

     C   14        0.350620       -0.275660        0.208471
     C   14       -0.275660       -0.139358        0.333157
     C   14        0.208471        0.333157       -0.211262

     H   15        0.253946        0.180801        0.809439
     H   15        0.180801       -0.529111        0.265617
     H   15        0.809439        0.265617        0.275165

     C   16        0.178146       -0.334970        0.150004
     C   16       -0.334970       -0.030503        0.421602
     C   16        0.150004        0.421602       -0.147642

     C   17        0.149012       -0.208449        0.305410
     C   17       -0.208449       -0.040121        0.418930
     C   17        0.305410        0.418930       -0.108891

     Cl  18        0.146703       -0.187958        0.054488
     Cl  18       -0.187958       -0.015003       -0.029921
     Cl  18        0.054488       -0.029921       -0.131700

     H   19       -0.500633        0.182279       -0.091232
     H   19        0.182279        0.537665       -0.734945
     H   19       -0.091232       -0.734945       -0.037032

     C   20        0.195192        0.274936        0.273865
     C   20        0.274936       -0.032534       -0.317541
     C   20        0.273865       -0.317541       -0.162658

     H   21        0.286264       -0.146527        0.800230
     H   21       -0.146527       -0.488555       -0.226684
     H   21        0.800230       -0.226684        0.202291

     C   22        0.103549        0.328730        0.186763
     C   22        0.328730        0.062548       -0.401129
     C   22        0.186763       -0.401129       -0.166097

     C   23        0.213996        0.211653        0.264910
     C   23        0.211653        0.015841       -0.427478
     C   23        0.264910       -0.427478       -0.229837

     Cl  24        0.170580        0.233457        0.034176
     Cl  24        0.233457       -0.032771        0.011207
     Cl  24        0.034176        0.011207       -0.137809

     ----- GIPAW term -----
     Cl   1        1.959277       -0.445850       -1.821107
     Cl   1       -0.445850       -0.497880       -1.059071
     Cl   1       -1.821107       -1.059071       -1.461396

     C    2        0.106000       -0.181777       -0.018925
     C    2       -0.181777        0.000214       -0.042072
     C    2       -0.018925       -0.042072       -0.106214

     C    3       -0.128031       -0.082767        0.000587
     C    3       -0.082767        0.104504       -0.244133
     C    3        0.000587       -0.244133        0.023527

     H    4       -0.000000        0.000000        0.000000
     H    4        0.000000        0.000000        0.000000
     H    4        0.000000        0.000000        0.000000

     C    5       -0.110331        0.094080       -0.052890
     C    5        0.094080        0.141305       -0.087161
     C    5       -0.052890       -0.087161       -0.030974

     H    6       -0.000000        0.000000        0.000000
     H    6        0.000000        0.000000        0.000000
     H    6        0.000000        0.000000        0.000000

     H    7       -0.000000        0.000000        0.000000
     H    7        0.000000        0.000000        0.000000
     H    7        0.000000        0.000000        0.000000

     C    8       -0.119283       -0.016682       -0.043475
     C    8       -0.016682        0.143248        0.245602
     C    8       -0.043475        0.245602       -0.023966

     H    9       -0.000000        0.000000        0.000000
     H    9        0.000000        0.000000        0.000000
     H    9        0.000000        0.000000        0.000000

     C   10       -0.166608       -0.172722       -0.082244
     C   10       -0.172722        0.236210        0.042062
     C   10       -0.082244        0.042062       -0.069602

     C   11        0.009923       -0.114518        0.006633
     C   11       -0.114518        0.198024        0.039270
     C   11        0.006633        0.039270       -0.207947

     Cl  12        0.464018        0.832918        0.779663
     Cl  12        0.832918        0.486418       -1.471850
     Cl  12        0.779663       -1.471850       -0.950436

     H   13       -0.000000        0.000000        0.000000
     H   13        0.000000        0.000000        0.000000
     H   13        0.000000        0.000000        0.000000

     C   14        0.125103       -0.197812       -0.184739
     C   14       -0.197812       -0.078817        0.000906
     C   14       -0.184739        0.000906       -0.046286

     H   15       -0.000000        0.000000        0.000000
     H   15        0.000000        0.000000        0.000000
     H   15        0.000000        0.000000        0.000000

     C   16       -0.069754       -0.148539       -0.087617
     C   16       -0.148539        0.146153        0.095683
     C   16       -0.087617        0.095683       -0.076399

     C   17       -0.056792       -0.031899       -0.026232
     C   17       -0.031899        0.252426       -0.045385
     C   17       -0.026232       -0.045385       -0.195634

     Cl  18       -0.664177        0.448428        0.537962
     Cl  18        0.448428        1.702721        1.670149
     Cl  18        0.537962        1.670149       -1.038543

     H   19       -0.000000        0.000000        0.000000
     H   19        0.000000        0.000000        0.000000
     H   19        0.000000        0.000000        0.000000

     C   20        0.008541       -0.078147       -0.069022
     C   20       -0.078147        0.030280        0.039824
     C   20       -0.069022        0.039824       -0.038822

     H   21       -0.000000        0.000000        0.000000
     H   21        0.000000        0.000000        0.000000
     H   21        0.000000        0.000000        0.000000

     C   22        0.010392       -0.119482       -0.081854
     C   22       -0.119482       -0.007935        0.109068
     C   22       -0.081854        0.109068       -0.002456

     C   23       -0.081998       -0.008772       -0.116307
     C   23       -0.008772        0.090544        0.213309
     C   23       -0.116307        0.213309       -0.008545

     Cl  24        0.162087        2.108096       -0.271112
     Cl  24        2.108096       -0.252329        1.433800
     Cl  24       -0.271112        1.433800        0.090243

     ----- total EFG -----
     Cl   1        2.163128       -0.614267       -1.936885
     Cl   1       -0.614267       -0.536683       -1.132281
     Cl   1       -1.936885       -1.132281       -1.626445

     C    2        0.082570       -0.062014       -0.021657
     C    2       -0.062014       -0.252624        0.079627
     C    2       -0.021657        0.079627        0.170054

     C    3       -0.079375       -0.306968       -0.059571
     C    3       -0.306968        0.008710       -0.462609
     C    3       -0.059571       -0.462609        0.070665

     H    4        0.381536        0.322568        0.167878
     H    4        0.322568       -0.007144        0.443271
     H    4        0.167878        0.443271       -0.374392

     C    5       -0.417383        0.231272       -0.056222
     C    5        0.231272        0.376756        0.110911
     C    5       -0.056222        0.110911        0.040627

     H    6       -0.203202       -0.182456        0.284141
     H    6       -0.182456        0.579755        0.512135
     H    6        0.284141        0.512135       -0.376553

     H    7       -0.133105       -0.091601       -0.098697
     H    7       -0.091601       -0.084520       -0.483474
     H    7       -0.098697       -0.483474        0.217626

     C    8       -0.111888        0.094734       -0.044115
     C    8        0.094734        0.169279        0.500311
     C    8       -0.044115        0.500311       -0.057391

     H    9        0.310153       -0.010636        0.286259
     H    9       -0.010636       -0.502737        0.068025
     H    9        0.286259        0.068025        0.192584

     C   10       -0.642877       -0.391178       -0.176008
     C   10       -0.391178        0.661646       -0.114896
     C   10       -0.176008       -0.114896       -0.018769

     C   11        0.066088       -0.191627        0.245646
     C   11       -0.191627        0.309665        0.187031
     C   11        0.245646        0.187031       -0.375753

     Cl  12        0.452417        0.892188        0.897401
     Cl  12        0.892188        0.575328       -1.590967
     Cl  12        0.897401       -1.590967       -1.027744

     H   13       -0.495410       -0.027752        0.129550
     H   13       -0.027752        0.436832        0.354035
     H   13        0.129550        0.354035        0.058578

     C   14        0.452620       -0.788720       -0.507693
     C   14       -0.788720       -0.328989       -0.109952
     C   14       -0.507693       -0.109952       -0.123632

     H   15        0.285375        0.173675        0.602555
     H   15        0.173675       -0.249346       -0.222523
     H   15        0.602555       -0.222523       -0.036029

     C   16       -0.443231       -0.126313       -0.218342
     C   16       -0.126313        0.266049        0.428731
     C   16       -0.218342        0.428731        0.177182

     C   17        0.166800       -0.272124        0.032726
     C   17       -0.272124        0.213724       -0.260766
     C   17        0.032726       -0.260766       -0.380523

     Cl  18       -0.653144        0.492125        0.587011
     Cl  18        0.492125        1.657912        1.618181
     Cl  18        0.587011        1.618181       -1.004768

     H   19       -0.454718        0.183682        0.310129
     H   19        0.183682        0.697094       -0.430641
     H   19        0.310129       -0.430641       -0.242376

     C   20       -0.078758        0.063983       -0.092511
     C   20        0.063983        0.262941       -0.195109
     C   20       -0.092511       -0.195109       -0.184183

     H   21        0.451898       -0.075140        0.539286
     H   21       -0.075140       -0.138636       -0.435563
     H   21        0.539286       -0.435563       -0.313262

     C   22        0.197776       -0.176033        0.025956
     C   22       -0.176033       -0.160785        0.068896
     C   22        0.025956        0.068896       -0.036991

     C   23       -0.190090       -0.047702       -0.277612
     C   23       -0.047702        0.113030        0.266264
     C   23       -0.277612        0.266264        0.077060

     Cl  24        0.235041        2.365364       -0.293476
     Cl  24        2.365364       -0.331205        1.576472
     Cl  24       -0.293476        1.576472        0.096165

     ----- total EFG (symmetrized) -----
     Cl   1        2.163128       -0.614267       -1.936885
     Cl   1       -0.614267       -0.536683       -1.132281
     Cl   1       -1.936885       -1.132281       -1.626445

     C    2        0.082570       -0.062014       -0.021657
     C    2       -0.062014       -0.252624        0.079627
     C    2       -0.021657        0.079627        0.170054

     C    3       -0.079375       -0.306968       -0.059571
     C    3       -0.306968        0.008710       -0.462609
     C    3       -0.059571       -0.462609        0.070665

     H    4        0.381536        0.322568        0.167878
     H    4        0.322568       -0.007144        0.443271
     H    4        0.167878        0.443271       -0.374392

     C    5       -0.417383        0.231272       -0.056222
     C    5        0.231272        0.376756        0.110911
     C    5       -0.056222        0.110911        0.040627

     H    6       -0.203202       -0.182456        0.284141
     H    6       -0.182456        0.579755        0.512135
     H    6        0.284141        0.512135       -0.376553

     H    7       -0.133105       -0.091601       -0.098697
     H    7       -0.091601       -0.084520       -0.483474
     H    7       -0.098697       -0.483474        0.217626

     C    8       -0.111888        0.094734       -0.044115
     C    8        0.094734        0.169279        0.500311
     C    8       -0.044115        0.500311       -0.057391

     H    9        0.310153       -0.010636        0.286259
     H    9       -0.010636       -0.502737        0.068025
     H    9        0.286259        0.068025        0.192584

     C   10       -0.642877       -0.391178       -0.176008
     C   10       -0.391178        0.661646       -0.114896
     C   10       -0.176008       -0.114896       -0.018769

     C   11        0.066088       -0.191627        0.245646
     C   11       -0.191627        0.309665        0.187031
     C   11        0.245646        0.187031       -0.375753

     Cl  12        0.452417        0.892188        0.897401
     Cl  12        0.892188        0.575328       -1.590967
     Cl  12        0.897401       -1.590967       -1.027744

     H   13       -0.495410       -0.027752        0.129550
     H   13       -0.027752        0.436832        0.354035
     H   13        0.129550        0.354035        0.058578

     C   14        0.452620       -0.788720       -0.507693
     C   14       -0.788720       -0.328989       -0.109952
     C   14       -0.507693       -0.109952       -0.123632

     H   15        0.285375        0.173675        0.602555
     H   15        0.173675       -0.249346       -0.222523
     H   15        0.602555       -0.222523       -0.036029

     C   16       -0.443231       -0.126313       -0.218342
     C   16       -0.126313        0.266049        0.428731
     C   16       -0.218342        0.428731        0.177182

     C   17        0.166800       -0.272124        0.032726
     C   17       -0.272124        0.213724       -0.260766
     C   17        0.032726       -0.260766       -0.380523

     Cl  18       -0.653144        0.492125        0.587011
     Cl  18        0.492125        1.657912        1.618181
     Cl  18        0.587011        1.618181       -1.004768

     H   19       -0.454718        0.183682        0.310129
     H   19        0.183682        0.697094       -0.430641
     H   19        0.310129       -0.430641       -0.242376

     C   20       -0.078758        0.063983       -0.092511
     C   20        0.063983        0.262941       -0.195109
     C   20       -0.092511       -0.195109       -0.184183

     H   21        0.451898       -0.075140        0.539286
     H   21       -0.075140       -0.138636       -0.435563
     H   21        0.539286       -0.435563       -0.313262

     C   22        0.197776       -0.176033        0.025956
     C   22       -0.176033       -0.160785        0.068896
     C   22        0.025956        0.068896       -0.036991

     C   23       -0.190090       -0.047702       -0.277612
     C   23       -0.047702        0.113030        0.266264
     C   23       -0.277612        0.266264        0.077060

     Cl  24        0.235041        2.365364       -0.293476
     Cl  24        2.365364       -0.331205        1.576472
     Cl  24       -0.293476        1.576472        0.096165


     NQR/NMR SPECTROSCOPIC PARAMETERS:
     Cl   1    Vxx=    0.1034    axis=(  0.137921 -0.892387  0.429679)
     Cl   1    Vyy=    2.9829    axis=(  0.924624 -0.039500 -0.378829)
     Cl   1    Vzz=   -3.0864    axis=(  0.355034  0.449540  0.819674)
     Cl   1  Q=        -8.1650 1e-30 m^2  Cq=        59.2105 MHz  eta= 0.93297

     C    2    Vxx=    0.0817    axis=(  0.942317 -0.098604  0.319868)
     C    2    Vyy=    0.1946    axis=( -0.294980  0.207001  0.932811)
     C    2    Vzz=   -0.2763    axis=( -0.158192 -0.973359  0.165974)
     C    2  Q=         1.0000 1e-30 m^2  Cq=        -0.6491 MHz  eta= 0.40851

     C    3    Vxx=    0.0210    axis=( -0.823935  0.164278  0.542350)
     C    3    Vyy=    0.5526    axis=(  0.283563 -0.709101  0.645575)
     C    3    Vzz=   -0.5737    axis=(  0.490635  0.685703  0.537670)
     C    3  Q=         1.0000 1e-30 m^2  Cq=        -1.3479 MHz  eta= 0.92665

     H    4    Vxx=   -0.0281    axis=(  0.658919 -0.601963 -0.451073)
     H    4    Vyy=   -0.6723    axis=( -0.043117  0.568450 -0.821587)
     H    4    Vzz=    0.7004    axis=(  0.750977  0.560808  0.348607)
     H    4  Q=         1.0000 1e-30 m^2  Cq=         1.6455 MHz  eta= 0.91983

     C    5    Vxx=    0.0331    axis=( -0.207936 -0.170887  0.963099)
     C    5    Vyy=    0.4599    axis=( -0.235585 -0.946886 -0.218874)
     C    5    Vzz=   -0.4930    axis=(  0.949348 -0.272404  0.156634)
     C    5  Q=         1.0000 1e-30 m^2  Cq=        -1.1584 MHz  eta= 0.86578

     H    6    Vxx=   -0.0162    axis=(  0.866661 -0.144915  0.477388)
     H    6    Vyy=   -0.7892    axis=(  0.495500  0.361506 -0.789806)
     H    6    Vzz=    0.8054    axis=( -0.058124  0.921039  0.385108)
     H    6  Q=         1.0000 1e-30 m^2  Cq=         1.8924 MHz  eta= 0.95982

     H    7    Vxx=   -0.0848    axis=(  0.936519 -0.302296 -0.177623)
     H    7    Vyy=   -0.4892    axis=(  0.348703  0.750172  0.561825)
     H    7    Vzz=    0.5740    axis=( -0.036590 -0.588097  0.807962)
     H    7  Q=         1.0000 1e-30 m^2  Cq=         1.3487 MHz  eta= 0.70447

     C    8    Vxx=   -0.0912    axis=( -0.966550 -0.101160  0.235687)
     C    8    Vyy=   -0.4809    axis=(  0.247120 -0.613280  0.750213)
     C    8    Vzz=    0.5721    axis=( -0.068651 -0.783361 -0.617764)
     C    8  Q=         1.0000 1e-30 m^2  Cq=         1.3443 MHz  eta= 0.68114

     H    9    Vxx=   -0.0334    axis=( -0.632854  0.125081  0.764101)
     H    9    Vyy=   -0.5114    axis=(  0.053854  0.991586 -0.117715)
     H    9    Vzz=    0.5448    axis=( -0.772396 -0.033347 -0.634266)
     H    9  Q=         1.0000 1e-30 m^2  Cq=         1.2800 MHz  eta= 0.87749

     C   10    Vxx=    0.0273    axis=( -0.261417  0.013603  0.965130)
     C   10    Vyy=    0.7752    axis=( -0.255439  0.963276 -0.082766)
     C   10    Vzz=   -0.8025    axis=( -0.930813 -0.268168 -0.248342)
     C   10  Q=         1.0000 1e-30 m^2  Cq=        -1.8856 MHz  eta= 0.93200

     C   11    Vxx=    0.1392    axis=(  0.794206  0.341275  0.502761)
     C   11    Vyy=    0.4185    axis=( -0.434372  0.897437  0.076991)
     C   11    Vzz=   -0.5577    axis=( -0.424921 -0.279532  0.860990)
     C   11  Q=         1.0000 1e-30 m^2  Cq=        -1.3104 MHz  eta= 0.50064

     Cl  12    Vxx=    0.8611    axis=( -0.858189  0.110976 -0.501195)
     Cl  12    Vyy=    1.6604    axis=( -0.339726 -0.854733  0.392452)
     Cl  12    Vzz=   -2.5216    axis=( -0.384835  0.507067  0.771224)
     Cl  12  Q=        -8.1650 1e-30 m^2  Cq=        48.3751 MHz  eta= 0.31698

     H   13    Vxx=   -0.1128    axis=(  0.309631 -0.503776  0.806436)
     H   13    Vyy=   -0.5379    axis=(  0.950098  0.130044 -0.283553)
     H   13    Vzz=    0.6507    axis=(  0.037975  0.853990  0.518902)
     H   13  Q=         1.0000 1e-30 m^2  Cq=         1.5289 MHz  eta= 0.65317

     C   14    Vxx=   -0.0825    axis=(  0.043466 -0.519725  0.853227)
     C   14    Vyy=   -0.9839    axis=( -0.546181 -0.727470 -0.415299)
     C   14    Vzz=    1.0664    axis=( -0.836538  0.447966  0.315484)
     C   14  Q=         1.0000 1e-30 m^2  Cq=         2.5057 MHz  eta= 0.84524

     H   15    Vxx=   -0.0655    axis=(  0.330707  0.837960 -0.434114)
     H   15    Vyy=   -0.6828    axis=( -0.511159  0.545726  0.664002)
     H   15    Vzz=    0.7483    axis=( -0.793315 -0.002311 -0.608807)
     H   15  Q=         1.0000 1e-30 m^2  Cq=         1.7582 MHz  eta= 0.82487

     C   16    Vxx=   -0.1907    axis=( -0.234433 -0.699026  0.675577)
     C   16    Vyy=   -0.5125    axis=( -0.950049  0.017460 -0.311612)
     C   16    Vzz=    0.7032    axis=(  0.206029 -0.714883 -0.668202)
     C   16  Q=         1.0000 1e-30 m^2  Cq=         1.6522 MHz  eta= 0.45772

     C   17    Vxx=   -0.0306    axis=(  0.784401  0.530259 -0.321778)
     C   17    Vyy=   -0.4863    axis=(  0.114827  0.385670  0.915463)
     C   17    Vzz=    0.5169    axis=(  0.609533 -0.755039  0.241632)
     C   17  Q=         1.0000 1e-30 m^2  Cq=         1.2144 MHz  eta= 0.88166

     Cl  18    Vxx=   -0.7105    axis=(  0.936130 -0.309093  0.167695)
     Cl  18    Vyy=   -1.8627    axis=(  0.280382  0.368247 -0.886442)
     Cl  18    Vzz=    2.5731    axis=(  0.212240  0.876844  0.431391)
     Cl  18  Q=        -8.1650 1e-30 m^2  Cq=       -49.3645 MHz  eta= 0.44777

     H   19    Vxx=   -0.0777    axis=(  0.682024  0.225068  0.695836)
     H   19    Vyy=   -0.7897    axis=(  0.729755 -0.271852 -0.627339)
     H   19    Vzz=    0.8674    axis=( -0.047970 -0.935650  0.349654)
     H   19  Q=         1.0000 1e-30 m^2  Cq=         2.0381 MHz  eta= 0.82087

     C   20    Vxx=   -0.0767    axis=(  0.922072 -0.308207 -0.234075)
     C   20    Vyy=   -0.2794    axis=(  0.324497  0.286074  0.901589)
     C   20    Vzz=    0.3560    axis=( -0.210913 -0.907287  0.363793)
     C   20  Q=         1.0000 1e-30 m^2  Cq=         0.8366 MHz  eta= 0.56938

     H   21    Vxx=   -0.0174    axis=(  0.488015  0.815513 -0.311095)
     H   21    Vyy=   -0.7955    axis=( -0.318605  0.498264  0.806364)
     H   21    Vzz=    0.8129    axis=(  0.812608 -0.294402  0.502987)
     H   21  Q=         1.0000 1e-30 m^2  Cq=         1.9101 MHz  eta= 0.95708

     C   22    Vxx=   -0.0124    axis=(  0.126269  0.290630  0.948467)
     C   22    Vyy=   -0.2573    axis=(  0.357824  0.878408 -0.316800)
     C   22    Vzz=    0.2698    axis=( -0.925212  0.379387  0.006921)
     C   22  Q=         1.0000 1e-30 m^2  Cq=         0.6338 MHz  eta= 0.90788

     C   23    Vxx=   -0.0573    axis=( -0.534916 -0.752015  0.385146)
     C   23    Vyy=   -0.3899    axis=( -0.767361  0.241645 -0.593940)
     C   23    Vzz=    0.4472    axis=(  0.353583 -0.613254 -0.706327)
     C   23  Q=         1.0000 1e-30 m^2  Cq=         1.0508 MHz  eta= 0.74389

     Cl  24    Vxx=    0.4068    axis=( -0.539295  0.065021  0.839603)
     Cl  24    Vyy=    2.6478    axis=(  0.632728  0.689215  0.353040)
     Cl  24    Vzz=   -3.0546    axis=( -0.555712  0.721633 -0.412831)
     Cl  24  Q=        -8.1650 1e-30 m^2  Cq=        58.6006 MHz  eta= 0.73367

     Initialization:
     gipaw_setup  :      9.17s CPU     10.95s WALL (       1 calls)

     Linear response

     Apply operators

     Induced current

     Other routines
     efg          :      9.42s CPU     11.89s WALL (       1 calls)

     General routines
     calbec       :      3.53s CPU      4.79s WALL (      16 calls)
     fft          :      1.46s CPU      2.07s WALL (      15 calls)
     ffts         :      0.04s CPU      0.05s WALL (       2 calls)
     fftw         :      3.19s CPU      3.69s WALL (     672 calls)
     davcio       :      0.04s CPU      0.31s WALL (      32 calls)

     Parallel routines
     fft_scatter  :      2.05s CPU      3.04s WALL (     689 calls)

     Plugins

     GIPAW        :     60.79s CPU     74.05s WALL (       1 calls)
