
     Program QE v.6.0 (svn rev. 13079) starts on 18Dec2016 at 23: 8:23 

     This program is part of the open-source Quantum ESPRESSO suite
     for quantum simulation of materials; please cite
         "P. Giannozzi et al., J. Phys.:Condens. Matter 21 395502 (2009);
          URL http://www.quantum-espresso.org", 
     in publications or presentations arising from this work. More details at
     http://www.quantum-espresso.org/quote

     Parallel version (MPI), running on     8 processors
     R & G space division:  proc/nbgrp/npool/nimage =       8

     ***** This is GIPAW svn revision unknown      *****

     Parallelizing q-star over 1 images

     Reading data from directory:
     /users/majewski/paradichlorobenzene/pbe/9_constraint/scratch/pbe.ecut100.np8.dt60.pcl2phi-129368.save
     Message from routine read_xml_file:
     file /users/majewski/paradichlorobenzene/pbe/9_constraint/scratch/pbe.ecut100.np8.dt60.pcl2phi-129368.save not guaranteed to be safe for post-processing

   Info: using nr1, nr2, nr3 values from input

   Info: using nr1, nr2, nr3 values from input

     IMPORTANT: XC functional enforced from input :
     Exchange-correlation      =  SLA  PW   PBX  PBC ( 1  4  3  4 0 0)
     Any further DFT definition will be discarded
     Please, verify this is what you really want

               file C.pbe-n-kjpaw_psl.1.0.0.UPF: wavefunction(s)  2S 2P renormalized
               file Cl.pbe-n-kjpaw_psl.1.0.0.UPF: wavefunction(s)  3S 3P renormalized
               file H.pbe-kjpaw_psl.1.0.0.UPF: wavefunction(s)  1S renormalized

     Parallelization info
     --------------------
     sticks:   dense  smooth     PW     G-vecs:    dense   smooth      PW
     Min        3057    1223    332               144436    36536    5170
     Max        3059    1225    333               144437    36537    5171
     Sum       24467    9791   2657              1155489   292295   41363


     Subspace diagonalization in iterative solution of the eigenvalue problem:
     a serial algorithm will be used

     GIPAW projectors -----------------------------------------------
     atom=  C    l=0  rc=    1.2000  rs=    0.8000
     atom=  C    l=0  rc=    1.2000  rs=    0.8000
     atom=  C    l=1  rc=    1.4000  rs=    0.9333
     atom=  C    l=1  rc=    1.4000  rs=    0.9333
     projs nearly linearly dependent: l=1  n1,n2= 1, 2  s=  0.99951561

     atom=  Cl   l=0  rc=    1.6000  rs=    1.0667
     atom=  Cl   l=0  rc=    1.6000  rs=    1.0667
     atom=  Cl   l=1  rc=    1.6000  rs=    1.0667
     atom=  Cl   l=1  rc=    1.6000  rs=    1.0667
     atom=  Cl   l=2  rc=    1.6000  rs=    1.0667
     atom=  Cl   l=2  rc=    1.6000  rs=    1.0667
     projs nearly linearly dependent: l=2  n1,n2= 1, 2  s=  0.99993509

     atom=  H    l=0  rc=    1.0000  rs=    0.6667
     atom=  H    l=0  rc=    1.0000  rs=    0.6667
     projs nearly linearly dependent: l=0  n1,n2= 1, 2  s=  0.99968852
     -----------------------------------------------------------------

     GIPAW integrals: -------------------------------------------
     Atom  i/j   nmr_para   nmr_dia   epr_rmc  epr_para   epr_dia
       C   1 1   0.83E+03  0.17E-01  0.93E+01  0.24E+08  0.24E+03
       C   2 1   0.86E+03 -0.61E-01  0.94E+01  0.25E+08  0.25E+03
       C   2 2   0.90E+03 -0.15E+00  0.97E+01  0.26E+08  0.26E+03
       C   3 3   0.33E+01  0.34E+00  0.18E+01  0.55E+03  0.21E+02
       C   4 3   0.35E+01  0.37E+00  0.20E+01  0.59E+03  0.22E+02
       C   4 4   0.38E+01  0.39E+00  0.22E+01  0.63E+03  0.24E+02
       Cl  1 1   0.14E+04 -0.47E+00  0.84E+01  0.32E+09  0.42E+03
       Cl  2 1   0.21E+04 -0.37E+00  0.12E+02  0.49E+09  0.65E+03
       Cl  2 2   0.33E+04 -0.16E+00  0.21E+02  0.76E+09  0.10E+04
       Cl  3 3   0.21E+02  0.79E-01  0.89E+01  0.23E+05  0.13E+03
       Cl  4 3   0.24E+02  0.67E-01  0.99E+01  0.27E+05  0.15E+03
       Cl  4 4   0.28E+02  0.44E-01  0.11E+02  0.32E+05  0.18E+03
       Cl  5 5   0.77E+00  0.19E+00  0.18E+01  0.12E+03  0.22E+02
       Cl  6 5   0.80E+00  0.19E+00  0.19E+01  0.12E+03  0.23E+02
       Cl  6 6   0.83E+00  0.20E+00  0.19E+01  0.12E+03  0.23E+02
       H   1 1   0.39E+02  0.19E+00  0.29E+00  0.78E+05  0.13E+02
       H   2 1   0.41E+02  0.21E+00  0.32E+00  0.82E+05  0.14E+02
       H   2 2   0.43E+02  0.22E+00  0.36E+00  0.86E+05  0.15E+02
     ------------------------------------------------------------

     alpha_pv=     34.5659 eV

     Number of occupied bands for each k-point:
     k-point:     1    nbnd_occ=  42
     k-point:     2    nbnd_occ=  42
     k-point:     3    nbnd_occ=  42
     k-point:     4    nbnd_occ=  42
     k-point:     5    nbnd_occ=  42
     k-point:     6    nbnd_occ=  42
     k-point:     7    nbnd_occ=  42
     k-point:     8    nbnd_occ=  42
     k-point:     9    nbnd_occ=  42
     k-point:    10    nbnd_occ=  42
     k-point:    11    nbnd_occ=  42
     k-point:    12    nbnd_occ=  42
     k-point:    13    nbnd_occ=  42
     k-point:    14    nbnd_occ=  42
     k-point:    15    nbnd_occ=  42
     k-point:    16    nbnd_occ=  42


     q-space interpolation up to   110.00 Rydberg

     GIPAW job: efg                                                                             


     ELECTRIC FIELD GRADIENTS TENSORS IN Hartree/bohrradius^2:

     ----- bare term -----
     Cl   1       -0.069560        0.048933       -0.036998
     Cl   1        0.048933       -0.038108        0.005679
     Cl   1       -0.036998        0.005679        0.107669

     C    2       -0.016432        0.329928       -0.058607
     C    2        0.329928       -0.400031       -0.459260
     C    2       -0.058607       -0.459260        0.416463

     C    3       -0.479746        0.359594       -0.225866
     C    3        0.359594        0.090177       -0.440123
     C    3       -0.225866       -0.440123        0.389569

     H    4       -0.188327       -0.501292       -0.183185
     H    4       -0.501292       -0.208132        0.044188
     H    4       -0.183185        0.044188        0.396459

     C    5       -0.474264        0.122928       -0.353957
     C    5        0.122928       -0.080380       -0.401228
     C    5       -0.353957       -0.401228        0.554644

     H    6        0.501410       -0.137218       -0.011787
     H    6       -0.137218       -0.686758        0.120924
     H    6       -0.011787        0.120924        0.185348

     H    7        0.465264        0.115345       -0.022962
     H    7        0.115345       -0.731218        0.099659
     H    7       -0.022962        0.099659        0.265954

     C    8       -0.297011       -0.278296       -0.327657
     C    8       -0.278296       -0.117856        0.457531
     C    8       -0.327657        0.457531        0.414867

     H    9       -0.448511        0.520539       -0.093384
     H    9        0.520539        0.130319       -0.025525
     H    9       -0.093384       -0.025525        0.318192

     C   10       -0.532192       -0.391534       -0.293244
     C   10       -0.391534        0.182229        0.345470
     C   10       -0.293244        0.345470        0.349963

     C   11       -0.068488        0.009028       -0.360200
     C   11        0.009028       -0.249687        0.511034
     C   11       -0.360200        0.511034        0.318175

     Cl  12       -0.148965       -0.174403       -0.072071
     Cl  12       -0.174403        0.092786        0.156669
     Cl  12       -0.072071        0.156669        0.056179

     H   13        0.403062        0.077140       -0.119083
     H   13        0.077140       -0.640232       -0.195384
     H   13       -0.119083       -0.195384        0.237171

     C   14       -0.485981        0.000505       -0.318204
     C   14        0.000505       -0.038134       -0.434670
     C   14       -0.318204       -0.434670        0.524115

     H   15       -0.304011       -0.456472       -0.233299
     H   15       -0.456472        0.003267        0.043002
     H   15       -0.233299        0.043002        0.300745

     C   16       -0.336401        0.364138       -0.108389
     C   16        0.364138       -0.146440       -0.504462
     C   16       -0.108389       -0.504462        0.482841

     C   17       -0.082483        0.018341       -0.359635
     C   17        0.018341       -0.275295       -0.509029
     C   17       -0.359635       -0.509029        0.357778

     Cl  18       -0.206650        0.212004        0.032879
     Cl  18        0.212004        0.083994        0.161344
     Cl  18        0.032879        0.161344        0.122657

     H   19        0.338910        0.297292        0.097619
     H   19        0.297292       -0.577488        0.172210
     H   19        0.097619        0.172210        0.238578

     C   20       -0.493426       -0.158291       -0.353388
     C   20       -0.158291       -0.084297        0.256371
     C   20       -0.353388        0.256371        0.577723

     H   21       -0.361533        0.480138        0.053478
     H   21        0.480138        0.156463       -0.149849
     H   21        0.053478       -0.149849        0.205070

     C   22       -0.157863       -0.242145       -0.072804
     C   22       -0.242145       -0.363411        0.428850
     C   22       -0.072804        0.428850        0.521274

     C   23       -0.422877       -0.107620       -0.367709
     C   23       -0.107620       -0.087721        0.412693
     C   23       -0.367709        0.412693        0.510598

     Cl  24       -0.060148       -0.037714        0.018539
     Cl  24       -0.037714       -0.038070        0.013450
     Cl  24        0.018539        0.013450        0.098218

     ----- ionic term -----
     Cl   1        0.122481       -0.216975        0.073315
     Cl   1       -0.216975        0.035971       -0.049109
     Cl   1        0.073315       -0.049109       -0.158453

     C    2        0.185721       -0.191192        0.291213
     C    2       -0.191192        0.267437        0.224154
     C    2        0.291213        0.224154       -0.453158

     C    3        0.237704       -0.222021        0.204735
     C    3       -0.222021        0.268257        0.262736
     C    3        0.204735        0.262736       -0.505961

     H    4        0.591971        0.488085        0.560149
     H    4        0.488085       -0.245453        0.277718
     H    4        0.560149        0.277718       -0.346518

     C    5        0.391066       -0.128653        0.288120
     C    5       -0.128653        0.112178        0.244750
     C    5        0.288120        0.244750       -0.503245

     H    6       -0.498280        0.084832        0.033387
     H    6        0.084832        0.875392        0.536006
     H    6        0.033387        0.536006       -0.377112

     H    7       -0.509714       -0.031894        0.029578
     H    7       -0.031894        0.855409       -0.569067
     H    7        0.029578       -0.569067       -0.345695

     C    8        0.433916        0.196332        0.179758
     C    8        0.196332        0.108488       -0.240627
     C    8        0.179758       -0.240627       -0.542405

     H    9        0.758186       -0.350723        0.533433
     H    9       -0.350723       -0.423104       -0.200356
     H    9        0.533433       -0.200356       -0.335082

     C   10        0.316020        0.232784        0.155008
     C   10        0.232784        0.163432       -0.283374
     C   10        0.155008       -0.283374       -0.479452

     C   11        0.338612        0.051172        0.144669
     C   11        0.051172        0.114920       -0.349540
     C   11        0.144669       -0.349540       -0.453532

     Cl  12        0.167107        0.183921       -0.046935
     Cl  12        0.183921       -0.027969       -0.025917
     Cl  12       -0.046935       -0.025917       -0.139138

     H   13       -0.524550        0.021713        0.032639
     H   13        0.021713        0.711425        0.654545
     H   13        0.032639        0.654545       -0.186874

     C   14        0.307328       -0.192255        0.256108
     C   14       -0.192255        0.113727        0.256157
     C   14        0.256108        0.256157       -0.421054

     H   15        0.666546        0.430071        0.548870
     H   15        0.430071       -0.302625        0.261717
     H   15        0.548870        0.261717       -0.363921

     C   16        0.198349       -0.221235        0.183813
     C   16       -0.221235        0.294999        0.315725
     C   16        0.183813        0.315725       -0.493348

     C   17        0.327368       -0.111768        0.261326
     C   17       -0.111768        0.176151        0.341610
     C   17        0.261326        0.341610       -0.503519

     Cl  18        0.219968       -0.216300        0.023272
     Cl  18       -0.216300       -0.040444       -0.003092
     Cl  18        0.023272       -0.003092       -0.179524

     H   19       -0.506861       -0.135623        0.072889
     H   19       -0.135623        0.595149       -0.718056
     H   19        0.072889       -0.718056       -0.088287

     C   20        0.369925        0.111720        0.187492
     C   20        0.111720        0.086336       -0.305298
     C   20        0.187492       -0.305298       -0.456261

     H   21        0.669467       -0.445560        0.540877
     H   21       -0.445560       -0.317432       -0.258172
     H   21        0.540877       -0.258172       -0.352035

     C   22        0.206543        0.207696        0.133836
     C   22        0.207696        0.270450       -0.344656
     C   22        0.133836       -0.344656       -0.476993

     C   23        0.287952        0.164860        0.187629
     C   23        0.164860        0.227476       -0.305353
     C   23        0.187629       -0.305353       -0.515428

     Cl  24        0.151073        0.241628        0.016535
     Cl  24        0.241628        0.034498        0.009609
     Cl  24        0.016535        0.009609       -0.185572

     ----- GIPAW term -----
     Cl   1       -0.766411       -1.403048        0.011766
     Cl   1       -1.403048       -1.402463       -0.582347
     Cl   1        0.011766       -0.582347        2.168874

     C    2        0.113363       -0.021966        0.112735
     C    2       -0.021966       -0.133259       -0.029368
     C    2        0.112735       -0.029368        0.019897

     C    3       -0.188355        0.092325       -0.072284
     C    3        0.092325        0.175317       -0.180349
     C    3       -0.072284       -0.180349        0.013039

     H    4       -0.000000        0.000000        0.000000
     H    4        0.000000        0.000000        0.000000
     H    4        0.000000        0.000000        0.000000

     C    5       -0.157224        0.028377       -0.078144
     C    5        0.028377       -0.065081       -0.187449
     C    5       -0.078144       -0.187449        0.222305

     H    6       -0.000000        0.000000        0.000000
     H    6        0.000000        0.000000        0.000000
     H    6        0.000000        0.000000        0.000000

     H    7       -0.000000        0.000000        0.000000
     H    7        0.000000        0.000000        0.000000
     H    7        0.000000        0.000000        0.000000

     C    8       -0.040699       -0.091873       -0.078492
     C    8       -0.091873       -0.012476        0.149374
     C    8       -0.078492        0.149374        0.053176

     H    9       -0.000000        0.000000        0.000000
     H    9        0.000000        0.000000        0.000000
     H    9        0.000000        0.000000        0.000000

     C   10       -0.185306       -0.126317       -0.081909
     C   10       -0.126317        0.224436        0.089819
     C   10       -0.081909        0.089819       -0.039130

     C   11        0.045578        0.144721       -0.074394
     C   11        0.144721       -0.050523        0.042576
     C   11       -0.074394        0.042576        0.004945

     Cl  12        0.213983        0.871961       -0.748158
     Cl  12        0.871961        0.931094        1.489197
     Cl  12       -0.748158        1.489197       -1.145077

     H   13       -0.000000        0.000000        0.000000
     H   13        0.000000        0.000000        0.000000
     H   13        0.000000        0.000000        0.000000

     C   14       -0.122851       -0.047920        0.038000
     C   14       -0.047920       -0.064529       -0.162953
     C   14        0.038000       -0.162953        0.187379

     H   15       -0.000000        0.000000        0.000000
     H   15        0.000000        0.000000        0.000000
     H   15        0.000000        0.000000        0.000000

     C   16       -0.120555        0.012662        0.016436
     C   16        0.012662        0.038739       -0.160399
     C   16        0.016436       -0.160399        0.081816

     C   17        0.036185       -0.133953       -0.076234
     C   17       -0.133953       -0.074461       -0.058118
     C   17       -0.076234       -0.058118        0.038276

     Cl  18       -0.304026       -0.764637        0.396850
     Cl  18       -0.764637        1.052531        1.788961
     Cl  18        0.396850        1.788961       -0.748505

     H   19       -0.000000        0.000000        0.000000
     H   19        0.000000        0.000000        0.000000
     H   19        0.000000        0.000000        0.000000

     C   20       -0.151110       -0.037194       -0.108316
     C   20       -0.037194       -0.098441        0.119727
     C   20       -0.108316        0.119727        0.249551

     H   21       -0.000000        0.000000        0.000000
     H   21        0.000000        0.000000        0.000000
     H   21        0.000000        0.000000        0.000000

     C   22       -0.120499       -0.036349       -0.053733
     C   22       -0.036349       -0.113054        0.135652
     C   22       -0.053733        0.135652        0.233553

     C   23       -0.072612        0.090260       -0.133171
     C   23        0.090260       -0.092274        0.059604
     C   23       -0.133171        0.059604        0.164887

     Cl  24        1.071018        2.148042        0.117330
     Cl  24        2.148042       -0.193024        0.105217
     Cl  24        0.117330        0.105217       -0.877993

     ----- total EFG -----
     Cl   1       -0.713490       -1.571090        0.048083
     Cl   1       -1.571090       -1.404600       -0.625776
     Cl   1        0.048083       -0.625776        2.118090

     C    2        0.282652        0.116770        0.345341
     C    2        0.116770       -0.265853       -0.264475
     C    2        0.345341       -0.264475       -0.016799

     C    3       -0.430398        0.229897       -0.093415
     C    3        0.229897        0.533751       -0.357736
     C    3       -0.093415       -0.357736       -0.103354

     H    4        0.403644       -0.013207        0.376964
     H    4       -0.013207       -0.453584        0.321906
     H    4        0.376964        0.321906        0.049941

     C    5       -0.240422        0.022652       -0.143981
     C    5        0.022652       -0.033283       -0.343928
     C    5       -0.143981       -0.343928        0.273705

     H    6        0.003130       -0.052387        0.021600
     H    6       -0.052387        0.188634        0.656930
     H    6        0.021600        0.656930       -0.191764

     H    7       -0.044450        0.083451        0.006617
     H    7        0.083451        0.124191       -0.469407
     H    7        0.006617       -0.469407       -0.079741

     C    8        0.096206       -0.173837       -0.226390
     C    8       -0.173837       -0.021844        0.366278
     C    8       -0.226390        0.366278       -0.074362

     H    9        0.309675        0.169816        0.440049
     H    9        0.169816       -0.292785       -0.225881
     H    9        0.440049       -0.225881       -0.016890

     C   10       -0.401478       -0.285067       -0.220145
     C   10       -0.285067        0.570097        0.151915
     C   10       -0.220145        0.151915       -0.168618

     C   11        0.315702        0.204921       -0.289924
     C   11        0.204921       -0.185290        0.204069
     C   11       -0.289924        0.204069       -0.130412

     Cl  12        0.232125        0.881480       -0.867165
     Cl  12        0.881480        0.995911        1.619948
     Cl  12       -0.867165        1.619948       -1.228036

     H   13       -0.121489        0.098853       -0.086444
     H   13        0.098853        0.071192        0.459160
     H   13       -0.086444        0.459160        0.050296

     C   14       -0.301504       -0.239670       -0.024097
     C   14       -0.239670        0.011064       -0.341465
     C   14       -0.024097       -0.341465        0.290440

     H   15        0.362534       -0.026401        0.315571
     H   15       -0.026401       -0.299359        0.304719
     H   15        0.315571        0.304719       -0.063176

     C   16       -0.258607        0.155564        0.091859
     C   16        0.155564        0.187299       -0.349137
     C   16        0.091859       -0.349137        0.071309

     C   17        0.281070       -0.227380       -0.174543
     C   17       -0.227380       -0.173605       -0.225537
     C   17       -0.174543       -0.225537       -0.107465

     Cl  18       -0.290709       -0.768932        0.453000
     Cl  18       -0.768932        1.096081        1.947214
     Cl  18        0.453000        1.947214       -0.805372

     H   19       -0.167951        0.161668        0.170508
     H   19        0.161668        0.017660       -0.545846
     H   19        0.170508       -0.545846        0.150291

     C   20       -0.274610       -0.083766       -0.274211
     C   20       -0.083766       -0.096402        0.070800
     C   20       -0.274211        0.070800        0.371012

     H   21        0.307934        0.034578        0.594355
     H   21        0.034578       -0.160969       -0.408021
     H   21        0.594355       -0.408021       -0.146966

     C   22       -0.071819       -0.070797        0.007300
     C   22       -0.070797       -0.206015        0.219847
     C   22        0.007300        0.219847        0.277834

     C   23       -0.207538        0.147500       -0.313251
     C   23        0.147500        0.047481        0.166944
     C   23       -0.313251        0.166944        0.160057

     Cl  24        1.161943        2.351956        0.152404
     Cl  24        2.351956       -0.196596        0.128276
     Cl  24        0.152404        0.128276       -0.965347

     ----- total EFG (symmetrized) -----
     Cl   1       -0.713490       -1.571090        0.048083
     Cl   1       -1.571090       -1.404600       -0.625776
     Cl   1        0.048083       -0.625776        2.118090

     C    2        0.282652        0.116770        0.345341
     C    2        0.116770       -0.265853       -0.264475
     C    2        0.345341       -0.264475       -0.016799

     C    3       -0.430398        0.229897       -0.093415
     C    3        0.229897        0.533751       -0.357736
     C    3       -0.093415       -0.357736       -0.103354

     H    4        0.403644       -0.013207        0.376964
     H    4       -0.013207       -0.453584        0.321906
     H    4        0.376964        0.321906        0.049941

     C    5       -0.240422        0.022652       -0.143981
     C    5        0.022652       -0.033283       -0.343928
     C    5       -0.143981       -0.343928        0.273705

     H    6        0.003130       -0.052387        0.021600
     H    6       -0.052387        0.188634        0.656930
     H    6        0.021600        0.656930       -0.191764

     H    7       -0.044450        0.083451        0.006617
     H    7        0.083451        0.124191       -0.469407
     H    7        0.006617       -0.469407       -0.079741

     C    8        0.096206       -0.173837       -0.226390
     C    8       -0.173837       -0.021844        0.366278
     C    8       -0.226390        0.366278       -0.074362

     H    9        0.309675        0.169816        0.440049
     H    9        0.169816       -0.292785       -0.225881
     H    9        0.440049       -0.225881       -0.016890

     C   10       -0.401478       -0.285067       -0.220145
     C   10       -0.285067        0.570097        0.151915
     C   10       -0.220145        0.151915       -0.168618

     C   11        0.315702        0.204921       -0.289924
     C   11        0.204921       -0.185290        0.204069
     C   11       -0.289924        0.204069       -0.130412

     Cl  12        0.232125        0.881480       -0.867165
     Cl  12        0.881480        0.995911        1.619948
     Cl  12       -0.867165        1.619948       -1.228036

     H   13       -0.121489        0.098853       -0.086444
     H   13        0.098853        0.071192        0.459160
     H   13       -0.086444        0.459160        0.050296

     C   14       -0.301504       -0.239670       -0.024097
     C   14       -0.239670        0.011064       -0.341465
     C   14       -0.024097       -0.341465        0.290440

     H   15        0.362534       -0.026401        0.315571
     H   15       -0.026401       -0.299359        0.304719
     H   15        0.315571        0.304719       -0.063176

     C   16       -0.258607        0.155564        0.091859
     C   16        0.155564        0.187299       -0.349137
     C   16        0.091859       -0.349137        0.071309

     C   17        0.281070       -0.227380       -0.174543
     C   17       -0.227380       -0.173605       -0.225537
     C   17       -0.174543       -0.225537       -0.107465

     Cl  18       -0.290709       -0.768932        0.453000
     Cl  18       -0.768932        1.096081        1.947214
     Cl  18        0.453000        1.947214       -0.805372

     H   19       -0.167951        0.161668        0.170508
     H   19        0.161668        0.017660       -0.545846
     H   19        0.170508       -0.545846        0.150291

     C   20       -0.274610       -0.083766       -0.274211
     C   20       -0.083766       -0.096402        0.070800
     C   20       -0.274211        0.070800        0.371012

     H   21        0.307934        0.034578        0.594355
     H   21        0.034578       -0.160969       -0.408021
     H   21        0.594355       -0.408021       -0.146966

     C   22       -0.071819       -0.070797        0.007300
     C   22       -0.070797       -0.206015        0.219847
     C   22        0.007300        0.219847        0.277834

     C   23       -0.207538        0.147500       -0.313251
     C   23        0.147500        0.047481        0.166944
     C   23       -0.313251        0.166944        0.160057

     Cl  24        1.161943        2.351956        0.152404
     Cl  24        2.351956       -0.196596        0.128276
     Cl  24        0.152404        0.128276       -0.965347


     NQR/NMR SPECTROSCOPIC PARAMETERS:
     Cl   1    Vxx=    0.4437    axis=(  0.778272 -0.580538 -0.239309)
     Cl   1    Vyy=    2.2679    axis=( -0.132132  0.221169 -0.966243)
     Cl   1    Vzz=   -2.7116    axis=(  0.613869  0.783620  0.095422)
     Cl   1  Q=        -8.1650 1e-30 m^2  Cq=        52.0198 MHz  eta= 0.67277

     C    2    Vxx=    0.0285    axis=( -0.453057 -0.688542  0.566259)
     C    2    Vyy=    0.5127    axis=(  0.819003 -0.070599  0.569429)
     C    2    Vzz=   -0.5412    axis=(  0.352099 -0.721752 -0.595903)
     C    2  Q=         1.0000 1e-30 m^2  Cq=        -1.2716 MHz  eta= 0.89473

     C    3    Vxx=   -0.2635    axis=(  0.038269  0.399892  0.915763)
     C    3    Vyy=   -0.4830    axis=(  0.977760 -0.204099  0.048266)
     C    3    Vzz=    0.7465    axis=(  0.206208  0.893549 -0.398809)
     C    3  Q=         1.0000 1e-30 m^2  Cq=         1.7539 MHz  eta= 0.29409

     H    4    Vxx=   -0.0238    axis=( -0.561143  0.507208  0.654109)
     H    4    Vyy=   -0.6446    axis=(  0.188846  0.847864 -0.495443)
     H    4    Vzz=    0.6685    axis=( -0.805888 -0.154489 -0.571557)
     H    4  Q=         1.0000 1e-30 m^2  Cq=         1.5706 MHz  eta= 0.92869

     C    5    Vxx=   -0.2016    axis=(  0.673082 -0.680852 -0.288793)
     C    5    Vyy=   -0.3187    axis=(  0.718962  0.510845  0.471308)
     C    5    Vzz=    0.5203    axis=( -0.173362 -0.524860  0.833347)
     C    5  Q=         1.0000 1e-30 m^2  Cq=         1.2224 MHz  eta= 0.22518

     H    6    Vxx=    0.0053    axis=(  0.996617 -0.008235  0.081772)
     H    6    Vyy=    0.6836    axis=(  0.042544 -0.799593 -0.599034)
     H    6    Vzz=   -0.6889    axis=(  0.070318  0.600486 -0.796538)
     H    6  Q=         1.0000 1e-30 m^2  Cq=        -1.6187 MHz  eta= 0.98451

     H    7    Vxx=   -0.0433    axis=(  0.984546  0.000264  0.175127)
     H    7    Vyy=   -0.4660    axis=( -0.136398  0.628365  0.765868)
     H    7    Vzz=    0.5093    axis=( -0.109841 -0.777919  0.618690)
     H    7  Q=         1.0000 1e-30 m^2  Cq=         1.1967 MHz  eta= 0.83016

     C    8    Vxx=   -0.0904    axis=(  0.818235  0.492766  0.296097)
     C    8    Vyy=   -0.4208    axis=(  0.114438 -0.644361  0.756110)
     C    8    Vzz=    0.5112    axis=( -0.563379  0.584791  0.583630)
     C    8  Q=         1.0000 1e-30 m^2  Cq=         1.2011 MHz  eta= 0.64628

     H    9    Vxx=   -0.0252    axis=(  0.383191  0.725578 -0.571578)
     H    9    Vyy=   -0.5907    axis=( -0.419248  0.688024  0.592330)
     H    9    Vzz=    0.6159    axis=( -0.823040 -0.012657 -0.567842)
     H    9  Q=         1.0000 1e-30 m^2  Cq=         1.4471 MHz  eta= 0.91829

     C   10    Vxx=   -0.1353    axis=( -0.362210 -0.333817  0.870270)
     C   10    Vyy=   -0.5620    axis=( -0.886458 -0.165207 -0.432317)
     C   10    Vzz=    0.6972    axis=( -0.288089  0.928048  0.236075)
     C   10  Q=         1.0000 1e-30 m^2  Cq=         1.6382 MHz  eta= 0.61200

     C   11    Vxx=    0.0360    axis=(  0.141736  0.738766  0.658890)
     C   11    Vyy=    0.4741    axis=( -0.909881 -0.164946  0.380669)
     C   11    Vzz=   -0.5102    axis=(  0.389906 -0.653466  0.648811)
     C   11  Q=         1.0000 1e-30 m^2  Cq=        -1.1987 MHz  eta= 0.85876

     Cl  12    Vxx=    0.6284    axis=(  0.882522 -0.061838 -0.466188)
     Cl  12    Vyy=    1.9516    axis=( -0.262921 -0.886792 -0.380095)
     Cl  12    Vzz=   -2.5800    axis=(  0.389908 -0.458013  0.798872)
     Cl  12  Q=        -8.1650 1e-30 m^2  Cq=        49.4966 MHz  eta= 0.51285

     H   13    Vxx=   -0.0696    axis=( -0.929007 -0.246867  0.275687)
     H   13    Vyy=   -0.4506    axis=( -0.369696  0.652284 -0.661703)
     H   13    Vzz=    0.5202    axis=( -0.016473 -0.716646 -0.697242)
     H   13  Q=         1.0000 1e-30 m^2  Cq=         1.2222 MHz  eta= 0.73253

     C   14    Vxx=   -0.0522    axis=( -0.611145  0.581728  0.536744)
     C   14    Vyy=   -0.4841    axis=(  0.778245  0.565299  0.273445)
     C   14    Vzz=    0.5363    axis=(  0.144351 -0.584833  0.798206)
     C   14  Q=         1.0000 1e-30 m^2  Cq=         1.2600 MHz  eta= 0.80530

     H   15    Vxx=    0.0066    axis=( -0.483733  0.638179  0.598940)
     H   15    Vyy=    0.5495    axis=( -0.843673 -0.157947 -0.513096)
     H   15    Vzz=   -0.5561    axis=(  0.232847  0.753512 -0.614819)
     H   15  Q=         1.0000 1e-30 m^2  Cq=        -1.3067 MHz  eta= 0.97613

     C   16    Vxx=   -0.0729    axis=(  0.662690  0.428181  0.614413)
     C   16    Vyy=   -0.4153    axis=(  0.744207 -0.468169 -0.476418)
     C   16    Vzz=    0.4882    axis=( -0.083656 -0.772967  0.628906)
     C   16  Q=         1.0000 1e-30 m^2  Cq=         1.1471 MHz  eta= 0.70125

     C   17    Vxx=    0.0867    axis=( -0.044267 -0.631852  0.773824)
     C   17    Vyy=    0.3900    axis=(  0.934387 -0.300269 -0.191728)
     C   17    Vzz=   -0.4766    axis=(  0.353499  0.714564  0.603686)
     C   17  Q=         1.0000 1e-30 m^2  Cq=        -1.1199 MHz  eta= 0.63629

     Cl  18    Vxx=   -0.0457    axis=(  0.916296 -0.058594  0.396191)
     Cl  18    Vyy=   -2.3338    axis=(  0.366771  0.520123 -0.771331)
     Cl  18    Vzz=    2.3795    axis=( -0.160873  0.852079  0.498077)
     Cl  18  Q=        -8.1650 1e-30 m^2  Cq=       -45.6492 MHz  eta= 0.96161

     H   19    Vxx=   -0.0399    axis=(  0.876076  0.377989  0.299359)
     H   19    Vyy=   -0.5945    axis=( -0.481409  0.650750  0.587171)
     H   19    Vzz=    0.6344    axis=(  0.027136 -0.658521  0.752073)
     H   19  Q=         1.0000 1e-30 m^2  Cq=         1.4906 MHz  eta= 0.87410

     C   20    Vxx=   -0.1015    axis=( -0.124387  0.968161 -0.217239)
     C   20    Vyy=   -0.3859    axis=( -0.928515 -0.190768 -0.318539)
     C   20    Vzz=    0.4874    axis=( -0.349839  0.162087  0.922681)
     C   20  Q=         1.0000 1e-30 m^2  Cq=         1.1452 MHz  eta= 0.58341

     H   21    Vxx=    0.0063    axis=(  0.487787  0.821475 -0.295367)
     H   21    Vyy=    0.7663    axis=( -0.762700  0.236440 -0.601984)
     H   21    Vzz=   -0.7726    axis=( -0.424678  0.518916  0.741872)
     H   21  Q=         1.0000 1e-30 m^2  Cq=        -1.8153 MHz  eta= 0.98377

     C   22    Vxx=   -0.0529    axis=(  0.959949 -0.242627  0.140108)
     C   22    Vyy=   -0.3108    axis=(  0.276753  0.899067 -0.339244)
     C   22    Vzz=    0.3636    axis=( -0.043657  0.364432  0.930206)
     C   22  Q=         1.0000 1e-30 m^2  Cq=         0.8544 MHz  eta= 0.70926

     C   23    Vxx=    0.1137    axis=(  0.462813  0.884550 -0.058095)
     C   23    Vyy=    0.3597    axis=( -0.410104  0.271754  0.870612)
     C   23    Vzz=   -0.4734    axis=(  0.785887 -0.379106  0.488529)
     C   23  Q=         1.0000 1e-30 m^2  Cq=        -1.1123 MHz  eta= 0.51970

     Cl  24    Vxx=   -0.9754    axis=( -0.047260 -0.021764  0.998645)
     Cl  24    Vyy=   -1.9655    axis=(  0.600660 -0.799429  0.011003)
     Cl  24    Vzz=    2.9409    axis=(  0.798107  0.600366  0.050854)
     Cl  24  Q=        -8.1650 1e-30 m^2  Cq=       -56.4194 MHz  eta= 0.33669

     Initialization:
     gipaw_setup  :      9.59s CPU     11.68s WALL (       1 calls)

     Linear response

     Apply operators

     Induced current

     Other routines
     efg          :      9.23s CPU     11.34s WALL (       1 calls)

     General routines
     calbec       :      3.16s CPU      3.96s WALL (      16 calls)
     fft          :      1.90s CPU      3.17s WALL (      15 calls)
     ffts         :      0.03s CPU      0.03s WALL (       2 calls)
     fftw         :      3.28s CPU      3.81s WALL (     672 calls)
     davcio       :      0.01s CPU      0.34s WALL (      32 calls)

     Parallel routines
     fft_scatter  :      2.39s CPU      3.93s WALL (     689 calls)

     Plugins

     GIPAW        :     61.80s CPU     76.40s WALL (       1 calls)
