
     Program QE v.6.0 (svn rev. 13079) starts on 20Jan2017 at 13:49:48 

     This program is part of the open-source Quantum ESPRESSO suite
     for quantum simulation of materials; please cite
         "P. Giannozzi et al., J. Phys.:Condens. Matter 21 395502 (2009);
          URL http://www.quantum-espresso.org", 
     in publications or presentations arising from this work. More details at
     http://www.quantum-espresso.org/quote

     Parallel version (MPI), running on     8 processors
     R & G space division:  proc/nbgrp/npool/nimage =       8

     ***** This is GIPAW svn revision unknown      *****

     Parallelizing q-star over 1 images

     Reading data from directory:
     /users/majewski/paradichlorobenzene/pbe/9_constraint/scratch/pbe.ecut100.np8.dt60.pcl2phi-129368.save
     Message from routine read_xml_file:
     file /users/majewski/paradichlorobenzene/pbe/9_constraint/scratch/pbe.ecut100.np8.dt60.pcl2phi-129368.save not guaranteed to be safe for post-processing

   Info: using nr1, nr2, nr3 values from input

   Info: using nr1, nr2, nr3 values from input

     IMPORTANT: XC functional enforced from input :
     Exchange-correlation      =  SLA  PW   PBX  PBC ( 1  4  3  4 0 0)
     Any further DFT definition will be discarded
     Please, verify this is what you really want

               file C.pbe-n-kjpaw_psl.1.0.0.UPF: wavefunction(s)  2S 2P renormalized
               file Cl.pbe-n-kjpaw_psl.1.0.0.UPF: wavefunction(s)  3S 3P renormalized
               file H.pbe-kjpaw_psl.1.0.0.UPF: wavefunction(s)  1S renormalized

     Parallelization info
     --------------------
     sticks:   dense  smooth     PW     G-vecs:    dense   smooth      PW
     Min        3057    1223    332               144436    36536    5170
     Max        3059    1225    333               144437    36537    5171
     Sum       24467    9791   2657              1155489   292295   41363


     Subspace diagonalization in iterative solution of the eigenvalue problem:
     a serial algorithm will be used

     GIPAW projectors -----------------------------------------------
     atom=  C    l=0  rc=    1.2000  rs=    0.8000
     atom=  C    l=0  rc=    1.2000  rs=    0.8000
     atom=  C    l=1  rc=    1.4000  rs=    0.9333
     atom=  C    l=1  rc=    1.4000  rs=    0.9333
     projs nearly linearly dependent: l=1  n1,n2= 1, 2  s=  0.99951561

     atom=  Cl   l=0  rc=    1.6000  rs=    1.0667
     atom=  Cl   l=0  rc=    1.6000  rs=    1.0667
     atom=  Cl   l=1  rc=    1.6000  rs=    1.0667
     atom=  Cl   l=1  rc=    1.6000  rs=    1.0667
     atom=  Cl   l=2  rc=    1.6000  rs=    1.0667
     atom=  Cl   l=2  rc=    1.6000  rs=    1.0667
     projs nearly linearly dependent: l=2  n1,n2= 1, 2  s=  0.99993509

     atom=  H    l=0  rc=    1.0000  rs=    0.6667
     atom=  H    l=0  rc=    1.0000  rs=    0.6667
     projs nearly linearly dependent: l=0  n1,n2= 1, 2  s=  0.99968852
     -----------------------------------------------------------------

     GIPAW integrals: -------------------------------------------
     Atom  i/j   nmr_para   nmr_dia   epr_rmc  epr_para   epr_dia
       C   1 1   0.83E+03  0.17E-01  0.93E+01  0.24E+08  0.24E+03
       C   2 1   0.86E+03 -0.61E-01  0.94E+01  0.25E+08  0.25E+03
       C   2 2   0.90E+03 -0.15E+00  0.97E+01  0.26E+08  0.26E+03
       C   3 3   0.33E+01  0.34E+00  0.18E+01  0.55E+03  0.21E+02
       C   4 3   0.35E+01  0.37E+00  0.20E+01  0.59E+03  0.22E+02
       C   4 4   0.38E+01  0.39E+00  0.22E+01  0.63E+03  0.24E+02
       Cl  1 1   0.14E+04 -0.47E+00  0.84E+01  0.32E+09  0.42E+03
       Cl  2 1   0.21E+04 -0.37E+00  0.12E+02  0.49E+09  0.65E+03
       Cl  2 2   0.33E+04 -0.16E+00  0.21E+02  0.76E+09  0.10E+04
       Cl  3 3   0.21E+02  0.79E-01  0.89E+01  0.23E+05  0.13E+03
       Cl  4 3   0.24E+02  0.67E-01  0.99E+01  0.27E+05  0.15E+03
       Cl  4 4   0.28E+02  0.44E-01  0.11E+02  0.32E+05  0.18E+03
       Cl  5 5   0.77E+00  0.19E+00  0.18E+01  0.12E+03  0.22E+02
       Cl  6 5   0.80E+00  0.19E+00  0.19E+01  0.12E+03  0.23E+02
       Cl  6 6   0.83E+00  0.20E+00  0.19E+01  0.12E+03  0.23E+02
       H   1 1   0.39E+02  0.19E+00  0.29E+00  0.78E+05  0.13E+02
       H   2 1   0.41E+02  0.21E+00  0.32E+00  0.82E+05  0.14E+02
       H   2 2   0.43E+02  0.22E+00  0.36E+00  0.86E+05  0.15E+02
     ------------------------------------------------------------

     alpha_pv=     33.7747 eV

     Number of occupied bands for each k-point:
     k-point:     1    nbnd_occ=  42
     k-point:     2    nbnd_occ=  42
     k-point:     3    nbnd_occ=  42
     k-point:     4    nbnd_occ=  42
     k-point:     5    nbnd_occ=  42
     k-point:     6    nbnd_occ=  42
     k-point:     7    nbnd_occ=  42
     k-point:     8    nbnd_occ=  42
     k-point:     9    nbnd_occ=  42
     k-point:    10    nbnd_occ=  42
     k-point:    11    nbnd_occ=  42
     k-point:    12    nbnd_occ=  42
     k-point:    13    nbnd_occ=  42
     k-point:    14    nbnd_occ=  42
     k-point:    15    nbnd_occ=  42
     k-point:    16    nbnd_occ=  42


     q-space interpolation up to   110.00 Rydberg

     GIPAW job: efg                                                                             


     ELECTRIC FIELD GRADIENTS TENSORS IN Hartree/bohrradius^2:

     ----- bare term -----
     Cl   1        0.020356        0.042469        0.045641
     Cl   1        0.042469       -0.022935        0.037200
     Cl   1        0.045641        0.037200        0.002579

     C    2       -0.727358        0.501544       -0.356698
     C    2        0.501544        0.168353       -0.115760
     C    2       -0.356698       -0.115760        0.559006

     C    3        0.317078        0.085385       -0.132093
     C    3        0.085385       -0.353368       -0.605963
     C    3       -0.132093       -0.605963        0.036290

     H    4       -0.058847        0.121147       -0.513689
     H    4        0.121147       -0.099507        0.097391
     H    4       -0.513689        0.097391        0.158354

     C    5       -0.605193        0.258286       -0.237809
     C    5        0.258286        0.068818        0.000484
     C    5       -0.237809        0.000484        0.536376

     H    6        0.505692        0.073818       -0.017539
     H    6        0.073818       -0.028829       -0.154249
     H    6       -0.017539       -0.154249       -0.476863

     H    7        0.286139        0.153015        0.022967
     H    7        0.153015       -0.514998       -0.223626
     H    7        0.022967       -0.223626        0.228859

     C    8        0.196699        0.113785       -0.072091
     C    8        0.113785       -0.277571        0.044132
     C    8       -0.072091        0.044132        0.080873

     H    9       -0.122678        0.346776        0.035451
     H    9        0.346776       -0.185120       -0.141366
     H    9        0.035451       -0.141366        0.307798

     C   10       -0.150564        0.008046        0.150652
     C   10        0.008046       -0.104321       -0.217940
     C   10        0.150652       -0.217940        0.254885

     C   11        0.079218       -0.002684       -0.182360
     C   11       -0.002684       -0.006614        0.581058
     C   11       -0.182360        0.581058       -0.072605

     Cl  12        0.111902       -0.053391        0.139721
     Cl  12       -0.053391       -0.216914       -0.411305
     Cl  12        0.139721       -0.411305        0.105012

     H   13        0.423309       -0.163902       -0.096618
     H   13       -0.163902       -0.409088       -0.586562
     H   13       -0.096618       -0.586562       -0.014221

     C   14        0.069773        0.110481       -0.107644
     C   14        0.110481       -0.293149       -0.414639
     C   14       -0.107644       -0.414639        0.223376

     H   15       -0.001704       -0.346758       -0.393272
     H   15       -0.346758       -0.117284       -0.441161
     H   15       -0.393272       -0.441161        0.118989

     C   16       -0.705337        0.361030       -0.337034
     C   16        0.361030        0.290650       -0.047492
     C   16       -0.337034       -0.047492        0.414687

     C   17        0.255889        0.027178       -0.156520
     C   17        0.027178       -0.207466       -0.567559
     C   17       -0.156520       -0.567559       -0.048423

     Cl  18       -0.305703        0.309262        0.055878
     Cl  18        0.309262        0.070813       -0.126496
     Cl  18        0.055878       -0.126496        0.234889

     H   19        0.042842        0.204835        0.126857
     H   19        0.204835       -0.429893        0.415144
     H   19        0.126857        0.415144        0.387050

     C   20       -0.912073       -0.356196       -0.461803
     C   20       -0.356196        0.417110       -0.023313
     C   20       -0.461803       -0.023313        0.494963

     H   21       -0.563656        0.004707        0.100171
     H   21        0.004707        0.350483        0.324615
     H   21        0.100171        0.324615        0.213173

     C   22        0.223105        0.016274       -0.033498
     C   22        0.016274       -0.513179        0.459632
     C   22       -0.033498        0.459632        0.290074

     C   23       -0.820106       -0.463066       -0.355559
     C   23       -0.463066        0.329703        0.009985
     C   23       -0.355559        0.009985        0.490404

     Cl  24       -0.009482       -0.011866        0.050223
     Cl  24       -0.011866       -0.016532       -0.054635
     Cl  24        0.050223       -0.054635        0.026015

     ----- ionic term -----
     Cl   1        0.182354       -0.231417        0.018306
     Cl   1       -0.231417       -0.028166       -0.007301
     Cl   1        0.018306       -0.007301       -0.154188

     C    2        0.288997       -0.190321        0.268746
     C    2       -0.190321       -0.050071        0.367723
     C    2        0.268746        0.367723       -0.238926

     C    3        0.176467       -0.252432        0.143656
     C    3       -0.252432        0.037633        0.422811
     C    3        0.143656        0.422811       -0.214100

     H    4        0.438804        0.287251        0.709660
     H    4        0.287251       -0.413927        0.282709
     H    4        0.709660        0.282709       -0.024877

     C    5        0.342813       -0.234022        0.235842
     C    5       -0.234022       -0.099121        0.339086
     C    5        0.235842        0.339086       -0.243692

     H    6       -0.498771        0.059490        0.079526
     H    6        0.059490        0.391794        0.801302
     H    6        0.079526        0.801302        0.106976

     H    7       -0.517702       -0.092020        0.008132
     H    7       -0.092020        1.093851       -0.194519
     H    7        0.008132       -0.194519       -0.576149

     C    8        0.360081        0.052526        0.055692
     C    8        0.052526        0.201779       -0.183338
     C    8        0.055692       -0.183338       -0.561859

     H    9        0.668832       -0.536254        0.402261
     H    9       -0.536254       -0.192008       -0.248988
     H    9        0.402261       -0.248988       -0.476824

     C   10        0.189120        0.089422        0.059211
     C   10        0.089422        0.291475       -0.329620
     C   10        0.059211       -0.329620       -0.480596

     C   11        0.353780        0.048623        0.077802
     C   11        0.048623        0.155969       -0.316499
     C   11        0.077802       -0.316499       -0.509749

     Cl  12        0.164626        0.163176       -0.036815
     Cl  12        0.163176       -0.016313       -0.035728
     Cl  12       -0.036815       -0.035728       -0.148314

     H   13       -0.532233        0.106060        0.079879
     H   13        0.106060        0.560357        0.780412
     H   13        0.079879        0.780412       -0.028123

     C   14        0.302867       -0.169725        0.233166
     C   14       -0.169725       -0.030037        0.328585
     C   14        0.233166        0.328585       -0.272830

     H   15        0.485576        0.288148        0.718137
     H   15        0.288148       -0.469812        0.276996
     H   15        0.718137        0.276996       -0.015764

     C   16        0.094315       -0.173838        0.179353
     C   16       -0.173838        0.088084        0.477027
     C   16        0.179353        0.477027       -0.182399

     C   17        0.122400       -0.177602        0.254233
     C   17       -0.177602        0.078695        0.480746
     C   17        0.254233        0.480746       -0.201095

     Cl  18        0.075374       -0.195901       -0.024733
     Cl  18       -0.195901        0.069520        0.036426
     Cl  18       -0.024733        0.036426       -0.144894

     H   19       -0.448010       -0.338157        0.119989
     H   19       -0.338157        0.814151       -0.497035
     H   19        0.119989       -0.497035       -0.366141

     C   20        0.385242        0.015012        0.077604
     C   20        0.015012        0.104755       -0.277382
     C   20        0.077604       -0.277382       -0.489998

     H   21        0.681074       -0.357060        0.584162
     H   21       -0.357060       -0.345881       -0.231571
     H   21        0.584162       -0.231571       -0.335193

     C   22        0.162002        0.126493        0.066638
     C   22        0.126493        0.300869       -0.370453
     C   22        0.066638       -0.370453       -0.462871

     C   23        0.278142        0.012361        0.094580
     C   23        0.012361        0.269652       -0.319017
     C   23        0.094580       -0.319017       -0.547794

     Cl  24        0.166923        0.206898       -0.006709
     Cl  24        0.206898       -0.019224       -0.008816
     Cl  24       -0.006709       -0.008816       -0.147699

     ----- GIPAW term -----
     Cl   1       -0.210111       -1.648485       -0.013387
     Cl   1       -1.648485        1.648736        1.715063
     Cl   1       -0.013387        1.715063       -1.438625

     C    2       -0.059908        0.043714       -0.000600
     C    2        0.043714        0.047153        0.046945
     C    2       -0.000600        0.046945        0.012755

     C    3       -0.036949       -0.003423        0.001487
     C    3       -0.003423        0.129846        0.049006
     C    3        0.001487        0.049006       -0.092897

     H    4       -0.000000        0.000000        0.000000
     H    4        0.000000        0.000000        0.000000
     H    4        0.000000        0.000000        0.000000

     C    5       -0.038798       -0.023254       -0.002589
     C    5       -0.023254        0.013488        0.016769
     C    5       -0.002589        0.016769        0.025310

     H    6       -0.000000        0.000000        0.000000
     H    6        0.000000        0.000000        0.000000
     H    6        0.000000        0.000000        0.000000

     H    7       -0.000000        0.000000        0.000000
     H    7        0.000000        0.000000        0.000000
     H    7        0.000000        0.000000        0.000000

     C    8        0.024196        0.007030        0.007616
     C    8        0.007030        0.019989       -0.010275
     C    8        0.007616       -0.010275       -0.044185

     H    9       -0.000000        0.000000        0.000000
     H    9        0.000000        0.000000        0.000000
     H    9        0.000000        0.000000        0.000000

     C   10        0.004008        0.022831        0.020906
     C   10        0.022831       -0.004051       -0.038136
     C   10        0.020906       -0.038136        0.000043

     C   11       -0.029735       -0.007946       -0.036176
     C   11       -0.007946        0.159732        0.114959
     C   11       -0.036176        0.114959       -0.129997

     Cl  12       -0.083262       -0.140751       -0.404608
     Cl  12       -0.140751        0.179751        0.584243
     Cl  12       -0.404608        0.584243       -0.096489

     H   13       -0.000000        0.000000        0.000000
     H   13        0.000000        0.000000        0.000000
     H   13        0.000000        0.000000        0.000000

     C   14       -0.084180        0.037733        0.018575
     C   14        0.037733        0.108697        0.100673
     C   14        0.018575        0.100673       -0.024517

     H   15       -0.000000        0.000000        0.000000
     H   15        0.000000        0.000000        0.000000
     H   15        0.000000        0.000000        0.000000

     C   16       -0.169720        0.114018       -0.029889
     C   16        0.114018        0.208553        0.087267
     C   16       -0.029889        0.087267       -0.038833

     C   17       -0.007115        0.009517       -0.005421
     C   17        0.009517        0.136155        0.017991
     C   17       -0.005421        0.017991       -0.129040

     Cl  18       -1.095945       -1.214794        0.546594
     Cl  18       -1.214794        1.368119       -2.106909
     Cl  18        0.546594       -2.106909       -0.272174

     H   19       -0.000000        0.000000        0.000000
     H   19        0.000000        0.000000        0.000000
     H   19        0.000000        0.000000        0.000000

     C   20       -0.213610        0.038751       -0.085442
     C   20        0.038751        0.214288       -0.179788
     C   20       -0.085442       -0.179788       -0.000677

     H   21       -0.000000        0.000000        0.000000
     H   21        0.000000        0.000000        0.000000
     H   21        0.000000        0.000000        0.000000

     C   22       -0.039728        0.043946       -0.005756
     C   22        0.043946       -0.010632       -0.106361
     C   22       -0.005756       -0.106361        0.050360

     C   23       -0.166444       -0.006001       -0.029316
     C   23       -0.006001        0.189181       -0.151952
     C   23       -0.029316       -0.151952       -0.022736

     Cl  24       -0.215170        1.931919       -0.172208
     Cl  24        1.931919        0.970449       -1.960342
     Cl  24       -0.172208       -1.960342       -0.755279

     ----- total EFG -----
     Cl   1       -0.007401       -1.837433        0.050559
     Cl   1       -1.837433        1.597635        1.744962
     Cl   1        0.050559        1.744962       -1.590235

     C    2       -0.498269        0.354937       -0.088552
     C    2        0.354937        0.165435        0.298908
     C    2       -0.088552        0.298908        0.332835

     C    3        0.456595       -0.170470        0.013050
     C    3       -0.170470       -0.185889       -0.134147
     C    3        0.013050       -0.134147       -0.270706

     H    4        0.379957        0.408398        0.195972
     H    4        0.408398       -0.513434        0.380099
     H    4        0.195972        0.380099        0.133476

     C    5       -0.301178        0.001010       -0.004557
     C    5        0.001010       -0.016815        0.356339
     C    5       -0.004557        0.356339        0.317993

     H    6        0.006922        0.133307        0.061987
     H    6        0.133307        0.362965        0.647053
     H    6        0.061987        0.647053       -0.369887

     H    7       -0.231563        0.060995        0.031099
     H    7        0.060995        0.578853       -0.418146
     H    7        0.031099       -0.418146       -0.347290

     C    8        0.580975        0.173342       -0.008783
     C    8        0.173342       -0.055804       -0.149480
     C    8       -0.008783       -0.149480       -0.525171

     H    9        0.546154       -0.189478        0.437712
     H    9       -0.189478       -0.377128       -0.390353
     H    9        0.437712       -0.390353       -0.169026

     C   10        0.042565        0.120299        0.230769
     C   10        0.120299        0.183103       -0.585696
     C   10        0.230769       -0.585696       -0.225668

     C   11        0.403264        0.037994       -0.140734
     C   11        0.037994        0.309088        0.379517
     C   11       -0.140734        0.379517       -0.712352

     Cl  12        0.193267       -0.030966       -0.301702
     Cl  12       -0.030966       -0.053476        0.137210
     Cl  12       -0.301702        0.137210       -0.139790

     H   13       -0.108925       -0.057841       -0.016739
     H   13       -0.057841        0.151269        0.193850
     H   13       -0.016739        0.193850       -0.042344

     C   14        0.288460       -0.021510        0.144098
     C   14       -0.021510       -0.214489        0.014619
     C   14        0.144098        0.014619       -0.073971

     H   15        0.483871       -0.058611        0.324865
     H   15       -0.058611       -0.587096       -0.164164
     H   15        0.324865       -0.164164        0.103225

     C   16       -0.780742        0.301209       -0.187570
     C   16        0.301209        0.587287        0.516803
     C   16       -0.187570        0.516803        0.193455

     C   17        0.371174       -0.140907        0.092292
     C   17       -0.140907        0.007384       -0.068822
     C   17        0.092292       -0.068822       -0.378558

     Cl  18       -1.326273       -1.101432        0.577738
     Cl  18       -1.101432        1.508453       -2.196979
     Cl  18        0.577738       -2.196979       -0.182179

     H   19       -0.405167       -0.133322        0.246847
     H   19       -0.133322        0.384259       -0.081891
     H   19        0.246847       -0.081891        0.020909

     C   20       -0.740441       -0.302433       -0.469640
     C   20       -0.302433        0.736153       -0.480483
     C   20       -0.469640       -0.480483        0.004288

     H   21        0.117418       -0.352352        0.684333
     H   21       -0.352352        0.004602        0.093043
     H   21        0.684333        0.093043       -0.122020

     C   22        0.345379        0.186713        0.027384
     C   22        0.186713       -0.222942       -0.017182
     C   22        0.027384       -0.017182       -0.122437

     C   23       -0.708408       -0.456707       -0.290295
     C   23       -0.456707        0.788535       -0.460984
     C   23       -0.290295       -0.460984       -0.080127

     Cl  24       -0.057729        2.126951       -0.128694
     Cl  24        2.126951        0.934692       -2.023794
     Cl  24       -0.128694       -2.023794       -0.876963

     ----- total EFG (symmetrized) -----
     Cl   1       -0.007401       -1.837433        0.050559
     Cl   1       -1.837433        1.597635        1.744962
     Cl   1        0.050559        1.744962       -1.590235

     C    2       -0.498269        0.354937       -0.088552
     C    2        0.354937        0.165435        0.298908
     C    2       -0.088552        0.298908        0.332835

     C    3        0.456595       -0.170470        0.013050
     C    3       -0.170470       -0.185889       -0.134147
     C    3        0.013050       -0.134147       -0.270706

     H    4        0.379957        0.408398        0.195972
     H    4        0.408398       -0.513434        0.380099
     H    4        0.195972        0.380099        0.133476

     C    5       -0.301178        0.001010       -0.004557
     C    5        0.001010       -0.016815        0.356339
     C    5       -0.004557        0.356339        0.317993

     H    6        0.006922        0.133307        0.061987
     H    6        0.133307        0.362965        0.647053
     H    6        0.061987        0.647053       -0.369887

     H    7       -0.231563        0.060995        0.031099
     H    7        0.060995        0.578853       -0.418146
     H    7        0.031099       -0.418146       -0.347290

     C    8        0.580975        0.173342       -0.008783
     C    8        0.173342       -0.055804       -0.149480
     C    8       -0.008783       -0.149480       -0.525171

     H    9        0.546154       -0.189478        0.437712
     H    9       -0.189478       -0.377128       -0.390353
     H    9        0.437712       -0.390353       -0.169026

     C   10        0.042565        0.120299        0.230769
     C   10        0.120299        0.183103       -0.585696
     C   10        0.230769       -0.585696       -0.225668

     C   11        0.403264        0.037994       -0.140734
     C   11        0.037994        0.309088        0.379517
     C   11       -0.140734        0.379517       -0.712352

     Cl  12        0.193267       -0.030966       -0.301702
     Cl  12       -0.030966       -0.053476        0.137210
     Cl  12       -0.301702        0.137210       -0.139790

     H   13       -0.108925       -0.057841       -0.016739
     H   13       -0.057841        0.151269        0.193850
     H   13       -0.016739        0.193850       -0.042344

     C   14        0.288460       -0.021510        0.144098
     C   14       -0.021510       -0.214489        0.014619
     C   14        0.144098        0.014619       -0.073971

     H   15        0.483871       -0.058611        0.324865
     H   15       -0.058611       -0.587096       -0.164164
     H   15        0.324865       -0.164164        0.103225

     C   16       -0.780742        0.301209       -0.187570
     C   16        0.301209        0.587287        0.516803
     C   16       -0.187570        0.516803        0.193455

     C   17        0.371174       -0.140907        0.092292
     C   17       -0.140907        0.007384       -0.068822
     C   17        0.092292       -0.068822       -0.378558

     Cl  18       -1.326273       -1.101432        0.577738
     Cl  18       -1.101432        1.508453       -2.196979
     Cl  18        0.577738       -2.196979       -0.182179

     H   19       -0.405167       -0.133322        0.246847
     H   19       -0.133322        0.384259       -0.081891
     H   19        0.246847       -0.081891        0.020909

     C   20       -0.740441       -0.302433       -0.469640
     C   20       -0.302433        0.736153       -0.480483
     C   20       -0.469640       -0.480483        0.004288

     H   21        0.117418       -0.352352        0.684333
     H   21       -0.352352        0.004602        0.093043
     H   21        0.684333        0.093043       -0.122020

     C   22        0.345379        0.186713        0.027384
     C   22        0.186713       -0.222942       -0.017182
     C   22        0.027384       -0.017182       -0.122437

     C   23       -0.708408       -0.456707       -0.290295
     C   23       -0.456707        0.788535       -0.460984
     C   23       -0.290295       -0.460984       -0.080127

     Cl  24       -0.057729        2.126951       -0.128694
     Cl  24        2.126951        0.934692       -2.023794
     Cl  24       -0.128694       -2.023794       -0.876963


     NQR/NMR SPECTROSCOPIC PARAMETERS:
     Cl   1    Vxx=   -0.5898    axis=(  0.812840  0.271815  0.515177)
     Cl   1    Vyy=   -2.6553    axis=(  0.349016  0.480821 -0.804362)
     Cl   1    Vzz=    3.2450    axis=( -0.466345  0.833624  0.295963)
     Cl   1  Q=        -8.1650 1e-30 m^2  Cq=       -62.2546 MHz  eta= 0.63649

     C    2    Vxx=    0.1112    axis=( -0.451552 -0.613851  0.647525)
     C    2    Vyy=    0.5824    axis=(  0.156544  0.659963  0.734808)
     C    2    Vzz=   -0.6937    axis=( -0.878405  0.433170 -0.201913)
     C    2  Q=         1.0000 1e-30 m^2  Cq=        -1.6298 MHz  eta= 0.67931

     C    3    Vxx=   -0.1221    axis=(  0.230191  0.732356 -0.640832)
     C    3    Vyy=   -0.3796    axis=(  0.117074  0.632893  0.765337)
     C    3    Vzz=    0.5017    axis=( -0.966078  0.251198 -0.059947)
     C    3  Q=         1.0000 1e-30 m^2  Cq=         1.1789 MHz  eta= 0.51333

     H    4    Vxx=    0.0404    axis=( -0.592905  0.110258  0.797688)
     H    4    Vyy=    0.7291    axis=( -0.759646 -0.405283 -0.508610)
     H    4    Vzz=   -0.7694    axis=( -0.267212  0.907518 -0.324052)
     H    4  Q=         1.0000 1e-30 m^2  Cq=        -1.8078 MHz  eta= 0.89511

     C    5    Vxx=   -0.2429    axis=(  0.056460  0.842938 -0.535039)
     C    5    Vyy=   -0.3014    axis=(  0.998397 -0.045570  0.033562)
     C    5    Vzz=    0.5443    axis=( -0.003909  0.536077  0.844160)
     C    5  Q=         1.0000 1e-30 m^2  Cq=         1.2789 MHz  eta= 0.10739

     H    6    Vxx=   -0.0210    axis=(  0.981837 -0.153894 -0.110964)
     H    6    Vyy=   -0.7473    axis=(  0.018354 -0.505076  0.862880)
     H    6    Vzz=    0.7683    axis=( -0.188837 -0.849244 -0.493078)
     H    6  Q=         1.0000 1e-30 m^2  Cq=         1.8052 MHz  eta= 0.94539

     H    7    Vxx=   -0.2246    axis=(  0.983181  0.019848  0.181554)
     H    7    Vyy=   -0.5173    axis=( -0.176469  0.359386  0.916352)
     H    7    Vzz=    0.7419    axis=( -0.047060 -0.932978  0.356844)
     H    7  Q=         1.0000 1e-30 m^2  Cq=         1.7431 MHz  eta= 0.39453

     C    8    Vxx=   -0.0567    axis=( -0.254767  0.922607 -0.289637)
     C    8    Vyy=   -0.5702    axis=( -0.036396  0.290160  0.956286)
     C    8    Vzz=    0.6269    axis=( -0.966317 -0.254172  0.040344)
     C    8  Q=         1.0000 1e-30 m^2  Cq=         1.4731 MHz  eta= 0.81898

     H    9    Vxx=   -0.1608    axis=( -0.529688 -0.606373  0.593078)
     H    9    Vyy=   -0.6909    axis=(  0.118107 -0.745143 -0.656363)
     H    9    Vzz=    0.8518    axis=(  0.839929 -0.277621  0.466310)
     H    9  Q=         1.0000 1e-30 m^2  Cq=         2.0014 MHz  eta= 0.62233

     C   10    Vxx=    0.1264    axis=(  0.945619  0.241758  0.217619)
     C   10    Vyy=    0.6015    axis=(  0.070119 -0.804802  0.589387)
     C   10    Vzz=   -0.7280    axis=(  0.317629 -0.542076 -0.777988)
     C   10  Q=         1.0000 1e-30 m^2  Cq=        -1.7105 MHz  eta= 0.65266

     C   11    Vxx=    0.4165    axis=(  0.907470  0.419197  0.027799)
     C   11    Vyy=    0.4383    axis=( -0.404091  0.852837  0.330725)
     C   11    Vzz=   -0.8548    axis=(  0.114931 -0.311356  0.943318)
     C   11  Q=         1.0000 1e-30 m^2  Cq=        -2.0084 MHz  eta= 0.02545

     Cl  12    Vxx=   -0.0386    axis=(  0.356581  0.916773  0.179936)
     Cl  12    Vyy=   -0.3543    axis=( -0.440155  0.334732 -0.833197)
     Cl  12    Vzz=    0.3929    axis=( -0.824084  0.217902  0.522881)
     Cl  12  Q=        -8.1650 1e-30 m^2  Cq=        -7.5373 MHz  eta= 0.80355

     H   13    Vxx=   -0.1124    axis=(  0.941324 -0.039891  0.335140)
     H   13    Vyy=   -0.1674    axis=( -0.303429 -0.534831  0.788597)
     H   13    Vzz=    0.2798    axis=( -0.147785  0.844017  0.515554)
     H   13  Q=         1.0000 1e-30 m^2  Cq=         0.6574 MHz  eta= 0.19635

     C   14    Vxx=   -0.1197    axis=( -0.315133  0.214106  0.924581)
     C   14    Vyy=   -0.2195    axis=( -0.096189 -0.976409  0.193323)
     C   14    Vzz=    0.3392    axis=(  0.944161 -0.028012  0.328293)
     C   14  Q=         1.0000 1e-30 m^2  Cq=         0.7970 MHz  eta= 0.29423

     H   15    Vxx=   -0.0597    axis=( -0.518424 -0.201095  0.831142)
     H   15    Vyy=   -0.6244    axis=( -0.014852  0.973926  0.226378)
     H   15    Vzz=    0.6841    axis=( -0.854995  0.105015 -0.507894)
     H   15  Q=         1.0000 1e-30 m^2  Cq=         1.6072 MHz  eta= 0.82548

     C   16    Vxx=   -0.0261    axis=( -0.386356 -0.475925  0.790079)
     C   16    Vyy=   -0.9295    axis=( -0.918341  0.278266 -0.281456)
     C   16    Vzz=    0.9556    axis=( -0.085900 -0.834304 -0.544571)
     C   16  Q=         1.0000 1e-30 m^2  Cq=         2.2453 MHz  eta= 0.94531

     C   17    Vxx=   -0.0374    axis=(  0.343728  0.934203 -0.095478)
     C   17    Vyy=   -0.3968    axis=(  0.093719 -0.135291 -0.986364)
     C   17    Vzz=    0.4342    axis=( -0.934381  0.330093 -0.134056)
     C   17  Q=         1.0000 1e-30 m^2  Cq=         1.0202 MHz  eta= 0.82760

     Cl  18    Vxx=   -1.5284    axis=( -0.726405  0.209967  0.654408)
     Cl  18    Vyy=   -1.8156    axis=(  0.637862  0.560466  0.528214)
     Cl  18    Vzz=    3.3440    axis=( -0.255866  0.801119 -0.541055)
     Cl  18  Q=        -8.1650 1e-30 m^2  Cq=       -64.1533 MHz  eta= 0.08590

     H   19    Vxx=    0.0806    axis=(  0.334313  0.379383  0.862731)
     H   19    Vyy=    0.4462    axis=( -0.234978  0.920045 -0.313531)
     H   19    Vzz=   -0.5268    axis=( -0.912700 -0.097905  0.396729)
     H   19  Q=         1.0000 1e-30 m^2  Cq=        -1.2377 MHz  eta= 0.69416

     C   20    Vxx=    0.1217    axis=(  0.538877 -0.338115 -0.771550)
     C   20    Vyy=    0.9769    axis=(  0.042696 -0.903772  0.425879)
     C   20    Vzz=   -1.0986    axis=( -0.841302 -0.262438 -0.472586)
     C   20  Q=         1.0000 1e-30 m^2  Cq=        -2.5813 MHz  eta= 0.77837

     H   21    Vxx=    0.0538    axis=(  0.003190 -0.888946 -0.458001)
     H   21    Vyy=    0.7562    axis=( -0.769504  0.290316 -0.568841)
     H   21    Vzz=   -0.8100    axis=(  0.638633  0.354248 -0.683122)
     H   21  Q=         1.0000 1e-30 m^2  Cq=        -1.9033 MHz  eta= 0.86716

     C   22    Vxx=   -0.1196    axis=( -0.004503  0.156080 -0.987734)
     C   22    Vyy=   -0.2825    axis=( -0.287812  0.945747  0.150757)
     C   22    Vzz=    0.4021    axis=(  0.957676  0.284960  0.040663)
     C   22  Q=         1.0000 1e-30 m^2  Cq=         0.9448 MHz  eta= 0.40514

     C   23    Vxx=   -0.0218    axis=(  0.492961 -0.203405 -0.845941)
     C   23    Vyy=   -1.0235    axis=( -0.849906 -0.320595 -0.418185)
     C   23    Vzz=    1.0453    axis=( -0.186143  0.925119 -0.330915)
     C   23  Q=         1.0000 1e-30 m^2  Cq=         2.4561 MHz  eta= 0.95828

     Cl  24    Vxx=   -0.5862    axis=(  0.733768 -0.142114  0.664371)
     Cl  24    Vyy=   -2.7403    axis=(  0.458895 -0.617430 -0.638902)
     Cl  24    Vzz=    3.3265    axis=( -0.500999 -0.773682  0.387835)
     Cl  24  Q=        -8.1650 1e-30 m^2  Cq=       -63.8172 MHz  eta= 0.64756

     Initialization:
     gipaw_setup  :      9.50s CPU     11.54s WALL (       1 calls)

     Linear response

     Apply operators

     Induced current

     Other routines
     efg          :      9.42s CPU     11.96s WALL (       1 calls)

     General routines
     calbec       :      3.38s CPU      4.57s WALL (      16 calls)
     fft          :      1.32s CPU      1.54s WALL (      15 calls)
     ffts         :      0.04s CPU      0.05s WALL (       2 calls)
     fftw         :      3.26s CPU      4.04s WALL (     672 calls)
     davcio       :      0.03s CPU      0.32s WALL (      32 calls)

     Parallel routines
     fft_scatter  :      2.04s CPU      2.85s WALL (     689 calls)

     Plugins

     GIPAW        :     62.10s CPU     74.59s WALL (       1 calls)
