
     Program QE v.6.0 (svn rev. 13079) starts on  6Jan2017 at  0:58:23 

     This program is part of the open-source Quantum ESPRESSO suite
     for quantum simulation of materials; please cite
         "P. Giannozzi et al., J. Phys.:Condens. Matter 21 395502 (2009);
          URL http://www.quantum-espresso.org", 
     in publications or presentations arising from this work. More details at
     http://www.quantum-espresso.org/quote

     Parallel version (MPI), running on     8 processors
     R & G space division:  proc/nbgrp/npool/nimage =       8

     ***** This is GIPAW svn revision unknown      *****

     Parallelizing q-star over 1 images

     Reading data from directory:
     /users/majewski/paradichlorobenzene/pbe/9_constraint/scratch/pbe.ecut100.np8.dt60.pcl2phi-129368.save
     Message from routine read_xml_file:
     file /users/majewski/paradichlorobenzene/pbe/9_constraint/scratch/pbe.ecut100.np8.dt60.pcl2phi-129368.save not guaranteed to be safe for post-processing

   Info: using nr1, nr2, nr3 values from input

   Info: using nr1, nr2, nr3 values from input

     IMPORTANT: XC functional enforced from input :
     Exchange-correlation      =  SLA  PW   PBX  PBC ( 1  4  3  4 0 0)
     Any further DFT definition will be discarded
     Please, verify this is what you really want

               file C.pbe-n-kjpaw_psl.1.0.0.UPF: wavefunction(s)  2S 2P renormalized
               file Cl.pbe-n-kjpaw_psl.1.0.0.UPF: wavefunction(s)  3S 3P renormalized
               file H.pbe-kjpaw_psl.1.0.0.UPF: wavefunction(s)  1S renormalized

     Parallelization info
     --------------------
     sticks:   dense  smooth     PW     G-vecs:    dense   smooth      PW
     Min        3057    1223    332               144436    36536    5170
     Max        3059    1225    333               144437    36537    5171
     Sum       24467    9791   2657              1155489   292295   41363


     Subspace diagonalization in iterative solution of the eigenvalue problem:
     a serial algorithm will be used

     GIPAW projectors -----------------------------------------------
     atom=  C    l=0  rc=    1.2000  rs=    0.8000
     atom=  C    l=0  rc=    1.2000  rs=    0.8000
     atom=  C    l=1  rc=    1.4000  rs=    0.9333
     atom=  C    l=1  rc=    1.4000  rs=    0.9333
     projs nearly linearly dependent: l=1  n1,n2= 1, 2  s=  0.99951561

     atom=  Cl   l=0  rc=    1.6000  rs=    1.0667
     atom=  Cl   l=0  rc=    1.6000  rs=    1.0667
     atom=  Cl   l=1  rc=    1.6000  rs=    1.0667
     atom=  Cl   l=1  rc=    1.6000  rs=    1.0667
     atom=  Cl   l=2  rc=    1.6000  rs=    1.0667
     atom=  Cl   l=2  rc=    1.6000  rs=    1.0667
     projs nearly linearly dependent: l=2  n1,n2= 1, 2  s=  0.99993509

     atom=  H    l=0  rc=    1.0000  rs=    0.6667
     atom=  H    l=0  rc=    1.0000  rs=    0.6667
     projs nearly linearly dependent: l=0  n1,n2= 1, 2  s=  0.99968852
     -----------------------------------------------------------------

     GIPAW integrals: -------------------------------------------
     Atom  i/j   nmr_para   nmr_dia   epr_rmc  epr_para   epr_dia
       C   1 1   0.83E+03  0.17E-01  0.93E+01  0.24E+08  0.24E+03
       C   2 1   0.86E+03 -0.61E-01  0.94E+01  0.25E+08  0.25E+03
       C   2 2   0.90E+03 -0.15E+00  0.97E+01  0.26E+08  0.26E+03
       C   3 3   0.33E+01  0.34E+00  0.18E+01  0.55E+03  0.21E+02
       C   4 3   0.35E+01  0.37E+00  0.20E+01  0.59E+03  0.22E+02
       C   4 4   0.38E+01  0.39E+00  0.22E+01  0.63E+03  0.24E+02
       Cl  1 1   0.14E+04 -0.47E+00  0.84E+01  0.32E+09  0.42E+03
       Cl  2 1   0.21E+04 -0.37E+00  0.12E+02  0.49E+09  0.65E+03
       Cl  2 2   0.33E+04 -0.16E+00  0.21E+02  0.76E+09  0.10E+04
       Cl  3 3   0.21E+02  0.79E-01  0.89E+01  0.23E+05  0.13E+03
       Cl  4 3   0.24E+02  0.67E-01  0.99E+01  0.27E+05  0.15E+03
       Cl  4 4   0.28E+02  0.44E-01  0.11E+02  0.32E+05  0.18E+03
       Cl  5 5   0.77E+00  0.19E+00  0.18E+01  0.12E+03  0.22E+02
       Cl  6 5   0.80E+00  0.19E+00  0.19E+01  0.12E+03  0.23E+02
       Cl  6 6   0.83E+00  0.20E+00  0.19E+01  0.12E+03  0.23E+02
       H   1 1   0.39E+02  0.19E+00  0.29E+00  0.78E+05  0.13E+02
       H   2 1   0.41E+02  0.21E+00  0.32E+00  0.82E+05  0.14E+02
       H   2 2   0.43E+02  0.22E+00  0.36E+00  0.86E+05  0.15E+02
     ------------------------------------------------------------

     alpha_pv=     34.0554 eV

     Number of occupied bands for each k-point:
     k-point:     1    nbnd_occ=  42
     k-point:     2    nbnd_occ=  42
     k-point:     3    nbnd_occ=  42
     k-point:     4    nbnd_occ=  42
     k-point:     5    nbnd_occ=  42
     k-point:     6    nbnd_occ=  42
     k-point:     7    nbnd_occ=  42
     k-point:     8    nbnd_occ=  42
     k-point:     9    nbnd_occ=  42
     k-point:    10    nbnd_occ=  42
     k-point:    11    nbnd_occ=  42
     k-point:    12    nbnd_occ=  42
     k-point:    13    nbnd_occ=  42
     k-point:    14    nbnd_occ=  42
     k-point:    15    nbnd_occ=  42
     k-point:    16    nbnd_occ=  42


     q-space interpolation up to   110.00 Rydberg

     GIPAW job: efg                                                                             


     ELECTRIC FIELD GRADIENTS TENSORS IN Hartree/bohrradius^2:

     ----- bare term -----
     Cl   1       -0.010719        0.043969       -0.081216
     Cl   1        0.043969       -0.013162       -0.045013
     Cl   1       -0.081216       -0.045013        0.023882

     C    2       -0.440621        0.310667       -0.221775
     C    2        0.310667        0.054883       -0.427394
     C    2       -0.221775       -0.427394        0.385739

     C    3       -0.100718       -0.110033       -0.238956
     C    3       -0.110033       -0.090347       -0.688734
     C    3       -0.238956       -0.688734        0.191065

     H    4        0.000410       -0.004137       -0.550130
     H    4       -0.004137        0.328622        0.166438
     H    4       -0.550130        0.166438       -0.329032

     C    5       -0.298084        0.338788       -0.160669
     C    5        0.338788       -0.104173       -0.307554
     C    5       -0.160669       -0.307554        0.402256

     H    6        0.147871       -0.027714       -0.377805
     H    6       -0.027714       -0.149656       -0.429610
     H    6       -0.377805       -0.429610        0.001785

     H    7       -0.017843        0.428220       -0.235670
     H    7        0.428220       -0.241393        0.389895
     H    7       -0.235670        0.389895        0.259236

     C    8        0.026235       -0.557306        0.075278
     C    8       -0.557306       -0.413558        0.354683
     C    8        0.075278        0.354683        0.387323

     H    9       -0.677089        0.089456       -0.376327
     H    9        0.089456        0.393448        0.139206
     H    9       -0.376327        0.139206        0.283640

     C   10       -0.150780       -0.229007       -0.395806
     C   10       -0.229007       -0.089213        0.427120
     C   10       -0.395806        0.427120        0.239993

     C   11       -0.044969       -0.150576       -0.231018
     C   11       -0.150576       -0.234165        0.513354
     C   11       -0.231018        0.513354        0.279135

     Cl  12        0.010429        0.023996       -0.038407
     Cl  12        0.023996       -0.000014        0.014874
     Cl  12       -0.038407        0.014874       -0.010415

     H   13        0.326366        0.119395        0.018255
     H   13        0.119395       -0.529574       -0.472928
     H   13        0.018255       -0.472928        0.203208

     C   14       -0.120390       -0.112982       -0.516233
     C   14       -0.112982       -0.108539       -0.451230
     C   14       -0.516233       -0.451230        0.228929

     H   15       -0.085957       -0.141525       -0.300613
     H   15       -0.141525        0.511784       -0.163709
     H   15       -0.300613       -0.163709       -0.425827

     C   16       -0.018703        0.497473       -0.313728
     C   16        0.497473       -0.357227       -0.265478
     C   16       -0.313728       -0.265478        0.375931

     C   17        0.080905       -0.177759       -0.577518
     C   17       -0.177759       -0.177863       -0.549289
     C   17       -0.577518       -0.549289        0.096957

     Cl  18        0.003718        0.239657        0.076808
     Cl  18        0.239657       -0.122363       -0.024292
     Cl  18        0.076808       -0.024292        0.118645

     H   19        0.353585        0.081966       -0.020863
     H   19        0.081966       -0.559365        0.590436
     H   19       -0.020863        0.590436        0.205780

     C   20       -0.874952       -0.394343       -0.431356
     C   20       -0.394343        0.438191        0.032450
     C   20       -0.431356        0.032450        0.436761

     H   21       -0.363842       -0.037029       -0.478193
     H   21       -0.037029        0.063457        0.252501
     H   21       -0.478193        0.252501        0.300385

     C   22        0.045623       -0.364526       -0.022808
     C   22       -0.364526       -0.398163        0.439499
     C   22       -0.022808        0.439499        0.352540

     C   23       -0.597648       -0.241467       -0.312485
     C   23       -0.241467        0.230603        0.078262
     C   23       -0.312485        0.078262        0.367045

     Cl  24       -0.040257       -0.157320        0.089725
     Cl  24       -0.157320        0.036847       -0.127103
     Cl  24        0.089725       -0.127103        0.003411

     ----- ionic term -----
     Cl   1        0.094757       -0.242225        0.038741
     Cl   1       -0.242225        0.066015       -0.025468
     Cl   1        0.038741       -0.025468       -0.160772

     C    2        0.092758       -0.279213        0.375304
     C    2       -0.279213        0.151033        0.324934
     C    2        0.375304        0.324934       -0.243791

     C    3        0.036866       -0.270154        0.261771
     C    3       -0.270154        0.218736        0.348185
     C    3        0.261771        0.348185       -0.255602

     H    4        0.365939        0.231045        0.779053
     H    4        0.231045       -0.437352        0.261754
     H    4        0.779053        0.261754        0.071412

     C    5        0.224826       -0.213679        0.361451
     C    5       -0.213679        0.039530        0.265185
     C    5        0.361451        0.265185       -0.264356

     H    6       -0.501816        0.146435        0.108196
     H    6        0.146435        0.505402        0.746440
     H    6        0.108196        0.746440       -0.003586

     H    7       -0.462544       -0.304242        0.164096
     H    7       -0.304242        0.655265       -0.656783
     H    7        0.164096       -0.656783       -0.192722

     C    8        0.290385        0.102814        0.248677
     C    8        0.102814        0.062198       -0.323212
     C    8        0.248677       -0.323212       -0.352584

     H    9        0.638178       -0.163896        0.708518
     H    9       -0.163896       -0.495726       -0.178497
     H    9        0.708518       -0.178497       -0.142452

     C   10        0.116557        0.195796        0.176259
     C   10        0.195796        0.230765       -0.413516
     C   10        0.176259       -0.413516       -0.347322

     C   11        0.237260        0.133190        0.309951
     C   11        0.133190        0.125642       -0.393813
     C   11        0.309951       -0.393813       -0.362902

     Cl  12        0.100890        0.195163       -0.017097
     Cl  12        0.195163        0.034716       -0.014229
     Cl  12       -0.017097       -0.014229       -0.135605

     H   13       -0.526792        0.121512        0.098591
     H   13        0.121512        0.733936        0.657210
     H   13        0.098591        0.657210       -0.207144

     C   14        0.185556       -0.267073        0.377227
     C   14       -0.267073        0.079395        0.232481
     C   14        0.377227        0.232481       -0.264951

     H   15        0.508319        0.233103        0.755409
     H   15        0.233103       -0.467026        0.231016
     H   15        0.755409        0.231016       -0.041293

     C   16        0.084063       -0.302304        0.242770
     C   16       -0.302304        0.157558        0.343631
     C   16        0.242770        0.343631       -0.241621

     C   17        0.193291       -0.242626        0.267056
     C   17       -0.242626        0.038652        0.400849
     C   17        0.267056        0.400849       -0.231943

     Cl  18        0.148444       -0.212688       -0.011552
     Cl  18       -0.212688       -0.002383        0.018207
     Cl  18       -0.011552        0.018207       -0.146061

     H   19       -0.470470       -0.232337        0.130589
     H   19       -0.232337        0.735726       -0.633533
     H   19        0.130589       -0.633533       -0.265256

     C   20        0.369115        0.188440        0.301770
     C   20        0.188440        0.022491       -0.289908
     C   20        0.301770       -0.289908       -0.391606

     H   21        0.607379       -0.214282        0.714350
     H   21       -0.214282       -0.457485       -0.211574
     H   21        0.714350       -0.211574       -0.149894

     C   22        0.170487        0.249630        0.195179
     C   22        0.249630        0.157312       -0.397256
     C   22        0.195179       -0.397256       -0.327799

     C   23        0.263389        0.149113        0.290924
     C   23        0.149113        0.075408       -0.383398
     C   23        0.290924       -0.383398       -0.338797

     Cl  24        0.147211        0.216136        0.020494
     Cl  24        0.216136        0.003945        0.000377
     Cl  24        0.020494        0.000377       -0.151157

     ----- GIPAW term -----
     Cl   1       -0.199249       -0.613446       -0.964201
     Cl   1       -0.613446        0.939662       -2.126333
     Cl   1       -0.964201       -2.126333       -0.740413

     C    2       -0.096415       -0.120843        0.012652
     C    2       -0.120843        0.152303       -0.171118
     C    2        0.012652       -0.171118       -0.055888

     C    3       -0.093575       -0.149383        0.017456
     C    3       -0.149383        0.087951       -0.236728
     C    3        0.017456       -0.236728        0.005625

     H    4       -0.000000        0.000000        0.000000
     H    4        0.000000        0.000000        0.000000
     H    4        0.000000        0.000000        0.000000

     C    5        0.073156       -0.078384        0.023349
     C    5       -0.078384       -0.031131       -0.055322
     C    5        0.023349       -0.055322       -0.042025

     H    6       -0.000000        0.000000        0.000000
     H    6        0.000000        0.000000        0.000000
     H    6        0.000000        0.000000        0.000000

     H    7       -0.000000        0.000000        0.000000
     H    7        0.000000        0.000000        0.000000
     H    7        0.000000        0.000000        0.000000

     C    8        0.069200       -0.235717        0.150995
     C    8       -0.235717       -0.078891       -0.043231
     C    8        0.150995       -0.043231        0.009691

     H    9       -0.000000        0.000000        0.000000
     H    9        0.000000        0.000000        0.000000
     H    9        0.000000        0.000000        0.000000

     C   10        0.081124       -0.118063       -0.122438
     C   10       -0.118063       -0.020658        0.073541
     C   10       -0.122438        0.073541       -0.060465

     C   11        0.071182        0.058920       -0.005259
     C   11        0.058920       -0.015004        0.034726
     C   11       -0.005259        0.034726       -0.056178

     Cl  12        1.510204        2.409811       -0.315119
     Cl  12        2.409811        0.068319        0.115799
     Cl  12       -0.315119        0.115799       -1.578522

     H   13       -0.000000        0.000000        0.000000
     H   13        0.000000        0.000000        0.000000
     H   13        0.000000        0.000000        0.000000

     C   14        0.124270       -0.117544       -0.152988
     C   14       -0.117544       -0.093126       -0.064776
     C   14       -0.152988       -0.064776       -0.031145

     H   15       -0.000000        0.000000        0.000000
     H   15        0.000000        0.000000        0.000000
     H   15        0.000000        0.000000        0.000000

     C   16        0.133182        0.063410       -0.210403
     C   16        0.063410       -0.168416       -0.011543
     C   16       -0.210403       -0.011543        0.035233

     C   17        0.230952       -0.134982       -0.169994
     C   17       -0.134982       -0.099592       -0.080318
     C   17       -0.169994       -0.080318       -0.131360

     Cl  18        2.162695       -1.295150        0.655615
     Cl  18       -1.295150       -0.842082       -0.135711
     Cl  18        0.655615       -0.135711       -1.320613

     H   19       -0.000000        0.000000        0.000000
     H   19        0.000000        0.000000        0.000000
     H   19        0.000000        0.000000        0.000000

     C   20       -0.230578       -0.117868       -0.021786
     C   20       -0.117868        0.232350       -0.152511
     C   20       -0.021786       -0.152511       -0.001772

     H   21       -0.000000        0.000000        0.000000
     H   21        0.000000        0.000000        0.000000
     H   21        0.000000        0.000000        0.000000

     C   22       -0.093546       -0.106246        0.065302
     C   22       -0.106246        0.065262       -0.149940
     C   22        0.065302       -0.149940        0.028284

     C   23       -0.057520       -0.090159        0.105047
     C   23       -0.090159        0.058204       -0.172564
     C   23        0.105047       -0.172564       -0.000684

     Cl  24        0.905600        0.553291        0.906767
     Cl  24        0.553291        0.564885       -1.280028
     Cl  24        0.906767       -1.280028       -1.470484

     ----- total EFG -----
     Cl   1       -0.115211       -0.811702       -1.006676
     Cl   1       -0.811702        0.992515       -2.196813
     Cl   1       -1.006676       -2.196813       -0.877304

     C    2       -0.444278       -0.089389        0.166181
     C    2       -0.089389        0.358219       -0.273578
     C    2        0.166181       -0.273578        0.086059

     C    3       -0.157428       -0.529571        0.040270
     C    3       -0.529571        0.216340       -0.577277
     C    3        0.040270       -0.577277       -0.058912

     H    4        0.366349        0.226908        0.228922
     H    4        0.226908       -0.108730        0.428192
     H    4        0.228922        0.428192       -0.257619

     C    5       -0.000102        0.046725        0.224131
     C    5        0.046725       -0.095774       -0.097692
     C    5        0.224131       -0.097692        0.095876

     H    6       -0.353945        0.118721       -0.269610
     H    6        0.118721        0.355746        0.316830
     H    6       -0.269610        0.316830       -0.001802

     H    7       -0.480386        0.123978       -0.071574
     H    7        0.123978        0.413872       -0.266888
     H    7       -0.071574       -0.266888        0.066514

     C    8        0.385820       -0.690208        0.474951
     C    8       -0.690208       -0.430250       -0.011760
     C    8        0.474951       -0.011760        0.044430

     H    9       -0.038911       -0.074440        0.332191
     H    9       -0.074440       -0.102277       -0.039291
     H    9        0.332191       -0.039291        0.141188

     C   10        0.046900       -0.151275       -0.341985
     C   10       -0.151275        0.120893        0.087145
     C   10       -0.341985        0.087145       -0.167794

     C   11        0.263473        0.041534        0.073674
     C   11        0.041534       -0.123528        0.154267
     C   11        0.073674        0.154267       -0.139945

     Cl  12        1.621522        2.628970       -0.370624
     Cl  12        2.628970        0.103020        0.116444
     Cl  12       -0.370624        0.116444       -1.724542

     H   13       -0.200426        0.240907        0.116846
     H   13        0.240907        0.204362        0.184281
     H   13        0.116846        0.184281       -0.003936

     C   14        0.189436       -0.497599       -0.291994
     C   14       -0.497599       -0.122270       -0.283525
     C   14       -0.291994       -0.283525       -0.067166

     H   15        0.422361        0.091578        0.454796
     H   15        0.091578        0.044759        0.067308
     H   15        0.454796        0.067308       -0.467120

     C   16        0.198542        0.258579       -0.281361
     C   16        0.258579       -0.368085        0.066610
     C   16       -0.281361        0.066610        0.169543

     C   17        0.505149       -0.555367       -0.480456
     C   17       -0.555367       -0.238803       -0.228758
     C   17       -0.480456       -0.228758       -0.266345

     Cl  18        2.314856       -1.268181        0.720872
     Cl  18       -1.268181       -0.966828       -0.141796
     Cl  18        0.720872       -0.141796       -1.348028

     H   19       -0.116885       -0.150371        0.109727
     H   19       -0.150371        0.176361       -0.043097
     H   19        0.109727       -0.043097       -0.059476

     C   20       -0.736415       -0.323770       -0.151373
     C   20       -0.323770        0.693032       -0.409969
     C   20       -0.151373       -0.409969        0.043383

     H   21        0.243536       -0.251311        0.236157
     H   21       -0.251311       -0.394027        0.040928
     H   21        0.236157        0.040928        0.150491

     C   22        0.122563       -0.221142        0.237673
     C   22       -0.221142       -0.175589       -0.107698
     C   22        0.237673       -0.107698        0.053026

     C   23       -0.391779       -0.182514        0.083486
     C   23       -0.182514        0.364215       -0.477699
     C   23        0.083486       -0.477699        0.027564

     Cl  24        1.012554        0.612107        1.016986
     Cl  24        0.612107        0.605676       -1.406755
     Cl  24        1.016986       -1.406755       -1.618230

     ----- total EFG (symmetrized) -----
     Cl   1       -0.115211       -0.811702       -1.006676
     Cl   1       -0.811702        0.992515       -2.196813
     Cl   1       -1.006676       -2.196813       -0.877304

     C    2       -0.444278       -0.089389        0.166181
     C    2       -0.089389        0.358219       -0.273578
     C    2        0.166181       -0.273578        0.086059

     C    3       -0.157428       -0.529571        0.040270
     C    3       -0.529571        0.216340       -0.577277
     C    3        0.040270       -0.577277       -0.058912

     H    4        0.366349        0.226908        0.228922
     H    4        0.226908       -0.108730        0.428192
     H    4        0.228922        0.428192       -0.257619

     C    5       -0.000102        0.046725        0.224131
     C    5        0.046725       -0.095774       -0.097692
     C    5        0.224131       -0.097692        0.095876

     H    6       -0.353945        0.118721       -0.269610
     H    6        0.118721        0.355746        0.316830
     H    6       -0.269610        0.316830       -0.001802

     H    7       -0.480386        0.123978       -0.071574
     H    7        0.123978        0.413872       -0.266888
     H    7       -0.071574       -0.266888        0.066514

     C    8        0.385820       -0.690208        0.474951
     C    8       -0.690208       -0.430250       -0.011760
     C    8        0.474951       -0.011760        0.044430

     H    9       -0.038911       -0.074440        0.332191
     H    9       -0.074440       -0.102277       -0.039291
     H    9        0.332191       -0.039291        0.141188

     C   10        0.046900       -0.151275       -0.341985
     C   10       -0.151275        0.120893        0.087145
     C   10       -0.341985        0.087145       -0.167794

     C   11        0.263473        0.041534        0.073674
     C   11        0.041534       -0.123528        0.154267
     C   11        0.073674        0.154267       -0.139945

     Cl  12        1.621522        2.628970       -0.370624
     Cl  12        2.628970        0.103020        0.116444
     Cl  12       -0.370624        0.116444       -1.724542

     H   13       -0.200426        0.240907        0.116846
     H   13        0.240907        0.204362        0.184281
     H   13        0.116846        0.184281       -0.003936

     C   14        0.189436       -0.497599       -0.291994
     C   14       -0.497599       -0.122270       -0.283525
     C   14       -0.291994       -0.283525       -0.067166

     H   15        0.422361        0.091578        0.454796
     H   15        0.091578        0.044759        0.067308
     H   15        0.454796        0.067308       -0.467120

     C   16        0.198542        0.258579       -0.281361
     C   16        0.258579       -0.368085        0.066610
     C   16       -0.281361        0.066610        0.169543

     C   17        0.505149       -0.555367       -0.480456
     C   17       -0.555367       -0.238803       -0.228758
     C   17       -0.480456       -0.228758       -0.266345

     Cl  18        2.314856       -1.268181        0.720872
     Cl  18       -1.268181       -0.966828       -0.141796
     Cl  18        0.720872       -0.141796       -1.348028

     H   19       -0.116885       -0.150371        0.109727
     H   19       -0.150371        0.176361       -0.043097
     H   19        0.109727       -0.043097       -0.059476

     C   20       -0.736415       -0.323770       -0.151373
     C   20       -0.323770        0.693032       -0.409969
     C   20       -0.151373       -0.409969        0.043383

     H   21        0.243536       -0.251311        0.236157
     H   21       -0.251311       -0.394027        0.040928
     H   21        0.236157        0.040928        0.150491

     C   22        0.122563       -0.221142        0.237673
     C   22       -0.221142       -0.175589       -0.107698
     C   22        0.237673       -0.107698        0.053026

     C   23       -0.391779       -0.182514        0.083486
     C   23       -0.182514        0.364215       -0.477699
     C   23        0.083486       -0.477699        0.027564

     Cl  24        1.012554        0.612107        1.016986
     Cl  24        0.612107        0.605676       -1.406755
     Cl  24        1.016986       -1.406755       -1.618230


     NQR/NMR SPECTROSCOPIC PARAMETERS:
     Cl   1    Vxx=    0.4694    axis=( -0.907098  0.183434  0.378847)
     Cl   1    Vyy=    2.4518    axis=( -0.054788  0.840935 -0.538355)
     Cl   1    Vzz=   -2.9211    axis=( -0.417339 -0.509097 -0.752761)
     Cl   1  Q=        -8.1650 1e-30 m^2  Cq=        56.0405 MHz  eta= 0.67864

     C    2    Vxx=   -0.0626    axis=(  0.215074  0.563972  0.797295)
     C    2    Vyy=   -0.4922    axis=( -0.962785 -0.014378  0.269886)
     C    2    Vzz=    0.5548    axis=(  0.163672 -0.825669  0.539892)
     C    2  Q=         1.0000 1e-30 m^2  Cq=         1.3036 MHz  eta= 0.77424

     C    3    Vxx=   -0.1512    axis=(  0.715767 -0.061297 -0.695644)
     C    3    Vyy=   -0.7217    axis=(  0.563120  0.639790  0.523034)
     C    3    Vzz=    0.8729    axis=( -0.413006  0.766101 -0.492458)
     C    3  Q=         1.0000 1e-30 m^2  Cq=         2.0510 MHz  eta= 0.65354

     H    4    Vxx=   -0.0166    axis=(  0.640676 -0.607087 -0.470085)
     H    4    Vyy=   -0.6188    axis=(  0.033584  0.633812 -0.772758)
     H    4    Vzz=    0.6354    axis=(  0.767077  0.479300  0.426456)
     H    4  Q=         1.0000 1e-30 m^2  Cq=         1.4929 MHz  eta= 0.94765

     C    5    Vxx=   -0.0366    axis=(  0.508871  0.822392 -0.254405)
     C    5    Vyy=   -0.2465    axis=( -0.615171  0.554132  0.560804)
     C    5    Vzz=    0.2832    axis=(  0.602175 -0.128874  0.787894)
     C    5  Q=         1.0000 1e-30 m^2  Cq=         0.6653 MHz  eta= 0.74119

     H    6    Vxx=    0.0332    axis=(  0.600413  0.436920 -0.669779)
     H    6    Vyy=    0.5422    axis=(  0.042894 -0.853939 -0.518602)
     H    6    Vzz=   -0.5754    axis=(  0.798539 -0.282646  0.531458)
     H    6  Q=         1.0000 1e-30 m^2  Cq=        -1.3520 MHz  eta= 0.88458

     H    7    Vxx=   -0.0782    axis=( -0.008775  0.478456  0.878068)
     H    7    Vyy=   -0.4998    axis=( -0.990943  0.113507 -0.071752)
     H    7    Vzz=    0.5780    axis=( -0.133997 -0.870744  0.473127)
     H    7  Q=         1.0000 1e-30 m^2  Cq=         1.3580 MHz  eta= 0.72941

     C    8    Vxx=   -0.0883    axis=( -0.231903  0.438267  0.868414)
     C    8    Vyy=   -0.8855    axis=( -0.534343 -0.803390  0.262759)
     C    8    Vzz=    0.9738    axis=(  0.812834 -0.403096  0.420493)
     C    8  Q=         1.0000 1e-30 m^2  Cq=         2.2881 MHz  eta= 0.81857

     H    9    Vxx=   -0.1072    axis=( -0.056595  0.971690  0.229381)
     H    9    Vyy=   -0.2996    axis=( -0.792863 -0.183370  0.581157)
     H    9    Vzz=    0.4068    axis=(  0.606766 -0.148977  0.780795)
     H    9  Q=         1.0000 1e-30 m^2  Cq=         0.9559 MHz  eta= 0.47292

     C   10    Vxx=    0.0153    axis=(  0.398932  0.851685 -0.339833)
     C   10    Vyy=    0.4044    axis=( -0.694395  0.522628  0.494647)
     C   10    Vzz=   -0.4196    axis=(  0.598889  0.038647  0.799899)
     C   10  Q=         1.0000 1e-30 m^2  Cq=        -0.9860 MHz  eta= 0.92725

     C   11    Vxx=   -0.0017    axis=(  0.289322 -0.711783 -0.640045)
     C   11    Vyy=   -0.2874    axis=(  0.046914  0.678382 -0.733210)
     C   11    Vzz=    0.2891    axis=( -0.956081 -0.182107 -0.229664)
     C   11  Q=         1.0000 1e-30 m^2  Cq=         0.6792 MHz  eta= 0.98830

     Cl  12    Vxx=   -1.4809    axis=(  0.348437 -0.521038 -0.779173)
     Cl  12    Vyy=   -2.1274    axis=(  0.488534 -0.608485  0.625364)
     Cl  12    Vzz=    3.6083    axis=( -0.799954 -0.598553  0.042526)
     Cl  12  Q=        -8.1650 1e-30 m^2  Cq=       -69.2236 MHz  eta= 0.17915

     H   13    Vxx=   -0.1098    axis=( -0.078591 -0.458820  0.885047)
     H   13    Vyy=   -0.3160    axis=( -0.916384  0.382798  0.117074)
     H   13    Vzz=    0.4258    axis=( -0.392510 -0.801842 -0.450539)
     H   13  Q=         1.0000 1e-30 m^2  Cq=         1.0005 MHz  eta= 0.48409

     C   14    Vxx=    0.1671    axis=( -0.187862 -0.503356  0.843410)
     C   14    Vyy=    0.5645    axis=( -0.828336  0.542627  0.139342)
     C   14    Vzz=   -0.7316    axis=( -0.527795 -0.672450 -0.518887)
     C   14  Q=         1.0000 1e-30 m^2  Cq=        -1.7190 MHz  eta= 0.54324

     H   15    Vxx=    0.0250    axis=(  0.184720 -0.982117  0.036383)
     H   15    Vyy=    0.6345    axis=(  0.904453  0.184363  0.384676)
     H   15    Vzz=   -0.6595    axis=( -0.384504 -0.038151  0.922335)
     H   15  Q=         1.0000 1e-30 m^2  Cq=        -1.5496 MHz  eta= 0.92406

     C   16    Vxx=    0.0205    axis=( -0.498396 -0.457859 -0.736184)
     C   16    Vyy=    0.4917    axis=( -0.759055 -0.179804  0.625705)
     C   16    Vzz=   -0.5122    axis=(  0.418853 -0.870652  0.257927)
     C   16  Q=         1.0000 1e-30 m^2  Cq=        -1.2035 MHz  eta= 0.92000

     C   17    Vxx=   -0.0267    axis=( -0.043826 -0.677305  0.734395)
     C   17    Vyy=   -0.8713    axis=( -0.470148 -0.634632 -0.613354)
     C   17    Vzz=    0.8980    axis=( -0.881499  0.372155  0.290621)
     C   17  Q=         1.0000 1e-30 m^2  Cq=         2.1100 MHz  eta= 0.94054

     Cl  18    Vxx=   -1.3327    axis=( -0.171431 -0.811016 -0.559343)
     Cl  18    Vyy=   -1.5407    axis=(  0.313908  0.493192 -0.811309)
     Cl  18    Vzz=    2.8734    axis=(  0.933849 -0.314666  0.170037)
     Cl  18  Q=        -8.1650 1e-30 m^2  Cq=       -55.1254 MHz  eta= 0.07241

     H   19    Vxx=   -0.0351    axis=( -0.350788 -0.420001 -0.836987)
     H   19    Vyy=   -0.2269    axis=( -0.836811 -0.260610  0.481488)
     H   19    Vzz=    0.2620    axis=( -0.420352  0.869300 -0.260042)
     H   19  Q=         1.0000 1e-30 m^2  Cq=         0.6155 MHz  eta= 0.73191

     C   20    Vxx=   -0.0509    axis=( -0.349784  0.330778  0.876492)
     C   20    Vyy=   -0.8724    axis=(  0.926232  0.262438  0.270593)
     C   20    Vzz=    0.9233    axis=( -0.140518  0.906484 -0.398173)
     C   20  Q=         1.0000 1e-30 m^2  Cq=         2.1694 MHz  eta= 0.88969

     H   21    Vxx=    0.0304    axis=( -0.471904  0.357177  0.806059)
     H   21    Vyy=    0.4732    axis=( -0.801962  0.205934 -0.560757)
     H   21    Vzz=   -0.5036    axis=(  0.366285  0.911052 -0.189261)
     H   21  Q=         1.0000 1e-30 m^2  Cq=        -1.1832 MHz  eta= 0.87938

     C   22    Vxx=   -0.1290    axis=( -0.468703  0.342118  0.814415)
     C   22    Vyy=   -0.2944    axis=( -0.500065 -0.862765  0.074637)
     C   22    Vzz=    0.4234    axis=(  0.728184 -0.372278  0.575463)
     C   22  Q=         1.0000 1e-30 m^2  Cq=         0.9949 MHz  eta= 0.39072

     C   23    Vxx=   -0.2999    axis=( -0.274236  0.510717  0.814839)
     C   23    Vyy=   -0.4369    axis=( -0.946099 -0.295107 -0.133447)
     C   23    Vzz=    0.7369    axis=(  0.172310 -0.807515  0.564118)
     C   23  Q=         1.0000 1e-30 m^2  Cq=         1.7314 MHz  eta= 0.18591

     Cl  24    Vxx=    1.2242    axis=( -0.496162  0.694395 -0.521190)
     Cl  24    Vyy=    1.4541    axis=(  0.812812  0.582521  0.002328)
     Cl  24    Vzz=   -2.6783    axis=( -0.305221  0.422474  0.853438)
     Cl  24  Q=        -8.1650 1e-30 m^2  Cq=        51.3823 MHz  eta= 0.08586

     Initialization:
     gipaw_setup  :      9.44s CPU     11.46s WALL (       1 calls)

     Linear response

     Apply operators

     Induced current

     Other routines
     efg          :     10.29s CPU     20.80s WALL (       1 calls)

     General routines
     calbec       :      3.23s CPU      4.48s WALL (      16 calls)
     fft          :      1.66s CPU      2.70s WALL (      15 calls)
     ffts         :      0.04s CPU      0.05s WALL (       2 calls)
     fftw         :      4.14s CPU      7.18s WALL (     672 calls)
     davcio       :      0.08s CPU      5.60s WALL (      32 calls)

     Parallel routines
     fft_scatter  :      3.11s CPU      7.02s WALL (     689 calls)

     Plugins

     GIPAW        :     62.31s CPU     83.46s WALL (       1 calls)
