
     Program QE v.6.0 (svn rev. 13079) starts on 19Jan2017 at 21:16: 4 

     This program is part of the open-source Quantum ESPRESSO suite
     for quantum simulation of materials; please cite
         "P. Giannozzi et al., J. Phys.:Condens. Matter 21 395502 (2009);
          URL http://www.quantum-espresso.org", 
     in publications or presentations arising from this work. More details at
     http://www.quantum-espresso.org/quote

     Parallel version (MPI), running on     8 processors
     R & G space division:  proc/nbgrp/npool/nimage =       8

     ***** This is GIPAW svn revision unknown      *****

     Parallelizing q-star over 1 images

     Reading data from directory:
     /users/majewski/paradichlorobenzene/pbe/9_constraint/scratch/pbe.ecut100.np8.dt60.pcl2phi-129368.save
     Message from routine read_xml_file:
     file /users/majewski/paradichlorobenzene/pbe/9_constraint/scratch/pbe.ecut100.np8.dt60.pcl2phi-129368.save not guaranteed to be safe for post-processing

   Info: using nr1, nr2, nr3 values from input

   Info: using nr1, nr2, nr3 values from input

     IMPORTANT: XC functional enforced from input :
     Exchange-correlation      =  SLA  PW   PBX  PBC ( 1  4  3  4 0 0)
     Any further DFT definition will be discarded
     Please, verify this is what you really want

               file C.pbe-n-kjpaw_psl.1.0.0.UPF: wavefunction(s)  2S 2P renormalized
               file Cl.pbe-n-kjpaw_psl.1.0.0.UPF: wavefunction(s)  3S 3P renormalized
               file H.pbe-kjpaw_psl.1.0.0.UPF: wavefunction(s)  1S renormalized

     Parallelization info
     --------------------
     sticks:   dense  smooth     PW     G-vecs:    dense   smooth      PW
     Min        3057    1223    332               144436    36536    5170
     Max        3059    1225    333               144437    36537    5171
     Sum       24467    9791   2657              1155489   292295   41363


     Subspace diagonalization in iterative solution of the eigenvalue problem:
     a serial algorithm will be used

     GIPAW projectors -----------------------------------------------
     atom=  C    l=0  rc=    1.2000  rs=    0.8000
     atom=  C    l=0  rc=    1.2000  rs=    0.8000
     atom=  C    l=1  rc=    1.4000  rs=    0.9333
     atom=  C    l=1  rc=    1.4000  rs=    0.9333
     projs nearly linearly dependent: l=1  n1,n2= 1, 2  s=  0.99951561

     atom=  Cl   l=0  rc=    1.6000  rs=    1.0667
     atom=  Cl   l=0  rc=    1.6000  rs=    1.0667
     atom=  Cl   l=1  rc=    1.6000  rs=    1.0667
     atom=  Cl   l=1  rc=    1.6000  rs=    1.0667
     atom=  Cl   l=2  rc=    1.6000  rs=    1.0667
     atom=  Cl   l=2  rc=    1.6000  rs=    1.0667
     projs nearly linearly dependent: l=2  n1,n2= 1, 2  s=  0.99993509

     atom=  H    l=0  rc=    1.0000  rs=    0.6667
     atom=  H    l=0  rc=    1.0000  rs=    0.6667
     projs nearly linearly dependent: l=0  n1,n2= 1, 2  s=  0.99968852
     -----------------------------------------------------------------

     GIPAW integrals: -------------------------------------------
     Atom  i/j   nmr_para   nmr_dia   epr_rmc  epr_para   epr_dia
       C   1 1   0.83E+03  0.17E-01  0.93E+01  0.24E+08  0.24E+03
       C   2 1   0.86E+03 -0.61E-01  0.94E+01  0.25E+08  0.25E+03
       C   2 2   0.90E+03 -0.15E+00  0.97E+01  0.26E+08  0.26E+03
       C   3 3   0.33E+01  0.34E+00  0.18E+01  0.55E+03  0.21E+02
       C   4 3   0.35E+01  0.37E+00  0.20E+01  0.59E+03  0.22E+02
       C   4 4   0.38E+01  0.39E+00  0.22E+01  0.63E+03  0.24E+02
       Cl  1 1   0.14E+04 -0.47E+00  0.84E+01  0.32E+09  0.42E+03
       Cl  2 1   0.21E+04 -0.37E+00  0.12E+02  0.49E+09  0.65E+03
       Cl  2 2   0.33E+04 -0.16E+00  0.21E+02  0.76E+09  0.10E+04
       Cl  3 3   0.21E+02  0.79E-01  0.89E+01  0.23E+05  0.13E+03
       Cl  4 3   0.24E+02  0.67E-01  0.99E+01  0.27E+05  0.15E+03
       Cl  4 4   0.28E+02  0.44E-01  0.11E+02  0.32E+05  0.18E+03
       Cl  5 5   0.77E+00  0.19E+00  0.18E+01  0.12E+03  0.22E+02
       Cl  6 5   0.80E+00  0.19E+00  0.19E+01  0.12E+03  0.23E+02
       Cl  6 6   0.83E+00  0.20E+00  0.19E+01  0.12E+03  0.23E+02
       H   1 1   0.39E+02  0.19E+00  0.29E+00  0.78E+05  0.13E+02
       H   2 1   0.41E+02  0.21E+00  0.32E+00  0.82E+05  0.14E+02
       H   2 2   0.43E+02  0.22E+00  0.36E+00  0.86E+05  0.15E+02
     ------------------------------------------------------------

     alpha_pv=     34.1381 eV

     Number of occupied bands for each k-point:
     k-point:     1    nbnd_occ=  42
     k-point:     2    nbnd_occ=  42
     k-point:     3    nbnd_occ=  42
     k-point:     4    nbnd_occ=  42
     k-point:     5    nbnd_occ=  42
     k-point:     6    nbnd_occ=  42
     k-point:     7    nbnd_occ=  42
     k-point:     8    nbnd_occ=  42
     k-point:     9    nbnd_occ=  42
     k-point:    10    nbnd_occ=  42
     k-point:    11    nbnd_occ=  42
     k-point:    12    nbnd_occ=  42
     k-point:    13    nbnd_occ=  42
     k-point:    14    nbnd_occ=  42
     k-point:    15    nbnd_occ=  42
     k-point:    16    nbnd_occ=  42


     q-space interpolation up to   110.00 Rydberg

     GIPAW job: efg                                                                             


     ELECTRIC FIELD GRADIENTS TENSORS IN Hartree/bohrradius^2:

     ----- bare term -----
     Cl   1        0.030147        0.064832       -0.017470
     Cl   1        0.064832        0.042092        0.013535
     Cl   1       -0.017470        0.013535       -0.072240

     C    2       -0.685661        0.436338       -0.382752
     C    2        0.436338        0.368738       -0.118690
     C    2       -0.382752       -0.118690        0.316922

     C    3        0.273390        0.062839       -0.138356
     C    3        0.062839       -0.161381       -0.441024
     C    3       -0.138356       -0.441024       -0.112009

     H    4        0.021338        0.145820       -0.480817
     H    4        0.145820       -0.015699        0.203875
     H    4       -0.480817        0.203875       -0.005639

     C    5       -0.600835        0.288909       -0.137887
     C    5        0.288909        0.257400       -0.034019
     C    5       -0.137887       -0.034019        0.343434

     H    6        0.463421       -0.066828        0.189887
     H    6       -0.066828       -0.082210       -0.259957
     H    6        0.189887       -0.259957       -0.381210

     H    7        0.383916        0.276601       -0.133987
     H    7        0.276601       -0.533170        0.540050
     H    7       -0.133987        0.540050        0.149253

     C    8       -0.050976       -0.218716       -0.102942
     C    8       -0.218716       -0.066068        0.412701
     C    8       -0.102942        0.412701        0.117044

     H    9       -0.262427        0.518646       -0.005593
     H    9        0.518646       -0.077009       -0.136778
     H    9       -0.005593       -0.136778        0.339436

     C   10       -0.429887       -0.225191       -0.074219
     C   10       -0.225191        0.087263        0.152556
     C   10       -0.074219        0.152556        0.342624

     C   11       -0.008298        0.068838       -0.240075
     C   11        0.068838        0.018134        0.619133
     C   11       -0.240075        0.619133       -0.009836

     Cl  12       -0.049784       -0.198363        0.031839
     Cl  12       -0.198363       -0.050135       -0.140008
     Cl  12        0.031839       -0.140008        0.099919

     H   13        0.387380        0.102698        0.170233
     H   13        0.102698       -0.223916       -0.621249
     H   13        0.170233       -0.621249       -0.163464

     C   14       -0.163692        0.003859       -0.333019
     C   14        0.003859       -0.200392       -0.328436
     C   14       -0.333019       -0.328436        0.364084

     H   15       -0.084477       -0.180347       -0.461760
     H   15       -0.180347        0.370451       -0.336656
     H   15       -0.461760       -0.336656       -0.285974

     C   16       -0.611267        0.344345       -0.362654
     C   16        0.344345        0.133284       -0.100693
     C   16       -0.362654       -0.100693        0.477984

     C   17        0.001351       -0.093536       -0.291132
     C   17       -0.093536        0.052491       -0.666768
     C   17       -0.291132       -0.666768       -0.053842

     Cl  18       -0.266934        0.237974       -0.009153
     Cl  18        0.237974        0.138242       -0.164837
     Cl  18       -0.009153       -0.164837        0.128693

     H   19        0.348876        0.141004        0.058920
     H   19        0.141004       -0.553253        0.493482
     H   19        0.058920        0.493482        0.204376

     C   20       -0.768375       -0.321643       -0.373689
     C   20       -0.321643        0.338906        0.046046
     C   20       -0.373689        0.046046        0.429469

     H   21       -0.563008       -0.111580        0.020425
     H   21       -0.111580        0.273760        0.352692
     H   21        0.020425        0.352692        0.289248

     C   22        0.119234        0.059505       -0.184848
     C   22        0.059505       -0.417762        0.503247
     C   22       -0.184848        0.503247        0.298528

     C   23       -0.826635       -0.463437       -0.348111
     C   23       -0.463437        0.311090        0.010098
     C   23       -0.348111        0.010098        0.515545

     Cl  24        0.080804       -0.041235        0.109474
     Cl  24       -0.041235       -0.001086        0.142367
     Cl  24        0.109474        0.142367       -0.079719

     ----- ionic term -----
     Cl   1        0.130522       -0.241110        0.014719
     Cl   1       -0.241110        0.018432       -0.001089
     Cl   1        0.014719       -0.001089       -0.148953

     C    2        0.134048       -0.255459        0.341897
     C    2       -0.255459       -0.014941        0.424349
     C    2        0.341897        0.424349       -0.119108

     C    3        0.114896       -0.268864        0.201858
     C    3       -0.268864        0.061351        0.428065
     C    3        0.201858        0.428065       -0.176246

     H    4        0.554664        0.236566        0.709602
     H    4        0.236566       -0.453684        0.221374
     H    4        0.709602        0.221374       -0.100979

     C    5        0.237186       -0.297750        0.252548
     C    5       -0.297750       -0.009154        0.295978
     C    5        0.252548        0.295978       -0.228032

     H    6       -0.507318       -0.081502       -0.028630
     H    6       -0.081502        0.575603        0.748929
     H    6       -0.028630        0.748929       -0.068285

     H    7       -0.514307       -0.102882        0.071899
     H    7       -0.102882        0.487764       -0.783769
     H    7        0.071899       -0.783769        0.026543

     C    8        0.345353        0.172338        0.092307
     C    8        0.172338        0.001763       -0.350740
     C    8        0.092307       -0.350740       -0.347116

     H    9        0.765087       -0.353361        0.526423
     H    9       -0.353361       -0.415347       -0.227026
     H    9        0.526423       -0.227026       -0.349740

     C   10        0.216957        0.186496        0.056434
     C   10        0.186496        0.154564       -0.424445
     C   10        0.056434       -0.424445       -0.371521

     C   11        0.299851        0.095778        0.108511
     C   11        0.095778        0.109184       -0.380005
     C   11        0.108511       -0.380005       -0.409035

     Cl  12        0.136410        0.179936       -0.026473
     Cl  12        0.179936        0.007956       -0.029579
     Cl  12       -0.026473       -0.029579       -0.144367

     H   13       -0.528426       -0.022605        0.019795
     H   13       -0.022605        0.538304        0.775915
     H   13        0.019795        0.775915       -0.009878

     C   14        0.261983       -0.299627        0.301201
     C   14       -0.299627       -0.058842        0.303408
     C   14        0.301201        0.303408       -0.203141

     H   15        0.547647        0.190894        0.734129
     H   15        0.190894       -0.525995        0.207019
     H   15        0.734129        0.207019       -0.021652

     C   16        0.123207       -0.306006        0.185452
     C   16       -0.306006        0.046119        0.443123
     C   16        0.185452        0.443123       -0.169326

     C   17        0.118187       -0.241600        0.255085
     C   17       -0.241600        0.000835        0.464696
     C   17        0.255085        0.464696       -0.119022

     Cl  18        0.122438       -0.196534       -0.009262
     Cl  18       -0.196534        0.014382        0.019799
     Cl  18       -0.009262        0.019799       -0.136820

     H   19       -0.509027       -0.100753        0.025949
     H   19       -0.100753        0.905847       -0.518834
     H   19        0.025949       -0.518834       -0.396820

     C   20        0.339005        0.142568        0.079012
     C   20        0.142568        0.141428       -0.279112
     C   20        0.079012       -0.279112       -0.480433

     H   21        0.752123       -0.351354        0.539675
     H   21       -0.351354       -0.392295       -0.214928
     H   21        0.539675       -0.214928       -0.359828

     C   22        0.176198        0.187142        0.086531
     C   22        0.187142        0.222153       -0.410326
     C   22        0.086531       -0.410326       -0.398351

     C   23        0.267212        0.141456        0.118115
     C   23        0.141456        0.126344       -0.397766
     C   23        0.118115       -0.397766       -0.393556

     Cl  24        0.153244        0.222286       -0.038790
     Cl  24        0.222286       -0.018750       -0.028668
     Cl  24       -0.038790       -0.028668       -0.134494

     ----- GIPAW term -----
     Cl   1        0.037813       -0.476614       -0.063936
     Cl   1       -0.476614        2.640069        0.125828
     Cl   1       -0.063936        0.125828       -2.677882

     C    2       -0.164192        0.044444       -0.038440
     C    2        0.044444        0.297867        0.042530
     C    2       -0.038440        0.042530       -0.133675

     C    3       -0.026509       -0.003591       -0.008893
     C    3       -0.003591        0.118652       -0.034913
     C    3       -0.008893       -0.034913       -0.092143

     H    4       -0.000000        0.000000        0.000000
     H    4        0.000000        0.000000        0.000000
     H    4        0.000000        0.000000        0.000000

     C    5       -0.100725       -0.012743        0.010685
     C    5       -0.012743        0.118391       -0.025730
     C    5        0.010685       -0.025730       -0.017666

     H    6       -0.000000        0.000000        0.000000
     H    6        0.000000        0.000000        0.000000
     H    6        0.000000        0.000000        0.000000

     H    7       -0.000000        0.000000        0.000000
     H    7        0.000000        0.000000        0.000000
     H    7        0.000000        0.000000        0.000000

     C    8       -0.079900       -0.123468        0.019071
     C    8       -0.123468        0.219479        0.022078
     C    8        0.019071        0.022078       -0.139579

     H    9       -0.000000        0.000000        0.000000
     H    9        0.000000        0.000000        0.000000
     H    9        0.000000        0.000000        0.000000

     C   10       -0.116760       -0.041640       -0.025620
     C   10       -0.041640        0.124920        0.088756
     C   10       -0.025620        0.088756       -0.008160

     C   11       -0.051997        0.029669       -0.046534
     C   11        0.029669        0.138120        0.174256
     C   11       -0.046534        0.174256       -0.086123

     Cl  12       -0.781438        0.021442       -0.575994
     Cl  12        0.021442        0.565732        1.806077
     Cl  12       -0.575994        1.806077        0.215706

     H   13       -0.000000        0.000000        0.000000
     H   13        0.000000        0.000000        0.000000
     H   13        0.000000        0.000000        0.000000

     C   14       -0.082916       -0.068978       -0.097284
     C   14       -0.068978       -0.013989        0.088372
     C   14       -0.097284        0.088372        0.096905

     H   15       -0.000000        0.000000        0.000000
     H   15        0.000000        0.000000        0.000000
     H   15        0.000000        0.000000        0.000000

     C   16       -0.205051       -0.020020       -0.120144
     C   16       -0.020020        0.130588        0.141804
     C   16       -0.120144        0.141804        0.074463

     C   17       -0.063326       -0.084144       -0.037608
     C   17       -0.084144        0.270225       -0.083578
     C   17       -0.037608       -0.083578       -0.206898

     Cl  18       -0.739152       -0.881563       -0.218883
     Cl  18       -0.881563        1.683418       -1.825057
     Cl  18       -0.218883       -1.825057       -0.944266

     H   19       -0.000000        0.000000        0.000000
     H   19        0.000000        0.000000        0.000000
     H   19        0.000000        0.000000        0.000000

     C   20       -0.142953        0.126039       -0.079519
     C   20        0.126039        0.214793       -0.114170
     C   20       -0.079519       -0.114170       -0.071839

     H   21       -0.000000        0.000000        0.000000
     H   21        0.000000        0.000000        0.000000
     H   21        0.000000        0.000000        0.000000

     C   22       -0.082753        0.089155       -0.053582
     C   22        0.089155        0.054775       -0.142632
     C   22       -0.053582       -0.142632        0.027978

     C   23       -0.161418        0.015937       -0.041112
     C   23        0.015937        0.165009       -0.155196
     C   23       -0.041112       -0.155196       -0.003591

     Cl  24       -0.417992        1.362579       -0.103439
     Cl  24        1.362579       -0.492298       -1.371601
     Cl  24       -0.103439       -1.371601        0.910290

     ----- total EFG -----
     Cl   1        0.198482       -0.652891       -0.066687
     Cl   1       -0.652891        2.700593        0.138274
     Cl   1       -0.066687        0.138274       -2.899075

     C    2       -0.715804        0.225323       -0.079296
     C    2        0.225323        0.651665        0.348189
     C    2       -0.079296        0.348189        0.064140

     C    3        0.361777       -0.209617        0.054609
     C    3       -0.209617        0.018621       -0.047871
     C    3        0.054609       -0.047871       -0.380398

     H    4        0.576002        0.382386        0.228785
     H    4        0.382386       -0.469383        0.425249
     H    4        0.228785        0.425249       -0.106619

     C    5       -0.464373       -0.021585        0.125346
     C    5       -0.021585        0.366637        0.236229
     C    5        0.125346        0.236229        0.097736

     H    6       -0.043898       -0.148331        0.161257
     H    6       -0.148331        0.493393        0.488972
     H    6        0.161257        0.488972       -0.449495

     H    7       -0.130390        0.173719       -0.062087
     H    7        0.173719       -0.045405       -0.243719
     H    7       -0.062087       -0.243719        0.175796

     C    8        0.214478       -0.169846        0.008436
     C    8       -0.169846        0.155174        0.084039
     C    8        0.008436        0.084039       -0.369651

     H    9        0.502660        0.165285        0.520830
     H    9        0.165285       -0.492356       -0.363803
     H    9        0.520830       -0.363803       -0.010304

     C   10       -0.329690       -0.080334       -0.043405
     C   10       -0.080334        0.366746       -0.183133
     C   10       -0.043405       -0.183133       -0.037056

     C   11        0.239556        0.194285       -0.178098
     C   11        0.194285        0.265438        0.413384
     C   11       -0.178098        0.413384       -0.504994

     Cl  12       -0.694812        0.003016       -0.570628
     Cl  12        0.003016        0.523553        1.636490
     Cl  12       -0.570628        1.636490        0.171259

     H   13       -0.141046        0.080093        0.190028
     H   13        0.080093        0.314388        0.154666
     H   13        0.190028        0.154666       -0.173342

     C   14        0.015375       -0.364746       -0.129101
     C   14       -0.364746       -0.273222        0.063345
     C   14       -0.129101        0.063345        0.257847

     H   15        0.463171        0.010547        0.272369
     H   15        0.010547       -0.155544       -0.129637
     H   15        0.272369       -0.129637       -0.307626

     C   16       -0.693112        0.018319       -0.297347
     C   16        0.018319        0.309991        0.484234
     C   16       -0.297347        0.484234        0.383121

     C   17        0.056212       -0.419280       -0.073655
     C   17       -0.419280        0.323551       -0.285649
     C   17       -0.073655       -0.285649       -0.379763

     Cl  18       -0.883649       -0.840123       -0.237299
     Cl  18       -0.840123        1.836042       -1.970095
     Cl  18       -0.237299       -1.970095       -0.952393

     H   19       -0.160150        0.040251        0.084868
     H   19        0.040251        0.352594       -0.025352
     H   19        0.084868       -0.025352       -0.192444

     C   20       -0.572324       -0.053036       -0.374197
     C   20       -0.053036        0.695127       -0.347236
     C   20       -0.374197       -0.347236       -0.122803

     H   21        0.189115       -0.462934        0.560100
     H   21       -0.462934       -0.118535        0.137764
     H   21        0.560100        0.137764       -0.070580

     C   22        0.212679        0.335801       -0.151900
     C   22        0.335801       -0.140834       -0.049710
     C   22       -0.151900       -0.049710       -0.071845

     C   23       -0.720842       -0.306045       -0.271107
     C   23       -0.306045        0.602444       -0.542864
     C   23       -0.271107       -0.542864        0.118398

     Cl  24       -0.183944        1.543629       -0.032755
     Cl  24        1.543629       -0.512134       -1.257901
     Cl  24       -0.032755       -1.257901        0.696078

     ----- total EFG (symmetrized) -----
     Cl   1        0.198482       -0.652891       -0.066687
     Cl   1       -0.652891        2.700593        0.138274
     Cl   1       -0.066687        0.138274       -2.899075

     C    2       -0.715804        0.225323       -0.079296
     C    2        0.225323        0.651665        0.348189
     C    2       -0.079296        0.348189        0.064140

     C    3        0.361777       -0.209617        0.054609
     C    3       -0.209617        0.018621       -0.047871
     C    3        0.054609       -0.047871       -0.380398

     H    4        0.576002        0.382386        0.228785
     H    4        0.382386       -0.469383        0.425249
     H    4        0.228785        0.425249       -0.106619

     C    5       -0.464373       -0.021585        0.125346
     C    5       -0.021585        0.366637        0.236229
     C    5        0.125346        0.236229        0.097736

     H    6       -0.043898       -0.148331        0.161257
     H    6       -0.148331        0.493393        0.488972
     H    6        0.161257        0.488972       -0.449495

     H    7       -0.130390        0.173719       -0.062087
     H    7        0.173719       -0.045405       -0.243719
     H    7       -0.062087       -0.243719        0.175796

     C    8        0.214478       -0.169846        0.008436
     C    8       -0.169846        0.155174        0.084039
     C    8        0.008436        0.084039       -0.369651

     H    9        0.502660        0.165285        0.520830
     H    9        0.165285       -0.492356       -0.363803
     H    9        0.520830       -0.363803       -0.010304

     C   10       -0.329690       -0.080334       -0.043405
     C   10       -0.080334        0.366746       -0.183133
     C   10       -0.043405       -0.183133       -0.037056

     C   11        0.239556        0.194285       -0.178098
     C   11        0.194285        0.265438        0.413384
     C   11       -0.178098        0.413384       -0.504994

     Cl  12       -0.694812        0.003016       -0.570628
     Cl  12        0.003016        0.523553        1.636490
     Cl  12       -0.570628        1.636490        0.171259

     H   13       -0.141046        0.080093        0.190028
     H   13        0.080093        0.314388        0.154666
     H   13        0.190028        0.154666       -0.173342

     C   14        0.015375       -0.364746       -0.129101
     C   14       -0.364746       -0.273222        0.063345
     C   14       -0.129101        0.063345        0.257847

     H   15        0.463171        0.010547        0.272369
     H   15        0.010547       -0.155544       -0.129637
     H   15        0.272369       -0.129637       -0.307626

     C   16       -0.693112        0.018319       -0.297347
     C   16        0.018319        0.309991        0.484234
     C   16       -0.297347        0.484234        0.383121

     C   17        0.056212       -0.419280       -0.073655
     C   17       -0.419280        0.323551       -0.285649
     C   17       -0.073655       -0.285649       -0.379763

     Cl  18       -0.883649       -0.840123       -0.237299
     Cl  18       -0.840123        1.836042       -1.970095
     Cl  18       -0.237299       -1.970095       -0.952393

     H   19       -0.160150        0.040251        0.084868
     H   19        0.040251        0.352594       -0.025352
     H   19        0.084868       -0.025352       -0.192444

     C   20       -0.572324       -0.053036       -0.374197
     C   20       -0.053036        0.695127       -0.347236
     C   20       -0.374197       -0.347236       -0.122803

     H   21        0.189115       -0.462934        0.560100
     H   21       -0.462934       -0.118535        0.137764
     H   21        0.560100        0.137764       -0.070580

     C   22        0.212679        0.335801       -0.151900
     C   22        0.335801       -0.140834       -0.049710
     C   22       -0.151900       -0.049710       -0.071845

     C   23       -0.720842       -0.306045       -0.271107
     C   23       -0.306045        0.602444       -0.542864
     C   23       -0.271107       -0.542864        0.118398

     Cl  24       -0.183944        1.543629       -0.032755
     Cl  24        1.543629       -0.512134       -1.257901
     Cl  24       -0.032755       -1.257901        0.696078


     NQR/NMR SPECTROSCOPIC PARAMETERS:
     Cl   1    Vxx=    0.0387    axis=(  0.971026  0.238729 -0.010806)
     Cl   1    Vyy=    2.8646    axis=( -0.238388  0.970820  0.026049)
     Cl   1    Vzz=   -2.9033    axis=(  0.016709 -0.022718  0.999602)
     Cl   1  Q=        -8.1650 1e-30 m^2  Cq=        55.6990 MHz  eta= 0.97333

     C    2    Vxx=   -0.0574    axis=( -0.234185 -0.367542  0.900039)
     C    2    Vyy=   -0.7753    axis=( -0.965739  0.194436 -0.171880)
     C    2    Vzz=    0.8327    axis=( -0.111827 -0.909455 -0.400484)
     C    2  Q=         1.0000 1e-30 m^2  Cq=         1.9565 MHz  eta= 0.86210

     C    3    Vxx=   -0.0794    axis=(  0.434717  0.898290 -0.063997)
     C    3    Vyy=   -0.3874    axis=(  0.046387 -0.093304 -0.994556)
     C    3    Vzz=    0.4668    axis=( -0.899371  0.429382 -0.082230)
     C    3  Q=         1.0000 1e-30 m^2  Cq=         1.0969 MHz  eta= 0.65980

     H    4    Vxx=   -0.0597    axis=( -0.498430  0.355481  0.790697)
     H    4    Vyy=   -0.7816    axis=( -0.159833  0.858749 -0.486830)
     H    4    Vzz=    0.8413    axis=(  0.852069  0.369030  0.371209)
     H    4  Q=         1.0000 1e-30 m^2  Cq=         1.9767 MHz  eta= 0.85818

     C    5    Vxx=   -0.0087    axis=(  0.251054 -0.505221  0.825666)
     C    5    Vyy=   -0.4974    axis=(  0.966836  0.089549 -0.239184)
     C    5    Vzz=    0.5061    axis=(  0.046904  0.858331  0.510948)
     C    5  Q=         1.0000 1e-30 m^2  Cq=         1.1891 MHz  eta= 0.96562

     H    6    Vxx=    0.0119    axis=(  0.950658 -0.021443  0.309497)
     H    6    Vyy=    0.7087    axis=( -0.101284  0.921494  0.374953)
     H    6    Vzz=   -0.7206    axis=( -0.293240 -0.387799  0.873855)
     H    6  Q=         1.0000 1e-30 m^2  Cq=        -1.6931 MHz  eta= 0.96684

     H    7    Vxx=   -0.0795    axis=(  0.713945  0.411552  0.566487)
     H    7    Vyy=   -0.2974    axis=( -0.638209  0.715297  0.284675)
     H    7    Vzz=    0.3769    axis=( -0.288048 -0.564780  0.773338)
     H    7  Q=         1.0000 1e-30 m^2  Cq=         0.8856 MHz  eta= 0.57808

     C    8    Vxx=    0.0245    axis=(  0.652496  0.738169  0.171335)
     C    8    Vyy=    0.3604    axis=(  0.755189 -0.652142 -0.066344)
     C    8    Vzz=   -0.3850    axis=( -0.062762 -0.172679  0.982977)
     C    8  Q=         1.0000 1e-30 m^2  Cq=        -0.9045 MHz  eta= 0.87247

     H    9    Vxx=   -0.0107    axis=(  0.442043  0.632235 -0.636300)
     H    9    Vyy=   -0.8184    axis=( -0.313855  0.773545  0.550566)
     H    9    Vzz=    0.8290    axis=( -0.840294  0.043668 -0.540370)
     H    9  Q=         1.0000 1e-30 m^2  Cq=         1.9478 MHz  eta= 0.97431

     C   10    Vxx=   -0.0883    axis=( -0.269362  0.318239  0.908938)
     C   10    Vyy=   -0.3537    axis=(  0.959915  0.164684  0.226810)
     C   10    Vzz=    0.4420    axis=( -0.077508  0.933597 -0.349842)
     C   10  Q=         1.0000 1e-30 m^2  Cq=         1.0386 MHz  eta= 0.60043

     C   11    Vxx=    0.2447    axis=(  0.859897 -0.332303 -0.387494)
     C   11    Vyy=    0.4996    axis=( -0.450583 -0.850852 -0.270234)
     C   11    Vzz=   -0.7443    axis=(  0.239901 -0.406972  0.881375)
     C   11  Q=         1.0000 1e-30 m^2  Cq=        -1.7489 MHz  eta= 0.34243

     Cl  12    Vxx=   -0.5187    axis=(  0.869747  0.415520 -0.266239)
     Cl  12    Vyy=   -1.5281    axis=( -0.473327  0.549718 -0.688311)
     Cl  12    Vzz=    2.0468    axis=(  0.139651 -0.724675 -0.674792)
     Cl  12  Q=        -8.1650 1e-30 m^2  Cq=       -39.2671 MHz  eta= 0.49317

     H   13    Vxx=   -0.0397    axis=(  0.723482 -0.407167  0.557485)
     H   13    Vyy=   -0.3539    axis=(  0.641760  0.099094 -0.760477)
     H   13    Vzz=    0.3936    axis=(  0.254397  0.907962  0.332996)
     H   13  Q=         1.0000 1e-30 m^2  Cq=         0.9247 MHz  eta= 0.79828

     C   14    Vxx=    0.1185    axis=(  0.566987 -0.412650  0.712914)
     C   14    Vyy=    0.4032    axis=(  0.598469 -0.388327 -0.700740)
     C   14    Vzz=   -0.5217    axis=( -0.566004 -0.823967 -0.026782)
     C   14  Q=         1.0000 1e-30 m^2  Cq=        -1.2258 MHz  eta= 0.54570

     H   15    Vxx=   -0.1019    axis=(  0.159515  0.916671 -0.366427)
     H   15    Vyy=   -0.4490    axis=( -0.266753  0.397396  0.878020)
     H   15    Vzz=    0.5509    axis=(  0.950473 -0.042312  0.307915)
     H   15  Q=         1.0000 1e-30 m^2  Cq=         1.2945 MHz  eta= 0.63013

     C   16    Vxx=   -0.0697    axis=( -0.305487 -0.743672  0.594668)
     C   16    Vyy=   -0.7905    axis=( -0.942560  0.147552 -0.299680)
     C   16    Vzz=    0.8602    axis=(  0.135120 -0.652059 -0.746031)
     C   16  Q=         1.0000 1e-30 m^2  Cq=         2.0212 MHz  eta= 0.83796

     C   17    Vxx=   -0.0944    axis=(  0.744781  0.365616 -0.558234)
     C   17    Vyy=   -0.5710    axis=(  0.389655  0.440840  0.808597)
     C   17    Vzz=    0.6654    axis=(  0.541728 -0.819747  0.185865)
     C   17  Q=         1.0000 1e-30 m^2  Cq=         1.5634 MHz  eta= 0.71624

     Cl  18    Vxx=   -0.7141    axis=(  0.891903 -0.053116 -0.449097)
     Cl  18    Vyy=   -2.2488    axis=(  0.420495  0.462847  0.780357)
     Cl  18    Vzz=    2.9629    axis=(  0.166414 -0.884845  0.435150)
     Cl  18  Q=        -8.1650 1e-30 m^2  Cq=       -56.8417 MHz  eta= 0.51795

     H   19    Vxx=   -0.0904    axis=( -0.764466  0.032615 -0.643838)
     H   19    Vyy=   -0.2660    axis=( -0.640637  0.073012  0.764365)
     H   19    Vzz=    0.3564    axis=( -0.071938 -0.996798  0.034921)
     H   19  Q=         1.0000 1e-30 m^2  Cq=         0.8374 MHz  eta= 0.49274

     C   20    Vxx=   -0.0105    axis=(  0.543691 -0.337324 -0.768513)
     C   20    Vyy=   -0.8171    axis=(  0.836986  0.150183  0.526212)
     C   20    Vzz=    0.8276    axis=(  0.062086  0.929332 -0.363988)
     C   20  Q=         1.0000 1e-30 m^2  Cq=         1.9445 MHz  eta= 0.97466

     H   21    Vxx=    0.0369    axis=(  0.063181 -0.760758 -0.645953)
     H   21    Vyy=    0.7388    axis=( -0.796813  0.351265 -0.491631)
     H   21    Vzz=   -0.7757    axis=(  0.600913  0.545766 -0.583989)
     H   21  Q=         1.0000 1e-30 m^2  Cq=        -1.8225 MHz  eta= 0.90489

     C   22    Vxx=   -0.1122    axis=(  0.163510  0.270904  0.948618)
     C   22    Vyy=   -0.3488    axis=( -0.536426  0.831403 -0.144969)
     C   22    Vzz=    0.4611    axis=( -0.827956 -0.485159  0.281263)
     C   22  Q=         1.0000 1e-30 m^2  Cq=         1.0833 MHz  eta= 0.51318

     C   23    Vxx=   -0.0171    axis=( -0.481434  0.430938  0.763226)
     C   23    Vyy=   -0.9453    axis=( -0.873679 -0.305538 -0.378592)
     C   23    Vzz=    0.9625    axis=(  0.070045 -0.849081  0.523597)
     C   23  Q=         1.0000 1e-30 m^2  Cq=         2.2614 MHz  eta= 0.96445

     Cl  24    Vxx=    0.2743    axis=(  0.680700  0.216908  0.699714)
     Cl  24    Vyy=    1.9365    axis=(  0.459428  0.617567 -0.638386)
     Cl  24    Vzz=   -2.2108    axis=(  0.570591 -0.756017 -0.320724)
     Cl  24  Q=        -8.1650 1e-30 m^2  Cq=        42.4131 MHz  eta= 0.75188

     Initialization:
     gipaw_setup  :      8.89s CPU     10.63s WALL (       1 calls)

     Linear response

     Apply operators

     Induced current

     Other routines
     efg          :      9.29s CPU     11.51s WALL (       1 calls)

     General routines
     calbec       :      3.26s CPU      4.19s WALL (      16 calls)
     fft          :      1.45s CPU      2.07s WALL (      15 calls)
     ffts         :      0.04s CPU      0.06s WALL (       2 calls)
     fftw         :      3.25s CPU      3.96s WALL (     672 calls)
     davcio       :      0.03s CPU      0.33s WALL (      32 calls)

     Parallel routines
     fft_scatter  :      2.06s CPU      3.07s WALL (     689 calls)

     Plugins

     GIPAW        :     60.12s CPU     71.10s WALL (       1 calls)
