
     Program QE v.6.0 (svn rev. 13079) starts on 19Dec2016 at 17:44: 3 

     This program is part of the open-source Quantum ESPRESSO suite
     for quantum simulation of materials; please cite
         "P. Giannozzi et al., J. Phys.:Condens. Matter 21 395502 (2009);
          URL http://www.quantum-espresso.org", 
     in publications or presentations arising from this work. More details at
     http://www.quantum-espresso.org/quote

     Parallel version (MPI), running on     8 processors
     R & G space division:  proc/nbgrp/npool/nimage =       8

     ***** This is GIPAW svn revision unknown      *****

     Parallelizing q-star over 1 images

     Reading data from directory:
     /users/majewski/paradichlorobenzene/pbe/9_constraint/scratch/pbe.ecut100.np8.dt60.pcl2phi-129368.save
     Message from routine read_xml_file:
     file /users/majewski/paradichlorobenzene/pbe/9_constraint/scratch/pbe.ecut100.np8.dt60.pcl2phi-129368.save not guaranteed to be safe for post-processing

   Info: using nr1, nr2, nr3 values from input

   Info: using nr1, nr2, nr3 values from input

     IMPORTANT: XC functional enforced from input :
     Exchange-correlation      =  SLA  PW   PBX  PBC ( 1  4  3  4 0 0)
     Any further DFT definition will be discarded
     Please, verify this is what you really want

               file C.pbe-n-kjpaw_psl.1.0.0.UPF: wavefunction(s)  2S 2P renormalized
               file Cl.pbe-n-kjpaw_psl.1.0.0.UPF: wavefunction(s)  3S 3P renormalized
               file H.pbe-kjpaw_psl.1.0.0.UPF: wavefunction(s)  1S renormalized

     Parallelization info
     --------------------
     sticks:   dense  smooth     PW     G-vecs:    dense   smooth      PW
     Min        3057    1223    332               144436    36536    5170
     Max        3059    1225    333               144437    36537    5171
     Sum       24467    9791   2657              1155489   292295   41363


     Subspace diagonalization in iterative solution of the eigenvalue problem:
     a serial algorithm will be used

     GIPAW projectors -----------------------------------------------
     atom=  C    l=0  rc=    1.2000  rs=    0.8000
     atom=  C    l=0  rc=    1.2000  rs=    0.8000
     atom=  C    l=1  rc=    1.4000  rs=    0.9333
     atom=  C    l=1  rc=    1.4000  rs=    0.9333
     projs nearly linearly dependent: l=1  n1,n2= 1, 2  s=  0.99951561

     atom=  Cl   l=0  rc=    1.6000  rs=    1.0667
     atom=  Cl   l=0  rc=    1.6000  rs=    1.0667
     atom=  Cl   l=1  rc=    1.6000  rs=    1.0667
     atom=  Cl   l=1  rc=    1.6000  rs=    1.0667
     atom=  Cl   l=2  rc=    1.6000  rs=    1.0667
     atom=  Cl   l=2  rc=    1.6000  rs=    1.0667
     projs nearly linearly dependent: l=2  n1,n2= 1, 2  s=  0.99993509

     atom=  H    l=0  rc=    1.0000  rs=    0.6667
     atom=  H    l=0  rc=    1.0000  rs=    0.6667
     projs nearly linearly dependent: l=0  n1,n2= 1, 2  s=  0.99968852
     -----------------------------------------------------------------

     GIPAW integrals: -------------------------------------------
     Atom  i/j   nmr_para   nmr_dia   epr_rmc  epr_para   epr_dia
       C   1 1   0.83E+03  0.17E-01  0.93E+01  0.24E+08  0.24E+03
       C   2 1   0.86E+03 -0.61E-01  0.94E+01  0.25E+08  0.25E+03
       C   2 2   0.90E+03 -0.15E+00  0.97E+01  0.26E+08  0.26E+03
       C   3 3   0.33E+01  0.34E+00  0.18E+01  0.55E+03  0.21E+02
       C   4 3   0.35E+01  0.37E+00  0.20E+01  0.59E+03  0.22E+02
       C   4 4   0.38E+01  0.39E+00  0.22E+01  0.63E+03  0.24E+02
       Cl  1 1   0.14E+04 -0.47E+00  0.84E+01  0.32E+09  0.42E+03
       Cl  2 1   0.21E+04 -0.37E+00  0.12E+02  0.49E+09  0.65E+03
       Cl  2 2   0.33E+04 -0.16E+00  0.21E+02  0.76E+09  0.10E+04
       Cl  3 3   0.21E+02  0.79E-01  0.89E+01  0.23E+05  0.13E+03
       Cl  4 3   0.24E+02  0.67E-01  0.99E+01  0.27E+05  0.15E+03
       Cl  4 4   0.28E+02  0.44E-01  0.11E+02  0.32E+05  0.18E+03
       Cl  5 5   0.77E+00  0.19E+00  0.18E+01  0.12E+03  0.22E+02
       Cl  6 5   0.80E+00  0.19E+00  0.19E+01  0.12E+03  0.23E+02
       Cl  6 6   0.83E+00  0.20E+00  0.19E+01  0.12E+03  0.23E+02
       H   1 1   0.39E+02  0.19E+00  0.29E+00  0.78E+05  0.13E+02
       H   2 1   0.41E+02  0.21E+00  0.32E+00  0.82E+05  0.14E+02
       H   2 2   0.43E+02  0.22E+00  0.36E+00  0.86E+05  0.15E+02
     ------------------------------------------------------------

     alpha_pv=     34.5122 eV

     Number of occupied bands for each k-point:
     k-point:     1    nbnd_occ=  42
     k-point:     2    nbnd_occ=  42
     k-point:     3    nbnd_occ=  42
     k-point:     4    nbnd_occ=  42
     k-point:     5    nbnd_occ=  42
     k-point:     6    nbnd_occ=  42
     k-point:     7    nbnd_occ=  42
     k-point:     8    nbnd_occ=  42
     k-point:     9    nbnd_occ=  42
     k-point:    10    nbnd_occ=  42
     k-point:    11    nbnd_occ=  42
     k-point:    12    nbnd_occ=  42
     k-point:    13    nbnd_occ=  42
     k-point:    14    nbnd_occ=  42
     k-point:    15    nbnd_occ=  42
     k-point:    16    nbnd_occ=  42


     q-space interpolation up to   110.00 Rydberg

     GIPAW job: efg                                                                             


     ELECTRIC FIELD GRADIENTS TENSORS IN Hartree/bohrradius^2:

     ----- bare term -----
     Cl   1       -0.072592        0.238337       -0.181230
     Cl   1        0.238337       -0.111732       -0.073592
     Cl   1       -0.181230       -0.073592        0.184324

     C    2        0.042837       -0.217514       -0.461174
     C    2       -0.217514       -0.370897       -0.438588
     C    2       -0.461174       -0.438588        0.328061

     C    3       -0.100892        0.320669       -0.099822
     C    3        0.320669        0.052800        0.012685
     C    3       -0.099822        0.012685        0.048092

     H    4        0.152644       -0.082154       -0.261770
     H    4       -0.082154        0.441077        0.055478
     H    4       -0.261770        0.055478       -0.593722

     C    5       -0.063498       -0.104980       -0.363473
     C    5       -0.104980       -0.154132       -0.306588
     C    5       -0.363473       -0.306588        0.217630

     H    6        0.365916        0.033946        0.272645
     H    6        0.033946        0.087555       -0.414233
     H    6        0.272645       -0.414233       -0.453471

     H    7        0.313164        0.155169       -0.074538
     H    7        0.155169       -0.489049        0.481604
     H    7       -0.074538        0.481604        0.175885

     C    8       -0.435452       -0.184593       -0.384392
     C    8       -0.184593       -0.011002        0.374220
     C    8       -0.384392        0.374220        0.446454

     H    9       -0.334916        0.465337       -0.052459
     H    9        0.465337        0.144559       -0.143737
     H    9       -0.052459       -0.143737        0.190357

     C   10       -0.127585       -0.369279       -0.042218
     C   10       -0.369279       -0.479593        0.511449
     C   10       -0.042218        0.511449        0.607178

     C   11       -0.133371        0.156125       -0.383157
     C   11        0.156125       -0.085372        0.519781
     C   11       -0.383157        0.519781        0.218743

     Cl  12       -0.123733       -0.160662        0.137665
     Cl  12       -0.160662       -0.110795       -0.061181
     Cl  12        0.137665       -0.061181        0.234528

     H   13        0.527092        0.002649       -0.083443
     H   13        0.002649       -0.244550       -0.342668
     H   13       -0.083443       -0.342668       -0.282542

     C   14       -0.725204        0.336933       -0.326615
     C   14        0.336933        0.333171       -0.212454
     C   14       -0.326615       -0.212454        0.392033

     H   15        0.097126       -0.050656       -0.430643
     H   15       -0.050656        0.307870        0.224262
     H   15       -0.430643        0.224262       -0.404996

     C   16       -0.036775        0.020968       -0.225894
     C   16        0.020968       -0.022921       -0.689593
     C   16       -0.225894       -0.689593        0.059697

     C   17       -0.496385        0.263944       -0.337631
     C   17        0.263944        0.113113       -0.252179
     C   17       -0.337631       -0.252179        0.383272

     Cl  18       -0.096456       -0.006463       -0.074004
     Cl  18       -0.006463       -0.044018       -0.129588
     Cl  18       -0.074004       -0.129588        0.140474

     H   19       -0.009962        0.423653       -0.081347
     H   19        0.423653       -0.355869        0.350329
     H   19       -0.081347        0.350329        0.365832

     C   20       -0.025650       -0.513031       -0.221695
     C   20       -0.513031       -0.345358        0.360803
     C   20       -0.221695        0.360803        0.371008

     H   21       -0.483016        0.428012        0.160159
     H   21        0.428012        0.237627       -0.077612
     H   21        0.160159       -0.077612        0.245390

     C   22       -0.103696       -0.172177       -0.387136
     C   22       -0.172177       -0.171936        0.428440
     C   22       -0.387136        0.428440        0.275632

     C   23       -0.204019       -0.158320       -0.330619
     C   23       -0.158320       -0.098690        0.617723
     C   23       -0.330619        0.617723        0.302710

     Cl  24        0.050748       -0.082286        0.061943
     Cl  24       -0.082286        0.091981       -0.132732
     Cl  24        0.061943       -0.132732       -0.142730

     ----- ionic term -----
     Cl   1        0.107723       -0.191630        0.010424
     Cl   1       -0.191630        0.015486        0.005656
     Cl   1        0.010424        0.005656       -0.123209

     C    2        0.022297       -0.246312        0.294378
     C    2       -0.246312        0.025354        0.415146
     C    2        0.294378        0.415146       -0.047651

     C    3        0.072625       -0.319635        0.245541
     C    3       -0.319635        0.079398        0.333866
     C    3        0.245541        0.333866       -0.152023

     H    4        0.505977        0.108481        0.783616
     H    4        0.108481       -0.521160        0.148943
     H    4        0.783616        0.148943        0.015183

     C    5        0.118977       -0.253613        0.356109
     C    5       -0.253613       -0.007790        0.262295
     C    5        0.356109        0.262295       -0.111188

     H    6       -0.547920        0.047960        0.055076
     H    6        0.047960        0.468496        0.786070
     H    6        0.055076        0.786070        0.079424

     H    7       -0.490564       -0.199666        0.102762
     H    7       -0.199666        0.643245       -0.709554
     H    7        0.102762       -0.709554       -0.152681

     C    8        0.366201        0.091350        0.157399
     C    8        0.091350        0.067033       -0.337603
     C    8        0.157399       -0.337603       -0.433234

     H    9        0.708105       -0.541024        0.418962
     H    9       -0.541024       -0.249416       -0.236066
     H    9        0.418962       -0.236066       -0.458688

     C   10        0.162171        0.123222        0.090894
     C   10        0.123222        0.284532       -0.435599
     C   10        0.090894       -0.435599       -0.446703

     C   11        0.174421        0.088049        0.169626
     C   11        0.088049        0.233718       -0.441157
     C   11        0.169626       -0.441157       -0.408139

     Cl  12        0.114048        0.200258       -0.020026
     Cl  12        0.200258        0.020956       -0.024538
     Cl  12       -0.020026       -0.024538       -0.135004

     H   13       -0.523773        0.009920        0.029246
     H   13        0.009920        0.404812        0.775854
     H   13        0.029246        0.775854        0.118961

     C   14        0.125254       -0.264303        0.336701
     C   14       -0.264303       -0.026690        0.271440
     C   14        0.336701        0.271440       -0.098564

     H   15        0.238685        0.197078        0.759653
     H   15        0.197078       -0.445113        0.273110
     H   15        0.759653        0.273110        0.206428

     C   16        0.000110       -0.301027        0.232915
     C   16       -0.301027        0.119900        0.395938
     C   16        0.232915        0.395938       -0.120010

     C   17        0.058230       -0.297356        0.384525
     C   17       -0.297356        0.032098        0.348295
     C   17        0.384525        0.348295       -0.090328

     Cl  18        0.131654       -0.251113        0.066619
     Cl  18       -0.251113        0.020086       -0.041608
     Cl  18        0.066619       -0.041608       -0.151739

     H   19       -0.510868       -0.157920        0.100903
     H   19       -0.157920        0.653186       -0.717215
     H   19        0.100903       -0.717215       -0.142318

     C   20        0.333316        0.139742        0.156810
     C   20        0.139742        0.070147       -0.333684
     C   20        0.156810       -0.333684       -0.403464

     H   21        0.811052       -0.457141        0.384512
     H   21       -0.457141       -0.378612       -0.205901
     H   21        0.384512       -0.205901       -0.432440

     C   22        0.225948        0.146981        0.079148
     C   22        0.146981        0.186569       -0.409852
     C   22        0.079148       -0.409852       -0.412516

     C   23        0.272974        0.052825        0.120909
     C   23        0.052825        0.123639       -0.456335
     C   23        0.120909       -0.456335       -0.396613

     Cl  24        0.126246        0.196819       -0.069614
     Cl  24        0.196819        0.002991       -0.046604
     Cl  24       -0.069614       -0.046604       -0.129237

     ----- GIPAW term -----
     Cl   1        1.150926       -0.562905       -1.900529
     Cl   1       -0.562905       -0.934032       -0.806195
     Cl   1       -1.900529       -0.806195       -0.216894

     C    2        0.012773       -0.138318       -0.189047
     C    2       -0.138318       -0.137617        0.017181
     C    2       -0.189047        0.017181        0.124844

     C    3       -0.001394        0.009047       -0.060143
     C    3        0.009047       -0.024110        0.024253
     C    3       -0.060143        0.024253        0.025504

     H    4       -0.000000        0.000000        0.000000
     H    4        0.000000        0.000000        0.000000
     H    4        0.000000        0.000000        0.000000

     C    5        0.016547       -0.061620       -0.176387
     C    5       -0.061620       -0.137809        0.002630
     C    5       -0.176387        0.002630        0.121263

     H    6       -0.000000        0.000000        0.000000
     H    6        0.000000        0.000000        0.000000
     H    6        0.000000        0.000000        0.000000

     H    7       -0.000000        0.000000        0.000000
     H    7        0.000000        0.000000        0.000000
     H    7        0.000000        0.000000        0.000000

     C    8       -0.058076       -0.026620       -0.044087
     C    8       -0.026620       -0.023909        0.071330
     C    8       -0.044087        0.071330        0.081985

     H    9       -0.000000        0.000000        0.000000
     H    9        0.000000        0.000000        0.000000
     H    9        0.000000        0.000000        0.000000

     C   10       -0.082504       -0.052101        0.050538
     C   10       -0.052101       -0.151017        0.071215
     C   10        0.050538        0.071215        0.233521

     C   11        0.120578        0.166359        0.007615
     C   11        0.166359       -0.055939        0.076241
     C   11        0.007615        0.076241       -0.064640

     Cl  12        0.370360        0.976591        1.609948
     Cl  12        0.976591       -1.203759       -0.732630
     Cl  12        1.609948       -0.732630        0.833399

     H   13       -0.000000        0.000000        0.000000
     H   13        0.000000        0.000000        0.000000
     H   13        0.000000        0.000000        0.000000

     C   14       -0.193878       -0.010228       -0.037114
     C   14       -0.010228        0.236751       -0.008037
     C   14       -0.037114       -0.008037       -0.042873

     H   15       -0.000000        0.000000        0.000000
     H   15        0.000000        0.000000        0.000000
     H   15        0.000000        0.000000        0.000000

     C   16       -0.126088       -0.063599       -0.023396
     C   16       -0.063599        0.215046       -0.202494
     C   16       -0.023396       -0.202494       -0.088958

     C   17       -0.057918       -0.153145       -0.078956
     C   17       -0.153145        0.139635        0.032391
     C   17       -0.078956        0.032391       -0.081717

     Cl  18       -0.225850       -1.827195       -0.389624
     Cl  18       -1.827195       -0.237231       -1.849792
     Cl  18       -0.389624       -1.849792        0.463081

     H   19       -0.000000        0.000000        0.000000
     H   19        0.000000        0.000000        0.000000
     H   19        0.000000        0.000000        0.000000

     C   20        0.178374       -0.189233       -0.088510
     C   20       -0.189233       -0.136798        0.092916
     C   20       -0.088510        0.092916       -0.041576

     H   21       -0.000000        0.000000        0.000000
     H   21        0.000000        0.000000        0.000000
     H   21        0.000000        0.000000        0.000000

     C   22        0.034949       -0.103691       -0.222022
     C   22       -0.103691       -0.063164        0.129657
     C   22       -0.222022        0.129657        0.028215

     C   23        0.001273        0.008590       -0.145453
     C   23        0.008590       -0.017658        0.197781
     C   23       -0.145453        0.197781        0.016385

     Cl  24       -0.506629        0.611452       -0.757210
     Cl  24        0.611452       -0.799258        1.060694
     Cl  24       -0.757210        1.060694        1.305887

     ----- total EFG -----
     Cl   1        1.186057       -0.516198       -2.071334
     Cl   1       -0.516198       -1.030278       -0.874132
     Cl   1       -2.071334       -0.874132       -0.155779

     C    2        0.077906       -0.602144       -0.355843
     C    2       -0.602144       -0.483160       -0.006260
     C    2       -0.355843       -0.006260        0.405254

     C    3       -0.029660        0.010081        0.085576
     C    3        0.010081        0.108087        0.370804
     C    3        0.085576        0.370804       -0.078427

     H    4        0.658621        0.026326        0.521845
     H    4        0.026326       -0.080083        0.204421
     H    4        0.521845        0.204421       -0.578538

     C    5        0.072026       -0.420213       -0.183751
     C    5       -0.420213       -0.299731       -0.041662
     C    5       -0.183751       -0.041662        0.227705

     H    6       -0.182004        0.081906        0.327721
     H    6        0.081906        0.556051        0.371836
     H    6        0.327721        0.371836       -0.374046

     H    7       -0.177400       -0.044498        0.028224
     H    7       -0.044498        0.154195       -0.227950
     H    7        0.028224       -0.227950        0.023205

     C    8       -0.127328       -0.119864       -0.271080
     C    8       -0.119864        0.032122        0.107946
     C    8       -0.271080        0.107946        0.095205

     H    9        0.373189       -0.075687        0.366503
     H    9       -0.075687       -0.104858       -0.379803
     H    9        0.366503       -0.379803       -0.268331

     C   10       -0.047917       -0.298158        0.099214
     C   10       -0.298158       -0.346078        0.147065
     C   10        0.099214        0.147065        0.393995

     C   11        0.161629        0.410533       -0.205916
     C   11        0.410533        0.092407        0.154865
     C   11       -0.205916        0.154865       -0.254036

     Cl  12        0.360676        1.016187        1.727587
     Cl  12        1.016187       -1.293598       -0.818349
     Cl  12        1.727587       -0.818349        0.932923

     H   13        0.003319        0.012569       -0.054197
     H   13        0.012569        0.160262        0.433186
     H   13       -0.054197        0.433186       -0.163581

     C   14       -0.793828        0.062402       -0.027028
     C   14        0.062402        0.543233        0.050948
     C   14       -0.027028        0.050948        0.250596

     H   15        0.335811        0.146422        0.329010
     H   15        0.146422       -0.137243        0.497372
     H   15        0.329010        0.497372       -0.198568

     C   16       -0.162753       -0.343657       -0.016374
     C   16       -0.343657        0.312024       -0.496149
     C   16       -0.016374       -0.496149       -0.149271

     C   17       -0.496073       -0.186556       -0.032062
     C   17       -0.186556        0.284846        0.128507
     C   17       -0.032062        0.128507        0.211227

     Cl  18       -0.190652       -2.084771       -0.397009
     Cl  18       -2.084771       -0.261164       -2.020989
     Cl  18       -0.397009       -2.020989        0.451816

     H   19       -0.520830        0.265733        0.019556
     H   19        0.265733        0.297316       -0.366886
     H   19        0.019556       -0.366886        0.223514

     C   20        0.486041       -0.562522       -0.153396
     C   20       -0.562522       -0.412009        0.120035
     C   20       -0.153396        0.120035       -0.074032

     H   21        0.328036       -0.029129        0.544671
     H   21       -0.029129       -0.140986       -0.283513
     H   21        0.544671       -0.283513       -0.187050

     C   22        0.157200       -0.128887       -0.530010
     C   22       -0.128887       -0.048532        0.148246
     C   22       -0.530010        0.148246       -0.108669

     C   23        0.070227       -0.096904       -0.355163
     C   23       -0.096904        0.007290        0.359169
     C   23       -0.355163        0.359169       -0.077517

     Cl  24       -0.329635        0.725985       -0.764882
     Cl  24        0.725985       -0.704285        0.881358
     Cl  24       -0.764882        0.881358        1.033920

     ----- total EFG (symmetrized) -----
     Cl   1        1.186057       -0.516198       -2.071334
     Cl   1       -0.516198       -1.030278       -0.874132
     Cl   1       -2.071334       -0.874132       -0.155779

     C    2        0.077906       -0.602144       -0.355843
     C    2       -0.602144       -0.483160       -0.006260
     C    2       -0.355843       -0.006260        0.405254

     C    3       -0.029660        0.010081        0.085576
     C    3        0.010081        0.108087        0.370804
     C    3        0.085576        0.370804       -0.078427

     H    4        0.658621        0.026326        0.521845
     H    4        0.026326       -0.080083        0.204421
     H    4        0.521845        0.204421       -0.578538

     C    5        0.072026       -0.420213       -0.183751
     C    5       -0.420213       -0.299731       -0.041662
     C    5       -0.183751       -0.041662        0.227705

     H    6       -0.182004        0.081906        0.327721
     H    6        0.081906        0.556051        0.371836
     H    6        0.327721        0.371836       -0.374046

     H    7       -0.177400       -0.044498        0.028224
     H    7       -0.044498        0.154195       -0.227950
     H    7        0.028224       -0.227950        0.023205

     C    8       -0.127328       -0.119864       -0.271080
     C    8       -0.119864        0.032122        0.107946
     C    8       -0.271080        0.107946        0.095205

     H    9        0.373189       -0.075687        0.366503
     H    9       -0.075687       -0.104858       -0.379803
     H    9        0.366503       -0.379803       -0.268331

     C   10       -0.047917       -0.298158        0.099214
     C   10       -0.298158       -0.346078        0.147065
     C   10        0.099214        0.147065        0.393995

     C   11        0.161629        0.410533       -0.205916
     C   11        0.410533        0.092407        0.154865
     C   11       -0.205916        0.154865       -0.254036

     Cl  12        0.360676        1.016187        1.727587
     Cl  12        1.016187       -1.293598       -0.818349
     Cl  12        1.727587       -0.818349        0.932923

     H   13        0.003319        0.012569       -0.054197
     H   13        0.012569        0.160262        0.433186
     H   13       -0.054197        0.433186       -0.163581

     C   14       -0.793828        0.062402       -0.027028
     C   14        0.062402        0.543233        0.050948
     C   14       -0.027028        0.050948        0.250596

     H   15        0.335811        0.146422        0.329010
     H   15        0.146422       -0.137243        0.497372
     H   15        0.329010        0.497372       -0.198568

     C   16       -0.162753       -0.343657       -0.016374
     C   16       -0.343657        0.312024       -0.496149
     C   16       -0.016374       -0.496149       -0.149271

     C   17       -0.496073       -0.186556       -0.032062
     C   17       -0.186556        0.284846        0.128507
     C   17       -0.032062        0.128507        0.211227

     Cl  18       -0.190652       -2.084771       -0.397009
     Cl  18       -2.084771       -0.261164       -2.020989
     Cl  18       -0.397009       -2.020989        0.451816

     H   19       -0.520830        0.265733        0.019556
     H   19        0.265733        0.297316       -0.366886
     H   19        0.019556       -0.366886        0.223514

     C   20        0.486041       -0.562522       -0.153396
     C   20       -0.562522       -0.412009        0.120035
     C   20       -0.153396        0.120035       -0.074032

     H   21        0.328036       -0.029129        0.544671
     H   21       -0.029129       -0.140986       -0.283513
     H   21        0.544671       -0.283513       -0.187050

     C   22        0.157200       -0.128887       -0.530010
     C   22       -0.128887       -0.048532        0.148246
     C   22       -0.530010        0.148246       -0.108669

     C   23        0.070227       -0.096904       -0.355163
     C   23       -0.096904        0.007290        0.359169
     C   23       -0.355163        0.359169       -0.077517

     Cl  24       -0.329635        0.725985       -0.764882
     Cl  24        0.725985       -0.704285        0.881358
     Cl  24       -0.764882        0.881358        1.033920


     NQR/NMR SPECTROSCOPIC PARAMETERS:
     Cl   1    Vxx=   -0.2895    axis=(  0.369677 -0.805034  0.463961)
     Cl   1    Vyy=   -2.4056    axis=( -0.464633 -0.592583 -0.657998)
     Cl   1    Vzz=    2.6951    axis=( -0.804646 -0.027675  0.593110)
     Cl   1  Q=        -8.1650 1e-30 m^2  Cq=       -51.7041 MHz  eta= 0.78520

     C    2    Vxx=    0.1555    axis=( -0.507870  0.485820 -0.711370)
     C    2    Vyy=    0.7426    axis=(  0.655160 -0.318339 -0.685146)
     C    2    Vzz=   -0.8981    axis=(  0.559314  0.814026  0.156615)
     C    2  Q=         1.0000 1e-30 m^2  Cq=        -2.1102 MHz  eta= 0.65375

     C    3    Vxx=   -0.0273    axis=(  0.974597 -0.217618  0.052938)
     C    3    Vyy=   -0.3784    axis=(  0.175365  0.594470 -0.784763)
     C    3    Vzz=    0.4057    axis=(  0.139308  0.774111  0.617531)
     C    3  Q=         1.0000 1e-30 m^2  Cq=         0.9532 MHz  eta= 0.86560

     H    4    Vxx=   -0.0440    axis=(  0.179756 -0.964518 -0.193371)
     H    4    Vyy=   -0.8151    axis=( -0.319899 -0.243204  0.915705)
     H    4    Vzz=    0.8591    axis=( -0.930243 -0.102745 -0.352266)
     H    4  Q=         1.0000 1e-30 m^2  Cq=         2.0186 MHz  eta= 0.89756

     C    5    Vxx=    0.1599    axis=(  0.396965 -0.436140  0.807589)
     C    5    Vyy=    0.4361    axis=(  0.729264 -0.384390 -0.566055)
     C    5    Vzz=   -0.5960    axis=( -0.557308 -0.813650 -0.165472)
     C    5  Q=         1.0000 1e-30 m^2  Cq=        -1.4004 MHz  eta= 0.46350

     H    6    Vxx=   -0.0525    axis=(  0.829593 -0.368157  0.419804)
     H    6    Vyy=   -0.6748    axis=(  0.515523  0.216188 -0.829155)
     H    6    Vzz=    0.7273    axis=(  0.214503  0.904280  0.369142)
     H    6  Q=         1.0000 1e-30 m^2  Cq=         1.7088 MHz  eta= 0.85559

     H    7    Vxx=   -0.1480    axis=( -0.118964  0.586743  0.800987)
     H    7    Vyy=   -0.1833    axis=(  0.987571  0.153377  0.034323)
     H    7    Vzz=    0.3313    axis=( -0.102714  0.795115 -0.597697)
     H    7  Q=         1.0000 1e-30 m^2  Cq=         0.7784 MHz  eta= 0.10674

     C    8    Vxx=   -0.0394    axis=(  0.136726  0.888837 -0.437350)
     C    8    Vyy=   -0.3142    axis=( -0.842131 -0.128200 -0.523813)
     C    8    Vzz=    0.3536    axis=( -0.521653  0.439925  0.730989)
     C    8  Q=         1.0000 1e-30 m^2  Cq=         0.8309 MHz  eta= 0.77699

     H    9    Vxx=    0.0168    axis=(  0.526933  0.773268 -0.352702)
     H    9    Vyy=    0.6203    axis=( -0.811847  0.335154 -0.478097)
     H    9    Vzz=   -0.6371    axis=( -0.251487  0.538265  0.804379)
     H    9  Q=         1.0000 1e-30 m^2  Cq=        -1.4969 MHz  eta= 0.94725

     C   10    Vxx=    0.1362    axis=(  0.847161 -0.530829 -0.023211)
     C   10    Vyy=    0.4270    axis=( -0.116060 -0.142240 -0.983004)
     C   10    Vzz=   -0.5632    axis=(  0.518505  0.835457 -0.182109)
     C   10  Q=         1.0000 1e-30 m^2  Cq=        -1.3232 MHz  eta= 0.51635

     C   11    Vxx=   -0.0177    axis=( -0.419949  0.546797  0.724331)
     C   11    Vyy=   -0.5243    axis=( -0.513974  0.514498 -0.686384)
     C   11    Vzz=    0.5421    axis=( -0.747979 -0.660534  0.064977)
     C   11  Q=         1.0000 1e-30 m^2  Cq=         1.2736 MHz  eta= 0.93453

     Cl  12    Vxx=    0.1086    axis=(  0.552133  0.680941 -0.481112)
     Cl  12    Vyy=    2.3983    axis=(  0.649655  0.010319  0.760159)
     Cl  12    Vzz=   -2.5068    axis=(  0.522588 -0.732266 -0.436679)
     Cl  12  Q=        -8.1650 1e-30 m^2  Cq=        48.0921 MHz  eta= 0.91339

     H   13    Vxx=    0.0080    axis=(  0.993048  0.099039 -0.063615)
     H   13    Vyy=    0.4617    axis=(  0.045104 -0.819349 -0.571517)
     H   13    Vzz=   -0.4698    axis=( -0.108725  0.564675 -0.818120)
     H   13  Q=         1.0000 1e-30 m^2  Cq=        -1.1038 MHz  eta= 0.96575

     C   14    Vxx=    0.2433    axis=( -0.035347 -0.160204  0.986451)
     C   14    Vyy=    0.5543    axis=(  0.042398  0.985939  0.161641)
     C   14    Vzz=   -0.7976    axis=( -0.998475  0.047537 -0.028058)
     C   14  Q=         1.0000 1e-30 m^2  Cq=        -1.8739 MHz  eta= 0.38991

     H   15    Vxx=    0.0149    axis=(  0.682086 -0.618585 -0.390014)
     H   15    Vyy=    0.6726    axis=( -0.715631 -0.454922 -0.530017)
     H   15    Vzz=   -0.6875    axis=(  0.150434  0.640624 -0.752974)
     H   15  Q=         1.0000 1e-30 m^2  Cq=        -1.6153 MHz  eta= 0.95667

     C   16    Vxx=   -0.1429    axis=( -0.813511  0.019358  0.581227)
     C   16    Vyy=   -0.5784    axis=( -0.490063 -0.560926 -0.667233)
     C   16    Vzz=    0.7213    axis=(  0.313109 -0.827639  0.465807)
     C   16  Q=         1.0000 1e-30 m^2  Cq=         1.6947 MHz  eta= 0.60382

     C   17    Vxx=    0.1246    axis=(  0.117439 -0.534581  0.836918)
     C   17    Vyy=    0.4137    axis=( -0.186584  0.815864  0.547314)
     C   17    Vzz=   -0.5384    axis=( -0.975395 -0.220431 -0.003930)
     C   17  Q=         1.0000 1e-30 m^2  Cq=        -1.2649 MHz  eta= 0.53695

     Cl  18    Vxx=    0.5277    axis=(  0.713423 -0.114176 -0.691370)
     Cl  18    Vyy=    2.6574    axis=(  0.434839 -0.701554  0.564568)
     Cl  18    Vzz=   -3.1851    axis=(  0.549493  0.703410  0.450856)
     Cl  18  Q=        -8.1650 1e-30 m^2  Cq=        61.1050 MHz  eta= 0.66863

     H   19    Vxx=   -0.0386    axis=(  0.338655  0.558852  0.756966)
     H   19    Vyy=   -0.6205    axis=( -0.927147  0.335303  0.167244)
     H   19    Vzz=    0.6591    axis=( -0.160348 -0.758456  0.631690)
     H   19  Q=         1.0000 1e-30 m^2  Cq=         1.5485 MHz  eta= 0.88286

     C   20    Vxx=   -0.1126    axis=(  0.223018 -0.028361  0.974402)
     C   20    Vyy=   -0.6857    axis=( -0.424152 -0.902819  0.070801)
     C   20    Vzz=    0.7983    axis=(  0.877701 -0.429084 -0.213374)
     C   20  Q=         1.0000 1e-30 m^2  Cq=         1.8758 MHz  eta= 0.71783

     H   21    Vxx=   -0.0733    axis=(  0.405048  0.879038 -0.251451)
     H   21    Vyy=   -0.6380    axis=( -0.434320  0.427002  0.793118)
     H   21    Vzz=    0.7113    axis=(  0.804551 -0.212040  0.554740)
     H   21  Q=         1.0000 1e-30 m^2  Cq=         1.6712 MHz  eta= 0.79387

     C   22    Vxx=   -0.1006    axis=(  0.269410  0.957624 -0.101852)
     C   22    Vyy=   -0.5254    axis=( -0.601105  0.084588 -0.794681)
     C   22    Vzz=    0.6259    axis=( -0.752390  0.275318  0.598422)
     C   22  Q=         1.0000 1e-30 m^2  Cq=         1.4706 MHz  eta= 0.67868

     C   23    Vxx=   -0.0579    axis=(  0.707896  0.703468  0.063375)
     C   23    Vyy=   -0.4883    axis=( -0.409236  0.481627 -0.774959)
     C   23    Vzz=    0.5462    axis=( -0.575682  0.522655  0.628826)
     C   23  Q=         1.0000 1e-30 m^2  Cq=         1.2832 MHz  eta= 0.78809

     Cl  24    Vxx=    0.2303    axis=(  0.771549  0.635040  0.037888)
     Cl  24    Vyy=    1.5237    axis=(  0.272352 -0.275901 -0.921793)
     Cl  24    Vzz=   -1.7541    axis=( -0.574922  0.721528 -0.385826)
     Cl  24  Q=        -8.1650 1e-30 m^2  Cq=        33.6506 MHz  eta= 0.73736

     Initialization:
     gipaw_setup  :      9.14s CPU     11.00s WALL (       1 calls)

     Linear response

     Apply operators

     Induced current

     Other routines
     efg          :      9.87s CPU     12.34s WALL (       1 calls)

     General routines
     calbec       :      3.56s CPU      4.71s WALL (      16 calls)
     fft          :      1.50s CPU      1.95s WALL (      15 calls)
     ffts         :      0.02s CPU      0.04s WALL (       2 calls)
     fftw         :      3.50s CPU      4.27s WALL (     672 calls)
     davcio       :      0.04s CPU      0.32s WALL (      32 calls)

     Parallel routines
     fft_scatter  :      2.26s CPU      3.31s WALL (     689 calls)

     Plugins

     GIPAW        :     62.12s CPU     74.08s WALL (       1 calls)
