
     Program QE v.6.0 (svn rev. 13079) starts on  9Jan2017 at 23:16: 4 

     This program is part of the open-source Quantum ESPRESSO suite
     for quantum simulation of materials; please cite
         "P. Giannozzi et al., J. Phys.:Condens. Matter 21 395502 (2009);
          URL http://www.quantum-espresso.org", 
     in publications or presentations arising from this work. More details at
     http://www.quantum-espresso.org/quote

     Parallel version (MPI), running on     8 processors
     R & G space division:  proc/nbgrp/npool/nimage =       8

     ***** This is GIPAW svn revision unknown      *****

     Parallelizing q-star over 1 images

     Reading data from directory:
     /users/majewski/paradichlorobenzene/pbe/9_constraint/scratch/pbe.ecut100.np8.dt60.pcl2phi-129368.save
     Message from routine read_xml_file:
     file /users/majewski/paradichlorobenzene/pbe/9_constraint/scratch/pbe.ecut100.np8.dt60.pcl2phi-129368.save not guaranteed to be safe for post-processing

   Info: using nr1, nr2, nr3 values from input

   Info: using nr1, nr2, nr3 values from input

     IMPORTANT: XC functional enforced from input :
     Exchange-correlation      =  SLA  PW   PBX  PBC ( 1  4  3  4 0 0)
     Any further DFT definition will be discarded
     Please, verify this is what you really want

               file C.pbe-n-kjpaw_psl.1.0.0.UPF: wavefunction(s)  2S 2P renormalized
               file Cl.pbe-n-kjpaw_psl.1.0.0.UPF: wavefunction(s)  3S 3P renormalized
               file H.pbe-kjpaw_psl.1.0.0.UPF: wavefunction(s)  1S renormalized

     Parallelization info
     --------------------
     sticks:   dense  smooth     PW     G-vecs:    dense   smooth      PW
     Min        3057    1223    332               144436    36536    5170
     Max        3059    1225    333               144437    36537    5171
     Sum       24467    9791   2657              1155489   292295   41363


     Subspace diagonalization in iterative solution of the eigenvalue problem:
     a serial algorithm will be used

     GIPAW projectors -----------------------------------------------
     atom=  C    l=0  rc=    1.2000  rs=    0.8000
     atom=  C    l=0  rc=    1.2000  rs=    0.8000
     atom=  C    l=1  rc=    1.4000  rs=    0.9333
     atom=  C    l=1  rc=    1.4000  rs=    0.9333
     projs nearly linearly dependent: l=1  n1,n2= 1, 2  s=  0.99951561

     atom=  Cl   l=0  rc=    1.6000  rs=    1.0667
     atom=  Cl   l=0  rc=    1.6000  rs=    1.0667
     atom=  Cl   l=1  rc=    1.6000  rs=    1.0667
     atom=  Cl   l=1  rc=    1.6000  rs=    1.0667
     atom=  Cl   l=2  rc=    1.6000  rs=    1.0667
     atom=  Cl   l=2  rc=    1.6000  rs=    1.0667
     projs nearly linearly dependent: l=2  n1,n2= 1, 2  s=  0.99993509

     atom=  H    l=0  rc=    1.0000  rs=    0.6667
     atom=  H    l=0  rc=    1.0000  rs=    0.6667
     projs nearly linearly dependent: l=0  n1,n2= 1, 2  s=  0.99968852
     -----------------------------------------------------------------

     GIPAW integrals: -------------------------------------------
     Atom  i/j   nmr_para   nmr_dia   epr_rmc  epr_para   epr_dia
       C   1 1   0.83E+03  0.17E-01  0.93E+01  0.24E+08  0.24E+03
       C   2 1   0.86E+03 -0.61E-01  0.94E+01  0.25E+08  0.25E+03
       C   2 2   0.90E+03 -0.15E+00  0.97E+01  0.26E+08  0.26E+03
       C   3 3   0.33E+01  0.34E+00  0.18E+01  0.55E+03  0.21E+02
       C   4 3   0.35E+01  0.37E+00  0.20E+01  0.59E+03  0.22E+02
       C   4 4   0.38E+01  0.39E+00  0.22E+01  0.63E+03  0.24E+02
       Cl  1 1   0.14E+04 -0.47E+00  0.84E+01  0.32E+09  0.42E+03
       Cl  2 1   0.21E+04 -0.37E+00  0.12E+02  0.49E+09  0.65E+03
       Cl  2 2   0.33E+04 -0.16E+00  0.21E+02  0.76E+09  0.10E+04
       Cl  3 3   0.21E+02  0.79E-01  0.89E+01  0.23E+05  0.13E+03
       Cl  4 3   0.24E+02  0.67E-01  0.99E+01  0.27E+05  0.15E+03
       Cl  4 4   0.28E+02  0.44E-01  0.11E+02  0.32E+05  0.18E+03
       Cl  5 5   0.77E+00  0.19E+00  0.18E+01  0.12E+03  0.22E+02
       Cl  6 5   0.80E+00  0.19E+00  0.19E+01  0.12E+03  0.23E+02
       Cl  6 6   0.83E+00  0.20E+00  0.19E+01  0.12E+03  0.23E+02
       H   1 1   0.39E+02  0.19E+00  0.29E+00  0.78E+05  0.13E+02
       H   2 1   0.41E+02  0.21E+00  0.32E+00  0.82E+05  0.14E+02
       H   2 2   0.43E+02  0.22E+00  0.36E+00  0.86E+05  0.15E+02
     ------------------------------------------------------------

     alpha_pv=     34.7240 eV

     Number of occupied bands for each k-point:
     k-point:     1    nbnd_occ=  42
     k-point:     2    nbnd_occ=  42
     k-point:     3    nbnd_occ=  42
     k-point:     4    nbnd_occ=  42
     k-point:     5    nbnd_occ=  42
     k-point:     6    nbnd_occ=  42
     k-point:     7    nbnd_occ=  42
     k-point:     8    nbnd_occ=  42
     k-point:     9    nbnd_occ=  42
     k-point:    10    nbnd_occ=  42
     k-point:    11    nbnd_occ=  42
     k-point:    12    nbnd_occ=  42
     k-point:    13    nbnd_occ=  42
     k-point:    14    nbnd_occ=  42
     k-point:    15    nbnd_occ=  42
     k-point:    16    nbnd_occ=  42


     q-space interpolation up to   110.00 Rydberg

     GIPAW job: efg                                                                             


     ELECTRIC FIELD GRADIENTS TENSORS IN Hartree/bohrradius^2:

     ----- bare term -----
     Cl   1       -0.060391        0.103478        0.090536
     Cl   1        0.103478        0.010486        0.139570
     Cl   1        0.090536        0.139570        0.049905

     C    2       -0.298665        0.077965       -0.365313
     C    2        0.077965       -0.071321       -0.445866
     C    2       -0.365313       -0.445866        0.369985

     C    3       -0.130214        0.127274       -0.315411
     C    3        0.127274       -0.217391       -0.539298
     C    3       -0.315411       -0.539298        0.347604

     H    4       -0.498138        0.079968       -0.454814
     H    4        0.079968        0.246473       -0.113650
     H    4       -0.454814       -0.113650        0.251665

     C    5       -0.171619        0.420012       -0.275880
     C    5        0.420012       -0.255544       -0.351825
     C    5       -0.275880       -0.351825        0.427163

     H    6        0.182066       -0.284127       -0.094033
     H    6       -0.284127       -0.436711       -0.433767
     H    6       -0.094033       -0.433767        0.254645

     H    7        0.256546        0.052629        0.354546
     H    7        0.052629        0.200658        0.136441
     H    7        0.354546        0.136441       -0.457203

     C    8       -0.628870       -0.354731       -0.325064
     C    8       -0.354731        0.388891        0.211094
     C    8       -0.325064        0.211094        0.239980

     H    9        0.145399        0.082993       -0.299663
     H    9        0.082993        0.370539       -0.192102
     H    9       -0.299663       -0.192102       -0.515938

     C   10        0.102955       -0.284749       -0.059667
     C   10       -0.284749       -0.150570        0.390233
     C   10       -0.059667        0.390233        0.047615

     C   11       -0.465140       -0.223037       -0.388484
     C   11       -0.223037        0.145292        0.296406
     C   11       -0.388484        0.296406        0.319849

     Cl  12        0.012858        0.089008       -0.013998
     Cl  12        0.089008        0.015583        0.039783
     Cl  12       -0.013998        0.039783       -0.028441

     H   13        0.482618        0.036256       -0.218585
     H   13        0.036256        0.033154       -0.214069
     H   13       -0.218585       -0.214069       -0.515771

     C   14       -0.486631        0.330125       -0.032072
     C   14        0.330125        0.129218       -0.390379
     C   14       -0.032072       -0.390379        0.357413

     H   15        0.084604        0.072589       -0.461107
     H   15        0.072589        0.083360        0.260593
     H   15       -0.461107        0.260593       -0.167964

     C   16        0.068153        0.119208       -0.159196
     C   16        0.119208       -0.050192       -0.582207
     C   16       -0.159196       -0.582207       -0.017961

     C   17       -0.436095        0.352456       -0.465786
     C   17        0.352456        0.271142       -0.260751
     C   17       -0.465786       -0.260751        0.164953

     Cl  18       -0.030809        0.149081        0.049323
     Cl  18        0.149081        0.045842        0.081115
     Cl  18        0.049323        0.081115       -0.015033

     H   19        0.223362       -0.049203        0.373399
     H   19       -0.049203        0.112038        0.371032
     H   19        0.373399        0.371032       -0.335400

     C   20       -0.149954       -0.018674       -0.440358
     C   20       -0.018674       -0.231467        0.353365
     C   20       -0.440358        0.353365        0.381421

     H   21        0.122694        0.095193       -0.302463
     H   21        0.095193        0.480315       -0.021426
     H   21       -0.302463       -0.021426       -0.603009

     C   22       -0.194079       -0.352052       -0.280938
     C   22       -0.352052       -0.126374        0.153523
     C   22       -0.280938        0.153523        0.320453

     C   23       -0.025969        0.038745       -0.303425
     C   23        0.038745       -0.310769        0.428644
     C   23       -0.303425        0.428644        0.336738

     Cl  24       -0.108731       -0.181355       -0.166651
     Cl  24       -0.181355       -0.117347       -0.015082
     Cl  24       -0.166651       -0.015082        0.226078

     ----- ionic term -----
     Cl   1        0.073686       -0.209551       -0.007877
     Cl   1       -0.209551        0.069789        0.012784
     Cl   1       -0.007877        0.012784       -0.143475

     C    2        0.082898       -0.266866        0.244150
     C    2       -0.266866        0.149909        0.359358
     C    2        0.244150        0.359358       -0.232807

     C    3        0.135530       -0.286523        0.221724
     C    3       -0.286523        0.162206        0.350207
     C    3        0.221724        0.350207       -0.297736

     H    4        0.660760        0.176004        0.691350
     H    4        0.176004       -0.504548        0.169960
     H    4        0.691350        0.169960       -0.156211

     C    5        0.313535       -0.270603        0.317664
     C    5       -0.270603        0.031769        0.258604
     C    5        0.317664        0.258604       -0.345304

     H    6       -0.497953        0.117694        0.091871
     H    6        0.117694        0.624668        0.723472
     H    6        0.091871        0.723472       -0.126715

     H    7       -0.463598        0.223367       -0.233878
     H    7        0.223367        0.101598       -0.723333
     H    7       -0.233878       -0.723333        0.362000

     C    8        0.189769        0.417016        0.271623
     C    8        0.417016       -0.121302       -0.235758
     C    8        0.271623       -0.235758       -0.068467

     H    9        0.343130       -0.222642        0.770991
     H    9       -0.222642       -0.485468       -0.266007
     H    9        0.770991       -0.266007        0.142339

     C   10        0.099914        0.391994        0.201404
     C   10        0.391994       -0.010349       -0.358574
     C   10        0.201404       -0.358574       -0.089564

     C   11        0.153319        0.292742        0.321576
     C   11        0.292742       -0.134215       -0.383870
     C   11        0.321576       -0.383870       -0.019103

     Cl  12        0.162786        0.222721        0.032219
     Cl  12        0.222721       -0.030766        0.015430
     Cl  12        0.032219        0.015430       -0.132019

     H   13       -0.527993        0.111130        0.117568
     H   13        0.111130        0.427136        0.795038
     H   13        0.117568        0.795038        0.100857

     C   14        0.163643       -0.289440        0.248224
     C   14       -0.289440        0.051494        0.283641
     C   14        0.248224        0.283641       -0.215137

     H   15        0.476374        0.135098        0.789150
     H   15        0.135098       -0.503382        0.181301
     H   15        0.789150        0.181301        0.027008

     C   16        0.042021       -0.267351        0.218175
     C   16       -0.267351        0.140404        0.419340
     C   16        0.218175        0.419340       -0.182425

     C   17        0.216511       -0.228253        0.276817
     C   17       -0.228253        0.018030        0.423828
     C   17        0.276817        0.423828       -0.234541

     Cl  18        0.105637       -0.227513       -0.025298
     Cl  18       -0.227513        0.028819        0.029539
     Cl  18       -0.025298        0.029539       -0.134456

     H   19       -0.522808        0.131705       -0.103046
     H   19        0.131705        0.391388       -0.784515
     H   19       -0.103046       -0.784515        0.131420

     C   20        0.167332        0.303720        0.320175
     C   20        0.303720       -0.060748       -0.282819
     C   20        0.320175       -0.282819       -0.106584

     H   21        0.471637       -0.173408        0.782746
     H   21       -0.173408       -0.516944       -0.209297
     H   21        0.782746       -0.209297        0.045307

     C   22        0.059003        0.359138        0.196167
     C   22        0.359138        0.049044       -0.396035
     C   22        0.196167       -0.396035       -0.108047

     C   23        0.024634        0.373624        0.266329
     C   23        0.373624        0.013986       -0.414481
     C   23        0.266329       -0.414481       -0.038620

     Cl  24        0.105354        0.241166        0.026447
     Cl  24        0.241166        0.040001        0.008656
     Cl  24        0.026447        0.008656       -0.145354

     ----- GIPAW term -----
     Cl   1        0.697040       -1.104468        0.832222
     Cl   1       -1.104468        0.265069        1.341847
     Cl   1        0.832222        1.341847       -0.962109

     C    2        0.006066       -0.122741       -0.078754
     C    2       -0.122741       -0.019126       -0.051819
     C    2       -0.078754       -0.051819        0.013060

     C    3       -0.012663       -0.028618       -0.084041
     C    3       -0.028618       -0.023079       -0.089275
     C    3       -0.084041       -0.089275        0.035742

     H    4       -0.000000        0.000000        0.000000
     H    4        0.000000        0.000000        0.000000
     H    4        0.000000        0.000000        0.000000

     C    5        0.108881        0.104891       -0.081806
     C    5        0.104891       -0.121736       -0.072948
     C    5       -0.081806       -0.072948        0.012855

     H    6       -0.000000        0.000000        0.000000
     H    6        0.000000        0.000000        0.000000
     H    6        0.000000        0.000000        0.000000

     H    7       -0.000000        0.000000        0.000000
     H    7        0.000000        0.000000        0.000000
     H    7        0.000000        0.000000        0.000000

     C    8       -0.152811       -0.119668       -0.063374
     C    8       -0.119668        0.198358        0.113316
     C    8       -0.063374        0.113316       -0.045547

     H    9       -0.000000        0.000000        0.000000
     H    9        0.000000        0.000000        0.000000
     H    9        0.000000        0.000000        0.000000

     C   10       -0.026616       -0.088625       -0.050397
     C   10       -0.088625        0.045509        0.117928
     C   10       -0.050397        0.117928       -0.018893

     C   11       -0.071237        0.059051       -0.061801
     C   11        0.059051        0.152508       -0.012086
     C   11       -0.061801       -0.012086       -0.081271

     Cl  12        1.392245        2.747776       -0.048326
     Cl  12        2.747776        0.230825        0.357101
     Cl  12       -0.048326        0.357101       -1.623071

     H   13       -0.000000        0.000000        0.000000
     H   13        0.000000        0.000000        0.000000
     H   13        0.000000        0.000000        0.000000

     C   14       -0.154636       -0.020168        0.066151
     C   14       -0.020168        0.084316       -0.212572
     C   14        0.066151       -0.212572        0.070320

     H   15       -0.000000        0.000000        0.000000
     H   15        0.000000        0.000000        0.000000
     H   15        0.000000        0.000000        0.000000

     C   16       -0.095866        0.015501       -0.025412
     C   16        0.015501        0.176375       -0.164691
     C   16       -0.025412       -0.164691       -0.080509

     C   17       -0.054581        0.120986       -0.076033
     C   17        0.120986        0.226892       -0.036998
     C   17       -0.076033       -0.036998       -0.172311

     Cl  18        0.686310        0.363337        0.895106
     Cl  18        0.363337        1.225597        1.381648
     Cl  18        0.895106        1.381648       -1.911907

     H   19       -0.000000        0.000000        0.000000
     H   19        0.000000        0.000000        0.000000
     H   19        0.000000        0.000000        0.000000

     C   20       -0.015439        0.031458       -0.214235
     C   20        0.031458       -0.181597        0.032902
     C   20       -0.214235        0.032902        0.197035

     H   21       -0.000000        0.000000        0.000000
     H   21        0.000000        0.000000        0.000000
     H   21        0.000000        0.000000        0.000000

     C   22       -0.051715       -0.040955       -0.165128
     C   22       -0.040955       -0.101472        0.023547
     C   22       -0.165128        0.023547        0.153186

     C   23       -0.020396        0.132703       -0.048959
     C   23        0.132703       -0.027605       -0.086843
     C   23       -0.048959       -0.086843        0.048001

     Cl  24        0.940967        1.499390       -1.483030
     Cl  24        1.499390       -0.841171       -0.156880
     Cl  24       -1.483030       -0.156880       -0.099796

     ----- total EFG -----
     Cl   1        0.710335       -1.210541        0.914880
     Cl   1       -1.210541        0.345343        1.494201
     Cl   1        0.914880        1.494201       -1.055679

     C    2       -0.209700       -0.311641       -0.199917
     C    2       -0.311641        0.059462       -0.138327
     C    2       -0.199917       -0.138327        0.150238

     C    3       -0.007347       -0.187867       -0.177728
     C    3       -0.187867       -0.078264       -0.278366
     C    3       -0.177728       -0.278366        0.085611

     H    4        0.162622        0.255972        0.236536
     H    4        0.255972       -0.258075        0.056309
     H    4        0.236536        0.056309        0.095453

     C    5        0.250797        0.254300       -0.040021
     C    5        0.254300       -0.345511       -0.166168
     C    5       -0.040021       -0.166168        0.094714

     H    6       -0.315887       -0.166432       -0.002162
     H    6       -0.166432        0.187956        0.289705
     H    6       -0.002162        0.289705        0.127930

     H    7       -0.207052        0.275997        0.120668
     H    7        0.275997        0.302255       -0.586892
     H    7        0.120668       -0.586892       -0.095203

     C    8       -0.591912       -0.057384       -0.116814
     C    8       -0.057384        0.465947        0.088652
     C    8       -0.116814        0.088652        0.125965

     H    9        0.488529       -0.139649        0.471327
     H    9       -0.139649       -0.114929       -0.458109
     H    9        0.471327       -0.458109       -0.373600

     C   10        0.176253        0.018621        0.091339
     C   10        0.018621       -0.115411        0.149587
     C   10        0.091339        0.149587       -0.060842

     C   11       -0.383059        0.128756       -0.128709
     C   11        0.128756        0.163584       -0.099551
     C   11       -0.128709       -0.099551        0.219474

     Cl  12        1.567889        3.059505       -0.030105
     Cl  12        3.059505        0.215642        0.412315
     Cl  12       -0.030105        0.412315       -1.783531

     H   13       -0.045375        0.147386       -0.101017
     H   13        0.147386        0.460290        0.580969
     H   13       -0.101017        0.580969       -0.414914

     C   14       -0.477624        0.020517        0.282302
     C   14        0.020517        0.265029       -0.319310
     C   14        0.282302       -0.319310        0.212596

     H   15        0.560978        0.207687        0.328044
     H   15        0.207687       -0.420022        0.441894
     H   15        0.328044        0.441894       -0.140956

     C   16        0.014309       -0.132642        0.033567
     C   16       -0.132642        0.266587       -0.327557
     C   16        0.033567       -0.327557       -0.280896

     C   17       -0.274165        0.245189       -0.265002
     C   17        0.245189        0.516064        0.126079
     C   17       -0.265002        0.126079       -0.241899

     Cl  18        0.761138        0.284905        0.919131
     Cl  18        0.284905        1.300258        1.492302
     Cl  18        0.919131        1.492302       -2.061396

     H   19       -0.299446        0.082502        0.270353
     H   19        0.082502        0.503427       -0.413483
     H   19        0.270353       -0.413483       -0.203980

     C   20        0.001940        0.316505       -0.334418
     C   20        0.316505       -0.473812        0.103448
     C   20       -0.334418        0.103448        0.471872

     H   21        0.594331       -0.078215        0.480283
     H   21       -0.078215       -0.036629       -0.230723
     H   21        0.480283       -0.230723       -0.557702

     C   22       -0.186791       -0.033870       -0.249899
     C   22       -0.033870       -0.178802       -0.218966
     C   22       -0.249899       -0.218966        0.365593

     C   23       -0.021731        0.545072       -0.086055
     C   23        0.545072       -0.324388       -0.072681
     C   23       -0.086055       -0.072681        0.346120

     Cl  24        0.937590        1.559201       -1.623234
     Cl  24        1.559201       -0.918517       -0.163306
     Cl  24       -1.623234       -0.163306       -0.019073

     ----- total EFG (symmetrized) -----
     Cl   1        0.710335       -1.210541        0.914880
     Cl   1       -1.210541        0.345343        1.494201
     Cl   1        0.914880        1.494201       -1.055679

     C    2       -0.209700       -0.311641       -0.199917
     C    2       -0.311641        0.059462       -0.138327
     C    2       -0.199917       -0.138327        0.150238

     C    3       -0.007347       -0.187867       -0.177728
     C    3       -0.187867       -0.078264       -0.278366
     C    3       -0.177728       -0.278366        0.085611

     H    4        0.162622        0.255972        0.236536
     H    4        0.255972       -0.258075        0.056309
     H    4        0.236536        0.056309        0.095453

     C    5        0.250797        0.254300       -0.040021
     C    5        0.254300       -0.345511       -0.166168
     C    5       -0.040021       -0.166168        0.094714

     H    6       -0.315887       -0.166432       -0.002162
     H    6       -0.166432        0.187956        0.289705
     H    6       -0.002162        0.289705        0.127930

     H    7       -0.207052        0.275997        0.120668
     H    7        0.275997        0.302255       -0.586892
     H    7        0.120668       -0.586892       -0.095203

     C    8       -0.591912       -0.057384       -0.116814
     C    8       -0.057384        0.465947        0.088652
     C    8       -0.116814        0.088652        0.125965

     H    9        0.488529       -0.139649        0.471327
     H    9       -0.139649       -0.114929       -0.458109
     H    9        0.471327       -0.458109       -0.373600

     C   10        0.176253        0.018621        0.091339
     C   10        0.018621       -0.115411        0.149587
     C   10        0.091339        0.149587       -0.060842

     C   11       -0.383059        0.128756       -0.128709
     C   11        0.128756        0.163584       -0.099551
     C   11       -0.128709       -0.099551        0.219474

     Cl  12        1.567889        3.059505       -0.030105
     Cl  12        3.059505        0.215642        0.412315
     Cl  12       -0.030105        0.412315       -1.783531

     H   13       -0.045375        0.147386       -0.101017
     H   13        0.147386        0.460290        0.580969
     H   13       -0.101017        0.580969       -0.414914

     C   14       -0.477624        0.020517        0.282302
     C   14        0.020517        0.265029       -0.319310
     C   14        0.282302       -0.319310        0.212596

     H   15        0.560978        0.207687        0.328044
     H   15        0.207687       -0.420022        0.441894
     H   15        0.328044        0.441894       -0.140956

     C   16        0.014309       -0.132642        0.033567
     C   16       -0.132642        0.266587       -0.327557
     C   16        0.033567       -0.327557       -0.280896

     C   17       -0.274165        0.245189       -0.265002
     C   17        0.245189        0.516064        0.126079
     C   17       -0.265002        0.126079       -0.241899

     Cl  18        0.761138        0.284905        0.919131
     Cl  18        0.284905        1.300258        1.492302
     Cl  18        0.919131        1.492302       -2.061396

     H   19       -0.299446        0.082502        0.270353
     H   19        0.082502        0.503427       -0.413483
     H   19        0.270353       -0.413483       -0.203980

     C   20        0.001940        0.316505       -0.334418
     C   20        0.316505       -0.473812        0.103448
     C   20       -0.334418        0.103448        0.471872

     H   21        0.594331       -0.078215        0.480283
     H   21       -0.078215       -0.036629       -0.230723
     H   21        0.480283       -0.230723       -0.557702

     C   22       -0.186791       -0.033870       -0.249899
     C   22       -0.033870       -0.178802       -0.218966
     C   22       -0.249899       -0.218966        0.365593

     C   23       -0.021731        0.545072       -0.086055
     C   23        0.545072       -0.324388       -0.072681
     C   23       -0.086055       -0.072681        0.346120

     Cl  24        0.937590        1.559201       -1.623234
     Cl  24        1.559201       -0.918517       -0.163306
     Cl  24       -1.623234       -0.163306       -0.019073


     NQR/NMR SPECTROSCOPIC PARAMETERS:
     Cl   1    Vxx=    0.8249    axis=(  0.629077  0.429923  0.647633)
     Cl   1    Vyy=    1.7998    axis=( -0.667254  0.726062  0.166148)
     Cl   1    Vzz=   -2.6247    axis=( -0.398791 -0.536656  0.743617)
     Cl   1  Q=        -8.1650 1e-30 m^2  Cq=        50.3527 MHz  eta= 0.37143

     C    2    Vxx=    0.2393    axis=( -0.400282 -0.011169  0.916324)
     C    2    Vyy=    0.2655    axis=( -0.477807  0.855793 -0.198292)
     C    2    Vzz=   -0.5048    axis=( -0.781969 -0.517198 -0.347895)
     C    2  Q=         1.0000 1e-30 m^2  Cq=        -1.1860 MHz  eta= 0.05201

     C    3    Vxx=    0.1412    axis=( -0.845494  0.505462  0.172185)
     C    3    Vyy=    0.2984    axis=( -0.152176 -0.537164  0.829637)
     C    3    Vzz=   -0.4396    axis=( -0.511841 -0.675251 -0.531088)
     C    3  Q=         1.0000 1e-30 m^2  Cq=        -1.0329 MHz  eta= 0.35779

     H    4    Vxx=   -0.0609    axis=( -0.454524 -0.357091  0.816023)
     H    4    Vyy=   -0.3854    axis=( -0.463796  0.877015  0.125448)
     H    4    Vzz=    0.4463    axis=( -0.760461 -0.321449 -0.564242)
     H    4  Q=         1.0000 1e-30 m^2  Cq=         1.0487 MHz  eta= 0.72693

     C    5    Vxx=    0.0961    axis=(  0.408539 -0.105874  0.906580)
     C    5    Vyy=    0.3793    axis=( -0.859119 -0.380029  0.342770)
     C    5    Vzz=   -0.4753    axis=(  0.308236 -0.918895 -0.246215)
     C    5  Q=         1.0000 1e-30 m^2  Cq=        -1.1169 MHz  eta= 0.59572

     H    6    Vxx=   -0.0866    axis=(  0.389552 -0.546254  0.741523)
     H    6    Vyy=   -0.3830    axis=( -0.906797 -0.368355  0.205023)
     H    6    Vzz=    0.4696    axis=(  0.161149 -0.752278 -0.638834)
     H    6  Q=         1.0000 1e-30 m^2  Cq=         1.1034 MHz  eta= 0.63111

     H    7    Vxx=   -0.0821    axis=(  0.847468  0.162926  0.505225)
     H    7    Vyy=   -0.6673    axis=( -0.503598  0.547752  0.668099)
     H    7    Vzz=    0.7494    axis=( -0.167887 -0.820624  0.546251)
     H    7  Q=         1.0000 1e-30 m^2  Cq=         1.7608 MHz  eta= 0.78101

     C    8    Vxx=    0.1179    axis=(  0.135623  0.265494 -0.954526)
     C    8    Vyy=    0.4943    axis=(  0.078507 -0.963278 -0.256773)
     C    8    Vzz=   -0.6122    axis=(  0.987645  0.040112  0.151485)
     C    8  Q=         1.0000 1e-30 m^2  Cq=        -1.4383 MHz  eta= 0.61479

     H    9    Vxx=   -0.0179    axis=(  0.520883  0.788966 -0.325904)
     H    9    Vyy=   -0.7954    axis=( -0.248396  0.505355  0.826387)
     H    9    Vzz=    0.8133    axis=(  0.816689 -0.349498  0.459206)
     H    9  Q=         1.0000 1e-30 m^2  Cq=         1.9109 MHz  eta= 0.95600

     C   10    Vxx=    0.0222    axis=(  0.451759 -0.627805 -0.633857)
     C   10    Vyy=    0.2229    axis=( -0.885342 -0.227938 -0.405234)
     C   10    Vzz=   -0.2451    axis=(  0.109928  0.744248 -0.658795)
     C   10  Q=         1.0000 1e-30 m^2  Cq=        -0.5758 MHz  eta= 0.81868

     C   11    Vxx=    0.0891    axis=(  0.039404  0.775001  0.630731)
     C   11    Vyy=    0.3401    axis=( -0.242698 -0.604896  0.758419)
     C   11    Vzz=   -0.4292    axis=(  0.969301 -0.182961  0.164256)
     C   11  Q=         1.0000 1e-30 m^2  Cq=        -1.0084 MHz  eta= 0.58473

     Cl  12    Vxx=   -1.6099    axis=( -0.325394  0.346634  0.879752)
     Cl  12    Vyy=   -2.4246    axis=( -0.537923  0.697308 -0.473710)
     Cl  12    Vzz=    4.0346    axis=( -0.777662 -0.627381 -0.040437)
     Cl  12  Q=        -8.1650 1e-30 m^2  Cq=       -77.4015 MHz  eta= 0.20193

     H   13    Vxx=   -0.0196    axis=(  0.969143  0.000770 -0.246498)
     H   13    Vyy=   -0.7400    axis=( -0.220865  0.446747 -0.866969)
     H   13    Vzz=    0.7596    axis=(  0.109454  0.894660  0.433131)
     H   13  Q=         1.0000 1e-30 m^2  Cq=         1.7847 MHz  eta= 0.94849

     C   14    Vxx=    0.0088    axis=(  0.375094  0.711109  0.594666)
     C   14    Vyy=    0.5904    axis=(  0.174075 -0.684126  0.708286)
     C   14    Vzz=   -0.5992    axis=(  0.910496 -0.162158 -0.380398)
     C   14  Q=         1.0000 1e-30 m^2  Cq=        -1.4079 MHz  eta= 0.97054

     H   15    Vxx=   -0.0588    axis=( -0.529267  0.517865  0.672081)
     H   15    Vyy=   -0.7445    axis=(  0.023081  0.800618 -0.598731)
     H   15    Vzz=    0.8033    axis=(  0.848141  0.301376  0.435693)
     H   15  Q=         1.0000 1e-30 m^2  Cq=         1.8874 MHz  eta= 0.85361

     C   16    Vxx=   -0.0247    axis=(  0.955470  0.236229 -0.176842)
     C   16    Vyy=   -0.4356    axis=(  0.059988  0.431278  0.900223)
     C   16    Vzz=    0.4603    axis=(  0.288927 -0.870744  0.397902)
     C   16  Q=         1.0000 1e-30 m^2  Cq=         1.0815 MHz  eta= 0.89268

     C   17    Vxx=   -0.0014    axis=( -0.636640  0.115889  0.762404)
     C   17    Vyy=   -0.5877    axis=( -0.728134  0.235285 -0.643787)
     C   17    Vzz=    0.5891    axis=( -0.253990 -0.964993 -0.065408)
     C   17  Q=         1.0000 1e-30 m^2  Cq=         1.3843 MHz  eta= 0.99509

     Cl  18    Vxx=    0.6483    axis=(  0.880446 -0.472590  0.038380)
     Cl  18    Vyy=    2.1452    axis=(  0.423705  0.820532  0.383669)
     Cl  18    Vzz=   -2.7934    axis=( -0.212810 -0.321538  0.922673)
     Cl  18  Q=        -8.1650 1e-30 m^2  Cq=        53.5906 MHz  eta= 0.53586

     H   19    Vxx=   -0.0640    axis=( -0.762278 -0.305131 -0.570813)
     H   19    Vyy=   -0.6315    axis=(  0.645931 -0.302349 -0.700970)
     H   19    Vzz=    0.6954    axis=(  0.041303 -0.903039  0.427567)
     H   19  Q=         1.0000 1e-30 m^2  Cq=         1.6340 MHz  eta= 0.81601

     C   20    Vxx=    0.0374    axis=(  0.725671  0.536472  0.430812)
     C   20    Vyy=    0.6486    axis=( -0.479617 -0.054529  0.875782)
     C   20    Vzz=   -0.6860    axis=(  0.493324 -0.842155  0.217731)
     C   20  Q=         1.0000 1e-30 m^2  Cq=        -1.6117 MHz  eta= 0.89099

     H   21    Vxx=   -0.0156    axis=(  0.259279  0.949896 -0.174565)
     H   21    Vyy=   -0.7813    axis=( -0.306150  0.252260  0.917953)
     H   21    Vzz=    0.7969    axis=(  0.915995 -0.184562  0.356216)
     H   21  Q=         1.0000 1e-30 m^2  Cq=         1.8723 MHz  eta= 0.96090

     C   22    Vxx=   -0.1487    axis=(  0.660323 -0.750981  0.001119)
     C   22    Vyy=   -0.3675    axis=(  0.683701  0.601780  0.412812)
     C   22    Vzz=    0.5162    axis=( -0.310687 -0.271825  0.910815)
     C   22  Q=         1.0000 1e-30 m^2  Cq=         1.2128 MHz  eta= 0.42387

     C   23    Vxx=    0.2545    axis=(  0.505491  0.378603  0.775331)
     C   23    Vyy=    0.4843    axis=(  0.615435  0.471600 -0.631532)
     C   23    Vzz=   -0.7388    axis=( -0.604746  0.796400  0.005384)
     C   23  Q=         1.0000 1e-30 m^2  Cq=        -1.7358 MHz  eta= 0.31096

     Cl  24    Vxx=   -0.5853    axis=( -0.209073 -0.599836 -0.772325)
     Cl  24    Vyy=   -2.0942    axis=( -0.578798  0.712488 -0.396679)
     Cl  24    Vzz=    2.6796    axis=(  0.788214  0.364086 -0.496146)
     Cl  24  Q=        -8.1650 1e-30 m^2  Cq=       -51.4059 MHz  eta= 0.56312

     Initialization:
     gipaw_setup  :      9.06s CPU     10.73s WALL (       1 calls)

     Linear response

     Apply operators

     Induced current

     Other routines
     efg          :      9.13s CPU     11.37s WALL (       1 calls)

     General routines
     calbec       :      3.12s CPU      3.99s WALL (      16 calls)
     fft          :      1.75s CPU      2.85s WALL (      15 calls)
     ffts         :      0.04s CPU      0.05s WALL (       2 calls)
     fftw         :      3.19s CPU      4.00s WALL (     672 calls)
     davcio       :      0.02s CPU      0.32s WALL (      32 calls)

     Parallel routines
     fft_scatter  :      2.33s CPU      4.05s WALL (     689 calls)

     Plugins

     GIPAW        :     60.48s CPU     75.48s WALL (       1 calls)
