
     Program QE v.6.0 (svn rev. 13079) starts on 16Jan2017 at 12:31:27 

     This program is part of the open-source Quantum ESPRESSO suite
     for quantum simulation of materials; please cite
         "P. Giannozzi et al., J. Phys.:Condens. Matter 21 395502 (2009);
          URL http://www.quantum-espresso.org", 
     in publications or presentations arising from this work. More details at
     http://www.quantum-espresso.org/quote

     Parallel version (MPI), running on     8 processors
     R & G space division:  proc/nbgrp/npool/nimage =       8

     ***** This is GIPAW svn revision unknown      *****

     Parallelizing q-star over 1 images

     Reading data from directory:
     /users/majewski/paradichlorobenzene/pbe/9_constraint/scratch/pbe.ecut100.np8.dt60.pcl2phi-129368.save
     Message from routine read_xml_file:
     file /users/majewski/paradichlorobenzene/pbe/9_constraint/scratch/pbe.ecut100.np8.dt60.pcl2phi-129368.save not guaranteed to be safe for post-processing

   Info: using nr1, nr2, nr3 values from input

   Info: using nr1, nr2, nr3 values from input

     IMPORTANT: XC functional enforced from input :
     Exchange-correlation      =  SLA  PW   PBX  PBC ( 1  4  3  4 0 0)
     Any further DFT definition will be discarded
     Please, verify this is what you really want

               file C.pbe-n-kjpaw_psl.1.0.0.UPF: wavefunction(s)  2S 2P renormalized
               file Cl.pbe-n-kjpaw_psl.1.0.0.UPF: wavefunction(s)  3S 3P renormalized
               file H.pbe-kjpaw_psl.1.0.0.UPF: wavefunction(s)  1S renormalized

     Parallelization info
     --------------------
     sticks:   dense  smooth     PW     G-vecs:    dense   smooth      PW
     Min        3057    1223    332               144436    36536    5170
     Max        3059    1225    333               144437    36537    5171
     Sum       24467    9791   2657              1155489   292295   41363


     Subspace diagonalization in iterative solution of the eigenvalue problem:
     a serial algorithm will be used

     GIPAW projectors -----------------------------------------------
     atom=  C    l=0  rc=    1.2000  rs=    0.8000
     atom=  C    l=0  rc=    1.2000  rs=    0.8000
     atom=  C    l=1  rc=    1.4000  rs=    0.9333
     atom=  C    l=1  rc=    1.4000  rs=    0.9333
     projs nearly linearly dependent: l=1  n1,n2= 1, 2  s=  0.99951561

     atom=  Cl   l=0  rc=    1.6000  rs=    1.0667
     atom=  Cl   l=0  rc=    1.6000  rs=    1.0667
     atom=  Cl   l=1  rc=    1.6000  rs=    1.0667
     atom=  Cl   l=1  rc=    1.6000  rs=    1.0667
     atom=  Cl   l=2  rc=    1.6000  rs=    1.0667
     atom=  Cl   l=2  rc=    1.6000  rs=    1.0667
     projs nearly linearly dependent: l=2  n1,n2= 1, 2  s=  0.99993509

     atom=  H    l=0  rc=    1.0000  rs=    0.6667
     atom=  H    l=0  rc=    1.0000  rs=    0.6667
     projs nearly linearly dependent: l=0  n1,n2= 1, 2  s=  0.99968852
     -----------------------------------------------------------------

     GIPAW integrals: -------------------------------------------
     Atom  i/j   nmr_para   nmr_dia   epr_rmc  epr_para   epr_dia
       C   1 1   0.83E+03  0.17E-01  0.93E+01  0.24E+08  0.24E+03
       C   2 1   0.86E+03 -0.61E-01  0.94E+01  0.25E+08  0.25E+03
       C   2 2   0.90E+03 -0.15E+00  0.97E+01  0.26E+08  0.26E+03
       C   3 3   0.33E+01  0.34E+00  0.18E+01  0.55E+03  0.21E+02
       C   4 3   0.35E+01  0.37E+00  0.20E+01  0.59E+03  0.22E+02
       C   4 4   0.38E+01  0.39E+00  0.22E+01  0.63E+03  0.24E+02
       Cl  1 1   0.14E+04 -0.47E+00  0.84E+01  0.32E+09  0.42E+03
       Cl  2 1   0.21E+04 -0.37E+00  0.12E+02  0.49E+09  0.65E+03
       Cl  2 2   0.33E+04 -0.16E+00  0.21E+02  0.76E+09  0.10E+04
       Cl  3 3   0.21E+02  0.79E-01  0.89E+01  0.23E+05  0.13E+03
       Cl  4 3   0.24E+02  0.67E-01  0.99E+01  0.27E+05  0.15E+03
       Cl  4 4   0.28E+02  0.44E-01  0.11E+02  0.32E+05  0.18E+03
       Cl  5 5   0.77E+00  0.19E+00  0.18E+01  0.12E+03  0.22E+02
       Cl  6 5   0.80E+00  0.19E+00  0.19E+01  0.12E+03  0.23E+02
       Cl  6 6   0.83E+00  0.20E+00  0.19E+01  0.12E+03  0.23E+02
       H   1 1   0.39E+02  0.19E+00  0.29E+00  0.78E+05  0.13E+02
       H   2 1   0.41E+02  0.21E+00  0.32E+00  0.82E+05  0.14E+02
       H   2 2   0.43E+02  0.22E+00  0.36E+00  0.86E+05  0.15E+02
     ------------------------------------------------------------

     alpha_pv=     34.1365 eV

     Number of occupied bands for each k-point:
     k-point:     1    nbnd_occ=  42
     k-point:     2    nbnd_occ=  42
     k-point:     3    nbnd_occ=  42
     k-point:     4    nbnd_occ=  42
     k-point:     5    nbnd_occ=  42
     k-point:     6    nbnd_occ=  42
     k-point:     7    nbnd_occ=  42
     k-point:     8    nbnd_occ=  42
     k-point:     9    nbnd_occ=  42
     k-point:    10    nbnd_occ=  42
     k-point:    11    nbnd_occ=  42
     k-point:    12    nbnd_occ=  42
     k-point:    13    nbnd_occ=  42
     k-point:    14    nbnd_occ=  42
     k-point:    15    nbnd_occ=  42
     k-point:    16    nbnd_occ=  42


     q-space interpolation up to   110.00 Rydberg

     GIPAW job: efg                                                                             


     ELECTRIC FIELD GRADIENTS TENSORS IN Hartree/bohrradius^2:

     ----- bare term -----
     Cl   1        0.092552        0.149885        0.097304
     Cl   1        0.149885       -0.134660        0.379537
     Cl   1        0.097304        0.379537        0.042108

     C    2        0.131879       -0.068272       -0.264736
     C    2       -0.068272       -0.054605       -0.574158
     C    2       -0.264736       -0.574158       -0.077274

     C    3       -0.341390        0.110891       -0.003431
     C    3        0.110891       -0.013689        0.039103
     C    3       -0.003431        0.039103        0.355080

     H    4       -0.303769       -0.494143        0.063584
     H    4       -0.494143       -0.000218        0.143343
     H    4        0.063584        0.143343        0.303987

     C    5        0.012438        0.110579       -0.102317
     C    5        0.110579       -0.096408       -0.393043
     C    5       -0.102317       -0.393043        0.083969

     H    6        0.445534       -0.111280       -0.010592
     H    6       -0.111280       -0.792329       -0.175154
     H    6       -0.010592       -0.175154        0.346795

     H    7        0.345058       -0.067019       -0.180620
     H    7       -0.067019       -0.493893        0.584019
     H    7       -0.180620        0.584019        0.148835

     C    8       -0.740472       -0.327866       -0.226282
     C    8       -0.327866        0.372461        0.103698
     C    8       -0.226282        0.103698        0.368010

     H    9       -0.039799       -0.194895       -0.485184
     H    9       -0.194895       -0.068138       -0.141069
     H    9       -0.485184       -0.141069        0.107937

     C   10        0.262672       -0.074049       -0.129478
     C   10       -0.074049       -0.158261        0.452189
     C   10       -0.129478        0.452189       -0.104411

     C   11       -0.568110       -0.438159       -0.330823
     C   11       -0.438159        0.217287        0.119957
     C   11       -0.330823        0.119957        0.350823

     Cl  12       -0.027364        0.054297       -0.035163
     Cl  12        0.054297        0.160658        0.029391
     Cl  12       -0.035163        0.029391       -0.133294

     H   13        0.279482       -0.285432        0.192290
     H   13       -0.285432       -0.510577       -0.139937
     H   13        0.192290       -0.139937        0.231095

     C   14       -0.803588        0.363889       -0.460591
     C   14        0.363889        0.296077        0.011088
     C   14       -0.460591        0.011088        0.507511

     H   15       -0.451692       -0.155099        0.256241
     H   15       -0.155099        0.262411       -0.131532
     H   15        0.256241       -0.131532        0.189281

     C   16        0.251748       -0.076080        0.101133
     C   16       -0.076080       -0.420468       -0.399138
     C   16        0.101133       -0.399138        0.168721

     C   17       -0.825690        0.404443       -0.321100
     C   17        0.404443        0.286654       -0.011382
     C   17       -0.321100       -0.011382        0.539037

     Cl  18        0.046022        0.027994        0.047362
     Cl  18        0.027994       -0.054851       -0.009966
     Cl  18        0.047362       -0.009966        0.008829

     H   19        0.410751       -0.091780        0.025303
     H   19       -0.091780       -0.678588        0.377544
     H   19        0.025303        0.377544        0.267837

     C   20        0.048138        0.024732       -0.211464
     C   20        0.024732       -0.126131        0.413726
     C   20       -0.211464        0.413726        0.077993

     H   21       -0.063764        0.389452       -0.362416
     H   21        0.389452       -0.232998        0.331527
     H   21       -0.362416        0.331527        0.296763

     C   22       -0.707353       -0.307019       -0.241108
     C   22       -0.307019        0.274502        0.096045
     C   22       -0.241108        0.096045        0.432851

     C   23        0.112451        0.003010       -0.218679
     C   23        0.003010       -0.037855        0.613409
     C   23       -0.218679        0.613409       -0.074596

     Cl  24       -0.343114       -0.312757       -0.004998
     Cl  24       -0.312757        0.200513        0.004333
     Cl  24       -0.004998        0.004333        0.142601

     ----- ionic term -----
     Cl   1        0.120393       -0.152909       -0.048394
     Cl   1       -0.152909        0.002257        0.039715
     Cl   1       -0.048394        0.039715       -0.122650

     C    2        0.302748        0.053281        0.045088
     C    2        0.053281        0.170766        0.393246
     C    2        0.045088        0.393246       -0.473514

     C    3        0.247282       -0.148362        0.046388
     C    3       -0.148362        0.177838        0.398483
     C    3        0.046388        0.398483       -0.425120

     H    4        0.858566        0.281422        0.487100
     H    4        0.281422       -0.471802        0.182951
     H    4        0.487100        0.182951       -0.386764

     C    5        0.357731       -0.141521        0.055502
     C    5       -0.141521        0.091548        0.322798
     C    5        0.055502        0.322798       -0.449279

     H    6       -0.523026        0.020089        0.015373
     H    6        0.020089        0.769092        0.644173
     H    6        0.015373        0.644173       -0.246066

     H    7       -0.482485       -0.228413        0.113410
     H    7       -0.228413        0.826570       -0.556362
     H    7        0.113410       -0.556362       -0.344085

     C    8        0.246042        0.178577        0.299898
     C    8        0.178577        0.106293       -0.245967
     C    8        0.299898       -0.245967       -0.352335

     H    9        0.629521       -0.240543        0.658787
     H    9       -0.240543       -0.421450       -0.209540
     H    9        0.658787       -0.209540       -0.208071

     C   10        0.124985        0.270934        0.205091
     C   10        0.270934        0.164033       -0.381270
     C   10        0.205091       -0.381270       -0.289018

     C   11        0.169929        0.180940        0.262830
     C   11        0.180940        0.054151       -0.439230
     C   11        0.262830       -0.439230       -0.224080

     Cl  12        0.191154        0.228720        0.001709
     Cl  12        0.228720       -0.044105       -0.005559
     Cl  12        0.001709       -0.005559       -0.147049

     H   13       -0.485102        0.252272        0.043496
     H   13        0.252272        0.893274        0.476292
     H   13        0.043496        0.476292       -0.408172

     C   14        0.384422        0.024741        0.031813
     C   14        0.024741        0.143171        0.265999
     C   14        0.031813        0.265999       -0.527593

     H   15        0.878234        0.463882        0.303634
     H   15        0.463882       -0.310080        0.142303
     H   15        0.303634        0.142303       -0.568154

     C   16        0.210785       -0.057667        0.036283
     C   16       -0.057667        0.309255        0.344382
     C   16        0.036283        0.344382       -0.520040

     C   17        0.234122       -0.060209        0.166836
     C   17       -0.060209        0.308177        0.332804
     C   17        0.166836        0.332804       -0.542299

     Cl  18        0.139533       -0.231140        0.002101
     Cl  18       -0.231140        0.035135        0.003924
     Cl  18        0.002101        0.003924       -0.174668

     H   19       -0.521094        0.040819       -0.023654
     H   19        0.040819        0.618613       -0.722186
     H   19       -0.023654       -0.722186       -0.097519

     C   20        0.214694        0.213102        0.230115
     C   20        0.213102        0.039431       -0.317549
     C   20        0.230115       -0.317549       -0.254124

     H   21        0.566644       -0.236333        0.709825
     H   21       -0.236333       -0.462729       -0.229660
     H   21        0.709825       -0.229660       -0.103915

     C   22        0.142341        0.236821        0.188223
     C   22        0.236821        0.144417       -0.385999
     C   22        0.188223       -0.385999       -0.286758

     C   23        0.174855        0.208171        0.282086
     C   23        0.208171        0.120467       -0.377650
     C   23        0.282086       -0.377650       -0.295322

     Cl  24        0.138814        0.205586        0.017161
     Cl  24        0.205586        0.031367       -0.004273
     Cl  24        0.017161       -0.004273       -0.170181

     ----- GIPAW term -----
     Cl   1       -0.339404        0.085481       -0.404343
     Cl   1        0.085481        0.209373       -0.883666
     Cl   1       -0.404343       -0.883666        0.130031

     C    2       -0.027663       -0.026130       -0.033856
     C    2       -0.026130        0.154863       -0.073569
     C    2       -0.033856       -0.073569       -0.127200

     C    3       -0.049976        0.000250       -0.000545
     C    3        0.000250        0.049600       -0.008204
     C    3       -0.000545       -0.008204        0.000375

     H    4       -0.000000        0.000000        0.000000
     H    4        0.000000        0.000000        0.000000
     H    4        0.000000        0.000000        0.000000

     C    5       -0.067641        0.073197        0.014718
     C    5        0.073197        0.200992       -0.018618
     C    5        0.014718       -0.018618       -0.133351

     H    6       -0.000000        0.000000        0.000000
     H    6        0.000000        0.000000        0.000000
     H    6        0.000000        0.000000        0.000000

     H    7       -0.000000        0.000000        0.000000
     H    7        0.000000        0.000000        0.000000
     H    7        0.000000        0.000000        0.000000

     C    8       -0.160256        0.000809       -0.003110
     C    8        0.000809        0.207676        0.036403
     C    8       -0.003110        0.036403       -0.047421

     H    9       -0.000000        0.000000        0.000000
     H    9        0.000000        0.000000        0.000000
     H    9        0.000000        0.000000        0.000000

     C   10       -0.030641        0.000025       -0.007836
     C   10        0.000025        0.125771        0.039722
     C   10       -0.007836        0.039722       -0.095130

     C   11       -0.113575       -0.037854       -0.034471
     C   11       -0.037854        0.195487        0.044475
     C   11       -0.034471        0.044475       -0.081912

     Cl  12        0.341177        2.390650       -0.147899
     Cl  12        2.390650        2.243321        0.422954
     Cl  12       -0.147899        0.422954       -2.584498

     H   13       -0.000000        0.000000        0.000000
     H   13        0.000000        0.000000        0.000000
     H   13        0.000000        0.000000        0.000000

     C   14       -0.145175       -0.020792       -0.097807
     C   14       -0.020792        0.066050        0.151985
     C   14       -0.097807        0.151985        0.079126

     H   15       -0.000000        0.000000        0.000000
     H   15        0.000000        0.000000        0.000000
     H   15        0.000000        0.000000        0.000000

     C   16       -0.007994       -0.035118        0.026182
     C   16       -0.035118        0.003560        0.058865
     C   16        0.026182        0.058865        0.004434

     C   17       -0.168432        0.002812       -0.019137
     C   17        0.002812        0.102080        0.179082
     C   17       -0.019137        0.179082        0.066352

     Cl  18       -0.282537       -0.829809        0.553813
     Cl  18       -0.829809        0.958299        2.034896
     Cl  18        0.553813        2.034896       -0.675762

     H   19       -0.000000        0.000000        0.000000
     H   19        0.000000        0.000000        0.000000
     H   19        0.000000        0.000000        0.000000

     C   20       -0.071402        0.009141       -0.014565
     C   20        0.009141        0.188228       -0.022123
     C   20       -0.014565       -0.022123       -0.116826

     H   21       -0.000000        0.000000        0.000000
     H   21        0.000000        0.000000        0.000000
     H   21        0.000000        0.000000        0.000000

     C   22       -0.184659       -0.020550       -0.033059
     C   22       -0.020550        0.242195       -0.012975
     C   22       -0.033059       -0.012975       -0.057535

     C   23       -0.046036        0.010036       -0.020253
     C   23        0.010036        0.227905        0.030749
     C   23       -0.020253        0.030749       -0.181870

     Cl  24       -1.208868        0.887492       -0.108608
     Cl  24        0.887492        2.980825       -0.158167
     Cl  24       -0.108608       -0.158167       -1.771956

     ----- total EFG -----
     Cl   1       -0.126459        0.082458       -0.355433
     Cl   1        0.082458        0.076969       -0.464415
     Cl   1       -0.355433       -0.464415        0.049489

     C    2        0.406965       -0.041122       -0.253505
     C    2       -0.041122        0.271023       -0.254480
     C    2       -0.253505       -0.254480       -0.677987

     C    3       -0.144083       -0.037221        0.042412
     C    3       -0.037221        0.213749        0.429382
     C    3        0.042412        0.429382       -0.069665

     H    4        0.554797       -0.212722        0.550683
     H    4       -0.212722       -0.472020        0.326294
     H    4        0.550683        0.326294       -0.082777

     C    5        0.302528        0.042255       -0.032097
     C    5        0.042255        0.196132       -0.088863
     C    5       -0.032097       -0.088863       -0.498661

     H    6       -0.077492       -0.091191        0.004781
     H    6       -0.091191       -0.023236        0.469019
     H    6        0.004781        0.469019        0.100728

     H    7       -0.137427       -0.295433       -0.067210
     H    7       -0.295433        0.332677        0.027656
     H    7       -0.067210        0.027656       -0.195250

     C    8       -0.654685       -0.148481        0.070505
     C    8       -0.148481        0.686430       -0.105866
     C    8        0.070505       -0.105866       -0.031746

     H    9        0.589722       -0.435438        0.173603
     H    9       -0.435438       -0.489588       -0.350609
     H    9        0.173603       -0.350609       -0.100134

     C   10        0.357016        0.196910        0.067776
     C   10        0.196910        0.131544        0.110641
     C   10        0.067776        0.110641       -0.488559

     C   11       -0.511755       -0.295073       -0.102464
     C   11       -0.295073        0.466924       -0.274797
     C   11       -0.102464       -0.274797        0.044831

     Cl  12        0.504968        2.673666       -0.181353
     Cl  12        2.673666        2.359873        0.446786
     Cl  12       -0.181353        0.446786       -2.864841

     H   13       -0.205620       -0.033160        0.235786
     H   13       -0.033160        0.382697        0.336355
     H   13        0.235786        0.336355       -0.177077

     C   14       -0.564342        0.367838       -0.526584
     C   14        0.367838        0.505298        0.429071
     C   14       -0.526584        0.429071        0.059043

     H   15        0.426541        0.308783        0.559876
     H   15        0.308783       -0.047669        0.010771
     H   15        0.559876        0.010771       -0.378873

     C   16        0.454539       -0.168865        0.163599
     C   16       -0.168865       -0.107653        0.004109
     C   16        0.163599        0.004109       -0.346885

     C   17       -0.760001        0.347046       -0.173401
     C   17        0.347046        0.696911        0.500505
     C   17       -0.173401        0.500505        0.063090

     Cl  18       -0.096982       -1.032955        0.603276
     Cl  18       -1.032955        0.938583        2.028855
     Cl  18        0.603276        2.028855       -0.841601

     H   19       -0.110343       -0.050962        0.001649
     H   19       -0.050962       -0.059975       -0.344641
     H   19        0.001649       -0.344641        0.170318

     C   20        0.191430        0.246974        0.004087
     C   20        0.246974        0.101528        0.074053
     C   20        0.004087        0.074053       -0.292957

     H   21        0.502879        0.153119        0.347409
     H   21        0.153119       -0.695727        0.101867
     H   21        0.347409        0.101867        0.192848

     C   22       -0.749672       -0.090749       -0.085943
     C   22       -0.090749        0.661114       -0.302929
     C   22       -0.085943       -0.302929        0.088558

     C   23        0.241270        0.221217        0.043154
     C   23        0.221217        0.310517        0.266507
     C   23        0.043154        0.266507       -0.551788

     Cl  24       -1.413169        0.780321       -0.096445
     Cl  24        0.780321        3.212705       -0.158107
     Cl  24       -0.096445       -0.158107       -1.799536

     ----- total EFG (symmetrized) -----
     Cl   1       -0.126459        0.082458       -0.355433
     Cl   1        0.082458        0.076969       -0.464415
     Cl   1       -0.355433       -0.464415        0.049489

     C    2        0.406965       -0.041122       -0.253505
     C    2       -0.041122        0.271023       -0.254480
     C    2       -0.253505       -0.254480       -0.677987

     C    3       -0.144083       -0.037221        0.042412
     C    3       -0.037221        0.213749        0.429382
     C    3        0.042412        0.429382       -0.069665

     H    4        0.554797       -0.212722        0.550683
     H    4       -0.212722       -0.472020        0.326294
     H    4        0.550683        0.326294       -0.082777

     C    5        0.302528        0.042255       -0.032097
     C    5        0.042255        0.196132       -0.088863
     C    5       -0.032097       -0.088863       -0.498661

     H    6       -0.077492       -0.091191        0.004781
     H    6       -0.091191       -0.023236        0.469019
     H    6        0.004781        0.469019        0.100728

     H    7       -0.137427       -0.295433       -0.067210
     H    7       -0.295433        0.332677        0.027656
     H    7       -0.067210        0.027656       -0.195250

     C    8       -0.654685       -0.148481        0.070505
     C    8       -0.148481        0.686430       -0.105866
     C    8        0.070505       -0.105866       -0.031746

     H    9        0.589722       -0.435438        0.173603
     H    9       -0.435438       -0.489588       -0.350609
     H    9        0.173603       -0.350609       -0.100134

     C   10        0.357016        0.196910        0.067776
     C   10        0.196910        0.131544        0.110641
     C   10        0.067776        0.110641       -0.488559

     C   11       -0.511755       -0.295073       -0.102464
     C   11       -0.295073        0.466924       -0.274797
     C   11       -0.102464       -0.274797        0.044831

     Cl  12        0.504968        2.673666       -0.181353
     Cl  12        2.673666        2.359873        0.446786
     Cl  12       -0.181353        0.446786       -2.864841

     H   13       -0.205620       -0.033160        0.235786
     H   13       -0.033160        0.382697        0.336355
     H   13        0.235786        0.336355       -0.177077

     C   14       -0.564342        0.367838       -0.526584
     C   14        0.367838        0.505298        0.429071
     C   14       -0.526584        0.429071        0.059043

     H   15        0.426541        0.308783        0.559876
     H   15        0.308783       -0.047669        0.010771
     H   15        0.559876        0.010771       -0.378873

     C   16        0.454539       -0.168865        0.163599
     C   16       -0.168865       -0.107653        0.004109
     C   16        0.163599        0.004109       -0.346885

     C   17       -0.760001        0.347046       -0.173401
     C   17        0.347046        0.696911        0.500505
     C   17       -0.173401        0.500505        0.063090

     Cl  18       -0.096982       -1.032955        0.603276
     Cl  18       -1.032955        0.938583        2.028855
     Cl  18        0.603276        2.028855       -0.841601

     H   19       -0.110343       -0.050962        0.001649
     H   19       -0.050962       -0.059975       -0.344641
     H   19        0.001649       -0.344641        0.170318

     C   20        0.191430        0.246974        0.004087
     C   20        0.246974        0.101528        0.074053
     C   20        0.004087        0.074053       -0.292957

     H   21        0.502879        0.153119        0.347409
     H   21        0.153119       -0.695727        0.101867
     H   21        0.347409        0.101867        0.192848

     C   22       -0.749672       -0.090749       -0.085943
     C   22       -0.090749        0.661114       -0.302929
     C   22       -0.085943       -0.302929        0.088558

     C   23        0.241270        0.221217        0.043154
     C   23        0.221217        0.310517        0.266507
     C   23        0.043154        0.266507       -0.551788

     Cl  24       -1.413169        0.780321       -0.096445
     Cl  24        0.780321        3.212705       -0.158107
     Cl  24       -0.096445       -0.158107       -1.799536


     NQR/NMR SPECTROSCOPIC PARAMETERS:
     Cl   1    Vxx=   -0.1275    axis=(  0.758207 -0.635633 -0.145235)
     Cl   1    Vyy=   -0.5268    axis=(  0.529633  0.470506  0.705771)
     Cl   1    Vzz=    0.6543    axis=(  0.380277  0.612042 -0.693393)
     Cl   1  Q=        -8.1650 1e-30 m^2  Cq=       -12.5533 MHz  eta= 0.61029

     C    2    Vxx=    0.3314    axis=( -0.158182  0.966141 -0.203841)
     C    2    Vyy=    0.4649    axis=(  0.965239  0.107798 -0.238102)
     C    2    Vzz=   -0.7964    axis=(  0.208067  0.234419  0.949608)
     C    2  Q=         1.0000 1e-30 m^2  Cq=        -1.8711 MHz  eta= 0.16759

     C    3    Vxx=   -0.1314    axis=(  0.975391 -0.122696  0.183189)
     C    3    Vyy=   -0.3928    axis=( -0.220338 -0.572553  0.789705)
     C    3    Vzz=    0.5242    axis=( -0.007992  0.810635  0.585497)
     C    3  Q=         1.0000 1e-30 m^2  Cq=         1.2318 MHz  eta= 0.49857

     H    4    Vxx=   -0.0458    axis=( -0.355583  0.673545  0.647995)
     H    4    Vyy=   -0.8269    axis=(  0.344540  0.738942 -0.579014)
     H    4    Vzz=    0.8727    axis=(  0.868823 -0.017373  0.494818)
     H    4  Q=         1.0000 1e-30 m^2  Cq=         2.0504 MHz  eta= 0.89503

     C    5    Vxx=    0.1889    axis=( -0.371929  0.922653 -0.101884)
     C    5    Vyy=    0.3218    axis=(  0.927683  0.365577 -0.075886)
     C    5    Vzz=   -0.5107    axis=(  0.032770  0.122740  0.991898)
     C    5  Q=         1.0000 1e-30 m^2  Cq=        -1.2000 MHz  eta= 0.26021

     H    6    Vxx=   -0.0689    axis=(  0.976834 -0.081523  0.197864)
     H    6    Vyy=   -0.4483    axis=(  0.191533  0.745462 -0.638437)
     H    6    Vzz=    0.5173    axis=( -0.095453  0.661544  0.743806)
     H    6  Q=         1.0000 1e-30 m^2  Cq=         1.2154 MHz  eta= 0.73355

     H    7    Vxx=   -0.1769    axis=( -0.350210 -0.252007  0.902134)
     H    7    Vyy=   -0.3026    axis=( -0.828162 -0.366661 -0.423919)
     H    7    Vzz=    0.4795    axis=( -0.437607  0.895574  0.080295)
     H    7  Q=         1.0000 1e-30 m^2  Cq=         1.1267 MHz  eta= 0.26224

     C    8    Vxx=   -0.0434    axis=(  0.075148  0.158111  0.984558)
     C    8    Vyy=   -0.6763    axis=(  0.990662  0.100807 -0.091803)
     C    8    Vzz=    0.7197    axis=( -0.113765  0.982262 -0.149059)
     C    8  Q=         1.0000 1e-30 m^2  Cq=         1.6910 MHz  eta= 0.87949

     H    9    Vxx=   -0.0678    axis=( -0.417273 -0.286195  0.862540)
     H    9    Vyy=   -0.7648    axis=(  0.232194  0.884040  0.405658)
     H    9    Vzz=    0.8326    axis=(  0.878618 -0.369547  0.302433)
     H    9  Q=         1.0000 1e-30 m^2  Cq=         1.9563 MHz  eta= 0.83718

     C   10    Vxx=    0.0244    axis=(  0.523131 -0.844717 -0.113077)
     C   10    Vyy=    0.4847    axis=(  0.851248  0.511457  0.117426)
     C   10    Vzz=   -0.5091    axis=( -0.041358 -0.157686  0.986623)
     C   10  Q=         1.0000 1e-30 m^2  Cq=        -1.1961 MHz  eta= 0.90411

     C   11    Vxx=   -0.0061    axis=( -0.352528  0.295870  0.887798)
     C   11    Vyy=   -0.6404    axis=(  0.914883  0.308435  0.260493)
     C   11    Vzz=    0.6465    axis=( -0.196756  0.904062 -0.379419)
     C   11  Q=         1.0000 1e-30 m^2  Cq=         1.5189 MHz  eta= 0.98125

     Cl  12    Vxx=   -1.2931    axis=( -0.795832  0.552064  0.248749)
     Cl  12    Vyy=   -2.9788    axis=(  0.182822 -0.172561  0.967884)
     Cl  12    Vzz=    4.2718    axis=(  0.577259  0.815750  0.036401)
     Cl  12  Q=        -8.1650 1e-30 m^2  Cq=       -81.9525 MHz  eta= 0.39461

     H   13    Vxx=   -0.0390    axis=(  0.788939 -0.344049  0.509123)
     H   13    Vyy=   -0.5085    axis=(  0.606221  0.300483 -0.736346)
     H   13    Vzz=    0.5475    axis=(  0.100356  0.889573  0.445633)
     H   13  Q=         1.0000 1e-30 m^2  Cq=         1.2863 MHz  eta= 0.85752

     C   14    Vxx=    0.2820    axis=(  0.601378  0.370044 -0.708104)
     C   14    Vyy=    0.7677    axis=( -0.045257 -0.869077 -0.492603)
     C   14    Vzz=   -1.0497    axis=(  0.797681 -0.328287  0.505897)
     C   14  Q=         1.0000 1e-30 m^2  Cq=        -2.4664 MHz  eta= 0.46263

     H   15    Vxx=   -0.1114    axis=(  0.179049 -0.924098  0.337615)
     H   15    Vyy=   -0.6949    axis=(  0.483117 -0.216354 -0.848404)
     H   15    Vzz=    0.8064    axis=(  0.857053  0.315013  0.407709)
     H   15  Q=         1.0000 1e-30 m^2  Cq=         1.8947 MHz  eta= 0.72362

     C   16    Vxx=   -0.1450    axis=( -0.216316 -0.956700 -0.194765)
     C   16    Vyy=   -0.3844    axis=( -0.217767 -0.147184  0.964839)
     C   16    Vzz=    0.5294    axis=( -0.951727  0.251123 -0.176499)
     C   16  Q=         1.0000 1e-30 m^2  Cq=         1.2440 MHz  eta= 0.45225

     C   17    Vxx=   -0.0734    axis=( -0.397867 -0.367076  0.840807)
     C   17    Vyy=   -0.9280    axis=( -0.908156  0.287649 -0.304156)
     C   17    Vzz=    1.0014    axis=( -0.130209 -0.884598 -0.447808)
     C   17  Q=         1.0000 1e-30 m^2  Cq=         2.3528 MHz  eta= 0.85347

     Cl  18    Vxx=    0.2379    axis=(  0.888185 -0.019847  0.459057)
     Cl  18    Vyy=    2.3918    axis=( -0.232117  0.842836  0.485539)
     Cl  18    Vzz=   -2.6297    axis=( -0.396547 -0.537804  0.743988)
     Cl  18  Q=        -8.1650 1e-30 m^2  Cq=        50.4502 MHz  eta= 0.81907

     H   19    Vxx=   -0.1042    axis=(  0.979290 -0.123254 -0.160622)
     H   19    Vyy=   -0.3162    axis=(  0.193739  0.800839  0.566676)
     H   19    Vzz=    0.4204    axis=(  0.058787 -0.586059  0.808133)
     H   19  Q=         1.0000 1e-30 m^2  Cq=         0.9877 MHz  eta= 0.50425

     C   20    Vxx=   -0.0904    axis=( -0.639793  0.725896  0.252467)
     C   20    Vyy=   -0.3108    axis=(  0.109639 -0.238933  0.964827)
     C   20    Vzz=    0.4012    axis=(  0.760687  0.644969  0.073282)
     C   20  Q=         1.0000 1e-30 m^2  Cq=         0.9427 MHz  eta= 0.54940

     H   21    Vxx=   -0.0326    axis=( -0.544900  0.002986  0.838496)
     H   21    Vyy=   -0.7191    axis=( -0.104072  0.992020 -0.071164)
     H   21    Vzz=    0.7517    axis=( -0.832017 -0.126042 -0.540241)
     H   21  Q=         1.0000 1e-30 m^2  Cq=         1.7661 MHz  eta= 0.91338

     C   22    Vxx=   -0.0239    axis=( -0.155646  0.382208  0.910874)
     C   22    Vyy=   -0.7694    axis=( -0.987285 -0.090332 -0.130799)
     C   22    Vzz=    0.7932    axis=(  0.032289 -0.919650  0.391408)
     C   22  Q=         1.0000 1e-30 m^2  Cq=         1.8638 MHz  eta= 0.93982

     C   23    Vxx=    0.0781    axis=(  0.807943 -0.560513 -0.181805)
     C   23    Vyy=    0.5499    axis=(  0.588807  0.780038  0.211770)
     C   23    Vzz=   -0.6279    axis=(  0.023115 -0.278146  0.960261)
     C   23  Q=         1.0000 1e-30 m^2  Cq=        -1.4754 MHz  eta= 0.75128

     Cl  24    Vxx=   -1.5241    axis=(  0.956579 -0.165590 -0.239866)
     Cl  24    Vyy=   -1.8225    axis=( -0.242070  0.007049 -0.970233)
     Cl  24    Vzz=    3.3465    axis=(  0.162352  0.986169 -0.033342)
     Cl  24  Q=        -8.1650 1e-30 m^2  Cq=       -64.2012 MHz  eta= 0.08916

     Initialization:
     gipaw_setup  :      9.18s CPU     10.79s WALL (       1 calls)

     Linear response

     Apply operators

     Induced current

     Other routines
     efg          :      9.27s CPU     11.91s WALL (       1 calls)

     General routines
     calbec       :      3.30s CPU      4.50s WALL (      16 calls)
     fft          :      1.78s CPU      2.80s WALL (      15 calls)
     ffts         :      0.03s CPU      0.05s WALL (       2 calls)
     fftw         :      3.20s CPU      4.00s WALL (     672 calls)
     davcio       :      0.01s CPU      0.33s WALL (      32 calls)

     Parallel routines
     fft_scatter  :      2.25s CPU      3.83s WALL (     689 calls)

     Plugins

     GIPAW        :     60.68s CPU     72.52s WALL (       1 calls)
