
     Program QE v.6.0 (svn rev. 13079) starts on 20Jan2017 at  8:23:22 

     This program is part of the open-source Quantum ESPRESSO suite
     for quantum simulation of materials; please cite
         "P. Giannozzi et al., J. Phys.:Condens. Matter 21 395502 (2009);
          URL http://www.quantum-espresso.org", 
     in publications or presentations arising from this work. More details at
     http://www.quantum-espresso.org/quote

     Parallel version (MPI), running on     8 processors
     R & G space division:  proc/nbgrp/npool/nimage =       8

     ***** This is GIPAW svn revision unknown      *****

     Parallelizing q-star over 1 images

     Reading data from directory:
     /users/majewski/paradichlorobenzene/pbe/9_constraint/scratch/pbe.ecut100.np8.dt60.pcl2phi-129368.save
     Message from routine read_xml_file:
     file /users/majewski/paradichlorobenzene/pbe/9_constraint/scratch/pbe.ecut100.np8.dt60.pcl2phi-129368.save not guaranteed to be safe for post-processing

   Info: using nr1, nr2, nr3 values from input

   Info: using nr1, nr2, nr3 values from input

     IMPORTANT: XC functional enforced from input :
     Exchange-correlation      =  SLA  PW   PBX  PBC ( 1  4  3  4 0 0)
     Any further DFT definition will be discarded
     Please, verify this is what you really want

               file C.pbe-n-kjpaw_psl.1.0.0.UPF: wavefunction(s)  2S 2P renormalized
               file Cl.pbe-n-kjpaw_psl.1.0.0.UPF: wavefunction(s)  3S 3P renormalized
               file H.pbe-kjpaw_psl.1.0.0.UPF: wavefunction(s)  1S renormalized

     Parallelization info
     --------------------
     sticks:   dense  smooth     PW     G-vecs:    dense   smooth      PW
     Min        3057    1223    332               144436    36536    5170
     Max        3059    1225    333               144437    36537    5171
     Sum       24467    9791   2657              1155489   292295   41363


     Subspace diagonalization in iterative solution of the eigenvalue problem:
     a serial algorithm will be used

     GIPAW projectors -----------------------------------------------
     atom=  C    l=0  rc=    1.2000  rs=    0.8000
     atom=  C    l=0  rc=    1.2000  rs=    0.8000
     atom=  C    l=1  rc=    1.4000  rs=    0.9333
     atom=  C    l=1  rc=    1.4000  rs=    0.9333
     projs nearly linearly dependent: l=1  n1,n2= 1, 2  s=  0.99951561

     atom=  Cl   l=0  rc=    1.6000  rs=    1.0667
     atom=  Cl   l=0  rc=    1.6000  rs=    1.0667
     atom=  Cl   l=1  rc=    1.6000  rs=    1.0667
     atom=  Cl   l=1  rc=    1.6000  rs=    1.0667
     atom=  Cl   l=2  rc=    1.6000  rs=    1.0667
     atom=  Cl   l=2  rc=    1.6000  rs=    1.0667
     projs nearly linearly dependent: l=2  n1,n2= 1, 2  s=  0.99993509

     atom=  H    l=0  rc=    1.0000  rs=    0.6667
     atom=  H    l=0  rc=    1.0000  rs=    0.6667
     projs nearly linearly dependent: l=0  n1,n2= 1, 2  s=  0.99968852
     -----------------------------------------------------------------

     GIPAW integrals: -------------------------------------------
     Atom  i/j   nmr_para   nmr_dia   epr_rmc  epr_para   epr_dia
       C   1 1   0.83E+03  0.17E-01  0.93E+01  0.24E+08  0.24E+03
       C   2 1   0.86E+03 -0.61E-01  0.94E+01  0.25E+08  0.25E+03
       C   2 2   0.90E+03 -0.15E+00  0.97E+01  0.26E+08  0.26E+03
       C   3 3   0.33E+01  0.34E+00  0.18E+01  0.55E+03  0.21E+02
       C   4 3   0.35E+01  0.37E+00  0.20E+01  0.59E+03  0.22E+02
       C   4 4   0.38E+01  0.39E+00  0.22E+01  0.63E+03  0.24E+02
       Cl  1 1   0.14E+04 -0.47E+00  0.84E+01  0.32E+09  0.42E+03
       Cl  2 1   0.21E+04 -0.37E+00  0.12E+02  0.49E+09  0.65E+03
       Cl  2 2   0.33E+04 -0.16E+00  0.21E+02  0.76E+09  0.10E+04
       Cl  3 3   0.21E+02  0.79E-01  0.89E+01  0.23E+05  0.13E+03
       Cl  4 3   0.24E+02  0.67E-01  0.99E+01  0.27E+05  0.15E+03
       Cl  4 4   0.28E+02  0.44E-01  0.11E+02  0.32E+05  0.18E+03
       Cl  5 5   0.77E+00  0.19E+00  0.18E+01  0.12E+03  0.22E+02
       Cl  6 5   0.80E+00  0.19E+00  0.19E+01  0.12E+03  0.23E+02
       Cl  6 6   0.83E+00  0.20E+00  0.19E+01  0.12E+03  0.23E+02
       H   1 1   0.39E+02  0.19E+00  0.29E+00  0.78E+05  0.13E+02
       H   2 1   0.41E+02  0.21E+00  0.32E+00  0.82E+05  0.14E+02
       H   2 2   0.43E+02  0.22E+00  0.36E+00  0.86E+05  0.15E+02
     ------------------------------------------------------------

     alpha_pv=     34.4613 eV

     Number of occupied bands for each k-point:
     k-point:     1    nbnd_occ=  42
     k-point:     2    nbnd_occ=  42
     k-point:     3    nbnd_occ=  42
     k-point:     4    nbnd_occ=  42
     k-point:     5    nbnd_occ=  42
     k-point:     6    nbnd_occ=  42
     k-point:     7    nbnd_occ=  42
     k-point:     8    nbnd_occ=  42
     k-point:     9    nbnd_occ=  42
     k-point:    10    nbnd_occ=  42
     k-point:    11    nbnd_occ=  42
     k-point:    12    nbnd_occ=  42
     k-point:    13    nbnd_occ=  42
     k-point:    14    nbnd_occ=  42
     k-point:    15    nbnd_occ=  42
     k-point:    16    nbnd_occ=  42


     q-space interpolation up to   110.00 Rydberg

     GIPAW job: efg                                                                             


     ELECTRIC FIELD GRADIENTS TENSORS IN Hartree/bohrradius^2:

     ----- bare term -----
     Cl   1        0.104746        0.042981        0.045001
     Cl   1        0.042981       -0.128660       -0.064385
     Cl   1        0.045001       -0.064385        0.023915

     C    2       -0.771577        0.482979       -0.342417
     C    2        0.482979        0.323310       -0.057571
     C    2       -0.342417       -0.057571        0.448267

     C    3        0.319528        0.049006       -0.173127
     C    3        0.049006       -0.213589       -0.438041
     C    3       -0.173127       -0.438041       -0.105939

     H    4        0.071584        0.141135       -0.432091
     H    4        0.141135       -0.009634        0.208866
     H    4       -0.432091        0.208866       -0.061950

     C    5       -0.519364        0.284045       -0.065974
     C    5        0.284045        0.164710        0.032758
     C    5       -0.065974        0.032758        0.354654

     H    6        0.504260        0.007954        0.085489
     H    6        0.007954        0.068564       -0.112213
     H    6        0.085489       -0.112213       -0.572824

     H    7        0.386848        0.144391        0.011993
     H    7        0.144391       -0.693186       -0.064655
     H    7        0.011993       -0.064655        0.306339

     C    8        0.125737        0.030139       -0.080068
     C    8        0.030139       -0.199113        0.239493
     C    8       -0.080068        0.239493        0.073375

     H    9       -0.182508        0.340728        0.086377
     H    9        0.340728       -0.085922       -0.144120
     H    9        0.086377       -0.144120        0.268430

     C   10       -0.148887        0.058676        0.156274
     C   10        0.058676       -0.155475       -0.277037
     C   10        0.156274       -0.277037        0.304361

     C   11        0.171132       -0.003883       -0.106228
     C   11       -0.003883       -0.083619        0.466950
     C   11       -0.106228        0.466950       -0.087513

     Cl  12        0.092746       -0.163401        0.098406
     Cl  12       -0.163401       -0.192349       -0.398161
     Cl  12        0.098406       -0.398161        0.099603

     H   13        0.443230        0.039404        0.122253
     H   13        0.039404       -0.102544       -0.600193
     H   13        0.122253       -0.600193       -0.340685

     C   14       -0.096600       -0.044385       -0.273708
     C   14       -0.044385       -0.180989       -0.309758
     C   14       -0.273708       -0.309758        0.277589

     H   15       -0.160802       -0.207694       -0.480775
     H   15       -0.207694        0.308459       -0.342717
     H   15       -0.480775       -0.342717       -0.147657

     C   16       -0.730815        0.330657       -0.304967
     C   16        0.330657        0.325304       -0.088625
     C   16       -0.304967       -0.088625        0.405511

     C   17        0.085436       -0.103593       -0.296892
     C   17       -0.103593       -0.015891       -0.630544
     C   17       -0.296892       -0.630544       -0.069545

     Cl  18       -0.262784        0.301880        0.004137
     Cl  18        0.301880        0.095274       -0.081398
     Cl  18        0.004137       -0.081398        0.167510

     H   19        0.324949        0.305677        0.176196
     H   19        0.305677       -0.507562       -0.163475
     H   19        0.176196       -0.163475        0.182614

     C   20       -0.844811       -0.357076       -0.481442
     C   20       -0.357076        0.315502       -0.036779
     C   20       -0.481442       -0.036779        0.529309

     H   21       -0.517233        0.148657        0.232331
     H   21        0.148657        0.353613        0.182984
     H   21        0.232331        0.182984        0.163620

     C   22        0.183753       -0.018864       -0.061848
     C   22       -0.018864       -0.531150        0.410545
     C   22       -0.061848        0.410545        0.347397

     C   23       -0.783809       -0.459487       -0.370271
     C   23       -0.459487        0.347257        0.016647
     C   23       -0.370271        0.016647        0.436552

     Cl  24       -0.021908        0.002851        0.053272
     Cl  24        0.002851       -0.026527       -0.054039
     Cl  24        0.053272       -0.054039        0.048435

     ----- ionic term -----
     Cl   1        0.139469       -0.243512       -0.014466
     Cl   1       -0.243512        0.009332        0.016992
     Cl   1       -0.014466        0.016992       -0.148801

     C    2        0.149238       -0.273983        0.226932
     C    2       -0.273983       -0.015244        0.435297
     C    2        0.226932        0.435297       -0.133994

     C    3        0.108354       -0.297018        0.168952
     C    3       -0.297018        0.032474        0.413689
     C    3        0.168952        0.413689       -0.140828

     H    4        0.453268        0.153457        0.753785
     H    4        0.153457       -0.490061        0.178049
     H    4        0.753785        0.178049        0.036793

     C    5        0.254623       -0.260128        0.231785
     C    5       -0.260128       -0.052881        0.327672
     C    5        0.231785        0.327672       -0.201743

     H    6       -0.532863       -0.033878       -0.017082
     H    6       -0.033878        0.413226        0.812169
     H    6       -0.017082        0.812169        0.119637

     H    7       -0.534828       -0.042539        0.013061
     H    7       -0.042539        0.868411       -0.544849
     H    7        0.013061       -0.544849       -0.333583

     C    8        0.388371        0.091605        0.059435
     C    8        0.091605        0.093722       -0.304697
     C    8        0.059435       -0.304697       -0.482093

     H    9        0.878234       -0.428618        0.321096
     H    9       -0.428618       -0.337605       -0.165523
     H    9        0.321096       -0.165523       -0.540630

     C   10        0.295696        0.139571       -0.019617
     C   10        0.139571        0.191092       -0.325154
     C   10       -0.019617       -0.325154       -0.486788

     C   11        0.312139        0.091626       -0.002681
     C   11        0.091626        0.201906       -0.307031
     C   11       -0.002681       -0.307031       -0.514045

     Cl  12        0.147663        0.185167       -0.042887
     Cl  12        0.185167        0.005401       -0.041318
     Cl  12       -0.042887       -0.041318       -0.153064

     H   13       -0.523882        0.002014        0.026081
     H   13        0.002014        0.380438        0.805748
     H   13        0.026081        0.805748        0.143444

     C   14        0.278246       -0.293120        0.215035
     C   14       -0.293120       -0.085518        0.332133
     C   14        0.215035        0.332133       -0.192728

     H   15        0.585463        0.061571        0.733955
     H   15        0.061571       -0.563255        0.128875
     H   15        0.733955        0.128875       -0.022209

     C   16        0.179094       -0.340172        0.142675
     C   16       -0.340172        0.006758        0.413797
     C   16        0.142675        0.413797       -0.185852

     C   17        0.177575       -0.211986        0.265327
     C   17       -0.211986       -0.035052        0.422643
     C   17        0.265327        0.422643       -0.142524

     Cl  18        0.131141       -0.187118        0.001022
     Cl  18       -0.187118        0.011609        0.015750
     Cl  18        0.001022        0.015750       -0.142750

     H   19       -0.489902       -0.254520        0.006686
     H   19       -0.254520        1.092951       -0.113116
     H   19        0.006686       -0.113116       -0.603049

     C   20        0.365835        0.087745        0.010071
     C   20        0.087745        0.218907       -0.159714
     C   20        0.010071       -0.159714       -0.584742

     H   21        0.839603       -0.455079        0.369172
     H   21       -0.455079       -0.304172       -0.169727
     H   21        0.369172       -0.169727       -0.535432

     C   22        0.239545        0.150566        0.049294
     C   22        0.150566        0.303002       -0.312097
     C   22        0.049294       -0.312097       -0.542547

     C   23        0.297774        0.013496        0.141488
     C   23        0.013496        0.219155       -0.324611
     C   23        0.141488       -0.324611       -0.516929

     Cl  24        0.171798        0.205773       -0.013961
     Cl  24        0.205773       -0.024528       -0.010426
     Cl  24       -0.013961       -0.010426       -0.147270

     ----- GIPAW term -----
     Cl   1       -0.215080       -0.769635        0.384114
     Cl   1       -0.769635        1.377987        1.694061
     Cl   1        0.384114        1.694061       -1.162907

     C    2       -0.155546       -0.013113       -0.033497
     C    2       -0.013113        0.236915        0.077892
     C    2       -0.033497        0.077892       -0.081369

     C    3       -0.013274       -0.010012       -0.012939
     C    3       -0.010012        0.101282       -0.005888
     C    3       -0.012939       -0.005888       -0.088008

     H    4       -0.000000        0.000000        0.000000
     H    4        0.000000        0.000000        0.000000
     H    4        0.000000        0.000000        0.000000

     C    5       -0.057169       -0.030677        0.022299
     C    5       -0.030677        0.061555        0.001895
     C    5        0.022299        0.001895       -0.004386

     H    6       -0.000000        0.000000        0.000000
     H    6        0.000000        0.000000        0.000000
     H    6        0.000000        0.000000        0.000000

     H    7       -0.000000        0.000000        0.000000
     H    7        0.000000        0.000000        0.000000
     H    7        0.000000        0.000000        0.000000

     C    8       -0.010573       -0.017041        0.008837
     C    8       -0.017041        0.096326        0.021678
     C    8        0.008837        0.021678       -0.085753

     H    9       -0.000000        0.000000        0.000000
     H    9        0.000000        0.000000        0.000000
     H    9        0.000000        0.000000        0.000000

     C   10        0.010664        0.026839        0.019159
     C   10        0.026839       -0.017094       -0.042628
     C   10        0.019159       -0.042628        0.006430

     C   11        0.002364       -0.011737       -0.018336
     C   11       -0.011737        0.102118        0.052296
     C   11       -0.018336        0.052296       -0.104482

     Cl  12       -0.317759       -0.132357       -0.324407
     Cl  12       -0.132357        0.269990        0.743641
     Cl  12       -0.324407        0.743641        0.047768

     H   13       -0.000000        0.000000        0.000000
     H   13        0.000000        0.000000        0.000000
     H   13        0.000000        0.000000        0.000000

     C   14       -0.113795       -0.072189       -0.065419
     C   14       -0.072189        0.075327        0.147150
     C   14       -0.065419        0.147150        0.038468

     H   15       -0.000000        0.000000        0.000000
     H   15        0.000000        0.000000        0.000000
     H   15        0.000000        0.000000        0.000000

     C   16       -0.223104       -0.060905       -0.071996
     C   16       -0.060905        0.284488        0.099846
     C   16       -0.071996        0.099846       -0.061384

     C   17       -0.044377       -0.053013       -0.036412
     C   17       -0.053013        0.190405       -0.094809
     C   17       -0.036412       -0.094809       -0.146029

     Cl  18       -1.209042       -0.285827       -0.216448
     Cl  18       -0.285827        2.347641       -1.716706
     Cl  18       -0.216448       -1.716706       -1.138599

     H   19       -0.000000        0.000000        0.000000
     H   19        0.000000        0.000000        0.000000
     H   19        0.000000        0.000000        0.000000

     C   20       -0.171310        0.032134       -0.108443
     C   20        0.032134        0.097902       -0.181267
     C   20       -0.108443       -0.181267        0.073408

     H   21       -0.000000        0.000000        0.000000
     H   21        0.000000        0.000000        0.000000
     H   21        0.000000        0.000000        0.000000

     C   22       -0.054711        0.041954       -0.020612
     C   22        0.041954       -0.037358       -0.126009
     C   22       -0.020612       -0.126009        0.092069

     C   23       -0.161513       -0.046567       -0.014672
     C   23       -0.046567        0.215909       -0.140338
     C   23       -0.014672       -0.140338       -0.054396

     Cl  24       -0.302879        1.894582       -0.174836
     Cl  24        1.894582        0.368056       -2.028324
     Cl  24       -0.174836       -2.028324       -0.065177

     ----- total EFG -----
     Cl   1        0.029134       -0.970165        0.414650
     Cl   1       -0.970165        1.258659        1.646668
     Cl   1        0.414650        1.646668       -1.287793

     C    2       -0.777884        0.195883       -0.148981
     C    2        0.195883        0.544980        0.455618
     C    2       -0.148981        0.455618        0.232904

     C    3        0.414608       -0.258025       -0.017114
     C    3       -0.258025       -0.079833       -0.030239
     C    3       -0.017114       -0.030239       -0.334776

     H    4        0.524852        0.294593        0.321694
     H    4        0.294593       -0.499695        0.386915
     H    4        0.321694        0.386915       -0.025157

     C    5       -0.321910       -0.006760        0.188110
     C    5       -0.006760        0.173384        0.362324
     C    5        0.188110        0.362324        0.148526

     H    6       -0.028602       -0.025924        0.068407
     H    6       -0.025924        0.481790        0.699956
     H    6        0.068407        0.699956       -0.453188

     H    7       -0.147980        0.101852        0.025054
     H    7        0.101852        0.175224       -0.609504
     H    7        0.025054       -0.609504       -0.027244

     C    8        0.503536        0.104703       -0.011795
     C    8        0.104703       -0.009065       -0.043526
     C    8       -0.011795       -0.043526       -0.494471

     H    9        0.695727       -0.087890        0.407472
     H    9       -0.087890       -0.423527       -0.309643
     H    9        0.407472       -0.309643       -0.272199

     C   10        0.157473        0.225087        0.155815
     C   10        0.225087        0.018523       -0.644818
     C   10        0.155815       -0.644818       -0.175997

     C   11        0.485636        0.076005       -0.127245
     C   11        0.076005        0.220405        0.212215
     C   11       -0.127245        0.212215       -0.706040

     Cl  12       -0.077350       -0.110591       -0.268888
     Cl  12       -0.110591        0.083042        0.304163
     Cl  12       -0.268888        0.304163       -0.005692

     H   13       -0.080653        0.041417        0.148334
     H   13        0.041417        0.277894        0.205555
     H   13        0.148334        0.205555       -0.197241

     C   14        0.067852       -0.409695       -0.124092
     C   14       -0.409695       -0.191180        0.169524
     C   14       -0.124092        0.169524        0.123328

     H   15        0.424661       -0.146123        0.253180
     H   15       -0.146123       -0.254796       -0.213843
     H   15        0.253180       -0.213843       -0.169865

     C   16       -0.774825       -0.070420       -0.234289
     C   16       -0.070420        0.616550        0.425018
     C   16       -0.234289        0.425018        0.158275

     C   17        0.218635       -0.368593       -0.067976
     C   17       -0.368593        0.139462       -0.302710
     C   17       -0.067976       -0.302710       -0.358097

     Cl  18       -1.340685       -0.171066       -0.211289
     Cl  18       -0.171066        2.454525       -1.782354
     Cl  18       -0.211289       -1.782354       -1.113840

     H   19       -0.164953        0.051158        0.182882
     H   19        0.051158        0.585388       -0.276591
     H   19        0.182882       -0.276591       -0.420435

     C   20       -0.650285       -0.237197       -0.579814
     C   20       -0.237197        0.632310       -0.377760
     C   20       -0.579814       -0.377760        0.017974

     H   21        0.322370       -0.306423        0.601503
     H   21       -0.306423        0.049442        0.013257
     H   21        0.601503        0.013257       -0.371812

     C   22        0.368587        0.173655       -0.033166
     C   22        0.173655       -0.265507       -0.027561
     C   22       -0.033166       -0.027561       -0.103081

     C   23       -0.647547       -0.492559       -0.243454
     C   23       -0.492559        0.782321       -0.448302
     C   23       -0.243454       -0.448302       -0.134773

     Cl  24       -0.152988        2.103206       -0.135525
     Cl  24        2.103206        0.317001       -2.092790
     Cl  24       -0.135525       -2.092790       -0.164013

     ----- total EFG (symmetrized) -----
     Cl   1        0.029134       -0.970165        0.414650
     Cl   1       -0.970165        1.258659        1.646668
     Cl   1        0.414650        1.646668       -1.287793

     C    2       -0.777884        0.195883       -0.148981
     C    2        0.195883        0.544980        0.455618
     C    2       -0.148981        0.455618        0.232904

     C    3        0.414608       -0.258025       -0.017114
     C    3       -0.258025       -0.079833       -0.030239
     C    3       -0.017114       -0.030239       -0.334776

     H    4        0.524852        0.294593        0.321694
     H    4        0.294593       -0.499695        0.386915
     H    4        0.321694        0.386915       -0.025157

     C    5       -0.321910       -0.006760        0.188110
     C    5       -0.006760        0.173384        0.362324
     C    5        0.188110        0.362324        0.148526

     H    6       -0.028602       -0.025924        0.068407
     H    6       -0.025924        0.481790        0.699956
     H    6        0.068407        0.699956       -0.453188

     H    7       -0.147980        0.101852        0.025054
     H    7        0.101852        0.175224       -0.609504
     H    7        0.025054       -0.609504       -0.027244

     C    8        0.503536        0.104703       -0.011795
     C    8        0.104703       -0.009065       -0.043526
     C    8       -0.011795       -0.043526       -0.494471

     H    9        0.695727       -0.087890        0.407472
     H    9       -0.087890       -0.423527       -0.309643
     H    9        0.407472       -0.309643       -0.272199

     C   10        0.157473        0.225087        0.155815
     C   10        0.225087        0.018523       -0.644818
     C   10        0.155815       -0.644818       -0.175997

     C   11        0.485636        0.076005       -0.127245
     C   11        0.076005        0.220405        0.212215
     C   11       -0.127245        0.212215       -0.706040

     Cl  12       -0.077350       -0.110591       -0.268888
     Cl  12       -0.110591        0.083042        0.304163
     Cl  12       -0.268888        0.304163       -0.005692

     H   13       -0.080653        0.041417        0.148334
     H   13        0.041417        0.277894        0.205555
     H   13        0.148334        0.205555       -0.197241

     C   14        0.067852       -0.409695       -0.124092
     C   14       -0.409695       -0.191180        0.169524
     C   14       -0.124092        0.169524        0.123328

     H   15        0.424661       -0.146123        0.253180
     H   15       -0.146123       -0.254796       -0.213843
     H   15        0.253180       -0.213843       -0.169865

     C   16       -0.774825       -0.070420       -0.234289
     C   16       -0.070420        0.616550        0.425018
     C   16       -0.234289        0.425018        0.158275

     C   17        0.218635       -0.368593       -0.067976
     C   17       -0.368593        0.139462       -0.302710
     C   17       -0.067976       -0.302710       -0.358097

     Cl  18       -1.340685       -0.171066       -0.211289
     Cl  18       -0.171066        2.454525       -1.782354
     Cl  18       -0.211289       -1.782354       -1.113840

     H   19       -0.164953        0.051158        0.182882
     H   19        0.051158        0.585388       -0.276591
     H   19        0.182882       -0.276591       -0.420435

     C   20       -0.650285       -0.237197       -0.579814
     C   20       -0.237197        0.632310       -0.377760
     C   20       -0.579814       -0.377760        0.017974

     H   21        0.322370       -0.306423        0.601503
     H   21       -0.306423        0.049442        0.013257
     H   21        0.601503        0.013257       -0.371812

     C   22        0.368587        0.173655       -0.033166
     C   22        0.173655       -0.265507       -0.027561
     C   22       -0.033166       -0.027561       -0.103081

     C   23       -0.647547       -0.492559       -0.243454
     C   23       -0.492559        0.782321       -0.448302
     C   23       -0.243454       -0.448302       -0.134773

     Cl  24       -0.152988        2.103206       -0.135525
     Cl  24        2.103206        0.317001       -2.092790
     Cl  24       -0.135525       -2.092790       -0.164013


     NQR/NMR SPECTROSCOPIC PARAMETERS:
     Cl   1    Vxx=    0.0837    axis=(  0.892638  0.133763  0.430471)
     Cl   1    Vyy=    2.2908    axis=( -0.308818  0.877120  0.367822)
     Cl   1    Vzz=   -2.3745    axis=( -0.328374 -0.461269  0.824258)
     Cl   1  Q=        -8.1650 1e-30 m^2  Cq=        45.5533 MHz  eta= 0.92949

     C    2    Vxx=   -0.0203    axis=( -0.294180 -0.535924  0.791355)
     C    2    Vyy=   -0.8536    axis=( -0.954662  0.204259 -0.216559)
     C    2    Vzz=    0.8739    axis=( -0.045582 -0.819185 -0.571716)
     C    2  Q=         1.0000 1e-30 m^2  Cq=         2.0532 MHz  eta= 0.95361

     C    3    Vxx=   -0.1821    axis=(  0.381754  0.897545 -0.220629)
     C    3    Vyy=   -0.3426    axis=(  0.090610  0.201215  0.975347)
     C    3    Vzz=    0.5247    axis=( -0.919812  0.392334  0.004512)
     C    3  Q=         1.0000 1e-30 m^2  Cq=         1.2330 MHz  eta= 0.30578

     H    4    Vxx=   -0.0930    axis=( -0.554345  0.326702  0.765485)
     H    4    Vyy=   -0.7258    axis=( -0.094274  0.889170 -0.447761)
     H    4    Vzz=    0.8188    axis=( -0.826931 -0.320379 -0.462107)
     H    4  Q=         1.0000 1e-30 m^2  Cq=         1.9238 MHz  eta= 0.77286

     C    5    Vxx=   -0.1165    axis=( -0.516867  0.663750 -0.540633)
     C    5    Vyy=   -0.4259    axis=( -0.843094 -0.285156  0.455938)
     C    5    Vzz=    0.5424    axis=(  0.148464  0.691463  0.706991)
     C    5  Q=         1.0000 1e-30 m^2  Cq=         1.2744 MHz  eta= 0.57054

     H    6    Vxx=   -0.0222    axis=(  0.995909 -0.051697  0.074106)
     H    6    Vyy=   -0.8339    axis=( -0.089727 -0.469145  0.878551)
     H    6    Vzz=    0.8561    axis=( -0.010652 -0.881607 -0.471865)
     H    6  Q=         1.0000 1e-30 m^2  Cq=         2.0115 MHz  eta= 0.94822

     H    7    Vxx=   -0.1349    axis=( -0.976505 -0.075772 -0.201734)
     H    7    Vyy=   -0.5615    axis=( -0.202702  0.640720  0.740534)
     H    7    Vzz=    0.6964    axis=( -0.073144 -0.764027  0.641025)
     H    7  Q=         1.0000 1e-30 m^2  Cq=         1.6362 MHz  eta= 0.61255

     C    8    Vxx=   -0.0261    axis=( -0.195045  0.977026 -0.085891)
     C    8    Vyy=   -0.4983    axis=(  0.002523  0.088072  0.996111)
     C    8    Vzz=    0.5245    axis=(  0.980791  0.194069 -0.019643)
     C    8  Q=         1.0000 1e-30 m^2  Cq=         1.2323 MHz  eta= 0.90032

     H    9    Vxx=   -0.1782    axis=( -0.366158 -0.675984  0.639510)
     H    9    Vyy=   -0.6948    axis=( -0.152320  0.721507  0.675445)
     H    9    Vzz=    0.8730    axis=(  0.918001 -0.149910  0.367152)
     H    9  Q=         1.0000 1e-30 m^2  Cq=         2.0513 MHz  eta= 0.59178

     C   10    Vxx=    0.2180    axis=( -0.946756 -0.033075 -0.320250)
     C   10    Vyy=    0.5861    axis=( -0.180675 -0.768729  0.613525)
     C   10    Vzz=   -0.8041    axis=( -0.266478  0.638719  0.721823)
     C   10  Q=         1.0000 1e-30 m^2  Cq=        -1.8893 MHz  eta= 0.45767

     C   11    Vxx=    0.2577    axis=( -0.187051  0.953892  0.234738)
     C   11    Vyy=    0.5104    axis=(  0.975994  0.207597 -0.065877)
     C   11    Vzz=   -0.7681    axis=(  0.111571 -0.216780  0.969824)
     C   11  Q=         1.0000 1e-30 m^2  Cq=        -1.8048 MHz  eta= 0.32895

     Cl  12    Vxx=   -0.1134    axis=( -0.701692 -0.687074  0.188567)
     Cl  12    Vyy=   -0.3603    axis=(  0.560477 -0.368906  0.741467)
     Cl  12    Vzz=    0.4737    axis=(  0.439879 -0.625969 -0.643948)
     Cl  12  Q=        -8.1650 1e-30 m^2  Cq=        -9.0868 MHz  eta= 0.52126

     H   13    Vxx=   -0.0363    axis=(  0.867516 -0.347284  0.356105)
     H   13    Vyy=   -0.3372    axis=(  0.452797  0.255022 -0.854364)
     H   13    Vzz=    0.3736    axis=(  0.205892  0.902418  0.378484)
     H   13  Q=         1.0000 1e-30 m^2  Cq=         0.8777 MHz  eta= 0.80542

     C   14    Vxx=    0.0170    axis=(  0.461091 -0.204278  0.863519)
     C   14    Vyy=    0.4814    axis=( -0.682708  0.539970  0.492282)
     C   14    Vzz=   -0.4983    axis=( -0.566837 -0.816519  0.109513)
     C   14  Q=         1.0000 1e-30 m^2  Cq=        -1.1709 MHz  eta= 0.93192

     H   15    Vxx=   -0.1397    axis=( -0.448880 -0.622011  0.641568)
     H   15    Vyy=   -0.4338    axis=( -0.071038  0.740532  0.668256)
     H   15    Vzz=    0.5734    axis=(  0.890764 -0.254391  0.376596)
     H   15  Q=         1.0000 1e-30 m^2  Cq=         1.3473 MHz  eta= 0.51282

     C   16    Vxx=   -0.0591    axis=( -0.214562 -0.535963  0.816521)
     C   16    Vyy=   -0.8310    axis=( -0.970543  0.023196 -0.239810)
     C   16    Vzz=    0.8902    axis=(  0.109590 -0.843923 -0.525152)
     C   16  Q=         1.0000 1e-30 m^2  Cq=         2.0916 MHz  eta= 0.86712

     C   17    Vxx=   -0.0057    axis=(  0.658040  0.503739 -0.559670)
     C   17    Vyy=   -0.5715    axis=(  0.303978  0.502295  0.809504)
     C   17    Vzz=    0.5772    axis=( -0.688899  0.702813 -0.177404)
     C   17  Q=         1.0000 1e-30 m^2  Cq=         1.3561 MHz  eta= 0.98020

     Cl  18    Vxx=   -1.2323    axis=(  0.921563 -0.133481 -0.364559)
     Cl  18    Vyy=   -1.9613    axis=(  0.387852  0.357875  0.849410)
     Cl  18    Vzz=    3.1936    axis=( -0.017086  0.924180 -0.381575)
     Cl  18  Q=        -8.1650 1e-30 m^2  Cq=       -61.2673 MHz  eta= 0.22825

     H   19    Vxx=   -0.0778    axis=(  0.908827  0.098915  0.405277)
     H   19    Vyy=   -0.5786    axis=( -0.417142  0.227421  0.879928)
     H   19    Vzz=    0.6565    axis=( -0.005130 -0.968760  0.247948)
     H   19  Q=         1.0000 1e-30 m^2  Cq=         1.5424 MHz  eta= 0.76287

     C   20    Vxx=    0.2648    axis=( -0.563014  0.387125  0.730171)
     C   20    Vyy=    0.8132    axis=( -0.032828 -0.893284  0.448292)
     C   20    Vzz=   -1.0779    axis=(  0.825795  0.228425  0.515640)
     C   20  Q=         1.0000 1e-30 m^2  Cq=        -2.5327 MHz  eta= 0.50875

     H   21    Vxx=   -0.0106    axis=( -0.194575 -0.913387 -0.357581)
     H   21    Vyy=   -0.7550    axis=(  0.521707  0.212341 -0.826277)
     H   21    Vzz=    0.7656    axis=(  0.830640 -0.347326  0.435204)
     H   21  Q=         1.0000 1e-30 m^2  Cq=         1.7990 MHz  eta= 0.97220

     C   22    Vxx=   -0.1044    axis=(  0.094591 -0.067928  0.993196)
     C   22    Vyy=   -0.3116    axis=( -0.242301  0.966096  0.089151)
     C   22    Vzz=    0.4160    axis=( -0.965579 -0.249085  0.074926)
     C   22  Q=         1.0000 1e-30 m^2  Cq=         0.9773 MHz  eta= 0.49825

     C   23    Vxx=   -0.0756    axis=(  0.499151 -0.158574 -0.851882)
     C   23    Vyy=   -0.9738    axis=(  0.836781  0.343539  0.426354)
     C   23    Vzz=    1.0494    axis=(  0.225046 -0.925654  0.304169)
     C   23  Q=         1.0000 1e-30 m^2  Cq=         2.4656 MHz  eta= 0.85597

     Cl  24    Vxx=   -0.2940    axis=(  0.705591 -0.001662  0.708618)
     Cl  24    Vyy=   -2.8249    axis=(  0.514394 -0.686587 -0.513807)
     Cl  24    Vzz=    3.1189    axis=( -0.487381 -0.727046  0.483594)
     Cl  24  Q=        -8.1650 1e-30 m^2  Cq=       -59.8349 MHz  eta= 0.81144

     Initialization:
     gipaw_setup  :      9.41s CPU     11.22s WALL (       1 calls)

     Linear response

     Apply operators

     Induced current

     Other routines
     efg          :      9.38s CPU     11.91s WALL (       1 calls)

     General routines
     calbec       :      3.24s CPU      4.41s WALL (      16 calls)
     fft          :      1.50s CPU      2.14s WALL (      15 calls)
     ffts         :      0.06s CPU      0.09s WALL (       2 calls)
     fftw         :      3.26s CPU      3.92s WALL (     672 calls)
     davcio       :      0.05s CPU      0.37s WALL (      32 calls)

     Parallel routines
     fft_scatter  :      2.10s CPU      3.26s WALL (     689 calls)

     Plugins

     GIPAW        :     61.63s CPU     72.03s WALL (       1 calls)
