
     Program QE v.6.0 (svn rev. 13079) starts on 31Dec2016 at 18:38: 5 

     This program is part of the open-source Quantum ESPRESSO suite
     for quantum simulation of materials; please cite
         "P. Giannozzi et al., J. Phys.:Condens. Matter 21 395502 (2009);
          URL http://www.quantum-espresso.org", 
     in publications or presentations arising from this work. More details at
     http://www.quantum-espresso.org/quote

     Parallel version (MPI), running on     8 processors
     R & G space division:  proc/nbgrp/npool/nimage =       8

     ***** This is GIPAW svn revision unknown      *****

     Parallelizing q-star over 1 images

     Reading data from directory:
     /users/majewski/paradichlorobenzene/pbe/9_constraint/scratch/pbe.ecut100.np8.dt60.pcl2phi-129368.save
     Message from routine read_xml_file:
     file /users/majewski/paradichlorobenzene/pbe/9_constraint/scratch/pbe.ecut100.np8.dt60.pcl2phi-129368.save not guaranteed to be safe for post-processing

   Info: using nr1, nr2, nr3 values from input

   Info: using nr1, nr2, nr3 values from input

     IMPORTANT: XC functional enforced from input :
     Exchange-correlation      =  SLA  PW   PBX  PBC ( 1  4  3  4 0 0)
     Any further DFT definition will be discarded
     Please, verify this is what you really want

               file C.pbe-n-kjpaw_psl.1.0.0.UPF: wavefunction(s)  2S 2P renormalized
               file Cl.pbe-n-kjpaw_psl.1.0.0.UPF: wavefunction(s)  3S 3P renormalized
               file H.pbe-kjpaw_psl.1.0.0.UPF: wavefunction(s)  1S renormalized

     Parallelization info
     --------------------
     sticks:   dense  smooth     PW     G-vecs:    dense   smooth      PW
     Min        3057    1223    332               144436    36536    5170
     Max        3059    1225    333               144437    36537    5171
     Sum       24467    9791   2657              1155489   292295   41363


     Subspace diagonalization in iterative solution of the eigenvalue problem:
     a serial algorithm will be used

     GIPAW projectors -----------------------------------------------
     atom=  C    l=0  rc=    1.2000  rs=    0.8000
     atom=  C    l=0  rc=    1.2000  rs=    0.8000
     atom=  C    l=1  rc=    1.4000  rs=    0.9333
     atom=  C    l=1  rc=    1.4000  rs=    0.9333
     projs nearly linearly dependent: l=1  n1,n2= 1, 2  s=  0.99951561

     atom=  Cl   l=0  rc=    1.6000  rs=    1.0667
     atom=  Cl   l=0  rc=    1.6000  rs=    1.0667
     atom=  Cl   l=1  rc=    1.6000  rs=    1.0667
     atom=  Cl   l=1  rc=    1.6000  rs=    1.0667
     atom=  Cl   l=2  rc=    1.6000  rs=    1.0667
     atom=  Cl   l=2  rc=    1.6000  rs=    1.0667
     projs nearly linearly dependent: l=2  n1,n2= 1, 2  s=  0.99993509

     atom=  H    l=0  rc=    1.0000  rs=    0.6667
     atom=  H    l=0  rc=    1.0000  rs=    0.6667
     projs nearly linearly dependent: l=0  n1,n2= 1, 2  s=  0.99968852
     -----------------------------------------------------------------

     GIPAW integrals: -------------------------------------------
     Atom  i/j   nmr_para   nmr_dia   epr_rmc  epr_para   epr_dia
       C   1 1   0.83E+03  0.17E-01  0.93E+01  0.24E+08  0.24E+03
       C   2 1   0.86E+03 -0.61E-01  0.94E+01  0.25E+08  0.25E+03
       C   2 2   0.90E+03 -0.15E+00  0.97E+01  0.26E+08  0.26E+03
       C   3 3   0.33E+01  0.34E+00  0.18E+01  0.55E+03  0.21E+02
       C   4 3   0.35E+01  0.37E+00  0.20E+01  0.59E+03  0.22E+02
       C   4 4   0.38E+01  0.39E+00  0.22E+01  0.63E+03  0.24E+02
       Cl  1 1   0.14E+04 -0.47E+00  0.84E+01  0.32E+09  0.42E+03
       Cl  2 1   0.21E+04 -0.37E+00  0.12E+02  0.49E+09  0.65E+03
       Cl  2 2   0.33E+04 -0.16E+00  0.21E+02  0.76E+09  0.10E+04
       Cl  3 3   0.21E+02  0.79E-01  0.89E+01  0.23E+05  0.13E+03
       Cl  4 3   0.24E+02  0.67E-01  0.99E+01  0.27E+05  0.15E+03
       Cl  4 4   0.28E+02  0.44E-01  0.11E+02  0.32E+05  0.18E+03
       Cl  5 5   0.77E+00  0.19E+00  0.18E+01  0.12E+03  0.22E+02
       Cl  6 5   0.80E+00  0.19E+00  0.19E+01  0.12E+03  0.23E+02
       Cl  6 6   0.83E+00  0.20E+00  0.19E+01  0.12E+03  0.23E+02
       H   1 1   0.39E+02  0.19E+00  0.29E+00  0.78E+05  0.13E+02
       H   2 1   0.41E+02  0.21E+00  0.32E+00  0.82E+05  0.14E+02
       H   2 2   0.43E+02  0.22E+00  0.36E+00  0.86E+05  0.15E+02
     ------------------------------------------------------------

     alpha_pv=     33.9023 eV

     Number of occupied bands for each k-point:
     k-point:     1    nbnd_occ=  42
     k-point:     2    nbnd_occ=  42
     k-point:     3    nbnd_occ=  42
     k-point:     4    nbnd_occ=  42
     k-point:     5    nbnd_occ=  42
     k-point:     6    nbnd_occ=  42
     k-point:     7    nbnd_occ=  42
     k-point:     8    nbnd_occ=  42
     k-point:     9    nbnd_occ=  42
     k-point:    10    nbnd_occ=  42
     k-point:    11    nbnd_occ=  42
     k-point:    12    nbnd_occ=  42
     k-point:    13    nbnd_occ=  42
     k-point:    14    nbnd_occ=  42
     k-point:    15    nbnd_occ=  42
     k-point:    16    nbnd_occ=  42


     q-space interpolation up to   110.00 Rydberg

     GIPAW job: efg                                                                             


     ELECTRIC FIELD GRADIENTS TENSORS IN Hartree/bohrradius^2:

     ----- bare term -----
     Cl   1       -0.009468        0.273855        0.025762
     Cl   1        0.273855       -0.132375       -0.026814
     Cl   1        0.025762       -0.026814        0.141844

     C    2        0.071938       -0.363461       -0.550815
     C    2       -0.363461       -0.237052       -0.540997
     C    2       -0.550815       -0.540997        0.165114

     C    3       -0.521957        0.335218       -0.156801
     C    3        0.335218        0.124508       -0.371222
     C    3       -0.156801       -0.371222        0.397448

     H    4       -0.284292       -0.447292       -0.285176
     H    4       -0.447292       -0.049027       -0.034133
     H    4       -0.285176       -0.034133        0.333320

     C    5       -0.060656       -0.053894       -0.265923
     C    5       -0.053894       -0.020693       -0.425976
     C    5       -0.265923       -0.425976        0.081349

     H    6        0.417333       -0.239614        0.003399
     H    6       -0.239614       -0.773565       -0.099538
     H    6        0.003399       -0.099538        0.356232

     H    7        0.157262       -0.011734        0.403447
     H    7       -0.011734        0.128982        0.328588
     H    7        0.403447        0.328588       -0.286245

     C    8       -0.149163       -0.060794       -0.143458
     C    8       -0.060794        0.189198        0.082545
     C    8       -0.143458        0.082545       -0.040035

     H    9        0.149857        0.084106       -0.275522
     H    9        0.084106        0.394013       -0.165641
     H    9       -0.275522       -0.165641       -0.543870

     C   10        0.134599       -0.185824        0.122221
     C   10       -0.185824       -0.074369       -0.017916
     C   10        0.122221       -0.017916       -0.060230

     C   11       -0.075746       -0.107782       -0.316235
     C   11       -0.107782       -0.070949        0.203596
     C   11       -0.316235        0.203596        0.146695

     Cl  12        0.033738        0.040873        0.065548
     Cl  12        0.040873       -0.065535       -0.168384
     Cl  12        0.065548       -0.168384        0.031797

     H   13        0.159435       -0.389310        0.238324
     H   13       -0.389310       -0.444564        0.179319
     H   13        0.238324        0.179319        0.285129

     C   14       -0.282179        0.325631       -0.062525
     C   14        0.325631        0.196330        0.083375
     C   14       -0.062525        0.083375        0.085849

     H   15       -0.404620       -0.157431        0.226913
     H   15       -0.157431        0.197647       -0.094883
     H   15        0.226913       -0.094883        0.206973

     C   16        0.190450       -0.146188        0.271424
     C   16       -0.146188       -0.218152       -0.242444
     C   16        0.271424       -0.242444        0.027702

     C   17       -0.773178        0.431411       -0.331206
     C   17        0.431411        0.223792       -0.021283
     C   17       -0.331206       -0.021283        0.549386

     Cl  18       -0.034007       -0.014540        0.029032
     Cl  18       -0.014540       -0.018868        0.049654
     Cl  18        0.029032        0.049654        0.052875

     H   19        0.356902        0.013509        0.083382
     H   19        0.013509       -0.291468        0.518800
     H   19        0.083382        0.518800       -0.065434

     C   20       -0.272371       -0.385398       -0.369064
     C   20       -0.385398       -0.203461        0.337061
     C   20       -0.369064        0.337061        0.475832

     H   21       -0.291235        0.129924       -0.557261
     H   21        0.129924        0.344411        0.109047
     H   21       -0.557261        0.109047       -0.053176

     C   22       -0.153506       -0.203318       -0.332943
     C   22       -0.203318       -0.248703        0.511043
     C   22       -0.332943        0.511043        0.402209

     C   23       -0.151672       -0.314929       -0.254246
     C   23       -0.314929       -0.123892        0.529872
     C   23       -0.254246        0.529872        0.275564

     Cl  24        0.042699       -0.055306        0.047381
     Cl  24       -0.055306        0.008235       -0.055729
     Cl  24        0.047381       -0.055729       -0.050934

     ----- ionic term -----
     Cl   1        0.113781       -0.193328       -0.027457
     Cl   1       -0.193328        0.034157        0.023559
     Cl   1       -0.027457        0.023559       -0.147938

     C    2        0.296958       -0.063157        0.108461
     C    2       -0.063157        0.243638        0.341863
     C    2        0.108461        0.341863       -0.540596

     C    3        0.111138       -0.104839        0.149599
     C    3       -0.104839        0.331329        0.356585
     C    3        0.149599        0.356585       -0.442467

     H    4        0.708666        0.347810        0.601423
     H    4        0.347810       -0.384596        0.214593
     H    4        0.601423        0.214593       -0.324070

     C    5        0.259282       -0.044685        0.171861
     C    5       -0.044685        0.209109        0.249979
     C    5        0.171861        0.249979       -0.468391

     H    6       -0.496661        0.259004        0.088105
     H    6        0.259004        0.859650        0.481664
     H    6        0.088105        0.481664       -0.362989

     H    7       -0.527430        0.065038       -0.014050
     H    7        0.065038        0.679088       -0.702910
     H    7       -0.014050       -0.702910       -0.151658

     C    8        0.194941        0.280444        0.306566
     C    8        0.280444        0.047156       -0.274691
     C    8        0.306566       -0.274691       -0.242096

     H    9        0.560507       -0.259896        0.735682
     H    9       -0.259896       -0.440648       -0.242414
     H    9        0.735682       -0.242414       -0.119859

     C   10        0.118425        0.318654        0.206060
     C   10        0.318654        0.130726       -0.364207
     C   10        0.206060       -0.364207       -0.249151

     C   11        0.084371        0.306974        0.280691
     C   11        0.306974        0.063894       -0.354981
     C   11        0.280691       -0.354981       -0.148264

     Cl  12        0.118199        0.207477        0.025500
     Cl  12        0.207477        0.009932        0.003192
     Cl  12        0.025500        0.003192       -0.128130

     H   13       -0.458717        0.253241        0.064874
     H   13        0.253241        0.924384        0.416749
     H   13        0.064874        0.416749       -0.465667

     C   14        0.405088       -0.098919        0.099616
     C   14       -0.098919        0.174143        0.221260
     C   14        0.099616        0.221260       -0.579231

     H   15        0.985995        0.363645        0.283214
     H   15        0.363645       -0.374373        0.111616
     H   15        0.283214        0.111616       -0.611622

     C   16        0.241343       -0.155381        0.060380
     C   16       -0.155381        0.349342        0.256597
     C   16        0.060380        0.256597       -0.590684

     C   17        0.255168       -0.043686        0.196387
     C   17       -0.043686        0.300987        0.258158
     C   17        0.196387        0.258158       -0.556155

     Cl  18        0.145494       -0.212495        0.002184
     Cl  18       -0.212495        0.030601       -0.003754
     Cl  18        0.002184       -0.003754       -0.176095

     H   19       -0.496540        0.171798       -0.128732
     H   19        0.171798        0.294588       -0.770678
     H   19       -0.128732       -0.770678        0.201952

     C   20        0.194310        0.374804        0.259151
     C   20        0.374804       -0.040895       -0.267396
     C   20        0.259151       -0.267396       -0.153416

     H   21        0.391739       -0.164820        0.757845
     H   21       -0.164820       -0.507972       -0.230550
     H   21        0.757845       -0.230550        0.116234

     C   22        0.063694        0.367286        0.198032
     C   22        0.367286        0.107242       -0.424531
     C   22        0.198032       -0.424531       -0.170936

     C   23        0.093555        0.266817        0.341668
     C   23        0.266817        0.039951       -0.399293
     C   23        0.341668       -0.399293       -0.133506

     Cl  24        0.131408        0.217842        0.049400
     Cl  24        0.217842        0.035967        0.027055
     Cl  24        0.049400        0.027055       -0.167375

     ----- GIPAW term -----
     Cl   1        2.391267       -1.428992        0.219967
     Cl   1       -1.428992       -0.921256       -0.139179
     Cl   1        0.219967       -0.139179       -1.470011

     C    2        0.101713       -0.267035       -0.185670
     C    2       -0.267035       -0.040747        0.023528
     C    2       -0.185670        0.023528       -0.060966

     C    3       -0.178516       -0.036998       -0.006766
     C    3       -0.036998        0.213216       -0.102725
     C    3       -0.006766       -0.102725       -0.034700

     H    4       -0.000000        0.000000        0.000000
     H    4        0.000000        0.000000        0.000000
     H    4        0.000000        0.000000        0.000000

     C    5       -0.106097       -0.039437       -0.031288
     C    5       -0.039437        0.238324        0.018784
     C    5       -0.031288        0.018784       -0.132227

     H    6       -0.000000        0.000000        0.000000
     H    6        0.000000        0.000000        0.000000
     H    6        0.000000        0.000000        0.000000

     H    7       -0.000000        0.000000        0.000000
     H    7        0.000000        0.000000        0.000000
     H    7        0.000000        0.000000        0.000000

     C    8        0.000998       -0.028652       -0.048434
     C    8       -0.028652       -0.003481        0.036336
     C    8       -0.048434        0.036336        0.002482

     H    9       -0.000000        0.000000        0.000000
     H    9        0.000000        0.000000        0.000000
     H    9        0.000000        0.000000        0.000000

     C   10        0.017282       -0.006258        0.006442
     C   10       -0.006258       -0.004342       -0.012712
     C   10        0.006442       -0.012712       -0.012940

     C   11       -0.010867       -0.019337       -0.088700
     C   11       -0.019337       -0.004859        0.090437
     C   11       -0.088700        0.090437        0.015726

     Cl  12       -0.016510        0.027558       -0.950493
     Cl  12        0.027558        0.501011        1.515119
     Cl  12       -0.950493        1.515119       -0.484501

     H   13       -0.000000        0.000000        0.000000
     H   13        0.000000        0.000000        0.000000
     H   13        0.000000        0.000000        0.000000

     C   14        0.015950        0.001368       -0.000764
     C   14        0.001368        0.029463        0.028505
     C   14       -0.000764        0.028505       -0.045414

     H   15       -0.000000        0.000000        0.000000
     H   15        0.000000        0.000000        0.000000
     H   15        0.000000        0.000000        0.000000

     C   16        0.002845       -0.023447        0.047619
     C   16       -0.023447        0.022897        0.026263
     C   16        0.047619        0.026263       -0.025741

     C   17       -0.131218       -0.059797       -0.087736
     C   17       -0.059797        0.070508        0.156547
     C   17       -0.087736        0.156547        0.060709

     Cl  18        0.077742       -2.430587       -0.705677
     Cl  18       -2.430587        0.372834        1.731282
     Cl  18       -0.705677        1.731282       -0.450576

     H   19       -0.000000        0.000000        0.000000
     H   19        0.000000        0.000000        0.000000
     H   19        0.000000        0.000000        0.000000

     C   20        0.032646       -0.107520       -0.151341
     C   20       -0.107520       -0.108151        0.090868
     C   20       -0.151341        0.090868        0.075504

     H   21       -0.000000        0.000000        0.000000
     H   21        0.000000        0.000000        0.000000
     H   21        0.000000        0.000000        0.000000

     C   22       -0.022781       -0.019944       -0.126929
     C   22       -0.019944       -0.052812        0.086217
     C   22       -0.126929        0.086217        0.075593

     C   23        0.044292       -0.077501       -0.174216
     C   23       -0.077501       -0.051958        0.169272
     C   23       -0.174216        0.169272        0.007667

     Cl  24        1.747690        1.605709        0.447245
     Cl  24        1.605709        0.071275       -0.429420
     Cl  24        0.447245       -0.429420       -1.818966

     ----- total EFG -----
     Cl   1        2.495580       -1.348465        0.218271
     Cl   1       -1.348465       -1.019475       -0.142434
     Cl   1        0.218271       -0.142434       -1.476106

     C    2        0.470610       -0.693652       -0.628025
     C    2       -0.693652       -0.034162       -0.175607
     C    2       -0.628025       -0.175607       -0.436448

     C    3       -0.589334        0.193380       -0.013967
     C    3        0.193380        0.669053       -0.117363
     C    3       -0.013967       -0.117363       -0.079719

     H    4        0.424373       -0.099482        0.316246
     H    4       -0.099482       -0.433624        0.180460
     H    4        0.316246        0.180460        0.009250

     C    5        0.092529       -0.138016       -0.125350
     C    5       -0.138016        0.426740       -0.157213
     C    5       -0.125350       -0.157213       -0.519269

     H    6       -0.079328        0.019390        0.091504
     H    6        0.019390        0.086085        0.382126
     H    6        0.091504        0.382126       -0.006757

     H    7       -0.370167        0.053304        0.389397
     H    7        0.053304        0.808070       -0.374322
     H    7        0.389397       -0.374322       -0.437903

     C    8        0.046776        0.190997        0.114674
     C    8        0.190997        0.232873       -0.155811
     C    8        0.114674       -0.155811       -0.279649

     H    9        0.710363       -0.175790        0.460160
     H    9       -0.175790       -0.046635       -0.408055
     H    9        0.460160       -0.408055       -0.663728

     C   10        0.270306        0.126571        0.334723
     C   10        0.126571        0.052015       -0.394835
     C   10        0.334723       -0.394835       -0.322321

     C   11       -0.002242        0.179855       -0.124244
     C   11        0.179855       -0.011914       -0.060947
     C   11       -0.124244       -0.060947        0.014157

     Cl  12        0.135427        0.275908       -0.859445
     Cl  12        0.275908        0.445407        1.349927
     Cl  12       -0.859445        1.349927       -0.580835

     H   13       -0.299282       -0.136068        0.303198
     H   13       -0.136068        0.479820        0.596068
     H   13        0.303198        0.596068       -0.180538

     C   14        0.138859        0.228080        0.036328
     C   14        0.228080        0.399937        0.333141
     C   14        0.036328        0.333141       -0.538796

     H   15        0.581376        0.206213        0.510128
     H   15        0.206213       -0.176726        0.016734
     H   15        0.510128        0.016734       -0.404650

     C   16        0.434637       -0.325016        0.379423
     C   16       -0.325016        0.154087        0.040416
     C   16        0.379423        0.040416       -0.588724

     C   17       -0.649227        0.327928       -0.222556
     C   17        0.327928        0.595287        0.393422
     C   17       -0.222556        0.393422        0.053940

     Cl  18        0.189230       -2.657623       -0.674461
     Cl  18       -2.657623        0.384566        1.777182
     Cl  18       -0.674461        1.777182       -0.573796

     H   19       -0.139637        0.185307       -0.045350
     H   19        0.185307        0.003119       -0.251877
     H   19       -0.045350       -0.251877        0.136518

     C   20       -0.045414       -0.118115       -0.261254
     C   20       -0.118115       -0.352507        0.160533
     C   20       -0.261254        0.160533        0.397920

     H   21        0.100504       -0.034895        0.200583
     H   21       -0.034895       -0.163561       -0.121502
     H   21        0.200583       -0.121502        0.063057

     C   22       -0.112593        0.144024       -0.261840
     C   22        0.144024       -0.194272        0.172729
     C   22       -0.261840        0.172729        0.306866

     C   23       -0.013826       -0.125613       -0.086794
     C   23       -0.125613       -0.135899        0.299851
     C   23       -0.086794        0.299851        0.149724

     Cl  24        1.921796        1.768245        0.544026
     Cl  24        1.768245        0.115478       -0.458094
     Cl  24        0.544026       -0.458094       -2.037274

     ----- total EFG (symmetrized) -----
     Cl   1        2.495580       -1.348465        0.218271
     Cl   1       -1.348465       -1.019475       -0.142434
     Cl   1        0.218271       -0.142434       -1.476106

     C    2        0.470610       -0.693652       -0.628025
     C    2       -0.693652       -0.034162       -0.175607
     C    2       -0.628025       -0.175607       -0.436448

     C    3       -0.589334        0.193380       -0.013967
     C    3        0.193380        0.669053       -0.117363
     C    3       -0.013967       -0.117363       -0.079719

     H    4        0.424373       -0.099482        0.316246
     H    4       -0.099482       -0.433624        0.180460
     H    4        0.316246        0.180460        0.009250

     C    5        0.092529       -0.138016       -0.125350
     C    5       -0.138016        0.426740       -0.157213
     C    5       -0.125350       -0.157213       -0.519269

     H    6       -0.079328        0.019390        0.091504
     H    6        0.019390        0.086085        0.382126
     H    6        0.091504        0.382126       -0.006757

     H    7       -0.370167        0.053304        0.389397
     H    7        0.053304        0.808070       -0.374322
     H    7        0.389397       -0.374322       -0.437903

     C    8        0.046776        0.190997        0.114674
     C    8        0.190997        0.232873       -0.155811
     C    8        0.114674       -0.155811       -0.279649

     H    9        0.710363       -0.175790        0.460160
     H    9       -0.175790       -0.046635       -0.408055
     H    9        0.460160       -0.408055       -0.663728

     C   10        0.270306        0.126571        0.334723
     C   10        0.126571        0.052015       -0.394835
     C   10        0.334723       -0.394835       -0.322321

     C   11       -0.002242        0.179855       -0.124244
     C   11        0.179855       -0.011914       -0.060947
     C   11       -0.124244       -0.060947        0.014157

     Cl  12        0.135427        0.275908       -0.859445
     Cl  12        0.275908        0.445407        1.349927
     Cl  12       -0.859445        1.349927       -0.580835

     H   13       -0.299282       -0.136068        0.303198
     H   13       -0.136068        0.479820        0.596068
     H   13        0.303198        0.596068       -0.180538

     C   14        0.138859        0.228080        0.036328
     C   14        0.228080        0.399937        0.333141
     C   14        0.036328        0.333141       -0.538796

     H   15        0.581376        0.206213        0.510128
     H   15        0.206213       -0.176726        0.016734
     H   15        0.510128        0.016734       -0.404650

     C   16        0.434637       -0.325016        0.379423
     C   16       -0.325016        0.154087        0.040416
     C   16        0.379423        0.040416       -0.588724

     C   17       -0.649227        0.327928       -0.222556
     C   17        0.327928        0.595287        0.393422
     C   17       -0.222556        0.393422        0.053940

     Cl  18        0.189230       -2.657623       -0.674461
     Cl  18       -2.657623        0.384566        1.777182
     Cl  18       -0.674461        1.777182       -0.573796

     H   19       -0.139637        0.185307       -0.045350
     H   19        0.185307        0.003119       -0.251877
     H   19       -0.045350       -0.251877        0.136518

     C   20       -0.045414       -0.118115       -0.261254
     C   20       -0.118115       -0.352507        0.160533
     C   20       -0.261254        0.160533        0.397920

     H   21        0.100504       -0.034895        0.200583
     H   21       -0.034895       -0.163561       -0.121502
     H   21        0.200583       -0.121502        0.063057

     C   22       -0.112593        0.144024       -0.261840
     C   22        0.144024       -0.194272        0.172729
     C   22       -0.261840        0.172729        0.306866

     C   23       -0.013826       -0.125613       -0.086794
     C   23       -0.125613       -0.135899        0.299851
     C   23       -0.086794        0.299851        0.149724

     Cl  24        1.921796        1.768245        0.544026
     Cl  24        1.768245        0.115478       -0.458094
     Cl  24        0.544026       -0.458094       -2.037274


     NQR/NMR SPECTROSCOPIC PARAMETERS:
     Cl   1    Vxx=   -1.4189    axis=(  0.275175  0.690528 -0.668917)
     Cl   1    Vyy=   -1.5488    axis=(  0.176001  0.647837  0.741169)
     Cl   1    Vzz=    2.9676    axis=(  0.945147 -0.321681  0.056735)
     Cl   1  Q=        -8.1650 1e-30 m^2  Cq=       -56.9326 MHz  eta= 0.04378

     C    2    Vxx=   -0.0567    axis=(  0.189006  0.734147 -0.652154)
     C    2    Vyy=   -1.0255    axis=(  0.520454  0.488280  0.700507)
     C    2    Vzz=    1.0822    axis=(  0.832709 -0.471816 -0.289802)
     C    2  Q=         1.0000 1e-30 m^2  Cq=         2.5427 MHz  eta= 0.89512

     C    3    Vxx=   -0.0972    axis=(  0.028619  0.144268  0.989125)
     C    3    Vyy=   -0.6184    axis=( -0.988792  0.149144  0.006856)
     C    3    Vzz=    0.7156    axis=( -0.146533 -0.978234  0.146920)
     C    3  Q=         1.0000 1e-30 m^2  Cq=         1.6815 MHz  eta= 0.72824

     H    4    Vxx=   -0.0506    axis=( -0.417155  0.473771  0.775579)
     H    4    Vyy=   -0.5445    axis=(  0.226290  0.880646 -0.416239)
     H    4    Vzz=    0.5951    axis=( -0.880213  0.001869 -0.474576)
     H    4  Q=         1.0000 1e-30 m^2  Cq=         1.3982 MHz  eta= 0.82990

     C    5    Vxx=    0.0889    axis=(  0.930370  0.259610 -0.258870)
     C    5    Vyy=    0.4882    axis=(  0.295705 -0.948778  0.111264)
     C    5    Vzz=   -0.5771    axis=(  0.216725  0.180066  0.959483)
     C    5  Q=         1.0000 1e-30 m^2  Cq=        -1.3559 MHz  eta= 0.69192

     H    6    Vxx=   -0.0789    axis=( -0.968578  0.242428 -0.055544)
     H    6    Vyy=   -0.3567    axis=( -0.201664 -0.634823  0.745876)
     H    6    Vzz=    0.4357    axis=( -0.145561 -0.733640 -0.663765)
     H    6  Q=         1.0000 1e-30 m^2  Cq=         1.0236 MHz  eta= 0.63764

     H    7    Vxx=   -0.0589    axis=( -0.777652 -0.208308 -0.593183)
     H    7    Vyy=   -0.8554    axis=( -0.627111  0.190078  0.755382)
     H    7    Vzz=    0.9142    axis=( -0.044601  0.959415 -0.278447)
     H    7  Q=         1.0000 1e-30 m^2  Cq=         2.1481 MHz  eta= 0.87123

     C    8    Vxx=    0.0275    axis=( -0.792905  0.370379 -0.483860)
     C    8    Vyy=    0.3613    axis=( -0.481402 -0.867572  0.124779)
     C    8    Vzz=   -0.3888    axis=( -0.373568  0.331870  0.866204)
     C    8  Q=         1.0000 1e-30 m^2  Cq=        -0.9135 MHz  eta= 0.85835

     H    9    Vxx=   -0.0001    axis=(  0.391978  0.879725 -0.269141)
     H    9    Vyy=   -0.9395    axis=(  0.212544 -0.371235 -0.903886)
     H    9    Vzz=    0.9396    axis=( -0.895086  0.297099 -0.332496)
     H    9  Q=         1.0000 1e-30 m^2  Cq=         2.2078 MHz  eta= 0.99974

     C   10    Vxx=    0.2672    axis=( -0.426740 -0.844578  0.323390)
     C   10    Vyy=    0.4323    axis=(  0.837443 -0.234027  0.493883)
     C   10    Vzz=   -0.6995    axis=( -0.341441  0.481580  0.807155)
     C   10  Q=         1.0000 1e-30 m^2  Cq=        -1.6435 MHz  eta= 0.23615

     C   11    Vxx=   -0.0500    axis=(  0.169648  0.529244  0.831336)
     C   11    Vyy=   -0.1982    axis=(  0.736077 -0.628960  0.250198)
     C   11    Vzz=    0.2482    axis=(  0.655293  0.569482 -0.496267)
     C   11  Q=         1.0000 1e-30 m^2  Cq=         0.5831 MHz  eta= 0.59704

     Cl  12    Vxx=    0.4442    axis=(  0.886156  0.426363 -0.181499)
     Cl  12    Vyy=    1.4411    axis=(  0.239892 -0.757210 -0.607523)
     Cl  12    Vzz=   -1.8853    axis=( -0.396458  0.494820 -0.773288)
     Cl  12  Q=        -8.1650 1e-30 m^2  Cq=        36.1680 MHz  eta= 0.52876

     H   13    Vxx=   -0.0664    axis=(  0.815042 -0.322366  0.481443)
     H   13    Vyy=   -0.7660    axis=(  0.578352  0.402642 -0.709498)
     H   13    Vzz=    0.8323    axis=(  0.034868  0.856714  0.514611)
     H   13  Q=         1.0000 1e-30 m^2  Cq=         1.9556 MHz  eta= 0.84053

     C   14    Vxx=    0.0309    axis=(  0.900390 -0.398157 -0.175408)
     C   14    Vyy=    0.6157    axis=(  0.432561  0.862544  0.262505)
     C   14    Vzz=   -0.6466    axis=(  0.046779 -0.312232  0.948854)
     C   14  Q=         1.0000 1e-30 m^2  Cq=        -1.5193 MHz  eta= 0.90435

     H   15    Vxx=   -0.2050    axis=(  0.115563 -0.969982  0.213963)
     H   15    Vyy=   -0.6310    axis=(  0.405069 -0.150660 -0.901787)
     H   15    Vzz=    0.8360    axis=(  0.906953  0.190884  0.375499)
     H   15  Q=         1.0000 1e-30 m^2  Cq=         1.9642 MHz  eta= 0.50959

     C   16    Vxx=    0.0190    axis=( -0.397512 -0.865177 -0.305701)
     C   16    Vyy=    0.7189    axis=(  0.850161 -0.472616  0.232078)
     C   16    Vzz=   -0.7379    axis=( -0.345268 -0.167641  0.923410)
     C   16  Q=         1.0000 1e-30 m^2  Cq=        -1.7338 MHz  eta= 0.94841

     C   17    Vxx=    0.0186    axis=( -0.438167 -0.323114  0.838813)
     C   17    Vyy=    0.8279    axis=( -0.136558 -0.898403 -0.417402)
     C   17    Vzz=   -0.8466    axis=(  0.888460 -0.297438  0.349526)
     C   17  Q=         1.0000 1e-30 m^2  Cq=        -1.9891 MHz  eta= 0.95595

     Cl  18    Vxx=   -0.9598    axis=(  0.568422  0.037185  0.821896)
     Cl  18    Vyy=   -2.7203    axis=(  0.557839  0.716865 -0.418234)
     Cl  18    Vzz=    3.6802    axis=( -0.604741  0.696219  0.386739)
     Cl  18  Q=        -8.1650 1e-30 m^2  Cq=       -70.6026 MHz  eta= 0.47837

     H   19    Vxx=   -0.0735    axis=( -0.679026 -0.394081 -0.619373)
     H   19    Vyy=   -0.3022    axis=( -0.674317  0.668348  0.314019)
     H   19    Vzz=    0.3756    axis=(  0.290208  0.630881 -0.719561)
     H   19  Q=         1.0000 1e-30 m^2  Cq=         0.8826 MHz  eta= 0.60889

     C   20    Vxx=   -0.1600    axis=( -0.876117  0.157641 -0.455597)
     C   20    Vyy=   -0.4007    axis=(  0.234595  0.964999 -0.117230)
     C   20    Vzz=    0.5607    axis=( -0.421171  0.209588  0.882433)
     C   20  Q=         1.0000 1e-30 m^2  Cq=         1.3175 MHz  eta= 0.42926

     H   21    Vxx=   -0.0812    axis=( -0.684515 -0.496789  0.533516)
     H   21    Vyy=   -0.2272    axis=(  0.217472 -0.837682 -0.500994)
     H   21    Vzz=    0.3083    axis=(  0.695806 -0.226913  0.681443)
     H   21  Q=         1.0000 1e-30 m^2  Cq=         0.7244 MHz  eta= 0.47356

     C   22    Vxx=   -0.0209    axis=(  0.675132  0.720182  0.159794)
     C   22    Vyy=   -0.4267    axis=( -0.629667  0.675437 -0.383803)
     C   22    Vzz=    0.4476    axis=( -0.384339  0.158501  0.909484)
     C   22  Q=         1.0000 1e-30 m^2  Cq=         1.0517 MHz  eta= 0.90647

     C   23    Vxx=   -0.0513    axis=(  0.921642  0.006698  0.387983)
     C   23    Vyy=   -0.3374    axis=(  0.199144  0.849976 -0.487733)
     C   23    Vzz=    0.3887    axis=( -0.333043  0.526780  0.782040)
     C   23  Q=         1.0000 1e-30 m^2  Cq=         0.9132 MHz  eta= 0.73614

     Cl  24    Vxx=   -0.6435    axis=( -0.447906  0.782738 -0.432089)
     Cl  24    Vyy=   -2.3709    axis=( -0.258110  0.349499  0.900683)
     Cl  24    Vzz=    3.0144    axis=( -0.856014 -0.514948 -0.045489)
     Cl  24  Q=        -8.1650 1e-30 m^2  Cq=       -57.8301 MHz  eta= 0.57306

     Initialization:
     gipaw_setup  :      9.00s CPU     10.72s WALL (       1 calls)

     Linear response

     Apply operators

     Induced current

     Other routines
     efg          :      8.97s CPU     11.68s WALL (       1 calls)

     General routines
     calbec       :      3.16s CPU      4.34s WALL (      16 calls)
     fft          :      1.54s CPU      2.53s WALL (      15 calls)
     ffts         :      0.04s CPU      0.05s WALL (       2 calls)
     fftw         :      3.15s CPU      3.92s WALL (     672 calls)
     davcio       :      0.03s CPU      0.30s WALL (      32 calls)

     Parallel routines
     fft_scatter  :      2.18s CPU      3.66s WALL (     689 calls)

     Plugins

     GIPAW        :     61.02s CPU     79.40s WALL (       1 calls)
