
     Program QE v.6.0 (svn rev. 13079) starts on 21Dec2016 at 10:13:28 

     This program is part of the open-source Quantum ESPRESSO suite
     for quantum simulation of materials; please cite
         "P. Giannozzi et al., J. Phys.:Condens. Matter 21 395502 (2009);
          URL http://www.quantum-espresso.org", 
     in publications or presentations arising from this work. More details at
     http://www.quantum-espresso.org/quote

     Parallel version (MPI), running on     8 processors
     R & G space division:  proc/nbgrp/npool/nimage =       8

     ***** This is GIPAW svn revision unknown      *****

     Parallelizing q-star over 1 images

     Reading data from directory:
     /users/majewski/paradichlorobenzene/pbe/9_constraint/scratch/pbe.ecut100.np8.dt60.pcl2phi-129368.save
     Message from routine read_xml_file:
     file /users/majewski/paradichlorobenzene/pbe/9_constraint/scratch/pbe.ecut100.np8.dt60.pcl2phi-129368.save not guaranteed to be safe for post-processing

   Info: using nr1, nr2, nr3 values from input

   Info: using nr1, nr2, nr3 values from input

     IMPORTANT: XC functional enforced from input :
     Exchange-correlation      =  SLA  PW   PBX  PBC ( 1  4  3  4 0 0)
     Any further DFT definition will be discarded
     Please, verify this is what you really want

               file C.pbe-n-kjpaw_psl.1.0.0.UPF: wavefunction(s)  2S 2P renormalized
               file Cl.pbe-n-kjpaw_psl.1.0.0.UPF: wavefunction(s)  3S 3P renormalized
               file H.pbe-kjpaw_psl.1.0.0.UPF: wavefunction(s)  1S renormalized

     Parallelization info
     --------------------
     sticks:   dense  smooth     PW     G-vecs:    dense   smooth      PW
     Min        3057    1223    332               144436    36536    5170
     Max        3059    1225    333               144437    36537    5171
     Sum       24467    9791   2657              1155489   292295   41363


     Subspace diagonalization in iterative solution of the eigenvalue problem:
     a serial algorithm will be used

     GIPAW projectors -----------------------------------------------
     atom=  C    l=0  rc=    1.2000  rs=    0.8000
     atom=  C    l=0  rc=    1.2000  rs=    0.8000
     atom=  C    l=1  rc=    1.4000  rs=    0.9333
     atom=  C    l=1  rc=    1.4000  rs=    0.9333
     projs nearly linearly dependent: l=1  n1,n2= 1, 2  s=  0.99951561

     atom=  Cl   l=0  rc=    1.6000  rs=    1.0667
     atom=  Cl   l=0  rc=    1.6000  rs=    1.0667
     atom=  Cl   l=1  rc=    1.6000  rs=    1.0667
     atom=  Cl   l=1  rc=    1.6000  rs=    1.0667
     atom=  Cl   l=2  rc=    1.6000  rs=    1.0667
     atom=  Cl   l=2  rc=    1.6000  rs=    1.0667
     projs nearly linearly dependent: l=2  n1,n2= 1, 2  s=  0.99993509

     atom=  H    l=0  rc=    1.0000  rs=    0.6667
     atom=  H    l=0  rc=    1.0000  rs=    0.6667
     projs nearly linearly dependent: l=0  n1,n2= 1, 2  s=  0.99968852
     -----------------------------------------------------------------

     GIPAW integrals: -------------------------------------------
     Atom  i/j   nmr_para   nmr_dia   epr_rmc  epr_para   epr_dia
       C   1 1   0.83E+03  0.17E-01  0.93E+01  0.24E+08  0.24E+03
       C   2 1   0.86E+03 -0.61E-01  0.94E+01  0.25E+08  0.25E+03
       C   2 2   0.90E+03 -0.15E+00  0.97E+01  0.26E+08  0.26E+03
       C   3 3   0.33E+01  0.34E+00  0.18E+01  0.55E+03  0.21E+02
       C   4 3   0.35E+01  0.37E+00  0.20E+01  0.59E+03  0.22E+02
       C   4 4   0.38E+01  0.39E+00  0.22E+01  0.63E+03  0.24E+02
       Cl  1 1   0.14E+04 -0.47E+00  0.84E+01  0.32E+09  0.42E+03
       Cl  2 1   0.21E+04 -0.37E+00  0.12E+02  0.49E+09  0.65E+03
       Cl  2 2   0.33E+04 -0.16E+00  0.21E+02  0.76E+09  0.10E+04
       Cl  3 3   0.21E+02  0.79E-01  0.89E+01  0.23E+05  0.13E+03
       Cl  4 3   0.24E+02  0.67E-01  0.99E+01  0.27E+05  0.15E+03
       Cl  4 4   0.28E+02  0.44E-01  0.11E+02  0.32E+05  0.18E+03
       Cl  5 5   0.77E+00  0.19E+00  0.18E+01  0.12E+03  0.22E+02
       Cl  6 5   0.80E+00  0.19E+00  0.19E+01  0.12E+03  0.23E+02
       Cl  6 6   0.83E+00  0.20E+00  0.19E+01  0.12E+03  0.23E+02
       H   1 1   0.39E+02  0.19E+00  0.29E+00  0.78E+05  0.13E+02
       H   2 1   0.41E+02  0.21E+00  0.32E+00  0.82E+05  0.14E+02
       H   2 2   0.43E+02  0.22E+00  0.36E+00  0.86E+05  0.15E+02
     ------------------------------------------------------------

     alpha_pv=     33.8475 eV

     Number of occupied bands for each k-point:
     k-point:     1    nbnd_occ=  42
     k-point:     2    nbnd_occ=  42
     k-point:     3    nbnd_occ=  42
     k-point:     4    nbnd_occ=  42
     k-point:     5    nbnd_occ=  42
     k-point:     6    nbnd_occ=  42
     k-point:     7    nbnd_occ=  42
     k-point:     8    nbnd_occ=  42
     k-point:     9    nbnd_occ=  42
     k-point:    10    nbnd_occ=  42
     k-point:    11    nbnd_occ=  42
     k-point:    12    nbnd_occ=  42
     k-point:    13    nbnd_occ=  42
     k-point:    14    nbnd_occ=  42
     k-point:    15    nbnd_occ=  42
     k-point:    16    nbnd_occ=  42


     q-space interpolation up to   110.00 Rydberg

     GIPAW job: efg                                                                             


     ELECTRIC FIELD GRADIENTS TENSORS IN Hartree/bohrradius^2:

     ----- bare term -----
     Cl   1       -0.236555        0.173935       -0.054704
     Cl   1        0.173935        0.050635        0.138160
     Cl   1       -0.054704        0.138160        0.185920

     C    2        0.034270       -0.268244       -0.511199
     C    2       -0.268244       -0.208448       -0.553487
     C    2       -0.511199       -0.553487        0.174178

     C    3       -0.231093        0.396764       -0.377959
     C    3        0.396764       -0.218083       -0.215838
     C    3       -0.377959       -0.215838        0.449177

     H    4        0.103227       -0.107314       -0.335818
     H    4       -0.107314        0.437895        0.115062
     H    4       -0.335818        0.115062       -0.541122

     C    5       -0.195985        0.095156       -0.322780
     C    5        0.095156       -0.293270       -0.341477
     C    5       -0.322780       -0.341477        0.489255

     H    6        0.243564        0.116500        0.331098
     H    6        0.116500       -0.025275       -0.516838
     H    6        0.331098       -0.516838       -0.218289

     H    7        0.188109        0.275547        0.102985
     H    7        0.275547       -0.469392        0.345893
     H    7        0.102985        0.345893        0.281282

     C    8       -0.538331       -0.314317       -0.295623
     C    8       -0.314317        0.112890        0.226824
     C    8       -0.295623        0.226824        0.425441

     H    9       -0.571445       -0.107728       -0.254052
     H    9       -0.107728        0.249480        0.255846
     H    9       -0.254052        0.255846        0.321965

     C   10        0.004403        0.071012       -0.291536
     C   10        0.071012       -0.160804        0.555996
     C   10       -0.291536        0.555996        0.156401

     C   11       -0.598609       -0.398957       -0.306857
     C   11       -0.398957        0.267312        0.270377
     C   11       -0.306857        0.270377        0.331297

     Cl  12       -0.025127       -0.031911       -0.051169
     Cl  12       -0.031911        0.147585        0.051109
     Cl  12       -0.051169        0.051109       -0.122458

     H   13        0.473439        0.048923       -0.231840
     H   13        0.048923       -0.189474       -0.323150
     H   13       -0.231840       -0.323150       -0.283964

     C   14       -0.689124        0.330492       -0.208308
     C   14        0.330492        0.329935       -0.308993
     C   14       -0.208308       -0.308993        0.359189

     H   15       -0.110676        0.120430       -0.554773
     H   15        0.120430        0.088915        0.158632
     H   15       -0.554773        0.158632        0.021760

     C   16        0.052197        0.009963       -0.213627
     C   16        0.009963       -0.029621       -0.633176
     C   16       -0.213627       -0.633176       -0.022577

     C   17       -0.589939        0.360380       -0.395997
     C   17        0.360380        0.318831       -0.232064
     C   17       -0.395997       -0.232064        0.271109

     Cl  18        0.163464       -0.129999       -0.027249
     Cl  18       -0.129999       -0.370324       -0.047572
     Cl  18       -0.027249       -0.047572        0.206860

     H   19        0.470971        0.031642       -0.037086
     H   19        0.031642       -0.809268        0.089762
     H   19       -0.037086        0.089762        0.338297

     C   20       -0.239811       -0.066237       -0.276752
     C   20       -0.066237        0.024731        0.542342
     C   20       -0.276752        0.542342        0.215080

     H   21       -0.521568        0.432436       -0.077711
     H   21        0.432436        0.271936        0.009617
     H   21       -0.077711        0.009617        0.249632

     C   22       -0.485970       -0.352785       -0.183876
     C   22       -0.352785        0.090089        0.432605
     C   22       -0.183876        0.432605        0.395881

     C   23       -0.138021        0.282014       -0.332316
     C   23        0.282014       -0.002423        0.742407
     C   23       -0.332316        0.742407        0.140444

     Cl  24       -0.199002       -0.228320       -0.047629
     Cl  24       -0.228320        0.151042        0.141352
     Cl  24       -0.047629        0.141352        0.047961

     ----- ionic term -----
     Cl   1        0.152666       -0.201255        0.014924
     Cl   1       -0.201255       -0.013185       -0.002153
     Cl   1        0.014924       -0.002153       -0.139482

     C    2        0.174576       -0.240940        0.326478
     C    2       -0.240940       -0.034930        0.392501
     C    2        0.326478        0.392501       -0.139646

     C    3        0.070582       -0.389886        0.230288
     C    3       -0.389886        0.113351        0.360422
     C    3        0.230288        0.360422       -0.183933

     H    4        0.440106        0.055984        0.812811
     H    4        0.055984       -0.546886        0.139155
     H    4        0.812811        0.139155        0.106780

     C    5        0.170227       -0.385263        0.294936
     C    5       -0.385263        0.047159        0.260687
     C    5        0.294936        0.260687       -0.217386

     H    6       -0.501883       -0.156625       -0.053025
     H    6       -0.156625        0.496663        0.747477
     H    6       -0.053025        0.747477        0.005219

     H    7       -0.491960       -0.232155        0.068201
     H    7       -0.232155        0.893284       -0.482115
     H    7        0.068201       -0.482115       -0.401324

     C    8        0.313782        0.069079        0.235358
     C    8        0.069079        0.152098       -0.269333
     C    8        0.235358       -0.269333       -0.465880

     H    9        0.670387       -0.357958        0.598603
     H    9       -0.357958       -0.363425       -0.237771
     H    9        0.598603       -0.237771       -0.306962

     C   10        0.135973        0.181903        0.165757
     C   10        0.181903        0.296597       -0.353332
     C   10        0.165757       -0.353332       -0.432570

     C   11        0.239160        0.185214        0.264346
     C   11        0.185214        0.193605       -0.334411
     C   11        0.264346       -0.334411       -0.432765

     Cl  12        0.141725        0.235411        0.009176
     Cl  12        0.235411        0.019215       -0.000514
     Cl  12        0.009176       -0.000514       -0.160940

     H   13       -0.537781        0.115853        0.084027
     H   13        0.115853        0.485134        0.786093
     H   13        0.084027        0.786093        0.052647

     C   14        0.175148       -0.201120        0.336077
     C   14       -0.201120       -0.000350        0.290064
     C   14        0.336077        0.290064       -0.174797

     H   15        0.557506        0.302663        0.693087
     H   15        0.302663       -0.423858        0.243450
     H   15        0.693087        0.243450       -0.133648

     C   16        0.059654       -0.200443        0.233341
     C   16       -0.200443        0.146966        0.398528
     C   16        0.233341        0.398528       -0.206620

     C   17        0.004077       -0.219802        0.328913
     C   17       -0.219802        0.119795        0.410791
     C   17        0.328913        0.410791       -0.123872

     Cl  18        0.062625       -0.205284        0.003430
     Cl  18       -0.205284        0.074858        0.004943
     Cl  18        0.003430        0.004943       -0.137483

     H   19       -0.508435       -0.022383        0.035392
     H   19       -0.022383        0.686110       -0.679869
     H   19        0.035392       -0.679869       -0.177675

     C   20        0.321663        0.210916        0.252698
     C   20        0.210916        0.063339       -0.277759
     C   20        0.252698       -0.277759       -0.385002

     H   21        0.756540       -0.194352        0.615576
     H   21       -0.194352       -0.465498       -0.172721
     H   21        0.615576       -0.172721       -0.291042

     C   22        0.214515        0.220085        0.194916
     C   22        0.220085        0.156247       -0.342463
     C   22        0.194916       -0.342463       -0.370761

     C   23        0.308997        0.029772        0.273034
     C   23        0.029772        0.077369       -0.380821
     C   23        0.273034       -0.380821       -0.386366

     Cl  24        0.155481        0.165686        0.012202
     Cl  24        0.165686       -0.015025       -0.006879
     Cl  24        0.012202       -0.006879       -0.140457

     ----- GIPAW term -----
     Cl   1       -0.147676       -1.667802       -0.474416
     Cl   1       -1.667802        0.664489        1.343916
     Cl   1       -0.474416        1.343916       -0.516813

     C    2        0.116859       -0.244707       -0.153749
     C    2       -0.244707       -0.040107       -0.029712
     C    2       -0.153749       -0.029712       -0.076753

     C    3       -0.033730        0.039704       -0.228833
     C    3        0.039704       -0.136258       -0.003250
     C    3       -0.228833       -0.003250        0.169988

     H    4       -0.000000        0.000000        0.000000
     H    4        0.000000        0.000000        0.000000
     H    4        0.000000        0.000000        0.000000

     C    5       -0.078707       -0.022032       -0.106131
     C    5       -0.022032       -0.148324        0.025453
     C    5       -0.106131        0.025453        0.227031

     H    6       -0.000000        0.000000        0.000000
     H    6        0.000000        0.000000        0.000000
     H    6        0.000000        0.000000        0.000000

     H    7       -0.000000        0.000000        0.000000
     H    7        0.000000        0.000000        0.000000
     H    7        0.000000        0.000000        0.000000

     C    8       -0.073353        0.066086       -0.044284
     C    8        0.066086        0.095921        0.000734
     C    8       -0.044284        0.000734       -0.022568

     H    9       -0.000000        0.000000        0.000000
     H    9        0.000000        0.000000        0.000000
     H    9        0.000000        0.000000        0.000000

     C   10       -0.084653        0.143522       -0.080465
     C   10        0.143522        0.175095       -0.028463
     C   10       -0.080465       -0.028463       -0.090442

     C   11       -0.159040        0.029945       -0.030460
     C   11        0.029945        0.270802        0.102176
     C   11       -0.030460        0.102176       -0.111762

     Cl  12        0.146119        1.335632       -0.305318
     Cl  12        1.335632        2.442768        0.772689
     Cl  12       -0.305318        0.772689       -2.588887

     H   13       -0.000000        0.000000        0.000000
     H   13        0.000000        0.000000        0.000000
     H   13        0.000000        0.000000        0.000000

     C   14       -0.195433       -0.035439        0.013155
     C   14       -0.035439        0.242315       -0.120025
     C   14        0.013155       -0.120025       -0.046883

     H   15       -0.000000        0.000000        0.000000
     H   15        0.000000        0.000000        0.000000
     H   15        0.000000        0.000000        0.000000

     C   16       -0.105318       -0.052890       -0.019153
     C   16       -0.052890        0.213381       -0.158304
     C   16       -0.019153       -0.158304       -0.108063

     C   17       -0.144189        0.020540       -0.055737
     C   17        0.020540        0.289183       -0.008474
     C   17       -0.055737       -0.008474       -0.144994

     Cl  18        0.269971        0.093208        0.098657
     Cl  18        0.093208        1.357994        0.310772
     Cl  18        0.098657        0.310772       -1.627966

     H   19       -0.000000        0.000000        0.000000
     H   19        0.000000        0.000000        0.000000
     H   19        0.000000        0.000000        0.000000

     C   20       -0.118419       -0.029446       -0.042379
     C   20       -0.029446        0.164176        0.240788
     C   20       -0.042379        0.240788       -0.045757

     H   21       -0.000000        0.000000        0.000000
     H   21        0.000000        0.000000        0.000000
     H   21        0.000000        0.000000        0.000000

     C   22       -0.194193       -0.082267       -0.059789
     C   22       -0.082267        0.170034        0.198001
     C   22       -0.059789        0.198001        0.024159

     C   23       -0.041197        0.205707       -0.005671
     C   23        0.205707        0.096354        0.238080
     C   23       -0.005671        0.238080       -0.055157

     Cl  24       -0.208290        0.544979       -0.553237
     Cl  24        0.544979        1.675459        1.455862
     Cl  24       -0.553237        1.455862       -1.467169

     ----- total EFG -----
     Cl   1       -0.231565       -1.695122       -0.514196
     Cl   1       -1.695122        0.701939        1.479923
     Cl   1       -0.514196        1.479923       -0.470375

     C    2        0.325705       -0.753891       -0.338470
     C    2       -0.753891       -0.283485       -0.190698
     C    2       -0.338470       -0.190698       -0.042220

     C    3       -0.194241        0.046582       -0.376504
     C    3        0.046582       -0.240991        0.141333
     C    3       -0.376504        0.141333        0.435232

     H    4        0.543333       -0.051330        0.476993
     H    4       -0.051330       -0.108991        0.254217
     H    4        0.476993        0.254217       -0.434342

     C    5       -0.104465       -0.312139       -0.133975
     C    5       -0.312139       -0.394436       -0.055338
     C    5       -0.133975       -0.055338        0.498900

     H    6       -0.258319       -0.040125        0.278073
     H    6       -0.040125        0.471388        0.230640
     H    6        0.278073        0.230640       -0.213070

     H    7       -0.303851        0.043392        0.171186
     H    7        0.043392        0.423893       -0.136222
     H    7        0.171186       -0.136222       -0.120042

     C    8       -0.297902       -0.179152       -0.104548
     C    8       -0.179152        0.360909       -0.041775
     C    8       -0.104548       -0.041775       -0.063007

     H    9        0.098942       -0.465687        0.344551
     H    9       -0.465687       -0.113945        0.018075
     H    9        0.344551        0.018075        0.015003

     C   10        0.055723        0.396437       -0.206243
     C   10        0.396437        0.310888        0.174202
     C   10       -0.206243        0.174202       -0.366611

     C   11       -0.518489       -0.183798       -0.072971
     C   11       -0.183798        0.731719        0.038141
     C   11       -0.072971        0.038141       -0.213230

     Cl  12        0.262718        1.539132       -0.347311
     Cl  12        1.539132        2.609567        0.823284
     Cl  12       -0.347311        0.823284       -2.872285

     H   13       -0.064342        0.164776       -0.147814
     H   13        0.164776        0.295660        0.462943
     H   13       -0.147814        0.462943       -0.231318

     C   14       -0.709409        0.093933        0.140924
     C   14        0.093933        0.571900       -0.138954
     C   14        0.140924       -0.138954        0.137509

     H   15        0.446830        0.423093        0.138314
     H   15        0.423093       -0.334942        0.402082
     H   15        0.138314        0.402082       -0.111888

     C   16        0.006533       -0.243370        0.000561
     C   16       -0.243370        0.330726       -0.392951
     C   16        0.000561       -0.392951       -0.337259

     C   17       -0.730051        0.161118       -0.122821
     C   17        0.161118        0.727809        0.170254
     C   17       -0.122821        0.170254        0.002242

     Cl  18        0.496060       -0.242076        0.074838
     Cl  18       -0.242076        1.062528        0.268143
     Cl  18        0.074838        0.268143       -1.558589

     H   19       -0.037463        0.009258       -0.001694
     H   19        0.009258       -0.123159       -0.590107
     H   19       -0.001694       -0.590107        0.160622

     C   20       -0.036568        0.115233       -0.066434
     C   20        0.115233        0.252247        0.505370
     C   20       -0.066434        0.505370       -0.215679

     H   21        0.234972        0.238084        0.537865
     H   21        0.238084       -0.193562       -0.163104
     H   21        0.537865       -0.163104       -0.041410

     C   22       -0.465649       -0.214967       -0.048749
     C   22       -0.214967        0.416370        0.288142
     C   22       -0.048749        0.288142        0.049278

     C   23        0.129780        0.517493       -0.064954
     C   23        0.517493        0.171299        0.599666
     C   23       -0.064954        0.599666       -0.301079

     Cl  24       -0.251811        0.482345       -0.588664
     Cl  24        0.482345        1.811476        1.590335
     Cl  24       -0.588664        1.590335       -1.559665

     ----- total EFG (symmetrized) -----
     Cl   1       -0.231565       -1.695122       -0.514196
     Cl   1       -1.695122        0.701939        1.479923
     Cl   1       -0.514196        1.479923       -0.470375

     C    2        0.325705       -0.753891       -0.338470
     C    2       -0.753891       -0.283485       -0.190698
     C    2       -0.338470       -0.190698       -0.042220

     C    3       -0.194241        0.046582       -0.376504
     C    3        0.046582       -0.240991        0.141333
     C    3       -0.376504        0.141333        0.435232

     H    4        0.543333       -0.051330        0.476993
     H    4       -0.051330       -0.108991        0.254217
     H    4        0.476993        0.254217       -0.434342

     C    5       -0.104465       -0.312139       -0.133975
     C    5       -0.312139       -0.394436       -0.055338
     C    5       -0.133975       -0.055338        0.498900

     H    6       -0.258319       -0.040125        0.278073
     H    6       -0.040125        0.471388        0.230640
     H    6        0.278073        0.230640       -0.213070

     H    7       -0.303851        0.043392        0.171186
     H    7        0.043392        0.423893       -0.136222
     H    7        0.171186       -0.136222       -0.120042

     C    8       -0.297902       -0.179152       -0.104548
     C    8       -0.179152        0.360909       -0.041775
     C    8       -0.104548       -0.041775       -0.063007

     H    9        0.098942       -0.465687        0.344551
     H    9       -0.465687       -0.113945        0.018075
     H    9        0.344551        0.018075        0.015003

     C   10        0.055723        0.396437       -0.206243
     C   10        0.396437        0.310888        0.174202
     C   10       -0.206243        0.174202       -0.366611

     C   11       -0.518489       -0.183798       -0.072971
     C   11       -0.183798        0.731719        0.038141
     C   11       -0.072971        0.038141       -0.213230

     Cl  12        0.262718        1.539132       -0.347311
     Cl  12        1.539132        2.609567        0.823284
     Cl  12       -0.347311        0.823284       -2.872285

     H   13       -0.064342        0.164776       -0.147814
     H   13        0.164776        0.295660        0.462943
     H   13       -0.147814        0.462943       -0.231318

     C   14       -0.709409        0.093933        0.140924
     C   14        0.093933        0.571900       -0.138954
     C   14        0.140924       -0.138954        0.137509

     H   15        0.446830        0.423093        0.138314
     H   15        0.423093       -0.334942        0.402082
     H   15        0.138314        0.402082       -0.111888

     C   16        0.006533       -0.243370        0.000561
     C   16       -0.243370        0.330726       -0.392951
     C   16        0.000561       -0.392951       -0.337259

     C   17       -0.730051        0.161118       -0.122821
     C   17        0.161118        0.727809        0.170254
     C   17       -0.122821        0.170254        0.002242

     Cl  18        0.496060       -0.242076        0.074838
     Cl  18       -0.242076        1.062528        0.268143
     Cl  18        0.074838        0.268143       -1.558589

     H   19       -0.037463        0.009258       -0.001694
     H   19        0.009258       -0.123159       -0.590107
     H   19       -0.001694       -0.590107        0.160622

     C   20       -0.036568        0.115233       -0.066434
     C   20        0.115233        0.252247        0.505370
     C   20       -0.066434        0.505370       -0.215679

     H   21        0.234972        0.238084        0.537865
     H   21        0.238084       -0.193562       -0.163104
     H   21        0.537865       -0.163104       -0.041410

     C   22       -0.465649       -0.214967       -0.048749
     C   22       -0.214967        0.416370        0.288142
     C   22       -0.048749        0.288142        0.049278

     C   23        0.129780        0.517493       -0.064954
     C   23        0.517493        0.171299        0.599666
     C   23       -0.064954        0.599666       -0.301079

     Cl  24       -0.251811        0.482345       -0.588664
     Cl  24        0.482345        1.811476        1.590335
     Cl  24       -0.588664        1.590335       -1.559665


     NQR/NMR SPECTROSCOPIC PARAMETERS:
     Cl   1    Vxx=   -0.8755    axis=(  0.674211  0.032290  0.737833)
     Cl   1    Vyy=   -1.8288    axis=(  0.537294  0.663996 -0.520023)
     Cl   1    Vzz=    2.7042    axis=( -0.506710  0.747038  0.430325)
     Cl   1  Q=        -8.1650 1e-30 m^2  Cq=       -51.8791 MHz  eta= 0.35252

     C    2    Vxx=    0.0603    axis=( -0.037687 -0.420301  0.906602)
     C    2    Vyy=    0.8702    axis=(  0.834759 -0.511968 -0.202648)
     C    2    Vzz=   -0.9305    axis=(  0.549325  0.749157  0.370145)
     C    2  Q=         1.0000 1e-30 m^2  Cq=        -2.1863 MHz  eta= 0.87048

     C    3    Vxx=   -0.1958    axis=(  0.503178  0.857384  0.108187)
     C    3    Vyy=   -0.4291    axis=( -0.761590  0.499117 -0.413355)
     C    3    Vzz=    0.6249    axis=( -0.408402  0.125597  0.904120)
     C    3  Q=         1.0000 1e-30 m^2  Cq=         1.4684 MHz  eta= 0.37331

     H    4    Vxx=   -0.0076    axis=(  0.198321 -0.923475 -0.328423)
     H    4    Vyy=   -0.7328    axis=(  0.337337  0.378919 -0.861756)
     H    4    Vzz=    0.7404    axis=(  0.920257  0.060115  0.386671)
     H    4  Q=         1.0000 1e-30 m^2  Cq=         1.7396 MHz  eta= 0.97958

     C    5    Vxx=    0.0790    axis=(  0.810339 -0.555890  0.185301)
     C    5    Vyy=    0.5275    axis=(  0.213896 -0.013791 -0.976759)
     C    5    Vzz=   -0.6065    axis=(  0.545526  0.831141  0.107727)
     C    5  Q=         1.0000 1e-30 m^2  Cq=        -1.4250 MHz  eta= 0.73940

     H    6    Vxx=    0.0052    axis=(  0.719642 -0.257167  0.644965)
     H    6    Vyy=    0.5444    axis=(  0.060294  0.948519  0.310928)
     H    6    Vzz=   -0.5497    axis=( -0.691722 -0.184870  0.698100)
     H    6  Q=         1.0000 1e-30 m^2  Cq=        -1.2915 MHz  eta= 0.98094

     H    7    Vxx=   -0.0359    axis=(  0.550223  0.189042  0.813338)
     H    7    Vyy=   -0.4202    axis=(  0.835008 -0.129237 -0.534845)
     H    7    Vzz=    0.4561    axis=( -0.004005 -0.973428  0.228960)
     H    7  Q=         1.0000 1e-30 m^2  Cq=         1.0717 MHz  eta= 0.84260

     C    8    Vxx=   -0.0245    axis=( -0.327843 -0.050143  0.943400)
     C    8    Vyy=   -0.3825    axis=(  0.913295  0.238641  0.330065)
     C    8    Vzz=    0.4070    axis=( -0.241685  0.969812 -0.032442)
     C    8  Q=         1.0000 1e-30 m^2  Cq=         0.9562 MHz  eta= 0.87982

     H    9    Vxx=   -0.0123    axis=( -0.094556  0.577419  0.810954)
     H    9    Vyy=   -0.5832    axis=(  0.645493  0.655720 -0.391626)
     H    9    Vzz=    0.5955    axis=( -0.757890  0.486435 -0.434722)
     H    9  Q=         1.0000 1e-30 m^2  Cq=         1.3991 MHz  eta= 0.95869

     C   10    Vxx=   -0.0227    axis=( -0.647911  0.448469  0.615700)
     C   10    Vyy=   -0.5775    axis=(  0.490195 -0.373199  0.787674)
     C   10    Vzz=    0.6002    axis=( -0.583027 -0.812156 -0.021963)
     C   10  Q=         1.0000 1e-30 m^2  Cq=         1.4102 MHz  eta= 0.92439

     C   11    Vxx=   -0.2026    axis=( -0.182309 -0.075881  0.980309)
     C   11    Vyy=   -0.5580    axis=( -0.972516 -0.132945 -0.191151)
     C   11    Vzz=    0.7606    axis=(  0.144832 -0.988214 -0.049559)
     C   11  Q=         1.0000 1e-30 m^2  Cq=         1.7870 MHz  eta= 0.46721

     Cl  12    Vxx=   -0.3258    axis=( -0.884820  0.394340  0.248172)
     Cl  12    Vyy=   -3.1009    axis=(  0.186115 -0.189166  0.964146)
     Cl  12    Vzz=    3.4267    axis=(  0.427147  0.899284  0.093986)
     Cl  12  Q=        -8.1650 1e-30 m^2  Cq=       -65.7390 MHz  eta= 0.80983

     H   13    Vxx=    0.0135    axis=(  0.919349  0.091109 -0.382749)
     H   13    Vyy=    0.5726    axis=( -0.113633 -0.869874 -0.480006)
     H   13    Vzz=   -0.5862    axis=( -0.376677  0.484786 -0.789365)
     H   13  Q=         1.0000 1e-30 m^2  Cq=        -1.3773 MHz  eta= 0.95385

     C   14    Vxx=    0.1279    axis=( -0.188358 -0.256797 -0.947933)
     C   14    Vyy=    0.6146    axis=(  0.039692  0.962431 -0.268611)
     C   14    Vzz=   -0.7424    axis=( -0.981298  0.088220  0.171089)
     C   14  Q=         1.0000 1e-30 m^2  Cq=        -1.7444 MHz  eta= 0.65554

     H   15    Vxx=   -0.0346    axis=(  0.516777 -0.329703 -0.790087)
     H   15    Vyy=   -0.7046    axis=(  0.243629 -0.828077  0.504909)
     H   15    Vzz=    0.7392    axis=( -0.820723 -0.453413 -0.347606)
     H   15  Q=         1.0000 1e-30 m^2  Cq=         1.7367 MHz  eta= 0.90647

     C   16    Vxx=   -0.0570    axis=(  0.913172  0.237539 -0.331197)
     C   16    Vyy=   -0.5397    axis=(  0.199148  0.448951  0.871082)
     C   16    Vzz=    0.5966    axis=(  0.355607 -0.861405  0.362664)
     C   16  Q=         1.0000 1e-30 m^2  Cq=         1.4018 MHz  eta= 0.80901

     C   17    Vxx=   -0.0036    axis=( -0.202575 -0.179453  0.962684)
     C   17    Vyy=   -0.7737    axis=( -0.975308  0.125281 -0.181877)
     C   17    Vzz=    0.7773    axis=( -0.087968 -0.975757 -0.200400)
     C   17  Q=         1.0000 1e-30 m^2  Cq=         1.8263 MHz  eta= 0.99061

     Cl  18    Vxx=    0.4197    axis=(  0.943359  0.322144  0.079352)
     Cl  18    Vyy=    1.1708    axis=( -0.328314  0.940877  0.083433)
     Cl  18    Vzz=   -1.5905    axis=( -0.047783 -0.104759  0.993349)
     Cl  18  Q=        -8.1650 1e-30 m^2  Cq=        30.5123 MHz  eta= 0.47224

     H   19    Vxx=   -0.0375    axis=(  0.999879  0.002284  0.015356)
     H   19    Vyy=   -0.5883    axis=( -0.011298  0.785416  0.618866)
     H   19    Vzz=    0.6257    axis=( -0.010648 -0.618964  0.785347)
     H   19  Q=         1.0000 1e-30 m^2  Cq=         1.4702 MHz  eta= 0.88024

     C   20    Vxx=   -0.0163    axis=(  0.970459  0.033277 -0.238961)
     C   20    Vyy=   -0.5651    axis=( -0.219219  0.535261 -0.815744)
     C   20    Vzz=    0.5814    axis=(  0.100761  0.844031  0.526744)
     C   20  Q=         1.0000 1e-30 m^2  Cq=         1.3660 MHz  eta= 0.94407

     H   21    Vxx=   -0.0291    axis=(  0.242735  0.837342 -0.489835)
     H   21    Vyy=   -0.6328    axis=( -0.546197  0.535262  0.644332)
     H   21    Vzz=    0.6620    axis=(  0.801716  0.111144  0.587280)
     H   21  Q=         1.0000 1e-30 m^2  Cq=         1.5554 MHz  eta= 0.91199

     C   22    Vxx=   -0.1003    axis=(  0.138954 -0.437622  0.888357)
     C   22    Vyy=   -0.5159    axis=( -0.971294 -0.235129  0.036098)
     C   22    Vzz=    0.6162    axis=(  0.193081 -0.867872 -0.457731)
     C   22  Q=         1.0000 1e-30 m^2  Cq=         1.4477 MHz  eta= 0.67447

     C   23    Vxx=    0.0197    axis=(  0.764284 -0.237842 -0.599417)
     C   23    Vyy=    0.8267    axis=( -0.530172 -0.760913 -0.374071)
     C   23    Vzz=   -0.8463    axis=(  0.367135 -0.603691  0.707651)
     C   23  Q=         1.0000 1e-30 m^2  Cq=        -1.9886 MHz  eta= 0.95349

     Cl  24    Vxx=   -0.0301    axis=(  0.944372  0.035045 -0.327006)
     Cl  24    Vyy=   -2.4337    axis=( -0.316784  0.364098 -0.875831)
     Cl  24    Vzz=    2.4638    axis=(  0.088369  0.930701  0.354946)
     Cl  24  Q=        -8.1650 1e-30 m^2  Cq=       -47.2665 MHz  eta= 0.97559

     Initialization:
     gipaw_setup  :      9.20s CPU     11.07s WALL (       1 calls)

     Linear response

     Apply operators

     Induced current

     Other routines
     efg          :      9.38s CPU     11.43s WALL (       1 calls)

     General routines
     calbec       :      3.19s CPU      4.20s WALL (      16 calls)
     fft          :      1.49s CPU      1.91s WALL (      15 calls)
     ffts         :      0.04s CPU      0.05s WALL (       2 calls)
     fftw         :      3.40s CPU      3.86s WALL (     672 calls)
     davcio       :      0.06s CPU      0.31s WALL (      32 calls)

     Parallel routines
     fft_scatter  :      2.11s CPU      2.87s WALL (     689 calls)

     Plugins

     GIPAW        :     62.49s CPU     73.28s WALL (       1 calls)
