
     Program QE v.6.0 (svn rev. 13079) starts on 13Jan2017 at  0: 4: 0 

     This program is part of the open-source Quantum ESPRESSO suite
     for quantum simulation of materials; please cite
         "P. Giannozzi et al., J. Phys.:Condens. Matter 21 395502 (2009);
          URL http://www.quantum-espresso.org", 
     in publications or presentations arising from this work. More details at
     http://www.quantum-espresso.org/quote

     Parallel version (MPI), running on     8 processors
     R & G space division:  proc/nbgrp/npool/nimage =       8

     ***** This is GIPAW svn revision unknown      *****

     Parallelizing q-star over 1 images

     Reading data from directory:
     /users/majewski/paradichlorobenzene/pbe/9_constraint/scratch/pbe.ecut100.np8.dt60.pcl2phi-129368.save
     Message from routine read_xml_file:
     file /users/majewski/paradichlorobenzene/pbe/9_constraint/scratch/pbe.ecut100.np8.dt60.pcl2phi-129368.save not guaranteed to be safe for post-processing

   Info: using nr1, nr2, nr3 values from input

   Info: using nr1, nr2, nr3 values from input

     IMPORTANT: XC functional enforced from input :
     Exchange-correlation      =  SLA  PW   PBX  PBC ( 1  4  3  4 0 0)
     Any further DFT definition will be discarded
     Please, verify this is what you really want

               file C.pbe-n-kjpaw_psl.1.0.0.UPF: wavefunction(s)  2S 2P renormalized
               file Cl.pbe-n-kjpaw_psl.1.0.0.UPF: wavefunction(s)  3S 3P renormalized
               file H.pbe-kjpaw_psl.1.0.0.UPF: wavefunction(s)  1S renormalized

     Parallelization info
     --------------------
     sticks:   dense  smooth     PW     G-vecs:    dense   smooth      PW
     Min        3057    1223    332               144436    36536    5170
     Max        3059    1225    333               144437    36537    5171
     Sum       24467    9791   2657              1155489   292295   41363


     Subspace diagonalization in iterative solution of the eigenvalue problem:
     a serial algorithm will be used

     GIPAW projectors -----------------------------------------------
     atom=  C    l=0  rc=    1.2000  rs=    0.8000
     atom=  C    l=0  rc=    1.2000  rs=    0.8000
     atom=  C    l=1  rc=    1.4000  rs=    0.9333
     atom=  C    l=1  rc=    1.4000  rs=    0.9333
     projs nearly linearly dependent: l=1  n1,n2= 1, 2  s=  0.99951561

     atom=  Cl   l=0  rc=    1.6000  rs=    1.0667
     atom=  Cl   l=0  rc=    1.6000  rs=    1.0667
     atom=  Cl   l=1  rc=    1.6000  rs=    1.0667
     atom=  Cl   l=1  rc=    1.6000  rs=    1.0667
     atom=  Cl   l=2  rc=    1.6000  rs=    1.0667
     atom=  Cl   l=2  rc=    1.6000  rs=    1.0667
     projs nearly linearly dependent: l=2  n1,n2= 1, 2  s=  0.99993509

     atom=  H    l=0  rc=    1.0000  rs=    0.6667
     atom=  H    l=0  rc=    1.0000  rs=    0.6667
     projs nearly linearly dependent: l=0  n1,n2= 1, 2  s=  0.99968852
     -----------------------------------------------------------------

     GIPAW integrals: -------------------------------------------
     Atom  i/j   nmr_para   nmr_dia   epr_rmc  epr_para   epr_dia
       C   1 1   0.83E+03  0.17E-01  0.93E+01  0.24E+08  0.24E+03
       C   2 1   0.86E+03 -0.61E-01  0.94E+01  0.25E+08  0.25E+03
       C   2 2   0.90E+03 -0.15E+00  0.97E+01  0.26E+08  0.26E+03
       C   3 3   0.33E+01  0.34E+00  0.18E+01  0.55E+03  0.21E+02
       C   4 3   0.35E+01  0.37E+00  0.20E+01  0.59E+03  0.22E+02
       C   4 4   0.38E+01  0.39E+00  0.22E+01  0.63E+03  0.24E+02
       Cl  1 1   0.14E+04 -0.47E+00  0.84E+01  0.32E+09  0.42E+03
       Cl  2 1   0.21E+04 -0.37E+00  0.12E+02  0.49E+09  0.65E+03
       Cl  2 2   0.33E+04 -0.16E+00  0.21E+02  0.76E+09  0.10E+04
       Cl  3 3   0.21E+02  0.79E-01  0.89E+01  0.23E+05  0.13E+03
       Cl  4 3   0.24E+02  0.67E-01  0.99E+01  0.27E+05  0.15E+03
       Cl  4 4   0.28E+02  0.44E-01  0.11E+02  0.32E+05  0.18E+03
       Cl  5 5   0.77E+00  0.19E+00  0.18E+01  0.12E+03  0.22E+02
       Cl  6 5   0.80E+00  0.19E+00  0.19E+01  0.12E+03  0.23E+02
       Cl  6 6   0.83E+00  0.20E+00  0.19E+01  0.12E+03  0.23E+02
       H   1 1   0.39E+02  0.19E+00  0.29E+00  0.78E+05  0.13E+02
       H   2 1   0.41E+02  0.21E+00  0.32E+00  0.82E+05  0.14E+02
       H   2 2   0.43E+02  0.22E+00  0.36E+00  0.86E+05  0.15E+02
     ------------------------------------------------------------

     alpha_pv=     34.0118 eV

     Number of occupied bands for each k-point:
     k-point:     1    nbnd_occ=  42
     k-point:     2    nbnd_occ=  42
     k-point:     3    nbnd_occ=  42
     k-point:     4    nbnd_occ=  42
     k-point:     5    nbnd_occ=  42
     k-point:     6    nbnd_occ=  42
     k-point:     7    nbnd_occ=  42
     k-point:     8    nbnd_occ=  42
     k-point:     9    nbnd_occ=  42
     k-point:    10    nbnd_occ=  42
     k-point:    11    nbnd_occ=  42
     k-point:    12    nbnd_occ=  42
     k-point:    13    nbnd_occ=  42
     k-point:    14    nbnd_occ=  42
     k-point:    15    nbnd_occ=  42
     k-point:    16    nbnd_occ=  42


     q-space interpolation up to   110.00 Rydberg

     GIPAW job: efg                                                                             


     ELECTRIC FIELD GRADIENTS TENSORS IN Hartree/bohrradius^2:

     ----- bare term -----
     Cl   1        0.123719        0.030490       -0.383835
     Cl   1        0.030490        0.322548       -0.039841
     Cl   1       -0.383835       -0.039841       -0.446267

     C    2       -0.081072        0.314161       -0.105075
     C    2        0.314161       -0.345216       -0.283477
     C    2       -0.105075       -0.283477        0.426288

     C    3       -0.029080        0.454464       -0.263183
     C    3        0.454464       -0.284575       -0.298899
     C    3       -0.263183       -0.298899        0.313655

     H    4        0.038433       -0.029951       -0.167454
     H    4       -0.029951        0.449818       -0.332580
     H    4       -0.167454       -0.332580       -0.488251

     C    5       -0.579667        0.276966       -0.494136
     C    5        0.276966        0.338245       -0.089618
     C    5       -0.494136       -0.089618        0.241422

     H    6       -0.246408        0.147001       -0.039675
     H    6        0.147001       -0.101651       -0.501790
     H    6       -0.039675       -0.501790        0.348059

     H    7        0.392890        0.192216        0.029189
     H    7        0.192216       -0.687059       -0.147479
     H    7        0.029189       -0.147479        0.294169

     C    8        0.002888       -0.006961       -0.130782
     C    8       -0.006961       -0.103044        0.289286
     C    8       -0.130782        0.289286        0.100155

     H    9       -0.200562        0.341775        0.127322
     H    9        0.341775       -0.037620       -0.159642
     H    9        0.127322       -0.159642        0.238183

     C   10       -0.222047       -0.089166        0.044250
     C   10       -0.089166       -0.030948       -0.001301
     C   10        0.044250       -0.001301        0.252994

     C   11        0.030512        0.073144       -0.228076
     C   11        0.073144       -0.003714        0.570685
     C   11       -0.228076        0.570685       -0.026798

     Cl  12       -0.144887       -0.211038       -0.017453
     Cl  12       -0.211038        0.023289        0.045681
     Cl  12       -0.017453        0.045681        0.121598

     H   13        0.228254        0.184949       -0.123619
     H   13        0.184949       -0.539163        0.043297
     H   13       -0.123619        0.043297        0.310909

     C   14       -0.022010       -0.215722       -0.377999
     C   14       -0.215722       -0.156969       -0.261792
     C   14       -0.377999       -0.261792        0.178978

     H   15        0.045470       -0.096190       -0.235966
     H   15       -0.096190       -0.187653       -0.353487
     H   15       -0.235966       -0.353487        0.142184

     C   16       -0.642247        0.305272       -0.258742
     C   16        0.305272        0.062238       -0.125868
     C   16       -0.258742       -0.125868        0.580009

     C   17        0.265006        0.081003       -0.102821
     C   17        0.081003       -0.468623       -0.618972
     C   17       -0.102821       -0.618972        0.203617

     Cl  18        0.272323        0.139242       -0.171173
     Cl  18        0.139242        0.039517       -0.582749
     Cl  18       -0.171173       -0.582749       -0.311840

     H   19        0.142007        0.137467       -0.001948
     H   19        0.137467       -0.441103        0.519587
     H   19       -0.001948        0.519587        0.299096

     C   20       -0.755213       -0.315930       -0.434471
     C   20       -0.315930        0.268314        0.041202
     C   20       -0.434471        0.041202        0.486900

     H   21       -0.474587        0.312469        0.223723
     H   21        0.312469        0.352192        0.016263
     H   21        0.223723        0.016263        0.122395

     C   22        0.066268       -0.023588       -0.153621
     C   22       -0.023588       -0.531385        0.364699
     C   22       -0.153621        0.364699        0.465116

     C   23       -0.770958       -0.323277       -0.334309
     C   23       -0.323277        0.273484        0.012696
     C   23       -0.334309        0.012696        0.497474

     Cl  24       -0.067880        0.004074        0.024585
     Cl  24        0.004074       -0.050440       -0.025035
     Cl  24        0.024585       -0.025035        0.118320

     ----- ionic term -----
     Cl   1        0.222802       -0.199049        0.059576
     Cl   1       -0.199049       -0.086428       -0.023579
     Cl   1        0.059576       -0.023579       -0.136374

     C    2        0.179798       -0.209050        0.280648
     C    2       -0.209050        0.134623        0.362567
     C    2        0.280648        0.362567       -0.314421

     C    3        0.126745       -0.305185        0.294007
     C    3       -0.305185        0.176118        0.308130
     C    3        0.294007        0.308130       -0.302863

     H    4        0.164784        0.390121        0.701519
     H    4        0.390121       -0.249883        0.448630
     H    4        0.701519        0.448630        0.085099

     C    5        0.234864       -0.189017        0.448795
     C    5       -0.189017        0.013917        0.275442
     C    5        0.448795        0.275442       -0.248780

     H    6       -0.503987       -0.186626       -0.060271
     H    6       -0.186626        0.735306        0.626502
     H    6       -0.060271        0.626502       -0.231320

     H    7       -0.512970       -0.103891        0.019178
     H    7       -0.103891        0.897989       -0.504361
     H    7        0.019178       -0.504361       -0.385019

     C    8        0.372705        0.026490        0.071257
     C    8        0.026490        0.144945       -0.266700
     C    8        0.071257       -0.266700       -0.517650

     H    9        0.796952       -0.577737        0.118519
     H    9       -0.577737       -0.249674       -0.113520
     H    9        0.118519       -0.113520       -0.547279

     C   10        0.198990        0.050875        0.026582
     C   10        0.050875        0.257624       -0.367758
     C   10        0.026582       -0.367758       -0.456614

     C   11        0.254614       -0.010577        0.137433
     C   11       -0.010577        0.219055       -0.372227
     C   11        0.137433       -0.372227       -0.473669

     Cl  12        0.110711        0.180085       -0.014584
     Cl  12        0.180085        0.039789       -0.006029
     Cl  12       -0.014584       -0.006029       -0.150500

     H   13       -0.503008       -0.133727       -0.048775
     H   13       -0.133727        0.817029        0.567179
     H   13       -0.048775        0.567179       -0.314021

     C   14        0.194444       -0.151148        0.349292
     C   14       -0.151148        0.104810        0.247854
     C   14        0.349292        0.247854       -0.299254

     H   15        0.134786        0.409208        0.672786
     H   15        0.409208       -0.189217        0.460079
     H   15        0.672786        0.460079        0.054431

     C   16        0.056071       -0.191463        0.294998
     C   16       -0.191463        0.246319        0.324117
     C   16        0.294998        0.324117       -0.302390

     C   17        0.095540       -0.139150        0.433406
     C   17       -0.139150        0.166360        0.357820
     C   17        0.433406        0.357820       -0.261901

     Cl  18        0.158604       -0.181691        0.100462
     Cl  18       -0.181691       -0.018502       -0.051382
     Cl  18        0.100462       -0.051382       -0.140102

     H   19       -0.503075       -0.206242        0.099948
     H   19       -0.206242        0.727070       -0.640927
     H   19        0.099948       -0.640927       -0.223995

     C   20        0.345599        0.042877        0.071323
     C   20        0.042877        0.115280       -0.319901
     C   20        0.071323       -0.319901       -0.460879

     H   21        0.717362       -0.562579        0.321596
     H   21       -0.562579       -0.237975       -0.212972
     H   21        0.321596       -0.212972       -0.479386

     C   22        0.194019        0.092192        0.016178
     C   22        0.092192        0.263136       -0.395205
     C   22        0.016178       -0.395205       -0.457156

     C   23        0.332606       -0.001381        0.078213
     C   23       -0.001381        0.174353       -0.369452
     C   23        0.078213       -0.369452       -0.506959

     Cl  24        0.159781        0.220910       -0.044470
     Cl  24        0.220910       -0.014256       -0.024800
     Cl  24       -0.044470       -0.024800       -0.145524

     ----- GIPAW term -----
     Cl   1        0.128709       -0.682563        0.357231
     Cl   1       -0.682563       -0.360367        0.231765
     Cl   1        0.357231        0.231765        0.231658

     C    2       -0.061629       -0.022670        0.023048
     C    2       -0.022670       -0.088859       -0.096460
     C    2        0.023048       -0.096460        0.150489

     C    3        0.041640        0.106501       -0.190429
     C    3        0.106501       -0.122201       -0.078118
     C    3       -0.190429       -0.078118        0.080561

     H    4       -0.000000        0.000000        0.000000
     H    4        0.000000        0.000000        0.000000
     H    4        0.000000        0.000000        0.000000

     C    5        0.028188        0.184981        0.034060
     C    5        0.184981        0.055956        0.087310
     C    5        0.034060        0.087310       -0.084144

     H    6       -0.000000        0.000000        0.000000
     H    6        0.000000        0.000000        0.000000
     H    6        0.000000        0.000000        0.000000

     H    7       -0.000000        0.000000        0.000000
     H    7        0.000000        0.000000        0.000000
     H    7        0.000000        0.000000        0.000000

     C    8       -0.039540       -0.034464       -0.011639
     C    8       -0.034464        0.116134        0.098882
     C    8       -0.011639        0.098882       -0.076594

     H    9       -0.000000        0.000000        0.000000
     H    9        0.000000        0.000000        0.000000
     H    9        0.000000        0.000000        0.000000

     C   10       -0.038556       -0.009481       -0.004665
     C   10       -0.009481        0.033130        0.022423
     C   10       -0.004665        0.022423        0.005426

     C   11       -0.039657        0.025270       -0.041461
     C   11        0.025270        0.121360        0.145252
     C   11       -0.041461        0.145252       -0.081703

     Cl  12       -0.720620       -0.038303       -0.802332
     Cl  12       -0.038303        1.191233        2.110994
     Cl  12       -0.802332        2.110994       -0.470613

     H   13       -0.000000        0.000000        0.000000
     H   13        0.000000        0.000000        0.000000
     H   13        0.000000        0.000000        0.000000

     C   14        0.003399       -0.066035       -0.004777
     C   14       -0.066035        0.023005       -0.064681
     C   14       -0.004777       -0.064681       -0.026404

     H   15       -0.000000        0.000000        0.000000
     H   15        0.000000        0.000000        0.000000
     H   15        0.000000        0.000000        0.000000

     C   16       -0.078237       -0.046466       -0.031327
     C   16       -0.046466        0.077899        0.016235
     C   16       -0.031327        0.016235        0.000338

     C   17       -0.037305       -0.001556        0.033243
     C   17       -0.001556        0.078371        0.113770
     C   17        0.033243        0.113770       -0.041066

     Cl  18        0.393321       -0.059553        0.139874
     Cl  18       -0.059553       -0.111406       -0.474158
     Cl  18        0.139874       -0.474158       -0.281914

     H   19       -0.000000        0.000000        0.000000
     H   19        0.000000        0.000000        0.000000
     H   19        0.000000        0.000000        0.000000

     C   20       -0.177697        0.049907       -0.109703
     C   20        0.049907        0.154468       -0.143788
     C   20       -0.109703       -0.143788        0.023229

     H   21       -0.000000        0.000000        0.000000
     H   21        0.000000        0.000000        0.000000
     H   21        0.000000        0.000000        0.000000

     C   22       -0.084313        0.056738       -0.078192
     C   22        0.056738       -0.096923       -0.133050
     C   22       -0.078192       -0.133050        0.181236

     C   23       -0.184865       -0.007644       -0.002120
     C   23       -0.007644        0.128369       -0.211868
     C   23       -0.002120       -0.211868        0.056496

     Cl  24       -0.558426        1.704893       -0.288237
     Cl  24        1.704893       -1.212679       -1.048434
     Cl  24       -0.288237       -1.048434        1.771106

     ----- total EFG -----
     Cl   1        0.475231       -0.851122        0.032972
     Cl   1       -0.851122       -0.124247        0.168344
     Cl   1        0.032972        0.168344       -0.350984

     C    2        0.037097        0.082440        0.198621
     C    2        0.082440       -0.299453       -0.017370
     C    2        0.198621       -0.017370        0.262356

     C    3        0.139305        0.255779       -0.159604
     C    3        0.255779       -0.230658       -0.068887
     C    3       -0.159604       -0.068887        0.091354

     H    4        0.203217        0.360170        0.534064
     H    4        0.360170        0.199935        0.116050
     H    4        0.534064        0.116050       -0.403153

     C    5       -0.316616        0.272929       -0.011281
     C    5        0.272929        0.408118        0.273135
     C    5       -0.011281        0.273135       -0.091502

     H    6       -0.750395       -0.039625       -0.099945
     H    6       -0.039625        0.633656        0.124712
     H    6       -0.099945        0.124712        0.116739

     H    7       -0.120081        0.088325        0.048366
     H    7        0.088325        0.210930       -0.651840
     H    7        0.048366       -0.651840       -0.090849

     C    8        0.336053       -0.014935       -0.071163
     C    8       -0.014935        0.158035        0.121468
     C    8       -0.071163        0.121468       -0.494088

     H    9        0.596390       -0.235962        0.245841
     H    9       -0.235962       -0.287294       -0.273162
     H    9        0.245841       -0.273162       -0.309096

     C   10       -0.061612       -0.047773        0.066167
     C   10       -0.047773        0.259807       -0.346636
     C   10        0.066167       -0.346636       -0.198194

     C   11        0.245469        0.087838       -0.132104
     C   11        0.087838        0.336701        0.343709
     C   11       -0.132104        0.343709       -0.582170

     Cl  12       -0.754796       -0.069256       -0.834369
     Cl  12       -0.069256        1.254311        2.150646
     Cl  12       -0.834369        2.150646       -0.499515

     H   13       -0.274754        0.051222       -0.172395
     H   13        0.051222        0.277866        0.610476
     H   13       -0.172395        0.610476       -0.003112

     C   14        0.175833       -0.432905       -0.033484
     C   14       -0.432905       -0.029154       -0.078619
     C   14       -0.033484       -0.078619       -0.146680

     H   15        0.180256        0.313018        0.436819
     H   15        0.313018       -0.376870        0.106593
     H   15        0.436819        0.106593        0.196614

     C   16       -0.664412        0.067343        0.004929
     C   16        0.067343        0.386456        0.214484
     C   16        0.004929        0.214484        0.277957

     C   17        0.323241       -0.059703        0.363827
     C   17       -0.059703       -0.223891       -0.147382
     C   17        0.363827       -0.147382       -0.099350

     Cl  18        0.824248       -0.102002        0.069163
     Cl  18       -0.102002       -0.090391       -1.108290
     Cl  18        0.069163       -1.108290       -0.733857

     H   19       -0.361068       -0.068775        0.098000
     H   19       -0.068775        0.285967       -0.121340
     H   19        0.098000       -0.121340        0.075102

     C   20       -0.587311       -0.223146       -0.472852
     C   20       -0.223146        0.538062       -0.422488
     C   20       -0.472852       -0.422488        0.049249

     H   21        0.242775       -0.250110        0.545319
     H   21       -0.250110        0.114216       -0.196708
     H   21        0.545319       -0.196708       -0.356991

     C   22        0.175975        0.125341       -0.215635
     C   22        0.125341       -0.365171       -0.163556
     C   22       -0.215635       -0.163556        0.189196

     C   23       -0.623217       -0.332301       -0.258215
     C   23       -0.332301        0.576206       -0.568624
     C   23       -0.258215       -0.568624        0.047011

     Cl  24       -0.466526        1.929877       -0.308122
     Cl  24        1.929877       -1.277376       -1.098268
     Cl  24       -0.308122       -1.098268        1.743901

     ----- total EFG (symmetrized) -----
     Cl   1        0.475231       -0.851122        0.032972
     Cl   1       -0.851122       -0.124247        0.168344
     Cl   1        0.032972        0.168344       -0.350984

     C    2        0.037097        0.082440        0.198621
     C    2        0.082440       -0.299453       -0.017370
     C    2        0.198621       -0.017370        0.262356

     C    3        0.139305        0.255779       -0.159604
     C    3        0.255779       -0.230658       -0.068887
     C    3       -0.159604       -0.068887        0.091354

     H    4        0.203217        0.360170        0.534064
     H    4        0.360170        0.199935        0.116050
     H    4        0.534064        0.116050       -0.403153

     C    5       -0.316616        0.272929       -0.011281
     C    5        0.272929        0.408118        0.273135
     C    5       -0.011281        0.273135       -0.091502

     H    6       -0.750395       -0.039625       -0.099945
     H    6       -0.039625        0.633656        0.124712
     H    6       -0.099945        0.124712        0.116739

     H    7       -0.120081        0.088325        0.048366
     H    7        0.088325        0.210930       -0.651840
     H    7        0.048366       -0.651840       -0.090849

     C    8        0.336053       -0.014935       -0.071163
     C    8       -0.014935        0.158035        0.121468
     C    8       -0.071163        0.121468       -0.494088

     H    9        0.596390       -0.235962        0.245841
     H    9       -0.235962       -0.287294       -0.273162
     H    9        0.245841       -0.273162       -0.309096

     C   10       -0.061612       -0.047773        0.066167
     C   10       -0.047773        0.259807       -0.346636
     C   10        0.066167       -0.346636       -0.198194

     C   11        0.245469        0.087838       -0.132104
     C   11        0.087838        0.336701        0.343709
     C   11       -0.132104        0.343709       -0.582170

     Cl  12       -0.754796       -0.069256       -0.834369
     Cl  12       -0.069256        1.254311        2.150646
     Cl  12       -0.834369        2.150646       -0.499515

     H   13       -0.274754        0.051222       -0.172395
     H   13        0.051222        0.277866        0.610476
     H   13       -0.172395        0.610476       -0.003112

     C   14        0.175833       -0.432905       -0.033484
     C   14       -0.432905       -0.029154       -0.078619
     C   14       -0.033484       -0.078619       -0.146680

     H   15        0.180256        0.313018        0.436819
     H   15        0.313018       -0.376870        0.106593
     H   15        0.436819        0.106593        0.196614

     C   16       -0.664412        0.067343        0.004929
     C   16        0.067343        0.386456        0.214484
     C   16        0.004929        0.214484        0.277957

     C   17        0.323241       -0.059703        0.363827
     C   17       -0.059703       -0.223891       -0.147382
     C   17        0.363827       -0.147382       -0.099350

     Cl  18        0.824248       -0.102002        0.069163
     Cl  18       -0.102002       -0.090391       -1.108290
     Cl  18        0.069163       -1.108290       -0.733857

     H   19       -0.361068       -0.068775        0.098000
     H   19       -0.068775        0.285967       -0.121340
     H   19        0.098000       -0.121340        0.075102

     C   20       -0.587311       -0.223146       -0.472852
     C   20       -0.223146        0.538062       -0.422488
     C   20       -0.472852       -0.422488        0.049249

     H   21        0.242775       -0.250110        0.545319
     H   21       -0.250110        0.114216       -0.196708
     H   21        0.545319       -0.196708       -0.356991

     C   22        0.175975        0.125341       -0.215635
     C   22        0.125341       -0.365171       -0.163556
     C   22       -0.215635       -0.163556        0.189196

     C   23       -0.623217       -0.332301       -0.258215
     C   23       -0.332301        0.576206       -0.568624
     C   23       -0.258215       -0.568624        0.047011

     Cl  24       -0.466526        1.929877       -0.308122
     Cl  24        1.929877       -1.277376       -1.098268
     Cl  24       -0.308122       -1.098268        1.743901


     NQR/NMR SPECTROSCOPIC PARAMETERS:
     Cl   1    Vxx=   -0.2976    axis=(  0.236812  0.251377  0.938472)
     Cl   1    Vyy=   -0.7838    axis=(  0.532458  0.774385 -0.341784)
     Cl   1    Vzz=    1.0813    axis=( -0.812655  0.580636  0.049536)
     Cl   1  Q=        -8.1650 1e-30 m^2  Cq=       -20.7450 MHz  eta= 0.44963

     C    2    Vxx=   -0.0528    axis=( -0.812816 -0.306603  0.495303)
     C    2    Vyy=   -0.3263    axis=(  0.283363 -0.951004 -0.123679)
     C    2    Vzz=    0.3791    axis=(  0.508955  0.039823  0.859871)
     C    2  Q=         1.0000 1e-30 m^2  Cq=         0.8908 MHz  eta= 0.72125

     C    3    Vxx=   -0.0142    axis=(  0.451220  0.261631  0.853200)
     C    3    Vyy=   -0.3616    axis=( -0.461571  0.886668 -0.027790)
     C    3    Vzz=    0.3758    axis=( -0.763775 -0.381273  0.520844)
     C    3  Q=         1.0000 1e-30 m^2  Cq=         0.8830 MHz  eta= 0.92455

     H    4    Vxx=   -0.0379    axis=(  0.428678 -0.826847  0.364087)
     H    4    Vyy=   -0.7222    axis=(  0.526070 -0.099181 -0.844638)
     H    4    Vzz=    0.7601    axis=(  0.734497  0.553613  0.392463)
     H    4  Q=         1.0000 1e-30 m^2  Cq=         1.7858 MHz  eta= 0.90028

     C    5    Vxx=   -0.1540    axis=( -0.427703 -0.218508  0.877112)
     C    5    Vyy=   -0.4416    axis=( -0.864442  0.382505 -0.326235)
     C    5    Vzz=    0.5957    axis=( -0.264215 -0.897744 -0.352486)
     C    5  Q=         1.0000 1e-30 m^2  Cq=         1.3996 MHz  eta= 0.48280

     H    6    Vxx=    0.0974    axis=( -0.103141 -0.232537  0.967103)
     H    6    Vyy=    0.6648    axis=( -0.043412  0.972415  0.229184)
     H    6    Vzz=   -0.7622    axis=( -0.993719 -0.018346 -0.110390)
     H    6  Q=         1.0000 1e-30 m^2  Cq=        -1.7909 MHz  eta= 0.74440

     H    7    Vxx=   -0.1048    axis=( -0.982432 -0.076544 -0.170198)
     H    7    Vyy=   -0.6261    axis=( -0.180815  0.616098  0.766635)
     H    7    Vzz=    0.7309    axis=( -0.046177 -0.783941  0.619115)
     H    7  Q=         1.0000 1e-30 m^2  Cq=         1.7174 MHz  eta= 0.71318

     C    8    Vxx=    0.1755    axis=(  0.161273  0.973928  0.159546)
     C    8    Vyy=    0.3458    axis=(  0.983786 -0.145797 -0.104439)
     C    8    Vzz=   -0.5213    axis=(  0.078455 -0.173803  0.981650)
     C    8  Q=         1.0000 1e-30 m^2  Cq=        -1.2248 MHz  eta= 0.32681

     H    9    Vxx=   -0.1750    axis=(  0.403548  0.669383 -0.623759)
     H    9    Vyy=   -0.5718    axis=( -0.014407  0.686299  0.727177)
     H    9    Vzz=    0.7468    axis=(  0.914845 -0.284464  0.286598)
     H    9  Q=         1.0000 1e-30 m^2  Cq=         1.7546 MHz  eta= 0.53131

     C   10    Vxx=   -0.0681    axis=(  0.983873  0.176157  0.031033)
     C   10    Vyy=   -0.3886    axis=( -0.110509  0.462220  0.879853)
     C   10    Vzz=    0.4567    axis=(  0.140648 -0.869092  0.474232)
     C   10  Q=         1.0000 1e-30 m^2  Cq=         1.0730 MHz  eta= 0.70186

     C   11    Vxx=    0.2608    axis=(  0.965155 -0.151807 -0.213142)
     C   11    Vyy=    0.4600    axis=( -0.209571 -0.936186 -0.282198)
     C   11    Vzz=   -0.7208    axis=(  0.156701 -0.317034  0.935379)
     C   11  Q=         1.0000 1e-30 m^2  Cq=        -1.6936 MHz  eta= 0.27628

     Cl  12    Vxx=   -0.5359    axis=( -0.897525 -0.352689  0.264686)
     Cl  12    Vyy=   -2.2434    axis=(  0.414630 -0.470662  0.778819)
     Cl  12    Vzz=    2.7794    axis=(  0.150103 -0.808756 -0.568667)
     Cl  12  Q=        -8.1650 1e-30 m^2  Cq=       -53.3207 MHz  eta= 0.61434

     H   13    Vxx=   -0.1873    axis=(  0.873525  0.349058 -0.339282)
     H   13    Vyy=   -0.5809    axis=( -0.482315  0.526471 -0.700143)
     H   13    Vzz=    0.7682    axis=(  0.065769 -0.775233 -0.628242)
     H   13  Q=         1.0000 1e-30 m^2  Cq=         1.8051 MHz  eta= 0.51233

     C   14    Vxx=   -0.1204    axis=( -0.219617 -0.223735  0.949585)
     C   14    Vyy=   -0.3986    axis=(  0.583415  0.750004  0.311642)
     C   14    Vzz=    0.5190    axis=( -0.781918  0.622444 -0.034183)
     C   14  Q=         1.0000 1e-30 m^2  Cq=         1.2194 MHz  eta= 0.53597

     H   15    Vxx=   -0.1768    axis=( -0.524425 -0.428526  0.735761)
     H   15    Vyy=   -0.5307    axis=( -0.478960  0.862910  0.161195)
     H   15    Vzz=    0.7075    axis=( -0.703971 -0.267866 -0.657778)
     H   15  Q=         1.0000 1e-30 m^2  Cq=         1.6624 MHz  eta= 0.50018

     C   16    Vxx=    0.1128    axis=( -0.047733 -0.608814  0.791876)
     C   16    Vyy=    0.5560    axis=(  0.046090  0.790592  0.610606)
     C   16    Vzz=   -0.6688    axis=( -0.997796  0.065644 -0.009677)
     C   16  Q=         1.0000 1e-30 m^2  Cq=        -1.5714 MHz  eta= 0.66280

     C   17    Vxx=   -0.1746    axis=(  0.413894  0.799596 -0.435130)
     C   17    Vyy=   -0.3786    axis=( -0.336103  0.578448  0.743258)
     C   17    Vzz=    0.5532    axis=( -0.846006  0.161382 -0.508163)
     C   17  Q=         1.0000 1e-30 m^2  Cq=         1.2997 MHz  eta= 0.36876

     Cl  18    Vxx=    0.6533    axis=(  0.584294  0.647984 -0.488586)
     Cl  18    Vyy=    0.9129    axis=( -0.811538  0.468385 -0.349316)
     Cl  18    Vzz=   -1.5662    axis=(  0.002495  0.600610  0.799539)
     Cl  18  Q=        -8.1650 1e-30 m^2  Cq=        30.0464 MHz  eta= 0.16575

     H   19    Vxx=    0.0285    axis=(  0.141564  0.452667  0.880370)
     H   19    Vyy=    0.3564    axis=( -0.144528  0.889248 -0.433992)
     H   19    Vzz=   -0.3848    axis=( -0.979322 -0.065800  0.191309)
     H   19  Q=         1.0000 1e-30 m^2  Cq=        -0.9042 MHz  eta= 0.85204

     C   20    Vxx=    0.1651    axis=(  0.567407 -0.445173 -0.692727)
     C   20    Vyy=    0.7834    axis=( -0.039257 -0.854930  0.517256)
     C   20    Vzz=   -0.9485    axis=(  0.822501  0.266300  0.502569)
     C   20  Q=         1.0000 1e-30 m^2  Cq=        -2.2286 MHz  eta= 0.65197

     H   21    Vxx=   -0.0458    axis=(  0.424082  0.887060  0.182425)
     H   21    Vyy=   -0.6819    axis=( -0.495311  0.058550  0.866741)
     H   21    Vzz=    0.7277    axis=(  0.758170 -0.457926  0.464200)
     H   21  Q=         1.0000 1e-30 m^2  Cq=         1.7098 MHz  eta= 0.87410

     C   22    Vxx=   -0.0318    axis=( -0.734846  0.055355 -0.675972)
     C   22    Vyy=   -0.4180    axis=( -0.125864  0.968222  0.216113)
     C   22    Vzz=    0.4498    axis=(  0.666453  0.243891 -0.704526)
     C   22  Q=         1.0000 1e-30 m^2  Cq=         1.0568 MHz  eta= 0.85849

     C   23    Vxx=   -0.0506    axis=(  0.554058 -0.378792 -0.741307)
     C   23    Vyy=   -0.9020    axis=(  0.826823  0.354006  0.437084)
     C   23    Vzz=    0.9525    axis=( -0.096863  0.855100 -0.509334)
     C   23  Q=         1.0000 1e-30 m^2  Cq=         2.2381 MHz  eta= 0.89386

     Cl  24    Vxx=    0.4786    axis=(  0.710867  0.436208  0.551716)
     Cl  24    Vyy=    2.4624    axis=( -0.371677 -0.432969  0.821215)
     Cl  24    Vzz=   -2.9410    axis=(  0.597097 -0.788835 -0.145655)
     Cl  24  Q=        -8.1650 1e-30 m^2  Cq=        56.4208 MHz  eta= 0.67455

     Initialization:
     gipaw_setup  :      9.44s CPU     11.52s WALL (       1 calls)

     Linear response

     Apply operators

     Induced current

     Other routines
     efg          :      9.64s CPU     12.86s WALL (       1 calls)

     General routines
     calbec       :      3.40s CPU      4.73s WALL (      16 calls)
     fft          :      1.92s CPU      3.41s WALL (      15 calls)
     ffts         :      0.04s CPU      0.09s WALL (       2 calls)
     fftw         :      3.51s CPU      4.71s WALL (     672 calls)
     davcio       :      0.02s CPU      0.29s WALL (      32 calls)

     Parallel routines
     fft_scatter  :      2.86s CPU      5.42s WALL (     689 calls)

     Plugins

     GIPAW        :     63.17s CPU     75.61s WALL (       1 calls)
