
     Program QE v.6.0 (svn rev. 13079) starts on 14Jan2017 at 21:50:23 

     This program is part of the open-source Quantum ESPRESSO suite
     for quantum simulation of materials; please cite
         "P. Giannozzi et al., J. Phys.:Condens. Matter 21 395502 (2009);
          URL http://www.quantum-espresso.org", 
     in publications or presentations arising from this work. More details at
     http://www.quantum-espresso.org/quote

     Parallel version (MPI), running on     8 processors
     R & G space division:  proc/nbgrp/npool/nimage =       8

     ***** This is GIPAW svn revision unknown      *****

     Parallelizing q-star over 1 images

     Reading data from directory:
     /users/majewski/paradichlorobenzene/pbe/9_constraint/scratch/pbe.ecut100.np8.dt60.pcl2phi-129368.save
     Message from routine read_xml_file:
     file /users/majewski/paradichlorobenzene/pbe/9_constraint/scratch/pbe.ecut100.np8.dt60.pcl2phi-129368.save not guaranteed to be safe for post-processing

   Info: using nr1, nr2, nr3 values from input

   Info: using nr1, nr2, nr3 values from input

     IMPORTANT: XC functional enforced from input :
     Exchange-correlation      =  SLA  PW   PBX  PBC ( 1  4  3  4 0 0)
     Any further DFT definition will be discarded
     Please, verify this is what you really want

               file C.pbe-n-kjpaw_psl.1.0.0.UPF: wavefunction(s)  2S 2P renormalized
               file Cl.pbe-n-kjpaw_psl.1.0.0.UPF: wavefunction(s)  3S 3P renormalized
               file H.pbe-kjpaw_psl.1.0.0.UPF: wavefunction(s)  1S renormalized

     Parallelization info
     --------------------
     sticks:   dense  smooth     PW     G-vecs:    dense   smooth      PW
     Min        3057    1223    332               144436    36536    5170
     Max        3059    1225    333               144437    36537    5171
     Sum       24467    9791   2657              1155489   292295   41363


     Subspace diagonalization in iterative solution of the eigenvalue problem:
     a serial algorithm will be used

     GIPAW projectors -----------------------------------------------
     atom=  C    l=0  rc=    1.2000  rs=    0.8000
     atom=  C    l=0  rc=    1.2000  rs=    0.8000
     atom=  C    l=1  rc=    1.4000  rs=    0.9333
     atom=  C    l=1  rc=    1.4000  rs=    0.9333
     projs nearly linearly dependent: l=1  n1,n2= 1, 2  s=  0.99951561

     atom=  Cl   l=0  rc=    1.6000  rs=    1.0667
     atom=  Cl   l=0  rc=    1.6000  rs=    1.0667
     atom=  Cl   l=1  rc=    1.6000  rs=    1.0667
     atom=  Cl   l=1  rc=    1.6000  rs=    1.0667
     atom=  Cl   l=2  rc=    1.6000  rs=    1.0667
     atom=  Cl   l=2  rc=    1.6000  rs=    1.0667
     projs nearly linearly dependent: l=2  n1,n2= 1, 2  s=  0.99993509

     atom=  H    l=0  rc=    1.0000  rs=    0.6667
     atom=  H    l=0  rc=    1.0000  rs=    0.6667
     projs nearly linearly dependent: l=0  n1,n2= 1, 2  s=  0.99968852
     -----------------------------------------------------------------

     GIPAW integrals: -------------------------------------------
     Atom  i/j   nmr_para   nmr_dia   epr_rmc  epr_para   epr_dia
       C   1 1   0.83E+03  0.17E-01  0.93E+01  0.24E+08  0.24E+03
       C   2 1   0.86E+03 -0.61E-01  0.94E+01  0.25E+08  0.25E+03
       C   2 2   0.90E+03 -0.15E+00  0.97E+01  0.26E+08  0.26E+03
       C   3 3   0.33E+01  0.34E+00  0.18E+01  0.55E+03  0.21E+02
       C   4 3   0.35E+01  0.37E+00  0.20E+01  0.59E+03  0.22E+02
       C   4 4   0.38E+01  0.39E+00  0.22E+01  0.63E+03  0.24E+02
       Cl  1 1   0.14E+04 -0.47E+00  0.84E+01  0.32E+09  0.42E+03
       Cl  2 1   0.21E+04 -0.37E+00  0.12E+02  0.49E+09  0.65E+03
       Cl  2 2   0.33E+04 -0.16E+00  0.21E+02  0.76E+09  0.10E+04
       Cl  3 3   0.21E+02  0.79E-01  0.89E+01  0.23E+05  0.13E+03
       Cl  4 3   0.24E+02  0.67E-01  0.99E+01  0.27E+05  0.15E+03
       Cl  4 4   0.28E+02  0.44E-01  0.11E+02  0.32E+05  0.18E+03
       Cl  5 5   0.77E+00  0.19E+00  0.18E+01  0.12E+03  0.22E+02
       Cl  6 5   0.80E+00  0.19E+00  0.19E+01  0.12E+03  0.23E+02
       Cl  6 6   0.83E+00  0.20E+00  0.19E+01  0.12E+03  0.23E+02
       H   1 1   0.39E+02  0.19E+00  0.29E+00  0.78E+05  0.13E+02
       H   2 1   0.41E+02  0.21E+00  0.32E+00  0.82E+05  0.14E+02
       H   2 2   0.43E+02  0.22E+00  0.36E+00  0.86E+05  0.15E+02
     ------------------------------------------------------------

     alpha_pv=     34.0628 eV

     Number of occupied bands for each k-point:
     k-point:     1    nbnd_occ=  42
     k-point:     2    nbnd_occ=  42
     k-point:     3    nbnd_occ=  42
     k-point:     4    nbnd_occ=  42
     k-point:     5    nbnd_occ=  42
     k-point:     6    nbnd_occ=  42
     k-point:     7    nbnd_occ=  42
     k-point:     8    nbnd_occ=  42
     k-point:     9    nbnd_occ=  42
     k-point:    10    nbnd_occ=  42
     k-point:    11    nbnd_occ=  42
     k-point:    12    nbnd_occ=  42
     k-point:    13    nbnd_occ=  42
     k-point:    14    nbnd_occ=  42
     k-point:    15    nbnd_occ=  42
     k-point:    16    nbnd_occ=  42


     q-space interpolation up to   110.00 Rydberg

     GIPAW job: efg                                                                             


     ELECTRIC FIELD GRADIENTS TENSORS IN Hartree/bohrradius^2:

     ----- bare term -----
     Cl   1       -0.116107        0.114861        0.120292
     Cl   1        0.114861       -0.111686        0.039569
     Cl   1        0.120292        0.039569        0.227793

     C    2       -0.109402       -0.028717       -0.434236
     C    2       -0.028717       -0.150273       -0.523225
     C    2       -0.434236       -0.523225        0.259675

     C    3       -0.213692        0.125729       -0.283351
     C    3        0.125729       -0.165413       -0.529775
     C    3       -0.283351       -0.529775        0.379104

     H    4       -0.627782       -0.169654       -0.340663
     H    4       -0.169654        0.365926       -0.162929
     H    4       -0.340663       -0.162929        0.261857

     C    5       -0.282598        0.259618       -0.274305
     C    5        0.259618       -0.173235       -0.419402
     C    5       -0.274305       -0.419402        0.455833

     H    6        0.155440       -0.284448       -0.173919
     H    6       -0.284448       -0.363750       -0.473199
     H    6       -0.173919       -0.473199        0.208310

     H    7        0.405277        0.054596        0.286864
     H    7        0.054596        0.045737        0.269705
     H    7        0.286864        0.269705       -0.451014

     C    8       -0.451366       -0.332987       -0.185535
     C    8       -0.332987       -0.008290        0.421436
     C    8       -0.185535        0.421436        0.459656

     H    9        0.096325       -0.001803       -0.453894
     H    9       -0.001803        0.209065       -0.261724
     H    9       -0.453894       -0.261724       -0.305390

     C   10       -0.076994       -0.148256       -0.208263
     C   10       -0.148256       -0.061557        0.663406
     C   10       -0.208263        0.663406        0.138550

     C   11       -0.379467       -0.178452       -0.407020
     C   11       -0.178452        0.094034        0.350008
     C   11       -0.407020        0.350008        0.285433

     Cl  12       -0.038677       -0.074772        0.033155
     Cl  12       -0.074772        0.127503       -0.108832
     Cl  12        0.033155       -0.108832       -0.088826

     H   13        0.328487       -0.118410       -0.078571
     H   13       -0.118410       -0.476522       -0.507250
     H   13       -0.078571       -0.507250        0.148035

     C   14       -0.306736        0.365264       -0.279853
     C   14        0.365264       -0.138500       -0.282422
     C   14       -0.279853       -0.282422        0.445236

     H   15       -0.457726        0.199494       -0.409312
     H   15        0.199494        0.142245       -0.125731
     H   15       -0.409312       -0.125731        0.315481

     C   16       -0.030240       -0.032480       -0.326735
     C   16       -0.032480       -0.211523       -0.580560
     C   16       -0.326735       -0.580560        0.241763

     C   17       -0.431343        0.146204       -0.378025
     C   17        0.146204        0.075491       -0.302115
     C   17       -0.378025       -0.302115        0.355852

     Cl  18       -0.015553        0.134919       -0.038523
     Cl  18        0.134919        0.050641       -0.020757
     Cl  18       -0.038523       -0.020757       -0.035089

     H   19        0.495994        0.028044       -0.160737
     H   19        0.028044        0.015085        0.367334
     H   19       -0.160737        0.367334       -0.511079

     C   20       -0.282502       -0.258818       -0.255596
     C   20       -0.258818       -0.222974        0.416904
     C   20       -0.255596        0.416904        0.505476

     H   21       -0.320806        0.002615       -0.547414
     H   21        0.002615        0.208975        0.038441
     H   21       -0.547414        0.038441        0.111831

     C   22       -0.189555       -0.367630       -0.287681
     C   22       -0.367630       -0.227939        0.506717
     C   22       -0.287681        0.506717        0.417494

     C   23       -0.019344        0.146409       -0.501111
     C   23        0.146409       -0.185477        0.544811
     C   23       -0.501111        0.544811        0.204821

     Cl  24       -0.043017       -0.082830       -0.063926
     Cl  24       -0.082830       -0.036073        0.006871
     Cl  24       -0.063926        0.006871        0.079090

     ----- ionic term -----
     Cl   1        0.110825       -0.201361       -0.036456
     Cl   1       -0.201361        0.019574        0.036608
     Cl   1       -0.036456        0.036608       -0.130399

     C    2        0.171226       -0.153895        0.211326
     C    2       -0.153895        0.117590        0.437659
     C    2        0.211326        0.437659       -0.288816

     C    3        0.150367       -0.146588        0.189075
     C    3       -0.146588        0.163754        0.385929
     C    3        0.189075        0.385929       -0.314121

     H    4        0.753643        0.352024        0.550299
     H    4        0.352024       -0.426349        0.212585
     H    4        0.550299        0.212585       -0.327294

     C    5        0.292149       -0.124509        0.334684
     C    5       -0.124509        0.033557        0.276952
     C    5        0.334684        0.276952       -0.325706

     H    6       -0.471236        0.255793        0.163273
     H    6        0.255793        0.678400        0.655792
     H    6        0.163273        0.655792       -0.207164

     H    7       -0.496428        0.160404       -0.146364
     H    7        0.160404        0.248950       -0.786919
     H    7       -0.146364       -0.786919        0.247478

     C    8        0.158794        0.275088        0.266962
     C    8        0.275088       -0.003995       -0.293607
     C    8        0.266962       -0.293607       -0.154800

     H    9        0.396915       -0.129552        0.791208
     H    9       -0.129552       -0.509258       -0.172668
     H    9        0.791208       -0.172668        0.112343

     C   10        0.024403        0.280767        0.249285
     C   10        0.280767        0.104847       -0.378043
     C   10        0.249285       -0.378043       -0.129249

     C   11        0.126162        0.215170        0.301858
     C   11        0.215170        0.016135       -0.425087
     C   11        0.301858       -0.425087       -0.142297

     Cl  12        0.106869        0.207062       -0.001263
     Cl  12        0.207062        0.023562       -0.009638
     Cl  12       -0.001263       -0.009638       -0.130431

     H   13       -0.496730        0.024481        0.006221
     H   13        0.024481        0.642419        0.694793
     H   13        0.006221        0.694793       -0.145689

     C   14        0.252097       -0.235248        0.223814
     C   14       -0.235248        0.099385        0.281121
     C   14        0.223814        0.281121       -0.351482

     H   15        0.657412        0.174454        0.698239
     H   15        0.174454       -0.474310        0.166321
     H   15        0.698239        0.166321       -0.183102

     C   16        0.129102       -0.231079        0.224397
     C   16       -0.231079        0.191245        0.369425
     C   16        0.224397        0.369425       -0.320347

     C   17        0.140559       -0.144609        0.357210
     C   17       -0.144609        0.160943        0.370592
     C   17        0.357210        0.370592       -0.301502

     Cl  18        0.070191       -0.207578        0.029506
     Cl  18       -0.207578        0.083754       -0.017548
     Cl  18        0.029506       -0.017548       -0.153945

     H   19       -0.521461       -0.094379        0.105362
     H   19       -0.094379        0.346554       -0.799967
     H   19        0.105362       -0.799967        0.174907

     C   20        0.221034        0.252780        0.308345
     C   20        0.252780       -0.015516       -0.314739
     C   20        0.308345       -0.314739       -0.205518

     H   21        0.721382       -0.174244        0.659677
     H   21       -0.174244       -0.485033       -0.183508
     H   21        0.659677       -0.183508       -0.236349

     C   22        0.117597        0.294828        0.195590
     C   22        0.294828        0.178231       -0.423794
     C   22        0.195590       -0.423794       -0.295828

     C   23        0.099062        0.190138        0.324357
     C   23        0.190138        0.085197       -0.445238
     C   23        0.324357       -0.445238       -0.184258

     Cl  24        0.127791        0.202405        0.012020
     Cl  24        0.202405        0.008686       -0.005119
     Cl  24        0.012020       -0.005119       -0.136477

     ----- GIPAW term -----
     Cl   1        0.515273       -1.478711        1.106344
     Cl   1       -1.478711       -0.951837        0.386833
     Cl   1        1.106344        0.386833        0.436564

     C    2        0.081102       -0.142986       -0.102238
     C    2       -0.142986       -0.030023       -0.085629
     C    2       -0.102238       -0.085629       -0.051080

     C    3       -0.057728       -0.028595       -0.032814
     C    3       -0.028595       -0.022025       -0.114844
     C    3       -0.032814       -0.114844        0.079753

     H    4       -0.000000        0.000000        0.000000
     H    4        0.000000        0.000000        0.000000
     H    4        0.000000        0.000000        0.000000

     C    5       -0.034994        0.047739       -0.027441
     C    5        0.047739       -0.073382       -0.078955
     C    5       -0.027441       -0.078955        0.108376

     H    6       -0.000000        0.000000        0.000000
     H    6        0.000000        0.000000        0.000000
     H    6        0.000000        0.000000        0.000000

     H    7       -0.000000        0.000000        0.000000
     H    7        0.000000        0.000000        0.000000
     H    7        0.000000        0.000000        0.000000

     C    8       -0.101271       -0.009281        0.027239
     C    8       -0.009281        0.018262        0.155162
     C    8        0.027239        0.155162        0.083009

     H    9       -0.000000        0.000000        0.000000
     H    9        0.000000        0.000000        0.000000
     H    9        0.000000        0.000000        0.000000

     C   10       -0.133741       -0.016056       -0.044756
     C   10       -0.016056        0.147366        0.242580
     C   10       -0.044756        0.242580       -0.013625

     C   11       -0.026027        0.046177       -0.062789
     C   11        0.046177        0.111606        0.017346
     C   11       -0.062789        0.017346       -0.085579

     Cl  12        0.615536        1.122567        0.310401
     Cl  12        1.122567        1.520753       -1.052542
     Cl  12        0.310401       -1.052542       -2.136289

     H   13       -0.000000        0.000000        0.000000
     H   13        0.000000        0.000000        0.000000
     H   13        0.000000        0.000000        0.000000

     C   14        0.059999       -0.000581       -0.062924
     C   14       -0.000581       -0.068321       -0.026824
     C   14       -0.062924       -0.026824        0.008322

     H   15       -0.000000        0.000000        0.000000
     H   15        0.000000        0.000000        0.000000
     H   15        0.000000        0.000000        0.000000

     C   16       -0.016040       -0.131255       -0.095791
     C   16       -0.131255        0.049317       -0.057414
     C   16       -0.095791       -0.057414       -0.033276

     C   17       -0.047360       -0.071155       -0.044090
     C   17       -0.071155        0.069256        0.039066
     C   17       -0.044090        0.039066       -0.021896

     Cl  18        0.716816        0.636835       -0.491399
     Cl  18        0.636835        1.785462       -0.645275
     Cl  18       -0.491399       -0.645275       -2.502278

     H   19       -0.000000        0.000000        0.000000
     H   19        0.000000        0.000000        0.000000
     H   19        0.000000        0.000000        0.000000

     C   20       -0.064400       -0.041459       -0.032020
     C   20       -0.041459       -0.118423        0.079257
     C   20       -0.032020        0.079257        0.182822

     H   21       -0.000000        0.000000        0.000000
     H   21        0.000000        0.000000        0.000000
     H   21        0.000000        0.000000        0.000000

     C   22       -0.063758       -0.084786       -0.116721
     C   22       -0.084786       -0.042339        0.130958
     C   22       -0.116721        0.130958        0.106097

     C   23        0.127095        0.179534       -0.142181
     C   23        0.179534       -0.058213        0.073772
     C   23       -0.142181        0.073772       -0.068882

     Cl  24        1.307963        1.989150       -0.493759
     Cl  24        1.989150       -0.121896        0.047438
     Cl  24       -0.493759        0.047438       -1.186067

     ----- total EFG -----
     Cl   1        0.509991       -1.565212        1.190180
     Cl   1       -1.565212       -1.043949        0.463010
     Cl   1        1.190180        0.463010        0.533958

     C    2        0.142926       -0.325598       -0.325148
     C    2       -0.325598       -0.062706       -0.171196
     C    2       -0.325148       -0.171196       -0.080221

     C    3       -0.121053       -0.049454       -0.127090
     C    3       -0.049454       -0.023684       -0.258689
     C    3       -0.127090       -0.258689        0.144737

     H    4        0.125860        0.182370        0.209636
     H    4        0.182370       -0.060423        0.049655
     H    4        0.209636        0.049655       -0.065437

     C    5       -0.025443        0.182848        0.032938
     C    5        0.182848       -0.213060       -0.221405
     C    5        0.032938       -0.221405        0.238503

     H    6       -0.315796       -0.028655       -0.010646
     H    6       -0.028655        0.314650        0.182593
     H    6       -0.010646        0.182593        0.001146

     H    7       -0.091151        0.215000        0.140500
     H    7        0.215000        0.294687       -0.517214
     H    7        0.140500       -0.517214       -0.203536

     C    8       -0.393843       -0.067180        0.108667
     C    8       -0.067180        0.005977        0.282991
     C    8        0.108667        0.282991        0.387866

     H    9        0.493240       -0.131355        0.337314
     H    9       -0.131355       -0.300194       -0.434392
     H    9        0.337314       -0.434392       -0.193047

     C   10       -0.186332        0.116455       -0.003735
     C   10        0.116455        0.190656        0.527944
     C   10       -0.003735        0.527944       -0.004324

     C   11       -0.279331        0.082895       -0.167951
     C   11        0.082895        0.221775       -0.057733
     C   11       -0.167951       -0.057733        0.057557

     Cl  12        0.683728        1.254858        0.342293
     Cl  12        1.254858        1.671817       -1.171012
     Cl  12        0.342293       -1.171012       -2.355546

     H   13       -0.168244       -0.093929       -0.072350
     H   13       -0.093929        0.165898        0.187543
     H   13       -0.072350        0.187543        0.002346

     C   14        0.005360        0.129435       -0.118963
     C   14        0.129435       -0.107436       -0.028124
     C   14       -0.118963       -0.028124        0.102076

     H   15        0.199686        0.373948        0.288927
     H   15        0.373948       -0.332065        0.040590
     H   15        0.288927        0.040590        0.132379

     C   16        0.082822       -0.394813       -0.198128
     C   16       -0.394813        0.029039       -0.268548
     C   16       -0.198128       -0.268548       -0.111860

     C   17       -0.338144       -0.069560       -0.064905
     C   17       -0.069560        0.305690        0.107544
     C   17       -0.064905        0.107544        0.032454

     Cl  18        0.771455        0.564176       -0.500417
     Cl  18        0.564176        1.919857       -0.683580
     Cl  18       -0.500417       -0.683580       -2.691312

     H   19       -0.025466       -0.066335       -0.055375
     H   19       -0.066335        0.361639       -0.432633
     H   19       -0.055375       -0.432633       -0.336172

     C   20       -0.125868       -0.047496        0.020730
     C   20       -0.047496       -0.356913        0.181422
     C   20        0.020730        0.181422        0.482781

     H   21        0.400576       -0.171629        0.112263
     H   21       -0.171629       -0.276058       -0.145067
     H   21        0.112263       -0.145067       -0.124518

     C   22       -0.135716       -0.157588       -0.208812
     C   22       -0.157588       -0.092046        0.213881
     C   22       -0.208812        0.213881        0.227762

     C   23        0.206813        0.516081       -0.318935
     C   23        0.516081       -0.158494        0.173345
     C   23       -0.318935        0.173345       -0.048319

     Cl  24        1.392738        2.108725       -0.545665
     Cl  24        2.108725       -0.149283        0.049190
     Cl  24       -0.545665        0.049190       -1.243454

     ----- total EFG (symmetrized) -----
     Cl   1        0.509991       -1.565212        1.190180
     Cl   1       -1.565212       -1.043949        0.463010
     Cl   1        1.190180        0.463010        0.533958

     C    2        0.142926       -0.325598       -0.325148
     C    2       -0.325598       -0.062706       -0.171196
     C    2       -0.325148       -0.171196       -0.080221

     C    3       -0.121053       -0.049454       -0.127090
     C    3       -0.049454       -0.023684       -0.258689
     C    3       -0.127090       -0.258689        0.144737

     H    4        0.125860        0.182370        0.209636
     H    4        0.182370       -0.060423        0.049655
     H    4        0.209636        0.049655       -0.065437

     C    5       -0.025443        0.182848        0.032938
     C    5        0.182848       -0.213060       -0.221405
     C    5        0.032938       -0.221405        0.238503

     H    6       -0.315796       -0.028655       -0.010646
     H    6       -0.028655        0.314650        0.182593
     H    6       -0.010646        0.182593        0.001146

     H    7       -0.091151        0.215000        0.140500
     H    7        0.215000        0.294687       -0.517214
     H    7        0.140500       -0.517214       -0.203536

     C    8       -0.393843       -0.067180        0.108667
     C    8       -0.067180        0.005977        0.282991
     C    8        0.108667        0.282991        0.387866

     H    9        0.493240       -0.131355        0.337314
     H    9       -0.131355       -0.300194       -0.434392
     H    9        0.337314       -0.434392       -0.193047

     C   10       -0.186332        0.116455       -0.003735
     C   10        0.116455        0.190656        0.527944
     C   10       -0.003735        0.527944       -0.004324

     C   11       -0.279331        0.082895       -0.167951
     C   11        0.082895        0.221775       -0.057733
     C   11       -0.167951       -0.057733        0.057557

     Cl  12        0.683728        1.254858        0.342293
     Cl  12        1.254858        1.671817       -1.171012
     Cl  12        0.342293       -1.171012       -2.355546

     H   13       -0.168244       -0.093929       -0.072350
     H   13       -0.093929        0.165898        0.187543
     H   13       -0.072350        0.187543        0.002346

     C   14        0.005360        0.129435       -0.118963
     C   14        0.129435       -0.107436       -0.028124
     C   14       -0.118963       -0.028124        0.102076

     H   15        0.199686        0.373948        0.288927
     H   15        0.373948       -0.332065        0.040590
     H   15        0.288927        0.040590        0.132379

     C   16        0.082822       -0.394813       -0.198128
     C   16       -0.394813        0.029039       -0.268548
     C   16       -0.198128       -0.268548       -0.111860

     C   17       -0.338144       -0.069560       -0.064905
     C   17       -0.069560        0.305690        0.107544
     C   17       -0.064905        0.107544        0.032454

     Cl  18        0.771455        0.564176       -0.500417
     Cl  18        0.564176        1.919857       -0.683580
     Cl  18       -0.500417       -0.683580       -2.691312

     H   19       -0.025466       -0.066335       -0.055375
     H   19       -0.066335        0.361639       -0.432633
     H   19       -0.055375       -0.432633       -0.336172

     C   20       -0.125868       -0.047496        0.020730
     C   20       -0.047496       -0.356913        0.181422
     C   20        0.020730        0.181422        0.482781

     H   21        0.400576       -0.171629        0.112263
     H   21       -0.171629       -0.276058       -0.145067
     H   21        0.112263       -0.145067       -0.124518

     C   22       -0.135716       -0.157588       -0.208812
     C   22       -0.157588       -0.092046        0.213881
     C   22       -0.208812        0.213881        0.227762

     C   23        0.206813        0.516081       -0.318935
     C   23        0.516081       -0.158494        0.173345
     C   23       -0.318935        0.173345       -0.048319

     Cl  24        1.392738        2.108725       -0.545665
     Cl  24        2.108725       -0.149283        0.049190
     Cl  24       -0.545665        0.049190       -1.243454


     NQR/NMR SPECTROSCOPIC PARAMETERS:
     Cl   1    Vxx=    0.4120    axis=( -0.298843  0.565694  0.768559)
     Cl   1    Vyy=    1.9783    axis=( -0.778850  0.320796 -0.538965)
     Cl   1    Vzz=   -2.3903    axis=(  0.551439  0.759658 -0.344723)
     Cl   1  Q=        -8.1650 1e-30 m^2  Cq=        45.8558 MHz  eta= 0.65529

     C    2    Vxx=    0.0997    axis=( -0.018267 -0.707713  0.706264)
     C    2    Vyy=    0.4491    axis=(  0.832449 -0.402025 -0.381319)
     C    2    Vzz=   -0.5488    axis=(  0.553800  0.580964  0.596479)
     C    2  Q=         1.0000 1e-30 m^2  Cq=        -1.2896 MHz  eta= 0.63656

     C    3    Vxx=   -0.0525    axis=(  0.801475 -0.557917 -0.215329)
     C    3    Vyy=   -0.2924    axis=(  0.574974  0.619882  0.533995)
     C    3    Vzz=    0.3449    axis=( -0.164446 -0.551793  0.817608)
     C    3  Q=         1.0000 1e-30 m^2  Cq=         0.8103 MHz  eta= 0.69565

     H    4    Vxx=   -0.1114    axis=(  0.047938 -0.779830  0.624153)
     H    4    Vyy=   -0.2311    axis=( -0.613063  0.470356  0.634759)
     H    4    Vzz=    0.3425    axis=(  0.788578  0.413074  0.455537)
     H    4  Q=         1.0000 1e-30 m^2  Cq=         0.8047 MHz  eta= 0.34961

     C    5    Vxx=    0.0599    axis=(  0.887102  0.362495  0.285739)
     C    5    Vyy=    0.3338    axis=(  0.124669  0.407876 -0.904486)
     C    5    Vzz=   -0.3937    axis=( -0.444418  0.837994  0.316636)
     C    5  Q=         1.0000 1e-30 m^2  Cq=        -0.9250 MHz  eta= 0.69578

     H    6    Vxx=   -0.0827    axis=(  0.009746 -0.416926  0.908888)
     H    6    Vyy=   -0.3171    axis=( -0.999046 -0.042744 -0.008895)
     H    6    Vzz=    0.3998    axis=(  0.042558 -0.907935 -0.416945)
     H    6  Q=         1.0000 1e-30 m^2  Cq=         0.9395 MHz  eta= 0.58620

     H    7    Vxx=   -0.0055    axis=(  0.902219  0.083011  0.423215)
     H    7    Vyy=   -0.6311    axis=( -0.402242  0.515946  0.756308)
     H    7    Vzz=    0.6366    axis=( -0.155574 -0.852590  0.498886)
     H    7  Q=         1.0000 1e-30 m^2  Cq=         1.4957 MHz  eta= 0.98283

     C    8    Vxx=   -0.1035    axis=( -0.348165  0.843568 -0.408870)
     C    8    Vyy=   -0.4394    axis=(  0.934822  0.279897 -0.218552)
     C    8    Vzz=    0.5428    axis=(  0.069922  0.458313  0.886036)
     C    8  Q=         1.0000 1e-30 m^2  Cq=         1.2754 MHz  eta= 0.61881

     H    9    Vxx=   -0.0228    axis=(  0.530047  0.632831 -0.564425)
     H    9    Vyy=   -0.6990    axis=( -0.116751  0.713745  0.690607)
     H    9    Vzz=    0.7218    axis=(  0.839892 -0.300157  0.452202)
     H    9  Q=         1.0000 1e-30 m^2  Cq=         1.6959 MHz  eta= 0.93689

     C   10    Vxx=   -0.1736    axis=(  0.956159  0.095532 -0.276827)
     C   10    Vyy=   -0.4657    axis=( -0.273131  0.631904 -0.725325)
     C   10    Vzz=    0.6393    axis=( -0.105636 -0.769136 -0.630294)
     C   10  Q=         1.0000 1e-30 m^2  Cq=         1.5021 MHz  eta= 0.45685

     C   11    Vxx=    0.0788    axis=(  0.273610 -0.492232 -0.826345)
     C   11    Vyy=    0.2753    axis=(  0.259337  0.865064 -0.429428)
     C   11    Vzz=   -0.3541    axis=(  0.926219 -0.096806  0.364344)
     C   11  Q=         1.0000 1e-30 m^2  Cq=        -0.8319 MHz  eta= 0.55501

     Cl  12    Vxx=    0.1508    axis=( -0.836917  0.443086 -0.321317)
     Cl  12    Vyy=    2.6544    axis=(  0.509718  0.844828 -0.162644)
     Cl  12    Vzz=   -2.8052    axis=( -0.199393  0.299901  0.932900)
     Cl  12  Q=        -8.1650 1e-30 m^2  Cq=        53.8154 MHz  eta= 0.89249

     H   13    Vxx=   -0.1195    axis=( -0.108524 -0.570647  0.813993)
     H   13    Vyy=   -0.1980    axis=(  0.965539  0.134339  0.222907)
     H   13    Vzz=    0.3175    axis=( -0.236552  0.810133  0.536403)
     H   13  Q=         1.0000 1e-30 m^2  Cq=         0.7460 MHz  eta= 0.24734

     C   14    Vxx=   -0.0144    axis=(  0.525723  0.530647  0.664853)
     C   14    Vyy=   -0.1990    axis=( -0.593131  0.788914 -0.160655)
     C   14    Vzz=    0.2135    axis=( -0.609763 -0.309885  0.729493)
     C   14  Q=         1.0000 1e-30 m^2  Cq=         0.5015 MHz  eta= 0.86471

     H   15    Vxx=   -0.0288    axis=( -0.406157 -0.390242  0.826285)
     H   15    Vyy=   -0.5407    axis=( -0.494184  0.854394  0.160603)
     H   15    Vzz=    0.5695    axis=( -0.768647 -0.343107 -0.539869)
     H   15  Q=         1.0000 1e-30 m^2  Cq=         1.3382 MHz  eta= 0.89883

     C   16    Vxx=    0.1217    axis=( -0.465492 -0.359892  0.808576)
     C   16    Vyy=    0.4551    axis=( -0.701822  0.706710 -0.089482)
     C   16    Vzz=   -0.5769    axis=( -0.539225 -0.609129 -0.581548)
     C   16  Q=         1.0000 1e-30 m^2  Cq=        -1.3554 MHz  eta= 0.57795

     C   17    Vxx=   -0.0007    axis=( -0.106618 -0.350811  0.930357)
     C   17    Vyy=   -0.3533    axis=( -0.986359 -0.080706 -0.143468)
     C   17    Vzz=    0.3539    axis=(  0.125415 -0.932962 -0.337421)
     C   17  Q=         1.0000 1e-30 m^2  Cq=         0.8316 MHz  eta= 0.99627

     Cl  18    Vxx=    0.5521    axis=(  0.912910 -0.404351 -0.055630)
     Cl  18    Vyy=    2.2871    axis=(  0.391162  0.905651 -0.163673)
     Cl  18    Vzz=   -2.8391    axis=(  0.116563  0.127659  0.984945)
     Cl  18  Q=        -8.1650 1e-30 m^2  Cq=        54.4673 MHz  eta= 0.61111

     H   19    Vxx=   -0.0160    axis=(  0.987245 -0.008704 -0.158970)
     H   19    Vyy=   -0.5548    axis=(  0.147158  0.430963  0.890289)
     H   19    Vzz=    0.5707    axis=(  0.060761 -0.902327  0.426747)
     H   19  Q=         1.0000 1e-30 m^2  Cq=         1.3410 MHz  eta= 0.94405

     C   20    Vxx=   -0.1168    axis=(  0.983593 -0.179262  0.020235)
     C   20    Vyy=   -0.4037    axis=(  0.179635  0.962924 -0.201268)
     C   20    Vzz=    0.5205    axis=(  0.016594  0.201601  0.979327)
     C   20  Q=         1.0000 1e-30 m^2  Cq=         1.2229 MHz  eta= 0.55124

     H   21    Vxx=   -0.1010    axis=( -0.326689 -0.392263  0.859886)
     H   21    Vyy=   -0.3756    axis=(  0.129794  0.882565  0.451921)
     H   21    Vzz=    0.4766    axis=(  0.936177 -0.259245  0.237411)
     H   21  Q=         1.0000 1e-30 m^2  Cq=         1.1198 MHz  eta= 0.57617

     C   22    Vxx=   -0.1746    axis=( -0.449358  0.670897 -0.589894)
     C   22    Vyy=   -0.2743    axis=( -0.796437 -0.599969 -0.075661)
     C   22    Vzz=    0.4488    axis=( -0.404679  0.435815  0.803928)
     C   22  Q=         1.0000 1e-30 m^2  Cq=         1.0545 MHz  eta= 0.22217

     C   23    Vxx=    0.0765    axis=( -0.041286  0.532781  0.845246)
     C   23    Vyy=    0.6166    axis=( -0.828324 -0.491318  0.269232)
     C   23    Vzz=   -0.6931    axis=(  0.558726 -0.689022  0.461599)
     C   23  Q=         1.0000 1e-30 m^2  Cq=        -1.6285 MHz  eta= 0.77919

     Cl  24    Vxx=   -1.0650    axis=( -0.231343  0.487495  0.841920)
     Cl  24    Vyy=   -1.8445    axis=(  0.523747 -0.666879  0.530057)
     Cl  24    Vzz=    2.9095    axis=( -0.819859 -0.563578  0.101047)
     Cl  24  Q=        -8.1650 1e-30 m^2  Cq=       -55.8181 MHz  eta= 0.26790

     Initialization:
     gipaw_setup  :      9.16s CPU     11.20s WALL (       1 calls)

     Linear response

     Apply operators

     Induced current

     Other routines
     efg          :      9.10s CPU     11.65s WALL (       1 calls)

     General routines
     calbec       :      3.20s CPU      4.18s WALL (      16 calls)
     fft          :      1.85s CPU      3.10s WALL (      15 calls)
     ffts         :      0.02s CPU      0.03s WALL (       2 calls)
     fftw         :      3.23s CPU      4.09s WALL (     672 calls)
     davcio       :      0.02s CPU      0.32s WALL (      32 calls)

     Parallel routines
     fft_scatter  :      2.39s CPU      4.20s WALL (     689 calls)

     Plugins

     GIPAW        :     60.86s CPU     72.94s WALL (       1 calls)
