
     Program QE v.6.0 (svn rev. 13079) starts on 10Jan2017 at  8:55:36 

     This program is part of the open-source Quantum ESPRESSO suite
     for quantum simulation of materials; please cite
         "P. Giannozzi et al., J. Phys.:Condens. Matter 21 395502 (2009);
          URL http://www.quantum-espresso.org", 
     in publications or presentations arising from this work. More details at
     http://www.quantum-espresso.org/quote

     Parallel version (MPI), running on     8 processors
     R & G space division:  proc/nbgrp/npool/nimage =       8

     ***** This is GIPAW svn revision unknown      *****

     Parallelizing q-star over 1 images

     Reading data from directory:
     /users/majewski/paradichlorobenzene/pbe/9_constraint/scratch/pbe.ecut100.np8.dt60.pcl2phi-129368.save
     Message from routine read_xml_file:
     file /users/majewski/paradichlorobenzene/pbe/9_constraint/scratch/pbe.ecut100.np8.dt60.pcl2phi-129368.save not guaranteed to be safe for post-processing

   Info: using nr1, nr2, nr3 values from input

   Info: using nr1, nr2, nr3 values from input

     IMPORTANT: XC functional enforced from input :
     Exchange-correlation      =  SLA  PW   PBX  PBC ( 1  4  3  4 0 0)
     Any further DFT definition will be discarded
     Please, verify this is what you really want

               file C.pbe-n-kjpaw_psl.1.0.0.UPF: wavefunction(s)  2S 2P renormalized
               file Cl.pbe-n-kjpaw_psl.1.0.0.UPF: wavefunction(s)  3S 3P renormalized
               file H.pbe-kjpaw_psl.1.0.0.UPF: wavefunction(s)  1S renormalized

     Parallelization info
     --------------------
     sticks:   dense  smooth     PW     G-vecs:    dense   smooth      PW
     Min        3057    1223    332               144436    36536    5170
     Max        3059    1225    333               144437    36537    5171
     Sum       24467    9791   2657              1155489   292295   41363


     Subspace diagonalization in iterative solution of the eigenvalue problem:
     a serial algorithm will be used

     GIPAW projectors -----------------------------------------------
     atom=  C    l=0  rc=    1.2000  rs=    0.8000
     atom=  C    l=0  rc=    1.2000  rs=    0.8000
     atom=  C    l=1  rc=    1.4000  rs=    0.9333
     atom=  C    l=1  rc=    1.4000  rs=    0.9333
     projs nearly linearly dependent: l=1  n1,n2= 1, 2  s=  0.99951561

     atom=  Cl   l=0  rc=    1.6000  rs=    1.0667
     atom=  Cl   l=0  rc=    1.6000  rs=    1.0667
     atom=  Cl   l=1  rc=    1.6000  rs=    1.0667
     atom=  Cl   l=1  rc=    1.6000  rs=    1.0667
     atom=  Cl   l=2  rc=    1.6000  rs=    1.0667
     atom=  Cl   l=2  rc=    1.6000  rs=    1.0667
     projs nearly linearly dependent: l=2  n1,n2= 1, 2  s=  0.99993509

     atom=  H    l=0  rc=    1.0000  rs=    0.6667
     atom=  H    l=0  rc=    1.0000  rs=    0.6667
     projs nearly linearly dependent: l=0  n1,n2= 1, 2  s=  0.99968852
     -----------------------------------------------------------------

     GIPAW integrals: -------------------------------------------
     Atom  i/j   nmr_para   nmr_dia   epr_rmc  epr_para   epr_dia
       C   1 1   0.83E+03  0.17E-01  0.93E+01  0.24E+08  0.24E+03
       C   2 1   0.86E+03 -0.61E-01  0.94E+01  0.25E+08  0.25E+03
       C   2 2   0.90E+03 -0.15E+00  0.97E+01  0.26E+08  0.26E+03
       C   3 3   0.33E+01  0.34E+00  0.18E+01  0.55E+03  0.21E+02
       C   4 3   0.35E+01  0.37E+00  0.20E+01  0.59E+03  0.22E+02
       C   4 4   0.38E+01  0.39E+00  0.22E+01  0.63E+03  0.24E+02
       Cl  1 1   0.14E+04 -0.47E+00  0.84E+01  0.32E+09  0.42E+03
       Cl  2 1   0.21E+04 -0.37E+00  0.12E+02  0.49E+09  0.65E+03
       Cl  2 2   0.33E+04 -0.16E+00  0.21E+02  0.76E+09  0.10E+04
       Cl  3 3   0.21E+02  0.79E-01  0.89E+01  0.23E+05  0.13E+03
       Cl  4 3   0.24E+02  0.67E-01  0.99E+01  0.27E+05  0.15E+03
       Cl  4 4   0.28E+02  0.44E-01  0.11E+02  0.32E+05  0.18E+03
       Cl  5 5   0.77E+00  0.19E+00  0.18E+01  0.12E+03  0.22E+02
       Cl  6 5   0.80E+00  0.19E+00  0.19E+01  0.12E+03  0.23E+02
       Cl  6 6   0.83E+00  0.20E+00  0.19E+01  0.12E+03  0.23E+02
       H   1 1   0.39E+02  0.19E+00  0.29E+00  0.78E+05  0.13E+02
       H   2 1   0.41E+02  0.21E+00  0.32E+00  0.82E+05  0.14E+02
       H   2 2   0.43E+02  0.22E+00  0.36E+00  0.86E+05  0.15E+02
     ------------------------------------------------------------

     alpha_pv=     33.9728 eV

     Number of occupied bands for each k-point:
     k-point:     1    nbnd_occ=  42
     k-point:     2    nbnd_occ=  42
     k-point:     3    nbnd_occ=  42
     k-point:     4    nbnd_occ=  42
     k-point:     5    nbnd_occ=  42
     k-point:     6    nbnd_occ=  42
     k-point:     7    nbnd_occ=  42
     k-point:     8    nbnd_occ=  42
     k-point:     9    nbnd_occ=  42
     k-point:    10    nbnd_occ=  42
     k-point:    11    nbnd_occ=  42
     k-point:    12    nbnd_occ=  42
     k-point:    13    nbnd_occ=  42
     k-point:    14    nbnd_occ=  42
     k-point:    15    nbnd_occ=  42
     k-point:    16    nbnd_occ=  42


     q-space interpolation up to   110.00 Rydberg

     GIPAW job: efg                                                                             


     ELECTRIC FIELD GRADIENTS TENSORS IN Hartree/bohrradius^2:

     ----- bare term -----
     Cl   1       -0.068108        0.159601        0.114551
     Cl   1        0.159601       -0.019087        0.130430
     Cl   1        0.114551        0.130430        0.087195

     C    2       -0.243501        0.143333       -0.445670
     C    2        0.143333        0.085450       -0.343025
     C    2       -0.445670       -0.343025        0.158051

     C    3        0.001224        0.253765       -0.161586
     C    3        0.253765       -0.069194       -0.639603
     C    3       -0.161586       -0.639603        0.067970

     H    4        0.058043        0.032328       -0.483420
     H    4        0.032328        0.098018        0.256630
     H    4       -0.483420        0.256630       -0.156061

     C    5       -0.403034        0.298516       -0.199328
     C    5        0.298516       -0.073218       -0.456534
     C    5       -0.199328       -0.456534        0.476251

     H    6        0.526954       -0.025870        0.014923
     H    6       -0.025870        0.019285       -0.316476
     H    6        0.014923       -0.316476       -0.546239

     H    7        0.481592        0.033862        0.010690
     H    7        0.033862       -0.206642        0.411392
     H    7        0.010690        0.411392       -0.274950

     C    8       -0.475422       -0.338113       -0.455869
     C    8       -0.338113        0.193460        0.371821
     C    8       -0.455869        0.371821        0.281962

     H    9        0.062165        0.110825       -0.385063
     H    9        0.110825        0.353815       -0.187196
     H    9       -0.385063       -0.187196       -0.415980

     C   10       -0.055770       -0.358682       -0.195673
     C   10       -0.358682       -0.176047        0.626971
     C   10       -0.195673        0.626971        0.231817

     C   11       -0.362449       -0.065265       -0.362652
     C   11       -0.065265       -0.073275        0.440841
     C   11       -0.362652        0.440841        0.435723

     Cl  12       -0.024207        0.072471       -0.025863
     Cl  12        0.072471        0.001337       -0.072602
     Cl  12       -0.025863       -0.072602        0.022870

     H   13        0.450958        0.041672       -0.201546
     H   13        0.041672        0.086703       -0.174492
     H   13       -0.201546       -0.174492       -0.537661

     C   14       -0.392936        0.341805        0.026350
     C   14        0.341805       -0.024618       -0.442069
     C   14        0.026350       -0.442069        0.417554

     H   15        0.065698        0.125846       -0.443353
     H   15        0.125846        0.052425        0.224297
     H   15       -0.443353        0.224297       -0.118123

     C   16       -0.063134       -0.033552       -0.222502
     C   16       -0.033552       -0.047422       -0.661890
     C   16       -0.222502       -0.661890        0.110556

     C   17       -0.340306        0.095566       -0.385499
     C   17        0.095566        0.016560       -0.378033
     C   17       -0.385499       -0.378033        0.323745

     Cl  18       -0.061781        0.109355       -0.022306
     Cl  18        0.109355       -0.005668       -0.005839
     Cl  18       -0.022306       -0.005839        0.067449

     H   19        0.474851        0.012062        0.131536
     H   19        0.012062       -0.006308        0.426452
     H   19        0.131536        0.426452       -0.468543

     C   20       -0.315772       -0.235040       -0.305104
     C   20       -0.235040       -0.177753        0.427429
     C   20       -0.305104        0.427429        0.493525

     H   21        0.100604        0.058223       -0.422074
     H   21        0.058223        0.358655       -0.188676
     H   21       -0.422074       -0.188676       -0.459259

     C   22       -0.238355       -0.274923       -0.285418
     C   22       -0.274923       -0.169030        0.508188
     C   22       -0.285418        0.508188        0.407385

     C   23       -0.073194        0.029686       -0.452417
     C   23        0.029686       -0.286137        0.511400
     C   23       -0.452417        0.511400        0.359330

     Cl  24        0.001643        0.028990       -0.003913
     Cl  24        0.028990       -0.010026       -0.002544
     Cl  24       -0.003913       -0.002544        0.008384

     ----- ionic term -----
     Cl   1        0.095456       -0.207660       -0.022422
     Cl   1       -0.207660        0.028640        0.025748
     Cl   1       -0.022422        0.025748       -0.124096

     C    2        0.102850       -0.250149        0.286619
     C    2       -0.250149        0.001972        0.422609
     C    2        0.286619        0.422609       -0.104822

     C    3        0.019710       -0.240793        0.217212
     C    3       -0.240793        0.099536        0.436002
     C    3        0.217212        0.436002       -0.119246

     H    4        0.500761        0.140054        0.760990
     H    4        0.140054       -0.519363        0.174029
     H    4        0.760990        0.174029        0.018601

     C    5        0.136752       -0.246153        0.292124
     C    5       -0.246153        0.013579        0.295672
     C    5        0.292124        0.295672       -0.150331

     H    6       -0.550318        0.060178        0.074227
     H    6        0.060178        0.481395        0.791247
     H    6        0.074227        0.791247        0.068923

     H    7       -0.515519       -0.136987        0.114854
     H    7       -0.136987        0.564869       -0.752338
     H    7        0.114854       -0.752338       -0.049350

     C    8        0.180037        0.210062        0.345719
     C    8        0.210062       -0.075375       -0.310484
     C    8        0.345719       -0.310484       -0.104661

     H    9        0.286763       -0.147523        0.785943
     H    9       -0.147523       -0.514872       -0.214279
     H    9        0.785943       -0.214279        0.228109

     C   10        0.046890        0.292573        0.186913
     C   10        0.292573        0.020782       -0.442961
     C   10        0.186913       -0.442961       -0.067672

     C   11        0.132302        0.227651        0.272467
     C   11        0.227651       -0.016453       -0.445870
     C   11        0.272467       -0.445870       -0.115849

     Cl  12        0.120616        0.206630        0.017961
     Cl  12        0.206630        0.008796        0.002808
     Cl  12        0.017961        0.002808       -0.129411

     H   13       -0.528325        0.056018        0.077526
     H   13        0.056018        0.164767        0.788942
     H   13        0.077526        0.788942        0.363558

     C   14        0.193105       -0.308205        0.303148
     C   14       -0.308205       -0.066706        0.266544
     C   14        0.303148        0.266544       -0.126399

     H   15        0.432297       -0.021522        0.797456
     H   15       -0.021522       -0.515538        0.078939
     H   15        0.797456        0.078939        0.083241

     C   16        0.042615       -0.326231        0.241279
     C   16       -0.326231        0.081351        0.380294
     C   16        0.241279        0.380294       -0.123966

     C   17        0.023979       -0.249102        0.375632
     C   17       -0.249102        0.066821        0.365259
     C   17        0.375632        0.365259       -0.090800

     Cl  18        0.035270       -0.225581        0.038415
     Cl  18       -0.225581        0.112294       -0.023684
     Cl  18        0.038415       -0.023684       -0.147564

     H   19       -0.524567       -0.031572        0.042614
     H   19       -0.031572        0.559023       -0.764190
     H   19        0.042614       -0.764190       -0.034456

     C   20        0.226908        0.226872        0.288225
     C   20        0.226872        0.003528       -0.311425
     C   20        0.288225       -0.311425       -0.230437

     H   21        0.432768       -0.127403        0.812954
     H   21       -0.127403       -0.525075       -0.182835
     H   21        0.812954       -0.182835        0.092307

     C   22        0.055212        0.283568        0.228095
     C   22        0.283568        0.109131       -0.434421
     C   22        0.228095       -0.434421       -0.164342

     C   23        0.064589        0.202433        0.351145
     C   23        0.202433       -0.004675       -0.464303
     C   23        0.351145       -0.464303       -0.059914

     Cl  24        0.131165        0.194988        0.007243
     Cl  24        0.194988       -0.015272       -0.001099
     Cl  24        0.007243       -0.001099       -0.115893

     ----- GIPAW term -----
     Cl   1        0.636327       -0.414571        1.371589
     Cl   1       -0.414571       -0.055578        1.576833
     Cl   1        1.371589        1.576833       -0.580749

     C    2        0.090684        0.038754       -0.034904
     C    2        0.038754        0.056499       -0.003229
     C    2       -0.034904       -0.003229       -0.147183

     C    3       -0.103419        0.085470       -0.047725
     C    3        0.085470        0.178651       -0.198164
     C    3       -0.047725       -0.198164       -0.075232

     H    4       -0.000000        0.000000        0.000000
     H    4        0.000000        0.000000        0.000000
     H    4        0.000000        0.000000        0.000000

     C    5       -0.147734        0.047012       -0.027783
     C    5        0.047012       -0.058367       -0.210721
     C    5       -0.027783       -0.210721        0.206101

     H    6       -0.000000        0.000000        0.000000
     H    6        0.000000        0.000000        0.000000
     H    6        0.000000        0.000000        0.000000

     H    7       -0.000000        0.000000        0.000000
     H    7        0.000000        0.000000        0.000000
     H    7        0.000000        0.000000        0.000000

     C    8       -0.074145       -0.161114       -0.139190
     C    8       -0.161114        0.076739        0.148004
     C    8       -0.139190        0.148004       -0.002594

     H    9       -0.000000        0.000000        0.000000
     H    9        0.000000        0.000000        0.000000
     H    9        0.000000        0.000000        0.000000

     C   10       -0.066866       -0.119509       -0.057850
     C   10       -0.119509        0.103839        0.161491
     C   10       -0.057850        0.161491       -0.036973

     C   11       -0.036916        0.115696       -0.088177
     C   11        0.115696       -0.051713        0.057312
     C   11       -0.088177        0.057312        0.088629

     Cl  12        1.063062        2.581612       -0.266344
     Cl  12        2.581612        0.099897       -0.597800
     Cl  12       -0.266344       -0.597800       -1.162959

     H   13       -0.000000        0.000000        0.000000
     H   13        0.000000        0.000000        0.000000
     H   13        0.000000        0.000000        0.000000

     C   14       -0.079685       -0.063573        0.133960
     C   14       -0.063573        0.013977       -0.200600
     C   14        0.133960       -0.200600        0.065708

     H   15       -0.000000        0.000000        0.000000
     H   15        0.000000        0.000000        0.000000
     H   15        0.000000        0.000000        0.000000

     C   16       -0.124563       -0.086559       -0.003804
     C   16       -0.086559        0.135377       -0.238270
     C   16       -0.003804       -0.238270       -0.010814

     C   17       -0.003002       -0.089485       -0.049472
     C   17       -0.089485        0.038299       -0.008718
     C   17       -0.049472       -0.008718       -0.035297

     Cl  18        0.826033        0.890130       -1.004152
     Cl  18        0.890130        0.958383       -1.167428
     Cl  18       -1.004152       -1.167428       -1.784415

     H   19       -0.000000        0.000000        0.000000
     H   19        0.000000        0.000000        0.000000
     H   19        0.000000        0.000000        0.000000

     C   20       -0.107837       -0.047651       -0.108369
     C   20       -0.047651       -0.138611        0.148449
     C   20       -0.108369        0.148449        0.246448

     H   21       -0.000000        0.000000        0.000000
     H   21        0.000000        0.000000        0.000000
     H   21        0.000000        0.000000        0.000000

     C   22       -0.142306       -0.058297       -0.117922
     C   22       -0.058297       -0.045225        0.196121
     C   22       -0.117922        0.196121        0.187531

     C   23        0.034780        0.133344       -0.143489
     C   23        0.133344       -0.101121        0.076325
     C   23       -0.143489        0.076325        0.066342

     Cl  24        1.424237        2.448656       -0.002118
     Cl  24        2.448656        0.020168        0.004976
     Cl  24       -0.002118        0.004976       -1.444406

     ----- total EFG -----
     Cl   1        0.663675       -0.462631        1.463717
     Cl   1       -0.462631       -0.046025        1.733011
     Cl   1        1.463717        1.733011       -0.617650

     C    2       -0.049967       -0.068062       -0.193955
     C    2       -0.068062        0.143921        0.076355
     C    2       -0.193955        0.076355       -0.093954

     C    3       -0.082485        0.098442        0.007900
     C    3        0.098442        0.208994       -0.401765
     C    3        0.007900       -0.401765       -0.126509

     H    4        0.558804        0.172382        0.277569
     H    4        0.172382       -0.421345        0.430660
     H    4        0.277569        0.430660       -0.137459

     C    5       -0.414015        0.099375        0.065013
     C    5        0.099375       -0.118006       -0.371584
     C    5        0.065013       -0.371584        0.532021

     H    6       -0.023364        0.034308        0.089150
     H    6        0.034308        0.500680        0.474771
     H    6        0.089150        0.474771       -0.477316

     H    7       -0.033927       -0.103125        0.125544
     H    7       -0.103125        0.358227       -0.340946
     H    7        0.125544       -0.340946       -0.324300

     C    8       -0.369531       -0.289165       -0.249341
     C    8       -0.289165        0.194824        0.209341
     C    8       -0.249341        0.209341        0.174707

     H    9        0.348927       -0.036697        0.400880
     H    9       -0.036697       -0.161056       -0.401474
     H    9        0.400880       -0.401474       -0.187871

     C   10       -0.075745       -0.185619       -0.066610
     C   10       -0.185619       -0.051427        0.345502
     C   10       -0.066610        0.345502        0.127172

     C   11       -0.267063        0.278082       -0.178362
     C   11        0.278082       -0.141440        0.052284
     C   11       -0.178362        0.052284        0.408503

     Cl  12        1.159471        2.860713       -0.274246
     Cl  12        2.860713        0.110030       -0.667594
     Cl  12       -0.274246       -0.667594       -1.269501

     H   13       -0.077366        0.097690       -0.124020
     H   13        0.097690        0.251470        0.614451
     H   13       -0.124020        0.614451       -0.174104

     C   14       -0.279515       -0.029972        0.463457
     C   14       -0.029972       -0.077348       -0.376125
     C   14        0.463457       -0.376125        0.356863

     H   15        0.497995        0.104324        0.354103
     H   15        0.104324       -0.463113        0.303237
     H   15        0.354103        0.303237       -0.034882

     C   16       -0.145083       -0.446343        0.014973
     C   16       -0.446343        0.169306       -0.519867
     C   16        0.014973       -0.519867       -0.024223

     C   17       -0.319329       -0.243021       -0.059339
     C   17       -0.243021        0.121680       -0.021491
     C   17       -0.059339       -0.021491        0.197648

     Cl  18        0.799522        0.773904       -0.988042
     Cl  18        0.773904        1.065009       -1.196950
     Cl  18       -0.988042       -1.196950       -1.864531

     H   19       -0.049716       -0.019510        0.174150
     H   19       -0.019510        0.552715       -0.337739
     H   19        0.174150       -0.337739       -0.502999

     C   20       -0.196700       -0.055819       -0.125247
     C   20       -0.055819       -0.312836        0.264452
     C   20       -0.125247        0.264452        0.509537

     H   21        0.533372       -0.069180        0.390880
     H   21       -0.069180       -0.166419       -0.371512
     H   21        0.390880       -0.371512       -0.366952

     C   22       -0.325449       -0.049653       -0.175245
     C   22       -0.049653       -0.105124        0.269889
     C   22       -0.175245        0.269889        0.430573

     C   23        0.026175        0.365464       -0.244761
     C   23        0.365464       -0.391932        0.123422
     C   23       -0.244761        0.123422        0.365758

     Cl  24        1.557045        2.672635        0.001212
     Cl  24        2.672635       -0.005130        0.001333
     Cl  24        0.001212        0.001333       -1.551915

     ----- total EFG (symmetrized) -----
     Cl   1        0.663675       -0.462631        1.463717
     Cl   1       -0.462631       -0.046025        1.733011
     Cl   1        1.463717        1.733011       -0.617650

     C    2       -0.049967       -0.068062       -0.193955
     C    2       -0.068062        0.143921        0.076355
     C    2       -0.193955        0.076355       -0.093954

     C    3       -0.082485        0.098442        0.007900
     C    3        0.098442        0.208994       -0.401765
     C    3        0.007900       -0.401765       -0.126509

     H    4        0.558804        0.172382        0.277569
     H    4        0.172382       -0.421345        0.430660
     H    4        0.277569        0.430660       -0.137459

     C    5       -0.414015        0.099375        0.065013
     C    5        0.099375       -0.118006       -0.371584
     C    5        0.065013       -0.371584        0.532021

     H    6       -0.023364        0.034308        0.089150
     H    6        0.034308        0.500680        0.474771
     H    6        0.089150        0.474771       -0.477316

     H    7       -0.033927       -0.103125        0.125544
     H    7       -0.103125        0.358227       -0.340946
     H    7        0.125544       -0.340946       -0.324300

     C    8       -0.369531       -0.289165       -0.249341
     C    8       -0.289165        0.194824        0.209341
     C    8       -0.249341        0.209341        0.174707

     H    9        0.348927       -0.036697        0.400880
     H    9       -0.036697       -0.161056       -0.401474
     H    9        0.400880       -0.401474       -0.187871

     C   10       -0.075745       -0.185619       -0.066610
     C   10       -0.185619       -0.051427        0.345502
     C   10       -0.066610        0.345502        0.127172

     C   11       -0.267063        0.278082       -0.178362
     C   11        0.278082       -0.141440        0.052284
     C   11       -0.178362        0.052284        0.408503

     Cl  12        1.159471        2.860713       -0.274246
     Cl  12        2.860713        0.110030       -0.667594
     Cl  12       -0.274246       -0.667594       -1.269501

     H   13       -0.077366        0.097690       -0.124020
     H   13        0.097690        0.251470        0.614451
     H   13       -0.124020        0.614451       -0.174104

     C   14       -0.279515       -0.029972        0.463457
     C   14       -0.029972       -0.077348       -0.376125
     C   14        0.463457       -0.376125        0.356863

     H   15        0.497995        0.104324        0.354103
     H   15        0.104324       -0.463113        0.303237
     H   15        0.354103        0.303237       -0.034882

     C   16       -0.145083       -0.446343        0.014973
     C   16       -0.446343        0.169306       -0.519867
     C   16        0.014973       -0.519867       -0.024223

     C   17       -0.319329       -0.243021       -0.059339
     C   17       -0.243021        0.121680       -0.021491
     C   17       -0.059339       -0.021491        0.197648

     Cl  18        0.799522        0.773904       -0.988042
     Cl  18        0.773904        1.065009       -1.196950
     Cl  18       -0.988042       -1.196950       -1.864531

     H   19       -0.049716       -0.019510        0.174150
     H   19       -0.019510        0.552715       -0.337739
     H   19        0.174150       -0.337739       -0.502999

     C   20       -0.196700       -0.055819       -0.125247
     C   20       -0.055819       -0.312836        0.264452
     C   20       -0.125247        0.264452        0.509537

     H   21        0.533372       -0.069180        0.390880
     H   21       -0.069180       -0.166419       -0.371512
     H   21        0.390880       -0.371512       -0.366952

     C   22       -0.325449       -0.049653       -0.175245
     C   22       -0.049653       -0.105124        0.269889
     C   22       -0.175245        0.269889        0.430573

     C   23        0.026175        0.365464       -0.244761
     C   23        0.365464       -0.391932        0.123422
     C   23       -0.244761        0.123422        0.365758

     Cl  24        1.557045        2.672635        0.001212
     Cl  24        2.672635       -0.005130        0.001333
     Cl  24        0.001212        0.001333       -1.551915


     NQR/NMR SPECTROSCOPIC PARAMETERS:
     Cl   1    Vxx=    0.7961    axis=( -0.684362  0.710756  0.162707)
     Cl   1    Vyy=    1.9033    axis=( -0.612358 -0.439122 -0.657411)
     Cl   1    Vzz=   -2.6995    axis=( -0.395811 -0.549543  0.735756)
     Cl   1  Q=        -8.1650 1e-30 m^2  Cq=        51.7882 MHz  eta= 0.41015

     C    2    Vxx=    0.0316    axis=(  0.571167  0.669313 -0.475171)
     C    2    Vyy=    0.2359    axis=(  0.488150 -0.742368 -0.458911)
     C    2    Vzz=   -0.2675    axis=(  0.659907 -0.030160  0.750742)
     C    2  Q=         1.0000 1e-30 m^2  Cq=        -0.6285 MHz  eta= 0.76351

     C    3    Vxx=   -0.0813    axis=(  0.972419 -0.007106  0.233132)
     C    3    Vyy=   -0.4059    axis=( -0.189589  0.558123  0.807808)
     C    3    Vzz=    0.4873    axis=( -0.135857 -0.829728  0.541383)
     C    3  Q=         1.0000 1e-30 m^2  Cq=         1.1449 MHz  eta= 0.66625

     H    4    Vxx=   -0.0119    axis=(  0.495406 -0.521824 -0.694458)
     H    4    Vyy=   -0.7333    axis=( -0.019572 -0.805960  0.591646)
     H    4    Vzz=    0.7452    axis=( -0.868441 -0.279513 -0.409491)
     H    4  Q=         1.0000 1e-30 m^2  Cq=         1.7508 MHz  eta= 0.96815

     C    5    Vxx=   -0.2169    axis=(  0.510885  0.786909  0.346078)
     C    5    Vyy=   -0.4841    axis=(  0.859491 -0.459861 -0.223165)
     C    5    Vzz=    0.7010    axis=(  0.016463 -0.411463  0.911278)
     C    5  Q=         1.0000 1e-30 m^2  Cq=         1.6470 MHz  eta= 0.38112

     H    6    Vxx=   -0.0218    axis=(  0.990190 -0.123832  0.064730)
     H    6    Vyy=   -0.6773    axis=( -0.106505 -0.369010  0.923303)
     H    6    Vzz=    0.6992    axis=( -0.090449 -0.921139 -0.378578)
     H    6  Q=         1.0000 1e-30 m^2  Cq=         1.6428 MHz  eta= 0.93756

     H    7    Vxx=   -0.0565    axis=(  0.952810  0.295175  0.070887)
     H    7    Vyy=   -0.4792    axis=( -0.177491  0.352250  0.918922)
     H    7    Vzz=    0.5358    axis=(  0.246273 -0.888139  0.388018)
     H    7  Q=         1.0000 1e-30 m^2  Cq=         1.2589 MHz  eta= 0.78896

     C    8    Vxx=   -0.0243    axis=(  0.027431 -0.671367  0.740617)
     C    8    Vyy=   -0.5279    axis=( -0.923555 -0.300509 -0.238204)
     C    8    Vzz=    0.5522    axis=(  0.382484 -0.677466 -0.628288)
     C    8  Q=         1.0000 1e-30 m^2  Cq=         1.2975 MHz  eta= 0.91201

     H    9    Vxx=    0.0187    axis=(  0.547630  0.743884 -0.383063)
     H    9    Vyy=    0.6345    axis=(  0.788526 -0.305693  0.533647)
     H    9    Vzz=   -0.6531    axis=(  0.279872 -0.594296 -0.753979)
     H    9  Q=         1.0000 1e-30 m^2  Cq=        -1.5346 MHz  eta= 0.94284

     C   10    Vxx=   -0.0853    axis=( -0.868512  0.127181 -0.479074)
     C   10    Vyy=   -0.3636    axis=( -0.386995 -0.777908  0.495069)
     C   10    Vzz=    0.4490    axis=( -0.309712  0.615373  0.724841)
     C   10  Q=         1.0000 1e-30 m^2  Cq=         1.0549 MHz  eta= 0.61998

     C   11    Vxx=    0.0682    axis=(  0.571206  0.801668  0.176214)
     C   11    Vyy=    0.4532    axis=(  0.252182  0.032897 -0.967120)
     C   11    Vzz=   -0.5214    axis=( -0.781107  0.596863 -0.183376)
     C   11  Q=         1.0000 1e-30 m^2  Cq=        -1.2251 MHz  eta= 0.73844

     Cl  12    Vxx=   -1.2440    axis=(  0.294249 -0.156841  0.942772)
     Cl  12    Vyy=   -2.3826    axis=(  0.583426 -0.751838 -0.307170)
     Cl  12    Vzz=    3.6267    axis=( -0.756989 -0.640422  0.129722)
     Cl  12  Q=        -8.1650 1e-30 m^2  Cq=       -69.5757 MHz  eta= 0.31395

     H   13    Vxx=   -0.0344    axis=(  0.964599  0.144527 -0.220592)
     H   13    Vyy=   -0.6546    axis=( -0.263522  0.560705 -0.784962)
     H   13    Vzz=    0.6890    axis=(  0.010239  0.815305  0.578942)
     H   13  Q=         1.0000 1e-30 m^2  Cq=         1.6189 MHz  eta= 0.90024

     C   14    Vxx=   -0.1706    axis=(  0.495699  0.851381  0.171561)
     C   14    Vyy=   -0.5788    axis=( -0.777469  0.346962  0.524556)
     C   14    Vzz=    0.7494    axis=(  0.387072 -0.393405  0.833911)
     C   14  Q=         1.0000 1e-30 m^2  Cq=         1.7608 MHz  eta= 0.54474

     H   15    Vxx=   -0.0956    axis=(  0.513908 -0.454443 -0.727585)
     H   15    Vyy=   -0.6254    axis=(  0.073879  0.868449 -0.490244)
     H   15    Vzz=    0.7210    axis=( -0.854658 -0.198187 -0.479877)
     H   15  Q=         1.0000 1e-30 m^2  Cq=         1.6941 MHz  eta= 0.73484

     C   16    Vxx=   -0.1066    axis=(  0.732953 -0.085827 -0.674843)
     C   16    Vyy=   -0.6441    axis=(  0.558601  0.642106  0.525038)
     C   16    Vzz=    0.7507    axis=( -0.388258  0.761796 -0.518577)
     C   16  Q=         1.0000 1e-30 m^2  Cq=         1.7638 MHz  eta= 0.71598

     C   17    Vxx=    0.2032    axis=( -0.022975 -0.190246  0.981468)
     C   17    Vyy=    0.2301    axis=( -0.413823  0.895483  0.163892)
     C   17    Vzz=   -0.4333    axis=( -0.910068 -0.402388 -0.099302)
     C   17  Q=         1.0000 1e-30 m^2  Cq=        -1.0180 MHz  eta= 0.06197

     Cl  18    Vxx=    0.1471    axis=(  0.767424 -0.641123  0.004546)
     Cl  18    Vyy=    2.2964    axis=(  0.601921  0.718021 -0.349482)
     Cl  18    Vzz=   -2.4435    axis=(  0.220797  0.270937  0.936932)
     Cl  18  Q=        -8.1650 1e-30 m^2  Cq=        46.8773 MHz  eta= 0.87957

     H   19    Vxx=   -0.0123    axis=(  0.959774  0.167739  0.225160)
     H   19    Vyy=   -0.6459    axis=( -0.263141  0.257684  0.929707)
     H   19    Vzz=    0.6582    axis=(  0.097928 -0.951558  0.291458)
     H   19  Q=         1.0000 1e-30 m^2  Cq=         1.5464 MHz  eta= 0.96271

     C   20    Vxx=   -0.2177    axis=(  0.980743 -0.052686  0.188061)
     C   20    Vyy=   -0.3924    axis=( -0.102625 -0.958295  0.266720)
     C   20    Vzz=    0.6101    axis=( -0.166165  0.280884  0.945248)
     C   20  Q=         1.0000 1e-30 m^2  Cq=         1.4336 MHz  eta= 0.28633

     H   21    Vxx=   -0.0120    axis=(  0.400580  0.817261 -0.414271)
     H   21    Vyy=   -0.7143    axis=( -0.227402  0.526661  0.819095)
     H   21    Vzz=    0.7264    axis=(  0.887594 -0.233907  0.396817)
     H   21  Q=         1.0000 1e-30 m^2  Cq=         1.7066 MHz  eta= 0.96694

     C   22    Vxx=   -0.2145    axis=( -0.138291 -0.926468  0.350047)
     C   22    Vyy=   -0.3646    axis=( -0.970768  0.056791 -0.233206)
     C   22    Vzz=    0.5792    axis=( -0.196178  0.372065  0.907239)
     C   22  Q=         1.0000 1e-30 m^2  Cq=         1.3608 MHz  eta= 0.25923

     C   23    Vxx=    0.1573    axis=(  0.682488  0.559721  0.470024)
     C   23    Vyy=    0.4994    axis=( -0.512550 -0.091940  0.853721)
     C   23    Vzz=   -0.6567    axis=(  0.521060 -0.823565  0.224137)
     C   23  Q=         1.0000 1e-30 m^2  Cq=        -1.5431 MHz  eta= 0.52087

     Cl  24    Vxx=   -1.5519    axis=( -0.000723  0.000388  1.000000)
     Cl  24    Vyy=   -2.0085    axis=( -0.599783  0.800162 -0.000744)
     Cl  24    Vzz=    3.5604    axis=( -0.800162 -0.599784 -0.000346)
     Cl  24  Q=        -8.1650 1e-30 m^2  Cq=       -68.3043 MHz  eta= 0.12823

     Initialization:
     gipaw_setup  :      9.19s CPU     10.70s WALL (       1 calls)

     Linear response

     Apply operators

     Induced current

     Other routines
     efg          :      9.44s CPU     11.93s WALL (       1 calls)

     General routines
     calbec       :      3.28s CPU      4.42s WALL (      16 calls)
     fft          :      1.46s CPU      2.01s WALL (      15 calls)
     ffts         :      0.04s CPU      0.06s WALL (       2 calls)
     fftw         :      3.44s CPU      4.15s WALL (     672 calls)
     davcio       :      0.02s CPU      0.32s WALL (      32 calls)

     Parallel routines
     fft_scatter  :      2.22s CPU      3.28s WALL (     689 calls)

     Plugins

     GIPAW        :     60.96s CPU     70.60s WALL (       1 calls)
