
     Program QE v.6.0 (svn rev. 13079) starts on 23Dec2016 at 18:11:57 

     This program is part of the open-source Quantum ESPRESSO suite
     for quantum simulation of materials; please cite
         "P. Giannozzi et al., J. Phys.:Condens. Matter 21 395502 (2009);
          URL http://www.quantum-espresso.org", 
     in publications or presentations arising from this work. More details at
     http://www.quantum-espresso.org/quote

     Parallel version (MPI), running on     8 processors
     R & G space division:  proc/nbgrp/npool/nimage =       8

     ***** This is GIPAW svn revision unknown      *****

     Parallelizing q-star over 1 images

     Reading data from directory:
     /users/majewski/paradichlorobenzene/pbe/9_constraint/scratch/pbe.ecut100.np8.dt60.pcl2phi-129368.save
     Message from routine read_xml_file:
     file /users/majewski/paradichlorobenzene/pbe/9_constraint/scratch/pbe.ecut100.np8.dt60.pcl2phi-129368.save not guaranteed to be safe for post-processing

   Info: using nr1, nr2, nr3 values from input

   Info: using nr1, nr2, nr3 values from input

     IMPORTANT: XC functional enforced from input :
     Exchange-correlation      =  SLA  PW   PBX  PBC ( 1  4  3  4 0 0)
     Any further DFT definition will be discarded
     Please, verify this is what you really want

               file C.pbe-n-kjpaw_psl.1.0.0.UPF: wavefunction(s)  2S 2P renormalized
               file Cl.pbe-n-kjpaw_psl.1.0.0.UPF: wavefunction(s)  3S 3P renormalized
               file H.pbe-kjpaw_psl.1.0.0.UPF: wavefunction(s)  1S renormalized

     Parallelization info
     --------------------
     sticks:   dense  smooth     PW     G-vecs:    dense   smooth      PW
     Min        3057    1223    332               144436    36536    5170
     Max        3059    1225    333               144437    36537    5171
     Sum       24467    9791   2657              1155489   292295   41363


     Subspace diagonalization in iterative solution of the eigenvalue problem:
     a serial algorithm will be used

     GIPAW projectors -----------------------------------------------
     atom=  C    l=0  rc=    1.2000  rs=    0.8000
     atom=  C    l=0  rc=    1.2000  rs=    0.8000
     atom=  C    l=1  rc=    1.4000  rs=    0.9333
     atom=  C    l=1  rc=    1.4000  rs=    0.9333
     projs nearly linearly dependent: l=1  n1,n2= 1, 2  s=  0.99951561

     atom=  Cl   l=0  rc=    1.6000  rs=    1.0667
     atom=  Cl   l=0  rc=    1.6000  rs=    1.0667
     atom=  Cl   l=1  rc=    1.6000  rs=    1.0667
     atom=  Cl   l=1  rc=    1.6000  rs=    1.0667
     atom=  Cl   l=2  rc=    1.6000  rs=    1.0667
     atom=  Cl   l=2  rc=    1.6000  rs=    1.0667
     projs nearly linearly dependent: l=2  n1,n2= 1, 2  s=  0.99993509

     atom=  H    l=0  rc=    1.0000  rs=    0.6667
     atom=  H    l=0  rc=    1.0000  rs=    0.6667
     projs nearly linearly dependent: l=0  n1,n2= 1, 2  s=  0.99968852
     -----------------------------------------------------------------

     GIPAW integrals: -------------------------------------------
     Atom  i/j   nmr_para   nmr_dia   epr_rmc  epr_para   epr_dia
       C   1 1   0.83E+03  0.17E-01  0.93E+01  0.24E+08  0.24E+03
       C   2 1   0.86E+03 -0.61E-01  0.94E+01  0.25E+08  0.25E+03
       C   2 2   0.90E+03 -0.15E+00  0.97E+01  0.26E+08  0.26E+03
       C   3 3   0.33E+01  0.34E+00  0.18E+01  0.55E+03  0.21E+02
       C   4 3   0.35E+01  0.37E+00  0.20E+01  0.59E+03  0.22E+02
       C   4 4   0.38E+01  0.39E+00  0.22E+01  0.63E+03  0.24E+02
       Cl  1 1   0.14E+04 -0.47E+00  0.84E+01  0.32E+09  0.42E+03
       Cl  2 1   0.21E+04 -0.37E+00  0.12E+02  0.49E+09  0.65E+03
       Cl  2 2   0.33E+04 -0.16E+00  0.21E+02  0.76E+09  0.10E+04
       Cl  3 3   0.21E+02  0.79E-01  0.89E+01  0.23E+05  0.13E+03
       Cl  4 3   0.24E+02  0.67E-01  0.99E+01  0.27E+05  0.15E+03
       Cl  4 4   0.28E+02  0.44E-01  0.11E+02  0.32E+05  0.18E+03
       Cl  5 5   0.77E+00  0.19E+00  0.18E+01  0.12E+03  0.22E+02
       Cl  6 5   0.80E+00  0.19E+00  0.19E+01  0.12E+03  0.23E+02
       Cl  6 6   0.83E+00  0.20E+00  0.19E+01  0.12E+03  0.23E+02
       H   1 1   0.39E+02  0.19E+00  0.29E+00  0.78E+05  0.13E+02
       H   2 1   0.41E+02  0.21E+00  0.32E+00  0.82E+05  0.14E+02
       H   2 2   0.43E+02  0.22E+00  0.36E+00  0.86E+05  0.15E+02
     ------------------------------------------------------------

     alpha_pv=     34.2132 eV

     Number of occupied bands for each k-point:
     k-point:     1    nbnd_occ=  42
     k-point:     2    nbnd_occ=  42
     k-point:     3    nbnd_occ=  42
     k-point:     4    nbnd_occ=  42
     k-point:     5    nbnd_occ=  42
     k-point:     6    nbnd_occ=  42
     k-point:     7    nbnd_occ=  42
     k-point:     8    nbnd_occ=  42
     k-point:     9    nbnd_occ=  42
     k-point:    10    nbnd_occ=  42
     k-point:    11    nbnd_occ=  42
     k-point:    12    nbnd_occ=  42
     k-point:    13    nbnd_occ=  42
     k-point:    14    nbnd_occ=  42
     k-point:    15    nbnd_occ=  42
     k-point:    16    nbnd_occ=  42


     q-space interpolation up to   110.00 Rydberg

     GIPAW job: efg                                                                             


     ELECTRIC FIELD GRADIENTS TENSORS IN Hartree/bohrradius^2:

     ----- bare term -----
     Cl   1        0.318518        0.030282        0.243015
     Cl   1        0.030282        0.329702        0.378288
     Cl   1        0.243015        0.378288       -0.648220

     C    2       -0.599593        0.004545       -0.233670
     C    2        0.004545        0.010185       -0.260347
     C    2       -0.233670       -0.260347        0.589408

     C    3        0.068408        0.542095        0.097315
     C    3        0.542095       -0.555318       -0.460759
     C    3        0.097315       -0.460759        0.486910

     H    4       -0.514684       -0.248548       -0.476651
     H    4       -0.248548        0.347669       -0.257107
     H    4       -0.476651       -0.257107        0.167015

     C    5       -0.634256        0.397707       -0.444253
     C    5        0.397707        0.367679       -0.250679
     C    5       -0.444253       -0.250679        0.266578

     H    6        0.448009       -0.074469        0.165186
     H    6       -0.074469       -0.171013       -0.357112
     H    6        0.165186       -0.357112       -0.276997

     H    7        0.319623        0.276691        0.069969
     H    7        0.276691       -0.563264        0.248080
     H    7        0.069969        0.248080        0.243641

     C    8       -0.472256        0.091077       -0.257561
     C    8        0.091077       -0.035276        0.318766
     C    8       -0.257561        0.318766        0.507532

     H    9       -0.414141        0.307230       -0.459186
     H    9        0.307230        0.183023        0.130014
     H    9       -0.459186        0.130014        0.231118

     C   10       -0.091240       -0.438523        0.074863
     C   10       -0.438523       -0.509938        0.524202
     C   10        0.074863        0.524202        0.601178

     C   11       -0.178492        0.116258       -0.378713
     C   11        0.116258       -0.078413        0.517836
     C   11       -0.378713        0.517836        0.256905

     Cl  12       -0.012411       -0.145200       -0.082413
     Cl  12       -0.145200        0.045077        0.074509
     Cl  12       -0.082413        0.074509       -0.032667

     H   13        0.272770       -0.105562       -0.401111
     H   13       -0.105562        0.023704       -0.421196
     H   13       -0.401111       -0.421196       -0.296474

     C   14       -0.190732        0.328467       -0.060632
     C   14        0.328467       -0.392461       -0.367772
     C   14       -0.060632       -0.367772        0.583193

     H   15       -0.382010       -0.511184       -0.275753
     H   15       -0.511184        0.041565       -0.111220
     H   15       -0.275753       -0.111220        0.340445

     C   16       -0.294492        0.311875       -0.359595
     C   16        0.311875       -0.026939       -0.414636
     C   16       -0.359595       -0.414636        0.321431

     C   17       -0.049425        0.299030       -0.198183
     C   17        0.299030       -0.058905       -0.637384
     C   17       -0.198183       -0.637384        0.108330

     Cl  18       -0.061836        0.190429       -0.089920
     Cl  18        0.190429        0.096325       -0.116044
     Cl  18       -0.089920       -0.116044       -0.034490

     H   19        0.513666        0.027413       -0.033154
     H   19        0.027413        0.010338        0.396091
     H   19       -0.033154        0.396091       -0.524004

     C   20       -0.292721       -0.334442       -0.036574
     C   20       -0.334442       -0.251307        0.442289
     C   20       -0.036574        0.442289        0.544028

     H   21        0.104397        0.098262       -0.450763
     H   21        0.098262        0.477630        0.093495
     H   21       -0.450763        0.093495       -0.582026

     C   22       -0.248085       -0.038414       -0.171732
     C   22       -0.038414       -0.037770        0.290688
     C   22       -0.171732        0.290688        0.285855

     C   23       -0.153033       -0.308247       -0.108213
     C   23       -0.308247       -0.370275        0.384101
     C   23       -0.108213        0.384101        0.523308

     Cl  24       -0.091810        0.008263       -0.070924
     Cl  24        0.008263       -0.049414        0.115679
     Cl  24       -0.070924        0.115679        0.141225

     ----- ionic term -----
     Cl   1        0.171111       -0.163554       -0.058618
     Cl   1       -0.163554       -0.077481        0.021991
     Cl   1       -0.058618        0.021991       -0.093630

     C    2        0.296838       -0.110834        0.122055
     C    2       -0.110834       -0.110843        0.477980
     C    2        0.122055        0.477980       -0.185995

     C    3        0.211142       -0.267502        0.053538
     C    3       -0.267502        0.021113        0.476410
     C    3        0.053538        0.476410       -0.232254

     H    4        0.647845        0.363266        0.609127
     H    4        0.363266       -0.440208        0.264144
     H    4        0.609127        0.264144       -0.207637

     C    5        0.373807       -0.202669        0.152380
     C    5       -0.202669       -0.066233        0.373538
     C    5        0.152380        0.373538       -0.307574

     H    6       -0.526081        0.045375        0.045948
     H    6        0.045375        0.485996        0.799047
     H    6        0.045948        0.799047        0.040085

     H    7       -0.446372       -0.233233        0.184983
     H    7       -0.233233        0.446751       -0.728003
     H    7        0.184983       -0.728003       -0.000379

     C    8        0.253570        0.118867        0.361385
     C    8        0.118867        0.045912       -0.266579
     C    8        0.361385       -0.266579       -0.299481

     H    9        0.558845       -0.375899        0.671737
     H    9       -0.375899       -0.341579       -0.283752
     H    9        0.671737       -0.283752       -0.217265

     C   10        0.038941        0.192890        0.247113
     C   10        0.192890        0.324634       -0.367487
     C   10        0.247113       -0.367487       -0.363575

     C   11        0.039283        0.182801        0.330524
     C   11        0.182801        0.242540       -0.361875
     C   11        0.330524       -0.361875       -0.281823

     Cl  12        0.114045        0.196627        0.045758
     Cl  12        0.196627        0.034492        0.023618
     Cl  12        0.045758        0.023618       -0.148537

     H   13       -0.455562        0.242368        0.177613
     H   13        0.242368        0.452932        0.767513
     H   13        0.177613        0.767513        0.002631

     C   14        0.376451       -0.075302        0.193960
     C   14       -0.075302       -0.111458        0.380004
     C   14        0.193960        0.380004       -0.264994

     H   15        0.590836        0.421488        0.598644
     H   15        0.421488       -0.385035        0.308741
     H   15        0.598644        0.308741       -0.205801

     C   16        0.158855       -0.186084        0.064148
     C   16       -0.186084        0.067690        0.525799
     C   16        0.064148        0.525799       -0.226546

     C   17        0.245451       -0.181611        0.214327
     C   17       -0.181611        0.023395        0.449234
     C   17        0.214327        0.449234       -0.268846

     Cl  18        0.124867       -0.220030        0.001236
     Cl  18       -0.220030        0.018586       -0.000497
     Cl  18        0.001236       -0.000497       -0.143453

     H   19       -0.527808        0.005333        0.024481
     H   19        0.005333        0.547798       -0.741698
     H   19        0.024481       -0.741698       -0.019991

     C   20        0.177501        0.236665        0.329272
     C   20        0.236665        0.054844       -0.263375
     C   20        0.329272       -0.263375       -0.232345

     H   21        0.391411       -0.356954        0.723524
     H   21       -0.356954       -0.373364       -0.329603
     H   21        0.723524       -0.329603       -0.018047

     C   22        0.065424        0.227550        0.240617
     C   22        0.227550        0.192704       -0.363437
     C   22        0.240617       -0.363437       -0.258128

     C   23        0.193791        0.209261        0.261703
     C   23        0.209261        0.116759       -0.388004
     C   23        0.261703       -0.388004       -0.310550

     Cl  24        0.131727        0.238885        0.002277
     Cl  24        0.238885        0.017230       -0.003466
     Cl  24        0.002277       -0.003466       -0.148957

     ----- GIPAW term -----
     Cl   1        0.396400       -0.355805       -0.131511
     Cl   1       -0.355805        0.003489        0.231093
     Cl   1       -0.131511        0.231093       -0.399889

     C    2       -0.155836       -0.077955        0.040794
     C    2       -0.077955       -0.114687        0.032411
     C    2        0.040794        0.032411        0.270523

     C    3        0.011000        0.168063        0.155473
     C    3        0.168063       -0.112465        0.067493
     C    3        0.155473        0.067493        0.101464

     H    4       -0.000000        0.000000        0.000000
     H    4        0.000000        0.000000        0.000000
     H    4        0.000000        0.000000        0.000000

     C    5       -0.126273        0.187709       -0.079018
     C    5        0.187709        0.199475       -0.055093
     C    5       -0.079018       -0.055093       -0.073201

     H    6       -0.000000        0.000000        0.000000
     H    6        0.000000        0.000000        0.000000
     H    6        0.000000        0.000000        0.000000

     H    7       -0.000000        0.000000        0.000000
     H    7        0.000000        0.000000        0.000000
     H    7        0.000000        0.000000        0.000000

     C    8       -0.141345        0.052033        0.048545
     C    8        0.052033       -0.069421        0.150966
     C    8        0.048545        0.150966        0.210765

     H    9       -0.000000        0.000000        0.000000
     H    9        0.000000        0.000000        0.000000
     H    9        0.000000        0.000000        0.000000

     C   10       -0.037785       -0.053322        0.139027
     C   10       -0.053322       -0.166844        0.089211
     C   10        0.139027        0.089211        0.204629

     C   11        0.078701        0.164353       -0.012450
     C   11        0.164353       -0.038082        0.080447
     C   11       -0.012450        0.080447       -0.040619

     Cl  12        1.289308        0.993254       -0.660642
     Cl  12        0.993254        0.574334        0.678632
     Cl  12       -0.660642        0.678632       -1.863642

     H   13       -0.000000        0.000000        0.000000
     H   13        0.000000        0.000000        0.000000
     H   13        0.000000        0.000000        0.000000

     C   14       -0.081884        0.061349        0.076662
     C   14        0.061349       -0.200047       -0.026020
     C   14        0.076662       -0.026020        0.281931

     H   15       -0.000000        0.000000        0.000000
     H   15        0.000000        0.000000        0.000000
     H   15        0.000000        0.000000        0.000000

     C   16       -0.036783        0.131137       -0.112169
     C   16        0.131137        0.051707       -0.079010
     C   16       -0.112169       -0.079010       -0.014924

     C   17        0.037683        0.114635       -0.107509
     C   17        0.114635        0.075335       -0.189117
     C   17       -0.107509       -0.189117       -0.113018

     Cl  18        0.852609       -0.085583       -1.055085
     Cl  18       -0.085583        0.988054       -1.273293
     Cl  18       -1.055085       -1.273293       -1.840663

     H   19       -0.000000        0.000000        0.000000
     H   19        0.000000        0.000000        0.000000
     H   19        0.000000        0.000000        0.000000

     C   20       -0.114830       -0.026339        0.078589
     C   20       -0.026339       -0.149554        0.164290
     C   20        0.078589        0.164290        0.264384

     H   21       -0.000000        0.000000        0.000000
     H   21        0.000000        0.000000        0.000000
     H   21        0.000000        0.000000        0.000000

     C   22       -0.136791        0.035095        0.018133
     C   22        0.035095       -0.057933        0.105003
     C   22        0.018133        0.105003        0.194725

     C   23       -0.084260        0.041507        0.045197
     C   23        0.041507       -0.111477        0.142381
     C   23        0.045197        0.142381        0.195736

     Cl  24       -0.310504        1.818204       -0.316622
     Cl  24        1.818204       -0.327619        1.866054
     Cl  24       -0.316622        1.866054        0.638124

     ----- total EFG -----
     Cl   1        0.886029       -0.489077        0.052886
     Cl   1       -0.489077        0.255710        0.631372
     Cl   1        0.052886        0.631372       -1.141739

     C    2       -0.458591       -0.184244       -0.070821
     C    2       -0.184244       -0.215346        0.250044
     C    2       -0.070821        0.250044        0.673936

     C    3        0.290549        0.442656        0.306326
     C    3        0.442656       -0.646669        0.083144
     C    3        0.306326        0.083144        0.356120

     H    4        0.133161        0.114718        0.132476
     H    4        0.114718       -0.092538        0.007037
     H    4        0.132476        0.007037       -0.040622

     C    5       -0.386723        0.382747       -0.370891
     C    5        0.382747        0.500920        0.067766
     C    5       -0.370891        0.067766       -0.114197

     H    6       -0.078072       -0.029095        0.211133
     H    6       -0.029095        0.314984        0.441936
     H    6        0.211133        0.441936       -0.236912

     H    7       -0.126750        0.043458        0.254953
     H    7        0.043458       -0.116512       -0.479923
     H    7        0.254953       -0.479923        0.243262

     C    8       -0.360031        0.261978        0.152369
     C    8        0.261978       -0.058785        0.203153
     C    8        0.152369        0.203153        0.418817

     H    9        0.144704       -0.068669        0.212551
     H    9       -0.068669       -0.158556       -0.153738
     H    9        0.212551       -0.153738        0.013852

     C   10       -0.090084       -0.298955        0.461003
     C   10       -0.298955       -0.352148        0.245925
     C   10        0.461003        0.245925        0.442232

     C   11       -0.060508        0.463413       -0.060639
     C   11        0.463413        0.126045        0.236408
     C   11       -0.060639        0.236408       -0.065537

     Cl  12        1.390942        1.044682       -0.697296
     Cl  12        1.044682        0.653903        0.776759
     Cl  12       -0.697296        0.776759       -2.044845

     H   13       -0.182792        0.136806       -0.223498
     H   13        0.136806        0.476636        0.346317
     H   13       -0.223498        0.346317       -0.293844

     C   14        0.103836        0.314513        0.209990
     C   14        0.314513       -0.703966       -0.013788
     C   14        0.209990       -0.013788        0.600130

     H   15        0.208826       -0.089696        0.322891
     H   15       -0.089696       -0.343470        0.197522
     H   15        0.322891        0.197522        0.134644

     C   16       -0.172420        0.256928       -0.407616
     C   16        0.256928        0.092458        0.032154
     C   16       -0.407616        0.032154        0.079962

     C   17        0.233709        0.232053       -0.091365
     C   17        0.232053        0.039825       -0.377267
     C   17       -0.091365       -0.377267       -0.273534

     Cl  18        0.915640       -0.115184       -1.143769
     Cl  18       -0.115184        1.102965       -1.389835
     Cl  18       -1.143769       -1.389835       -2.018605

     H   19       -0.014141        0.032746       -0.008672
     H   19        0.032746        0.558136       -0.345607
     H   19       -0.008672       -0.345607       -0.543995

     C   20       -0.230050       -0.124116        0.371286
     C   20       -0.124116       -0.346017        0.343203
     C   20        0.371286        0.343203        0.576067

     H   21        0.495807       -0.258692        0.272761
     H   21       -0.258692        0.104266       -0.236109
     H   21        0.272761       -0.236109       -0.600073

     C   22       -0.319452        0.224232        0.087017
     C   22        0.224232        0.097000        0.032255
     C   22        0.087017        0.032255        0.222452

     C   23       -0.043501       -0.057480        0.198686
     C   23       -0.057480       -0.364992        0.138478
     C   23        0.198686        0.138478        0.408494

     Cl  24       -0.270587        2.065352       -0.385270
     Cl  24        2.065352       -0.359804        1.978268
     Cl  24       -0.385270        1.978268        0.630391

     ----- total EFG (symmetrized) -----
     Cl   1        0.886029       -0.489077        0.052886
     Cl   1       -0.489077        0.255710        0.631372
     Cl   1        0.052886        0.631372       -1.141739

     C    2       -0.458591       -0.184244       -0.070821
     C    2       -0.184244       -0.215346        0.250044
     C    2       -0.070821        0.250044        0.673936

     C    3        0.290549        0.442656        0.306326
     C    3        0.442656       -0.646669        0.083144
     C    3        0.306326        0.083144        0.356120

     H    4        0.133161        0.114718        0.132476
     H    4        0.114718       -0.092538        0.007037
     H    4        0.132476        0.007037       -0.040622

     C    5       -0.386723        0.382747       -0.370891
     C    5        0.382747        0.500920        0.067766
     C    5       -0.370891        0.067766       -0.114197

     H    6       -0.078072       -0.029095        0.211133
     H    6       -0.029095        0.314984        0.441936
     H    6        0.211133        0.441936       -0.236912

     H    7       -0.126750        0.043458        0.254953
     H    7        0.043458       -0.116512       -0.479923
     H    7        0.254953       -0.479923        0.243262

     C    8       -0.360031        0.261978        0.152369
     C    8        0.261978       -0.058785        0.203153
     C    8        0.152369        0.203153        0.418817

     H    9        0.144704       -0.068669        0.212551
     H    9       -0.068669       -0.158556       -0.153738
     H    9        0.212551       -0.153738        0.013852

     C   10       -0.090084       -0.298955        0.461003
     C   10       -0.298955       -0.352148        0.245925
     C   10        0.461003        0.245925        0.442232

     C   11       -0.060508        0.463413       -0.060639
     C   11        0.463413        0.126045        0.236408
     C   11       -0.060639        0.236408       -0.065537

     Cl  12        1.390942        1.044682       -0.697296
     Cl  12        1.044682        0.653903        0.776759
     Cl  12       -0.697296        0.776759       -2.044845

     H   13       -0.182792        0.136806       -0.223498
     H   13        0.136806        0.476636        0.346317
     H   13       -0.223498        0.346317       -0.293844

     C   14        0.103836        0.314513        0.209990
     C   14        0.314513       -0.703966       -0.013788
     C   14        0.209990       -0.013788        0.600130

     H   15        0.208826       -0.089696        0.322891
     H   15       -0.089696       -0.343470        0.197522
     H   15        0.322891        0.197522        0.134644

     C   16       -0.172420        0.256928       -0.407616
     C   16        0.256928        0.092458        0.032154
     C   16       -0.407616        0.032154        0.079962

     C   17        0.233709        0.232053       -0.091365
     C   17        0.232053        0.039825       -0.377267
     C   17       -0.091365       -0.377267       -0.273534

     Cl  18        0.915640       -0.115184       -1.143769
     Cl  18       -0.115184        1.102965       -1.389835
     Cl  18       -1.143769       -1.389835       -2.018605

     H   19       -0.014141        0.032746       -0.008672
     H   19        0.032746        0.558136       -0.345607
     H   19       -0.008672       -0.345607       -0.543995

     C   20       -0.230050       -0.124116        0.371286
     C   20       -0.124116       -0.346017        0.343203
     C   20        0.371286        0.343203        0.576067

     H   21        0.495807       -0.258692        0.272761
     H   21       -0.258692        0.104266       -0.236109
     H   21        0.272761       -0.236109       -0.600073

     C   22       -0.319452        0.224232        0.087017
     C   22        0.224232        0.097000        0.032255
     C   22        0.087017        0.032255        0.222452

     C   23       -0.043501       -0.057480        0.198686
     C   23       -0.057480       -0.364992        0.138478
     C   23        0.198686        0.138478        0.408494

     Cl  24       -0.270587        2.065352       -0.385270
     Cl  24        2.065352       -0.359804        1.978268
     Cl  24       -0.385270        1.978268        0.630391


     NQR/NMR SPECTROSCOPIC PARAMETERS:
     Cl   1    Vxx=    0.2231    axis=(  0.531542  0.760729  0.372498)
     Cl   1    Vyy=    1.1847    axis=(  0.840865 -0.526879 -0.123875)
     Cl   1    Vzz=   -1.4078    axis=( -0.102026 -0.379066  0.919728)
     Cl   1  Q=        -8.1650 1e-30 m^2  Cq=        27.0084 MHz  eta= 0.68301

     C    2    Vxx=   -0.1900    axis=( -0.492094  0.824621 -0.279005)
     C    2    Vyy=   -0.5606    axis=(  0.865144  0.498881 -0.051413)
     C    2    Vzz=    0.7506    axis=( -0.096794  0.266679  0.958912)
     C    2  Q=         1.0000 1e-30 m^2  Cq=         1.7637 MHz  eta= 0.49376

     C    3    Vxx=    0.0920    axis=( -0.587129 -0.265779  0.764618)
     C    3    Vyy=    0.7319    axis=(  0.716515  0.268901  0.643660)
     C    3    Vzz=   -0.8239    axis=( -0.376678  0.925772  0.032555)
     C    3  Q=         1.0000 1e-30 m^2  Cq=        -1.9357 MHz  eta= 0.77666

     H    4    Vxx=   -0.0727    axis=(  0.154128  0.615782 -0.772694)
     H    4    Vyy=   -0.1656    axis=( -0.491870  0.726067  0.480511)
     H    4    Vzz=    0.2383    axis=(  0.856918  0.306004  0.414792)
     H    4  Q=         1.0000 1e-30 m^2  Cq=         0.5598 MHz  eta= 0.39010

     C    5    Vxx=    0.0978    axis=( -0.439268  0.273210  0.855804)
     C    5    Vyy=    0.6498    axis=( -0.376202 -0.921024  0.100933)
     C    5    Vzz=   -0.7476    axis=(  0.815791 -0.277619  0.507359)
     C    5  Q=         1.0000 1e-30 m^2  Cq=        -1.7567 MHz  eta= 0.73835

     H    6    Vxx=   -0.0056    axis=(  0.915704 -0.294216  0.273720)
     H    6    Vyy=   -0.5641    axis=(  0.381897  0.425159 -0.820606)
     H    6    Vzz=    0.5698    axis=(  0.125061  0.855966  0.501680)
     H    6  Q=         1.0000 1e-30 m^2  Cq=         1.3387 MHz  eta= 0.98030

     H    7    Vxx=   -0.0876    axis=(  0.867733  0.494627  0.048813)
     H    7    Vyy=   -0.5357    axis=( -0.430444  0.698749  0.571373)
     H    7    Vzz=    0.6234    axis=(  0.248508 -0.516811  0.819238)
     H    7  Q=         1.0000 1e-30 m^2  Cq=         1.4646 MHz  eta= 0.71883

     C    8    Vxx=   -0.0440    axis=(  0.413365  0.775852 -0.476637)
     C    8    Vyy=   -0.5127    axis=( -0.872501  0.487252  0.036451)
     C    8    Vzz=    0.5567    axis=(  0.260523  0.400798  0.878344)
     C    8  Q=         1.0000 1e-30 m^2  Cq=         1.3080 MHz  eta= 0.84189

     H    9    Vxx=   -0.0883    axis=(  0.648488  0.540095 -0.536433)
     H    9    Vyy=   -0.2572    axis=( -0.174578  0.791436  0.585792)
     H    9    Vzz=    0.3455    axis=( -0.740936  0.286229 -0.607525)
     H    9  Q=         1.0000 1e-30 m^2  Cq=         0.8118 MHz  eta= 0.48881

     C   10    Vxx=    0.0247    axis=(  0.644507 -0.704758 -0.296524)
     C   10    Vyy=    0.7127    axis=( -0.477586 -0.068212 -0.875933)
     C   10    Vzz=   -0.7375    axis=(  0.597095  0.706161 -0.380546)
     C   10  Q=         1.0000 1e-30 m^2  Cq=        -1.7327 MHz  eta= 0.93296

     C   11    Vxx=   -0.0147    axis=( -0.469838  0.068721  0.880074)
     C   11    Vyy=   -0.5275    axis=( -0.669710  0.621759 -0.406083)
     C   11    Vzz=    0.5422    axis=( -0.575100 -0.780188 -0.246102)
     C   11  Q=         1.0000 1e-30 m^2  Cq=         1.2740 MHz  eta= 0.94576

     Cl  12    Vxx=    0.3601    axis=( -0.508602  0.765244  0.394621)
     Cl  12    Vyy=    2.1341    axis=( -0.824560 -0.564835  0.032597)
     Cl  12    Vzz=   -2.4943    axis=(  0.247840 -0.308810  0.918266)
     Cl  12  Q=        -8.1650 1e-30 m^2  Cq=        47.8513 MHz  eta= 0.71123

     H   13    Vxx=   -0.0222    axis=(  0.841653  0.132599 -0.523486)
     H   13    Vyy=   -0.5903    axis=( -0.536080  0.322025 -0.780332)
     H   13    Vzz=    0.6125    axis=(  0.065105  0.937399  0.342117)
     H   13  Q=         1.0000 1e-30 m^2  Cq=         1.4392 MHz  eta= 0.92742

     C   14    Vxx=    0.1325    axis=( -0.864365 -0.331257  0.378340)
     C   14    Vyy=    0.6843    axis=(  0.375288  0.075847  0.923800)
     C   14    Vzz=   -0.8168    axis=(  0.334711 -0.940487 -0.058758)
     C   14  Q=         1.0000 1e-30 m^2  Cq=        -1.9191 MHz  eta= 0.67566

     H   15    Vxx=   -0.0228    axis=( -0.611149  0.531935  0.586125)
     H   15    Vyy=   -0.4793    axis=(  0.314746  0.842768 -0.436666)
     H   15    Vzz=    0.5021    axis=(  0.726245  0.082388  0.682481)
     H   15  Q=         1.0000 1e-30 m^2  Cq=         1.1797 MHz  eta= 0.90929

     C   16    Vxx=    0.1178    axis=( -0.018548 -0.851729 -0.523654)
     C   16    Vyy=    0.4362    axis=( -0.620591 -0.400834  0.673943)
     C   16    Vzz=   -0.5540    axis=(  0.783915 -0.337476  0.521141)
     C   16  Q=         1.0000 1e-30 m^2  Cq=        -1.3017 MHz  eta= 0.57466

     C   17    Vxx=    0.0201    axis=(  0.742297 -0.514173  0.429676)
     C   17    Vyy=    0.5093    axis=( -0.665718 -0.638868  0.385573)
     C   17    Vzz=   -0.5294    axis=(  0.076255 -0.572252 -0.816525)
     C   17  Q=         1.0000 1e-30 m^2  Cq=        -1.2439 MHz  eta= 0.92412

     Cl  18    Vxx=    1.0893    axis=(  0.846002 -0.527836 -0.075300)
     Cl  18    Vyy=    1.7852    axis=(  0.452279  0.785233 -0.422910)
     Cl  18    Vzz=   -2.8745    axis=(  0.282355  0.323726  0.903038)
     Cl  18  Q=        -8.1650 1e-30 m^2  Cq=        55.1452 MHz  eta= 0.24208

     H   19    Vxx=   -0.0158    axis=(  0.998737 -0.047958  0.014983)
     H   19    Vyy=   -0.6434    axis=(  0.001142 -0.276457 -0.961026)
     H   19    Vzz=    0.6592    axis=(  0.050231  0.959829 -0.276053)
     H   19  Q=         1.0000 1e-30 m^2  Cq=         1.5490 MHz  eta= 0.95193

     C   20    Vxx=   -0.1612    axis=(  0.755285 -0.650809 -0.077409)
     C   20    Vyy=   -0.6292    axis=(  0.580040  0.718751 -0.383342)
     C   20    Vzz=    0.7904    axis=(  0.305120  0.244632  0.920357)
     C   20  Q=         1.0000 1e-30 m^2  Cq=         1.8571 MHz  eta= 0.59221

     H   21    Vxx=   -0.0140    axis=(  0.497674  0.859742 -0.114736)
     H   21    Vyy=   -0.7039    axis=(  0.169359 -0.226055 -0.959279)
     H   21    Vzz=    0.7178    axis=( -0.850670  0.457976 -0.258106)
     H   21  Q=         1.0000 1e-30 m^2  Cq=         1.6866 MHz  eta= 0.96107

     C   22    Vxx=    0.1458    axis=( -0.251534 -0.756294  0.603945)
     C   22    Vyy=    0.2784    axis=(  0.312691  0.527042  0.790222)
     C   22    Vzz=   -0.4242    axis=( -0.915945  0.387616  0.103918)
     C   22  Q=         1.0000 1e-30 m^2  Cq=        -0.9967 MHz  eta= 0.31253

     C   23    Vxx=   -0.0836    axis=( -0.906179  0.320733  0.275626)
     C   23    Vyy=   -0.4140    axis=(  0.264650  0.938457 -0.221945)
     C   23    Vzz=    0.4975    axis=(  0.329848  0.128178  0.935292)
     C   23  Q=         1.0000 1e-30 m^2  Cq=         1.1690 MHz  eta= 0.66399

     Cl  24    Vxx=    0.5610    axis=( -0.719485 -0.163793  0.674917)
     Cl  24    Vyy=    2.6163    axis=( -0.409505 -0.684837 -0.602747)
     Cl  24    Vzz=   -3.1773    axis=( -0.560934  0.710050 -0.425655)
     Cl  24  Q=        -8.1650 1e-30 m^2  Cq=        60.9556 MHz  eta= 0.64687

     Initialization:
     gipaw_setup  :      9.30s CPU     11.32s WALL (       1 calls)

     Linear response

     Apply operators

     Induced current

     Other routines
     efg          :      9.82s CPU     12.80s WALL (       1 calls)

     General routines
     calbec       :      3.57s CPU      5.16s WALL (      16 calls)
     fft          :      1.69s CPU      2.48s WALL (      15 calls)
     ffts         :      0.06s CPU      0.10s WALL (       2 calls)
     fftw         :      3.34s CPU      4.10s WALL (     672 calls)
     davcio       :      0.03s CPU      0.32s WALL (      32 calls)

     Parallel routines
     fft_scatter  :      2.48s CPU      3.68s WALL (     689 calls)

     Plugins

     GIPAW        :     61.68s CPU     74.98s WALL (       1 calls)
