
     Program QE v.6.0 (svn rev. 13079) starts on 10Jan2017 at  7:53:50 

     This program is part of the open-source Quantum ESPRESSO suite
     for quantum simulation of materials; please cite
         "P. Giannozzi et al., J. Phys.:Condens. Matter 21 395502 (2009);
          URL http://www.quantum-espresso.org", 
     in publications or presentations arising from this work. More details at
     http://www.quantum-espresso.org/quote

     Parallel version (MPI), running on     8 processors
     R & G space division:  proc/nbgrp/npool/nimage =       8

     ***** This is GIPAW svn revision unknown      *****

     Parallelizing q-star over 1 images

     Reading data from directory:
     /users/majewski/paradichlorobenzene/pbe/9_constraint/scratch/pbe.ecut100.np8.dt60.pcl2phi-129368.save
     Message from routine read_xml_file:
     file /users/majewski/paradichlorobenzene/pbe/9_constraint/scratch/pbe.ecut100.np8.dt60.pcl2phi-129368.save not guaranteed to be safe for post-processing

   Info: using nr1, nr2, nr3 values from input

   Info: using nr1, nr2, nr3 values from input

     IMPORTANT: XC functional enforced from input :
     Exchange-correlation      =  SLA  PW   PBX  PBC ( 1  4  3  4 0 0)
     Any further DFT definition will be discarded
     Please, verify this is what you really want

               file C.pbe-n-kjpaw_psl.1.0.0.UPF: wavefunction(s)  2S 2P renormalized
               file Cl.pbe-n-kjpaw_psl.1.0.0.UPF: wavefunction(s)  3S 3P renormalized
               file H.pbe-kjpaw_psl.1.0.0.UPF: wavefunction(s)  1S renormalized

     Parallelization info
     --------------------
     sticks:   dense  smooth     PW     G-vecs:    dense   smooth      PW
     Min        3057    1223    332               144436    36536    5170
     Max        3059    1225    333               144437    36537    5171
     Sum       24467    9791   2657              1155489   292295   41363


     Subspace diagonalization in iterative solution of the eigenvalue problem:
     a serial algorithm will be used

     GIPAW projectors -----------------------------------------------
     atom=  C    l=0  rc=    1.2000  rs=    0.8000
     atom=  C    l=0  rc=    1.2000  rs=    0.8000
     atom=  C    l=1  rc=    1.4000  rs=    0.9333
     atom=  C    l=1  rc=    1.4000  rs=    0.9333
     projs nearly linearly dependent: l=1  n1,n2= 1, 2  s=  0.99951561

     atom=  Cl   l=0  rc=    1.6000  rs=    1.0667
     atom=  Cl   l=0  rc=    1.6000  rs=    1.0667
     atom=  Cl   l=1  rc=    1.6000  rs=    1.0667
     atom=  Cl   l=1  rc=    1.6000  rs=    1.0667
     atom=  Cl   l=2  rc=    1.6000  rs=    1.0667
     atom=  Cl   l=2  rc=    1.6000  rs=    1.0667
     projs nearly linearly dependent: l=2  n1,n2= 1, 2  s=  0.99993509

     atom=  H    l=0  rc=    1.0000  rs=    0.6667
     atom=  H    l=0  rc=    1.0000  rs=    0.6667
     projs nearly linearly dependent: l=0  n1,n2= 1, 2  s=  0.99968852
     -----------------------------------------------------------------

     GIPAW integrals: -------------------------------------------
     Atom  i/j   nmr_para   nmr_dia   epr_rmc  epr_para   epr_dia
       C   1 1   0.83E+03  0.17E-01  0.93E+01  0.24E+08  0.24E+03
       C   2 1   0.86E+03 -0.61E-01  0.94E+01  0.25E+08  0.25E+03
       C   2 2   0.90E+03 -0.15E+00  0.97E+01  0.26E+08  0.26E+03
       C   3 3   0.33E+01  0.34E+00  0.18E+01  0.55E+03  0.21E+02
       C   4 3   0.35E+01  0.37E+00  0.20E+01  0.59E+03  0.22E+02
       C   4 4   0.38E+01  0.39E+00  0.22E+01  0.63E+03  0.24E+02
       Cl  1 1   0.14E+04 -0.47E+00  0.84E+01  0.32E+09  0.42E+03
       Cl  2 1   0.21E+04 -0.37E+00  0.12E+02  0.49E+09  0.65E+03
       Cl  2 2   0.33E+04 -0.16E+00  0.21E+02  0.76E+09  0.10E+04
       Cl  3 3   0.21E+02  0.79E-01  0.89E+01  0.23E+05  0.13E+03
       Cl  4 3   0.24E+02  0.67E-01  0.99E+01  0.27E+05  0.15E+03
       Cl  4 4   0.28E+02  0.44E-01  0.11E+02  0.32E+05  0.18E+03
       Cl  5 5   0.77E+00  0.19E+00  0.18E+01  0.12E+03  0.22E+02
       Cl  6 5   0.80E+00  0.19E+00  0.19E+01  0.12E+03  0.23E+02
       Cl  6 6   0.83E+00  0.20E+00  0.19E+01  0.12E+03  0.23E+02
       H   1 1   0.39E+02  0.19E+00  0.29E+00  0.78E+05  0.13E+02
       H   2 1   0.41E+02  0.21E+00  0.32E+00  0.82E+05  0.14E+02
       H   2 2   0.43E+02  0.22E+00  0.36E+00  0.86E+05  0.15E+02
     ------------------------------------------------------------

     alpha_pv=     33.9818 eV

     Number of occupied bands for each k-point:
     k-point:     1    nbnd_occ=  42
     k-point:     2    nbnd_occ=  42
     k-point:     3    nbnd_occ=  42
     k-point:     4    nbnd_occ=  42
     k-point:     5    nbnd_occ=  42
     k-point:     6    nbnd_occ=  42
     k-point:     7    nbnd_occ=  42
     k-point:     8    nbnd_occ=  42
     k-point:     9    nbnd_occ=  42
     k-point:    10    nbnd_occ=  42
     k-point:    11    nbnd_occ=  42
     k-point:    12    nbnd_occ=  42
     k-point:    13    nbnd_occ=  42
     k-point:    14    nbnd_occ=  42
     k-point:    15    nbnd_occ=  42
     k-point:    16    nbnd_occ=  42


     q-space interpolation up to   110.00 Rydberg

     GIPAW job: efg                                                                             


     ELECTRIC FIELD GRADIENTS TENSORS IN Hartree/bohrradius^2:

     ----- bare term -----
     Cl   1       -0.069031        0.155499        0.112610
     Cl   1        0.155499       -0.017409        0.131231
     Cl   1        0.112610        0.131231        0.086439

     C    2       -0.273016        0.105381       -0.414805
     C    2        0.105381        0.060090       -0.350126
     C    2       -0.414805       -0.350126        0.212925

     C    3       -0.031984        0.308769       -0.182274
     C    3        0.308769       -0.103649       -0.648897
     C    3       -0.182274       -0.648897        0.135633

     H    4       -0.001080        0.160134       -0.484852
     H    4        0.160134       -0.071571        0.163799
     H    4       -0.484852        0.163799        0.072651

     C    5       -0.460096        0.311804       -0.242917
     C    5        0.311804        0.021016       -0.454579
     C    5       -0.242917       -0.454579        0.439080

     H    6        0.531271       -0.018092       -0.062088
     H    6       -0.018092       -0.016622       -0.301014
     H    6       -0.062088       -0.301014       -0.514649

     H    7        0.426434        0.046941        0.146002
     H    7        0.046941       -0.170717        0.414168
     H    7        0.146002        0.414168       -0.255717

     C    8       -0.548154       -0.354720       -0.374559
     C    8       -0.354720        0.224864        0.387304
     C    8       -0.374559        0.387304        0.323291

     H    9        0.119926        0.086045       -0.347772
     H    9        0.086045        0.320365       -0.229024
     H    9       -0.347772       -0.229024       -0.440291

     C   10       -0.026081       -0.403623       -0.182416
     C   10       -0.403623       -0.171389        0.629386
     C   10       -0.182416        0.629386        0.197470

     C   11       -0.557832       -0.158681       -0.366714
     C   11       -0.158681        0.034171        0.224870
     C   11       -0.366714        0.224870        0.523660

     Cl  12       -0.000059        0.088341       -0.036766
     Cl  12        0.088341        0.010839       -0.051557
     Cl  12       -0.036766       -0.051557       -0.010779

     H   13        0.526171        0.005506       -0.081290
     H   13        0.005506        0.054819       -0.207721
     H   13       -0.081290       -0.207721       -0.580989

     C   14       -0.420457        0.338831       -0.022650
     C   14        0.338831       -0.025044       -0.457498
     C   14       -0.022650       -0.457498        0.445501

     H   15        0.112157        0.052878       -0.431450
     H   15        0.052878        0.139557        0.261407
     H   15       -0.431450        0.261407       -0.251715

     C   16       -0.044420       -0.010767       -0.224318
     C   16       -0.010767       -0.032768       -0.676467
     C   16       -0.224318       -0.676467        0.077187

     C   17       -0.416278        0.175113       -0.393557
     C   17        0.175113        0.120831       -0.292801
     C   17       -0.393557       -0.292801        0.295447

     Cl  18       -0.046951        0.114162       -0.029658
     Cl  18        0.114162        0.003074       -0.011932
     Cl  18       -0.029658       -0.011932        0.043876

     H   19        0.448421        0.009669        0.193030
     H   19        0.009669        0.006943        0.408321
     H   19        0.193030        0.408321       -0.455364

     C   20       -0.320223       -0.231499       -0.337034
     C   20       -0.231499       -0.121678        0.422693
     C   20       -0.337034        0.422693        0.441900

     H   21        0.138599        0.071299       -0.348931
     H   21        0.071299        0.397763       -0.153702
     H   21       -0.348931       -0.153702       -0.536362

     C   22       -0.271498       -0.288395       -0.302705
     C   22       -0.288395       -0.174566        0.437428
     C   22       -0.302705        0.437428        0.446064

     C   23       -0.106179       -0.046444       -0.360204
     C   23       -0.046444       -0.297870        0.502979
     C   23       -0.360204        0.502979        0.404049

     Cl  24       -0.005017        0.032732       -0.005348
     Cl  24        0.032732       -0.014851        0.003156
     Cl  24       -0.005348        0.003156        0.019867

     ----- ionic term -----
     Cl   1        0.091321       -0.210385       -0.018300
     Cl   1       -0.210385        0.036158        0.024766
     Cl   1       -0.018300        0.024766       -0.127479

     C    2        0.107811       -0.252005        0.286745
     C    2       -0.252005        0.006030        0.424534
     C    2        0.286745        0.424534       -0.113842

     C    3        0.089240       -0.319355        0.194324
     C    3       -0.319355        0.085849        0.393852
     C    3        0.194324        0.393852       -0.175088

     H    4        0.627648       -0.009724        0.712200
     H    4       -0.009724       -0.530125        0.083481
     H    4        0.712200        0.083481       -0.097523

     C    5        0.194293       -0.280025        0.338162
     C    5       -0.280025       -0.031248        0.284323
     C    5        0.338162        0.284323       -0.163044

     H    6       -0.544124        0.099114        0.110071
     H    6        0.099114        0.470059        0.796780
     H    6        0.110071        0.796780        0.074065

     H    7       -0.531921       -0.026564        0.042483
     H    7       -0.026564        0.611657       -0.740710
     H    7        0.042483       -0.740710       -0.079737

     C    8        0.177868        0.295151        0.274072
     C    8        0.295151       -0.018100       -0.283869
     C    8        0.274072       -0.283869       -0.159767

     H    9        0.242317       -0.090357        0.786788
     H    9       -0.090357       -0.532117       -0.163675
     H    9        0.786788       -0.163675        0.289800

     C   10        0.075664        0.351798        0.174549
     C   10        0.351798        0.002536       -0.380724
     C   10        0.174549       -0.380724       -0.078199

     C   11        0.236810        0.273553        0.316846
     C   11        0.273553       -0.102231       -0.357709
     C   11        0.316846       -0.357709       -0.134579

     Cl  12        0.142557        0.219526        0.025775
     Cl  12        0.219526       -0.005026        0.010264
     Cl  12        0.025775        0.010264       -0.137531

     H   13       -0.531103        0.009178        0.021166
     H   13        0.009178        0.285592        0.801885
     H   13        0.021166        0.801885        0.245512

     C   14        0.187264       -0.283402        0.287147
     C   14       -0.283402       -0.044915        0.284682
     C   14        0.287147        0.284682       -0.142349

     H   15        0.314443        0.054377        0.817840
     H   15        0.054377       -0.522186        0.133328
     H   15        0.817840        0.133328        0.207743

     C   16        0.011163       -0.273695        0.244381
     C   16       -0.273695        0.087038        0.392749
     C   16        0.244381        0.392749       -0.098202

     C   17        0.081620       -0.266638        0.413635
     C   17       -0.266638        0.034366        0.341566
     C   17        0.413635        0.341566       -0.115986

     Cl  18        0.051346       -0.229903        0.036530
     Cl  18       -0.229903        0.097896       -0.021107
     Cl  18        0.036530       -0.021107       -0.149241

     H   19       -0.521231       -0.022583        0.045114
     H   19       -0.022583        0.564648       -0.766583
     H   19        0.045114       -0.766583       -0.043417

     C   20        0.291816        0.264745        0.328370
     C   20        0.264745       -0.059813       -0.286881
     C   20        0.328370       -0.286881       -0.232003

     H   21        0.338485       -0.096355        0.827354
     H   21       -0.096355       -0.538635       -0.163035
     H   21        0.827354       -0.163035        0.200150

     C   22        0.073556        0.324483        0.214649
     C   22        0.324483        0.070603       -0.399839
     C   22        0.214649       -0.399839       -0.144159

     C   23        0.079268        0.264564        0.283483
     C   23        0.264564        0.010328       -0.415001
     C   23        0.283483       -0.415001       -0.089596

     Cl  24        0.129730        0.201997        0.009559
     Cl  24        0.201997       -0.008224        0.000335
     Cl  24        0.009559        0.000335       -0.121506

     ----- GIPAW term -----
     Cl   1        0.596906       -0.418892        1.364127
     Cl   1       -0.418892       -0.035462        1.609351
     Cl   1        1.364127        1.609351       -0.561445

     C    2        0.066337       -0.007844       -0.019609
     C    2       -0.007844        0.041139        0.004941
     C    2       -0.019609        0.004941       -0.107476

     C    3       -0.095940        0.110871       -0.064168
     C    3        0.110871        0.146670       -0.209427
     C    3       -0.064168       -0.209427       -0.050730

     H    4       -0.000000        0.000000        0.000000
     H    4        0.000000        0.000000        0.000000
     H    4        0.000000        0.000000        0.000000

     C    5       -0.155039        0.059554       -0.044652
     C    5        0.059554        0.002766       -0.218878
     C    5       -0.044652       -0.218878        0.152272

     H    6       -0.000000        0.000000        0.000000
     H    6        0.000000        0.000000        0.000000
     H    6        0.000000        0.000000        0.000000

     H    7       -0.000000        0.000000        0.000000
     H    7        0.000000        0.000000        0.000000
     H    7        0.000000        0.000000        0.000000

     C    8       -0.145625       -0.130357       -0.103839
     C    8       -0.130357        0.118180        0.183757
     C    8       -0.103839        0.183757        0.027445

     H    9       -0.000000        0.000000        0.000000
     H    9        0.000000        0.000000        0.000000
     H    9        0.000000        0.000000        0.000000

     C   10       -0.058245       -0.154029       -0.068443
     C   10       -0.154029        0.107295        0.179137
     C   10       -0.068443        0.179137       -0.049050

     C   11       -0.115353        0.096826       -0.085232
     C   11        0.096826       -0.012929       -0.089072
     C   11       -0.085232       -0.089072        0.128282

     Cl  12        1.274391        2.710101       -0.332452
     Cl  12        2.710101        0.170335       -0.410951
     Cl  12       -0.332452       -0.410951       -1.444726

     H   13       -0.000000        0.000000        0.000000
     H   13        0.000000        0.000000        0.000000
     H   13        0.000000        0.000000        0.000000

     C   14       -0.114036       -0.030616        0.104436
     C   14       -0.030616        0.006443       -0.213839
     C   14        0.104436       -0.213839        0.107593

     H   15       -0.000000        0.000000        0.000000
     H   15        0.000000        0.000000        0.000000
     H   15        0.000000        0.000000        0.000000

     C   16       -0.125028       -0.075595       -0.013691
     C   16       -0.075595        0.173221       -0.226831
     C   16       -0.013691       -0.226831       -0.048192

     C   17       -0.032840       -0.024492       -0.033615
     C   17       -0.024492        0.103879        0.036419
     C   17       -0.033615        0.036419       -0.071038

     Cl  18        0.827250        0.889767       -0.847924
     Cl  18        0.889767        1.200396       -1.028377
     Cl  18       -0.847924       -1.028377       -2.027645

     H   19       -0.000000        0.000000        0.000000
     H   19        0.000000        0.000000        0.000000
     H   19        0.000000        0.000000        0.000000

     C   20       -0.100581       -0.060484       -0.136324
     C   20       -0.060484       -0.117142        0.165112
     C   20       -0.136324        0.165112        0.217723

     H   21       -0.000000        0.000000        0.000000
     H   21        0.000000        0.000000        0.000000
     H   21        0.000000        0.000000        0.000000

     C   22       -0.144984       -0.055879       -0.134779
     C   22       -0.055879       -0.078543        0.158804
     C   22       -0.134779        0.158804        0.223527

     C   23        0.013555        0.120837       -0.079341
     C   23        0.120837       -0.095634        0.076373
     C   23       -0.079341        0.076373        0.082079

     Cl  24        1.364556        2.470318       -0.005977
     Cl  24        2.470318       -0.011657        0.052281
     Cl  24       -0.005977        0.052281       -1.352899

     ----- total EFG -----
     Cl   1        0.619197       -0.473777        1.458437
     Cl   1       -0.473777       -0.016712        1.765349
     Cl   1        1.458437        1.765349       -0.602485

     C    2       -0.098867       -0.154467       -0.147670
     C    2       -0.154467        0.107259        0.079350
     C    2       -0.147670        0.079350       -0.008392

     C    3       -0.038685        0.100285       -0.052118
     C    3        0.100285        0.128870       -0.464471
     C    3       -0.052118       -0.464471       -0.090185

     H    4        0.626568        0.150410        0.227349
     H    4        0.150410       -0.601696        0.247280
     H    4        0.227349        0.247280       -0.024872

     C    5       -0.420842        0.091332        0.050594
     C    5        0.091332       -0.007466       -0.389134
     C    5        0.050594       -0.389134        0.428308

     H    6       -0.012853        0.081022        0.047983
     H    6        0.081022        0.453437        0.495766
     H    6        0.047983        0.495766       -0.440584

     H    7       -0.105486        0.020377        0.188486
     H    7        0.020377        0.440940       -0.326542
     H    7        0.188486       -0.326542       -0.335454

     C    8       -0.515912       -0.189926       -0.204327
     C    8       -0.189926        0.324943        0.287192
     C    8       -0.204327        0.287192        0.190969

     H    9        0.362243       -0.004312        0.439016
     H    9       -0.004312       -0.211752       -0.392699
     H    9        0.439016       -0.392699       -0.150491

     C   10       -0.008663       -0.205854       -0.076309
     C   10       -0.205854       -0.061558        0.427798
     C   10       -0.076309        0.427798        0.070221

     C   11       -0.436375        0.211697       -0.135100
     C   11        0.211697       -0.080989       -0.221911
     C   11       -0.135100       -0.221911        0.517364

     Cl  12        1.416889        3.017967       -0.343442
     Cl  12        3.017967        0.176147       -0.452244
     Cl  12       -0.343442       -0.452244       -1.593036

     H   13       -0.004932        0.014685       -0.060123
     H   13        0.014685        0.340410        0.594164
     H   13       -0.060123        0.594164       -0.335478

     C   14       -0.347229        0.024813        0.368933
     C   14        0.024813       -0.063516       -0.386655
     C   14        0.368933       -0.386655        0.410745

     H   15        0.426600        0.107255        0.386390
     H   15        0.107255       -0.382628        0.394735
     H   15        0.386390        0.394735       -0.043971

     C   16       -0.158285       -0.360056        0.006371
     C   16       -0.360056        0.227491       -0.510549
     C   16        0.006371       -0.510549       -0.069207

     C   17       -0.367499       -0.116016       -0.013538
     C   17       -0.116016        0.259076        0.085185
     C   17       -0.013538        0.085185        0.108423

     Cl  18        0.831644        0.774026       -0.841051
     Cl  18        0.774026        1.301366       -1.061415
     Cl  18       -0.841051       -1.061415       -2.133010

     H   19       -0.072810       -0.012914        0.238144
     H   19       -0.012914        0.571591       -0.358262
     H   19        0.238144       -0.358262       -0.498781

     C   20       -0.128988       -0.027238       -0.144988
     C   20       -0.027238       -0.298632        0.300924
     C   20       -0.144988        0.300924        0.427620

     H   21        0.477085       -0.025056        0.478423
     H   21       -0.025056       -0.140873       -0.316737
     H   21        0.478423       -0.316737       -0.336212

     C   22       -0.342925       -0.019791       -0.222835
     C   22       -0.019791       -0.182506        0.196392
     C   22       -0.222835        0.196392        0.525431

     C   23       -0.013356        0.338957       -0.156063
     C   23        0.338957       -0.383175        0.164351
     C   23       -0.156063        0.164351        0.396531

     Cl  24        1.489270        2.705047       -0.001766
     Cl  24        2.705047       -0.034731        0.055772
     Cl  24       -0.001766        0.055772       -1.454538

     ----- total EFG (symmetrized) -----
     Cl   1        0.619197       -0.473777        1.458437
     Cl   1       -0.473777       -0.016712        1.765349
     Cl   1        1.458437        1.765349       -0.602485

     C    2       -0.098867       -0.154467       -0.147670
     C    2       -0.154467        0.107259        0.079350
     C    2       -0.147670        0.079350       -0.008392

     C    3       -0.038685        0.100285       -0.052118
     C    3        0.100285        0.128870       -0.464471
     C    3       -0.052118       -0.464471       -0.090185

     H    4        0.626568        0.150410        0.227349
     H    4        0.150410       -0.601696        0.247280
     H    4        0.227349        0.247280       -0.024872

     C    5       -0.420842        0.091332        0.050594
     C    5        0.091332       -0.007466       -0.389134
     C    5        0.050594       -0.389134        0.428308

     H    6       -0.012853        0.081022        0.047983
     H    6        0.081022        0.453437        0.495766
     H    6        0.047983        0.495766       -0.440584

     H    7       -0.105486        0.020377        0.188486
     H    7        0.020377        0.440940       -0.326542
     H    7        0.188486       -0.326542       -0.335454

     C    8       -0.515912       -0.189926       -0.204327
     C    8       -0.189926        0.324943        0.287192
     C    8       -0.204327        0.287192        0.190969

     H    9        0.362243       -0.004312        0.439016
     H    9       -0.004312       -0.211752       -0.392699
     H    9        0.439016       -0.392699       -0.150491

     C   10       -0.008663       -0.205854       -0.076309
     C   10       -0.205854       -0.061558        0.427798
     C   10       -0.076309        0.427798        0.070221

     C   11       -0.436375        0.211697       -0.135100
     C   11        0.211697       -0.080989       -0.221911
     C   11       -0.135100       -0.221911        0.517364

     Cl  12        1.416889        3.017967       -0.343442
     Cl  12        3.017967        0.176147       -0.452244
     Cl  12       -0.343442       -0.452244       -1.593036

     H   13       -0.004932        0.014685       -0.060123
     H   13        0.014685        0.340410        0.594164
     H   13       -0.060123        0.594164       -0.335478

     C   14       -0.347229        0.024813        0.368933
     C   14        0.024813       -0.063516       -0.386655
     C   14        0.368933       -0.386655        0.410745

     H   15        0.426600        0.107255        0.386390
     H   15        0.107255       -0.382628        0.394735
     H   15        0.386390        0.394735       -0.043971

     C   16       -0.158285       -0.360056        0.006371
     C   16       -0.360056        0.227491       -0.510549
     C   16        0.006371       -0.510549       -0.069207

     C   17       -0.367499       -0.116016       -0.013538
     C   17       -0.116016        0.259076        0.085185
     C   17       -0.013538        0.085185        0.108423

     Cl  18        0.831644        0.774026       -0.841051
     Cl  18        0.774026        1.301366       -1.061415
     Cl  18       -0.841051       -1.061415       -2.133010

     H   19       -0.072810       -0.012914        0.238144
     H   19       -0.012914        0.571591       -0.358262
     H   19        0.238144       -0.358262       -0.498781

     C   20       -0.128988       -0.027238       -0.144988
     C   20       -0.027238       -0.298632        0.300924
     C   20       -0.144988        0.300924        0.427620

     H   21        0.477085       -0.025056        0.478423
     H   21       -0.025056       -0.140873       -0.316737
     H   21        0.478423       -0.316737       -0.336212

     C   22       -0.342925       -0.019791       -0.222835
     C   22       -0.019791       -0.182506        0.196392
     C   22       -0.222835        0.196392        0.525431

     C   23       -0.013356        0.338957       -0.156063
     C   23        0.338957       -0.383175        0.164351
     C   23       -0.156063        0.164351        0.396531

     Cl  24        1.489270        2.705047       -0.001766
     Cl  24        2.705047       -0.034731        0.055772
     Cl  24       -0.001766        0.055772       -1.454538


     NQR/NMR SPECTROSCOPIC PARAMETERS:
     Cl   1    Vxx=    0.8080    axis=( -0.709264  0.692271  0.133062)
     Cl   1    Vyy=    1.9094    axis=( -0.581242 -0.467490 -0.666041)
     Cl   1    Vzz=   -2.7174    axis=( -0.398876 -0.549740  0.733951)
     Cl   1  Q=        -8.1650 1e-30 m^2  Cq=        52.1313 MHz  eta= 0.40530

     C    2    Vxx=   -0.0357    axis=(  0.201447  0.632589 -0.747830)
     C    2    Vyy=   -0.2305    axis=( -0.842821 -0.277060 -0.461400)
     C    2    Vzz=    0.2662    axis=(  0.499071 -0.723235 -0.477347)
     C    2  Q=         1.0000 1e-30 m^2  Cq=         0.6255 MHz  eta= 0.73154

     C    3    Vxx=   -0.0597    axis=(  0.979315 -0.120560  0.162505)
     C    3    Vyy=   -0.4590    axis=( -0.052407  0.624586  0.779195)
     C    3    Vzz=    0.5187    axis=( -0.195439 -0.771594  0.605348)
     C    3  Q=         1.0000 1e-30 m^2  Cq=         1.2187 MHz  eta= 0.76987

     H    4    Vxx=   -0.0384    axis=( -0.367666  0.289739  0.883670)
     H    4    Vyy=   -0.6963    axis=( -0.050450  0.942612 -0.330056)
     H    4    Vzz=    0.7347    axis=( -0.928588 -0.165932 -0.331949)
     H    4  Q=         1.0000 1e-30 m^2  Cq=         1.7263 MHz  eta= 0.89551

     C    5    Vxx=   -0.1886    axis=(  0.409989  0.786251  0.462297)
     C    5    Vyy=   -0.4678    axis=(  0.912087 -0.354747 -0.205552)
     C    5    Vzz=    0.6564    axis=( -0.002383 -0.505929  0.862572)
     C    5  Q=         1.0000 1e-30 m^2  Cq=         1.5423 MHz  eta= 0.42523

     H    6    Vxx=   -0.0252    axis=(  0.991027 -0.128047 -0.038345)
     H    6    Vyy=   -0.6613    axis=( -0.016998 -0.405274  0.914037)
     H    6    Vzz=    0.6865    axis=( -0.132580 -0.905183 -0.403814)
     H    6  Q=         1.0000 1e-30 m^2  Cq=         1.6129 MHz  eta= 0.92664

     H    7    Vxx=   -0.0293    axis=(  0.915425  0.202051  0.348099)
     H    7    Vyy=   -0.5339    axis=( -0.396123  0.299062  0.868129)
     H    7    Vzz=    0.5633    axis=(  0.071303 -0.932597  0.353806)
     H    7  Q=         1.0000 1e-30 m^2  Cq=         1.3234 MHz  eta= 0.89591

     C    8    Vxx=   -0.0341    axis=( -0.068474 -0.645052  0.761065)
     C    8    Vyy=   -0.5859    axis=( -0.969230 -0.137782 -0.203982)
     C    8    Vzz=    0.6200    axis=(  0.236440 -0.751614 -0.615769)
     C    8  Q=         1.0000 1e-30 m^2  Cq=         1.4567 MHz  eta= 0.89012

     H    9    Vxx=    0.0045    axis=(  0.520043  0.745754 -0.416421)
     H    9    Vyy=    0.6658    axis=( -0.797629  0.249623 -0.549068)
     H    9    Vzz=   -0.6703    axis=( -0.305521  0.617688  0.724650)
     H    9  Q=         1.0000 1e-30 m^2  Cq=        -1.5750 MHz  eta= 0.98651

     C   10    Vxx=   -0.0535    axis=( -0.900287 -0.035138 -0.433876)
     C   10    Vyy=   -0.4564    axis=( -0.253178 -0.768536  0.587582)
     C   10    Vzz=    0.5099    axis=( -0.354096  0.638840  0.683007)
     C   10  Q=         1.0000 1e-30 m^2  Cq=         1.1981 MHz  eta= 0.79027

     C   11    Vxx=   -0.0915    axis=(  0.366250  0.845158  0.389318)
     C   11    Vyy=   -0.5360    axis=( -0.911876  0.409315 -0.030725)
     C   11    Vzz=    0.6274    axis=( -0.185321 -0.343756  0.920591)
     C   11  Q=         1.0000 1e-30 m^2  Cq=         1.4742 MHz  eta= 0.70842

     Cl  12    Vxx=   -1.6216    axis=(  0.200014 -0.090347  0.975619)
     Cl  12    Vyy=   -2.3112    axis=( -0.606087  0.770960  0.195650)
     Cl  12    Vzz=    3.9328    axis=( -0.769839 -0.630443  0.099445)
     Cl  12  Q=        -8.1650 1e-30 m^2  Cq=       -75.4478 MHz  eta= 0.17535

     H   13    Vxx=   -0.0002    axis=(  0.995899  0.065650 -0.062249)
     H   13    Vyy=   -0.6863    axis=(  0.086816 -0.499936  0.861700)
     H   13    Vzz=    0.6865    axis=(  0.025450 -0.863571 -0.503585)
     H   13  Q=         1.0000 1e-30 m^2  Cq=         1.6129 MHz  eta= 0.99940

     C   14    Vxx=   -0.1520    axis=(  0.523693  0.822522  0.221818)
     C   14    Vyy=   -0.5686    axis=( -0.801648  0.387689  0.455035)
     C   14    Vzz=    0.7206    axis=(  0.288280 -0.416118  0.862404)
     C   14  Q=         1.0000 1e-30 m^2  Cq=         1.6932 MHz  eta= 0.57817

     H   15    Vxx=   -0.0650    axis=(  0.588576 -0.544241 -0.597813)
     H   15    Vyy=   -0.6593    axis=(  0.132465  0.794392 -0.592785)
     H   15    Vzz=    0.7243    axis=( -0.797516 -0.269710 -0.539653)
     H   15  Q=         1.0000 1e-30 m^2  Cq=         1.7019 MHz  eta= 0.82044

     C   16    Vxx=   -0.1332    axis=(  0.792878 -0.066010 -0.605795)
     C   16    Vyy=   -0.5798    axis=(  0.512323  0.610482  0.604018)
     C   16    Vzz=    0.7130    axis=( -0.329956  0.789275 -0.517855)
     C   16  Q=         1.0000 1e-30 m^2  Cq=         1.6752 MHz  eta= 0.62643

     C   17    Vxx=    0.0726    axis=(  0.071106 -0.377447  0.923297)
     C   17    Vyy=    0.3157    axis=( -0.161959  0.908988  0.384071)
     C   17    Vzz=   -0.3883    axis=( -0.984232 -0.176847  0.003504)
     C   17  Q=         1.0000 1e-30 m^2  Cq=        -0.9123 MHz  eta= 0.62628

     Cl  18    Vxx=    0.2582    axis=(  0.797001 -0.603853 -0.012287)
     Cl  18    Vyy=    2.2897    axis=(  0.574581  0.764321 -0.292696)
     Cl  18    Vzz=   -2.5479    axis=(  0.186136  0.226219  0.956127)
     Cl  18  Q=        -8.1650 1e-30 m^2  Cq=        48.8797 MHz  eta= 0.79735

     H   19    Vxx=    0.0001    axis=(  0.932349  0.206921  0.296493)
     H   19    Vyy=    0.6896    axis=( -0.111996  0.944992 -0.307323)
     H   19    Vzz=   -0.6897    axis=( -0.343775  0.253326  0.904237)
     H   19  Q=         1.0000 1e-30 m^2  Cq=        -1.6205 MHz  eta= 0.99984

     C   20    Vxx=   -0.1574    axis=(  0.974512  0.155838  0.161371)
     C   20    Vyy=   -0.4093    axis=( -0.090937  0.931995 -0.350878)
     C   20    Vzz=    0.5666    axis=( -0.205077  0.327260  0.922412)
     C   20  Q=         1.0000 1e-30 m^2  Cq=         1.3313 MHz  eta= 0.44459

     H   21    Vxx=   -0.0290    axis=(  0.360510  0.870212 -0.335801)
     H   21    Vyy=   -0.6992    axis=( -0.327130  0.455101  0.828172)
     H   21    Vzz=    0.7283    axis=(  0.873509 -0.188714  0.448742)
     H   21  Q=         1.0000 1e-30 m^2  Cq=         1.7112 MHz  eta= 0.92028

     C   22    Vxx=   -0.2258    axis=( -0.201638 -0.960593  0.191320)
     C   22    Vyy=   -0.4008    axis=( -0.953904  0.148265 -0.260929)
     C   22    Vzz=    0.6266    axis=( -0.222280  0.235114  0.946210)
     C   22  Q=         1.0000 1e-30 m^2  Cq=         1.4722 MHz  eta= 0.27934

     C   23    Vxx=    0.1789    axis=(  0.819466  0.545561  0.175610)
     C   23    Vyy=    0.4531    axis=( -0.261372  0.083049  0.961659)
     C   23    Vzz=   -0.6320    axis=(  0.510059 -0.833946  0.210650)
     C   23  Q=         1.0000 1e-30 m^2  Cq=        -1.4850 MHz  eta= 0.43399

     Cl  24    Vxx=   -1.4515    axis=( -0.048545  0.053426  0.997391)
     Cl  24    Vyy=   -2.0863    axis=( -0.601788  0.795413 -0.071898)
     Cl  24    Vzz=    3.5378    axis=( -0.797179 -0.603708 -0.006462)
     Cl  24  Q=        -8.1650 1e-30 m^2  Cq=       -67.8709 MHz  eta= 0.17945

     Initialization:
     gipaw_setup  :      9.42s CPU     11.85s WALL (       1 calls)

     Linear response

     Apply operators

     Induced current

     Other routines
     efg          :     12.42s CPU     16.95s WALL (       1 calls)

     General routines
     calbec       :      3.51s CPU      4.99s WALL (      16 calls)
     fft          :      1.99s CPU      4.04s WALL (      15 calls)
     ffts         :      0.04s CPU      0.05s WALL (       2 calls)
     fftw         :      5.24s CPU      7.34s WALL (     672 calls)
     davcio       :      0.04s CPU      0.29s WALL (      32 calls)

     Parallel routines
     fft_scatter  :      3.54s CPU      7.22s WALL (     689 calls)

     Plugins

     GIPAW        :     66.56s CPU     82.98s WALL (       1 calls)
