
     Program QE v.6.0 (svn rev. 13079) starts on 25Dec2016 at 18: 1: 3 

     This program is part of the open-source Quantum ESPRESSO suite
     for quantum simulation of materials; please cite
         "P. Giannozzi et al., J. Phys.:Condens. Matter 21 395502 (2009);
          URL http://www.quantum-espresso.org", 
     in publications or presentations arising from this work. More details at
     http://www.quantum-espresso.org/quote

     Parallel version (MPI), running on     8 processors
     R & G space division:  proc/nbgrp/npool/nimage =       8

     ***** This is GIPAW svn revision unknown      *****

     Parallelizing q-star over 1 images

     Reading data from directory:
     /users/majewski/paradichlorobenzene/pbe/9_constraint/scratch/pbe.ecut100.np8.dt60.pcl2phi-129368.save
     Message from routine read_xml_file:
     file /users/majewski/paradichlorobenzene/pbe/9_constraint/scratch/pbe.ecut100.np8.dt60.pcl2phi-129368.save not guaranteed to be safe for post-processing

   Info: using nr1, nr2, nr3 values from input

   Info: using nr1, nr2, nr3 values from input

     IMPORTANT: XC functional enforced from input :
     Exchange-correlation      =  SLA  PW   PBX  PBC ( 1  4  3  4 0 0)
     Any further DFT definition will be discarded
     Please, verify this is what you really want

               file C.pbe-n-kjpaw_psl.1.0.0.UPF: wavefunction(s)  2S 2P renormalized
               file Cl.pbe-n-kjpaw_psl.1.0.0.UPF: wavefunction(s)  3S 3P renormalized
               file H.pbe-kjpaw_psl.1.0.0.UPF: wavefunction(s)  1S renormalized

     Parallelization info
     --------------------
     sticks:   dense  smooth     PW     G-vecs:    dense   smooth      PW
     Min        3057    1223    332               144436    36536    5170
     Max        3059    1225    333               144437    36537    5171
     Sum       24467    9791   2657              1155489   292295   41363


     Subspace diagonalization in iterative solution of the eigenvalue problem:
     a serial algorithm will be used

     GIPAW projectors -----------------------------------------------
     atom=  C    l=0  rc=    1.2000  rs=    0.8000
     atom=  C    l=0  rc=    1.2000  rs=    0.8000
     atom=  C    l=1  rc=    1.4000  rs=    0.9333
     atom=  C    l=1  rc=    1.4000  rs=    0.9333
     projs nearly linearly dependent: l=1  n1,n2= 1, 2  s=  0.99951561

     atom=  Cl   l=0  rc=    1.6000  rs=    1.0667
     atom=  Cl   l=0  rc=    1.6000  rs=    1.0667
     atom=  Cl   l=1  rc=    1.6000  rs=    1.0667
     atom=  Cl   l=1  rc=    1.6000  rs=    1.0667
     atom=  Cl   l=2  rc=    1.6000  rs=    1.0667
     atom=  Cl   l=2  rc=    1.6000  rs=    1.0667
     projs nearly linearly dependent: l=2  n1,n2= 1, 2  s=  0.99993509

     atom=  H    l=0  rc=    1.0000  rs=    0.6667
     atom=  H    l=0  rc=    1.0000  rs=    0.6667
     projs nearly linearly dependent: l=0  n1,n2= 1, 2  s=  0.99968852
     -----------------------------------------------------------------

     GIPAW integrals: -------------------------------------------
     Atom  i/j   nmr_para   nmr_dia   epr_rmc  epr_para   epr_dia
       C   1 1   0.83E+03  0.17E-01  0.93E+01  0.24E+08  0.24E+03
       C   2 1   0.86E+03 -0.61E-01  0.94E+01  0.25E+08  0.25E+03
       C   2 2   0.90E+03 -0.15E+00  0.97E+01  0.26E+08  0.26E+03
       C   3 3   0.33E+01  0.34E+00  0.18E+01  0.55E+03  0.21E+02
       C   4 3   0.35E+01  0.37E+00  0.20E+01  0.59E+03  0.22E+02
       C   4 4   0.38E+01  0.39E+00  0.22E+01  0.63E+03  0.24E+02
       Cl  1 1   0.14E+04 -0.47E+00  0.84E+01  0.32E+09  0.42E+03
       Cl  2 1   0.21E+04 -0.37E+00  0.12E+02  0.49E+09  0.65E+03
       Cl  2 2   0.33E+04 -0.16E+00  0.21E+02  0.76E+09  0.10E+04
       Cl  3 3   0.21E+02  0.79E-01  0.89E+01  0.23E+05  0.13E+03
       Cl  4 3   0.24E+02  0.67E-01  0.99E+01  0.27E+05  0.15E+03
       Cl  4 4   0.28E+02  0.44E-01  0.11E+02  0.32E+05  0.18E+03
       Cl  5 5   0.77E+00  0.19E+00  0.18E+01  0.12E+03  0.22E+02
       Cl  6 5   0.80E+00  0.19E+00  0.19E+01  0.12E+03  0.23E+02
       Cl  6 6   0.83E+00  0.20E+00  0.19E+01  0.12E+03  0.23E+02
       H   1 1   0.39E+02  0.19E+00  0.29E+00  0.78E+05  0.13E+02
       H   2 1   0.41E+02  0.21E+00  0.32E+00  0.82E+05  0.14E+02
       H   2 2   0.43E+02  0.22E+00  0.36E+00  0.86E+05  0.15E+02
     ------------------------------------------------------------

     alpha_pv=     34.2091 eV

     Number of occupied bands for each k-point:
     k-point:     1    nbnd_occ=  42
     k-point:     2    nbnd_occ=  42
     k-point:     3    nbnd_occ=  42
     k-point:     4    nbnd_occ=  42
     k-point:     5    nbnd_occ=  42
     k-point:     6    nbnd_occ=  42
     k-point:     7    nbnd_occ=  42
     k-point:     8    nbnd_occ=  42
     k-point:     9    nbnd_occ=  42
     k-point:    10    nbnd_occ=  42
     k-point:    11    nbnd_occ=  42
     k-point:    12    nbnd_occ=  42
     k-point:    13    nbnd_occ=  42
     k-point:    14    nbnd_occ=  42
     k-point:    15    nbnd_occ=  42
     k-point:    16    nbnd_occ=  42


     q-space interpolation up to   110.00 Rydberg

     GIPAW job: efg                                                                             


     ELECTRIC FIELD GRADIENTS TENSORS IN Hartree/bohrradius^2:

     ----- bare term -----
     Cl   1       -0.016652       -0.123307       -0.014035
     Cl   1       -0.123307        0.064784       -0.097058
     Cl   1       -0.014035       -0.097058       -0.048132

     C    2       -0.431339        0.462751       -0.151332
     C    2        0.462751        0.019193       -0.084117
     C    2       -0.151332       -0.084117        0.412146

     C    3        0.301183        0.053335       -0.034745
     C    3        0.053335       -0.131825       -0.152424
     C    3       -0.034745       -0.152424       -0.169358

     H    4        0.130296        0.031046       -0.407306
     H    4        0.031046        0.165258        0.260421
     H    4       -0.407306        0.260421       -0.295554

     C    5       -0.321213        0.223821        0.015169
     C    5        0.223821        0.166530        0.107507
     C    5        0.015169        0.107507        0.154684

     H    6        0.490910        0.015269        0.033709
     H    6        0.015269        0.112052       -0.097143
     H    6        0.033709       -0.097143       -0.602962

     H    7        0.168772        0.452277       -0.126037
     H    7        0.452277       -0.458029        0.340879
     H    7       -0.126037        0.340879        0.289258

     C    8        0.012141       -0.304507        0.022846
     C    8       -0.304507       -0.211074        0.375514
     C    8        0.022846        0.375514        0.198933

     H    9       -0.330583        0.533633       -0.027203
     H    9        0.533633       -0.028490       -0.060495
     H    9       -0.027203       -0.060495        0.359073

     C   10       -0.542565       -0.290635       -0.277713
     C   10       -0.290635        0.204151        0.079741
     C   10       -0.277713        0.079741        0.338414

     C   11        0.049865       -0.048070       -0.193252
     C   11       -0.048070       -0.056966        0.555753
     C   11       -0.193252        0.555753        0.007101

     Cl  12       -0.265530       -0.223706       -0.014260
     Cl  12       -0.223706        0.182021       -0.082957
     Cl  12       -0.014260       -0.082957        0.083509

     H   13        0.428838        0.083237        0.035938
     H   13        0.083237       -0.626570       -0.518938
     H   13        0.035938       -0.518938        0.197732

     C   14       -0.099126       -0.188884       -0.350393
     C   14       -0.188884        0.044048       -0.489359
     C   14       -0.350393       -0.489359        0.055077

     H   15       -0.094353       -0.079116       -0.339927
     H   15       -0.079116        0.089084       -0.515494
     H   15       -0.339927       -0.515494        0.005268

     C   16       -0.565730        0.311158       -0.151539
     C   16        0.311158        0.180483       -0.206434
     C   16       -0.151539       -0.206434        0.385247

     C   17        0.008842       -0.153630       -0.295302
     C   17       -0.153630       -0.003377       -0.622501
     C   17       -0.295302       -0.622501       -0.005465

     Cl  18       -0.253918        0.188248       -0.008631
     Cl  18        0.188248        0.159086       -0.014771
     Cl  18       -0.008631       -0.014771        0.094832

     H   19        0.418061       -0.009401       -0.099799
     H   19       -0.009401       -0.590697        0.666383
     H   19       -0.099799        0.666383        0.172636

     C   20       -0.966603       -0.394403       -0.460838
     C   20       -0.394403        0.464288       -0.023383
     C   20       -0.460838       -0.023383        0.502315

     H   21       -0.453310       -0.019656       -0.355493
     H   21       -0.019656        0.177251        0.392741
     H   21       -0.355493        0.392741        0.276060

     C   22        0.118135       -0.322490       -0.014809
     C   22       -0.322490       -0.443520        0.475275
     C   22       -0.014809        0.475275        0.325385

     C   23       -0.791351       -0.411142       -0.343123
     C   23       -0.411142        0.319785        0.005822
     C   23       -0.343123        0.005822        0.471567

     Cl  24        0.025751       -0.039031        0.039197
     Cl  24       -0.039031       -0.026477       -0.029464
     Cl  24        0.039197       -0.029464        0.000726

     ----- ionic term -----
     Cl   1        0.201167       -0.238875       -0.018123
     Cl   1       -0.238875       -0.060927        0.010631
     Cl   1       -0.018123        0.010631       -0.140240

     C    2        0.228554       -0.301385        0.209532
     C    2       -0.301385       -0.035068        0.381096
     C    2        0.209532        0.381096       -0.193485

     C    3        0.153125       -0.369086        0.168844
     C    3       -0.369086        0.093951        0.374701
     C    3        0.168844        0.374701       -0.247077

     H    4        0.493886        0.244794        0.730250
     H    4        0.244794       -0.436856        0.261624
     H    4        0.730250        0.261624       -0.057031

     C    5        0.253736       -0.289402        0.322329
     C    5       -0.289402       -0.041653        0.300872
     C    5        0.322329        0.300872       -0.212083

     H    6       -0.531145        0.030679        0.057343
     H    6        0.030679        0.456073        0.793695
     H    6        0.057343        0.793695        0.075072

     H    7       -0.489872       -0.183492        0.109330
     H    7       -0.183492        0.597669       -0.712004
     H    7        0.109330       -0.712004       -0.107797

     C    8        0.354229        0.184301        0.166147
     C    8        0.184301        0.084728       -0.304720
     C    8        0.166147       -0.304720       -0.438957

     H    9        0.830922       -0.368162        0.452277
     H    9       -0.368162       -0.416037       -0.188924
     H    9        0.452277       -0.188924       -0.414885

     C   10        0.248574        0.197064        0.127953
     C   10        0.197064        0.228122       -0.361627
     C   10        0.127953       -0.361627       -0.476697

     C   11        0.265779        0.076851        0.296271
     C   11        0.076851        0.170448       -0.370317
     C   11        0.296271       -0.370317       -0.436226

     Cl  12        0.098644        0.197333        0.003717
     Cl  12        0.197333        0.063961        0.003068
     Cl  12        0.003717        0.003068       -0.162606

     H   13       -0.526968        0.055457        0.049671
     H   13        0.055457        0.477443        0.781790
     H   13        0.049671        0.781790        0.049525

     C   14        0.195503       -0.265374        0.277548
     C   14       -0.265374        0.012432        0.290035
     C   14        0.277548        0.290035       -0.207935

     H   15        0.430406        0.177143        0.772458
     H   15        0.177143       -0.491305        0.221192
     H   15        0.772458        0.221192        0.060899

     C   16        0.094658       -0.333227        0.203690
     C   16       -0.333227        0.083339        0.373239
     C   16        0.203690        0.373239       -0.177996

     C   17        0.137750       -0.236489        0.340283
     C   17       -0.236489       -0.006558        0.351181
     C   17        0.340283        0.351181       -0.131192

     Cl  18        0.108116       -0.181746        0.042823
     Cl  18       -0.181746        0.031858       -0.018116
     Cl  18        0.042823       -0.018116       -0.139973

     H   19       -0.505300       -0.146790        0.109397
     H   19       -0.146790        0.579777       -0.746023
     H   19        0.109397       -0.746023       -0.074476

     C   20        0.378777        0.161262        0.272703
     C   20        0.161262        0.038029       -0.328300
     C   20        0.272703       -0.328300       -0.416806

     H   21        0.654530       -0.323199        0.638787
     H   21       -0.323199       -0.396408       -0.241623
     H   21        0.638787       -0.241623       -0.258121

     C   22        0.190232        0.274461        0.154759
     C   22        0.274461        0.204269       -0.394895
     C   22        0.154759       -0.394895       -0.394501

     C   23        0.225221        0.189337        0.157157
     C   23        0.189337        0.169921       -0.376170
     C   23        0.157157       -0.376170       -0.395142

     Cl  24        0.139121        0.222074        0.005400
     Cl  24        0.222074        0.014977       -0.006152
     Cl  24        0.005400       -0.006152       -0.154099

     ----- GIPAW term -----
     Cl   1        0.723037       -3.090367        0.303736
     Cl   1       -3.090367        1.026510       -1.244256
     Cl   1        0.303736       -1.244256       -1.749548

     C    2       -0.061913       -0.011448        0.002992
     C    2       -0.011448        0.076711       -0.053430
     C    2        0.002992       -0.053430       -0.014798

     C    3        0.010648       -0.001672        0.000560
     C    3       -0.001672        0.028642       -0.004008
     C    3        0.000560       -0.004008       -0.039290

     H    4       -0.000000        0.000000        0.000000
     H    4        0.000000        0.000000        0.000000
     H    4        0.000000        0.000000        0.000000

     C    5       -0.027453       -0.013165        0.023302
     C    5       -0.013165        0.034226        0.008586
     C    5        0.023302        0.008586       -0.006773

     H    6       -0.000000        0.000000        0.000000
     H    6        0.000000        0.000000        0.000000
     H    6        0.000000        0.000000        0.000000

     H    7       -0.000000        0.000000        0.000000
     H    7        0.000000        0.000000        0.000000
     H    7        0.000000        0.000000        0.000000

     C    8       -0.020991       -0.160778        0.047066
     C    8       -0.160778        0.123627        0.016951
     C    8        0.047066        0.016951       -0.102637

     H    9       -0.000000        0.000000        0.000000
     H    9        0.000000        0.000000        0.000000
     H    9        0.000000        0.000000        0.000000

     C   10       -0.108980       -0.123399       -0.050400
     C   10       -0.123399        0.173730        0.000109
     C   10       -0.050400        0.000109       -0.064751

     C   11       -0.060423        0.011451        0.000834
     C   11        0.011451        0.246592       -0.051495
     C   11        0.000834       -0.051495       -0.186169

     Cl  12       -0.392919        1.223793       -0.140083
     Cl  12        1.223793        1.909381       -0.890529
     Cl  12       -0.140083       -0.890529       -1.516462

     H   13       -0.000000        0.000000        0.000000
     H   13        0.000000        0.000000        0.000000
     H   13        0.000000        0.000000        0.000000

     C   14       -0.082021       -0.120481       -0.039886
     C   14       -0.120481        0.230441       -0.085495
     C   14       -0.039886       -0.085495       -0.148420

     H   15       -0.000000        0.000000        0.000000
     H   15        0.000000        0.000000        0.000000
     H   15        0.000000        0.000000        0.000000

     C   16       -0.116797       -0.150938       -0.010340
     C   16       -0.150938        0.220075        0.000438
     C   16       -0.010340        0.000438       -0.103278

     C   17       -0.049650       -0.070833       -0.033875
     C   17       -0.070833        0.131262       -0.160488
     C   17       -0.033875       -0.160488       -0.081613

     Cl  18       -0.065754       -1.795394       -0.123256
     Cl  18       -1.795394        1.608151       -0.039298
     Cl  18       -0.123256       -0.039298       -1.542397

     H   19       -0.000000        0.000000        0.000000
     H   19        0.000000        0.000000        0.000000
     H   19        0.000000        0.000000        0.000000

     C   20       -0.231459       -0.071025       -0.025259
     C   20       -0.071025        0.211275       -0.187375
     C   20       -0.025259       -0.187375        0.020184

     H   21       -0.000000        0.000000        0.000000
     H   21        0.000000        0.000000        0.000000
     H   21        0.000000        0.000000        0.000000

     C   22       -0.092559       -0.083799        0.061654
     C   22       -0.083799        0.080473       -0.164478
     C   22        0.061654       -0.164478        0.012085

     C   23       -0.157574       -0.057289        0.015611
     C   23       -0.057289        0.150400       -0.180614
     C   23        0.015611       -0.180614        0.007174

     Cl  24       -0.123983        0.508199        0.665095
     Cl  24        0.508199        1.373741       -1.910585
     Cl  24        0.665095       -1.910585       -1.249758

     ----- total EFG -----
     Cl   1        0.907553       -3.452549        0.271578
     Cl   1       -3.452549        1.030367       -1.330682
     Cl   1        0.271578       -1.330682       -1.937919

     C    2       -0.264699        0.149918        0.061192
     C    2        0.149918        0.060836        0.243548
     C    2        0.061192        0.243548        0.203863

     C    3        0.464956       -0.317423        0.134660
     C    3       -0.317423       -0.009232        0.218270
     C    3        0.134660        0.218270       -0.455724

     H    4        0.624182        0.275840        0.322944
     H    4        0.275840       -0.271597        0.522045
     H    4        0.322944        0.522045       -0.352585

     C    5       -0.094931       -0.078746        0.360799
     C    5       -0.078746        0.159103        0.416965
     C    5        0.360799        0.416965       -0.064172

     H    6       -0.040235        0.045948        0.091052
     H    6        0.045948        0.568125        0.696552
     H    6        0.091052        0.696552       -0.527890

     H    7       -0.321100        0.268785       -0.016706
     H    7        0.268785        0.139640       -0.371125
     H    7       -0.016706       -0.371125        0.181461

     C    8        0.345379       -0.280984        0.236058
     C    8       -0.280984       -0.002719        0.087744
     C    8        0.236058        0.087744       -0.342660

     H    9        0.500339        0.165471        0.425074
     H    9        0.165471       -0.444527       -0.249419
     H    9        0.425074       -0.249419       -0.055812

     C   10       -0.402970       -0.216970       -0.200160
     C   10       -0.216970        0.606004       -0.281777
     C   10       -0.200160       -0.281777       -0.203033

     C   11        0.255221        0.040232        0.103853
     C   11        0.040232        0.360073        0.133942
     C   11        0.103853        0.133942       -0.615294

     Cl  12       -0.559805        1.197420       -0.150627
     Cl  12        1.197420        2.155364       -0.970419
     Cl  12       -0.150627       -0.970419       -1.595559

     H   13       -0.098130        0.138694        0.085609
     H   13        0.138694       -0.149127        0.262852
     H   13        0.085609        0.262852        0.247257

     C   14        0.014356       -0.574739       -0.112731
     C   14       -0.574739        0.286921       -0.284819
     C   14       -0.112731       -0.284819       -0.301278

     H   15        0.336053        0.098027        0.432531
     H   15        0.098027       -0.402221       -0.294302
     H   15        0.432531       -0.294302        0.066168

     C   16       -0.587869       -0.173006        0.041811
     C   16       -0.173006        0.483897        0.167244
     C   16        0.041811        0.167244        0.103972

     C   17        0.096942       -0.460953        0.011107
     C   17       -0.460953        0.121328       -0.431808
     C   17        0.011107       -0.431808       -0.218270

     Cl  18       -0.211556       -1.788892       -0.089065
     Cl  18       -1.788892        1.799094       -0.072185
     Cl  18       -0.089065       -0.072185       -1.587538

     H   19       -0.087239       -0.156191        0.009598
     H   19       -0.156191       -0.010920       -0.079640
     H   19        0.009598       -0.079640        0.098160

     C   20       -0.819284       -0.304166       -0.213394
     C   20       -0.304166        0.713592       -0.539058
     C   20       -0.213394       -0.539058        0.105693

     H   21        0.201219       -0.342855        0.283294
     H   21       -0.342855       -0.219158        0.151118
     H   21        0.283294        0.151118        0.017938

     C   22        0.215808       -0.131828        0.201604
     C   22       -0.131828       -0.158777       -0.084098
     C   22        0.201604       -0.084098       -0.057031

     C   23       -0.723704       -0.279094       -0.170354
     C   23       -0.279094        0.640105       -0.550962
     C   23       -0.170354       -0.550962        0.083599

     Cl  24        0.040889        0.691242        0.709691
     Cl  24        0.691242        1.362242       -1.946201
     Cl  24        0.709691       -1.946201       -1.403131

     ----- total EFG (symmetrized) -----
     Cl   1        0.907553       -3.452549        0.271578
     Cl   1       -3.452549        1.030367       -1.330682
     Cl   1        0.271578       -1.330682       -1.937919

     C    2       -0.264699        0.149918        0.061192
     C    2        0.149918        0.060836        0.243548
     C    2        0.061192        0.243548        0.203863

     C    3        0.464956       -0.317423        0.134660
     C    3       -0.317423       -0.009232        0.218270
     C    3        0.134660        0.218270       -0.455724

     H    4        0.624182        0.275840        0.322944
     H    4        0.275840       -0.271597        0.522045
     H    4        0.322944        0.522045       -0.352585

     C    5       -0.094931       -0.078746        0.360799
     C    5       -0.078746        0.159103        0.416965
     C    5        0.360799        0.416965       -0.064172

     H    6       -0.040235        0.045948        0.091052
     H    6        0.045948        0.568125        0.696552
     H    6        0.091052        0.696552       -0.527890

     H    7       -0.321100        0.268785       -0.016706
     H    7        0.268785        0.139640       -0.371125
     H    7       -0.016706       -0.371125        0.181461

     C    8        0.345379       -0.280984        0.236058
     C    8       -0.280984       -0.002719        0.087744
     C    8        0.236058        0.087744       -0.342660

     H    9        0.500339        0.165471        0.425074
     H    9        0.165471       -0.444527       -0.249419
     H    9        0.425074       -0.249419       -0.055812

     C   10       -0.402970       -0.216970       -0.200160
     C   10       -0.216970        0.606004       -0.281777
     C   10       -0.200160       -0.281777       -0.203033

     C   11        0.255221        0.040232        0.103853
     C   11        0.040232        0.360073        0.133942
     C   11        0.103853        0.133942       -0.615294

     Cl  12       -0.559805        1.197420       -0.150627
     Cl  12        1.197420        2.155364       -0.970419
     Cl  12       -0.150627       -0.970419       -1.595559

     H   13       -0.098130        0.138694        0.085609
     H   13        0.138694       -0.149127        0.262852
     H   13        0.085609        0.262852        0.247257

     C   14        0.014356       -0.574739       -0.112731
     C   14       -0.574739        0.286921       -0.284819
     C   14       -0.112731       -0.284819       -0.301278

     H   15        0.336053        0.098027        0.432531
     H   15        0.098027       -0.402221       -0.294302
     H   15        0.432531       -0.294302        0.066168

     C   16       -0.587869       -0.173006        0.041811
     C   16       -0.173006        0.483897        0.167244
     C   16        0.041811        0.167244        0.103972

     C   17        0.096942       -0.460953        0.011107
     C   17       -0.460953        0.121328       -0.431808
     C   17        0.011107       -0.431808       -0.218270

     Cl  18       -0.211556       -1.788892       -0.089065
     Cl  18       -1.788892        1.799094       -0.072185
     Cl  18       -0.089065       -0.072185       -1.587538

     H   19       -0.087239       -0.156191        0.009598
     H   19       -0.156191       -0.010920       -0.079640
     H   19        0.009598       -0.079640        0.098160

     C   20       -0.819284       -0.304166       -0.213394
     C   20       -0.304166        0.713592       -0.539058
     C   20       -0.213394       -0.539058        0.105693

     H   21        0.201219       -0.342855        0.283294
     H   21       -0.342855       -0.219158        0.151118
     H   21        0.283294        0.151118        0.017938

     C   22        0.215808       -0.131828        0.201604
     C   22       -0.131828       -0.158777       -0.084098
     C   22        0.201604       -0.084098       -0.057031

     C   23       -0.723704       -0.279094       -0.170354
     C   23       -0.279094        0.640105       -0.550962
     C   23       -0.170354       -0.550962        0.083599

     Cl  24        0.040889        0.691242        0.709691
     Cl  24        0.691242        1.362242       -1.946201
     Cl  24        0.709691       -1.946201       -1.403131


     NQR/NMR SPECTROSCOPIC PARAMETERS:
     Cl   1    Vxx=   -1.5626    axis=( -0.544357 -0.328761  0.771746)
     Cl   1    Vyy=   -3.0597    axis=(  0.494966  0.616895  0.611923)
     Cl   1    Vzz=    4.6224    axis=(  0.677262 -0.715092  0.173086)
     Cl   1  Q=        -8.1650 1e-30 m^2  Cq=       -88.6776 MHz  eta= 0.32389

     C    2    Vxx=   -0.0893    axis=(  0.358126  0.680081 -0.639715)
     C    2    Vyy=   -0.3258    axis=( -0.911177  0.404067 -0.080533)
     C    2    Vzz=    0.4151    axis=(  0.203719  0.611734  0.764382)
     C    2  Q=         1.0000 1e-30 m^2  Cq=         0.9753 MHz  eta= 0.56967

     C    3    Vxx=   -0.0191    axis=(  0.371043  0.779770  0.504267)
     C    3    Vyy=   -0.6054    axis=( -0.240246 -0.443935  0.863251)
     C    3    Vzz=    0.6246    axis=( -0.897000  0.441451 -0.022618)
     C    3  Q=         1.0000 1e-30 m^2  Cq=         1.4675 MHz  eta= 0.93877

     H    4    Vxx=   -0.0508    axis=(  0.527859 -0.645564 -0.551916)
     H    4    Vyy=   -0.8376    axis=(  0.038403  0.667301 -0.743798)
     H    4    Vzz=    0.8884    axis=(  0.848463  0.371425  0.377032)
     H    4  Q=         1.0000 1e-30 m^2  Cq=         2.0875 MHz  eta= 0.88558

     C    5    Vxx=    0.0822    axis=(  0.773779 -0.580654  0.253195)
     C    5    Vyy=    0.5284    axis=(  0.297590  0.686061  0.663898)
     C    5    Vzz=   -0.6107    axis=( -0.559202 -0.438362  0.703656)
     C    5  Q=         1.0000 1e-30 m^2  Cq=        -1.4348 MHz  eta= 0.73071

     H    6    Vxx=   -0.0425    axis=(  0.993591 -0.108978  0.029997)
     H    6    Vyy=   -0.8708    axis=( -0.074571 -0.432571  0.898511)
     H    6    Vzz=    0.9133    axis=( -0.084942 -0.894989 -0.437926)
     H    6  Q=         1.0000 1e-30 m^2  Cq=         2.1459 MHz  eta= 0.90688

     H    7    Vxx=   -0.0941    axis=( -0.529546 -0.490220 -0.692290)
     H    7    Vyy=   -0.4834    axis=( -0.818229  0.510487  0.264395)
     H    7    Vzz=    0.5775    axis=(  0.223793  0.706461 -0.671438)
     H    7  Q=         1.0000 1e-30 m^2  Cq=         1.3569 MHz  eta= 0.67406

     C    8    Vxx=   -0.0513    axis=( -0.293908 -0.823103 -0.485921)
     C    8    Vyy=   -0.4831    axis=( -0.368763 -0.371372  0.852113)
     C    8    Vzz=    0.5343    axis=( -0.881834  0.429633 -0.194381)
     C    8  Q=         1.0000 1e-30 m^2  Cq=         1.2554 MHz  eta= 0.80816

     H    9    Vxx=   -0.0569    axis=(  0.359007  0.608626 -0.707593)
     H    9    Vyy=   -0.6739    axis=( -0.303031  0.793072  0.528403)
     H    9    Vzz=    0.7309    axis=( -0.882772 -0.024722 -0.469151)
     H    9  Q=         1.0000 1e-30 m^2  Cq=         1.7173 MHz  eta= 0.84417

     C   10    Vxx=   -0.0957    axis=(  0.603709 -0.129221 -0.786662)
     C   10    Vyy=   -0.6193    axis=(  0.785128  0.267483  0.558593)
     C   10    Vzz=    0.7150    axis=(  0.138237 -0.954858  0.262937)
     C   10  Q=         1.0000 1e-30 m^2  Cq=         1.6800 MHz  eta= 0.73228

     C   11    Vxx=    0.2445    axis=(  0.922924 -0.381446  0.052058)
     C   11    Vyy=    0.3995    axis=(  0.369469  0.915599  0.158658)
     C   11    Vzz=   -0.6440    axis=( -0.108183 -0.127195  0.985960)
     C   11  Q=         1.0000 1e-30 m^2  Cq=        -1.5131 MHz  eta= 0.24080

     Cl  12    Vxx=   -0.9664    axis=(  0.931489 -0.288364  0.221751)
     Cl  12    Vyy=   -1.8514    axis=( -0.142034  0.272896  0.951501)
     Cl  12    Vzz=    2.8177    axis=( -0.334894 -0.917809  0.213242)
     Cl  12  Q=        -8.1650 1e-30 m^2  Cq=       -54.0571 MHz  eta= 0.31410

     H   13    Vxx=   -0.0979    axis=( -0.874718 -0.255687  0.411695)
     H   13    Vyy=   -0.3184    axis=( -0.405837  0.850771 -0.333892)
     H   13    Vzz=    0.4163    axis=(  0.264886  0.459143  0.847952)
     H   13  Q=         1.0000 1e-30 m^2  Cq=         0.9782 MHz  eta= 0.52979

     C   14    Vxx=   -0.1136    axis=(  0.575380  0.278904 -0.768863)
     C   14    Vyy=   -0.6511    axis=(  0.569739  0.537779  0.621443)
     C   14    Vzz=    0.7647    axis=( -0.586801  0.795617 -0.150525)
     C   14  Q=         1.0000 1e-30 m^2  Cq=         1.7967 MHz  eta= 0.70290

     H   15    Vxx=   -0.0275    axis=( -0.537947 -0.603205  0.588860)
     H   15    Vyy=   -0.6361    axis=(  0.313262 -0.791569 -0.524676)
     H   15    Vzz=    0.6636    axis=(  0.782611 -0.097781  0.614784)
     H   15  Q=         1.0000 1e-30 m^2  Cq=         1.5592 MHz  eta= 0.91713

     C   16    Vxx=    0.0555    axis=(  0.144142 -0.308783  0.940147)
     C   16    Vyy=    0.5661    axis=( -0.128502  0.936183  0.327182)
     C   16    Vzz=   -0.6215    axis=( -0.981178 -0.167971  0.095264)
     C   16  Q=         1.0000 1e-30 m^2  Cq=        -1.4604 MHz  eta= 0.82156

     C   17    Vxx=   -0.0701    axis=( -0.715009 -0.243302  0.655413)
     C   17    Vyy=   -0.6217    axis=(  0.395385  0.632431  0.666109)
     C   17    Vzz=    0.6917    axis=(  0.576569 -0.735415  0.355996)
     C   17  Q=         1.0000 1e-30 m^2  Cq=         1.6253 MHz  eta= 0.79735

     Cl  18    Vxx=   -1.2230    axis=(  0.824847  0.481163 -0.296832)
     Cl  18    Vyy=   -1.6228    axis=(  0.254331  0.153102  0.954922)
     Cl  18    Vzz=    2.8459    axis=( -0.504919  0.863158 -0.003910)
     Cl  18  Q=        -8.1650 1e-30 m^2  Cq=       -54.5965 MHz  eta= 0.14049

     H   19    Vxx=    0.0398    axis=( -0.517229  0.464713  0.718691)
     H   19    Vyy=    0.1759    axis=(  0.391731 -0.618068  0.681571)
     H   19    Vzz=   -0.2157    axis=( -0.760934 -0.634062 -0.137640)
     H   19  Q=         1.0000 1e-30 m^2  Cq=        -0.5067 MHz  eta= 0.63129

     C   20    Vxx=   -0.0627    axis=( -0.397276  0.413288  0.819369)
     C   20    Vyy=   -0.9793    axis=(  0.913547  0.262946  0.310309)
     C   20    Vzz=    1.0421    axis=( -0.087203  0.871810 -0.482020)
     C   20  Q=         1.0000 1e-30 m^2  Cq=         2.4484 MHz  eta= 0.87958

     H   21    Vxx=    0.0742    axis=( -0.159560  0.593013  0.789225)
     H   21    Vyy=    0.4737    axis=(  0.847217 -0.328105  0.417817)
     H   21    Vzz=   -0.5479    axis=(  0.506719  0.735312 -0.450058)
     H   21  Q=         1.0000 1e-30 m^2  Cq=        -1.2874 MHz  eta= 0.72911

     C   22    Vxx=   -0.1608    axis=( -0.523495 -0.249791  0.814590)
     C   22    Vyy=   -0.2081    axis=(  0.117119  0.925888  0.359186)
     C   22    Vzz=    0.3689    axis=( -0.843941  0.283436 -0.455442)
     C   22  Q=         1.0000 1e-30 m^2  Cq=         0.8667 MHz  eta= 0.12815

     C   23    Vxx=   -0.1194    axis=( -0.422184  0.425502  0.800443)
     C   23    Vyy=   -0.8730    axis=(  0.902063  0.284548  0.324521)
     C   23    Vzz=    0.9925    axis=( -0.089680  0.859058 -0.503961)
     C   23  Q=         1.0000 1e-30 m^2  Cq=         2.3319 MHz  eta= 0.75932

     Cl  24    Vxx=    0.3283    axis=(  0.936575  0.030960  0.349097)
     Cl  24    Vyy=    2.4052    axis=(  0.131371  0.892450 -0.431595)
     Cl  24    Vzz=   -2.7335    axis=( -0.324913  0.450083  0.831779)
     Cl  24  Q=        -8.1650 1e-30 m^2  Cq=        52.4400 MHz  eta= 0.75982

     Initialization:
     gipaw_setup  :      9.52s CPU     11.20s WALL (       1 calls)

     Linear response

     Apply operators

     Induced current

     Other routines
     efg          :      9.18s CPU     11.59s WALL (       1 calls)

     General routines
     calbec       :      3.20s CPU      4.20s WALL (      16 calls)
     fft          :      1.44s CPU      1.84s WALL (      15 calls)
     ffts         :      0.04s CPU      0.04s WALL (       2 calls)
     fftw         :      3.11s CPU      3.83s WALL (     672 calls)
     davcio       :      0.02s CPU      0.34s WALL (      32 calls)

     Parallel routines
     fft_scatter  :      1.98s CPU      2.68s WALL (     689 calls)

     Plugins

     GIPAW        :     60.92s CPU     76.58s WALL (       1 calls)
