
     Program QE v.6.0 (svn rev. 13079) starts on 19Dec2016 at  4:53:42 

     This program is part of the open-source Quantum ESPRESSO suite
     for quantum simulation of materials; please cite
         "P. Giannozzi et al., J. Phys.:Condens. Matter 21 395502 (2009);
          URL http://www.quantum-espresso.org", 
     in publications or presentations arising from this work. More details at
     http://www.quantum-espresso.org/quote

     Parallel version (MPI), running on     8 processors
     R & G space division:  proc/nbgrp/npool/nimage =       8

     ***** This is GIPAW svn revision unknown      *****

     Parallelizing q-star over 1 images

     Reading data from directory:
     /users/majewski/paradichlorobenzene/pbe/9_constraint/scratch/pbe.ecut100.np8.dt60.pcl2phi-129368.save
     Message from routine read_xml_file:
     file /users/majewski/paradichlorobenzene/pbe/9_constraint/scratch/pbe.ecut100.np8.dt60.pcl2phi-129368.save not guaranteed to be safe for post-processing

   Info: using nr1, nr2, nr3 values from input

   Info: using nr1, nr2, nr3 values from input

     IMPORTANT: XC functional enforced from input :
     Exchange-correlation      =  SLA  PW   PBX  PBC ( 1  4  3  4 0 0)
     Any further DFT definition will be discarded
     Please, verify this is what you really want

               file C.pbe-n-kjpaw_psl.1.0.0.UPF: wavefunction(s)  2S 2P renormalized
               file Cl.pbe-n-kjpaw_psl.1.0.0.UPF: wavefunction(s)  3S 3P renormalized
               file H.pbe-kjpaw_psl.1.0.0.UPF: wavefunction(s)  1S renormalized

     Parallelization info
     --------------------
     sticks:   dense  smooth     PW     G-vecs:    dense   smooth      PW
     Min        3057    1223    332               144436    36536    5170
     Max        3059    1225    333               144437    36537    5171
     Sum       24467    9791   2657              1155489   292295   41363


     Subspace diagonalization in iterative solution of the eigenvalue problem:
     a serial algorithm will be used

     GIPAW projectors -----------------------------------------------
     atom=  C    l=0  rc=    1.2000  rs=    0.8000
     atom=  C    l=0  rc=    1.2000  rs=    0.8000
     atom=  C    l=1  rc=    1.4000  rs=    0.9333
     atom=  C    l=1  rc=    1.4000  rs=    0.9333
     projs nearly linearly dependent: l=1  n1,n2= 1, 2  s=  0.99951561

     atom=  Cl   l=0  rc=    1.6000  rs=    1.0667
     atom=  Cl   l=0  rc=    1.6000  rs=    1.0667
     atom=  Cl   l=1  rc=    1.6000  rs=    1.0667
     atom=  Cl   l=1  rc=    1.6000  rs=    1.0667
     atom=  Cl   l=2  rc=    1.6000  rs=    1.0667
     atom=  Cl   l=2  rc=    1.6000  rs=    1.0667
     projs nearly linearly dependent: l=2  n1,n2= 1, 2  s=  0.99993509

     atom=  H    l=0  rc=    1.0000  rs=    0.6667
     atom=  H    l=0  rc=    1.0000  rs=    0.6667
     projs nearly linearly dependent: l=0  n1,n2= 1, 2  s=  0.99968852
     -----------------------------------------------------------------

     GIPAW integrals: -------------------------------------------
     Atom  i/j   nmr_para   nmr_dia   epr_rmc  epr_para   epr_dia
       C   1 1   0.83E+03  0.17E-01  0.93E+01  0.24E+08  0.24E+03
       C   2 1   0.86E+03 -0.61E-01  0.94E+01  0.25E+08  0.25E+03
       C   2 2   0.90E+03 -0.15E+00  0.97E+01  0.26E+08  0.26E+03
       C   3 3   0.33E+01  0.34E+00  0.18E+01  0.55E+03  0.21E+02
       C   4 3   0.35E+01  0.37E+00  0.20E+01  0.59E+03  0.22E+02
       C   4 4   0.38E+01  0.39E+00  0.22E+01  0.63E+03  0.24E+02
       Cl  1 1   0.14E+04 -0.47E+00  0.84E+01  0.32E+09  0.42E+03
       Cl  2 1   0.21E+04 -0.37E+00  0.12E+02  0.49E+09  0.65E+03
       Cl  2 2   0.33E+04 -0.16E+00  0.21E+02  0.76E+09  0.10E+04
       Cl  3 3   0.21E+02  0.79E-01  0.89E+01  0.23E+05  0.13E+03
       Cl  4 3   0.24E+02  0.67E-01  0.99E+01  0.27E+05  0.15E+03
       Cl  4 4   0.28E+02  0.44E-01  0.11E+02  0.32E+05  0.18E+03
       Cl  5 5   0.77E+00  0.19E+00  0.18E+01  0.12E+03  0.22E+02
       Cl  6 5   0.80E+00  0.19E+00  0.19E+01  0.12E+03  0.23E+02
       Cl  6 6   0.83E+00  0.20E+00  0.19E+01  0.12E+03  0.23E+02
       H   1 1   0.39E+02  0.19E+00  0.29E+00  0.78E+05  0.13E+02
       H   2 1   0.41E+02  0.21E+00  0.32E+00  0.82E+05  0.14E+02
       H   2 2   0.43E+02  0.22E+00  0.36E+00  0.86E+05  0.15E+02
     ------------------------------------------------------------

     alpha_pv=     33.9479 eV

     Number of occupied bands for each k-point:
     k-point:     1    nbnd_occ=  42
     k-point:     2    nbnd_occ=  42
     k-point:     3    nbnd_occ=  42
     k-point:     4    nbnd_occ=  42
     k-point:     5    nbnd_occ=  42
     k-point:     6    nbnd_occ=  42
     k-point:     7    nbnd_occ=  42
     k-point:     8    nbnd_occ=  42
     k-point:     9    nbnd_occ=  42
     k-point:    10    nbnd_occ=  42
     k-point:    11    nbnd_occ=  42
     k-point:    12    nbnd_occ=  42
     k-point:    13    nbnd_occ=  42
     k-point:    14    nbnd_occ=  42
     k-point:    15    nbnd_occ=  42
     k-point:    16    nbnd_occ=  42


     q-space interpolation up to   110.00 Rydberg

     GIPAW job: efg                                                                             


     ELECTRIC FIELD GRADIENTS TENSORS IN Hartree/bohrradius^2:

     ----- bare term -----
     Cl   1       -0.082424        0.117087       -0.014408
     Cl   1        0.117087       -0.014221        0.000328
     Cl   1       -0.014408        0.000328        0.096645

     C    2       -0.139896        0.076207       -0.375538
     C    2        0.076207       -0.247868       -0.515480
     C    2       -0.375538       -0.515480        0.387764

     C    3       -0.219029        0.376893       -0.166921
     C    3        0.376893       -0.239065       -0.468534
     C    3       -0.166921       -0.468534        0.458094

     H    4       -0.256639       -0.313110       -0.416587
     H    4       -0.313110       -0.044636       -0.199430
     H    4       -0.416587       -0.199430        0.301275

     C    5       -0.512920        0.034102       -0.329420
     C    5        0.034102       -0.026897       -0.386989
     C    5       -0.329420       -0.386989        0.539817

     H    6        0.478586       -0.004019       -0.107604
     H    6       -0.004019       -0.661495       -0.040672
     H    6       -0.107604       -0.040672        0.182908

     H    7        0.374836       -0.042251       -0.038208
     H    7       -0.042251       -0.611780        0.389669
     H    7       -0.038208        0.389669        0.236944

     C    8       -0.303260       -0.107749       -0.382496
     C    8       -0.107749       -0.075006        0.445984
     C    8       -0.382496        0.445984        0.378266

     H    9       -0.507828        0.470052        0.029672
     H    9        0.470052        0.255471       -0.047334
     H    9        0.029672       -0.047334        0.252357

     C   10       -0.247590       -0.288489       -0.342096
     C   10       -0.288489       -0.159962        0.501786
     C   10       -0.342096        0.501786        0.407552

     C   11       -0.152567        0.023315       -0.360121
     C   11        0.023315       -0.110454        0.569310
     C   11       -0.360121        0.569310        0.263021

     Cl  12       -0.153433       -0.078902       -0.045514
     Cl  12       -0.078902       -0.045535        0.133024
     Cl  12       -0.045514        0.133024        0.198968

     H   13        0.410700       -0.026807       -0.035768
     H   13       -0.026807       -0.668510       -0.358142
     H   13       -0.035768       -0.358142        0.257810

     C   14       -0.320464        0.048430       -0.335636
     C   14        0.048430       -0.017743       -0.540474
     C   14       -0.335636       -0.540474        0.338207

     H   15       -0.412707       -0.308269       -0.458786
     H   15       -0.308269        0.243517       -0.217414
     H   15       -0.458786       -0.217414        0.169190

     C   16       -0.471876        0.353501       -0.295250
     C   16        0.353501        0.027399       -0.292668
     C   16       -0.295250       -0.292668        0.444477

     C   17       -0.048911        0.116174       -0.212718
     C   17        0.116174       -0.380858       -0.444186
     C   17       -0.212718       -0.444186        0.429769

     Cl  18       -0.021660       -0.037934        0.009282
     Cl  18       -0.037934       -0.037789       -0.005017
     Cl  18        0.009282       -0.005017        0.059449

     H   19        0.373309        0.352977        0.141547
     H   19        0.352977       -0.618402       -0.113761
     H   19        0.141547       -0.113761        0.245093

     C   20       -0.348067       -0.183501       -0.308280
     C   20       -0.183501       -0.117651        0.253656
     C   20       -0.308280        0.253656        0.465717

     H   21       -0.384209        0.354065        0.229215
     H   21        0.354065        0.212777       -0.089395
     H   21        0.229215       -0.089395        0.171432

     C   22       -0.050113       -0.117144       -0.013834
     C   22       -0.117144       -0.261596        0.255740
     C   22       -0.013834        0.255740        0.311709

     C   23       -0.387498       -0.153498       -0.369300
     C   23       -0.153498       -0.110849        0.438315
     C   23       -0.369300        0.438315        0.498348

     Cl  24       -0.087533        0.016199       -0.059680
     Cl  24        0.016199       -0.084258        0.024045
     Cl  24       -0.059680        0.024045        0.171791

     ----- ionic term -----
     Cl   1        0.159814       -0.219284        0.082370
     Cl   1       -0.219284       -0.002865       -0.043885
     Cl   1        0.082370       -0.043885       -0.156949

     C    2        0.183103       -0.158662        0.362000
     C    2       -0.158662        0.205955        0.313475
     C    2        0.362000        0.313475       -0.389058

     C    3        0.133700       -0.212241        0.230752
     C    3       -0.212241        0.301341        0.326097
     C    3        0.230752        0.326097       -0.435041

     H    4        0.532167        0.457036        0.611828
     H    4        0.457036       -0.254127        0.311866
     H    4        0.611828        0.311866       -0.278040

     C    5        0.287128       -0.140150        0.323015
     C    5       -0.140150        0.128581        0.256971
     C    5        0.323015        0.256971       -0.415709

     H    6       -0.495844        0.099039        0.053765
     H    6        0.099039        0.836919        0.561284
     H    6        0.053765        0.561284       -0.341075

     H    7       -0.509908       -0.068696        0.046255
     H    7       -0.068696        0.750570       -0.637970
     H    7        0.046255       -0.637970       -0.240662

     C    8        0.375190        0.065485        0.175032
     C    8        0.065485        0.054280       -0.298132
     C    8        0.175032       -0.298132       -0.429470

     H    9        0.726065       -0.419163        0.508165
     H    9       -0.419163       -0.383377       -0.226607
     H    9        0.508165       -0.226607       -0.342689

     C   10        0.209817        0.087207        0.111497
     C   10        0.087207        0.180627       -0.371052
     C   10        0.111497       -0.371052       -0.390444

     C   11        0.280899        0.033323        0.092810
     C   11        0.033323        0.178437       -0.379717
     C   11        0.092810       -0.379717       -0.459336

     Cl  12        0.144206        0.198335       -0.035198
     Cl  12        0.198335       -0.002279       -0.025107
     Cl  12       -0.035198       -0.025107       -0.141927

     H   13       -0.538734        0.055210        0.040401
     H   13        0.055210        0.640419        0.704198
     H   13        0.040401        0.704198       -0.101685

     C   14        0.230994       -0.150608        0.324059
     C   14       -0.150608        0.104129        0.280906
     C   14        0.324059        0.280906       -0.335123

     H   15        0.672227        0.284559        0.639285
     H   15        0.284559       -0.425096        0.213377
     H   15        0.639285        0.213377       -0.247131

     C   16        0.149628       -0.249805        0.229144
     C   16       -0.249805        0.245383        0.320433
     C   16        0.229144        0.320433       -0.395011

     C   17        0.164355       -0.120575        0.267641
     C   17       -0.120575        0.209578        0.404914
     C   17        0.267641        0.404914       -0.373933

     Cl  18        0.147846       -0.194782        0.005346
     Cl  18       -0.194782        0.007377        0.003070
     Cl  18        0.005346        0.003070       -0.155224

     H   19       -0.502621       -0.165092        0.045842
     H   19       -0.165092        0.787189       -0.593773
     H   19        0.045842       -0.593773       -0.284568

     C   20        0.348265        0.072539        0.086165
     C   20        0.072539        0.148404       -0.276093
     C   20        0.086165       -0.276093       -0.496669

     H   21        0.891475       -0.437527        0.301852
     H   21       -0.437527       -0.339308       -0.150798
     H   21        0.301852       -0.150798       -0.552167

     C   22        0.238068        0.161022        0.053824
     C   22        0.161022        0.275528       -0.319044
     C   22        0.053824       -0.319044       -0.513597

     C   23        0.280901        0.095247        0.210980
     C   23        0.095247        0.227733       -0.322754
     C   23        0.210980       -0.322754       -0.508634

     Cl  24        0.141224        0.215706        0.005048
     Cl  24        0.215706        0.031248       -0.000268
     Cl  24        0.005048       -0.000268       -0.172472

     ----- GIPAW term -----
     Cl   1       -0.911528       -1.100503       -0.253325
     Cl   1       -1.100503       -1.443251        0.095864
     Cl   1       -0.253325        0.095864        2.354780

     C    2        0.013716       -0.109383       -0.086937
     C    2       -0.109383       -0.071705       -0.112429
     C    2       -0.086937       -0.112429        0.057990

     C    3       -0.037038        0.032573       -0.014498
     C    3        0.032573       -0.027127       -0.081992
     C    3       -0.014498       -0.081992        0.064164

     H    4       -0.000000        0.000000        0.000000
     H    4        0.000000        0.000000        0.000000
     H    4        0.000000        0.000000        0.000000

     C    5       -0.115576       -0.029702        0.040542
     C    5       -0.029702       -0.076260       -0.113644
     C    5        0.040542       -0.113644        0.191835

     H    6       -0.000000        0.000000        0.000000
     H    6        0.000000        0.000000        0.000000
     H    6        0.000000        0.000000        0.000000

     H    7       -0.000000        0.000000        0.000000
     H    7        0.000000        0.000000        0.000000
     H    7        0.000000        0.000000        0.000000

     C    8       -0.019286        0.014222       -0.064312
     C    8        0.014222       -0.025188        0.097551
     C    8       -0.064312        0.097551        0.044475

     H    9       -0.000000        0.000000        0.000000
     H    9        0.000000        0.000000        0.000000
     H    9        0.000000        0.000000        0.000000

     C   10       -0.066754       -0.101573       -0.162113
     C   10       -0.101573       -0.012148        0.156794
     C   10       -0.162113        0.156794        0.078902

     C   11        0.047165        0.147348       -0.066461
     C   11        0.147348        0.002721        0.110519
     C   11       -0.066461        0.110519       -0.049887

     Cl  12        0.124803        1.669730       -0.486877
     Cl  12        1.669730       -0.394210        1.219013
     Cl  12       -0.486877        1.219013        0.269407

     H   13       -0.000000        0.000000        0.000000
     H   13        0.000000        0.000000        0.000000
     H   13        0.000000        0.000000        0.000000

     C   14       -0.091600       -0.024225       -0.035298
     C   14       -0.024225        0.066763       -0.208263
     C   14       -0.035298       -0.208263        0.024837

     H   15       -0.000000        0.000000        0.000000
     H   15        0.000000        0.000000        0.000000
     H   15        0.000000        0.000000        0.000000

     C   16       -0.153508        0.026868       -0.077450
     C   16        0.026868        0.106330        0.015048
     C   16       -0.077450        0.015048        0.047178

     C   17        0.006255       -0.082857        0.015149
     C   17       -0.082857       -0.103367        0.021211
     C   17        0.015149        0.021211        0.097112

     Cl  18        1.195834       -2.457307        0.135756
     Cl  18       -2.457307       -0.198590       -0.080971
     Cl  18        0.135756       -0.080971       -0.997244

     H   19       -0.000000        0.000000        0.000000
     H   19        0.000000        0.000000        0.000000
     H   19        0.000000        0.000000        0.000000

     C   20       -0.094387       -0.064951       -0.123470
     C   20       -0.064951       -0.069938        0.140988
     C   20       -0.123470        0.140988        0.164326

     H   21       -0.000000        0.000000        0.000000
     H   21        0.000000        0.000000        0.000000
     H   21        0.000000        0.000000        0.000000

     C   22       -0.051878       -0.018849       -0.051750
     C   22       -0.018849       -0.062595        0.064329
     C   22       -0.051750        0.064329        0.114473

     C   23       -0.056070        0.058226       -0.172268
     C   23        0.058226       -0.108200        0.093109
     C   23       -0.172268        0.093109        0.164270

     Cl  24        0.575449        2.191589       -0.604946
     Cl  24        2.191589       -0.714099        0.183687
     Cl  24       -0.604946        0.183687        0.138650

     ----- total EFG -----
     Cl   1       -0.834138       -1.202700       -0.185363
     Cl   1       -1.202700       -1.460337        0.052307
     Cl   1       -0.185363        0.052307        2.294476

     C    2        0.056923       -0.191838       -0.100475
     C    2       -0.191838       -0.113618       -0.314434
     C    2       -0.100475       -0.314434        0.056695

     C    3       -0.122367        0.197224        0.049333
     C    3        0.197224        0.035149       -0.224429
     C    3        0.049333       -0.224429        0.087218

     H    4        0.275528        0.143926        0.195240
     H    4        0.143926       -0.298764        0.112436
     H    4        0.195240        0.112436        0.023236

     C    5       -0.341368       -0.135750        0.034137
     C    5       -0.135750        0.025424       -0.243662
     C    5        0.034137       -0.243662        0.315944

     H    6       -0.017258        0.095020       -0.053839
     H    6        0.095020        0.175425        0.520612
     H    6       -0.053839        0.520612       -0.158167

     H    7       -0.135072       -0.110947        0.008047
     H    7       -0.110947        0.138790       -0.248301
     H    7        0.008047       -0.248301       -0.003717

     C    8        0.052644       -0.028043       -0.271777
     C    8       -0.028043       -0.045914        0.245403
     C    8       -0.271777        0.245403       -0.006730

     H    9        0.218237        0.050889        0.537837
     H    9        0.050889       -0.127905       -0.273941
     H    9        0.537837       -0.273941       -0.090332

     C   10       -0.104528       -0.302855       -0.392712
     C   10       -0.302855        0.008517        0.287528
     C   10       -0.392712        0.287528        0.096011

     C   11        0.175497        0.203987       -0.333772
     C   11        0.203987        0.070704        0.300112
     C   11       -0.333772        0.300112       -0.246201

     Cl  12        0.115575        1.789163       -0.567589
     Cl  12        1.789163       -0.442024        1.326930
     Cl  12       -0.567589        1.326930        0.326449

     H   13       -0.128034        0.028404        0.004633
     H   13        0.028404       -0.028091        0.346056
     H   13        0.004633        0.346056        0.156125

     C   14       -0.181070       -0.126403       -0.046875
     C   14       -0.126403        0.153150       -0.467832
     C   14       -0.046875       -0.467832        0.027920

     H   15        0.259520       -0.023710        0.180499
     H   15       -0.023710       -0.181579       -0.004037
     H   15        0.180499       -0.004037       -0.077941

     C   16       -0.475756        0.130564       -0.143556
     C   16        0.130564        0.379112        0.042812
     C   16       -0.143556        0.042812        0.096644

     C   17        0.121699       -0.087258        0.070072
     C   17       -0.087258       -0.274647       -0.018060
     C   17        0.070072       -0.018060        0.152948

     Cl  18        1.322020       -2.690023        0.150384
     Cl  18       -2.690023       -0.229001       -0.082917
     Cl  18        0.150384       -0.082917       -1.093019

     H   19       -0.129311        0.187885        0.187388
     H   19        0.187885        0.168787       -0.707534
     H   19        0.187388       -0.707534       -0.039475

     C   20       -0.094189       -0.175913       -0.345585
     C   20       -0.175913       -0.039185        0.118551
     C   20       -0.345585        0.118551        0.133374

     H   21        0.507265       -0.083462        0.531066
     H   21       -0.083462       -0.126530       -0.240192
     H   21        0.531066       -0.240192       -0.380735

     C   22        0.136077        0.025029       -0.011760
     C   22        0.025029       -0.048663        0.001025
     C   22       -0.011760        0.001025       -0.087414

     C   23       -0.162667       -0.000025       -0.330589
     C   23       -0.000025        0.008684        0.208670
     C   23       -0.330589        0.208670        0.153984

     Cl  24        0.629140        2.423494       -0.659578
     Cl  24        2.423494       -0.767109        0.207465
     Cl  24       -0.659578        0.207465        0.137969

     ----- total EFG (symmetrized) -----
     Cl   1       -0.834138       -1.202700       -0.185363
     Cl   1       -1.202700       -1.460337        0.052307
     Cl   1       -0.185363        0.052307        2.294476

     C    2        0.056923       -0.191838       -0.100475
     C    2       -0.191838       -0.113618       -0.314434
     C    2       -0.100475       -0.314434        0.056695

     C    3       -0.122367        0.197224        0.049333
     C    3        0.197224        0.035149       -0.224429
     C    3        0.049333       -0.224429        0.087218

     H    4        0.275528        0.143926        0.195240
     H    4        0.143926       -0.298764        0.112436
     H    4        0.195240        0.112436        0.023236

     C    5       -0.341368       -0.135750        0.034137
     C    5       -0.135750        0.025424       -0.243662
     C    5        0.034137       -0.243662        0.315944

     H    6       -0.017258        0.095020       -0.053839
     H    6        0.095020        0.175425        0.520612
     H    6       -0.053839        0.520612       -0.158167

     H    7       -0.135072       -0.110947        0.008047
     H    7       -0.110947        0.138790       -0.248301
     H    7        0.008047       -0.248301       -0.003717

     C    8        0.052644       -0.028043       -0.271777
     C    8       -0.028043       -0.045914        0.245403
     C    8       -0.271777        0.245403       -0.006730

     H    9        0.218237        0.050889        0.537837
     H    9        0.050889       -0.127905       -0.273941
     H    9        0.537837       -0.273941       -0.090332

     C   10       -0.104528       -0.302855       -0.392712
     C   10       -0.302855        0.008517        0.287528
     C   10       -0.392712        0.287528        0.096011

     C   11        0.175497        0.203987       -0.333772
     C   11        0.203987        0.070704        0.300112
     C   11       -0.333772        0.300112       -0.246201

     Cl  12        0.115575        1.789163       -0.567589
     Cl  12        1.789163       -0.442024        1.326930
     Cl  12       -0.567589        1.326930        0.326449

     H   13       -0.128034        0.028404        0.004633
     H   13        0.028404       -0.028091        0.346056
     H   13        0.004633        0.346056        0.156125

     C   14       -0.181070       -0.126403       -0.046875
     C   14       -0.126403        0.153150       -0.467832
     C   14       -0.046875       -0.467832        0.027920

     H   15        0.259520       -0.023710        0.180499
     H   15       -0.023710       -0.181579       -0.004037
     H   15        0.180499       -0.004037       -0.077941

     C   16       -0.475756        0.130564       -0.143556
     C   16        0.130564        0.379112        0.042812
     C   16       -0.143556        0.042812        0.096644

     C   17        0.121699       -0.087258        0.070072
     C   17       -0.087258       -0.274647       -0.018060
     C   17        0.070072       -0.018060        0.152948

     Cl  18        1.322020       -2.690023        0.150384
     Cl  18       -2.690023       -0.229001       -0.082917
     Cl  18        0.150384       -0.082917       -1.093019

     H   19       -0.129311        0.187885        0.187388
     H   19        0.187885        0.168787       -0.707534
     H   19        0.187388       -0.707534       -0.039475

     C   20       -0.094189       -0.175913       -0.345585
     C   20       -0.175913       -0.039185        0.118551
     C   20       -0.345585        0.118551        0.133374

     H   21        0.507265       -0.083462        0.531066
     H   21       -0.083462       -0.126530       -0.240192
     H   21        0.531066       -0.240192       -0.380735

     C   22        0.136077        0.025029       -0.011760
     C   22        0.025029       -0.048663        0.001025
     C   22       -0.011760        0.001025       -0.087414

     C   23       -0.162667       -0.000025       -0.330589
     C   23       -0.000025        0.008684        0.208670
     C   23       -0.330589        0.208670        0.153984

     Cl  24        0.629140        2.423494       -0.659578
     Cl  24        2.423494       -0.767109        0.207465
     Cl  24       -0.659578        0.207465        0.137969


     NQR/NMR SPECTROSCOPIC PARAMETERS:
     Cl   1    Vxx=    0.0811    axis=( -0.787187  0.611454 -0.080376)
     Cl   1    Vyy=    2.3100    axis=( -0.072948  0.037096  0.996646)
     Cl   1    Vzz=   -2.3911    axis=(  0.612385  0.790410  0.015402)
     Cl   1  Q=        -8.1650 1e-30 m^2  Cq=        45.8727 MHz  eta= 0.93213

     C    2    Vxx=    0.1404    axis=( -0.897619  0.179710  0.402473)
     C    2    Vyy=    0.3049    axis=(  0.201041 -0.645671  0.736676)
     C    2    Vzz=   -0.4452    axis=( -0.392253 -0.742168 -0.543438)
     C    2  Q=         1.0000 1e-30 m^2  Cq=        -1.0462 MHz  eta= 0.36943

     C    3    Vxx=    0.0199    axis=( -0.694121 -0.342421 -0.633201)
     C    3    Vyy=    0.3115    axis=( -0.248674 -0.711408  0.657313)
     C    3    Vzz=   -0.3314    axis=( -0.675542  0.613715  0.408652)
     C    3  Q=         1.0000 1e-30 m^2  Cq=        -0.7786 MHz  eta= 0.87971

     H    4    Vxx=   -0.0800    axis=( -0.510508  0.102883  0.853696)
     H    4    Vyy=   -0.3467    axis=( -0.157204  0.964916 -0.210294)
     H    4    Vzz=    0.4267    axis=( -0.845381 -0.241561 -0.476424)
     H    4  Q=         1.0000 1e-30 m^2  Cq=         1.0025 MHz  eta= 0.62517

     C    5    Vxx=   -0.0767    axis=( -0.336783  0.786668  0.517426)
     C    5    Vyy=   -0.3895    axis=( -0.933707 -0.349947 -0.075692)
     C    5    Vzz=    0.4662    axis=(  0.121527 -0.508616  0.852374)
     C    5  Q=         1.0000 1e-30 m^2  Cq=         1.0954 MHz  eta= 0.67085

     H    6    Vxx=   -0.0024    axis=(  0.980099  0.043402 -0.193709)
     H    6    Vyy=   -0.5565    axis=( -0.182055  0.585534 -0.789940)
     H    6    Vzz=    0.5589    axis=(  0.079138  0.809485  0.581783)
     H    6  Q=         1.0000 1e-30 m^2  Cq=         1.3132 MHz  eta= 0.99138

     H    7    Vxx=   -0.1100    axis=(  0.789542 -0.219755 -0.573003)
     H    7    Vyy=   -0.2343    axis=(  0.582247  0.563297  0.586246)
     H    7    Vzz=    0.3443    axis=( -0.193940  0.796495 -0.572698)
     H    7  Q=         1.0000 1e-30 m^2  Cq=         0.8091 MHz  eta= 0.36091

     C    8    Vxx=   -0.0292    axis=( -0.670532 -0.731023 -0.126459)
     C    8    Vyy=   -0.3551    axis=(  0.443977 -0.531970  0.721036)
     C    8    Vzz=    0.3843    axis=(  0.594366 -0.427333 -0.681260)
     C    8  Q=         1.0000 1e-30 m^2  Cq=         0.9030 MHz  eta= 0.84812

     H    9    Vxx=   -0.0208    axis=(  0.410239  0.872654 -0.264912)
     H    9    Vyy=   -0.6241    axis=( -0.497947  0.457694  0.736590)
     H    9    Vzz=    0.6450    axis=(  0.764037 -0.170266  0.622299)
     H    9  Q=         1.0000 1e-30 m^2  Cq=         1.5154 MHz  eta= 0.93543

     C   10    Vxx=   -0.2362    axis=(  0.089412  0.802977 -0.589266)
     C   10    Vyy=   -0.4268    axis=( -0.835287 -0.261797 -0.483486)
     C   10    Vzz=    0.6630    axis=(  0.542496 -0.535435 -0.647308)
     C   10  Q=         1.0000 1e-30 m^2  Cq=         1.5577 MHz  eta= 0.28742

     C   11    Vxx=    0.2516    axis=( -0.015906  0.851539  0.524050)
     C   11    Vyy=    0.3680    axis=( -0.897142 -0.243557  0.368532)
     C   11    Vzz=   -0.6196    axis=(  0.441455 -0.464285  0.767826)
     C   11  Q=         1.0000 1e-30 m^2  Cq=        -1.4557 MHz  eta= 0.18787

     Cl  12    Vxx=    0.7933    axis=( -0.577219  0.040078  0.815605)
     Cl  12    Vyy=    1.8326    axis=(  0.599476  0.698997  0.389913)
     Cl  12    Vzz=   -2.6259    axis=( -0.554478  0.714001 -0.427500)
     Cl  12  Q=        -8.1650 1e-30 m^2  Cq=        50.3773 MHz  eta= 0.39576

     H   13    Vxx=   -0.1265    axis=(  0.992447  0.069356 -0.101185)
     H   13    Vyy=   -0.2964    axis=( -0.116608  0.789508 -0.602561)
     H   13    Vzz=    0.4229    axis=(  0.038095  0.609809  0.791632)
     H   13  Q=         1.0000 1e-30 m^2  Cq=         0.9937 MHz  eta= 0.40168

     C   14    Vxx=   -0.1310    axis=(  0.900790 -0.217832 -0.375668)
     C   14    Vyy=   -0.4372    axis=(  0.425419  0.616278  0.662736)
     C   14    Vzz=    0.5682    axis=( -0.087151  0.756803 -0.647807)
     C   14  Q=         1.0000 1e-30 m^2  Cq=         1.3349 MHz  eta= 0.53902

     H   15    Vxx=   -0.1551    axis=( -0.380975  0.203640  0.901881)
     H   15    Vyy=   -0.1838    axis=(  0.121344  0.978019 -0.169573)
     H   15    Vzz=    0.3389    axis=( -0.916588  0.044835 -0.397311)
     H   15  Q=         1.0000 1e-30 m^2  Cq=         0.7963 MHz  eta= 0.08474

     C   16    Vxx=    0.1301    axis=( -0.238823 -0.041587  0.970172)
     C   16    Vyy=    0.4002    axis=( -0.134878 -0.987978 -0.075552)
     C   16    Vzz=   -0.5304    axis=(  0.961650 -0.148898  0.230343)
     C   16  Q=         1.0000 1e-30 m^2  Cq=        -1.2461 MHz  eta= 0.50921

     C   17    Vxx=    0.0739    axis=( -0.723305  0.146091  0.674898)
     C   17    Vyy=    0.2191    axis=(  0.659499 -0.143544  0.737873)
     C   17    Vzz=   -0.2930    axis=( -0.204674 -0.978802 -0.007480)
     C   17  Q=         1.0000 1e-30 m^2  Cq=        -0.6885 MHz  eta= 0.49534

     Cl  18    Vxx=   -1.0990    axis=( -0.017959  0.039689  0.999051)
     Cl  18    Vyy=   -2.2536    axis=(  0.601620  0.798508 -0.020907)
     Cl  18    Vzz=    3.3526    axis=( -0.798580  0.600674 -0.038218)
     Cl  18  Q=        -8.1650 1e-30 m^2  Cq=       -64.3177 MHz  eta= 0.34438

     H   19    Vxx=   -0.0189    axis=(  0.922075  0.235283  0.307277)
     H   19    Vyy=   -0.7613    axis=( -0.386332  0.606590  0.694835)
     H   19    Vzz=    0.7803    axis=( -0.022908 -0.759401  0.650219)
     H   19  Q=         1.0000 1e-30 m^2  Cq=         1.8333 MHz  eta= 0.95150

     C   20    Vxx=   -0.0995    axis=( -0.000008  0.891186 -0.453638)
     C   20    Vyy=   -0.3639    axis=( -0.820980 -0.259014 -0.508825)
     C   20    Vzz=    0.4634    axis=( -0.570956  0.372424  0.731648)
     C   20  Q=         1.0000 1e-30 m^2  Cq=         1.0888 MHz  eta= 0.57044

     H   21    Vxx=   -0.1004    axis=(  0.309581  0.927746 -0.208439)
     H   21    Vyy=   -0.6902    axis=( -0.365648  0.318503  0.874561)
     H   21    Vzz=    0.7907    axis=(  0.877759 -0.194532  0.437831)
     H   21  Q=         1.0000 1e-30 m^2  Cq=         1.8577 MHz  eta= 0.74599

     C   22    Vxx=   -0.0518    axis=( -0.127375  0.989342  0.070552)
     C   22    Vyy=   -0.0882    axis=(  0.059318 -0.063405  0.996223)
     C   22    Vzz=    0.1400    axis=(  0.990079  0.131079 -0.050610)
     C   22  Q=         1.0000 1e-30 m^2  Cq=         0.3289 MHz  eta= 0.25978

     C   23    Vxx=   -0.0335    axis=(  0.451806  0.874457 -0.176626)
     C   23    Vyy=   -0.4041    axis=( -0.773889  0.285679 -0.565229)
     C   23    Vzz=    0.4376    axis=( -0.443810  0.392063  0.805804)
     C   23  Q=         1.0000 1e-30 m^2  Cq=         1.0282 MHz  eta= 0.84699

     Cl  24    Vxx=    0.1809    axis=(  0.018776  0.259326  0.965607)
     Cl  24    Vyy=    2.5227    axis=( -0.798429 -0.577415  0.170598)
     Cl  24    Vzz=   -2.7036    axis=(  0.601797 -0.774172  0.196212)
     Cl  24  Q=        -8.1650 1e-30 m^2  Cq=        51.8667 MHz  eta= 0.86621

     Initialization:
     gipaw_setup  :      9.24s CPU     10.97s WALL (       1 calls)

     Linear response

     Apply operators

     Induced current

     Other routines
     efg          :      9.49s CPU     12.52s WALL (       1 calls)

     General routines
     calbec       :      3.49s CPU      4.84s WALL (      16 calls)
     fft          :      1.47s CPU      2.41s WALL (      15 calls)
     ffts         :      0.03s CPU      0.05s WALL (       2 calls)
     fftw         :      3.24s CPU      3.97s WALL (     672 calls)
     davcio       :      0.03s CPU      0.32s WALL (      32 calls)

     Parallel routines
     fft_scatter  :      2.12s CPU      3.51s WALL (     689 calls)

     Plugins

     GIPAW        :     61.11s CPU     76.02s WALL (       1 calls)
