
     Program QE v.6.0 (svn rev. 13079) starts on  5Jan2017 at 21: 2:40 

     This program is part of the open-source Quantum ESPRESSO suite
     for quantum simulation of materials; please cite
         "P. Giannozzi et al., J. Phys.:Condens. Matter 21 395502 (2009);
          URL http://www.quantum-espresso.org", 
     in publications or presentations arising from this work. More details at
     http://www.quantum-espresso.org/quote

     Parallel version (MPI), running on     8 processors
     R & G space division:  proc/nbgrp/npool/nimage =       8

     ***** This is GIPAW svn revision unknown      *****

     Parallelizing q-star over 1 images

     Reading data from directory:
     /users/majewski/paradichlorobenzene/pbe/9_constraint/scratch/pbe.ecut100.np8.dt60.pcl2phi-129368.save
     Message from routine read_xml_file:
     file /users/majewski/paradichlorobenzene/pbe/9_constraint/scratch/pbe.ecut100.np8.dt60.pcl2phi-129368.save not guaranteed to be safe for post-processing

   Info: using nr1, nr2, nr3 values from input

   Info: using nr1, nr2, nr3 values from input

     IMPORTANT: XC functional enforced from input :
     Exchange-correlation      =  SLA  PW   PBX  PBC ( 1  4  3  4 0 0)
     Any further DFT definition will be discarded
     Please, verify this is what you really want

               file C.pbe-n-kjpaw_psl.1.0.0.UPF: wavefunction(s)  2S 2P renormalized
               file Cl.pbe-n-kjpaw_psl.1.0.0.UPF: wavefunction(s)  3S 3P renormalized
               file H.pbe-kjpaw_psl.1.0.0.UPF: wavefunction(s)  1S renormalized

     Parallelization info
     --------------------
     sticks:   dense  smooth     PW     G-vecs:    dense   smooth      PW
     Min        3057    1223    332               144436    36536    5170
     Max        3059    1225    333               144437    36537    5171
     Sum       24467    9791   2657              1155489   292295   41363


     Subspace diagonalization in iterative solution of the eigenvalue problem:
     a serial algorithm will be used

     GIPAW projectors -----------------------------------------------
     atom=  C    l=0  rc=    1.2000  rs=    0.8000
     atom=  C    l=0  rc=    1.2000  rs=    0.8000
     atom=  C    l=1  rc=    1.4000  rs=    0.9333
     atom=  C    l=1  rc=    1.4000  rs=    0.9333
     projs nearly linearly dependent: l=1  n1,n2= 1, 2  s=  0.99951561

     atom=  Cl   l=0  rc=    1.6000  rs=    1.0667
     atom=  Cl   l=0  rc=    1.6000  rs=    1.0667
     atom=  Cl   l=1  rc=    1.6000  rs=    1.0667
     atom=  Cl   l=1  rc=    1.6000  rs=    1.0667
     atom=  Cl   l=2  rc=    1.6000  rs=    1.0667
     atom=  Cl   l=2  rc=    1.6000  rs=    1.0667
     projs nearly linearly dependent: l=2  n1,n2= 1, 2  s=  0.99993509

     atom=  H    l=0  rc=    1.0000  rs=    0.6667
     atom=  H    l=0  rc=    1.0000  rs=    0.6667
     projs nearly linearly dependent: l=0  n1,n2= 1, 2  s=  0.99968852
     -----------------------------------------------------------------

     GIPAW integrals: -------------------------------------------
     Atom  i/j   nmr_para   nmr_dia   epr_rmc  epr_para   epr_dia
       C   1 1   0.83E+03  0.17E-01  0.93E+01  0.24E+08  0.24E+03
       C   2 1   0.86E+03 -0.61E-01  0.94E+01  0.25E+08  0.25E+03
       C   2 2   0.90E+03 -0.15E+00  0.97E+01  0.26E+08  0.26E+03
       C   3 3   0.33E+01  0.34E+00  0.18E+01  0.55E+03  0.21E+02
       C   4 3   0.35E+01  0.37E+00  0.20E+01  0.59E+03  0.22E+02
       C   4 4   0.38E+01  0.39E+00  0.22E+01  0.63E+03  0.24E+02
       Cl  1 1   0.14E+04 -0.47E+00  0.84E+01  0.32E+09  0.42E+03
       Cl  2 1   0.21E+04 -0.37E+00  0.12E+02  0.49E+09  0.65E+03
       Cl  2 2   0.33E+04 -0.16E+00  0.21E+02  0.76E+09  0.10E+04
       Cl  3 3   0.21E+02  0.79E-01  0.89E+01  0.23E+05  0.13E+03
       Cl  4 3   0.24E+02  0.67E-01  0.99E+01  0.27E+05  0.15E+03
       Cl  4 4   0.28E+02  0.44E-01  0.11E+02  0.32E+05  0.18E+03
       Cl  5 5   0.77E+00  0.19E+00  0.18E+01  0.12E+03  0.22E+02
       Cl  6 5   0.80E+00  0.19E+00  0.19E+01  0.12E+03  0.23E+02
       Cl  6 6   0.83E+00  0.20E+00  0.19E+01  0.12E+03  0.23E+02
       H   1 1   0.39E+02  0.19E+00  0.29E+00  0.78E+05  0.13E+02
       H   2 1   0.41E+02  0.21E+00  0.32E+00  0.82E+05  0.14E+02
       H   2 2   0.43E+02  0.22E+00  0.36E+00  0.86E+05  0.15E+02
     ------------------------------------------------------------

     alpha_pv=     33.7033 eV

     Number of occupied bands for each k-point:
     k-point:     1    nbnd_occ=  42
     k-point:     2    nbnd_occ=  42
     k-point:     3    nbnd_occ=  42
     k-point:     4    nbnd_occ=  42
     k-point:     5    nbnd_occ=  42
     k-point:     6    nbnd_occ=  42
     k-point:     7    nbnd_occ=  42
     k-point:     8    nbnd_occ=  42
     k-point:     9    nbnd_occ=  42
     k-point:    10    nbnd_occ=  42
     k-point:    11    nbnd_occ=  42
     k-point:    12    nbnd_occ=  42
     k-point:    13    nbnd_occ=  42
     k-point:    14    nbnd_occ=  42
     k-point:    15    nbnd_occ=  42
     k-point:    16    nbnd_occ=  42


     q-space interpolation up to   110.00 Rydberg

     GIPAW job: efg                                                                             


     ELECTRIC FIELD GRADIENTS TENSORS IN Hartree/bohrradius^2:

     ----- bare term -----
     Cl   1        0.124622        0.019112       -0.071128
     Cl   1        0.019112       -0.110971        0.179945
     Cl   1       -0.071128        0.179945       -0.013651

     C    2       -0.478151        0.304709       -0.285913
     C    2        0.304709        0.128960       -0.396668
     C    2       -0.285913       -0.396668        0.349190

     C    3       -0.037642       -0.147962       -0.257016
     C    3       -0.147962       -0.058606       -0.696752
     C    3       -0.257016       -0.696752        0.096248

     H    4       -0.158761        0.206504       -0.535181
     H    4        0.206504        0.071213        0.134804
     H    4       -0.535181        0.134804        0.087548

     C    5       -0.365755        0.327075       -0.177551
     C    5        0.327075       -0.043556       -0.313293
     C    5       -0.177551       -0.313293        0.409310

     H    6        0.231166       -0.072880       -0.247221
     H    6       -0.072880       -0.286245       -0.493159
     H    6       -0.247221       -0.493159        0.055079

     H    7        0.273357        0.176439       -0.368157
     H    7        0.176439       -0.016402        0.486076
     H    7       -0.368157        0.486076       -0.256954

     C    8        0.040083       -0.558512        0.120452
     C    8       -0.558512       -0.489181        0.350841
     C    8        0.120452        0.350841        0.449098

     H    9       -0.545559        0.163451       -0.568547
     H    9        0.163451        0.422485        0.142639
     H    9       -0.568547        0.142639        0.123074

     C   10       -0.238676       -0.147779       -0.248602
     C   10       -0.147779       -0.058578        0.321904
     C   10       -0.248602        0.321904        0.297255

     C   11       -0.027324       -0.311596       -0.218883
     C   11       -0.311596       -0.138808        0.600790
     C   11       -0.218883        0.600790        0.166132

     Cl  12       -0.005731        0.021503       -0.117632
     Cl  12        0.021503       -0.052357        0.056659
     Cl  12       -0.117632        0.056659        0.058088

     H   13        0.075949        0.109415        0.386981
     H   13        0.109415        0.079713       -0.411338
     H   13        0.386981       -0.411338       -0.155662

     C   14       -0.066399       -0.143078       -0.555258
     C   14       -0.143078       -0.167612       -0.401636
     C   14       -0.555258       -0.401636        0.234010

     H   15        0.097033       -0.095688       -0.239320
     H   15       -0.095688        0.511253       -0.090626
     H   15       -0.239320       -0.090626       -0.608286

     C   16       -0.181962        0.411350       -0.338447
     C   16        0.411350       -0.185056       -0.128226
     C   16       -0.338447       -0.128226        0.367017

     C   17        0.123290       -0.359269       -0.583828
     C   17       -0.359269       -0.221768       -0.585006
     C   17       -0.583828       -0.585006        0.098478

     Cl  18        0.014125        0.333313        0.048438
     Cl  18        0.333313       -0.162823       -0.025484
     Cl  18        0.048438       -0.025484        0.148697

     H   19        0.389736        0.051146        0.002853
     H   19        0.051146       -0.451329        0.572208
     H   19        0.002853        0.572208        0.061593

     C   20       -0.763797       -0.389631       -0.426107
     C   20       -0.389631        0.378298        0.104554
     C   20       -0.426107        0.104554        0.385499

     H   21       -0.415100       -0.099439       -0.344777
     H   21       -0.099439        0.090614        0.392824
     H   21       -0.344777        0.392824        0.324487

     C   22        0.096754       -0.505361        0.045949
     C   22       -0.505361       -0.382009        0.489822
     C   22        0.045949        0.489822        0.285254

     C   23       -0.533050       -0.308430       -0.407689
     C   23       -0.308430        0.267423        0.074388
     C   23       -0.407689        0.074388        0.265627

     Cl  24       -0.043749       -0.103702        0.069383
     Cl  24       -0.103702        0.028993       -0.113769
     Cl  24        0.069383       -0.113769        0.014756

     ----- ionic term -----
     Cl   1        0.079604       -0.206979        0.059601
     Cl   1       -0.206979        0.047960       -0.036140
     Cl   1        0.059601       -0.036140       -0.127564

     C    2        0.014289       -0.207651        0.420243
     C    2       -0.207651        0.118915        0.342015
     C    2        0.420243        0.342015       -0.133204

     C    3        0.066103       -0.243985        0.253608
     C    3       -0.243985        0.200175        0.349858
     C    3        0.253608        0.349858       -0.266278

     H    4        0.567378        0.167098        0.713661
     H    4        0.167098       -0.447422        0.177238
     H    4        0.713661        0.177238       -0.119956

     C    5        0.183577       -0.174475        0.335462
     C    5       -0.174475        0.068641        0.287574
     C    5        0.335462        0.287574       -0.252218

     H    6       -0.499321        0.112695        0.066113
     H    6        0.112695        0.607365        0.712492
     H    6        0.066113        0.712492       -0.108044

     H    7       -0.527573       -0.097797        0.101597
     H    7       -0.097797        0.423691       -0.803295
     H    7        0.101597       -0.803295        0.103882

     C    8        0.249163        0.209985        0.278964
     C    8        0.209985       -0.020224       -0.313940
     C    8        0.278964       -0.313940       -0.228940

     H    9        0.617296       -0.227077        0.709223
     H    9       -0.227077       -0.518921       -0.200712
     H    9        0.709223       -0.200712       -0.098375

     C   10        0.136616        0.222080        0.189983
     C   10        0.222080        0.079719       -0.397902
     C   10        0.189983       -0.397902       -0.216335

     C   11        0.249561        0.122516        0.247142
     C   11        0.122516        0.015668       -0.413623
     C   11        0.247142       -0.413623       -0.265228

     Cl  12        0.088284        0.185636       -0.023720
     Cl  12        0.185636        0.040520       -0.018355
     Cl  12       -0.023720       -0.018355       -0.128804

     H   13       -0.525160       -0.169554       -0.116719
     H   13       -0.169554        0.376587        0.779870
     H   13       -0.116719        0.779870        0.148573

     C   14        0.141517       -0.311964        0.333448
     C   14       -0.311964       -0.029412        0.262639
     C   14        0.333448        0.262639       -0.112106

     H   15        0.413200        0.182461        0.795662
     H   15        0.182461       -0.511827        0.205808
     H   15        0.795662        0.205808        0.098627

     C   16        0.067085       -0.279551        0.257370
     C   16       -0.279551        0.068998        0.348075
     C   16        0.257370        0.348075       -0.136083

     C   17        0.133312       -0.217498        0.276352
     C   17       -0.217498        0.030519        0.446077
     C   17        0.276352        0.446077       -0.163831

     Cl  18        0.127624       -0.214034       -0.006321
     Cl  18       -0.214034        0.019110        0.020777
     Cl  18       -0.006321        0.020777       -0.146734

     H   19       -0.507192       -0.088530        0.066583
     H   19       -0.088530        0.571080       -0.759701
     H   19        0.066583       -0.759701       -0.063888

     C   20        0.333495        0.185693        0.238406
     C   20        0.185693        0.036427       -0.317077
     C   20        0.238406       -0.317077       -0.369922

     H   21        0.792938       -0.221977        0.579078
     H   21       -0.221977       -0.445800       -0.172397
     H   21        0.579078       -0.172397       -0.347138

     C   22        0.193346        0.254278        0.159550
     C   22        0.254278        0.171793       -0.357906
     C   22        0.159550       -0.357906       -0.365140

     C   23        0.217201        0.181362        0.291547
     C   23        0.181362        0.058005       -0.357995
     C   23        0.291547       -0.357995       -0.275206

     Cl  24        0.140960        0.199597        0.008403
     Cl  24        0.199597       -0.007686       -0.010983
     Cl  24        0.008403       -0.010983       -0.133274

     ----- GIPAW term -----
     Cl   1       -0.309687       -0.837310       -0.565092
     Cl   1       -0.837310        0.475917       -1.737481
     Cl   1       -0.565092       -1.737481       -0.166230

     C    2       -0.112732       -0.096369       -0.021639
     C    2       -0.096369        0.197053       -0.141896
     C    2       -0.021639       -0.141896       -0.084321

     C    3       -0.086419       -0.166445        0.002487
     C    3       -0.166445        0.149363       -0.212200
     C    3        0.002487       -0.212200       -0.062943

     H    4       -0.000000        0.000000        0.000000
     H    4        0.000000        0.000000        0.000000
     H    4        0.000000        0.000000        0.000000

     C    5        0.021990       -0.074345        0.020935
     C    5       -0.074345        0.006347       -0.063076
     C    5        0.020935       -0.063076       -0.028337

     H    6       -0.000000        0.000000        0.000000
     H    6        0.000000        0.000000        0.000000
     H    6        0.000000        0.000000        0.000000

     H    7       -0.000000        0.000000        0.000000
     H    7        0.000000        0.000000        0.000000
     H    7        0.000000        0.000000        0.000000

     C    8        0.069383       -0.195196        0.185692
     C    8       -0.195196       -0.144317       -0.047288
     C    8        0.185692       -0.047288        0.074934

     H    9       -0.000000        0.000000        0.000000
     H    9        0.000000        0.000000        0.000000
     H    9        0.000000        0.000000        0.000000

     C   10        0.066321       -0.077629        0.093688
     C   10       -0.077629       -0.076943       -0.010793
     C   10        0.093688       -0.010793        0.010622

     C   11        0.098684       -0.079086       -0.070065
     C   11       -0.079086        0.039223        0.128715
     C   11       -0.070065        0.128715       -0.137906

     Cl  12        1.283575        2.133087       -1.086620
     Cl  12        2.133087       -0.481149        0.442193
     Cl  12       -1.086620        0.442193       -0.802426

     H   13       -0.000000        0.000000        0.000000
     H   13        0.000000        0.000000        0.000000
     H   13        0.000000        0.000000        0.000000

     C   14        0.109665       -0.114037       -0.238924
     C   14       -0.114037       -0.145863       -0.019382
     C   14       -0.238924       -0.019382        0.036199

     H   15       -0.000000        0.000000        0.000000
     H   15        0.000000        0.000000        0.000000
     H   15        0.000000        0.000000        0.000000

     C   16        0.003082        0.026077       -0.211674
     C   16        0.026077       -0.125528        0.022731
     C   16       -0.211674        0.022731        0.122445

     C   17        0.201110       -0.246770       -0.180496
     C   17       -0.246770       -0.085373       -0.035821
     C   17       -0.180496       -0.035821       -0.115738

     Cl  18        2.831970       -0.859103        0.493268
     Cl  18       -0.859103       -1.294759       -0.117156
     Cl  18        0.493268       -0.117156       -1.537211

     H   19       -0.000000        0.000000        0.000000
     H   19        0.000000        0.000000        0.000000
     H   19        0.000000        0.000000        0.000000

     C   20       -0.169440       -0.160305       -0.012536
     C   20       -0.160305        0.188416       -0.100691
     C   20       -0.012536       -0.100691       -0.018975

     H   21       -0.000000        0.000000        0.000000
     H   21        0.000000        0.000000        0.000000
     H   21        0.000000        0.000000        0.000000

     C   22       -0.042018       -0.189598        0.098755
     C   22       -0.189598        0.085248       -0.101257
     C   22        0.098755       -0.101257       -0.043230

     C   23       -0.010620       -0.140830        0.056227
     C   23       -0.140830        0.103516       -0.128640
     C   23        0.056227       -0.128640       -0.092896

     Cl  24        0.250985        0.273238        1.034693
     Cl  24        0.273238        0.886803       -1.892685
     Cl  24        1.034693       -1.892685       -1.137788

     ----- total EFG -----
     Cl   1       -0.105461       -1.025177       -0.576619
     Cl   1       -1.025177        0.412906       -1.593676
     Cl   1       -0.576619       -1.593676       -0.307446

     C    2       -0.576594        0.000689        0.112691
     C    2        0.000689        0.444928       -0.196549
     C    2        0.112691       -0.196549        0.131666

     C    3       -0.057959       -0.558392       -0.000922
     C    3       -0.558392        0.290931       -0.559094
     C    3       -0.000922       -0.559094       -0.232973

     H    4        0.408617        0.373602        0.178481
     H    4        0.373602       -0.376209        0.312042
     H    4        0.178481        0.312042       -0.032408

     C    5       -0.160188        0.078256        0.178846
     C    5        0.078256        0.031432       -0.088795
     C    5        0.178846       -0.088795        0.128756

     H    6       -0.268155        0.039816       -0.181108
     H    6        0.039816        0.321120        0.219334
     H    6       -0.181108        0.219334       -0.052965

     H    7       -0.254216        0.078642       -0.266560
     H    7        0.078642        0.407289       -0.317220
     H    7       -0.266560       -0.317220       -0.153072

     C    8        0.358630       -0.543723        0.585108
     C    8       -0.543723       -0.653721       -0.010387
     C    8        0.585108       -0.010387        0.295091

     H    9        0.071737       -0.063626        0.140676
     H    9       -0.063626       -0.096436       -0.058073
     H    9        0.140676       -0.058073        0.024699

     C   10       -0.035740       -0.003328        0.035069
     C   10       -0.003328       -0.055803       -0.086791
     C   10        0.035069       -0.086791        0.091543

     C   11        0.320920       -0.268166       -0.041806
     C   11       -0.268166       -0.083917        0.315882
     C   11       -0.041806        0.315882       -0.237003

     Cl  12        1.366128        2.340225       -1.227972
     Cl  12        2.340225       -0.492986        0.480497
     Cl  12       -1.227972        0.480497       -0.873143

     H   13       -0.449211       -0.060139        0.270262
     H   13       -0.060139        0.456300        0.368532
     H   13        0.270262        0.368532       -0.007089

     C   14        0.184783       -0.569079       -0.460733
     C   14       -0.569079       -0.342887       -0.158379
     C   14       -0.460733       -0.158379        0.158104

     H   15        0.510233        0.086773        0.556342
     H   15        0.086773       -0.000574        0.115182
     H   15        0.556342        0.115182       -0.509659

     C   16       -0.111795        0.157876       -0.292751
     C   16        0.157876       -0.241586        0.242580
     C   16       -0.292751        0.242580        0.353380

     C   17        0.457713       -0.823536       -0.487973
     C   17       -0.823536       -0.276622       -0.174750
     C   17       -0.487973       -0.174750       -0.181091

     Cl  18        2.973719       -0.739824        0.535384
     Cl  18       -0.739824       -1.438472       -0.121864
     Cl  18        0.535384       -0.121864       -1.535248

     H   19       -0.117456       -0.037384        0.069435
     H   19       -0.037384        0.119751       -0.187493
     H   19        0.069435       -0.187493       -0.002295

     C   20       -0.599742       -0.364243       -0.200237
     C   20       -0.364243        0.603141       -0.313214
     C   20       -0.200237       -0.313214       -0.003399

     H   21        0.377838       -0.321417        0.234300
     H   21       -0.321417       -0.355186        0.220427
     H   21        0.234300        0.220427       -0.022651

     C   22        0.248083       -0.440681        0.304253
     C   22       -0.440681       -0.124967        0.030659
     C   22        0.304253        0.030659       -0.123115

     C   23       -0.326469       -0.267898       -0.059915
     C   23       -0.267898        0.428945       -0.412247
     C   23       -0.059915       -0.412247       -0.102475

     Cl  24        0.348196        0.369133        1.112479
     Cl  24        0.369133        0.908110       -2.017437
     Cl  24        1.112479       -2.017437       -1.256306

     ----- total EFG (symmetrized) -----
     Cl   1       -0.105461       -1.025177       -0.576619
     Cl   1       -1.025177        0.412906       -1.593676
     Cl   1       -0.576619       -1.593676       -0.307446

     C    2       -0.576594        0.000689        0.112691
     C    2        0.000689        0.444928       -0.196549
     C    2        0.112691       -0.196549        0.131666

     C    3       -0.057959       -0.558392       -0.000922
     C    3       -0.558392        0.290931       -0.559094
     C    3       -0.000922       -0.559094       -0.232973

     H    4        0.408617        0.373602        0.178481
     H    4        0.373602       -0.376209        0.312042
     H    4        0.178481        0.312042       -0.032408

     C    5       -0.160188        0.078256        0.178846
     C    5        0.078256        0.031432       -0.088795
     C    5        0.178846       -0.088795        0.128756

     H    6       -0.268155        0.039816       -0.181108
     H    6        0.039816        0.321120        0.219334
     H    6       -0.181108        0.219334       -0.052965

     H    7       -0.254216        0.078642       -0.266560
     H    7        0.078642        0.407289       -0.317220
     H    7       -0.266560       -0.317220       -0.153072

     C    8        0.358630       -0.543723        0.585108
     C    8       -0.543723       -0.653721       -0.010387
     C    8        0.585108       -0.010387        0.295091

     H    9        0.071737       -0.063626        0.140676
     H    9       -0.063626       -0.096436       -0.058073
     H    9        0.140676       -0.058073        0.024699

     C   10       -0.035740       -0.003328        0.035069
     C   10       -0.003328       -0.055803       -0.086791
     C   10        0.035069       -0.086791        0.091543

     C   11        0.320920       -0.268166       -0.041806
     C   11       -0.268166       -0.083917        0.315882
     C   11       -0.041806        0.315882       -0.237003

     Cl  12        1.366128        2.340225       -1.227972
     Cl  12        2.340225       -0.492986        0.480497
     Cl  12       -1.227972        0.480497       -0.873143

     H   13       -0.449211       -0.060139        0.270262
     H   13       -0.060139        0.456300        0.368532
     H   13        0.270262        0.368532       -0.007089

     C   14        0.184783       -0.569079       -0.460733
     C   14       -0.569079       -0.342887       -0.158379
     C   14       -0.460733       -0.158379        0.158104

     H   15        0.510233        0.086773        0.556342
     H   15        0.086773       -0.000574        0.115182
     H   15        0.556342        0.115182       -0.509659

     C   16       -0.111795        0.157876       -0.292751
     C   16        0.157876       -0.241586        0.242580
     C   16       -0.292751        0.242580        0.353380

     C   17        0.457713       -0.823536       -0.487973
     C   17       -0.823536       -0.276622       -0.174750
     C   17       -0.487973       -0.174750       -0.181091

     Cl  18        2.973719       -0.739824        0.535384
     Cl  18       -0.739824       -1.438472       -0.121864
     Cl  18        0.535384       -0.121864       -1.535248

     H   19       -0.117456       -0.037384        0.069435
     H   19       -0.037384        0.119751       -0.187493
     H   19        0.069435       -0.187493       -0.002295

     C   20       -0.599742       -0.364243       -0.200237
     C   20       -0.364243        0.603141       -0.313214
     C   20       -0.200237       -0.313214       -0.003399

     H   21        0.377838       -0.321417        0.234300
     H   21       -0.321417       -0.355186        0.220427
     H   21        0.234300        0.220427       -0.022651

     C   22        0.248083       -0.440681        0.304253
     C   22       -0.440681       -0.124967        0.030659
     C   22        0.304253        0.030659       -0.123115

     C   23       -0.326469       -0.267898       -0.059915
     C   23       -0.267898        0.428945       -0.412247
     C   23       -0.059915       -0.412247       -0.102475

     Cl  24        0.348196        0.369133        1.112479
     Cl  24        0.369133        0.908110       -2.017437
     Cl  24        1.112479       -2.017437       -1.256306


     NQR/NMR SPECTROSCOPIC PARAMETERS:
     Cl   1    Vxx=    0.3605    axis=(  0.837431 -0.076180 -0.541208)
     Cl   1    Vyy=    1.8107    axis=( -0.270014  0.803285 -0.530872)
     Cl   1    Vzz=   -2.1712    axis=(  0.475187  0.590703  0.652126)
     Cl   1  Q=        -8.1650 1e-30 m^2  Cq=        41.6530 MHz  eta= 0.66797

     C    2    Vxx=    0.0533    axis=(  0.158381  0.442675  0.882584)
     C    2    Vyy=    0.5417    axis=( -0.043945  0.896141 -0.441589)
     C    2    Vzz=   -0.5951    axis=( -0.986400  0.031154  0.161385)
     C    2  Q=         1.0000 1e-30 m^2  Cq=        -1.3981 MHz  eta= 0.82084

     C    3    Vxx=   -0.1392    axis=( -0.744102 -0.109329  0.659059)
     C    3    Vyy=   -0.7556    axis=(  0.479999  0.598668  0.641247)
     C    3    Vzz=    0.8948    axis=(  0.464665 -0.793501  0.392992)
     C    3  Q=         1.0000 1e-30 m^2  Cq=         2.1025 MHz  eta= 0.68891

     H    4    Vxx=   -0.0554    axis=( -0.502821  0.225993  0.834325)
     H    4    Vyy=   -0.6213    axis=( -0.252915  0.884512 -0.392011)
     H    4    Vzz=    0.6768    axis=( -0.826562 -0.408124 -0.387594)
     H    4  Q=         1.0000 1e-30 m^2  Cq=         1.5902 MHz  eta= 0.83614

     C    5    Vxx=    0.0569    axis=(  0.409706  0.906644  0.100683)
     C    5    Vyy=    0.2268    axis=( -0.360581  0.262342 -0.895075)
     C    5    Vzz=   -0.2838    axis=( -0.837927  0.330414  0.434401)
     C    5  Q=         1.0000 1e-30 m^2  Cq=        -0.6667 MHz  eta= 0.59872

     H    6    Vxx=   -0.0225    axis=( -0.587157 -0.386076  0.711472)
     H    6    Vyy=   -0.4023    axis=( -0.807071  0.211556 -0.551253)
     H    6    Vzz=    0.4248    axis=( -0.062309  0.897881  0.435807)
     H    6  Q=         1.0000 1e-30 m^2  Cq=         0.9981 MHz  eta= 0.89397

     H    7    Vxx=   -0.0901    axis=( -0.685880  0.465288  0.559532)
     H    7    Vyy=   -0.5015    axis=( -0.693099 -0.183358 -0.697133)
     H    7    Vzz=    0.5916    axis=( -0.221773 -0.865960  0.448252)
     H    7  Q=         1.0000 1e-30 m^2  Cq=         1.3901 MHz  eta= 0.69539

     C    8    Vxx=   -0.0775    axis=( -0.477642  0.437002  0.762159)
     C    8    Vyy=   -0.9385    axis=( -0.456846 -0.864547  0.209405)
     C    8    Vzz=    1.0161    axis=(  0.750433 -0.248169  0.612587)
     C    8  Q=         1.0000 1e-30 m^2  Cq=         2.3874 MHz  eta= 0.84735

     H    9    Vxx=   -0.0940    axis=( -0.667588 -0.112111  0.736042)
     H    9    Vyy=   -0.1206    axis=( -0.126253 -0.957234 -0.260312)
     H    9    Vzz=    0.2147    axis=(  0.733749 -0.266709  0.624884)
     H    9  Q=         1.0000 1e-30 m^2  Cq=         0.5044 MHz  eta= 0.12378

     C   10    Vxx=   -0.0397    axis=(  0.961846  0.260050 -0.085012)
     C   10    Vyy=   -0.0983    axis=( -0.198452  0.877040  0.437513)
     C   10    Vzz=    0.1381    axis=(  0.188334 -0.403949  0.895184)
     C   10  Q=         1.0000 1e-30 m^2  Cq=         0.3244 MHz  eta= 0.42442

     C   11    Vxx=    0.0053    axis=(  0.552039  0.552288  0.624684)
     C   11    Vyy=    0.5038    axis=( -0.815271  0.514654  0.265453)
     C   11    Vzz=   -0.5091    axis=( -0.174889 -0.655827  0.734374)
     C   11  Q=         1.0000 1e-30 m^2  Cq=        -1.1963 MHz  eta= 0.97908

     Cl  12    Vxx=   -0.3562    axis=( -0.139156  0.538491  0.831061)
     Cl  12    Vyy=   -2.7470    axis=(  0.534296 -0.665764  0.520851)
     Cl  12    Vzz=    3.1032    axis=( -0.833764 -0.516513  0.195069)
     Cl  12  Q=        -8.1650 1e-30 m^2  Cq=       -59.5330 MHz  eta= 0.77044

     H   13    Vxx=   -0.0413    axis=(  0.536696 -0.459326  0.707797)
     H   13    Vyy=   -0.6245    axis=( -0.840416 -0.216214  0.496944)
     H   13    Vzz=    0.6658    axis=(  0.075224  0.861552  0.502066)
     H   13  Q=         1.0000 1e-30 m^2  Cq=         1.5644 MHz  eta= 0.87588

     C   14    Vxx=    0.1198    axis=(  0.265625 -0.588142  0.763893)
     C   14    Vyy=    0.7393    axis=(  0.780941 -0.333353 -0.528210)
     C   14    Vzz=   -0.8592    axis=( -0.565309 -0.736862 -0.370757)
     C   14  Q=         1.0000 1e-30 m^2  Cq=        -2.0187 MHz  eta= 0.72104

     H   15    Vxx=   -0.0144    axis=(  0.184750 -0.982562 -0.020979)
     H   15    Vyy=   -0.7610    axis=( -0.393792 -0.093569  0.914425)
     H   15    Vzz=    0.7755    axis=( -0.900442 -0.160679 -0.404212)
     H   15  Q=         1.0000 1e-30 m^2  Cq=         1.8220 MHz  eta= 0.96278

     C   16    Vxx=   -0.0210    axis=(  0.729148  0.670802  0.135530)
     C   16    Vyy=   -0.5062    axis=( -0.579923  0.710792 -0.398075)
     C   16    Vzz=    0.5272    axis=( -0.363363  0.211659  0.907286)
     C   16  Q=         1.0000 1e-30 m^2  Cq=         1.2387 MHz  eta= 0.92046

     C   17    Vxx=   -0.0518    axis=( -0.036669 -0.526117  0.849621)
     C   17    Vyy=   -1.0249    axis=( -0.542053 -0.703783 -0.459203)
     C   17    Vzz=    1.0767    axis=( -0.839544  0.477378  0.259376)
     C   17  Q=         1.0000 1e-30 m^2  Cq=         2.5299 MHz  eta= 0.90375

     Cl  18    Vxx=   -1.5399    axis=(  0.197339  0.847994 -0.491899)
     Cl  18    Vyy=   -1.6185    axis=( -0.019240  0.505019  0.862894)
     Cl  18    Vzz=    3.1585    axis=( -0.980147  0.160818 -0.115975)
     Cl  18  Q=        -8.1650 1e-30 m^2  Cq=       -60.5934 MHz  eta= 0.02487

     H   19    Vxx=   -0.1006    axis=(  0.733429  0.508339  0.451301)
     H   19    Vyy=   -0.1684    axis=(  0.654927 -0.350598 -0.669442)
     H   19    Vzz=    0.2691    axis=(  0.182078 -0.786557  0.590064)
     H   19  Q=         1.0000 1e-30 m^2  Cq=         0.6322 MHz  eta= 0.25190

     C   20    Vxx=    0.0148    axis=( -0.414938  0.213906  0.884348)
     C   20    Vyy=    0.7879    axis=(  0.197716 -0.927546  0.317124)
     C   20    Vzz=   -0.8027    axis=(  0.888108  0.306436  0.342581)
     C   20  Q=         1.0000 1e-30 m^2  Cq=        -1.8859 MHz  eta= 0.96314

     H   21    Vxx=    0.0796    axis=( -0.113173  0.514568  0.849948)
     H   21    Vyy=    0.5405    axis=( -0.923103  0.261973 -0.281515)
     H   21    Vzz=   -0.6201    axis=( -0.367522 -0.816450  0.445351)
     H   21  Q=         1.0000 1e-30 m^2  Cq=        -1.4570 MHz  eta= 0.74327

     C   22    Vxx=   -0.0949    axis=(  0.017456  0.577237  0.816390)
     C   22    Vyy=   -0.5245    axis=(  0.569584  0.665331 -0.482607)
     C   22    Vzz=    0.6194    axis=(  0.821748 -0.473427  0.317171)
     C   22  Q=         1.0000 1e-30 m^2  Cq=         1.4553 MHz  eta= 0.69347

     C   23    Vxx=   -0.1701    axis=(  0.647169 -0.214093 -0.731667)
     C   23    Vyy=   -0.5266    axis=(  0.734589  0.431758  0.523417)
     C   23    Vzz=    0.6967    axis=( -0.203843  0.876213 -0.436690)
     C   23  Q=         1.0000 1e-30 m^2  Cq=         1.6370 MHz  eta= 0.51170

     Cl  24    Vxx=    0.7140    axis=(  0.927422  0.315990  0.200096)
     Cl  24    Vyy=    2.1577    axis=( -0.164320  0.824837 -0.540965)
     Cl  24    Vzz=   -2.8717    axis=( -0.335986  0.468823  0.816895)
     Cl  24  Q=        -8.1650 1e-30 m^2  Cq=        55.0919 MHz  eta= 0.50274

     Initialization:
     gipaw_setup  :      9.37s CPU     11.28s WALL (       1 calls)

     Linear response

     Apply operators

     Induced current

     Other routines
     efg          :      9.48s CPU     12.20s WALL (       1 calls)

     General routines
     calbec       :      3.48s CPU      4.83s WALL (      16 calls)
     fft          :      1.42s CPU      1.79s WALL (      15 calls)
     ffts         :      0.04s CPU      0.05s WALL (       2 calls)
     fftw         :      3.34s CPU      4.14s WALL (     672 calls)
     davcio       :      0.02s CPU      0.32s WALL (      32 calls)

     Parallel routines
     fft_scatter  :      2.11s CPU      3.03s WALL (     689 calls)

     Plugins

     GIPAW        :     61.51s CPU     73.33s WALL (       1 calls)
