
     Program QE v.6.0 (svn rev. 13079) starts on 21Dec2016 at 10:43:34 

     This program is part of the open-source Quantum ESPRESSO suite
     for quantum simulation of materials; please cite
         "P. Giannozzi et al., J. Phys.:Condens. Matter 21 395502 (2009);
          URL http://www.quantum-espresso.org", 
     in publications or presentations arising from this work. More details at
     http://www.quantum-espresso.org/quote

     Parallel version (MPI), running on     8 processors
     R & G space division:  proc/nbgrp/npool/nimage =       8

     ***** This is GIPAW svn revision unknown      *****

     Parallelizing q-star over 1 images

     Reading data from directory:
     /users/majewski/paradichlorobenzene/pbe/9_constraint/scratch/pbe.ecut100.np8.dt60.pcl2phi-129368.save
     Message from routine read_xml_file:
     file /users/majewski/paradichlorobenzene/pbe/9_constraint/scratch/pbe.ecut100.np8.dt60.pcl2phi-129368.save not guaranteed to be safe for post-processing

   Info: using nr1, nr2, nr3 values from input

   Info: using nr1, nr2, nr3 values from input

     IMPORTANT: XC functional enforced from input :
     Exchange-correlation      =  SLA  PW   PBX  PBC ( 1  4  3  4 0 0)
     Any further DFT definition will be discarded
     Please, verify this is what you really want

               file C.pbe-n-kjpaw_psl.1.0.0.UPF: wavefunction(s)  2S 2P renormalized
               file Cl.pbe-n-kjpaw_psl.1.0.0.UPF: wavefunction(s)  3S 3P renormalized
               file H.pbe-kjpaw_psl.1.0.0.UPF: wavefunction(s)  1S renormalized

     Parallelization info
     --------------------
     sticks:   dense  smooth     PW     G-vecs:    dense   smooth      PW
     Min        3057    1223    332               144436    36536    5170
     Max        3059    1225    333               144437    36537    5171
     Sum       24467    9791   2657              1155489   292295   41363


     Subspace diagonalization in iterative solution of the eigenvalue problem:
     a serial algorithm will be used

     GIPAW projectors -----------------------------------------------
     atom=  C    l=0  rc=    1.2000  rs=    0.8000
     atom=  C    l=0  rc=    1.2000  rs=    0.8000
     atom=  C    l=1  rc=    1.4000  rs=    0.9333
     atom=  C    l=1  rc=    1.4000  rs=    0.9333
     projs nearly linearly dependent: l=1  n1,n2= 1, 2  s=  0.99951561

     atom=  Cl   l=0  rc=    1.6000  rs=    1.0667
     atom=  Cl   l=0  rc=    1.6000  rs=    1.0667
     atom=  Cl   l=1  rc=    1.6000  rs=    1.0667
     atom=  Cl   l=1  rc=    1.6000  rs=    1.0667
     atom=  Cl   l=2  rc=    1.6000  rs=    1.0667
     atom=  Cl   l=2  rc=    1.6000  rs=    1.0667
     projs nearly linearly dependent: l=2  n1,n2= 1, 2  s=  0.99993509

     atom=  H    l=0  rc=    1.0000  rs=    0.6667
     atom=  H    l=0  rc=    1.0000  rs=    0.6667
     projs nearly linearly dependent: l=0  n1,n2= 1, 2  s=  0.99968852
     -----------------------------------------------------------------

     GIPAW integrals: -------------------------------------------
     Atom  i/j   nmr_para   nmr_dia   epr_rmc  epr_para   epr_dia
       C   1 1   0.83E+03  0.17E-01  0.93E+01  0.24E+08  0.24E+03
       C   2 1   0.86E+03 -0.61E-01  0.94E+01  0.25E+08  0.25E+03
       C   2 2   0.90E+03 -0.15E+00  0.97E+01  0.26E+08  0.26E+03
       C   3 3   0.33E+01  0.34E+00  0.18E+01  0.55E+03  0.21E+02
       C   4 3   0.35E+01  0.37E+00  0.20E+01  0.59E+03  0.22E+02
       C   4 4   0.38E+01  0.39E+00  0.22E+01  0.63E+03  0.24E+02
       Cl  1 1   0.14E+04 -0.47E+00  0.84E+01  0.32E+09  0.42E+03
       Cl  2 1   0.21E+04 -0.37E+00  0.12E+02  0.49E+09  0.65E+03
       Cl  2 2   0.33E+04 -0.16E+00  0.21E+02  0.76E+09  0.10E+04
       Cl  3 3   0.21E+02  0.79E-01  0.89E+01  0.23E+05  0.13E+03
       Cl  4 3   0.24E+02  0.67E-01  0.99E+01  0.27E+05  0.15E+03
       Cl  4 4   0.28E+02  0.44E-01  0.11E+02  0.32E+05  0.18E+03
       Cl  5 5   0.77E+00  0.19E+00  0.18E+01  0.12E+03  0.22E+02
       Cl  6 5   0.80E+00  0.19E+00  0.19E+01  0.12E+03  0.23E+02
       Cl  6 6   0.83E+00  0.20E+00  0.19E+01  0.12E+03  0.23E+02
       H   1 1   0.39E+02  0.19E+00  0.29E+00  0.78E+05  0.13E+02
       H   2 1   0.41E+02  0.21E+00  0.32E+00  0.82E+05  0.14E+02
       H   2 2   0.43E+02  0.22E+00  0.36E+00  0.86E+05  0.15E+02
     ------------------------------------------------------------

     alpha_pv=     33.8099 eV

     Number of occupied bands for each k-point:
     k-point:     1    nbnd_occ=  42
     k-point:     2    nbnd_occ=  42
     k-point:     3    nbnd_occ=  42
     k-point:     4    nbnd_occ=  42
     k-point:     5    nbnd_occ=  42
     k-point:     6    nbnd_occ=  42
     k-point:     7    nbnd_occ=  42
     k-point:     8    nbnd_occ=  42
     k-point:     9    nbnd_occ=  42
     k-point:    10    nbnd_occ=  42
     k-point:    11    nbnd_occ=  42
     k-point:    12    nbnd_occ=  42
     k-point:    13    nbnd_occ=  42
     k-point:    14    nbnd_occ=  42
     k-point:    15    nbnd_occ=  42
     k-point:    16    nbnd_occ=  42


     q-space interpolation up to   110.00 Rydberg

     GIPAW job: efg                                                                             


     ELECTRIC FIELD GRADIENTS TENSORS IN Hartree/bohrradius^2:

     ----- bare term -----
     Cl   1       -0.233545        0.174043       -0.040637
     Cl   1        0.174043        0.066972        0.137328
     Cl   1       -0.040637        0.137328        0.166573

     C    2        0.015805       -0.245691       -0.487868
     C    2       -0.245691       -0.190721       -0.559810
     C    2       -0.487868       -0.559810        0.174916

     C    3       -0.216809        0.399512       -0.371199
     C    3        0.399512       -0.222262       -0.220322
     C    3       -0.371199       -0.220322        0.439070

     H    4        0.093641       -0.108311       -0.353019
     H    4       -0.108311        0.427400        0.126405
     H    4       -0.353019        0.126405       -0.521040

     C    5       -0.169963        0.029974       -0.349733
     C    5        0.029974       -0.286805       -0.319241
     C    5       -0.349733       -0.319241        0.456768

     H    6        0.323149        0.079544        0.304201
     H    6        0.079544        0.012804       -0.500748
     H    6        0.304201       -0.500748       -0.335952

     H    7        0.306337        0.170414        0.013848
     H    7        0.170414       -0.522635        0.449718
     H    7        0.013848        0.449718        0.216297

     C    8       -0.562064       -0.309988       -0.295023
     C    8       -0.309988        0.144343        0.213139
     C    8       -0.295023        0.213139        0.417721

     H    9       -0.590463       -0.078069       -0.180753
     H    9       -0.078069        0.286827        0.290331
     H    9       -0.180753        0.290331        0.303636

     C   10       -0.006630        0.013876       -0.267457
     C   10        0.013876       -0.167710        0.548519
     C   10       -0.267457        0.548519        0.174339

     C   11       -0.603359       -0.382021       -0.295882
     C   11       -0.382021        0.264636        0.281750
     C   11       -0.295882        0.281750        0.338723

     Cl  12       -0.019674       -0.025611       -0.055788
     Cl  12       -0.025611        0.127387        0.057031
     Cl  12       -0.055788        0.057031       -0.107713

     H   13        0.513388       -0.005634       -0.079571
     H   13       -0.005634       -0.254864       -0.368105
     H   13       -0.079571       -0.368105       -0.258524

     C   14       -0.696986        0.335028       -0.231206
     C   14        0.335028        0.335707       -0.303853
     C   14       -0.231206       -0.303853        0.361279

     H   15       -0.094621        0.104885       -0.553257
     H   15        0.104885        0.093091        0.168148
     H   15       -0.553257        0.168148        0.001530

     C   16        0.069053        0.009098       -0.214622
     C   16        0.009098       -0.034011       -0.627892
     C   16       -0.214622       -0.627892       -0.035042

     C   17       -0.624746        0.381537       -0.383201
     C   17        0.381537        0.339022       -0.213206
     C   17       -0.383201       -0.213206        0.285724

     Cl  18        0.144102       -0.113705       -0.025405
     Cl  18       -0.113705       -0.327701       -0.039777
     Cl  18       -0.025405       -0.039777        0.183599

     H   19        0.466438        0.132151       -0.015039
     H   19        0.132151       -0.801457        0.111545
     H   19       -0.015039        0.111545        0.335020

     C   20       -0.246251       -0.109764       -0.278604
     C   20       -0.109764        0.010323        0.541303
     C   20       -0.278604        0.541303        0.235928

     H   21       -0.456510        0.484719       -0.038443
     H   21        0.484719        0.197899       -0.055931
     H   21       -0.038443       -0.055931        0.258611

     C   22       -0.518813       -0.356195       -0.178389
     C   22       -0.356195        0.128633        0.416386
     C   22       -0.178389        0.416386        0.390179

     C   23       -0.141838        0.312958       -0.333834
     C   23        0.312958       -0.030745        0.727400
     C   23       -0.333834        0.727400        0.172583

     Cl  24       -0.198168       -0.231177       -0.047032
     Cl  24       -0.231177        0.155283        0.136870
     Cl  24       -0.047032        0.136870        0.042885

     ----- ionic term -----
     Cl   1        0.155987       -0.200261        0.015653
     Cl   1       -0.200261       -0.015772       -0.001956
     Cl   1        0.015653       -0.001956       -0.140215

     C    2        0.193108       -0.239396        0.324770
     C    2       -0.239396       -0.052230        0.388903
     C    2        0.324770        0.388903       -0.140878

     C    3        0.064526       -0.371913        0.218247
     C    3       -0.371913        0.102310        0.359653
     C    3        0.218247        0.359653       -0.166836

     H    4        0.471218        0.061427        0.798379
     H    4        0.061427       -0.543956        0.143815
     H    4        0.798379        0.143815        0.072739

     C    5        0.146103       -0.349230        0.299730
     C    5       -0.349230        0.029640        0.266143
     C    5        0.299730        0.266143       -0.175742

     H    6       -0.519344       -0.106047       -0.031630
     H    6       -0.106047        0.437561        0.770361
     H    6       -0.031630        0.770361        0.081783

     H    7       -0.509127       -0.129306        0.043325
     H    7       -0.129306        0.855328       -0.554714
     H    7        0.043325       -0.554714       -0.346201

     C    8        0.341450        0.121852        0.242830
     C    8        0.121852        0.127072       -0.286219
     C    8        0.242830       -0.286219       -0.468522

     H    9        0.722140       -0.370681        0.553023
     H    9       -0.370681       -0.359866       -0.224477
     H    9        0.553023       -0.224477       -0.362274

     C   10        0.157103        0.215391        0.149323
     C   10        0.215391        0.294619       -0.360796
     C   10        0.149323       -0.360796       -0.451722

     C   11        0.216350        0.198993        0.247536
     C   11        0.198993        0.211410       -0.334270
     C   11        0.247536       -0.334270       -0.427759

     Cl  12        0.132369        0.232228        0.015274
     Cl  12        0.232228        0.025700        0.003919
     Cl  12        0.015274        0.003919       -0.158070

     H   13       -0.542804        0.048289        0.032857
     H   13        0.048289        0.527671        0.777341
     H   13        0.032857        0.777341        0.015133

     C   14        0.178514       -0.204182        0.322861
     C   14       -0.204182        0.008938        0.288174
     C   14        0.322861        0.288174       -0.187452

     H   15        0.523046        0.309788        0.701934
     H   15        0.309788       -0.414987        0.256858
     H   15        0.701934        0.256858       -0.108059

     C   16        0.043259       -0.191883        0.229826
     C   16       -0.191883        0.158944        0.401168
     C   16        0.229826        0.401168       -0.202204

     C   17        0.003111       -0.239279        0.321372
     C   17       -0.239279        0.131602        0.407408
     C   17        0.321372        0.407408       -0.134712

     Cl  18        0.069182       -0.216385        0.003062
     Cl  18       -0.216385        0.074844        0.006176
     Cl  18        0.003062        0.006176       -0.144026

     H   19       -0.509810       -0.054448        0.051197
     H   19       -0.054448        0.686754       -0.682737
     H   19        0.051197       -0.682737       -0.176944

     C   20        0.327730        0.223629        0.243204
     C   20        0.223629        0.074036       -0.274421
     C   20        0.243204       -0.274421       -0.401766

     H   21        0.798335       -0.250599        0.557292
     H   21       -0.250599       -0.442993       -0.179715
     H   21        0.557292       -0.179715       -0.355342

     C   22        0.249842        0.229858        0.182263
     C   22        0.229858        0.146398       -0.324722
     C   22        0.182263       -0.324722       -0.396240

     C   23        0.351654        0.035577        0.290944
     C   23        0.035577        0.036319       -0.360478
     C   23        0.290944       -0.360478       -0.387972

     Cl  24        0.160059        0.163910        0.012692
     Cl  24        0.163910       -0.019817       -0.005690
     Cl  24        0.012692       -0.005690       -0.140241

     ----- GIPAW term -----
     Cl   1       -0.147114       -1.602907       -0.347581
     Cl   1       -1.602907        0.802154        1.324633
     Cl   1       -0.347581        1.324633       -0.655040

     C    2        0.110048       -0.239353       -0.135380
     C    2       -0.239353       -0.026873       -0.040954
     C    2       -0.135380       -0.040954       -0.083175

     C    3       -0.029381        0.044569       -0.227415
     C    3        0.044569       -0.137477       -0.010649
     C    3       -0.227415       -0.010649        0.166858

     H    4       -0.000000        0.000000        0.000000
     H    4        0.000000        0.000000        0.000000
     H    4        0.000000        0.000000        0.000000

     C    5       -0.074722       -0.052145       -0.129529
     C    5       -0.052145       -0.135021        0.058158
     C    5       -0.129529        0.058158        0.209743

     H    6       -0.000000        0.000000        0.000000
     H    6        0.000000        0.000000        0.000000
     H    6        0.000000        0.000000        0.000000

     H    7       -0.000000        0.000000        0.000000
     H    7        0.000000        0.000000        0.000000
     H    7        0.000000        0.000000        0.000000

     C    8       -0.083106        0.078960       -0.043472
     C    8        0.078960        0.117723       -0.006016
     C    8       -0.043472       -0.006016       -0.034617

     H    9       -0.000000        0.000000        0.000000
     H    9        0.000000        0.000000        0.000000
     H    9        0.000000        0.000000        0.000000

     C   10       -0.093896        0.111057       -0.069640
     C   10        0.111057        0.174693       -0.030414
     C   10       -0.069640       -0.030414       -0.080797

     C   11       -0.156480        0.061647       -0.025652
     C   11        0.061647        0.274562        0.093819
     C   11       -0.025652        0.093819       -0.118082

     Cl  12        0.056651        1.413861       -0.309697
     Cl  12        1.413861        2.447396        0.940889
     Cl  12       -0.309697        0.940889       -2.504047

     H   13       -0.000000        0.000000        0.000000
     H   13        0.000000        0.000000        0.000000
     H   13        0.000000        0.000000        0.000000

     C   14       -0.199534       -0.022668        0.003263
     C   14       -0.022668        0.245372       -0.111794
     C   14        0.003263       -0.111794       -0.045838

     H   15       -0.000000        0.000000        0.000000
     H   15        0.000000        0.000000        0.000000
     H   15        0.000000        0.000000        0.000000

     C   16       -0.101467       -0.052970       -0.019730
     C   16       -0.052970        0.220798       -0.140409
     C   16       -0.019730       -0.140409       -0.119332

     C   17       -0.159486        0.012750       -0.051424
     C   17        0.012750        0.304371       -0.008761
     C   17       -0.051424       -0.008761       -0.144886

     Cl  18        0.258952        0.146836        0.106875
     Cl  18        0.146836        1.479805        0.331500
     Cl  18        0.106875        0.331500       -1.738757

     H   19       -0.000000        0.000000        0.000000
     H   19        0.000000        0.000000        0.000000
     H   19        0.000000        0.000000        0.000000

     C   20       -0.113927       -0.051969       -0.051059
     C   20       -0.051969        0.150498        0.241127
     C   20       -0.051059        0.241127       -0.036571

     H   21       -0.000000        0.000000        0.000000
     H   21        0.000000        0.000000        0.000000
     H   21        0.000000        0.000000        0.000000

     C   22       -0.204568       -0.070312       -0.048157
     C   22       -0.070312        0.199344        0.185387
     C   22       -0.048157        0.185387        0.005224

     C   23       -0.016023        0.232099        0.012066
     C   23        0.232099        0.056554        0.226613
     C   23        0.012066        0.226613       -0.040530

     Cl  24       -0.200007        0.514316       -0.546373
     Cl  24        0.514316        1.724562        1.409847
     Cl  24       -0.546373        1.409847       -1.524555

     ----- total EFG -----
     Cl   1       -0.224672       -1.629125       -0.372565
     Cl   1       -1.629125        0.853353        1.460004
     Cl   1       -0.372565        1.460004       -0.628682

     C    2        0.318962       -0.724440       -0.298477
     C    2       -0.724440       -0.269824       -0.211860
     C    2       -0.298477       -0.211860       -0.049137

     C    3       -0.181664        0.072169       -0.380366
     C    3        0.072169       -0.257429        0.128682
     C    3       -0.380366        0.128682        0.439093

     H    4        0.564858       -0.046884        0.445360
     H    4       -0.046884       -0.116557        0.270220
     H    4        0.445360        0.270220       -0.448301

     C    5       -0.098582       -0.371401       -0.179532
     C    5       -0.371401       -0.392186        0.005060
     C    5       -0.179532        0.005060        0.490768

     H    6       -0.196195       -0.026504        0.272571
     H    6       -0.026504        0.450365        0.269612
     H    6        0.272571        0.269612       -0.254169

     H    7       -0.202789        0.041108        0.057174
     H    7        0.041108        0.332693       -0.104996
     H    7        0.057174       -0.104996       -0.129904

     C    8       -0.303719       -0.109176       -0.095665
     C    8       -0.109176        0.389138       -0.079096
     C    8       -0.095665       -0.079096       -0.085418

     H    9        0.131677       -0.448750        0.372270
     H    9       -0.448750       -0.073039        0.065854
     H    9        0.372270        0.065854       -0.058638

     C   10        0.056578        0.340325       -0.187774
     C   10        0.340325        0.301601        0.157309
     C   10       -0.187774        0.157309       -0.358179

     C   11       -0.543490       -0.121381       -0.073999
     C   11       -0.121381        0.750608        0.041300
     C   11       -0.073999        0.041300       -0.207118

     Cl  12        0.169347        1.620478       -0.350210
     Cl  12        1.620478        2.600483        1.001839
     Cl  12       -0.350210        1.001839       -2.769830

     H   13       -0.029416        0.042655       -0.046714
     H   13        0.042655        0.272807        0.409235
     H   13       -0.046714        0.409235       -0.243391

     C   14       -0.718006        0.108178        0.094918
     C   14        0.108178        0.590017       -0.127473
     C   14        0.094918       -0.127473        0.127989

     H   15        0.428425        0.414673        0.148677
     H   15        0.414673       -0.321896        0.425006
     H   15        0.148677        0.425006       -0.106529

     C   16        0.010846       -0.235754       -0.004526
     C   16       -0.235754        0.345732       -0.367132
     C   16       -0.004526       -0.367132       -0.356577

     C   17       -0.781121        0.155008       -0.113252
     C   17        0.155008        0.774995        0.185441
     C   17       -0.113252        0.185441        0.006126

     Cl  18        0.472237       -0.183254        0.084533
     Cl  18       -0.183254        1.226947        0.297899
     Cl  18        0.084533        0.297899       -1.699185

     H   19       -0.043372        0.077703        0.036158
     H   19        0.077703       -0.114703       -0.571192
     H   19        0.036158       -0.571192        0.158075

     C   20       -0.032447        0.061896       -0.086459
     C   20        0.061896        0.234857        0.508010
     C   20       -0.086459        0.508010       -0.202409

     H   21        0.341824        0.234120        0.518849
     H   21        0.234120       -0.245094       -0.235646
     H   21        0.518849       -0.235646       -0.096731

     C   22       -0.473539       -0.196649       -0.044283
     C   22       -0.196649        0.474375        0.277051
     C   22       -0.044283        0.277051       -0.000837

     C   23        0.193792        0.580634       -0.030823
     C   23        0.580634        0.062128        0.593535
     C   23       -0.030823        0.593535       -0.255920

     Cl  24       -0.238116        0.447048       -0.580714
     Cl  24        0.447048        1.860027        1.541027
     Cl  24       -0.580714        1.541027       -1.621911

     ----- total EFG (symmetrized) -----
     Cl   1       -0.224672       -1.629125       -0.372565
     Cl   1       -1.629125        0.853353        1.460004
     Cl   1       -0.372565        1.460004       -0.628682

     C    2        0.318962       -0.724440       -0.298477
     C    2       -0.724440       -0.269824       -0.211860
     C    2       -0.298477       -0.211860       -0.049137

     C    3       -0.181664        0.072169       -0.380366
     C    3        0.072169       -0.257429        0.128682
     C    3       -0.380366        0.128682        0.439093

     H    4        0.564858       -0.046884        0.445360
     H    4       -0.046884       -0.116557        0.270220
     H    4        0.445360        0.270220       -0.448301

     C    5       -0.098582       -0.371401       -0.179532
     C    5       -0.371401       -0.392186        0.005060
     C    5       -0.179532        0.005060        0.490768

     H    6       -0.196195       -0.026504        0.272571
     H    6       -0.026504        0.450365        0.269612
     H    6        0.272571        0.269612       -0.254169

     H    7       -0.202789        0.041108        0.057174
     H    7        0.041108        0.332693       -0.104996
     H    7        0.057174       -0.104996       -0.129904

     C    8       -0.303719       -0.109176       -0.095665
     C    8       -0.109176        0.389138       -0.079096
     C    8       -0.095665       -0.079096       -0.085418

     H    9        0.131677       -0.448750        0.372270
     H    9       -0.448750       -0.073039        0.065854
     H    9        0.372270        0.065854       -0.058638

     C   10        0.056578        0.340325       -0.187774
     C   10        0.340325        0.301601        0.157309
     C   10       -0.187774        0.157309       -0.358179

     C   11       -0.543490       -0.121381       -0.073999
     C   11       -0.121381        0.750608        0.041300
     C   11       -0.073999        0.041300       -0.207118

     Cl  12        0.169347        1.620478       -0.350210
     Cl  12        1.620478        2.600483        1.001839
     Cl  12       -0.350210        1.001839       -2.769830

     H   13       -0.029416        0.042655       -0.046714
     H   13        0.042655        0.272807        0.409235
     H   13       -0.046714        0.409235       -0.243391

     C   14       -0.718006        0.108178        0.094918
     C   14        0.108178        0.590017       -0.127473
     C   14        0.094918       -0.127473        0.127989

     H   15        0.428425        0.414673        0.148677
     H   15        0.414673       -0.321896        0.425006
     H   15        0.148677        0.425006       -0.106529

     C   16        0.010846       -0.235754       -0.004526
     C   16       -0.235754        0.345732       -0.367132
     C   16       -0.004526       -0.367132       -0.356577

     C   17       -0.781121        0.155008       -0.113252
     C   17        0.155008        0.774995        0.185441
     C   17       -0.113252        0.185441        0.006126

     Cl  18        0.472237       -0.183254        0.084533
     Cl  18       -0.183254        1.226947        0.297899
     Cl  18        0.084533        0.297899       -1.699185

     H   19       -0.043372        0.077703        0.036158
     H   19        0.077703       -0.114703       -0.571192
     H   19        0.036158       -0.571192        0.158075

     C   20       -0.032447        0.061896       -0.086459
     C   20        0.061896        0.234857        0.508010
     C   20       -0.086459        0.508010       -0.202409

     H   21        0.341824        0.234120        0.518849
     H   21        0.234120       -0.245094       -0.235646
     H   21        0.518849       -0.235646       -0.096731

     C   22       -0.473539       -0.196649       -0.044283
     C   22       -0.196649        0.474375        0.277051
     C   22       -0.044283        0.277051       -0.000837

     C   23        0.193792        0.580634       -0.030823
     C   23        0.580634        0.062128        0.593535
     C   23       -0.030823        0.593535       -0.255920

     Cl  24       -0.238116        0.447048       -0.580714
     Cl  24        0.447048        1.860027        1.541027
     Cl  24       -0.580714        1.541027       -1.621911


     NQR/NMR SPECTROSCOPIC PARAMETERS:
     Cl   1    Vxx=   -0.8069    axis=(  0.718277  0.099223  0.688646)
     Cl   1    Vyy=   -1.8378    axis=( -0.492807 -0.626140  0.604227)
     Cl   1    Vzz=    2.6447    axis=( -0.491142  0.773372  0.400844)
     Cl   1  Q=        -8.1650 1e-30 m^2  Cq=       -50.7369 MHz  eta= 0.38978

     C    2    Vxx=    0.0699    axis=( -0.077949 -0.402579  0.912060)
     C    2    Vyy=    0.8274    axis=(  0.837733 -0.522420 -0.158997)
     C    2    Vzz=   -0.8973    axis=(  0.540488  0.751669  0.377976)
     C    2  Q=         1.0000 1e-30 m^2  Cq=        -2.1082 MHz  eta= 0.84422

     C    3    Vxx=   -0.1848    axis=(  0.542759  0.824337  0.160878)
     C    3    Vyy=   -0.4432    axis=( -0.729604  0.557643 -0.395870)
     C    3    Vzz=    0.6280    axis=( -0.416043  0.097485  0.904105)
     C    3  Q=         1.0000 1e-30 m^2  Cq=         1.4756 MHz  eta= 0.41147

     H    4    Vxx=   -0.0020    axis=(  0.201321 -0.913916 -0.352460)
     H    4    Vyy=   -0.7341    axis=(  0.310051  0.400782 -0.862115)
     H    4    Vzz=    0.7361    axis=(  0.929160  0.064281  0.364047)
     H    4  Q=         1.0000 1e-30 m^2  Cq=         1.7296 MHz  eta= 0.99452

     C    5    Vxx=    0.0976    axis=( -0.748434  0.563966 -0.348984)
     C    5    Vyy=    0.5556    axis=( -0.333019  0.135482  0.933136)
     C    5    Vzz=   -0.6531    axis=(  0.573538  0.814609  0.086412)
     C    5  Q=         1.0000 1e-30 m^2  Cq=        -1.5346 MHz  eta= 0.70124

     H    6    Vxx=    0.0015    axis=( -0.789630  0.281014 -0.545450)
     H    6    Vyy=    0.5476    axis=(  0.093440  0.933663  0.345750)
     H    6    Vzz=   -0.5491    axis=( -0.606427 -0.222048  0.763506)
     H    6  Q=         1.0000 1e-30 m^2  Cq=        -1.2901 MHz  eta= 0.99446

     H    7    Vxx=   -0.1090    axis=(  0.559726  0.141991  0.816422)
     H    7    Vyy=   -0.2479    axis=(  0.827115 -0.156205 -0.539890)
     H    7    Vzz=    0.3568    axis=( -0.050870 -0.977465  0.204875)
     H    7  Q=         1.0000 1e-30 m^2  Cq=         0.8384 MHz  eta= 0.38927

     C    8    Vxx=   -0.0520    axis=( -0.381064  0.070979  0.921820)
     C    8    Vyy=   -0.3623    axis=(  0.915069  0.171370  0.365077)
     C    8    Vzz=    0.4143    axis=( -0.132060  0.982647 -0.130253)
     C    8  Q=         1.0000 1e-30 m^2  Cq=         0.9734 MHz  eta= 0.74915

     H    9    Vxx=    0.0002    axis=( -0.008300 -0.639891 -0.768421)
     H    9    Vyy=    0.5977    axis=( -0.781150  0.483899 -0.394521)
     H    9    Vzz=   -0.5979    axis=(  0.624289  0.596977 -0.503867)
     H    9  Q=         1.0000 1e-30 m^2  Cq=        -1.4048 MHz  eta= 0.99926

     C   10    Vxx=   -0.0113    axis=( -0.681860  0.452874  0.574432)
     C   10    Vyy=   -0.5301    axis=(  0.461139 -0.343462  0.818160)
     C   10    Vzz=    0.5413    axis=( -0.567819 -0.822763 -0.025355)
     C   10  Q=         1.0000 1e-30 m^2  Cq=         1.2719 MHz  eta= 0.95837

     C   11    Vxx=   -0.1959    axis=( -0.185485 -0.066563  0.980390)
     C   11    Vyy=   -0.5684    axis=( -0.978036 -0.084034 -0.190745)
     C   11    Vzz=    0.7643    axis=(  0.095083 -0.994237 -0.049514)
     C   11  Q=         1.0000 1e-30 m^2  Cq=         1.7957 MHz  eta= 0.48730

     Cl  12    Vxx=   -0.4093    axis=(  0.879551 -0.376870 -0.290445)
     Cl  12    Vyy=   -3.0905    axis=(  0.215587 -0.228514  0.949370)
     Cl  12    Vzz=    3.4998    axis=( -0.424160 -0.897636 -0.119742)
     Cl  12  Q=        -8.1650 1e-30 m^2  Cq=       -67.1428 MHz  eta= 0.76608

     H   13    Vxx=   -0.0214    axis=(  0.990303  0.041041 -0.132724)
     H   13    Vyy=   -0.4776    axis=(  0.136035 -0.480298  0.866492)
     H   13    Vzz=    0.4990    axis=( -0.028185 -0.876145 -0.481223)
     H   13  Q=         1.0000 1e-30 m^2  Cq=         1.1723 MHz  eta= 0.91427

     C   14    Vxx=    0.1119    axis=(  0.139662  0.225480  0.964185)
     C   14    Vyy=    0.6278    axis=( -0.061336 -0.969889  0.235698)
     C   14    Vzz=   -0.7398    axis=(  0.988298 -0.092057 -0.121627)
     C   14  Q=         1.0000 1e-30 m^2  Cq=        -1.7382 MHz  eta= 0.69740

     H   15    Vxx=   -0.0289    axis=(  0.550297 -0.332328 -0.765984)
     H   15    Vyy=   -0.7089    axis=(  0.231054 -0.820948  0.522168)
     H   15    Vzz=    0.7379    axis=( -0.802364 -0.464331 -0.374979)
     H   15  Q=         1.0000 1e-30 m^2  Cq=         1.7337 MHz  eta= 0.92154

     C   16    Vxx=   -0.0522    axis=(  0.915069  0.250670 -0.315931)
     C   16    Vyy=   -0.5323    axis=(  0.190496  0.421820  0.886442)
     C   16    Vzz=    0.5844    axis=(  0.355471 -0.871339  0.338243)
     C   16  Q=         1.0000 1e-30 m^2  Cq=         1.3732 MHz  eta= 0.82145

     C   17    Vxx=   -0.0097    axis=( -0.180266 -0.192356  0.964626)
     C   17    Vyy=   -0.8177    axis=( -0.980424  0.114103 -0.160465)
     C   17    Vzz=    0.8274    axis=( -0.079200 -0.974669 -0.209159)
     C   17  Q=         1.0000 1e-30 m^2  Cq=         1.9440 MHz  eta= 0.97658

     Cl  18    Vxx=    0.4401    axis=(  0.977052  0.202266  0.066774)
     Cl  18    Vyy=    1.2939    axis=( -0.207840  0.973915  0.091063)
     Cl  18    Vzz=   -1.7340    axis=( -0.046614 -0.102851  0.993604)
     Cl  18  Q=        -8.1650 1e-30 m^2  Cq=        33.2657 MHz  eta= 0.49241

     H   19    Vxx=   -0.0310    axis=(  0.987591  0.102032  0.119391)
     H   19    Vyy=   -0.5786    axis=( -0.154055  0.777152  0.610166)
     H   19    Vzz=    0.6095    axis=( -0.030529 -0.620987  0.783226)
     H   19  Q=         1.0000 1e-30 m^2  Cq=         1.4322 MHz  eta= 0.89837

     C   20    Vxx=   -0.0110    axis=(  0.980166  0.103033 -0.169289)
     C   20    Vyy=   -0.5583    axis=( -0.198054  0.539575 -0.818312)
     C   20    Vzz=    0.5693    axis=(  0.007030  0.835610  0.549279)
     C   20  Q=         1.0000 1e-30 m^2  Cq=         1.3377 MHz  eta= 0.96133

     H   21    Vxx=   -0.0067    axis=(  0.268467  0.797560 -0.540207)
     H   21    Vyy=   -0.6842    axis=( -0.466116  0.598327  0.651721)
     H   21    Vzz=    0.6908    axis=(  0.843007  0.076833  0.532387)
     H   21  Q=         1.0000 1e-30 m^2  Cq=         1.6232 MHz  eta= 0.98067

     C   22    Vxx=   -0.1239    axis=(  0.103336 -0.389817  0.915076)
     C   22    Vyy=   -0.5130    axis=( -0.979099 -0.201897  0.024559)
     C   22    Vzz=    0.6368    axis=(  0.175177 -0.898488 -0.402532)
     C   22  Q=         1.0000 1e-30 m^2  Cq=         1.4963 MHz  eta= 0.61102

     C   23    Vxx=    0.0086    axis=(  0.701998 -0.259150 -0.663356)
     C   23    Vyy=    0.8581    axis=( -0.603957 -0.710228 -0.361678)
     C   23    Vzz=   -0.8667    axis=(  0.377405 -0.654536  0.655094)
     C   23  Q=         1.0000 1e-30 m^2  Cq=        -2.0364 MHz  eta= 0.98022

     Cl  24    Vxx=   -0.0302    axis=(  0.948605  0.032301 -0.314808)
     Cl  24    Vyy=   -2.4313    axis=( -0.305778  0.349842 -0.885500)
     Cl  24    Vzz=    2.4614    axis=(  0.081531  0.936252  0.341739)
     Cl  24  Q=        -8.1650 1e-30 m^2  Cq=       -47.2216 MHz  eta= 0.97548

     Initialization:
     gipaw_setup  :      9.33s CPU     11.13s WALL (       1 calls)

     Linear response

     Apply operators

     Induced current

     Other routines
     efg          :      9.33s CPU     12.00s WALL (       1 calls)

     General routines
     calbec       :      3.42s CPU      4.59s WALL (      16 calls)
     fft          :      1.60s CPU      2.51s WALL (      15 calls)
     ffts         :      0.04s CPU      0.05s WALL (       2 calls)
     fftw         :      3.20s CPU      4.07s WALL (     672 calls)
     davcio       :      0.01s CPU      0.32s WALL (      32 calls)

     Parallel routines
     fft_scatter  :      2.17s CPU      3.78s WALL (     689 calls)

     Plugins

     GIPAW        :     60.76s CPU     73.32s WALL (       1 calls)
