
     Program QE v.6.0 (svn rev. 13079) starts on 11Jan2017 at 19: 0:18 

     This program is part of the open-source Quantum ESPRESSO suite
     for quantum simulation of materials; please cite
         "P. Giannozzi et al., J. Phys.:Condens. Matter 21 395502 (2009);
          URL http://www.quantum-espresso.org", 
     in publications or presentations arising from this work. More details at
     http://www.quantum-espresso.org/quote

     Parallel version (MPI), running on     8 processors
     R & G space division:  proc/nbgrp/npool/nimage =       8

     ***** This is GIPAW svn revision unknown      *****

     Parallelizing q-star over 1 images

     Reading data from directory:
     /users/majewski/paradichlorobenzene/pbe/9_constraint/scratch/pbe.ecut100.np8.dt60.pcl2phi-129368.save
     Message from routine read_xml_file:
     file /users/majewski/paradichlorobenzene/pbe/9_constraint/scratch/pbe.ecut100.np8.dt60.pcl2phi-129368.save not guaranteed to be safe for post-processing

   Info: using nr1, nr2, nr3 values from input

   Info: using nr1, nr2, nr3 values from input

     IMPORTANT: XC functional enforced from input :
     Exchange-correlation      =  SLA  PW   PBX  PBC ( 1  4  3  4 0 0)
     Any further DFT definition will be discarded
     Please, verify this is what you really want

               file C.pbe-n-kjpaw_psl.1.0.0.UPF: wavefunction(s)  2S 2P renormalized
               file Cl.pbe-n-kjpaw_psl.1.0.0.UPF: wavefunction(s)  3S 3P renormalized
               file H.pbe-kjpaw_psl.1.0.0.UPF: wavefunction(s)  1S renormalized

     Parallelization info
     --------------------
     sticks:   dense  smooth     PW     G-vecs:    dense   smooth      PW
     Min        3057    1223    332               144436    36536    5170
     Max        3059    1225    333               144437    36537    5171
     Sum       24467    9791   2657              1155489   292295   41363


     Subspace diagonalization in iterative solution of the eigenvalue problem:
     a serial algorithm will be used

     GIPAW projectors -----------------------------------------------
     atom=  C    l=0  rc=    1.2000  rs=    0.8000
     atom=  C    l=0  rc=    1.2000  rs=    0.8000
     atom=  C    l=1  rc=    1.4000  rs=    0.9333
     atom=  C    l=1  rc=    1.4000  rs=    0.9333
     projs nearly linearly dependent: l=1  n1,n2= 1, 2  s=  0.99951561

     atom=  Cl   l=0  rc=    1.6000  rs=    1.0667
     atom=  Cl   l=0  rc=    1.6000  rs=    1.0667
     atom=  Cl   l=1  rc=    1.6000  rs=    1.0667
     atom=  Cl   l=1  rc=    1.6000  rs=    1.0667
     atom=  Cl   l=2  rc=    1.6000  rs=    1.0667
     atom=  Cl   l=2  rc=    1.6000  rs=    1.0667
     projs nearly linearly dependent: l=2  n1,n2= 1, 2  s=  0.99993509

     atom=  H    l=0  rc=    1.0000  rs=    0.6667
     atom=  H    l=0  rc=    1.0000  rs=    0.6667
     projs nearly linearly dependent: l=0  n1,n2= 1, 2  s=  0.99968852
     -----------------------------------------------------------------

     GIPAW integrals: -------------------------------------------
     Atom  i/j   nmr_para   nmr_dia   epr_rmc  epr_para   epr_dia
       C   1 1   0.83E+03  0.17E-01  0.93E+01  0.24E+08  0.24E+03
       C   2 1   0.86E+03 -0.61E-01  0.94E+01  0.25E+08  0.25E+03
       C   2 2   0.90E+03 -0.15E+00  0.97E+01  0.26E+08  0.26E+03
       C   3 3   0.33E+01  0.34E+00  0.18E+01  0.55E+03  0.21E+02
       C   4 3   0.35E+01  0.37E+00  0.20E+01  0.59E+03  0.22E+02
       C   4 4   0.38E+01  0.39E+00  0.22E+01  0.63E+03  0.24E+02
       Cl  1 1   0.14E+04 -0.47E+00  0.84E+01  0.32E+09  0.42E+03
       Cl  2 1   0.21E+04 -0.37E+00  0.12E+02  0.49E+09  0.65E+03
       Cl  2 2   0.33E+04 -0.16E+00  0.21E+02  0.76E+09  0.10E+04
       Cl  3 3   0.21E+02  0.79E-01  0.89E+01  0.23E+05  0.13E+03
       Cl  4 3   0.24E+02  0.67E-01  0.99E+01  0.27E+05  0.15E+03
       Cl  4 4   0.28E+02  0.44E-01  0.11E+02  0.32E+05  0.18E+03
       Cl  5 5   0.77E+00  0.19E+00  0.18E+01  0.12E+03  0.22E+02
       Cl  6 5   0.80E+00  0.19E+00  0.19E+01  0.12E+03  0.23E+02
       Cl  6 6   0.83E+00  0.20E+00  0.19E+01  0.12E+03  0.23E+02
       H   1 1   0.39E+02  0.19E+00  0.29E+00  0.78E+05  0.13E+02
       H   2 1   0.41E+02  0.21E+00  0.32E+00  0.82E+05  0.14E+02
       H   2 2   0.43E+02  0.22E+00  0.36E+00  0.86E+05  0.15E+02
     ------------------------------------------------------------

     alpha_pv=     34.6716 eV

     Number of occupied bands for each k-point:
     k-point:     1    nbnd_occ=  42
     k-point:     2    nbnd_occ=  42
     k-point:     3    nbnd_occ=  42
     k-point:     4    nbnd_occ=  42
     k-point:     5    nbnd_occ=  42
     k-point:     6    nbnd_occ=  42
     k-point:     7    nbnd_occ=  42
     k-point:     8    nbnd_occ=  42
     k-point:     9    nbnd_occ=  42
     k-point:    10    nbnd_occ=  42
     k-point:    11    nbnd_occ=  42
     k-point:    12    nbnd_occ=  42
     k-point:    13    nbnd_occ=  42
     k-point:    14    nbnd_occ=  42
     k-point:    15    nbnd_occ=  42
     k-point:    16    nbnd_occ=  42


     q-space interpolation up to   110.00 Rydberg

     GIPAW job: efg                                                                             


     ELECTRIC FIELD GRADIENTS TENSORS IN Hartree/bohrradius^2:

     ----- bare term -----
     Cl   1        0.086338        0.027516        0.022978
     Cl   1        0.027516        0.040827        0.166949
     Cl   1        0.022978        0.166949       -0.127165

     C    2       -0.411471        0.295484       -0.444655
     C    2        0.295484        0.184907       -0.368886
     C    2       -0.444655       -0.368886        0.226564

     C    3        0.099705        0.587197       -0.042947
     C    3        0.587197       -0.356360       -0.547813
     C    3       -0.042947       -0.547813        0.256655

     H    4       -0.197748       -0.195329       -0.481778
     H    4       -0.195329        0.314370        0.020480
     H    4       -0.481778        0.020480       -0.116622

     C    5       -0.737248        0.304186       -0.389067
     C    5        0.304186        0.252456       -0.094924
     C    5       -0.389067       -0.094924        0.484792

     H    6        0.308409        0.005227       -0.110132
     H    6        0.005227       -0.499934       -0.545620
     H    6       -0.110132       -0.545620        0.191525

     H    7        0.429158        0.267048        0.038936
     H    7        0.267048       -0.767686       -0.047549
     H    7        0.038936       -0.047549        0.338528

     C    8       -0.139566       -0.183713       -0.201138
     C    8       -0.183713       -0.023321        0.473560
     C    8       -0.201138        0.473560        0.162887

     H    9       -0.295138        0.404384        0.164597
     H    9        0.404384        0.074536       -0.158886
     H    9        0.164597       -0.158886        0.220602

     C   10       -0.115443       -0.104213        0.126194
     C   10       -0.104213       -0.077207       -0.010121
     C   10        0.126194       -0.010121        0.192650

     C   11       -0.109667        0.106352       -0.210159
     C   11        0.106352       -0.006502        0.491955
     C   11       -0.210159        0.491955        0.116170

     Cl  12        0.250630       -0.158107        0.018656
     Cl  12       -0.158107        0.265576       -0.310107
     Cl  12        0.018656       -0.310107       -0.516205

     H   13        0.340911        0.138278        0.219249
     H   13        0.138278       -0.193921       -0.605336
     H   13        0.219249       -0.605336       -0.146991

     C   14       -0.146497       -0.096762       -0.398061
     C   14       -0.096762       -0.168012       -0.346292
     C   14       -0.398061       -0.346292        0.314510

     H   15        0.122183       -0.090506       -0.288747
     H   15       -0.090506        0.410186       -0.332895
     H   15       -0.288747       -0.332895       -0.532369

     C   16       -0.619604        0.345245       -0.380998
     C   16        0.345245        0.171809        0.004063
     C   16       -0.380998        0.004063        0.447795

     C   17        0.020496        0.104289       -0.142766
     C   17        0.104289       -0.443085       -0.334559
     C   17       -0.142766       -0.334559        0.422589

     Cl  18       -0.143716        0.172752        0.005497
     Cl  18        0.172752       -0.032328        0.043436
     Cl  18        0.005497        0.043436        0.176044

     H   19        0.125816        0.211012        0.050388
     H   19        0.211012       -0.433466        0.446653
     H   19        0.050388        0.446653        0.307650

     C   20       -0.540118       -0.308955       -0.384993
     C   20       -0.308955        0.094696        0.088126
     C   20       -0.384993        0.088126        0.445422

     H   21       -0.475245        0.324254        0.235558
     H   21        0.324254        0.318869       -0.015155
     H   21        0.235558       -0.015155        0.156376

     C   22        0.080475        0.042474       -0.090188
     C   22        0.042474       -0.431154        0.327043
     C   22       -0.090188        0.327043        0.350679

     C   23       -0.807098       -0.353729       -0.340580
     C   23       -0.353729        0.250426        0.000173
     C   23       -0.340580        0.000173        0.556672

     Cl  24        0.077102       -0.029906        0.128428
     Cl  24       -0.029906        0.133543        0.066775
     Cl  24        0.128428        0.066775       -0.210645

     ----- ionic term -----
     Cl   1        0.141018       -0.208343        0.092607
     Cl   1       -0.208343        0.001267       -0.051491
     Cl   1        0.092607       -0.051491       -0.142285

     C    2        0.067723       -0.215857        0.426254
     C    2       -0.215857        0.136444        0.327578
     C    2        0.426254        0.327578       -0.204167

     C    3        0.087075       -0.318369        0.258766
     C    3       -0.318369        0.248680        0.337474
     C    3        0.258766        0.337474       -0.335755

     H    4        0.446779        0.237990        0.754342
     H    4        0.237990       -0.396766        0.253136
     H    4        0.754342        0.253136       -0.050014

     C    5        0.217220       -0.219843        0.335198
     C    5       -0.219843        0.097237        0.274968
     C    5        0.335198        0.274968       -0.314457

     H    6       -0.515192        0.045746        0.027008
     H    6        0.045746        0.695215        0.684757
     H    6        0.027008        0.684757       -0.180023

     H    7       -0.527794       -0.126409        0.036281
     H    7       -0.126409        0.819905       -0.617739
     H    7        0.036281       -0.617739       -0.292111

     C    8        0.396972        0.100067        0.006053
     C    8        0.100067        0.071731       -0.310898
     C    8        0.006053       -0.310898       -0.468703

     H    9        0.862774       -0.386837        0.377705
     H    9       -0.386837       -0.410075       -0.167704
     H    9        0.377705       -0.167704       -0.452699

     C   10        0.238763        0.135712       -0.009473
     C   10        0.135712        0.180635       -0.390065
     C   10       -0.009473       -0.390065       -0.419398

     C   11        0.230555        0.040158        0.016131
     C   11        0.040158        0.194366       -0.378563
     C   11        0.016131       -0.378563       -0.424921

     Cl  12        0.091953        0.167988       -0.055615
     Cl  12        0.167988        0.025911       -0.045876
     Cl  12       -0.055615       -0.045876       -0.117863

     H   13       -0.540656       -0.050575       -0.015263
     H   13       -0.050575        0.537106        0.756088
     H   13       -0.015263        0.756088        0.003550

     C   14        0.189370       -0.247464        0.381336
     C   14       -0.247464       -0.008984        0.284153
     C   14        0.381336        0.284153       -0.180386

     H   15        0.340019        0.199671        0.775372
     H   15        0.199671       -0.476688        0.247975
     H   15        0.775372        0.247975        0.136669

     C   16        0.117975       -0.319606        0.258877
     C   16       -0.319606        0.106047        0.325405
     C   16        0.258877        0.325405       -0.224022

     C   17        0.187142       -0.226274        0.311090
     C   17       -0.226274        0.064769        0.369561
     C   17        0.311090        0.369561       -0.251911

     Cl  18        0.157339       -0.214230        0.038408
     Cl  18       -0.214230       -0.000028       -0.015774
     Cl  18        0.038408       -0.015774       -0.157312

     H   19       -0.500290       -0.156158        0.050661
     H   19       -0.156158        0.780328       -0.618515
     H   19        0.050661       -0.618515       -0.280037

     C   20        0.375954        0.080041       -0.026118
     C   20        0.080041        0.077272       -0.312154
     C   20       -0.026118       -0.312154       -0.453226

     H   21        0.737660       -0.509370        0.383849
     H   21       -0.509370       -0.301692       -0.221985
     H   21        0.383849       -0.221985       -0.435968

     C   22        0.239004        0.099237       -0.022343
     C   22        0.099237        0.186333       -0.358230
     C   22       -0.022343       -0.358230       -0.425336

     C   23        0.385061        0.057559        0.041677
     C   23        0.057559        0.090741       -0.310264
     C   23        0.041677       -0.310264       -0.475803

     Cl  24        0.153128        0.206261       -0.055776
     Cl  24        0.206261       -0.021825       -0.031302
     Cl  24       -0.055776       -0.031302       -0.131302

     ----- GIPAW term -----
     Cl   1       -0.455730       -0.739813       -0.638098
     Cl   1       -0.739813       -0.451264       -1.343019
     Cl   1       -0.638098       -1.343019        0.906994

     C    2       -0.071063        0.042166       -0.094095
     C    2        0.042166        0.199478       -0.104851
     C    2       -0.094095       -0.104851       -0.128415

     C    3        0.063850        0.238783        0.023081
     C    3        0.238783        0.012656       -0.052040
     C    3        0.023081       -0.052040       -0.076506

     H    4       -0.000000        0.000000        0.000000
     H    4        0.000000        0.000000        0.000000
     H    4        0.000000        0.000000        0.000000

     C    5       -0.153624        0.124265        0.036731
     C    5        0.124265        0.070205        0.129713
     C    5        0.036731        0.129713        0.083420

     H    6       -0.000000        0.000000        0.000000
     H    6        0.000000        0.000000        0.000000
     H    6        0.000000        0.000000        0.000000

     H    7       -0.000000        0.000000        0.000000
     H    7        0.000000        0.000000        0.000000
     H    7        0.000000        0.000000        0.000000

     C    8       -0.079461       -0.113100       -0.044996
     C    8       -0.113100        0.169175        0.189668
     C    8       -0.044996        0.189668       -0.089714

     H    9       -0.000000        0.000000        0.000000
     H    9        0.000000        0.000000        0.000000
     H    9        0.000000        0.000000        0.000000

     C   10       -0.021719        0.001366        0.013488
     C   10        0.001366        0.014476        0.011042
     C   10        0.013488        0.011042        0.007243

     C   11       -0.057418        0.044341       -0.040737
     C   11        0.044341        0.027599        0.161785
     C   11       -0.040737        0.161785        0.029818

     Cl  12       -0.034138        0.295098       -0.267047
     Cl  12        0.295098       -0.320826        0.081665
     Cl  12       -0.267047        0.081665        0.354964

     H   13       -0.000000        0.000000        0.000000
     H   13        0.000000        0.000000        0.000000
     H   13        0.000000        0.000000        0.000000

     C   14       -0.057332       -0.124328       -0.135625
     C   14       -0.124328       -0.004592        0.078760
     C   14       -0.135625        0.078760        0.061925

     H   15       -0.000000        0.000000        0.000000
     H   15        0.000000        0.000000        0.000000
     H   15        0.000000        0.000000        0.000000

     C   16       -0.184379       -0.015777       -0.119955
     C   16       -0.015777        0.028013        0.160153
     C   16       -0.119955        0.160153        0.156365

     C   17       -0.065944       -0.043352        0.041568
     C   17       -0.043352       -0.055505        0.175460
     C   17        0.041568        0.175460        0.121449

     Cl  18       -0.934236       -0.797922        0.445318
     Cl  18       -0.797922       -0.679603        1.760226
     Cl  18        0.445318        1.760226        1.613839

     H   19       -0.000000        0.000000        0.000000
     H   19        0.000000        0.000000        0.000000
     H   19        0.000000        0.000000        0.000000

     C   20       -0.035366        0.110712       -0.124363
     C   20        0.110712        0.060396       -0.098251
     C   20       -0.124363       -0.098251       -0.025030

     H   21       -0.000000        0.000000        0.000000
     H   21        0.000000        0.000000        0.000000
     H   21        0.000000        0.000000        0.000000

     C   22       -0.035027        0.044288       -0.081175
     C   22        0.044288       -0.098027       -0.045706
     C   22       -0.081175       -0.045706        0.133054

     C   23       -0.184889        0.038459       -0.056250
     C   23        0.038459        0.094337       -0.202345
     C   23       -0.056250       -0.202345        0.090551

     Cl  24       -0.385258        1.214336       -0.581877
     Cl  24        1.214336       -1.079322       -0.248716
     Cl  24       -0.581877       -0.248716        1.464580

     ----- total EFG -----
     Cl   1       -0.228374       -0.920640       -0.522514
     Cl   1       -0.920640       -0.409170       -1.227561
     Cl   1       -0.522514       -1.227561        0.637544

     C    2       -0.414811        0.121793       -0.112495
     C    2        0.121793        0.520829       -0.146159
     C    2       -0.112495       -0.146159       -0.106018

     C    3        0.250631        0.507611        0.238900
     C    3        0.507611       -0.095024       -0.262378
     C    3        0.238900       -0.262378       -0.155607

     H    4        0.249031        0.042661        0.272564
     H    4        0.042661       -0.082396        0.273616
     H    4        0.272564        0.273616       -0.166636

     C    5       -0.673653        0.208608       -0.017138
     C    5        0.208608        0.419898        0.309756
     C    5       -0.017138        0.309756        0.253755

     H    6       -0.206783        0.050973       -0.083124
     H    6        0.050973        0.195281        0.139136
     H    6       -0.083124        0.139136        0.011502

     H    7       -0.098636        0.140639        0.075217
     H    7        0.140639        0.052219       -0.665288
     H    7        0.075217       -0.665288        0.046417

     C    8        0.177944       -0.196746       -0.240081
     C    8       -0.196746        0.217585        0.352330
     C    8       -0.240081        0.352330       -0.395530

     H    9        0.567637        0.017547        0.542302
     H    9        0.017547       -0.335539       -0.326590
     H    9        0.542302       -0.326590       -0.232097

     C   10        0.101602        0.032865        0.130209
     C   10        0.032865        0.117904       -0.389144
     C   10        0.130209       -0.389144       -0.219506

     C   11        0.063470        0.190852       -0.234765
     C   11        0.190852        0.215463        0.275178
     C   11       -0.234765        0.275178       -0.278933

     Cl  12        0.308444        0.304980       -0.304007
     Cl  12        0.304980       -0.029340       -0.274318
     Cl  12       -0.304007       -0.274318       -0.279104

     H   13       -0.199744        0.087704        0.203985
     H   13        0.087704        0.343185        0.150752
     H   13        0.203985        0.150752       -0.143441

     C   14       -0.014460       -0.468554       -0.152350
     C   14       -0.468554       -0.181588        0.016621
     C   14       -0.152350        0.016621        0.196048

     H   15        0.462202        0.109164        0.486625
     H   15        0.109164       -0.066502       -0.084920
     H   15        0.486625       -0.084920       -0.395699

     C   16       -0.686007        0.009862       -0.242076
     C   16        0.009862        0.305869        0.489620
     C   16       -0.242076        0.489620        0.380138

     C   17        0.141694       -0.165337        0.209892
     C   17       -0.165337       -0.433821        0.210463
     C   17        0.209892        0.210463        0.292128

     Cl  18       -0.920612       -0.839400        0.489223
     Cl  18       -0.839400       -0.711958        1.787889
     Cl  18        0.489223        1.787889        1.632571

     H   19       -0.374474        0.054855        0.101048
     H   19        0.054855        0.346862       -0.171862
     H   19        0.101048       -0.171862        0.027612

     C   20       -0.199530       -0.118202       -0.535474
     C   20       -0.118202        0.232364       -0.322279
     C   20       -0.535474       -0.322279       -0.032834

     H   21        0.262415       -0.185116        0.619407
     H   21       -0.185116        0.017177       -0.237140
     H   21        0.619407       -0.237140       -0.279592

     C   22        0.284451        0.185999       -0.193706
     C   22        0.185999       -0.342848       -0.076893
     C   22       -0.193706       -0.076893        0.058397

     C   23       -0.606925       -0.257711       -0.355153
     C   23       -0.257711        0.435505       -0.512436
     C   23       -0.355153       -0.512436        0.171420

     Cl  24       -0.155028        1.390690       -0.509225
     Cl  24        1.390690       -0.967605       -0.213243
     Cl  24       -0.509225       -0.213243        1.122633

     ----- total EFG (symmetrized) -----
     Cl   1       -0.228374       -0.920640       -0.522514
     Cl   1       -0.920640       -0.409170       -1.227561
     Cl   1       -0.522514       -1.227561        0.637544

     C    2       -0.414811        0.121793       -0.112495
     C    2        0.121793        0.520829       -0.146159
     C    2       -0.112495       -0.146159       -0.106018

     C    3        0.250631        0.507611        0.238900
     C    3        0.507611       -0.095024       -0.262378
     C    3        0.238900       -0.262378       -0.155607

     H    4        0.249031        0.042661        0.272564
     H    4        0.042661       -0.082396        0.273616
     H    4        0.272564        0.273616       -0.166636

     C    5       -0.673653        0.208608       -0.017138
     C    5        0.208608        0.419898        0.309756
     C    5       -0.017138        0.309756        0.253755

     H    6       -0.206783        0.050973       -0.083124
     H    6        0.050973        0.195281        0.139136
     H    6       -0.083124        0.139136        0.011502

     H    7       -0.098636        0.140639        0.075217
     H    7        0.140639        0.052219       -0.665288
     H    7        0.075217       -0.665288        0.046417

     C    8        0.177944       -0.196746       -0.240081
     C    8       -0.196746        0.217585        0.352330
     C    8       -0.240081        0.352330       -0.395530

     H    9        0.567637        0.017547        0.542302
     H    9        0.017547       -0.335539       -0.326590
     H    9        0.542302       -0.326590       -0.232097

     C   10        0.101602        0.032865        0.130209
     C   10        0.032865        0.117904       -0.389144
     C   10        0.130209       -0.389144       -0.219506

     C   11        0.063470        0.190852       -0.234765
     C   11        0.190852        0.215463        0.275178
     C   11       -0.234765        0.275178       -0.278933

     Cl  12        0.308444        0.304980       -0.304007
     Cl  12        0.304980       -0.029340       -0.274318
     Cl  12       -0.304007       -0.274318       -0.279104

     H   13       -0.199744        0.087704        0.203985
     H   13        0.087704        0.343185        0.150752
     H   13        0.203985        0.150752       -0.143441

     C   14       -0.014460       -0.468554       -0.152350
     C   14       -0.468554       -0.181588        0.016621
     C   14       -0.152350        0.016621        0.196048

     H   15        0.462202        0.109164        0.486625
     H   15        0.109164       -0.066502       -0.084920
     H   15        0.486625       -0.084920       -0.395699

     C   16       -0.686007        0.009862       -0.242076
     C   16        0.009862        0.305869        0.489620
     C   16       -0.242076        0.489620        0.380138

     C   17        0.141694       -0.165337        0.209892
     C   17       -0.165337       -0.433821        0.210463
     C   17        0.209892        0.210463        0.292128

     Cl  18       -0.920612       -0.839400        0.489223
     Cl  18       -0.839400       -0.711958        1.787889
     Cl  18        0.489223        1.787889        1.632571

     H   19       -0.374474        0.054855        0.101048
     H   19        0.054855        0.346862       -0.171862
     H   19        0.101048       -0.171862        0.027612

     C   20       -0.199530       -0.118202       -0.535474
     C   20       -0.118202        0.232364       -0.322279
     C   20       -0.535474       -0.322279       -0.032834

     H   21        0.262415       -0.185116        0.619407
     H   21       -0.185116        0.017177       -0.237140
     H   21        0.619407       -0.237140       -0.279592

     C   22        0.284451        0.185999       -0.193706
     C   22        0.185999       -0.342848       -0.076893
     C   22       -0.193706       -0.076893        0.058397

     C   23       -0.606925       -0.257711       -0.355153
     C   23       -0.257711        0.435505       -0.512436
     C   23       -0.355153       -0.512436        0.171420

     Cl  24       -0.155028        1.390690       -0.509225
     Cl  24        1.390690       -0.967605       -0.213243
     Cl  24       -0.509225       -0.213243        1.122633


     NQR/NMR SPECTROSCOPIC PARAMETERS:
     Cl   1    Vxx=    0.4389    axis=(  0.842079 -0.414320 -0.345313)
     Cl   1    Vyy=    1.4527    axis=( -0.056539  0.568898 -0.820462)
     Cl   1    Vzz=   -1.8916    axis=(  0.536382  0.710418  0.455632)
     Cl   1  Q=        -8.1650 1e-30 m^2  Cq=        36.2890 MHz  eta= 0.53598

     C    2    Vxx=   -0.1172    axis=( -0.246112  0.260824  0.933488)
     C    2    Vyy=   -0.4570    axis=(  0.958374 -0.078331  0.274559)
     C    2    Vzz=    0.5742    axis=(  0.144733  0.962203 -0.230689)
     C    2  Q=         1.0000 1e-30 m^2  Cq=         1.3491 MHz  eta= 0.59179

     C    3    Vxx=    0.0743    axis=(  0.268433 -0.484958  0.832322)
     C    3    Vyy=    0.6167    axis=( -0.823356 -0.564009 -0.063082)
     C    3    Vzz=   -0.6910    axis=(  0.500029 -0.668364 -0.550691)
     C    3  Q=         1.0000 1e-30 m^2  Cq=        -1.6235 MHz  eta= 0.78489

     H    4    Vxx=    0.0122    axis=(  0.539831 -0.765974 -0.349094)
     H    4    Vyy=    0.4401    axis=( -0.796349 -0.330322 -0.506671)
     H    4    Vzz=   -0.4524    axis=(  0.272783  0.551517 -0.788301)
     H    4  Q=         1.0000 1e-30 m^2  Cq=        -1.0629 MHz  eta= 0.94589

     C    5    Vxx=    0.0423    axis=( -0.182839 -0.561189  0.807240)
     C    5    Vyy=    0.6758    axis=(  0.116696  0.802889  0.584595)
     C    5    Vzz=   -0.7181    axis=( -0.976193  0.201088 -0.081311)
     C    5  Q=         1.0000 1e-30 m^2  Cq=        -1.6871 MHz  eta= 0.88219

     H    6    Vxx=   -0.0142    axis=( -0.450873 -0.415165  0.790159)
     H    6    Vyy=   -0.2560    axis=( -0.892504  0.221870 -0.392697)
     H    6    Vzz=    0.2702    axis=( -0.012279 -0.882276 -0.470571)
     H    6  Q=         1.0000 1e-30 m^2  Cq=         0.6349 MHz  eta= 0.89510

     H    7    Vxx=   -0.0596    axis=( -0.962791 -0.145182 -0.227936)
     H    7    Vyy=   -0.6577    axis=( -0.263893  0.686872  0.677176)
     H    7    Vzz=    0.7173    axis=(  0.058249  0.712130 -0.699627)
     H    7  Q=         1.0000 1e-30 m^2  Cq=         1.6854 MHz  eta= 0.83377

     C    8    Vxx=    0.0040    axis=(  0.787046  0.613159  0.067780)
     C    8    Vyy=    0.5796    axis=(  0.584635 -0.706309 -0.399160)
     C    8    Vzz=   -0.5835    axis=( -0.196875  0.353784 -0.914373)
     C    8  Q=         1.0000 1e-30 m^2  Cq=        -1.3711 MHz  eta= 0.98632

     H    9    Vxx=   -0.1208    axis=(  0.370890  0.784982 -0.496229)
     H    9    Vyy=   -0.7361    axis=( -0.311715  0.608569  0.729711)
     H    9    Vzz=    0.8569    axis=(  0.874800 -0.115961  0.470403)
     H    9  Q=         1.0000 1e-30 m^2  Cq=         2.0134 MHz  eta= 0.71808

     C   10    Vxx=    0.1210    axis=(  0.964170  0.253110  0.079443)
     C   10    Vyy=    0.3808    axis=(  0.166503 -0.810513  0.561556)
     C   10    Vzz=   -0.5017    axis=(  0.206524 -0.528208 -0.823616)
     C   10  Q=         1.0000 1e-30 m^2  Cq=        -1.1789 MHz  eta= 0.51783

     C   11    Vxx=    0.1740    axis=( -0.819959  0.189520  0.540138)
     C   11    Vyy=    0.3698    axis=( -0.369401 -0.896013 -0.246383)
     C   11    Vzz=   -0.5438    axis=(  0.437276 -0.401551  0.804703)
     C   11  Q=         1.0000 1e-30 m^2  Cq=        -1.2778 MHz  eta= 0.36006

     Cl  12    Vxx=   -0.1886    axis=(  0.610055 -0.755200  0.239804)
     Cl  12    Vyy=   -0.4722    axis=(  0.178880  0.426098  0.886816)
     Cl  12    Vzz=    0.6608    axis=( -0.771904 -0.498110  0.395033)
     Cl  12  Q=        -8.1650 1e-30 m^2  Cq=       -12.6776 MHz  eta= 0.42921

     H   13    Vxx=   -0.0413    axis=(  0.630315 -0.403741  0.663096)
     H   13    Vyy=   -0.3792    axis=( -0.739036 -0.050466  0.671773)
     H   13    Vzz=    0.4205    axis=(  0.237759  0.913480  0.330189)
     H   13  Q=         1.0000 1e-30 m^2  Cq=         0.9880 MHz  eta= 0.80344

     C   14    Vxx=    0.1384    axis=(  0.290859 -0.380330  0.877924)
     C   14    Vyy=    0.4451    axis=( -0.702735  0.537776  0.465791)
     C   14    Vzz=   -0.5835    axis=( -0.649280 -0.752427 -0.110854)
     C   14  Q=         1.0000 1e-30 m^2  Cq=        -1.3709 MHz  eta= 0.52568

     H   15    Vxx=   -0.0460    axis=(  0.007388  0.974048 -0.226222)
     H   15    Vyy=   -0.6416    axis=( -0.411722  0.209126  0.886990)
     H   15    Vzz=    0.6876    axis=(  0.911279  0.086588  0.402582)
     H   15  Q=         1.0000 1e-30 m^2  Cq=         1.6155 MHz  eta= 0.86633

     C   16    Vxx=   -0.1002    axis=(  0.267904  0.738939 -0.618220)
     C   16    Vyy=   -0.7532    axis=( -0.956867  0.129213 -0.260212)
     C   16    Vzz=    0.8534    axis=( -0.112398  0.661266  0.741683)
     C   16  Q=         1.0000 1e-30 m^2  Cq=         2.0050 MHz  eta= 0.76519

     C   17    Vxx=    0.1108    axis=(  0.796174 -0.412719 -0.442459)
     C   17    Vyy=    0.4479    axis=(  0.523655  0.103647  0.845602)
     C   17    Vzz=   -0.5587    axis=( -0.303137 -0.904942  0.298643)
     C   17  Q=         1.0000 1e-30 m^2  Cq=        -1.3126 MHz  eta= 0.60349

     Cl  18    Vxx=   -0.2571    axis=(  0.825505 -0.500859  0.260157)
     Cl  18    Vyy=   -2.3414    axis=(  0.564313  0.724661 -0.395496)
     Cl  18    Vzz=    2.5985    axis=(  0.009562  0.473294  0.880852)
     Cl  18  Q=        -8.1650 1e-30 m^2  Cq=       -49.8517 MHz  eta= 0.80208

     H   19    Vxx=   -0.0112    axis=(  0.300568  0.374875  0.876999)
     H   19    Vyy=   -0.4107    axis=( -0.953673  0.130544  0.271045)
     H   19    Vzz=    0.4219    axis=( -0.012879 -0.917838  0.396746)
     H   19  Q=         1.0000 1e-30 m^2  Cq=         0.9913 MHz  eta= 0.94682

     C   20    Vxx=    0.2071    axis=( -0.583051  0.764879  0.273882)
     C   20    Vyy=    0.5444    axis=( -0.417699 -0.571364  0.706450)
     C   20    Vzz=   -0.7515    axis=( -0.696835 -0.297496 -0.652623)
     C   20  Q=         1.0000 1e-30 m^2  Cq=        -1.7657 MHz  eta= 0.44892

     H   21    Vxx=   -0.0763    axis=(  0.376644  0.923702  0.070094)
     H   21    Vyy=   -0.6991    axis=( -0.515705  0.146221  0.844197)
     H   21    Vzz=    0.7754    axis=(  0.769537 -0.354110  0.531431)
     H   21  Q=         1.0000 1e-30 m^2  Cq=         1.8218 MHz  eta= 0.80319

     C   22    Vxx=   -0.0511    axis=(  0.470311  0.067932  0.879882)
     C   22    Vyy=   -0.3952    axis=( -0.248120  0.966993  0.057967)
     C   22    Vzz=    0.4463    axis=( -0.846903 -0.245579  0.471643)
     C   22  Q=         1.0000 1e-30 m^2  Cq=         1.0485 MHz  eta= 0.77108

     C   23    Vxx=    0.0618    axis=( -0.548244  0.520054  0.654960)
     C   23    Vyy=    0.8328    axis=( -0.011013 -0.787568  0.616130)
     C   23    Vzz=   -0.8946    axis=( -0.836246 -0.330576 -0.437506)
     C   23  Q=         1.0000 1e-30 m^2  Cq=        -2.1020 MHz  eta= 0.86180

     Cl  24    Vxx=    0.4598    axis=(  0.604363  0.495617  0.623787)
     Cl  24    Vyy=    1.5563    axis=( -0.517507 -0.351083  0.780338)
     Cl  24    Vzz=   -2.0161    axis=( -0.605749  0.794421 -0.044304)
     Cl  24  Q=        -8.1650 1e-30 m^2  Cq=        38.6782 MHz  eta= 0.54384

     Initialization:
     gipaw_setup  :      9.14s CPU     11.10s WALL (       1 calls)

     Linear response

     Apply operators

     Induced current

     Other routines
     efg          :      9.18s CPU     11.82s WALL (       1 calls)

     General routines
     calbec       :      3.28s CPU      4.47s WALL (      16 calls)
     fft          :      1.34s CPU      1.56s WALL (      15 calls)
     ffts         :      0.05s CPU      0.06s WALL (       2 calls)
     fftw         :      3.21s CPU      3.83s WALL (     672 calls)
     davcio       :      0.04s CPU      0.32s WALL (      32 calls)

     Parallel routines
     fft_scatter  :      1.88s CPU      2.62s WALL (     689 calls)

     Plugins

     GIPAW        :     62.27s CPU     82.29s WALL (       1 calls)
