
     Program QE v.6.0 (svn rev. 13079) starts on 16Jan2017 at  3:41:41 

     This program is part of the open-source Quantum ESPRESSO suite
     for quantum simulation of materials; please cite
         "P. Giannozzi et al., J. Phys.:Condens. Matter 21 395502 (2009);
          URL http://www.quantum-espresso.org", 
     in publications or presentations arising from this work. More details at
     http://www.quantum-espresso.org/quote

     Parallel version (MPI), running on     8 processors
     R & G space division:  proc/nbgrp/npool/nimage =       8

     ***** This is GIPAW svn revision unknown      *****

     Parallelizing q-star over 1 images

     Reading data from directory:
     /users/majewski/paradichlorobenzene/pbe/9_constraint/scratch/pbe.ecut100.np8.dt60.pcl2phi-129368.save
     Message from routine read_xml_file:
     file /users/majewski/paradichlorobenzene/pbe/9_constraint/scratch/pbe.ecut100.np8.dt60.pcl2phi-129368.save not guaranteed to be safe for post-processing

   Info: using nr1, nr2, nr3 values from input

   Info: using nr1, nr2, nr3 values from input

     IMPORTANT: XC functional enforced from input :
     Exchange-correlation      =  SLA  PW   PBX  PBC ( 1  4  3  4 0 0)
     Any further DFT definition will be discarded
     Please, verify this is what you really want

               file C.pbe-n-kjpaw_psl.1.0.0.UPF: wavefunction(s)  2S 2P renormalized
               file Cl.pbe-n-kjpaw_psl.1.0.0.UPF: wavefunction(s)  3S 3P renormalized
               file H.pbe-kjpaw_psl.1.0.0.UPF: wavefunction(s)  1S renormalized

     Parallelization info
     --------------------
     sticks:   dense  smooth     PW     G-vecs:    dense   smooth      PW
     Min        3057    1223    332               144436    36536    5170
     Max        3059    1225    333               144437    36537    5171
     Sum       24467    9791   2657              1155489   292295   41363


     Subspace diagonalization in iterative solution of the eigenvalue problem:
     a serial algorithm will be used

     GIPAW projectors -----------------------------------------------
     atom=  C    l=0  rc=    1.2000  rs=    0.8000
     atom=  C    l=0  rc=    1.2000  rs=    0.8000
     atom=  C    l=1  rc=    1.4000  rs=    0.9333
     atom=  C    l=1  rc=    1.4000  rs=    0.9333
     projs nearly linearly dependent: l=1  n1,n2= 1, 2  s=  0.99951561

     atom=  Cl   l=0  rc=    1.6000  rs=    1.0667
     atom=  Cl   l=0  rc=    1.6000  rs=    1.0667
     atom=  Cl   l=1  rc=    1.6000  rs=    1.0667
     atom=  Cl   l=1  rc=    1.6000  rs=    1.0667
     atom=  Cl   l=2  rc=    1.6000  rs=    1.0667
     atom=  Cl   l=2  rc=    1.6000  rs=    1.0667
     projs nearly linearly dependent: l=2  n1,n2= 1, 2  s=  0.99993509

     atom=  H    l=0  rc=    1.0000  rs=    0.6667
     atom=  H    l=0  rc=    1.0000  rs=    0.6667
     projs nearly linearly dependent: l=0  n1,n2= 1, 2  s=  0.99968852
     -----------------------------------------------------------------

     GIPAW integrals: -------------------------------------------
     Atom  i/j   nmr_para   nmr_dia   epr_rmc  epr_para   epr_dia
       C   1 1   0.83E+03  0.17E-01  0.93E+01  0.24E+08  0.24E+03
       C   2 1   0.86E+03 -0.61E-01  0.94E+01  0.25E+08  0.25E+03
       C   2 2   0.90E+03 -0.15E+00  0.97E+01  0.26E+08  0.26E+03
       C   3 3   0.33E+01  0.34E+00  0.18E+01  0.55E+03  0.21E+02
       C   4 3   0.35E+01  0.37E+00  0.20E+01  0.59E+03  0.22E+02
       C   4 4   0.38E+01  0.39E+00  0.22E+01  0.63E+03  0.24E+02
       Cl  1 1   0.14E+04 -0.47E+00  0.84E+01  0.32E+09  0.42E+03
       Cl  2 1   0.21E+04 -0.37E+00  0.12E+02  0.49E+09  0.65E+03
       Cl  2 2   0.33E+04 -0.16E+00  0.21E+02  0.76E+09  0.10E+04
       Cl  3 3   0.21E+02  0.79E-01  0.89E+01  0.23E+05  0.13E+03
       Cl  4 3   0.24E+02  0.67E-01  0.99E+01  0.27E+05  0.15E+03
       Cl  4 4   0.28E+02  0.44E-01  0.11E+02  0.32E+05  0.18E+03
       Cl  5 5   0.77E+00  0.19E+00  0.18E+01  0.12E+03  0.22E+02
       Cl  6 5   0.80E+00  0.19E+00  0.19E+01  0.12E+03  0.23E+02
       Cl  6 6   0.83E+00  0.20E+00  0.19E+01  0.12E+03  0.23E+02
       H   1 1   0.39E+02  0.19E+00  0.29E+00  0.78E+05  0.13E+02
       H   2 1   0.41E+02  0.21E+00  0.32E+00  0.82E+05  0.14E+02
       H   2 2   0.43E+02  0.22E+00  0.36E+00  0.86E+05  0.15E+02
     ------------------------------------------------------------

     alpha_pv=     34.2309 eV

     Number of occupied bands for each k-point:
     k-point:     1    nbnd_occ=  42
     k-point:     2    nbnd_occ=  42
     k-point:     3    nbnd_occ=  42
     k-point:     4    nbnd_occ=  42
     k-point:     5    nbnd_occ=  42
     k-point:     6    nbnd_occ=  42
     k-point:     7    nbnd_occ=  42
     k-point:     8    nbnd_occ=  42
     k-point:     9    nbnd_occ=  42
     k-point:    10    nbnd_occ=  42
     k-point:    11    nbnd_occ=  42
     k-point:    12    nbnd_occ=  42
     k-point:    13    nbnd_occ=  42
     k-point:    14    nbnd_occ=  42
     k-point:    15    nbnd_occ=  42
     k-point:    16    nbnd_occ=  42


     q-space interpolation up to   110.00 Rydberg

     GIPAW job: efg                                                                             


     ELECTRIC FIELD GRADIENTS TENSORS IN Hartree/bohrradius^2:

     ----- bare term -----
     Cl   1        0.152501        0.175278        0.037479
     Cl   1        0.175278        0.120149        0.323746
     Cl   1        0.037479        0.323746       -0.272650

     C    2       -0.050975       -0.087689       -0.252920
     C    2       -0.087689        0.023059       -0.633833
     C    2       -0.252920       -0.633833        0.027917

     C    3       -0.405001        0.270557       -0.231902
     C    3        0.270557        0.128302       -0.217875
     C    3       -0.231902       -0.217875        0.276698

     H    4       -0.537949       -0.393184        0.177178
     H    4       -0.393184        0.297980        0.039446
     H    4        0.177178        0.039446        0.239969

     C    5        0.001632        0.374224        0.006578
     C    5        0.374224       -0.205443       -0.387996
     C    5        0.006578       -0.387996        0.203811

     H    6        0.145992       -0.449091       -0.172238
     H    6       -0.449091       -0.407280       -0.394652
     H    6       -0.172238       -0.394652        0.261288

     H    7        0.466188       -0.024137       -0.136427
     H    7       -0.024137       -0.447541        0.500168
     H    7       -0.136427        0.500168       -0.018647

     C    8       -0.820926       -0.331997       -0.277902
     C    8       -0.331997        0.446437        0.152497
     C    8       -0.277902        0.152497        0.374489

     H    9       -0.530162       -0.205854       -0.233660
     H    9       -0.205854        0.167670        0.269138
     H    9       -0.233660        0.269138        0.362491

     C   10        0.031625        0.059095       -0.259261
     C   10        0.059095       -0.051685        0.636732
     C   10       -0.259261        0.636732        0.020060

     C   11       -0.649274       -0.413433       -0.334781
     C   11       -0.413433        0.321901        0.210170
     C   11       -0.334781        0.210170        0.327372

     Cl  12        0.068578       -0.087963       -0.019853
     Cl  12       -0.087963       -0.070626       -0.008896
     Cl  12       -0.019853       -0.008896        0.002048

     H   13        0.223798        0.047006       -0.182334
     H   13        0.047006       -0.444070       -0.579060
     H   13       -0.182334       -0.579060        0.220272

     C   14       -0.749107        0.334843       -0.293703
     C   14        0.334843        0.330471       -0.096043
     C   14       -0.293703       -0.096043        0.418636

     H   15       -0.506751        0.171377        0.008648
     H   15        0.171377        0.166541       -0.353971
     H   15        0.008648       -0.353971        0.340210

     C   16        0.170998       -0.046862       -0.186686
     C   16       -0.046862       -0.410711       -0.613378
     C   16       -0.186686       -0.613378        0.239713

     C   17       -0.739003        0.440327       -0.368357
     C   17        0.440327        0.250831       -0.066388
     C   17       -0.368357       -0.066388        0.488172

     Cl  18        0.295852       -0.050943       -0.146130
     Cl  18       -0.050943        0.049794       -0.466617
     Cl  18       -0.146130       -0.466617       -0.345646

     H   19        0.446125        0.017828       -0.008381
     H   19        0.017828       -0.660963        0.497767
     H   19       -0.008381        0.497767        0.214838

     C   20       -0.141137        0.114003       -0.304977
     C   20        0.114003        0.069388        0.512778
     C   20       -0.304977        0.512778        0.071749

     H   21       -0.123469        0.406613       -0.334094
     H   21        0.406613       -0.253796        0.194441
     H   21       -0.334094        0.194441        0.377265

     C   22       -0.675722       -0.324809       -0.173991
     C   22       -0.324809        0.297634        0.226917
     C   22       -0.173991        0.226917        0.378088

     C   23       -0.001376        0.137860       -0.310515
     C   23        0.137860        0.053876        0.690516
     C   23       -0.310515        0.690516       -0.052500

     Cl  24       -0.283403       -0.209706       -0.010535
     Cl  24       -0.209706        0.175337        0.006764
     Cl  24       -0.010535        0.006764        0.108065

     ----- ionic term -----
     Cl   1        0.090369       -0.161254       -0.057069
     Cl   1       -0.161254        0.026466        0.055507
     Cl   1       -0.057069        0.055507       -0.116835

     C    2        0.260172       -0.075565        0.101660
     C    2       -0.075565        0.076100        0.412922
     C    2        0.101660        0.412922       -0.336272

     C    3        0.257159       -0.224898        0.061689
     C    3       -0.224898        0.106703        0.387662
     C    3        0.061689        0.387662       -0.363862

     H    4        0.968709        0.175297        0.385576
     H    4        0.175297       -0.523438        0.133366
     H    4        0.385576        0.133366       -0.445271

     C    5        0.376276       -0.170952        0.147518
     C    5       -0.170952        0.008471        0.335349
     C    5        0.147518        0.335349       -0.384747

     H    6       -0.497896        0.202389        0.140733
     H    6        0.202389        0.558635        0.772768
     H    6        0.140733        0.772768       -0.060739

     H    7       -0.514584       -0.061123        0.044667
     H    7       -0.061123        0.637600       -0.724710
     H    7        0.044667       -0.724710       -0.123016

     C    8        0.326437        0.181810        0.249090
     C    8        0.181810        0.054909       -0.309039
     C    8        0.249090       -0.309039       -0.381346

     H    9        0.788560       -0.381072        0.503315
     H    9       -0.381072       -0.367013       -0.194261
     H    9        0.503315       -0.194261       -0.421547

     C   10        0.202588        0.203044        0.160294
     C   10        0.203044        0.203679       -0.373218
     C   10        0.160294       -0.373218       -0.406267

     C   11        0.189028        0.104314        0.298495
     C   11        0.104314        0.135174       -0.410982
     C   11        0.298495       -0.410982       -0.324202

     Cl  12        0.134998        0.199503        0.008357
     Cl  12        0.199503        0.004076       -0.000626
     Cl  12        0.008357       -0.000626       -0.139075

     H   13       -0.516102        0.144173        0.066184
     H   13        0.144173        0.693763        0.710530
     H   13        0.066184        0.710530       -0.177661

     C   14        0.308830       -0.137033        0.093793
     C   14       -0.137033        0.095965        0.319230
     C   14        0.093793        0.319230       -0.404795

     H   15        0.842903        0.318258        0.472906
     H   15        0.318258       -0.428262        0.170785
     H   15        0.472906        0.170785       -0.414641

     C   16        0.182171       -0.132137        0.100572
     C   16       -0.132137        0.184509        0.402429
     C   16        0.100572        0.402429       -0.366680

     C   17        0.291194       -0.105931        0.145974
     C   17       -0.105931        0.082105        0.419696
     C   17        0.145974        0.419696       -0.373298

     Cl  18        0.115369       -0.213822       -0.064285
     Cl  18       -0.213822        0.009621        0.054083
     Cl  18       -0.064285        0.054083       -0.124990

     H   19       -0.512539       -0.064120        0.062247
     H   19       -0.064120        0.459185       -0.782473
     H   19        0.062247       -0.782473        0.053354

     C   20        0.327201        0.162155        0.296087
     C   20        0.162155       -0.014681       -0.326801
     C   20        0.296087       -0.326801       -0.312520

     H   21        0.612799       -0.295631        0.680776
     H   21       -0.295631       -0.422096       -0.249105
     H   21        0.680776       -0.249105       -0.190703

     C   22        0.170799        0.221906        0.201452
     C   22        0.221906        0.158174       -0.386648
     C   22        0.201452       -0.386648       -0.328973

     C   23        0.215004        0.151082        0.282248
     C   23        0.151082        0.128987       -0.384585
     C   23        0.282248       -0.384585       -0.343992

     Cl  24        0.127893        0.198832        0.028588
     Cl  24        0.198832        0.030675        0.003423
     Cl  24        0.028588        0.003423       -0.158568

     ----- GIPAW term -----
     Cl   1       -0.346518       -0.274498       -0.327161
     Cl   1       -0.274498       -0.410409       -0.641152
     Cl   1       -0.327161       -0.641152        0.756928

     C    2       -0.061691       -0.043086       -0.048223
     C    2       -0.043086        0.123215       -0.197772
     C    2       -0.048223       -0.197772       -0.061524

     C    3       -0.098002        0.127947       -0.088610
     C    3        0.127947        0.140910       -0.099249
     C    3       -0.088610       -0.099249       -0.042909

     H    4       -0.000000        0.000000        0.000000
     H    4        0.000000        0.000000        0.000000
     H    4        0.000000        0.000000        0.000000

     C    5       -0.008088        0.199605        0.049562
     C    5        0.199605        0.117886       -0.020564
     C    5        0.049562       -0.020564       -0.109798

     H    6       -0.000000        0.000000        0.000000
     H    6        0.000000        0.000000        0.000000
     H    6        0.000000        0.000000        0.000000

     H    7       -0.000000        0.000000        0.000000
     H    7        0.000000        0.000000        0.000000
     H    7        0.000000        0.000000        0.000000

     C    8       -0.209959        0.064484       -0.014021
     C    8        0.064484        0.302766        0.002849
     C    8       -0.014021        0.002849       -0.092806

     H    9       -0.000000        0.000000        0.000000
     H    9        0.000000        0.000000        0.000000
     H    9        0.000000        0.000000        0.000000

     C   10       -0.106553        0.115590       -0.039271
     C   10        0.115590        0.258946        0.062552
     C   10       -0.039271        0.062552       -0.152393

     C   11       -0.166634        0.017652       -0.037424
     C   11        0.017652        0.296531        0.045713
     C   11       -0.037424        0.045713       -0.129898

     Cl  12       -0.141580        1.260541       -0.096293
     Cl  12        1.260541        2.491240       -0.122568
     Cl  12       -0.096293       -0.122568       -2.349660

     H   13       -0.000000        0.000000        0.000000
     H   13        0.000000        0.000000        0.000000
     H   13        0.000000        0.000000        0.000000

     C   14       -0.127568       -0.136253       -0.038998
     C   14       -0.136253        0.221060        0.061574
     C   14       -0.038998        0.061574       -0.093492

     H   15       -0.000000        0.000000        0.000000
     H   15        0.000000        0.000000        0.000000
     H   15        0.000000        0.000000        0.000000

     C   16       -0.073026       -0.070792       -0.032915
     C   16       -0.070792        0.091357        0.101742
     C   16       -0.032915        0.101742       -0.018330

     C   17       -0.090668        0.072008        0.018039
     C   17        0.072008        0.090702        0.104026
     C   17        0.018039        0.104026       -0.000035

     Cl  18        0.181744       -0.540800        0.146786
     Cl  18       -0.540800       -0.025473        0.341030
     Cl  18        0.146786        0.341030       -0.156271

     H   19       -0.000000        0.000000        0.000000
     H   19        0.000000        0.000000        0.000000
     H   19        0.000000        0.000000        0.000000

     C   20       -0.102309        0.076131       -0.026584
     C   20        0.076131        0.243739        0.142654
     C   20       -0.026584        0.142654       -0.141430

     H   21       -0.000000        0.000000        0.000000
     H   21        0.000000        0.000000        0.000000
     H   21        0.000000        0.000000        0.000000

     C   22       -0.221958        0.003708       -0.019952
     C   22        0.003708        0.297443        0.065722
     C   22       -0.019952        0.065722       -0.075485

     C   23       -0.063741        0.092577       -0.039627
     C   23        0.092577        0.239618        0.134224
     C   23       -0.039627        0.134224       -0.175876

     Cl  24       -0.280873        1.766341       -0.135881
     Cl  24        1.766341        1.851904       -0.045181
     Cl  24       -0.135881       -0.045181       -1.571031

     ----- total EFG -----
     Cl   1       -0.103648       -0.260474       -0.346750
     Cl   1       -0.260474       -0.263794       -0.261899
     Cl   1       -0.346750       -0.261899        0.367442

     C    2        0.147505       -0.206341       -0.199483
     C    2       -0.206341        0.222374       -0.418684
     C    2       -0.199483       -0.418684       -0.369879

     C    3       -0.245844        0.173606       -0.258823
     C    3        0.173606        0.375916        0.070539
     C    3       -0.258823        0.070539       -0.130072

     H    4        0.430760       -0.217888        0.562754
     H    4       -0.217888       -0.225458        0.172812
     H    4        0.562754        0.172812       -0.205302

     C    5        0.369819        0.402877        0.203657
     C    5        0.402877       -0.079086       -0.073210
     C    5        0.203657       -0.073210       -0.290733

     H    6       -0.351904       -0.246702       -0.031505
     H    6       -0.246702        0.151355        0.378117
     H    6       -0.031505        0.378117        0.200549

     H    7       -0.048396       -0.085260       -0.091760
     H    7       -0.085260        0.190059       -0.224542
     H    7       -0.091760       -0.224542       -0.141663

     C    8       -0.704449       -0.085703       -0.042834
     C    8       -0.085703        0.804111       -0.153693
     C    8       -0.042834       -0.153693       -0.099662

     H    9        0.258399       -0.586927        0.269655
     H    9       -0.586927       -0.199343        0.074877
     H    9        0.269655        0.074877       -0.059056

     C   10        0.127660        0.377730       -0.138239
     C   10        0.377730        0.410940        0.326067
     C   10       -0.138239        0.326067       -0.538600

     C   11       -0.626879       -0.291468       -0.073710
     C   11       -0.291468        0.753607       -0.155100
     C   11       -0.073710       -0.155100       -0.126727

     Cl  12        0.061996        1.372082       -0.107790
     Cl  12        1.372082        2.424690       -0.132089
     Cl  12       -0.107790       -0.132089       -2.486686

     H   13       -0.292304        0.191179       -0.116150
     H   13        0.191179        0.249693        0.131470
     H   13       -0.116150        0.131470        0.042611

     C   14       -0.567845        0.061556       -0.238907
     C   14        0.061556        0.647496        0.284760
     C   14       -0.238907        0.284760       -0.079651

     H   15        0.336151        0.489635        0.481554
     H   15        0.489635       -0.261720       -0.183185
     H   15        0.481554       -0.183185       -0.074431

     C   16        0.280143       -0.249791       -0.119029
     C   16       -0.249791       -0.134846       -0.109207
     C   16       -0.119029       -0.109207       -0.145297

     C   17       -0.538477        0.406405       -0.204343
     C   17        0.406405        0.423638        0.457333
     C   17       -0.204343        0.457333        0.114839

     Cl  18        0.592966       -0.805565       -0.063629
     Cl  18       -0.805565        0.033941       -0.071505
     Cl  18       -0.063629       -0.071505       -0.626907

     H   19       -0.066415       -0.046292        0.053866
     H   19       -0.046292       -0.201778       -0.284706
     H   19        0.053866       -0.284706        0.268192

     C   20        0.083756        0.352289       -0.035474
     C   20        0.352289        0.298446        0.328631
     C   20       -0.035474        0.328631       -0.382201

     H   21        0.489331        0.110982        0.346682
     H   21        0.110982       -0.675892       -0.054664
     H   21        0.346682       -0.054664        0.186561

     C   22       -0.726881       -0.099195        0.007509
     C   22       -0.099195        0.753251       -0.094009
     C   22        0.007509       -0.094009       -0.026370

     C   23        0.149887        0.381518       -0.067894
     C   23        0.381518        0.422481        0.440154
     C   23       -0.067894        0.440154       -0.572368

     Cl  24       -0.436383        1.755468       -0.117828
     Cl  24        1.755468        2.057917       -0.034993
     Cl  24       -0.117828       -0.034993       -1.621534

     ----- total EFG (symmetrized) -----
     Cl   1       -0.103648       -0.260474       -0.346750
     Cl   1       -0.260474       -0.263794       -0.261899
     Cl   1       -0.346750       -0.261899        0.367442

     C    2        0.147505       -0.206341       -0.199483
     C    2       -0.206341        0.222374       -0.418684
     C    2       -0.199483       -0.418684       -0.369879

     C    3       -0.245844        0.173606       -0.258823
     C    3        0.173606        0.375916        0.070539
     C    3       -0.258823        0.070539       -0.130072

     H    4        0.430760       -0.217888        0.562754
     H    4       -0.217888       -0.225458        0.172812
     H    4        0.562754        0.172812       -0.205302

     C    5        0.369819        0.402877        0.203657
     C    5        0.402877       -0.079086       -0.073210
     C    5        0.203657       -0.073210       -0.290733

     H    6       -0.351904       -0.246702       -0.031505
     H    6       -0.246702        0.151355        0.378117
     H    6       -0.031505        0.378117        0.200549

     H    7       -0.048396       -0.085260       -0.091760
     H    7       -0.085260        0.190059       -0.224542
     H    7       -0.091760       -0.224542       -0.141663

     C    8       -0.704449       -0.085703       -0.042834
     C    8       -0.085703        0.804111       -0.153693
     C    8       -0.042834       -0.153693       -0.099662

     H    9        0.258399       -0.586927        0.269655
     H    9       -0.586927       -0.199343        0.074877
     H    9        0.269655        0.074877       -0.059056

     C   10        0.127660        0.377730       -0.138239
     C   10        0.377730        0.410940        0.326067
     C   10       -0.138239        0.326067       -0.538600

     C   11       -0.626879       -0.291468       -0.073710
     C   11       -0.291468        0.753607       -0.155100
     C   11       -0.073710       -0.155100       -0.126727

     Cl  12        0.061996        1.372082       -0.107790
     Cl  12        1.372082        2.424690       -0.132089
     Cl  12       -0.107790       -0.132089       -2.486686

     H   13       -0.292304        0.191179       -0.116150
     H   13        0.191179        0.249693        0.131470
     H   13       -0.116150        0.131470        0.042611

     C   14       -0.567845        0.061556       -0.238907
     C   14        0.061556        0.647496        0.284760
     C   14       -0.238907        0.284760       -0.079651

     H   15        0.336151        0.489635        0.481554
     H   15        0.489635       -0.261720       -0.183185
     H   15        0.481554       -0.183185       -0.074431

     C   16        0.280143       -0.249791       -0.119029
     C   16       -0.249791       -0.134846       -0.109207
     C   16       -0.119029       -0.109207       -0.145297

     C   17       -0.538477        0.406405       -0.204343
     C   17        0.406405        0.423638        0.457333
     C   17       -0.204343        0.457333        0.114839

     Cl  18        0.592966       -0.805565       -0.063629
     Cl  18       -0.805565        0.033941       -0.071505
     Cl  18       -0.063629       -0.071505       -0.626907

     H   19       -0.066415       -0.046292        0.053866
     H   19       -0.046292       -0.201778       -0.284706
     H   19        0.053866       -0.284706        0.268192

     C   20        0.083756        0.352289       -0.035474
     C   20        0.352289        0.298446        0.328631
     C   20       -0.035474        0.328631       -0.382201

     H   21        0.489331        0.110982        0.346682
     H   21        0.110982       -0.675892       -0.054664
     H   21        0.346682       -0.054664        0.186561

     C   22       -0.726881       -0.099195        0.007509
     C   22       -0.099195        0.753251       -0.094009
     C   22        0.007509       -0.094009       -0.026370

     C   23        0.149887        0.381518       -0.067894
     C   23        0.381518        0.422481        0.440154
     C   23       -0.067894        0.440154       -0.572368

     Cl  24       -0.436383        1.755468       -0.117828
     Cl  24        1.755468        2.057917       -0.034993
     Cl  24       -0.117828       -0.034993       -1.621534


     NQR/NMR SPECTROSCOPIC PARAMETERS:
     Cl   1    Vxx=    0.0649    axis=(  0.691200 -0.697731  0.188188)
     Cl   1    Vyy=    0.5686    axis=( -0.403976 -0.157136  0.901172)
     Cl   1    Vzz=   -0.6334    axis=( -0.599205 -0.698913 -0.390479)
     Cl   1  Q=        -8.1650 1e-30 m^2  Cq=        12.1520 MHz  eta= 0.79515

     C    2    Vxx=    0.2051    axis=(  0.886934  0.168210 -0.430179)
     C    2    Vyy=    0.4720    axis=(  0.337132 -0.872380  0.353971)
     C    2    Vzz=   -0.6771    axis=(  0.315738  0.458976  0.830452)
     C    2  Q=         1.0000 1e-30 m^2  Cq=        -1.5910 MHz  eta= 0.39413

     C    3    Vxx=    0.0695    axis=( -0.579437  0.143599  0.802267)
     C    3    Vyy=    0.4211    axis=( -0.249416 -0.968373 -0.006810)
     C    3    Vzz=   -0.4906    axis=(  0.775915 -0.204043  0.596927)
     C    3  Q=         1.0000 1e-30 m^2  Cq=        -1.1527 MHz  eta= 0.71673

     H    4    Vxx=   -0.0872    axis=(  0.162839 -0.860351 -0.482990)
     H    4    Vyy=   -0.6828    axis=(  0.466741  0.498458 -0.730543)
     H    4    Vzz=    0.7700    axis=(  0.869273 -0.106471  0.482730)
     H    4  Q=         1.0000 1e-30 m^2  Cq=         1.8091 MHz  eta= 0.77348

     C    5    Vxx=   -0.1497    axis=( -0.244730  0.669901 -0.700957)
     C    5    Vyy=   -0.4785    axis=( -0.437404  0.568918  0.696426)
     C    5    Vzz=    0.6281    axis=(  0.865324  0.477038  0.153785)
     C    5  Q=         1.0000 1e-30 m^2  Cq=         1.4758 MHz  eta= 0.52345

     H    6    Vxx=   -0.1164    axis=( -0.474845  0.541808 -0.693517)
     H    6    Vyy=   -0.4786    axis=( -0.855916 -0.467665  0.220675)
     H    6    Vzz=    0.5950    axis=( -0.204770  0.698379  0.685811)
     H    6  Q=         1.0000 1e-30 m^2  Cq=         1.3980 MHz  eta= 0.60866

     H    7    Vxx=    0.0036    axis=(  0.901636 -0.095638 -0.421788)
     H    7    Vyy=    0.3070    axis=(  0.104908 -0.897756  0.427818)
     H    7    Vzz=   -0.3106    axis=( -0.419579 -0.429985 -0.799416)
     H    7  Q=         1.0000 1e-30 m^2  Cq=        -0.7298 MHz  eta= 0.97699

     C    8    Vxx=   -0.1197    axis=( -0.094730  0.154811  0.983392)
     C    8    Vyy=   -0.7137    axis=(  0.994222  0.064803  0.085572)
     C    8    Vzz=    0.8335    axis=( -0.050479  0.985816 -0.160056)
     C    8  Q=         1.0000 1e-30 m^2  Cq=         1.9583 MHz  eta= 0.71269

     H    9    Vxx=   -0.0267    axis=( -0.006033  0.415053  0.909777)
     H    9    Vyy=   -0.6775    axis=(  0.567997  0.750204 -0.338487)
     H    9    Vzz=    0.7042    axis=( -0.823009  0.514709 -0.240275)
     H    9  Q=         1.0000 1e-30 m^2  Cq=         1.6546 MHz  eta= 0.92421

     C   10    Vxx=    0.0136    axis=( -0.802977  0.403095  0.439024)
     C   10    Vyy=    0.7042    axis=(  0.512745  0.842720  0.164061)
     C   10    Vzz=   -0.7179    axis=(  0.303842 -0.356844  0.883370)
     C   10  Q=         1.0000 1e-30 m^2  Cq=        -1.6867 MHz  eta= 0.96205

     C   11    Vxx=   -0.1278    axis=( -0.204328  0.103720  0.973392)
     C   11    Vyy=   -0.7047    axis=(  0.960893  0.211116  0.179208)
     C   11    Vzz=    0.8324    axis=( -0.186911  0.971942 -0.142801)
     C   11  Q=         1.0000 1e-30 m^2  Cq=         1.9559 MHz  eta= 0.69300

     Cl  12    Vxx=   -0.5663    axis=(  0.908326 -0.417670 -0.022255)
     Cl  12    Vyy=   -2.4926    axis=( -0.032640 -0.017736 -0.999310)
     Cl  12    Vzz=    3.0588    axis=(  0.416987  0.908426 -0.029743)
     Cl  12  Q=        -8.1650 1e-30 m^2  Cq=       -58.6821 MHz  eta= 0.62974

     H   13    Vxx=    0.0639    axis=( -0.404421 -0.213203  0.889375)
     H   13    Vyy=    0.3410    axis=(  0.219370  0.921447  0.320644)
     H   13    Vzz=   -0.4049    axis=( -0.887874  0.324777 -0.325882)
     H   13  Q=         1.0000 1e-30 m^2  Cq=        -0.9513 MHz  eta= 0.68428

     C   14    Vxx=   -0.0591    axis=( -0.434866 -0.303739  0.847723)
     C   14    Vyy=   -0.6869    axis=( -0.900357  0.130143 -0.415235)
     C   14    Vzz=    0.7461    axis=( -0.015798  0.943825  0.330069)
     C   14  Q=         1.0000 1e-30 m^2  Cq=         1.7529 MHz  eta= 0.84150

     H   15    Vxx=    0.0210    axis=(  0.104835  0.662222 -0.741938)
     H   15    Vyy=    0.7630    axis=( -0.847558 -0.330783 -0.415003)
     H   15    Vzz=   -0.7841    axis=( -0.520244  0.672342  0.526594)
     H   15  Q=         1.0000 1e-30 m^2  Cq=        -1.8422 MHz  eta= 0.94636

     C   16    Vxx=   -0.0456    axis=( -0.146640 -0.574846  0.805015)
     C   16    Vyy=   -0.3590    axis=(  0.387790  0.715262  0.581394)
     C   16    Vzz=    0.4047    axis=( -0.910009  0.397432  0.118034)
     C   16  Q=         1.0000 1e-30 m^2  Cq=         0.9508 MHz  eta= 0.77447

     C   17    Vxx=    0.0399    axis=( -0.525788 -0.361073  0.770177)
     C   17    Vyy=    0.7901    axis=(  0.177497  0.838931  0.514480)
     C   17    Vzz=   -0.8300    axis=( -0.831891  0.407211 -0.377011)
     C   17  Q=         1.0000 1e-30 m^2  Cq=        -1.9502 MHz  eta= 0.90377

     Cl  18    Vxx=   -0.4783    axis=(  0.485499  0.688227 -0.539105)
     Cl  18    Vyy=   -0.6879    axis=(  0.316393  0.436536  0.842219)
     Cl  18    Vzz=    1.1662    axis=( -0.814976  0.579465  0.005812)
     Cl  18  Q=        -8.1650 1e-30 m^2  Cq=       -22.3728 MHz  eta= 0.17969

     H   19    Vxx=   -0.0749    axis=(  0.987332 -0.004317 -0.158610)
     H   19    Vyy=   -0.3373    axis=(  0.071304  0.905076  0.419229)
     H   19    Vzz=    0.4122    axis=(  0.141744 -0.425228  0.893918)
     H   19  Q=         1.0000 1e-30 m^2  Cq=         0.9684 MHz  eta= 0.63672

     C   20    Vxx=   -0.0577    axis=(  0.805618 -0.369982 -0.462702)
     C   20    Vyy=   -0.5644    axis=( -0.286161  0.440845 -0.850745)
     C   20    Vzz=    0.6221    axis=(  0.518740  0.817783  0.249278)
     C   20  Q=         1.0000 1e-30 m^2  Cq=         1.4617 MHz  eta= 0.81462

     H   21    Vxx=   -0.0231    axis=( -0.529181 -0.159751  0.833335)
     H   21    Vyy=   -0.6960    axis=(  0.124495 -0.986106 -0.109981)
     H   21    Vzz=    0.7191    axis=(  0.839326  0.045547  0.541717)
     H   21  Q=         1.0000 1e-30 m^2  Cq=         1.6896 MHz  eta= 0.93573

     C   22    Vxx=   -0.0375    axis=( -0.006062  0.117299  0.993078)
     C   22    Vyy=   -0.7335    axis=( -0.997788 -0.066460  0.001760)
     C   22    Vzz=    0.7710    axis=(  0.066207 -0.990870  0.117443)
     C   22  Q=         1.0000 1e-30 m^2  Cq=         1.8116 MHz  eta= 0.90268

     C   23    Vxx=    0.0111    axis=(  0.844782 -0.375293 -0.381444)
     C   23    Vyy=    0.7743    axis=(  0.485010  0.838161  0.249502)
     C   23    Vzz=   -0.7853    axis=(  0.226075 -0.395779  0.890084)
     C   23  Q=         1.0000 1e-30 m^2  Cq=        -1.8452 MHz  eta= 0.97185

     Cl  24    Vxx=   -1.3170    axis=(  0.850998 -0.445537 -0.278027)
     Cl  24    Vyy=   -1.6488    axis=(  0.255230 -0.111809  0.960394)
     Cl  24    Vzz=    2.9657    axis=( -0.458977 -0.888254  0.018565)
     Cl  24  Q=        -8.1650 1e-30 m^2  Cq=       -56.8960 MHz  eta= 0.11188

     Initialization:
     gipaw_setup  :      9.36s CPU     11.45s WALL (       1 calls)

     Linear response

     Apply operators

     Induced current

     Other routines
     efg          :      9.27s CPU     11.73s WALL (       1 calls)

     General routines
     calbec       :      3.19s CPU      4.28s WALL (      16 calls)
     fft          :      1.54s CPU      2.09s WALL (      15 calls)
     ffts         :      0.04s CPU      0.04s WALL (       2 calls)
     fftw         :      3.35s CPU      3.98s WALL (     672 calls)
     davcio       :      0.06s CPU      0.38s WALL (      32 calls)

     Parallel routines
     fft_scatter  :      2.07s CPU      3.06s WALL (     689 calls)

     Plugins

     GIPAW        :     63.76s CPU     79.58s WALL (       1 calls)
