
     Program QE v.6.0 (svn rev. 13079) starts on 19Jan2017 at 14:56:39 

     This program is part of the open-source Quantum ESPRESSO suite
     for quantum simulation of materials; please cite
         "P. Giannozzi et al., J. Phys.:Condens. Matter 21 395502 (2009);
          URL http://www.quantum-espresso.org", 
     in publications or presentations arising from this work. More details at
     http://www.quantum-espresso.org/quote

     Parallel version (MPI), running on     8 processors
     R & G space division:  proc/nbgrp/npool/nimage =       8

     ***** This is GIPAW svn revision unknown      *****

     Parallelizing q-star over 1 images

     Reading data from directory:
     /users/majewski/paradichlorobenzene/pbe/9_constraint/scratch/pbe.ecut100.np8.dt60.pcl2phi-129368.save
     Message from routine read_xml_file:
     file /users/majewski/paradichlorobenzene/pbe/9_constraint/scratch/pbe.ecut100.np8.dt60.pcl2phi-129368.save not guaranteed to be safe for post-processing

   Info: using nr1, nr2, nr3 values from input

   Info: using nr1, nr2, nr3 values from input

     IMPORTANT: XC functional enforced from input :
     Exchange-correlation      =  SLA  PW   PBX  PBC ( 1  4  3  4 0 0)
     Any further DFT definition will be discarded
     Please, verify this is what you really want

               file C.pbe-n-kjpaw_psl.1.0.0.UPF: wavefunction(s)  2S 2P renormalized
               file Cl.pbe-n-kjpaw_psl.1.0.0.UPF: wavefunction(s)  3S 3P renormalized
               file H.pbe-kjpaw_psl.1.0.0.UPF: wavefunction(s)  1S renormalized

     Parallelization info
     --------------------
     sticks:   dense  smooth     PW     G-vecs:    dense   smooth      PW
     Min        3057    1223    332               144436    36536    5170
     Max        3059    1225    333               144437    36537    5171
     Sum       24467    9791   2657              1155489   292295   41363


     Subspace diagonalization in iterative solution of the eigenvalue problem:
     a serial algorithm will be used

     GIPAW projectors -----------------------------------------------
     atom=  C    l=0  rc=    1.2000  rs=    0.8000
     atom=  C    l=0  rc=    1.2000  rs=    0.8000
     atom=  C    l=1  rc=    1.4000  rs=    0.9333
     atom=  C    l=1  rc=    1.4000  rs=    0.9333
     projs nearly linearly dependent: l=1  n1,n2= 1, 2  s=  0.99951561

     atom=  Cl   l=0  rc=    1.6000  rs=    1.0667
     atom=  Cl   l=0  rc=    1.6000  rs=    1.0667
     atom=  Cl   l=1  rc=    1.6000  rs=    1.0667
     atom=  Cl   l=1  rc=    1.6000  rs=    1.0667
     atom=  Cl   l=2  rc=    1.6000  rs=    1.0667
     atom=  Cl   l=2  rc=    1.6000  rs=    1.0667
     projs nearly linearly dependent: l=2  n1,n2= 1, 2  s=  0.99993509

     atom=  H    l=0  rc=    1.0000  rs=    0.6667
     atom=  H    l=0  rc=    1.0000  rs=    0.6667
     projs nearly linearly dependent: l=0  n1,n2= 1, 2  s=  0.99968852
     -----------------------------------------------------------------

     GIPAW integrals: -------------------------------------------
     Atom  i/j   nmr_para   nmr_dia   epr_rmc  epr_para   epr_dia
       C   1 1   0.83E+03  0.17E-01  0.93E+01  0.24E+08  0.24E+03
       C   2 1   0.86E+03 -0.61E-01  0.94E+01  0.25E+08  0.25E+03
       C   2 2   0.90E+03 -0.15E+00  0.97E+01  0.26E+08  0.26E+03
       C   3 3   0.33E+01  0.34E+00  0.18E+01  0.55E+03  0.21E+02
       C   4 3   0.35E+01  0.37E+00  0.20E+01  0.59E+03  0.22E+02
       C   4 4   0.38E+01  0.39E+00  0.22E+01  0.63E+03  0.24E+02
       Cl  1 1   0.14E+04 -0.47E+00  0.84E+01  0.32E+09  0.42E+03
       Cl  2 1   0.21E+04 -0.37E+00  0.12E+02  0.49E+09  0.65E+03
       Cl  2 2   0.33E+04 -0.16E+00  0.21E+02  0.76E+09  0.10E+04
       Cl  3 3   0.21E+02  0.79E-01  0.89E+01  0.23E+05  0.13E+03
       Cl  4 3   0.24E+02  0.67E-01  0.99E+01  0.27E+05  0.15E+03
       Cl  4 4   0.28E+02  0.44E-01  0.11E+02  0.32E+05  0.18E+03
       Cl  5 5   0.77E+00  0.19E+00  0.18E+01  0.12E+03  0.22E+02
       Cl  6 5   0.80E+00  0.19E+00  0.19E+01  0.12E+03  0.23E+02
       Cl  6 6   0.83E+00  0.20E+00  0.19E+01  0.12E+03  0.23E+02
       H   1 1   0.39E+02  0.19E+00  0.29E+00  0.78E+05  0.13E+02
       H   2 1   0.41E+02  0.21E+00  0.32E+00  0.82E+05  0.14E+02
       H   2 2   0.43E+02  0.22E+00  0.36E+00  0.86E+05  0.15E+02
     ------------------------------------------------------------

     alpha_pv=     34.2529 eV

     Number of occupied bands for each k-point:
     k-point:     1    nbnd_occ=  42
     k-point:     2    nbnd_occ=  42
     k-point:     3    nbnd_occ=  42
     k-point:     4    nbnd_occ=  42
     k-point:     5    nbnd_occ=  42
     k-point:     6    nbnd_occ=  42
     k-point:     7    nbnd_occ=  42
     k-point:     8    nbnd_occ=  42
     k-point:     9    nbnd_occ=  42
     k-point:    10    nbnd_occ=  42
     k-point:    11    nbnd_occ=  42
     k-point:    12    nbnd_occ=  42
     k-point:    13    nbnd_occ=  42
     k-point:    14    nbnd_occ=  42
     k-point:    15    nbnd_occ=  42
     k-point:    16    nbnd_occ=  42


     q-space interpolation up to   110.00 Rydberg

     GIPAW job: efg                                                                             


     ELECTRIC FIELD GRADIENTS TENSORS IN Hartree/bohrradius^2:

     ----- bare term -----
     Cl   1        0.008761        0.035763       -0.086374
     Cl   1        0.035763       -0.002557       -0.048029
     Cl   1       -0.086374       -0.048029       -0.006204

     C    2       -0.623890        0.429506       -0.411505
     C    2        0.429506        0.356917       -0.121260
     C    2       -0.411505       -0.121260        0.266972

     C    3        0.138510        0.348031       -0.019233
     C    3        0.348031       -0.158667       -0.571564
     C    3       -0.019233       -0.571564        0.020156

     H    4       -0.070243        0.017756       -0.531316
     H    4        0.017756       -0.023392        0.119475
     H    4       -0.531316        0.119475        0.093635

     C    5       -0.750962        0.373038       -0.357818
     C    5        0.373038        0.459047       -0.130310
     C    5       -0.357818       -0.130310        0.291915

     H    6        0.511281        0.061252       -0.173590
     H    6        0.061252       -0.282077       -0.339854
     H    6       -0.173590       -0.339854       -0.229204

     H    7        0.241405        0.400482       -0.150086
     H    7        0.400482       -0.501047        0.442770
     H    7       -0.150086        0.442770        0.259642

     C    8       -0.126558       -0.299097       -0.149174
     C    8       -0.299097       -0.106159        0.408306
     C    8       -0.149174        0.408306        0.232717

     H    9       -0.463118        0.479564       -0.178223
     H    9        0.479564        0.159266        0.032463
     H    9       -0.178223        0.032463        0.303852

     C   10       -0.565565       -0.374070       -0.232591
     C   10       -0.374070        0.203746        0.363407
     C   10       -0.232591        0.363407        0.361820

     C   11       -0.037245        0.234539       -0.353527
     C   11        0.234539        0.052015        0.718190
     C   11       -0.353527        0.718190       -0.014770

     Cl  12       -0.212415       -0.259794        0.009913
     Cl  12       -0.259794        0.020349        0.074488
     Cl  12        0.009913        0.074488        0.192065

     H   13        0.371291       -0.272927       -0.172306
     H   13       -0.272927       -0.435690       -0.579973
     H   13       -0.172306       -0.579973        0.064399

     C   14       -0.068228        0.310456       -0.061902
     C   14        0.310456       -0.242639       -0.315784
     C   14       -0.061902       -0.315784        0.310868

     H   15        0.022719       -0.221866       -0.414118
     H   15       -0.221866        0.097651       -0.522563
     H   15       -0.414118       -0.522563       -0.120370

     C   16       -0.731573        0.382745       -0.342687
     C   16        0.382745        0.281733       -0.053573
     C   16       -0.342687       -0.053573        0.449840

     C   17        0.004943        0.109574       -0.194707
     C   17        0.109574       -0.024799       -0.579101
     C   17       -0.194707       -0.579101        0.019855

     Cl  18       -0.163289        0.137023        0.077136
     Cl  18        0.137023       -0.019077       -0.113536
     Cl  18        0.077136       -0.113536        0.182366

     H   19        0.506736       -0.025520       -0.126223
     H   19       -0.025520       -0.327246        0.392662
     H   19       -0.126223        0.392662       -0.179490

     C   20       -0.761549       -0.327076       -0.211248
     C   20       -0.327076        0.410332        0.220454
     C   20       -0.211248        0.220454        0.351217

     H   21       -0.327855       -0.219385       -0.434170
     H   21       -0.219385        0.002906        0.121259
     H   21       -0.434170        0.121259        0.324949

     C   22        0.026555        0.071799       -0.281714
     C   22        0.071799       -0.246460        0.492240
     C   22       -0.281714        0.492240        0.219905

     C   23       -0.805043       -0.382041       -0.349794
     C   23       -0.382041        0.257566       -0.001187
     C   23       -0.349794       -0.001187        0.547477

     Cl  24        0.133445       -0.036557        0.081239
     Cl  24       -0.036557        0.050336        0.183576
     Cl  24        0.081239        0.183576       -0.183781

     ----- ionic term -----
     Cl   1        0.140130       -0.214563        0.052064
     Cl   1       -0.214563       -0.003685       -0.023883
     Cl   1        0.052064       -0.023883       -0.136445

     C    2        0.126145       -0.229969        0.303610
     C    2       -0.229969        0.080288        0.360652
     C    2        0.303610        0.360652       -0.206433

     C    3        0.150804       -0.329757        0.180611
     C    3       -0.329757        0.150579        0.402539
     C    3        0.180611        0.402539       -0.301383

     H    4        0.591960        0.238180        0.693284
     H    4        0.238180       -0.419603        0.230520
     H    4        0.693284        0.230520       -0.172357

     C    5        0.292913       -0.238458        0.324088
     C    5       -0.238458       -0.010235        0.302868
     C    5        0.324088        0.302868       -0.282678

     H    6       -0.460262        0.205940        0.166962
     H    6        0.205940        0.523389        0.737427
     H    6        0.166962        0.737427       -0.063127

     H    7       -0.483020       -0.207937        0.125173
     H    7       -0.207937        0.645175       -0.713010
     H    7        0.125173       -0.713010       -0.162155

     C    8        0.361928        0.193815        0.145893
     C    8        0.193815        0.045363       -0.320888
     C    8        0.145893       -0.320888       -0.407291

     H    9        0.747167       -0.242265        0.620078
     H    9       -0.242265       -0.495613       -0.197294
     H    9        0.620078       -0.197294       -0.251554

     C   10        0.184368        0.227395        0.133736
     C   10        0.227395        0.170901       -0.449311
     C   10        0.133736       -0.449311       -0.355269

     C   11        0.201174        0.098519        0.246584
     C   11        0.098519        0.089854       -0.474205
     C   11        0.246584       -0.474205       -0.291028

     Cl  12        0.125446        0.181411       -0.034531
     Cl  12        0.181411        0.007982       -0.033470
     Cl  12       -0.034531       -0.033470       -0.133428

     H   13       -0.541808        0.120142        0.080486
     H   13        0.120142        0.637609        0.734950
     H   13        0.080486        0.734950       -0.095801

     C   14        0.203073       -0.246240        0.255114
     C   14       -0.246240        0.071348        0.302084
     C   14        0.255114        0.302084       -0.274421

     H   15        0.458212        0.294664        0.726596
     H   15        0.294664       -0.436202        0.290912
     H   15        0.726596        0.290912       -0.022010

     C   16        0.085215       -0.277079        0.183959
     C   16       -0.277079        0.157090        0.429575
     C   16        0.183959        0.429575       -0.242304

     C   17        0.120784       -0.242913        0.259291
     C   17       -0.242913        0.097161        0.434318
     C   17        0.259291        0.434318       -0.217945

     Cl  18        0.088225       -0.215635       -0.016372
     Cl  18       -0.215635        0.058967        0.024435
     Cl  18       -0.016372        0.024435       -0.147192

     H   19       -0.527444       -0.053016        0.042576
     H   19       -0.053016        0.596628       -0.773140
     H   19        0.042576       -0.773140       -0.069184

     C   20        0.321729        0.179185        0.192059
     C   20        0.179185       -0.029289       -0.365561
     C   20        0.192059       -0.365561       -0.292441

     H   21        0.550059       -0.182933        0.723178
     H   21       -0.182933       -0.491198       -0.189598
     H   21        0.723178       -0.189598       -0.058861

     C   22        0.189968        0.243475        0.116201
     C   22        0.243475        0.061108       -0.406546
     C   22        0.116201       -0.406546       -0.251077

     C   23        0.276620        0.194827        0.108206
     C   23        0.194827        0.042764       -0.402697
     C   23        0.108206       -0.402697       -0.319384

     Cl  24        0.131155        0.219213       -0.044052
     Cl  24        0.219213       -0.001426       -0.035822
     Cl  24       -0.044052       -0.035822       -0.129729

     ----- GIPAW term -----
     Cl   1       -0.215890       -0.938867       -0.640806
     Cl   1       -0.938867        1.585177       -1.953896
     Cl   1       -0.640806       -1.953896       -1.369288

     C    2       -0.131860        0.096972       -0.036629
     C    2        0.096972        0.277242        0.044842
     C    2       -0.036629        0.044842       -0.145383

     C    3       -0.051046        0.135005        0.009833
     C    3        0.135005        0.186063       -0.063208
     C    3        0.009833       -0.063208       -0.135017

     H    4       -0.000000        0.000000        0.000000
     H    4        0.000000        0.000000        0.000000
     H    4        0.000000        0.000000        0.000000

     C    5       -0.175731        0.106167       -0.040813
     C    5        0.106167        0.251330       -0.036445
     C    5       -0.040813       -0.036445       -0.075599

     H    6       -0.000000        0.000000        0.000000
     H    6        0.000000        0.000000        0.000000
     H    6        0.000000        0.000000        0.000000

     H    7       -0.000000        0.000000        0.000000
     H    7        0.000000        0.000000        0.000000
     H    7        0.000000        0.000000        0.000000

     C    8       -0.068932       -0.142622        0.019821
     C    8       -0.142622        0.145259        0.005088
     C    8        0.019821        0.005088       -0.076327

     H    9       -0.000000        0.000000        0.000000
     H    9        0.000000        0.000000        0.000000
     H    9        0.000000        0.000000        0.000000

     C   10       -0.211926       -0.089593       -0.061974
     C   10       -0.089593        0.248712        0.135090
     C   10       -0.061974        0.135090       -0.036786

     C   11       -0.051197        0.170978       -0.039860
     C   11        0.170978        0.227136        0.148331
     C   11       -0.039860        0.148331       -0.175939

     Cl  12       -1.144193        0.650307       -0.074912
     Cl  12        0.650307        0.697612        2.326928
     Cl  12       -0.074912        2.326928        0.446581

     H   13       -0.000000        0.000000        0.000000
     H   13        0.000000        0.000000        0.000000
     H   13        0.000000        0.000000        0.000000

     C   14       -0.088189        0.131550        0.065388
     C   14        0.131550        0.077900        0.121116
     C   14        0.065388        0.121116        0.010289

     H   15       -0.000000        0.000000        0.000000
     H   15        0.000000        0.000000        0.000000
     H   15        0.000000        0.000000        0.000000

     C   16       -0.259260        0.073581       -0.055169
     C   16        0.073581        0.216699        0.166064
     C   16       -0.055169        0.166064        0.042562

     C   17       -0.029944        0.010951       -0.005809
     C   17        0.010951        0.229425       -0.011159
     C   17       -0.005809       -0.011159       -0.199481

     Cl  18        0.540694       -1.937139        0.599589
     Cl  18       -1.937139       -0.023769       -0.928896
     Cl  18        0.599589       -0.928896       -0.516926

     H   19       -0.000000        0.000000        0.000000
     H   19        0.000000        0.000000        0.000000
     H   19        0.000000        0.000000        0.000000

     C   20       -0.201669        0.061629        0.010967
     C   20        0.061629        0.283197        0.070063
     C   20        0.010967        0.070063       -0.081528

     H   21       -0.000000        0.000000        0.000000
     H   21        0.000000        0.000000        0.000000
     H   21        0.000000        0.000000        0.000000

     C   22       -0.094319        0.134519       -0.090932
     C   22        0.134519        0.132469       -0.113696
     C   22       -0.090932       -0.113696       -0.038150

     C   23       -0.173659        0.051980       -0.072251
     C   23        0.051980        0.109604       -0.193662
     C   23       -0.072251       -0.193662        0.064055

     Cl  24       -0.401413        1.115862        0.080627
     Cl  24        1.115862       -0.583694       -1.126583
     Cl  24        0.080627       -1.126583        0.985107

     ----- total EFG -----
     Cl   1       -0.066999       -1.117667       -0.675115
     Cl   1       -1.117667        1.578935       -2.025808
     Cl   1       -0.675115       -2.025808       -1.511936

     C    2       -0.629604        0.296508       -0.144524
     C    2        0.296508        0.714448        0.284234
     C    2       -0.144524        0.284234       -0.084843

     C    3        0.238268        0.153279        0.171210
     C    3        0.153279        0.177976       -0.232233
     C    3        0.171210       -0.232233       -0.416244

     H    4        0.521717        0.255936        0.161968
     H    4        0.255936       -0.442995        0.349995
     H    4        0.161968        0.349995       -0.078722

     C    5       -0.633780        0.240747       -0.074543
     C    5        0.240747        0.700142        0.136113
     C    5       -0.074543        0.136113       -0.066362

     H    6        0.051019        0.267192       -0.006628
     H    6        0.267192        0.241311        0.397573
     H    6       -0.006628        0.397573       -0.292330

     H    7       -0.241615        0.192545       -0.024913
     H    7        0.192545        0.144129       -0.270240
     H    7       -0.024913       -0.270240        0.097487

     C    8        0.166438       -0.247904        0.016541
     C    8       -0.247904        0.084464        0.092506
     C    8        0.016541        0.092506       -0.250901

     H    9        0.284049        0.237299        0.441855
     H    9        0.237299       -0.336347       -0.164831
     H    9        0.441855       -0.164831        0.052298

     C   10       -0.593124       -0.236268       -0.160829
     C   10       -0.236268        0.623359        0.049185
     C   10       -0.160829        0.049185       -0.030235

     C   11        0.112732        0.504037       -0.146802
     C   11        0.504037        0.369005        0.392315
     C   11       -0.146802        0.392315       -0.481737

     Cl  12       -1.231161        0.571924       -0.099530
     Cl  12        0.571924        0.725943        2.367946
     Cl  12       -0.099530        2.367946        0.505218

     H   13       -0.170517       -0.152785       -0.091820
     H   13       -0.152785        0.201919        0.154976
     H   13       -0.091820        0.154976       -0.031402

     C   14        0.046656        0.195766        0.258600
     C   14        0.195766       -0.093391        0.107416
     C   14        0.258600        0.107416        0.046735

     H   15        0.480931        0.072798        0.312478
     H   15        0.072798       -0.338551       -0.231651
     H   15        0.312478       -0.231651       -0.142380

     C   16       -0.905618        0.179247       -0.213897
     C   16        0.179247        0.655521        0.542066
     C   16       -0.213897        0.542066        0.250097

     C   17        0.095784       -0.122388        0.058775
     C   17       -0.122388        0.301788       -0.155943
     C   17        0.058775       -0.155943       -0.397571

     Cl  18        0.465631       -2.015751        0.660353
     Cl  18       -2.015751        0.016121       -1.017998
     Cl  18        0.660353       -1.017998       -0.481751

     H   19       -0.020708       -0.078536       -0.083647
     H   19       -0.078536        0.269381       -0.380478
     H   19       -0.083647       -0.380478       -0.248673

     C   20       -0.641488       -0.086262       -0.008222
     C   20       -0.086262        0.664240       -0.075043
     C   20       -0.008222       -0.075043       -0.022751

     H   21        0.222204       -0.402318        0.289008
     H   21       -0.402318       -0.488292       -0.068339
     H   21        0.289008       -0.068339        0.266088

     C   22        0.122205        0.449794       -0.256445
     C   22        0.449794       -0.052883       -0.028002
     C   22       -0.256445       -0.028002       -0.069322

     C   23       -0.702083       -0.135234       -0.313839
     C   23       -0.135234        0.409934       -0.597546
     C   23       -0.313839       -0.597546        0.292149

     Cl  24       -0.136813        1.298518        0.117814
     Cl  24        1.298518       -0.534784       -0.978829
     Cl  24        0.117814       -0.978829        0.671597

     ----- total EFG (symmetrized) -----
     Cl   1       -0.066999       -1.117667       -0.675115
     Cl   1       -1.117667        1.578935       -2.025808
     Cl   1       -0.675115       -2.025808       -1.511936

     C    2       -0.629604        0.296508       -0.144524
     C    2        0.296508        0.714448        0.284234
     C    2       -0.144524        0.284234       -0.084843

     C    3        0.238268        0.153279        0.171210
     C    3        0.153279        0.177976       -0.232233
     C    3        0.171210       -0.232233       -0.416244

     H    4        0.521717        0.255936        0.161968
     H    4        0.255936       -0.442995        0.349995
     H    4        0.161968        0.349995       -0.078722

     C    5       -0.633780        0.240747       -0.074543
     C    5        0.240747        0.700142        0.136113
     C    5       -0.074543        0.136113       -0.066362

     H    6        0.051019        0.267192       -0.006628
     H    6        0.267192        0.241311        0.397573
     H    6       -0.006628        0.397573       -0.292330

     H    7       -0.241615        0.192545       -0.024913
     H    7        0.192545        0.144129       -0.270240
     H    7       -0.024913       -0.270240        0.097487

     C    8        0.166438       -0.247904        0.016541
     C    8       -0.247904        0.084464        0.092506
     C    8        0.016541        0.092506       -0.250901

     H    9        0.284049        0.237299        0.441855
     H    9        0.237299       -0.336347       -0.164831
     H    9        0.441855       -0.164831        0.052298

     C   10       -0.593124       -0.236268       -0.160829
     C   10       -0.236268        0.623359        0.049185
     C   10       -0.160829        0.049185       -0.030235

     C   11        0.112732        0.504037       -0.146802
     C   11        0.504037        0.369005        0.392315
     C   11       -0.146802        0.392315       -0.481737

     Cl  12       -1.231161        0.571924       -0.099530
     Cl  12        0.571924        0.725943        2.367946
     Cl  12       -0.099530        2.367946        0.505218

     H   13       -0.170517       -0.152785       -0.091820
     H   13       -0.152785        0.201919        0.154976
     H   13       -0.091820        0.154976       -0.031402

     C   14        0.046656        0.195766        0.258600
     C   14        0.195766       -0.093391        0.107416
     C   14        0.258600        0.107416        0.046735

     H   15        0.480931        0.072798        0.312478
     H   15        0.072798       -0.338551       -0.231651
     H   15        0.312478       -0.231651       -0.142380

     C   16       -0.905618        0.179247       -0.213897
     C   16        0.179247        0.655521        0.542066
     C   16       -0.213897        0.542066        0.250097

     C   17        0.095784       -0.122388        0.058775
     C   17       -0.122388        0.301788       -0.155943
     C   17        0.058775       -0.155943       -0.397571

     Cl  18        0.465631       -2.015751        0.660353
     Cl  18       -2.015751        0.016121       -1.017998
     Cl  18        0.660353       -1.017998       -0.481751

     H   19       -0.020708       -0.078536       -0.083647
     H   19       -0.078536        0.269381       -0.380478
     H   19       -0.083647       -0.380478       -0.248673

     C   20       -0.641488       -0.086262       -0.008222
     C   20       -0.086262        0.664240       -0.075043
     C   20       -0.008222       -0.075043       -0.022751

     H   21        0.222204       -0.402318        0.289008
     H   21       -0.402318       -0.488292       -0.068339
     H   21        0.289008       -0.068339        0.266088

     C   22        0.122205        0.449794       -0.256445
     C   22        0.449794       -0.052883       -0.028002
     C   22       -0.256445       -0.028002       -0.069322

     C   23       -0.702083       -0.135234       -0.313839
     C   23       -0.135234        0.409934       -0.597546
     C   23       -0.313839       -0.597546        0.292149

     Cl  24       -0.136813        1.298518        0.117814
     Cl  24        1.298518       -0.534784       -0.978829
     Cl  24        0.117814       -0.978829        0.671597


     NQR/NMR SPECTROSCOPIC PARAMETERS:
     Cl   1    Vxx=    0.1779    axis=(  0.893523  0.071938 -0.443217)
     Cl   1    Vyy=    2.7706    axis=(  0.259604 -0.888149  0.379207)
     Cl   1    Vzz=   -2.9485    axis=(  0.366364  0.453891  0.812257)
     Cl   1  Q=        -8.1650 1e-30 m^2  Cq=        56.5649 MHz  eta= 0.87933

     C    2    Vxx=   -0.0896    axis=( -0.351646 -0.194066  0.915797)
     C    2    Vyy=   -0.7556    axis=( -0.921463  0.244265 -0.302060)
     C    2    Vzz=    0.8452    axis=( -0.165078 -0.950091 -0.264719)
     C    2  Q=         1.0000 1e-30 m^2  Cq=         1.9858 MHz  eta= 0.78801

     C    3    Vxx=    0.1888    axis=( -0.602204  0.673370 -0.428863)
     C    3    Vyy=    0.3648    axis=(  0.754372  0.655778 -0.029624)
     C    3    Vzz=   -0.5536    axis=( -0.261291  0.341362  0.902884)
     C    3  Q=         1.0000 1e-30 m^2  Cq=        -1.3007 MHz  eta= 0.31790

     H    4    Vxx=   -0.0002    axis=(  0.440745 -0.385845 -0.810473)
     H    4    Vyy=   -0.6719    axis=( -0.121253  0.869034 -0.479663)
     H    4    Vzz=    0.6721    axis=( -0.889405 -0.309681 -0.336238)
     H    4  Q=         1.0000 1e-30 m^2  Cq=         1.5791 MHz  eta= 0.99947

     C    5    Vxx=   -0.0690    axis=( -0.178783 -0.116921  0.976917)
     C    5    Vyy=   -0.6912    axis=( -0.970667  0.183193 -0.155713)
     C    5    Vzz=    0.7602    axis=( -0.160758 -0.976099 -0.146243)
     C    5  Q=         1.0000 1e-30 m^2  Cq=         1.7861 MHz  eta= 0.81844

     H    6    Vxx=   -0.0258    axis=(  0.873235 -0.261228 -0.411365)
     H    6    Vyy=   -0.5368    axis=( -0.239207  0.505674 -0.828899)
     H    6    Vzz=    0.5626    axis=(  0.424548  0.822225  0.379084)
     H    6  Q=         1.0000 1e-30 m^2  Cq=         1.3218 MHz  eta= 0.90832

     H    7    Vxx=   -0.0893    axis=(  0.473638  0.470879  0.744271)
     H    7    Vyy=   -0.3414    axis=( -0.848323  0.471014  0.241857)
     H    7    Vzz=    0.4308    axis=( -0.236677 -0.745935  0.622547)
     H    7  Q=         1.0000 1e-30 m^2  Cq=         1.0121 MHz  eta= 0.58520

     C    8    Vxx=   -0.0868    axis=(  0.616047  0.658069  0.432932)
     C    8    Vyy=   -0.2936    axis=( -0.233131 -0.372668  0.898203)
     C    8    Vzz=    0.3803    axis=(  0.752420 -0.654265 -0.076165)
     C    8  Q=         1.0000 1e-30 m^2  Cq=         0.8936 MHz  eta= 0.54380

     H    9    Vxx=   -0.0411    axis=(  0.383698  0.665767 -0.639945)
     H    9    Vyy=   -0.5924    axis=( -0.451725  0.739734  0.498737)
     H    9    Vzz=    0.6335    axis=( -0.805432 -0.097714 -0.584578)
     H    9  Q=         1.0000 1e-30 m^2  Cq=         1.4886 MHz  eta= 0.87010

     C   10    Vxx=   -0.0042    axis=( -0.203067 -0.152259  0.967254)
     C   10    Vyy=   -0.6722    axis=( -0.959442 -0.166326 -0.227609)
     C   10    Vzz=    0.6764    axis=(  0.195535 -0.974245 -0.112308)
     C   10  Q=         1.0000 1e-30 m^2  Cq=         1.5894 MHz  eta= 0.98754

     C   11    Vxx=   -0.0307    axis=( -0.735863  0.373801  0.564605)
     C   11    Vyy=   -0.7716    axis=(  0.389284 -0.448711  0.804436)
     C   11    Vzz=    0.8023    axis=(  0.554043  0.811746  0.184675)
     C   11  Q=         1.0000 1e-30 m^2  Cq=         1.8850 MHz  eta= 0.92354

     Cl  12    Vxx=   -0.9799    axis=(  0.854211  0.301546 -0.423548)
     Cl  12    Vyy=   -2.0345    axis=( -0.513440  0.617514 -0.595865)
     Cl  12    Vzz=    3.0144    axis=( -0.081866 -0.726461 -0.682313)
     Cl  12  Q=        -8.1650 1e-30 m^2  Cq=       -57.8305 MHz  eta= 0.34985

     H   13    Vxx=   -0.1074    axis=( -0.095828 -0.483348  0.870167)
     H   13    Vyy=   -0.2336    axis=( -0.939669 -0.244474 -0.239279)
     H   13    Vzz=    0.3410    axis=(  0.328388 -0.840599 -0.430760)
     H   13  Q=         1.0000 1e-30 m^2  Cq=         0.8013 MHz  eta= 0.37028

     C   14    Vxx=   -0.1411    axis=(  0.200999  0.705254 -0.679865)
     C   14    Vyy=   -0.2586    axis=( -0.709322  0.583452  0.395532)
     C   14    Vzz=    0.3997    axis=(  0.675619  0.402741  0.617526)
     C   14  Q=         1.0000 1e-30 m^2  Cq=         0.9392 MHz  eta= 0.29377

     H   15    Vxx=   -0.0615    axis=( -0.308452 -0.656521  0.688358)
     H   15    Vyy=   -0.5497    axis=( -0.238821  0.753913  0.612029)
     H   15    Vzz=    0.6111    axis=(  0.920772 -0.024387  0.389338)
     H   15  Q=         1.0000 1e-30 m^2  Cq=         1.4359 MHz  eta= 0.79885

     C   16    Vxx=   -0.0371    axis=( -0.304554 -0.536937  0.786731)
     C   16    Vyy=   -0.9948    axis=( -0.952399  0.183421 -0.243502)
     C   16    Vzz=    1.0319    axis=( -0.013558 -0.823441 -0.567239)
     C   16  Q=         1.0000 1e-30 m^2  Cq=         2.4245 MHz  eta= 0.92818

     C   17    Vxx=    0.0391    axis=(  0.911535  0.410527 -0.023915)
     C   17    Vyy=    0.3937    axis=( -0.406348  0.890276 -0.205645)
     C   17    Vzz=   -0.4328    axis=( -0.063132  0.197170  0.978334)
     C   17  Q=         1.0000 1e-30 m^2  Cq=        -1.0169 MHz  eta= 0.81921

     Cl  18    Vxx=   -0.8206    axis=( -0.448640  0.006487  0.893689)
     Cl  18    Vyy=   -1.8821    axis=(  0.577284  0.765472  0.284245)
     Cl  18    Vzz=    2.7027    axis=( -0.682250  0.643436 -0.347166)
     Cl  18  Q=        -8.1650 1e-30 m^2  Cq=       -51.8505 MHz  eta= 0.39273

     H   19    Vxx=    0.0043    axis=(  0.969649 -0.054747 -0.238295)
     H   19    Vyy=    0.4725    axis=( -0.063025  0.885709 -0.459943)
     H   19    Vzz=   -0.4768    axis=(  0.236240  0.461001  0.855376)
     H   19  Q=         1.0000 1e-30 m^2  Cq=        -1.1204 MHz  eta= 0.98204

     C   20    Vxx=   -0.0304    axis=( -0.028045  0.103927  0.994189)
     C   20    Vyy=   -0.6474    axis=( -0.997541 -0.066813 -0.021155)
     C   20    Vzz=    0.6778    axis=(  0.064226 -0.992338  0.105545)
     C   20  Q=         1.0000 1e-30 m^2  Cq=         1.5926 MHz  eta= 0.91040

     H   21    Vxx=    0.0381    axis=( -0.541635  0.312670  0.780300)
     H   21    Vyy=    0.6354    axis=( -0.724452  0.297209 -0.621962)
     H   21    Vzz=   -0.6735    axis=( -0.426381 -0.902167  0.065535)
     H   21  Q=         1.0000 1e-30 m^2  Cq=        -1.5824 MHz  eta= 0.88687

     C   22    Vxx=   -0.0893    axis=(  0.014533  0.490074  0.871559)
     C   22    Vyy=   -0.4789    axis=(  0.652554 -0.665084  0.363093)
     C   22    Vzz=    0.5683    axis=(  0.757603  0.563463 -0.329466)
     C   22  Q=         1.0000 1e-30 m^2  Cq=         1.3352 MHz  eta= 0.68555

     C   23    Vxx=   -0.0835    axis=( -0.455882  0.632878  0.625809)
     C   23    Vyy=   -0.8757    axis=( -0.887282 -0.267848 -0.375484)
     C   23    Vzz=    0.9592    axis=( -0.070014 -0.726445  0.683648)
     C   23  Q=         1.0000 1e-30 m^2  Cq=         2.2538 MHz  eta= 0.82585

     Cl  24    Vxx=    0.4374    axis=(  0.693992  0.245476  0.676843)
     Cl  24    Vyy=    1.4820    axis=(  0.436306  0.604419 -0.666569)
     Cl  24    Vzz=   -1.9194    axis=(  0.572724 -0.757905 -0.312359)
     Cl  24  Q=        -8.1650 1e-30 m^2  Cq=        36.8235 MHz  eta= 0.54425

     Initialization:
     gipaw_setup  :      9.48s CPU     11.05s WALL (       1 calls)

     Linear response

     Apply operators

     Induced current

     Other routines
     efg          :      9.26s CPU     11.52s WALL (       1 calls)

     General routines
     calbec       :      3.26s CPU      4.17s WALL (      16 calls)
     fft          :      1.51s CPU      1.96s WALL (      15 calls)
     ffts         :      0.03s CPU      0.04s WALL (       2 calls)
     fftw         :      3.21s CPU      3.96s WALL (     672 calls)
     davcio       :      0.02s CPU      0.32s WALL (      32 calls)

     Parallel routines
     fft_scatter  :      2.14s CPU      3.16s WALL (     689 calls)

     Plugins

     GIPAW        :     62.11s CPU     72.18s WALL (       1 calls)
